t, s[1].omega / s[0].omega 
0, -8.44082575264386 
0.009999999999999995, -9.12272833413618 
0.019999999999999934, -8.279157649249711 
0.029999999999999874, -9.541469362948918 
0.04000000000000012, -9.345972800330351 
0.050000000000000405, 11.59886153644521 
0.06000000000000069, 11.580160778485098 
0.07000000000000098, -9.602664892690415 
0.08000000000000126, -8.770271201969393 
0.09000000000000155, 11.506285341374136 
0.10000000000000184, 11.477063587350617 
0.11000000000000212, 11.487306166517701 
0.12000000000000241, 11.4791648512723 
0.130000000000002, -9.420685871464524 
0.1400000000000009, -9.582325670173098 
0.1499999999999998, 11.596791694900263 
0.1599999999999987, 11.583573423493249 
0.1699999999999976, -9.499655732504099 
0.1799999999999965, -9.54060931667716 
0.1899999999999954, -8.774671562056195 
0.1999999999999943, -9.043287162931769 
0.2099999999999932, -7.849285639139522 
0.2199999999999921, -9.038170126842328 
0.229999999999991, -8.29236486922927 
0.2399999999999899, -9.489751670742873 
0.2499999999999888, -9.185232467175782 
0.2599999999999877, 11.546413156320677 
0.2699999999999866, 11.520286977267599 
0.2799999999999855, -9.54561580644932 
0.2899999999999844, -8.678546680126365 
0.2999999999999833, 11.447558197896305 
0.3099999999999822, 11.417923655110744 
0.3199999999999811, 11.443853371206464 
0.32999999999998, 11.437246234122059 
0.3399999999999789, -9.343188212138461 
0.3499999999999778, -9.532515649409712 
0.35999999999997667, 11.537790003613091 
0.36999999999997557, 11.52904290875954 
0.37999999999997447, -9.418771170371603 
0.38999999999997337, -9.479616912999218 
0.39999999999997227, -8.73138490662492 
0.40999999999997117, -9.08656468462242 
0.41999999999997006, -8.004017647929041 
0.42999999999996896, -9.086311739855121 
0.43999999999996786, -8.347999259924476 
0.44999999999996676, -9.607894635401655 
0.45999999999996566, -9.27931440568498 
0.46999999999996456, 11.664717971672221 
0.47999999999996346, 11.627175547386472 
0.48999999999996235, -9.661295405064765 
0.49999999999996125, -8.977331233622118 
0.5099999999999602, 11.560265498125082 
0.519999999999959, 11.488647203919456 
0.529999999999958, 11.553278234113787 
0.5399999999999568, 11.52491764370411 
0.5499999999999557, -9.598247174623527 
0.5599999999999546, -9.642624842685958 
0.5699999999999535, 11.662448103729647 
0.5799999999999524, 11.616723155117233 
0.5899999999999513, -9.591080410523402 
0.5999999999999502, -9.597674483746351 
0.6099999999999491, -9.056034783713319 
0.619999999999948, -9.106021990891985 
0.6299999999999469, -8.708573899395137 
0.6399999999999458, -9.099482607270726 
0.6499999999999447, -5.963296327130026 
0.6599999999999436, -9.486137049923835 
0.6699999999999425, -8.890451169322331 
0.6799999999999414, 11.548432497088601 
0.6899999999999403, 11.123664839078613 
0.6999999999999392, -9.549794811729646 
0.7099999999999381, -8.248800784244695 
0.719999999999937, 11.460025842726095 
0.7299999999999359, 11.063672057010319 
0.7399999999999348, 11.442918572846835 
0.7499999999999337, 11.373020558912526 
0.7599999999999326, -9.506452942256114 
0.7699999999999315, -9.524986625229793 
0.7799999999999304, 11.54594177615936 
0.7899999999999293, 11.480518781523056 
0.7999999999999282, -9.475332778892778 
0.8099999999999271, -9.478997885579306 
0.819999999999926, -8.977216710471456 
0.8299999999999249, -9.02428955283274 
0.8399999999999238, -8.531866436390239 
0.8499999999999227, -9.022785603575244 
0.8599999999999216, -7.278053257477914 
0.8699999999999205, -9.544264860245669 
0.8799999999999194, -8.888696976485992 
0.8899999999999183, 11.602443969828032 
0.8999999999999172, 11.408916641647192 
0.9099999999999161, -9.595543524473452 
0.919999999999915, -8.853070533880759 
0.9299999999999139, 11.496433015495862 
0.9399999999999128, 11.245359967057963 
0.9499999999999117, 11.499862967084603 
0.9599999999999106, 11.4387777422572 
0.9699999999999095, -9.56064876054101 
0.9799999999999084, -9.579330780677822 
0.9899999999999073, 11.596004954605432 
0.9999999999999062, 11.521295993866733 
1.0099999999999052, -9.52451337993272 
1.019999999999904, -9.525045982091838 
1.029999999999903, -9.093352053792826 
1.039999999999902, -9.122544942176566 
1.0499999999999008, -8.958327600495533 
1.0599999999998997, -9.121054847183311 
1.0699999999998986, -2.390879966767305 
1.0799999999998975, -9.56187472875386 
1.0899999999998964, -8.292617926994863 
1.0999999999998953, 11.623433928125753 
1.1099999999998942, 4.382651284231477 
1.119999999999893, -9.62026551290477 
1.129999999999892, 5.813374223402204 
1.1399999999998909, 11.526736739632998 
1.1499999999998898, 8.656785806323827 
1.1599999999998887, 11.513556545185356 
1.1699999999998876, 11.158334139517448 
1.1799999999998865, -9.595570736554212 
1.1899999999998854, -9.587874635006218 
1.1999999999998843, 11.621967816840222 
1.2099999999998832, 11.270888191942172 
1.219999999999882, -9.56037815839626 
1.229999999999881, -9.532713299328105 
1.2399999999998799, -9.045085618284375 
1.2499999999998788, -9.05075574100044 
1.2599999999998777, -9.00370416507756 
1.2699999999998766, -9.048125641921143 
1.2799999999998755, -6.086080450102957 
1.2899999999998744, -9.48101536739245 
1.2999999999998733, 3.544350921825174 
1.3099999999998722, 11.542645010055473 
1.319999999999871, -7.777414120105377 
1.32999999999987, -9.538137682011177 
1.3399999999998689, 9.675012133641014 
1.3499999999998678, 11.446323512082976 
1.3599999999998666, 8.43687461472751 
1.3699999999998655, 11.443591327640902 
1.3799999999998644, 11.065482923506243 
1.3899999999998633, -9.518431407700495 
1.3999999999998622, -9.511719451520792 
1.4099999999998611, 11.537784488800105 
1.41999999999986, 11.2715541814175 
1.429999999999859, -9.471345314358661 
1.4399999999998578, -9.454633309696497 
1.4499999999998567, -9.058197984837994 
1.4599999999998556, -9.067073023854604 
1.4699999999998545, -9.014190496395502 
1.4799999999998534, -9.069539740220257 
1.4899999999998523, -2.9556161637504803 
1.4999999999998512, -9.604389020143673 
1.5099999999998501, 0.46271191521552096 
1.519999999999849, 11.66449660149089 
1.529999999999848, -8.600769340825638 
1.5399999999998468, -9.655707123872105 
1.5499999999998457, 10.736289047938621 
1.5599999999998446, 11.557692671518208 
1.5699999999998435, 9.989339882440529 
1.5799999999998424, 11.554471844981203 
1.5899999999998413, 10.542588757957983 
1.5999999999998402, -9.639963985302034 
1.6099999999998391, -9.605599788535525 
1.619999999999838, 11.660445641669721 
1.629999999999837, 11.000180722716545 
1.6399999999998358, -9.600131991344833 
1.6499999999998347, -9.484758874728149 
1.6599999999998336, -9.113920104635868 
1.6699999999998325, -9.102887997115923 
1.6799999999998314, -9.097426262887463 
1.6899999999998303, -9.104217029189256 
1.6999999999998292, -9.40060576891911 
1.709999999999828, -9.493184400507783 
1.719999999999827, 10.912460712948118 
1.729999999999826, 11.55845635728993 
1.7399999999998248, -9.509621584310079 
1.7499999999998237, -9.555758933590962 
1.7599999999998226, 10.513886888143048 
1.7699999999998215, 11.470021754182241 
1.7799999999998204, 10.662235341317162 
1.7899999999998193, 11.452605249444042 
1.7999999999998182, 10.729391007461995 
1.809999999999817, -9.538695007715074 
1.819999999999816, -9.445929610391971 
1.8299999999998149, 11.557361400952018 
1.8399999999998138, 10.966665339605544 
1.8499999999998127, -9.497844990908996 
1.8599999999998116, -9.300138187033413 
1.8699999999998105, -9.017021982357209 
1.8799999999998094, -9.003942060121675 
1.8899999999998083, -9.00353774521172 
1.8999999999998072, -9.010913285119605 
1.909999999999806, -9.319501475618905 
1.919999999999805, -9.524151156709351 
1.9299999999998039, 11.00186420031397 
1.9399999999998028, 11.585164783204558 
1.9499999999998017, -9.4981663598181 
1.9599999999998006, -9.574352412423474 
1.9699999999997995, 10.698614901172975 
1.9799999999997984, 11.479635916943733 
1.9899999999997973, 10.726653868632052 
1.9999999999997962, 11.485630312744757 
2.0099999999998173, 10.652943412355889 
2.0199999999998384, -9.566387693466515 
2.0299999999998595, -9.493266905466516 
2.0399999999998806, 11.578725531848118 
2.0499999999999017, 10.978335033145386 
2.059999999999923, -9.515430467475237 
2.069999999999944, -9.348733932135724 
2.079999999999965, -9.11645583558184 
2.089999999999986, -9.098834081389759 
2.100000000000007, -9.107939987667738 
2.1100000000000283, -9.109106879078023 
2.1200000000000494, -9.516882675899291 
2.1300000000000705, -9.579503531252426 
2.1400000000000916, 11.0164511341812 
2.1500000000001127, 11.643080778309132 
2.160000000000134, -9.615032814457688 
2.170000000000155, -9.632946081624443 
2.180000000000176, 10.749177634097817 
2.190000000000197, 11.542593081707645 
2.2000000000002182, 9.18983154664166 
2.2100000000002393, 11.53255138197568 
2.2200000000002604, 10.285800950607008 
2.2300000000002815, -9.62296539447472 
2.2400000000003026, -7.70163213617923 
2.2500000000003237, 11.640908995302075 
2.260000000000345, -2.62148365319542 
2.270000000000366, -9.58363261746536 
2.280000000000387, -2.6273024193929464 
2.290000000000408, -9.07202379082127 
2.3000000000004293, -9.001222556078407 
2.3100000000004504, -9.06206070341851 
2.3200000000004715, -9.046268029117737 
2.3300000000004926, -9.460244668229873 
2.3400000000005137, -9.470095136116003 
2.3500000000005348, 11.305762781965477 
2.360000000000556, 11.53724391267587 
2.370000000000577, -9.525990501993634 
2.380000000000598, -9.52571769404097 
2.390000000000619, 11.128007801848877 
2.4000000000006403, 11.443743728667162 
2.4100000000006614, 8.423305838142742 
2.4200000000006825, 11.437855059408331 
2.4300000000007036, 9.12104692279365 
2.4400000000007247, -9.522048383118989 
2.450000000000746, -7.220552500785507 
2.460000000000767, 11.53404300912484 
2.470000000000788, 2.250447846172804 
2.480000000000809, -9.473561962301437 
2.49000000000083, -5.891871341655795 
2.5000000000008513, -9.056308938131071 
2.5100000000008724, -9.001688972564276 
2.5200000000008935, -9.05177529234303 
2.5300000000009146, -9.039936682407077 
2.5400000000009357, -9.565733268775462 
2.550000000000957, -9.587623492954737 
2.560000000000978, 11.338019893101315 
2.570000000000999, 11.651134241390276 
2.58000000000102, -9.633550975147525 
2.5900000000010412, -9.633007621097521 
2.6000000000010624, 11.295670209470265 
2.6100000000010835, 11.543200174764568 
2.6200000000011046, 9.567233490280152 
2.6300000000011257, 11.543146753820336 
2.6400000000011468, -1.0178578956523654 
2.650000000001168, -9.63219752744143 
2.660000000001189, 9.927052136002743 
2.67000000000121, 11.645893187181589 
2.680000000001231, -8.943988264963442 
2.6900000000012523, -9.587902567090731 
2.7000000000012734, -4.675181644511886 
2.7100000000012945, -9.126395072971565 
2.7200000000013156, -8.794876213113557 
2.7300000000013367, -9.118434523062835 
2.740000000001358, -9.067822265225466 
2.750000000001379, -9.505620430059484 
2.7600000000014, -9.493503374283097 
2.770000000001421, 11.525439491636845 
2.780000000001442, 11.56986495510289 
2.7900000000014633, -9.571712651146012 
2.8000000000014844, -9.537874252365151 
2.8100000000015055, 11.442727350615467 
2.8200000000015266, 11.479616383975415 
2.8300000000015477, 11.306822215904871 
2.840000000001569, 11.463581739455616 
2.85000000000159, -8.957299353675259 
2.860000000001611, -9.554967352670527 
2.870000000001632, 11.421284896447155 
2.8800000000016532, 11.56969119639151 
2.8900000000016743, -8.853988132235525 
2.9000000000016954, -9.514130864698487 
2.9100000000017165, -7.583443703230375 
2.9200000000017377, -9.022111237918358 
2.9300000000017588, -8.450268303939408 
2.94000000000178, -9.016497864366425 
2.950000000001801, -8.96132882844798 
2.960000000001822, -9.501630728187251 
2.970000000001843, -9.493043819611326 
2.9800000000018643, 11.507548128738943 
2.9900000000018854, 11.564077326317376 
3.0000000000019065, -9.556992142972081 
3.0100000000019276, -9.530766791488436 
3.0200000000019487, 11.405504596313232 
3.03000000000197, 11.459834099484336 
3.040000000001991, 11.178308818874468 
3.050000000002012, 11.4672540466805 
3.060000000002033, -8.678268086299362 
3.070000000002054, -9.55145933362447 
3.0800000000020753, 11.28781337180698 
3.0900000000020964, 11.558475055643205 
3.1000000000021175, -8.893815521615833 
3.1100000000021386, -9.498070993873236 
3.1200000000021597, -7.288910353414164 
3.130000000002181, -9.109651299576402 
3.140000000002202, -8.477563701309688 
3.150000000002223, -9.107718610175885 
3.160000000002244, -9.035833575826242 
3.1700000000022652, -9.598631341913393 
3.1800000000022863, -9.582276751297062 
3.1900000000023074, 11.629872892062222 
3.2000000000023285, 11.658404570279671 
3.2100000000023496, -9.6564758270605 
3.2200000000023707, -9.590064894490649 
3.230000000002392, 11.539091210645003 
3.240000000002413, 11.552750131075138 
3.250000000002434, 11.502560799164145 
3.260000000002455, 11.547056142255139 
3.2700000000024763, -8.860159388381915 
3.2800000000024974, -9.642211481429538 
3.2900000000025185, 11.632881571916842 
3.3000000000025396, 11.654447334555098 
3.3100000000025607, -9.347265280410875 
3.3200000000025818, -9.601848761667243 
3.330000000002603, -8.282595280470701 
3.340000000002624, -9.08779042573271 
3.350000000002645, -8.225023473679085 
3.360000000002666, -9.079748022845077 
3.3700000000026873, -8.599769658610645 
3.3800000000027084, -9.473752945547684 
3.3900000000027295, -9.394400890322403 
3.4000000000027506, 11.526750032608199 
3.4100000000027717, 11.525356173521425 
3.420000000002793, -9.536465411800473 
3.430000000002814, -9.290478720092514 
3.440000000002835, 11.436934102896915 
3.450000000002856, 11.433659432027053 
3.460000000002877, 11.410243070622316 
3.4700000000028983, 11.42847591410151 
3.4800000000029194, -8.671317007083719 
3.4900000000029405, -9.519469597723617 
3.5000000000029616, 11.510100699839514 
3.5100000000029827, 11.527021520955874 
3.520000000003004, -9.181572721859853 
3.530000000003025, -9.472460881890417 
3.540000000003046, -8.277050748957862 
3.550000000003067, -9.041142345097095 
3.5600000000030882, -7.939078698631934 
3.5700000000031094, -9.039147004417298 
3.5800000000031305, -8.742503360158679 
3.5900000000031516, -9.57703992459255 
3.6000000000031727, -9.531161411188304 
3.6100000000031938, 11.62383451253225 
3.620000000003215, 11.628649406958017 
3.630000000003236, -9.62954695765198 
3.640000000003257, -9.42095756580435 
3.650000000003278, 11.520367274558206 
3.6600000000032993, 11.517435395276166 
3.6700000000033204, 11.510414984142617 
3.6800000000033415, 11.52432980460263 
3.6900000000033626, -8.9505058146816 
3.7000000000033837, -9.61760832698721 
3.710000000003405, 11.61872042076217 
3.720000000003426, 11.622312563703204 
3.730000000003447, -9.454235302873354 
3.740000000003468, -9.56997936639559 
3.750000000003489, -8.490757995907144 
3.7600000000035103, -9.131410993014352 
3.7700000000035314, -8.374705363395844 
3.7800000000035525, -9.125978245112643 
3.7900000000035736, -8.294244137603263 
3.8000000000035947, -9.528152643689626 
3.810000000003616, -9.25714180221919 
3.820000000003637, 11.586879904406317 
3.830000000003658, 11.561603640949432 
3.840000000003679, -9.591067314970847 
3.8500000000037002, -8.74288961521351 
3.8600000000037213, 11.496677437447977 
3.8700000000037424, 11.45996286563275 
3.8800000000037635, 11.475648623617927 
3.8900000000037847, 11.464259327346607 
3.9000000000038058, -9.439016502678061 
3.910000000003827, -9.569336327259503 
3.920000000003848, 11.58493456491916 
3.930000000003869, 11.569404680159739 
3.94000000000389, -9.491607600971887 
3.9500000000039113, -9.5280561574768 
3.9600000000039324, -8.78149452532579 
3.9700000000039535, -9.027009143355773 
3.9800000000039746, -7.7904202182293645 
3.9900000000039957, -9.022367871652841 
4.000000000004016, -8.274768093834169 
4.010000000003993, -9.493166280042455 
4.02000000000397, -9.20486707885644 
4.030000000003946, 11.549197818261252 
4.040000000003923, 11.524217394901019 
4.0500000000039, -9.54729235985779 
4.0600000000038765, -8.678598809873884 
4.070000000003853, 11.447941550894562 
4.08000000000383, 11.419591195121715 
4.090000000003807, 11.447514052552732 
4.100000000003783, 11.441501938317447 
4.11000000000376, -9.340514339348582 
4.120000000003737, -9.535749697486846 
4.130000000003713, 11.539886956706734 
4.14000000000369, 11.531402625745143 
4.150000000003667, -9.419465677714411 
4.1600000000036434, -9.48128316256569 
4.17000000000362, -8.74878194828409 
4.180000000003597, -9.097503732212665 
4.1900000000035735, -7.971063488991274 
4.20000000000355, -9.097647153909175 
4.210000000003527, -8.380286141909348 
4.220000000003504, -9.619056361191396 
4.23000000000348, -9.256014716650787 
4.240000000003457, 11.67623808189455 
4.250000000003434, 11.633360178381398 
4.26000000000341, -9.67274499783532 
4.270000000003387, -9.039787743302295 
4.280000000003364, 11.57190810463861 
4.2900000000033405, 11.484130849083614 
4.300000000003317, 11.563504018221343 
4.310000000003294, 11.529118199847435 
4.320000000003271, -9.61768682195245 
4.330000000003247, -9.652844346320745 
4.340000000003224, 11.674716575036964 
4.350000000003201, 11.617895941972012 
4.360000000003177, -9.60611709020076 
4.370000000003154, -9.608673555218875 
4.380000000003131, -9.055524504088318 
4.390000000003107, -9.096098388060549 
4.400000000003084, -8.799804397539882 
4.410000000003061, -9.08914939518333 
4.4200000000030375, -4.927288605973276 
4.430000000003014, -9.473408426323676 
4.440000000002991, -8.859374673536859 
4.450000000002968, 11.535816260546044 
4.460000000002944, 10.974579306980335 
4.470000000002921, -9.537082457459409 
4.480000000002898, -7.91795525496091 
4.490000000002874, 11.447724139723459 
4.500000000002851, 11.006462749760667 
4.510000000002828, 11.431790918882708 
4.520000000002804, 11.359669707430152 
4.530000000002781, -9.494666575967795 
4.540000000002758, -9.512780532200512 
4.5500000000027345, 11.532794453758688 
4.560000000002711, 11.468568763832414 
4.570000000002688, -9.46132622942157 
4.580000000002665, -9.465637596449648 
4.590000000002641, -8.97677636632507 
4.600000000002618, -9.025044516079443 
4.610000000002595, -8.51256666622465 
4.620000000002571, -9.024354021377022 
4.630000000002548, -7.344369322681844 
4.640000000002525, -9.56811012626556 
4.6500000000025015, -8.910675314904863 
4.660000000002478, 11.626125244508032 
4.670000000002455, 11.42294923579675 
4.6800000000024315, -9.618643827594495 
4.690000000002408, -8.784040635994737 
4.700000000002385, 11.518544281037347 
4.710000000002362, 11.208866460764606 
4.720000000002338, 11.521291964238046 
4.730000000002315, 11.447840407534663 
4.740000000002292, -9.587088245536137 
4.750000000002268, -9.600976935110797 
4.760000000002245, 11.620116686872299 
4.770000000002222, 11.522699223383357 
4.7800000000021985, -9.55119367626449 
4.790000000002175, -9.547182748279504 
4.800000000002152, -9.109507030390738 
4.810000000002129, -9.130651288100726 
4.820000000002105, -9.023143064545735 
4.830000000002082, -9.128009114755493 
4.840000000002059, -2.791198631106401 
4.850000000002035, -9.542257267162528 
4.860000000002012, -5.542983152611588 
4.870000000001989, 11.604869515083912 
4.880000000001965, -4.676956566873751 
4.890000000001942, -9.603235371701084 
4.900000000001919, 9.131978749085079 
4.9100000000018955, 11.512065970350763 
4.920000000001872, 8.439454594637537 
4.930000000001849, 11.495231582442683 
4.940000000001826, 11.006442884720084 
4.950000000001802, -9.578328281131252 
4.960000000001779, -9.567284451726858 
4.970000000001756, 11.604081913712989 
4.980000000001732, 11.200007846842466 
4.990000000001709, -9.542983835128807 
5.000000000001686, -9.512153055287373 
5.0100000000016625, -9.021400247252611 
5.020000000001639, -9.026522975794409 
5.030000000001616, -8.979857751144474 
5.0400000000015925, -9.024683936431883 
5.050000000001569, -5.11176166234416 
5.060000000001546, -9.482952203151871 
5.070000000001523, 0.5291555099814655 
5.080000000001499, 11.543693045307968 
5.090000000001476, -6.861296103167204 
5.100000000001453, -9.537438028958542 
5.110000000001429, 8.97924514505486 
5.120000000001406, 11.443832599182837 
5.130000000001383, 8.518341608942375 
5.1400000000013595, 11.446589702936134 
5.150000000001336, 11.130969340562768 
5.160000000001313, -9.519427160340467 
5.17000000000129, -9.514562259013008 
5.180000000001266, 11.537677156570087 
5.190000000001243, 11.301563978907218 
5.20000000000122, -9.469894378234946 
5.210000000001196, -9.455357494476454 
5.220000000001173, -9.073652148134418 
5.23000000000115, -9.083338099136316 
5.240000000001126, -9.029874107400964 
5.250000000001103, -9.086502752426748 
5.26000000000108, -2.955000450646181 
5.2700000000010565, -9.628585321987263 
5.280000000001033, 1.9890916739034084 
5.29000000000101, 11.68883068612725 
5.300000000000987, -8.92096145898895 
5.310000000000963, -9.679995280572166 
5.32000000000094, 10.886960074423394 
5.330000000000917, 11.581650794991992 
5.340000000000893, 10.408589268884203 
5.35000000000087, 11.575757731433017 
5.360000000000847, 10.533714991820995 
5.3700000000008234, -9.664076658292744 
5.3800000000008, -9.614771611646692 
5.390000000000777, 11.685746846551078 
5.4000000000007535, 11.079363551188404 
5.41000000000073, -9.626977978748943 
5.420000000000707, -9.400614124183267 
5.430000000000684, -9.101505251540585 
5.44000000000066, -9.085939677707206 
5.450000000000637, -9.085327188574967 
5.460000000000614, -9.088473705242727 
5.47000000000059, -9.404860162404105 
5.480000000000567, -9.469698225608132 
5.490000000000544, 10.870736481983805 
5.5000000000005205, 11.535473143375116 
5.510000000000497, -9.495715460744924 
5.520000000000474, -9.532979888464416 
5.5300000000004506, 10.443930579214388 
5.540000000000427, 11.448521967008263 
5.550000000000404, 10.613745151909358 
5.560000000000381, 11.431892450347217 
5.570000000000357, 10.7137432956913 
5.580000000000334, -9.516535691664911 
5.590000000000311, -9.426760790346203 
5.600000000000287, 11.53393509074164 
5.610000000000264, 10.936337254118504 
5.620000000000241, -9.473638616790474 
5.6300000000002175, -9.313661920374205 
5.640000000000194, -9.014092605906164 
5.650000000000171, -9.00226177958809 
5.660000000000148, -9.001176542409226 
5.670000000000124, -9.009867092773675 
5.680000000000101, -9.27344223289728 
5.690000000000078, -9.560499120305312 
5.700000000000054, 11.0419656701085 
5.710000000000031, 11.621009419913033 
5.720000000000008, -9.530551049658044 
5.729999999999984, -9.609105818435891 
5.739999999999961, 10.711739555762756 
5.749999999999938, 11.512528989362586 
5.7599999999999145, 10.761074819520044 
5.769999999999891, 11.517833854651963 
5.779999999999868, 10.776136690847562 
5.789999999999845, -9.600920134832245 
5.799999999999821, -9.495386653137224 
5.809999999999798, 11.61449969253108 
5.819999999999775, 11.007624225253558 
5.829999999999751, -9.552550995040056 
5.839999999999728, -9.192486457084442 
5.849999999999705, -9.133988278390833 
5.8599999999996815, -9.107712371354042 
5.869999999999658, -9.125067809187382 
5.879999999999635, -9.120882817054454 
5.8899999999996115, -9.516450586468775 
5.899999999999588, -9.546828733789443 
5.909999999999565, 11.162209482033322 
5.919999999999542, 11.612528993919017 
5.929999999999518, -9.59596503161816 
5.939999999999495, -9.60367748089455 
5.949999999999472, 11.038408734415587 
5.959999999999448, 11.51822073963056 
5.969999999999425, 8.569701473707317 
5.979999999999402, 11.502736675837484 
5.9899999999993785, 9.068892269208932 
5.999999999999355, -9.59348392888997 
6.009999999999332, -5.4488898415578095 
6.019999999999309, 11.611739865015142 
6.029999999999285, -5.233779053092442 
6.039999999999262, -9.554914575675483 
6.049999999999239, -2.2491786580627084 
6.059999999999215, -9.035154028596754 
6.069999999999192, -8.966900282997004 
6.079999999999169, -9.025981298623254 
6.089999999999145, -9.011905990921239 
6.099999999999122, -9.457197610669796 
6.109999999999099, -9.472000331221457 
6.1199999999990755, 11.235014412095277 
6.129999999999052, 11.537163896641939 
6.139999999999029, -9.520179070860575 
6.149999999999006, -9.524033872247937 
6.159999999998982, 10.970865916866058 
6.169999999998959, 11.438142895655952 
6.179999999998936, 8.509112817224757 
6.189999999998912, 11.441217336416525 
6.199999999998889, 10.236667871929466 
6.209999999998866, -9.522770253607545 
6.2199999999988425, -8.54894312507535 
6.229999999998819, 11.5320879118534 
6.239999999998796, 7.5694938315129985 
6.2499999999987725, -9.469715931526817 
6.259999999998749, -7.598317403562457 
6.269999999998726, -9.08253359449414 
6.279999999998703, -9.034963006526556 
6.289999999998679, -9.079329872828087 
6.299999999998656, -9.068565581410741 
6.309999999998633, -9.606542688514528 
6.319999999998609, -9.630215710654117 
6.329999999998586, 11.391105284842443 
6.339999999998563, 11.693754667619391 
6.3499999999985395, -9.67753435198384 
6.359999999998516, -9.674548727835084 
6.369999999998493, 11.403471681666439 
6.37999999999847, 11.584834379878043 
6.389999999998446, 10.516417650597552 
6.399999999998423, 11.580132887034752 
6.4099999999984, -6.91047528030442 
6.419999999998376, -9.673165592934582 
6.429999999998353, 11.269996281782614 
6.43999999999833, 11.68960132627738 
6.449999999998306, -9.022706983565927 
6.459999999998283, -9.633991009235064 
6.46999999999826, -7.468850040629834 
6.4799999999982365, -9.107760422480897 
6.489999999998213, -8.384591813005168 
6.49999999999819, -9.097748725768646 
6.509999999998167, -9.022710281692756 
6.519999999998143, -9.46764290407706 
6.52999999999812, -9.44882609858521 
6.539999999998097, 11.498763396993922 
6.549999999998073, 11.530155792913305 
6.55999999999805, -9.53456873964134 
6.569999999998027, -9.492845412090345 
6.5799999999980034, 11.413082251447934 
6.58999999999798, 11.443472121467568 
6.599999999997957, 11.288289202665023 
6.6099999999979335, 11.427715632229413 
6.61999999999791, -8.919762032062792 
6.629999999997887, -9.51704844163313 
6.639999999997864, 11.360052878274814 
6.64999999999784, 11.530191556888852 
6.659999999997817, -8.836180120075216 
6.669999999997794, -9.473589943549694 
6.67999999999777, -6.9640913230510195 
6.689999999997747, -9.01334396221791 
6.699999999997724, -8.601025505623893 
6.7099999999977005, -9.009570977577393 
6.719999999997677, -8.963924034097094 
6.729999999997654, -9.553170590365855 
6.7399999999976306, -9.549032095877992 
6.749999999997607, 11.546292853026923 
6.759999999997584, 11.617218897415558 
6.769999999997561, -9.607612529777182 
6.779999999997537, -9.583035451632927 
6.789999999997514, 11.453370370228178 
6.799999999997491, 11.50764044976335 
6.809999999997467, 11.279045933137176 
6.819999999997444, 11.514904494398804 
6.829999999997421, -8.95469097783197 
6.8399999999973975, -9.601848702598884 
6.849999999997374, 11.46450406675776 
6.859999999997351, 11.610484644543494 
6.869999999997328, -8.884622348798413 
6.879999999997304, -9.551709426861585 
6.889999999997281, -8.347670635434614 
6.899999999997258, -9.138121854855044 
6.909999999997234, -7.751871782401892 
6.919999999997211, -9.13343619097745 
6.929999999997188, -8.994554552564058 
6.939999999997164, -9.552067325982735 
6.949999999997141, -9.517954632218755 
6.959999999997118, 11.597478311404881 
6.9699999999970945, 11.609069330221937 
6.979999999997071, -9.61451350391231 
6.989999999997048, -9.492729529944205 
6.999999999997025, 11.508665670527344 
7.009999999997001, 11.512381425784865 
7.019999999996978, 11.473904187471287 
7.029999999996955, 11.500163453998663 
7.039999999996931, -8.736017449191479 
7.049999999996908, -9.59611578569498 
7.059999999996885, 11.59269440632964 
7.0699999999968615, 11.608483771337644 
7.079999999996838, -9.331152105509087 
7.089999999996815, -9.556801940451319 
7.0999999999967915, -8.229031889718618 
7.109999999996768, -9.035092581264596 
7.119999999996745, -8.055921581982542 
7.129999999996722, -9.02862977396392 
7.139999999996698, -8.681657317283468 
7.149999999996675, -9.474160870285845 
7.159999999996652, -9.420606436157268 
7.169999999996628, 11.521926090896114 
7.179999999996605, 11.526912147449156 
7.189999999996582, -9.530619244503486 
7.1999999999965585, -9.38565911648566 
7.209999999996535, 11.4233398917684 
7.219999999996512, 11.427526634687828 
7.229999999996489, 11.400233659749109 
7.239999999996465, 11.434345614369704 
7.249999999996442, -8.729620381652875 
7.259999999996419, -9.520502096196498 
7.269999999996395, 11.493189582834198 
7.279999999996372, 11.52474618733393 
7.289999999996349, -9.000454375930381 
7.299999999996325, -9.466584253960601 
7.309999999996302, -8.415984328464972 
7.319999999996279, -9.082690127001047 
7.3299999999962555, -7.742199115990241 
7.339999999996232, -9.082751430340224 
7.349999999996209, -8.833701924737026 
7.359999999996186, -9.639647123185457 
7.369999999996162, -9.59602640493747 
7.379999999996139, 11.687312295256115 
7.389999999996116, 11.691243180624472 
7.399999999996092, -9.693147725972013 
7.409999999996069, -9.412277648988136 
7.419999999996046, 11.584913829238593 
7.4299999999960225, 11.576182837564556 
7.439999999995999, 11.57261957330805 
7.449999999995976, 11.57670410075376 
7.4599999999959525, -9.334274818928737 
7.469999999995929, -9.677405931684678 
7.479999999995906, 11.690525665257598 
7.489999999995883, 11.682202476593078 
7.499999999995859, -9.589882852109927 
7.509999999995836, -9.636939647978199 
7.519999999995813, -8.832957498002077 
7.529999999995789, -9.105897884949737 
7.539999999995766, -7.798662657166526 
7.549999999995743, -9.097102860636827 
7.5599999999957195, -8.426485923242712 
7.569999999995696, -9.468233827707152 
7.579999999995673, -8.992491507184114 
7.58999999999565, 11.528852834215353 
7.599999999995626, 11.489325969666151 
7.609999999995603, -9.53407725892013 
7.61999999999558, -8.752781353055372 
7.629999999995556, 11.443382650958538 
7.639999999995533, 11.399441434134275 
7.64999999999551, 11.421358174651349 
7.659999999995486, 11.409123708979006 
7.669999999995463, -9.376311176188505 
7.67999999999544, -9.511767362563152 
7.6899999999954165, 11.52410522439543 
7.699999999995393, 11.511940614964676 
7.70999999999537, -9.417953829860547 
7.719999999995347, -9.46743279831529 
7.729999999995323, -8.650859441700526 
7.7399999999953, -9.01099746884349 
7.749999999995277, -8.09889253078061 
7.759999999995253, -9.009143131768266 
7.76999999999523, -8.167008271305466 
7.779999999995207, -9.566662878997565 
7.789999999995183, -9.393276151591918 
7.79999999999516, 11.620658473219146 
7.809999999995137, 11.602986863121066 
7.8199999999951135, -9.616986065913833 
7.82999999999509, -8.77084630860824 
7.839999999995067, 11.512974351218674 
7.849999999995044, 11.484982326586938 
7.85999999999502, 11.514509419027563 
7.869999999994997, 11.506311271517635 
7.879999999994974, -9.461591418504913 
7.88999999999495, -9.604863468760815 
7.899999999994927, 11.614068858137994 
7.909999999994904, 11.598347955921227 
7.9199999999948805, -9.518891956912789 
7.929999999994857, -9.553661778926976 
7.939999999994834, -8.983365737951795 
7.9499999999948106, -9.139372518268408 
7.959999999994787, -7.637015610286748 
7.969999999994764, -9.135681275379886 
7.979999999994741, -8.42139500654289 
7.989999999994717, -9.550961312636113 
7.999999999994694, -8.875393396061437 
8.00999999999467, 11.611847200011628 
8.019999999994647, 11.490724931899607 
8.029999999994624, -9.612480426916218 
8.0399999999946, -9.022692342805094 
8.049999999994577, 11.519255529833224 
8.059999999994554, 11.321183503270818 
8.06999999999453, 11.500704781624218 
8.079999999994508, 11.447496502843403 
8.089999999994484, -9.563998183769424 
8.099999999994461, -9.587661081600029 
8.109999999994438, 11.611383960122016 
8.119999999994414, 11.546214352873056 
8.129999999994391, -9.543404816926799 
8.139999999994368, -9.54538828839743 
8.149999999994344, -8.98064726201269 
8.159999999994321, -9.026124731022822 
8.169999999994298, -8.565001333687288 
8.179999999994275, -9.021475246969407 
8.189999999994251, -7.169778374473326 
8.199999999994228, -9.47540444826998 
8.209999999994205, -8.823330852185753 
8.219999999994181, 11.534507228294157 
8.229999999994158, 11.370922435953867 
8.239999999994135, -9.5304056923677 
8.249999999994111, -8.936428252905149 
8.259999999994088, 11.435041627564654 
8.269999999994065, 11.289972421272964 
8.279999999994041, 11.437042334057622 
8.289999999994018, 11.400170812531616 
8.299999999993995, -9.47819342983601 
8.309999999993972, -9.516398272193168 
8.319999999993948, 11.527269881312847 
8.329999999993925, 11.490884780135882 
8.339999999993902, -9.445268578078412 
8.349999999993878, -9.460567363517749 
8.359999999993855, -9.007136475924051 
8.369999999993832, -9.084208114728025 
8.379999999993808, -8.210439346577097 
8.389999999993785, -9.08596977123875 
8.399999999993762, -7.898305616419168 
8.409999999993738, -9.650320084569486 
8.419999999993715, -8.992826506522285 
8.429999999993692, 11.70888560610747 
8.439999999993669, 11.447132954672776 
8.449999999993645, -9.701907163976923 
8.459999999993622, -8.005543147625774 
8.469999999993599, 11.600823010225243 
8.479999999993575, 10.780882123801632 
8.489999999993552, 11.593916289395768 
8.499999999993529, 11.429553357203488 
8.509999999993505, -9.675652791474374 
8.519999999993482, -9.675018754702979 
8.529999999993459, 11.706868304356966 
8.539999999993436, 11.422002894647918 
8.549999999993412, -9.645959419363722 
8.559999999993389, -9.618603600802576 
8.569999999993366, -9.08717302151022 
8.579999999993342, -9.093037389216297 
8.589999999993319, -9.046077901857235 
8.599999999993296, -9.08707380221418 
8.609999999993272, -7.862484186782194 
8.619999999993249, -9.459609610549126 
8.629999999993226, 8.056554889897026 
8.639999999993202, 11.523831744902752 
8.64999999999318, -8.617344661855196 
8.659999999993156, -9.524643085679886 
8.669999999993133, 10.304368188275486 
8.67999999999311, 11.438122276333242 
8.689999999993086, 8.52928787071531 
8.699999999993063, 11.4206437605112 
8.70999999999304, 10.959098515625836 
8.719999999993016, -9.498753205857607 
8.729999999992993, -9.490904215057018 
8.73999999999297, 11.521684830395731 
8.749999999992946, 11.248403750268427 
8.759999999992923, -9.457441979860604 
8.7699999999929, -9.440684629431455 
8.779999999992876, -8.996614858152428 
8.789999999992853, -9.008281492192658 
8.79999999999283, -8.930428751545731 
8.809999999992806, -9.009611603820531 
8.819999999992783, -1.1278080172070946 
8.82999999999276, -9.585396206966262 
8.839999999992736, -8.204053376106284 
8.849999999992713, 11.644231188531688 
8.85999999999269, 1.8221840355180994 
8.869999999992666, -9.634310725008493 
8.879999999992643, 7.162540754988806 
8.88999999999262, 11.534300385201577 
8.899999999992596, 8.656470802639621 
8.909999999992573, 11.538440959030073 
8.91999999999255, 11.105888434839917 
8.929999999992527, -9.61776238956303 
8.939999999992503, -9.605905772960359 
8.94999999999248, 11.637944615777036 
8.959999999992457, 11.1824414825364 
8.969999999992433, -9.574254263350845 
8.97999999999241, -9.536781419887426 
8.989999999992387, -9.136803628180475 
8.999999999992363, -9.135279585191885 
9.00999999999234, -9.11556328621056 
9.019999999992317, -9.134770739117194 
9.029999999992294, -9.253965667189474 
9.03999999999227, -9.534232610502418 
9.049999999992247, 11.013488106218897 
9.059999999992224, 11.598687183767709 
9.0699999999922, -9.503294771482956 
9.079999999992177, -9.596380645076007 
9.089999999992154, 10.756408973444564 
9.09999999999213, 11.508428564381095 
9.109999999992107, 10.743819203187673 
9.119999999992084, 11.48845906211082 
9.12999999999206, 10.660392065440087 
9.139999999992037, -9.577046439797128 
9.149999999992014, -9.50376495522491 
9.15999999999199, 11.598753625870934 
9.169999999991967, 11.003792530794646 
9.179999999991944, -9.540545685314418 
9.18999999999192, -9.337682770186614 
9.199999999991897, -9.00508310495524 
9.209999999991874, -8.993818527634472 
9.21999999999185, -8.988342978230275 
9.229999999991827, -8.997945456004294 
9.239999999991804, -9.227788442323863 
9.24999999999178, -9.478126906829706 
9.259999999991757, 10.943334387046976 
9.269999999991734, 11.53931431337533 
9.27999999999171, -9.406666504055341 
9.289999999991688, -9.530138911177017 
9.299999999991664, 10.786401346167171 
9.309999999991641, 11.43690724307959 
9.319999999991618, 10.484726336644682 
9.329999999991594, 11.444752903676957 
9.339999999991571, 10.40699396278541 
9.349999999991548, -9.521315851810344 
9.359999999991524, -9.489080484571632 
9.369999999991501, 11.532689359892224 
9.379999999991478, 10.885188775632628 
9.389999999991455, -9.466786846084394 
9.399999999991431, -9.415288512503462 
9.409999999991408, -9.091646692165114 
9.419999999991385, -9.086447894184227 
9.429999999991361, -9.079345725479424 
9.439999999991338, -9.094059697282855 
9.449999999991315, -9.197021070669944 
9.459999999991291, -9.661377415243528 
9.469999999991268, 11.148783533227835 
9.479999999991245, 11.722436844699924 
9.489999999991221, -9.653207419910126 
9.499999999991198, -9.710953520482528 
9.509999999991175, 10.610898313093731 
9.519999999991152, 11.613458322455646 
9.529999999991128, 10.473076795238935 
9.539999999991105, 11.60552909578477 
9.549999999991082, 10.884726304006904 
9.559999999991058, -9.699022236019271 
9.569999999991035, -8.75112646714228 
9.579999999991012, 11.719904044165634 
9.589999999990988, -1.7556397539849429 
9.599999999990965, -9.663935913827725 
9.609999999990942, -1.7460360699068236 
9.619999999990918, -9.077420986208468 
9.629999999990895, -9.008512720653973 
9.639999999990872, -9.064707689355004 
9.649999999990849, -9.049233010689699 
9.659999999990825, -9.428429381869808 
9.669999999990802, -9.437538046911039 
9.679999999990779, 11.266617827500792 
9.689999999990755, 11.506055378275217 
9.699999999990732, -9.496791170475 
9.709999999990709, -9.498305031707957 
9.719999999990685, 11.03426106392338 
9.729999999990662, 11.418893956153951 
9.739999999990639, 8.465569805310853 
9.749999999990616, 11.407123064585473 
9.759999999990592, 10.215320256678352 
9.769999999990569, -9.490849983238713 
9.779999999990546, -8.752257545012032 
9.789999999990522, 11.503823827736737 
9.799999999990499, 9.184570001250908 
9.809999999990476, -9.443248409423104 
9.819999999990452, -8.329360199189408 
9.829999999990429, -9.021747175514742 
9.839999999990406, -8.989491709945646 
9.849999999990382, -9.016546156416881 
9.85999999999036, -9.012402230761936 
9.869999999990336, -9.574633533550012 
9.879999999990313, -9.642329164957783 
9.88999999999029, 11.103552659219874 
9.899999999990266, 11.703653096370108 
9.909999999990243, -9.67481360811319 
9.91999999999022, -9.686859441030254 
9.929999999990196, 11.037728221469258 
9.939999999990173, 11.590805335859715 
9.94999999999015, 8.569317508430649 
9.959999999990126, 11.590711086632387 
9.969999999990103, 5.82752567354786 
9.97999999999008, -9.68192500218237 
9.989999999990056, 7.3418903669922475 
9.999999999990033, 11.69804039493055 
10.00999999999001, -8.91778291383437 
10.019999999989986, -9.640983936856873 
10.029999999989963, -3.930758088742729 
10.03999999998994, -9.140152434515059 
10.049999999989916, -8.839595890209678 
10.059999999989893, -9.129721267392487 
10.06999999998987, -9.080825882169641 
10.079999999989846, -9.484797553569994 
10.089999999989823, -9.472427154538611 
10.0999999999898, 11.504964819834017 
10.109999999989776, 11.550440477998038 
10.119999999989753, -9.555337178454726 
10.12999999998973, -9.523987128510154 
10.139999999989707, 11.426420057089262 
10.149999999989683, 11.466796115801085 
10.15999999998966, 11.255596043493249 
10.169999999989637, 11.44270909449842 
10.179999999989613, -8.831302850646981 
10.18999999998959, -9.535081939594402 
10.199999999989567, 11.329669946642952 
10.209999999989543, 11.551936938285149 
10.21999999998952, -8.877061423548422 
10.229999999989497, -9.496988558405247 
10.239999999989474, -5.808341578337241 
10.24999999998945, -8.973026822401696 
10.259999999989427, -8.711266494163247 
10.269999999989404, -8.96737121782584 
10.27999999998938, -8.934747290129911 
10.289999999989357, -9.509951103042692 
10.299999999989334, -9.512889192293828 
10.30999999998931, 11.44859993984862 
10.319999999989287, 11.57829005636945 
10.329999999989264, -9.564181598609787 
10.33999999998924, -9.553627563809922 
10.349999999989217, 11.334324670682772 
10.359999999989194, 11.46870227870556 
10.36999999998917, 10.272469400419736 
10.379999999989147, 11.48217362025104 
10.389999999989124, -4.039543902434019 
10.3999999999891, -9.564475566434208 
10.409999999989077, 10.010205787428902 
10.419999999989054, 11.570703242986776 
10.42999999998903, -8.75002470774918 
10.439999999989007, -9.508622023409533 
10.449999999988984, -4.185000374632337 
10.45999999998896, -9.134068402284129 
10.469999999988937, -8.856509599506635 
10.479999999988914, -9.132180580203931 
10.48999999998889, -9.084896526462659 
10.499999999988868, -9.610502831307672 
10.509999999988844, -9.600636520471266 
10.519999999988821, 11.630616154774097 
10.529999999988798, 11.673329816005342 
10.539999999988774, -9.670705937341983 
10.549999999988751, -9.623292526026924 
10.559999999988728, 11.548078267047803 
10.569999999988704, 11.569267716311211 
10.579999999988681, 11.497057389102766 
10.589999999988658, 11.55916512938581 
10.599999999988635, -8.969600191961828 
10.609999999988611, -9.655736651619348 
10.619999999988588, 11.64104678532027 
10.629999999988565, 11.670558576168903 
10.639999999988541, -9.306656056522861 
10.649999999988518, -9.61844305779277 
10.659999999988495, -8.330212144918121 
10.669999999988471, -9.056347894684416 
10.679999999988448, -7.850163874136281 
10.689999999988425, -9.047599161850666 
10.699999999988401, -8.764895600755713 
10.709999999988378, -9.44957177910962 
10.719999999988355, -9.400419745316004 
10.729999999988332, 11.497246822855875 
10.739999999988308, 11.504542046595322 
10.749999999988285, -9.510500091362244 
10.759999999988262, -9.396368362737032 
10.769999999988238, 11.404237546318846 
10.779999999988215, 11.412096078853619 
10.789999999988192, 11.364638563862096 
10.799999999988168, 11.411139940304228 
10.809999999988145, -8.818288148260818 
10.819999999988122, -9.497386113066135 
10.829999999988098, 11.452411149940023 
10.839999999988075, 11.503915466481981 
10.849999999988052, -8.821715895262917 
10.859999999988029, -9.445766968719003 
10.869999999988005, -8.390159077486446 
10.879999999987982, -9.049850337951932 
10.889999999987959, -7.625098435279415 
10.899999999987935, -9.049853294224922 
10.909999999987912, -8.93112090181031 
10.919999999987889, -9.661844251088791 
10.929999999987865, -9.64085396150822 
10.939999999987842, 11.699494858633944 
10.949999999987819, 11.7183359305582 
10.959999999987796, -9.714786347327932 
10.969999999987772, -9.596275582805195 
10.979999999987749, 11.599972265335612 
10.989999999987726, 11.602200380020195 
10.999999999987702, 11.58448317951738 
11.009999999987679, 11.601641990227597 
11.019999999987656, -9.031316079945913 
11.029999999987632, -9.700645339279289 
11.039999999987609, 11.709685557134753 
11.049999999987586, 11.709460032892414 
11.059999999987562, -9.585809197738383 
11.06999999998754, -9.661190111350916 
11.079999999987516, -8.648087994232439 
11.089999999987493, -9.115681312944657 
11.09999999998747, -8.215612634600571 
11.109999999987446, -9.105881280852431 
11.119999999987423, -8.321131404971913 
11.1299999999874, -9.464718266743024 
11.139999999987376, -9.13620027354615 
11.149999999987353, 11.525072218668148 
11.15999999998733, 11.498875587227896 
11.169999999987306, -9.53266194897736 
11.179999999987283, -8.682778095279073 
11.18999999998726, 11.442265138400671 
11.199999999987236, 11.41239404681808 
11.209999999987213, 11.414985556241877 
11.21999999998719, 11.408990304498525 
11.229999999987166, -9.281157203323335 
11.239999999987143, -9.509017363994468 
11.24999999998712, 11.519724100937719 
11.259999999987096, 11.51383436657255 
11.269999999987073, -9.391630398000148 
11.27999999998705, -9.46663501646086 
11.289999999987026, -8.379901786907194 
11.299999999987003, -8.9923354505888 
11.30999999998698, -8.294937713144929 
11.319999999986956, -8.990031918433427 
11.329999999986933, -8.24592507379238 
11.33999999998691, -9.564071241345237 
11.349999999986887, -9.473104450376564 
11.359999999986863, 11.615164561666623 
11.36999999998684, 11.608835320509911 
11.379999999986817, -9.61377747298954 
11.389999999986793, -9.116035606831138 
11.39999999998677, 11.506955297249858 
11.409999999986747, 11.493605190414733 
11.419999999986723, 11.507746177530153 
11.4299999999867, 11.510100820451315 
11.439999999986677, -9.269363718534631 
11.449999999986654, -9.603533354578172 
11.45999999998663, 11.607527781994396 
11.469999999986607, 11.602366080605739 
11.479999999986584, -9.483549351940907 
11.48999999998656, -9.551530652648946 
11.499999999986537, -8.802129233702107 
11.509999999986514, -9.145504500278495 
11.51999999998649, -7.907316116939543 
11.529999999986467, -9.142011730475234 
11.539999999986444, -8.481713239462817 
11.54999999998642, -9.560767817876087 
11.559999999986397, -9.041595019057196 
11.569999999986374, 11.620738917822248 
11.57999999998635, 11.563954730519338 
11.589999999986327, -9.62225786197034 
11.599999999986304, -9.022724201660546 
11.60999999998628, 11.527946237196357 
11.619999999986257, 11.432834260043325 
11.629999999986234, 11.508382811438457 
11.63999999998621, 11.476017603627904 
11.649999999986187, -9.55639625403283 
11.659999999986164, -9.598603239821013 
11.66999999998614, 11.6207353822318 
11.679999999986117, 11.578169492406508 
11.689999999986094, -9.549140277917772 
11.69999999998607, -9.558103138405292 
11.709999999986048, -8.948922697665493 
11.719999999986024, -9.022114598847569 
11.729999999986001, -8.027464572903236 
11.739999999985978, -9.0167345243877 
11.749999999985954, -8.203821681920479 
11.759999999985931, -9.467068141918055 
11.769999999985908, -8.80387882719717 
11.779999999985884, 11.525480024152973 
11.789999999985861, 11.449488484347652 
11.799999999985838, -9.522272796372404 
11.809999999985815, -8.91914831356626 
11.819999999985791, 11.426353172244687 
11.829999999985768, 11.354977819308115 
11.839999999985745, 11.42805097204445 
11.849999999985721, 11.40727177816934 
11.859999999985698, -9.435718580914827 
11.869999999985675, -9.509792791027792 
11.879999999985651, 11.517223007451133 
11.889999999985628, 11.49641166652594 
11.899999999985605, -9.422394786451857 
11.909999999985581, -9.453580864162966 
11.919999999985558, -8.924790041230668 
11.929999999985535, -9.081484458732444 
11.939999999985512, -7.4568144631291435 
11.949999999985488, -9.083532899517591 
11.959999999985465, -8.441716700134648 
11.969999999985442, -9.675858913888787 
11.979999999985418, -9.111752097248553 
11.989999999985395, 11.733520874251598 
11.999999999985372, 11.639751005411583 
12.009999999985348, -9.727087558731812 
12.019999999985325, -9.11356167367868 
12.029999999985302, 11.624389617274364 
12.039999999985278, 11.317976126197204 
12.049999999985255, 11.61624874799011 
12.059999999985232, 11.521563969765774 
12.069999999985209, -9.695530525698308 
12.079999999985185, -9.702439028896473 
12.089999999985162, 11.732718566998653 
12.099999999985139, 11.539398181380395 
12.109999999985115, -9.671794036169322 
12.119999999985092, -9.652101557881775 
12.129999999985069, -9.063235982505201 
12.139999999985045, -9.075059933581556 
12.149999999985022, -9.00032120443137 
12.159999999984999, -9.067732345668453 
12.169999999984976, -4.6879524835998865 
12.179999999984952, -9.441330384858645 
12.189999999984929, -3.8624318911039475 
12.199999999984906, 11.504841581835024 
12.209999999984882, -1.5793306700060783 
12.219999999984859, -9.505804856418205 
12.229999999984836, 5.1468396724726 
12.239999999984812, 11.418656244108888 
12.249999999984789, 9.286000019343573 
12.259999999984766, 11.404295713362853 
12.269999999984742, 11.233440317862124 
12.27999999998472, -9.475038497932143 
12.289999999984696, -9.47926077690929 
12.299999999984673, 11.501420076938071 
12.30999999998465, 11.38445602882001 
12.319999999984626, -9.432751859907508 
12.329999999984603, -9.429287164606052 
12.33999999998458, -8.98765824745366 
12.349999999984556, -9.015363433866987 
12.359999999984533, -8.801252939117132 
12.36999999998451, -9.01718664786989 
12.379999999984486, -4.186612369797256 
12.389999999984463, -9.650235487498716 
12.39999999998444, -9.06492535152228 
12.409999999984416, 11.708462106296814 
12.419999999984393, 10.735387432938387 
12.42999999998437, -9.69877352565417 
12.439999999984346, -1.9296905316585211 
12.449999999984323, 11.596253742011509 
12.4599999999843, 9.513895927348429 
12.469999999984276, 11.59526334354585 
12.479999999984253, 11.272710457598945 
12.48999999998423, -9.678550539048613 
12.499999999984206, -9.668883352766166 
12.509999999984183, 11.704090666967849 
12.51999999998416, 11.232380393503158 
12.529999999984136, -9.643112661507722 
12.539999999984113, -9.596495225500895 
12.54999999998409, -9.132921324301353 
12.559999999984067, -9.130839836670436 
12.569999999984043, -9.108361139786455 
12.57999999998402, -9.126760637396965 
12.589999999983997, -9.255474769403737 
12.599999999983973, -9.486434120533762 
12.60999999998395, 10.963253831579369 
12.619999999983927, 11.552480657471104 
12.629999999983903, -9.443313823150898 
12.63999999998388, -9.554092744923661 
12.649999999983857, 10.78305892105637 
12.659999999983834, 11.469950898785688 
12.66999999998381, 10.63331903643716 
12.679999999983787, 11.443484495104329 
12.689999999983764, 10.412195693795434 
12.69999999998374, -9.530307618400759 
12.709999999983717, -9.489558994366973 
12.719999999983694, 11.553074066169133 
12.72999999998367, 10.882086550856211 
12.739999999983647, -9.494030696143735 
12.749999999983624, -9.418396481469006 
12.7599999999836, -8.9622884117444 
12.769999999983577, -8.959938801356149 
12.779999999983554, -8.935947885353 
12.78999999998353, -8.962132994040568 
12.799999999983507, -6.030458696415545 
12.809999999983484, -9.524206835249473 
12.81999999998346, 6.104028082660373 
12.829999999983437, 11.583286790253036 
12.839999999983414, -8.671327141482838 
12.84999999998339, -9.572060554014012 
12.859999999983367, 10.44166757201199 
12.869999999983344, 11.47366705431315 
12.87999999998332, 9.096319813343523 
12.889999999983297, 11.486074071257498 
12.899999999983274, 10.847962330900922 
12.90999999998325, -9.561455253961528 
12.919999999983228, -9.545258300717155 
12.929999999983204, 11.575160772396663 
12.939999999983181, 11.091530217835414 
12.949999999983158, -9.508513788446491 
12.959999999983134, -9.474375218934377 
12.969999999983111, -9.12839295008538 
12.979999999983088, -9.126840203728106 
12.989999999983064, -9.111726809956872 
12.999999999983041, -9.131225176480493 
13.009999999983018, -9.189105023185485 
13.019999999982995, -9.613027668907966 
13.029999999982971, 11.0921878128388 
13.039999999982948, 11.675323720612079 
13.049999999982925, -9.593242277341822 
13.059999999982901, -9.667493547366094 
13.069999999982878, 10.68977951732065 
13.079999999982855, 11.573670296120362 
13.089999999982831, 10.736359762690395 
13.099999999982808, 11.561197678928915 
13.109999999982785, 10.927710764966134 
13.119999999982761, -9.652931144468674 
13.129999999982738, -9.407561467454597 
13.139999999982715, 11.674183821900922 
13.149999999982692, 9.977679894357236 
13.159999999982668, -9.617418145704455 
13.169999999982645, -7.09851566169967 
13.179999999982622, -9.051124012740916 
13.189999999982598, -9.017859491568597 
13.199999999982575, -9.038039287960661 
13.209999999982552, -9.032982760789983 
13.219999999982528, -9.413305580137457 
13.229999999982505, -9.446304067427418 
13.239999999982482, 10.945323131611332 
13.249999999982458, 11.511355500177272 
13.259999999982435, -9.484000939155045 
13.269999999982412, -9.504301577221367 
13.279999999982389, 10.39835821763906 
13.289999999982365, 11.418699857744642 
13.299999999982342, 10.350574415904438 
13.309999999982319, 11.415145199797275 
13.319999999982295, 10.763859736029254 
13.329999999982272, -9.495688321825416 
13.339999999982249, -9.367085532901447 
13.349999999982225, 11.507332257720462 
13.359999999982202, 10.912191938139653 
13.369999999982179, -9.444424137730408 
13.379999999982156, -9.252891536583718 
13.389999999982132, -9.0484663328556 
13.399999999982109, -9.031836304862548 
13.409999999982086, -9.041543057225912 
13.419999999982062, -9.045046183684784 
13.429999999982039, -9.50411182776082 
13.439999999982016, -9.67073331809023 
13.449999999981992, 11.093245414336582 
13.459999999981969, 11.731647704212964 
13.469999999981946, -9.690828609387975 
13.479999999981922, -9.717060175700922 
13.4899999999819, 10.728118578528278 
13.499999999981876, 11.619243792056412 
13.509999999981853, 9.087657549899937 
13.51999999998183, 11.614843968442692 
13.529999999981806, 9.266080788706455 
13.539999999981783, -9.708451443370896 
13.54999999998176, 0.5195337257223247 
13.559999999981736, 11.727586781754063 
13.569999999981713, -8.686199766263439 
13.57999999998169, -9.671743825437007 
13.589999999981666, -2.155508746459673 
13.599999999981643, -9.108203247653618 
13.60999999998162, -8.928520616683148 
13.619999999981596, -9.096207221780638 
13.629999999981573, -9.062622810658313 
13.63999999998155, -9.45002801267291 
13.649999999981526, -9.444938500730226 
13.659999999981503, 11.437327711596518 
13.66999999998148, 11.518762311018897 
13.679999999981456, -9.519748535346398 
13.689999999981433, -9.504187905273673 
13.69999999998141, 11.342737840516275 
13.709999999981386, 11.435124597126755 
13.719999999981363, 10.632759129361428 
13.72999999998134, 11.415696231918425 
13.739999999981316, -4.077300561400983 
13.749999999981293, -9.503709768209506 
13.75999999998127, 8.840443211952481 
13.769999999981247, 11.51858601922271 
13.779999999981223, -8.268057880274316 
13.7899999999812, -9.46091498015404 
13.799999999981177, -2.041188760686768 
13.809999999981153, -8.996723550967058 
13.81999999998113, -8.9081393511778 
13.829999999981107, -8.991966183034076 
13.839999999981083, -8.975399538619298 
13.84999999998106, -9.558147652132458 
13.859999999981037, -9.576697756796055 
13.869999999981014, 11.359977996598543 
13.87999999998099, 11.639630023891765 
13.889999999980967, -9.620819979091982 
13.899999999980944, -9.619054953789778 
13.90999999998092, 11.291190234071918 
13.919999999980897, 11.528104377706352 
13.929999999980874, 9.526865164511749 
13.93999999998085, 11.535111726074877 
13.949999999980827, -0.8254049662650026 
13.959999999980804, -9.621626966207797 
13.96999999998078, 9.747090649209351 
13.979999999980757, 11.632456369489862 
13.989999999980734, -8.893245253954673 
13.99999999998071, -9.572852542255536 
14.009999999980687, -4.783744042461127 
14.019999999980664, -9.149647802764118 
14.02999999998064, -8.790381054541298 
14.039999999980617, -9.143346447957068 
14.049999999980594, -9.087355406911296 
14.05999999998057, -9.539682254377082 
14.069999999980547, -9.524988739058639 
14.079999999980524, 11.567349561535334 
14.0899999999805, 11.602777870664585 
14.099999999980477, -9.60559657910034 
14.109999999980454, -9.559544057860005 
14.11999999998043, 11.486814734299223 
14.129999999980408, 11.510684256418461 
14.139999999980384, 11.407956906771563 
14.149999999980361, 11.492560675998062 
14.159999999980338, -9.012383158308477 
14.169999999980314, -9.587238252567357 
14.179999999980291, 11.540647586579713 
14.189999999980268, 11.603211900038117 
14.199999999980244, -8.9637851457607 
14.209999999980221, -9.54976780995004 
14.219999999980198, -8.320128620858835 
14.229999999980175, -9.006035128964955 
14.239999999980151, -7.732413638166825 
14.249999999980128, -8.999267022385856 
14.259999999980105, -8.910846235817138 
14.269999999980081, -9.468331610685263 
14.279999999980058, -9.452146911767887 
14.289999999980035, 11.49166920288744 
14.299999999980011, 11.527916931965816 
14.309999999979988, -9.523056284734952 
14.319999999979965, -9.486975458975223 
14.329999999979941, 11.385840817373243 
14.339999999979918, 11.425623851317136 
14.349999999979895, 11.22625256959713 
14.359999999979872, 11.435979503098322 
14.369999999979848, -8.800134837195767 
14.379999999979825, -9.518110108516261 
14.389999999979802, 11.281758292410109 
14.399999999979778, 11.522768472727142 
14.409999999979755, -8.857714669320488 
14.419999999979732, -9.461166426754415 
14.429999999979708, -7.063580889568923 
14.439999999979685, -9.094860443713985 
14.449999999979662, -8.555355265751588 
14.459999999979638, -9.095492340857232 
14.469999999979615, -9.031475453763424 
14.479999999979592, -9.679285980621854 
14.489999999979569, -9.667379432805536 
14.499999999979545, 11.706970210853864 
14.509999999979522, 11.73966673092063 
14.519999999979499, -9.735191767513658 
14.529999999979475, -9.66005125393455 
14.539999999979452, 11.616946143912138 
14.549999999979429, 11.625850030465987 
14.559999999979405, 11.592597839525746 
14.569999999979382, 11.619420445193283 
14.579999999979359, -8.901748765747165 
14.589999999979335, -9.720153718195125 
14.599999999979312, 11.728821828158045 
14.609999999979289, 11.732888342952748 
14.619999999979266, -9.592073703362331 
14.629999999979242, -9.684821056349586 
14.639999999979219, -8.347484075188891 
14.649999999979196, -9.051359516302757 
14.659999999979172, -8.36037630755995 
14.669999999979149, -9.041424342486573 
14.679999999979126, -8.248464745367542 
14.689999999979102, -9.427186244944226 
14.69999999997908, -9.30091927083102 
14.709999999979056, 11.482279266415414 
14.719999999979033, 11.47523859320096 
14.72999999997901, -9.489577489082272 
14.739999999978986, -9.14634592677156 
14.749999999978963, 11.392299561620657 
14.75999999997894, 11.386467316890817 
14.769999999978916, 11.370727284012114 
14.779999999978893, 11.387189905488494 
14.78999999997887, -8.62932679992575 
14.799999999978846, -9.474732402186119 
14.809999999978823, 11.459254036360125 
14.8199999999788, 11.479128570998258 
14.829999999978776, -9.054011475619953 
14.839999999978753, -9.42233301852816 
14.84999999997873, -8.331337181522592 
14.859999999978706, -9.0329729862503 
14.869999999978683, -7.698482834893784 
14.87999999997866, -9.034471624655538 
14.889999999978636, -8.816210574909478 
14.899999999978613, -9.769055678618388 
14.90999999997859, -9.738971952046075 
14.919999999978566, 11.814898245752932 
14.929999999978543, 11.821998377684052 
14.93999999997852, -9.821674152457627 
14.949999999978496, -9.46520320898922 
14.959999999978473, 11.710600472219536 
14.96999999997845, 11.693780592749622 
14.979999999978427, 11.695120227158935 
14.989999999978403, 11.68723750130844 
14.99999999997838, -9.69188571804778 
15.009999999978357, -9.802189471352435 
15.019999999978333, 11.829806767134924 
15.02999999997831, 11.794468037098037 
15.039999999978287, -9.764296315737983 
15.049999999978263, -9.770611988532691 
15.05999999997824, 10.914075072003165 
15.069999999978217, 10.910429645240276 
15.079999999978194, 10.86323954447767 
15.08999999997817, 10.885625887940726 
15.099999999978147, 10.891652475583944 
15.109999999978124, 11.057892299864125 
15.1199999999781, -9.280310886585363 
15.129999999978077, -9.300232608086736 
15.139999999978054, 10.797729183374704 
15.14999999997803, 11.317243658577393 
15.159999999978007, -9.099073933204556 
15.169999999977984, -9.13871128901933 
15.17999999997796, -8.550301916062423 
15.189999999977937, -8.959627927316392 
15.199999999977914, 11.382292020258522 
15.20999999997789, 11.449802113462596 
15.219999999977867, -8.78665051108074 
15.229999999977844, -9.483487634739241 
15.23999999997782, 11.332976888690842 
15.249999999977797, 11.37732862497689 
15.259999999977774, -8.522906603144003 
15.26999999997775, -9.214164944936442 
15.279999999977727, -8.199731060074493 
15.289999999977704, -9.139846677590034 
15.29999999997768, -8.461438543133296 
15.309999999977657, -9.25436586494319 
15.319999999977634, -9.142153474443436 
15.32999999997761, 11.35196334190645 
15.339999999977588, 11.35380175212546 
15.349999999977564, -9.435881995336297 
15.359999999977541, -9.328336483197727 
15.369999999977518, 11.381193281496802 
15.379999999977494, 11.38404182033303 
15.389999999977471, 10.967379159314195 
15.399999999977448, 11.047663376319413 
15.409999999977424, -6.119745290437955 
15.419999999977401, -9.191011972299007 
15.429999999977378, -4.51502486422472 
15.439999999977355, 11.253781335469109 
15.449999999977331, 9.146636996037067 
15.459999999977308, -9.215414239447087 
15.469999999977285, -8.790009886806379 
15.479999999977261, 10.760076693789438 
15.489999999977238, 10.18727155418033 
15.499999999977215, 10.707191959628286 
15.509999999977191, 10.660419575088751 
15.519999999977168, 10.837750480538482 
15.529999999977145, 10.833470760256152 
15.539999999977121, -9.108316216347399 
15.549999999977098, -9.073379864428796 
15.559999999977075, 11.093990390834502 
15.569999999977052, 11.121740923353068 
15.579999999977028, -8.960947081342523 
15.589999999977005, -8.951677228508693 
15.599999999976982, -8.706330117667646 
15.609999999976958, -8.739856707445712 
15.619999999976935, 11.201901442896594 
15.629999999976912, 11.211089340295077 
15.639999999976888, -8.746461929123075 
15.649999999976865, -9.24330273762477 
15.659999999976842, 11.101814919025617 
15.669999999976818, 11.129860939511019 
15.679999999976795, -8.293848003834118 
15.689999999976772, -8.957550491083225 
15.699999999976749, -6.745455236897446 
15.709999999976725, -8.896745363004761 
15.719999999976702, -8.782825849547642 
15.729999999976679, -9.063503888184519 
15.739999999976655, -9.043979026916576 
15.749999999976632, 11.084478962053591 
15.759999999976609, 11.147026566035805 
15.769999999976585, -9.182768771447966 
15.779999999976562, -9.17927955540326 
15.789999999976539, 10.763249354983689 
15.799999999976515, 11.134832255552507 
15.809999999976492, 9.951457260893738 
15.819999999976469, 11.017771861842174 
15.829999999976446, 9.93273090253771 
15.839999999976422, -9.097113733738254 
15.849999999976399, -9.081754636289869 
15.859999999976376, 11.124394842262854 
15.869999999976352, 10.971044782394214 
15.879999999976329, -9.058765567191795 
15.889999999976306, -9.060451086183823 
15.899999999976282, -8.414109371513872 
15.90999999997626, -8.539937360095557 
15.919999999976236, -7.702762852652368 
15.929999999976213, -8.556698163488033 
15.93999999997619, -8.212851535934856 
15.949999999976166, 10.754923701387487 
15.959999999976143, 10.766450371490352 
15.96999999997612, -8.901647960127999 
15.979999999976096, -8.890899712705753 
15.989999999976073, 10.695927095966347 
15.99999999997605, 10.889604350724035 
16.009999999976028, -8.390703795622516 
16.019999999976005, -8.479335997166384 
16.02999999997598, -7.844707267896673 
16.039999999975958, -8.692850872462945 
16.049999999975935, 7.080293656355761 
16.05999999997591, 10.84675070066363 
16.069999999975888, 10.031902147351037 
16.079999999975865, -8.830923969542608 
16.08999999997584, -8.762165432285476 
16.099999999975818, 10.550611605819089 
16.109999999975795, 10.424175020772184 
16.11999999997577, 10.414939874604714 
16.129999999975748, 10.40595703271315 
16.139999999975725, 10.44749414034515 
16.1499999999757, 10.481192996721052 
16.15999999997568, -8.801827748429307 
16.169999999975655, -8.825188860636562 
16.17999999997563, 10.174028441110535 
16.18999999997561, 10.85647840128907 
16.199999999975585, -7.301009379885888 
16.20999999997556, -8.751079734148245 
16.21999999997554, -8.047319720466202 
16.229999999975515, 10.294165714176234 
16.239999999975492, 10.300904180375749 
16.24999999997547, -7.546271135200665 
16.259999999975445, -8.368639704232931 
16.269999999975422, -8.168000051569312 
16.2799999999754, 10.392815798104797 
16.289999999975375, 10.124542824823706 
16.299999999975352, -8.323988314195132 
16.30999999997533, -8.334272926484688 
16.319999999975305, -6.884968835163894 
16.329999999975282, -7.911789139281126 
16.33999999997526, -7.635573126133626 
16.349999999975235, -7.978111170807968 
16.359999999975212, -7.976144194642082 
16.36999999997519, 9.386692462306332 
16.379999999975166, 10.07829782533349 
16.389999999975142, 9.849524908020117 
16.39999999997512, -8.144056081649591 
16.409999999975096, -7.928610075544978 
16.419999999975072, 10.082119622306964 
16.42999999997505, 10.117679263811604 
16.439999999975026, 9.042494475725634 
16.449999999975002, 10.042451658447623 
16.45999999997498, 9.960550412134172 
16.469999999974956, -7.943365675240235 
16.479999999974932, -8.061845375297747 
16.48999999997491, 9.890247288999799 
16.499999999974886, 10.015334043501328 
16.509999999974863, 9.325019602735352 
16.51999999997484, -7.923741131285583 
16.529999999974816, -7.920114592353329 
16.539999999974793, -7.568357943212826 
16.54999999997477, -7.817826014507413 
16.559999999974746, -6.805227428164391 
16.569999999974723, -8.13070102725099 
16.5799999999747, -8.11992649325813 
16.589999999974676, 9.678543046898046 
16.599999999974653, 10.18500313336331 
16.60999999997463, -5.219731714614402 
16.619999999974606, -8.170142301884567 
16.629999999974583, -7.143584019715479 
16.63999999997456, 10.099818629457454 
16.649999999974536, 10.108046641495699 
16.659999999974513, 1.3826308748474638 
16.66999999997449, -8.360531534391068 
16.679999999974466, -8.334953883976121 
16.689999999974443, 10.456450423915694 
16.69999999997442, 10.404041143432043 
16.709999999974396, -8.376555787953913 
16.719999999974373, -8.423634270618171 
16.72999999997435, 9.967699829254952 
16.739999999974327, 10.033770065097686 
16.749999999974303, 9.32999070773147 
16.75999999997428, 9.98514300470074 
16.769999999974257, 9.880583391708194 
16.779999999974233, 10.23661985738336 
16.78999999997421, 10.23987871321497 
16.799999999974187, -8.442496714810948 
16.809999999974163, -8.44097315960008 
16.81999999997414, 9.725934414946364 
16.829999999974117, 10.45254954345277 
16.839999999974093, -4.198185401030943 
16.84999999997407, -8.195895392602406 
16.859999999974047, -5.351905790505354 
16.869999999974024, -8.235800499800828 
16.879999999974, -8.203836250031983 
16.889999999973977, 10.441092015567834 
16.899999999973954, 10.391320581805102 
16.90999999997393, -8.375346591799495 
16.919999999973907, -8.429734953391748 
16.929999999973884, 10.150392694051432 
16.93999999997386, 10.187833513600438 
16.949999999973837, 7.452236236294594 
16.959999999973814, 10.009473753493996 
16.96999999997379, 9.76263775927724 
16.979999999973767, 10.071417017848107 
16.989999999973744, 10.06638721602324 
16.99999999997372, -8.39490005811665 
17.009999999973697, -8.39165532291258 
17.019999999973674, 9.81198779773762 
17.02999999997365, 10.4236700217409 
17.039999999973627, -6.761838811341599 
17.049999999973604, -8.296647986895914 
17.05999999997358, -7.448242193189806 
17.069999999973557, -7.933825696748334 
17.079999999973534, -7.911808141914351 
17.08999999997351, 10.286667972522991 
17.099999999973488, 10.269846006992923 
17.109999999973464, -7.956262185534088 
17.11999999997344, -8.291332616364393 
17.129999999973418, 9.680246521407453 
17.139999999973394, 10.131904858971973 
17.14999999997337, 9.372589496927521 
17.159999999973348, -7.7055919737276355 
17.169999999973324, -7.726088859506372 
17.1799999999733, -6.704854204063464 
17.189999999973278, -7.789880702235514 
17.199999999973254, -7.733394804126166 
17.20999999997323, 9.744990938064266 
17.219999999973208, 9.881655981787935 
17.229999999973185, -7.430792647894741 
17.23999999997316, -7.946923300683899 
17.249999999973138, -7.049812637074176 
17.259999999973115, 9.917474770257012 
17.26999999997309, 9.922679175456574 
17.279999999973068, 6.397644509071929 
17.289999999973045, 9.908668850348574 
17.29999999997302, 9.719038999707157 
17.309999999972998, -7.859893078444853 
17.319999999972975, -7.919518606502207 
17.32999999997295, 9.775755059125325 
17.339999999972928, 9.856424868992194 
17.349999999972905, 9.156492926691445 
17.35999999997288, -7.753030104003905 
17.36999999997286, -7.752906069093354 
17.379999999972835, -6.965540789548636 
17.38999999997281, -7.686089527822409 
17.39999999997279, -7.356271810580398 
17.409999999972765, 9.961176173294412 
17.41999999997274, 10.056336212770805 
17.42999999997272, -8.059717464258847 
17.439999999972695, -8.21234553102629 
17.449999999972672, -7.472720652909734 
17.45999999997265, 10.205768413931652 
17.469999999972625, 10.188449011566627 
17.479999999972602, -7.833472523665927 
17.48999999997258, -7.826996934054033 
17.499999999972555, -7.6089897232570864 
17.509999999972532, -8.339376596044177 
17.51999999997251, 10.116322259142372 
17.529999999972485, 10.453277949737574 
17.539999999972462, 9.589776997103828 
17.54999999997244, -8.425855169356593 
17.559999999972415, -8.397641377592148 
17.569999999972392, 10.077265995613136 
17.57999999997237, 10.05738274549532 
17.589999999972346, 9.977307842607772 
17.599999999972322, 10.006444756904514 
17.6099999999723, 9.435544999657735 
17.619999999972276, 10.19773649951715 
17.629999999972252, 9.617655938423885 
17.63999999997223, -8.424597819519887 
17.649999999972206, -8.037108113799901 
17.659999999972182, 10.421351047750361 
17.66999999997216, 10.425132764816743 
17.679999999972136, -8.201897233477004 
17.689999999972112, -8.201153838738676 
17.69999999997209, -7.864611027217182 
17.709999999972066, -8.187868533617456 
17.719999999972043, 10.124519031155174 
17.72999999997202, 10.421099616103067 
17.739999999971996, 9.603762578206615 
17.749999999971973, -8.413578738832909 
17.75999999997195, -8.386393158658652 
17.769999999971926, 10.196174152597095 
17.779999999971903, 10.164379768910255 
17.78999999997188, 9.940648572233178 
17.799999999971856, 9.961107376208366 
17.809999999971833, 8.85663375200977 
17.81999999997181, 10.013432599386487 
17.829999999971786, 9.432222237803957 
17.839999999971763, -8.365424289335914 
17.84999999997174, -8.16835767104083 
17.859999999971716, 10.374772757691183 
17.869999999971693, 10.386822744279499 
17.87999999997167, -8.270625177854697 
17.889999999971646, -8.273794327505502 
17.899999999971623, -1.5910302289003257 
17.9099999999716, -7.628453155645554 
17.919999999971576, -7.367313460737885 
17.929999999971553, 9.96247502720278 
17.93999999997153, 9.896598664599638 
17.949999999971507, -7.866941085735087 
17.959999999971483, -7.957937400056781 
17.96999999997146, 9.583906747466363 
17.979999999971437, 9.784340771003597 
17.989999999971413, 8.87525359882119 
17.99999999997139, 9.263024642552015 
18.009999999971367, 9.261361902749323 
18.019999999971343, 8.154619316176873 
18.02999999997132, 9.329196183968044 
18.039999999971297, 9.217356622795036 
18.049999999971273, -7.628247269528711 
18.05999999997125, -7.60469354311616 
18.069999999971227, 9.205145114115066 
18.079999999971204, 9.64750309916694 
18.08999999997118, 8.366760380120507 
18.099999999971157, -7.482588419503097 
18.109999999971134, -7.368997824388243 
18.11999999997111, -7.3649988830243185 
18.129999999971087, -7.394977236282429 
18.139999999971064, 9.43763294178942 
18.14999999997104, 9.602822984138102 
18.159999999971017, 8.755499956642216 
18.169999999970994, -7.5727606540657435 
18.17999999997097, -7.581709193473911 
18.189999999970947, 9.284522084135657 
18.199999999970924, 9.323484037426836 
18.2099999999709, 8.374359099299808 
18.219999999970877, 9.197059955092872 
18.229999999970854, 9.188463490403532 
18.23999999997083, 8.946008454093507 
18.249999999970807, 9.457516980080475 
18.259999999970784, 9.02100644823087 
18.26999999997076, -7.654387091997684 
18.279999999970737, -7.584451824321309 
18.289999999970714, 9.537494987588193 
18.29999999997069, 9.660271501527339 
18.309999999970668, -3.774160545289631 
18.319999999970644, -7.363406876630279 
18.32999999997062, -7.069550759029892 
18.339999999970598, -7.922801085077362 
18.349999999970574, -7.947686531383137 
18.35999999997055, 10.030017025024716 
18.369999999970528, 10.05465749893016 
18.379999999970504, -2.3554483985720096 
18.38999999997048, -8.026631082865375 
18.399999999970458, -7.992844416090536 
18.409999999970434, 9.65002969150177 
18.41999999997041, 9.639980923755143 
18.429999999970388, 9.467701125083199 
18.439999999970365, 9.60950471060838 
18.44999999997034, 4.206679880547123 
18.459999999970318, 10.168844589480903 
18.469999999970295, 10.159250227272839 
18.47999999997027, -8.34020624773788 
18.489999999970248, -8.324772663511995 
18.499999999970225, 10.014570410361214 
18.5099999999702, 10.339345425075527 
18.519999999970178, -7.063510731992343 
18.529999999970155, -8.013750025772122 
18.53999999997013, -3.6247332149545883 
18.549999999970108, -8.222577775237578 
18.559999999970085, -8.195537137227387 
18.56999999997006, 10.3699977113587 
18.57999999997004, 10.327203271655895 
18.589999999970015, -8.28110470468338 
18.59999999996999, -8.348875954102473 
18.60999999996997, 9.964300798390662 
18.619999999969945, 10.04500986471255 
18.62999999996992, 9.35629335814611 
18.6399999999699, 9.946715988611317 
18.649999999969875, 9.87104629284832 
18.659999999969852, 10.078285959392115 
18.66999999996983, 10.084002313240516 
18.679999999969805, -8.327047119468224 
18.689999999969782, -8.333575908472953 
18.69999999996976, 9.621765416915016 
18.709999999969735, 10.350556748222797 
18.719999999969712, 8.9839260970809 
18.72999999996969, -8.154858914519377 
18.739999999969665, -7.176087862970666 
18.749999999969642, -8.079098633189076 
18.75999999996962, -8.071163372752808 
18.769999999969595, 10.333076132535655 
18.779999999969572, 10.322287157896511 
18.78999999996955, -7.895674305503654 
18.799999999969526, -8.331205702525775 
18.809999999969502, 9.082290858835655 
18.81999999996948, 10.12374221653566 
18.829999999969456, 9.224165845606805 
18.839999999969432, 9.854575744328852 
18.84999999996941, 9.83661383199431 
18.859999999969386, 9.860080946808036 
18.869999999969362, 9.901729974154103 
18.87999999996934, -8.097182244651876 
18.889999999969316, -8.252317005041945 
18.899999999969292, -7.511366081541128 
18.90999999996927, 10.276309963449803 
18.919999999969246, 10.255556429158293 
18.929999999969223, -8.162569672143096 
18.9399999999692, -8.132739427718235 
18.949999999969176, -7.533036541521026 
18.959999999969153, -7.648551024795159 
18.96999999996913, 8.5297747933712 
18.979999999969106, 9.97725737634506 
18.989999999969083, 9.16604732742763 
18.99999999996906, -7.962058231232708 
19.009999999969036, -7.968611323548157 
19.019999999969013, 9.784382629951043 
19.02999999996899, 9.793385090176386 
19.039999999968966, 4.015384986472289 
19.049999999968943, 9.317013197235623 
19.05999999996892, 9.28298452548287 
19.069999999968896, 9.33132152513862 
19.079999999968873, 9.375525991439535 
19.08999999996885, -6.3607906001770385 
19.099999999968826, -7.681139841213273 
19.109999999968803, -7.309999163644699 
19.11999999996878, 9.676964736412167 
19.129999999968756, 9.697437154189322 
19.139999999968733, -7.481831886389903 
19.14999999996871, -7.539188391593735 
19.159999999968687, -6.6528030719803795 
19.169999999968663, -7.425453730714288 
19.17999999996864, -7.413579120864485 
19.189999999968617, 9.639402515988523 
19.199999999968593, 9.638352655922173 
19.20999999996857, -6.8814387544055275 
19.219999999968547, -7.628020462732112 
19.229999999968523, -7.589188042419169 
19.2399999999685, 9.376405013011574 
19.249999999968477, 9.366306773476527 
19.259999999968453, 8.817130264638516 
19.26999999996843, 9.235586315895251 
19.279999999968407, 8.918271411024541 
19.289999999968384, 9.435543237223479 
19.29999999996836, 9.443467030418924 
19.309999999968337, -7.617659702904426 
19.319999999968314, -7.655238549289097 
19.32999999996829, -6.907147231264821 
19.339999999968267, 9.659892010730625 
19.349999999968244, 9.655438542099446 
19.35999999996822, -7.376556992617784 
19.369999999968197, -7.387018011345424 
19.379999999968174, -7.109553645657745 
19.38999999996815, -7.710255771389404 
19.399999999968127, -7.658439807354988 
19.409999999968104, 9.830232775774265 
19.41999999996808, 9.800023969261911 
19.429999999968057, -7.567447144636953 
19.439999999968034, -7.802503305720454 
19.44999999996801, -1.705162968603797 
19.459999999967987, 9.443277020555305 
19.469999999967964, 9.358958220202126 
19.47999999996794, 9.384441377491026 
19.489999999967917, 9.398914380986106 
19.499999999967894, -6.9403760724535175 
19.50999999996787, -8.049154834613093 
19.519999999967848, -7.364254659232914 
19.529999999967824, 10.080404306806988 
19.5399999999678, 10.083195817525962 
19.549999999967778, -8.032352129491906 
19.559999999967754, -8.033442005784813 
19.56999999996773, 8.871747485425795 
19.579999999967708, 9.959463769990716 
19.589999999967684, 9.916818391194154 
19.59999999996766, -6.971401346481993 
19.609999999967638, -8.024691530934337 
19.619999999967614, 2.312754889968155 
19.62999999996759, 10.06925913569968 
19.639999999967568, 9.48667985222353 
19.649999999967545, -8.011876820592105 
19.65999999996752, -8.01869901325487 
19.669999999967498, 9.156276915866133 
19.679999999967475, 9.282152177022223 
19.68999999996745, 7.977963249441707 
19.699999999967428, 9.321375299147284 
19.709999999967405, 9.319665714204563 
19.71999999996738, -7.624168295368667 
19.729999999967358, -7.64580805190583 
19.739999999967335, -6.158875503321025 
19.74999999996731, 9.665458195824943 
19.759999999967288, 9.655810520290327 
19.769999999967265, -7.514890572547657 
19.77999999996724, -7.514661465073298 
19.78999999996722, -3.3379459273102605 
19.799999999967195, -7.360178937607579 
19.80999999996717, -7.2475602178145895 
19.81999999996715, 9.58603868129705 
19.829999999967125, 9.558106186711981 
19.8399999999671, -7.141125077672787 
19.84999999996708, -7.570062423945212 
19.859999999967055, -6.911525890878354 
19.869999999967032, 9.325199635481214 
19.87999999996701, 9.282878278889157 
19.889999999966985, 9.12874015643467 
19.899999999966962, 9.173964435352968 
19.90999999996694, 5.333974454837093 
19.919999999966915, 9.387056760506379 
19.929999999966892, 9.382096751398905 
19.93999999996687, -7.586878332950863 
19.949999999966845, -7.5944239719321 
19.959999999966822, 5.111660719038568 
19.9699999999668, 9.604761457400459 
19.979999999966775, 9.586316471608637 
19.989999999966752, -7.320106387601685 
19.99999999996673, -7.319919622219326 
20.009999999966706, -6.743066264194712 
20.019999999966682, -7.748149941868985 
20.02999999996666, -7.606378183036824 
20.039999999966636, 9.86036610856344 
20.049999999966612, 9.796494316769301 
20.05999999996659, -7.744942300007724 
20.069999999966566, -7.830182457826288 
20.079999999966542, 7.89912820237538 
20.08999999996652, 9.457743337734433 
20.099999999966496, 9.190346340908567 
20.109999999966472, 9.414378875770169 
20.11999999996645, 9.417795779773801 
20.129999999966426, -7.905322772096669 
20.139999999966403, -8.010604450061312 
20.14999999996638, -7.312694940251977 
20.159999999966356, 10.046373759203249 
20.169999999966333, 10.037370129837596 
20.17999999996631, -7.99230747483125 
20.189999999966286, -7.982182056799376 
20.199999999966263, 9.03789479486815 
20.20999999996624, 9.911356826356407 
20.219999999966216, 9.818767154606373 
20.229999999966193, -7.610071047221704 
20.23999999996617, -7.962573196157862 
20.249999999966146, 9.180830755328511 
20.259999999966123, 9.997413036506282 
20.2699999999661, 9.21571904905087 
20.279999999966076, -7.940311775629114 
20.289999999966053, -7.943054254366956 
20.29999999996603, -6.351349815146773 
20.309999999966006, -7.4131440383339156 
20.319999999965983, -7.36536001120939 
20.32999999996596, -7.509960141048668 
20.339999999965936, -7.547446050468712 
20.349999999965913, -6.784584139020849 
20.35999999996589, 9.602396288525071 
20.369999999965867, 9.603656099784654 
20.379999999965843, -7.615025170943541 
20.38999999996582, -7.624713820580981 
20.399999999965797, -0.654154832733874 
20.409999999965773, 9.608360145446806 
20.41999999996575, 9.598786173699564 
20.429999999965727, -4.725861381392511 
20.439999999965703, -7.730017640033324 
20.44999999996568, -7.711741371698871 
20.459999999965657, 9.810088643583244 
20.469999999965633, 9.797296371809749 
20.47999999996561, -7.083561844540242 
20.489999999965587, -7.775954695210632 
20.499999999965564, -7.434495533883194 
20.50999999996554, 9.317014613512193 
20.519999999965517, 9.29790120881201 
20.529999999965494, 9.224483852085692 
20.53999999996547, 9.322201487878953 
20.549999999965447, 4.365160932565342 
20.559999999965424, -7.712633446728054 
20.5699999999654, -7.610212153682296 
20.579999999965377, 9.679073931181211 
20.589999999965354, 9.738435305876294 
20.59999999996533, -7.426627223840986 
20.609999999965307, -7.633340774501835 
20.619999999965284, -5.969404172666116 
20.62999999996526, -6.933868007827945 
20.639999999965237, -6.947634147536057 
20.649999999965214, 8.967295729117865 
20.65999999996519, 9.18999438171112 
20.669999999965167, 8.776035131869628 
20.679999999965144, -7.125823794293538 
20.68999999996512, -7.169326249751509 
20.699999999965097, 6.534099155322956 
20.709999999965074, 8.92493038950415 
20.71999999996505, 8.856475763436706 
20.729999999965028, 8.742561810156465 
20.739999999965004, 8.789807322279536 
20.74999999996498, 7.2372828762093295 
20.759999999964958, 9.321203812835808 
20.769999999964934, 9.334402396510956 
20.77999999996491, -7.431635666937581 
20.789999999964888, -7.502174710029531 
20.799999999964864, -6.658367044720315 
20.80999999996484, 9.496288350103807 
20.819999999964818, 9.503273727969558 
20.829999999964794, -7.0536198185927415 
20.83999999996477, -7.127945458856959 
20.849999999964748, 0.317976658955911 
20.859999999964725, 9.531515794192192 
20.8699999999647, 9.41745350450422 
20.879999999964678, -7.418446164533329 
20.889999999964655, -7.522122094879919 
20.89999999996463, 7.359044911819794 
20.909999999964608, 9.36278802293645 
20.919999999964585, 9.170451110769203 
20.92999999996456, -5.972922174046806 
20.939999999964538, -6.94241525776463 
20.949999999964515, -6.899546195854306 
20.95999999996449, -7.059414569122059 
20.969999999964468, -7.190236811199474 
20.979999999964445, -6.795352086277431 
20.98999999996442, 9.192291556425596 
20.9999999999644, 9.231905939826644 
21.009999999964375, -6.627378997024199 
21.01999999996435, -7.2092514261086125 
21.02999999996433, -6.81188372106683 
21.039999999964305, 8.874922088649937 
21.04999999996428, 9.214388155854214 
21.05999999996426, 8.784074306495508 
21.069999999964235, -6.980775419481302 
21.079999999964212, -7.197653236305785 
21.08999999996419, -5.602323526857807 
21.099999999964165, 9.196571762133967 
21.109999999964142, 9.139799739033895 
21.11999999996412, -6.8199168417659495 
21.129999999964095, -7.140204300032583 
21.139999999964072, -6.9941512849883365 
21.14999999996405, -6.941126746544674 
21.159999999964025, -6.972179027771993 
21.169999999964002, -5.825794256485478 
21.17999999996398, 9.124482441378781 
21.189999999963955, 9.184804960711928 
21.199999999963932, -3.4360365697237136 
21.20999999996391, -7.321883513150148 
21.219999999963886, -7.163966390554843 
21.229999999963862, 9.215323184340505 
21.23999999996384, 9.326675316691459 
21.249999999963816, 5.0096386184178865 
21.259999999963792, -6.797728354536018 
21.26999999996377, -6.778314063307538 
21.279999999963746, 9.053231084851774 
21.289999999963722, 9.058628051703066 
21.2999999999637, 7.62162786184288 
21.309999999963676, -7.0355167664388745 
21.319999999963652, -7.036894237804406 
21.32999999996363, 8.765975144212536 
21.339999999963606, 8.808515727069182 
21.349999999963583, 7.945909986774664 
21.35999999996356, 8.64430851735771 
21.369999999963536, 8.652530706282345 
21.379999999963513, 1.9719382983620863 
21.38999999996349, 9.32952353838076 
21.399999999963466, 9.330533405617942 
21.409999999963443, -7.477506729316778 
21.41999999996342, -7.496517763250573 
21.429999999963396, -6.385607905684621 
21.439999999963373, 9.498619761829547 
21.44999999996335, 9.494192363696587 
21.459999999963326, -7.088301106518683 
21.469999999963303, -7.112247727742418 
21.47999999996328, 8.58033178736407 
21.489999999963256, 9.50201302112991 
21.499999999963233, 9.09127266560414 
21.50999999996321, -7.454564558336169 
21.519999999963186, -7.490988012262615 
21.529999999963163, 9.133383194933877 
21.53999999996314, 9.327089192437175 
21.549999999963116, 8.72602059491173 
21.559999999963093, 6.803405046604292 
21.56999999996307, 7.937571608069227 
21.579999999963047, 7.921927165611864 
21.589999999963023, -6.402788240873095 
21.599999999963, -6.640722337907226 
21.609999999962977, -6.558085177659822 
21.619999999962953, 8.291634014332681 
21.62999999996293, 8.669447907196105 
21.639999999962907, 8.612251342160612 
21.649999999962883, -6.59363035346401 
21.65999999996286, -6.5905039014181765 
21.669999999962837, -5.299059711547465 
21.679999999962813, 8.680435479722501 
21.68999999996279, 8.758337546320151 
21.699999999962767, 8.271679152206882 
21.709999999962744, -6.58117877193119 
21.71999999996272, -6.7262043850068665 
21.729999999962697, -6.4746619469679585 
21.739999999962674, 8.617843365701537 
21.74999999996265, 8.60495091689573 
21.759999999962627, -3.491391635114396 
21.769999999962604, -6.497758483241168 
21.77999999996258, -6.500139693911403 
21.789999999962557, -5.5411392871641745 
21.799999999962534, -6.704956384905557 
21.80999999996251, -6.704382349264561 
21.819999999962487, -4.581410385335343 
21.829999999962464, 8.738599347723598 
21.83999999996244, 8.74233730456348 
21.849999999962417, -6.639089818935828 
21.859999999962394, -6.71754671708126 
21.86999999996237, -6.132438718032732 
21.879999999962347, 7.616289118683977 
21.889999999962324, 8.787997309295552 
21.8999999999623, 8.725539503161873 
21.909999999962277, -5.54580810611732 
21.919999999962254, -6.743496589274509 
21.92999999996223, -6.718827725626397 
21.939999999962208, 8.688354007263653 
21.949999999962184, 8.689560637407745 
21.95999999996216, 7.620362172988732 
21.969999999962138, -6.61273242358628 
21.979999999962114, -6.624283133799105 
21.98999999996209, -4.531227683684255 
21.999999999962068, -6.622727676654762 
22.009999999962044, -6.6268232879533615 
22.01999999996202, -5.7697009286017416 
22.029999999961998, 8.669192684832318 
22.039999999961974, 8.684528163453265 
22.04999999996195, -6.159204722502769 
22.059999999961928, -6.725178215652187 
22.069999999961905, -6.619158508094925 
22.07999999996188, 7.270503541126606 
22.089999999961858, 8.763943733017292 
22.099999999961835, 8.724049659933959 
22.10999999996181, -5.960171994474456 
22.119999999961788, -6.682808485253017 
22.129999999961765, -6.675712028819248 
22.13999999996174, 8.682170342589403 
22.149999999961718, 8.698415011079716 
22.159999999961695, 7.755919734275364 
22.16999999996167, -6.624192610782688 
22.179999999961648, -6.65373800475197 
22.189999999961625, -4.921695903609888 
22.1999999999616, -6.463672745276424 
22.20999999996158, -6.483245564574406 
22.219999999961555, -5.655857864136145 
22.22999999996153, 8.457165151197568 
22.23999999996151, 8.57340324204881 
22.249999999961485, 8.413323248552423 
22.25999999996146, -6.662710200489029 
22.26999999996144, -6.651969298855114 
22.279999999961415, 7.0468867701877755 
22.289999999961392, 8.690041632364363 
22.29999999996137, 8.687432526396947 
22.309999999961345, 7.52595237901658 
22.319999999961322, -6.483484312179426 
22.3299999999613, -6.535971530368466 
22.339999999961275, -4.9903469944845575 
22.349999999961252, 8.58873514436672 
22.35999999996123, 8.566409900703277 
22.369999999961205, -5.661948389975912 
22.379999999961182, -6.549473108581405 
22.38999999996116, -6.541351603439604 
22.399999999961135, -5.161287951968113 
22.409999999961112, -6.146988160638649 
22.41999999996109, -6.146880438249411 
22.429999999961066, -5.148759365633598 
22.439999999961042, 8.17796666475166 
22.44999999996102, 8.222505305711168 
22.459999999960996, 7.945283379274045 
22.469999999960972, -6.308486357351589 
22.47999999996095, -6.3005025787061015 
22.489999999960926, -1.6126905841189203 
22.499999999960902, 8.35050769336471 
22.50999999996088, 8.360100334004418 
22.519999999960856, 4.995366300828847 
22.529999999960832, -5.599047399370644 
22.53999999996081, -6.1665013279181 
22.549999999960786, -6.136721183224375 
22.559999999960763, 8.173382031719393 
22.56999999996074, 8.180026849317297 
22.579999999960716, 7.206073447936356 
22.589999999960693, -6.080194346719591 
22.59999999996067, -6.145095773144261 
22.609999999960646, -6.058199057726286 
22.619999999960623, -5.728970910454864 
22.6299999999606, -6.048261862181393 
22.639999999960576, -6.023670809154097 
22.649999999960553, 6.873156507115678 
22.65999999996053, 8.079402447136456 
22.669999999960506, 8.081358270745243 
22.679999999960483, -5.838985778403876 
22.68999999996046, -6.114815822786755 
22.699999999960436, -6.066015724161824 
22.709999999960413, 7.17279228134967 
22.71999999996039, 8.22335799993185 
22.729999999960366, 8.222866944607576 
22.739999999960343, 7.075187740537702 
22.74999999996032, -6.067592954123594 
22.759999999960296, -6.124964868880912 
22.769999999960273, -5.934394780347892 
22.77999999996025, 8.07078758062008 
22.789999999960227, 8.06660995419871 
22.799999999960203, 7.131768259497602 
22.80999999996018, -5.992660292625832 
22.819999999960157, -6.023226375318945 
22.829999999960133, -5.8522860777769585 
22.83999999996011, -6.020346863682178 
22.849999999960087, -6.194206742042501 
22.859999999960063, -6.149158589107002 
22.86999999996004, 7.207889938024198 
22.879999999960017, 8.220354179639461 
22.889999999959993, 8.212261869173808 
22.89999999995997, -6.147212635149326 
22.909999999959947, -6.182234997121496 
22.919999999959924, -5.761070727920073 
22.9299999999599, 5.422453073269249 
22.939999999959877, 8.423201127382969 
22.949999999959854, 8.41489421426002 
22.95999999995983, 3.8512478630495437 
22.969999999959807, -6.3649620394256745 
22.979999999959784, -6.372783010590661 
22.98999999995976, 7.876581225559386 
22.999999999959737, 8.265908836092674 
23.009999999959714, 8.221464433799596 
23.01999999995969, -5.210902058750781 
23.029999999959667, -6.160702430265251 
23.039999999959644, -6.159687183256695 
23.04999999995962, -5.154855166254304 
23.059999999959597, 8.387081257670445 
23.069999999959574, 8.51574125989488 
23.07999999995955, 8.39593553379003 
23.089999999959527, -6.664943145606715 
23.099999999959504, -6.6571960351031745 
23.10999999995948, 6.1550776188164225 
23.119999999959457, 8.684359113912233 
23.129999999959434, 8.682529875680531 
23.13999999995941, -5.865888296695067 
23.149999999959388, -6.174340014257309 
23.159999999959364, -6.121253748102204 
23.16999999995934, 8.362884005534562 
23.179999999959318, 8.365562041122487 
23.189999999959294, 7.437241188822858 
23.19999999995927, -6.316462955022079 
23.209999999959248, -6.339433873756343 
23.219999999959224, -4.295274867532843 
23.2299999999592, 8.028152523180069 
23.239999999959178, 8.02101196593108 
23.249999999959154, 7.158538076893376 
23.25999999995913, 8.048727022825751 
23.269999999959108, 8.046870028993787 
23.279999999959085, -6.0963636675635815 
23.28999999995906, -6.3192780854801445 
23.299999999959038, -6.2614717421809285 
23.309999999959015, 7.397276574235022 
23.31999999995899, 8.341153468281355 
23.329999999958968, 8.32521891550474 
23.339999999958945, -6.072286906305385 
23.34999999995892, -6.098179662439199 
23.359999999958898, -5.125727183232856 
23.369999999958875, 8.469617141918686 
23.37999999995885, 8.460924929544628 
23.389999999958828, -0.3788581537918704 
23.399999999958805, -6.432483491068591 
23.40999999995878, -6.436008662133436 
23.41999999995876, 8.059553501981089 
23.429999999958735, 8.244027809287198 
23.43999999995871, 8.185321244140663 
23.44999999995869, 7.688251171225741 
23.459999999958665, 8.005764308954863 
23.46999999995864, 7.978457451493443 
23.47999999995862, -6.438907196247588 
23.489999999958595, -6.467234954525774 
23.499999999958572, -6.044850446966613 
23.50999999995855, 8.399889128781904 
23.519999999958525, 8.492394381753453 
23.529999999958502, 8.293823727793711 
23.53999999995848, -6.383273788690254 
23.549999999958455, -6.375824636787696 
23.559999999958432, -5.095396143741397 
23.56999999995841, -6.158144343779219 
23.579999999958385, -6.158332289807919 
23.589999999958362, 8.155736037475643 
23.59999999995834, 8.300984874681456 
23.609999999958315, 8.217518974763603 
23.619999999958292, -5.6069916426565936 
23.62999999995827, -6.270285810798322 
23.639999999958246, -6.253922089834701 
23.649999999958222, 7.838260475274464 
23.6599999999582, 7.879930479764174 
23.669999999958176, 7.778610343491176 
23.679999999958152, 7.883311088885469 
23.68999999995813, 8.046446862297591 
23.699999999958106, 8.007740912515038 
23.709999999958082, -6.238805099829557 
23.71999999995806, -6.245669495657117 
23.729999999958036, -5.226071499174055 
23.739999999958012, 8.223201674319622 
23.74999999995799, 8.276069650057801 
23.759999999957966, 7.9897049027740366 
23.769999999957943, -5.909254348541429 
23.77999999995792, -5.911050836919175 
23.789999999957896, 7.438761801667537 
23.799999999957873, 8.140639952513817 
23.80999999995785, 8.108624742715758 
23.819999999957826, -5.2022182179104375 
23.829999999957803, -6.10526100126485 
23.83999999995778, -6.103414477484128 
23.849999999957756, 7.600530931088466 
23.859999999957733, 7.819145905909056 
23.86999999995771, 7.791538884249673 
23.879999999957686, 6.270578731652668 
23.889999999957663, 7.837188783212069 
23.89999999995764, 7.828478369098701 
23.909999999957616, -6.018269560458667 
23.919999999957593, -6.094606001169105 
23.92999999995757, -6.013398998074701 
23.939999999957546, 7.153236346979419 
23.949999999957523, 8.119884480444108 
23.9599999999575, 8.107993852300797 
23.969999999957476, -5.799473622969424 
23.979999999957453, -5.8530031362222426 
23.98999999995743, -5.726266927723048 
23.999999999957407, 8.143157941761734 
24.009999999957383, 8.145458070881089 
24.01999999995736, 7.065481126208054 
24.029999999957337, -6.072088464248956 
24.039999999957313, -6.113687661120833 
24.04999999995729, -5.894750081033783 
24.059999999957267, 7.8701727620498145 
24.069999999957243, 7.869451008485532 
24.07999999995722, 6.503363479965552 
24.089999999957197, 7.782917607109454 
24.099999999957173, 7.793984286987678 
24.10999999995715, 6.673968859932414 
24.119999999957127, -6.102942873879531 
24.129999999957104, -6.097751307782909 
24.13999999995708, -4.74310053673657 
24.149999999957057, 8.112373173534591 
24.159999999957034, 8.127297491410511 
24.16999999995701, 3.763939537428663 
24.179999999956987, -5.923411863762775 
24.189999999956964, -5.913188313796867 
24.19999999995694, 8.224031314626197 
24.209999999956917, 8.337813054954475 
24.219999999956894, 8.222723585621027 
24.22999999995687, -5.596222666488499 
24.239999999956847, -6.300368397363143 
24.249999999956824, -6.280781894836205 
24.2599999999568, 8.100102218749688 
24.269999999956777, 8.113733312614283 
24.279999999956754, 7.3865406069459425 
24.28999999995673, 7.79605397406935 
24.299999999956707, 7.836491064160593 
24.309999999956684, 7.737246809802135 
24.31999999995666, -6.256539506423864 
24.329999999956637, -6.264195111345321 
24.339999999956614, -5.300690406166971 
24.34999999995659, 8.241308244029304 
24.359999999956568, 8.289123197618377 
24.369999999956544, 7.938149700960631 
24.37999999995652, -6.164425774499884 
24.389999999956498, -6.1577462868534605 
24.399999999956474, -5.62166800858016 
24.40999999995645, -6.176578701967104 
24.419999999956428, -6.178705122682133 
24.429999999956404, 8.099017026829918 
24.43999999995638, 8.29619773632184 
24.449999999956358, 8.227556313797447 
24.459999999956334, -5.462194038480226 
24.46999999995631, -6.264513383922757 
24.479999999956288, -6.251056748004955 
24.489999999956265, 7.748395139663552 
24.49999999995624, 7.819362440344145 
24.509999999956218, 7.765404770904834 
24.519999999956195, 7.531968792535709 
24.52999999995617, 8.117849727444296 
24.539999999956148, 8.098191729797211 
24.549999999956125, -6.277399665799974 
24.5599999999561, -6.2920234703172415 
24.569999999956078, -5.479873827859289 
24.579999999956055, 8.226077433429753 
24.58999999995603, 8.323752811521256 
24.599999999956008, 8.190772391177624 
24.609999999955985, -5.8748006679880405 
24.61999999995596, -5.883071261551598 
24.62999999995594, 2.7569911720146085 
24.639999999955915, 8.07106754111118 
24.64999999995589, 8.05456426872955 
24.65999999995587, -3.6598051307080097 
24.669999999955845, -6.032845275696981 
24.67999999995582, -6.038164323585189 
24.6899999999558, 3.93754962247652 
24.699999999955775, 7.708382666071944 
24.709999999955752, 7.699628387059249 
24.71999999995573, 6.969653952278387 
24.729999999955705, 7.815790805746554 
24.739999999955682, 7.818749105868801 
24.74999999995566, -3.9571938966287794 
24.759999999955635, -6.034787143020009 
24.769999999955612, -6.01636984995691 
24.77999999995559, 6.471135446168576 
24.789999999955565, 8.060405847958332 
24.799999999955542, 8.064267716586636 
24.80999999995552, -2.903579392963551 
24.819999999955495, -5.718750167296921 
24.829999999955472, -5.707903953157496 
24.83999999995545, 7.866912634723718 
24.849999999955426, 7.932333985047197 
24.859999999955402, 7.850334022789097 
24.86999999995538, -4.884774544326283 
24.879999999955356, -5.897195981836429 
24.889999999955332, -5.892123903412182 
24.89999999995531, 7.396380170134 
24.909999999955286, 7.589956679206128 
24.919999999955262, 7.568568503092801 
24.92999999995524, 6.12285158373058 
24.939999999955216, 7.685454195697798 
24.949999999955192, 7.683454885172914 
24.95999999995517, -5.458613900422834 
24.969999999955146, -5.902301569063573 
24.979999999955123, -5.877869371356343 
24.9899999999551, 6.741200308929736 
24.999999999955076, 7.931399022310326 
