t, s[1].omega / s[0].omega 
0, -1.3299973563374292 
0.009999999999999995, -1.3296775768499702 
0.019999999999999934, -1.329251728801512 
0.029999999999999874, -1.3287312730560186 
0.04000000000000012, -1.3281370805758042 
0.050000000000000405, -1.327501263372375 
0.06000000000000069, -1.3268671515072954 
0.07000000000000098, -1.3262843919415712 
0.08000000000000126, -1.3257973150187066 
0.09000000000000155, -1.325429574259188 
0.10000000000000184, -1.3251740659184594 
0.11000000000000212, -1.3249964427009853 
0.12000000000000241, -1.3248499729961751 
0.130000000000002, -1.3246902464047583 
0.1400000000000009, -1.3244811479295628 
0.1499999999999998, -1.3241925430872892 
0.1599999999999987, -1.3237946881209204 
0.1699999999999976, -1.3232538544299082 
0.1799999999999965, -1.3225324716482603 
0.1899999999999954, -1.3215972324946952 
0.1999999999999943, -1.320438494438092 
0.2099999999999932, -1.319099797720571 
0.2199999999999921, -1.3177030963193683 
0.229999999999991, -1.3164384195544987 
0.2399999999999899, -1.3154932284729774 
0.2499999999999888, -1.3149526966337262 
0.2599999999999877, -1.3147572887527526 
0.2699999999999866, -1.3147587983829188 
0.2799999999999855, -1.3148121104902184 
0.2899999999999844, -1.3148250857740138 
0.2999999999999833, -1.3147568445148576 
0.3099999999999822, -1.314595589804424 
0.3199999999999811, -1.314339363631709 
0.32999999999998, -1.3139859999775658 
0.3399999999999789, -1.3135315634399087 
0.3499999999999778, -1.3129772559696338 
0.35999999999997667, -1.3123466897344398 
0.36999999999997557, -1.3117118338824238 
0.37999999999997447, -1.3112101722411404 
0.38999999999997337, -1.3110162162254955 
0.39999999999997227, -1.311249864676318 
0.40999999999997117, -1.3118828054073566 
0.41999999999997006, -1.3127412994991787 
0.42999999999996896, -1.3136074423327895 
0.43999999999996786, -1.3143203454543548 
0.44999999999996676, -1.3148093404823455 
0.45999999999996566, -1.3150725771649316 
0.46999999999996456, -1.3151417473077274 
0.47999999999996346, -1.315056520886939 
0.48999999999996235, -1.3148527298390709 
0.49999999999996125, -1.3145605234067426 
0.5099999999999602, -1.31420832469696 
0.519999999999959, -1.3138293980384355 
0.529999999999958, -1.3134671381640177 
0.5399999999999568, -1.3131733187319061 
0.5499999999999557, -1.3129951204182322 
0.5599999999999546, -1.3129557684766398 
0.5699999999999535, -1.3130427217594645 
0.5799999999999524, -1.3132129027555324 
0.5899999999999513, -1.3134098035874922 
0.5999999999999502, -1.3135802101826255 
0.6099999999999491, -1.3136833963813335 
0.619999999999948, -1.3136931025571283 
0.6299999999999469, -1.3135957176151432 
0.6399999999999458, -1.313387557460841 
0.6499999999999447, -1.3130726965043127 
0.6599999999999436, -1.312661883131023 
0.6699999999999425, -1.3121726717564237 
0.6799999999999414, -1.3116304629376032 
0.6899999999999403, -1.3110692477233619 
0.6999999999999392, -1.3105298167201125 
0.7099999999999381, -1.3100532481441385 
0.719999999999937, -1.3096699395649547 
0.7299999999999359, -1.3093887484380304 
0.7399999999999348, -1.3091932560290032 
0.7499999999999337, -1.3090484452945532 
0.7599999999999326, -1.3089130581543955 
0.7699999999999315, -1.3087492028362626 
0.7799999999999304, -1.3085250059179763 
0.7899999999999293, -1.3082120759011262 
0.7999999999999282, -1.3077817847505488 
0.8099999999999271, -1.3072037398284602 
0.819999999999926, -1.306448931380284 
0.8299999999999249, -1.3054994783294898 
0.8399999999999238, -1.3043653280264098 
0.8499999999999227, -1.3031036985913684 
0.8599999999999216, -1.3018288432280591 
0.8699999999999205, -1.300693309881011 
0.8799999999999194, -1.2998323820449365 
0.8899999999999183, -1.2992989483621429 
0.8999999999999172, -1.2990421279997926 
0.9099999999999161, -1.2989491123005474 
0.919999999999915, -1.2989080858763224 
0.9299999999999139, -1.2988433426780726 
0.9399999999999128, -1.2987155633935203 
0.9499999999999117, -1.2985067260684042 
0.9599999999999106, -1.2982056623754896 
0.9699999999999095, -1.2977996010527406 
0.9799999999999084, -1.2972723934828705 
0.9899999999999073, -1.2966110136241062 
0.9999999999999062, -1.295824064685562 
1.0099999999999052, -1.2949729508999543 
1.019999999999904, -1.2941993049534228 
1.029999999999903, -1.2937059339278352 
1.039999999999902, -1.293659121630666 
1.0499999999999008, -1.2940687071596142 
1.0599999999998997, -1.2947689793454988 
1.0699999999998986, -1.2955264345954958 
1.0799999999998975, -1.2961618938703972 
1.0899999999998964, -1.296594358436912 
1.0999999999998953, -1.2968177620609875 
1.1099999999998942, -1.2968611238214747 
1.119999999999893, -1.2967607416430555 
1.129999999999892, -1.2965481168418784 
1.1399999999998909, -1.2962485391116527 
1.1499999999998898, -1.295885861048875 
1.1599999999998887, -1.2954909195078161 
1.1699999999998876, -1.2951104043834585 
1.1799999999998865, -1.294809186445272 
1.1899999999998854, -1.2946571050371194 
1.1999999999998843, -1.2947002833358314 
1.2099999999998832, -1.294935061963301 
1.219999999999882, -1.2953064803769216 
1.229999999999881, -1.2957319912353569 
1.2399999999998799, -1.2961309634989928 
1.2499999999998788, -1.2964432893342233 
1.2599999999998777, -1.2966343205666409 
1.2699999999998766, -1.2966913736339403 
1.2799999999998755, -1.2966173322064738 
1.2899999999998744, -1.296424612746311 
1.2999999999998733, -1.2961309996213575 
1.3099999999998722, -1.295757879673536 
1.319999999999871, -1.2953306129807756 
1.32999999999987, -1.294879753535883 
1.3399999999998689, -1.2944407587007034 
1.3499999999998678, -1.2940497629254886 
1.3599999999998666, -1.2937352059133103 
1.3699999999998655, -1.2935088431507324 
1.3799999999998644, -1.2933615034219998 
1.3899999999998633, -1.29326643270236 
1.3999999999998622, -1.2931880025049964 
1.4099999999998611, -1.293090434258392 
1.41999999999986, -1.2929425389523004 
1.429999999999859, -1.292718270833209 
1.4399999999998578, -1.2923954467102294 
1.4499999999998567, -1.2919551414799615 
1.4599999999998556, -1.2913832332463087 
1.4699999999998545, -1.2906744950143803 
1.4799999999998534, -1.2898387683788752 
1.4899999999998523, -1.2889077630381252 
1.4999999999998512, -1.2879393416074034 
1.5099999999998501, -1.2870138858066018 
1.519999999999849, -1.2862171438736418 
1.529999999999848, -1.285610968067276 
1.5399999999998468, -1.2852072041527332 
1.5499999999998457, -1.2849652275683634 
1.5599999999998446, -1.284815905975779 
1.5699999999998435, -1.284691671730067 
1.5799999999998424, -1.2845425895850142 
1.5899999999998413, -1.2843359398969634 
1.5999999999998402, -1.2840478384548697 
1.6099999999998391, -1.283654474694976 
1.619999999999838, -1.2831264877491066 
1.629999999999837, -1.2824286467625414 
1.6399999999998358, -1.2815285074210991 
1.6499999999998347, -1.2804190947721132 
1.6599999999998336, -1.279155459140055 
1.6699999999998325, -1.2778854506651136 
1.6799999999998314, -1.2768300760220552 
1.6899999999998303, -1.2761847099659378 
1.6999999999998292, -1.2759994225378812 
1.709999999999828, -1.2761543409878053 
1.719999999999827, -1.2764532041490737 
1.729999999999826, -1.2767333646487546 
1.7399999999998248, -1.27690894720355 
1.7499999999998237, -1.2769555864652913 
1.7599999999998226, -1.276879523063739 
1.7699999999998215, -1.2766952667250393 
1.7799999999998204, -1.27641536993077 
1.7899999999998193, -1.2760490422575905 
1.7999999999998182, -1.2756073412739897 
1.809999999999817, -1.2751147014217277 
1.819999999999816, -1.2746252343435336 
1.8299999999998149, -1.2742343690434936 
1.8399999999998138, -1.2740658577794057 
1.8499999999998127, -1.2742206544851362 
1.8599999999998116, -1.274712543865809 
1.8699999999998105, -1.2754467928935729 
1.8799999999998094, -1.2762650243393225 
1.8899999999998083, -1.2770163166188992 
1.8999999999998072, -1.2776030734924084 
1.909999999999806, -1.277987512915893 
1.919999999999805, -1.2781746507589296 
1.9299999999998039, -1.2781909696143534 
1.9399999999998028, -1.278068904091807 
1.9499999999998017, -1.277839244516352 
1.9599999999998006, -1.2775299378812535 
1.9699999999997995, -1.2771689796853636 
1.9799999999997984, -1.2767888669601377 
1.9899999999997973, -1.2764291835519377 
1.9999999999997962, -1.276133227155534 
2.0099999999998173, -1.2759371270317392 
2.0199999999998384, -1.275856402003622 
2.0299999999998595, -1.2758792120939442 
2.0399999999998806, -1.275971092931491 
2.0499999999999017, -1.2760870916914608 
2.059999999999923, -1.2761835978885894 
2.069999999999944, -1.2762252966703487 
2.079999999999965, -1.276187218413961 
2.089999999999986, -1.2760540543649057 
2.100000000000007, -1.2758187675857209 
2.1100000000000283, -1.2754815612064783 
2.1200000000000494, -1.2750495502439914 
2.1300000000000705, -1.2745371929946119 
2.1400000000000916, -1.2739672855420623 
2.1500000000001127, -1.2733716961475405 
2.160000000000134, -1.2727900938020227 
2.170000000000155, -1.272264595978549 
2.180000000000176, -1.2718298420822138 
2.190000000000197, -1.2715017266023907 
2.2000000000002182, -1.2712712664151162 
2.2100000000002393, -1.2711083324133194 
2.2200000000002604, -1.2709728728277843 
2.2300000000002815, -1.2708258591664103 
2.2400000000003026, -1.270634213430855 
2.2500000000003237, -1.2703697809122807 
2.260000000000345, -1.2700057579613482 
2.270000000000366, -1.2695139807049511 
2.280000000000387, -1.2688655167469216 
2.290000000000408, -1.2680363847830693 
2.3000000000004293, -1.2670193938986662 
2.3100000000004504, -1.265840648759665 
2.3200000000004715, -1.264574181283009 
2.3300000000004926, -1.263341805081343 
2.3400000000005137, -1.262284648391552 
2.3500000000005348, -1.2615088855090013 
2.360000000000556, -1.2610374300873408 
2.370000000000577, -1.260807044326723 
2.380000000000598, -1.260712222893327 
2.390000000000619, -1.2606559029186826 
2.4000000000006403, -1.2605735967598088 
2.4100000000006614, -1.2604308189408027 
2.4200000000006825, -1.2602098835190612 
2.4300000000007036, -1.2598977484690208 
2.4400000000007247, -1.2594786463806862 
2.450000000000746, -1.2589321057321667 
2.460000000000767, -1.2582379779508286 
2.470000000000788, -1.2573922087672444 
2.480000000000809, -1.2564355014339659 
2.49000000000083, -1.2554841633450062 
2.5000000000008513, -1.2547282897548826 
2.5100000000008724, -1.2543590641838167 
2.5200000000008935, -1.25445067543227 
2.5300000000009146, -1.2549031705682416 
2.5400000000009357, -1.2555100080118096 
2.550000000000957, -1.2560783605786203 
2.560000000000978, -1.2564974868505412 
2.570000000000999, -1.2567354445255816 
2.58000000000102, -1.2568051035266754 
2.5900000000010412, -1.2567342218719744 
2.6000000000010624, -1.2565495171798282 
2.6100000000010835, -1.2562719256275598 
2.6200000000011046, -1.2559187814438264 
2.6300000000011257, -1.2555107573604003 
2.6400000000011468, -1.2550824003086578 
2.650000000001168, -1.2546925525162522 
2.660000000001189, -1.2544250205844003 
2.67000000000121, -1.2543677541198404 
2.680000000001231, -1.254572560122704 
2.6900000000012523, -1.2550216557025393 
2.7000000000012734, -1.2556299711713925 
2.7100000000012945, -1.2562814263506643 
2.7200000000013156, -1.2568707607651308 
2.7300000000013367, -1.2573277786977357 
2.740000000001358, -1.2576208710752472 
2.750000000001379, -1.2577482284869064 
2.7600000000014, -1.2577257209726795 
2.770000000001421, -1.2575768460874641 
2.780000000001442, -1.257326828262308 
2.7900000000014633, -1.2570009103532802 
2.8000000000014844, -1.2566257770226854 
2.8100000000015055, -1.2562322110557154 
2.8200000000015266, -1.2558561571654143 
2.8300000000015477, -1.2555351910032115 
2.840000000001569, -1.25529973097087 
2.85000000000159, -1.2551629429429068 
2.860000000001611, -1.2551157988372652 
2.870000000001632, -1.2551305082543787 
2.8800000000016532, -1.2551696236222796 
2.8900000000016743, -1.2551953815015429 
2.9000000000016954, -1.255175596221821 
2.9100000000017165, -1.2550857115231964 
2.9200000000017377, -1.2549086198451795 
2.9300000000017588, -1.2546339936810962 
2.94000000000178, -1.254258080287332 
2.950000000001801, -1.2537841884839884 
2.960000000001822, -1.2532237745034023 
2.970000000001843, -1.2525978608987083 
2.9800000000018643, -1.2519380721630056 
2.9900000000018854, -1.2512857332708502 
3.0000000000019065, -1.2506869053419287 
3.0100000000019276, -1.2501823117803919 
3.0200000000019487, -1.2497947176430704 
3.03000000000197, -1.249520460742246 
3.040000000001991, -1.2493313599582243 
3.050000000002012, -1.2491860624333095 
3.060000000002033, -1.2490428086216137 
3.070000000002054, -1.2488663226122485 
3.0800000000020753, -1.248627722319822 
3.0900000000020964, -1.248300699459914 
3.1000000000021175, -1.2478576417375977 
3.1100000000021386, -1.247268323050179 
3.1200000000021597, -1.2465032039356099 
3.130000000002181, -1.2455430639395277 
3.140000000002202, -1.244395139855443 
3.150000000002223, -1.2431115601043548 
3.160000000002244, -1.241798771432612 
3.1700000000022652, -1.2406019483613604 
3.1800000000022863, -1.239657272483968 
3.1900000000023074, -1.2390326879688465 
3.2000000000023285, -1.2387004081157535 
3.2100000000023496, -1.2385640267353462 
3.2200000000023707, -1.2385136547789788 
3.230000000002392, -1.238465646978684 
3.240000000002413, -1.23837137521211 
3.250000000002434, -1.238207018046068 
3.260000000002455, -1.237959784666119 
3.2700000000024763, -1.2376178139732523 
3.2800000000024974, -1.2371650552074827 
3.2900000000025185, -1.2365814385141347 
3.3000000000025396, -1.2358504099019332 
3.3100000000025607, -1.2349774146833685 
3.3200000000025818, -1.2340191469872743 
3.330000000002603, -1.2331080533970846 
3.340000000002624, -1.232435674644953 
3.350000000002645, -1.2321686904745055 
3.360000000002666, -1.2323422127501953 
3.3700000000026873, -1.232831115197913 
3.3800000000027084, -1.2334317428538877 
3.3900000000027295, -1.2339706534600887 
3.4000000000027506, -1.2343554344398306 
3.4100000000027717, -1.2345639711088185 
3.420000000002793, -1.2346118017470178 
3.430000000002814, -1.2345257613402745 
3.440000000002835, -1.234330546690558 
3.450000000002856, -1.2340450748367382 
3.460000000002877, -1.2336849347876868 
3.4700000000028983, -1.2332692772525615 
3.4800000000029194, -1.2328313538982463 
3.4900000000029405, -1.2324294394792328 
3.5000000000029616, -1.2321488956978315 
3.5100000000029827, -1.232083033355023 
3.520000000003004, -1.232292392010919 
3.530000000003025, -1.2327669143708673 
3.540000000003046, -1.2334227587404698 
3.550000000003067, -1.2341373256810377 
3.5600000000030882, -1.2347950539920363 
3.5700000000031094, -1.2353168259231464 
3.5800000000031305, -1.2356662025828333 
3.5900000000031516, -1.2358404575371371 
3.6000000000031727, -1.2358568308877635 
3.6100000000031938, -1.2357407992265872 
3.620000000003215, -1.2355190423125137 
3.630000000003236, -1.2352171633005977 
3.640000000003257, -1.2348610144432826 
3.650000000003278, -1.234479850149183 
3.6600000000032993, -1.234108719464746 
3.6700000000033204, -1.2337868435226387 
3.6800000000033415, -1.2335500072234238 
3.6900000000033626, -1.2334193616727591 
3.7000000000033837, -1.2333933173299176 
3.710000000003405, -1.2334480174711566 
3.720000000003426, -1.2335456283922197 
3.730000000003447, -1.233644948104675 
3.740000000003468, -1.2337093635417917 
3.750000000003489, -1.2337105939597772 
3.7600000000035103, -1.2336293146701367 
3.7700000000035314, -1.2334544257392825 
3.7800000000035525, -1.2331821648449468 
3.7900000000035736, -1.2328155505455523 
3.8000000000035947, -1.232364286235447 
3.810000000003616, -1.2318451384815472 
3.820000000003637, -1.2312825448773717 
3.830000000003658, -1.2307085828856186 
3.840000000003679, -1.2301607425732306 
3.8500000000037002, -1.2296760920804803 
3.8600000000037213, -1.2292822629274869 
3.8700000000037424, -1.2289887056244329 
3.8800000000037635, -1.2287832975807873 
3.8900000000037847, -1.228636887319818 
3.9000000000038058, -1.2285128894693598 
3.910000000003827, -1.2283759187900265 
3.920000000003848, -1.228195585558199 
3.930000000003869, -1.2279458299453192 
3.94000000000389, -1.2276024991763086 
3.9500000000039113, -1.2271418209704794 
3.9600000000039324, -1.226541541673804 
3.9700000000039535, -1.2257856387120092 
3.9800000000039746, -1.2248725163318501 
3.9900000000039957, -1.2238250355006957 
4.000000000004016, -1.22269848273416 
4.010000000003993, -1.2215801790080494 
4.02000000000397, -1.220574068037541 
4.030000000003946, -1.2197696008448755 
4.040000000003923, -1.2192077749334387 
4.0500000000039, -1.2188668902536572 
4.0600000000038765, -1.2186794188798227 
4.070000000003853, -1.2185658346811965 
4.08000000000383, -1.2184608999395157 
4.090000000003807, -1.2183214720784254 
4.100000000003783, -1.2181210859127927 
4.11000000000376, -1.2178405381839592 
4.120000000003737, -1.2174598715387188 
4.130000000003713, -1.2169535739484578 
4.14000000000369, -1.2162901536163766 
4.150000000003667, -1.2154386891864666 
4.1600000000036434, -1.2143862743817402 
4.17000000000362, -1.2131672254153922 
4.180000000003597, -1.2118920390324024 
4.1900000000035735, -1.2107448012812962 
4.20000000000355, -1.209919503308353 
4.210000000003527, -1.2095182299624334 
4.220000000003504, -1.2094946078036464 
4.23000000000348, -1.2096959856072687 
4.240000000003457, -1.2099573983550083 
4.250000000003434, -1.2101659947891286 
4.26000000000341, -1.2102704251804353 
4.270000000003387, -1.2102601396657584 
4.280000000003364, -1.2101422553473709 
4.2900000000033405, -1.2099268757058284 
4.300000000003317, -1.209620799949709 
4.310000000003294, -1.2092272116719172 
4.320000000003271, -1.2087504222361964 
4.330000000003247, -1.2082064471552492 
4.340000000003224, -1.2076393873880895 
4.350000000003201, -1.2071371885748896 
4.360000000003177, -1.2068290074729087 
4.370000000003154, -1.2068442438067875 
4.380000000003131, -1.2072416450949568 
4.390000000003107, -1.2079606390427837 
4.400000000003084, -1.20884322539519 
4.410000000003061, -1.2097099708949894 
4.4200000000030375, -1.2104287375671603 
4.430000000003014, -1.2109382786691167 
4.440000000002991, -1.211234212385163 
4.450000000002968, -1.2113426548846988 
4.460000000002944, -1.2112988610892106 
4.470000000002921, -1.2111357420771023 
4.480000000002898, -1.210880544718648 
4.490000000002874, -1.2105567966140667 
4.500000000002851, -1.2101894334186474 
4.510000000002828, -1.2098113111760165 
4.520000000002804, -1.20946795100352 
4.530000000002781, -1.2092153245825115 
4.540000000002758, -1.2091066487042954 
4.5500000000027345, -1.2091718706560768 
4.560000000002711, -1.209402510560515 
4.570000000002688, -1.2097529764581296 
4.580000000002665, -1.2101567896700116 
4.590000000002641, -1.2105465004728795 
4.600000000002618, -1.210867774083341 
4.610000000002595, -1.211085172396268 
4.620000000002571, -1.2111817653935582 
4.630000000002548, -1.211155551113594 
4.640000000002525, -1.2110149126235215 
4.6500000000025015, -1.2107745836018353 
4.660000000002478, -1.2104530705382557 
4.670000000002455, -1.210071912811038 
4.6800000000024315, -1.2096563753313154 
4.690000000002408, -1.2092362135177614 
4.700000000002385, -1.2088444515527497 
4.710000000002362, -1.2085126012914185 
4.720000000002338, -1.208263049684669 
4.730000000002315, -1.2081021683072153 
4.740000000002292, -1.2080182042752647 
4.750000000002268, -1.2079851717765409 
4.760000000002245, -1.2079702607512384 
4.770000000002222, -1.207940861989313 
4.7800000000021985, -1.2078687594469923 
4.790000000002175, -1.2077314738219944 
4.800000000002152, -1.2075121666648407 
4.810000000002129, -1.2071994926670233 
4.820000000002105, -1.2067880587484698 
4.830000000002082, -1.2062795013517105 
4.840000000002059, -1.205683915960765 
4.850000000002035, -1.2050212893970547 
4.860000000002012, -1.2043223280782391 
4.870000000001989, -1.203627478588434 
4.880000000001965, -1.2029824418835386 
4.890000000001942, -1.2024291929603412 
4.900000000001919, -1.201994310319591 
4.9100000000018955, -1.2016800467854039 
4.920000000001872, -1.2014640405112298 
4.930000000001849, -1.2013083223186525 
4.940000000001826, -1.201171578079156 
4.950000000001802, -1.2010174929810529 
4.960000000001779, -1.200816617831502 
4.970000000001756, -1.2005437786997704 
4.980000000001732, -1.200174340198004 
4.990000000001709, -1.19968188675212 
5.000000000001686, -1.1990390864110103 
5.0100000000016625, -1.1982230907403686 
5.020000000001639, -1.197226030183097 
5.030000000001616, -1.1960689866301042 
5.0400000000015925, -1.1948139940118554 
5.050000000001569, -1.193564645361775 
5.060000000001546, -1.1924460169320503 
5.070000000001523, -1.1915644525060478 
5.080000000001499, -1.1909660339450172 
5.090000000001476, -1.190622060484098 
5.100000000001453, -1.1904522198522955 
5.110000000001429, -1.1903653832467864 
5.120000000001406, -1.1902892897314186 
5.130000000001383, -1.19017838096843 
5.1400000000013595, -1.1900071021419396 
5.150000000001336, -1.189759322083194 
5.160000000001313, -1.1894196244905983 
5.17000000000129, -1.18896797146361 
5.180000000001266, -1.188378189953977 
5.190000000001243, -1.187621921256551 
5.20000000000122, -1.186681336157545 
5.210000000001196, -1.1855730091321077 
5.220000000001173, -1.1843769394053096 
5.23000000000115, -1.183247636973333 
5.240000000001126, -1.182375312908531 
5.250000000001103, -1.1818966161264162 
5.26000000000108, -1.181816831003849 
5.2700000000010565, -1.1820150796128313 
5.280000000001033, -1.182324000258813 
5.29000000000101, -1.1826087978182154 
5.300000000000987, -1.1827965204246942 
5.310000000000963, -1.1828644069112366 
5.32000000000094, -1.1828162358872447 
5.330000000000917, -1.182663955409447 
5.340000000000893, -1.1824180182209842 
5.35000000000087, -1.1820843510972692 
5.360000000000847, -1.1816660176558578 
5.3700000000008234, -1.181169426892923 
5.3800000000008, -1.1806160063459752 
5.390000000000777, -1.1800583045600064 
5.4000000000007535, -1.179592179836125 
5.41000000000073, -1.1793469865821524 
5.420000000000707, -1.1794389464304047 
5.430000000000684, -1.1799042861502962 
5.44000000000066, -1.1806638734807513 
5.450000000000637, -1.1815554004499305 
5.460000000000614, -1.1824079256922742 
5.47000000000059, -1.1831020525511635 
5.480000000000567, -1.1835866051515613 
5.490000000000544, -1.1838624620667795 
5.5000000000005205, -1.1839571593652378 
5.510000000000497, -1.1839052612729253 
5.520000000000474, -1.1837381618516796 
5.5300000000004506, -1.183481382152648 
5.540000000000427, -1.1831566596734144 
5.550000000000404, -1.1827870543952812 
5.560000000000381, -1.1824036761846926 
5.570000000000357, -1.1820513754934034 
5.580000000000334, -1.1817883685492343 
5.590000000000311, -1.181674677945527 
5.600000000000287, -1.181750723485747 
5.610000000000264, -1.18201767284986 
5.620000000000241, -1.1824334100853713 
5.6300000000002175, -1.182926799498222 
5.640000000000194, -1.1834201285252193 
5.650000000000171, -1.1838477287909162 
5.660000000000148, -1.1841654017028538 
5.670000000000124, -1.1843515353383036 
5.680000000000101, -1.1844031373598622 
5.690000000000078, -1.1843298743890611 
5.700000000000054, -1.1841484250663945 
5.710000000000031, -1.1838786147227696 
5.720000000000008, -1.1835419328015813 
5.729999999999984, -1.1831621621998625 
5.739999999999961, -1.1827669679123303 
5.749999999999938, -1.1823884591683957 
5.7599999999999145, -1.1820605266417559 
5.769999999999891, -1.1818122015558452 
5.779999999999868, -1.181659369037583 
5.789999999999845, -1.1815994202101017 
5.799999999999821, -1.1816120919361939 
5.809999999999798, -1.1816657217221402 
5.819999999999775, -1.1817252229773652 
5.829999999999751, -1.1817583314509055 
5.839999999999728, -1.181738863739057 
5.849999999999705, -1.1816476436382974 
5.8599999999996815, -1.1814723575728947 
5.869999999999658, -1.1812072348310283 
5.879999999999635, -1.180852887536361 
5.8899999999996115, -1.1804163476542269 
5.899999999999588, -1.1799112917813614 
5.909999999999565, -1.1793583695689471 
5.919999999999542, -1.1787851998627557 
5.929999999999518, -1.178225040773655 
5.939999999999495, -1.177712919481241 
5.949999999999472, -1.1772788773303036 
5.959999999999448, -1.176940064110637 
5.969999999999425, -1.1766953700354668 
5.979999999999402, -1.1765258998256387 
5.9899999999993785, -1.1764012144802816 
5.999999999999355, -1.176287564211418 
6.009999999999332, -1.176153800251979 
6.019999999999309, -1.1759732988534701 
6.029999999999285, -1.1757230669912686 
6.039999999999262, -1.1753822444412736 
6.049999999999239, -1.1749318110761284 
6.059999999999215, -1.1743564457567426 
6.069999999999192, -1.1736486051220156 
6.079999999999169, -1.1728140361303168 
6.089999999999145, -1.171877146601704 
6.099999999999122, -1.170883974300839 
6.109999999999099, -1.1698999434050716 
6.1199999999990755, -1.168999762025436 
6.129999999999052, -1.1682493259657245 
6.139999999999029, -1.167685283478127 
6.149999999999006, -1.1673032607683527 
6.159999999998982, -1.1670630162201476 
6.169999999998959, -1.1669070761932538 
6.179999999998936, -1.1667801820632797 
6.189999999998912, -1.1666395392418438 
6.199999999998889, -1.166454984688144 
6.209999999998866, -1.1662037142908004 
6.2199999999988425, -1.1658640823118245 
6.229999999998819, -1.1654109205473422 
6.239999999998796, -1.164813717155635 
6.2499999999987725, -1.1640392710648555 
6.259999999998749, -1.1630610870822746 
6.269999999998726, -1.161876885419433 
6.279999999998703, -1.1605308105906234 
6.289999999998679, -1.1591279599819253 
6.299999999998656, -1.157822278570523 
6.309999999998633, -1.1567681740700997 
6.319999999998609, -1.1560559417833227 
6.329999999998586, -1.1556755785074424 
6.339999999998563, -1.1555361976775786 
6.3499999999985395, -1.1555204894788467 
6.359999999998516, -1.1555312159400455 
6.369999999998493, -1.1555079691107752 
6.37999999999847, -1.155421099828164 
6.389999999998446, -1.1552581986798451 
6.399999999998423, -1.1550124806689355 
6.4099999999984, -1.1546755008170309 
6.419999999998376, -1.1542337787790156 
6.429999999998353, -1.153669173833693 
6.43999999999833, -1.1529644228921547 
6.449999999998306, -1.1521164931572048 
6.459999999998283, -1.151158557014455 
6.46999999999826, -1.150182571311878 
6.4799999999982365, -1.1493398992941812 
6.489999999998213, -1.1487951155371572 
6.49999999999819, -1.148642963274899 
6.509999999998167, -1.1488499827782304 
6.519999999998143, -1.149275953900844 
6.52999999999812, -1.1497540412202056 
6.539999999998097, -1.1501601804696617 
6.549999999998073, -1.1504338998565704 
6.55999999999805, -1.150563172403917 
6.569999999998027, -1.1505603166002787 
6.5799999999980034, -1.150444110240484 
6.58999999999798, -1.150230665596371 
6.599999999997957, -1.1499307055046928 
6.6099999999979335, -1.149551019189763 
6.61999999999791, -1.14909950268316 
6.629999999997887, -1.1485943320498353 
6.639999999997864, -1.1480769266018034 
6.64999999999784, -1.1476237100700621 
6.659999999997817, -1.1473441337680548 
6.669999999997794, -1.1473509034904381 
6.67999999999777, -1.1477060667894468 
6.689999999997747, -1.1483767285931505 
6.699999999997724, -1.1492391813300091 
6.7099999999977005, -1.1501318743800395 
6.719999999997677, -1.1509174999831813 
6.729999999997654, -1.151516693315093 
6.7399999999976306, -1.1519070067928698 
6.749999999997607, -1.1521031803622999 
6.759999999997584, -1.152135981261987 
6.769999999997561, -1.1520380018155263 
6.779999999997537, -1.1518372584924543 
6.789999999997514, -1.1515564960052207 
6.799999999997491, -1.1512161549175 
6.809999999997467, -1.150839730271053 
6.819999999997444, -1.1504602012258003 
6.829999999997421, -1.1501246874253006 
6.8399999999973975, -1.149892408959062 
6.849999999997374, -1.149821769938359 
6.859999999997351, -1.149949145519171 
6.869999999997328, -1.1502709321971403 
6.879999999997304, -1.1507411066968312 
6.889999999997281, -1.1512858245145134 
6.899999999997258, -1.1518254717713623 
6.909999999997234, -1.1522931435065347 
6.919999999997211, -1.152644312706745 
6.929999999997188, -1.152858099578599 
6.939999999997164, -1.1529330405495721 
6.949999999997141, -1.1528805558877688 
6.959999999997118, -1.1527187323519352 
6.9699999999970945, -1.1524680924654336 
6.979999999997071, -1.152149976712179 
6.989999999997048, -1.1517872518815495 
6.999999999997025, -1.1514062838565027 
7.009999999997001, -1.151038351119785 
7.019999999996978, -1.150718221763979 
7.029999999996955, -1.1504784691664596 
7.039999999996931, -1.1503408604216918 
7.049999999996908, -1.1503091310645701 
7.059999999996885, -1.1503674472320056 
7.0699999999968615, -1.15048525465352 
7.079999999996838, -1.1506254192447434 
7.089999999996815, -1.1507517439180892 
7.0999999999967915, -1.1508337431767584 
7.109999999996768, -1.1508486868749774 
7.119999999996745, -1.1507819322557784 
7.129999999996722, -1.1506264895754936 
7.139999999996698, -1.1503823166773328 
7.149999999996675, -1.1500555519663838 
7.159999999996652, -1.1496578704796416 
7.169999999996628, -1.1492061592632645 
7.179999999996605, -1.1487224793416453 
7.189999999996582, -1.1482337497108346 
7.1999999999965585, -1.1477700713069197 
7.209999999996535, -1.1473607397543035 
7.219999999996512, -1.147028226932473 
7.229999999996489, -1.1467822330874813 
7.239999999996465, -1.1466167867354107 
7.249999999996442, -1.1465120967421476 
7.259999999996419, -1.146440122875008 
7.269999999996395, -1.1463708668317605 
7.279999999996372, -1.1462767333376556 
7.289999999996349, -1.1461342523046887 
7.299999999996325, -1.1459241337108745 
7.309999999996302, -1.1456310739608366 
7.319999999996279, -1.1452442377263286 
7.3299999999962555, -1.144758589910526 
7.339999999996232, -1.1441767160773646 
7.349999999996209, -1.143510591671546 
7.359999999996186, -1.14278279077781 
7.369999999996162, -1.1420265465337676 
7.379999999996139, -1.141283741994975 
7.389999999996116, -1.1405997083385786 
7.399999999996092, -1.1400145034669456 
7.409999999996069, -1.1395526430482124 
7.419999999996046, -1.139215841045159 
7.4299999999960225, -1.1389832291186284 
7.439999999995999, -1.1388192946894544 
7.449999999995976, -1.1386846965515245 
7.4599999999959525, -1.1385441348632444 
7.469999999995929, -1.1383688344384475 
7.479999999995906, -1.1381349208312972 
7.489999999995883, -1.1378203385398655 
7.499999999995859, -1.1374025342056142 
7.509999999995836, -1.136858376903153 
7.519999999995813, -1.1361672606103856 
7.529999999995789, -1.1353176810852614 
7.539999999995766, -1.1343163091872728 
7.549999999995743, -1.133196714008688 
7.5599999999957195, -1.1320231527506093 
7.569999999995696, -1.1308844545873802 
7.579999999995673, -1.1298754758097524 
7.58999999999565, -1.1290699694810173 
7.599999999995626, -1.1284967998463817 
7.609999999995603, -1.1281335674906476 
7.61999999999558, -1.1279216996159946 
7.629999999995556, -1.1277920563173738 
7.639999999995533, -1.1276852629652132 
7.64999999999551, -1.1275592585864753 
7.659999999995486, -1.1273866522906557 
7.669999999995463, -1.1271479289435735 
7.67999999999544, -1.126824756010556 
7.6899999999954165, -1.1263951475624194 
7.699999999995393, -1.1258312327227487 
7.70999999999537, -1.1251008094541846 
7.719999999995347, -1.124174801177835 
7.729999999995323, -1.1230425757267333 
7.7399999999953, -1.12173352168747 
7.749999999995277, -1.120335105462943 
7.759999999995253, -1.1189894612833666 
7.76999999999523, -1.117854900427378 
7.779999999995207, -1.1170437821094423 
7.789999999995183, -1.1165760785674284 
7.79999999999516, -1.1163826916525008 
7.809999999995137, -1.1163513772258278 
7.8199999999951135, -1.1163769767583345 
7.82999999999509, -1.1163872543731856 
7.839999999995067, -1.1163433979070623 
7.849999999995044, -1.1162285819176245 
7.85999999999502, -1.1160357533649878 
7.869999999994997, -1.115758957727706 
7.879999999994974, -1.115388397536394 
7.88999999999495, -1.1149085603438134 
7.899999999994927, -1.114299669479751 
7.909999999994904, -1.1135441714598087 
7.9199999999948805, -1.1126406520057053 
7.929999999994857, -1.111624954019113 
7.939999999994834, -1.1105894933872742 
7.9499999999948106, -1.1096798875728942 
7.959999999994787, -1.1090497667992045 
7.969999999994764, -1.1087871527241238 
7.979999999994741, -1.1088658669997995 
7.989999999994717, -1.1091649044661476 
7.999999999994694, -1.1095363466038501 
8.00999999999467, -1.1098653196407726 
8.019999999994647, -1.1100904844942132 
8.029999999994624, -1.1101936238230874 
8.0399999999946, -1.1101798956487925 
8.049999999994577, -1.1100619916739962 
8.059999999994554, -1.1098512196915093 
8.06999999999453, -1.1095539847965465 
8.079999999994508, -1.1091718483267345 
8.089999999994484, -1.1087046150088131 
8.099999999994461, -1.1081572104715787 
8.109999999994438, -1.1075513453857764 
8.119999999994414, -1.1069404030495256 
8.129999999994391, -1.106419177533222 
8.139999999994368, -1.106112524884106 
8.149999999994344, -1.1061315584393907 
8.159999999994321, -1.1065131141018465 
8.169999999994298, -1.1071870882077666 
8.179999999994275, -1.1080037154382798 
8.189999999994251, -1.1088010585781372 
8.199999999994228, -1.1094624070068035 
8.209999999994205, -1.1099344358948846 
8.219999999994181, -1.1102136424884346 
8.229999999994158, -1.1103227912265727 
8.239999999994135, -1.1102920524007958 
8.249999999994111, -1.1101487035923607 
8.259999999994088, -1.109913665841518 
8.269999999994065, -1.1096023282299197 
8.279999999994041, -1.109228224693591 
8.289999999994018, -1.1088092370190548 
8.299999999993995, -1.1083760213114204 
8.309999999993972, -1.107980433687679 
8.319999999993948, -1.1076979347239413 
8.329999999993925, -1.1076155408847148 
8.339999999993902, -1.1078023722317636 
8.349999999993878, -1.1082747387383685 
8.359999999993855, -1.1089789613869416 
8.369999999993832, -1.1098063514788348 
8.379999999993808, -1.1106314356657878 
8.389999999993785, -1.1113501563226733 
8.399999999993762, -1.111900364591576 
8.409999999993738, -1.1122619697829244 
8.419999999993715, -1.1124447125980355 
8.429999999993692, -1.1124733295836644 
8.439999999993669, -1.1123762315332901 
8.449999999993645, -1.11217949078832 
8.459999999993622, -1.111905435070126 
8.469999999993599, -1.111574527579423 
8.479999999993575, -1.1112093987884637 
8.489999999993552, -1.1108397891467106 
8.499999999993529, -1.1105061938372747 
8.509999999993505, -1.110258708268519 
8.519999999993482, -1.1101480365549814 
8.529999999993459, -1.1102098892531023 
8.539999999993436, -1.1104501204250425 
8.549999999993412, -1.110839602513299 
8.559999999993389, -1.1113219099245404 
8.569999999993366, -1.111828912051219 
8.579999999993342, -1.1122965266416158 
8.589999999993319, -1.1126755133345794 
8.599999999993296, -1.1129360241605863 
8.609999999993272, -1.1130669291336686 
8.619999999993249, -1.1130717870988036 
8.629999999993226, -1.1129635345757476 
8.639999999993202, -1.1127597564416691 
8.64999999999318, -1.1124797745784387 
8.659999999993156, -1.1121439517221028 
8.669999999993133, -1.1117748185758527 
8.67999999999311, -1.1113989226040872 
8.689999999993086, -1.1110476372255977 
8.699999999993063, -1.1107549632083442 
8.70999999999304, -1.1105514660948583 
8.719999999993016, -1.1104561039979586 
8.729999999992993, -1.1104700010591486 
8.73999999999297, -1.1105756763346908 
8.749999999992946, -1.1107419112117438 
8.759999999992923, -1.1109313628145843 
8.7699999999929, -1.1111075655575051 
8.779999999992876, -1.1112395600892757 
8.789999999992853, -1.1113041382244913 
8.79999999999283, -1.1112864780869809 
8.809999999992806, -1.1111798672809978 
8.819999999992783, -1.110984883188626 
8.82999999999276, -1.1107082605981913 
8.839999999992736, -1.1103617641228956 
8.849999999992713, -1.1099614453650406 
8.85999999999269, -1.1095274462754332 
8.869999999992666, -1.1090839764454334 
8.879999999992643, -1.1086585051780795 
8.88999999999262, -1.108279082897661 
8.899999999992596, -1.1079695283400892 
8.909999999992573, -1.1077438189553652 
8.91999999999255, -1.1076022225833815 
8.929999999992527, -1.107531220824986 
8.939999999992503, -1.1075072229381888 
8.94999999999248, -1.1075020863893401 
8.959999999992457, -1.1074880377417742 
8.969999999992433, -1.1074406917068462 
8.97999999999241, -1.1073402953064977 
8.989999999992387, -1.1071720532899598 
8.999999999992363, -1.1069262937861262 
9.00999999999234, -1.106598773288164 
9.019999999992317, -1.1061910624479998 
9.029999999992294, -1.1057108692566684 
9.03999999999227, -1.1051722312673007 
9.049999999992247, -1.1045955122763522 
9.059999999992224, -1.1040069199627365 
9.0699999999922, -1.1034369090405751 
9.079999999992177, -1.1029167325213023 
9.089999999992154, -1.1024730250091213 
9.09999999999213, -1.1021216822477296 
9.109999999992107, -1.101863575054145 
9.119999999992084, -1.1016844338960305 
9.12999999999206, -1.1015591258464075 
9.139999999992037, -1.1014580150896554 
9.149999999992014, -1.1013523179101787 
9.15999999999199, -1.1012167597334905 
9.169999999991967, -1.1010298501228968 
9.179999999991944, -1.1007731883038856 
9.18999999999192, -1.1004311758759544 
9.199999999991897, -1.0999918832256774 
9.209999999991874, -1.0994490722157972 
9.21999999999185, -1.098804788683968 
9.229999999991827, -1.098071676726998 
9.239999999991804, -1.0972742359881136 
9.24999999999178, -1.0964483887248717 
9.259999999991757, -1.0956386933805216 
9.269999999991734, -1.094892540195433 
9.27999999999171, -1.0942513922274042 
9.289999999991688, -1.0937410212984684 
9.299999999991664, -1.0933647404575193 
9.309999999991641, -1.093103483458083 
9.319999999991618, -1.092923039388269 
9.329999999991594, -1.0927843562393276 
9.339999999991571, -1.0926516385014842 
9.349999999991548, -1.092495596045546 
9.359999999991524, -1.0922925627345488 
9.369999999991501, -1.0920217497736702 
9.379999999991478, -1.0916627225062234 
9.389999999991455, -1.0911945090449726 
9.399999999991431, -1.0905972215428217 
9.409999999991408, -1.0898565499245008 
9.419999999991385, -1.088970582981084 
9.429999999991361, -1.0879570954090507 
9.439999999991338, -1.0868582659913961 
9.449999999991315, -1.0857395135648773 
9.459999999991291, -1.0846802104250874 
9.469999999991268, -1.0837567015559504 
9.479999999991245, -1.0830222536885228 
9.489999999991221, -1.0824924341153903 
9.499999999991198, -1.0821438071630722 
9.509999999991175, -1.081926628639534 
9.519999999991152, -1.0817835496781565 
9.529999999991128, -1.0816642391946532 
9.539999999991105, -1.0815311540486088 
9.549999999991082, -1.0813579874304478 
9.559999999991058, -1.0811247660195489 
9.569999999991035, -1.0808127133505414 
9.579999999991012, -1.0804004659557918 
9.589999999990988, -1.0798625025585784 
9.599999999990965, -1.0791707748008614 
9.609999999990942, -1.078300813095018 
9.619999999990918, -1.0772429568919264 
9.629999999990895, -1.076016824960954 
9.639999999990872, -1.0746829149010106 
9.649999999990849, -1.0733420251937946 
9.659999999990825, -1.0721155530477868 
9.669999999990802, -1.0711098918873643 
9.679999999990779, -1.0703811203306526 
9.689999999990755, -1.0699202112902144 
9.699999999990732, -1.0696667094060386 
9.709999999990709, -1.069539383585736 
9.719999999990685, -1.0694640758451022 
9.729999999990662, -1.0693870876204576 
9.739999999990639, -1.0692750656731655 
9.749999999990616, -1.0691082244003514 
9.759999999990592, -1.0688726104891058 
9.769999999990569, -1.0685539478727624 
9.779999999990546, -1.06813358785094 
9.789999999990522, -1.067586713859493 
9.799999999990499, -1.0668836331137137 
9.809999999990476, -1.065995959158157 
9.819999999990452, -1.0649095752830875 
9.829999999990429, -1.0636436228095945 
9.839999999990406, -1.0622681708698578 
9.849999999990382, -1.0609058554168997 
9.85999999999036, -1.0597042977860853 
9.869999999990336, -1.0587842942326382 
9.879999999990313, -1.058192800134771 
9.88999999999029, -1.057892429106083 
9.899999999990266, -1.0577914456607453 
9.909999999990243, -1.0577883803891772 
9.91999999999022, -1.0578031888410973 
9.929999999990196, -1.0577861633741708 
9.939999999990173, -1.057711989943209 
9.94999999999015, -1.057569267677144 
9.959999999990126, -1.0573514140679128 
9.969999999990103, -1.0570505106704942 
9.97999999999008, -1.0566537210162665 
9.989999999990056, -1.0561418800695785 
9.999999999990033, -1.055490761175289 
10.00999999999001, -1.0546766891326889 
10.019999999989986, -1.0536886426990122 
10.029999999989963, -1.0525469154136906 
10.03999999998994, -1.0513218003920832 
10.049999999989916, -1.0501367109286606 
10.059999999989893, -1.0491395220616353 
10.06999999998987, -1.0484458732642525 
10.079999999989846, -1.0480882222418733 
10.089999999989823, -1.0480085022962649 
10.0999999999898, -1.0480968460997464 
10.109999999989776, -1.0482428910085957 
10.119999999989753, -1.0483673998997818 
10.12999999998973, -1.0484275265348424 
10.139999999989707, -1.0484069333671369 
10.149999999989683, -1.048302977747054 
10.15999999998966, -1.0481168941462158 
10.169999999989637, -1.0478478785841605 
10.179999999989613, -1.0474901266771781 
10.18999999998959, -1.0470320235643888 
10.199999999989567, -1.0464576382767226 
10.209999999989543, -1.0457517815187929 
10.21999999998952, -1.0449104257574944 
10.229999999989497, -1.0439567602373567 
10.239999999989474, -1.042957657202962 
10.24999999998945, -1.042026923103009 
10.259999999989427, -1.0412995517955717 
10.269999999989404, -1.0408781610397217 
10.27999999998938, -1.0407827805426426 
10.289999999989357, -1.0409431343532651 
10.299999999989334, -1.0412388184046666 
10.30999999998931, -1.0415534859576694 
10.319999999989287, -1.041807936459116 
10.329999999989264, -1.0419643140357127 
10.33999999998924, -1.0420138914198578 
10.349999999989217, -1.0419622512894529 
10.359999999989194, -1.0418184556002021 
10.36999999998917, -1.0415889917641186 
10.379999999989147, -1.0412751663293567 
10.389999999989124, -1.040872764578309 
10.3999999999891, -1.0403737552637047 
10.409999999989077, -1.039770865784501 
10.419999999989054, -1.039066413978247 
10.42999999998903, -1.0382857326354602 
10.439999999989007, -1.0374912536841276 
10.449999999988984, -1.0367861397086766 
10.45999999998896, -1.036293048647106 
10.469999999988937, -1.036106080877624 
10.479999999988914, -1.036241265033438 
10.48999999998889, -1.0366241364443678 
10.499999999988868, -1.0371263580153252 
10.509999999988844, -1.037622021479787 
10.519999999988821, -1.0380255114103927 
10.529999999988798, -1.038298228230092 
10.539999999988774, -1.038435575243095 
10.549999999988751, -1.0384498958993145 
10.559999999988728, -1.0383577524315872 
10.569999999988704, -1.0381729410811738 
10.579999999988681, -1.0379037267275486 
10.589999999988658, -1.0375526888657844 
10.599999999988635, -1.0371185192645827 
10.609999999988611, -1.0366001600706587 
10.619999999988588, -1.0360042993136318 
10.629999999988565, -1.035356628939518 
10.639999999988541, -1.034714129076335 
10.649999999988518, -1.0341697464153154 
10.659999999988495, -1.0338367031880193 
10.669999999988471, -1.0338073408092128 
10.679999999988448, -1.034104308138609 
10.689999999988425, -1.0346598058593948 
10.699999999988401, -1.035343001260674 
10.709999999988378, -1.0360159412874381 
10.719999999988355, -1.0365788956905981 
10.729999999988332, -1.0369842696579836 
10.739999999988308, -1.0372257148261714 
10.749999999988285, -1.0373192575790757 
10.759999999988262, -1.0372878093527675 
10.769999999988238, -1.037152202549828 
10.779999999988215, -1.0369275190163674 
10.789999999988192, -1.036622710687211 
10.799999999988168, -1.0362423312454714 
10.809999999988145, -1.035790284670798 
10.819999999988122, -1.035276229996263 
10.829999999988098, -1.0347250409045947 
10.839999999988075, -1.034187528006855 
10.849999999988052, -1.033746031293774 
10.859999999988029, -1.033504229761918 
10.869999999988005, -1.0335542356802982 
10.879999999987982, -1.0339312215954946 
10.889999999987959, -1.0345849675428191 
10.899999999987935, -1.0353935104858007 
10.909999999987912, -1.0362121835054252 
10.919999999987889, -1.0369243378002753 
10.929999999987865, -1.03746579188272 
10.939999999987842, -1.037820694719127 
10.949999999987819, -1.0380033558715538 
10.959999999987796, -1.0380401701729167 
10.969999999987772, -1.0379578011179837 
10.979999999987749, -1.0377776786728317 
10.989999999987726, -1.037514785360955 
10.999999999987702, -1.037179044828272 
11.009999999987679, -1.036778674346316 
11.019999999987656, -1.036325704669732 
11.029999999987632, -1.0358439242880444 
11.039999999987609, -1.0353780481538384 
11.049999999987586, -1.0349994953906574 
11.059999999987562, -1.034800438786864 
11.06999999998754, -1.0348691557947693 
11.079999999987516, -1.0352514517722378 
11.089999999987493, -1.0359194984518407 
11.09999999998747, -1.0367723677189642 
11.109999999987446, -1.037671900941546 
11.119999999987423, -1.0384912503170376 
11.1299999999874, -1.0391478731867134 
11.139999999987376, -1.0396097013835437 
11.149999999987353, -1.03988218278081 
11.15999999998733, -1.0399900073183577 
11.169999999987306, -1.0399626844757734 
11.179999999987283, -1.0398265078444793 
11.18999999998726, -1.0396017483655695 
11.199999999987236, -1.039303222497908 
11.209999999987213, -1.038943089011616 
11.21999999998719, -1.0385355838643808 
11.229999999987166, -1.0381036716508716 
11.239999999987143, -1.037686675964825 
11.24999999998712, -1.0373455152773048 
11.259999999987096, -1.0371593098711176 
11.269999999987073, -1.0372075577154876 
11.27999999998705, -1.037539856857386 
11.289999999987026, -1.038147546193992 
11.299999999987003, -1.038956533450714 
11.30999999998698, -1.0398490214142413 
11.319999999986956, -1.0407022446837182 
11.329999999986933, -1.0414226430970972 
11.33999999998691, -1.0419609156859946 
11.349999999986887, -1.0423077879329734 
11.359999999986863, -1.0424796939647543 
11.36999999998684, -1.042503980246491 
11.379999999986817, -1.0424086896354923 
11.389999999986793, -1.0422176543440953 
11.39999999998677, -1.0419496525254783 
11.409999999986747, -1.0416202930221898 
11.419999999986723, -1.0412458923992376 
11.4299999999867, -1.0408489574958824 
11.439999999986677, -1.0404643544702332 
11.449999999986654, -1.0401435786854 
11.45999999998663, -1.0399525648077195 
11.469999999986607, -1.039958788147431 
11.479999999986584, -1.040208732137417 
11.48999999998656, -1.0407053395915564 
11.499999999986537, -1.0413990050500508 
11.509999999986514, -1.0421990930761784 
11.51999999998649, -1.043000481435604 
11.529999999986467, -1.0437117224730372 
11.539999999986444, -1.0442730135618308 
11.54999999998642, -1.0446598296903626 
11.559999999986397, -1.044875554132218 
11.569999999986374, -1.044939757281686 
11.57999999998635, -1.04487773350494 
11.589999999986327, -1.0447139140847232 
11.599999999986304, -1.0444692982655737 
11.60999999998628, -1.0441620104434253 
11.619999999986257, -1.0438100877467928 
11.629999999986234, -1.0434357894793547 
11.63999999998621, -1.043070400774678 
11.649999999986187, -1.0427574157430854 
11.659999999986164, -1.0425507721235203 
11.66999999998614, -1.0425052969827968 
11.679999999986117, -1.0426603741955918 
11.689999999986094, -1.0430235220735848 
11.69999999998607, -1.0435628997750863 
11.709999999986048, -1.0442134228869273 
11.719999999986024, -1.04489352124926 
11.729999999986001, -1.0455248322536383 
11.739999999985978, -1.046047532879958 
11.749999999985954, -1.0464274576430699 
11.759999999985931, -1.0466549976153134 
11.769999999985908, -1.0467385702499696 
11.779999999985884, -1.0466964666178096 
11.789999999985861, -1.046550130792382 
11.799999999985838, -1.0463203121836573 
11.809999999985815, -1.0460261664649098 
11.819999999985791, -1.0456867278452342 
11.829999999985768, -1.0453239600739208 
11.839999999985745, -1.044966271798745 
11.849999999985721, -1.0446506745429858 
11.859999999985698, -1.0444211196117732 
11.869999999985675, -1.0443212232894925 
11.879999999985651, -1.0443824890510025 
11.889999999985628, -1.0446128700614703 
11.899999999985605, -1.0449916085409998 
11.909999999985581, -1.0454730557479377 
11.919999999985558, -1.0459973173090256 
11.929999999985535, -1.0465030208123167 
11.939999999985512, -1.0469381228565748 
11.949999999985488, -1.0472665896860776 
11.959999999985465, -1.0474704086618114 
11.969999999985442, -1.0475475443282634 
11.979999999985418, -1.0475073663579895 
11.989999999985395, -1.0473655329330838 
11.999999999985372, -1.0471400304240601 
12.009999999985348, -1.0468492603013009 
12.019999999985325, -1.0465122334145922 
12.029999999985302, -1.0461503341606107 
12.039999999985278, -1.0457896221150995 
12.049999999985255, -1.0454620937594221 
12.059999999985232, -1.0452040311267006 
12.069999999985209, -1.0450503178935704 
12.079999999985185, -1.0450258270488975 
12.089999999985162, -1.0451374729950476 
12.099999999985139, -1.0453709232895265 
12.109999999985115, -1.0456934775781528 
12.119999999985092, -1.0460613432199897 
12.129999999985069, -1.0464280843067308 
12.139999999985045, -1.0467517687635228 
12.149999999985022, -1.0469998064715786 
12.159999999984999, -1.047151389050874 
12.169999999984976, -1.047197709940434 
12.179999999984952, -1.0471403073623171 
12.189999999984929, -1.0469882374239639 
12.199999999984906, -1.0467551215426776 
12.209999999984882, -1.0464570679994878 
12.219999999984859, -1.0461120090087817 
12.229999999984836, -1.0457403522478468 
12.239999999984812, -1.045366203423989 
12.249999999984789, -1.0450178740201397 
12.259999999984766, -1.044726219051201 
12.269999999984742, -1.044520056742034 
12.27999999998472, -1.0444196418032008 
12.289999999984696, -1.0444309016380673 
12.299999999984673, -1.0445432696755912 
12.30999999998465, -1.0447320487406584 
12.319999999984626, -1.0449638710229223 
12.329999999984603, -1.0452028239200464 
12.33999999998458, -1.0454154533143796 
12.349999999984556, -1.0455740802308497 
12.359999999984533, -1.0456586566642414 
12.36999999998451, -1.0456575064824216 
12.379999999984486, -1.0455671102380055 
12.389999999984463, -1.045391041026326 
12.39999999998444, -1.045138374807029 
12.409999999984416, -1.0448221560723028 
12.419999999984393, -1.0444584921754052 
12.42999999998437, -1.044066483753979 
12.439999999984346, -1.0436686134000663 
12.449999999984323, -1.043290658027278 
12.4599999999843, -1.0429600012505302 
12.469999999984276, -1.042701781899452 
12.479999999984253, -1.0425336494054822 
12.48999999998423, -1.0424612135259774 
12.499999999984206, -1.0424763701035955 
12.509999999984183, -1.0425592425040124 
12.51999999998416, -1.0426826234674516 
12.529999999984136, -1.042816941864527 
12.539999999984113, -1.0429342391789311 
12.54999999998409, -1.043010678532706 
12.559999999984067, -1.0430278727960405 
12.569999999984043, -1.0429735033330727 
12.57999999998402, -1.0428415043136925 
12.589999999983997, -1.0426318569955164 
12.599999999983973, -1.0423500029326238 
12.60999999998395, -1.0420060435249399 
12.619999999983927, -1.0416140464330321 
12.629999999983903, -1.0411917017765895 
12.63999999998388, -1.0407602050631408 
12.649999999983857, -1.040343765015924 
12.659999999983834, -1.0399678944198048 
12.66999999998381, -1.0396560114384295 
12.679999999983787, -1.039424910045401 
12.689999999983764, -1.0392807547730176 
12.69999999998374, -1.0392174497360815 
12.709999999983717, -1.039218150324173 
12.719999999983694, -1.039259096222253 
12.72999999998367, -1.0393140449386755 
12.739999999983647, -1.0393578529401275 
12.749999999983624, -1.039368679076253 
12.7599999999836, -1.0393290715981363 
12.769999999983577, -1.039226455172749 
12.779999999983554, -1.0390533759612892 
12.78999999998353, -1.0388076031864943 
12.799999999983507, -1.0384920464537362 
12.809999999983484, -1.0381144786880663 
12.81999999998346, -1.0376871664915452 
12.829999999983437, -1.03722654268846 
12.839999999983414, -1.0367528840347227 
12.84999999998339, -1.0362896189682118 
12.859999999983367, -1.0358616414290933 
12.869999999983344, -1.03549220252721 
12.87999999998332, -1.0351987367133935 
12.889999999983297, -1.0349889620658903 
12.899999999983274, -1.0348589597959603 
12.90999999998325, -1.0347941742882139 
12.919999999983228, -1.0347728227280668 
12.929999999983204, -1.0347701453450957 
12.939999999983181, -1.034761960679382 
12.949999999983158, -1.0347268480786398 
12.959999999983134, -1.0346471645814528 
12.969999999983111, -1.0345094746434085 
12.979999999983088, -1.0343048403508734 
12.989999999983064, -1.0340291068515297 
12.999999999983041, -1.033683108332074 
13.009999999983018, -1.0332727023965285 
13.019999999982995, -1.032808633981499 
13.029999999982971, -1.0323062924663966 
13.039999999982948, -1.0317853465050764 
13.049999999982925, -1.0312690087348573 
13.059999999982901, -1.0307824488204074 
13.069999999982878, -1.0303499324430017 
13.079999999982855, -1.029990837435857 
13.089999999982831, -1.0297156045122704 
13.099999999982808, -1.029523253115567 
13.109999999982785, -1.029401675161175 
13.119999999982761, -1.0293305982477148 
13.129999999982738, -1.029285822773316 
13.139999999982715, -1.0292430303562399 
13.149999999982692, -1.0291801927609492 
13.159999999982668, -1.0290786342269123 
13.169999999982645, -1.0289233875194497 
13.179999999982622, -1.0287034621917601 
13.189999999982598, -1.0284122795054842 
13.199999999982575, -1.0280481792697804 
13.209999999982552, -1.027614781416946 
13.219999999982528, -1.0271210788878071 
13.229999999982505, -1.0265812797364593 
13.239999999982482, -1.0260144330017273 
13.249999999982458, -1.0254437111353147 
13.259999999982435, -1.0248949851859517 
13.269999999982412, -1.0243942602230713 
13.279999999982389, -1.0239638990772546 
13.289999999982365, -1.023618361723199 
13.299999999982342, -1.0233609575486504 
13.309999999982319, -1.023183114059641 
13.319999999982295, -1.0230666071852543 
13.329999999982272, -1.0229877155509925 
13.339999999982249, -1.0229214752650564 
13.349999999982225, -1.0228446330275431 
13.359999999982202, -1.0227369920727598 
13.369999999982179, -1.0225817278783929 
13.379999999982156, -1.022365482042931 
13.389999999982132, -1.0220787478213065 
13.399999999982109, -1.0217165911689414 
13.409999999982086, -1.021279420332964 
13.419999999982062, -1.0207734776561619 
13.429999999982039, -1.0202109100215053 
13.439999999982016, -1.019609451873427 
13.449999999981992, -1.0189917378385196 
13.459999999981969, -1.018384055447187 
13.469999999981946, -1.0178141550043267 
13.479999999981922, -1.0173078451659294 
13.4899999999819, -1.0168846934676725 
13.499999999981876, -1.0165540092717176 
13.509999999981853, -1.0163127564637278 
13.51999999998183, -1.0161464902605413 
13.529999999981806, -1.0160329684759897 
13.539999999981783, -1.015946778549618 
13.54999999998176, -1.015863141561391 
13.559999999981736, -1.0157599771768095 
13.569999999981713, -1.015618464679644 
13.57999999998169, -1.0154229554591114 
13.589999999981666, -1.0151610469050314 
13.599999999981643, -1.014824187793156 
13.60999999998162, -1.0144086849225566 
13.619999999981596, -1.0139166829664856 
13.629999999981573, -1.0133567168675974 
13.63999999998155, -1.012743686007587 
13.649999999981526, -1.0120983036520133 
13.659999999981503, -1.011446038328456 
13.66999999998148, -1.010815342975077 
13.679999999981456, -1.0102348358681579 
13.689999999981433, -1.0097293553679025 
13.69999999998141, -1.0093155278799537 
13.709999999981386, -1.008998280789578 
13.719999999981363, -1.008769871735041 
13.72999999998134, -1.0086120507591274 
13.739999999981316, -1.0085004155369037 
13.749999999981293, -1.0084090329577635 
13.75999999998127, -1.0083136920673688 
13.769999999981247, -1.0081933008034083 
13.779999999981223, -1.008029985343682 
13.7899999999812, -1.0078088433064534 
13.799999999981177, -1.0075180957694942 
13.809999999981153, -1.0071498852491172 
13.81999999998113, -1.006701470109563 
13.829999999981107, -1.0061763028241686 
13.839999999981083, -1.0055845589072356 
13.84999999998106, -1.0049429791304472 
13.859999999981037, -1.0042741058418996 
13.869999999981014, -1.003604943826704 
13.87999999998099, -1.0029648540547806 
13.889999999980967, -1.002382403777906 
13.899999999980944, -1.001881233502656 
13.90999999998092, -1.0014757495948898 
13.919999999980897, -1.0011681393263117 
13.929999999980874, -1.000948121584764 
13.93999999998085, -1.000795717381173 
13.949999999980827, -1.0006858233314353 
13.959999999980804, -1.0005926419518023 
13.96999999998078, -1.0004925440789116 
13.979999999980757, -1.0003651185094304 
13.989999999980734, -1.0001930917078126 
13.99999999998071, -0.9999620639116733 
14.009999999980687, -0.999660736093347 
14.019999999980664, -0.9992817944742416 
14.02999999998064, -0.9988231426690499 
14.039999999980617, -0.9982889449800423 
14.049999999980594, -0.9976900628925203 
14.05999999998057, -0.9970437838183029 
14.069999999980547, -0.9963729541865931 
14.079999999980524, -0.995704563347697 
14.0899999999805, -0.9950676000364715 
14.099999999980477, -0.9944899307018957 
14.109999999980454, -0.9939942902318556 
14.11999999998043, -0.993594191792412 
14.129999999980408, -0.9932911855409292 
14.139999999980384, -0.9930747664015496 
14.149999999980361, -0.9929251350805911 
14.159999999980338, -0.992817618305561 
14.169999999980314, -0.9927269092727554 
14.179999999980291, -0.9926298067940797 
14.189999999980268, -0.9925062423250453 
14.199999999980244, -0.9923392471069402 
14.209999999980221, -0.9921147496601431 
14.219999999980198, -0.9918218265373795 
14.229999999980175, -0.9914535409881816 
14.239999999980151, -0.9910080588368089 
14.249999999980128, -0.9904895411860449 
14.259999999980105, -0.9899084541207618 
14.269999999980081, -0.9892812442199428 
14.279999999980058, -0.988629516019129 
14.289999999980035, -0.9879787656156778 
14.299999999980011, -0.9873564955389025 
14.309999999979988, -0.9867894430025785 
14.319999999979965, -0.9862999358644864 
14.329999999979941, -0.9859020352843271 
14.339999999979918, -0.9855987393735305 
14.349999999979895, -0.9853815099121936 
14.359999999979872, -0.9852324820403684 
14.369999999979848, -0.985128431408679 
14.379999999979825, -0.9850448507189056 
14.389999999979802, -0.9849588109565074 
14.399999999979778, -0.984850250972592 
14.409999999979755, -0.9847021876664114 
14.419999999979732, -0.9845006393131076 
14.429999999979708, -0.9842348533998804 
14.439999999979685, -0.9838979902161592 
14.449999999979662, -0.9834880086729187 
14.459999999979638, -0.9830083407879929 
14.469999999979615, -0.9824680783298897 
14.479999999979592, -0.9818816646428257 
14.489999999979569, -0.9812682332369013 
14.499999999979545, -0.9806506464877094 
14.509999999979522, -0.9800540649659573 
14.519999999979499, -0.9795037476556162 
14.529999999979475, -0.979021960558762 
14.539999999979452, -0.9786244046528528 
14.549999999979429, -0.9783171999221393 
14.559999999979405, -0.9780956625472538 
14.569999999979382, -0.9779455254744869 
14.579999999979359, -0.9778461319087194 
14.589999999979335, -0.9777742611721154 
14.599999999979312, -0.9777072372393991 
14.609999999979289, -0.9776246984299115 
14.619999999979266, -0.9775092379758972 
14.629999999979242, -0.9773465477130457 
14.639999999979219, -0.9771256269418801 
14.649999999979196, -0.9768392659318581 
14.659999999979172, -0.9764846590384652 
14.669999999979149, -0.9760638553328193 
14.679999999979126, -0.9755838557218102 
14.689999999979102, -0.9750563698961576 
14.69999999997908, -0.9744973563421702 
14.709999999979056, -0.9739263981358326 
14.719999999979033, -0.9733657760109852 
14.72999999997901, -0.9728389358485658 
14.739999999978986, -0.9723680916958672 
14.749999999978963, -0.9719710785340947 
14.75999999997894, -0.9716581658480589 
14.769999999978916, -0.971429965228678 
14.779999999978893, -0.9712773698110002 
14.78999999997887, -0.9711836152516307 
14.799999999978846, -0.9711275888102016 
14.809999999978823, -0.9710871142920269 
14.8199999999788, -0.9710413057243004 
14.829999999978776, -0.9709718137544032 
14.839999999978753, -0.9708633405110321 
14.84999999997873, -0.9707039200828899 
14.859999999978706, -0.9704852515517228 
14.869999999978683, -0.9702030843877536 
14.87999999997866, -0.9698575024176772 
14.889999999978636, -0.9694529846554941 
14.899999999978613, -0.9689982429308858 
14.90999999997859, -0.9685059195784392 
14.919999999978566, -0.9679922083051442 
14.929999999978543, -0.9674763356430178 
14.93999999997852, -0.9669796616172247 
14.949999999978496, -0.9665240603170318 
14.959999999978473, -0.9661294030236046 
14.96999999997845, -0.9658104489128115 
14.979999999978427, -0.965574022890858 
14.989999999978403, -0.9654175743764968 
14.99999999997838, -0.965329763754349 
15.009999999978357, -0.9652928254906626 
15.019999999978333, -0.9652857225622732 
15.02999999997831, -0.965287011120658 
15.039999999978287, -0.9652768150244055 
15.049999999978263, -0.9652379161407707 
15.05999999997824, -0.9651563052980139 
15.069999999978217, -0.9650215327602287 
15.079999999978194, -0.9648270108101636 
15.08999999997817, -0.9645702518223862 
15.099999999978147, -0.9642529634203688 
15.109999999978124, -0.9638809535621993 
15.1199999999781, -0.9634638749716243 
15.129999999978077, -0.9630149023925124 
15.139999999978054, -0.9625504089633392 
15.14999999997803, -0.9620895437719132 
15.159999999978007, -0.9616533886423456 
15.169999999977984, -0.9612632911488911 
15.17999999997796, -0.960938229033447 
15.189999999977937, -0.9606916435235666 
15.199999999977914, -0.960528745215781 
15.20999999997789, -0.9604453674162572 
15.219999999977867, -0.9604288415751367 
15.229999999977844, -0.9604604688560823 
15.23999999997782, -0.9605185812514137 
15.249999999977797, -0.96058124244314 
15.259999999977774, -0.9606281368347525 
15.26999999997775, -0.9606417049815266 
15.279999999977727, -0.9606078248559464 
15.289999999977704, -0.9605163033160112 
15.29999999997768, -0.960361271486836 
15.309999999977657, -0.9601414151512822 
15.319999999977634, -0.9598599177521047 
15.32999999997761, -0.9595240915066 
15.339999999977588, -0.9591448526116697 
15.349999999977564, -0.9587362893139566 
15.359999999977541, -0.9583154444694377 
15.369999999977518, -0.9579021219766058 
15.379999999977494, -0.9575182209517269 
15.389999999977471, -0.9571860525885812 
15.399999999977448, -0.9569254746616125 
15.409999999977424, -0.9567503990467833 
15.419999999977401, -0.9566658493106868 
15.429999999977378, -0.9566667416331536 
15.439999999977355, -0.9567388298450629 
15.449999999977331, -0.9568612945089768 
15.459999999977308, -0.9570099249113733 
15.469999999977285, -0.9571599789983847 
15.479999999977261, -0.9572883311115726 
15.489999999977238, -0.9573749920590308 
15.499999999977215, -0.9574042551696728 
15.509999999977191, -0.9573655931889473 
15.519999999977168, -0.9572541907329585 
15.529999999977145, -0.957070891255956 
15.539999999977121, -0.9568215064659343 
15.549999999977098, -0.9565157697033987 
15.559999999977075, -0.9561664269631182 
15.569999999977052, -0.9557888572659493 
15.579999999977028, -0.9554012444178903 
15.589999999977005, -0.9550248713883569 
15.599999999976982, -0.9546837807561277 
15.609999999976958, -0.9544030526596771 
15.619999999976935, -0.9542054656480563 
15.629999999976912, -0.9541072241273614 
15.639999999976888, -0.9541142211852554 
15.649999999976865, -0.9542203047911828 
15.659999999976842, -0.9544081245010686 
15.669999999976818, -0.9546520017142669 
15.679999999976795, -0.9549216773600546 
15.689999999976772, -0.9551859682246369 
15.699999999976749, -0.9554159128498816 
15.709999999976725, -0.9555873754425314 
15.719999999976702, -0.955683062130511 
15.729999999976679, -0.9556936650108412 
15.739999999976655, -0.9556177877225887 
15.749999999976632, -0.955460652046497 
15.759999999976609, -0.9552321279900999 
15.769999999976585, -0.9549449287562076 
15.779999999976562, -0.9546136580256844 
15.789999999976539, -0.9542549439917536 
15.799999999976515, -0.9538883874317785 
15.809999999976492, -0.9535376059512629 
15.819999999976469, -0.9532303400956842 
15.829999999976446, -0.952996599068836 
15.839999999976422, -0.9528644479564748 
15.849999999976399, -0.9528542506090985 
15.859999999976376, -0.9529733193831096 
15.869999999976352, -0.9532130624175361 
15.879999999976329, -0.9535496353441346 
15.889999999976306, -0.9539476228153809 
15.899999999976282, -0.9543654350242153 
15.90999999997626, -0.9547611554402062 
15.919999999976236, -0.955097965803206 
15.929999999976213, -0.9553484303811871 
15.93999999997619, -0.9554968720891264 
15.949999999976166, -0.9555393076830289 
15.959999999976143, -0.9554811672676801 
15.96999999997612, -0.9553338749965926 
15.979999999976096, -0.9551116735227747 
15.989999999976073, -0.9548297027348385 
15.99999999997605, -0.9545036931606141 
16.009999999976028, -0.9541510970212647 
16.019999999976005, -0.9537931056202276 
16.02999999997598, -0.9534566325390349 
16.039999999975958, -0.9531749406535791 
16.049999999975935, -0.9529854706567408 
16.05999999997591, -0.9529241305421898 
16.069999999975888, -0.9530169878360727 
16.079999999975865, -0.9532721321146559 
16.08999999997584, -0.9536750161904208 
16.099999999975818, -0.954189256670509 
16.109999999975795, -0.9547626621191515 
16.11999999997577, -0.9553366061742425 
16.129999999975748, -0.9558562478719255 
16.139999999975725, -0.9562791107651251 
16.1499999999757, -0.9565799558510408 
16.15999999997568, -0.9567509934820595 
16.169999999975655, -0.9567981744119081 
16.17999999997563, -0.9567356574485917 
16.18999999997561, -0.9565807182055387 
16.199999999975585, -0.9563505006438616 
16.20999999997556, -0.9560609696645759 
16.21999999997554, -0.955727801966537 
16.229999999975515, -0.9553687462060582 
16.239999999975492, -0.9550068371031264 
16.24999999997547, -0.9546734349569357 
16.259999999975445, -0.9544093782093451 
16.269999999975422, -0.9542621201511041 
16.2799999999754, -0.9542775211441736 
16.289999999975375, -0.9544874671071927 
16.299999999975352, -0.9548975798485821 
16.30999999997533, -0.9554806010464674 
16.319999999975305, -0.9561791374132401 
16.329999999975282, -0.9569174289093763 
16.33999999997526, -0.9576180532913611 
16.349999999975235, -0.9582176998775017 
16.359999999975212, -0.9586768741212973 
16.36999999997519, -0.9589813268813419 
16.379999999975166, -0.9591367036299671 
16.389999999975142, -0.9591602326912174 
16.39999999997512, -0.9590731329335511 
16.409999999975096, -0.9588956941892167 
16.419999999975072, -0.9586452878032492 
16.42999999997505, -0.9583367581309237 
16.439999999975026, -0.9579846024357401 
16.449999999975002, -0.9576065320771118 
16.45999999997498, -0.9572279180219958 
16.469999999974956, -0.9568859438485827 
16.479999999974932, -0.9566311054966572 
16.48999999997491, -0.956522866382076 
16.499999999974886, -0.9566173837930225 
16.509999999974863, -0.9569492374947028 
16.51999999997484, -0.9575143073116841 
16.529999999974816, -0.9582631024196987 
16.539999999974793, -0.9591099167888212 
16.54999999997477, -0.9599549897285552 
16.559999999974746, -0.960709907998061 
16.569999999974723, -0.9613154854422922 
16.5799999999747, -0.9617466135302584 
16.589999999974676, -0.9620059208757595 
16.599999999974653, -0.9621124214181919 
16.60999999997463, -0.962090950042499 
16.619999999974606, -0.9619652244042195 
16.629999999974583, -0.9617547192320364 
16.63999999997456, -0.9614744033982344 
16.649999999974536, -0.9611364393376395 
16.659999999974513, -0.9607534223119301 
16.66999999997449, -0.9603430510203882 
16.679999999974466, -0.9599338441789393 
16.689999999974443, -0.9595703475930003 
16.69999999997442, -0.9593143988501156 
16.709999999974396, -0.9592378240258078 
16.719999999974373, -0.9594040148496441 
16.72999999997435, -0.9598425853468916 
16.739999999974327, -0.9605292846860376 
16.749999999974303, -0.9613847486697852 
16.75999999997428, -0.9622961187400932 
16.769999999974257, -0.9631511171743201 
16.779999999974233, -0.9638669610247399 
16.78999999997421, -0.9644021714659825 
16.799999999974187, -0.9647514938175439 
16.809999999974163, -0.9649322953237697 
16.81999999997414, -0.9649709875404687 
16.829999999974117, -0.9648937716958412 
16.839999999974093, -0.9647221050873149 
16.84999999997407, -0.9644715988506354 
16.859999999974047, -0.9641530612869458 
16.869999999974024, -0.9637750594909494 
16.879999999974, -0.9633480006112931 
16.889999999973977, -0.9628899259422624 
16.899999999973954, -0.9624335523236127 
16.90999999997393, -0.9620322156163412 
16.919999999973907, -0.9617596958942105 
16.929999999973884, -0.9616978194073434 
16.93999999997386, -0.9619101516647005 
16.949999999973837, -0.9624109195893468 
16.959999999973814, -0.9631478536342865 
16.96999999997379, -0.964013680889936 
16.979999999973767, -0.9648822409544785 
16.989999999973744, -0.9656479813316029 
16.99999999997372, -0.9662483244946488 
17.009999999973697, -0.9666638301921633 
17.019999999973674, -0.9669047529957245 
17.02999999997365, -0.966995259373995 
17.039999999973627, -0.966961779225277 
17.049999999973604, -0.9668267230664649 
17.05999999997358, -0.9666062435689122 
17.069999999973557, -0.9663104344331777 
17.079999999973534, -0.9659450382762804 
17.08999999997351, -0.965514539001753 
17.099999999973488, -0.9650270572360963 
17.109999999973464, -0.9645014048658623 
17.11999999997344, -0.9639754342067958 
17.129999999973418, -0.9635120260026173 
17.139999999973394, -0.9631957560381641 
17.14999999997337, -0.9631134473003282 
17.159999999973348, -0.9633203474567702 
17.169999999973324, -0.9638083737451282 
17.1799999999733, -0.964499432569076 
17.189999999973278, -0.9652724081629549 
17.199999999973254, -0.9660071784690603 
17.20999999997323, -0.9666187169868875 
17.219999999973208, -0.9670672271493285 
17.229999999973185, -0.9673490293278378 
17.23999999997316, -0.9674806551361298 
17.249999999973138, -0.9674852489547113 
17.259999999973115, -0.967384251228145 
17.26999999997309, -0.9671936212511243 
17.279999999973068, -0.9669229127148942 
17.289999999973045, -0.9665759802332324 
17.29999999997302, -0.9661529216353099 
17.309999999972998, -0.9656535989467487 
17.319999999972975, -0.965083479624148 
17.32999999997295, -0.9644621350526149 
17.339999999972928, -0.9638327698527093 
17.349999999972905, -0.9632673874528541 
17.35999999997288, -0.962858882074765 
17.36999999997286, -0.9626942883578835 
17.379999999972835, -0.962816746902322 
17.38999999997281, -0.9631991481206711 
17.39999999997279, -0.9637506985390466 
17.409999999972765, -0.9643537645477924 
17.41999999997274, -0.9649057546259551 
17.42999999997272, -0.9653426062538507 
17.439999999972695, -0.9656394662776094 
17.449999999972672, -0.9657984325220316 
17.45999999997265, -0.9658344545740247 
17.469999999972625, -0.9657650279100723 
17.479999999972602, -0.9656044563787836 
17.48999999997258, -0.965361412366805 
17.499999999972555, -0.9650384259035863 
17.509999999972532, -0.9646325869019302 
17.51999999997251, -0.9641375250971231 
17.529999999972485, -0.9635473998192452 
17.539999999972462, -0.9628638954224581 
17.54999999997244, -0.9621063978977602 
17.559999999972415, -0.9613227056107275 
17.569999999972392, -0.9605930304809936 
17.57999999997237, -0.9600175029757061 
17.589999999972346, -0.9596838794027178 
17.599999999972322, -0.9596288446621252 
17.6099999999723, -0.9598186571770115 
17.619999999972276, -0.9601644940393438 
17.629999999972252, -0.960561017547578 
17.63999999997223, -0.9609218278460316 
17.649999999972206, -0.9611950695592235 
17.659999999972182, -0.9613604991700042 
17.66999999997216, -0.9614181453793794 
17.679999999972136, -0.9613769867024239 
17.689999999972112, -0.9612470736939137 
17.69999999997209, -0.9610351157341972 
17.709999999972066, -0.9607424165692358 
17.719999999972043, -0.9603642115787752 
17.72999999997202, -0.9598900999964555 
17.739999999971996, -0.9593060111725242 
17.749999999971973, -0.9585988051280422 
17.75999999997195, -0.9577647567655383 
17.769999999971926, -0.9568218684431002 
17.779999999971903, -0.9558221897407619 
17.78999999997188, -0.9548550498504458 
17.799999999971856, -0.9540307716814793 
17.809999999971833, -0.9534442679463805 
17.81999999997181, -0.9531362364070055 
17.829999999971786, -0.9530779306264374 
17.839999999971763, -0.9531896005480929 
17.84999999997174, -0.9533771205850426 
17.859999999971716, -0.9535626276397291 
17.869999999971693, -0.9536969858240824 
17.87999999997167, -0.9537570484402573 
17.889999999971646, -0.9537364482170079 
17.899999999971623, -0.9536364472765376 
17.9099999999716, -0.9534593588526228 
17.919999999971576, -0.9532045322832656 
17.929999999971553, -0.9528661101476439 
17.93999999997153, -0.9524319681308896 
17.949999999971507, -0.9518838623179757 
17.959999999971483, -0.9511995774932703 
17.96999999997146, -0.9503585433032204 
17.979999999971437, -0.9493523076442841 
17.989999999971413, -0.9481992150573518 
17.99999999997139, -0.9469578243830066 
18.009999999971367, -0.9457282662880775 
18.019999999971343, -0.9446317764858408 
18.02999999997132, -0.9437715915695974 
18.039999999971297, -0.9431956865380242 
18.049999999971273, -0.9428846797119459 
18.05999999997125, -0.942770138957828 
18.069999999971227, -0.9427673999826096 
18.079999999971204, -0.9428026031598821 
18.08999999997118, -0.9428245659438579 
18.099999999971157, -0.9428039312267605 
18.109999999971134, -0.9427263898167313 
18.11999999997111, -0.9425852272877412 
18.129999999971087, -0.94237545861458 
18.139999999971064, -0.942089834518414 
18.14999999997104, -0.9417163259337984 
18.159999999971017, -0.9412368522276608 
18.169999999970994, -0.9406276017355142 
18.17999999997097, -0.9398620123449307 
18.189999999970947, -0.9389178838487598 
18.199999999970924, -0.937789293404431 
18.2099999999709, -0.9365010012086603 
18.219999999970877, -0.935118385745438 
18.229999999970854, -0.9337434291440958 
18.23999999997083, -0.9324920930838196 
18.249999999970807, -0.9314603601275758 
18.259999999970784, -0.9306959638905896 
18.26999999997076, -0.9301904086781263 
18.279999999970737, -0.9298926370022503 
18.289999999970714, -0.9297333198682305 
18.29999999997069, -0.9296463621927618 
18.309999999970668, -0.9295804623242944 
18.319999999970644, -0.9295010518558806 
18.32999999997062, -0.9293866296109945 
18.339999999970598, -0.9292233621844904 
18.349999999970574, -0.9290001478774735 
18.35999999997055, -0.928704907011632 
18.369999999970528, -0.9283222287676253 
18.379999999970504, -0.9278325388244264 
18.38999999997048, -0.9272133217956039 
18.399999999970458, -0.926443214053758 
18.409999999970434, -0.9255094015731251 
18.41999999997041, -0.924417209164558 
18.429999999970388, -0.9231983711517782 
18.439999999970365, -0.9219129775322269 
18.44999999997034, -0.9206416269794497 
18.459999999970318, -0.919468893888635 
18.469999999970295, -0.9184639235553735 
18.47999999997027, -0.9176655965260725 
18.489999999970248, -0.9170774630788714 
18.499999999970225, -0.9166731121312347 
18.5099999999702, -0.9164082833840805 
18.519999999970178, -0.9162340369728084 
18.529999999970155, -0.9161063744552829 
18.53999999997013, -0.9159905895971627 
18.549999999970108, -0.9158612156093364 
18.559999999970085, -0.9156995344680456 
18.56999999997006, -0.9154904294256211 
18.57999999997004, -0.9152197154756563 
18.589999999970015, -0.9148725816254302 
18.59999999996999, -0.9144335665960475 
18.60999999996997, -0.9138883697498545 
18.619999999969945, -0.9132274482713474 
18.62999999996992, -0.9124505987263858 
18.6399999999699, -0.9115708621897831 
18.649999999969875, -0.9106158631159371 
18.659999999969852, -0.909625570703556 
18.66999999996983, -0.9086469606637964 
18.679999999969805, -0.9077270860445761 
18.689999999969782, -0.9069061700999754 
18.69999999996976, -0.9062119720245201 
18.709999999969735, -0.9056564000765382 
18.719999999969712, -0.9052351048055041 
18.72999999996969, -0.9049301832316041 
18.739999999969665, -0.9047151347963066 
18.749999999969642, -0.9045603975403539 
18.75999999996962, -0.9044377725069104 
18.769999999969595, -0.9043228227614616 
18.779999999969572, -0.9041953352744182 
18.78999999996955, -0.9040385912183941 
18.799999999969526, -0.9038383498823368 
18.809999999969502, -0.9035822758051696 
18.81999999996948, -0.9032602098430574 
18.829999999969456, -0.9028652759916914 
18.839999999969432, -0.9023953883635837 
18.84999999996941, -0.9018544556207972 
18.859999999969386, -0.9012526901906487 
18.869999999969362, -0.9006058956613551 
18.87999999996934, -0.899934076300922 
18.889999999969316, -0.8992598304205435 
18.899999999969292, -0.8986067499269603 
18.90999999996927, -0.8979977439094494 
18.919999999969246, -0.8974531101632468 
18.929999999969223, -0.8969883709962158 
18.9399999999692, -0.8966122446119759 
18.949999999969176, -0.8963253863729086 
18.959999999969153, -0.8961204571444785 
18.96999999996913, -0.8959836166431877 
18.979999999969106, -0.8958969565736032 
18.989999999969083, -0.8958410648915098 
18.99999999996906, -0.8957970369091817 
19.009999999969036, -0.8957476756069948 
19.019999999969013, -0.8956780402927664 
19.02999999996899, -0.8955756878240837 
19.039999999968966, -0.8954308820846462 
19.049999999968943, -0.8952368530405559 
19.05999999996892, -0.8949900325833072 
19.069999999968896, -0.8946901713037407 
19.079999999968873, -0.8943403082374581 
19.08999999996885, -0.8939466245510765 
19.099999999968826, -0.8935182259246819 
19.109999999968803, -0.8930668974038782 
19.11999999996878, -0.8926068573109903 
19.129999999968756, -0.8921544584704563 
19.139999999968733, -0.8917276522434399 
19.14999999996871, -0.8913449483375452 
19.159999999968687, -0.8910237021162256 
19.169999999968663, -0.8907778745553019 
19.17999999996864, -0.8906157937497051 
19.189999999968617, -0.8905386340762359 
19.199999999968593, -0.8905401341064476 
19.20999999996857, -0.8906075819937176 
19.219999999968547, -0.8907236209868519 
19.229999999968523, -0.8908682521605804 
19.2399999999685, -0.8910205786989469 
19.249999999968477, -0.8911601691937658 
19.259999999968453, -0.8912681924761161 
19.26999999996843, -0.8913285501010915 
19.279999999968407, -0.8913290737304285 
19.289999999968384, -0.8912625648646406 
19.29999999996836, -0.8911272707150676 
19.309999999968337, -0.8909265324750288 
19.319999999968314, -0.8906677615483034 
19.32999999996829, -0.890361269857013 
19.339999999968267, -0.8900195244210171 
19.349999999968244, -0.8896571257602792 
19.35999999996822, -0.8892914158286537 
19.369999999968197, -0.8889432575856311 
19.379999999968174, -0.8886372720801361 
19.38999999996815, -0.8884007700639305 
19.399999999968127, -0.8882609197358453 
19.409999999968104, -0.8882403835915567 
19.41999999996808, -0.8883524625145289 
19.429999999968057, -0.8885972052419271 
19.439999999968034, -0.8889596736139657 
19.44999999996801, -0.8894108233772414 
19.459999999967987, -0.8899108016071363 
19.469999999967964, -0.8904141528593243 
19.47999999996794, -0.8908762351312323 
19.489999999967917, -0.8912597200070749 
19.499999999967894, -0.8915395407640648 
19.50999999996787, -0.8917047601991686 
19.519999999967848, -0.8917569596111503 
19.529999999967824, -0.8917062623891894 
19.5399999999678, -0.8915668829267597 
19.549999999967778, -0.8913537539306668 
19.559999999967754, -0.8910809098831061 
19.56999999996773, -0.8907616095532725 
19.579999999967708, -0.8904099005986355 
19.589999999967684, -0.8900432691498061 
19.59999999996766, -0.8896858630718254 
19.609999999967638, -0.8893713237579529 
19.619999999967614, -0.8891435750969643 
19.62999999996759, -0.8890534859071295 
19.639999999967568, -0.8891499652953367 
19.649999999967545, -0.8894663187122005 
19.65999999996752, -0.890005968334447 
19.669999999967498, -0.8907339449672416 
19.679999999967475, -0.8915797189198443 
19.68999999996745, -0.8924523649646956 
19.699999999967428, -0.8932627554133912 
19.709999999967405, -0.8939434469360414 
19.71999999996738, -0.894458448072551 
19.729999999967358, -0.8948012304201696 
19.739999999967335, -0.8949852990988065 
19.74999999996731, -0.8950333757660381 
19.759999999967288, -0.8949691764686454 
19.769999999967265, -0.8948128413000846 
19.77999999996724, -0.8945793352121235 
19.78999999996722, -0.8942787801048212 
19.799999999967195, -0.8939180481801519 
19.80999999996717, -0.8935034647970872 
19.81999999996715, -0.8930448063493083 
19.829999999967125, -0.8925606800221138 
19.8399999999671, -0.8920845263122456 
19.84999999996708, -0.8916687190873553 
19.859999999967055, -0.8913822031150446 
19.869999999967032, -0.8912970301315571 
19.87999999996701, -0.8914639815489988 
19.889999999966985, -0.8918868922702055 
19.899999999966962, -0.8925118863920452 
19.90999999996694, -0.8932417795505222 
19.919999999966915, -0.8939688364728202 
19.929999999966892, -0.8946065802665583 
19.93999999996687, -0.8951053157736235 
19.949999999966845, -0.8954499461161506 
19.959999999966822, -0.8956483226758237 
19.9699999999668, -0.8957187605527039 
19.979999999966775, -0.8956810356587448 
19.989999999966752, -0.8955513698313788 
19.99999999996673, -0.8953402604290416 
20.009999999966706, -0.8950518927584492 
20.019999999966682, -0.8946843577096205 
20.02999999996666, -0.8942304842383144 
20.039999999966636, -0.8936796408246043 
20.049999999966612, -0.893021299709123 
20.05999999996659, -0.8922512663948741 
20.069999999966566, -0.8913807126938101 
20.079999999966542, -0.8904458734342245 
20.08999999996652, -0.8895127797647608 
20.099999999966496, -0.888669510012518 
20.109999999966472, -0.8880028282106089 
20.11999999996645, -0.8875675050341012 
20.129999999966426, -0.8873659844195334 
20.139999999966403, -0.8873514328266007 
20.14999999996638, -0.8874505906445517 
20.159999999966356, -0.8875905873349492 
20.169999999966333, -0.887716127008934 
20.17999999996631, -0.8877938232333349 
20.189999999966286, -0.8878080414883058 
20.199999999966263, -0.8877539043043299 
20.20999999996624, -0.8876309457085225 
20.219999999966216, -0.8874385377886724 
20.229999999966193, -0.8871729212944752 
20.23999999996617, -0.886825347488494 
20.249999999966146, -0.8863810588411184 
20.259999999966123, -0.885819325186661 
20.2699999999661, -0.8851153593274251 
20.279999999966076, -0.884245406363846 
20.289999999966053, -0.883196017834498 
20.29999999996603, -0.8819765983820982 
20.309999999966006, -0.8806306186452479 
20.319999999965983, -0.8792377185229974 
20.32999999996596, -0.8779006442881728 
20.339999999965936, -0.8767192346673005 
20.349999999965913, -0.875762962810318 
20.35999999996589, -0.8750553387049592 
20.369999999965867, -0.8745759265892662 
20.379999999965843, -0.8742755779002132 
20.38999999996582, -0.8740953096323283 
20.399999999965797, -0.8739808381276377 
20.409999999965773, -0.8738896981503921 
20.41999999996575, -0.873792040582455 
20.429999999965727, -0.873667859487068 
20.439999999965703, -0.87350308778678 
20.44999999996568, -0.8732859962654864 
20.459999999965657, -0.8730045144338247 
20.469999999965633, -0.8726447376117953 
20.47999999996561, -0.8721908907149993 
20.489999999965587, -0.8716271138919996 
20.499999999965564, -0.8709412631145723 
20.50999999996554, -0.8701301919134601 
20.519999999965517, -0.8692048379904863 
20.529999999965494, -0.8681927051709838 
20.53999999996547, -0.8671359757917697 
20.549999999965447, -0.8660854259022891 
20.559999999965424, -0.8650921548499338 
20.5699999999654, -0.8641996300093359 
20.579999999965377, -0.86343782943437 
20.589999999965354, -0.8628203060493839 
20.59999999996533, -0.8623443335110158 
20.609999999965307, -0.8619937816962724 
20.619999999965284, -0.86174380530795 
20.62999999996526, -0.8615659846724639 
20.639999999965237, -0.8614325749791399 
20.649999999965214, -0.8613190640155833 
20.65999999996519, -0.8612049926230883 
20.669999999965167, -0.8610735612234091 
20.679999999965144, -0.8609107585451337 
20.68999999996512, -0.8607046719251897 
20.699999999965097, -0.8604454022757613 
20.709999999965074, -0.860125682296589 
20.71999999996505, -0.8597419319172055 
20.729999999965028, -0.8592952104461936 
20.739999999965004, -0.8587915363973396 
20.74999999996498, -0.8582413950987112 
20.759999999964958, -0.8576586951283082 
20.769999999964934, -0.8570596225853416 
20.77999999996491, -0.8564616858890626 
20.789999999964888, -0.8558829466083543 
20.799999999964864, -0.8553412289509312 
20.80999999996484, -0.8548530825472062 
20.819999999964818, -0.8544324197694394 
20.829999999964794, -0.854088992104054 
20.83999999996477, -0.8538270947326773 
20.849999999964748, -0.8536449497085419 
20.859999999964725, -0.8535350354806857 
20.8699999999647, -0.853485280956933 
20.879999999964678, -0.8534807308858404 
20.889999999964655, -0.8535051953257156 
20.89999999996463, -0.853542537806657 
20.909999999964608, -0.8535775035669338 
20.919999999964585, -0.8535961878054698 
20.92999999996456, -0.8535863280875354 
20.939999999964538, -0.8535375990172767 
20.949999999964515, -0.8534420274625887 
20.95999999996449, -0.8532945299806455 
20.969999999964468, -0.8530934153901312 
20.979999999964445, -0.852840606219508 
20.98999999996442, -0.8525414400160098 
20.9999999999644, -0.8522041713571896 
21.009999999964375, -0.8518394923424628 
21.01999999996435, -0.8514603581211017 
21.02999999996433, -0.851082172023619 
21.039999999964305, -0.8507230938681436 
21.04999999996428, -0.8504040180007545 
21.05999999996426, -0.8501477219922468 
21.069999999964235, -0.8499768813814889 
21.079999999964212, -0.84991106648583 
21.08999999996419, -0.8499633152715893 
21.099999999964165, -0.8501371394764057 
21.109999999964142, -0.8504247046793976 
21.11999999996412, -0.8508065460848279 
21.129999999964095, -0.8512528514152249 
21.139999999964072, -0.8517262564770206 
21.14999999996405, -0.852186108485266 
21.159999999964025, -0.8525938776637071 
21.169999999964002, -0.8529186926834379 
21.17999999996398, -0.8531413332441458 
21.189999999963955, -0.8532552565203707 
21.199999999963932, -0.8532645222209034 
21.20999999996391, -0.8531798940221783 
21.219999999963886, -0.8530148894759932 
21.229999999963862, -0.8527830373075392 
21.23999999996384, -0.8524967734138279 
21.249999999963816, -0.8521678648389708 
21.259999999963792, -0.8518090917367458 
21.26999999996377, -0.8514369121114859 
21.279999999963746, -0.8510747028350847 
21.289999999963722, -0.8507557310025791 
21.2999999999637, -0.8505242924603262 
21.309999999963676, -0.8504328546573664 
21.319999999963652, -0.8505333573548126 
21.32999999996363, -0.8508628623341055 
21.339999999963606, -0.8514273978777911 
21.349999999963583, -0.8521912830576731 
21.35999999996356, -0.8530793125212384 
21.369999999963536, -0.8539938793596427 
21.379999999963513, -0.854840540733564 
21.38999999996349, -0.8555500962548235 
21.399999999963466, -0.8560880034790086 
21.409999999963443, -0.8564504655195112 
21.41999999996342, -0.8566532764452383 
21.429999999963396, -0.8567202992593661 
21.439999999963373, -0.8566752977686077 
21.44999999996335, -0.856537606044923 
21.459999999963326, -0.8563205725607468 
21.469999999963303, -0.8560315788172159 
21.47999999996328, -0.8556728930958677 
21.489999999963256, -0.8552431639770521 
21.499999999963233, -0.8547397954676361 
21.50999999996321, -0.8541626814438565 
21.519999999963186, -0.8535196169790572 
21.529999999963163, -0.8528328097874782 
21.53999999996314, -0.8521440931151234 
21.549999999963116, -0.8515144059016716 
21.559999999963093, -0.8510131378955981 
21.56999999996307, -0.8506976226280576 
21.579999999963047, -0.8505912314831848 
21.589999999963023, -0.8506730173396224 
21.599999999963, -0.8508859928606789 
21.609999999962977, -0.851158619845404 
21.619999999962953, -0.8514265851936571 
21.62999999996293, -0.8516451335836883 
21.639999999962907, -0.8517905704348927 
21.649999999962883, -0.8518551436073146 
21.65999999996286, -0.851840130698856 
21.669999999962837, -0.8517499574601441 
21.679999999962813, -0.851588140306094 
21.68999999996279, -0.851354762258557 
21.699999999962767, -0.8510449301955779 
21.709999999962744, -0.8506478466461429 
21.71999999996272, -0.8501465249695318 
21.729999999962697, -0.8495186921489184 
21.739999999962674, -0.8487399507312116 
21.74999999996265, -0.8477904508069736 
21.759999999962627, -0.8466654112237763 
21.769999999962604, -0.8453871515722989 
21.77999999996258, -0.8440126557190821 
21.789999999962557, -0.8426294453825038 
21.799999999962534, -0.8413372506750519 
21.80999999996251, -0.8402219697011304 
21.819999999962487, -0.8393341915585534 
21.829999999962464, -0.8386816556574368 
21.83999999996244, -0.8382363595977596 
21.849999999962417, -0.8379498953270701 
21.859999999962394, -0.8377690348142683 
21.86999999996237, -0.8376464394330425 
21.879999999962347, -0.837545297656517 
21.889999999962324, -0.8374393070949996 
21.8999999999623, -0.837310184408205 
21.909999999962277, -0.8371444755916292 
21.919999999962254, -0.8369307071027373 
21.92999999996223, -0.8366573779946022 
21.939999999962208, -0.8363120688036112 
21.949999999962184, -0.8358819141683302 
21.95999999996216, -0.8353556101108213 
21.969999999962138, -0.8347267517648232 
21.979999999962114, -0.8339975813016058 
21.98999999996209, -0.8331815800751515 
21.999999999962068, -0.8323034669599968 
22.009999999962044, -0.8313963001788052 
22.01999999996202, -0.8304967610563472 
22.029999999961998, -0.8296402556875628 
22.039999999961974, -0.8288569882105676 
22.04999999996195, -0.8281693407620393 
22.059999999961928, -0.8275904372451212 
22.069999999961905, -0.8271237644761215 
22.07999999996188, -0.8267638514697531 
22.089999999961858, -0.8264979666916338 
22.099999999961835, -0.8263085495983145 
22.10999999996181, -0.8261758388705809 
22.119999999961788, -0.8260801111559456 
22.129999999961765, -0.8260031542505745 
22.13999999996174, -0.8259289375714683 
22.149999999961718, -0.8258437243247491 
22.159999999961695, -0.8257359794766594 
22.16999999996167, -0.8255963551294265 
22.179999999961648, -0.8254178447386152 
22.189999999961625, -0.8251960028998957 
22.1999999999616, -0.8249290530693238 
22.20999999996158, -0.8246177980099023 
22.219999999961555, -0.8242654042017798 
22.22999999996153, -0.8238771910519249 
22.23999999996151, -0.8234604868251395 
22.249999999961485, -0.8230245320510672 
22.25999999996146, -0.8225804015027827 
22.26999999996144, -0.8221409292089481 
22.279999999961415, -0.8217205788658459 
22.289999999961392, -0.8213351142122145 
22.29999999996137, -0.8210008777669768 
22.309999999961345, -0.8207335613527873 
22.319999999961322, -0.8205465506307009 
22.3299999999613, -0.8204491550944679 
22.339999999961275, -0.8204451510210635 
22.349999999961252, -0.8205319754292267 
22.35999999996123, -0.8207006585332172 
22.369999999961205, -0.8209363341612999 
22.379999999961182, -0.8212190887567093 
22.38999999996116, -0.821525050980085 
22.399999999961135, -0.8218278765012931 
22.409999999961112, -0.8221009105958105 
22.41999999996109, -0.8223200779157562 
22.429999999961066, -0.8224669599850346 
22.439999999961042, -0.8225310042523934 
22.44999999996102, -0.8225099391733505 
22.459999999960996, -0.8224083129439708 
22.469999999960972, -0.8222349881490187 
22.47999999996095, -0.8220007389826982 
22.489999999960926, -0.8217167737763971 
22.499999999960902, -0.8213944819985217 
22.50999999996088, -0.8210463400883846 
22.519999999960856, -0.8206877409501123 
22.529999999960832, -0.8203393761851192 
22.53999999996081, -0.8200295344242399 
22.549999999960786, -0.8197952508367703 
22.559999999960763, -0.8196808386840596 
22.56999999996074, -0.81973237644289 
22.579999999960716, -0.819987708347638 
22.589999999960693, -0.8204636158553151 
22.59999999996067, -0.8211444310022064 
22.609999999960646, -0.8219779403784789 
22.619999999960623, -0.8228830005402509 
22.6299999999606, -0.8237680845674319 
22.639999999960576, -0.8245534822662076 
22.649999999960553, -0.8251872529310658 
22.65999999996053, -0.825649145611081 
22.669999999960506, -0.8259440834683721 
22.679999999960483, -0.8260912713689003 
22.68999999996046, -0.8261143781067821 
22.699999999960436, -0.8260351548895143 
22.709999999960413, -0.8258703394998111 
22.71999999996039, -0.8256307347388802 
22.729999999960366, -0.8253214442366869 
22.739999999960343, -0.824942713099299 
22.74999999996032, -0.824491290910663 
22.759999999960296, -0.8239625957853363 
22.769999999960273, -0.8233541421665483 
22.77999999996025, -0.8226705329064531 
22.789999999960227, -0.8219295249007388 
22.799999999960203, -0.8211671171250059 
22.80999999996018, -0.8204378895031571 
22.819999999960157, -0.8198067613730562 
22.829999999960133, -0.819331960164414 
22.83999999996011, -0.8190455270402112 
22.849999999960087, -0.8189418764837614 
22.859999999960063, -0.8189813469829981 
22.86999999996004, -0.819106102726925 
22.879999999960017, -0.8192586824360004 
22.889999999959993, -0.8193944848425556 
22.89999999995997, -0.8194855673921813 
22.909999999959947, -0.819518161392488 
22.919999999959924, -0.8194876457972204 
22.9299999999599, -0.8193936036901086 
22.939999999959877, -0.8192360197503717 
22.949999999959854, -0.8190126722985468 
22.95999999995983, -0.8187174214518373 
22.969999999959807, -0.8183391710692179 
22.979999999959784, -0.8178615936616287 
22.98999999995976, -0.8172641347814485 
22.999999999959737, -0.8165251828219866 
23.009999999959714, -0.815628208083754 
23.01999999995969, -0.8145705688698218 
23.029999999959667, -0.813372411522432 
23.039999999959644, -0.8120809415922523 
23.04999999995962, -0.810765833891414 
23.059999999959597, -0.809505758861768 
23.069999999959574, -0.8083711767585898 
23.07999999995955, -0.8074104088581862 
23.089999999959527, -0.8066434716563566 
23.099999999959504, -0.8060639604897137 
23.10999999995948, -0.8056463090906061 
23.119999999959457, -0.8053548923762319 
23.129999999959434, -0.805152088745716 
23.13999999995941, -0.8050037202050419 
23.149999999959388, -0.8048815842796901 
23.159999999959364, -0.8047636752035574 
23.16999999995934, -0.8046330431780317 
23.179999999959318, -0.8044761886948872 
23.189999999959294, -0.8042816624839924 
23.19999999995927, -0.8040393075057846 
23.209999999959248, -0.8037403704304488 
23.219999999959224, -0.803378459243102 
23.2299999999592, -0.8029509842185714 
23.239999999959178, -0.8024604055128668 
23.249999999959154, -0.8019145922270173 
23.25999999995913, -0.8013260286410155 
23.269999999959108, -0.8007102318531562 
23.279999999959085, -0.8000840791435835 
23.28999999995906, -0.7994645690099379 
23.299999999959038, -0.7988681076397129 
23.309999999959015, -0.7983100903140077 
23.31999999995899, -0.7978044775121931 
23.329999999958968, -0.797363179784656 
23.339999999958945, -0.7969952511076912 
23.34999999995892, -0.7967060633995073 
23.359999999958898, -0.79649672725716 
23.369999999958875, -0.7963639872623056 
23.37999999995885, -0.7963006625547124 
23.389999999958828, -0.7962965048230115 
23.399999999958805, -0.7963392132839748 
23.40999999995878, -0.7964153405366756 
23.41999999995876, -0.796510926459343 
23.429999999958735, -0.7966118459799886 
23.43999999995871, -0.7967039977289074 
23.44999999995869, -0.7967735659981299 
23.459999999958665, -0.7968076119687886 
23.46999999995864, -0.7967951095595769 
23.47999999995862, -0.7967282220213326 
23.489999999958595, -0.7966033109465863 
23.499999999958572, -0.7964211845256832 
23.50999999995855, -0.7961864955896336 
23.519999999958525, -0.79590668398683 
23.529999999958502, -0.7955910586533015 
23.53999999995848, -0.7952504687237548 
23.549999999958455, -0.7948977111234086 
23.559999999958432, -0.7945485419081761 
23.56999999995841, -0.7942229378699694 
23.579999999958385, -0.7939460594144985 
23.589999999958362, -0.7937482025389598 
23.59999999995834, -0.7936629930842459 
23.609999999958315, -0.7937233108730829 
23.619999999958292, -0.79395501406273 
23.62999999995827, -0.7943694014429632 
23.639999999958246, -0.7949563059454057 
23.649999999958222, -0.7956804511905561 
23.6599999999582, -0.7964837137176523 
23.669999999958176, -0.7972944929893709 
23.679999999958152, -0.7980422640622671 
23.68999999995813, -0.798672054567643 
23.699999999958106, -0.79915293861171 
23.709999999958082, -0.7994779383387984 
23.71999999995806, -0.7996574259915216 
23.729999999958036, -0.7997104752430712 
23.739999999958012, -0.7996577050382132 
23.74999999995799, -0.7995169169294362 
23.759999999957966, -0.7993011913130914 
23.769999999957943, -0.7990185804806593 
23.77999999995792, -0.7986727075556372 
23.789999999957896, -0.7982639704992924 
23.799999999957873, -0.7977914040366993 
23.80999999995785, -0.7972554568113533 
23.819999999957826, -0.7966618786641512 
23.829999999957803, -0.7960264016118972 
23.83999999995778, -0.7953788218402956 
23.849999999957756, -0.794763787218058 
23.859999999957733, -0.7942352535214029 
23.86999999995771, -0.7938437655413669 
23.879999999957686, -0.793620439514213 
23.889999999957663, -0.7935654949399045 
23.89999999995764, -0.793648027971654 
23.909999999957616, -0.7938171831214899 
23.919999999957593, -0.7940182259445563 
23.92999999995757, -0.7942055976059512 
23.939999999957546, -0.794348823587156 
23.949999999957523, -0.794431921903209 
23.9599999999575, -0.7944493234938717 
23.969999999957476, -0.7944010891670803 
23.979999999957453, -0.7942889098231787 
23.98999999995743, -0.7941132539829017 
23.999999999957407, -0.7938714698798861 
24.009999999957383, -0.7935565567764473 
24.01999999995736, -0.7931565031438368 
24.029999999957337, -0.7926544263333988 
24.039999999957313, -0.7920301419218803 
24.04999999995729, -0.7912640264163334 
24.059999999957267, -0.7903436716906016 
24.069999999957243, -0.7892723949108486 
24.07999999995722, -0.7880764371250736 
24.089999999957197, -0.7868063853574836 
24.099999999957173, -0.7855301240091792 
24.10999999995715, -0.7843191537661895 
24.119999999957127, -0.7832338877277086 
24.129999999957104, -0.7823134802857518 
24.13999999995708, -0.7815725902064677 
24.149999999957057, -0.7810041790464199 
24.159999999957034, -0.7805858172218363 
24.16999999995701, -0.78028690770525 
24.179999999956987, -0.7800749428026811 
24.189999999956964, -0.7799198070800809 
24.19999999995694, -0.7797959466178701 
24.209999999956917, -0.7796827905058434 
24.219999999956894, -0.7795640768418105 
24.22999999995687, -0.779426750539429 
24.239999999956847, -0.7792599743085236 
24.249999999956824, -0.7790546174567778 
24.2599999999568, -0.7788033810132411 
24.269999999956777, -0.7785014620921544 
24.279999999956754, -0.7781473861328465 
24.28999999995673, -0.7777434911241092 
24.299999999956707, -0.7772957051949992 
24.309999999956684, -0.7768126796542854 
24.31999999995666, -0.7763047086159413 
24.329999999956637, -0.7757828921491534 
24.339999999956614, -0.7752587292533575 
24.34999999995659, -0.7747440418522225 
24.359999999956568, -0.7742510128663531 
24.369999999956544, -0.77379214024289 
24.37999999995652, -0.7733799690521955 
24.389999999956498, -0.7730265310906876 
24.399999999956474, -0.7727425103683739 
24.40999999995645, -0.7725362611298098 
24.419999999956428, -0.7724128879807308 
24.429999999956404, -0.772373598339093 
24.43999999995638, -0.7724154377689908 
24.449999999956358, -0.7725313651998028 
24.459999999956334, -0.7727105052289551 
24.46999999995631, -0.7729384064974691 
24.479999999956288, -0.7731972673873354 
24.489999999956265, -0.7734663243671684 
24.49999999995624, -0.7737228072846257 
24.509999999956218, -0.773943834669834 
24.519999999956195, -0.7741091792910657 
24.52999999995617, -0.7742041322880152 
24.539999999956148, -0.7742212964538189 
24.549999999956125, -0.7741605344432879 
24.5599999999561, -0.774027266054166 
24.569999999956078, -0.7738300758820327 
24.579999999956055, -0.773578668848321 
24.58999999995603, -0.7732827863785563 
24.599999999956008, -0.7729522336058154 
24.609999999955985, -0.7725979163269152 
24.61999999995596, -0.7722337019009046 
24.62999999995594, -0.7718788304671559 
24.639999999955915, -0.771560358151827 
24.64999999995589, -0.771314655667722 
24.65999999995587, -0.7711864380875009 
24.669999999955845, -0.7712235673903792 
24.67999999995582, -0.771466622471764 
24.6899999999558, -0.7719345693654902 
24.699999999955775, -0.7726114538935819 
24.709999999955752, -0.7734416712174637 
24.71999999995573, -0.774339518681239 
24.729999999955705, -0.7752111739218523 
24.739999999955682, -0.7759788462421773 
24.74999999995566, -0.7765955154314106 
24.759999999955635, -0.777045885949481 
24.769999999955612, -0.7773376914815783 
24.77999999995559, -0.7774904424131395 
24.789999999955565, -0.7775264125164311 
24.799999999955542, -0.7774652057781617 
24.80999999995552, -0.7773212028966218 
24.819999999955495, -0.7771026831285409 
24.829999999955472, -0.7768116748634661 
24.83999999995545, -0.7764440238437235 
24.849999999955426, -0.7759895720203838 
24.859999999955402, -0.7754327157726913 
24.86999999995538, -0.7747540067555028 
24.879999999955356, -0.7739338191724382 
24.889999999955332, -0.7729591163478566 
24.89999999995531, -0.771833338598102 
24.909999999955286, -0.7705868101233067 
24.919999999955262, -0.7692816800842208 
24.92999999995524, -0.768004732660662 
24.939999999955216, -0.7668469956956692 
24.949999999955192, -0.765878546512433 
24.95999999995517, -0.7651314292799878 
24.969999999955146, -0.7645980694173532 
24.979999999955123, -0.7642425528265419 
24.9899999999551, -0.7640164540517459 
24.999999999955076, -0.7638719591864376 
