t, s[1].omega / s[0].omega 
0, -3.3749948617141827 
0.009999999999999995, -3.3743994376948203 
0.019999999999999934, -3.373659529983544 
0.029999999999999874, -3.372908024978538 
0.04000000000000012, -3.3723910239712893 
0.050000000000000405, -3.372058690704481 
0.06000000000000069, -3.371678955464678 
0.07000000000000098, -3.3711860073489532 
0.08000000000000126, -3.3706129438489763 
0.09000000000000155, -3.3700301375256116 
0.10000000000000184, -3.3695097675035433 
0.11000000000000212, -3.369053532375195 
0.12000000000000241, -3.36858420402753 
0.130000000000002, -3.368038277841002 
0.1400000000000009, -3.3674193170532667 
0.1499999999999998, -3.366841063485537 
0.1599999999999987, -3.366431360609277 
0.1699999999999976, -3.3661009803729476 
0.1799999999999965, -3.365700810668406 
0.1899999999999954, -3.365165881230437 
0.1999999999999943, -3.3644696743782796 
0.2099999999999932, -3.3636630708674233 
0.2199999999999921, -3.363020409661496 
0.229999999999991, -3.3627078053338915 
0.2399999999999899, -3.3624453761075253 
0.2499999999999888, -3.362046784305331 
0.2599999999999877, -3.361512190662617 
0.2699999999999866, -3.3608891077162277 
0.2799999999999855, -3.3602653863536 
0.2899999999999844, -3.3597460004441437 
0.2999999999999833, -3.3593125603113174 
0.3099999999999822, -3.358852120514628 
0.3199999999999811, -3.3583143869497674 
0.32999999999998, -3.357732653020528 
0.3399999999999789, -3.357206051037079 
0.3499999999999778, -3.3567796826061 
0.35999999999997667, -3.356375782131857 
0.36999999999997557, -3.3559046100440972 
0.37999999999997447, -3.355311974640466 
0.38999999999997337, -3.354585091223881 
0.39999999999997227, -3.3538682194753475 
0.40999999999997117, -3.3534483763153298 
0.41999999999997006, -3.353232851156047 
0.42999999999996896, -3.3529334686055576 
0.43999999999996786, -3.3524713569805606 
0.44999999999996676, -3.351862243444331 
0.45999999999996566, -3.3511561368139695 
0.46999999999996456, -3.350499098102479 
0.47999999999996346, -3.350033304396997 
0.48999999999996235, -3.3496524743801066 
0.49999999999996125, -3.3492082537432153 
0.5099999999999602, -3.3486766894403828 
0.519999999999959, -3.348106638449896 
0.529999999999958, -3.347576959354843 
0.5399999999999568, -3.3471174190270725 
0.5499999999999557, -3.3466761124978617 
0.5599999999999546, -3.3461776850659453 
0.5699999999999535, -3.345577328291049 
0.5799999999999524, -3.3449028752160985 
0.5899999999999513, -3.3443375405855695 
0.5999999999999502, -3.3440133174766786 
0.6099999999999491, -3.343743825046611 
0.619999999999948, -3.3433578580216556 
0.6299999999999469, -3.342815370112505 
0.6399999999999458, -3.342114869643308 
0.6499999999999447, -3.341332574469829 
0.6599999999999436, -3.340718383694175 
0.6699999999999425, -3.340369039897894 
0.6799999999999414, -3.3400441249509916 
0.6899999999999403, -3.339606466090639 
0.6999999999999392, -3.3390649300306103 
0.7099999999999381, -3.338475689767764 
0.719999999999937, -3.337918488845903 
0.7299999999999359, -3.337441253119708 
0.7399999999999348, -3.3369959599080836 
0.7499999999999337, -3.336499895513316 
0.7599999999999326, -3.33592163930329 
0.7699999999999315, -3.3353154988307976 
0.7799999999999304, -3.334823433531453 
0.7899999999999293, -3.334470257482306 
0.7999999999999282, -3.3341147172459693 
0.8099999999999271, -3.3336552866639986 
0.819999999999926, -3.333049502348203 
0.8299999999999249, -3.332289753556926 
0.8399999999999238, -3.331522455433889 
0.8499999999999227, -3.331055839330785 
0.8599999999999216, -3.3308196152254324 
0.8699999999999205, -3.3305153888600416 
0.8799999999999194, -3.330061807121672 
0.8899999999999183, -3.3294865702399767 
0.8999999999999172, -3.328849014918492 
0.9099999999999161, -3.3282560930930067 
0.919999999999915, -3.327785823028376 
0.9299999999999139, -3.3273629269067735 
0.9399999999999128, -3.326884784509977 
0.9499999999999117, -3.3263320068337245 
0.9599999999999106, -3.325763061549638 
0.9699999999999095, -3.325274177249053 
0.9799999999999084, -3.3248677766138974 
0.9899999999999073, -3.324454387498322 
0.9999999999999062, -3.3239568451564567 
1.0099999999999052, -3.323330456048705 
1.019999999999904, -3.3225891793783227 
1.029999999999903, -3.321938809874104 
1.039999999999902, -3.3216084489688114 
1.0499999999999008, -3.321396751814883 
1.0599999999998997, -3.321064239471852 
1.0699999999998986, -3.320571080968944 
1.0799999999998975, -3.319938640833803 
1.0899999999998964, -3.319230710054974 
1.0999999999998953, -3.31861127528256 
1.1099999999998942, -3.3181822383263464 
1.119999999999893, -3.3178031044543808 
1.129999999999892, -3.31734864124063 
1.1399999999998909, -3.3168117024485575 
1.1499999999998898, -3.3162483348812466 
1.1599999999998887, -3.3157347908996235 
1.1699999999998876, -3.315288087264508 
1.1799999999998865, -3.3148493593915767 
1.1899999999998854, -3.3143461716786127 
1.1999999999998843, -3.3137392245366697 
1.2099999999998832, -3.3130673361144325 
1.219999999999882, -3.3125242649150786 
1.229999999999881, -3.3122200673152853 
1.2399999999998799, -3.311955595775501 
1.2499999999998788, -3.3115698437600436 
1.2599999999998777, -3.3110281352328776 
1.2699999999998766, -3.3103315427323388 
1.2799999999998755, -3.3095584770957323 
1.2899999999998744, -3.308951646184679 
1.2999999999998733, -3.308601861662691 
1.3099999999998722, -3.3082780356465387 
1.319999999999871, -3.3078456354153642 
1.32999999999987, -3.307311797529458 
1.3399999999998689, -3.306731296136036 
1.3499999999998678, -3.3061814561327787 
1.3599999999998666, -3.305708521830109 
1.3699999999998655, -3.3052685114185074 
1.3799999999998644, -3.3047806638148645 
1.3899999999998633, -3.304209396196601 
1.3999999999998622, -3.3035998006202916 
1.4099999999998611, -3.3030957372921437 
1.41999999999986, -3.3027472262874804 
1.429999999999859, -3.302413971205271 
1.4399999999998578, -3.3019820898308323 
1.4499999999998567, -3.3014069337295053 
1.4599999999998556, -3.3006739402532794 
1.4699999999998545, -3.299887245640916 
1.4799999999998534, -3.2993482116699875 
1.4899999999998523, -3.2990887469447054 
1.4999999999998512, -3.2988108628246087 
1.5099999999998501, -3.2983913978657973 
1.519999999999849, -3.297847475258058 
1.529999999999848, -3.2972312308393925 
1.5399999999998468, -3.2966339470148767 
1.5499999999998457, -3.2961436001304945 
1.5599999999998446, -3.295720745126939 
1.5699999999998435, -3.2952608181683187 
1.5799999999998424, -3.2947244548399475 
1.5899999999998413, -3.2941505413842322 
1.5999999999998402, -3.2936412334000638 
1.6099999999998391, -3.293236056481299 
1.619999999999838, -3.2928507509750653 
1.629999999999837, -3.2923954433181857 
1.6399999999998358, -3.2918177234144266 
1.6499999999998347, -3.2911003795739155 
1.6599999999998336, -3.2903648685940077 
1.6699999999998325, -3.289905567417364 
1.6799999999998314, -3.289693635573756 
1.6899999999998303, -3.2894303583801294 
1.6999999999998292, -3.289009746210411 
1.709999999999828, -3.2884447756675854 
1.719999999999827, -3.2877780698932035 
1.729999999999826, -3.287121220471409 
1.7399999999998248, -3.2866196281202633 
1.7499999999998237, -3.286231690055877 
1.7599999999998226, -3.285810323643812 
1.7699999999998215, -3.285305204488342 
1.7799999999998204, -3.28474789954956 
1.7899999999998193, -3.2842166472028653 
1.7999999999998182, -3.283761303567681 
1.809999999999817, -3.2833430348278574 
1.819999999999816, -3.282885482915519 
1.8299999999998149, -3.282331523343683 
1.8399999999998138, -3.28166662922557 
1.8499999999998127, -3.281002100295629 
1.8599999999998116, -3.2805743672918224 
1.8699999999998105, -3.28034332463657 
1.8799999999998094, -3.2800610295048784 
1.8899999999998083, -3.2796289036738586 
1.8999999999998072, -3.2790413118431814 
1.909999999999806, -3.278322685900746 
1.919999999999805, -3.2776028496616747 
1.9299999999998039, -3.277097436343386 
1.9399999999998028, -3.276762331909339 
1.9499999999998017, -3.276391093025049 
1.9599999999998006, -3.2759168410682045 
1.9699999999997995, -3.275366951922438 
1.9799999999997984, -3.2748074868148613 
1.9899999999997973, -3.2743053511907823 
1.9999999999997962, -3.2738643550023667 
2.0099999999998173, -3.273417794342573 
2.0199999999998384, -3.2728997089800287 
2.0299999999998595, -3.2722932480383617 
2.0399999999998806, -3.27168019074855 
2.0499999999999017, -3.2712331723628933 
2.059999999999923, -3.270941513361616 
2.069999999999944, -3.270623623790294 
2.079999999999965, -3.2701811235213634 
2.089999999999986, -3.269585527786643 
2.100000000000007, -3.2688392265419197 
2.1100000000000283, -3.2680759018429577 
2.1200000000000494, -3.2675742579422837 
2.1300000000000705, -3.2673010993138285 
2.1400000000000916, -3.266988670443239 
2.1500000000001127, -3.2665477951344464 
2.160000000000134, -3.2660026571769394 
2.170000000000155, -3.2654112248462397 
2.180000000000176, -3.2648571936026203 
2.190000000000197, -3.2643926848075386 
2.2000000000002182, -3.263963925779863 
2.2100000000002393, -3.2634857236561485 
2.2200000000002604, -3.2629300066969593 
2.2300000000002815, -3.2623476645029683 
2.2400000000003026, -3.2618617013600852 
2.2500000000003237, -3.2614998648658178 
2.260000000000345, -3.261145617297667 
2.270000000000366, -3.260702582137146 
2.280000000000387, -3.2601244458649368 
2.290000000000408, -3.259395510155057 
2.3000000000004293, -3.258629764793141 
2.3100000000004504, -3.2581289033429295 
2.3200000000004715, -3.257900338562191 
2.3300000000004926, -3.257642864287296 
2.3400000000005137, -3.2572373109002193 
2.3500000000005348, -3.2566990442522936 
2.360000000000556, -3.2560750955096687 
2.370000000000577, -3.255458063281531 
2.380000000000598, -3.2549573894650594 
2.390000000000619, -3.2545486493106397 
2.4000000000006403, -3.2541149156695157 
2.4100000000006614, -3.2536049398566362 
2.4200000000006825, -3.253045248236525 
2.4300000000007036, -3.252522983448659 
2.4400000000007247, -3.252095253512998 
2.450000000000746, -3.251707228083325 
2.460000000000767, -3.2512722219122865 
2.470000000000788, -3.250731830652903 
2.480000000000809, -3.2500588287571213 
2.49000000000083, -3.2493291912493554 
2.5000000000008513, -3.248810529215877 
2.5100000000008724, -3.248577056650718 
2.5200000000008935, -3.2483511309142075 
2.5300000000009146, -3.2479786545000615 
2.5400000000009357, -3.2474540009366466 
2.550000000000957, -3.246805806926323 
2.560000000000978, -3.246118413625242 
2.570000000000999, -3.2455578677145893 
2.58000000000102, -3.2451640685434517 
2.5900000000010412, -3.2447835599150268 
2.6000000000010624, -3.244322694315688 
2.6100000000010835, -3.2437880550727676 
2.6200000000011046, -3.2432410893350268 
2.6300000000011257, -3.242753423662836 
2.6400000000011468, -3.242328420106218 
2.650000000001168, -3.2419020554130897 
2.660000000001189, -3.2414059540239597 
2.67000000000121, -3.2408028609947053 
2.680000000001231, -3.240128531479621 
2.6900000000012523, -3.239576840187186 
2.7000000000012734, -3.239281446095479 
2.7100000000012945, -3.2390496706452723 
2.7200000000013156, -3.2387027414470184 
2.7300000000013367, -3.2382023775185234 
2.740000000001358, -3.2375522867726296 
2.750000000001379, -3.2368075107081906 
2.7600000000014, -3.2361622935536536 
2.770000000001421, -3.235762997269119 
2.780000000001442, -3.235444947975016 
2.7900000000014633, -3.2350451309233654 
2.8000000000014844, -3.2345454586042885 
2.8100000000015055, -3.2339894819695103 
2.8200000000015266, -3.2334484682532305 
2.8300000000015477, -3.2329750185432027 
2.840000000001569, -3.2325476101745836 
2.85000000000159, -3.2320923695059074 
2.860000000001611, -3.231555797386986 
2.870000000001632, -3.2309415223121922 
2.8800000000016532, -3.2303639875902386 
2.8900000000016743, -3.229974974430102 
2.9000000000016954, -3.229699352637759 
2.9100000000017165, -3.22936563289297 
2.9200000000017377, -3.228900037523392 
2.9300000000017588, -3.228280487525332 
2.94000000000178, -3.227521995912312 
2.950000000001801, -3.2267910850932395 
2.960000000001822, -3.2263444464325266 
2.970000000001843, -3.226083799553605 
2.9800000000018643, -3.2257609183047933 
2.9900000000018854, -3.2253121517768335 
3.0000000000019065, -3.224766785107959 
3.0100000000019276, -3.224184771130872 
3.0200000000019487, -3.2236473655393767 
3.03000000000197, -3.223195938513663 
3.040000000001991, -3.2227718329923754 
3.050000000002012, -3.222294984020536 
3.060000000002033, -3.2217407063762833 
3.070000000002054, -3.2211618488666316 
3.0800000000020753, -3.220684152729743 
3.0900000000020964, -3.220335914050517 
3.1000000000021175, -3.219997094431162 
3.1100000000021386, -3.219569234869321 
3.1200000000021597, -3.2190070467755 
3.130000000002181, -3.2182928813351337 
3.140000000002202, -3.2175205472939816 
3.150000000002223, -3.2169798794351463 
3.160000000002244, -3.216733530091605 
3.1700000000022652, -3.2164929592604885 
3.1800000000022863, -3.216113449533104 
3.1900000000023074, -3.2156020733291037 
3.2000000000023285, -3.2150024688649603 
3.2100000000023496, -3.2143945222243113 
3.2200000000023707, -3.2138816516795123 
3.230000000002392, -3.2134667028529633 
3.240000000002413, -3.2130449024335412 
3.250000000002434, -3.2125519784911405 
3.260000000002455, -3.2119986765011435 
3.2700000000024763, -3.2114648641032773 
3.2800000000024974, -3.2110314334861663 
3.2900000000025185, -3.21066186969015 
3.3000000000025396, -3.2102616106088044 
3.3100000000025607, -3.209764611698413 
3.3200000000025818, -3.209133510712949 
3.330000000002603, -3.208391397965138 
3.340000000002624, -3.2077512561803294 
3.350000000002645, -3.2074346942412455 
3.360000000002666, -3.207246072788241 
3.3700000000026873, -3.206946225553563 
3.3800000000027084, -3.2064926292946723 
3.3900000000027295, -3.2059093884724197 
3.4000000000027506, -3.205250406981841 
3.4100000000027717, -3.204639671583468 
3.420000000002793, -3.204185816314246 
3.430000000002814, -3.203808884331626 
3.440000000002835, -3.2033834156054093 
3.450000000002856, -3.202878242866131 
3.460000000002877, -3.202332049918815 
3.4700000000028983, -3.2018248234463504 
3.4800000000029194, -3.2013965185411593 
3.4900000000029405, -3.2009986053014003 
3.5000000000029616, -3.20055557159698 
3.5100000000029827, -3.2000133008522815 
3.520000000003004, -3.199353667704149 
3.530000000003025, -3.1986726877107987 
3.540000000003046, -3.1982166678495565 
3.550000000003067, -3.1979990443767763 
3.5600000000030882, -3.197763251546226 
3.5700000000031094, -3.197383385908196 
3.5800000000031305, -3.196852203151303 
3.5900000000031516, -3.19619119965105 
3.6000000000031727, -3.1954864674910683 
3.6100000000031938, -3.1949228920174777 
3.620000000003215, -3.194550009236193 
3.630000000003236, -3.1941983741310187 
3.640000000003257, -3.1937627004541786 
3.650000000003278, -3.1932456667786777 
3.6600000000032993, -3.192701155011732 
3.6700000000033204, -3.1922005729920917 
3.6800000000033415, -3.1917667348869188 
3.6900000000033626, -3.19135047359694 
3.7000000000033837, -3.1908816248685556 
3.710000000003405, -3.190317041338238 
3.720000000003426, -3.189671981342212 
3.730000000003447, -3.1890959171853277 
3.740000000003468, -3.1887541880274464 
3.750000000003489, -3.1885245712278474 
3.7600000000035103, -3.1882138255725936 
3.7700000000035314, -3.187758931871095 
3.7800000000035525, -3.187152442526908 
3.7900000000035736, -3.186420668426867 
3.8000000000035947, -3.1857148783198697 
3.810000000003616, -3.185250955055838 
3.820000000003637, -3.18495242960669 
3.830000000003658, -3.184608372284895 
3.840000000003679, -3.1841569894483244 
3.8500000000037002, -3.1836246779997635 
3.8600000000037213, -3.183072015902346 
3.8700000000037424, -3.1825681044842056 
3.8800000000037635, -3.1821325566934484 
3.8900000000037847, -3.1817090838368287 
3.9000000000038058, -3.1812277569358662 
3.910000000003827, -3.1806602916966105 
3.920000000003848, -3.1800545098434556 
3.930000000003869, -3.1795635115899734 
3.94000000000389, -3.1792515627908955 
3.9500000000039113, -3.178970785456932 
3.9600000000039324, -3.178593408469686 
3.9700000000039535, -3.178076272865382 
3.9800000000039746, -3.177405276158635 
3.9900000000039957, -3.176632701958974 
4.000000000004016, -3.175989135176126 
4.010000000003993, -3.1756446066095627 
4.02000000000397, -3.1753928515584553 
4.030000000003946, -3.175041528449425 
4.040000000003923, -3.1745698893907637 
4.0500000000039, -3.1740164904440697 
4.0600000000038765, -3.1734469207138716 
4.070000000003853, -3.1729384414791215 
4.08000000000383, -3.172509102634012 
4.090000000003807, -3.1720872415239088 
4.100000000003783, -3.17160327703022 
4.11000000000376, -3.1710447667191652 
4.120000000003737, -3.170478567887708 
4.130000000003713, -3.1700306029823375 
4.14000000000369, -3.1697045937773045 
4.150000000003667, -3.1693736828375085 
4.1600000000036434, -3.16894714617625 
4.17000000000362, -3.1683844643308965 
4.180000000003597, -3.1676716281261266 
4.1900000000035735, -3.1669058674506703 
4.20000000000355, -3.166369084450574 
4.210000000003527, -3.1661215744250883 
4.220000000003504, -3.1658861710764565 
4.23000000000348, -3.1655183047560937 
4.240000000003457, -3.1650227900533645 
4.250000000003434, -3.1644420829967794 
4.26000000000341, -3.1638497917993655 
4.270000000003387, -3.163340079093491 
4.280000000003364, -3.162924677726378 
4.2900000000033405, -3.1625110379121546 
4.300000000003317, -3.162031006637097 
4.310000000003294, -3.161485208800464 
4.320000000003271, -3.1609456914952965 
4.330000000003247, -3.160508705159228 
4.340000000003224, -3.1601566393459057 
4.350000000003201, -3.1597886236699324 
4.360000000003177, -3.1593307934943264 
4.370000000003154, -3.1587420647231736 
4.380000000003131, -3.1580175562536192 
4.390000000003107, -3.15730019022879 
4.400000000003084, -3.15687064299105 
4.410000000003061, -3.1566772708174557 
4.4200000000030375, -3.156436603093488 
4.430000000003014, -3.156048196586337 
4.440000000002991, -3.1555267242639333 
4.450000000002968, -3.154913869282633 
4.460000000002944, -3.1542957673001126 
4.470000000002921, -3.153789297832441 
4.480000000002898, -3.1533941552808438 
4.490000000002874, -3.1529939233265254 
4.500000000002851, -3.1525219107821494 
4.510000000002828, -3.1519875631728222 
4.520000000002804, -3.1514604292279036 
4.530000000002781, -3.151017196661725 
4.540000000002758, -3.1506405036825673 
4.5500000000027345, -3.150249083392743 
4.560000000002711, -3.149775841867595 
4.570000000002688, -3.1491804089258704 
4.580000000002665, -3.148470850320636 
4.590000000002641, -3.147817048313488 
4.600000000002618, -3.14746123068686 
4.610000000002595, -3.147283221743114 
4.620000000002571, -3.14702665398372 
4.630000000002548, -3.146618141582753 
4.640000000002525, -3.1460712743899455 
4.6500000000025015, -3.145424324754025 
4.660000000002478, -3.14477911249857 
4.670000000002455, -3.144279010172357 
4.6800000000024315, -3.1439088468732703 
4.690000000002408, -3.143526606945284 
4.700000000002385, -3.143065476039389 
4.710000000002362, -3.142539869670179 
4.720000000002338, -3.1420144103783993 
4.730000000002315, -3.1415568926295334 
4.740000000002292, -3.1411600277182083 
4.750000000002268, -3.140756311735859 
4.760000000002245, -3.1402805696814866 
4.770000000002222, -3.1396939904119923 
4.7800000000021985, -3.139014264240898 
4.790000000002175, -3.1384137387055704 
4.800000000002152, -3.1380899922206247 
4.810000000002129, -3.1379026540771013 
4.820000000002105, -3.13762806424963 
4.830000000002082, -3.137203663104326 
4.840000000002059, -3.136635737097511 
4.850000000002035, -3.1359568958291866 
4.860000000002012, -3.1352840822150054 
4.870000000001989, -3.1347900733592913 
4.880000000001965, -3.1344478183788462 
4.890000000001942, -3.1340882159593977 
4.900000000001919, -3.1336408902007005 
4.9100000000018955, -3.133122238848841 
4.920000000001872, -3.1325918590934143 
4.930000000001849, -3.1321158836843024 
4.940000000001826, -3.131702013493191 
4.950000000001802, -3.1312938295071255 
4.960000000001779, -3.130825161567734 
4.970000000001756, -3.1302575738853684 
4.980000000001732, -3.1296112134225895 
4.990000000001709, -3.1290427683853297 
5.000000000001686, -3.128717670417095 
5.0100000000016625, -3.128508738583853 
5.020000000001639, -3.128219165901478 
5.030000000001616, -3.127786164378026 
5.0400000000015925, -3.1272057979289363 
5.050000000001569, -3.126502259813737 
5.060000000001546, -3.125801648165572 
5.070000000001523, -3.125308224834047 
5.080000000001499, -3.1249942607445087 
5.090000000001476, -3.124662360182749 
5.100000000001453, -3.124232823442016 
5.110000000001429, -3.1237214796480997 
5.120000000001406, -3.1231831076219563 
5.130000000001383, -3.1226855761847845 
5.1400000000013595, -3.1222549208110197 
5.150000000001336, -3.121846690827634 
5.160000000001313, -3.121391606958132 
5.17000000000129, -3.1208486259401598 
5.180000000001266, -3.120233450754304 
5.190000000001243, -3.119677712173717 
5.20000000000122, -3.119329360663709 
5.210000000001196, -3.1190935557716126 
5.220000000001173, -3.118794191513774 
5.23000000000115, -3.1183617636440033 
5.240000000001126, -3.117781196403399 
5.250000000001103, -3.1170652725873498 
5.26000000000108, -3.1163375838101492 
5.2700000000010565, -3.1158327021502044 
5.280000000001033, -3.115543132638815 
5.29000000000101, -3.1152442468542345 
5.300000000000987, -3.114838173237435 
5.310000000000963, -3.1143372238737554 
5.32000000000094, -3.1137911078914047 
5.330000000000917, -3.113269348693318 
5.340000000000893, -3.1128185539657176 
5.35000000000087, -3.1124109781064973 
5.360000000000847, -3.111973462888748 
5.3700000000008234, -3.111458173730394 
5.3800000000008, -3.110871595260023 
5.390000000000777, -3.1103167156524574 
5.4000000000007535, -3.109932151598821 
5.41000000000073, -3.1096661883979158 
5.420000000000707, -3.1093618024177054 
5.430000000000684, -3.1089392992269276 
5.44000000000066, -3.1083724831604704 
5.450000000000637, -3.107660690342052 
5.460000000000614, -3.106909818295718 
5.47000000000059, -3.106375284362236 
5.480000000000567, -3.106098986670064 
5.490000000000544, -3.1058375831965854 
5.5000000000005205, -3.105462556571438 
5.510000000000497, -3.1049780998580188 
5.520000000000474, -3.1044281726929284 
5.5300000000004506, -3.103880968948508 
5.540000000000427, -3.103403277413846 
5.550000000000404, -3.1029924553909516 
5.560000000000381, -3.1025741260742015 
5.570000000000357, -3.1020887190724618 
5.580000000000334, -3.101530394746752 
5.590000000000311, -3.100973020673313 
5.600000000000287, -3.1005456484630853 
5.610000000000264, -3.1002449438645328 
5.620000000000241, -3.0999376442220536 
5.6300000000002175, -3.099532704401787 
5.640000000000194, -3.0989927260585275 
5.650000000000171, -3.0983036468859453 
5.660000000000148, -3.097539951042644 
5.670000000000124, -3.096955441112567 
5.680000000000101, -3.0966703445302115 
5.690000000000078, -3.0964473300932163 
5.700000000000054, -3.0961124920420344 
5.710000000000031, -3.0956536253996596 
5.720000000000008, -3.095107986292253 
5.729999999999984, -3.094537838364277 
5.739999999999961, -3.0940247678800645 
5.749999999999938, -3.093600843079461 
5.7599999999999145, -3.0932000347122486 
5.769999999999891, -3.09274645216201 
5.779999999999868, -3.092218688004008 
5.789999999999845, -3.091662931871799 
5.799999999999821, -3.091192090702143 
5.809999999999798, -3.090849565010211 
5.819999999999775, -3.0905368434236795 
5.829999999999751, -3.090153682675229 
5.839999999999728, -3.089650449871904 
5.849999999999705, -3.0890015802658106 
5.8599999999996815, -3.088243854844369 
5.869999999999658, -3.087596055860954 
5.879999999999635, -3.0872670123815302 
5.8899999999996115, -3.0870744111072086 
5.899999999999588, -3.0867890541444756 
5.909999999999565, -3.0863675020338457 
5.919999999999542, -3.085838383259081 
5.929999999999518, -3.0852540146343572 
5.939999999999495, -3.084699558323277 
5.949999999999472, -3.084246094632708 
5.959999999999448, -3.0838552510659136 
5.969999999999425, -3.0834345717929326 
5.979999999999402, -3.082941554740199 
5.9899999999993785, -3.0823970218963543 
5.999999999999355, -3.081889325570131 
6.009999999999332, -3.081496905444088 
6.019999999999309, -3.0811701694128777 
6.029999999999285, -3.0808080213220506 
6.039999999999262, -3.0803468465032418 
6.049999999999239, -3.07975135664957 
6.059999999999215, -3.079024496421482 
6.069999999999192, -3.078319087772399 
6.079999999999169, -3.0779029994425784 
6.089999999999145, -3.077715622783936 
6.099999999999122, -3.0774855380300803 
6.109999999999099, -3.0771147912511787 
6.1199999999990755, -3.0766176723782785 
6.129999999999052, -3.0760350760564856 
6.139999999999029, -3.0754421129689353 
6.149999999999006, -3.074939271572474 
6.159999999998982, -3.074540771745065 
6.169999999998959, -3.07415062785143 
6.179999999998936, -3.073697162530719 
6.189999999998912, -3.0731763203880993 
6.199999999998889, -3.072646730223839 
6.209999999998866, -3.0722001113267066 
6.2199999999988425, -3.071844688561339 
6.229999999998819, -3.0714960561100675 
6.239999999998796, -3.0710769269647917 
6.2499999999987725, -3.0705416437686 
6.259999999998749, -3.069869689397218 
6.269999999998726, -3.0691374245468785 
6.279999999998703, -3.0686022116591376 
6.289999999998679, -3.068369896026907 
6.299999999998656, -3.0681891541328805 
6.309999999998633, -3.067882528845461 
6.319999999998609, -3.067434695363691 
6.329999999998586, -3.0668754082017715 
6.339999999998563, -3.0662607789214134 
6.3499999999985395, -3.0656956712759085 
6.359999999998516, -3.0652593550958476 
6.369999999998493, -3.064888007170079 
6.37999999999847, -3.0644773844947575 
6.389999999998446, -3.0639928634561597 
6.399999999998423, -3.0634630516531 
6.4099999999984, -3.06296848560351 
6.419999999998376, -3.0625673212908326 
6.429999999998353, -3.0622162702775166 
6.43999999999833, -3.061832772725687 
6.449999999998306, -3.061357882702109 
6.459999999998283, -3.0607566003105253 
6.46999999999826, -3.060043990786892 
6.4799999999982365, -3.0593968743809126 
6.489999999998213, -3.0590507714278896 
6.49999999999819, -3.0588868122812842 
6.509999999998167, -3.058652232850536 
6.519999999998143, -3.0582712675904573 
6.52999999999812, -3.057758646610419 
6.539999999998097, -3.057151699029511 
6.549999999998073, -3.056532972855856 
6.55999999999805, -3.056024338162922 
6.569999999998027, -3.055641668885379 
6.5799999999980034, -3.0552704379925393 
6.58999999999798, -3.0548327613533623 
6.599999999997957, -3.054326369436163 
6.6099999999979335, -3.053804714685041 
6.61999999999791, -3.053347782638311 
6.629999999997887, -3.0529706121981492 
6.639999999997864, -3.052607599628206 
6.64999999999784, -3.052186801731775 
6.659999999997817, -3.0516607105943967 
6.669999999997794, -3.0510090496734628 
6.67999999999777, -3.050307253775247 
6.689999999997747, -3.049798634360383 
6.699999999997724, -3.0495775604985687 
6.7099999999977005, -3.049403921052016 
6.719999999997677, -3.0491051097157422 
6.729999999997654, -3.0486612215713245 
6.7399999999976306, -3.0480954551844235 
6.749999999997607, -3.047458444754141 
6.759999999997584, -3.0468642693606496 
6.769999999997561, -3.0464196100369922 
6.779999999997537, -3.0460656576963223 
6.789999999997514, -3.045679686380808 
6.799999999997491, -3.045217197566376 
6.809999999997467, -3.0446998512354435 
6.819999999997444, -3.0441961250080642 
6.829999999997421, -3.0437691789047814 
6.8399999999973975, -3.043400681182714 
6.849999999997374, -3.043019452729574 
6.859999999997351, -3.0425632832290614 
6.869999999997328, -3.0419934861853797 
6.879999999997304, -3.0413142676955967 
6.889999999997281, -3.0406692853949058 
6.899999999997258, -3.0402940781357444 
6.909999999997234, -3.0401252346237673 
6.919999999997211, -3.039912390395979 
6.929999999997188, -3.0395566724418224 
6.939999999997164, -3.0390614683098427 
6.949999999997141, -3.038454369213747 
6.959999999997118, -3.0378068347503024 
6.9699999999970945, -3.0372564382960374 
6.979999999997071, -3.03686456391769 
6.989999999997048, -3.0365185569903916 
6.999999999997025, -3.0361135238336106 
7.009999999997001, -3.0356320112658848 
7.019999999996978, -3.0351126935885064 
7.029999999996955, -3.034629219338982 
7.039999999996931, -3.03422278483586 
7.049999999996908, -3.0338545111706616 
7.059999999996885, -3.033454024516325 
7.0699999999968615, -3.032966800998145 
7.079999999996838, -3.032363343124781 
7.089999999996815, -3.031680530398094 
7.0999999999967915, -3.031114329076244 
7.109999999996768, -3.0308348165918404 
7.119999999996745, -3.030673227203205 
7.129999999996722, -3.0304179872722297 
7.139999999996698, -3.030016570861185 
7.149999999996675, -3.029480863955606 
7.159999999996652, -3.0288447467787636 
7.169999999996628, -3.02820366331116 
7.179999999996605, -3.027701817382961 
7.189999999996582, -3.0273448076911045 
7.1999999999965585, -3.0269952555793287 
7.209999999996535, -3.0265726737798784 
7.219999999996512, -3.0260784121702486 
7.229999999996489, -3.025562656841509 
7.239999999996465, -3.025097277070291 
7.249999999996442, -3.024703856423201 
7.259999999996419, -3.024332066085578 
7.269999999996395, -3.0239141902747178 
7.279999999996372, -3.0234017689759467 
7.289999999996349, -3.0227755785970567 
7.299999999996325, -3.0221065396671447 
7.309999999996302, -3.02161604019626 
7.319999999996279, -3.021393014731439 
7.3299999999962555, -3.021220115523987 
7.339999999996232, -3.020929476602653 
7.349999999996209, -3.02049368224342 
7.359999999996186, -3.0199279051383914 
7.369999999996162, -3.0192744271811804 
7.379999999996139, -3.018649830638338 
7.389999999996116, -3.0181898109241327 
7.399999999996092, -3.017852171663363 
7.409999999996069, -3.017495133467716 
7.419999999996046, -3.0170589711978577 
7.4299999999960225, -3.016557267832893 
7.439999999995999, -3.016047336973007 
7.449999999995976, -3.01559619382779 
7.4599999999959525, -3.015210813480296 
7.469999999995929, -3.0148347577198016 
7.479999999995906, -3.0144031448607214 
7.489999999995883, -3.013872216288868 
7.499999999995859, -3.013232867745571 
7.509999999995836, -3.0125842994016345 
7.519999999995813, -3.0121519607131124 
7.529999999995789, -3.011958076572381 
7.539999999995766, -3.0117708593776604 
7.549999999995743, -3.0114549624260984 
7.5599999999957195, -3.0109956810504537 
7.569999999995696, -3.01041000141503 
7.579999999995673, -3.009748535169131 
7.58999999999565, -3.009142258320026 
7.599999999995626, -3.0087119252554007 
7.609999999995603, -3.0083835048657472 
7.61999999999558, -3.0080195493833584 
7.629999999995556, -3.007574470538487 
7.639999999995533, -3.0070692284196965 
7.64999999999551, -3.0065650348192885 
7.659999999995486, -3.0061240461648997 
7.669999999995463, -3.0057437446537527 
7.67999999999544, -3.005364596340241 
7.6899999999954165, -3.004924000990126 
7.699999999995393, -3.0043814764787338 
7.70999999999537, -3.0037357389328916 
7.719999999995347, -3.003104470289889 
7.729999999995323, -3.0027083274263093 
7.7399999999953, -3.002528116786484 
7.749999999995277, -3.0023310553885905 
7.759999999995253, -3.0020007795790136 
7.76999999999523, -3.0015285890792236 
7.779999999995207, -3.000932747366572 
7.789999999995183, -3.000269624615445 
7.79999999999516, -2.999677043410777 
7.809999999995137, -2.999263277716037 
7.8199999999951135, -2.9989384547446845 
7.82999999999509, -2.998570398418629 
7.839999999995067, -2.998121035164206 
7.849999999995044, -2.9976149131236856 
7.85999999999502, -2.997114952887231 
7.869999999994997, -2.9966802828587467 
7.879999999994974, -2.996303455110868 
7.88999999999495, -2.995923579104983 
7.899999999994927, -2.995479401898128 
7.909999999994904, -2.9949320914990585 
7.9199999999948805, -2.994284006026122 
7.929999999994857, -2.993660410281511 
7.939999999994834, -2.993278641257788 
7.9499999999948106, -2.9931040292359157 
7.959999999994787, -2.9929047163127733 
7.969999999994764, -2.992571013795018 
7.979999999994741, -2.992096293756336 
7.989999999994717, -2.9914995330977483 
7.999999999994694, -2.990838684288376 
8.00999999999467, -2.990251703008458 
8.019999999994647, -2.9898420760461524 
8.029999999994624, -2.9895177945552938 
8.0399999999946, -2.989149340322505 
8.049999999994577, -2.988700120283695 
8.059999999994554, -2.988194990637262 
8.06999999999453, -2.9876970291627294 
8.079999999994508, -2.9872650397471325 
8.089999999994484, -2.9868908117370343 
8.099999999994461, -2.9865131999997043 
8.109999999994438, -2.9860711808189295 
8.119999999994414, -2.9855258467479526 
8.129999999994391, -2.984878145150779 
8.139999999994368, -2.9842499751878995 
8.149999999994344, -2.983861132938545 
8.159999999994321, -2.9836865196298357 
8.169999999994298, -2.9834933813054385 
8.179999999994275, -2.983167150298354 
8.189999999994251, -2.9827001311727406 
8.199999999994228, -2.9821113749163684 
8.209999999994205, -2.981455968409738 
8.219999999994181, -2.98086598895091 
8.229999999994158, -2.980448695818259 
8.239999999994135, -2.9801224448703425 
8.249999999994111, -2.9797573383617992 
8.259999999994088, -2.979312565967298 
8.269999999994065, -2.978810094382327 
8.279999999994041, -2.978311658028354 
8.289999999994018, -2.977878623964407 
8.299999999993995, -2.9775062330291053 
8.309999999993972, -2.9771340173424994 
8.319999999993948, -2.976700010670113 
8.329999999993925, -2.9761636421760325 
8.339999999993902, -2.9755198070253916 
8.349999999993878, -2.9748759392557806 
8.359999999993855, -2.9744575655029366 
8.369999999993832, -2.974275061579492 
8.379999999993808, -2.974095678186919 
8.389999999993785, -2.973787743691399 
8.399999999993762, -2.973338544038377 
8.409999999993738, -2.972766673974706 
8.419999999993715, -2.972120936574434 
8.429999999993692, -2.971521579695373 
8.439999999993669, -2.9710850598366783 
8.449999999993645, -2.9707530002238736 
8.459999999993622, -2.9703943010738936 
8.469999999993599, -2.969958280921293 
8.479999999993575, -2.969460543148876 
8.489999999993552, -2.9689593962941334 
8.499999999993529, -2.9685211273339465 
8.509999999993505, -2.9681492399032 
8.519999999993482, -2.9677852116008188 
8.529999999993459, -2.9673649637736412 
8.539999999993436, -2.9668449731294477 
8.549999999993412, -2.9662110841983917 
8.559999999993389, -2.9655455987127692 
8.569999999993366, -2.965073982823271 
8.579999999993342, -2.964868345292748 
8.589999999993319, -2.9647071282707835 
8.599999999993296, -2.9644280865378216 
8.609999999993272, -2.9640067925520297 
8.619999999993249, -2.963460792224134 
8.629999999993226, -2.9628311906227593 
8.639999999993202, -2.9622208223241104 
8.64999999999318, -2.9617543507757746 
8.659999999993156, -2.9614096530563896 
8.669999999993133, -2.9610587631643726 
8.67999999999311, -2.9606357654737705 
8.689999999993086, -2.9601458234764566 
8.699999999993063, -2.9596406558079957 
8.70999999999304, -2.9591921939647734 
8.719999999993016, -2.9588180481769326 
8.729999999992993, -2.958464087669648 
8.73999999999297, -2.958062950918222 
8.749999999992946, -2.9575670437206676 
8.759999999992923, -2.9569525392308327 
8.7699999999929, -2.9562689489091865 
8.779999999992876, -2.9557230113953556 
8.789999999992853, -2.95546672858558 
8.79999999999283, -2.9553204741228862 
8.809999999992806, -2.9550799209574476 
8.819999999992783, -2.9546967335298393 
8.82999999999276, -2.9541856420160615 
8.839999999992736, -2.953580893956626 
8.849999999992713, -2.9529644365792853 
8.85999999999269, -2.9524606286731827 
8.869999999992666, -2.952092556975712 
8.879999999992643, -2.9517477145823126 
8.88999999999262, -2.951341537813695 
8.899999999992596, -2.9508638083604533 
8.909999999992573, -2.950355303051302 
8.91999999999255, -2.949891092128338 
8.929999999992527, -2.949509334839145 
8.939999999992503, -2.949165550925227 
8.94999999999248, -2.94878808900749 
8.959999999992457, -2.9483237996739486 
8.969999999992433, -2.9477405849223937 
8.97999999999241, -2.947054194990318 
8.989999999992387, -2.9464255025595825 
8.999999999992363, -2.9460779018424645 
9.00999999999234, -2.945927613332852 
9.019999999992317, -2.945731462844352 
9.029999999992294, -2.94539675114106 
9.03999999999227, -2.9449296427409797 
9.049999999992247, -2.9443596583024316 
9.059999999992224, -2.943748485781421 
9.0699999999922, -2.943207474793361 
9.079999999992177, -2.9428026630569595 
9.089999999992154, -2.9424569245520207 
9.09999999999213, -2.9420697327495824 
9.109999999992107, -2.941609837539235 
9.119999999992084, -2.941101974412903 
9.12999999999206, -2.9406172875591654 
9.139999999992037, -2.940218653034003 
9.149999999992014, -2.9398817774353185 
9.15999999999199, -2.939531129812077 
9.169999999991967, -2.939105270160735 
9.179999999991944, -2.9385655195772875 
9.18999999999192, -2.937900902679622 
9.199999999991897, -2.93720620527706 
9.209999999991874, -2.9367256641392143 
9.21999999999185, -2.9365257088689423 
9.229999999991827, -2.936368694221108 
9.239999999991804, -2.9360920759143876 
9.24999999999178, -2.93567830810068 
9.259999999991757, -2.9351529283008504 
9.269999999991734, -2.934562173420195 
9.27999999999171, -2.9339948397243463 
9.289999999991688, -2.933542540538656 
9.299999999991664, -2.9331823327858872 
9.309999999991641, -2.932812441039044 
9.319999999991618, -2.9323761417511944 
9.329999999991594, -2.931876941829999 
9.339999999991571, -2.931371305655733 
9.349999999991548, -2.9309424767322936 
9.359999999991524, -2.9306027870269533 
9.369999999991501, -2.9302792231000976 
9.379999999991478, -2.9298974692034347 
9.389999999991455, -2.929411531163454 
9.399999999991431, -2.928794879341047 
9.409999999991408, -2.928078758254995 
9.419999999991385, -2.927454115403207 
9.429999999991361, -2.9271311194527323 
9.439999999991338, -2.9269806453777 
9.449999999991315, -2.9267662228068447 
9.459999999991291, -2.9264155792732693 
9.469999999991268, -2.9259441722074766 
9.479999999991245, -2.9253888710265814 
9.489999999991221, -2.9248152082809726 
9.499999999991198, -2.9243155650682326 
9.509999999991175, -2.9239228521940497 
9.519999999991152, -2.92356165031381 
9.529999999991128, -2.923152531739007 
9.539999999991105, -2.922672996684839 
9.549999999991082, -2.9221545691167874 
9.559999999991058, -2.921682683682042 
9.569999999991035, -2.9213197306788645 
9.579999999991012, -2.9210167235195272 
9.589999999990988, -2.9206828936883418 
9.599999999990965, -2.9202587278985828 
9.609999999990942, -2.9197101012553763 
9.619999999990918, -2.9190281242566565 
9.629999999990895, -2.9183082102844233 
9.639999999990872, -2.9177977568970586 
9.649999999990849, -2.9175744859808477 
9.659999999990825, -2.917405772831708 
9.669999999990802, -2.9171261718713657 
9.679999999990779, -2.9167182032927537 
9.689999999990755, -2.9162111161195456 
9.699999999990732, -2.9156535418512357 
9.709999999990709, -2.915122049454987 
9.719999999990685, -2.9146832907726767 
9.729999999990662, -2.9143135481045097 
9.739999999990639, -2.913929369431707 
9.749999999990616, -2.913480037412425 
9.759999999990592, -2.9129666949129422 
9.769999999990569, -2.9124510244808386 
9.779999999990546, -2.91203395307201 
9.789999999990522, -2.911729192909487 
9.799999999990499, -2.911441792342846 
9.809999999990476, -2.911085751287337 
9.819999999990452, -2.910617116662128 
9.829999999990429, -2.9100117440217805 
9.839999999990406, -2.909288616205785 
9.849999999990382, -2.9086084305238358 
9.85999999999036, -2.908204048470776 
9.869999999990336, -2.90801436671493 
9.879999999990313, -2.907800199865142 
9.88999999999029, -2.907464685942723 
9.899999999990266, -2.9070169083440596 
9.909999999990243, -2.906494404321064 
9.91999999999022, -2.9059559107465676 
9.929999999990196, -2.9054734321072164 
9.939999999990173, -2.905074325821427 
9.94999999999015, -2.90470315237656 
9.959999999990126, -2.904289126494594 
9.969999999990103, -2.9038024928472446 
9.97999999999008, -2.9032651909532197 
9.989999999990056, -2.902770983354693 
9.999999999990033, -2.9024161996319418 
10.00999999999001, -2.9021559554688063 
10.019999999989986, -2.9018713842462556 
10.029999999989963, -2.9014906016766524 
10.03999999998994, -2.90098268057806 
10.049999999989916, -2.9003350751146857 
10.059999999989893, -2.8996004484610687 
10.06999999998987, -2.8989804349101265 
10.079999999989846, -2.898644013641008 
10.089999999989823, -2.898444674866639 
10.0999999999898, -2.898181750047314 
10.109999999989776, -2.8978035363914936 
10.119999999989753, -2.8973313008147894 
10.12999999998973, -2.8968096551947893 
10.139999999989707, -2.896301894603085 
10.149999999989683, -2.8958623280459728 
10.15999999998966, -2.8954831371095464 
10.169999999989637, -2.8950991502611765 
10.179999999989613, -2.894654701058008 
10.18999999998959, -2.894133683675699 
10.199999999989567, -2.8935800512539194 
10.209999999989543, -2.8931180654208783 
10.21999999998952, -2.892823049223374 
10.229999999989497, -2.892596026902627 
10.239999999989474, -2.8923099715476064 
10.24999999998945, -2.891908661547933 
10.259999999989427, -2.8913727432680694 
10.269999999989404, -2.890703567079208 
10.27999999998938, -2.889982950341393 
10.289999999989357, -2.889419703204379 
10.299999999989334, -2.8891114991926403 
10.30999999998931, -2.888882950394722 
10.319999999989287, -2.888577665428963 
10.329999999989264, -2.8881689064979534 
10.33999999998924, -2.8876841005544867 
10.349999999989217, -2.8871740307946174 
10.359999999989194, -2.8867000712311213 
10.36999999998917, -2.8862933315180035 
10.379999999989147, -2.8859219310446473 
10.389999999989124, -2.885521919539763 
10.3999999999891, -2.8850485611223258 
10.409999999989077, -2.8844946799052713 
10.419999999989054, -2.8839271422109687 
10.42999999998903, -2.883497725674952 
10.439999999989007, -2.883254718039173 
10.449999999988984, -2.8830545684962092 
10.45999999998896, -2.8827688843801815 
10.469999999988937, -2.882355720198611 
10.479999999988914, -2.8818071158145377 
10.48999999998889, -2.8811384219174183 
10.499999999988868, -2.880447798490623 
10.509999999988844, -2.8799257608765823 
10.519999999988821, -2.879618016536715 
10.529999999988798, -2.879355473032701 
10.539999999988774, -2.8790165358120254 
10.549999999988751, -2.8785866401315974 
10.559999999988728, -2.878097019006444 
10.569999999988704, -2.8776036581026556 
10.579999999988681, -2.877161796548136 
10.589999999988658, -2.8767799684023356 
10.599999999988635, -2.8764116710944148 
10.609999999988611, -2.8759970585711243 
10.619999999988588, -2.875497448925694 
10.629999999988565, -2.874910726696986 
10.639999999988541, -2.8743243149411297 
10.649999999988518, -2.873916235974662 
10.659999999988495, -2.87371389993348 
10.669999999988471, -2.8735378503068136 
10.679999999988448, -2.8732577680810847 
10.689999999988425, -2.872843406755874 
10.699999999988401, -2.872298045388191 
10.709999999988378, -2.871648445519206 
10.719999999988355, -2.8709947864749834 
10.729999999988332, -2.8704978020232668 
10.739999999988308, -2.8701758604482364 
10.749999999988285, -2.8698816239037934 
10.759999999988262, -2.8695170240822883 
10.769999999988238, -2.869072253338687 
10.779999999988215, -2.8685812730385627 
10.789999999988192, -2.8681051619773106 
10.799999999988168, -2.867692487348227 
10.809999999988145, -2.867332219499776 
10.819999999988122, -2.866968151876965 
10.829999999988098, -2.8665437453987 
10.839999999988075, -2.8660226947261416 
10.849999999988052, -2.8654034952324663 
10.859999999988029, -2.86478642109252 
10.869999999988005, -2.8643759659017727 
10.879999999987982, -2.8641970562821455 
10.889999999987959, -2.864042450120393 
10.899999999987935, -2.8637737328634296 
10.909999999987912, -2.863368151241896 
10.919999999987889, -2.862839046093103 
10.929999999987865, -2.8622207892954323 
10.939999999987842, -2.861605345549741 
10.949999999987819, -2.8611223839756548 
10.959999999987796, -2.8607811386186226 
10.969999999987772, -2.860460204198625 
10.979999999987749, -2.860076379333357 
10.989999999987726, -2.859620079649849 
10.999999999987702, -2.8591270178538357 
11.009999999987679, -2.858664852999765 
11.019999999987656, -2.8582789591320874 
11.029999999987632, -2.8579417160739773 
11.039999999987609, -2.857587765503242 
11.049999999987586, -2.85716193536914 
11.059999999987562, -2.856628474538791 
11.06999999998754, -2.8559819623059495 
11.079999999987516, -2.855321661703104 
11.089999999987493, -2.8548742312411832 
11.09999999998747, -2.854690994858743 
11.109999999987446, -2.854550721867828 
11.119999999987423, -2.8542969751491034 
11.1299999999874, -2.8539073234130337 
11.139999999987376, -2.853402397336958 
11.149999999987353, -2.852820794495328 
11.15999999998733, -2.8522419676381454 
11.169999999987306, -2.8517679671014307 
11.179999999987283, -2.851408222339275 
11.18999999998726, -2.8510663791398536 
11.199999999987236, -2.8506684869043175 
11.209999999987213, -2.8502018409936722 
11.21999999998719, -2.8497020202511236 
11.229999999987166, -2.849246051293033 
11.239999999987143, -2.8488843311012877 
11.24999999998712, -2.848575648010615 
11.259999999987096, -2.8482420884736372 
11.269999999987073, -2.847827245893576 
11.27999999998705, -2.8472962513956683 
11.289999999987026, -2.846637714044644 
11.299999999987003, -2.8459332838206404 
11.30999999998698, -2.845413685559681 
11.319999999986956, -2.845185847957183 
11.329999999986933, -2.8450436922827733 
11.33999999998691, -2.8448040504640835 
11.349999999986887, -2.8444336218864814 
11.359999999986863, -2.843955468325597 
11.36999999998684, -2.8434099293900794 
11.379999999986817, -2.8428646121385333 
11.389999999986793, -2.84239902865382 
11.39999999998677, -2.842025129837663 
11.409999999986747, -2.841668560618502 
11.419999999986723, -2.8412614033953667 
11.4299999999867, -2.8407848989231654 
11.439999999986677, -2.840270458086696 
11.449999999986654, -2.8398061969295876 
11.45999999998663, -2.8394618207044977 
11.469999999986607, -2.8391891433089738 
11.479999999986584, -2.8388902687794264 
11.48999999998656, -2.8385026610663617 
11.499999999986537, -2.837993986735891 
11.509999999986514, -2.837349634225658 
11.51999999998649, -2.8366233234104294 
11.529999999986467, -2.836017574802065 
11.539999999986444, -2.8357011193565187 
11.54999999998642, -2.8355295252915065 
11.559999999986397, -2.8352968861529755 
11.569999999986374, -2.8349451243785575 
11.57999999998635, -2.8344922089556794 
11.589999999986327, -2.8339778958843356 
11.599999999986304, -2.8334615107576986 
11.60999999998628, -2.83300619209622 
11.619999999986257, -2.8326248120012965 
11.629999999986234, -2.8322605309347795 
11.63999999998621, -2.831849895486932 
11.649999999986187, -2.831365791854821 
11.659999999986164, -2.830828645415873 
11.66999999998614, -2.830332730657335 
11.679999999986117, -2.829985752378338 
11.689999999986094, -2.8297521199154554 
11.69999999998607, -2.8295044909535827 
11.709999999986048, -2.8291629278635684 
11.719999999986024, -2.828697575904607 
11.729999999986001, -2.828096891174655 
11.739999999985978, -2.8273900169990416 
11.749999999985954, -2.826723777063475 
11.759999999985931, -2.826294391218265 
11.769999999985908, -2.8260593865362873 
11.779999999985884, -2.8258196916652496 
11.789999999985861, -2.8254826754204942 
11.799999999985838, -2.8250511083213756 
11.809999999985815, -2.8245606010635282 
11.819999999985791, -2.824066302684588 
11.829999999985768, -2.823622975281994 
11.839999999985745, -2.8232423879095365 
11.849999999985721, -2.822879099592353 
11.859999999985698, -2.822473204645512 
11.869999999985675, -2.821988655557 
11.879999999985651, -2.8214275784916745 
11.889999999985628, -2.82087279416359 
11.899999999985605, -2.820478470761985 
11.909999999985581, -2.8202663272400366 
11.919999999985558, -2.8200819023869936 
11.929999999985535, -2.8198052118664396 
11.939999999985512, -2.8194011025901373 
11.949999999985488, -2.8188659126469946 
11.959999999985465, -2.8182175334285673 
11.969999999985442, -2.8175456219939767 
11.979999999985418, -2.8170208091715674 
11.989999999985395, -2.8166973906796184 
11.999999999985372, -2.81643149922927 
12.009999999985348, -2.8161024752955743 
12.019999999985325, -2.815687745388014 
12.029999999985302, -2.815212801344844 
12.039999999985278, -2.8147304027467657 
12.049999999985255, -2.8142971163310864 
12.059999999985232, -2.8139257440122796 
12.069999999985209, -2.8135747096643624 
12.079999999985185, -2.8131853760402787 
12.089999999985162, -2.81271447863228 
12.099999999985139, -2.812143995286859 
12.109999999985115, -2.8115209332185835 
12.119999999985092, -2.81101481715476 
12.129999999985069, -2.810758818511946 
12.139999999985045, -2.810624170753127 
12.149999999985022, -2.810424486699655 
12.159999999984999, -2.8100941665087396 
12.169999999984976, -2.8096340730078997 
12.179999999984952, -2.809063148772858 
12.189999999984929, -2.8084346737311146 
12.199999999984906, -2.8078662991186434 
12.209999999984882, -2.807456507005951 
12.219999999984859, -2.8071467513085735 
12.229999999984836, -2.806816944205734 
12.239999999984812, -2.8064153373050513 
12.249999999984789, -2.8059493482693703 
12.259999999984766, -2.8054654669894643 
12.269999999984742, -2.80503128960432 
12.27999999998472, -2.8046730246547793 
12.289999999984696, -2.8043478437876184 
12.299999999984673, -2.803991277067633 
12.30999999998465, -2.8035542326716794 
12.319999999984626, -2.803005512961538 
12.329999999984603, -2.8023490130105078 
12.33999999998458, -2.801703081810518 
12.349999999984556, -2.8012908939754397 
12.359999999984533, -2.801128186263071 
12.36999999998451, -2.8009907948160016 
12.379999999984486, -2.800737882792405 
12.389999999984463, -2.8003532157711093 
12.39999999998444, -2.799859148233973 
12.409999999984416, -2.799294799239331 
12.419999999984393, -2.798734417138003 
12.42999999998437, -2.7982691649813614 
12.439999999984346, -2.7979095439549093 
12.449999999984323, -2.797570261994689 
12.4599999999843, -2.7971797822810607 
12.469999999984276, -2.7967211040295554 
12.479999999984253, -2.796223791014709 
12.48999999998423, -2.7957643011112205 
12.499999999984206, -2.795406234985798 
12.509999999984183, -2.7951173219263894 
12.51999999998416, -2.7948141632603796 
12.529999999984136, -2.7944349710069183 
12.539999999984113, -2.7939439636500225 
12.54999999998409, -2.793321886025679 
12.559999999984067, -2.7926087920975347 
12.569999999984043, -2.7919893623590744 
12.57999999998402, -2.7916564729649402 
12.589999999983997, -2.7915028417339136 
12.599999999983973, -2.7913080328891047 
12.60999999998395, -2.7909921190955904 
12.619999999983927, -2.7905653845404155 
12.629999999983903, -2.7900620347534266 
12.63999999998388, -2.789534941982521 
12.649999999983857, -2.789053138543035 
12.659999999983834, -2.7886552684502464 
12.66999999998381, -2.7883022398169794 
12.679999999983787, -2.787923097155816 
12.689999999983764, -2.787477532766057 
12.69999999998374, -2.7869672163853396 
12.709999999983717, -2.786453441796786 
12.719999999983694, -2.7860473201214173 
12.72999999998367, -2.785778681863502 
12.739999999983647, -2.785547346781842 
12.749999999983624, -2.7852530657493424 
12.7599999999836, -2.7848496797816567 
12.769999999983577, -2.7843171972664753 
12.779999999983554, -2.7836560543923143 
12.78999999998353, -2.782945253334939 
12.799999999983507, -2.7823847657768654 
12.809999999983484, -2.7820813917975196 
12.81999999998346, -2.7818779058516125 
12.829999999983437, -2.781610094979345 
12.839999999983414, -2.781239078307821 
12.84999999998339, -2.780785259782014 
12.859999999983367, -2.7802913475362567 
12.869999999983344, -2.779815086685999 
12.87999999998332, -2.779400356525944 
12.889999999983297, -2.779038425750137 
12.899999999983274, -2.7786740463048027 
12.90999999998325, -2.7782538298760673 
12.919999999983228, -2.777751632622935 
12.929999999983204, -2.7771853483532993 
12.939999999983181, -2.77666185001416 
12.949999999983158, -2.776323292691381 
12.959999999983134, -2.7761405117118403 
12.969999999983111, -2.775952976327589 
12.979999999983088, -2.7756625044467573 
12.989999999983064, -2.7752446935947823 
12.999999999983041, -2.7746994443263135 
13.009999999983018, -2.7740510754816796 
13.019999999982995, -2.7733980464952013 
13.029999999982971, -2.7729014063740713 
13.039999999982948, -2.7725904813005147 
13.049999999982925, -2.772322804603947 
13.059999999982901, -2.7719911175299368 
13.069999999982878, -2.7715773083797837 
13.079999999982855, -2.771107208542708 
13.089999999982831, -2.7706336702757794 
13.099999999982808, -2.7702120351009305 
13.109999999982785, -2.7698522258574876 
13.119999999982761, -2.769511478869548 
13.129999999982738, -2.769132276121023 
13.139999999982715, -2.768671654655515 
13.149999999982692, -2.768108278224254 
13.159999999982668, -2.7674766518809166 
13.169999999982645, -2.7669341844675523 
13.179999999982622, -2.766645475115153 
13.189999999982598, -2.7665191754706293 
13.199999999982575, -2.7663532898148775 
13.209999999982552, -2.766061357444017 
13.219999999982528, -2.765640353157488 
13.229999999982505, -2.7651093775730526 
13.239999999982482, -2.7645105826905754 
13.249999999982458, -2.7639368776962008 
13.259999999982435, -2.7634916850730766 
13.269999999982412, -2.7631619102644387 
13.279999999982389, -2.7628407117092326 
13.289999999982365, -2.762459656683666 
13.299999999982342, -2.7620105866363067 
13.309999999982319, -2.7615273887548515 
13.319999999982295, -2.7610789533367806 
13.329999999982272, -2.760715223401543 
13.339999999982249, -2.7604084377349225 
13.349999999982225, -2.760089469792093 
13.359999999982202, -2.7597018338146047 
13.369999999982179, -2.7592090982846798 
13.379999999982156, -2.7585927174171574 
13.389999999982132, -2.757899328728914 
13.399999999982109, -2.757318275566194 
13.409999999982086, -2.757025202956725 
13.419999999982062, -2.7568974667428803 
13.429999999982039, -2.7567195882571927 
13.439999999982016, -2.7564156897802663 
13.449999999981992, -2.755995282630805 
13.459999999981969, -2.7554895233970624 
13.469999999981946, -2.75494850140104 
13.479999999981922, -2.754446712498821 
13.4899999999819, -2.7540386073784338 
13.499999999981876, -2.7536935061712824 
13.509999999981853, -2.7533342105349075 
13.51999999998183, -2.752913630885719 
13.529999999981806, -2.752428077537384 
13.539999999981783, -2.7519241021348244 
13.54999999998176, -2.751497660550842 
13.559999999981736, -2.7511973580839597 
13.569999999981713, -2.75095313977812 
13.57999999998169, -2.750668594708851 
13.589999999981666, -2.750289269668162 
13.599999999981643, -2.749788534090944 
13.60999999998162, -2.7491560547891822 
13.619999999981596, -2.748442426288668 
13.629999999981573, -2.7478283111374058 
13.63999999998155, -2.74748048500173 
13.649999999981526, -2.747293857574718 
13.659999999981503, -2.747072617754551 
13.66999999998148, -2.7467454815745524 
13.679999999981456, -2.746322280243823 
13.689999999981433, -2.7458382248963717 
13.69999999998141, -2.745345829353661 
13.709999999981386, -2.7449009979060714 
13.719999999981363, -2.7445229278952947 
13.72999999998134, -2.7441720469550708 
13.739999999981316, -2.7437882078735862 
13.749999999981293, -2.743333050418732 
13.75999999998127, -2.74280182940634 
13.769999999981247, -2.742253805785718 
13.779999999981223, -2.7418262695139606 
13.7899999999812, -2.741584745532559 
13.799999999981177, -2.741413939171541 
13.809999999981153, -2.7411804940140634 
13.81999999998113, -2.7408309387989775 
13.829999999981107, -2.7403544395640735 
13.839999999981083, -2.7397561866394824 
13.84999999998106, -2.7390855016997757 
13.859999999981037, -2.7384821076195807 
13.869999999981014, -2.738079661123389 
13.87999999998099, -2.7378159851281834 
13.889999999980967, -2.7375398974192104 
13.899999999980944, -2.7371840564113983 
13.90999999998092, -2.7367515978695467 
13.919999999980897, -2.736278129455072 
13.929999999980874, -2.7358205235582727 
13.93999999998085, -2.735423338775925 
13.949999999980827, -2.7350789047569224 
13.959999999980804, -2.734736934826597 
13.96999999998078, -2.7343435518828416 
13.979999999980757, -2.733861864887928 
13.989999999980734, -2.73327958380104 
13.99999999998071, -2.7326555456598673 
14.009999999980687, -2.7321678328883836 
14.019999999980664, -2.731936003678516 
14.02999999998064, -2.7318209352249037 
14.039999999980617, -2.731639568214997 
14.049999999980594, -2.731329591188777 
14.05999999998057, -2.7308948634059873 
14.069999999980547, -2.7303567736646435 
14.079999999980524, -2.729762555421953 
14.0899999999805, -2.729208179058895 
14.099999999980477, -2.7287846425225917 
14.109999999980454, -2.7284633234540285 
14.11999999998043, -2.7281408017611968 
14.129999999980408, -2.727757036271007 
14.139999999980384, -2.7273073125051246 
14.149999999980361, -2.726827423464896 
14.159999999980338, -2.7263874412170725 
14.169999999980314, -2.7260352625624122 
14.179999999980291, -2.72573960504931 
14.189999999980268, -2.7254300168242125 
14.199999999980244, -2.725050740077529 
14.209999999980221, -2.7245663542749816 
14.219999999980198, -2.7239576392322498 
14.229999999980175, -2.7232633469687553 
14.239999999980151, -2.7226589109904955 
14.249999999980128, -2.722333765145884 
14.259999999980105, -2.7221977326335063 
14.269999999980081, -2.7220329305847155 
14.279999999980058, -2.7217487236519564 
14.289999999980035, -2.7213491009743476 
14.299999999980011, -2.720863723765827 
14.309999999979988, -2.720338509221467 
14.319999999979965, -2.7198404523217414 
14.329999999979941, -2.719425013486526 
14.339999999979918, -2.7190765482690322 
14.349999999979895, -2.7187252729824047 
14.359999999979872, -2.7183186264630605 
14.369999999979848, -2.717843096603933 
14.379999999979825, -2.717331153663949 
14.389999999979802, -2.71687593819084 
14.399999999979778, -2.7165582375061454 
14.409999999979755, -2.716332158754492 
14.419999999979732, -2.7160883337059056 
14.429999999979708, -2.715757513654754 
14.439999999979685, -2.7153104938553594 
14.449999999979662, -2.7147340012237735 
14.459999999979638, -2.714048306090797 
14.469999999979615, -2.71337460009272 
14.479999999979592, -2.712907336114673 
14.489999999979569, -2.712661350919619 
14.499999999979545, -2.7124551248202575 
14.509999999979522, -2.7121679086140262 
14.519999999979499, -2.711783823895642 
14.529999999979475, -2.7113282934964333 
14.539999999979452, -2.710846377497891 
14.549999999979429, -2.7103936641233135 
14.559999999979405, -2.710003386048473 
14.569999999979382, -2.7096566685077392 
14.579999999979359, -2.7092987023903197 
14.589999999979335, -2.7088809066584716 
14.599999999979312, -2.7083786339861673 
14.609999999979289, -2.7078079444859924 
14.619999999979266, -2.7072739176202534 
14.629999999979242, -2.7069292785499344 
14.639999999979219, -2.7067629925720675 
14.649999999979196, -2.7066101219345424 
14.659999999979172, -2.706359044503471 
14.669999999979149, -2.705982385028702 
14.679999999979126, -2.7054832924805154 
14.689999999979102, -2.7048820526156487 
14.69999999997908, -2.7042487443758527 
14.709999999979056, -2.7037164613823466 
14.719999999979033, -2.7033567080269862 
14.72999999997901, -2.703078456652796 
14.739999999978986, -2.7027662908117227 
14.749999999978963, -2.702379950463556 
14.75999999997894, -2.7019305368201927 
14.769999999978916, -2.7014615646778632 
14.779999999978893, -2.701034963617593 
14.78999999997887, -2.7006802585899914 
14.799999999978846, -2.7003651936538198 
14.809999999978823, -2.7000305957523936 
14.8199999999788, -2.6996272469049374 
14.829999999978776, -2.6991222619505724 
14.839999999978753, -2.698505945002774 
14.84999999997873, -2.697848475985339 
14.859999999978706, -2.6973474318957082 
14.869999999978683, -2.6971223826466266 
14.87999999997866, -2.6970161696131685 
14.889999999978636, -2.6968396067811335 
14.899999999978613, -2.696535288412303 
14.90999999997859, -2.6961140703182456 
14.919999999978566, -2.6956041896068212 
14.929999999978543, -2.695053995600854 
14.93999999997852, -2.6945417703961 
14.949999999978496, -2.6941314635173446 
14.959999999978473, -2.6937974402489546 
14.96999999997845, -2.6934583998435735 
14.979999999978427, -2.693062176950914 
14.989999999978403, -2.692600912382866 
14.99999999997838, -2.6921099232102357 
15.009999999978357, -2.6916712464646624 
15.019999999978333, -2.691346415078625 
15.02999999997831, -2.6910944833739276 
15.039999999978287, -2.690826134604622 
15.049999999978263, -2.690479756434179 
15.05999999997824, -2.690023224032955 
15.069999999978217, -2.6894385978546067 
15.079999999978194, -2.6887461279026708 
15.08999999997817, -2.6880777323837917 
15.099999999978147, -2.6876378795751785 
15.109999999978124, -2.687429142407379 
15.1199999999781, -2.68725388235714 
15.129999999978077, -2.686987813802761 
15.139999999978054, -2.6866165939284903 
15.14999999997803, -2.6861656956654354 
15.159999999978007, -2.685677414608464 
15.169999999977984, -2.685207677463782 
15.17999999997796, -2.6848003854892566 
15.189999999977937, -2.68444906529284 
15.199999999977914, -2.6841004286073726 
15.20999999997789, -2.683701851772892 
15.219999999977867, -2.6832267329422037 
15.229999999977844, -2.6826854850993973 
15.23999999997782, -2.6821624166631635 
15.249999999977797, -2.6817946813480242 
15.259999999977774, -2.6815983551488896 
15.26999999997775, -2.681436602274356 
15.279999999977727, -2.681195004298421 
15.289999999977704, -2.6808350125476084 
15.29999999997768, -2.6803512581923323 
15.309999999977657, -2.6797540090254723 
15.319999999977634, -2.679099614670876 
15.32999999997761, -2.67852359149828 
15.339999999977588, -2.6781371701522043 
15.349999999977564, -2.6778728700327217 
15.359999999977541, -2.677594241490805 
15.369999999977518, -2.677240712244744 
15.379999999977494, -2.6768146229864564 
15.389999999977471, -2.6763499408750206 
15.399999999977448, -2.6759030547953917 
15.409999999977424, -2.675518882931591 
15.419999999977401, -2.6751894168334553 
15.429999999977378, -2.6748645787727536 
15.439999999977355, -2.6744910190227644 
15.449999999977331, -2.674030714069818 
15.459999999977308, -2.6734638821815 
15.469999999977285, -2.6728232768915907 
15.479999999977261, -2.672261492429418 
15.489999999977238, -2.6719547067195277 
15.499999999977215, -2.67183807994281 
15.509999999977191, -2.671706325182811 
15.519999999977168, -2.671456939331328 
15.529999999977145, -2.671082506774419 
15.539999999977121, -2.670603677339831 
15.549999999977098, -2.6700560710350265 
15.559999999977075, -2.6695068640523347 
15.569999999977052, -2.669042421039354 
15.579999999977028, -2.6686863755725603 
15.589999999977005, -2.668368157013387 
15.599999999976982, -2.668012450492689 
15.609999999976958, -2.66759100219017 
15.619999999976935, -2.6671163011060193 
15.629999999976912, -2.666645311543685 
15.639999999976888, -2.6662585291330716 
15.649999999976865, -2.665972528176804 
15.659999999976842, -2.665718081151755 
15.669999999976818, -2.6654185169561893 
15.679999999976795, -2.6650282072900158 
15.689999999976772, -2.6645207673593694 
15.699999999976749, -2.6638869583160805 
15.709999999976725, -2.6631837985105884 
15.719999999976702, -2.662593909361749 
15.729999999976679, -2.6622724424875317 
15.739999999976655, -2.6621115821840635 
15.749999999976632, -2.661918526878937 
15.759999999976609, -2.6616193342393073 
15.769999999976585, -2.661220738242487 
15.779999999976562, -2.660753975756697 
15.789999999976539, -2.6602659486551907 
15.799999999976515, -2.6598128542554544 
15.809999999976492, -2.659427412784571 
15.819999999976469, -2.659086495410978 
15.829999999976446, -2.6587322311543504 
15.839999999976422, -2.6583188473131054 
15.849999999976399, -2.657828400983276 
15.859999999976376, -2.6572860719710865 
15.869999999976352, -2.656795207998352 
15.879999999976329, -2.656477888932186 
15.889999999976306, -2.6563051258875925 
15.899999999976282, -2.656134658521389 
15.90999999997626, -2.655872489598948 
15.919999999976236, -2.6554909775000155 
15.929999999976213, -2.6549874561260003 
15.93999999997619, -2.6543768510257624 
15.949999999976166, -2.653727745104603 
15.959999999976143, -2.6531815853262364 
15.96999999997612, -2.6528250506783095 
15.979999999976096, -2.6525685395986396 
15.989999999976073, -2.6522843792023685 
15.99999999997605, -2.6519240371241493 
16.009999999976028, -2.651494520721488 
16.019999999976005, -2.651032271555695 
16.02999999997598, -2.6505942151024966 
16.039999999975958, -2.650221041501509 
16.049999999975935, -2.6498993794217194 
16.05999999997591, -2.6495776766193844 
16.069999999975888, -2.649204092494062 
16.079999999975865, -2.6487420802199626 
16.08999999997584, -2.648172764103754 
16.099999999975818, -2.6475300430028854 
16.109999999975795, -2.6469667835648805 
16.11999999997577, -2.6466587909020935 
16.129999999975748, -2.6465439586764843 
16.139999999975725, -2.6464180725391078 
16.1499999999757, -2.6461767959764466 
16.15999999997568, -2.6458118675108286 
16.169999999975655, -2.6453441859432028 
16.17999999997563, -2.64480858072549 
16.18999999997561, -2.644267906545462 
16.199999999975585, -2.643803476629535 
16.20999999997556, -2.643443047020404 
16.21999999997554, -2.643124693653296 
16.229999999975515, -2.6427741492630057 
16.239999999975492, -2.642359400786887 
16.24999999997547, -2.6418878322836123 
16.259999999975445, -2.641411279431835 
16.269999999975422, -2.6410144989591897 
16.2799999999754, -2.6407288364718964 
16.289999999975375, -2.6404895301610103 
16.299999999975352, -2.6402132547675374 
16.30999999997533, -2.639849883040379 
16.319999999975305, -2.639372739381206 
16.329999999975282, -2.6387690446144263 
16.33999999997526, -2.6380738366133785 
16.349999999975235, -2.637436216255318 
16.359999999975212, -2.6370391028045033 
16.36999999997519, -2.63684528977562 
16.379999999975166, -2.6366638887337723 
16.389999999975142, -2.6363908194500043 
16.39999999997512, -2.6360181711486463 
16.409999999975096, -2.6355719733466194 
16.419999999975072, -2.635094533720747 
16.42999999997505, -2.634639703082736 
16.439999999975026, -2.6342460292120102 
16.449999999975002, -2.6339038516279065 
16.45999999997498, -2.6335622266679892 
16.469999999974956, -2.633170859600009 
16.479999999974932, -2.632701904641282 
16.48999999997491, -2.6321596593804415 
16.499999999974886, -2.631618566592366 
16.509999999974863, -2.6312233637008013 
16.51999999997484, -2.6310235961183426 
16.529999999974816, -2.630890605118095 
16.539999999974793, -2.630690757386848 
16.54999999997477, -2.630374524871464 
16.559999999974746, -2.629937034578381 
16.569999999974723, -2.629388287797357 
16.5799999999747, -2.6287673668405884 
16.589999999974676, -2.628175689802424 
16.599999999974653, -2.6277327971828077 
16.60999999997463, -2.627432857316452 
16.619999999974606, -2.627158798007364 
16.629999999974583, -2.626828800227887 
16.63999999997456, -2.6264268607894747 
16.649999999974536, -2.6259743860865497 
16.659999999974513, -2.6255220159097825 
16.66999999997449, -2.625127779674993 
16.679999999974466, -2.624803965919665 
16.689999999974443, -2.6245066506421186 
16.69999999997442, -2.6241777781727507 
16.709999999974396, -2.6237733680500934 
16.719999999974373, -2.623263930631879 
16.72999999997435, -2.6226423810353596 
16.739999999974327, -2.621980113378723 
16.749999999974303, -2.6214698683827695 
16.75999999997428, -2.6212344735059916 
16.769999999974257, -2.6211318286498666 
16.779999999974233, -2.6209729619671522 
16.78999999997421, -2.620693365266339 
16.799999999974187, -2.620301425676542 
16.809999999974163, -2.6198248553579506 
16.81999999997414, -2.619306446397457 
16.829999999974117, -2.6188105250835174 
16.839999999974093, -2.618395478385422 
16.84999999997407, -2.6180554902505433 
16.859999999974047, -2.6177256399537794 
16.869999999974024, -2.6173494944581077 
16.879999999974, -2.6169062867527026 
16.889999999973977, -2.6164124300488982 
16.899999999973954, -2.615938467440971 
16.90999999997393, -2.6155806543738946 
16.919999999973907, -2.6153466132343515 
16.929999999973884, -2.6151416718500955 
16.93999999997386, -2.614877476297717 
16.949999999973837, -2.614512057990063 
16.959999999973814, -2.6140276013723893 
16.96999999997379, -2.6134209838510367 
16.979999999973767, -2.612738095734684 
16.989999999973744, -2.61212408991947 
16.99999999997372, -2.611730293852147 
17.009999999973697, -2.6115075107217054 
17.019999999973674, -2.6112903446914064 
17.02999999997365, -2.61099241174768 
17.039999999973627, -2.6106078607135736 
17.049999999973604, -2.6101626889025824 
17.05999999997358, -2.6097017958575806 
17.069999999973557, -2.609277041300318 
17.079999999973534, -2.6089131698489445 
17.08999999997351, -2.608586977491418 
17.099999999973488, -2.608247249108319 
17.109999999973464, -2.607848241717965 
17.11999999997344, -2.607361893077633 
17.129999999973418, -2.60678862874921 
17.139999999973394, -2.606205119404794 
17.14999999997337, -2.605779454117774 
17.159999999973348, -2.6055872839644154 
17.169999999973324, -2.605487611245562 
17.1799999999733, -2.605321836202833 
17.189999999973278, -2.605034675999656 
17.199999999973254, -2.6046280792045367 
17.20999999997323, -2.6041202194530166 
17.219999999973208, -2.6035492871345225 
17.229999999973185, -2.6029943339808987 
17.23999999997316, -2.6025481945463875 
17.249999999973138, -2.602218895672613 
17.259999999973115, -2.6019207810554255 
17.26999999997309, -2.6015795089406426 
17.279999999973068, -2.6011722159054766 
17.289999999973045, -2.600713830680653 
17.29999999997302, -2.600256612309472 
17.309999999972998, -2.5998712797714307 
17.319999999972975, -2.599576580557932 
17.32999999997295, -2.5993172289523407 
17.339999999972928, -2.599023845265415 
17.349999999972905, -2.598650157159997 
17.35999999997288, -2.598167650585057 
17.36999999997286, -2.59756213839839 
17.379999999972835, -2.5968721656551774 
17.38999999997281, -2.5962542651371168 
17.39999999997279, -2.5958892008337036 
17.409999999972765, -2.5957281106977645 
17.41999999997274, -2.595574404716546 
17.42999999997272, -2.595323045305288 
17.439999999972695, -2.5949660457808035 
17.449999999972672, -2.5945282887854924 
17.45999999997265, -2.594048782000692 
17.469999999972625, -2.5935804407853733 
17.479999999972602, -2.5931705637396307 
17.48999999997258, -2.5928231694632764 
17.499999999972555, -2.5924921643311425 
17.509999999972532, -2.592123395437244 
17.51999999997251, -2.591685028297263 
17.529999999972485, -2.591174066558211 
17.539999999972462, -2.5906422177926594 
17.54999999997244, -2.590213345674078 
17.559999999972415, -2.589969134434724 
17.569999999972392, -2.589826121301892 
17.57999999997237, -2.5896488333655423 
17.589999999972346, -2.5893689530735835 
17.599999999972322, -2.588970696985134 
17.6099999999723, -2.5884562251668464 
17.619999999972276, -2.58784788444758 
17.629999999972252, -2.5872228184159796 
17.63999999997223, -2.5867127143158615 
17.649999999972206, -2.5863759047275567 
17.659999999972182, -2.5861191264679406 
17.66999999997216, -2.5858311521534327 
17.679999999972136, -2.585471183258056 
17.689999999972112, -2.5850463287536534 
17.69999999997209, -2.5845922454788637 
17.709999999972066, -2.584166068879129 
17.719999999972043, -2.5838087856542864 
17.72999999997202, -2.583505750275648 
17.739999999971996, -2.5832042872598158 
17.749999999971973, -2.582852722802088 
17.75999999997195, -2.5824144912617375 
17.769999999971926, -2.581866585270435 
17.779999999971903, -2.581222133341527 
17.78999999997188, -2.5805966984020103 
17.799999999971856, -2.5801878593677356 
17.809999999971833, -2.580027416186004 
17.81999999997181, -2.579928309514846 
17.829999999971786, -2.5797416539718507 
17.839999999971763, -2.579434509420917 
17.84999999997174, -2.579023218866527 
17.859999999971716, -2.578537876524285 
17.869999999971693, -2.578025243684345 
17.87999999997167, -2.5775502091990905 
17.889999999971646, -2.577159448728156 
17.899999999971623, -2.5768317972951933 
17.9099999999716, -2.5765015483153886 
17.919999999971576, -2.5761197509625413 
17.929999999971553, -2.575670920973615 
17.93999999997153, -2.5751763893550623 
17.949999999971507, -2.574712451938946 
17.959999999971483, -2.5743735903807305 
17.96999999997146, -2.574157582320906 
17.979999999971437, -2.5739652581972896 
17.989999999971413, -2.573710075230743 
17.99999999997139, -2.5733528039887714 
18.009999999971367, -2.572878131398622 
18.019999999971343, -2.572284765792201 
18.02999999997132, -2.571615223100751 
18.039999999971297, -2.5710011797558936 
18.049999999971273, -2.570588883563342 
18.05999999997125, -2.5703496671237636 
18.069999999971227, -2.570131089488758 
18.079999999971204, -2.569841706715809 
18.08999999997118, -2.5694690541566687 
18.099999999971157, -2.5690350393758 
18.109999999971134, -2.5685817680187855 
18.11999999997111, -2.5681613005235793 
18.129999999971087, -2.567801937455469 
18.139999999971064, -2.5674847273733117 
18.14999999997104, -2.5671607784437205 
18.159999999971017, -2.566783229764607 
18.169999999970994, -2.5663201703187166 
18.17999999997097, -2.5657596768094484 
18.189999999970947, -2.565147250197013 
18.199999999970924, -2.5646347978196418 
18.2099999999709, -2.5643666692574767 
18.219999999970877, -2.5642671617876593 
18.229999999970854, -2.564151113550504 
18.23999999997083, -2.563924027588805 
18.249999999970807, -2.563575935847774 
18.259999999970784, -2.5631240825981854 
18.26999999997076, -2.562598309288062 
18.279999999970737, -2.5620545918920294 
18.289999999970714, -2.561574084555585 
18.29999999997069, -2.5612023998532507 
18.309999999970668, -2.5608946982490592 
18.319999999970644, -2.560572765451029 
18.32999999997062, -2.5601932371381517 
18.339999999970598, -2.559751360574946 
18.349999999970574, -2.5592788750027364 
18.35999999997055, -2.558849153212421 
18.369999999970528, -2.5585268248022506 
18.379999999970504, -2.558289273503918 
18.38999999997048, -2.558054955096168 
18.399999999970458, -2.5577581152639826 
18.409999999970434, -2.55736374258934 
18.41999999997041, -2.5568520819625506 
18.429999999970388, -2.55622146211673 
18.439999999970365, -2.5555340020310156 
18.44999999997034, -2.5549560912154723 
18.459999999970318, -2.5546216526294234 
18.469999999970295, -2.5544428790171354 
18.47999999997027, -2.554249476052596 
18.489999999970248, -2.5539657708912857 
18.499999999970225, -2.5535915556213045 
18.5099999999702, -2.553153348800453 
18.519999999970178, -2.552693351210463 
18.529999999970155, -2.5522621471838964 
18.53999999997013, -2.5518905524140827 
18.549999999970108, -2.5515643430466772 
18.559999999970085, -2.5512356210920624 
18.56999999997006, -2.5508573960060206 
18.57999999997004, -2.5504002625186324 
18.589999999970015, -2.5498591983934 
18.59999999996999, -2.5492891096568937 
18.60999999996997, -2.548834364039828 
18.619999999969945, -2.548601319941778 
18.62999999996992, -2.5484984065498377 
18.6399999999699, -2.548363999822049 
18.649999999969875, -2.5481201243406217 
18.659999999969852, -2.5477566968889978 
18.66999999996983, -2.5472855821142604 
18.679999999969805, -2.5467330367826344 
18.689999999969782, -2.546159539462118 
18.69999999996976, -2.5456614511827578 
18.709999999969735, -2.5452942203345925 
18.719999999969712, -2.545003682702605 
18.72999999996969, -2.5446996196083576 
18.739999999969665, -2.544336058514689 
18.749999999969642, -2.5439100092973046 
18.75999999996962, -2.543451445863817 
18.769999999969595, -2.5430237915494067 
18.779999999969572, -2.542683916058359 
18.78999999996955, -2.5424193193154174 
18.799999999969526, -2.542164218546307 
18.809999999969502, -2.541857952090457 
18.81999999996948, -2.541462898171532 
18.829999999969456, -2.54095507576186 
18.839999999969432, -2.5403284670271624 
18.84999999996941, -2.539642320840012 
18.859999999969386, -2.539067667267902 
18.869999999969362, -2.538749891740783 
18.87999999996934, -2.538601175529576 
18.889999999969316, -2.538438733426574 
18.899999999969292, -2.5381788203341706 
18.90999999996927, -2.537819726405004 
18.919999999969246, -2.5373868777944857 
18.929999999969223, -2.536919320006409 
18.9399999999692, -2.5364678852426623 
18.949999999969176, -2.5360740008011318 
18.959999999969153, -2.5357373261044924 
18.96999999996913, -2.535413844753428 
18.979999999969106, -2.5350526748076905 
18.989999999969083, -2.5346216860849435 
18.99999999996906, -2.5341130126143514 
19.009999999969036, -2.5335677079166032 
19.019999999969013, -2.5331062018971875 
19.02999999996899, -2.532839574784307 
19.039999999968966, -2.5327129731335125 
19.049999999968943, -2.532578794388083 
19.05999999996892, -2.5323488177072337 
19.069999999968896, -2.532001841002805 
19.079999999968873, -2.531541993873652 
19.08999999996885, -2.5309869651822323 
19.099999999968826, -2.530388308502716 
19.109999999968803, -2.529847779691472 
19.11999999996878, -2.5294513192903594 
19.129999999968756, -2.529165397841422 
19.139999999968733, -2.5288872223180023 
19.14999999996871, -2.528553727707835 
19.159999999968687, -2.528153660663048 
19.169999999968663, -2.5277079979197223 
19.17999999996864, -2.5272678477991706 
19.189999999968617, -2.5268933968006464 
19.199999999968593, -2.526597478526517 
19.20999999996857, -2.526332958873444 
19.219999999968547, -2.526039173098727 
19.229999999968523, -2.5256722448402864 
19.2399999999685, -2.525203309406071 
19.249999999968477, -2.5246167048592425 
19.259999999968453, -2.5239433850592965 
19.26999999996843, -2.5233229957647403 
19.279999999968407, -2.5229389785901115 
19.289999999968384, -2.522778425914751 
19.29999999996836, -2.5226545411866885 
19.309999999968337, -2.5224435251924358 
19.319999999968314, -2.5221243629062857 
19.32999999996829, -2.521716581785121 
19.339999999968267, -2.52125316688699 
19.349999999968244, -2.520780930512207 
19.35999999996822, -2.520351711071386 
19.369999999968197, -2.5199900884185444 
19.379999999968174, -2.5196688312576936 
19.38999999996815, -2.519333500869231 
19.399999999968127, -2.5189422662360954 
19.409999999968104, -2.5184769835475898 
19.41999999996808, -2.51795324234459 
19.429999999968057, -2.5174526864439817 
19.439999999968034, -2.5171010740255184 
19.44999999996801, -2.5169219690861366 
19.459999999967987, -2.516796461164788 
19.469999999967964, -2.516608602860508 
19.47999999996794, -2.5163123652134822 
19.489999999967917, -2.5159009043535305 
19.499999999967894, -2.5153812588719537 
19.50999999996787, -2.514783018882347 
19.519999999967848, -2.5141873357705986 
19.529999999967824, -2.513710378703139 
19.5399999999678, -2.5133872778955677 
19.549999999967778, -2.513128415285508 
19.559999999967754, -2.5128378897572548 
19.56999999996773, -2.5124800571318824 
19.579999999967708, -2.5120607689247305 
19.589999999967684, -2.5116138981318725 
19.59999999996766, -2.5111970956538348 
19.609999999967638, -2.510854639904822 
19.619999999967614, -2.5105732165398775 
19.62999999996759, -2.51029825266583 
19.639999999967568, -2.50997658182604 
19.649999999967545, -2.509571515033138 
19.65999999996752, -2.5090581715743716 
19.669999999967498, -2.508432921759039 
19.679999999967475, -2.5077649441346046 
19.68999999996745, -2.507232860142373 
19.699999999967428, -2.506964894810863 
19.709999999967405, -2.5068516990201055 
19.71999999996738, -2.5067106774769554 
19.729999999967358, -2.5064642092037794 
19.739999999967335, -2.5061129688404167 
19.74999999996731, -2.505681873239509 
19.759999999967288, -2.505207754720535 
19.769999999967265, -2.5047413106380447 
19.77999999996724, -2.5043312445246375 
19.78999999996722, -2.503987856763085 
19.799999999967195, -2.503670520742415 
19.80999999996717, -2.503325107695456 
19.81999999996715, -2.5029170530115 
19.829999999967125, -2.502436736770316 
19.8399999999671, -2.5019152483226095 
19.84999999996708, -2.501451808343186 
19.859999999967055, -2.501155250864355 
19.869999999967032, -2.5010027769019296 
19.87999999996701, -2.500866356136437 
19.889999999966985, -2.5006513764302936 
19.899999999966962, -2.50032590679248 
19.90999999996694, -2.499886632055136 
19.919999999966915, -2.499342980398587 
19.929999999966892, -2.498733642534686 
19.93999999996687, -2.498153633736606 
19.949999999966845, -2.4977139507569524 
19.959999999966822, -2.497418470341698 
19.9699999999668, -2.497163633148846 
19.979999999966775, -2.4968647085788365 
19.989999999966752, -2.496496977633498 
19.99999999996673, -2.496071991035582 
20.009999999966706, -2.495628188327678 
20.019999999966682, -2.4952237334578764 
20.02999999996666, -2.4948947317314785 
20.039999999966636, -2.494619208068216 
20.049999999966612, -2.49434150826879 
20.05999999996659, -2.494011426167717 
20.069999999966566, -2.4935946345513336 
20.079999999966542, -2.4930680255983226 
20.08999999996652, -2.4924334783360256 
20.099999999966496, -2.4917728872784783 
20.109999999966472, -2.4912698762170598 
20.11999999996645, -2.49102903419353 
20.129999999966426, -2.490921820793167 
20.139999999966403, -2.490774307899269 
20.14999999996638, -2.490520063033063 
20.159999999966356, -2.490163457353784 
20.169999999966333, -2.4897301687450253 
20.17999999996631, -2.489257705337706 
20.189999999966286, -2.488796784593461 
20.199999999966263, -2.488393833816743 
20.20999999996624, -2.488055529208638 
20.219999999966216, -2.487739923381132 
20.229999999966193, -2.4873941915469437 
20.23999999996617, -2.486985032422225 
20.249999999966146, -2.4865033515136257 
20.259999999966123, -2.4859807890777255 
20.2699999999661, -2.48551744520448 
20.279999999966076, -2.4852231230869077 
20.289999999966053, -2.4850755793041786 
20.29999999996603, -2.484945903622523 
20.309999999966006, -2.4847381496446985 
20.319999999965983, -2.4844201204456864 
20.32999999996596, -2.4839891671351024 
20.339999999965936, -2.483455163229915 
20.349999999965913, -2.4828548170674662 
20.35999999996589, -2.4822773081824994 
20.369999999965867, -2.4818307346922683 
20.379999999965843, -2.4815269412789327 
20.38999999996582, -2.481269979487137 
20.399999999965797, -2.48097420792164 
20.409999999965773, -2.480611440764182 
20.41999999996575, -2.480190342459784 
20.429999999965727, -2.479746862565256 
20.439999999965703, -2.4793394332097285 
20.44999999996568, -2.479009209409555 
20.459999999965657, -2.4787384697833246 
20.469999999965633, -2.4784711188770694 
20.47999999996561, -2.478154929660062 
20.489999999965587, -2.477754553809439 
20.499999999965564, -2.477246004210012 
20.50999999996554, -2.476624901667676 
20.519999999965517, -2.4759542908981955 
20.529999999965494, -2.475403823595888 
20.53999999996547, -2.4751105168983374 
20.549999999965447, -2.4749860350581803 
20.559999999965424, -2.474849919187721 
20.5699999999654, -2.474615731162926 
20.579999999965377, -2.4742789055409418 
20.589999999965354, -2.473862418545638 
20.59999999996533, -2.4734011335847814 
20.609999999965307, -2.4729427300317193 
20.619999999965284, -2.4725341586407135 
20.62999999996526, -2.4721897175215246 
20.639999999965237, -2.4718760659025425 
20.649999999965214, -2.471541171227927 
20.65999999996519, -2.4711472523415035 
20.669999999965167, -2.4706779638516303 
20.679999999965144, -2.4701500873321836 
20.68999999996512, -2.469647325130407 
20.699999999965097, -2.469298407971972 
20.709999999965074, -2.469130317887725 
20.71999999996505, -2.4690234675959455 
20.729999999965028, -2.468857296117388 
20.739999999965004, -2.4685834366475627 
20.74999999996498, -2.4681962755371596 
20.759999999964958, -2.467704759010421 
20.769999999964934, -2.4671354559029215 
20.77999999996491, -2.4665553232993913 
20.789999999964888, -2.466066339893983 
20.799999999964864, -2.465718289280168 
20.80999999996484, -2.465448288400173 
20.819999999964818, -2.465164070245506 
20.829999999964794, -2.4648204212407987 
20.83999999996477, -2.464414037631129 
20.849999999964748, -2.463970326402511 
20.859999999964725, -2.4635441514797662 
20.8699999999647, -2.4631930746248303 
20.879999999964678, -2.4629209876311715 
20.889999999964655, -2.4626750311254844 
20.89999999996463, -2.4623948929034922 
20.909999999964608, -2.4620393371849065 
20.919999999964585, -2.4615819697628862 
20.92999999996456, -2.461008026033479 
20.939999999964538, -2.4603416822670487 
20.949999999964515, -2.4597020652791537 
20.95999999996449, -2.4592674519003848 
20.969999999964468, -2.4590655056513944 
20.979999999964445, -2.45893614443314 
20.98999999996442, -2.458743177292752 
20.9999999999644, -2.458450311541892 
21.009999999964375, -2.458070463926802 
21.01999999996435, -2.4576327079989886 
21.02999999996433, -2.4571789084588946 
21.039999999964305, -2.4567570452503547 
21.04999999996428, -2.4563953919617587 
21.05999999996426, -2.4560792936011486 
21.069999999964235, -2.4557623878212036 
21.079999999964212, -2.455399808695682 
21.08999999996419, -2.4549637005452345 
21.099999999964165, -2.4544476466453546 
21.109999999964142, -2.453894070333123 
21.11999999996412, -2.4534260163796655 
21.129999999964095, -2.453161893060989 
21.139999999964072, -2.4530550222581793 
21.14999999996405, -2.4529536827546816 
21.159999999964025, -2.452760803792155 
21.169999999964002, -2.452452786649927 
21.17999999996398, -2.452036405303199 
21.189999999963955, -2.4515300163776046 
21.199999999963932, -2.4509734556524796 
21.20999999996391, -2.4504423757051677 
21.219999999963886, -2.4500170315042564 
21.229999999963862, -2.449701809487837 
21.23999999996384, -2.4494216764138796 
21.249999999963816, -2.449106976998899 
21.259999999963792, -2.448730773543827 
21.26999999996377, -2.4482985126844374 
21.279999999963746, -2.4478473777486505 
21.289999999963722, -2.4474455344942996 
21.2999999999637, -2.447142652547081 
21.309999999963676, -2.4469132303158228 
21.319999999963652, -2.4466861008893477 
21.32999999996363, -2.4464025004124474 
21.339999999963606, -2.4460288600986955 
21.349999999963583, -2.4455453005782166 
21.35999999996356, -2.4449461284728917 
21.369999999963536, -2.4442737004485915 
21.379999999963513, -2.443662769040264 
21.38999999996349, -2.4432658966597374 
21.399999999963466, -2.443063988134527 
21.409999999963443, -2.442900409354123 
21.41999999996342, -2.442668734805938 
21.429999999963396, -2.4423472191345246 
21.439999999963373, -2.441951792893035 
21.44999999996335, -2.4415143700504136 
21.459999999963326, -2.4410801645629556 
21.469999999963303, -2.440691950368424 
21.47999999996328, -2.440361204787634 
21.489999999963256, -2.4400589739139593 
21.499999999963233, -2.4397380637358004 
21.50999999996321, -2.4393587491390383 
21.519999999963186, -2.438895561618611 
21.529999999963163, -2.4383441163917237 
21.53999999996314, -2.4377580428433085 
21.549999999963116, -2.4372813897194248 
21.559999999963093, -2.437035966874492 
21.56999999996307, -2.4369509295942384 
21.579999999963047, -2.4368589009362625 
21.589999999963023, -2.4366662838830053 
21.599999999963, -2.436357885929481 
21.609999999962977, -2.4359476831994096 
21.619999999962953, -2.4354602787011954 
21.62999999996293, -2.4349383146288544 
21.639999999962907, -2.4344483305698494 
21.649999999962883, -2.434048971657861 
21.65999999996286, -2.433733547732474 
21.669999999962837, -2.4334378516863766 
21.679999999962813, -2.433104750267376 
21.68999999996279, -2.4327104053508153 
21.699999999962767, -2.432259838283058 
21.709999999962744, -2.431795134959895 
21.71999999996272, -2.4313975962204544 
21.729999999962697, -2.4311238740594137 
21.739999999962674, -2.4309354165280825 
21.74999999996265, -2.430743568519342 
21.759999999962627, -2.4304840366735663 
21.769999999962604, -2.4301269703283483 
21.77999999996258, -2.42965916546808 
21.789999999962557, -2.429080634574613 
21.799999999962534, -2.4284307681402053 
21.80999999996251, -2.427823912431745 
21.819999999962487, -2.4273950060754106 
21.829999999962464, -2.4271440701230835 
21.83999999996244, -2.426942898723459 
21.849999999962417, -2.4266911802688456 
21.859999999962394, -2.426361732846652 
21.86999999996237, -2.4259657091467743 
21.879999999962347, -2.4255340417421345 
21.889999999962324, -2.4251140646749136 
21.8999999999623, -2.424748236453469 
21.909999999962277, -2.4244410293529945 
21.919999999962254, -2.424156825998909 
21.92999999996223, -2.423847546426953 
21.939999999962208, -2.4234742160918676 
21.949999999962184, -2.4230096338181104 
21.95999999996216, -2.4224422405417307 
21.969999999962138, -2.421810890871384 
21.979999999962114, -2.421253858078237 
21.98999999996209, -2.4209308813979886 
21.999999999962068, -2.4208163566414114 
22.009999999962044, -2.4207345892873287 
22.01999999996202, -2.4205655082272104 
22.029999999961998, -2.4202836955498315 
22.039999999961974, -2.419904059395041 
22.04999999996195, -2.4194533309439903 
22.059999999961928, -2.41897069410664 
22.069999999961905, -2.418509759018577 
22.07999999996188, -2.4181168665071313 
22.089999999961858, -2.4177921026885327 
22.099999999961835, -2.417487394079563 
22.10999999996181, -2.41715058655475 
22.119999999961788, -2.4167524035308308 
22.129999999961765, -2.416287940320962 
22.13999999996174, -2.415789835419419 
22.149999999961718, -2.41534821989497 
22.159999999961695, -2.41505789020587 
22.16999999996167, -2.414902369535235 
22.179999999961648, -2.4147708958677225 
22.189999999961625, -2.4145732517832634 
22.1999999999616, -2.4142734875098637 
22.20999999996158, -2.413864386418751 
22.219999999961555, -2.4133507970506267 
22.22999999996153, -2.4127594478888663 
22.23999999996151, -2.4121651479883552 
22.249999999961485, -2.411679401315407 
22.25999999996146, -2.41134958814309 
22.26999999996144, -2.411102112252048 
22.279999999961415, -2.4108388100930926 
22.289999999961392, -2.410514032872702 
22.29999999996137, -2.41012503308289 
22.309999999961345, -2.409694669940765 
22.319999999961322, -2.409270702603992 
22.3299999999613, -2.4089077262944385 
22.339999999961275, -2.408620399541241 
22.349999999961252, -2.4083696395625394 
22.35999999996123, -2.4080993904165684 
22.369999999961205, -2.4077662573613887 
22.379999999961182, -2.4073413439361633 
22.38999999996116, -2.4068056812590997 
22.399999999961135, -2.406167005350367 
22.409999999961112, -2.4055102634296177 
22.41999999996109, -2.4050073607435047 
22.429999999961066, -2.4047529555791187 
22.439999999961042, -2.4046335772031133 
22.44999999996102, -2.404487780417624 
22.459999999960996, -2.40424703507837 
22.469999999960972, -2.40391112420607 
22.47999999996095, -2.4035028543149446 
22.489999999960926, -2.403056514908435 
22.499999999960902, -2.4026175068652105 
22.50999999996088, -2.4022273406886323 
22.519999999960856, -2.4018960862170338 
22.529999999960832, -2.401592700975021 
22.53999999996081, -2.40126940010918 
22.549999999960786, -2.400888847278129 
22.559999999960763, -2.4004304411064137 
22.56999999996074, -2.3998986458737335 
22.579999999960716, -2.3993572590600842 
22.589999999960693, -2.398941073812408 
22.59999999996067, -2.3987346438798784 
22.609999999960646, -2.3986523190423163 
22.619999999960623, -2.398548054084407 
22.6299999999606, -2.3983447001776925 
22.639999999960576, -2.398028573558757 
22.649999999960553, -2.3976097835979133 
22.65999999996053, -2.397109193307615 
22.669999999960506, -2.3965685527456646 
22.679999999960483, -2.3960595933506257 
22.68999999996046, -2.395650964868629 
22.699999999960436, -2.395340920865387 
22.709999999960413, -2.395060721817576 
22.71999999996039, -2.3947471741570308 
22.729999999960366, -2.3943740412171164 
22.739999999960343, -2.393944338320477 
22.74999999996032, -2.3934921152167843 
22.759999999960296, -2.393086374870756 
22.769999999960273, -2.3927863675389274 
22.77999999996025, -2.3925750193841497 
22.789999999960227, -2.392378023445361 
22.799999999960203, -2.392129896355306 
22.80999999996018, -2.391794818621011 
22.819999999960157, -2.39135448167852 
22.829999999960133, -2.3908015721203824 
22.83999999996011, -2.390158965189767 
22.849999999960087, -2.389520219370188 
22.859999999960063, -2.389032984490611 
22.86999999996004, -2.388751083882865 
22.879999999960017, -2.3885666443599773 
22.889999999959993, -2.388354587795381 
22.89999999995997, -2.38806557240832 
22.909999999959947, -2.3877013848637083 
22.919999999959924, -2.3872853615269074 
22.9299999999599, -2.3868571178920726 
22.939999999959877, -2.386463695740327 
22.949999999959854, -2.386130450683 
22.95999999995983, -2.3858412056229317 
22.969999999959807, -2.3855525756721407 
22.979999999959784, -2.385220754559617 
22.98999999995976, -2.384813395397359 
22.999999999959737, -2.3843093600310494 
23.009999999959714, -2.3837127960377735 
23.01999999995969, -2.3830998079412593 
23.029999999959667, -2.3826339512445722 
23.039999999959644, -2.382415758151242 
23.04999999995962, -2.382340782832006 
23.059999999959597, -2.3822417421577913 
23.069999999959574, -2.3820397432288662 
23.07999999995955, -2.3817291909434557 
23.089999999959527, -2.381329493005153 
23.099999999959504, -2.3808696376278466 
23.10999999995948, -2.380392230809769 
23.119999999959457, -2.37995073305422 
23.129999999959434, -2.379581604927848 
23.13999999995941, -2.3792711617642395 
23.149999999959388, -2.3789677940212575 
23.159999999959364, -2.3786247628659014 
23.16999999995934, -2.378217959180767 
23.179999999959318, -2.3777466750335767 
23.189999999959294, -2.3772502340184847 
23.19999999995927, -2.37682436219018 
23.209999999959248, -2.376557217785341 
23.219999999959224, -2.3764194917022126 
23.2299999999592, -2.3762976626576013 
23.239999999959178, -2.3761056213637235 
23.249999999959154, -2.3758110210365944 
23.25999999995913, -2.3754090316732768 
23.269999999959108, -2.3749064758548437 
23.279999999959085, -2.374330315914914 
23.28999999995906, -2.373749940835097 
23.299999999959038, -2.3732671604214555 
23.309999999959015, -2.3729295723114108 
23.31999999995899, -2.3726753484775793 
23.329999999958968, -2.372412501002676 
23.339999999958945, -2.3720933323803073 
23.34999999995892, -2.3717111282119836 
23.359999999958898, -2.371284682596908 
23.369999999958875, -2.370859041283152 
23.37999999995885, -2.3704926671397173 
23.389999999958828, -2.370209653698578 
23.399999999958805, -2.3699749299134423 
23.40999999995878, -2.369729313046183 
23.41999999995876, -2.3694258858554234 
23.429999999958735, -2.369034913621632 
23.43999999995871, -2.3685366720399776 
23.44999999995869, -2.367928293654966 
23.459999999958665, -2.3672616146171745 
23.46999999995864, -2.366678771528287 
23.47999999995862, -2.366320077972645 
23.489999999958595, -2.3661497741516744 
23.499999999958572, -2.366011302586919 
23.50999999995855, -2.365802306464091 
23.519999999958525, -2.365501716359536 
23.529999999958502, -2.3651243670089785 
23.53999999995848, -2.3646990058506274 
23.549999999958455, -2.364266601467335 
23.559999999958432, -2.363870777308251 
23.56999999995841, -2.3635326088488404 
23.579999999958385, -2.363234545734293 
23.589999999958362, -2.3629336927849485 
23.59999999995834, -2.3625882905666655 
23.609999999958315, -2.362169362963459 
23.619999999958292, -2.3616625307750767 
23.62999999995827, -2.3610882983302215 
23.639999999958246, -2.3605448736333825 
23.649999999958222, -2.3601830086969517 
23.6599999999582, -2.3600394833167297 
23.669999999958176, -2.3599803681802642 
23.679999999958152, -2.3598658131761696 
23.68999999995813, -2.35964223226591 
23.699999999958106, -2.3593103361370935 
23.709999999958082, -2.358888081429922 
23.71999999995806, -2.3584034168791272 
23.729999999958036, -2.3579022795832496 
23.739999999958012, -2.3574463631789238 
23.74999999995799, -2.3570772953911048 
23.759999999957966, -2.3567757626167145 
23.769999999957943, -2.356482083343093 
23.77999999995792, -2.3561479477321345 
23.789999999957896, -2.3557526398527795 
23.799999999957873, -2.355300341791016 
23.80999999995785, -2.3548318045296246 
23.819999999957826, -2.354431204860983 
23.829999999957803, -2.354166067812715 
23.83999999995778, -2.354005508735003 
23.849999999957756, -2.353854865575629 
23.859999999957733, -2.3536409087839134 
23.86999999995771, -2.3533315215304964 
23.879999999957686, -2.352916571983077 
23.889999999957663, -2.352397060103196 
23.89999999995764, -2.3517969925994135 
23.909999999957616, -2.351190852663241 
23.919999999957593, -2.3506946918280582 
23.92999999995757, -2.3503653357437906 
23.939999999957546, -2.3501334020425437 
23.949999999957523, -2.3498946337515525 
23.9599999999575, -2.3495961984532903 
23.969999999957476, -2.3492312898585466 
23.979999999957453, -2.3488175917897265 
23.98999999995743, -2.348394405247432 
23.999999999957407, -2.3480145023915733 
24.009999999957383, -2.347707475320474 
24.01999999995736, -2.3474524189494144 
24.029999999957337, -2.3471988582166485 
24.039999999957313, -2.3468999466821683 
24.04999999995729, -2.346523050417933 
24.059999999957267, -2.3460454119879497 
24.069999999957243, -2.345458369307678 
24.07999999995722, -2.3448008633570017 
24.089999999957197, -2.3442030962817255 
24.099999999957173, -2.3438215644010376 
24.10999999995715, -2.343653822840179 
24.119999999957127, -2.3435450453947446 
24.129999999957104, -2.3433729008104853 
24.13999999995708, -2.343103857304091 
24.149999999957057, -2.3427488650757695 
24.159999999957034, -2.3423334884739204 
24.16999999995701, -2.34189428978158 
24.179999999956987, -2.3414758942900065 
24.189999999956964, -2.3411116766443794 
24.19999999995694, -2.340800198969366 
24.209999999956917, -2.3405053673336393 
24.219999999956894, -2.3401823993503066 
24.22999999995687, -2.339798013038768 
24.239999999956847, -2.3393333760995443 
24.249999999956824, -2.3387938567067303 
24.2599999999568, -2.3382442259419927 
24.269999999956777, -2.337820521767906 
24.279999999956754, -2.3376128519126325 
24.28999999995673, -2.3375421203635454 
24.299999999956707, -2.3374597413560787 
24.309999999956684, -2.3372824005187605 
24.31999999995666, -2.3369942241325994 
24.329999999956637, -2.3366063716056993 
24.339999999956614, -2.3361399000724807 
24.34999999995659, -2.3356307476046596 
24.359999999956568, -2.335137141024264 
24.369999999956544, -2.334720435407738 
24.37999999995652, -2.3343945499843324 
24.389999999956498, -2.334110894024393 
24.399999999956474, -2.3338086613194826 
24.40999999995645, -2.3334533608126224 
24.419999999956428, -2.333036943869558 
24.429999999956404, -2.332578303618723 
24.43999999995638, -2.332136919491881 
24.449999999956358, -2.3317957390409663 
24.459999999956334, -2.3315817365840172 
24.46999999995631, -2.3314303221637824 
24.479999999956288, -2.331254493458956 
24.489999999956265, -2.331001421914718 
24.49999999995624, -2.3306496775062597 
24.509999999956218, -2.3301921866072934 
24.519999999956195, -2.3296347268945246 
24.52999999995617, -2.3290166411534834 
24.539999999956148, -2.3284343683973847 
24.549999999956125, -2.327999125278464 
24.5599999999561, -2.3277220128139655 
24.569999999956078, -2.327505150479153 
24.579999999956055, -2.3272566835590327 
24.58999999995603, -2.326942150610571 
24.599999999956008, -2.3265641595698936 
24.609999999955985, -2.3261462802959723 
24.61999999995596, -2.32573245550307 
24.62999999995594, -2.3253723028775815 
24.639999999955915, -2.3250829314855936 
24.64999999995589, -2.324833945626936 
24.65999999995587, -2.3245748272317033 
24.669999999955845, -2.324262799415915 
24.67999999995582, -2.323868281214706 
24.6899999999558, -2.323370639708283 
24.699999999955775, -2.3227670158150597 
24.709999999955752, -2.3221108061005054 
24.71999999995573, -2.3215450186935005 
24.729999999955705, -2.3212082059415167 
24.739999999955682, -2.3210635681708913 
24.74999999995566, -2.3209529336842953 
24.759999999955635, -2.320770112318366 
24.769999999955612, -2.320491407122213 
24.77999999995559, -2.320130428030442 
24.789999999955565, -2.3197135669659197 
24.799999999955542, -2.3192781096545807 
24.80999999995552, -2.318867927454454 
24.819999999955495, -2.3185130613904263 
24.829999999955472, -2.318208220690477 
24.83999999995545, -2.3179161054133095 
24.849999999955426, -2.3175931822251026 
24.859999999955402, -2.3172074677367442 
24.86999999995538, -2.3167406232141836 
24.879999999955356, -2.316198157370788 
24.889999999955332, -2.315644749062333 
24.89999999995531, -2.3152164824630863 
24.909999999955286, -2.3150060315536027 
24.919999999955262, -2.3149378745431526 
24.92999999995524, -2.3148628913006286 
24.939999999955216, -2.3146950797621035 
24.949999999955192, -2.3144172751145113 
24.95999999995517, -2.314040741240768 
24.969999999955146, -2.313586579323846 
24.979999999955123, -2.3130890504061723 
24.9899999999551, -2.312602253239075 
24.999999999955076, -2.31218452090944 
