t, s[1].omega / s[0].omega 
0, -4.39999280073063 
0.009999999999999995, -4.399224516214013 
0.019999999999999934, -4.398404450511299 
0.029999999999999874, -4.397675293559822 
0.04000000000000012, -4.397041015563286 
0.050000000000000405, -4.3963643109982105 
0.06000000000000069, -4.39561612719262 
0.07000000000000098, -4.39484571764445 
0.08000000000000126, -4.39412931268584 
0.09000000000000155, -4.3934520246875035 
0.10000000000000184, -4.39274018748536 
0.11000000000000212, -4.391990062087016 
0.12000000000000241, -4.39126177674249 
0.130000000000002, -4.390579574549326 
0.1400000000000009, -4.389887876024085 
0.1499999999999998, -4.389138739224899 
0.1599999999999987, -4.38835828065622 
0.1699999999999976, -4.387657916412609 
0.1799999999999965, -4.387026108758474 
0.1899999999999954, -4.3863463599407515 
0.1999999999999943, -4.385575118024758 
0.2099999999999932, -4.3847543897359715 
0.2199999999999921, -4.384039509982473 
0.229999999999991, -4.383424942948274 
0.2399999999999899, -4.382758612859633 
0.2499999999999888, -4.3820071047828755 
0.2599999999999877, -4.381219026423552 
0.2699999999999866, -4.380496317112909 
0.2799999999999855, -4.379835934968535 
0.2899999999999844, -4.379142310906064 
0.2999999999999833, -4.378399691881354 
0.3099999999999822, -4.377659901482266 
0.3199999999999811, -4.376965657341041 
0.32999999999998, -4.376280463942853 
0.3399999999999789, -4.375550624283248 
0.3499999999999778, -4.3747889255811145 
0.35999999999997667, -4.374080918866619 
0.36999999999997557, -4.373431507995174 
0.37999999999997447, -4.372750288189071 
0.38999999999997337, -4.371989385699132 
0.39999999999997227, -4.37118119150455 
0.40999999999997117, -4.3704728668006645 
0.41999999999997006, -4.369865241568897 
0.42999999999996896, -4.369207054107163 
0.43999999999996786, -4.368454983859555 
0.44999999999996676, -4.367650286449952 
0.45999999999996566, -4.3669186150076085 
0.46999999999996456, -4.366277759310794 
0.47999999999996346, -4.365605735612961 
0.48999999999996235, -4.364870326084409 
0.49999999999996125, -4.364116481424695 
0.5099999999999602, -4.363408326900439 
0.519999999999959, -4.362732718375729 
0.529999999999958, -4.3620243896200614 
0.5399999999999568, -4.361277630686162 
0.5499999999999557, -4.360556710405531 
0.5599999999999546, -4.359889183072579 
0.5699999999999535, -4.359211701810249 
0.5799999999999524, -4.358471068076201 
0.5899999999999513, -4.3576828762176625 
0.5999999999999502, -4.35696894322489 
0.6099999999999491, -4.356353186015768 
0.619999999999948, -4.355701665343624 
0.6299999999999469, -4.35495697777011 
0.6399999999999458, -4.354144482177202 
0.6499999999999447, -4.353399522845083 
0.6599999999999436, -4.352774726150789 
0.6699999999999425, -4.352127474673286 
0.6799999999999414, -4.351402560175899 
0.6899999999999403, -4.350634676449398 
0.6999999999999392, -4.349906439418726 
0.7099999999999381, -4.349239661205337 
0.719999999999937, -4.348555442914543 
0.7299999999999359, -4.347824091943455 
0.7399999999999348, -4.347090790604144 
0.7499999999999337, -4.3464035381067925 
0.7599999999999326, -4.3457309504528565 
0.7699999999999315, -4.3450148519234135 
0.7799999999999304, -4.344249740298657 
0.7899999999999293, -4.3435231484489965 
0.7999999999999282, -4.342886764504385 
0.8099999999999271, -4.342240377482816 
0.819999999999926, -4.34151312325091 
0.8299999999999249, -4.3407085232369855 
0.8399999999999238, -4.339947068876989 
0.8499999999999227, -4.3393250983282154 
0.8599999999999216, -4.338702702289877 
0.8699999999999205, -4.337994592019532 
0.8799999999999194, -4.337218097875046 
0.8899999999999183, -4.336461894213857 
0.8999999999999172, -4.335797102957123 
0.9099999999999161, -4.335140381783853 
0.919999999999915, -4.334429163959209 
0.9299999999999139, -4.333688319684511 
0.9399999999999128, -4.3329776531324065 
0.9499999999999117, -4.3323055357744 
0.9599999999999106, -4.331614356034312 
0.9699999999999095, -4.33087469845206 
0.9799999999999084, -4.3301376967581 
0.9899999999999073, -4.329472563947371 
0.9999999999999062, -4.328827122141924 
1.0099999999999052, -4.328124057647713 
1.019999999999904, -4.327343752782464 
1.029999999999903, -4.3265690759322535 
1.039999999999902, -4.325928450536561 
1.0499999999999008, -4.325324022381187 
1.0599999999998997, -4.324639921165525 
1.0699999999998986, -4.323867862807128 
1.0799999999998975, -4.323081502459476 
1.0899999999998964, -4.322402751009462 
1.0999999999998953, -4.321774381145051 
1.1099999999998942, -4.321091284677296 
1.119999999999893, -4.32035250009749 
1.129999999999892, -4.319615846358643 
1.1399999999998909, -4.318932859157991 
1.1499999999998898, -4.318263980401965 
1.1599999999998887, -4.317553076259931 
1.1699999999998876, -4.31681563581942 
1.1799999999998865, -4.316119307023328 
1.1899999999998854, -4.315465795925573 
1.1999999999998843, -4.3147868625320305 
1.2099999999998832, -4.314041420548202 
1.219999999999882, -4.313266509197254 
1.229999999999881, -4.312588236940285 
1.2399999999998799, -4.31198527309556 
1.2499999999998788, -4.311328988650237 
1.2599999999998777, -4.310579138780091 
1.2699999999998766, -4.3097755427979365 
1.2799999999998755, -4.309060955252464 
1.2899999999998744, -4.308451173557144 
1.2999999999998733, -4.307804701944201 
1.3099999999998722, -4.307082322696467 
1.319999999999871, -4.306324858642329 
1.32999999999987, -4.305613753062405 
1.3399999999998689, -4.3049581453559105 
1.3499999999998678, -4.304279850977741 
1.3599999999998666, -4.303556092008295 
1.3699999999998655, -4.3028347436258985 
1.3799999999998644, -4.302160132654418 
1.3899999999998633, -4.301497262128041 
1.3999999999998622, -4.300789355548432 
1.4099999999998611, -4.300032374214235 
1.41999999999986, -4.299314494251082 
1.429999999999859, -4.298689067748294 
1.4399999999998578, -4.298055742852275 
1.4499999999998567, -4.297342255662865 
1.4599999999998556, -4.296549241257091 
1.4699999999998545, -4.295788485719038 
1.4799999999998534, -4.29516827104571 
1.4899999999998523, -4.294560362115963 
1.4999999999998512, -4.29387067385804 
1.5099999999998501, -4.293110462471571 
1.519999999999849, -4.292358427556734 
1.529999999999848, -4.291693456875903 
1.5399999999998468, -4.29104871994745 
1.5499999999998457, -4.290353694007778 
1.5599999999998446, -4.289624114428571 
1.5699999999998435, -4.288918247297795 
1.5799999999998424, -4.2882539809942175 
1.5899999999998413, -4.287578995707575 
1.5999999999998402, -4.286854578851094 
1.6099999999998391, -4.286116974720148 
1.619999999999838, -4.285448942916053 
1.629999999999837, -4.284821282794555 
1.6399999999998358, -4.284147011774479 
1.6499999999998347, -4.283391787679134 
1.6599999999998336, -4.2826056238587435 
1.6699999999998325, -4.281935333144523 
1.6799999999998314, -4.281348752159045 
1.6899999999998303, -4.280703399807122 
1.6999999999998292, -4.279967206761213 
1.709999999999828, -4.279184965949272 
1.719999999999827, -4.278475671093114 
1.729999999999826, -4.277851405171664 
1.7399999999998248, -4.277198071401017 
1.7499999999998237, -4.276484483319978 
1.7599999999998226, -4.275752510304995 
1.7699999999998215, -4.275062316897835 
1.7799999999998204, -4.274405494918868 
1.7899999999998193, -4.27371996167753 
1.7999999999998182, -4.272992608607539 
1.809999999999817, -4.2722832376539746 
1.819999999999816, -4.2716341514627825 
1.8299999999998149, -4.270987208439248 
1.8399999999998138, -4.270281109599194 
1.8499999999998127, -4.269511145221565 
1.8599999999998116, -4.268778491508734 
1.8699999999998105, -4.268169355855518 
1.8799999999998094, -4.267564487308265 
1.8899999999998083, -4.26687472098438 
1.8999999999998072, -4.266100275791197 
1.909999999999806, -4.265330594560017 
1.919999999999805, -4.2646841664822634 
1.9299999999998039, -4.264074639964326 
1.9399999999998028, -4.263401438050668 
1.9499999999998017, -4.262669380017625 
1.9599999999998006, -4.261939422801721 
1.9699999999997995, -4.26126931447473 
1.9799999999997984, -4.260617432579152 
1.9899999999997973, -4.259924073602778 
1.9999999999997962, -4.259201562176028 
2.0099999999998173, -4.258511823847286 
2.0199999999998384, -4.25786464508764 
2.0299999999998595, -4.257200368212467 
2.0399999999998806, -4.2564761199596965 
2.0499999999999017, -4.255719590239956 
2.059999999999923, -4.255044440711198 
2.069999999999944, -4.254447774510533 
2.079999999999965, -4.253809771576314 
2.089999999999986, -4.25308183351285 
2.100000000000007, -4.252289793100198 
2.1100000000000283, -4.251568883681265 
2.1200000000000494, -4.250970877524262 
2.1300000000000705, -4.2503532432638265 
2.1400000000000916, -4.249656042346887 
2.1500000000001127, -4.2489072201868385 
2.160000000000134, -4.248188070970634 
2.170000000000155, -4.247540835908033 
2.180000000000176, -4.246890682654439 
2.190000000000197, -4.246191759785589 
2.2000000000002182, -4.245474603025146 
2.2100000000002393, -4.244794950599435 
2.2200000000002604, -4.244146300733216 
2.2300000000002815, -4.243471056200491 
2.2400000000003026, -4.242741984166818 
2.2500000000003237, -4.242012431130833 
2.260000000000345, -4.2413702838760425 
2.270000000000366, -4.24076177725006 
2.280000000000387, -4.240094288946158 
2.290000000000408, -4.239340667510151 
2.3000000000004293, -4.238558818696552 
2.3100000000004504, -4.237897647276191 
2.3200000000004715, -4.237319034428828 
2.3300000000004926, -4.236682474328182 
2.3400000000005137, -4.235961116963288 
2.3500000000005348, -4.2352005173395675 
2.360000000000556, -4.234502459855796 
2.370000000000577, -4.23387634318515 
2.380000000000598, -4.2332253326526335 
2.390000000000619, -4.232521664182889 
2.4000000000006403, -4.2318069037594785 
2.4100000000006614, -4.231132984162047 
2.4200000000006825, -4.230484736851412 
2.4300000000007036, -4.2298048031102935 
2.4400000000007247, -4.229079860160236 
2.450000000000746, -4.228374438812363 
2.460000000000767, -4.227742999849739 
2.470000000000788, -4.2271186242660095 
2.480000000000809, -4.226430853647969 
2.49000000000083, -4.225667058661915 
2.5000000000008513, -4.224915231991282 
2.5100000000008724, -4.224298531144742 
2.5200000000008935, -4.223718119900866 
2.5300000000009146, -4.223060836837136 
2.5400000000009357, -4.222318106920456 
2.550000000000957, -4.2215538607022225 
2.560000000000978, -4.220883430955671 
2.570000000000999, -4.220273891872478 
2.58000000000102, -4.219620681040007 
2.5900000000010412, -4.218911928189473 
2.6000000000010624, -4.218196516460349 
2.6100000000010835, -4.21752758968953 
2.6200000000011046, -4.216882635693128 
2.6300000000011257, -4.216202960209182 
2.6400000000011468, -4.215485460867837 
2.650000000001168, -4.21479473585277 
2.660000000001189, -4.214163060125959 
2.67000000000121, -4.213526905405407 
2.680000000001231, -4.212828848244234 
2.6900000000012523, -4.212068343467746 
2.7000000000012734, -4.211349616538111 
2.7100000000012945, -4.210754976649658 
2.7200000000013156, -4.210164134160026 
2.7300000000013367, -4.209489383134258 
2.740000000001358, -4.20873077587437 
2.750000000001379, -4.207971139833472 
2.7600000000014, -4.207328641089274 
2.770000000001421, -4.206731159704027 
2.780000000001442, -4.206075697566083 
2.7900000000014633, -4.205361287843768 
2.8000000000014844, -4.204643005050334 
2.8100000000015055, -4.203979350835331 
2.8200000000015266, -4.203340375943162 
2.8300000000015477, -4.202664465168093 
2.840000000001569, -4.20195396352602 
2.85000000000159, -4.201269340342359 
2.860000000001611, -4.200634065638429 
2.870000000001632, -4.199991985619565 
2.8800000000016532, -4.199292347297532 
2.8900000000016743, -4.198542680626954 
2.9000000000016954, -4.1978482204931975 
2.9100000000017165, -4.197259217388069 
2.9200000000017377, -4.19665767860023 
2.9300000000017588, -4.1959715008568 
2.94000000000178, -4.195204264652933 
2.950000000001801, -4.194453964054 
2.960000000001822, -4.193834519719029 
2.970000000001843, -4.193246178905053 
2.9800000000018643, -4.192589735285044 
2.9900000000018854, -4.191869711302137 
3.0000000000019065, -4.19114671281387 
3.0100000000019276, -4.190487992242735 
3.0200000000019487, -4.189857302751684 
3.03000000000197, -4.189187778892947 
3.040000000001991, -4.188482673356946 
3.050000000002012, -4.18779826284718 
3.060000000002033, -4.187158918265689 
3.070000000002054, -4.186516152893271 
3.0800000000020753, -4.185821453689785 
3.0900000000020964, -4.185084555944082 
3.1000000000021175, -4.184402526347027 
3.1100000000021386, -4.183810397070807 
3.1200000000021597, -4.183201756589231 
3.130000000002181, -4.182511541209714 
3.140000000002202, -4.181743118700057 
3.150000000002223, -4.181001769701925 
3.160000000002244, -4.180397603643909 
3.1700000000022652, -4.179817318574096 
3.1800000000022863, -4.179162579786573 
3.1900000000023074, -4.178438229789698 
3.2000000000023285, -4.177708509777504 
3.2100000000023496, -4.1770527941294375 
3.2200000000023707, -4.176432291433762 
3.230000000002392, -4.175771673396264 
3.240000000002413, -4.175070990523855 
3.250000000002434, -4.174383018008804 
3.260000000002455, -4.173739241743435 
3.2700000000024763, -4.173099611036508 
3.2800000000024974, -4.172414354209829 
3.2900000000025185, -4.1716894622905745 
3.3000000000025396, -4.171010122921835 
3.3100000000025607, -4.170410688342701 
3.3200000000025818, -4.169799460169634 
3.330000000002603, -4.169112715781916 
3.340000000002624, -4.168349695728329 
3.350000000002645, -4.167612985487886 
3.360000000002666, -4.167014912111581 
3.3700000000026873, -4.166442797290403 
3.3800000000027084, -4.165793862519158 
3.3900000000027295, -4.165068250381704 
3.4000000000027506, -4.164329749997073 
3.4100000000027717, -4.163672741882128 
3.420000000002793, -4.16306360737096 
3.430000000002814, -4.162414930672441 
3.440000000002835, -4.161719283347403 
3.450000000002856, -4.161025462196951 
3.460000000002877, -4.160375626870085 
3.4700000000028983, -4.15974115538477 
3.4800000000029194, -4.1590685390702715 
3.4900000000029405, -4.158354998313394 
3.5000000000029616, -4.157672067626106 
3.5100000000029827, -4.157062593828162 
3.520000000003004, -4.156452377124813 
3.530000000003025, -4.155775725481979 
3.540000000003046, -4.155023877253311 
3.550000000003067, -4.154286476129242 
3.5600000000030882, -4.15368421585203 
3.5700000000031094, -4.153120351844281 
3.5800000000031305, -4.152482421761677 
3.5900000000031516, -4.15176079710474 
3.6000000000031727, -4.151012531293654 
3.6100000000031938, -4.150346984082274 
3.620000000003215, -4.149748705222781 
3.630000000003236, -4.149115744358122 
3.640000000003257, -4.1484278522048275 
3.650000000003278, -4.147727570926672 
3.6600000000032993, -4.147068309115072 
3.6700000000033204, -4.146438691362214 
3.6800000000033415, -4.14578114880497 
3.6900000000033626, -4.145079948927592 
3.7000000000033837, -4.144390741711742 
3.710000000003405, -4.143768108016265 
3.720000000003426, -4.143160292602572 
3.730000000003447, -4.1424987438478755 
3.740000000003468, -4.141763593534233 
3.750000000003489, -4.141022563346808 
3.7600000000035103, -4.140404760771338 
3.7700000000035314, -4.13984735851109 
3.7800000000035525, -4.139225946042966 
3.7900000000035736, -4.13851573640346 
3.8000000000035947, -4.137759895846792 
3.810000000003616, -4.137076037235811 
3.820000000003637, -4.136484417046336 
3.830000000003658, -4.1358712710541035 
3.840000000003679, -4.1351961586801105 
3.8500000000037002, -4.134491481750733 
3.8600000000037213, -4.133818284809917 
3.8700000000037424, -4.133189909319826 
3.8800000000037635, -4.132548957415734 
3.8900000000037847, -4.131863047989686 
3.9000000000038058, -4.131168781027803 
3.910000000003827, -4.130529262240095 
3.920000000003848, -4.129921965202271 
3.930000000003869, -4.129278285914447 
3.94000000000389, -4.128565271601259 
3.9500000000039113, -4.127822893633141 
3.9600000000039324, -4.127178440253575 
3.9700000000039535, -4.126621424759315 
3.9800000000039746, -4.1260209449129475 
3.9900000000039957, -4.125330947018222 
4.000000000004016, -4.124575013926031 
4.010000000003993, -4.123863608929215 
4.02000000000397, -4.123267839437331 
4.030000000003946, -4.122677386463794 
4.040000000003923, -4.122022094251728 
4.0500000000039, -4.121318958657129 
4.0600000000038765, -4.120628497619328 
4.070000000003853, -4.119993382528395 
4.08000000000383, -4.119368369130377 
4.090000000003807, -4.118702004595263 
4.100000000003783, -4.118008163515253 
4.11000000000376, -4.117349116277254 
4.120000000003737, -4.116736486872057 
4.130000000003713, -4.116110295066147 
4.14000000000369, -4.115424020875931 
4.150000000003667, -4.114688642247892 
4.1600000000036434, -4.114010869854736 
4.17000000000362, -4.1134416109497804 
4.180000000003597, -4.112863087899 
4.1900000000035735, -4.112201799521414 
4.20000000000355, -4.111458705543713 
4.210000000003527, -4.1107177827317924 
4.220000000003504, -4.1100985693102485 
4.23000000000348, -4.109528792333746 
4.240000000003457, -4.108901311486758 
4.250000000003434, -4.108209823039754 
4.26000000000341, -4.107504013914719 
4.270000000003387, -4.106850449180632 
4.280000000003364, -4.106235797813665 
4.2900000000033405, -4.105592960888853 
4.300000000003317, -4.104908760597914 
4.310000000003294, -4.104232019468663 
4.320000000003271, -4.103604965095584 
4.330000000003247, -4.102991251912499 
4.340000000003224, -4.102334024253907 
4.350000000003201, -4.101617677562375 
4.360000000003177, -4.100910739545061 
4.370000000003154, -4.100310698842405 
4.380000000003131, -4.099748112150881 
4.390000000003107, -4.099121514645954 
4.400000000003084, -4.098406490296928 
4.410000000003061, -4.097648445813713 
4.4200000000030375, -4.096982982619005 
4.430000000003014, -4.096420204904023 
4.440000000002991, -4.095826958489906 
4.450000000002968, -4.095160006874208 
4.460000000002944, -4.0944495159340075 
4.470000000002921, -4.093767618065071 
4.480000000002898, -4.09314922286988 
4.490000000002874, -4.092530603916145 
4.500000000002851, -4.091866818387411 
4.510000000002828, -4.091181818595991 
4.520000000002804, -4.090532093429127 
4.530000000002781, -4.089919694052925 
4.540000000002758, -4.089289492471544 
4.5500000000027345, -4.0886030352439695 
4.560000000002711, -4.087884959181636 
4.570000000002688, -4.087238220722285 
4.580000000002665, -4.086673895364337 
4.590000000002641, -4.08608248821034 
4.600000000002618, -4.085408118934438 
4.610000000002595, -4.0846587895248225 
4.620000000002571, -4.083938150363467 
4.630000000002548, -4.083350558114622 
4.640000000002525, -4.082790276335827 
4.6500000000025015, -4.082160757765198 
4.660000000002478, -4.08146407569173 
4.670000000002455, -4.080756358435678 
4.6800000000024315, -4.080112200557763 
4.690000000002408, -4.0795094057477765 
4.700000000002385, -4.078874719438586 
4.710000000002362, -4.078197816633507 
4.720000000002338, -4.0775257729541785 
4.730000000002315, -4.076898690142551 
4.740000000002292, -4.0762862647075195 
4.750000000002268, -4.075634752906538 
4.760000000002245, -4.074930719647137 
4.770000000002222, -4.0742402604417425 
4.7800000000021985, -4.0736448507544605 
4.790000000002175, -4.0730783728828905 
4.800000000002152, -4.072450769020046 
4.810000000002129, -4.071737447909244 
4.820000000002105, -4.07098492565868 
4.830000000002082, -4.0703325245580775 
4.840000000002059, -4.069783395672904 
4.850000000002035, -4.069199740695971 
4.860000000002012, -4.0685374592915 
4.870000000001989, -4.067824795547072 
4.880000000001965, -4.067139200403075 
4.890000000001942, -4.066527622994358 
4.900000000001919, -4.0659227543006615 
4.9100000000018955, -4.065271523955159 
4.920000000001872, -4.064591839433562 
4.930000000001849, -4.063938053241197 
4.940000000001826, -4.063324691810601 
4.950000000001802, -4.062703891896312 
4.960000000001779, -4.062033315092245 
4.970000000001756, -4.061328104458864 
4.980000000001732, -4.060677893418961 
4.990000000001709, -4.060108005208504 
5.000000000001686, -4.059523277315543 
5.0100000000016625, -4.058862593883179 
5.020000000001639, -4.058124378133283 
5.030000000001616, -4.05739959725019 
5.0400000000015925, -4.056808878585362 
5.050000000001569, -4.056263695357914 
5.060000000001546, -4.055652233310637 
5.070000000001523, -4.054965222078907 
5.080000000001499, -4.054251129596498 
5.090000000001476, -4.053596632286267 
5.100000000001453, -4.053003286504248 
5.110000000001429, -4.052388373178813 
5.120000000001406, -4.051725357412246 
5.130000000001383, -4.051050700952665 
5.1400000000013595, -4.050414187358529 
5.150000000001336, -4.049806726320346 
5.160000000001313, -4.049174735264105 
5.17000000000129, -4.048491272264188 
5.180000000001266, -4.047798566375838 
5.190000000001243, -4.047183822437751 
5.20000000000122, -4.046619837585185 
5.210000000001196, -4.04601409543376 
5.220000000001173, -4.045326982503473 
5.23000000000115, -4.0445803410077 
5.240000000001126, -4.0438990461700755 
5.250000000001103, -4.04334594733169 
5.26000000000108, -4.042789176801457 
5.2700000000010565, -4.042153826884187 
5.280000000001033, -4.041450976722888 
5.29000000000101, -4.040746933861655 
5.300000000000987, -4.04012129855327 
5.310000000000963, -4.039534059698207 
5.32000000000094, -4.038908316865168 
5.330000000000917, -4.038239142342333 
5.340000000000893, -4.0375733844839665 
5.35000000000087, -4.03695052800832 
5.360000000000847, -4.036344023487898 
5.3700000000008234, -4.035701752198792 
5.3800000000008, -4.035012433632775 
5.390000000000777, -4.034338480150643 
5.4000000000007535, -4.033747845798174 
5.41000000000073, -4.033180661672527 
5.420000000000707, -4.032556738001548 
5.430000000000684, -4.03185111968888 
5.44000000000066, -4.031109586766767 
5.450000000000637, -4.030470227824715 
5.460000000000614, -4.0299341165956815 
5.47000000000059, -4.029362976215826 
5.480000000000567, -4.028709975536913 
5.490000000000544, -4.027999334305534 
5.5000000000005205, -4.0273108376165165 
5.510000000000497, -4.026706310826477 
5.520000000000474, -4.0261189523746745 
5.5300000000004506, -4.025484898765109 
5.540000000000427, -4.024814030262824 
5.550000000000404, -4.024157845488382 
5.560000000000381, -4.023544755977744 
5.570000000000357, -4.022937161868053 
5.580000000000334, -4.0222874347989235 
5.590000000000311, -4.021597698401402 
5.600000000000287, -4.0209419007474185 
5.610000000000264, -4.020365534958328 
5.620000000000241, -4.0197931444875525 
5.6300000000002175, -4.019155999831216 
5.640000000000194, -4.018439534554261 
5.650000000000171, -4.017709743869893 
5.660000000000148, -4.017101668923792 
5.670000000000124, -4.0165713647198 
5.680000000000101, -4.015988873728672 
5.690000000000078, -4.015324732500785 
5.700000000000054, -4.014612233796673 
5.710000000000031, -4.013938890282473 
5.720000000000008, -4.0133476330443845 
5.729999999999984, -4.012758612387149 
5.739999999999961, -4.012119734850284 
5.749999999999938, -4.011449938299542 
5.7599999999999145, -4.010802059447519 
5.769999999999891, -4.010195634356384 
5.779999999999868, -4.009587078240135 
5.789999999999845, -4.008933306600442 
5.799999999999821, -4.008245962550896 
5.809999999999798, -4.007603951181888 
5.819999999999775, -4.007035732912104 
5.829999999999751, -4.006459850704823 
5.839999999999728, -4.005815204681371 
5.849999999999705, -4.005094115620033 
5.8599999999996815, -4.004375704165328 
5.869999999999658, -4.003786736011534 
5.879999999999635, -4.003258371502699 
5.8899999999996115, -4.002669747824852 
5.899999999999588, -4.002000589235147 
5.909999999999565, -4.00128961888568 
5.919999999999542, -4.000627247517787 
5.929999999999518, -4.000043455093459 
5.939999999999495, -3.9994538578390326 
5.949999999999472, -3.9988136199816373 
5.959999999999448, -3.9981462142077446 
5.969999999999425, -3.997504425267349 
5.979999999999402, -3.9969025463461967 
5.9899999999993785, -3.9962944763673804 
5.999999999999355, -3.995639983023807 
6.009999999999332, -3.9949555384781696 
6.019999999999309, -3.9943216043375025 
6.029999999999285, -3.993758329120122 
6.039999999999262, -3.993182413755021 
6.049999999999239, -3.9925361982414858 
6.059999999999215, -3.9918150679539424 
6.069999999999192, -3.991103106001291 
6.079999999999169, -3.9905223828368555 
6.089999999999145, -3.989995983240411 
6.099999999999122, -3.989407148828252 
6.109999999999099, -3.9887386102383418 
6.1199999999990755, -3.9880306272824058 
6.129999999999052, -3.9873734080929912 
6.139999999999029, -3.986793028305422 
6.149999999999006, -3.986205073595104 
6.159999999998982, -3.9855666869552246 
6.169999999998959, -3.9849021149934307 
6.179999999998936, -3.9842638449494876 
6.189999999998912, -3.983665070892484 
6.199999999998889, -3.983059559899555 
6.209999999998866, -3.9824074800728853 
6.2199999999988425, -3.9817251979652752 
6.229999999998819, -3.98109329192459 
6.239999999998796, -3.9805330965699084 
6.2499999999987725, -3.9799612681787204 
6.259999999998749, -3.979319469614359 
6.269999999998726, -3.9786020676094878 
6.279999999998703, -3.977889969400856 
6.289999999998679, -3.977307480195315 
6.299999999998656, -3.9767842344490267 
6.309999999998633, -3.9762012067485037 
6.319999999998609, -3.9755386672854187 
6.329999999998586, -3.9748345125486715 
6.339999999998563, -3.9741764235023553 
6.3499999999985395, -3.9735959485447294 
6.359999999998516, -3.9730120266896294 
6.369999999998493, -3.972378575439792 
6.37999999999847, -3.971717059739652 
6.389999999998446, -3.971079688150751 
6.399999999998423, -3.9704827260974547 
6.4099999999984, -3.9698819380240074 
6.419999999998376, -3.9692354525767586 
6.429999999998353, -3.968554653857685 
6.43999999999833, -3.9679185557556287 
6.449999999998306, -3.967359253740083 
6.459999999998283, -3.966795551443346 
6.46999999999826, -3.9661642182251726 
6.4799999999982365, -3.9654548162886827 
6.489999999998213, -3.964737109570565 
6.49999999999819, -3.9641421832546984 
6.509999999998167, -3.963622130236004 
6.519999999998143, -3.9630506415747453 
6.52999999999812, -3.962399557318906 
6.539999999998097, -3.9617008942225658 
6.549999999998073, -3.9610368253341486 
6.55999999999805, -3.9604519927391877 
6.569999999998027, -3.9598738582626694 
6.5799999999980034, -3.959248493849252 
6.58999999999798, -3.9585906954225036 
6.599999999997957, -3.9579517668193644 
6.6099999999979335, -3.9573549108843453 
6.61999999999791, -3.9567605976702866 
6.629999999997887, -3.9561231740857346 
6.639999999997864, -3.9554445784565657 
6.64999999999784, -3.954798200608587 
6.659999999997817, -3.9542355298824168 
6.669999999997794, -3.9536830655721955 
6.67999999999777, -3.953068254907606 
6.689999999997747, -3.9523726598692064 
6.699999999997724, -3.9516478643486415 
6.7099999999977005, -3.951028537907296 
6.719999999997677, -3.950507948287961 
6.729999999997654, -3.9499528311473653 
6.7399999999976306, -3.9493189300694893 
6.749999999997607, -3.9486293043008898 
6.759999999997584, -3.9479564869680934 
6.769999999997561, -3.947361461406151 
6.779999999997537, -3.9467892013081545 
6.789999999997514, -3.946175151549582 
6.799999999997491, -3.9455227989147326 
6.809999999997467, -3.9448803697256283 
6.819999999997444, -3.9442810434432536 
6.829999999997421, -3.9436939319424718 
6.8399999999973975, -3.9430692525104876 
6.849999999997374, -3.942396100146026 
6.859999999997351, -3.941734928158752 
6.869999999997328, -3.9411608452394047 
6.879999999997304, -3.940620336604501 
6.889999999997281, -3.940027797862249 
6.899999999997258, -3.9393534640391215 
6.909999999997234, -3.9386266949713615 
6.919999999997211, -3.9379721004350436 
6.929999999997188, -3.937440305005603 
6.939999999997164, -3.9369040065952454 
6.949999999997141, -3.9362931532624237 
6.959999999997118, -3.9356182554746537 
6.9699999999970945, -3.9349380518974697 
6.979999999997071, -3.934325967601415 
6.989999999997048, -3.9337565385024895 
6.999999999997025, -3.9331566203605988 
7.009999999997001, -3.9325129862259076 
7.019999999996978, -3.931866338014836 
7.029999999996955, -3.9312608941825835 
7.039999999996931, -3.93067990720873 
7.049999999996908, -3.9300712661204606 
7.059999999996885, -3.929409612820824 
7.0699999999968615, -3.9287338052379717 
7.079999999996838, -3.9281360604137783 
7.089999999996815, -3.9276030146516874 
7.0999999999967915, -3.927037339025773 
7.109999999996768, -3.926392458486164 
7.119999999996745, -3.9256759323445594 
7.129999999996722, -3.9249831949465426 
7.139999999996698, -3.92442070851085 
7.149999999996675, -3.9238998406007055 
7.159999999996652, -3.923317326121515 
7.169999999996628, -3.9226643610382346 
7.179999999996605, -3.92198336491417 
7.189999999996582, -3.92134926780748 
7.1999999999965585, -3.920775074459807 
7.209999999996535, -3.920190303380223 
7.219999999996512, -3.919560171431921 
7.229999999996489, -3.918911054190673 
7.239999999996465, -3.9182951154549857 
7.249999999996442, -3.9177164991724793 
7.259999999996419, -3.9171256372777092 
7.269999999996395, -3.9164831710318966 
7.279999999996372, -3.9158009091776362 
7.289999999996349, -3.9151671238532595 
7.299999999996325, -3.9146273812010826 
7.309999999996302, -3.9140897604538294 
7.319999999996279, -3.913481907609408 
7.3299999999962555, -3.9127917056730057 
7.339999999996232, -3.9120740098673883 
7.349999999996209, -3.911458129821356 
7.359999999996186, -3.910937228830071 
7.369999999996162, -3.9103856086620086 
7.379999999996139, -3.9097621328276704 
7.389999999996116, -3.909091181447285 
7.399999999996092, -3.9084367890064504 
7.409999999996069, -3.9078463782866044 
7.419999999996046, -3.9072733780583695 
7.4299999999960225, -3.9066618772337067 
7.439999999995999, -3.906015916526436 
7.449999999995976, -3.9053859854107507 
7.4599999999959525, -3.904802533617418 
7.469999999995929, -3.90422801329611 
7.479999999995906, -3.903611560323707 
7.489999999995883, -3.9029387241014755 
7.499999999995859, -3.902267509278503 
7.509999999995836, -3.901694797310847 
7.519999999995813, -3.901177169602691 
7.529999999995789, -3.900611758433963 
7.539999999995766, -3.8999626117384985 
7.549999999995743, -3.8992484803363956 
7.5599999999957195, -3.8985722201902995 
7.569999999995696, -3.8980191081793962 
7.579999999995673, -3.8974922601222266 
7.58999999999565, -3.8969045751927185 
7.599999999995626, -3.8962559455723147 
7.609999999995603, -3.8955921954084665 
7.61999999999558, -3.894976098400785 
7.629999999995556, -3.894404292743593 
7.639999999995533, -3.893813968599126 
7.64999999999551, -3.8931806278019727 
7.659999999995486, -3.892538020946007 
7.669999999995463, -3.8919391770203076 
7.67999999999544, -3.891374262878427 
7.6899999999954165, -3.890787023276957 
7.699999999995393, -3.8901410668403087 
7.70999999999537, -3.889452429667157 
7.719999999995347, -3.8888204508961293 
7.729999999995323, -3.8882946214769922 
7.7399999999953, -3.8877706778712073 
7.749999999995277, -3.8871728892037902 
7.759999999995253, -3.8864928920220754 
7.76999999999523, -3.8857831977025645 
7.779999999995207, -3.8851631517098744 
7.789999999995183, -3.884635118172762 
7.79999999999516, -3.8840842315852186 
7.809999999995137, -3.8834689289340787 
7.8199999999951135, -3.8828127231069027 
7.82999999999509, -3.8821725256233774 
7.839999999995067, -3.8815856422945343 
7.849999999995044, -3.8810117928182293 
7.85999999999502, -3.880400856260821 
7.869999999994997, -3.8797562939345576 
7.879999999994974, -3.8791325201271833 
7.88999999999495, -3.878562422357743 
7.899999999994927, -3.87800116172726 
7.909999999994904, -3.8773937851134312 
7.9199999999948805, -3.8767217643059184 
7.929999999994857, -3.876036261734663 
7.939999999994834, -3.8754523371874767 
7.9499999999948106, -3.874948629148394 
7.959999999994787, -3.8744064902990467 
7.969999999994764, -3.8737811380851506 
7.979999999994741, -3.8730858989393133 
7.989999999994717, -3.8724020179493435 
7.999999999994694, -3.8718252694939466 
8.00999999999467, -3.8712955893780574 
8.019999999994647, -3.8707203317441845 
8.029999999994624, -3.8700887734237583 
8.0399999999946, -3.869439355100579 
8.049999999994577, -3.868826175060028 
8.059999999994554, -3.868253493787756 
8.06999999999453, -3.867668301380236 
8.079999999994508, -3.867039863436139 
8.089999999994484, -3.8663950103000673 
8.099999999994461, -3.8657972514300463 
8.109999999994438, -3.8652472831911133 
8.119999999994414, -3.8646808098588297 
8.129999999994391, -3.8640524784684196 
8.139999999994368, -3.8633618538550736 
8.149999999994344, -3.8626936073551983 
8.159999999994321, -3.8621491466981075 
8.169999999994298, -3.861649473711322 
8.179999999994275, -3.8610883031100975 
8.189999999994251, -3.8604444082755878 
8.199999999994228, -3.8597493662628986 
8.209999999994205, -3.859097701963684 
8.219999999994181, -3.858543515793605 
8.229999999994158, -3.8580015434536157 
8.239999999994135, -3.8574076437482754 
8.249999999994111, -3.856770022109296 
8.259999999994088, -3.8561355655315865 
8.269999999994065, -3.8555445444279015 
8.279999999994041, -3.8549752532042163 
8.289999999994018, -3.8543767437686647 
8.299999999993995, -3.853735364230105 
8.309999999993972, -3.8530979389899462 
8.319999999993948, -3.852526195033883 
8.329999999993925, -3.851988773214778 
8.339999999993902, -3.8514144172825744 
8.349999999993878, -3.8507683731507063 
8.359999999993855, -3.8500673972756396 
8.369999999993832, -3.8494204485913435 
8.379999999993808, -3.8489004852720585 
8.389999999993785, -3.848396320517252 
8.399999999993762, -3.8478205486636035 
8.409999999993738, -3.8471681057803266 
8.419999999993715, -3.8464838470829923 
8.429999999993692, -3.845859411719796 
8.439999999993669, -3.845312393023627 
8.449999999993645, -3.8447568906890623 
8.459999999993622, -3.844150748479437 
8.469999999993599, -3.843514245154844 
8.479999999993575, -3.84289706950961 
8.489999999993552, -3.8423216687414827 
8.499999999993529, -3.8417508412301715 
8.509999999993505, -3.8411402484605803 
8.519999999993482, -3.8404895051511545 
8.529999999993459, -3.8398622882358824 
8.539999999993436, -3.839313045209477 
8.549999999993412, -3.8387844386616243 
8.559999999993389, -3.838204062755249 
8.569999999993366, -3.837546157283703 
8.579999999993342, -3.836841367704263 
8.589999999993319, -3.8362108924501674 
8.599999999993296, -3.835701709702252 
8.609999999993272, -3.83519094989956 
8.619999999993249, -3.834606715450056 
8.629999999993226, -3.8339543043811775 
8.639999999993202, -3.833285347123217 
8.64999999999318, -3.8326794328449196 
8.659999999993156, -3.832131677354011 
8.669999999993133, -3.8315651069988426 
8.67999999999311, -3.830951770384126 
8.689999999993086, -3.8303200093387817 
8.699999999993063, -3.8297189696671134 
8.70999999999304, -3.829154720169824 
8.719999999993016, -3.8285817654896626 
8.729999999992993, -3.827961564459231 
8.73999999999297, -3.8273029528372526 
8.749999999992946, -3.826683595438996 
8.759999999992923, -3.8261523241185778 
8.7699999999929, -3.8256324541476006 
8.779999999992876, -3.825050958325613 
8.789999999992853, -3.8243887507621386 
8.79999999999283, -3.823684542240808 
8.809999999992806, -3.823061334952012 
8.819999999992783, -3.8225525039564068 
8.82999999999276, -3.8220360121891597 
8.839999999992736, -3.8214491187339235 
8.849999999992713, -3.8208026308368366 
8.85999999999269, -3.82014916248117 
8.869999999992666, -3.8195543295174574 
8.879999999992643, -3.8190031739403465 
8.88999999999262, -3.8184288745370845 
8.899999999992596, -3.8178114706499118 
8.909999999992573, -3.8171848074809134 
8.91999999999255, -3.8165974484419793 
8.929999999992527, -3.8160428358315412 
8.939999999992503, -3.8154700732507636 
8.94999999999248, -3.814843649506453 
8.959999999992457, -3.8141768051498284 
8.969999999992433, -3.8135582194965827 
8.97999999999241, -3.8130394111570967 
8.989999999992387, -3.8125303726502686 
8.999999999992363, -3.811954395266646 
9.00999999999234, -3.811296382426324 
9.019999999992317, -3.8105964685761093 
9.029999999992294, -3.809971413086891 
9.03999999999227, -3.8094551103744734 
9.049999999992247, -3.808934363825147 
9.059999999992224, -3.8083492430990886 
9.0699999999922, -3.807711756297884 
9.079999999992177, -3.8070719634865258 
9.089999999992154, -3.8064835784826094 
9.09999999999213, -3.805929274284396 
9.109999999992107, -3.80535053172114 
9.119999999992084, -3.804730485241965 
9.12999999999206, -3.8041064662026782 
9.139999999992037, -3.8035297103925743 
9.149999999992014, -3.802985689408885 
9.15999999999199, -3.802417699494652 
9.169999999991967, -3.801790032599217 
9.179999999991944, -3.801114639197162 
9.18999999999192, -3.800485927308088 
9.199999999991897, -3.799970992860877 
9.209999999991874, -3.7994748403233274 
9.21999999999185, -3.7989113386355484 
9.229999999991827, -3.7982659599039765 
9.239999999991804, -3.7975750380415114 
9.24999999999178, -3.7969424722976752 
9.259999999991757, -3.7964125768331414 
9.269999999991734, -3.795888351127428 
9.27999999999171, -3.7953077862409463 
9.289999999991688, -3.794680096588897 
9.299999999991664, -3.7940515500677976 
9.309999999991641, -3.7934674938257658 
9.319999999991618, -3.7929118744557058 
9.329999999991594, -3.792332017865905 
9.339999999991571, -3.79170993541024 
9.349999999991548, -3.791083648263882 
9.359999999991524, -3.7905127479087732 
9.369999999991501, -3.789981522136222 
9.379999999991478, -3.7894248459218196 
9.389999999991455, -3.7888034398001964 
9.399999999991431, -3.7881226965408326 
9.409999999991408, -3.7874724325350235 
9.419999999991385, -3.7869468574672958 
9.429999999991361, -3.7864624792800674 
9.439999999991338, -3.785917108597559 
9.449999999991315, -3.7852914499006642 
9.459999999991291, -3.784615380523185 
9.469999999991268, -3.783975029836989 
9.479999999991245, -3.7834271676960833 
9.489999999991221, -3.782898989124063 
9.499999999991198, -3.782324361637676 
9.509999999991175, -3.781705717045233 
9.519999999991152, -3.7810855532747625 
9.529999999991128, -3.7805052127733654 
9.539999999991105, -3.779951134853781 
9.549999999991082, -3.7793741393886306 
9.559999999991058, -3.778751447760212 
9.569999999991035, -3.7781165223339293 
9.579999999991012, -3.777542448042753 
9.589999999990988, -3.777024935729821 
9.599999999990965, -3.7764873976079656 
9.609999999990942, -3.7758823582013314 
9.619999999990918, -3.7752060119866613 
9.629999999990895, -3.7745298328746086 
9.639999999990872, -3.7739733196909597 
9.649999999990849, -3.773492350404802 
9.659999999990825, -3.7729676244201036 
9.669999999990802, -3.772366276480812 
9.679999999990779, -3.7717105207775994 
9.689999999990755, -3.77106728504756 
9.699999999990732, -3.770499954858277 
9.709999999990709, -3.7699661887985614 
9.719999999990685, -3.7693979994580005 
9.729999999990662, -3.7687869996000716 
9.739999999990639, -3.7681713551933713 
9.749999999990616, -3.7675939916557946 
9.759999999990592, -3.767044974763896 
9.769999999990569, -3.7664761175604533 
9.779999999990546, -3.7658572211204904 
9.789999999990522, -3.765209342249939 
9.799999999990499, -3.764616403274213 
9.809999999990476, -3.764106806113342 
9.819999999990452, -3.763595420206228 
9.829999999990429, -3.7630179870408993 
9.839999999990406, -3.7623613194777263 
9.849999999990382, -3.7616701594263136 
9.85999999999036, -3.7610657544093202 
9.869999999990336, -3.7605694931194535 
9.879999999990313, -3.7600623954586334 
9.88999999999029, -3.7594869405421365 
9.899999999990266, -3.7588546873703756 
9.909999999990243, -3.758215865466125 
9.91999999999022, -3.757631690456447 
9.929999999990196, -3.757090333407303 
9.939999999990173, -3.756528760048224 
9.94999999999015, -3.755924679884992 
9.959999999990126, -3.7553084725126347 
9.969999999990103, -3.754730492466954 
9.97999999999008, -3.7541895816210307 
9.989999999990056, -3.7536356296571762 
9.999999999990033, -3.7530293263047456 
10.00999999999001, -3.7523728572866863 
10.019999999989986, -3.7517430442765467 
10.029999999989963, -3.7512201808087013 
10.03999999998994, -3.7507353711717535 
10.049999999989916, -3.750195226349807 
10.059999999989893, -3.7495734609212903 
10.06999999998987, -3.7488916122248255 
10.079999999989846, -3.7482425182374532 
10.089999999989823, -3.7477065233845344 
10.0999999999898, -3.7472055478241786 
10.109999999989776, -3.746654315482546 
10.119999999989753, -3.746045997939234 
10.12999999998973, -3.745417291236717 
10.139999999989707, -3.744822435871035 
10.149999999989683, -3.7442725888736894 
10.15999999998966, -3.7437179011715545 
10.169999999989637, -3.7431223592502354 
10.179999999989613, -3.7425014147303486 
10.18999999998959, -3.7419130740119244 
10.199999999989567, -3.7413789335899343 
10.209999999989543, -3.740847117822758 
10.21999999998952, -3.740265675224954 
10.229999999989497, -3.73961776459997 
10.239999999989474, -3.738949041065967 
10.24999999998945, -3.738375157106109 
10.259999999989427, -3.7378978805775143 
10.269999999989404, -3.7373984576458916 
10.27999999998938, -3.7368215504155735 
10.289999999989357, -3.7361725291990004 
10.299999999989334, -3.7355068244235077 
10.30999999998931, -3.734918924300352 
10.319999999989287, -3.7344037569123323 
10.329999999989264, -3.733870762047199 
10.33999999998924, -3.7332851406056617 
10.349999999989217, -3.732668470411743 
10.359999999989194, -3.7320688216067097 
10.36999999998917, -3.731511737576688 
10.379999999989147, -3.730964583929064 
10.389999999989124, -3.730382453486925 
10.3999999999891, -3.7297591339144462 
10.409999999989077, -3.729146136201706 
10.419999999989054, -3.728604088207896 
10.42999999998903, -3.728097370842255 
10.439999999989007, -3.7275535098623864 
10.449999999988984, -3.7269378657168195 
10.45999999998896, -3.726260257070887 
10.469999999988937, -3.7256132925172856 
10.479999999988914, -3.7250937923250182 
10.48999999998889, -3.7246206570654197 
10.499999999988868, -3.7240909244178817 
10.509999999988844, -3.723486726687702 
10.519999999988821, -3.722837201515238 
10.529999999988798, -3.722213308833756 
10.539999999988774, -3.721664701235846 
10.549999999988751, -3.721137966555221 
10.559999999988728, -3.7205730792645704 
10.569999999988704, -3.719968532738725 
10.579999999988681, -3.7193649864140435 
10.589999999988658, -3.7188015680749444 
10.599999999988635, -3.7182629465799693 
10.609999999988611, -3.7177012576915986 
10.619999999988588, -3.7170887691710837 
10.629999999988565, -3.7164482803136303 
10.639999999988541, -3.7158646199814718 
10.649999999988518, -3.715366264371643 
10.659999999988495, -3.7148675784869964 
10.669999999988471, -3.7143036163616316 
10.679999999988448, -3.713660629980039 
10.689999999988425, -3.7129779878470095 
10.699999999988401, -3.712370842752 
10.709999999988378, -3.7118757706362766 
10.719999999988355, -3.711381593216995 
10.729999999988332, -3.7108234447491375 
10.739999999988308, -3.7102077803003928 
10.749999999988285, -3.7095788163258563 
10.759999999988262, -3.708995927218786 
10.769999999988238, -3.7084597915411606 
10.779999999988215, -3.707911864635882 
10.789999999988192, -3.7073220696548885 
10.799999999988168, -3.706712382278879 
10.809999999988145, -3.7061355035417827 
10.819999999988122, -3.7056033203832994 
10.829999999988098, -3.705068671972451 
10.839999999988075, -3.7044862165011265 
10.849999999988052, -3.703844810004484 
10.859999999988029, -3.7031988057710974 
10.869999999988005, -3.7026517438122704 
10.879999999987982, -3.7021810117390337 
10.889999999987959, -3.701677779173275 
10.899999999987935, -3.7010963756196302 
10.909999999987912, -3.7004429584571037 
10.919999999987889, -3.6997793389773 
10.929999999987865, -3.6992068860322505 
10.939999999987842, -3.698709176505892 
10.949999999987819, -3.698188048457746 
10.959999999987796, -3.697609984027612 
10.969999999987772, -3.696996513446794 
10.979999999987749, -3.6963963873731926 
10.989999999987726, -3.6958417995641284 
10.999999999987702, -3.695303607393994 
11.009999999987679, -3.694734417209639 
11.019999999987656, -3.694125106270216 
11.029999999987632, -3.69351979367226 
11.039999999987609, -3.6929751004957914 
11.049999999987586, -3.6924672821057776 
11.059999999987562, -3.691930754873168 
11.06999999998754, -3.6913284748846946 
11.079999999987516, -3.69066450729294 
11.089999999987493, -3.690021288100469 
11.09999999998747, -3.689500980898422 
11.109999999987446, -3.6890381849069036 
11.119999999987423, -3.688524741555767 
11.1299999999874, -3.6879340835370384 
11.139999999987376, -3.6872879994139276 
11.149999999987353, -3.686654836936922 
11.15999999998733, -3.686102845863793 
11.169999999987306, -3.6855908842047462 
11.179999999987283, -3.6850464921975763 
11.18999999998726, -3.68445634087553 
11.199999999987236, -3.683852873577498 
11.209999999987213, -3.683281198824075 
11.21999999998719, -3.682744573957232 
11.229999999987166, -3.6821999692894614 
11.239999999987143, -3.6816111278035017 
11.24999999998712, -3.680984036084233 
11.259999999987096, -3.6803861615786224 
11.269999999987073, -3.6798728541075993 
11.27999999998705, -3.679385167149566 
11.289999999987026, -3.678847954254928 
11.299999999987003, -3.678233941787679 
11.30999999998698, -3.6775604989994752 
11.319999999986956, -3.676923959723365 
11.329999999986933, -3.6764115513358058 
11.33999999998691, -3.6759402535839945 
11.349999999986887, -3.67541508060605 
11.359999999986863, -3.674822806559412 
11.36999999998684, -3.674194239448409 
11.379999999986817, -3.673590920349805 
11.389999999986793, -3.67304887094361 
11.39999999998677, -3.672522096187169 
11.409999999986747, -3.671959707247212 
11.419999999986723, -3.67136137239948 
11.4299999999867, -3.6707700695191092 
11.439999999986677, -3.670224536635738 
11.449999999986654, -3.669702371027417 
11.45999999998663, -3.6691529738522113 
11.469999999986607, -3.668547017574872 
11.479999999986584, -3.667901096743411 
11.48999999998656, -3.667304918449278 
11.499999999986537, -3.666814830698086 
11.509999999986514, -3.666343863511775 
11.51999999998649, -3.665810876523883 
11.529999999986467, -3.66519818971424 
11.539999999986444, -3.664532485871984 
11.54999999998642, -3.663905803091226 
11.559999999986397, -3.6633864684802626 
11.569999999986374, -3.6628977134220078 
11.57999999998635, -3.6623612576789766 
11.589999999986327, -3.661770978573705 
11.599999999986304, -3.661161497391068 
11.60999999998628, -3.6605828743110633 
11.619999999986257, -3.6600470264294587 
11.629999999986234, -3.6595094446531213 
11.63999999998621, -3.65893266629637 
11.649999999986187, -3.65832511838859 
11.659999999986164, -3.6577428893670336 
11.66999999998614, -3.6572221181331686 
11.679999999986117, -3.6567171733497665 
11.689999999986094, -3.656169568850788 
11.69999999998607, -3.655553550012172 
11.709999999986048, -3.6548903785717726 
11.719999999986024, -3.6542829751037424 
11.729999999986001, -3.6537977709938274 
11.739999999985978, -3.6533360039873264 
11.749999999985954, -3.6528106435071708 
11.759999999985931, -3.652210212202084 
11.769999999985908, -3.651565520291482 
11.779999999985884, -3.6509528193731704 
11.789999999985861, -3.650422584455054 
11.799999999985838, -3.6499154998749335 
11.809999999985815, -3.649369007764548 
11.819999999985791, -3.648780105672472 
11.829999999985768, -3.64818590655232 
11.839999999985745, -3.6476277584601795 
11.849999999985721, -3.6470999561206776 
11.859999999985698, -3.64655764930959 
11.869999999985675, -3.6459691863745087 
11.879999999985651, -3.645347093314881 
11.889999999985628, -3.644763351022141 
11.899999999985605, -3.6442636047219397 
11.909999999985581, -3.6437817539081054 
11.919999999985558, -3.6432468148089385 
11.929999999985535, -3.6426351126521554 
11.939999999985512, -3.6419671784929206 
11.949999999985488, -3.64134085931565 
11.959999999985465, -3.6408370587711025 
11.969999999985442, -3.640371041382515 
11.979999999985418, -3.6398515155783513 
11.989999999985395, -3.639266475574755 
11.999999999985372, -3.6386463448009914 
12.009999999985348, -3.6380503702010314 
12.019999999985325, -3.637513544725003 
12.029999999985302, -3.6369927906814157 
12.039999999985278, -3.6364378551153633 
12.049999999985255, -3.6358464495167993 
12.059999999985232, -3.6352600527381376 
12.069999999985209, -3.6347198494732 
12.079999999985185, -3.6342063530232593 
12.089999999985162, -3.6336684935697625 
12.099999999985139, -3.6330743738477977 
12.109999999985115, -3.6324335785260304 
12.119999999985092, -3.631828630589607 
12.129999999985069, -3.6313338438734712 
12.139999999985045, -3.6308760035239764 
12.149999999985022, -3.6303638439907515 
12.159999999984999, -3.629772743857669 
12.169999999984976, -3.629121138389666 
12.179999999984952, -3.6284862179654 
12.189999999984929, -3.6279517351968678 
12.199999999984906, -3.6274683266467704 
12.209999999984882, -3.6269491896890025 
12.219999999984859, -3.6263757920494206 
12.229999999984836, -3.6257753430037716 
12.239999999984812, -3.6251958521778596 
12.249999999984789, -3.624660032706217 
12.259999999984766, -3.624133403979638 
12.269999999984742, -3.623572802305717 
12.27999999998472, -3.6229733757292393 
12.289999999984696, -3.6223818377948307 
12.299999999984673, -3.6218539966795786 
12.30999999998465, -3.6213633739927196 
12.319999999984626, -3.6208436581027064 
12.329999999984603, -3.620258105831904 
12.33999999998458, -3.6196081604264636 
12.349999999984556, -3.618967110398315 
12.359999999984533, -3.618443478657022 
12.36999999998451, -3.6179934298015217 
12.379999999984486, -3.6175045946057827 
12.389999999984463, -3.616941652812301 
12.39999999998444, -3.6163203021869506 
12.409999999984416, -3.6156959014928516 
12.419999999984393, -3.6151385867318284 
12.42999999998437, -3.614633696281355 
12.439999999984346, -3.6141104641479957 
12.449999999984323, -3.613542432172885 
12.4599999999843, -3.6129519973132744 
12.469999999984276, -3.6123851180325586 
12.479999999984253, -3.6118583625630656 
12.48999999998423, -3.611336606614217 
12.499999999984206, -3.6107772279250057 
12.509999999984183, -3.6101679394228605 
12.51999999998416, -3.609552749680218 
12.529999999984136, -3.6090167635565074 
12.539999999984113, -3.608550581319848 
12.54999999998409, -3.608063726043013 
12.559999999984067, -3.6075064774611327 
12.569999999984043, -3.6068739968515935 
12.57999999998402, -3.606214151907641 
12.589999999983997, -3.605637188457785 
12.599999999983973, -3.605161989262254 
12.60999999998395, -3.6046830498573996 
12.619999999983927, -3.604143763274686 
12.629999999983903, -3.603551505610477 
12.63999999998388, -3.602947269998785 
12.649999999983857, -3.6023836726736915 
12.659999999983834, -3.6018639573574873 
12.66999999998381, -3.601336774785333 
12.679999999983787, -3.600769602178331 
12.689999999983764, -3.6001770735281555 
12.69999999998374, -3.5996117898196416 
12.709999999983717, -3.599099013698755 
12.719999999983694, -3.5985963158550596 
12.72999999998367, -3.598052625744996 
12.739999999983647, -3.5974453533665693 
12.749999999983624, -3.596799575143641 
12.7599999999836, -3.5962158183006223 
12.769999999983577, -3.5957464370330974 
12.779999999983554, -3.595293938475655 
12.78999999998353, -3.5947776996348053 
12.799999999983507, -3.594185353260413 
12.809999999983484, -3.5935449530640646 
12.81999999998346, -3.592934503221847 
12.829999999983437, -3.59241378734549 
12.839999999983414, -3.591925216780877 
12.84999999998339, -3.591398809885054 
12.859999999983367, -3.5908256210128884 
12.869999999983344, -3.590237454051657 
12.87999999998332, -3.58967853131806 
12.889999999983297, -3.589156594941631 
12.899999999983274, -3.5886321492445967 
12.90999999998325, -3.588067873923012 
12.919999999983228, -3.5874643047914985 
12.929999999983204, -3.58687725651543 
12.939999999983181, -3.586367164917302 
12.949999999983158, -3.585895553730732 
12.959999999983134, -3.58538798421892 
12.969999999983111, -3.5848094622860684 
12.979999999983088, -3.5841634440226358 
12.989999999983064, -3.5835204526915647 
12.999999999983041, -3.5829899201760016 
13.009999999983018, -3.5825390702297986 
13.019999999982995, -3.5820572450916757 
13.029999999982971, -3.5815071712228956 
13.039999999982948, -3.5809044502149527 
13.049999999982925, -3.5802978001365893 
13.059999999982901, -3.579744956522217 
13.069999999982878, -3.5792371246439147 
13.079999999982855, -3.5787147244900597 
13.089999999982831, -3.578150876254193 
13.099999999982808, -3.5775661169241304 
13.109999999982785, -3.5770089849980615 
13.119999999982761, -3.576496020899488 
13.129999999982738, -3.575987921993807 
13.139999999982715, -3.5754396810648386 
13.149999999982692, -3.574833857747057 
13.159999999982668, -3.574205059991911 
13.169999999982645, -3.5736507057378346 
13.179999999982622, -3.573193267093759 
13.189999999982598, -3.5727342904908257 
13.199999999982575, -3.5722079914517773 
13.209999999982552, -3.5716052416427644 
13.219999999982528, -3.570958216301384 
13.229999999982505, -3.570356801688032 
13.239999999982482, -3.56985560167033 
13.249999999982458, -3.569379699552029 
13.259999999982435, -3.5688586518118144 
13.269999999982412, -3.5682873234594803 
13.279999999982389, -3.5676984155355433 
13.289999999982365, -3.567138081423729 
13.299999999982342, -3.5666181911184607 
13.309999999982319, -3.5660992057473435 
13.319999999982295, -3.565542984222701 
13.329999999982272, -3.564950671090066 
13.339999999982249, -3.56437334413299 
13.349999999982225, -3.56386261410625 
13.359999999982202, -3.5633852702421627 
13.369999999982179, -3.562875660140977 
13.379999999982156, -3.5622994577950884 
13.389999999982132, -3.5616589779153167 
13.399999999982109, -3.5610251621838422 
13.409999999982086, -3.5605057874883634 
13.419999999982062, -3.560064743343772 
13.429999999982039, -3.5595907429114844 
13.439999999982016, -3.559045317764679 
13.449999999981992, -3.5584416364787437 
13.459999999981969, -3.5578285742841174 
13.469999999981946, -3.557273016747847 
13.479999999981922, -3.5567730714010346 
13.4899999999819, -3.556263411631542 
13.499999999981876, -3.5557111809028052 
13.509999999981853, -3.5551319730578053 
13.51999999998183, -3.554570600577911 
13.529999999981806, -3.5540515690011225 
13.539999999981783, -3.553545837846129 
13.54999999998176, -3.553008550576115 
13.559999999981736, -3.5524182520501606 
13.569999999981713, -3.5518004233716254 
13.57999999998169, -3.551241570973299 
13.589999999981666, -3.5507769325527128 
13.599999999981643, -3.5503222195034687 
13.60999999998162, -3.549807130919272 
13.619999999981596, -3.5492149713026064 
13.629999999981573, -3.5485689942237983 
13.63999999998155, -3.5479556707832622 
13.649999999981526, -3.547450661755941 
13.659999999981503, -3.5469892374059766 
13.66999999998148, -3.5464866340179575 
13.679999999981456, -3.545927543328272 
13.689999999981433, -3.545338409546678 
13.69999999998141, -3.5447672318569823 
13.709999999981386, -3.5442423061219777 
13.719999999981363, -3.5437333908066053 
13.72999999998134, -3.5431951916607813 
13.739999999981316, -3.5426175124214616 
13.749999999981293, -3.542037192686658 
13.75999999998127, -3.5415102847429933 
13.769999999981247, -3.541028486683404 
13.779999999981223, -3.5405316864277006 
13.7899999999812, -3.539977691853264 
13.799999999981177, -3.5393572098892 
13.809999999981153, -3.53871830201225 
13.81999999998113, -3.5381721241772452 
13.829999999981107, -3.537728773348212 
13.839999999981083, -3.5372767950915103 
13.84999999998106, -3.5367559315933605 
13.859999999981037, -3.536166985489335 
13.869999999981014, -3.5355470335991264 
13.87999999998099, -3.534968537898223 
13.889999999980967, -3.5344636033988075 
13.899999999980944, -3.533972429685506 
13.90999999998092, -3.5334426080620402 
13.919999999980897, -3.532874065611915 
13.929999999980874, -3.532303303766953 
13.93999999998085, -3.5317693530872303 
13.949999999980827, -3.5312653878743263 
13.959999999980804, -3.5307483315081236 
13.96999999998078, -3.530185257531202 
13.979999999980757, -3.5295797149831265 
13.989999999980734, -3.5289949899410287 
13.99999999998071, -3.5285013493145088 
14.009999999980687, -3.528054333542042 
14.019999999980664, -3.527569307545054 
14.02999999998064, -3.527010912336838 
14.039999999980617, -3.526382866290038 
14.049999999980594, -3.5257438269623504 
14.05999999998057, -3.525197855880438 
14.069999999980547, -3.524740122116993 
14.079999999980524, -3.5242692481609503 
14.0899999999805, -3.5237395951496877 
14.099999999980477, -3.5231617426042354 
14.109999999980454, -3.522576207594902 
14.11999999998043, -3.5220304776336655 
14.129999999980408, -3.5215247478595364 
14.139999999980384, -3.521011151219882 
14.149999999980361, -3.520458318825405 
14.159999999980338, -3.5198783141533836 
14.169999999980314, -3.519323170933494 
14.179999999980291, -3.5188248422722763 
14.189999999980268, -3.518344023670238 
14.199999999980244, -3.517826541774729 
14.209999999980221, -3.51724525866206 
14.219999999980198, -3.51661148108525 
14.229999999980175, -3.5160091105115283 
14.239999999980151, -3.5155255030263795 
14.249999999980128, -3.515095973556298 
14.259999999980105, -3.5146205643415884 
14.269999999980081, -3.514071356270499 
14.279999999980058, -3.513463785418827 
14.289999999980035, -3.51285248419038 
14.299999999980011, -3.512309933475079 
14.309999999979988, -3.5118262786119816 
14.319999999979965, -3.511329486025617 
14.329999999979941, -3.5107877405453136 
14.339999999979918, -3.5102168515549366 
14.349999999979895, -3.5096593157573985 
14.359999999979872, -3.5091420149726495 
14.369999999979848, -3.508641967535751 
14.379999999979825, -3.508115715664375 
14.389999999979802, -3.5075407789397595 
14.399999999979778, -3.506938532463953 
14.409999999979755, -3.5063857758656054 
14.419999999979732, -3.505920210153113 
14.429999999979708, -3.505470326221341 
14.439999999979685, -3.50496685819273 
14.449999999979662, -3.504388191955458 
14.459999999979638, -3.5037503425850955 
14.469999999979615, -3.5031332488326306 
14.479999999979592, -3.5026265658473816 
14.489999999979569, -3.5021804278025757 
14.499999999979545, -3.501699831489089 
14.509999999979522, -3.501158921594014 
14.519999999979499, -3.5005773857509204 
14.529999999979475, -3.500000973712693 
14.539999999979452, -3.4994712458244934 
14.549999999979429, -3.4989728165503466 
14.559999999979405, -3.4984561873367483 
14.569999999979382, -3.497899285310512 
14.579999999979359, -3.4973240807625237 
14.589999999979335, -3.496784595165375 
14.599999999979312, -3.496297937416725 
14.609999999979289, -3.4958168032841868 
14.619999999979266, -3.495292030407783 
14.629999999979242, -3.494702655046563 
14.639999999979219, -3.494070545805451 
14.649999999979196, -3.4934905592031775 
14.659999999979172, -3.493028831669214 
14.669999999979149, -3.4926009291001585 
14.679999999979126, -3.4921183851380753 
14.689999999979102, -3.4915626255327745 
14.69999999997908, -3.490953868490979 
14.709999999979056, -3.4903521272083937 
14.719999999979033, -3.4898242954033227 
14.72999999997901, -3.4893468952878317 
14.739999999978986, -3.4888495462383338 
14.749999999978963, -3.4883072311020897 
14.75999999997894, -3.4877396165291485 
14.769999999978916, -3.487189649839837 
14.779999999978893, -3.486679753527029 
14.78999999997887, -3.4861832496004603 
14.799999999978846, -3.4856576341115066 
14.809999999978823, -3.4850831628038925 
14.8199999999788, -3.4844848717881014 
14.829999999978776, -3.4839409563812422 
14.839999999978753, -3.4834829616203953 
14.84999999997873, -3.483036572475114 
14.859999999978706, -3.4825350438133937 
14.869999999978683, -3.4819585727298703 
14.87999999997866, -3.4813244030793298 
14.889999999978636, -3.480712550376804 
14.899999999978613, -3.4802100485117067 
14.90999999997859, -3.479766887712915 
14.919999999978566, -3.479289909404635 
14.929999999978543, -3.4787535793115785 
14.93999999997852, -3.4781771775381776 
14.949999999978496, -3.4776053995747978 
14.959999999978473, -3.477078993311489 
14.96999999997845, -3.4765840182857835 
14.979999999978427, -3.476072054398572 
14.989999999978403, -3.475519938354908 
14.99999999997838, -3.4749475779005956 
15.009999999978357, -3.4744090838014765 
15.019999999978333, -3.4739257936289585 
15.02999999997831, -3.473451895181629 
15.039999999978287, -3.4729364513146903 
15.049999999978263, -3.47235634334415 
15.05999999997824, -3.4717277608209307 
15.069999999978217, -3.471138772293643 
15.079999999978194, -3.4706688051042556 
15.08999999997817, -3.4702469682242296 
15.099999999978147, -3.469777689125025 
15.109999999978124, -3.4692360622061407 
15.1199999999781, -3.4686382811871384 
15.129999999978077, -3.468037173040534 
15.139999999978054, -3.4675013713827356 
15.14999999997803, -3.4670230542532665 
15.159999999978007, -3.4665339128303123 
15.169999999977984, -3.466001430114448 
15.17999999997796, -3.4654392972392394 
15.189999999977937, -3.4648888991402367 
15.199999999977914, -3.464378774482197 
15.20999999997789, -3.463888485511351 
15.219999999977867, -3.463374840042486 
15.229999999977844, -3.462812277491971 
15.23999999997782, -3.462214370381018 
15.249999999977797, -3.461653177612129 
15.259999999977774, -3.461185369581723 
15.26999999997775, -3.460751638207687 
15.279999999977727, -3.460273118595661 
15.289999999977704, -3.459721056916056 
15.29999999997768, -3.459102892663622 
15.309999999977657, -3.458478934801324 
15.319999999977634, -3.4579468007325738 
15.32999999997761, -3.4574981363070343 
15.339999999977588, -3.4570372833957195 
15.349999999977564, -3.4565206372649455 
15.359999999977541, -3.4559578174856753 
15.369999999977518, -3.4553868140777437 
15.379999999977494, -3.4548520485820404 
15.389999999977471, -3.454356302395733 
15.399999999977448, -3.4538561046159293 
15.409999999977424, -3.4533182243338416 
15.419999999977401, -3.452748595385845 
15.429999999977378, -3.4521960889599157 
15.439999999977355, -3.451704206599228 
15.449999999977331, -3.4512427251064643 
15.459999999977308, -3.4507528767970017 
15.469999999977285, -3.4502012885180817 
15.479999999977261, -3.4495866069435186 
15.489999999977238, -3.448967581589291 
15.499999999977215, -3.4484505711380953 
15.509999999977191, -3.448026371119559 
15.519999999977168, -3.4475867161134905 
15.529999999977145, -3.4470797345390496 
15.539999999977121, -3.4465088807012636 
15.549999999977098, -3.4459100253851203 
15.559999999977075, -3.4453484037894753 
15.569999999977052, -3.444854319822297 
15.579999999977028, -3.4443765606532644 
15.589999999977005, -3.443864467476741 
15.599999999976982, -3.4433139514212328 
15.609999999976958, -3.442757821690987 
15.619999999976935, -3.4422371026527285 
15.629999999976912, -3.441750849327838 
15.639999999976888, -3.44125818983726 
15.649999999976865, -3.440722427162963 
15.659999999976842, -3.4401353927483456 
15.669999999976818, -3.4395413535016046 
15.679999999976795, -3.439028369657084 
15.689999999976772, -3.4385978278105176 
15.699999999976749, -3.4381583839075325 
15.709999999976725, -3.437653841979043 
15.719999999976702, -3.437075466962086 
15.729999999976679, -3.4364511731950964 
15.739999999976655, -3.4358637672929055 
15.749999999976632, -3.4353767663376376 
15.759999999976609, -3.4349298581830348 
15.769999999976585, -3.434446262694596 
15.779999999976562, -3.433910488210816 
15.789999999976539, -3.433346060998114 
15.799999999976515, -3.432796255541478 
15.809999999976492, -3.4322883999610463 
15.819999999976469, -3.4317995804185246 
15.829999999976446, -3.431286694579385 
15.839999999976422, -3.4307320240837553 
15.849999999976399, -3.430160512794804 
15.859999999976376, -3.4296341339608105 
15.869999999976352, -3.4291721075115453 
15.879999999976329, -3.428717317201989 
15.889999999976306, -3.428215033897252 
15.899999999976282, -3.42764358248431 
15.90999999997626, -3.4270175256725572 
15.919999999976236, -3.4264194836224298 
15.929999999976213, -3.4259387024743355 
15.93999999997619, -3.4255201424327746 
15.949999999976166, -3.4250645972746847 
15.959999999976143, -3.424542395263032 
15.96999999997612, -3.423968215672647 
15.979999999976096, -3.423386091014225 
15.989999999976073, -3.4228525242846906 
15.99999999997605, -3.4223697983071175 
16.009999999976028, -3.4218833479996578 
16.019999999976005, -3.421358533196024 
16.02999999997598, -3.4208035676115514 
16.039999999975958, -3.420260122818656 
16.049999999975935, -3.419761909037343 
16.05999999997591, -3.4192884871977007 
16.069999999975888, -3.4187933551123812 
16.079999999975865, -3.41824572983048 
16.08999999997584, -3.4176465523823856 
16.099999999975818, -3.4170565911952693 
16.109999999975795, -3.4165662988925924 
16.11999999997577, -3.416150494315314 
16.129999999975748, -3.4157107149560937 
16.139999999975725, -3.415201077659984 
16.1499999999757, -3.414621736983424 
16.15999999997568, -3.4140087005547395 
16.169999999975655, -3.41344198812192 
16.17999999997563, -3.4129631457728813 
16.18999999997561, -3.4125082546949033 
16.199999999975585, -3.4120151676410826 
16.20999999997556, -3.411476455103764 
16.21999999997554, -3.4109199934540095 
16.229999999975515, -3.4103874194569577 
16.239999999975492, -3.409893304784718 
16.24999999997547, -3.4094067466946107 
16.259999999975445, -3.408888526435047 
16.269999999975422, -3.4083260723722453 
16.2799999999754, -3.4077517212041797 
16.289999999975375, -3.4072361259009574 
16.299999999975352, -3.406791828758093 
16.30999999997533, -3.4063490629539563 
16.319999999975305, -3.405851808758684 
16.329999999975282, -3.405282387181606 
16.33999999997526, -3.4046587111373428 
16.349999999975235, -3.404062318790416 
16.359999999975212, -3.403578200075865 
16.36999999997519, -3.403154624591538 
16.379999999975166, -3.402697672398829 
16.389999999975142, -3.402179624082226 
16.39999999997512, -3.4016164636249115 
16.409999999975096, -3.401050026385523 
16.419999999975072, -3.4005267274725397 
16.42999999997505, -3.4000442332018337 
16.439999999975026, -3.399554761627667 
16.449999999975002, -3.399027514921856 
16.45999999997498, -3.3984714895361443 
16.469999999974956, -3.397932462346213 
16.479999999974932, -3.3974467121558227 
16.48999999997491, -3.3969872395225176 
16.499999999974886, -3.3965020819316494 
16.509999999974863, -3.395959554010573 
16.51999999997484, -3.395358109760443 
16.529999999974816, -3.394754225355406 
16.539999999974793, -3.394248980266491 
16.54999999997477, -3.3938351596545298 
16.559999999974746, -3.393408756617899 
16.569999999974723, -3.3929158345641612 
16.5799999999747, -3.3923558829248686 
16.589999999974676, -3.3917601954127603 
16.599999999974653, -3.3911948936590877 
16.60999999997463, -3.390703924749269 
16.619999999974606, -3.390242504903278 
16.629999999974583, -3.3897516689793576 
16.63999999997456, -3.389218811871596 
16.649999999974536, -3.388669032905368 
16.659999999974513, -3.3881441309146383 
16.66999999997449, -3.3876581008244733 
16.679999999974466, -3.3871797232296488 
16.689999999974443, -3.3866689674435535 
16.69999999997442, -3.3861081433026614 
16.709999999974396, -3.385521292166522 
16.719999999974373, -3.3849866226703424 
16.72999999997435, -3.3845445852910485 
16.739999999974327, -3.384124844785346 
16.749999999974303, -3.3836552035237304 
16.75999999997428, -3.3831126899872785 
16.769999999974257, -3.3825077230876213 
16.779999999974233, -3.3818999027273122 
16.78999999997421, -3.381379703287357 
16.799999999974187, -3.3809395116253294 
16.809999999974163, -3.3804905450923037 
16.81999999997414, -3.379989636149678 
16.829999999974117, -3.379444243135957 
16.839999999974093, -3.378889202341761 
16.84999999997407, -3.3783661600140524 
16.859999999974047, -3.3778813819149685 
16.869999999974024, -3.3773967754139256 
16.879999999974, -3.3768770930194427 
16.889999999973977, -3.37632042289124 
16.899999999973954, -3.3757685455042727 
16.90999999997393, -3.3752775175310425 
16.919999999973907, -3.3748349039890186 
16.929999999973884, -3.3743779826134315 
16.93999999997386, -3.373864445502162 
16.949999999973837, -3.373282371475785 
16.959999999973814, -3.372661966667792 
16.96999999997379, -3.3720999055045944 
16.979999999973767, -3.3716544717196357 
16.989999999973744, -3.371243276122833 
16.99999999997372, -3.3707832254271066 
17.009999999973697, -3.370258342234912 
17.019999999973674, -3.3696888278271118 
17.02999999997365, -3.3691220246530498 
17.039999999973627, -3.368608075249876 
17.049999999973604, -3.3681371566908984 
17.05999999997358, -3.3676555400287946 
17.069999999973557, -3.36713504814672 
17.079999999973534, -3.366587901375226 
17.08999999997351, -3.366057108203188 
17.099999999973488, -3.3655728381652374 
17.109999999973464, -3.365110879939652 
17.11999999997344, -3.3646250142193366 
17.129999999973418, -3.3640857996823406 
17.139999999973394, -3.3634939941895574 
17.14999999997337, -3.3629080216255987 
17.159999999973348, -3.362420050921416 
17.169999999973324, -3.362013212141897 
17.1799999999733, -3.3615890853470503 
17.189999999973278, -3.361097835638142 
17.199999999973254, -3.3605375856096926 
17.20999999997323, -3.3599386381031406 
17.219999999973208, -3.3593719153668786 
17.229999999973185, -3.3588881931145878 
17.23999999997316, -3.3584400944488153 
17.249999999973138, -3.3579625809719333 
17.259999999973115, -3.357440102572859 
17.26999999997309, -3.35689461618633 
17.279999999973068, -3.356366652144768 
17.289999999973045, -3.355877604413879 
17.29999999997302, -3.3554039805483264 
17.309999999972998, -3.354905462096781 
17.319999999972975, -3.3543608782088463 
17.32999999997295, -3.3537868104785504 
17.339999999972928, -3.353250517478828 
17.349999999972905, -3.352800029898282 
17.35999999997288, -3.3523820195080156 
17.36999999997286, -3.351924172652109 
17.379999999972835, -3.351396782085999 
17.38999999997281, -3.350802509252415 
17.39999999997279, -3.350190348353236 
17.409999999972765, -3.349656346575555 
17.41999999997274, -3.3492189827477445 
17.42999999997272, -3.348789353731007 
17.439999999972695, -3.3483091879553877 
17.449999999972672, -3.347777077845931 
17.45999999997265, -3.347221758531873 
17.469999999972625, -3.3466878051037816 
17.479999999972602, -3.3461984867082415 
17.48999999997258, -3.34572542492104 
17.499999999972555, -3.3452265319703898 
17.509999999972532, -3.344688216594715 
17.51999999997251, -3.3441367251204417 
17.529999999972485, -3.3436275063622114 
17.539999999972462, -3.343175579529679 
17.54999999997244, -3.342730923107772 
17.559999999972415, -3.342243422520373 
17.569999999972392, -3.3416908189797367 
17.57999999997237, -3.341083518878006 
17.589999999972346, -3.3404949033986284 
17.599999999972322, -3.3400176388633964 
17.6099999999723, -3.339615132435445 
17.619999999972276, -3.339186794028997 
17.629999999972252, -3.338693084682982 
17.63999999997223, -3.338141424105474 
17.649999999972206, -3.337567366852768 
17.659999999972182, -3.3370286877345157 
17.66999999997216, -3.3365502709598203 
17.679999999972136, -3.3360878176445907 
17.689999999972112, -3.3355946118599475 
17.69999999997209, -3.335063784599692 
17.709999999972066, -3.334524415236074 
17.719999999972043, -3.3340194102253564 
17.72999999997202, -3.333554233878318 
17.739999999971996, -3.33309010904854 
17.749999999971973, -3.3325872846872686 
17.75999999997195, -3.332028556071838 
17.769999999971926, -3.3314361229073284 
17.779999999971903, -3.330893014831697 
17.78999999997188, -3.3304564767019413 
17.799999999971856, -3.3300575800593273 
17.809999999971833, -3.3296131074301925 
17.81999999997181, -3.3290973664904677 
17.829999999971786, -3.3285198969267094 
17.839999999971763, -3.327926613319935 
17.84999999997174, -3.327394627119155 
17.859999999971716, -3.3269400136301734 
17.869999999971693, -3.3264939368440865 
17.87999999997167, -3.3260071865393903 
17.889999999971646, -3.3254790937567904 
17.899999999971623, -3.324939606995288 
17.9099999999716, -3.3244277496039194 
17.919999999971576, -3.323952150049781 
17.929999999971553, -3.3234805397722282 
17.93999999997153, -3.322975985888763 
17.949999999971507, -3.322426023531834 
17.959999999971483, -3.3218601433107553 
17.96999999997146, -3.3213503247070557 
17.979999999971437, -3.320920372253429 
17.989999999971413, -3.3205030599854553 
17.99999999997139, -3.320036277538629 
18.009999999971367, -3.3194988015090425 
18.019999999971343, -3.3189001649048206 
18.02999999997132, -3.318300847664583 
18.039999999971297, -3.3177931306368533 
18.049999999971273, -3.3173697178794272 
18.05999999997125, -3.3169394591435983 
18.069999999971227, -3.3164559795593407 
18.079999999971204, -3.315923790775694 
18.08999999997118, -3.3153744079060012 
18.099999999971157, -3.3148515365859397 
18.109999999971134, -3.314371943271233 
18.11999999997111, -3.3139031578329594 
18.129999999971087, -3.3134056359986417 
18.139999999971064, -3.312869445959999 
18.14999999997104, -3.3123240368694944 
18.159999999971017, -3.3118246935072504 
18.169999999970994, -3.3113814965787802 
18.17999999997097, -3.3109424456164276 
18.189999999970947, -3.3104589388927694 
18.199999999970924, -3.3099101380250024 
18.2099999999709, -3.30930724357676 
18.219999999970877, -3.3087230058518715 
18.229999999970854, -3.308248866717965 
18.23999999997083, -3.3078504424479696 
18.249999999970807, -3.3074285533339562 
18.259999999970784, -3.306942879610299 
18.26999999997076, -3.3064000017328055 
18.279999999970737, -3.3058335514669146 
18.289999999970714, -3.305298457958114 
18.29999999997069, -3.3048216935993175 
18.309999999970668, -3.3043639286841917 
18.319999999970644, -3.3038781811232583 
18.32999999997062, -3.303354446481871 
18.339999999970598, -3.302818802320794 
18.349999999970574, -3.302315330882235 
18.35999999997055, -3.3018549297247084 
18.369999999970528, -3.301400773464241 
18.379999999970504, -3.3009111734879824 
18.38999999997048, -3.3003652743777017 
18.399999999970458, -3.2997763480506146 
18.409999999970434, -3.2992183319029325 
18.41999999997041, -3.2987673974997174 
18.429999999970388, -3.2983760116019227 
18.439999999970365, -3.2979521193885306 
18.44999999997034, -3.297459593880079 
18.459999999970318, -3.2969025211341694 
18.469999999970295, -3.296315999567914 
18.47999999997027, -3.2957701480540313 
18.489999999970248, -3.295303013625155 
18.499999999970225, -3.29486293422246 
18.5099999999702, -3.294391725496317 
18.519999999970178, -3.2938776682182658 
18.529999999970155, -3.293343579001678 
18.53999999997013, -3.2928290878604103 
18.549999999970108, -3.2923532130339126 
18.559999999970085, -3.291891797329831 
18.56999999997006, -3.291405538652925 
18.57999999997004, -3.2908726190119886 
18.589999999970015, -3.2903055141282787 
18.59999999996999, -3.2897681317091214 
18.60999999996997, -3.2893198035652444 
18.619999999969945, -3.288918207700027 
18.62999999996992, -3.288485477410254 
18.6399999999699, -3.287985966323151 
18.649999999969875, -3.2874178491588366 
18.659999999969852, -3.286815683131757 
18.66999999996983, -3.28626401794768 
18.679999999969805, -3.2858117277462306 
18.689999999969782, -3.2853935132393053 
18.69999999996976, -3.2849384643847643 
18.709999999969735, -3.2844319944473304 
18.719999999969712, -3.2838942710360315 
18.72999999996969, -3.283364680168286 
18.739999999969665, -3.282874436951174 
18.749999999969642, -3.282411334161843 
18.75999999996962, -3.2819347159232577 
18.769999999969595, -3.281418918678766 
18.779999999969572, -3.280872112202002 
18.78999999996955, -3.280343992428422 
18.799999999969526, -3.2798831437074036 
18.809999999969502, -3.279463011852947 
18.81999999996948, -3.279020897304904 
18.829999999969456, -3.278519767129198 
18.839999999969432, -3.2779510888598073 
18.84999999996941, -3.2773456170113144 
18.859999999969386, -3.276794671752186 
18.869999999969362, -3.276356650165174 
18.87999999996934, -3.275959135352862 
18.889999999969316, -3.275520115796167 
18.899999999969292, -3.275020240406417 
18.90999999996927, -3.274476154869622 
18.919999999969246, -3.273927959857153 
18.929999999969223, -3.2734217832694044 
18.9399999999692, -3.27295976429588 
18.949999999969176, -3.272497044415161 
18.959999999969153, -3.2719997743259377 
18.96999999996913, -3.271469543040779 
18.979999999969106, -3.2709430514779547 
18.989999999969083, -3.2704636355204273 
18.99999999996906, -3.270023630831955 
19.009999999969036, -3.269575223041849 
19.019999999969013, -3.269080015277538 
19.02999999996899, -3.2685235311228773 
19.039999999968966, -3.2679290616124193 
19.049999999968943, -3.2673822661392093 
19.05999999996892, -3.266948877245457 
19.069999999968896, -3.2665634160176653 
19.079999999968873, -3.266137713400673 
19.08999999996885, -3.2656446748230885 
19.099999999968826, -3.265094594714198 
19.109999999968803, -3.2645258107443 
19.11999999996878, -3.263999737863327 
19.129999999968756, -3.2635386314542094 
19.139999999968733, -3.2630932638433037 
19.14999999996871, -3.2626163179056404 
19.159999999968687, -3.262100997842989 
19.169999999968663, -3.261573602500866 
19.17999999996864, -3.2610746289970862 
19.189999999968617, -3.26061506582136 
19.199999999968593, -3.2601629800950116 
19.20999999996857, -3.2596792311743266 
19.219999999968547, -3.259143627877234 
19.229999999968523, -3.2585694340715725 
19.2399999999685, -3.2580258596405236 
19.249999999968477, -3.2575820906939335 
19.259999999968453, -3.257194682611739 
19.26999999996843, -3.2567773622840255 
19.279999999968407, -3.25629289060227 
19.289999999968384, -3.2557416954373415 
19.29999999996836, -3.2551551290404985 
19.309999999968337, -3.2546051007175145 
19.319999999968314, -3.2541410234672137 
19.32999999996829, -3.2537152066728083 
19.339999999968267, -3.253261843613243 
19.349999999968244, -3.2527627949255646 
19.35999999996822, -3.25223568737358 
19.369999999968197, -3.2517179988723632 
19.379999999968174, -3.25123749493467 
19.38999999996815, -3.250781318331929 
19.399999999968127, -3.250311106581983 
19.409999999968104, -3.249799589313986 
19.41999999996808, -3.249249043562757 
19.429999999968057, -3.2487076257614276 
19.439999999968034, -3.248241739075155 
19.44999999996801, -3.2478383775277218 
19.459999999967987, -3.2474235413565173 
19.469999999967964, -3.2469504057110434 
19.47999999996794, -3.2464074463855233 
19.489999999967917, -3.2458136420637302 
19.499999999967894, -3.2452398683825208 
19.50999999996787, -3.2447645392656588 
19.519999999967848, -3.244356304662335 
19.529999999967824, -3.2439300717722617 
19.5399999999678, -3.2434512296245273 
19.549999999967778, -3.2429285407013557 
19.559999999967754, -3.242394510024314 
19.56999999996773, -3.241889497062366 
19.579999999967708, -3.24142451901988 
19.589999999967684, -3.2409668365504123 
19.59999999996766, -3.2404797204343403 
19.609999999967638, -3.2399536607819903 
19.619999999967614, -3.2394167231571105 
19.62999999996759, -3.238925585954712 
19.639999999967568, -3.2384961421905025 
19.649999999967545, -3.2380773551928876 
19.65999999996752, -3.237617420898445 
19.669999999967498, -3.2370930768461847 
19.679999999967475, -3.236508599097295 
19.68999999996745, -3.23591966259959 
19.699999999967428, -3.2354223692102715 
19.709999999967405, -3.235021164222374 
19.71999999996738, -3.2346222722449602 
19.729999999967358, -3.2341686328109596 
19.739999999967335, -3.233657156608911 
19.74999999996731, -3.2331123070418832 
19.759999999967288, -3.2325793339053277 
19.769999999967265, -3.232095942947391 
19.77999999996724, -3.231646110190325 
19.78999999996722, -3.23118308135746 
19.799999999967195, -3.230682686112798 
19.80999999996717, -3.2301557899704703 
19.81999999996715, -3.229644547377672 
19.829999999967125, -3.2291838772113786 
19.8399999999671, -3.2287534314454005 
19.84999999996708, -3.228305169462859 
19.859999999967055, -3.2278059031771784 
19.869999999967032, -3.227246334534896 
19.87999999996701, -3.2266585525528457 
19.889999999966985, -3.226132986981645 
19.899999999966962, -3.225718478124395 
19.90999999996694, -3.2253385794532954 
19.919999999966915, -3.224913119690804 
19.929999999966892, -3.224421315153749 
19.93999999996687, -3.2238759426491983 
19.949999999966845, -3.2233166789301486 
19.959999999966822, -3.2228021979689623 
19.9699999999668, -3.222349207317771 
19.979999999966775, -3.221908792782422 
19.989999999966752, -3.221436717136343 
19.99999999996673, -3.220927240716462 
20.009999999966706, -3.2204066411232555 
20.019999999966682, -3.2199152494704935 
20.02999999996666, -3.2194639520073713 
20.039999999966636, -3.2190208494884316 
20.049999999966612, -3.2185467711287905 
20.05999999996659, -3.2180205353143414 
20.069999999966566, -3.2174515373162174 
20.079999999966542, -3.2169036455666555 
20.08999999996652, -3.2164539189543233 
20.099999999966496, -3.2160731660511233 
20.109999999966472, -3.215672451490905 
20.11999999996645, -3.2152077094901346 
20.129999999966426, -3.2146761039145226 
20.139999999966403, -3.2141024863534846 
20.14999999996638, -3.2135488494343667 
20.159999999966356, -3.21307325346579 
20.169999999966333, -3.2126483893943467 
20.17999999996631, -3.2122079255089373 
20.189999999966286, -3.2117243048770434 
20.199999999966263, -3.2112081190985506 
20.20999999996624, -3.2106934938629954 
20.219999999966216, -3.210213047462316 
20.229999999966193, -3.2097630478885955 
20.23999999996617, -3.209308049715582 
20.249999999966146, -3.208815806369823 
20.259999999966123, -3.208277696356366 
20.2699999999661, -3.207725394221936 
20.279999999966076, -3.2072321372775967 
20.289999999966053, -3.2068240460305 
20.29999999996603, -3.2064345054557712 
20.309999999966006, -3.2059988756266913 
20.319999999965983, -3.205494873556611 
20.32999999996596, -3.204928499549671 
20.339999999965936, -3.2043440389397517 
20.349999999965913, -3.2038243045799484 
20.35999999996589, -3.2033950553936164 
20.369999999965867, -3.2029854603717447 
20.379999999965843, -3.202536444063484 
20.38999999996582, -3.202039561094087 
20.399999999965797, -3.2015165221118282 
20.409999999965773, -3.201005298894663 
20.41999999996575, -3.2005323877037974 
20.429999999965727, -3.2000834925148096 
20.439999999965703, -3.1996202251710555 
20.44999999996568, -3.1991176730392175 
20.459999999965657, -3.198581257883674 
20.469999999965633, -3.1980577727241837 
20.47999999996561, -3.197603199376728 
20.489999999965587, -3.19720153229795 
20.499999999965564, -3.196787462622941 
20.50999999996554, -3.1963182524708595 
20.519999999965517, -3.1957812566262542 
20.529999999965494, -3.1951936194248334 
20.53999999996547, -3.1946257506908937 
20.549999999965447, -3.1941589959451635 
20.559999999965424, -3.1937650544202216 
20.5699999999654, -3.1933559399758487 
20.579999999965377, -3.1928927507900715 
20.589999999965354, -3.192381007204977 
20.59999999996533, -3.1918499683980137 
20.609999999965307, -3.1913417856609825 
20.619999999965284, -3.190877765432002 
20.62999999996526, -3.1904318212325804 
20.639999999965237, -3.1899637545532324 
20.649999999965214, -3.189457275648878 
20.65999999996519, -3.1889300242934873 
20.669999999965167, -3.1884316730917908 
20.679999999965144, -3.1879935037525 
20.68999999996512, -3.187581819072949 
20.699999999965097, -3.187143440083944 
20.709999999965074, -3.1866477686703663 
20.71999999996505, -3.1860887254606345 
20.729999999965028, -3.1855003133417332 
20.739999999965004, -3.184972778971524 
20.74999999996498, -3.184556330142683 
20.759999999964958, -3.1841781284395525 
20.769999999964934, -3.183758946646088 
20.77999999996491, -3.183278522289607 
20.789999999964888, -3.1827505690745435 
20.799999999964864, -3.182211399440457 
20.80999999996484, -3.181708996994205 
20.819999999964818, -3.181256771530557 
20.829999999964794, -3.1808153094398177 
20.83999999996477, -3.1803450674365186 
20.849999999964748, -3.179838490730007 
20.859999999964725, -3.179321119545728 
20.8699999999647, -3.1788377672196084 
20.879999999964678, -3.1784020333369343 
20.889999999964655, -3.177977458083906 
20.89999999996463, -3.1775206625057675 
20.909999999964608, -3.1770076598610215 
20.919999999964585, -3.1764401932089084 
20.92999999996456, -3.175870173666368 
20.939999999964538, -3.175389449962686 
20.949999999964515, -3.175005053538558 
20.95999999996449, -3.1746261286748334 
20.969999999964468, -3.174191677652507 
20.979999999964445, -3.173692929051284 
20.98999999996442, -3.1731484186776298 
20.9999999999644, -3.1726030538664256 
21.009999999964375, -3.1721108344506748 
21.01999999996435, -3.1716727062532164 
21.02999999996433, -3.1712365765098536 
21.039999999964305, -3.1707658649865254 
21.04999999996428, -3.170260465873132 
21.05999999996426, -3.1697497604055553 
21.069999999964235, -3.1692725043389793 
21.079999999964212, -3.1688337751115876 
21.08999999996419, -3.1683991165551832 
21.099999999964165, -3.167930899684685 
21.109999999964142, -3.167409750085418 
21.11999999996412, -3.1668460535849685 
21.129999999964095, -3.166303605884231 
21.139999999964072, -3.1658596251786433 
21.14999999996405, -3.165487532712988 
21.159999999964025, -3.165098847349058 
21.169999999964002, -3.1646481338826495 
21.17999999996398, -3.164131827634172 
21.189999999963955, -3.163572134780579 
21.199999999963932, -3.1630242511245603 
21.20999999996391, -3.162546265525056 
21.219999999963886, -3.1621232252612357 
21.229999999963862, -3.1616928694059685 
21.23999999996384, -3.161222689451478 
21.249999999963816, -3.160718071517848 
21.259999999963792, -3.160209855678898 
21.26999999996377, -3.159733075485509 
21.279999999963746, -3.1592905496190045 
21.289999999963722, -3.1588500492144935 
21.2999999999637, -3.1583767993313834 
21.309999999963676, -3.157855110934354 
21.319999999963652, -3.157302404052776 
21.32999999996363, -3.1567855591024125 
21.339999999963606, -3.1563622252948673 
21.349999999963583, -3.1559891668098663 
21.35999999996356, -3.155588095906821 
21.369999999963536, -3.1551230849776366 
21.379999999963513, -3.154591952688 
21.38999999996349, -3.154020307007634 
21.399999999963466, -3.153473953072652 
21.409999999963443, -3.1530123436013655 
21.41999999996342, -3.152604198031501 
21.429999999963396, -3.152180003499791 
21.439999999963373, -3.1517110437781684 
21.44999999996335, -3.151206201847131 
21.459999999963326, -3.1506968395013346 
21.469999999963303, -3.1502173247178398 
21.47999999996328, -3.1497718316448324 
21.489999999963256, -3.149329488384089 
21.499999999963233, -3.148856379288476 
21.50999999996321, -3.1483393102358552 
21.519999999963186, -3.147799417284306 
21.529999999963163, -3.147300147042318 
21.53999999996314, -3.1468836914718112 
21.549999999963116, -3.1465034269988696 
21.559999999963093, -3.1460913669286135 
21.56999999996307, -3.145616047042796 
21.579999999963047, -3.145074660633823 
21.589999999963023, -3.1444955353654347 
21.599999999963, -3.143953468237195 
21.609999999962977, -3.143507714859876 
21.619999999962953, -3.1431134601131556 
21.62999999996293, -3.142696038539075 
21.639999999962907, -3.1422291160940388 
21.649999999962883, -3.1417232534921165 
21.65999999996286, -3.1412100118929343 
21.669999999962837, -3.140725615627983 
21.679999999962813, -3.140277998708864 
21.68999999996279, -3.1398370280012484 
21.699999999962767, -3.1393679733522406 
21.709999999962744, -3.138858451868878 
21.71999999996272, -3.138329869919667 
21.729999999962697, -3.137839406528986 
21.739999999962674, -3.137420816013256 
21.74999999996265, -3.1370316741536777 
21.759999999962627, -3.1366119985318752 
21.769999999962604, -3.1361315493102246 
21.77999999996258, -3.1355857481342566 
21.789999999962557, -3.135003860604453 
21.799999999962534, -3.134466414015529 
21.80999999996251, -3.1340332641290196 
21.819999999962487, -3.133651341698858 
21.829999999962464, -3.133241685823458 
21.83999999996244, -3.1327781298140076 
21.849999999962417, -3.13227120175037 
21.859999999962394, -3.1317522348794777 
21.86999999996237, -3.1312609123283837 
21.879999999962347, -3.130811190854112 
21.889999999962324, -3.1303738757625914 
21.8999999999623, -3.129911805920528 
21.909999999962277, -3.12941143494563 
21.919999999962254, -3.1288917760953496 
21.92999999996223, -3.1284032731006763 
21.939999999962208, -3.1279773077128503 
21.949999999962184, -3.127579638091423 
21.95999999996216, -3.1271562330966645 
21.969999999962138, -3.1266761669530783 
21.979999999962114, -3.1261322064563535 
21.98999999996209, -3.1255517695063206 
21.999999999962068, -3.1250167788817174 
22.009999999962044, -3.124590558577384 
22.01999999996202, -3.124218822654067 
22.029999999961998, -3.123818301671764 
22.039999999961974, -3.1233602140920156 
22.04999999996195, -3.1228533107680603 
22.059999999961928, -3.122327748089365 
22.069999999961905, -3.121827117629949 
22.07999999996188, -3.1213739510578806 
22.089999999961858, -3.120941515136477 
22.099999999961835, -3.120488729299249 
22.10999999996181, -3.1199987450675275 
22.119999999961788, -3.1194863562897037 
22.129999999961765, -3.1189954870728798 
22.13999999996174, -3.1185590096476115 
22.149999999961718, -3.1181533713194676 
22.159999999961695, -3.117729607950774 
22.16999999996167, -3.1172549743338385 
22.179999999961648, -3.116718751352644 
22.189999999961625, -3.1161434021272902 
22.1999999999616, -3.115607229619237 
22.20999999996158, -3.115180323560671 
22.219999999961555, -3.1148156592099974 
22.22999999996153, -3.1144257887217566 
22.23999999996151, -3.11397612473949 
22.249999999961485, -3.1134717465082296 
22.25999999996146, -3.112940064422791 
22.26999999996144, -3.11242753381712 
22.279999999961415, -3.11196780297129 
22.289999999961392, -3.111540070803284 
22.29999999996137, -3.111098432774469 
22.309999999961345, -3.1106203559194303 
22.319999999961322, -3.1101150650814997 
22.3299999999613, -3.1096198969774287 
22.339999999961275, -3.1091707367473163 
22.349999999961252, -3.1087567858245255 
22.35999999996123, -3.108334782879334 
22.369999999961205, -3.1078695670985974 
22.379999999961182, -3.107346139256607 
22.38999999996116, -3.106779431148541 
22.399999999961135, -3.1062387575015693 
22.409999999961112, -3.1058023099353362 
22.41999999996109, -3.10543992657627 
22.429999999961066, -3.1050618237019476 
22.439999999961042, -3.1046242227161622 
22.44999999996102, -3.1041263815343525 
22.459999999960996, -3.1035909887701925 
22.469999999960972, -3.1030645546848463 
22.47999999996095, -3.102593189807769 
22.489999999960926, -3.1021678800256707 
22.499999999960902, -3.1017386594936576 
22.50999999996088, -3.1012745568331477 
22.519999999960856, -3.100777868293057 
22.529999999960832, -3.100278765479019 
22.53999999996081, -3.0998154301130287 
22.549999999960786, -3.0993913730244937 
22.559999999960763, -3.0989714192342115 
22.56999999996074, -3.098518138367595 
22.579999999960716, -3.098011493041491 
22.589999999960693, -3.097457422792904 
22.59999999996067, -3.096911256779509 
22.609999999960646, -3.096456436256493 
22.619999999960623, -3.096089019251436 
22.6299999999606, -3.0957224373730967 
22.639999999960576, -3.0953007289050363 
22.649999999960553, -3.0948147413867146 
22.65999999996053, -3.0942804769499914 
22.669999999960506, -3.093740219020062 
22.679999999960483, -3.0932507747322484 
22.68999999996046, -3.092822447014072 
22.699999999960436, -3.092405585700471 
22.709999999960413, -3.0919579406315507 
22.71999999996039, -3.0914729092880076 
22.729999999960366, -3.090972583579451 
22.739999999960343, -3.0904948003324524 
22.74999999996032, -3.0900574624664308 
22.759999999960296, -3.0896375071825473 
22.769999999960273, -3.0891968476124374 
22.77999999996025, -3.088709739424817 
22.789999999960227, -3.088172789167209 
22.799999999960203, -3.0876239636335123 
22.80999999996018, -3.0871442048871485 
22.819999999960157, -3.0867614597483306 
22.829999999960133, -3.0864033246854796 
22.83999999996011, -3.0860006226453414 
22.849999999960087, -3.0855324973585736 
22.859999999960063, -3.085006592992033 
22.86999999996004, -3.084456441282582 
22.879999999960017, -3.0839431660890533 
22.889999999959993, -3.0835023466965943 
22.89999999995997, -3.083094882023763 
22.909999999959947, -3.082665963819756 
22.919999999959924, -3.0821968202221965 
22.9299999999599, -3.0817002912099887 
22.939999999959877, -3.0812101218077 
22.949999999959854, -3.0807559048136293 
22.95999999995983, -3.0803312249291213 
22.969999999959807, -3.0799014973912175 
22.979999999959784, -3.0794351773463378 
22.98999999995976, -3.0789197221048292 
22.999999999959737, -3.078375055526544 
23.009999999959714, -3.077869159463787 
23.01999999995969, -3.077458846559371 
23.029999999959667, -3.077101426571332 
23.039999999959644, -3.076718667587139 
23.04999999995962, -3.076274095900515 
23.059999999959597, -3.075765291667641 
23.069999999959574, -3.0752139911069003 
23.07999999995955, -3.074675638383295 
23.089999999959527, -3.0742096357734097 
23.099999999959504, -3.073803236488207 
23.10999999995948, -3.073393593654038 
23.119999999959457, -3.0729450719416596 
23.129999999959434, -3.0724592423001225 
23.13999999995941, -3.0719621520455833 
23.149999999959388, -3.0714891173801453 
23.159999999959364, -3.071052709346957 
23.16999999995934, -3.0706290246190897 
23.179999999959318, -3.070182672576889 
23.189999999959294, -3.0696920121337032 
23.19999999995927, -3.0691607037564266 
23.209999999959248, -3.0686353726996995 
23.219999999959224, -3.0681871981263846 
23.2299999999592, -3.067816779681548 
23.239999999959178, -3.0674504797456215 
23.249999999959154, -3.067033444253726 
23.25999999995913, -3.0665504051492527 
23.269999999959108, -3.0660105000899276 
23.279999999959085, -3.0654542764718196 
23.28999999995906, -3.064951922679879 
23.299999999959038, -3.0645307298057984 
23.309999999959015, -3.064136140190563 
23.31999999995899, -3.0637122143264013 
23.329999999958968, -3.0632449652876503 
23.339999999958945, -3.062749974789074 
23.34999999995892, -3.0622606025130708 
23.359999999958898, -3.061805284372057 
23.369999999958875, -3.0613789034614944 
23.37999999995885, -3.0609485192420514 
23.389999999958828, -3.0604838376895045 
23.399999999958805, -3.0599746835274875 
23.40999999995878, -3.05944402492696 
23.41999999995876, -3.0589562586430956 
23.429999999958735, -3.0585547292472084 
23.43999999995871, -3.0581940090903155 
23.44999999995869, -3.0578047415910095 
23.459999999958665, -3.0573542817550967 
23.46999999995864, -3.0568391296494486 
23.47999999995862, -3.0562812403492865 
23.489999999958595, -3.055741641810953 
23.499999999958572, -3.0552844222264044 
23.50999999995855, -3.0548911424589305 
23.519999999958525, -3.0544922759500355 
23.529999999958502, -3.05405111836686 
23.53999999995848, -3.0535695566754777 
23.549999999958455, -3.0530725514498664 
23.559999999958432, -3.052595237772075 
23.56999999995841, -3.0521546493328855 
23.579999999958385, -3.0517314568637257 
23.589999999958362, -3.0512905559775163 
23.59999999995834, -3.050809352392278 
23.609999999958315, -3.0502902822520075 
23.619999999958292, -3.0497748878434856 
23.62999999995827, -3.0493274817594163 
23.639999999958246, -3.048952115045573 
23.649999999958222, -3.0485837605245587 
23.6599999999582, -3.0481690098660854 
23.669999999958176, -3.047689436796955 
23.679999999958152, -3.0471502198418317 
23.68999999995813, -3.0465892392308853 
23.699999999958106, -3.0460810091638053 
23.709999999958082, -3.0456627718759592 
23.71999999995806, -3.045280199369024 
23.729999999958036, -3.044869929946061 
23.739999999958012, -3.0444132430451587 
23.74999999995799, -3.043922549609154 
23.759999999957966, -3.043428803428095 
23.769999999957943, -3.0429645850634204 
23.77999999995792, -3.042534477180508 
23.789999999957896, -3.042109743341414 
23.799999999957873, -3.041657558786514 
23.80999999995785, -3.041163692695048 
23.819999999957826, -3.0406434904177955 
23.829999999957803, -3.0401512903987244 
23.83999999995778, -3.0397362347703005 
23.849999999957756, -3.0393704332445375 
23.859999999957733, -3.03898795296096 
23.86999999995771, -3.03855001684158 
23.879999999957686, -3.0380468283360216 
23.889999999957663, -3.037492502828955 
23.89999999995764, -3.0369412744533624 
23.909999999957616, -3.0364683999253925 
23.919999999957593, -3.0360763615265087 
23.92999999995757, -3.0356935826939795 
23.939999999957546, -3.0352706861375163 
23.949999999957523, -3.034801879440812 
23.9599999999575, -3.0343066361092434 
23.969999999957476, -3.033819192338356 
23.979999999957453, -3.0333669534537817 
23.98999999995743, -3.0329432930252556 
23.999999999957407, -3.032514587209929 
24.009999999957383, -3.0320523435093207 
24.01999999995736, -3.031550346742721 
24.029999999957337, -3.031035590414025 
24.039999999957313, -3.0305673469087284 
24.04999999995729, -3.0301738285475546 
24.059999999957267, -3.0298082414612684 
24.069999999957243, -3.0294111507424697 
24.07999999995722, -3.028954099598697 
24.089999999957197, -3.0284332037028436 
24.099999999957173, -3.027872136886137 
24.10999999995715, -3.0273381430240165 
24.119999999957127, -3.0268961683911044 
24.129999999957104, -3.0265186071265835 
24.13999999995708, -3.026130871035564 
24.149999999957057, -3.0256970265040186 
24.159999999957034, -3.0252197663437066 
24.16999999995701, -3.0247233757876435 
24.179999999956987, -3.0242433047796484 
24.189999999956964, -3.023800844174159 
24.19999999995694, -3.023380627184238 
24.209999999956917, -3.022947415091543 
24.219999999956894, -3.022477364774279 
24.22999999995687, -3.021971279855737 
24.239999999956847, -3.0214651814943445 
24.249999999956824, -3.021017123445666 
24.2599999999568, -3.0206363282122632 
24.269999999956777, -3.020267300603508 
24.279999999956754, -3.019857948733406 
24.28999999995673, -3.019386476235133 
24.299999999956707, -3.018853607551795 
24.309999999956684, -3.0182919792790406 
24.31999999995666, -3.0177766184981762 
24.329999999956637, -3.017357470194413 
24.339999999956614, -3.0169866465180495 
24.34999999995659, -3.0165932057295177 
24.359999999956568, -3.0161512479689536 
24.369999999956544, -3.015668828692765 
24.37999999995652, -3.0151733999355512 
24.389999999956498, -3.014700295894724 
24.399999999956474, -3.014265144479668 
24.40999999995645, -3.0138466212466968 
24.419999999956428, -3.01340966249474 
24.429999999956404, -3.0129343766604135 
24.43999999995638, -3.0124270621141576 
24.449999999956358, -3.01192970921164 
24.459999999956334, -3.011496416005761 
24.46999999995631, -3.01112271458626 
24.479999999956288, -3.010750065164792 
24.489999999956265, -3.010332067917872 
24.49999999995624, -3.0098510308768534 
24.509999999956218, -3.0093112374298556 
24.519999999956195, -3.0087522494750525 
24.52999999995617, -3.0082522997719217 
24.539999999956148, -3.0078478183289317 
24.549999999956125, -3.0074797327722353 
24.5599999999561, -3.007081990424778 
24.569999999956078, -3.0066350774885757 
24.579999999956055, -3.006150221979631 
24.58999999995603, -3.005656734562563 
24.599999999956008, -3.005189246473438 
24.609999999955985, -3.0047591444565405 
24.61999999995596, -3.0043416469901163 
24.62999999995594, -3.0039024610846443 
24.639999999955915, -3.003424424876764 
24.64999999995589, -3.0029174237294316 
24.65999999995587, -3.0024267282227872 
24.669999999955845, -3.0020027795018627 
24.67999999995582, -3.0016331411601005 
24.6899999999558, -3.0012585685272173 
24.699999999955775, -3.0008361008506013 
24.709999999955752, -3.0003503167888885 
24.71999999995573, -2.9998077468691764 
24.729999999955705, -2.999251913836277 
24.739999999955682, -2.998761570355179 
24.74999999995566, -2.9983648248656767 
24.759999999955635, -2.9979979564735157 
24.769999999955612, -2.997598321440117 
24.77999999995559, -2.997149601042513 
24.789999999955565, -2.996664507051297 
24.799999999955542, -2.9961731283647017 
24.80999999995552, -2.995709407073493 
24.819999999955495, -2.9952824451614912 
24.829999999955472, -2.994866042192909 
24.83999999995545, -2.9944265357395268 
24.849999999955426, -2.993948031344715 
24.859999999955402, -2.993441885283988 
24.86999999995538, -2.9929545517208647 
24.879999999955356, -2.992534956228549 
24.889999999955332, -2.9921678959878255 
24.89999999995531, -2.991794002974058 
24.909999999955286, -2.9913714782765104 
24.919999999955262, -2.9908856777133326 
24.92999999995524, -2.9903437869497194 
24.939999999955216, -2.989789983238365 
24.949999999955192, -2.989302420483482 
24.95999999995517, -2.988907525872688 
24.969999999955146, -2.988541553690639 
24.979999999955123, -2.988142796245038 
24.9899999999551, -2.987695320062362 
24.999999999955076, -2.9872118506198126 
