t, s[1].omega / s[0].omega 
0, -1.639997121975881 
0.009999999999999995, -1.6396951682192118 
0.019999999999999934, -1.6393671338021991 
0.029999999999999874, -1.6390190091176386 
0.04000000000000012, -1.638661064137673 
0.050000000000000405, -1.638306993139048 
0.06000000000000069, -1.6379708262624253 
0.07000000000000098, -1.6376619523082117 
0.08000000000000126, -1.637381029969274 
0.09000000000000155, -1.6371200255558442 
0.10000000000000184, -1.6368663869377233 
0.11000000000000212, -1.6366079549386305 
0.12000000000000241, -1.6363356725537 
0.130000000000002, -1.636043985574942 
0.1400000000000009, -1.635730508353823 
0.1499999999999998, -1.6353963798624864 
0.1599999999999987, -1.6350477561221393 
0.1699999999999976, -1.6346974614050134 
0.1799999999999965, -1.6343641611910862 
0.1899999999999954, -1.6340663991978785 
0.1999999999999943, -1.6338130886283402 
0.2099999999999932, -1.633597719220571 
0.2199999999999921, -1.6334018873131808 
0.229999999999991, -1.6332047697833016 
0.2399999999999899, -1.6329907541666597 
0.2499999999999888, -1.6327517411131343 
0.2599999999999877, -1.632485853414598 
0.2699999999999866, -1.6321954166553923 
0.2799999999999855, -1.6318857296259321 
0.2899999999999844, -1.6315646885860815 
0.2999999999999833, -1.631242432227682 
0.3099999999999822, -1.6309298938981514 
0.3199999999999811, -1.6306358317474612 
0.32999999999998, -1.6303635107584686 
0.3399999999999789, -1.6301092578023666 
0.3499999999999778, -1.6298640042102732 
0.35999999999997667, -1.6296166076513807 
0.36999999999997557, -1.6293567892524692 
0.37999999999997447, -1.6290765998009058 
0.38999999999997337, -1.6287708281973328 
0.39999999999997227, -1.6284373709736388 
0.40999999999997117, -1.6280782941329686 
0.41999999999997006, -1.6277014976082609 
0.42999999999996896, -1.6273216706642024 
0.43999999999996786, -1.6269581760513074 
0.44999999999996676, -1.6266284440283165 
0.45999999999996566, -1.62633964946444 
0.46999999999996456, -1.6260851336403856 
0.47999999999996346, -1.6258488588634488 
0.48999999999996235, -1.625613659923247 
0.49999999999996125, -1.6253669396873298 
0.5099999999999602, -1.6251019055905331 
0.519999999999959, -1.6248163998370426 
0.529999999999958, -1.6245117318584437 
0.5399999999999568, -1.6241925771565189 
0.5499999999999557, -1.6238676518398143 
0.5599999999999546, -1.623549734471294 
0.5699999999999535, -1.6232531101824932 
0.5799999999999524, -1.6229880324164472 
0.5899999999999513, -1.6227552596870987 
0.5999999999999502, -1.6225451351386329 
0.6099999999999491, -1.622342030406227 
0.619999999999948, -1.6221304528071419 
0.6299999999999469, -1.621899022281682 
0.6399999999999458, -1.6216415184324617 
0.6499999999999447, -1.6213562912319854 
0.6599999999999436, -1.6210454639637302 
0.6699999999999425, -1.6207145851328455 
0.6799999999999414, -1.6203725508317581 
0.6899999999999403, -1.6200309831593966 
0.6999999999999392, -1.6197021141003685 
0.7099999999999381, -1.6193951059304255 
0.719999999999937, -1.619112476554084 
0.7299999999999359, -1.6188491454625098 
0.7399999999999348, -1.6185949145741088 
0.7499999999999337, -1.6183384385867998 
0.7599999999999326, -1.6180701146686858 
0.7699999999999315, -1.6177830753109625 
0.7799999999999304, -1.6174731899407395 
0.7899999999999293, -1.6171393693717953 
0.7999999999999282, -1.6167849190016716 
0.8099999999999271, -1.6164195989984314 
0.819999999999926, -1.6160604347838798 
0.8299999999999249, -1.6157281990025478 
0.8399999999999238, -1.61543865759004 
0.8499999999999227, -1.6151936679876993 
0.8599999999999216, -1.614979992142068 
0.8699999999999205, -1.6147769966311987 
0.8799999999999194, -1.61456614659351 
0.8899999999999183, -1.6143358827621976 
0.8999999999999172, -1.6140815704031788 
0.9099999999999161, -1.6138034766642277 
0.919999999999915, -1.613505122605775 
0.9299999999999139, -1.6131927048818042 
0.9399999999999128, -1.6128750810952344 
0.9499999999999117, -1.6125631529387072 
0.9599999999999106, -1.6122675745413146 
0.9699999999999095, -1.6119950432260137 
0.9799999999999084, -1.611745287859445 
0.9899999999999073, -1.6115110206315761 
0.9999999999999062, -1.6112808485292625 
1.0099999999999052, -1.6110429868965166 
1.019999999999904, -1.610787788023437 
1.029999999999903, -1.610508703867629 
1.039999999999902, -1.6102024530156656 
1.0499999999999008, -1.6098692797710856 
1.0599999999998997, -1.609513687721964 
1.0699999999998986, -1.6091452649403688 
1.0799999999998975, -1.608778389107314 
1.0899999999998964, -1.6084293122967714 
1.0999999999998953, -1.6081105050401885 
1.1099999999998942, -1.6078251278381313 
1.119999999999893, -1.607565881054636 
1.129999999999892, -1.6073192377866223 
1.1399999999998909, -1.6070714272193236 
1.1499999999998898, -1.60681216538987 
1.1599999999998887, -1.6065353720315243 
1.1699999999998876, -1.6062384916225025 
1.1799999999998865, -1.6059221220111748 
1.1899999999998854, -1.6055906973584322 
1.1999999999998843, -1.6052538092606892 
1.2099999999998832, -1.6049264306109872 
1.219999999999882, -1.6046256280649758 
1.229999999999881, -1.604363370358706 
1.2399999999998799, -1.6041396737252485 
1.2499999999998788, -1.6039419939095712 
1.2599999999998777, -1.603751501424604 
1.2699999999998766, -1.6035508707986197 
1.2799999999998755, -1.603328675748487 
1.2899999999998744, -1.603079846705652 
1.2999999999998733, -1.6028042401991889 
1.3099999999998722, -1.602505198145895 
1.319999999999871, -1.6021888220643148 
1.32999999999987, -1.6018637086693748 
1.3399999999998689, -1.6015403126689445 
1.3499999999998678, -1.6012290911290183 
1.3599999999998666, -1.600937458059954 
1.3699999999998655, -1.6006669873852981 
1.3799999999998644, -1.6004127805492843 
1.3899999999998633, -1.600165490666822 
1.3999999999998622, -1.5999145112871123 
1.4099999999998611, -1.5996504294318905 
1.41999999999986, -1.5993660758270718 
1.429999999999859, -1.599056782492053 
1.4399999999998578, -1.5987208306200196 
1.4499999999998567, -1.5983606978354807 
1.4599999999998556, -1.5979848649821005 
1.4699999999998545, -1.5976086868112633 
1.4799999999998534, -1.5972518669048892 
1.4899999999998523, -1.5969313793036617 
1.4999999999998512, -1.5966531660803154 
1.5099999999998501, -1.5964091982362578 
1.519999999999849, -1.5961825673521317 
1.529999999999848, -1.595955863260698 
1.5399999999998468, -1.5957166497250064 
1.5499999999998457, -1.5954584701522287 
1.5599999999998446, -1.595179518211305 
1.5699999999998435, -1.5948813065993597 
1.5799999999998424, -1.594568343532303 
1.5899999999998413, -1.594248595961497 
1.5999999999998402, -1.5939335712697091 
1.6099999999998391, -1.5936363986304927 
1.619999999999838, -1.5933673322717194 
1.629999999999837, -1.593128806331607 
1.6399999999998358, -1.5929137742828245 
1.6499999999998347, -1.5927087409508969 
1.6599999999998336, -1.592499007166552 
1.6699999999998325, -1.592272736806934 
1.6799999999998314, -1.5920225587139867 
1.6899999999998303, -1.5917454472417472 
1.6999999999998292, -1.591442120306779 
1.709999999999828, -1.5911167061638718 
1.719999999999827, -1.5907767240420154 
1.729999999999826, -1.5904327991516047 
1.7399999999998248, -1.5900972030102452 
1.7499999999998237, -1.5897807401847632 
1.7599999999998226, -1.58948893090056 
1.7699999999998215, -1.58921981071183 
1.7799999999998204, -1.5889650514529736 
1.7899999999998193, -1.588713538113652 
1.7999999999998182, -1.5884548495299544 
1.809999999999817, -1.5881809957599908 
1.819999999999816, -1.587886665064138 
1.8299999999998149, -1.587569172125043 
1.8399999999998138, -1.5872291228445667 
1.8499999999998127, -1.5868720769387845 
1.8599999999998116, -1.5865103028317704 
1.8699999999998105, -1.5861622530892217 
1.8799999999998094, -1.5858472512754096 
1.8899999999998083, -1.5855764306690352 
1.8999999999998072, -1.585346283065691 
1.909999999999806, -1.58514070869038 
1.919999999999805, -1.5849396178075406 
1.9299999999998039, -1.58472685836026 
1.9399999999998028, -1.5844932478589624 
1.9499999999998017, -1.584235725381059 
1.9599999999998006, -1.5839553966884203 
1.9699999999997995, -1.5836562200747573 
1.9799999999997984, -1.5833446646725382 
1.9899999999997973, -1.583029723147991 
1.9999999999997962, -1.5827221607136386 
2.0099999999998173, -1.58243211266085 
2.0199999999998384, -1.5821654990791956 
2.0299999999998595, -1.5819213602357427 
2.0399999999998806, -1.5816920963753967 
2.0499999999999017, -1.5814663897081116 
2.059999999999923, -1.581232734975444 
2.069999999999944, -1.5809818006393725 
2.079999999999965, -1.5807073245069925 
2.089999999999986, -1.580406254556235 
2.100000000000007, -1.5800789292210244 
2.1100000000000283, -1.5797296399109526 
2.1200000000000494, -1.5793672671922265 
2.1300000000000705, -1.5790050028967055 
2.1400000000000916, -1.578657917127811 
2.1500000000001127, -1.578338158237536 
2.160000000000134, -1.5780499465807352 
2.170000000000155, -1.5777879295415151 
2.180000000000176, -1.5775402682392718 
2.190000000000197, -1.5772938794641447 
2.2000000000002182, -1.5770382368221694 
2.2100000000002393, -1.5767665144268839 
2.2200000000002604, -1.5764751748656445 
2.2300000000002815, -1.5761635610189102 
2.2400000000003026, -1.5758343925657026 
2.2500000000003237, -1.575495120948133 
2.260000000000345, -1.5751589163446276 
2.270000000000366, -1.5748429883820658 
2.280000000000387, -1.5745626843432519 
2.290000000000408, -1.5743236949759427 
2.3000000000004293, -1.574118340306137 
2.3100000000004504, -1.573929382134602 
2.3200000000004715, -1.5737379983077908 
2.3300000000004926, -1.5735299896331818 
2.3400000000005137, -1.5732977339688186 
2.3500000000005348, -1.5730392099615358 
2.360000000000556, -1.5727563032744594 
2.370000000000577, -1.5724536716159583 
2.380000000000598, -1.5721383384537697 
2.390000000000619, -1.5718194448150697 
2.4000000000006403, -1.571507264877393 
2.4100000000006614, -1.5712109280424813 
2.4200000000006825, -1.5709354305687984 
2.4300000000007036, -1.5706796487477976 
2.4400000000007247, -1.5704367701297202 
2.450000000000746, -1.570196811915784 
2.460000000000767, -1.5699495263227476 
2.470000000000788, -1.5696862929742068 
2.480000000000809, -1.5694008383019749 
2.49000000000083, -1.5690894803434692 
2.5000000000008513, -1.5687516686956455 
2.5100000000008724, -1.5683911402987663 
2.5200000000008935, -1.568017243352391 
2.5300000000009146, -1.5676450322385966 
2.5400000000009357, -1.5672923163233947 
2.550000000000957, -1.5669733507087735 
2.560000000000978, -1.566692344495606 
2.570000000000999, -1.5664417592653908 
2.58000000000102, -1.5662068330917849 
2.5900000000010412, -1.5659723748995826 
2.6000000000010624, -1.5657271665119539 
2.6100000000010835, -1.5654648586279654 
2.6200000000011046, -1.5651830276926595 
2.6300000000011257, -1.5648822627666337 
2.6400000000011468, -1.5645661722500703 
2.650000000001168, -1.5642421814724403 
2.660000000001189, -1.5639220301288215 
2.67000000000121, -1.5636201852462184 
2.680000000001231, -1.5633491279589848 
2.6900000000012523, -1.563113377261794 
2.7000000000012734, -1.5629066132244156 
2.7100000000012945, -1.5627144056669104 
2.7200000000013156, -1.562520280011396 
2.7300000000013367, -1.5623108691060787 
2.740000000001358, -1.562078055242623 
2.750000000001379, -1.5618187326079112 
2.7600000000014, -1.5615337274814782 
2.770000000001421, -1.5612269369162193 
2.780000000001442, -1.5609049525704968 
2.7900000000014633, -1.5605767909177932 
2.8000000000014844, -1.5602529848259423 
2.8100000000015055, -1.5599434588994954 
2.8200000000015266, -1.5596545401327095 
2.8300000000015477, -1.5593866243499654 
2.840000000001569, -1.5591341005668238 
2.85000000000159, -1.5588876060378942 
2.860000000001611, -1.5586370275729733 
2.870000000001632, -1.558373601723169 
2.8800000000016532, -1.5580907056819222 
2.8900000000016743, -1.5577840045737203 
2.9000000000016954, -1.5574518567937823 
2.9100000000017165, -1.557096507205894 
2.9200000000017377, -1.5567258371656565 
2.9300000000017588, -1.5563543120628274 
2.94000000000178, -1.5560008594635026 
2.950000000001801, -1.5556824553625999 
2.960000000001822, -1.5554061470897154 
2.970000000001843, -1.555165516739975 
2.9800000000018643, -1.5549446935294697 
2.9900000000018854, -1.5547262369812822 
3.0000000000019065, -1.5544969731700375 
3.0100000000019276, -1.5542495878780547 
3.0200000000019487, -1.5539815604048866 
3.03000000000197, -1.5536937005954279 
3.040000000001991, -1.5533894923194786 
3.050000000002012, -1.5530753243881859 
3.060000000002033, -1.5527608531852761 
3.070000000002054, -1.5524581695856317 
3.0800000000020753, -1.5521787172425523 
3.0900000000020964, -1.5519286991595567 
3.1000000000021175, -1.5517058485341118 
3.1100000000021386, -1.5515001069430074 
3.1200000000021597, -1.5512976592583871 
3.130000000002181, -1.5510854400981222 
3.140000000002202, -1.5508538710755428 
3.150000000002223, -1.5505975844556494 
3.160000000002244, -1.5503150653082625 
3.1700000000022652, -1.5500081551584064 
3.1800000000022863, -1.5496818461125723 
3.1900000000023074, -1.5493442208025967 
3.2000000000023285, -1.5490059281821291 
3.2100000000023496, -1.548678457986377 
3.2200000000023707, -1.5483710766554244 
3.230000000002392, -1.5480875854715093 
3.240000000002413, -1.5478249189010203 
3.250000000002434, -1.547574642613248 
3.260000000002455, -1.5473262363235107 
3.2700000000024763, -1.5470700075723518 
3.2800000000024974, -1.546798463497661 
3.2900000000025185, -1.5465064850537975 
3.3000000000025396, -1.5461913190278165 
3.3100000000025607, -1.545853224621134 
3.3200000000025818, -1.5454970072401155 
3.330000000002603, -1.5451336965283904 
3.340000000002624, -1.5447803882260502 
3.350000000002645, -1.5444559810150944 
3.360000000002666, -1.544173177482152 
3.3700000000026873, -1.5439317431425135 
3.3800000000027084, -1.5437187539924628 
3.3900000000027295, -1.5435155800781863 
3.4000000000027506, -1.5433056898131923 
3.4100000000027717, -1.5430785604298785 
3.420000000002793, -1.5428296311464034 
3.430000000002814, -1.5425586307647654 
3.440000000002835, -1.5422681738459914 
3.450000000002856, -1.5419632798125906 
3.460000000002877, -1.5416515231066548 
3.4700000000028983, -1.541342910704758 
3.4800000000029194, -1.5410483931544534 
3.4900000000029405, -1.5407766656339532 
3.5000000000029616, -1.5405306081938028 
3.5100000000029827, -1.5403057617464713 
3.520000000003004, -1.5400919971325024 
3.530000000003025, -1.5398771115138012 
3.540000000003046, -1.5396501201383153 
3.550000000003067, -1.539403028619941 
3.5600000000030882, -1.5391312714398215 
3.5700000000031094, -1.5388336004811347 
3.5800000000031305, -1.538512050849835 
3.5900000000031516, -1.5381721499484577 
3.6000000000031727, -1.5378230217262034 
3.6100000000031938, -1.537476619786943 
3.620000000003215, -1.5371453536834148 
3.630000000003236, -1.5368383125545104 
3.640000000003257, -1.5365578504309063 
3.650000000003278, -1.5362988487078164 
3.6600000000032993, -1.5360512356717086 
3.6700000000033204, -1.5358038565984105 
3.6800000000033415, -1.5355472968180124 
3.6900000000033626, -1.535274847666056 
3.7000000000033837, -1.53498236066222 
3.710000000003405, -1.5346681297319296 
3.720000000003426, -1.5343335551193822 
3.730000000003447, -1.5339846490625213 
3.740000000003468, -1.5336334306306605 
3.750000000003489, -1.533297124356913 
3.7600000000035103, -1.5329932191597475 
3.7700000000035314, -1.5327315566744901 
3.7800000000035525, -1.5325088195164571 
3.7900000000035736, -1.5323102255749768 
3.8000000000035947, -1.532116929078971 
3.810000000003616, -1.5319132070522046 
3.820000000003637, -1.5316896025324969 
3.830000000003658, -1.53144249752698 
3.840000000003679, -1.5311723864406637 
3.8500000000037002, -1.5308825079060284 
3.8600000000037213, -1.5305783355712492 
3.8700000000037424, -1.5302675917627426 
3.8800000000037635, -1.5299599503808288 
3.8900000000037847, -1.5296655315604932 
3.9000000000038058, -1.5293920377557835 
3.910000000003827, -1.5291417813203967 
3.920000000003848, -1.5289105563556848 
3.930000000003869, -1.528689173344157 
3.94000000000389, -1.5284665399739725 
3.9500000000039113, -1.52823246437557 
3.9600000000039324, -1.5279792089905824 
3.9700000000039535, -1.5277019709424078 
3.9800000000039746, -1.5273989642980073 
3.9900000000039957, -1.5270716439547294 
4.000000000004016, -1.5267251847075984 
4.010000000003993, -1.5263688122851546 
4.02000000000397, -1.5260151272974851 
4.030000000003946, -1.5256775754509806 
4.040000000003923, -1.5253662533122765 
4.0500000000039, -1.5250840233738567 
4.0600000000038765, -1.524825593962777 
4.070000000003853, -1.5245802755615945 
4.08000000000383, -1.524336278456462 
4.090000000003807, -1.524083836121699 
4.100000000003783, -1.523816228509982 
4.11000000000376, -1.5235295180906463 
4.120000000003737, -1.5232222282471557 
4.130000000003713, -1.5228957624316017 
4.14000000000369, -1.5225556770063786 
4.150000000003667, -1.522213005382465 
4.1600000000036434, -1.521883777806229 
4.17000000000362, -1.5215848213235315 
4.180000000003597, -1.521326487378848 
4.1900000000035735, -1.521106927297217 
4.20000000000355, -1.520912758566627 
4.210000000003527, -1.520725596097081 
4.220000000003504, -1.520529219833142 
4.23000000000348, -1.520313271576408 
4.240000000003457, -1.520073334953826 
4.250000000003434, -1.5198093834298847 
4.26000000000341, -1.5195243148038498 
4.270000000003387, -1.519223242733899 
4.280000000003364, -1.5189133759891988 
4.2900000000033405, -1.5186038043619594 
4.300000000003317, -1.5183043594387386 
4.310000000003294, -1.5180232165685037 
4.320000000003271, -1.5177640678962467 
4.330000000003247, -1.517524566266926 
4.340000000003224, -1.5172971329514073 
4.350000000003201, -1.5170715377732642 
4.360000000003177, -1.5168376466359565 
4.370000000003154, -1.5165871852786394 
4.380000000003131, -1.5163144357582037 
4.390000000003107, -1.5160164313677345 
4.400000000003084, -1.5156932304671469 
4.410000000003061, -1.5153484987257408 
4.4200000000030375, -1.5149901286022338 
4.430000000003014, -1.514630098520494 
4.440000000002991, -1.5142825530225514 
4.450000000002968, -1.5139597986005624 
4.460000000002944, -1.5136677149933297 
4.470000000002921, -1.5134034822760751 
4.480000000002898, -1.5131573461981929 
4.490000000002874, -1.5129169970283658 
4.500000000002851, -1.5126715025347832 
4.510000000002828, -1.5124130636676756 
4.520000000002804, -1.5121369849496549 
4.530000000002781, -1.5118411377937275 
4.540000000002758, -1.5115259283883105 
4.5500000000027345, -1.5111951464111315 
4.560000000002711, -1.5108573040511275 
4.570000000002688, -1.5105261036608586 
4.580000000002665, -1.5102180576249904 
4.590000000002641, -1.5099465452135357 
4.600000000002618, -1.5097151242781108 
4.610000000002595, -1.5095151974927314 
4.620000000002571, -1.509330131641209 
4.630000000002548, -1.5091424236474278 
4.640000000002525, -1.5089390095184976 
4.6500000000025015, -1.5087128541138786 
4.660000000002478, -1.5084620168425025 
4.670000000002455, -1.5081880831886505 
4.6800000000024315, -1.507895085292002 
4.690000000002408, -1.5075891209239984 
4.700000000002385, -1.5072782550095805 
4.710000000002362, -1.5069719544165296 
4.720000000002338, -1.5066794180950542 
4.730000000002315, -1.5064069547177321 
4.740000000002292, -1.5061556569633254 
4.750000000002268, -1.5059208814266662 
4.760000000002245, -1.505693891214747 
4.770000000002222, -1.5054645462045353 
4.7800000000021985, -1.5052235841108192 
4.790000000002175, -1.5049638371115883 
4.800000000002152, -1.504680639527826 
4.810000000002129, -1.5043720321792307 
4.820000000002105, -1.5040392086144192 
4.830000000002082, -1.5036872373357382 
4.840000000002059, -1.5033255728439556 
4.850000000002035, -1.5029673977889362 
4.860000000002012, -1.5026268890392867 
4.870000000001989, -1.5023146743646574 
4.880000000001965, -1.502033682487607 
4.890000000001942, -1.501778239276709 
4.900000000001919, -1.5015370839118451 
4.9100000000018955, -1.5012979565578557 
4.920000000001872, -1.501050878510823 
4.930000000001849, -1.5007891771131991 
4.940000000001826, -1.5005091154171577 
4.950000000001802, -1.5002093895564772 
4.960000000001779, -1.4998913007011418 
4.970000000001756, -1.4995597603742898 
4.980000000001732, -1.4992245098016121 
4.990000000001709, -1.4989000180272578 
5.000000000001686, -1.4986022656762747 
5.0100000000016625, -1.4983424539267116 
5.020000000001639, -1.4981211621274277 
5.030000000001616, -1.497927594443777 
5.0400000000015925, -1.497744645330251 
5.050000000001569, -1.4975557530585835 
5.060000000001546, -1.4973492854250785 
5.070000000001523, -1.4971194373117498 
5.080000000001499, -1.4968650846502904 
5.090000000001476, -1.4965883052247342 
5.100000000001453, -1.4962934598636133 
5.110000000001429, -1.4959869079519963 
5.120000000001406, -1.495676888170085 
5.130000000001383, -1.495372830800386 
5.1400000000013595, -1.495083564715146 
5.150000000001336, -1.4948147209955278 
5.160000000001313, -1.494566638085494 
5.17000000000129, -1.4943341377941532 
5.180000000001266, -1.4941083184958708 
5.190000000001243, -1.493879185768611 
5.20000000000122, -1.493637772549417 
5.210000000001196, -1.4933772268979912 
5.220000000001173, -1.4930931715996576 
5.23000000000115, -1.4927839142329504 
5.240000000001126, -1.4924509018965035 
5.250000000001103, -1.4920994133279417 
5.26000000000108, -1.4917389882240144 
5.2700000000010565, -1.4913826729934703 
5.280000000001033, -1.4910442682951823 
5.29000000000101, -1.4907339276355274 
5.300000000000987, -1.4904542573497825 
5.310000000000963, -1.490199572942735 
5.32000000000094, -1.4899588512399116 
5.330000000000917, -1.4897201201707595 
5.340000000000893, -1.4894735876280032 
5.35000000000087, -1.4892126298855373 
5.360000000000847, -1.4889334492878061 
5.3700000000008234, -1.4886345970308084 
5.3800000000008, -1.4883171395679762 
5.390000000000777, -1.487985643885691 
5.4000000000007535, -1.4876494244957015 
5.41000000000073, -1.4873226050197947 
5.420000000000707, -1.4870212096040534 
5.430000000000684, -1.4867571084994982 
5.44000000000066, -1.486532013624257 
5.450000000000637, -1.4863361688753225 
5.460000000000614, -1.4861529283750865 
5.47000000000059, -1.4859655668687386 
5.480000000000567, -1.4857619543444311 
5.490000000000544, -1.4855357477792304 
5.5000000000005205, -1.485285373902137 
5.510000000000497, -1.485012534964092 
5.520000000000474, -1.484721219949773 
5.5300000000004506, -1.484417379277493 
5.540000000000427, -1.4841088619623237 
5.550000000000404, -1.4838049095601495 
5.560000000000381, -1.4835145944047805 
5.570000000000357, -1.4832443104661945 
5.580000000000334, -1.4829954642245036 
5.590000000000311, -1.4827638247292225 
5.600000000000287, -1.4825409752919843 
5.610000000000264, -1.4823168942214742 
5.620000000000241, -1.4820822624734329 
5.6300000000002175, -1.48182977805831 
5.640000000000194, -1.4815546288880648 
5.650000000000171, -1.4812546623785146 
5.660000000000148, -1.480930689564976 
5.670000000000124, -1.4805870200246294 
5.680000000000101, -1.4802318932081362 
5.690000000000078, -1.4798770681992932 
5.700000000000054, -1.4795357716921487 
5.710000000000031, -1.479218964273904 
5.720000000000008, -1.4789314139259206 
5.729999999999984, -1.4786700084230913 
5.739999999999961, -1.4784255263514268 
5.749999999999938, -1.4781865080761263 
5.7599999999999145, -1.4779426735167174 
5.769999999999891, -1.477686477838072 
5.779999999999868, -1.4774131288044878 
5.789999999999845, -1.4771201373796878 
5.799999999999821, -1.4768072888396797 
5.809999999999798, -1.4764774174961477 
5.819999999999775, -1.476137740430267 
5.829999999999751, -1.4758006609440835 
5.839999999999728, -1.4754822413993547 
5.849999999999705, -1.4751972206478718 
5.8599999999996815, -1.474952348532072 
5.869999999999658, -1.4747426263909371 
5.879999999999635, -1.474553622194036 
5.8899999999996115, -1.4743679706518475 
5.899999999999588, -1.4741713288020897 
5.909999999999565, -1.4739549699254297 
5.919999999999542, -1.4737154447808378 
5.929999999999518, -1.4734530990852581 
5.939999999999495, -1.4731708126743934 
5.949999999999472, -1.4728734444984228 
5.959999999999448, -1.4725677987662 
5.969999999999425, -1.472262508280789 
5.979999999999402, -1.4719670839753207 
5.9899999999993785, -1.4716897672574103 
5.999999999999355, -1.4714348254017506 
6.009999999999332, -1.4712008087707915 
6.019999999999309, -1.470980945593096 
6.029999999999285, -1.4707653930761948 
6.039999999999262, -1.470543953486378 
6.049999999999239, -1.4703080373632313 
6.059999999999215, -1.4700515677171446 
6.069999999999192, -1.4697712104330922 
6.079999999999169, -1.4694664550264576 
6.089999999999145, -1.4691398472712707 
6.099999999999122, -1.4687973217638437 
6.109999999999099, -1.4684482093768572 
6.1199999999990755, -1.4681042439789482 
6.129999999999052, -1.4677770897071007 
6.139999999999029, -1.4674748394201456 
6.149999999999006, -1.4671991573415284 
6.159999999998982, -1.4669449138762176 
6.169999999998959, -1.4667025645620062 
6.179999999998936, -1.4664615822145306 
6.189999999998912, -1.4662129667755945 
6.199999999998889, -1.4659501473225813 
6.209999999998866, -1.4656688464281042 
6.2199999999988425, -1.465366838370919 
6.229999999998819, -1.4650442750223083 
6.239999999998796, -1.464704783540863 
6.2499999999987725, -1.4643568834727652 
6.259999999998749, -1.464014395422892 
6.269999999998726, -1.4636940294443295 
6.279999999998703, -1.4634096035421236 
6.289999999998679, -1.463165575307478 
6.299999999998656, -1.4629546175480126 
6.309999999998633, -1.4627612923116282 
6.319999999998609, -1.4625688094829343 
6.329999999998586, -1.462364241096353 
6.339999999998563, -1.462140235365733 
6.3499999999985395, -1.461894226839151 
6.359999999998516, -1.4616269447014665 
6.369999999998493, -1.4613413664020203 
6.37999999999847, -1.4610424149871246 
6.389999999998446, -1.4607371049982587 
6.399999999998423, -1.460434451679961 
6.4099999999984, -1.460144340589889 
6.419999999998376, -1.4598750544586656 
6.429999999998353, -1.4596303183894233 
6.43999999999833, -1.4594076134770562 
6.449999999998306, -1.4591989310828144 
6.459999999998283, -1.458993443698252 
6.46999999999826, -1.4587804749046565 
6.4799999999982365, -1.4585515072135633 
6.489999999998213, -1.4583009935351186 
6.49999999999819, -1.458026423377352 
6.509999999998167, -1.45772819040047 
6.519999999998143, -1.4574095673437086 
6.52999999999812, -1.4570767603254464 
6.539999999998097, -1.456738693813368 
6.549999999998073, -1.456405990899693 
6.55999999999805, -1.4560888106296388 
6.569999999998027, -1.455793962028241 
6.5799999999980034, -1.4555226355361686 
6.58999999999798, -1.4552701654329865 
6.599999999997957, -1.4550279873732728 
6.6099999999979335, -1.4547864707589562 
6.61999999999791, -1.454537064704644 
6.629999999997887, -1.4542731697501787 
6.639999999997864, -1.4539901564051259 
6.64999999999784, -1.453685297990618 
6.659999999997817, -1.4533582144092405 
6.669999999997794, -1.4530120230420072 
6.67999999999777, -1.4526547829016325 
6.689999999997747, -1.452299994558911 
6.699999999997724, -1.4519644383455295 
6.7099999999977005, -1.45166272283465 
6.719999999997677, -1.4514008821465905 
6.729999999997654, -1.4511734926034314 
6.7399999999976306, -1.4509666328260886 
6.749999999997607, -1.4507642146740227 
6.759999999997584, -1.4505532389985687 
6.769999999997561, -1.4503257887426713 
6.779999999997537, -1.4500784959079671 
6.789999999997514, -1.4498111978203512 
6.799999999997491, -1.4495259685610586 
6.809999999997467, -1.4492269059063032 
6.819999999997444, -1.4489204589213984 
6.829999999997421, -1.4486156319824912 
6.8399999999973975, -1.4483231298129646 
6.849999999997374, -1.448052838421575 
6.859999999997351, -1.4478102844165128 
6.869999999997328, -1.4475940693082343 
6.879999999997304, -1.4473960893095867 
6.889999999997281, -1.447204406813923 
6.899999999997258, -1.4470069128791216 
6.909999999997234, -1.4467939819863167 
6.919999999997211, -1.4465595530448752 
6.929999999997188, -1.4463010819137234 
6.939999999997164, -1.4460190736901268 
6.949999999997141, -1.4457166799903096 
6.959999999997118, -1.445399486764445 
6.9699999999970945, -1.445075281841265 
6.979999999997071, -1.444753364587788 
6.989999999997048, -1.4444430092824985 
6.999999999997025, -1.4441511906749516 
7.009999999997001, -1.443880445975103 
7.019999999996978, -1.4436280784033477 
7.029999999996955, -1.4433872241700882 
7.039999999996931, -1.4431490846604678 
7.049999999996908, -1.4429050432533892 
7.059999999996885, -1.4426478693162839 
7.0699999999968615, -1.4423720748635505 
7.079999999996838, -1.442073984680495 
7.089999999996815, -1.4417520860902333 
7.0999999999967915, -1.441407942742329 
7.109999999996768, -1.4410474861322498 
7.119999999996745, -1.4406818454504464 
7.129999999996722, -1.4403263253141612 
7.139999999996698, -1.4399965199376983 
7.149999999996675, -1.439702535142955 
7.159999999996652, -1.4394446767935938 
7.169999999996628, -1.4392137709469535 
7.179999999996605, -1.4389957649992928 
7.189999999996582, -1.4387771248243377 
7.1999999999965585, -1.438548007888207 
7.209999999996535, -1.43830277967088 
7.219999999996512, -1.4380391356638684 
7.229999999996489, -1.4377571564688942 
7.239999999996465, -1.4374589901235129 
7.249999999996442, -1.437149248814277 
7.259999999996419, -1.4368356951321841 
7.269999999996395, -1.4365292845168285 
7.279999999996372, -1.4362424283407447 
7.289999999996349, -1.4359851624999285 
7.299999999996325, -1.435760812964761 
7.309999999996302, -1.43556402086763 
7.319999999996279, -1.4353826741582212 
7.3299999999962555, -1.4352023801623424 
7.339999999996232, -1.4350106811116974 
7.349999999996209, -1.4347992609534916 
7.359999999996186, -1.4345641806268492 
7.369999999996162, -1.4343050985011907 
7.379999999996139, -1.4340243748700205 
7.389999999996116, -1.4337265031602118 
7.399999999996092, -1.4334178570899008 
7.409999999996069, -1.4331064092482049 
7.419999999996046, -1.4328009307418859 
7.4299999999960225, -1.4325093800138102 
7.439999999995999, -1.4322367992506755 
7.449999999995976, -1.4319836897973288 
7.4599999999959525, -1.4317458367166755 
7.469999999995929, -1.431515694648915 
7.479999999995906, -1.431284485573062 
7.489999999995883, -1.431043968966716 
7.499999999995859, -1.4307874139549437 
7.509999999995836, -1.4305099613753238 
7.519999999995813, -1.4302088456760305 
7.529999999995789, -1.4298838565022634 
7.539999999995766, -1.4295381240216878 
7.549999999995743, -1.4291789019125893 
7.5599999999957195, -1.4288175845168434 
7.569999999995696, -1.4284680310949707 
7.579999999995673, -1.4281429027844932 
7.58999999999565, -1.427849262763989 
7.599999999995626, -1.4275859769167458 
7.609999999995603, -1.4273447037913933 
7.61999999999558, -1.4271136694023918 
7.629999999995556, -1.4268816296822104 
7.639999999995533, -1.4266400829335069 
7.64999999999551, -1.426383610645035 
7.659999999995486, -1.426109311434566 
7.669999999995463, -1.425816308443165 
7.67999999999544, -1.4255058758429704 
7.6899999999954165, -1.425182257998086 
7.699999999995393, -1.42485371726361 
7.70999999999537, -1.4245326945846215 
7.719999999995347, -1.4242336745091317 
7.729999999995323, -1.4239683967872379 
7.7399999999953, -1.4237405319572791 
7.749999999995277, -1.4235435103317182 
7.759999999995253, -1.4233632909150427 
7.76999999999523, -1.4231839954797758 
7.779999999995207, -1.422992730735551 
7.789999999995183, -1.4227816358260117 
7.79999999999516, -1.4225475793745956 
7.809999999995137, -1.422290901473867 
7.8199999999951135, -1.4220142916093308 
7.82999999999509, -1.4217222317507046 
7.839999999995067, -1.4214209058025498 
7.849999999995044, -1.4211181315534 
7.85999999999502, -1.4208227147248498 
7.869999999994997, -1.420542829901167 
7.879999999994974, -1.4202837278640366 
7.88999999999495, -1.4200458620524694 
7.899999999994927, -1.4198245833758703 
7.909999999994904, -1.419611601874769 
7.9199999999948805, -1.4193973198498937 
7.929999999994857, -1.419172890809914 
7.939999999994834, -1.4189314293459134 
7.9499999999948106, -1.41866847429887 
7.959999999994787, -1.4183821105428698 
7.969999999994764, -1.4180730930645156 
7.979999999994741, -1.417745082838609 
7.989999999994717, -1.4174048236319707 
7.999999999994694, -1.4170618337998966 
8.00999999999467, -1.416727104931731 
8.019999999994647, -1.4164106413337765 
8.029999999994624, -1.4161185132576226 
8.0399999999946, -1.4158508827229723 
8.049999999994577, -1.4156022298196342 
8.059999999994554, -1.4153636088829535 
8.06999999999453, -1.4151254694968702 
8.079999999994508, -1.4148796089330387 
8.089999999994484, -1.4146198517504083 
8.099999999994461, -1.4143419424664752 
8.109999999994438, -1.414043377745458 
8.119999999994414, -1.4137237137811351 
8.129999999994391, -1.4133855362574337 
8.139999999994368, -1.4130357838864724 
8.149999999994344, -1.412686427526885 
8.159999999994321, -1.4123530012122065 
8.169999999994298, -1.412050141942022 
8.179999999994275, -1.4117856484063676 
8.189999999994251, -1.4115568281593363 
8.199999999994228, -1.4113519392293172 
8.209999999994205, -1.4111555473625368 
8.219999999994181, -1.410953953134706 
8.229999999994158, -1.4107379711668864 
8.239999999994135, -1.4105030358590376 
8.249999999994111, -1.4102480476455344 
8.259999999994088, -1.4099742404392628 
8.269999999994065, -1.4096846639621732 
8.279999999994041, -1.4093842980250497 
8.289999999994018, -1.4090804075094523 
8.299999999993995, -1.4087824247229088 
8.309999999993972, -1.4085005857227963 
8.319999999993948, -1.4082431512664733 
8.329999999993925, -1.4080132794472373 
8.339999999993902, -1.4078074298775072 
8.349999999993878, -1.4076164217313643 
8.359999999993855, -1.4074284586513495 
8.369999999993832, -1.4072323576252055 
8.379999999993808, -1.4070196479643435 
8.389999999993785, -1.4067852938175514 
8.399999999993762, -1.4065275182983468 
8.409999999993738, -1.4062473294634845 
8.419999999993715, -1.4059481298048588 
8.429999999993692, -1.4056354885203342 
8.439999999993669, -1.4053168804086176 
8.449999999993645, -1.4050010191360565 
8.459999999993622, -1.4046964738964307 
8.469999999993599, -1.4044096814627818 
8.479999999993575, -1.4041430862152153 
8.489999999993552, -1.4038944018495707 
8.499999999993529, -1.4036574499852206 
8.509999999993505, -1.4034240530653406 
8.519999999993482, -1.403185940123298 
8.529999999993459, -1.4029359439006028 
8.539999999993436, -1.402668454080675 
8.549999999993412, -1.402379542503245 
8.559999999993389, -1.4020672326551769 
8.569999999993366, -1.4017321860996843 
8.579999999993342, -1.4013787318959754 
8.589999999993319, -1.4010156956971969 
8.599999999993296, -1.4006560367252436 
8.609999999993272, -1.4003143491736811 
8.619999999993249, -1.4000023967491102 
8.629999999993226, -1.399724700660507 
8.639999999993202, -1.3994769907133844 
8.64999999999318, -1.3992485736627545 
8.659999999993156, -1.3990268001422974 
8.669999999993133, -1.398800800220782 
8.67999999999311, -1.3985630728951135 
8.689999999993086, -1.3983093338075 
8.699999999993063, -1.3980377338128307 
8.70999999999304, -1.3977483245056468 
8.719999999993016, -1.397443163637502 
8.729999999992993, -1.3971270218256042 
8.73999999999297, -1.396808194959835 
8.749999999992946, -1.396498420548363 
8.759999999992923, -1.3962107716397962 
8.7699999999929, -1.3959554072645752 
8.779999999992876, -1.3957350825192514 
8.789999999992853, -1.3955434348653133 
8.79999999999283, -1.395367417208484 
8.809999999992806, -1.3951921706891033 
8.819999999992783, -1.3950053297204414 
8.82999999999276, -1.3947990414263411 
8.839999999992736, -1.3945699060613999 
8.849999999992713, -1.394317945242436 
8.85999999999269, -1.394045560880654 
8.869999999992666, -1.3937569312663098 
8.879999999992643, -1.3934578309808312 
8.88999999999262, -1.3931555437024798 
8.899999999992596, -1.3928583709244533 
8.909999999992573, -1.3925743456061734 
8.91999999999255, -1.3923092653714577 
8.929999999992527, -1.3920648485717821 
8.939999999992503, -1.3918380523594802 
8.94999999999248, -1.3916219782266297 
8.959999999992457, -1.3914078172763322 
8.969999999992433, -1.3911868369184024 
8.97999999999241, -1.390951730396907 
8.989999999992387, -1.3906972538281601 
8.999999999992363, -1.3904204521748507 
9.00999999999234, -1.3901208121034545 
9.019999999992317, -1.3898005120830055 
9.029999999992294, -1.389464701301303 
9.03999999999227, -1.3891214957439808 
9.049999999992247, -1.3887812211686987 
9.059999999992224, -1.3884545516096938 
9.0699999999922, -1.3881497710193995 
9.079999999992177, -1.3878702256975197 
9.089999999992154, -1.387613369773133 
9.09999999999213, -1.3873719955761923 
9.109999999992107, -1.387136822312434 
9.119999999992084, -1.3868989335622115 
9.12999999999206, -1.3866511051985753 
9.139999999992037, -1.3863880576787726 
9.149999999992014, -1.3861062345488706 
9.15999999999199, -1.3858037315680167 
9.169999999991967, -1.38548076300899 
9.179999999991944, -1.3851407150917874 
9.18999999999192, -1.3847913511003507 
9.199999999991897, -1.3844451125445016 
9.209999999991874, -1.384117173845444 
9.21999999999185, -1.3838208377522463 
9.229999999991827, -1.3835621295903953 
9.239999999991804, -1.3833370860260694 
9.24999999999178, -1.3831337728281552 
9.259999999991757, -1.3829374469738211 
9.269999999991734, -1.3827353676931848 
9.27999999999171, -1.3825190901136868 
9.289999999991688, -1.3822844167604638 
9.299999999991664, -1.3820303050967366 
9.309999999991641, -1.381757844859153 
9.319999999991618, -1.3814698149151152 
9.329999999991594, -1.3811708355285235 
9.339999999991571, -1.3808677742855955 
9.349999999991548, -1.3805697579479155 
9.359999999991524, -1.38028703282634 
9.369999999991501, -1.3800283876675106 
9.379999999991478, -1.3797979874787307 
9.389999999991455, -1.3795934071896627 
9.399999999991431, -1.3794062068415807 
9.409999999991408, -1.3792247072808528 
9.419999999991385, -1.3790373245116627 
9.429999999991361, -1.3788349604667833 
9.439999999991338, -1.3786119693949626 
9.449999999991315, -1.3783660632467676 
9.459999999991291, -1.378097773028252 
9.469999999991268, -1.377809928919517 
9.479999999991245, -1.3775073371256468 
9.489999999991221, -1.3771965576042822 
9.499999999991198, -1.3768854832636945 
9.509999999991175, -1.376582379154641 
9.519999999991152, -1.3762942862707244 
9.529999999991128, -1.3760252076655886 
9.539999999991105, -1.3757749145987637 
9.549999999991082, -1.3755390524735909 
9.559999999991058, -1.3753104817679243 
9.569999999991035, -1.3750810939391855 
9.579999999991012, -1.3748432844937828 
9.589999999990988, -1.3745907501474173 
9.599999999990965, -1.374318788160328 
9.609999999990942, -1.3740244872912903 
9.619999999990918, -1.3737071271463774 
9.629999999990895, -1.3733688728073208 
9.639999999990872, -1.3730155338193795 
9.649999999990849, -1.3726568065625129 
9.659999999990825, -1.3723052286689772 
9.669999999990802, -1.3719734139193895 
9.679999999990779, -1.371670213160782 
9.689999999990755, -1.3713976624156525 
9.699999999990732, -1.371150598507597 
9.709999999990709, -1.370919134541531 
9.719999999990685, -1.370692275250644 
9.729999999990662, -1.3704606550642944 
9.739999999990639, -1.3702175966840848 
9.749999999990616, -1.3699589318459329 
9.759999999990592, -1.3696824422722438 
9.769999999990569, -1.369387582852155 
9.779999999990546, -1.3690757997092962 
9.789999999990522, -1.3687514064747268 
9.799999999990499, -1.3684225418678295 
9.809999999990476, -1.3681012041562177 
9.819999999990452, -1.3678011921531608 
9.829999999990429, -1.367533751427601 
9.839999999990406, -1.3673027902494819 
9.849999999990382, -1.3671028047725466 
9.85999999999036, -1.3669211232659149 
9.869999999990336, -1.3667428633613818 
9.879999999990313, -1.366555446671195 
9.88999999999029, -1.3663507545242126 
9.899999999990266, -1.366125075619559 
9.909999999990243, -1.3658780139342628 
9.91999999999022, -1.3656113929364075 
9.929999999990196, -1.3653286491074947 
9.939999999990173, -1.3650347411682167 
9.94999999999015, -1.3647362850304596 
9.959999999990126, -1.3644414109315064 
9.969999999990103, -1.3641588119699422 
9.97999999999008, -1.3638958232830327 
9.989999999990056, -1.363656132739647 
9.999999999990033, -1.363438317101777 
10.00999999999001, -1.3632361123771561 
10.019999999989986, -1.3630402653497722 
10.029999999989963, -1.3628409406440933 
10.03999999998994, -1.3626296562831264 
10.049999999989916, -1.3624003251045882 
10.059999999989893, -1.3621495480390746 
10.06999999998987, -1.3618765255495537 
10.079999999989846, -1.3615828930177032 
10.089999999989823, -1.3612726087126068 
10.0999999999898, -1.3609518245958256 
10.109999999989776, -1.3606284982237706 
10.119999999989753, -1.3603114420247737 
10.12999999998973, -1.3600086884155156 
10.139999999989707, -1.3597255149248855 
10.149999999989683, -1.3594629509834117 
10.15999999998966, -1.3592175727859364 
10.169999999989637, -1.3589827036683058 
10.179999999989613, -1.3587503104920058 
10.18999999998959, -1.3585126518306936 
10.199999999989567, -1.3582631792069237 
10.209999999989543, -1.3579967951035385 
10.21999999998952, -1.3577098891903288 
10.229999999989497, -1.357400567591452 
10.239999999989474, -1.3570693007300414 
10.24999999998945, -1.356719916022882 
10.259999999989427, -1.3563604529551918 
10.269999999989404, -1.3560029920315304 
10.27999999998938, -1.3556615660615292 
10.289999999989357, -1.3553481645915522 
10.299999999989334, -1.3550684658321652 
10.30999999998931, -1.3548198385698471 
10.319999999989287, -1.3545929286326763 
10.329999999989264, -1.3543756110535576 
10.33999999998924, -1.3541567748500223 
10.349999999989217, -1.353928299849764 
10.359999999989194, -1.3536852479352866 
10.36999999998917, -1.3534251828059964 
10.379999999989147, -1.3531474938944066 
10.389999999989124, -1.3528532054909945 
10.3999999999891, -1.352545382938585 
10.409999999989077, -1.3522299137169778 
10.419999999989054, -1.3519160399494807 
10.42999999998903, -1.3516156685698384 
10.439999999989007, -1.35134069784429 
10.449999999988984, -1.3510988484807656 
10.45999999998896, -1.3508901511900575 
10.469999999988937, -1.3507064973593619 
10.479999999988914, -1.3505346678661931 
10.48999999998889, -1.3503608440165906 
10.499999999988868, -1.3501741126077316 
10.509999999988844, -1.3499678592155222 
10.519999999988821, -1.349739463977544 
10.529999999988798, -1.3494892920194237 
10.539999999988774, -1.349219764185289 
10.549999999988751, -1.348934850392805 
10.559999999988728, -1.3486399542121128 
10.569999999988704, -1.3483418977268788 
10.579999999988681, -1.3480485674238554 
10.589999999988658, -1.3477678423037056 
10.599999999988635, -1.347505824105665 
10.609999999988611, -1.3472650044131036 
10.619999999988588, -1.3470433280093386 
10.629999999988565, -1.3468347127768712 
10.639999999988541, -1.3466307278178646 
10.649999999988518, -1.3464225687506264 
10.659999999988495, -1.346202584846267 
10.669999999988471, -1.3459651117920914 
10.679999999988448, -1.3457067732958075 
10.689999999988425, -1.345426543093941 
10.699999999988401, -1.345125780270544 
10.709999999988378, -1.344808290653845 
10.719999999988355, -1.3444802938997886 
10.729999999988332, -1.3441500308700545 
10.739999999988308, -1.343826715240586 
10.749999999988285, -1.3435187501647863 
10.759999999988262, -1.343231622434647 
10.769999999988238, -1.3429663605210587 
10.779999999988215, -1.3427193838675655 
10.789999999988192, -1.3424838203781773 
10.799999999988168, -1.3422515104955348 
10.809999999988145, -1.3420147022874434 
10.819999999988122, -1.3417669313883134 
10.829999999988098, -1.3415032090087973 
10.839999999988075, -1.3412199610721443 
10.849999999988052, -1.3409151516137068 
10.859999999988029, -1.3405888445143395 
10.869999999988005, -1.3402441842395914 
10.879999999987982, -1.3398883861772313 
10.889999999987959, -1.3395328841476222 
10.899999999987935, -1.3391916474510024 
10.909999999987912, -1.3388774131011487 
10.919999999987889, -1.3385971986806495 
10.929999999987865, -1.3383496787237106 
10.939999999987842, -1.338126165800885 
10.949999999987819, -1.3379144039720177 
10.959999999987796, -1.3377026548663076 
10.969999999987772, -1.3374821106694736 
10.979999999987749, -1.3372473633398818 
10.989999999987726, -1.3369957677336024 
10.999999999987702, -1.3367266378500537 
11.009999999987679, -1.3364408390396378 
11.019999999987656, -1.3361409547681833 
11.029999999987632, -1.3358319014508928 
11.039999999987609, -1.3355215377961827 
11.049999999987586, -1.3352204746477523 
11.059999999987562, -1.3349402688629772 
11.06999999998754, -1.3346899696833106 
11.079999999987516, -1.3344724467017879 
11.089999999987493, -1.3342827626851632 
11.09999999998747, -1.334109793924612 
11.109999999987446, -1.3339400777290658 
11.119999999987423, -1.3337616346655652 
11.1299999999874, -1.3335661579443003 
11.139999999987376, -1.3333493922057693 
11.149999999987353, -1.3331104338289903 
11.15999999998733, -1.332850783875302 
11.169999999987306, -1.3325736598986795 
11.179999999987283, -1.3322837010024153 
11.18999999998726, -1.3319869163858535 
11.199999999987236, -1.3316905365096592 
11.209999999987213, -1.3314023682744525 
11.21999999998719, -1.3311294497824722 
11.229999999987166, -1.3308762822469857 
11.239999999987143, -1.3306434074583855 
11.24999999998712, -1.3304271126949005 
11.259999999987096, -1.3302204412297178 
11.269999999987073, -1.330014958803065 
11.27999999998705, -1.3298024765350434 
11.289999999987026, -1.3295762265752644 
11.299999999987003, -1.3293314400595224 
11.30999999998698, -1.3290655472282455 
11.319999999986956, -1.3287782481726569 
11.329999999986933, -1.3284715920910046 
11.33999999998691, -1.3281500490074505 
11.349999999986887, -1.3278204054797402 
11.359999999986863, -1.3274912089022657 
11.36999999998684, -1.327171520826505 
11.379999999986817, -1.32686903030321 
11.389999999986793, -1.326588074656994 
11.39999999998677, -1.3263284586100184 
11.409999999986747, -1.3260857111501991 
11.419999999986723, -1.3258526135085298 
11.4299999999867, -1.325621133830938 
11.439999999986677, -1.3253838949896608 
11.449999999986654, -1.3251348456381637 
11.45999999998663, -1.3248693484210161 
11.469999999986607, -1.3245841209875422 
11.479999999986584, -1.3242774118750407 
11.48999999998656, -1.3239496097707355 
11.499999999986537, -1.3236042168802218 
11.509999999986514, -1.3232487427477364 
11.51999999998649, -1.3228946817369422 
11.529999999986467, -1.3225556900907323 
11.539999999986444, -1.3222438640115968 
11.54999999998642, -1.321965538458993 
11.559999999986397, -1.3217190155360623 
11.569999999986374, -1.3214956902352395 
11.57999999998635, -1.3212836971935498 
11.589999999986327, -1.321071729128118 
11.599999999986304, -1.3208512650489272 
11.60999999998628, -1.3206169960217609 
11.619999999986257, -1.3203662273586343 
11.629999999986234, -1.3200981233286195 
11.63999999998621, -1.3198133207530964 
11.649999999986187, -1.3195140902007068 
11.659999999986164, -1.3192049460806157 
11.66999999998614, -1.3188933034813153 
11.679999999986117, -1.3185894418049235 
11.689999999986094, -1.3183049497345758 
11.69999999998607, -1.3180494754171663 
11.709999999986048, -1.317826988688618 
11.719999999986024, -1.317633755207141 
11.729999999986001, -1.317459468316255 
11.739999999985978, -1.3172908553408316 
11.749999999985954, -1.3171156037182237 
11.759999999985931, -1.316924826536241 
11.769999999985908, -1.316713674812274 
11.779999999985884, -1.316480736015598 
11.789999999985861, -1.3162270712749045 
11.799999999985838, -1.3159554603821115 
11.809999999985815, -1.3156700513758428 
11.819999999985791, -1.3153763213802792 
11.829999999985768, -1.315081053263301 
11.839999999985745, -1.3147919285695155 
11.849999999985721, -1.3145164324240226 
11.859999999985698, -1.3142601581514852 
11.869999999985675, -1.3140251387567181 
11.879999999985651, -1.3138090648240253 
11.889999999985628, -1.31360584539768 
11.899999999985605, -1.3134072081508372 
11.909999999985581, -1.3132045614296652 
11.919999999985558, -1.3129904503457555 
11.929999999985535, -1.3127593716577062 
11.939999999985512, -1.3125080719879296 
11.949999999985488, -1.312235579060041 
11.959999999985465, -1.3119431640939991 
11.969999999985442, -1.311634309583203 
11.979999999985418, -1.311314618504216 
11.989999999985395, -1.310991478519714 
11.999999999985372, -1.3106732461784154 
12.009999999985348, -1.3103678410925614 
12.019999999985325, -1.310080985378316 
12.029999999985302, -1.309814723271527 
12.039999999985278, -1.3095669375536994 
12.049999999985255, -1.3093321214739768 
12.059999999985232, -1.309102963656117 
12.069999999985209, -1.3088719479278708 
12.079999999985185, -1.308632395444036 
12.089999999985162, -1.3083788739267188 
12.099999999985139, -1.3081072573920907 
12.109999999985115, -1.3078148050156375 
12.119999999985092, -1.307500526010267 
12.129999999985069, -1.307165901051064 
12.139999999985045, -1.306815757463815 
12.149999999985022, -1.306458764972909 
12.159999999984999, -1.306106792461168 
12.169999999984976, -1.3057725882695372 
12.179999999984952, -1.3054661645338348 
12.189999999984929, -1.3051914653599703 
12.199999999984906, -1.3049452284602454 
12.209999999984882, -1.3047187001165903 
12.219999999984859, -1.3045009956559146 
12.229999999984836, -1.3042821495044852 
12.239999999984812, -1.304054689914676 
12.249999999984789, -1.3038138016474106 
12.259999999984766, -1.3035567834497066 
12.269999999984742, -1.3032824878338825 
12.27999999998472, -1.302991149237626 
12.289999999984696, -1.3026847357125109 
12.299999999984673, -1.3023677098498168 
12.30999999998465, -1.3020477631807479 
12.319999999984626, -1.3017357265314025 
12.329999999984603, -1.3014438016508745 
12.33999999998458, -1.301182017279999 
12.349999999984556, -1.3009543083548085 
12.359999999984533, -1.3007565759214033 
12.36999999998451, -1.3005781214831027 
12.379999999984486, -1.3004055356175275 
12.389999999984463, -1.3002266900224486 
12.39999999998444, -1.3000330567849334 
12.409999999984416, -1.2998201064444481 
12.419999999984393, -1.2995865551627692 
12.42999999998437, -1.2993333561475378 
12.439999999984346, -1.2990629841657284 
12.449999999984323, -1.298779179483938 
12.4599999999843, -1.2984870438312746 
12.469999999984276, -1.2981931849609558 
12.479999999984253, -1.2979054744774565 
12.48999999998423, -1.2976320261002101 
12.499999999984206, -1.2973793752376397 
12.509999999984183, -1.29715046931709 
12.51999999998416, -1.2969434823190134 
12.529999999984136, -1.2967521560848465 
12.539999999984113, -1.2965675009793158 
12.54999999998409, -1.296379996513811 
12.559999999984067, -1.2961814126654594 
12.569999999984043, -1.2959658378706997 
12.57999999998402, -1.2957299768303914 
12.589999999983997, -1.2954730097508542 
12.599999999983973, -1.295196303848745 
12.60999999998395, -1.2949031530140143 
12.619999999983927, -1.2945985729941427 
12.629999999983903, -1.2942890357274948 
12.63999999998388, -1.2939819316612566 
12.649999999983857, -1.2936845819956835 
12.659999999983834, -1.2934028499290378 
12.66999999998381, -1.2931397498556165 
12.679999999983787, -1.2928946596611788 
12.689999999983764, -1.2926635419218837 
12.69999999998374, -1.2924400512623093 
12.709999999983717, -1.2922169679635158 
12.719999999983694, -1.2919873838217952 
12.72999999998367, -1.2917453938019559 
12.739999999983647, -1.291486396247288 
12.749999999983624, -1.2912072650199349 
12.7599999999836, -1.2909066257330792 
12.769999999983577, -1.2905853268641825 
12.779999999983554, -1.2902470039426621 
12.78999999998353, -1.2898984265859381 
12.799999999983507, -1.2895491671879165 
12.809999999983484, -1.289210190638364 
12.81999999998346, -1.2888913973960385 
12.829999999983437, -1.288598881887794 
12.839999999983414, -1.2883331833154084 
12.84999999998339, -1.2880894767015678 
12.859999999983367, -1.2878595255173937 
12.869999999983344, -1.2876342231819349 
12.87999999998332, -1.2874055116250784 
12.889999999983297, -1.2871671964620808 
12.899999999983274, -1.286914908208267 
12.90999999998325, -1.2866457441245367 
12.919999999983228, -1.2863580523908626 
12.929999999983204, -1.2860516296948985 
12.939999999983181, -1.2857283986923154 
12.949999999983158, -1.2853933679377272 
12.959999999983134, -1.2850553046242914 
12.969999999983111, -1.2847262206655534 
12.979999999983088, -1.2844189408735072 
12.989999999983064, -1.2841431000931096 
12.999999999983041, -1.2839014375474527 
13.009999999983018, -1.283688700617213 
13.019999999982995, -1.2834939003449373 
13.029999999982971, -1.2833043726884437 
13.039999999982948, -1.2831092866553337 
13.049999999982925, -1.282901294212937 
13.059999999982901, -1.2826764961140806 
13.069999999982878, -1.282433602902717 
13.079999999982855, -1.2821730790378385 
13.089999999982831, -1.2818966822671864 
13.099999999982808, -1.2816074890998024 
13.109999999982785, -1.2813102724747107 
13.119999999982761, -1.2810118909898498 
13.129999999982738, -1.2807211534149376 
13.139999999982715, -1.280447615288538 
13.149999999982692, -1.2801992171940717 
13.159999999982668, -1.279979554847984 
13.169999999982645, -1.279786219981531 
13.179999999982622, -1.2796112742220618 
13.189999999982598, -1.279443639822412 
13.199999999982575, -1.2792721176370172 
13.209999999982552, -1.2790877068163327 
13.219999999982528, -1.27888465036522 
13.229999999982505, -1.2786603967897923 
13.239999999982482, -1.2784150087478447 
13.249999999982458, -1.278150503805348 
13.259999999982435, -1.2778703975973085 
13.269999999982412, -1.2775794917441075 
13.279999999982389, -1.2772837631392062 
13.289999999982365, -1.2769900896361466 
13.299999999982342, -1.276705544918271 
13.309999999982319, -1.276436188683167 
13.319999999982295, -1.2761856434404275 
13.329999999982272, -1.2759540533894809 
13.339999999982249, -1.2757379581437744 
13.349999999982225, -1.2755311546806014 
13.359999999982202, -1.2753261210015148 
13.369999999982179, -1.2751154159601397 
13.379999999982156, -1.2748926807370684 
13.389999999982132, -1.2746531895304583 
13.399999999982109, -1.2743940980000716 
13.409999999982086, -1.274114568443909 
13.419999999982062, -1.2738158769235228 
13.429999999982039, -1.27350150025198 
13.439999999982016, -1.2731770744343067 
13.449999999981992, -1.272850033980094 
13.459999999981969, -1.2725287356092678 
13.469999999981946, -1.272221019914536 
13.479999999981922, -1.2719324903811957 
13.4899999999819, -1.2716651255991933 
13.499999999981876, -1.2714168685390195 
13.509999999981853, -1.2711823947025205 
13.51999999998183, -1.2709546301825605 
13.529999999981806, -1.2707262799475108 
13.539999999981783, -1.2704908309022689 
13.54999999998176, -1.270242943383082 
13.559999999981736, -1.2699784777193674 
13.569999999981713, -1.2696944942666182 
13.57999999998169, -1.269389489741181 
13.589999999981666, -1.2690639782045139 
13.599999999981643, -1.2687213105601969 
13.60999999998162, -1.268368349262181 
13.619999999981596, -1.2680153619692964 
13.629999999981573, -1.2676745182342506 
13.63999999998155, -1.2673569488438514 
13.649999999981526, -1.267069361260563 
13.659999999981503, -1.2668119219578482 
13.66999999998148, -1.2665786209828345 
13.679999999981456, -1.266359792290849 
13.689999999981433, -1.2661452244043336 
13.69999999998141, -1.2659263715239897 
13.709999999981386, -1.2656971670916748 
13.719999999981363, -1.2654538182191268 
13.72999999998134, -1.265194234463523 
13.739999999981316, -1.2649175989218766 
13.749999999981293, -1.2646243461614382 
13.75999999998127, -1.2643166062653906 
13.769999999981247, -1.2639989657187496 
13.779999999981223, -1.2636791093267323 
13.7899999999812, -1.2633676086120358 
13.799999999981177, -1.2630761386405398 
13.809999999981153, -1.2628141440090075 
13.81999999998113, -1.2625852811899951 
13.829999999981107, -1.2623857169691646 
13.839999999981083, -1.2622054598109498 
13.84999999998106, -1.2620318939520578 
13.859999999981037, -1.261853445320256 
13.869999999981014, -1.26166177792495 
13.87999999998099, -1.2614522433381672 
13.889999999980967, -1.261223234830366 
13.899999999980944, -1.2609752531420753 
13.90999999998092, -1.260710208244972 
13.919999999980897, -1.2604311473189733 
13.929999999980874, -1.2601423585708296 
13.93999999998085, -1.2598496265836654 
13.949999999980827, -1.2595602682099156 
13.959999999980804, -1.2592825207951188 
13.96999999998078, -1.2590240508096795 
13.979999999980757, -1.2587898785384701 
13.989999999980734, -1.2585805988988734 
13.99999999998071, -1.2583918706197454 
14.009999999980687, -1.2582155102362627 
14.019999999980664, -1.2580416386435185 
14.02999999998064, -1.2578608990857085 
14.039999999980617, -1.2576659983291198 
14.049999999980594, -1.2574523559928272 
14.05999999998057, -1.2572180618090658 
14.069999999980547, -1.256963488871208 
14.079999999980524, -1.2566908600315634 
14.0899999999805, -1.2564039263430988 
14.099999999980477, -1.2561077614131588 
14.109999999980454, -1.2558085390688625 
14.11999999998043, -1.2555130832090762 
14.129999999980408, -1.2552280219397587 
14.139999999980384, -1.254958587985952 
14.149999999980361, -1.2547074098879867 
14.159999999980338, -1.2544738086418734 
14.169999999980314, -1.254253950190995 
14.179999999980291, -1.2540417779100672 
14.189999999980268, -1.2538302892034503 
14.199999999980244, -1.2536126810858836 
14.209999999980221, -1.2533831206584 
14.219999999980198, -1.253137164723288 
14.229999999980175, -1.2528719910989747 
14.239999999980151, -1.2525865969184604 
14.249999999980128, -1.2522820298418977 
14.259999999980105, -1.2519616053938916 
14.269999999980081, -1.2516309587219325 
14.279999999980058, -1.2512977092547006 
14.289999999980035, -1.2509705360489694 
14.299999999980011, -1.250657642157671 
14.309999999979988, -1.250364932321427 
14.319999999979965, -1.250094561768235 
14.329999999979941, -1.24984451840744 
14.339999999979918, -1.249609431111573 
14.349999999979895, -1.249382149607019 
14.359999999979872, -1.249155328416357 
14.369999999979848, -1.2489224582418426 
14.379999999979825, -1.2486782472781421 
14.389999999979802, -1.2484185964964256 
14.399999999979778, -1.248140510721102 
14.409999999979755, -1.2478422202218482 
14.419999999979732, -1.2475236522379063 
14.429999999979708, -1.2471872091693927 
14.439999999979685, -1.2468385598813019 
14.449999999979662, -1.2464868750493823 
14.459999999979638, -1.246143837589369 
14.469999999979615, -1.2458211406656339 
14.479999999979592, -1.2455271185852452 
14.489999999979569, -1.2452640712583047 
14.499999999979545, -1.2450277820902131 
14.509999999979522, -1.244809440865261 
14.519999999979499, -1.2445987203718978 
14.529999999979475, -1.244386381308207 
14.539999999979452, -1.244165550741777 
14.549999999979429, -1.243931799589332 
14.559999999979405, -1.2436826201864657 
14.569999999979382, -1.2434168710585036 
14.579999999979359, -1.2431345279728345 
14.589999999979335, -1.2428368706902073 
14.599999999979312, -1.2425270624314038 
14.609999999979289, -1.242210868872249 
14.619999999979266, -1.2418969873622543 
14.629999999979242, -1.2415962724042835 
14.639999999979219, -1.2413194096166484 
14.649999999979196, -1.241073529125186 
14.659999999979172, -1.2408593633864302 
14.669999999979149, -1.2406707012450804 
14.679999999979126, -1.2404965571500368 
14.689999999979102, -1.2403247416916519 
14.69999999997908, -1.2401449419282038 
14.709999999979056, -1.2399502311503015 
14.719999999979033, -1.2397370926572493 
14.72999999997901, -1.2395046586112248 
14.739999999978986, -1.2392538492124436 
14.749999999978963, -1.238986805202595 
14.75999999997894, -1.2387067251513653 
14.769999999978916, -1.238418023620325 
14.779999999978893, -1.2381265773309804 
14.78999999997887, -1.2378396999912777 
14.799999999978846, -1.2375654576576804 
14.809999999978823, -1.2373111566532817 
14.8199999999788, -1.2370813462823977 
14.829999999978776, -1.2368761923452598 
14.839999999978753, -1.236691103023056 
14.84999999997873, -1.2365178645637924 
14.859999999978706, -1.236346733563217 
14.869999999978683, -1.236168563293346 
14.87999999997866, -1.235976269764224 
14.889999999978636, -1.235765438415802 
14.899999999978613, -1.2355342604092878 
14.90999999997859, -1.2352831320314022 
14.919999999978566, -1.2350142079387956 
14.929999999978543, -1.234731070440741 
14.93999999997852, -1.2344385306626993 
14.949999999978496, -1.234142446967958 
14.959999999978473, -1.2338493637534014 
14.96999999997845, -1.2335657935195654 
14.979999999978427, -1.2332971345948067 
14.989999999978403, -1.233046492791277 
14.99999999997838, -1.2328138741201944 
15.009999999978357, -1.2325961339412017 
15.019999999978333, -1.2323877117348476 
15.02999999997831, -1.2321818123969344 
15.039999999978287, -1.2319715801600848 
15.049999999978263, -1.2317509691669044 
15.05999999997824, -1.2315152605610646 
15.069999999978217, -1.2312613360452405 
15.079999999978194, -1.2309878470511113 
15.08999999997817, -1.230695362797448 
15.099999999978147, -1.2303864965711933 
15.109999999978124, -1.230065928494006 
15.1199999999781, -1.2297401798122156 
15.129999999978077, -1.2294169762116045 
15.139999999978054, -1.2291041185992653 
15.14999999997803, -1.228807996450366 
15.159999999978007, -1.2285321636339794 
15.169999999977984, -1.2282765405171139 
15.17999999997796, -1.2280376069278112 
15.189999999977937, -1.2278094687986392 
15.199999999977914, -1.2275852665033065 
15.20999999997789, -1.2273583500495895 
15.219999999977867, -1.227122936622941 
15.229999999977844, -1.226874311529333 
15.23999999997782, -1.226608823855034 
15.249999999977797, -1.2263239425668462 
15.259999999977774, -1.2260185507331642 
15.26999999997775, -1.225693516811006 
15.279999999977727, -1.2253523990538437 
15.289999999977704, -1.2250019246789363 
15.29999999997768, -1.2246517292261028 
15.309999999977657, -1.2243129299149513 
15.319999999977634, -1.2239955994874507 
15.32999999997761, -1.2237059701675848 
15.339999999977588, -1.2234446728067725 
15.349999999977564, -1.2232069277782527 
15.359999999977541, -1.2229844867499442 
15.369999999977518, -1.222768181410531 
15.379999999977494, -1.2225498949353433 
15.389999999977471, -1.222323449389976 
15.399999999977448, -1.2220845984446185 
15.409999999977424, -1.221830610287809 
15.419999999977401, -1.221559876533548 
15.429999999977378, -1.2212718146655643 
15.439999999977355, -1.220967174599572 
15.449999999977331, -1.2206487078820136 
15.459999999977308, -1.2203219460531698 
15.469999999977285, -1.2199955559462579 
15.479999999977261, -1.2196805665091373 
15.489999999977238, -1.2193880439163907 
15.499999999977215, -1.219125718868935 
15.509999999977191, -1.218895138647233 
15.519999999977168, -1.2186910395404325 
15.529999999977145, -1.2185033489538974 
15.539999999977121, -1.2183205669931643 
15.549999999977098, -1.21813271894744 
15.559999999977075, -1.217932836244787 
15.569999999977052, -1.2177170312239478 
15.579999999977028, -1.2174838202965919 
15.589999999977005, -1.2172333412349559 
15.599999999976982, -1.2169668437688546 
15.609999999976958, -1.2166865805120264 
15.619999999976935, -1.2163960539127767 
15.629999999976912, -1.216100433753644 
15.639999999976888, -1.2158068028809612 
15.649999999976865, -1.2155237699940311 
15.659999999976842, -1.2152600876405781 
15.669999999976818, -1.2150223965389424 
15.679999999976795, -1.2148129299808286 
15.689999999976772, -1.2146283778449423 
15.699999999976749, -1.2144606312308326 
15.709999999976725, -1.2142990640170854 
15.719999999976702, -1.2141332204210262 
15.729999999976679, -1.2139548189687717 
15.739999999976655, -1.213758615500692 
15.749999999976632, -1.2135423024652305 
15.759999999976609, -1.2133059131337371 
15.769999999976585, -1.2130511675635958 
15.779999999976562, -1.212781017145057 
15.789999999976539, -1.2124994532661895 
15.799999999976515, -1.212211491792196 
15.809999999976492, -1.211923131735991 
15.819999999976469, -1.211641032164711 
15.829999999976446, -1.2113717157526374 
15.839999999976422, -1.2111203397987407 
15.849999999976399, -1.2108894023755536 
15.859999999976376, -1.2106779414186466 
15.869999999976352, -1.2104816302197747 
15.879999999976329, -1.2102937412616017 
15.889999999976306, -1.2101065613189845 
15.899999999976282, -1.2099127495610333 
15.90999999997626, -1.2097063116036997 
15.919999999976236, -1.2094831158068176 
15.929999999976213, -1.209241046842878 
15.93999999997619, -1.2089799447528566 
15.949999999976166, -1.2087014556424356 
15.959999999976143, -1.2084088637807495 
15.96999999997612, -1.208106903234351 
15.979999999976096, -1.207801473332005 
15.989999999976073, -1.2074991360552292 
15.99999999997605, -1.2072063049630608 
16.009999999976028, -1.206928179193829 
16.019999999976005, -1.206667686702947 
16.02999999997598, -1.2064248293440465 
16.039999999975958, -1.206196719927497 
16.049999999975935, -1.2059782901150509 
16.05999999997591, -1.2057633463759947 
16.069999999975888, -1.2055455732795899 
16.079999999975865, -1.2053192395648396 
16.08999999997584, -1.2050795917535406 
16.099999999975818, -1.2048230689276411 
16.109999999975795, -1.2045474967388612 
16.11999999997577, -1.2042523549706565 
16.129999999975748, -1.2039391108833226 
16.139999999975725, -1.2036115037882484 
16.1499999999757, -1.2032755799885555 
16.15999999997568, -1.2029392475769112 
16.169999999975655, -1.2026112019342845 
16.17999999997563, -1.2022993061662328 
16.18999999997561, -1.2020088446515875 
16.199999999975585, -1.2017413006601076 
16.20999999997556, -1.2014941925885025 
16.21999999997554, -1.2012620114550778 
16.229999999975515, -1.2010377595514325 
16.239999999975492, -1.2008143982551693 
16.24999999997547, -1.2005857511720694 
16.259999999975445, -1.2003468106007713 
16.269999999975422, -1.200093673272046 
16.2799999999754, -1.1998234039952058 
16.289999999975375, -1.199534067654834 
16.299999999975352, -1.1992250636590391 
16.30999999997533, -1.1988977621620196 
16.319999999975305, -1.1985562568977994 
16.329999999975282, -1.1982078244040224 
16.33999999997526, -1.1978625296312508 
16.349999999975235, -1.197531567721098 
16.359999999975212, -1.1972245333308265 
16.36999999997519, -1.1969466285629387 
16.379999999975166, -1.196697188005602 
16.389999999975142, -1.1964702933925855 
16.39999999997512, -1.1962570261534056 
16.409999999975096, -1.1960480780563125 
16.419999999975072, -1.195835592216668 
16.42999999997505, -1.1956138668395517 
16.439999999975026, -1.1953792061959847 
16.449999999975002, -1.195129422259289 
16.45999999997498, -1.194863396518233 
16.469999999974956, -1.1945809338886098 
16.479999999974932, -1.194282994258212 
16.48999999997491, -1.1939722600694185 
16.499999999974886, -1.1936538282592546 
16.509999999974863, -1.1933355842062725 
16.51999999997484, -1.1930276485306295 
16.529999999974816, -1.1927404667577295 
16.539999999974793, -1.1924818393569707 
16.54999999997477, -1.192254147484533 
16.559999999974746, -1.192053339376076 
16.569999999974723, -1.1918703339110817 
16.5799999999747, -1.1916940079033531 
16.589999999974676, -1.191514158126555 
16.599999999974653, -1.1913232656833401 
16.60999999997463, -1.1911168754717059 
16.619999999974606, -1.190893086743492 
16.629999999974583, -1.190651778810062 
16.63999999997456, -1.1903939992785577 
16.649999999974536, -1.1901216986742198 
16.659999999974513, -1.1898378204138524 
16.66999999997449, -1.1895466313699945 
16.679999999974466, -1.1892540541033583 
16.689999999974443, -1.188967637115156 
16.69999999997442, -1.1886957764466053 
16.709999999974396, -1.1884460447209337 
16.719999999974373, -1.1882230258425295 
16.72999999997435, -1.1880265883522503 
16.739999999974327, -1.1878515450695994 
16.749999999974303, -1.1876889663837709 
16.75999999997428, -1.1875285196405458 
16.769999999974257, -1.1873607850980996 
16.779999999974233, -1.1871787576468227 
16.78999999997421, -1.1869783305536292 
16.799999999974187, -1.186758024421852 
16.809999999974163, -1.186518386841992 
16.81999999997414, -1.186261414950415 
16.829999999974117, -1.185990188396572 
16.839999999974093, -1.1857087397392132 
16.84999999997407, -1.1854220616325475 
16.859999999974047, -1.185136056705234 
16.869999999974024, -1.1848571982175427 
16.879999999974, -1.1845917425080021 
16.889999999973977, -1.184344554594039 
16.899999999973954, -1.1841178996616912 
16.90999999997393, -1.1839107100530255 
16.919999999973907, -1.183718688332861 
16.929999999973884, -1.1835352199084532 
16.93999999997386, -1.1833527197875735 
16.949999999973837, -1.1831639465941208 
16.959999999973814, -1.182962966975619 
16.96999999997379, -1.1827456785604458 
16.979999999973767, -1.1825099622782609 
16.989999999973744, -1.1822555999294084 
16.99999999997372, -1.1819840875727352 
17.009999999973697, -1.1816984321042623 
17.019999999973674, -1.1814029546924654 
17.02999999997365, -1.1811030527740796 
17.039999999973627, -1.1808048161799465 
17.049999999973604, -1.1805143940100078 
17.05999999997358, -1.1802371046657607 
17.069999999973557, -1.1799764566333677 
17.079999999973534, -1.1797333990392798 
17.08999999997351, -1.1795061097548092 
17.099999999973488, -1.1792904155810808 
17.109999999973464, -1.1790806579305766 
17.11999999997344, -1.1788706667762499 
17.129999999973418, -1.178654563485793 
17.139999999973394, -1.1784272905626156 
17.14999999997337, -1.1781849229531498 
17.159999999973348, -1.1779248773968531 
17.169999999973324, -1.177646111837067 
17.1799999999733, -1.1773493395957564 
17.189999999973278, -1.1770372098817035 
17.199999999973254, -1.1767143471715396 
17.20999999997323, -1.1763871098235923 
17.219999999973208, -1.1760629438935681 
17.229999999973185, -1.1757493032196906 
17.23999999997316, -1.1754522933733713 
17.249999999973138, -1.175175411030335 
17.259999999973115, -1.1749188387001819 
17.26999999997309, -1.1746795835360273 
17.279999999973068, -1.1744523708646308 
17.289999999973045, -1.1742308703878148 
17.29999999997302, -1.1740087743688148 
17.309999999972998, -1.1737804547286346 
17.319999999972975, -1.1735412047975586 
17.32999999997295, -1.1732872492650663 
17.339999999972928, -1.173015744415692 
17.349999999972905, -1.1727249380275986 
17.35999999997288, -1.1724145619114819 
17.36999999997286, -1.1720864039774852 
17.379999999972835, -1.1717448539730262 
17.38999999997281, -1.1713970738494135 
17.39999999997279, -1.1710524071320674 
17.409999999972765, -1.1707208363096842 
17.41999999997274, -1.1704107536785286 
17.42999999997272, -1.17012682383991 
17.439999999972695, -1.1698688810034277 
17.449999999972672, -1.1696323606474803 
17.45999999997265, -1.1694099560800284 
17.469999999972625, -1.1691936235108613 
17.479999999972602, -1.1689761104281555 
17.48999999997258, -1.1687516672938045 
17.499999999972555, -1.168516078197706 
17.509999999972532, -1.168266357885436 
17.51999999997251, -1.1680004433802051 
17.529999999972485, -1.167717099502094 
17.539999999972462, -1.1674161480770682 
17.54999999997244, -1.1670990227410998 
17.559999999972415, -1.1667695016117279 
17.569999999972392, -1.166434259303228 
17.57999999997237, -1.1661026928556608 
17.589999999972346, -1.1657855354308766 
17.599999999972322, -1.1654922923241122 
17.6099999999723, -1.1652283824947856 
17.619999999972276, -1.1649933972502695 
17.629999999972252, -1.164781444239804 
17.63999999997223, -1.1645833198417037 
17.649999999972206, -1.1643892618046245 
17.659999999972182, -1.164191027966012 
17.66999999997216, -1.1639827826404812 
17.679999999972136, -1.163761004259197 
17.689999999972112, -1.1635239281621919 
17.69999999997209, -1.163270972464315 
17.709999999972066, -1.1630024047622591 
17.719999999972043, -1.162719346849871 
17.72999999997202, -1.1624241041071603 
17.739999999971996, -1.1621206966595512 
17.749999999971973, -1.1618153168525647 
17.75999999997195, -1.16151627447791 
17.769999999971926, -1.1612329745269916 
17.779999999971903, -1.1609738149188011 
17.78999999997188, -1.1607435986271457 
17.799999999971856, -1.1605416735473102 
17.809999999971833, -1.160361885023741 
17.81999999997181, -1.1601944394736956 
17.829999999971786, -1.1600286893262681 
17.839999999971763, -1.1598555323205657 
17.84999999997174, -1.1596686567380776 
17.859999999971716, -1.1594646437665506 
17.869999999971693, -1.1592423985786209 
17.87999999997167, -1.1590024235842018 
17.889999999971646, -1.1587462684322811 
17.899999999971623, -1.1584762909143405 
17.9099999999716, -1.1581957186445409 
17.919999999971576, -1.1579088986583848 
17.929999999971553, -1.1576215258083167 
17.93999999997153, -1.1573405563307917 
17.949999999971507, -1.1570735164409747 
17.959999999971483, -1.1568271163684858 
17.96999999997146, -1.156605485947194 
17.979999999971437, -1.156408737645338 
17.989999999971413, -1.1562325869339651 
17.99999999997139, -1.1560692905101904 
18.009999999971367, -1.1559095035186957 
18.019999999971343, -1.1557442795375237 
18.02999999997132, -1.1555665390318386 
18.039999999971297, -1.1553717297006547 
18.049999999971273, -1.1551577876022914 
18.05999999997125, -1.1549247034683119 
18.069999999971227, -1.1546740025808364 
18.079999999971204, -1.1544083436450268 
18.08999999997118, -1.1541313124566122 
18.099999999971157, -1.1538473699803933 
18.109999999971134, -1.1535618227462354 
18.11999999997111, -1.1532806286790858 
18.129999999971087, -1.1530098685962784 
18.139999999971064, -1.1527548428699714 
18.14999999997104, -1.1525189777554103 
18.159999999971017, -1.152302925221284 
18.169999999970994, -1.1521042483939055 
18.17999999997097, -1.1519178525927478 
18.189999999970947, -1.1517369963258852 
18.199999999970924, -1.1515545145682318 
18.2099999999709, -1.1513639007622136 
18.219999999970877, -1.1511600493513954 
18.229999999970854, -1.1509396281146311 
18.23999999997083, -1.150701154578614 
18.249999999970807, -1.1504448880652947 
18.259999999970784, -1.1501726412235338 
18.26999999997076, -1.1498875800609099 
18.279999999970737, -1.1495940281609194 
18.289999999970714, -1.149297229634898 
18.29999999997069, -1.1490029799362993 
18.309999999970668, -1.1487170399938964 
18.319999999970644, -1.1484443353650682 
18.32999999997062, -1.1481880899042296 
18.339999999970598, -1.1479491656560241 
18.349999999970574, -1.147725867840202 
18.35999999997055, -1.1475142986274274 
18.369999999970528, -1.147309112816353 
18.379999999970504, -1.1471043982943625 
18.38999999997048, -1.1468944393512637 
18.399999999970458, -1.1466742575147535 
18.409999999970434, -1.146439953145158 
18.41999999997041, -1.1461889284388247 
18.429999999970388, -1.1459200612325549 
18.439999999970365, -1.1456338536080979 
18.44999999997034, -1.1453325311497564 
18.459999999970318, -1.1450200324283326 
18.469999999970295, -1.1447018071777342 
18.47999999997027, -1.1443843421880089 
18.489999999970248, -1.1440743755117084 
18.499999999970225, -1.1437778624484156 
18.5099999999702, -1.1434989049107631 
18.519999999970178, -1.1432389674752965 
18.529999999970155, -1.142996668008549 
18.53999999997013, -1.1427682162550348 
18.549999999970108, -1.1425482972315208 
18.559999999970085, -1.1423310428704103 
18.56999999997006, -1.142110790964807 
18.57999999997004, -1.1418825187463655 
18.589999999970015, -1.1416420185466443 
18.59999999996999, -1.1413859709935985 
18.60999999996997, -1.1411120661346703 
18.619999999969945, -1.1408192601821967 
18.62999999996992, -1.140508164395483 
18.6399999999699, -1.140181459625016 
18.649999999969875, -1.1398441358164388 
18.659999999969852, -1.1395033095448028 
18.66999999996983, -1.1391674286286952 
18.679999999969805, -1.138844868533209 
18.689999999969782, -1.1385422253019597 
18.69999999996976, -1.1382628658495928 
18.709999999969735, -1.138006302456777 
18.719999999969712, -1.1377686265698275 
18.72999999996969, -1.1375437433126896 
18.739999999969665, -1.1373248267814329 
18.749999999969642, -1.1371054589507261 
18.75999999996962, -1.136880215562579 
18.769999999969595, -1.1366447703826799 
18.779999999969572, -1.136395747234892 
18.78999999996955, -1.1361305595354063 
18.799999999969526, -1.1358474145369633 
18.809999999969502, -1.1355455778980044 
18.81999999996948, -1.135225898120719 
18.829999999969456, -1.1348914592228314 
18.839999999969432, -1.1345480650915758 
18.84999999996941, -1.1342041317229685 
18.859999999969386, -1.133869621108107 
18.869999999969362, -1.1335540173836958 
18.87999999996934, -1.1332639335275982 
18.889999999969316, -1.1330013565652979 
18.899999999969292, -1.1327633623960822 
18.90999999996927, -1.132543367023289 
18.919999999969246, -1.1323331869538895 
18.929999999969223, -1.1321249402592044 
18.9399999999692, -1.1319121799659038 
18.949999999969176, -1.1316901998543485 
18.959999999969153, -1.1314558031179018 
18.96999999996913, -1.1312068932063095 
18.979999999969106, -1.1309421562022735 
18.989999999969083, -1.130660987635276 
18.99999999996906, -1.1303637250479532 
19.009999999969036, -1.130052161791266 
19.019999999969013, -1.1297301936743858 
19.02999999996899, -1.1294042749400561 
19.039999999968966, -1.1290832114221467 
19.049999999968943, -1.1287768846945763 
19.05999999996892, -1.1284939544385622 
19.069999999968896, -1.1282393081267603 
19.079999999968873, -1.128012480281283 
19.08999999996885, -1.1278079057617996 
19.099999999968826, -1.1276168366178034 
19.109999999968803, -1.1274298652209749 
19.11999999996878, -1.127238920637191 
19.129999999968756, -1.1270382028679464 
19.139999999968733, -1.1268241798595386 
19.14999999996871, -1.1265950876146498 
19.159999999968687, -1.126350352372065 
19.169999999968663, -1.126090193284661 
19.17999999996864, -1.1258155147435918 
19.189999999968617, -1.1255280986196359 
19.199999999968593, -1.1252310268624766 
19.20999999996857, -1.1249291594571278 
19.219999999968547, -1.1246293554486197 
19.229999999968523, -1.124340034377469 
19.2399999999685, -1.1240697949812257 
19.249999999968477, -1.123825255467729 
19.259999999968453, -1.1236088963936763 
19.26999999996843, -1.1234179858621958 
19.279999999968407, -1.1232452373499013 
19.289999999968384, -1.1230809000874475 
19.29999999996836, -1.1229152485742238 
19.309999999968337, -1.122740444694477 
19.319999999968314, -1.1225513248240557 
19.32999999996829, -1.1223452727230199 
19.339999999968267, -1.1221216239492233 
19.349999999968244, -1.1218810173477005 
19.35999999996822, -1.1216249430127765 
19.369999999968197, -1.1213555767284566 
19.379999999968174, -1.121075881759117 
19.38999999996815, -1.1207898788184791 
19.399999999968127, -1.120502902940618 
19.409999999968104, -1.1202215856768243 
19.41999999996808, -1.1199532868955748 
19.429999999968057, -1.1197048529147184 
19.439999999968034, -1.119480928450588 
19.44999999996801, -1.1192824385776072 
19.459999999967987, -1.1191059699029606 
19.469999999967964, -1.1189444292492585 
19.47999999996794, -1.1187887319346659 
19.489999999967917, -1.1186298085265136 
19.499999999967894, -1.11846020326209 
19.50999999996787, -1.1182748841849692 
19.519999999967848, -1.1180712989584696 
19.529999999967824, -1.1178489617566285 
19.5399999999678, -1.1176088989781028 
19.549999999967778, -1.1173531917260031 
19.559999999967754, -1.1170847256387806 
19.56999999996773, -1.1168071465701341 
19.579999999967708, -1.1165249332300724 
19.589999999967684, -1.1162434300689446 
19.59999999996766, -1.1159686473455317 
19.609999999967638, -1.1157066712395014 
19.619999999967614, -1.1154626754512385 
19.62999999996759, -1.1152397610047384 
19.639999999967568, -1.1150380424541568 
19.649999999967545, -1.1148543855522255 
19.65999999996752, -1.1146829479332072 
19.669999999967498, -1.1145163331189347 
19.679999999967475, -1.114346952712743 
19.68999999996745, -1.114168197290903 
19.699999999967428, -1.113975180107807 
19.709999999967405, -1.1137650147099891 
19.71999999996738, -1.1135367300313423 
19.729999999967358, -1.1132909879237447 
19.739999999967335, -1.1130297601349026 
19.74999999996731, -1.1127560689217812 
19.759999999967288, -1.1124738214767969 
19.769999999967265, -1.1121876924786045 
19.77999999996724, -1.111902950017688 
19.78999999996722, -1.1116251024347519 
19.799999999967195, -1.1113592946229747 
19.80999999996717, -1.1111095076749498 
19.81999999996715, -1.110877766253465 
19.829999999967125, -1.110663634979151 
19.8399999999671, -1.1104642122017894 
19.84999999996708, -1.1102746351371624 
19.859999999967055, -1.1100889180728308 
19.869999999967032, -1.1099008673066222 
19.87999999996701, -1.1097048658126707 
19.889999999966985, -1.10949642833228 
19.899999999966962, -1.109272520143625 
19.90999999996694, -1.1090316813489265 
19.919999999966915, -1.1087740124225867 
19.929999999966892, -1.1085010734209408 
19.93999999996687, -1.1082157357040048 
19.949999999966845, -1.1079219995552654 
19.959999999966822, -1.1076247552397347 
19.9699999999668, -1.1073294333202877 
19.979999999966775, -1.1070414892883993 
19.989999999966752, -1.1067657216294855 
19.99999999996673, -1.1065055252102438 
20.009999999966706, -1.1062622790135008 
20.019999999966682, -1.1060350796884164 
20.02999999996666, -1.1058209236327694 
20.039999999966636, -1.1056152659575174 
20.049999999966612, -1.105412756324626 
20.05999999996659, -1.1052079413826756 
20.069999999966566, -1.1049958106879858 
20.079999999966542, -1.1047721707081177 
20.08999999996652, -1.1045338969958474 
20.099999999966496, -1.1042791229148694 
20.109999999966472, -1.1040073947306284 
20.11999999996645, -1.103719785687021 
20.129999999966426, -1.103418933853368 
20.139999999966403, -1.1031089540683197 
20.14999999996638, -1.1027951707211336 
20.159999999966356, -1.102483628310599 
20.169999999966333, -1.1021803744609833 
20.17999999996631, -1.1018905877826344 
20.189999999966286, -1.1016177246447145 
20.199999999966263, -1.1013629251493902 
20.20999999996624, -1.101124878162731 
20.219999999966216, -1.1009001858336076 
20.229999999966193, -1.1006840734356043 
20.23999999996617, -1.1004711829783853 
20.249999999966146, -1.1002562250747452 
20.259999999966123, -1.1000343945158086 
20.2699999999661, -1.0998015867239104 
20.279999999966076, -1.0995545222277252 
20.289999999966053, -1.0992908867035402 
20.29999999996603, -1.0990095475907573 
20.309999999966006, -1.0987108405335184 
20.319999999965983, -1.0983968499072778 
20.32999999996596, -1.0980715550478257 
20.339999999965936, -1.0977406958847786 
20.349999999965913, -1.0974112462161818 
20.35999999996589, -1.0970904808489232 
20.369999999965867, -1.0967847749528663 
20.379999999965843, -1.096498430913184 
20.38999999996582, -1.0962328984779848 
20.399999999965797, -1.0959866555018933 
20.409999999965773, -1.095755762433868 
20.41999999996575, -1.0955348326097618 
20.429999999965727, -1.095318039100326 
20.439999999965703, -1.095099860829045 
20.44999999996568, -1.0948754658233928 
20.459999999965657, -1.094640804892132 
20.469999999965633, -1.0943925738260005 
20.47999999996561, -1.0941282029410986 
20.489999999965587, -1.093845986172829 
20.499999999965564, -1.0935453928403331 
20.50999999996554, -1.0932275189426224 
20.519999999965517, -1.0928955346991516 
20.529999999965494, -1.092554895070982 
20.53999999996547, -1.0922130540463832 
20.549999999965447, -1.0918785243547435 
20.559999999965424, -1.0915593705185809 
20.5699999999654, -1.09126153199944 
20.579999999965377, -1.0909875622350682 
20.589999999965354, -1.0907362670897045 
20.59999999996533, -1.0905033380337517 
20.609999999965307, -1.0902826326980015 
20.619999999965284, -1.0900675420916033 
20.62999999996526, -1.089851993618763 
20.639999999965237, -1.089630927777635 
20.649999999965214, -1.0894003425563663 
20.65999999996519, -1.0891571163058447 
20.669999999965167, -1.0888988167726235 
20.679999999965144, -1.088623647700034 
20.68999999996512, -1.0883306192809399 
20.699999999965097, -1.0880199586345438 
20.709999999965074, -1.0876936824029897 
20.71999999996505, -1.0873561266268217 
20.729999999965028, -1.0870141065412655 
20.739999999965004, -1.0866763599774183 
20.74999999996498, -1.0863521266961016 
20.759999999964958, -1.0860491374436674 
20.769999999964934, -1.0857717195443588 
20.77999999996491, -1.0855198264662476 
20.789999999964888, -1.0852893964699584 
20.799999999964864, -1.085073777686435 
20.80999999996484, -1.0848654984914687 
20.819999999964818, -1.0846576850843055 
20.829999999964794, -1.084444797274295 
20.83999999996477, -1.0842227416177985 
20.849999999964748, -1.083988621066248 
20.859999999964725, -1.0837403921053368 
20.8699999999647, -1.083476623709672 
20.879999999964678, -1.0831964695702951 
20.889999999964655, -1.0828999003387765 
20.89999999996463, -1.0825881767313472 
20.909999999964608, -1.0822644452511188 
20.919999999964585, -1.0819341986195132 
20.92999999996456, -1.0816052207900402 
20.939999999964538, -1.0812866669781047 
20.949999999964515, -1.0809872432631507 
20.95999999996449, -1.0807129921632628 
20.969999999964468, -1.0804656120462748 
20.979999999964445, -1.0802421216070925 
20.98999999996442, -1.0800359941056428 
20.9999999999644, -1.0798391235583658 
21.009999999964375, -1.0796437059234472 
21.01999999996435, -1.0794434132881392 
21.02999999996433, -1.0792337514875616 
21.039999999964305, -1.079011848592544 
21.04999999996428, -1.0787760138896338 
21.05999999996426, -1.0785253316600945 
21.069999999964235, -1.078259440488241 
21.079999999964212, -1.0779785624760463 
21.08999999996419, -1.077683787604567 
21.099999999964165, -1.077377553854302 
21.109999999964142, -1.0770641623127124 
21.11999999996412, -1.0767500349764254 
21.129999999964095, -1.0764433415683632 
21.139999999964072, -1.0761527362390282 
21.14999999996405, -1.0758853499967052 
21.159999999964025, -1.07564473228976 
21.169999999964002, -1.075429705880532 
21.17999999996398, -1.0752347448213129 
21.189999999963955, -1.075051671956071 
21.199999999963932, -1.0748718156428976 
21.20999999996391, -1.0746877234078442 
21.219999999963886, -1.0744939919464396 
21.229999999963862, -1.0742872934039398 
21.23999999996384, -1.0740659460667403 
21.249999999963816, -1.0738293803713015 
21.259999999963792, -1.0735777297476026 
21.26999999996377, -1.0733116525698994 
21.279999999963746, -1.0730324095527772 
21.289999999963722, -1.072742165211019 
21.2999999999637, -1.0724444174005225 
21.309999999963676, -1.0721443635331247 
21.319999999963652, -1.0718489093275543 
21.32999999996363, -1.0715660070312067 
21.339999999963606, -1.0713031999086506 
21.349999999963583, -1.071065677197415 
21.35999999996356, -1.07085459512195 
21.369999999963536, -1.0706665038754593 
21.379999999963513, -1.070494234206878 
21.38999999996349, -1.0703288303321692 
21.399999999963466, -1.0701616395655038 
21.409999999963443, -1.0699857810657247 
21.41999999996342, -1.0697967082696769 
21.429999999963396, -1.069592039325395 
21.439999999963373, -1.0693710253813553 
21.44999999996335, -1.0691339879489237 
21.459999999963326, -1.0688819237487084 
21.469999999963303, -1.0686163538807754 
21.47999999996328, -1.0683394145771012 
21.489999999963256, -1.0680541309163174 
21.499999999963233, -1.0677647526431786 
21.50999999996321, -1.0674769519226133 
21.519999999963186, -1.067197620489632 
21.529999999963163, -1.0669340424036557 
21.53999999996314, -1.0666924423588342 
21.549999999963116, -1.0664762882879204 
21.559999999963093, -1.0662850394800953 
21.56999999996307, -1.066113983302302 
21.579999999963047, -1.0659553210342296 
21.589999999963023, -1.0658000445913436 
21.599999999963, -1.0656398241788059 
21.609999999962977, -1.0654682756140001 
21.619999999962953, -1.0652814004711866 
21.62999999996293, -1.0650773726859706 
21.639999999962907, -1.0648560068513526 
21.649999999962883, -1.0646182091343162 
21.65999999996286, -1.064365592710416 
21.669999999962837, -1.064100324620681 
21.679999999962813, -1.0638251898394038 
21.68999999996279, -1.063543799481466 
21.699999999962767, -1.0632608125763654 
21.709999999962744, -1.0629819828576506 
21.71999999996272, -1.0627138187428231 
21.729999999962697, -1.062462720732183 
21.739999999962674, -1.0622336768511846 
21.74999999996265, -1.0620288904588837 
21.759999999962627, -1.0618468992958732 
21.769999999962604, -1.0616826343428205 
21.77999999996258, -1.0615284681937844 
21.789999999962557, -1.0613758557787645 
21.799999999962534, -1.0612169586404352 
21.80999999996251, -1.0610457615193287 
21.819999999962487, -1.0608585022698445 
21.829999999962464, -1.0606535308698655 
21.83999999996244, -1.0604308605488835 
21.849999999962417, -1.0601916702752414 
21.859999999962394, -1.0599379313067312 
21.86999999996237, -1.0596722296992358 
21.879999999962347, -1.0593977745042977 
21.889999999962324, -1.059118518510655 
21.8999999999623, -1.0588392654744427 
21.909999999962277, -1.0585655991088037 
21.919999999962254, -1.0583034745893507 
21.92999999996223, -1.0580584049886137 
21.939999999962208, -1.0578343615334687 
21.949999999962184, -1.0576327152825205 
21.95999999996216, -1.0574516397084885 
21.969999999962138, -1.057286267516575 
21.979999999962114, -1.0571295948633166 
21.98999999996209, -1.0569738259206294 
21.999999999962068, -1.0568117178472314 
22.009999999962044, -1.05663756285545 
22.01999999996202, -1.0564476476837916 
22.029999999961998, -1.0562402386984675 
22.039999999961974, -1.056015268383081 
22.04999999996195, -1.0557739260950254 
22.059999999961928, -1.055518310309806 
22.069999999961905, -1.0552512232026607 
22.07999999996188, -1.0549761119119307 
22.089999999961858, -1.054697096128299 
22.099999999961835, -1.0544189716160783 
22.10999999996181, -1.0541470532693538 
22.119999999961788, -1.0538867425757545 
22.129999999961765, -1.0536427961631536 
22.13999999996174, -1.0534184236851838 
22.149999999961718, -1.053214485715369 
22.159999999961695, -1.0530290972513001 
22.16999999996167, -1.052857821548376 
22.179999999961648, -1.0526944188348208 
22.189999999961625, -1.0525319186256488 
22.1999999999616, -1.0523637076569698 
22.20999999996158, -1.0521843772752346 
22.219999999961555, -1.0519901995839747 
22.22999999996153, -1.051779234641414 
22.23999999996151, -1.0515511668581825 
22.249999999961485, -1.0513070096845667 
22.25999999996146, -1.0510488070273953 
22.26999999996144, -1.0507794139014437 
22.279999999961415, -1.0505023774213622 
22.289999999961392, -1.0502218784744315 
22.29999999996137, -1.0499426466160178 
22.309999999961345, -1.0496697403819333 
22.319999999961322, -1.0494081111791265 
22.3299999999613, -1.049161952373143 
22.339999999961275, -1.0489339561477795 
22.349999999961252, -1.0487246983452734 
22.35999999996123, -1.0485323757733016 
22.369999999961205, -1.0483530113735409 
22.379999999961182, -1.048181077217885 
22.38999999996116, -1.048010355150503 
22.399999999961135, -1.0478348155280446 
22.409999999961112, -1.047649337263982 
22.41999999996109, -1.0474501731629113 
22.429999999961066, -1.0472351446417494 
22.439999999961042, -1.047003611059982 
22.44999999996102, -1.0467562951612075 
22.459999999960996, -1.0464950549386371 
22.469999999960972, -1.0462226736893303 
22.47999999996095, -1.0459426999900197 
22.489999999960926, -1.0456593196217414 
22.499999999960902, -1.0453771978751143 
22.50999999996088, -1.0451012116352918 
22.519999999960856, -1.044836013953005 
22.529999999960832, -1.0445854452431305 
22.53999999996081, -1.0443519023791537 
22.549999999960786, -1.0441358470870283 
22.559999999960763, -1.043935625212805 
22.56999999996074, -1.0437476713626705 
22.579999999960716, -1.0435670420494252 
22.589999999960693, -1.0433881278887762 
22.59999999996067, -1.0432053783261301 
22.609999999960646, -1.0430139142659611 
22.619999999960623, -1.042809964072178 
22.6299999999606, -1.042591107893342 
22.639999999960576, -1.0423563482511176 
22.649999999960553, -1.0421060465263638 
22.65999999996053, -1.0418417774256832 
22.669999999960506, -1.0415661523933022 
22.679999999960483, -1.0412826440311145 
22.68999999996046, -1.0409954100183059 
22.699999999960436, -1.0407090794014953 
22.709999999960413, -1.0404284456423984 
22.71999999996039, -1.0401580279777227 
22.729999999960366, -1.0399015210764364 
22.739999999960343, -1.0396612323232266 
22.74999999996032, -1.0394376607017912 
22.759999999960296, -1.0392293571906461 
22.769999999960273, -1.039033119955057 
22.77999999996025, -1.0388444657520148 
22.789999999960227, -1.0386582450771422 
22.799999999960203, -1.0384692626489977 
22.80999999996018, -1.0382728086440824 
22.819999999960157, -1.0380650596831726 
22.829999999960133, -1.0378433443336568 
22.83999999996011, -1.037606282901578 
22.849999999960087, -1.0373538169262146 
22.859999999960063, -1.037087149425011 
22.86999999996004, -1.0368086217878911 
22.879999999960017, -1.0365215498127427 
22.889999999959993, -1.0362300249844838 
22.89999999995997, -1.0359386630751746 
22.909999999959947, -1.0356522661883227 
22.919999999959924, -1.0353753751503663 
22.9299999999599, -1.0351117350369834 
22.939999999959877, -1.0348637625370491 
22.949999999959854, -1.0346321508567526 
22.95999999995983, -1.0344157359249895 
22.969999999959807, -1.0342116704748576 
22.979999999959784, -1.0340158506302364 
22.98999999995976, -1.0338234714059777 
22.999999999959737, -1.0336295837337923 
23.009999999959714, -1.0334295709983576 
23.01999999995969, -1.0332195179899846 
23.029999999959667, -1.0329964791026494 
23.039999999959644, -1.0327586597633798 
23.04999999995962, -1.0325055180228895 
23.059999999959597, -1.0322377871970236 
23.069999999959574, -1.0319574216317113 
23.07999999995955, -1.0316674714337857 
23.089999999959527, -1.0313718898896496 
23.099999999959504, -1.0310752667846859 
23.10999999995948, -1.0307824707030815 
23.119999999959457, -1.030498189921038 
23.129999999959434, -1.030226396236617 
23.13999999995941, -1.0299698112583928 
23.149999999959388, -1.029729498856864 
23.159999999959364, -1.029504702506205 
23.16999999995934, -1.0292929794635652 
23.179999999959318, -1.0290905864997615 
23.189999999959294, -1.0288929998410459 
23.19999999995927, -1.0286954415881808 
23.209999999959248, -1.0284933284480793 
23.219999999959224, -1.0282826183150922 
23.2299999999592, -1.0280600707592424 
23.239999999959178, -1.0278234464378153 
23.249999999959154, -1.0275716570997393 
23.25999999995913, -1.027304859947062 
23.269999999959108, -1.0270244809050761 
23.279999999959085, -1.0267331530819788 
23.28999999995906, -1.02643456247757 
23.299999999959038, -1.0261331951274182 
23.309999999959015, -1.025833978699172 
23.31999999995899, -1.02554181764506 
23.329999999958968, -1.0252610469796286 
23.339999999958945, -1.0249948756457345 
23.34999999995892, -1.0247449341083046 
23.359999999958898, -1.0245110467284297 
23.369999999958875, -1.0242912967012088 
23.37999999995885, -1.0240823584840124 
23.389999999958828, -1.0238799906843143 
23.399999999958805, -1.0236795561654717 
23.40999999995878, -1.0234764707887958 
23.41999999995876, -1.0232665455366332 
23.429999999958735, -1.0230462389657702 
23.43999999995871, -1.0228128565718841 
23.44999999995869, -1.0225647228250103 
23.459999999958665, -1.0223013264498444 
23.46999999995864, -1.0220234175796326 
23.47999999995862, -1.0217330269134117 
23.489999999958595, -1.0214333814869174 
23.499999999958572, -1.021128701464341 
23.50999999995855, -1.0208238711273008 
23.519999999958525, -1.0205239872409888 
23.529999999958502, -1.0202338088953387 
23.53999999995848, -1.0199571706009471 
23.549999999958455, -1.0196964635325196 
23.559999999958432, -1.0194523087944103 
23.56999999995841, -1.0192235134636514 
23.579999999958385, -1.019007317144115 
23.589999999958362, -1.018799844366977 
23.59999999995834, -1.01859662791562 
23.609999999958315, -1.0183930828193595 
23.619999999958292, -1.0181848706514336 
23.62999999995827, -1.017968158000586 
23.639999999958246, -1.0177398099857196 
23.649999999958222, -1.0174975611507213 
23.6599999999582, -1.0172401823927064 
23.669999999958176, -1.0169676315656817 
23.679999999958152, -1.0166811528949171 
23.68999999995813, -1.0163832841934626 
23.699999999958106, -1.016077739163661 
23.709999999958082, -1.015769147069643 
23.71999999995806, -1.0154626484653262 
23.729999999958036, -1.0151633661392068 
23.739999999958012, -1.014875801785604 
23.74999999995799, -1.0146032496542197 
23.759999999957966, -1.0143473493222153 
23.769999999957943, -1.014107891221775 
23.77999999995792, -1.0138829260201174 
23.789999999957896, -1.0136691342811377 
23.799999999957873, -1.0134623359190842 
23.80999999995785, -1.0132580008429748 
23.819999999957826, -1.0130516645834209 
23.829999999957803, -1.0128392219993771 
23.83999999995778, -1.0126171287062555 
23.849999999957756, -1.0123825621178937 
23.859999999957733, -1.012133582626218 
23.86999999995771, -1.0118693044252545 
23.879999999957686, -1.011590052212761 
23.889999999957663, -1.011297458587649 
23.89999999995764, -1.0109944537954836 
23.909999999957616, -1.0106851118632165 
23.919999999957593, -1.0103743374060095 
23.92999999995757, -1.0100674005566117 
23.939999999957546, -1.0097693555842764 
23.949999999957523, -1.0094844152312774 
23.9599999999575, -1.0092153904191123 
23.969999999957476, -1.008963320920318 
23.979999999957453, -1.008727391731337 
23.98999999995743, -1.008505150477838 
23.999999999957407, -1.0082929473953972 
24.009999999957383, -1.0080864614165317 
24.01999999995736, -1.0078811819878077 
24.029999999957337, -1.0076727735628546 
24.039999999957313, -1.0074573194354977 
24.04999999995729, -1.0072314888576546 
24.059999999957267, -1.0069926825990692 
24.069999999957243, -1.0067391929028695 
24.07999999995722, -1.006470379211175 
24.089999999957197, -1.0061868275289039 
24.099999999957173, -1.0058904417407097 
24.10999999995715, -1.0055844150447153 
24.119999999957127, -1.0052730456460595 
24.129999999957104, -1.0049613850939743 
24.13999999995708, -1.0046547351670874 
24.149999999957057, -1.0043580411492876 
24.159999999957034, -1.0040752665707013 
24.16999999995701, -1.0038088667081067 
24.179999999956987, -1.0035594820804379 
24.189999999956964, -1.0033259288293421 
24.19999999995694, -1.0031054771598324 
24.209999999956917, -1.002894321290598 
24.219999999956894, -1.0026881011964826 
24.22999999995687, -1.0024823565100056 
24.239999999956847, -1.0022728559090481 
24.249999999956824, -1.002055811900615 
24.2599999999568, -1.0018280309012708 
24.269999999956777, -1.0015870530344038 
24.279999999956754, -1.001331312969112 
24.28999999995673, -1.0010603174804447 
24.299999999956707, -1.0007748028797665 
24.309999999956684, -1.0004768180877595 
24.31999999995666, -1.0001696815732046 
24.329999999956637, -0.9998577787374853 
24.339999999956614, -0.9995461923760945 
24.34999999995659, -0.9992401874976731 
24.359999999956568, -0.998944603792369 
24.369999999956544, -0.9986632444095228 
24.37999999995652, -0.9983983774951894 
24.389999999956498, -0.9981504649887926 
24.399999999956474, -0.99791818470917 
24.40999999995645, -0.9976987269587531 
24.419999999956428, -0.9974882652288931 
24.429999999956404, -0.997282464956912 
24.43999999995638, -0.9970769188215198 
24.449999999956358, -0.9968674596343521 
24.459999999956334, -0.9966503648509704 
24.46999999995631, -0.996422502659135 
24.479999999956288, -0.9961814714553405 
24.489999999956265, -0.9959257605862041 
24.49999999995624, -0.9956549252812813 
24.509999999956218, -0.9953697379263964 
24.519999999956195, -0.9950722626585546 
24.52999999995617, -0.9947658045894252 
24.539999999956148, -0.9944547041028754 
24.549999999956125, -0.9941439720161626 
24.5599999999561, -0.9938387879241836 
24.569999999956078, -0.9935439129654787 
24.579999999956055, -0.9932631003917022 
24.58999999995603, -0.9929986131606791 
24.599999999956008, -0.9927509567446334 
24.609999999955985, -0.9925188911711379 
24.61999999995596, -0.9922997073903914 
24.62999999995594, -0.9920896754931035 
24.639999999955915, -0.9918845365428892 
24.64999999995589, -0.9916799305301021 
24.65999999995587, -0.9914717108092466 
24.669999999955845, -0.9912561552195932 
24.67999999995582, -0.9910301192290255 
24.6899999999558, -0.9907911791899027 
24.699999999955775, -0.9905377915862029 
24.709999999955752, -0.9902694613164564 
24.71999999995573, -0.9899868835792232 
24.729999999955705, -0.9896920108131653 
24.739999999955682, -0.9893880015092084 
24.74999999995566, -0.9890790261085483 
24.759999999955635, -0.9887699276591336 
24.769999999955612, -0.9884657566508352 
24.77999999995559, -0.9881712227414241 
24.789999999955565, -0.9878901339358613 
24.799999999955542, -0.9876249197103869 
24.80999999995552, -0.9873763401021023 
24.819999999955495, -0.9871434500394562 
24.829999999955472, -0.9869238196854286 
24.83999999995545, -0.986713936925959 
24.849999999955426, -0.9865096760885963 
24.859999999955402, -0.9863067267265663 
24.86999999995538, -0.9861009251477337 
24.879999999955356, -0.985888487896316 
24.889999999955332, -0.9856661832793925 
24.89999999995531, -0.9854314838301352 
24.909999999955286, -0.9851827245577324 
24.919999999955262, -0.9849192624926776 
24.92999999995524, -0.9846416073139126 
24.939999999955216, -0.9843514815449854 
24.949999999955192, -0.9840517744859266 
24.95999999995517, -0.9837463706593494 
24.969999999955146, -0.9834398518141123 
24.979999999955123, -0.9831370868370003 
24.9899999999551, -0.9828427396385591 
24.999999999955076, -0.982560747053334 
