t, s[1].omega / s[0].omega 
0, -0.49999778183760374 
0.009999999999999995, -0.5000411183794784 
0.019999999999999934, -0.5005680668225968 
0.029999999999999874, -0.5014485188910734 
0.04000000000000012, -0.5024676634968579 
0.050000000000000405, -0.5033776348829987 
0.06000000000000069, -0.5039832786392123 
0.07000000000000098, -0.5041979818962409 
0.08000000000000126, -0.5040409826415155 
0.09000000000000155, -0.5036174994558444 
0.10000000000000184, -0.5031456887487729 
0.11000000000000212, -0.503101708079446 
0.12000000000000241, -0.5046316801345945 
0.130000000000002, -0.5106501139424027 
0.1400000000000009, -0.5288440297888672 
0.1499999999999998, -0.579902037166342 
0.1599999999999987, -0.715330135765374 
0.1699999999999976, -1.0051254181290847 
0.1799999999999965, -1.3565776529175173 
0.1899999999999954, -1.5786153834017242 
0.1999999999999943, -1.6862920748676415 
0.2099999999999932, -1.7398947276581787 
0.2199999999999921, -1.768206244358779 
0.229999999999991, -1.7832302997528817 
0.2399999999999899, -1.7907669416465795 
0.2499999999999888, -1.7940819575077114 
0.2599999999999877, -1.795065684426864 
0.2699999999999866, -1.794803271872952 
0.2799999999999855, -1.7939811125815441 
0.2899999999999844, -1.792923995664885 
0.2999999999999833, -1.7914681666244152 
0.3099999999999822, -1.7894814085419106 
0.3199999999999811, -1.7876468092093614 
0.32999999999998, -1.7868650840220348 
0.3399999999999789, -1.786675955934971 
0.3499999999999778, -1.7857113392946193 
0.35999999999997667, -1.7820869409275049 
0.36999999999997557, -1.7704872148938482 
0.37999999999997447, -1.7291471387803274 
0.38999999999997337, -1.5564559489640533 
0.39999999999997227, -0.9516037514472988 
0.40999999999997117, -0.2598959368097193 
0.41999999999997006, -0.008860375134721566 
0.42999999999996896, 0.06719908043152936 
0.43999999999996786, 0.09508065820118321 
0.44999999999996676, 0.10719700496095079 
0.45999999999996566, 0.11306826175787706 
0.46999999999996456, 0.11606515417358074 
0.47999999999996346, 0.11757489694288607 
0.48999999999996235, 0.1182315202538325 
0.49999999999996125, 0.11833212701743309 
0.5099999999999602, 0.11798685956093147 
0.519999999999959, 0.11716201531160772 
0.529999999999958, 0.11565964939085252 
0.5399999999999568, 0.1130454203188818 
0.5499999999999557, 0.10866416081185307 
0.5599999999999546, 0.10330774236903015 
0.5699999999999535, 0.11717232531912498 
0.5799999999999524, 0.3118407328979053 
0.5899999999999513, 0.7961727784114278 
0.5999999999999502, 0.9709318731939274 
0.6099999999999491, 1.0046367110314436 
0.619999999999948, 1.0130362108737325 
0.6299999999999469, 1.0152123941980322 
0.6399999999999458, 1.014723556392472 
0.6499999999999447, 1.0114071725345097 
0.6599999999999436, 1.001554501233854 
0.6699999999999425, 0.9710837224856086 
0.6799999999999414, 0.8861494570935596 
0.6899999999999403, 0.7831664788433785 
0.6999999999999392, 0.7592383036790642 
0.7099999999999381, 0.7656025291577955 
0.719999999999937, 0.7715422482907864 
0.7299999999999359, 0.7746040057616417 
0.7399999999999348, 0.7757146386907124 
0.7499999999999337, 0.7752941169386539 
0.7599999999999326, 0.7728866268571041 
0.7699999999999315, 0.7661317913578655 
0.7799999999999304, 0.7450169264717241 
0.7899999999999293, 0.6484027805107961 
0.7999999999999282, -0.1881636496978906 
0.8099999999999271, -2.9151125614611963 
0.819999999999926, -3.1711986652440816 
0.8299999999999249, -3.1947462698183307 
0.8399999999999238, -3.199633638281495 
0.8499999999999227, -3.2000748593271773 
0.8599999999999216, -3.1977263017327378 
0.8699999999999205, -3.1894213956708777 
0.8799999999999194, -3.1459212719416643 
0.8899999999999183, -2.9156464244444935 
0.8999999999999172, -2.9548439296800346 
0.9099999999999161, -2.977292575748217 
0.919999999999915, -2.9797305197790216 
0.9299999999999139, -2.979156736825319 
0.9399999999999128, -2.979460775953018 
0.9499999999999117, -2.9800271616351344 
0.9599999999999106, -2.979502738870896 
0.9699999999999095, -2.979081573744801 
0.9799999999999084, -2.977668051483099 
0.9899999999999073, -2.9683467843738263 
0.9999999999999062, -2.8632448991851676 
1.0099999999999052, -2.493517113713165 
1.019999999999904, -4.428678345630177 
1.029999999999903, -4.456791352728805 
1.039999999999902, -4.458489313998727 
1.0499999999999008, -4.455054405476707 
1.0599999999998997, -4.421980166738943 
1.0699999999998986, 0.8125035904541867 
1.0799999999998975, 2.4314052502955787 
1.0899999999998964, 2.4480886746811295 
1.0999999999998953, 2.449559214895335 
1.1099999999998942, 2.448760360416823 
1.119999999999893, 2.4454764082242106 
1.129999999999892, 2.437757340602801 
1.1399999999998909, 2.432396312187973 
1.1499999999998898, 2.433885019845194 
1.1599999999998887, 2.434375626247948 
1.1699999999998876, 2.431282111022738 
1.1799999999998865, 2.421724503506151 
1.1899999999998854, 2.4369831064454663 
1.1999999999998843, 2.4611190932717504 
1.2099999999998832, 2.466881793361175 
1.219999999999882, 2.4673003855463316 
1.229999999999881, 2.4640252645202025 
1.2399999999998799, 2.4293260745313736 
1.2499999999998788, -2.952698350304432 
1.2599999999998777, -4.42866185036665 
1.2699999999998766, -4.444950792997695 
1.2799999999998755, -4.445418764230171 
1.2899999999998744, -4.440561446759085 
1.2999999999998733, -4.379901073139784 
1.3099999999998722, -4.2332253791091246 
1.319999999999871, -4.2837606346914585 
1.32999999999987, -4.285389824443412 
1.3399999999998689, -4.284539266505947 
1.3499999999998678, -4.282072490161847 
1.3599999999998666, -4.27954032977948 
1.3699999999998655, -4.279659300331632 
1.3799999999998644, -4.2748584382734265 
1.3899999999998633, -4.280336165057497 
1.3999999999998622, -4.2859062675358786 
1.4099999999998611, -4.28613202767789 
1.41999999999986, -4.282962466435407 
1.429999999999859, -4.224766622050393 
1.4399999999998578, 3.1205080344529796 
1.4499999999998567, 3.4749305688921397 
1.4599999999998556, 3.4790972721603985 
1.4699999999998545, 3.4750168424474346 
1.4799999999998534, 3.2539393499163642 
1.4899999999998523, -5.236304848998301 
1.4999999999998512, -5.262051064883133 
1.5099999999998501, -5.261385307295399 
1.519999999999849, -5.250921225332357 
1.529999999999848, -5.20977953786746 
1.5399999999998468, -5.229326959327153 
1.5499999999998457, -5.228989582167848 
1.5599999999998446, -5.22769596496118 
1.5699999999998435, -5.224864941202647 
1.5799999999998424, -5.22450360602981 
1.5899999999998413, -5.220296328057406 
1.5999999999998402, -5.226501371042806 
1.6099999999998391, -5.226945723485156 
1.619999999999838, -5.223967720892646 
1.629999999999837, -5.092760271671012 
1.6399999999998358, -5.43080275936103 
1.6499999999998347, -5.4485788355684495 
1.6599999999998336, -5.447585240280601 
1.6699999999998325, -5.424128806137547 
1.6799999999998314, 3.000080415609694 
1.6899999999998303, 3.416186682148569 
1.6999999999998292, 3.4203894411022704 
1.709999999999828, 3.417606203005936 
1.719999999999827, 3.3746632976425808 
1.729999999999826, 3.2435191324055763 
1.7399999999998248, 3.2955243850747955 
1.7499999999998237, 3.2980856558277045 
1.7599999999998226, 3.2977933288974723 
1.7699999999998215, 3.297174424720152 
1.7799999999998204, 3.295065010140454 
1.7899999999998193, 3.2939701126194394 
1.7999999999998182, 3.2934744029725542 
1.809999999999817, 3.2868635326663806 
1.819999999999816, 3.276766707795712 
1.8299999999998149, 3.3173603617655893 
1.8399999999998138, 3.323543770528628 
1.8499999999998127, 3.3229257876722564 
1.8599999999998116, 3.3112802988253094 
1.8699999999998105, -1.8225400952168536 
1.8799999999998094, -5.2555816505099795 
1.8899999999998083, -5.264864755380581 
1.8999999999998072, -5.262974202999681 
1.909999999999806, -5.232507964798911 
1.919999999999805, -0.20350800578573622 
1.9299999999998039, 1.7607589300390878 
1.9399999999998028, 1.828337490622583 
1.9499999999998017, 1.8354918759303955 
1.9599999999998006, 1.836499110361767 
1.9699999999997995, 1.836359137627437 
1.9799999999997984, 1.8364787078401386 
1.9899999999997973, 1.837119669836224 
1.9999999999997962, 1.8376187611364443 
2.0099999999998173, 1.8376222997139222 
2.0199999999998384, 1.8373500552255855 
2.0299999999998595, 1.8367069176131392 
2.0399999999998806, 1.8343511489750852 
2.0499999999999017, 1.822317905696735 
2.059999999999923, 1.6540649131633944 
2.069999999999944, -3.5789727977497483 
2.079999999999965, -3.9903907800832266 
2.089999999999986, -4.004576767178605 
2.100000000000007, -4.005847195479841 
2.1100000000000283, -4.002956689522648 
2.1200000000000494, -3.9850448908664253 
2.1300000000000705, -3.4685918066330323 
2.1400000000000916, -2.5745157710873405 
2.1500000000001127, -2.809529768891278 
2.160000000000134, -2.828092026053194 
2.170000000000155, -2.8301651289012724 
2.180000000000176, -2.8297578159688497 
2.190000000000197, -2.8296923488053674 
2.2000000000002182, -2.8294407923798657 
2.2100000000002393, -2.828306344233846 
2.2200000000002604, -2.8277577905720683 
2.2300000000002815, -2.826869368902662 
2.2400000000003026, -2.820826342584194 
2.2500000000003237, -2.7729597969978097 
2.260000000000345, -2.538065005165287 
2.270000000000366, -3.481944065407968 
2.280000000000387, -3.55981927231241 
2.290000000000408, -3.5681607286264123 
2.3000000000004293, -3.5691642544580433 
2.3100000000004504, -3.56679441448131 
2.3200000000004715, -3.556114702705277 
2.3300000000004926, -3.4608184054753233 
2.3400000000005137, -0.9020085238857896 
2.3500000000005348, 0.6747581032200078 
2.360000000000556, 0.8330890951021084 
2.370000000000577, 0.8610503588117602 
2.380000000000598, 0.8687129224405172 
2.390000000000619, 0.8710013548954227 
2.4000000000006403, 0.8710821966198061 
2.4100000000006614, 0.8696283162659405 
2.4200000000006825, 0.8664450643251242 
2.4300000000007036, 0.8614511920558112 
2.4400000000007247, 0.860147719446646 
2.450000000000746, 0.8896100636167892 
2.460000000000767, 0.9574316584411415 
2.470000000000788, 1.0033597112978072 
2.480000000000809, 1.0209693539064877 
2.49000000000083, 1.0270073650804608 
2.5000000000008513, 1.028688797369552 
2.5100000000008724, 1.027946807491501 
2.5200000000008935, 1.0239636583564953 
2.5300000000009146, 1.0101428196730158 
2.5400000000009357, 0.9442236331270546 
2.550000000000957, 0.493468853231758 
2.560000000000978, -0.3805551291092373 
2.570000000000999, -0.6479417639874855 
2.58000000000102, -0.7179083458206168 
2.5900000000010412, -0.742236895626417 
2.6000000000010624, -0.7522287304854525 
2.6100000000010835, -0.7565624381995424 
2.6200000000011046, -0.7581430336217744 
2.6300000000011257, -0.7579020353874941 
2.6400000000011468, -0.7557598827113696 
2.650000000001168, -0.7506157060534329 
2.660000000001189, -0.7396372328108003 
2.67000000000121, -0.7170085783949063 
2.680000000001231, -0.6744757012602307 
2.6900000000012523, -0.6103006275641923 
2.7000000000012734, -0.5404204815851426 
2.7100000000012945, -0.4844036679255215 
2.7200000000013156, -0.4468604150106909 
2.7300000000013367, -0.42304473292601585 
2.740000000001358, -0.4077510643942235 
2.750000000001379, -0.39757454926039126 
2.7600000000014, -0.39054306758157936 
2.770000000001421, -0.38553188290448903 
2.780000000001442, -0.3818933533648716 
2.7900000000014633, -0.3792568876818818 
2.8000000000014844, -0.37742276704052957 
2.8100000000015055, -0.3763046117835993 
2.8200000000015266, -0.37589897012262063 
2.8300000000015477, -0.3762726733746623 
2.840000000001569, -0.37756453337708196 
2.85000000000159, -0.3800019286931289 
2.860000000001611, -0.38393724313807304 
2.870000000001632, -0.3899159152749859 
2.8800000000016532, -0.3988002227177188 
2.8900000000016743, -0.4119975561512881 
2.9000000000016954, -0.43189213429579815 
2.9100000000017165, -0.462672537970537 
2.9200000000017377, -0.5118449790284605 
2.9300000000017588, -0.5922816259776693 
2.94000000000178, -0.7206644217738919 
2.950000000001801, -0.8961844451246279 
2.960000000001822, -1.065265102459346 
2.970000000001843, -1.1701430598337261 
2.9800000000018643, -1.217545031407123 
2.9900000000018854, -1.236385619307313 
3.0000000000019065, -1.243616024701663 
3.0100000000019276, -1.2461136528480727 
3.0200000000019487, -1.2464252844623434 
3.03000000000197, -1.2456015108937377 
3.040000000001991, -1.2446762637157376 
3.050000000002012, -1.2458741053520594 
3.060000000002033, -1.2523297293792353 
3.070000000002054, -1.2645887521920511 
3.0800000000020753, -1.2791274280413425 
3.0900000000020964, -1.2923685146443127 
3.1000000000021175, -1.3031160922220322 
3.1100000000021386, -1.3116319621923131 
3.1200000000021597, -1.31848561803158 
3.130000000002181, -1.3241205937095468 
3.140000000002202, -1.3287908085096432 
3.150000000002223, -1.3325842854565315 
3.160000000002244, -1.335469436118793 
3.1700000000022652, -1.337380995037424 
3.1800000000022863, -1.3383217690070954 
3.1900000000023074, -1.3384136467260401 
3.2000000000023285, -1.3378851842696562 
3.2100000000023496, -1.3370310107508232 
3.2200000000023707, -1.3361204030876381 
3.230000000002392, -1.335258112238289 
3.240000000002413, -1.3343830648612311 
3.250000000002434, -1.3334850001482115 
3.260000000002455, -1.3327565917746746 
3.2700000000024763, -1.3324113194941107 
3.2800000000024974, -1.3323589510762144 
3.2900000000025185, -1.3321914752548412 
3.3000000000025396, -1.331407920349341 
3.3100000000025607, -1.3295108132698756 
3.3200000000025818, -1.326002818408776 
3.330000000002603, -1.320479403044957 
3.340000000002624, -1.3127872422150162 
3.350000000002645, -1.3030139626448922 
3.360000000002666, -1.2912355263695354 
3.3700000000026873, -1.2772295881283549 
3.3800000000027084, -1.260325270160433 
3.3900000000027295, -1.2394584554993686 
3.4000000000027506, -1.213746540548394 
3.4100000000027717, -1.1842771446955391 
3.420000000002793, -1.1564906490972118 
3.430000000002814, -1.1380038029143063 
3.440000000002835, -1.1307112682532834 
3.450000000002856, -1.129881291389515 
3.460000000002877, -1.1307829545644765 
3.4700000000028983, -1.1312848868872556 
3.4800000000029194, -1.1306042217873378 
3.4900000000029405, -1.1279284976744048 
3.5000000000029616, -1.121296108991675 
3.5100000000029827, -1.1058241962911068 
3.520000000003004, -1.0708971509471559 
3.530000000003025, -1.0010339438891505 
3.540000000003046, -0.8936698344284739 
3.550000000003067, -0.7770817013951089 
3.5600000000030882, -0.6817900079458973 
3.5700000000031094, -0.6142787329879582 
3.5800000000031305, -0.5681876464735225 
3.5900000000031516, -0.536428918638775 
3.6000000000031727, -0.5140959339211675 
3.6100000000031938, -0.49812354006233084 
3.620000000003215, -0.48660637923140887 
3.630000000003236, -0.4783241002320634 
3.640000000003257, -0.4724595520151196 
3.650000000003278, -0.46843767032353856 
3.6600000000032993, -0.46583462766621475 
3.6700000000033204, -0.46432769908123256 
3.6800000000033415, -0.4636687818550523 
3.6900000000033626, -0.4636717431563168 
3.7000000000033837, -0.4642083909796585 
3.710000000003405, -0.46521095578548916 
3.720000000003426, -0.4666805633382169 
3.730000000003447, -0.4687013172109986 
3.740000000003468, -0.4714598689682318 
3.750000000003489, -0.47527329947575403 
3.7600000000035103, -0.48063088325517134 
3.7700000000035314, -0.48823964724071517 
3.7800000000035525, -0.4989898887701084 
3.7900000000035736, -0.5135924046747491 
3.8000000000035947, -0.5316013288636214 
3.810000000003616, -0.5504469724592657 
3.820000000003637, -0.5664654414349083 
3.830000000003658, -0.5776090989967797 
3.840000000003679, -0.5842283813328306 
3.8500000000037002, -0.5876440961624703 
3.8600000000037213, -0.5889551468514326 
3.8700000000037424, -0.588715069167058 
3.8800000000037635, -0.5869159307357382 
3.8900000000037847, -0.5828208365469242 
3.9000000000038058, -0.5741831990582951 
3.910000000003827, -0.5544150360026303 
3.920000000003848, -0.5016123347184391 
3.930000000003869, -0.33849990420547493 
3.94000000000389, 0.05622116000844707 
3.9500000000039113, 0.38359827967355026 
3.9600000000039324, 0.48651696544309503 
3.9700000000039535, 0.5155510122533212 
3.9800000000039746, 0.5252938519767097 
3.9900000000039957, 0.5288661534728443 
4.000000000004016, 0.5298505490217955 
4.010000000003993, 0.5292964790348484 
4.02000000000397, 0.5274085362237646 
4.030000000003946, 0.5241062128745438 
4.040000000003923, 0.5194141760497964 
4.0500000000039, 0.5138304650217915 
4.0600000000038765, 0.5083472339953006 
4.070000000003853, 0.5039172990082 
4.08000000000383, 0.5009277950341524 
4.090000000003807, 0.49922267653784386 
4.100000000003783, 0.49842101843017794 
4.11000000000376, 0.49813643965745846 
4.120000000003737, 0.4980368701710611 
4.130000000003713, 0.4978256330182986 
4.14000000000369, 0.4971827834091793 
4.150000000003667, 0.4956292221456695 
4.1600000000036434, 0.4921483847297914 
4.17000000000362, 0.4839104966673246 
4.180000000003597, 0.46071022913466164 
4.1900000000035735, 0.3702294551639721 
4.20000000000355, -0.18905057338442452 
4.210000000003527, -1.7792568517078973 
4.220000000003504, -2.200576420891947 
4.23000000000348, -2.2580323144130547 
4.240000000003457, -2.269413989752017 
4.250000000003434, -2.271861498438393 
4.26000000000341, -2.271855593356168 
4.270000000003387, -2.271314065695632 
4.280000000003364, -2.270743340547607 
4.2900000000033405, -2.2695373657375173 
4.300000000003317, -2.267886293043193 
4.310000000003294, -2.26714938285372 
4.320000000003271, -2.266849124112677 
4.330000000003247, -2.2647165684797694 
4.340000000003224, -2.2548714051571137 
4.350000000003201, -2.1949437239995473 
4.360000000003177, -1.4685071520811503 
4.370000000003154, 1.6405515521964595 
4.380000000003131, 1.8665353472601762 
4.390000000003107, 1.880885512084014 
4.400000000003084, 1.8827044869033212 
4.410000000003061, 1.8806305401099626 
4.4200000000030375, 1.8681618388030987 
4.430000000003014, 1.7262525478561035 
4.440000000002991, 0.14122718993104622 
4.450000000002968, -0.2203933214835073 
4.460000000002944, -0.21411650629631626 
4.470000000002921, -0.20461291605118123 
4.480000000002898, -0.2006564402438818 
4.490000000002874, -0.19922517423552735 
4.500000000002851, -0.19876947663064998 
4.510000000002828, -0.1986506391043104 
4.520000000002804, -0.19860546989252495 
4.530000000002781, -0.1985276893139796 
4.540000000002758, -0.19839091662787622 
4.5500000000027345, -0.19822972430497116 
4.560000000002711, -0.1981414478570812 
4.570000000002688, -0.198288399141535 
4.580000000002665, -0.19889608001476483 
4.590000000002641, -0.20026440929961065 
4.600000000002618, -0.20282029930388118 
4.610000000002595, -0.20722817951685552 
4.620000000002571, -0.21452823012137773 
4.630000000002548, -0.2261155923379469 
4.640000000002525, -0.24302616273873645 
4.6500000000025015, -0.26412250457338227 
4.660000000002478, -0.28512543136644225 
4.670000000002455, -0.30155862977614634 
4.6800000000024315, -0.312159378203288 
4.690000000002408, -0.31816447963080086 
4.700000000002385, -0.32116924407440417 
4.710000000002362, -0.3222166233844816 
4.720000000002338, -0.32174706651176177 
4.730000000002315, -0.31969685789306423 
4.740000000002292, -0.31551916789487583 
4.750000000002268, -0.30820600461429376 
4.760000000002245, -0.2966798419483697 
4.770000000002222, -0.28100864413648813 
4.7800000000021985, -0.26359503055496447 
4.790000000002175, -0.24798948550774963 
4.800000000002152, -0.23622196227526376 
4.810000000002129, -0.22823275158099499 
4.820000000002105, -0.22307741021939975 
4.830000000002082, -0.219840011281285 
4.840000000002059, -0.217871615623377 
4.850000000002035, -0.21673948552763161 
4.860000000002012, -0.21613490574479483 
4.870000000001989, -0.2158173623828059 
4.880000000001965, -0.21560116063161777 
4.890000000001942, -0.21536173062335706 
4.900000000001919, -0.2150380562998404 
4.9100000000018955, -0.2146276915336199 
4.920000000001872, -0.21419013561795724 
4.930000000001849, -0.21388660643274485 
4.940000000001826, -0.2141100486628303 
4.950000000001802, -0.2158298530031974 
4.960000000001779, -0.22127716540737302 
4.970000000001756, -0.2318938585787073 
4.980000000001732, -0.1693060994432361 
4.990000000001709, 1.2141642751357273 
5.000000000001686, 1.8535611172617188 
5.0100000000016625, 1.885546830934309 
5.020000000001639, 1.8897145527438628 
5.030000000001616, 1.8891031234174438 
5.0400000000015925, 1.8826032556264962 
5.050000000001569, 1.8283325286575902 
5.060000000001546, 0.0968622780375283 
5.070000000001523, -2.1074572110264906 
5.080000000001499, -2.2681303982902774 
5.090000000001476, -2.2872178735624065 
5.100000000001453, -2.2905546652804096 
5.110000000001429, -2.290578638638755 
5.120000000001406, -2.2902328797602327 
5.130000000001383, -2.2908796992195017 
5.1400000000013595, -2.2915465704045666 
5.150000000001336, -2.29146226867069 
5.160000000001313, -2.2912349062472854 
5.17000000000129, -2.290857390031971 
5.180000000001266, -2.2888659735559096 
5.190000000001243, -2.281020440491972 
5.20000000000122, -2.245188732749922 
5.210000000001196, -1.990640856508751 
5.220000000001173, -0.41581015003640387 
5.23000000000115, 0.43655916495088415 
5.240000000001126, 0.5516114115792781 
5.250000000001103, 0.5767305367981955 
5.26000000000108, 0.5846337234295786 
5.2700000000010565, 0.5874900052299932 
5.280000000001033, 0.5883575552278175 
5.29000000000101, 0.5882427376561838 
5.300000000000987, 0.5875823417417061 
5.310000000000963, 0.5866656710705886 
5.32000000000094, 0.5857698394671735 
5.330000000000917, 0.5851766995570916 
5.340000000000893, 0.585128373054691 
5.35000000000087, 0.5857576736348353 
5.360000000000847, 0.5870216508493219 
5.3700000000008234, 0.5886789631117748 
5.3800000000008, 0.590357909204156 
5.390000000000777, 0.5916925816989405 
5.4000000000007535, 0.5924135768665929 
5.41000000000073, 0.5923013598587803 
5.420000000000707, 0.5909769450207846 
5.430000000000684, 0.587381821596992 
5.44000000000066, 0.5780236201563856 
5.450000000000637, 0.5484256694926277 
5.460000000000614, 0.4105815196027856 
5.47000000000059, -0.46109517246996046 
5.480000000000567, -1.6404687434915868 
5.490000000000544, -1.8595612393912635 
5.5000000000005205, -1.8966249676073292 
5.510000000000497, -1.9051274584895572 
5.520000000000474, -1.9070318378072435 
5.5300000000004506, -1.9068890191994732 
5.540000000000427, -1.9065661266987473 
5.550000000000404, -1.9073796812357078 
5.560000000000381, -1.9089153811554784 
5.570000000000357, -1.910004069301926 
5.580000000000334, -1.9104997898417693 
5.590000000000311, -1.9107282634665055 
5.600000000000287, -1.9105093961911859 
5.610000000000264, -1.909095405710472 
5.620000000000241, -1.90512279342975 
5.6300000000002175, -1.89569202550176 
5.640000000000194, -1.8743570633680566 
5.650000000000171, -1.8266277823278148 
5.660000000000148, -1.7172965071319617 
5.670000000000124, -1.4595810998042598 
5.680000000000101, -0.9616575092561119 
5.690000000000078, -0.4836354354967137 
5.700000000000054, -0.25748691965803616 
5.710000000000031, -0.16990529699649642 
5.720000000000008, -0.13343471982925437 
5.729999999999984, -0.1165011195570258 
5.739999999999961, -0.10793381354525593 
5.749999999999938, -0.1033765960164611 
5.7599999999999145, -0.10096194306919468 
5.769999999999891, -0.09984160604693945 
5.779999999999868, -0.09964275837505901 
5.789999999999845, -0.10026072918955697 
5.799999999999821, -0.10179856467999296 
5.809999999999798, -0.10460072368660892 
5.819999999999775, -0.10940101143378674 
5.829999999999751, -0.11770090986386231 
5.839999999999728, -0.13273559767690432 
5.849999999999705, -0.1621316830703222 
5.8599999999996815, -0.2257553276271364 
5.869999999999658, -0.37722386563791704 
5.879999999999635, -0.714931596665573 
5.8899999999996115, -1.1520772698642754 
5.899999999999588, -1.390683319424795 
5.909999999999565, -1.4693078212039847 
5.919999999999542, -1.4934786672377363 
5.929999999999518, -1.5012765409321518 
5.939999999999495, -1.503602547642172 
5.949999999999472, -1.5037467902211872 
5.959999999999448, -1.5031061961143626 
5.969999999999425, -1.5031910872285432 
5.979999999999402, -1.5056167892501022 
5.9899999999993785, -1.5101400670850647 
5.999999999999355, -1.5148635660178382 
6.009999999999332, -1.5186102830779507 
6.019999999999309, -1.521309510716136 
6.029999999999285, -1.5231980664021234 
6.039999999999262, -1.5243927547898277 
6.049999999999239, -1.5248968737699822 
6.059999999999215, -1.524700180225644 
6.069999999999192, -1.5238084461553554 
6.079999999999169, -1.5222182579296308 
6.089999999999145, -1.519880932101943 
6.099999999999122, -1.516675537740816 
6.109999999999099, -1.5123716985062106 
6.1199999999990755, -1.5065393096041046 
6.129999999999052, -1.4984681371085828 
6.139999999999029, -1.4875287545678701 
6.149999999999006, -1.4748015552179496 
6.159999999998982, -1.4647657542563424 
6.169999999998959, -1.461055286865512 
6.179999999998936, -1.4613485740077568 
6.189999999998912, -1.4620291082222152 
6.199999999998889, -1.461442038176355 
6.209999999998866, -1.4582487653168845 
6.2199999999988425, -1.4483554446094506 
6.229999999998819, -1.4151584116797438 
6.239999999998796, -1.2778517388832533 
6.2499999999987725, -0.68861755992025 
6.259999999998749, 0.15876187782354406 
6.269999999998726, 0.4034628861574695 
6.279999999998703, 0.4570019637308745 
6.289999999998679, 0.4728303399939292 
6.299999999998656, 0.4785772558319093 
6.309999999998633, 0.4807101354837153 
6.319999999998609, 0.48115868931268846 
6.329999999998586, 0.4806039763261317 
6.339999999998563, 0.47935490779627854 
6.3499999999985395, 0.4776604484872248 
6.359999999998516, 0.4758240940296388 
6.369999999998493, 0.4741910312209486 
6.37999999999847, 0.47306397676509454 
6.389999999998446, 0.47262884045122666 
6.399999999998423, 0.4729268597338579 
6.4099999999984, 0.47385201078089356 
6.419999999998376, 0.4751616357999201 
6.429999999998353, 0.4765241331550297 
6.43999999999833, 0.4776054766074398 
6.449999999998306, 0.47813131499288286 
6.459999999998283, 0.47784937655155674 
6.46999999999826, 0.476346013057413 
6.4799999999982365, 0.4725761406070371 
6.489999999998213, 0.463380840198693 
6.49999999999819, 0.43720283833877327 
6.509999999998167, 0.33853635645065305 
6.519999999998143, -0.12343421293704249 
6.52999999999812, -1.0090319576218716 
6.539999999998097, -1.3394717863138335 
6.549999999998073, -1.4132256536525383 
6.55999999999805, -1.4325800527901764 
6.569999999998027, -1.438376201053051 
6.5799999999980034, -1.439761923643999 
6.58999999999798, -1.4391679808799387 
6.599999999997957, -1.4377015873324164 
6.6099999999979335, -1.4376754733136923 
6.61999999999791, -1.4433588907376407 
6.629999999997887, -1.455604227912317 
6.639999999997864, -1.4692075526922843 
6.64999999999784, -1.4801322278672138 
6.659999999997817, -1.4879560482056353 
6.669999999997794, -1.4935117264816469 
6.67999999999777, -1.4975291899353362 
6.689999999997747, -1.5004363385255497 
6.699999999997724, -1.50246158564954 
6.7099999999977005, -1.5037159754299676 
6.719999999997677, -1.5042367532693022 
6.729999999997654, -1.5040307216008653 
6.7399999999976306, -1.5031202884141512 
6.749999999997607, -1.5015654209376204 
6.759999999997584, -1.4994227630870314 
6.769999999997561, -1.4966403996896318 
6.779999999997537, -1.4930649834923144 
6.789999999997514, -1.4888310192604652 
6.799999999997491, -1.4849272972605616 
6.809999999997467, -1.482715752245387 
6.819999999997444, -1.4822238217612247 
6.829999999997421, -1.4821577512694448 
6.8399999999973975, -1.4812467695549976 
6.849999999997374, -1.4781293310898878 
6.859999999997351, -1.4697107919171775 
6.869999999997328, -1.4471608758314098 
6.879999999997304, -1.386525395189171 
6.889999999997281, -1.2410216783637131 
6.899999999997258, -0.9916331935150572 
6.909999999997234, -0.7315396879339362 
6.919999999997211, -0.5502741562315704 
6.929999999997188, -0.4445588487647929 
6.939999999997164, -0.38463976351100315 
6.949999999997141, -0.349732176291067 
6.959999999997118, -0.3285869631170777 
6.9699999999970945, -0.31532849953154096 
6.979999999997071, -0.30681353956140084 
6.989999999997048, -0.3012960880690874 
6.999999999997025, -0.297772110265929 
7.009999999997001, -0.29565152327205013 
7.019999999996978, -0.29458967005626774 
7.029999999996955, -0.2944004266820938 
7.039999999996931, -0.29501497405374255 
7.049999999996908, -0.2964707976821795 
7.059999999996885, -0.2989274174895982 
7.0699999999968615, -0.30271569186012137 
7.079999999996838, -0.3084430281818988 
7.089999999996815, -0.3172094109403408 
7.0999999999967915, -0.3310642457471952 
7.109999999996768, -0.35399946525271087 
7.119999999996745, -0.3940346221185061 
7.129999999996722, -0.4664575208599581 
7.139999999996698, -0.591107498357542 
7.149999999996675, -0.7579675588788303 
7.159999999996652, -0.8981262882745666 
7.169999999996628, -0.973142621296654 
7.179999999996605, -1.0049645512652976 
7.189999999996582, -1.0177268026028903 
7.1999999999965585, -1.0227351742635515 
7.209999999996535, -1.024306554308153 
7.219999999996512, -1.023942051158142 
7.229999999996489, -1.0219959215503076 
7.239999999996465, -1.0184986577798707 
7.249999999996442, -1.0148198096172258 
7.259999999996419, -1.0197046742693876 
7.269999999996395, -1.0628245979300048 
7.279999999996372, -1.1863945373913274 
7.289999999996349, -1.3576860023592328 
7.299999999996325, -1.487581504135324 
7.309999999996302, -1.5625631285218737 
7.319999999996279, -1.605316364093825 
7.3299999999962555, -1.6311928944246243 
7.339999999996232, -1.6473885472202903 
7.349999999996209, -1.6573021925563196 
7.359999999996186, -1.6628937205996746 
7.369999999996162, -1.665575775582552 
7.379999999996139, -1.6664045883491632 
7.389999999996116, -1.666138246306605 
7.399999999996092, -1.66534705789408 
7.409999999996069, -1.6643779530693823 
7.419999999996046, -1.6631873970336748 
7.4299999999960225, -1.6616065135659945 
7.439999999995999, -1.659954934457316 
7.449999999995976, -1.658964429434843 
7.4599999999959525, -1.6586933824354815 
7.469999999995929, -1.6582593622014703 
7.479999999995906, -1.6564750724787303 
7.489999999995883, -1.6513349684335108 
7.499999999995859, -1.6375805570264181 
7.509999999995836, -1.600550747375807 
7.519999999995813, -1.504549840712 
7.529999999995789, -1.2953331875965612 
7.539999999995766, -0.9784205357126405 
7.549999999995743, -0.6779119158099157 
7.5599999999957195, -0.4812422821842869 
7.569999999995696, -0.3729256613569121 
7.579999999995673, -0.3150678198936817 
7.58999999999565, -0.28327551344382884 
7.599999999995626, -0.2650635197597172 
7.609999999995603, -0.2542440264680223 
7.61999999999558, -0.24766918193846532 
7.629999999995556, -0.24367432610165682 
7.639999999995533, -0.24135075650063637 
7.64999999999551, -0.24019899284784488 
7.659999999995486, -0.23996064006188372 
7.669999999995463, -0.2405402146204411 
7.67999999999544, -0.24197945744601781 
7.6899999999954165, -0.24447263586849025 
7.699999999995393, -0.2484304859387148 
7.70999999999537, -0.2546269946928525 
7.719999999995347, -0.2645200501887434 
7.729999999995323, -0.28097682684887704 
7.7399999999953, -0.30997816948102797 
7.749999999995277, -0.36452111797557724 
7.759999999995253, -0.47094635336668783 
7.76999999999523, -0.6593161321268949 
7.779999999995207, -0.8864774255841732 
7.789999999995183, -1.0392149497613947 
7.79999999999516, -1.1060117468707296 
7.809999999995137, -1.1312538669312937 
7.8199999999951135, -1.140734431197908 
7.82999999999509, -1.1441462485917433 
7.839999999995067, -1.1448364559428006 
7.849999999995044, -1.143919907375976 
7.85999999999502, -1.1419055781336371 
7.869999999994997, -1.1402216750176466 
7.879999999994974, -1.1440741830201289 
7.88999999999495, -1.1636445472415862 
7.899999999994927, -1.203588738915472 
7.909999999994904, -1.2520248273490853 
7.9199999999948805, -1.2945038187680975 
7.929999999994857, -1.3268614988247385 
7.939999999994834, -1.3509672239748893 
7.9499999999948106, -1.3693667138064405 
7.959999999994787, -1.3837118847504901 
7.969999999994764, -1.3947765280175979 
7.979999999994741, -1.4028414389279955 
7.989999999994717, -1.4081367482827991 
7.999999999994694, -1.4111054101961693 
8.00999999999467, -1.4123529706845814 
8.019999999994647, -1.4124794366563223 
8.029999999994624, -1.4120308461635376 
8.0399999999946, -1.4115137458867215 
8.049999999994577, -1.4112492183238317 
8.059999999994554, -1.4111919206766075 
8.06999999999453, -1.4111207207814287 
8.079999999994508, -1.4109982948103668 
8.089999999994484, -1.410982024206315 
8.099999999994461, -1.4111017580998326 
8.109999999994438, -1.411082047367158 
8.119999999994414, -1.410487668337392 
8.129999999994391, -1.4088662818469317 
8.139999999994368, -1.4057769605753094 
8.149999999994344, -1.4008517683388002 
8.159999999994321, -1.3938852482799082 
8.169999999994298, -1.3847853595572295 
8.179999999994275, -1.3733404629849206 
8.189999999994251, -1.3589326524665837 
8.199999999994228, -1.3403040849001113 
8.209999999994205, -1.3155667408903693 
8.219999999994181, -1.283343515751602 
8.229999999994158, -1.2466804526687412 
8.239999999994135, -1.2164210409855771 
8.249999999994111, -1.2018075911156436 
8.259999999994088, -1.199199469576595 
8.269999999994065, -1.2005110272358823 
8.279999999994041, -1.2016986383210866 
8.289999999994018, -1.2016414767399781 
8.299999999993995, -1.1996776737813133 
8.309999999993972, -1.1940059302304582 
8.319999999993948, -1.1790073140857753 
8.329999999993925, -1.1370788145103519 
8.339999999993902, -1.018467966932897 
8.349999999993878, -0.7562401749972875 
8.359999999993855, -0.4537449747838832 
8.369999999993832, -0.2762684137523323 
8.379999999993808, -0.1965653301332136 
8.389999999993785, -0.15992756006533038 
8.399999999993762, -0.14140382443658145 
8.409999999993738, -0.13115655124156883 
8.419999999993715, -0.12507882320637537 
8.429999999993692, -0.1212968631256904 
8.439999999993669, -0.11889015245809371 
8.449999999993645, -0.1173949752773367 
8.459999999993622, -0.11660330284976257 
8.469999999993599, -0.1164894629857766 
8.479999999993575, -0.117214512916978 
8.489999999993552, -0.1192190851763097 
8.499999999993529, -0.12348908278594536 
8.509999999993505, -0.1322627492830141 
8.519999999993482, -0.15105141369311803 
8.529999999993459, -0.19508767883972625 
8.539999999993436, -0.31159437076746827 
8.549999999993412, -0.6366940481032283 
8.559999999993389, -1.2456432319713604 
8.569999999993366, -1.6807917665328698 
8.579999999993342, -1.850917203939191 
8.589999999993319, -1.917670433080645 
8.599999999993296, -1.946846872145045 
8.609999999993272, -1.9600939947471279 
8.619999999993249, -1.9658456252259118 
8.629999999993226, -1.9679020327168053 
8.639999999993202, -1.9680702747450325 
8.64999999999318, -1.9672759550130163 
8.659999999993156, -1.965953207973985 
8.669999999993133, -1.9639282302830594 
8.67999999999311, -1.9608945995739777 
8.689999999993086, -1.9578583594358332 
8.699999999993063, -1.9566814146513951 
8.70999999999304, -1.9566921877207737 
8.719999999993016, -1.9557507892578851 
8.729999999992993, -1.951188489897285 
8.73999999999297, -1.9324828680644583 
8.749999999992946, -1.8245751960024286 
8.759999999992923, -0.8231692425540851 
8.7699999999929, 1.2368151903574012 
8.779999999992876, 1.4081144548839288 
8.789999999992853, 1.425838109364913 
8.79999999999283, 1.4292007828233078 
8.809999999992806, 1.4288593195299297 
8.819999999992783, 1.4248941310311378 
8.82999999999276, 1.4091738549871948 
8.839999999992736, 1.3302540572685502 
8.849999999992713, 1.0969251239688083 
8.85999999999269, 1.0674375851803104 
8.869999999992666, 1.0982272087878544 
8.879999999992643, 1.1097686341482584 
8.88999999999262, 1.1134992569047508 
8.899999999992596, 1.1141052969399081 
8.909999999992573, 1.112547867932262 
8.91999999999255, 1.1078338641119827 
8.929999999992527, 1.0967200465686981 
8.939999999992503, 1.0836206084975357 
8.94999999999248, 1.1476282844490253 
8.959999999992457, 1.2575843535641784 
8.969999999992433, 1.2960084777447212 
8.97999999999241, 1.3060643171352004 
8.989999999992387, 1.308623227607775 
8.999999999992363, 1.3081599455297197 
9.00999999999234, 1.3040611330724095 
9.019999999992317, 1.2862394752891178 
9.029999999992294, 1.141253831499888 
9.03999999999227, -0.6999276722938788 
9.049999999992247, -1.872988304934148 
9.059999999992224, -1.9911508298575864 
9.0699999999922, -2.0099757375924856 
9.079999999992177, -2.013966347170682 
9.089999999992154, -2.0143060281397274 
9.09999999999213, -2.0137658273438084 
9.109999999992107, -2.0142944205823077 
9.119999999992084, -2.016141072280705 
9.12999999999206, -2.0177045859423006 
9.139999999992037, -2.0184411964669238 
9.149999999992014, -2.018746822481692 
9.15999999999199, -2.018588107868226 
9.169999999991967, -2.017213232119576 
9.179999999991944, -2.0130667298310563 
9.18999999999192, -2.002391703333635 
9.199999999991897, -1.9752683640193456 
9.209999999991874, -1.9041544205263214 
9.21999999999185, -1.7073241387281892 
9.229999999991827, -1.19888823739864 
9.239999999991804, -0.5080890416498778 
9.24999999999178, -0.15729964937239727 
9.259999999991757, -0.03752116292499466 
9.269999999991734, 0.00693101084634667 
9.27999999999171, 0.025829900247138226 
9.289999999991688, 0.03484869595867019 
9.299999999991664, 0.03936977938171819 
9.309999999991641, 0.04152467866067648 
9.319999999991618, 0.042200872667873986 
9.329999999991594, 0.04170576874392013 
9.339999999991571, 0.03996697408149048 
9.349999999991548, 0.03649264518600111 
9.359999999991524, 0.030053798003977415 
9.369999999991501, 0.017730240367606096 
9.379999999991478, -0.007893006867298054 
9.389999999991455, -0.06854537139853716 
9.399999999991431, -0.2358247909951611 
9.409999999991408, -0.6921394063925306 
9.419999999991385, -1.3863767282822523 
9.429999999991361, -1.7932008109780753 
9.439999999991338, -1.9384153322331397 
9.449999999991315, -1.987154322050086 
9.459999999991291, -2.0039226745845116 
9.469999999991268, -2.0096244328854866 
9.479999999991245, -2.0111776545378004 
9.489999999991221, -2.01104697194028 
9.499999999991198, -2.010347124020697 
9.509999999991175, -2.009465666438584 
9.519999999991152, -2.008054695990174 
9.529999999991128, -2.006084437604876 
9.539999999991105, -2.0046909772198362 
9.549999999991082, -2.0043936885844564 
9.559999999991058, -2.003819708657086 
9.569999999991035, -2.000844989490198 
9.579999999991012, -1.989359371849313 
9.589999999990988, -1.9336767631312906 
9.599999999990965, -1.5000673762301622 
9.609999999990942, 0.32058692308949593 
9.619999999990918, 0.8066905324775068 
9.629999999990895, 0.8630263868368464 
9.639999999990872, 0.8752025419468982 
9.649999999990849, 0.8786587008034863 
9.659999999990825, 0.879202480576199 
9.669999999990802, 0.8779722350101178 
9.679999999990779, 0.8747461541552768 
9.689999999990755, 0.8686376781298801 
9.699999999990732, 0.8589910571692103 
9.709999999990709, 0.8473532848772913 
9.719999999990685, 0.8377480477629847 
9.729999999990662, 0.8325497847834866 
9.739999999990639, 0.8307027220868944 
9.749999999990616, 0.8303178739006656 
9.759999999990592, 0.8301998001785436 
9.769999999990569, 0.8296791872049756 
9.779999999990546, 0.8280579879245668 
9.789999999990522, 0.8236772083514875 
9.799999999990499, 0.8103655058747756 
9.809999999990476, 0.7523299115910558 
9.819999999990452, 0.21916004796488106 
9.829999999990429, -2.271796419104734 
9.839999999990406, -2.7224921374784294 
9.849999999990382, -2.776251347912661 
9.85999999999036, -2.78850852017761 
9.869999999990336, -2.7916865659943735 
9.879999999990313, -2.7916775173047994 
9.88999999999029, -2.7896947696234866 
9.899999999990266, -2.7844604104546677 
9.909999999990243, -2.7697037339378974 
9.91999999999022, -2.748533357317931 
9.929999999990196, -2.7514440366807165 
9.939999999990173, -2.755174560539362 
9.94999999999015, -2.754485665540443 
9.959999999990126, -2.751777041414541 
9.969999999990103, -2.755727917388579 
9.97999999999008, -2.7631721279577173 
9.989999999990056, -2.7663447053768033 
9.999999999990033, -2.7672035446471335 
10.00999999999001, -2.7666351732083436 
10.019999999989986, -2.763102179510736 
10.029999999989963, -2.748953396160252 
10.03999999998994, -2.6724609586612877 
10.049999999989916, -1.898723755158829 
10.059999999989893, 0.34251069722333277 
10.06999999998987, 0.6826415261925949 
10.079999999989846, 0.7287576596258744 
10.089999999989823, 0.7402217334568465 
10.0999999999898, 0.7439601954613382 
10.109999999989776, 0.7451971433835884 
10.119999999989753, 0.7454387375368652 
10.12999999998973, 0.7453043383216221 
10.139999999989707, 0.7451946016464419 
10.149999999989683, 0.7454905372855096 
10.15999999998966, 0.7465715231051988 
10.169999999989637, 0.7486766355132077 
10.179999999989613, 0.7516691799393425 
10.18999999998959, 0.7549674747665459 
10.199999999989567, 0.7578516445742809 
10.209999999989543, 0.7598560323605039 
10.21999999998952, 0.7608298132714919 
10.229999999989497, 0.7606921778748577 
10.239999999989474, 0.7590347612881778 
10.24999999998945, 0.7542242771055853 
10.259999999989427, 0.7395345913334183 
10.269999999989404, 0.6758286941498837 
10.27999999998938, 0.1465131477646696 
10.289999999989357, -1.8339890674069703 
10.299999999989334, -2.2379606502777087 
10.30999999998931, -2.2834188886721076 
10.319999999989287, -2.291823751239238 
10.329999999989264, -2.2933484631889263 
10.33999999998924, -2.293074062290883 
10.349999999989217, -2.2926937367824105 
10.359999999989194, -2.2923615790717506 
10.36999999998917, -2.291360948956296 
10.379999999989147, -2.2901961915291253 
10.389999999989124, -2.2898075984748862 
10.3999999999891, -2.2891106833394494 
10.409999999989077, -2.285406046480509 
10.419999999989054, -2.267978490052468 
10.42999999998903, -2.136335319127119 
10.439999999989007, -0.3089296250756278 
10.449999999988984, 1.4288241845761447 
10.45999999998896, 1.5088134734915517 
10.469999999988937, 1.5187274877924175 
10.479999999988914, 1.5203297714712767 
10.48999999998889, 1.5187447566942986 
10.499999999988868, 1.5113609078314398 
10.509999999988844, 1.476270193685547 
10.519999999988821, 1.2841518468533342 
10.529999999988798, 1.1179304971406303 
10.539999999988774, 1.1618894843143857 
10.549999999988751, 1.1814086548169107 
10.559999999988728, 1.1873235636417507 
10.569999999988704, 1.1887496459917453 
10.579999999988681, 1.1878812208347014 
10.589999999988658, 1.184555017014663 
10.599999999988635, 1.177412982876446 
10.609999999988611, 1.1713405808268365 
10.619999999988588, 1.2062570469804448 
10.629999999988565, 1.2706989876920796 
10.639999999988541, 1.3002627199300205 
10.649999999988518, 1.3094345710896103 
10.659999999988495, 1.311971228368888 
10.669999999988471, 1.3116262482191978 
10.679999999988448, 1.307885755071366 
10.689999999988425, 1.291648471425825 
10.699999999988401, 1.1565231769053812 
10.709999999988378, -1.2168377268323654 
10.719999999988355, -2.442984864830216 
10.729999999988332, -2.5139013105573857 
10.739999999988308, -2.5234281894288637 
10.749999999988285, -2.524822539562099 
10.759999999988262, -2.5244444939836734 
10.769999999988238, -2.524018707221841 
10.779999999988215, -2.5232394304027594 
10.789999999988192, -2.521603544179636 
10.799999999988168, -2.520581648437184 
10.809999999988145, -2.520320100241549 
10.819999999988122, -2.518169116908095 
10.829999999988098, -2.506384128260719 
10.839999999988075, -2.415261672271096 
10.849999999988052, -2.0700075177589117 
10.859999999988029, -3.77519998511722 
10.869999999988005, -3.8582638648694947 
10.879999999987982, -3.8651343928666693 
10.889999999987959, -3.8652718275168625 
10.899999999987935, -3.861068090953829 
10.909999999987912, -3.8345329767207836 
10.919999999987889, -2.768148880668946 
10.929999999987865, 1.3268412120138555 
10.939999999987842, 1.4851028655535434 
10.949999999987819, 1.5002818784054264 
10.959999999987796, 1.5031486108890744 
10.969999999987772, 1.5034829145150064 
10.979999999987749, 1.5033048758070757 
10.989999999987726, 1.5036598206330554 
10.999999999987702, 1.505003226316394 
11.009999999987679, 1.5067749683668556 
11.019999999987656, 1.5081210196685786 
11.029999999987632, 1.5087552364967256 
11.039999999987609, 1.5087200632252007 
11.049999999987586, 1.5077543813605039 
11.059999999987562, 1.5041859974123706 
11.06999999998754, 1.4874226062951967 
11.079999999987516, 1.2814438768566632 
11.089999999987493, -2.916191136344403 
11.09999999998747, -3.433083832724269 
11.109999999987446, -3.4610711254913262 
11.119999999987423, -3.4653790107981015 
11.1299999999874, -3.4650407044604554 
11.139999999987376, -3.461383025362811 
11.149999999987353, -3.444924621303761 
11.15999999998733, -3.3674887744832533 
11.169999999987306, -3.37768019438228 
11.179999999987283, -3.3884778678266985 
11.18999999998726, -3.3888461540729273 
11.199999999987236, -3.388387823994196 
11.209999999987213, -3.389208997967149 
11.21999999998719, -3.3887889266166082 
11.229999999987166, -3.388237422278563 
11.239999999987143, -3.3867038068196544 
11.24999999998712, -3.3737672369977325 
11.259999999987096, -3.232443469597257 
11.269999999987073, -3.619403467600199 
11.27999999998705, -3.688667169974643 
11.289999999987026, -3.6956623050343707 
11.299999999987003, -3.6961378409485603 
11.30999999998698, -3.692838342101512 
11.319999999986956, -3.675834437770552 
11.329999999986933, -3.3986535359316554 
11.33999999998691, 1.3272477460581198 
11.349999999986887, 1.6182290023148256 
11.359999999986863, 1.6360441146397666 
11.36999999998684, 1.6390209825204678 
11.379999999986817, 1.6394134867995303 
11.389999999986793, 1.6392052190756523 
11.39999999998677, 1.6388964197411533 
11.409999999986747, 1.6384309475027137 
11.419999999986723, 1.6377051411580965 
11.4299999999867, 1.6369732354473387 
11.439999999986677, 1.6364884560691055 
11.449999999986654, 1.6359262883486074 
11.45999999998663, 1.6341153470163305 
11.469999999986607, 1.6264838493695652 
11.479999999986584, 1.5688962759766611 
11.48999999998656, -0.7273139484562628 
11.499999999986537, -3.756366823355429 
11.509999999986514, -3.80741665111519 
11.51999999998649, -3.8128451342973113 
11.529999999986467, -3.812573037130614 
11.539999999986444, -3.807819560300672 
11.54999999998642, -3.776250797165148 
11.559999999986397, -3.056792801745557 
11.569999999986374, -3.0779393253203717 
11.57999999998635, -3.1421862411592008 
11.589999999986327, -3.1474396234634496 
11.599999999986304, -3.147346947681477 
11.60999999998628, -3.1469697283822256 
11.619999999986257, -3.146254648457654 
11.629999999986234, -3.1445008759303077 
11.63999999998621, -3.1439640599087246 
11.649999999986187, -3.1427727227909243 
11.659999999986164, -3.13312371081863 
11.66999999998614, -3.087316957917991 
11.679999999986117, -3.215942324161322 
11.689999999986094, -3.265828051571541 
11.69999999998607, -3.273850861028122 
11.709999999986048, -3.2753014829715084 
11.719999999986024, -3.2738773832219956 
11.729999999986001, -3.267534961864617 
11.739999999985978, -3.238295791939869 
11.749999999985954, -2.8485265813682124 
11.759999999985931, 0.792652415041105 
11.769999999985908, 1.178341629345437 
11.779999999985884, 1.209783713074034 
11.789999999985861, 1.2160376667269284 
11.799999999985838, 1.2175118031585264 
11.809999999985815, 1.2175970574165593 
11.819999999985791, 1.2174387163086404 
11.829999999985768, 1.2179131588887193 
11.839999999985745, 1.2197168150680835 
11.849999999985721, 1.2226889491392388 
11.859999999985698, 1.2257488654852873 
11.869999999985675, 1.2279653250132634 
11.879999999985651, 1.2291052713212152 
11.889999999985628, 1.2292235010308465 
11.899999999985605, 1.2280568282866964 
11.909999999985581, 1.2238963253166404 
11.919999999985558, 1.2069974484314168 
11.929999999985535, 1.0675845501051404 
11.939999999985512, -1.8916005461637657 
11.949999999985488, -3.1938278707473784 
11.959999999985465, -3.250561115795476 
11.969999999985442, -3.25803763819268 
11.979999999985418, -3.2586658940874593 
11.989999999985395, -3.2568923030944346 
11.999999999985372, -3.2511222857345414 
12.009999999985348, -3.233106171058872 
12.019999999985325, -3.226080302468185 
12.029999999985302, -3.2316902115422663 
12.039999999985278, -3.2316776252880666 
12.049999999985255, -3.2299022802628032 
12.059999999985232, -3.2331960376819415 
12.069999999985209, -3.236133242987216 
12.079999999985185, -3.236631617681442 
12.089999999985162, -3.2360592087003264 
12.099999999985139, -3.2318010032152458 
12.109999999985115, -3.1963682890308407 
12.119999999985092, -1.7028143303144883 
12.129999999985069, 1.9023353934822498 
12.139999999985045, 1.9669158546877945 
12.149999999985022, 1.9728660399706286 
12.159999999984999, 1.9727566684873619 
12.169999999984976, 1.9676538943074688 
12.179999999984952, 1.932507994477691 
12.189999999984929, 1.4600779710978091 
12.199999999984906, 1.2355998322527249 
12.209999999984882, 1.343770345887823 
12.219999999984859, 1.3637919714733115 
12.229999999984836, 1.3683096029608328 
12.239999999984812, 1.3689042906634152 
12.249999999984789, 1.3677534139698888 
12.259999999984766, 1.3658053536249948 
12.269999999984742, 1.36632711475561 
12.27999999998472, 1.375578110046836 
12.289999999984696, 1.3899681457241655 
12.299999999984673, 1.399681342605611 
12.30999999998465, 1.4040098417109084 
12.319999999984626, 1.4053025311032175 
12.329999999984603, 1.4045656272713116 
12.33999999998458, 1.400446441254912 
12.349999999984556, 1.380930715240898 
12.359999999984533, 1.1463228037432966 
12.36999999998451, -2.877507034814073 
12.379999999984486, -3.3610313342812206 
12.389999999984463, -3.384045915939319 
12.39999999998444, -3.3867200447529933 
12.409999999984416, -3.3858854132513323 
12.419999999984393, -3.38257268295621 
12.42999999998437, -3.3715066912669966 
12.439999999984346, -3.361338371566011 
12.449999999984323, -3.366049663035625 
12.4599999999843, -3.3662697861030253 
12.469999999984276, -3.36411911856285 
12.479999999984253, -3.3675301014160914 
12.48999999998423, -3.3707810265147495 
12.499999999984206, -3.371288071729244 
12.509999999984183, -3.37057444493022 
12.51999999998416, -3.3652308034839415 
12.529999999984136, -3.3080944095779556 
12.539999999984113, 0.2847467065288367 
12.54999999998409, 2.1815854196838425 
12.559999999984067, 2.2090578873431506 
12.569999999984043, 2.2116420212705816 
12.57999999998402, 2.2096022608820207 
12.589999999983997, 2.1941144133458357 
12.599999999983973, 1.8615221937180546 
12.60999999998395, -0.04591775354933427 
12.619999999983927, -0.031100134573337684 
12.629999999983903, 0.0342007701913024 
12.63999999998388, 0.06109940383466099 
12.649999999983857, 0.0723495257556563 
12.659999999983834, 0.07741719320079914 
12.66999999998381, 0.07977246250667495 
12.679999999983787, 0.08077288775343118 
12.689999999983764, 0.0809707517996772 
12.69999999998374, 0.0805572723425651 
12.709999999983717, 0.07950630967829789 
12.719999999983694, 0.07758222919639586 
12.72999999998367, 0.07422861264529262 
12.739999999983647, 0.06823051250251387 
12.749999999983624, 0.05674783857703251 
12.7599999999836, 0.0322425732176813 
12.769999999983577, -0.02871191524830507 
12.779999999983554, -0.2116587608820292 
12.78999999998353, -0.7538438580720213 
12.799999999983507, -1.4462156522658345 
12.809999999983484, -1.7066108683559214 
12.81999999998346, -1.7700817197892669 
12.829999999983437, -1.7868611926996572 
12.839999999983414, -1.7916505232856257 
12.84999999998339, -1.7926643184880386 
12.859999999983367, -1.79237447169819 
12.869999999983344, -1.7922072786419512 
12.87999999998332, -1.7930187857844206 
12.889999999983297, -1.7942837067946313 
12.899999999983274, -1.7951524967068326 
12.90999999998325, -1.795579953356914 
12.919999999983228, -1.7958195667826284 
12.929999999983204, -1.7956858995084992 
12.939999999983181, -1.7945500376817047 
12.949999999983158, -1.7914146882094493 
12.959999999983134, -1.7845196491649915 
12.969999999983111, -1.770688462206953 
12.979999999983088, -1.744304364616254 
12.989999999983064, -1.6945039982497445 
12.999999999983041, -1.5967401820476534 
13.009999999983018, -1.3971969514994158 
13.019999999982995, -1.053536546844444 
13.029999999982971, -0.7174844033266594 
13.039999999982948, -0.5383371488952777 
13.049999999982925, -0.46473094500187073 
13.059999999982901, -0.4354710391514932 
13.069999999982878, -0.42365442694736605 
13.079999999982855, -0.4188877453038623 
13.089999999982831, -0.41704714549356936 
13.099999999982808, -0.4164087322516769 
13.109999999982785, -0.41621352715308746 
13.119999999982761, -0.4161119053403618 
13.129999999982738, -0.4159438841547174 
13.139999999982715, -0.4156593461884809 
13.149999999982692, -0.4152972536397489 
13.159999999982668, -0.41497723889285193 
13.169999999982645, -0.41487574461150584 
13.179999999982622, -0.4151891386804948 
13.189999999982598, -0.41610731011263014 
13.199999999982575, -0.41780345213471204 
13.209999999982552, -0.42040786727472323 
13.219999999982528, -0.42392147010054765 
13.229999999982505, -0.4280818933170224 
13.239999999982482, -0.4323242201412182 
13.249999999982458, -0.43598977276877476 
13.259999999982435, -0.43864475649805995 
13.269999999982412, -0.4401871968272026 
13.279999999982389, -0.44070162854407985 
13.289999999982365, -0.44026005351858144 
13.299999999982342, -0.43876886721431285 
13.309999999982319, -0.4357917969181381 
13.319999999982295, -0.4301165044809448 
13.329999999982272, -0.4182894844479043 
13.339999999982249, -0.388532029015566 
13.349999999982225, -0.2908340056397674 
13.359999999982202, 0.058776374964978305 
13.369999999982179, 0.5517325748457805 
13.379999999982156, 0.7124905445896285 
13.389999999982132, 0.7485284380054822 
13.399999999982109, 0.7586927885635208 
13.409999999982086, 0.7618975832854527 
13.419999999982062, 0.762355673352735 
13.429999999982039, 0.7609010544640402 
13.439999999982016, 0.756979773131514 
13.449999999981992, 0.748833529158188 
13.459999999981969, 0.7340220831426107 
13.469999999981946, 0.7130771205183863 
13.479999999981922, 0.6936406961676853 
13.4899999999819, 0.682645084392328 
13.499999999981876, 0.678693964365253 
13.509999999981853, 0.6778614012816856 
13.51999999998183, 0.6778877331319533 
13.529999999981806, 0.6778523236330354 
13.539999999981783, 0.6772934425402011 
13.54999999998176, 0.6756498375806367 
13.559999999981736, 0.6715632116507636 
13.569999999981713, 0.6605470357610077 
13.57999999998169, 0.6219960241577497 
13.589999999981666, 0.39561694930235436 
13.599999999981643, -1.3091854987335199 
13.60999999998162, -2.4657864427406317 
13.619999999981596, -2.606706673322583 
13.629999999981573, -2.6345702632304135 
13.63999999998155, -2.6420520879054354 
13.649999999981526, -2.6437878316416796 
13.659999999981503, -2.6432088139085543 
13.66999999998148, -2.6410254611976987 
13.679999999981456, -2.6358919936152914 
13.689999999981433, -2.624627338521422 
13.69999999998141, -2.6156376131890324 
13.709999999981386, -2.6179788871160534 
13.719999999981363, -2.6192704179045827 
13.72999999998134, -2.616934823296412 
13.739999999981316, -2.6115485193234886 
13.749999999981293, -2.620889378628817 
13.75999999998127, -2.638108740651507 
13.769999999981247, -2.6453813444351297 
13.779999999981223, -2.6477986221906535 
13.7899999999812, -2.6481662721379498 
13.799999999981177, -2.6465522557020784 
13.809999999981153, -2.6411607421991783 
13.81999999998113, -2.6250716629179642 
13.829999999981107, -2.563590485030556 
13.839999999981083, -2.13939581271623 
13.84999999998106, -0.06483968584432434 
13.859999999981037, 0.5544814864762467 
13.869999999981014, 0.6340760421077715 
13.87999999998099, 0.6527465867153208 
13.889999999980967, 0.658790563829055 
13.899999999980944, 0.6608557182708491 
13.90999999998092, 0.6611948695946349 
13.919999999980897, 0.6604901178152824 
13.929999999980874, 0.6589279224237835 
13.93999999998085, 0.6567412544874938 
13.949999999980827, 0.6556660112178152 
13.959999999980804, 0.6640168355293093 
13.96999999998078, 0.700194681800821 
13.979999999980757, 0.7573821853156992 
13.989999999980734, 0.7968828211126656 
13.99999999998071, 0.8143537274908279 
14.009999999980687, 0.8211626877705088 
14.019999999980664, 0.8234846212515814 
14.02999999998064, 0.823431101405337 
14.039999999980617, 0.8210380587139958 
14.049999999980594, 0.8139120435239384 
14.05999999998057, 0.7919991579768392 
14.069999999980547, 0.7132142096464528 
14.079999999980524, 0.48708468098755286 
14.0899999999805, 0.28561624218724113 
14.099999999980477, 0.2411153185003386 
14.109999999980454, 0.23976805090254388 
14.11999999998043, 0.24286915133801434 
14.129999999980408, 0.24514585205907022 
14.139999999980384, 0.24641611463930418 
14.149999999980361, 0.24695057001804419 
14.159999999980338, 0.2468996858784926 
14.169999999980314, 0.24624746631960637 
14.179999999980291, 0.24477672925199254 
14.189999999980268, 0.2419284639795493 
14.199999999980244, 0.23637109690070832 
14.209999999980221, 0.22462811769739907 
14.219999999980198, 0.1959447078469105 
14.229999999980175, 0.10821556522988315 
14.239999999980151, -0.24292595559253605 
14.249999999980128, -1.3081336332583124 
14.259999999980105, -2.0031038987337744 
14.269999999980081, -2.150424843871307 
14.279999999980058, -2.1823122010346863 
14.289999999980035, -2.1904950473199594 
14.299999999980011, -2.1924304429508434 
14.309999999979988, -2.192327881291072 
14.319999999979965, -2.191672469711489 
14.329999999979941, -2.190827797666751 
14.339999999979918, -2.1892732518489875 
14.349999999979895, -2.187267971305933 
14.359999999979872, -2.1863162655876964 
14.369999999979848, -2.1861317177971653 
14.379999999979825, -2.184584061651982 
14.389999999979802, -2.1774586046938706 
14.399999999979778, -2.1404436368761877 
14.409999999979755, -1.7968106815528082 
14.419999999979732, 1.0882181012806271 
14.429999999979708, 1.7830994055040779 
14.439999999979685, 1.8124843249171476 
14.449999999979662, 1.8164301005445918 
14.459999999979638, 1.815804842716695 
14.469999999979615, 1.8096931162751546 
14.479999999979592, 1.767453930388794 
14.489999999979569, 1.0754623053192738 
14.499999999979545, 0.23987618938131336 
14.509999999979522, 0.33500941297591214 
14.519999999979499, 0.3883687293701668 
14.529999999979475, 0.408449286287296 
14.539999999979452, 0.41671668299152664 
14.549999999979429, 0.42033746278980805 
14.559999999979405, 0.42173603202620147 
14.569999999979382, 0.4217118465943067 
14.579999999979359, 0.4202879842336623 
14.589999999979335, 0.4167080428363283 
14.599999999979312, 0.4084949378035483 
14.609999999979289, 0.3872711096383162 
14.619999999979266, 0.3161538816414087 
14.629999999979242, -0.0402295731433313 
14.639999999979219, -1.4641467555356007 
14.649999999979196, -2.219533502277494 
14.659999999979172, -2.3552560699830134 
14.669999999979149, -2.3899837434389535 
14.679999999979126, -2.401432364081996 
14.689999999979102, -2.405278684448537 
14.69999999997908, -2.405981689758009 
14.709999999979056, -2.4050268182460157 
14.719999999979033, -2.4026874560084757 
14.72999999997901, -2.3978310867232393 
14.739999999978986, -2.3886520971751346 
14.749999999978963, -2.380889419924821 
14.75999999997894, -2.3816052690760907 
14.769999999978916, -2.382878643531705 
14.779999999978893, -2.3811379818453635 
14.78999999997887, -2.3735571848044636 
14.799999999978846, -2.3673536495484466 
14.809999999978823, -2.407420075962294 
14.8199999999788, -2.4409916260297986 
14.829999999978776, -2.453051116101692 
14.839999999978753, -2.457454874478738 
14.84999999997873, -2.458947924508298 
14.859999999978706, -2.4586236001302733 
14.869999999978683, -2.4563680674900685 
14.87999999997866, -2.4509651797135694 
14.889999999978636, -2.4381097528826308 
14.899999999978613, -2.399018565203733 
14.90999999997859, -2.227009911475891 
14.919999999978566, -1.7803178026467954 
14.929999999978543, -1.7216498754593055 
14.93999999997852, -1.766984110021681 
14.949999999978496, -1.7822356091488913 
14.959999999978473, -1.7862543640034687 
14.96999999997845, -1.7863775378875875 
14.979999999978427, -1.7843291651809703 
14.989999999978403, -1.782222458406255 
14.99999999997838, -1.7875832191259697 
15.009999999978357, -1.8026826033772796 
15.019999999978333, -1.8167594997708858 
15.02999999997831, -1.8254793081844736 
15.039999999978287, -1.8304546829357484 
15.049999999978263, -1.833310684802397 
15.05999999997824, -1.834798549791771 
15.069999999978217, -1.8351987067344542 
15.079999999978194, -1.8345957877439694 
15.08999999997817, -1.8329458500740075 
15.099999999978147, -1.8300470420836805 
15.109999999978124, -1.8254117005453652 
15.1199999999781, -1.8178876458254845 
15.129999999978077, -1.8048815351014942 
15.139999999978054, -1.782382456208999 
15.14999999997803, -1.753204472009751 
15.159999999978007, -1.7378560315895553 
15.169999999977984, -1.7391814202772058 
15.17999999997796, -1.742357336459572 
15.189999999977937, -1.7431463763060773 
15.199999999977914, -1.7411348773357769 
15.20999999997789, -1.7338068099893995 
15.219999999977867, -1.7141552387457275 
15.229999999977844, -1.7066115495978451 
15.23999999997782, -1.8724737327979395 
15.249999999977797, -2.053096571354832 
15.259999999977774, -2.1183876229497227 
15.26999999997775, -2.141586082494273 
15.279999999977727, -2.1516029598214677 
15.289999999977704, -2.1563828428757312 
15.29999999997768, -2.158460798491604 
15.309999999977657, -2.158786703184172 
15.319999999977634, -2.157700263421113 
15.32999999997761, -2.1551232530960744 
15.339999999977588, -2.1502079254738704 
15.349999999977564, -2.140370571462224 
15.359999999977541, -2.1225544188894085 
15.369999999977518, -2.1072060063864675 
15.379999999977494, -2.1074857437337915 
15.389999999977471, -2.1104862624359138 
15.399999999977448, -2.1106906250797346 
15.409999999977424, -2.1073756451776915 
15.419999999977401, -2.0985713800725816 
15.429999999977378, -2.101397472691278 
15.439999999977355, -2.147792104274575 
15.449999999977331, -2.183643951889681 
15.459999999977308, -2.1986296763368793 
15.469999999977285, -2.204990122897793 
15.479999999977261, -2.2078470695318226 
15.489999999977238, -2.2087972232475677 
15.499999999977215, -2.2082821362708582 
15.509999999977191, -2.206227392037694 
15.519999999977168, -2.2019890812770258 
15.529999999977145, -2.1935355210241596 
15.539999999977121, -2.174231593408467 
15.549999999977098, -2.124113795136805 
15.559999999977075, -2.038279922487912 
15.569999999977052, -2.019768011543893 
15.579999999977028, -2.0334308026149466 
15.589999999977005, -2.0388513120193887 
15.599999999976982, -2.0394468411149025 
15.609999999976958, -2.0372628567297966 
15.619999999976935, -2.0343494155082977 
15.629999999976912, -2.0404905020493755 
15.639999999976888, -2.0561437561441833 
15.649999999976865, -2.0676364862281966 
15.659999999976842, -2.0734889659432114 
15.669999999976818, -2.0763478897275247 
15.679999999976795, -2.0775592514058636 
15.689999999976772, -2.0774675236488216 
15.699999999976749, -2.075991217932054 
15.709999999976725, -2.07272717397593 
15.719999999976702, -2.066690326724939 
15.729999999976679, -2.055341452522291 
15.739999999976655, -2.0311223423110585 
15.749999999976632, -1.9698549032256232 
15.759999999976609, -1.8286709549165256 
15.769999999976585, -1.717737743429344 
15.779999999976562, -1.7237698600364417 
15.789999999976539, -1.7380913283734454 
15.799999999976515, -1.7433070093770682 
15.809999999976492, -1.7441301521894925 
15.819999999976469, -1.742197572614407 
15.829999999976446, -1.7375824589713393 
15.839999999976422, -1.7359759272076551 
15.849999999976399, -1.7565209089414566 
15.859999999976376, -1.7919989689824742 
15.869999999976352, -1.81710379848889 
15.879999999976329, -1.8307605824383804 
15.889999999976306, -1.838263106671588 
15.899999999976282, -1.8426101282085274 
15.90999999997626, -1.8450902278550019 
15.919999999976236, -1.8462494786950963 
15.929999999976213, -1.8463183503785257 
15.93999999997619, -1.8453609618358668 
15.949999999976166, -1.8433149407575868 
15.959999999976143, -1.8399182894875854 
15.96999999997612, -1.8344202812384374 
15.979999999976096, -1.8252696372706645 
15.989999999976073, -1.8114655058385825 
15.99999999997605, -1.798398588103677 
16.009999999976028, -1.794737464819987 
16.019999999976005, -1.796382847550649 
16.02999999997598, -1.7973249672365816 
16.039999999975958, -1.7959121396536617 
16.049999999975935, -1.7895968956346713 
16.05999999997591, -1.767574978866301 
16.069999999975888, -1.7079130069268555 
16.079999999975865, -1.8733177528252973 
16.08999999997584, -2.376991812415056 
16.099999999975818, -2.5031395574839124 
16.109999999975795, -2.530584617839432 
16.11999999997577, -2.53937097887363 
16.129999999975748, -2.5425444311198424 
16.139999999975725, -2.5431205108870376 
16.1499999999757, -2.5418234829066253 
16.15999999997568, -2.538205225589331 
16.169999999975655, -2.5293520150141924 
16.17999999997563, -2.503307373794466 
16.18999999997561, -2.443275790058505 
16.199999999975585, -2.4301386195604655 
16.20999999997556, -2.442599348680036 
16.21999999997554, -2.4459274734503014 
16.229999999975515, -2.4451771589976774 
16.239999999975492, -2.4432616970385848 
16.24999999997547, -2.446478558548292 
16.259999999975445, -2.453153300781116 
16.269999999975422, -2.4568807153375456 
16.2799999999754, -2.458295171348182 
16.289999999975375, -2.458493944944791 
16.299999999975352, -2.4571126600186086 
16.30999999997533, -2.4522285186101223 
16.319999999975305, -2.437276729135714 
16.329999999975282, -2.3846769302903024 
16.33999999997526, -2.1303713748382305 
16.349999999975235, -0.8369613426628766 
16.359999999975212, 0.23541440794634147 
16.36999999997519, 0.4190037008176765 
16.379999999975166, 0.4592630024677691 
16.389999999975142, 0.4720304475605711 
16.39999999997512, 0.47692259427960515 
16.409999999975096, 0.47882001515366995 
16.419999999975072, 0.4792701033794562 
16.42999999997505, 0.4788026541325393 
16.439999999975026, 0.4775381889631799 
16.449999999975002, 0.475416437193039 
16.45999999997498, 0.472631169778007 
16.469999999974956, 0.4719759349043918 
16.479999999974932, 0.48931234905445614 
16.48999999997491, 0.564209745202273 
16.499999999974886, 0.6724687405460374 
16.509999999974863, 0.7325735104973996 
16.51999999997484, 0.7546143786294861 
16.529999999974816, 0.7624251156014665 
16.539999999974793, 0.765044310688019 
16.54999999997477, 0.7651721739752987 
16.559999999974746, 0.7631333671058338 
16.569999999974723, 0.7573968851760358 
16.5799999999747, 0.7426289350967598 
16.589999999974676, 0.7046173411017213 
16.599999999974653, 0.628224805183301 
16.60999999997463, 0.5542554968035062 
16.619999999974606, 0.5272711330421731 
16.629999999974583, 0.5242064283002262 
16.63999999997456, 0.525883937404629 
16.649999999974536, 0.5275179287112433 
16.659999999974513, 0.5284138935783671 
16.66999999997449, 0.5285310865044861 
16.679999999974466, 0.5277372593743997 
16.689999999974443, 0.5255063314074505 
16.69999999997442, 0.5202678149591053 
16.709999999974396, 0.5069020433499244 
16.719999999974373, 0.46373116220224897 
16.72999999997435, 0.2505250614179983 
16.739999999974327, -1.041460256568748 
16.749999999974303, -2.238530529131709 
16.75999999997428, -2.437826290044042 
16.769999999974257, -2.479593459650008 
16.779999999974233, -2.4913888434925586 
16.78999999997421, -2.4948049486854407 
16.799999999974187, -2.4951355521547485 
16.809999999974163, -2.4939325080632724 
16.81999999997414, -2.491252959696227 
16.829999999974117, -2.4855059065252965 
16.839999999974093, -2.476454102819182 
16.84999999997407, -2.4731237435107247 
16.859999999974047, -2.474869435673907 
16.869999999974024, -2.4746861722969644 
16.879999999974, -2.4701651267752522 
16.889999999973977, -2.459911956007649 
16.899999999973954, -2.48100597309759 
16.90999999997393, -2.5183956122630358 
16.919999999973907, -2.532994930421109 
16.929999999973884, -2.537979160212048 
16.93999999997386, -2.539627439779527 
16.949999999973837, -2.539357059995531 
16.959999999973814, -2.5370126860400553 
16.96999999997379, -2.5310553452452553 
16.979999999973767, -2.515805013932878 
16.989999999973744, -2.463574193977342 
16.99999999997372, -2.1719424881623364 
17.009999999973697, -1.2789940943836886 
17.019999999973674, -1.000234913268659 
17.02999999997365, -0.9995121520579753 
17.039999999973627, -1.0177523798757835 
17.049999999973604, -1.0283768354782223 
17.05999999997358, -1.033341157187827 
17.069999999973557, -1.0351606060494085 
17.079999999973534, -1.0348659974086039 
17.08999999997351, -1.0322075098742325 
17.099999999973488, -1.025061620965083 
17.109999999973464, -1.0062495678476169 
17.11999999997344, -0.9507336569499145 
17.129999999973418, -0.7692969563318701 
17.139999999973394, -0.3091949005965766 
17.14999999997337, 0.10776011521108612 
17.159999999973348, 0.25021098946327985 
17.169999999973324, 0.29259359253687167 
17.1799999999733, 0.3075865347621413 
17.189999999973278, 0.3136955076914226 
17.199999999973254, 0.31626742423594373 
17.20999999997323, 0.3171380320555403 
17.219999999973208, 0.3170510167579048 
17.229999999973185, 0.31639056700088397 
17.23999999997316, 0.31544173153759203 
17.249999999973138, 0.31447798417164136 
17.259999999973115, 0.31377373869080866 
17.26999999997309, 0.31360177967248887 
17.279999999973068, 0.31424833857545614 
17.289999999973045, 0.31602720128664047 
17.29999999997302, 0.3192176991778346 
17.309999999972998, 0.32384559938598323 
17.319999999972975, 0.3294005516456234 
17.32999999997295, 0.33487894238870297 
17.339999999972928, 0.33932241649610545 
17.349999999972905, 0.3422919456940502 
17.35999999997288, 0.34380438619310216 
17.36999999997286, 0.3439778409037294 
17.379999999972835, 0.34270811019150266 
17.38999999997281, 0.3393373402591129 
17.39999999997279, 0.3319953348474115 
17.409999999972765, 0.31604769294877627 
17.41999999997274, 0.28174340509724743 
17.42999999997272, 0.21889093428730672 
17.439999999972695, 0.14319095526893258 
17.449999999972672, 0.09062612885320133 
17.45999999997265, 0.06589609476585873 
17.469999999972625, 0.05564566661354249 
17.479999999972602, 0.05124629559997681 
17.48999999997258, 0.04918809498628459 
17.499999999972555, 0.048154468369376764 
17.509999999972532, 0.047622575353765004 
17.51999999997251, 0.047344029493533155 
17.529999999972485, 0.04714878876217756 
17.539999999972462, 0.04686335859648986 
17.54999999997244, 0.046271897256496324 
17.559999999972415, 0.045081674339947746 
17.569999999972392, 0.042844355982002154 
17.57999999997237, 0.038748517949041446 
17.589999999972346, 0.03109480233345525 
17.599999999972322, 0.01595405595336473 
17.6099999999723, -0.01597840410448562 
17.619999999972276, -0.0851020365286002 
17.629999999972252, -0.21230922756496523 
17.63999999997223, -0.3580300767539471 
17.649999999972206, -0.4517328599194439 
17.659999999972182, -0.49470928975737927 
17.66999999997216, -0.5130604246918817 
17.679999999972136, -0.5211415274482997 
17.689999999972112, -0.5246934945899382 
17.69999999997209, -0.5258918362873227 
17.709999999972066, -0.5254524643376348 
17.719999999972043, -0.5233217409565143 
17.72999999997202, -0.5188013008718922 
17.739999999971996, -0.5105018359770048 
17.749999999971973, -0.49666975586748385 
17.75999999997195, -0.4767346663392473 
17.769999999971926, -0.4533915785140986 
17.779999999971903, -0.43156310126984776 
17.78999999997188, -0.41447543523529384 
17.799999999971856, -0.40237652557923037 
17.809999999971833, -0.39410974693598877 
17.81999999997181, -0.38845243500430165 
17.829999999971786, -0.3845103569879843 
17.839999999971763, -0.3816943332217493 
17.84999999997174, -0.3796271604073096 
17.859999999971716, -0.3780783379961873 
17.869999999971693, -0.37693025885079356 
17.87999999997167, -0.37616282235585047 
17.889999999971646, -0.37585086141082313 
17.899999999971623, -0.3761778647690137 
17.9099999999716, -0.3774747517821963 
17.919999999971576, -0.3802977899074368 
17.929999999971553, -0.38557057852298837 
17.93999999997153, -0.3948357853616831 
17.949999999971507, -0.4106955454523062 
17.959999999971483, -0.4375526525535604 
17.96999999997146, -0.4827084009113114 
17.979999999971437, -0.5573701149298974 
17.989999999971413, -0.6753504057057182 
17.99999999997139, -0.8445067970984624 
18.009999999971367, -1.0499193442694599 
18.019999999971343, -1.2473471410304 
18.02999999997132, -1.3910350399830396 
18.039999999971297, -1.470927426013335 
18.049999999971273, -1.5073717242713722 
18.05999999997125, -1.5222934188112194 
18.069999999971227, -1.5280062239239345 
18.079999999971204, -1.5298422467982347 
18.08999999997118, -1.5299797670054802 
18.099999999971157, -1.5295935826559464 
18.109999999971134, -1.5297485839467664 
18.11999999997111, -1.5310418625209357 
18.129999999971087, -1.5329783106544475 
18.139999999971064, -1.5347340154085598 
18.14999999997104, -1.5360297482181777 
18.159999999971017, -1.5369626286309277 
18.169999999970994, -1.537543482964439 
18.17999999997097, -1.5375771994137692 
18.189999999970947, -1.5367983796826676 
18.199999999970924, -1.5349688730625446 
18.2099999999709, -1.5319029561317417 
18.219999999970877, -1.5274485753109528 
18.229999999970854, -1.5213956594834832 
18.23999999997083, -1.513306135672149 
18.249999999970807, -1.5022608117110072 
18.259999999970784, -1.4865061656835061 
18.26999999997076, -1.4633512141257907 
18.279999999970737, -1.4313294262572909 
18.289999999970714, -1.397671299932441 
18.29999999997069, -1.3782320235915124 
18.309999999970668, -1.3749856361037478 
18.319999999970644, -1.3771258965034963 
18.32999999997062, -1.3787571202233366 
18.339999999970598, -1.3786725263878639 
18.349999999970574, -1.376118063105559 
18.35999999997055, -1.3680842909260316 
18.369999999970528, -1.3424276083815672 
18.379999999970504, -1.2413708763490778 
18.38999999997048, -0.7355687386844405 
18.399999999970458, 0.557146993983588 
18.409999999970434, 0.9113295069506421 
18.41999999997041, 0.9583889221637467 
18.429999999970388, 0.9687525774476331 
18.439999999970365, 0.9715173847697773 
18.44999999997034, 0.9715006503381343 
18.459999999970318, 0.9692449832827957 
18.469999999970295, 0.9632556131220819 
18.47999999997027, 0.9493128066478024 
18.489999999970248, 0.9217668897748179 
18.499999999970225, 0.8879558852153236 
18.5099999999702, 0.8696373465930097 
18.519999999970178, 0.8666143723400859 
18.529999999970155, 0.868003073738312 
18.53999999997013, 0.8693751979189616 
18.549999999970108, 0.8698411331373629 
18.559999999970085, 0.869086620898518 
18.56999999997006, 0.8661916486481573 
18.57999999997004, 0.8576316318189694 
18.589999999970015, 0.8261026214910772 
18.59999999996999, 0.621270869838579 
18.60999999996997, -1.6164781579086402 
18.619999999969945, -2.97326418943034 
18.62999999996992, -3.0521305769031004 
18.6399999999699, -3.0652120803418996 
18.649999999969875, -3.0683284383996217 
18.659999999969852, -3.0681116692841117 
18.66999999996983, -3.0651987824637894 
18.679999999969805, -3.055612654417244 
18.689999999969782, -3.010302941914569 
18.69999999996976, -2.899288044586285 
18.709999999969735, -2.930118272557489 
18.719999999969712, -2.9405317694682536 
18.72999999996969, -2.9412879097087097 
18.739999999969665, -2.9405019179503133 
18.749999999969642, -2.941688046051836 
18.75999999996962, -2.9428128294899496 
18.769999999969595, -2.9426995468964376 
18.779999999969572, -2.9423481398901803 
18.78999999996955, -2.9402806856787946 
18.799999999969526, -2.927459746128206 
18.809999999969502, -2.7579121123243224 
18.81999999996948, 1.5292914603764594 
18.829999999969456, 2.3448232474729216 
18.839999999969432, 2.362281406703448 
18.84999999996941, 2.3636051583300945 
18.859999999969386, 2.359867398550179 
18.869999999969362, 2.321669360191221 
18.87999999996934, -0.7318807919484136 
18.889999999969316, -3.137519549447945 
18.899999999969292, -3.185732513026778 
18.90999999996927, -3.189937927866748 
18.919999999969246, -3.1897401559660112 
18.929999999969223, -3.1887129715595606 
18.9399999999692, -3.1861022449993954 
18.949999999969176, -3.1824925137481737 
18.959999999969153, -3.182549327898458 
18.96999999996913, -3.1817362956774082 
18.979999999969106, -3.1743288050938063 
18.989999999969083, -3.1727841881561876 
18.99999999996906, -3.2046762710902406 
19.009999999969036, -3.214988787709344 
19.019999999969013, -3.2171984027598364 
19.02999999996899, -3.2167467636344407 
19.039999999968966, -3.2125977119342495 
19.049999999968943, -3.1936788890148042 
19.05999999996892, -3.031032282104516 
19.069999999968896, 0.0320482045556104 
19.079999999968873, 1.159781730311939 
19.08999999996885, 1.215694687731246 
19.099999999968826, 1.2248731894533662 
19.109999999968803, 1.2270893053366336 
19.11999999996878, 1.227422487422643 
19.129999999968756, 1.2270216027871648 
19.139999999968733, 1.226235342087004 
19.14999999996871, 1.2252043148522496 
19.159999999968687, 1.224073629267935 
19.169999999968663, 1.2230717727399532 
19.17999999996864, 1.2223930438886597 
19.189999999968617, 1.2220027277529346 
19.199999999968593, 1.221593376862075 
19.20999999996857, 1.220570215522738 
19.219999999968547, 1.2174838501269085 
19.229999999968523, 1.2062535230796825 
19.2399999999685, 1.1364942455978295 
19.249999999968477, -0.3778206309158495 
19.259999999968453, -3.0331902349986777 
19.26999999996843, -3.15849965144105 
19.279999999968407, -3.174826125532319 
19.289999999968384, -3.1781007645907478 
19.29999999996836, -3.177711849625227 
19.309999999968337, -3.1745684821803484 
19.319999999968314, -3.1634388079114406 
19.32999999996829, -3.118732925675986 
19.339999999968267, -3.1016210526127024 
19.349999999968244, -3.1150358283985176 
19.35999999996822, -3.1167765304762027 
19.369999999968197, -3.115672966755375 
19.379999999968174, -3.1167459288887542 
19.38999999996815, -3.1185784514234984 
19.399999999968127, -3.1187460934281592 
19.409999999968104, -3.1184075759232126 
19.41999999996808, -3.1161711433168686 
19.429999999968057, -3.1006769517600885 
19.439999999968034, -2.8050578560874047 
19.44999999996801, 2.327646134983249 
19.459999999967987, 2.6145383539220064 
19.469999999967964, 2.62302799154691 
19.47999999996794, 2.622562377430091 
19.489999999967917, 2.6124365435854564 
19.499999999967894, 2.1825548472305742 
19.50999999996787, -3.8229787560927817 
19.519999999967848, -3.8984443630827315 
19.529999999967824, -3.902005757905415 
19.5399999999678, -3.901097022942614 
19.549999999967778, -3.8974262186129627 
19.559999999967754, -3.8869470683159357 
19.56999999996773, -3.887946009983037 
19.579999999967708, -3.8889744129498416 
19.589999999967684, -3.8868164494047144 
19.59999999996766, -3.889803910739185 
19.609999999967638, -3.8915991364672693 
19.619999999967614, -3.891378411024344 
19.62999999996759, -3.8890246352957383 
19.639999999967568, -3.860395720838106 
19.649999999967545, -3.069335238085124 
19.65999999996752, -4.910393408246329 
19.669999999967498, -4.929299638015637 
19.679999999967475, -4.929340688354138 
19.68999999996745, -4.920604852240534 
19.699999999967428, -4.368389514897599 
19.709999999967405, 2.9500792616128075 
19.71999999996738, 2.9794300131279794 
19.729999999967358, 2.98078286261582 
19.739999999967335, 2.9784036217299557 
19.74999999996731, 2.9647118944652067 
19.759999999967288, 2.938036358458503 
19.769999999967265, 2.9482620781277795 
19.77999999996724, 2.9509687268800775 
19.78999999996722, 2.94979495127601 
19.799999999967195, 2.949812522326112 
19.80999999996717, 2.95317914607843 
19.81999999996715, 2.9545174359106037 
19.829999999967125, 2.95420365864191 
19.8399999999671, 2.9521938057607686 
19.84999999996708, 2.9315272546675843 
19.859999999967055, 1.9964199759310222 
19.869999999967032, 3.850626163012444 
19.87999999996701, 3.8625330284176513 
19.889999999966985, 3.8604568236421173 
19.899999999966962, 3.7635369720927265 
19.90999999996694, -5.883445658439841 
19.919999999966915, -5.910912465624406 
19.929999999966892, -5.90925574935284 
19.93999999996687, -5.865606537383974 
19.949999999966845, -5.796967784740336 
19.959999999966822, -5.8096430686730525 
19.9699999999668, -5.808243216168456 
19.979999999966775, -5.801286913418822 
19.989999999966752, -5.801992379390317 
19.99999999996673, -5.800747529042586 
20.009999999966706, -5.801171932204356 
20.019999999966682, -5.800040797954496 
20.02999999996666, -5.797240946410364 
20.039999999966636, -5.789290841743295 
20.049999999966612, -5.809073292484069 
20.05999999996659, -5.809004535895149 
20.069999999966566, -5.79382024770022 
20.079999999966542, 4.95596831197458 
20.08999999996652, 5.242596544392844 
20.099999999966496, 5.24137261035883 
20.109999999966472, 4.434735878734228 
20.11999999996645, -7.3123203510748 
20.129999999966426, -7.313513465566496 
20.139999999966403, -7.255494677461185 
20.14999999996638, -7.024279034170246 
20.159999999966356, -7.029902831357987 
20.169999999966333, -7.023684321266174 
20.17999999996631, -7.015239270529191 
20.189999999966286, -7.017184905027145 
20.199999999966263, -7.015245915438373 
20.20999999996624, -7.012868759595645 
20.219999999966216, -7.010287779874147 
20.229999999966193, -7.0115727992739565 
20.23999999996617, -7.010229099452632 
20.249999999966146, -6.99430313846193 
20.259999999966123, -7.018104307859074 
20.2699999999661, -7.018546013131828 
20.279999999966076, -6.979696796363699 
20.289999999966053, -8.12332814972822 
20.29999999996603, -8.134803903451068 
20.309999999966006, -8.102081078361776 
20.319999999965983, 6.061800464574981 
20.32999999996596, 6.0675892253003685 
20.339999999965936, 6.008116037592961 
20.349999999965913, -6.536864939007971 
20.35999999996589, -6.550560470837285 
20.369999999965867, -6.546845092240266 
20.379999999965843, -6.513779600230128 
20.38999999996582, -6.530774253884618 
20.399999999965797, -6.529609659205947 
20.409999999965773, -6.525702670021312 
20.41999999996575, -6.525393371019821 
20.429999999965727, -6.523188707175938 
20.439999999965703, -6.524260827145126 
20.44999999996568, -6.52274731827157 
20.459999999965657, -6.503616318016347 
20.469999999965633, -6.5329257457292185 
20.47999999996561, -6.5337637971564515 
20.489999999965587, -6.516189819865835 
20.499999999965564, 6.211932439623228 
20.50999999996554, 6.269973702399492 
20.519999999965517, 6.259791975409254 
20.529999999965494, -8.302906139772846 
20.53999999996547, -8.318590002356478 
20.549999999965447, -8.285286123668502 
20.559999999965424, 4.3228805860094495 
20.5699999999654, 4.397703110669369 
20.579999999965377, 4.398060565491028 
20.589999999965354, 4.392464865336339 
20.59999999996533, 4.3747465472639195 
20.609999999965307, 4.383140736366125 
20.619999999965284, 4.382793537950633 
20.62999999996526, 4.382836601288654 
20.639999999965237, 4.382476597806752 
20.649999999965214, 4.3815305395602975 
20.65999999996519, 4.378442230909617 
20.669999999965167, 4.3607861976887 
20.679999999965144, 4.397833114377376 
20.68999999996512, 4.4004273739668065 
20.699999999965097, 4.396159929629194 
20.709999999965074, 1.945781143695465 
20.71999999996505, -6.542105575641527 
20.729999999965028, -6.545455441800216 
20.739999999965004, -6.533515159805928 
20.74999999996498, 4.442006055330053 
20.759999999964958, 4.607974206281515 
20.769999999964934, 4.608061351859176 
20.77999999996491, 4.586512564345503 
20.789999999964888, 4.5152881342611275 
20.799999999964864, 4.539194198795699 
20.80999999996484, 4.539141216064563 
20.819999999964818, 4.537055256063539 
20.829999999964794, 4.532500004055335 
20.83999999996477, 4.533513178356432 
20.849999999964748, 4.5307941144808215 
20.859999999964725, 4.533019974315519 
20.8699999999647, 4.535541968608345 
20.879999999964678, 4.534598872494234 
20.889999999964655, 4.522644328193322 
20.89999999996463, 4.5610280140027974 
20.909999999964608, 4.635864896073133 
20.919999999964585, 4.635890015896943 
20.92999999996456, 4.597412870861441 
20.939999999964538, -6.555317381865781 
20.949999999964515, -6.581244803863053 
20.95999999996449, -6.577932190940023 
20.969999999964468, -5.633149023489862 
20.979999999964445, 4.106806764412317 
20.98999999996442, 4.11673464360799 
20.9999999999644, 4.115717197807312 
21.009999999964375, 4.104770639074888 
21.01999999996435, 4.0920222999816085 
21.02999999996433, 4.099230120332684 
21.039999999964305, 4.098604785259651 
21.04999999996428, 4.098873018396147 
21.05999999996426, 4.098782967997879 
21.069999999964235, 4.097881409733277 
21.079999999964212, 4.095597568455785 
21.08999999996419, 4.0695591317624125 
21.099999999964165, 4.118537340048469 
21.109999999964142, 4.126914375618434 
21.11999999996412, 4.125468805264013 
21.129999999964095, 4.072615272204783 
21.139999999964072, -6.066842451729935 
21.14999999996405, -6.1003964026362745 
21.159999999964025, -6.09883191283935 
21.169999999964002, -6.037427795986803 
21.17999999996398, 4.03493361863139 
21.189999999963955, 4.066944521037268 
21.199999999963932, 4.0667952925085356 
21.20999999996391, 4.057463248605501 
21.219999999963886, 4.020276537278523 
21.229999999963862, 4.038449832848271 
21.23999999996384, 4.039197612509263 
21.249999999963816, 4.0388557744801075 
21.259999999963792, 4.038284583583853 
21.26999999996377, 4.036887442234627 
21.279999999963746, 4.036082232415255 
21.289999999963722, 4.02665162871787 
21.2999999999637, 4.03781273383929 
21.309999999963676, 4.053950110184319 
21.319999999963652, 4.054268832155753 
21.32999999996363, 4.046000738454995 
21.339999999963606, -4.198736668008565 
21.349999999963583, -6.165907464726662 
21.35999999996356, -6.168513937420659 
21.369999999963536, -6.158643866688387 
21.379999999963513, 3.5053310616585422 
21.38999999996349, 4.218355613683299 
21.399999999963466, 4.22054071555037 
21.409999999963443, 4.214777321212399 
21.41999999996342, 4.134018226758533 
21.429999999963396, 4.17206428345312 
21.439999999963373, 4.174865355007096 
21.44999999996335, 4.174364296471111 
21.459999999963326, 4.172741553285567 
21.469999999963303, 4.170486363352249 
21.47999999996328, 4.170362105052502 
21.489999999963256, 4.164878119369356 
21.499999999963233, 4.1702927675513 
21.50999999996321, 4.178119306343196 
21.519999999963186, 4.17788110940199 
21.529999999963163, 4.169601798089101 
21.53999999996314, 1.9807022873052034 
21.549999999963116, 5.539523541953861 
21.559999999963093, 5.541091598584062 
21.56999999996307, 5.446950844722357 
21.579999999963047, -7.585836139851549 
21.589999999963023, -7.589793020427129 
21.599999999963, -7.551194018386106 
21.609999999962977, -6.645052921835104 
21.619999999962953, -6.664443658172094 
21.62999999996293, -6.661232839749323 
21.639999999962907, -6.636751215498767 
21.649999999962883, -6.648922128696741 
21.65999999996286, -6.647669605342237 
21.669999999962837, -6.644129418541371 
21.679999999962813, -6.643624161031999 
21.68999999996279, -6.641664190651264 
21.699999999962767, -6.642685899537867 
21.709999999962744, -6.640748666058435 
21.71999999996272, -6.618282021581978 
21.729999999962697, -6.654120723103253 
21.739999999962674, -6.653693131067134 
21.74999999996265, -6.595709941838068 
21.759999999962627, 6.005203763339041 
21.769999999962604, 6.015266106277926 
21.77999999996258, 5.986014598127565 
21.789999999962557, -8.074729739981633 
21.799999999962534, -8.080419734731798 
21.80999999996251, -8.015597150351605 
21.819999999962487, -7.216476573793273 
21.829999999962464, -7.222904570913224 
21.83999999996244, -7.214459537604863 
21.849999999962417, -7.20348634939314 
21.859999999962394, -7.205700915043207 
21.86999999996237, -7.202845841943242 
21.879999999962347, -7.2006297878572125 
21.889999999962324, -7.198647014850453 
21.8999999999623, -7.198715759650051 
21.909999999962277, -7.196935338427505 
21.919999999962254, -7.187291432152785 
21.92999999996223, -7.200068890197526 
21.939999999962208, -7.198073599068853 
21.949999999962184, -6.908148568869121 
21.95999999996216, -7.344907768433674 
21.969999999962138, -7.34449576623705 
21.979999999962114, -7.110736442504797 
21.98999999996209, 5.2920162007053335 
21.999999999962068, 5.295697377108588 
22.009999999962044, 5.265942688559631 
22.01999999996202, -6.572534954840289 
22.029999999961998, -6.593034720061391 
22.039999999961974, -6.589552811312207 
22.04999999996195, -6.534237951153597 
22.059999999961928, -6.564729830860863 
22.069999999961905, -6.563771576988108 
22.07999999996188, -6.55910719563757 
22.089999999961858, -6.558897279449994 
22.099999999961835, -6.556984926114104 
22.10999999996181, -6.557354149094555 
22.119999999961788, -6.5558983017242465 
22.129999999961765, -6.543657874561144 
22.13999999996174, -6.5610358216491464 
22.149999999961718, -6.561564404961717 
22.159999999961695, -6.54465405412068 
22.16999999996167, -7.067242262023475 
22.179999999961648, -7.117299792593959 
22.189999999961625, -7.113433314076593 
22.1999999999616, 1.6150511986259304 
22.20999999996158, 5.0590055456357605 
22.219999999961555, 5.059823375909803 
22.22999999996153, 5.008057101141313 
22.23999999996151, 4.217565093494252 
22.249999999961485, 4.265258118715211 
22.25999999996146, 4.265565074388516 
22.26999999996144, 4.261441767584848 
22.279999999961415, 4.248303222065547 
22.289999999961392, 4.253584909689349 
22.29999999996137, 4.253230115744601 
22.309999999961345, 4.2530269171425745 
22.319999999961322, 4.254109699091421 
22.3299999999613, 4.253349606345824 
22.339999999961275, 4.251197252533637 
22.349999999961252, 4.218018681388698 
22.35999999996123, 4.2817670910521235 
22.369999999961205, 4.291223191702871 
22.379999999961182, 4.28939061066615 
22.38999999996116, 4.180645808631651 
22.399999999961135, -6.222469098599749 
22.409999999961112, -6.23877924621078 
22.41999999996109, -6.235599140639172 
22.429999999961066, -5.895065807809315 
22.439999999961042, 4.156672182383877 
22.44999999996102, 4.167335079217114 
22.459999999960996, 4.165939667274606 
22.469999999960972, 4.147292853393898 
22.47999999996095, 4.131454494361122 
22.489999999960926, 4.140916791766056 
22.499999999960902, 4.140543540969353 
22.50999999996088, 4.140431345351779 
22.519999999960856, 4.1390628108090715 
22.529999999960832, 4.138229571809458 
22.53999999996081, 4.1357928749865245 
22.549999999960786, 4.122305449648006 
22.559999999960763, 4.149557604037531 
22.56999999996074, 4.153409029335994 
22.579999999960716, 4.151287640538383 
22.589999999960693, 4.0550622949505435 
22.59999999996067, -6.372230375121751 
22.609999999960646, -6.39208595688333 
22.619999999960623, -6.388863054339934 
22.6299999999606, -5.900916404479004 
22.639999999960576, 4.446680696083498 
22.649999999960553, 4.453581875175192 
22.65999999996053, 4.449667937027805 
22.669999999960506, 4.32899385568485 
22.679999999960483, 4.379542085703953 
22.68999999996046, 4.383831060970118 
22.699999999960436, 4.38318058708787 
22.709999999960413, 4.380039083142032 
22.71999999996039, 4.377539394025195 
22.729999999960366, 4.377847298966404 
22.739999999960343, 4.373949877948977 
22.74999999996032, 4.379249167442366 
22.759999999960296, 4.381268645041688 
22.769999999960273, 4.379983810526985 
22.77999999996025, 4.357005307521142 
22.789999999960227, 4.501510426112621 
22.799999999960203, 4.558813905996618 
22.80999999996018, 4.558264831395137 
22.819999999960157, 4.49577651426921 
22.829999999960133, -6.528484115836932 
22.83999999996011, -6.547458344503229 
22.849999999960087, -6.543574656948534 
22.859999999960063, -5.255469711332441 
22.86999999996004, -5.040579188217557 
22.879999999960017, -5.06267208251848 
22.889999999959993, -5.062111366572916 
22.89999999995997, -5.0570515978863515 
22.909999999959947, -5.046708159318806 
22.919999999959924, -5.0513200366390905 
22.9299999999599, -5.050136173145189 
22.939999999959877, -5.050622969770266 
22.949999999959854, -5.049527433596717 
22.95999999995983, -5.048072535813728 
22.969999999959807, -5.031728435940192 
22.979999999959784, -5.060047334404411 
22.98999999995976, -5.066748559064823 
22.999999999959737, -5.065689434409337 
23.009999999959714, -5.044486440455181 
23.01999999995969, 2.949116074556792 
23.029999999959667, 3.4502580093122375 
23.039999999959644, 3.4547463068127278 
23.04999999995962, 3.4509284124127872 
23.059999999959597, 3.2879968962831265 
23.069999999959574, -4.600549928687684 
23.07999999995955, -4.655894839162863 
23.089999999959527, -4.657006128043551 
23.099999999959504, -4.654273741953851 
23.10999999995948, -4.63890030460356 
23.119999999959457, -4.638561412742435 
23.129999999959434, -4.641048721087069 
23.13999999995941, -4.640126432708192 
23.149999999959388, -4.640531574033549 
23.159999999959364, -4.639449560486153 
23.16999999995934, -4.638123741257516 
23.179999999959318, -4.622491315011331 
23.189999999959294, -4.649133230193506 
23.19999999995927, -4.665306980025059 
23.209999999959248, -4.665996943016441 
23.219999999959224, -4.661070941410827 
23.2299999999592, -4.52177909978134 
23.239999999959178, 2.63570004123518 
23.249999999959154, 2.7302719404126803 
23.25999999995913, 2.73416784691588 
23.269999999959108, 2.7321205335820578 
23.279999999959085, 2.7107559584069554 
23.28999999995906, 2.1253223684578106 
23.299999999959038, 2.2387230062455608 
23.309999999959015, 2.2818442487895516 
23.31999999995899, 2.285958284194876 
23.329999999958968, 2.2860919908965984 
23.339999999958945, 2.2859735875209743 
23.34999999995892, 2.2863715908661204 
23.359999999958898, 2.286370762952154 
23.369999999958875, 2.285779878534076 
23.37999999995885, 2.2852553656818806 
23.389999999958828, 2.2841599390161944 
23.399999999958805, 2.278113989653436 
23.40999999995878, 2.2093672624403893 
23.41999999995876, 2.1107973221341783 
23.429999999958735, 3.1340679216573233 
23.43999999995871, 3.147494728017927 
23.44999999995869, 3.147091214420402 
23.459999999958665, 3.132691253326486 
23.46999999995864, -2.1421993557783683 
23.47999999995862, -5.089016949631766 
23.489999999958595, -5.097413373780553 
23.499999999958572, -5.095630483037511 
23.50999999995855, -5.076268548695599 
23.519999999958525, -5.036702884392334 
23.529999999958502, -5.054036232729887 
23.53999999995848, -5.053615008860585 
23.549999999958455, -5.05221641491961 
23.559999999958432, -5.049203768325047 
23.56999999995841, -5.0490843803178365 
23.579999999958385, -5.044731020401522 
23.589999999958362, -5.050737850026403 
23.59999999995834, -5.051818771463536 
23.609999999958315, -5.04999056855789 
23.619999999958292, -5.004930307119837 
23.62999999995827, -5.279398664583553 
23.639999999958246, -5.349210976785028 
23.649999999958222, -5.35037049061531 
23.6599999999582, -5.342731588378795 
23.669999999958176, -4.329535644083597 
23.679999999958152, 3.331769715202698 
23.68999999995813, 3.3481444924117163 
23.699999999958106, 3.3479202060736144 
23.709999999958082, 3.3382182687254494 
23.71999999995806, 3.2119195992441605 
23.729999999958036, 3.2519968958206826 
23.739999999958012, 3.261759417109296 
23.74999999995799, 3.261915044203002 
23.759999999957966, 3.2617208507448168 
23.769999999957943, 3.2611087885434573 
23.77999999995792, 3.2595302053749258 
23.789999999957896, 3.2590504852280255 
23.799999999957873, 3.256835090408385 
23.80999999995785, 3.2371360251778705 
23.819999999957826, 3.2693895624663307 
23.829999999957803, 3.3012287402951386 
23.83999999995778, 3.3037019080368686 
23.849999999957756, 3.3010056503408314 
23.859999999957733, 3.239027953310051 
23.86999999995771, -5.151439910204426 
23.879999999957686, -5.250989464836957 
23.889999999957663, -5.2529553675219445 
23.89999999995764, -5.2474702790951255 
23.909999999957616, -4.985353005727243 
23.919999999957593, -4.476238385461203 
23.92999999995757, -4.526919667963734 
23.939999999957546, -4.527914208686437 
23.949999999957523, -4.5262097055573856 
23.9599999999575, -4.519575828784357 
23.969999999957476, -4.518327983254606 
23.979999999957453, -4.518866779692743 
23.98999999995743, -4.51712618409869 
23.999999999957407, -4.520027769923259 
24.009999999957383, -4.520078121682553 
24.01999999995736, -4.518778725183209 
24.029999999957337, -4.501314356219934 
24.039999999957313, -4.502673054924504 
24.04999999995729, -4.6697092037779715 
24.059999999957267, -4.675725873438399 
24.069999999957243, -4.674429087407396 
24.07999999995722, -4.659258485955774 
24.089999999957197, -2.949045930742918 
24.099999999957173, 2.6474833854631745 
24.10999999995715, 2.6734441458959646 
24.119999999957127, 2.6750451169586476 
24.129999999957104, 2.6727059269077538 
24.13999999995708, 2.658653673309655 
24.149999999957057, 2.6055273039276186 
24.159999999957034, 2.614954569005566 
24.16999999995701, 2.6231113515634563 
24.179999999956987, 2.623582141317004 
24.189999999956964, 2.6223386887461015 
24.19999999995694, 2.6237424581522104 
24.209999999956917, 2.626984867674666 
24.219999999956894, 2.628171928886543 
24.22999999995687, 2.627930146112126 
24.239999999956847, 2.6261732516942424 
24.249999999956824, 2.612804997396279 
24.2599999999568, 1.8705593434232735 
24.269999999956777, -5.542678174800595 
24.279999999956754, -5.57935843812316 
24.28999999995673, -5.579077667479459 
24.299999999956707, -5.562576933203106 
24.309999999956684, 2.9824891010856938 
24.31999999995666, 3.6322848646968504 
24.329999999956637, 3.6362730997857398 
24.339999999956614, 3.6337980788004183 
24.34999999995659, 3.604942285919717 
24.359999999956568, 3.572147863117211 
24.369999999956544, 3.5897969577060254 
24.37999999995652, 3.5904144059800123 
24.389999999956498, 3.590123309514264 
24.399999999956474, 3.589859879865005 
24.40999999995645, 3.58843740851231 
24.419999999956428, 3.5878996339036333 
24.429999999956404, 3.5843277190770886 
24.43999999995638, 3.5602753180770996 
24.449999999956358, 3.6103183482083723 
24.459999999956334, 3.620118652360964 
24.46999999995631, 3.6197210124826915 
24.479999999956288, 3.6069024433986185 
24.489999999956265, -4.466341632288848 
24.49999999995624, -5.557570118194136 
24.509999999956218, -5.56223611617534 
24.519999999956195, -5.558041784091236 
24.52999999995617, -5.342908821721962 
24.539999999956148, 3.0216531603077823 
24.549999999956125, 3.079861796599552 
24.5599999999561, 3.082139128891209 
24.569999999956078, 3.0813322545092503 
24.579999999956055, 3.077211602466869 
24.58999999995603, 3.0682092526580744 
24.599999999956008, 3.0684066951087576 
24.609999999955985, 3.069818611258553 
24.61999999995596, 3.067409927640127 
24.62999999995594, 3.064988113592744 
24.639999999955915, 3.0748164557827278 
24.64999999995589, 3.0791589006185642 
24.65999999995587, 3.079295996961513 
24.669999999955845, 3.076398693208666 
24.67999999995582, 3.0278480935964893 
24.6899999999558, -5.09602421093797 
24.699999999955775, -5.3306563927148805 
24.709999999955752, -5.33373413423334 
24.71999999995573, -5.329142014211095 
24.729999999955705, -5.152528499340578 
24.739999999955682, 3.307307633343945 
24.74999999995566, 3.3429133140708616 
24.759999999955635, 3.3439698609622694 
24.769999999955612, 3.340924060372744 
24.77999999995559, 3.3219819277913403 
24.789999999955565, 3.3104680178821533 
24.799999999955542, 3.3186955740795385 
24.80999999995552, 3.318804143433647 
24.819999999955495, 3.317960675296463 
24.829999999955472, 3.3199825979594664 
24.83999999995545, 3.320694786171179 
24.849999999955426, 3.3201477931778953 
24.859999999955402, 3.3180507987712247 
24.86999999995538, 3.2907214891224483 
24.879999999955356, 3.3477181226582124 
24.889999999955332, 3.5018904996082774 
24.89999999995531, 3.506298072020183 
24.909999999955286, 3.5032348205342294 
24.919999999955262, 3.3884358772853993 
24.92999999995524, -5.511537313215292 
24.939999999955216, -5.552637326775247 
24.949999999955192, -5.552324202100557 
24.95999999995517, -5.537681231098697 
24.969999999955146, -5.262599448536882 
24.979999999955123, -5.3827002568453235 
24.9899999999551, -5.383565894207601 
24.999999999955076, -5.381040993969996 
