t, s[1].omega / s[0].omega 
0, -1.5393298067889023 
0.009999999999999995, 3.0887749482423645 
0.019999999999999934, 3.101342058785475 
0.029999999999999874, 3.101125391699838 
0.04000000000000012, 3.0930479228560035 
0.050000000000000405, 2.9979488539167116 
0.06000000000000069, 3.0016363054614006 
0.07000000000000098, 3.017832353510748 
0.08000000000000126, 3.018875181757658 
0.09000000000000155, 3.0186218875613453 
0.10000000000000184, 3.018531385408584 
0.11000000000000212, 3.0175058858792054 
0.12000000000000241, 3.0165060694807995 
0.130000000000002, 3.015835449933118 
0.1400000000000009, 3.0109879910099213 
0.1499999999999998, 2.9785691624485175 
0.1599999999999987, 3.0466784470346915 
0.1699999999999976, 3.0688272823988685 
0.1799999999999965, 3.0705431893572106 
0.1899999999999954, 3.0673122654414184 
0.1999999999999943, 2.998909615508136 
0.2099999999999932, -4.947426904992321 
0.2199999999999921, -5.062659976041857 
0.229999999999991, -5.065130154793114 
0.2399999999999899, -5.061210106990584 
0.2499999999999888, -4.987273957037636 
0.2599999999999877, -4.915028423889997 
0.2699999999999866, -4.936921427073523 
0.2799999999999855, -4.936657471329764 
0.2899999999999844, -4.934261932891539 
0.2999999999999833, -4.92901969659902 
0.3099999999999822, -4.930383789919026 
0.3199999999999811, -4.928409924259696 
0.32999999999998, -4.9298788826478175 
0.3399999999999789, -4.930226725893028 
0.3499999999999778, -4.929171329832877 
0.35999999999997667, -4.9166002108813895 
0.36999999999997557, -4.92924892648942 
0.37999999999997447, -4.981011878910408 
0.38999999999997337, -4.9831107540466455 
0.39999999999997227, -4.979347226926271 
0.40999999999997117, -4.884776293864897 
0.41999999999997006, 2.930841646759205 
0.42999999999996896, 3.018870704535934 
0.43999999999996786, 3.021708874101697 
0.44999999999996676, 3.0190092410313243 
0.45999999999996566, 2.9898112564834154 
0.46999999999996456, 2.823299986531823 
0.47999999999996346, 2.8976058633407167 
0.48999999999996235, 2.9041442458918647 
0.49999999999996125, 2.9043479342687903 
0.5099999999999602, 2.9041623718750693 
0.519999999999959, 2.9036673105251856 
0.529999999999958, 2.902264640100385 
0.5399999999999568, 2.901484089930345 
0.5499999999999557, 2.9006071751563995 
0.5599999999999546, 2.8939056471416107 
0.5699999999999535, 2.860620737820608 
0.5799999999999524, 2.9392018717233195 
0.5899999999999513, 2.95760840245561 
0.5999999999999502, 2.959078167812634 
0.6099999999999491, 2.955714308739153 
0.619999999999948, 2.8910605849916857 
0.6299999999999469, -4.798209336719825 
0.6399999999999458, -4.947480352579705 
0.6499999999999447, -4.9507687091047465 
0.6599999999999436, -4.947726950419667 
0.6699999999999425, -4.90688213298565 
0.6799999999999414, -4.815120692839249 
0.6899999999999403, -4.847610753611308 
0.6999999999999392, -4.847862944538944 
0.7099999999999381, -4.846172029603101 
0.719999999999937, -4.841438124349911 
0.7299999999999359, -4.841987524252998 
0.7399999999999348, -4.840237757633725 
0.7499999999999337, -4.8408644397305025 
0.7599999999999326, -4.8426004413047234 
0.7699999999999315, -4.841986794696689 
0.7799999999999304, -4.836187547103729 
0.7899999999999293, -4.7472088124877025 
0.7999999999999282, -4.925001346705951 
0.8099999999999271, -4.933689728296012 
0.819999999999926, -4.932691533534606 
0.8299999999999249, -4.917212061233701 
0.8399999999999238, -0.5729445167584011 
0.8499999999999227, 2.923013598741341 
0.8599999999999216, 2.9361423749412134 
0.8699999999999205, 2.93629223417799 
0.8799999999999194, 2.9307516624900964 
0.8899999999999183, 2.8835019187953916 
0.8999999999999172, 2.8501446923764164 
0.9099999999999161, 2.871595164117781 
0.919999999999915, 2.8737771187500347 
0.9299999999999139, 2.873387408958417 
0.9399999999999128, 2.8737106836723454 
0.9499999999999117, 2.8740854769723803 
0.9599999999999106, 2.8735143364221067 
0.9699999999999095, 2.8728747650395134 
0.9799999999999084, 2.870928896377703 
0.9899999999999073, 2.8544208313111534 
0.9999999999999062, 2.7971005836236644 
1.0099999999999052, 2.9855524293180125 
1.019999999999904, 2.9980480037197212 
1.029999999999903, 2.9982435917599823 
1.039999999999902, 2.9904903515759584 
1.0499999999999008, 2.406994967943475 
1.0599999999998997, -4.912300229654023 
1.0699999999998986, -4.938584388630991 
1.0799999999998975, -4.9386971355590905 
1.0899999999998964, -4.9321611783987915 
1.0999999999998953, -4.848137300055226 
1.1099999999998942, -4.881320611017612 
1.119999999999893, -4.885291320714279 
1.129999999999892, -4.884355850861546 
1.1399999999998909, -4.8818316441241745 
1.1499999999998898, -4.879980170904428 
1.1599999999998887, -4.879416783297169 
1.1699999999998876, -4.876632818439362 
1.1799999999998865, -4.881307726001706 
1.1899999999998854, -4.881649998297323 
1.1999999999998843, -4.879476595139973 
1.2099999999998832, -4.831870327789752 
1.219999999999882, -5.0011273589907885 
1.229999999999881, -5.054879585046174 
1.2399999999998799, -5.056412650085332 
1.2499999999998788, -5.051255287092205 
1.2599999999998777, -4.874148226657075 
1.2699999999998766, 2.9982335201789554 
1.2799999999998755, 3.048323915729009 
1.2899999999998744, 3.0502416125415315 
1.2999999999998733, 3.0476527057271428 
1.3099999999998722, 3.0282106741300963 
1.319999999999871, 2.9816103481530796 
1.32999999999987, 3.002671515925431 
1.3399999999998689, 3.0060066415891487 
1.3499999999998678, 3.0055733036358983 
1.3599999999998666, 3.005807133220761 
1.3699999999998655, 3.0065490756675017 
1.3799999999998644, 3.006173431696009 
1.3899999999998633, 3.00551792825736 
1.3999999999998622, 3.0034116020863872 
1.4099999999998611, 2.983484580075586 
1.41999999999986, 2.9656700543343226 
1.429999999999859, 3.114644722879048 
1.4399999999998578, 3.1227709894201032 
1.4499999999998567, 3.122041327616176 
1.4599999999998556, 3.107353507766726 
1.4699999999998545, -2.380505168650244 
1.4799999999998534, -5.07305979157882 
1.4899999999998523, -5.082010062570563 
1.4999999999998512, -5.080404687630521 
1.5099999999998501, -5.0620282074005685 
1.519999999999849, -4.977860355457404 
1.529999999999848, -5.015305944901049 
1.5399999999998468, -5.015712419896087 
1.5499999999998457, -5.0141621717091756 
1.5599999999998446, -5.009958364275553 
1.5699999999998435, -5.010379314005922 
1.5799999999998424, -5.008112285709083 
1.5899999999998413, -5.009642349903314 
1.5999999999998402, -5.010846891076342 
1.6099999999998391, -5.009909132532758 
1.619999999999838, -4.998388136220054 
1.629999999999837, -4.995404489492439 
1.6399999999998358, -5.087599637567548 
1.6499999999998347, -5.090564241288645 
1.6599999999998336, -5.087174558762866 
1.6699999999998325, -5.006840701919667 
1.6799999999998314, 3.0076309861158825 
1.6899999999998303, 3.099254618442024 
1.6999999999998292, 3.1019534476304376 
1.709999999999828, 3.0991931610727077 
1.719999999999827, 3.0701160725201007 
1.729999999999826, 2.959393791712417 
1.7399999999998248, 3.0098688256827453 
1.7499999999998237, 3.014397618868302 
1.7599999999998226, 3.0143304337262147 
1.7699999999998215, 3.0142211344703917 
1.7799999999998204, 3.0136556071115908 
1.7899999999998193, 3.012334682351816 
1.7999999999998182, 3.0117512018201937 
1.809999999999817, 3.0100469021825726 
1.819999999999816, 2.99647933881891 
1.8299999999998149, 2.995132146663548 
1.8399999999998138, 3.0571924770294414 
1.8499999999998127, 3.063787189628026 
1.8599999999998116, 3.0632289486792534 
1.8699999999998105, 3.0523575191182744 
1.8799999999998094, 0.7408601454184846 
1.8899999999998083, -5.0443632729729995 
1.8999999999998072, -5.0589867942657465 
1.909999999999806, -5.0581856595141765 
1.919999999999805, -5.045883571262271 
1.9299999999998039, -4.792874441728258 
1.9399999999998028, -4.923280033424427 
1.9499999999998017, -4.92689051792582 
1.9599999999998006, -4.925653322377058 
1.9699999999997995, -4.921141271435198 
1.9799999999997984, -4.919431777436577 
1.9899999999997973, -4.919494353963737 
1.9999999999997962, -4.918133133147815 
2.0099999999998173, -4.920075426780745 
2.0199999999998384, -4.9196153042825355 
2.0299999999998595, -4.916847073063048 
2.0399999999998806, -4.87120981799734 
2.0499999999999017, -4.960574904318923 
2.059999999999923, -4.972799731610576 
2.069999999999944, -4.9723794316044865 
2.079999999999965, -4.960877126052972 
2.089999999999986, -2.4447075273934957 
2.100000000000007, 2.9941881818403795 
2.1100000000000283, 3.0097647213981853 
2.1200000000000494, 3.009915456769772 
2.1300000000000705, 3.0030000071807246 
2.1400000000000916, 2.907180701573238 
2.1500000000001127, 2.864067993907308 
2.160000000000134, 2.893402425316686 
2.170000000000155, 2.89561298340145 
2.180000000000176, 2.8954207434376573 
2.190000000000197, 2.895285780944644 
2.2000000000002182, 2.8944228420486207 
2.2100000000002393, 2.893119267853904 
2.2200000000002604, 2.8926126166036483 
2.2300000000002815, 2.8905946624184224 
2.2400000000003026, 2.8750752535510626 
2.2500000000003237, 2.8755703612232857 
2.260000000000345, 2.9456069708032757 
2.270000000000366, 2.9531095048315317 
2.280000000000387, 2.9528475566621037 
2.290000000000408, 2.9443085358980214 
2.3000000000004293, 2.2126596361196573 
2.3100000000004504, -4.917622540265474 
2.3200000000004715, -4.942868460578227 
2.3300000000004926, -4.943048742247761 
2.3400000000005137, -4.936118916033339 
2.3500000000005348, -4.794970595778925 
2.360000000000556, -4.8394942600702295 
2.370000000000577, -4.8469332074949225 
2.380000000000598, -4.846114067418003 
2.390000000000619, -4.843358977532982 
2.4000000000006403, -4.840047993006876 
2.4100000000006614, -4.8406328868552375 
2.4200000000006825, -4.838057768284624 
2.4300000000007036, -4.8409835664394105 
2.4400000000007247, -4.84140507221165 
2.450000000000746, -4.840062614685811 
2.460000000000767, -4.820461024736028 
2.470000000000788, -4.862491952108165 
2.480000000000809, -4.936656512675691 
2.49000000000083, -4.939328035607719 
2.5000000000008513, -4.936024594808521 
2.5100000000008724, -4.875096934996996 
2.5200000000008935, 2.768963503839367 
2.5300000000009146, 2.9363321234977167 
2.5400000000009357, 2.940667579117795 
2.550000000000957, 2.939279650491399 
2.560000000000978, 2.9273580057990105 
2.570000000000999, 2.852255495249879 
2.58000000000102, 2.871058659434016 
2.5900000000010412, 2.880389595624961 
2.6000000000010624, 2.8808730344296274 
2.6100000000010835, 2.880558261696165 
2.6200000000011046, 2.8812141237087427 
2.6300000000011257, 2.881246032234942 
2.6400000000011468, 2.8805980609231048 
2.650000000001168, 2.8798030632174934 
2.660000000001189, 2.875497861867845 
2.67000000000121, 2.8267416989985406 
2.680000000001231, 2.93448065001223 
2.6900000000012523, 3.006391649426694 
2.7000000000012734, 3.0106948463060648 
2.7100000000012945, 3.0089041046699974 
2.7200000000013156, 2.98189530624388 
2.7300000000013367, -4.29717583770165 
2.740000000001358, -4.942037658537491 
2.750000000001379, -4.948034619741148 
2.7600000000014, -4.946084216278669 
2.770000000001421, -4.926385073751462 
2.780000000001442, -4.867669693821947 
2.7900000000014633, -4.894266772500241 
2.8000000000014844, -4.894469590187102 
2.8100000000015055, -4.893179480336026 
2.8200000000015266, -4.889732770292804 
2.8300000000015477, -4.8897568563673754 
2.840000000001569, -4.887177034574206 
2.85000000000159, -4.88860555758348 
2.860000000001611, -4.891282882759443 
2.870000000001632, -4.890713593886563 
2.8800000000016532, -4.883612121997741 
2.8900000000016743, -4.699537414048349 
2.9000000000016954, -5.052566531519927 
2.9100000000017165, -5.062322232014531 
2.9200000000017377, -5.061186641695833 
2.9300000000017588, -5.043315089016503 
2.94000000000178, 1.2154542695196693 
2.950000000001801, 3.0470160481900477 
2.960000000001822, 3.056308346125138 
2.970000000001843, 3.055957020005688 
2.9800000000018643, 3.0491824338422036 
2.9900000000018854, 3.0021518154834346 
3.0000000000019065, 2.999789195016711 
3.0100000000019276, 3.0106566246333197 
3.0200000000019487, 3.0113118233867837 
3.03000000000197, 3.01088925933521 
3.040000000001991, 3.011649575166051 
3.050000000002012, 3.011777080975435 
3.060000000002033, 3.0111412606840595 
3.070000000002054, 3.010225859601042 
3.0800000000020753, 3.0044936201908774 
3.0900000000020964, 2.9356875499723603 
3.1000000000021175, 3.087125259007883 
3.1100000000021386, 3.1206900248877347 
3.1200000000021597, 3.1226246519841823 
3.130000000002181, 3.118790584277087 
3.140000000002202, 3.011029507472992 
3.150000000002223, -5.018220638592817 
3.160000000002244, -5.084531665247823 
3.1700000000022652, -5.0857879136725845 
3.1800000000022863, -5.080726718305398 
3.1900000000023074, -4.991199889252386 
3.2000000000023285, -5.010708593951568 
3.2100000000023496, -5.017369156970906 
3.2200000000023707, -5.016443841091047 
3.230000000002392, -5.013483275195974 
3.240000000002413, -5.011122095415653 
3.250000000002434, -5.011035859404799 
3.260000000002455, -5.008984558702806 
3.2700000000024763, -5.0119445738681305 
3.2800000000024974, -5.011738833771115 
3.2900000000025185, -5.008995268090774 
3.3000000000025396, -4.949943204832174 
3.3100000000025607, -5.0722930243382205 
3.3200000000025818, -5.087328436193748 
3.330000000002603, -5.086942695043815 
3.340000000002624, -5.074774612110321 
3.350000000002645, -1.4214371650026907 
3.360000000002666, 3.088895110995896 
3.3700000000026873, 3.1013161792434034 
3.3800000000027084, 3.1010567048468394 
3.3900000000027295, 3.0925577291890516 
3.4000000000027506, 2.9842353350654642 
3.4100000000027717, 2.992138172397247 
3.420000000002793, 3.0088739120236014 
3.430000000002814, 3.0099490669522524 
3.440000000002835, 3.0097028834227197 
3.450000000002856, 3.0095058306190974 
3.460000000002877, 3.0083357243529774 
3.4700000000028983, 3.0072962925842908 
3.4800000000029194, 3.006676011805211 
3.4900000000029405, 3.00204912714969 
3.5000000000029616, 2.972576406625883 
3.5100000000029827, 3.0338977485613112 
3.520000000003004, 3.055933607960064 
3.530000000003025, 3.0577391603402093 
3.540000000003046, 3.0547336159954046 
3.550000000003067, 2.9964542285822953 
3.5600000000030882, -4.906486330290368 
3.5700000000031094, -5.05045812448043 
3.5800000000031305, -5.053397509965746 
3.5900000000031516, -5.049853709368419 
3.6000000000031727, -4.988678374316415 
3.6100000000031938, -4.888473778346269 
3.620000000003215, -4.917240787712762 
3.630000000003236, -4.917231944748621 
3.640000000003257, -4.915050557255454 
3.650000000003278, -4.909475982574923 
3.6600000000032993, -4.9107833865168455 
3.6700000000033204, -4.909027848606174 
3.6800000000033415, -4.910079039496346 
3.6900000000033626, -4.910691369283873 
3.7000000000033837, -4.909799161564852 
3.710000000003405, -4.900600625602413 
3.720000000003426, -4.889802163677688 
3.730000000003447, -4.9612015425258384 
3.740000000003468, -4.9643505921680715 
3.750000000003489, -4.961566489413269 
3.7600000000035103, -4.909836884888742 
3.7700000000035314, 2.808455864378093 
3.7800000000035525, 2.9956538581743493 
3.7900000000035736, 2.9999908886608946 
3.8000000000035947, 2.9981696364961783 
3.810000000003616, 2.979404983256937 
3.820000000003637, 2.8068459267587293 
3.830000000003658, 2.87751936583816 
3.840000000003679, 2.887358711917776 
3.8500000000037002, 2.8878953532904146 
3.8600000000037213, 2.887691363567108 
3.8700000000037424, 2.8874473030449024 
3.8800000000037635, 2.8862658392571072 
3.8900000000037847, 2.8853083196013407 
3.9000000000038058, 2.8846603038541607 
3.910000000003827, 2.8801029265350384 
3.920000000003848, 2.8472660513915593 
3.930000000003869, 2.9133892989256407 
3.94000000000389, 2.9460382269847205 
3.9500000000039113, 2.948969576588045 
3.9600000000039324, 2.9469763079157287 
3.9700000000039535, 2.919467756350696 
3.9800000000039746, -4.230766209104736 
3.9900000000039957, -4.930609483358126 
4.000000000004016, -4.937403346980428 
4.010000000003993, -4.935627133150393 
4.02000000000397, -4.9165280531728355 
4.030000000003946, -4.783477788257646 
4.040000000003923, -4.844369355869171 
4.0500000000039, -4.8457835943863765 
4.0600000000038765, -4.844479548258868 
4.070000000003853, -4.840349917322667 
4.08000000000383, -4.839781048558852 
4.090000000003807, -4.8387763316814985 
4.100000000003783, -4.837894837238884 
4.11000000000376, -4.840677172883524 
4.120000000003737, -4.840362529287015 
4.130000000003713, -4.836969760935233 
4.14000000000369, -4.758601177569981 
4.150000000003667, -4.925977795458811 
4.1600000000036434, -4.9445193426920815 
4.17000000000362, -4.944642706037308 
4.180000000003597, -4.936299003493335 
4.1900000000035735, -4.300973180443626 
4.20000000000355, 2.916190687899928 
4.210000000003527, 2.944018133630137 
4.220000000003504, 2.945223952872944 
4.23000000000348, 2.9417965187560706 
4.240000000003457, 2.9147560086622883 
4.250000000003434, 2.8580688323870285 
4.26000000000341, 2.8846273066758483 
4.270000000003387, 2.8883083618513323 
4.280000000003364, 2.8880125138395876 
4.2900000000033405, 2.888128368890317 
4.300000000003317, 2.888805350384481 
4.310000000003294, 2.8884793797865744 
4.320000000003271, 2.8878463355226165 
4.330000000003247, 2.886424719937174 
4.340000000003224, 2.875653976114187 
4.350000000003201, 2.776628713879732 
4.360000000003177, 3.0004756320893384 
4.370000000003154, 3.02098960624154 
4.380000000003131, 3.0220171677720784 
4.390000000003107, 3.0167231158087553 
4.400000000003084, 2.816726102619479 
4.410000000003061, -4.908786121758324 
4.4200000000030375, -4.95570200377391 
4.430000000003014, -4.956627207716875 
4.440000000002991, -4.95169469750711 
4.450000000002968, -4.884611010409587 
4.460000000002944, -4.89819239292747 
4.470000000002921, -4.904266624427578 
4.480000000002898, -4.903427599600866 
4.490000000002874, -4.9012145708659025 
4.500000000002851, -4.898862292027169 
4.510000000002828, -4.898635489538212 
4.520000000002804, -4.895435692896477 
4.530000000002781, -4.90001346939873 
4.540000000002758, -4.900591330092741 
4.5500000000027345, -4.898800908158714 
4.560000000002711, -4.864415007953495 
4.570000000002688, -4.994183370639184 
4.580000000002665, -5.0652565218008965 
4.590000000002641, -5.067273595713813 
4.600000000002618, -5.062793231824214 
4.610000000002595, -4.935345412815585 
4.620000000002571, 2.996202890867724 
4.630000000002548, 3.0597003100211024 
4.640000000002525, 3.061952277094421 
4.6500000000025015, 3.0595478655400004 
4.660000000002478, 3.0408929238327636 
4.670000000002455, 2.989138620431042 
4.6800000000024315, 3.0119706292452597 
4.690000000002408, 3.0156619824316655 
4.700000000002385, 3.0152931584481104 
4.710000000002362, 3.0154686526490493 
4.720000000002338, 3.016096712402226 
4.730000000002315, 3.0156435348879738 
4.740000000002292, 3.0149841221714992 
4.750000000002268, 3.012967896639311 
4.760000000002245, 2.9943356987240484 
4.770000000002222, 2.976038622944767 
4.7800000000021985, 3.113233324640171 
4.790000000002175, 3.1213559299037597 
4.800000000002152, 3.120671694320932 
4.810000000002129, 3.106607712761659 
4.820000000002105, -2.020546661795721 
4.830000000002082, -5.079375747226434 
4.840000000002059, -5.088804446080136 
4.850000000002035, -5.08726331680018 
4.860000000002012, -5.069273982407679 
4.870000000001989, -4.973760468906132 
4.880000000001965, -5.01654844052705 
4.890000000001942, -5.017116080591695 
4.900000000001919, -5.015558562282199 
4.9100000000018955, -5.011168838929832 
4.920000000001872, -5.011600298965689 
4.930000000001849, -5.009525693576188 
4.940000000001826, -5.010764795415434 
4.950000000001802, -5.011948628114011 
4.960000000001779, -5.0110488641777335 
4.970000000001756, -5.000543000219574 
4.980000000001732, -4.9918453726684815 
4.990000000001709, -5.081268308839524 
5.000000000001686, -5.084291085259459 
5.0100000000016625, -5.080999048206261 
5.020000000001639, -5.004393865834715 
5.030000000001616, 3.0015340262876626 
5.0400000000015925, 3.098050096335976 
5.050000000001569, 3.100835441795307 
5.060000000001546, 3.0980713511092213 
5.070000000001523, 3.0680054680634625 
5.080000000001499, 2.944123174361547 
5.090000000001476, 3.0002928138294944 
5.100000000001453, 3.005065061849046 
5.110000000001429, 3.0050393545012897 
5.120000000001406, 3.004887244707114 
5.130000000001383, 3.004220856252294 
5.1400000000013595, 3.0028064944623716 
5.150000000001336, 3.0022303928884306 
5.160000000001313, 3.0006553839738523 
5.17000000000129, 2.9882987236785077 
5.180000000001266, 2.983644050943149 
5.190000000001243, 3.044411730389985 
5.20000000000122, 3.0514377787703 
5.210000000001196, 3.0510411909342223 
5.220000000001173, 3.0415187132232107 
5.23000000000115, 1.6374976130928254 
5.240000000001126, -5.029557288909908 
5.250000000001103, -5.047331053888041 
5.26000000000108, -5.046846684197838 
5.2700000000010565, -5.036460588412099 
5.280000000001033, -4.772242695274693 
5.29000000000101, -4.904541555463011 
5.300000000000987, -4.909490129208594 
5.310000000000963, -4.908383749999964 
5.32000000000094, -4.904283427557619 
5.330000000000917, -4.901712494992181 
5.340000000000893, -4.902210700118503 
5.35000000000087, -4.90048516159528 
5.360000000000847, -4.902564609032809 
5.3700000000008234, -4.90222755438303 
5.3800000000008, -4.900094642134203 
5.390000000000777, -4.864855151426919 
5.4000000000007535, -4.938169626117094 
5.41000000000073, -4.956191115798259 
5.420000000000707, -4.956373819642424 
5.430000000000684, -4.948296988404862 
5.44000000000066, -4.233973993077936 
5.450000000000637, 2.964173702006773 
5.460000000000614, 2.9895435617073196 
5.47000000000059, 2.9904434784236837 
5.480000000000567, 2.985580494441579 
5.490000000000544, 2.9270338724751173 
5.5000000000005205, 2.835091359225286 
5.510000000000497, 2.8779434955116168 
5.520000000000474, 2.881388979338225 
5.5300000000004506, 2.881282385910882 
5.540000000000427, 2.881192810334348 
5.550000000000404, 2.8806546493113303 
5.560000000000381, 2.879386723420634 
5.570000000000357, 2.8787706458156763 
5.580000000000334, 2.877383115982228 
5.590000000000311, 2.866806271171347 
5.600000000000287, 2.8364741222142755 
5.610000000000264, 2.932001354073971 
5.620000000000241, 2.9448351619099595 
5.6300000000002175, 2.945485398736089 
5.640000000000194, 2.94035042322338 
5.650000000000171, 2.777668764325118 
5.660000000000148, -4.870213423919131 
5.670000000000124, -4.930547200611187 
5.680000000000101, -4.93213260342806 
5.690000000000078, -4.9278355887956735 
5.700000000000054, -4.858780493265575 
5.710000000000031, -4.830255382161215 
5.720000000000008, -4.845211193459267 
5.729999999999984, -4.844786325302062 
5.739999999999961, -4.842776896824292 
5.749999999999938, -4.838718861447488 
5.7599999999999145, -4.839437366963673 
5.769999999999891, -4.836868130365514 
5.779999999999868, -4.839086180370049 
5.789999999999845, -4.840291814618952 
5.799999999999821, -4.839410537801288 
5.809999999999798, -4.829049692508876 
5.819999999999775, -4.777798763543526 
5.829999999999751, -4.9457868260580735 
5.839999999999728, -4.951239260583665 
5.849999999999705, -4.9493688653363055 
5.8599999999996815, -4.92312302041117 
5.869999999999658, 2.148077755882503 
5.879999999999635, 2.942402840860919 
5.8899999999996115, 2.9502721157427043 
5.899999999999588, 2.9497616849733737 
5.909999999999565, 2.9423653859150694 
5.919999999999542, 2.8874193730079325 
5.929999999999518, 2.881027948360807 
5.939999999999495, 2.894668338445558 
5.949999999999472, 2.895795495744897 
5.959999999999448, 2.895337315893295 
5.969999999999425, 2.8959539914337773 
5.979999999999402, 2.8963275145221807 
5.9899999999993785, 2.895777660278321 
5.999999999999355, 2.8950769343102243 
6.009999999999332, 2.8919996895314535 
6.019999999999309, 2.859841763829607 
6.029999999999285, 2.9031066299478123 
6.039999999999262, 3.026258747432555 
6.049999999999239, 3.0327960727176966 
6.059999999999215, 3.031755103746254 
6.069999999999192, 3.0147573634458036 
6.079999999999169, -2.7498980735362553 
6.089999999999145, -4.956677662009275 
6.099999999999122, -4.96580852046914 
6.109999999999099, -4.9644242365831674 
6.1199999999990755, -4.9502387339802425 
6.129999999999052, -4.877754317894394 
6.139999999999029, -4.912476337788685 
6.149999999999006, -4.913191261979937 
6.159999999998982, -4.911998966283821 
6.169999999998959, -4.908614123235289 
6.179999999998936, -4.9083714712102395 
6.189999999998912, -4.906215320152521 
6.199999999998889, -4.906710761129317 
6.209999999998866, -4.909799350079814 
6.2199999999988425, -4.909353994780057 
6.229999999998819, -4.903586056746772 
6.239999999998796, -4.729333415957191 
6.2499999999987725, -5.059415342524165 
6.259999999998749, -5.071051909381927 
6.269999999998726, -5.07018928605653 
6.279999999998703, -5.0548110663201475 
6.289999999998679, 0.23993079438073575 
6.299999999998656, 3.0554633192276004 
6.309999999998633, 3.066053238808905 
6.319999999998609, 3.065835507361366 
6.329999999998586, 3.0593354054387736 
6.339999999998563, 3.01108428730741 
6.3499999999985395, 3.0060793557503285 
6.359999999998516, 3.018022243913268 
6.369999999998493, 3.0188035514580323 
6.37999999999847, 3.0183946173076115 
6.389999999998446, 3.019050334764128 
6.399999999998423, 3.0190710187044862 
6.4099999999984, 3.018388121598721 
6.419999999998376, 3.017507690421002 
6.429999999998353, 3.0120302992502266 
6.43999999999833, 2.950257614157891 
6.449999999998306, 3.084893283454989 
6.459999999998283, 3.1177726119739093 
6.46999999999826, 3.119740591815664 
6.4799999999982365, 3.1160443008705188 
6.489999999998213, 3.017212394717019 
6.49999999999819, -5.016781617462791 
6.509999999998167, -5.088846296219233 
6.519999999998143, -5.090251539511437 
6.52999999999812, -5.085333952399553 
6.539999999998097, -4.994648971925613 
6.549999999998073, -5.008683152069826 
6.55999999999805, -5.01630285151374 
6.569999999998027, -5.015415324043541 
6.5799999999980034, -5.012461889669664 
6.58999999999798, -5.009813489524081 
6.599999999997957, -5.009937296687625 
6.6099999999979335, -5.007820291196266 
6.61999999999791, -5.010629509298605 
6.629999999997887, -5.010435991842292 
6.639999999997864, -5.0079254922358025 
6.64999999999784, -4.956864394897921 
6.659999999997817, -5.064015921155619 
6.669999999997794, -5.0798641490525975 
6.67999999999777, -5.079586419280394 
6.689999999997747, -5.0681989496067334 
6.699999999997724, -2.043267456617474 
6.7099999999977005, 3.0853702689831755 
6.719999999997677, 3.098775827628402 
6.729999999997654, 3.098608933473725 
6.7399999999976306, 3.090341206865836 
6.749999999997607, 2.9776149444140607 
6.759999999997584, 2.9804108207475206 
6.769999999997561, 2.9989230971549903 
6.779999999997537, 3.0001422717677872 
6.789999999997514, 2.999898573954382 
6.799999999997491, 2.999647398022814 
6.809999999997467, 2.9984090286104004 
6.819999999997444, 2.997305820889759 
6.829999999997421, 2.9967502088574234 
6.8399999999973975, 2.9925895455911675 
6.849999999997374, 2.965674319634275 
6.859999999997351, 3.019564101278683 
6.869999999997328, 3.0436822293628887 
6.879999999997304, 3.045802809846908 
6.889999999997281, 3.0432114281985845 
6.899999999997258, 2.9992925030276103 
6.909999999997234, -4.815746836309817 
6.919999999997211, -5.038159771799691 
6.929999999997188, -5.041999554392285 
6.939999999997164, -5.0390077966929585 
6.949999999997141, -4.994116086067383 
6.959999999997118, -4.860241949536789 
6.9699999999970945, -4.901693428694729 
6.979999999997071, -4.90208971163314 
6.989999999997048, -4.9001662007859705 
6.999999999997025, -4.894469602488572 
7.009999999997001, -4.895449478472189 
7.019999999996978, -4.894025522819879 
7.029999999996955, -4.894519059155378 
7.039999999996931, -4.895495379080783 
7.049999999996908, -4.8947428771865455 
7.059999999996885, -4.8881753906979695 
7.0699999999968615, -4.850971748404458 
7.079999999996838, -4.945889463555171 
7.089999999996815, -4.9506492046779345 
7.0999999999967915, -4.948716699771176 
7.109999999996768, -4.9189855668725055 
7.119999999996745, 2.4519979907092524 
7.129999999996722, 2.9756412225780244 
7.139999999996698, 2.982310761557445 
7.149999999996675, 2.9812615254748294 
7.159999999996652, 2.9689915848086006 
7.169999999996628, 2.8241128023185658 
7.179999999996605, 2.860251199056605 
7.189999999996582, 2.8751632892314336 
7.1999999999965585, 2.8762036949270717 
7.209999999996535, 2.875971315166996 
7.219999999996512, 2.8759039022770203 
7.229999999996489, 2.8750084098968176 
7.239999999996465, 2.8739342616775563 
7.249999999996442, 2.873377719345136 
7.259999999996419, 2.8702474599248147 
7.269999999996395, 2.845044867374909 
7.279999999996372, 2.881943780617546 
7.289999999996349, 2.9385598122489225 
7.299999999996325, 2.9436188051709453 
7.309999999996302, 2.9426004460012747 
7.319999999996279, 2.928228798558645 
7.3299999999962555, -0.8259904462901317 
7.339999999996232, -4.914934841675821 
7.349999999996209, -4.92809940019527 
7.359999999996186, -4.927320598712365 
7.369999999996162, -4.916763125953054 
7.379999999996139, -4.769945818277358 
7.389999999996116, -4.841971196811522 
7.399999999996092, -4.845268527854442 
7.409999999996069, -4.8442081690438314 
7.419999999996046, -4.840905883120152 
7.4299999999960225, -4.839104945151621 
7.439999999995999, -4.838814476266832 
7.449999999995976, -4.836663149648453 
7.4599999999959525, -4.840166755813466 
7.469999999995929, -4.8402227894084415 
7.479999999995906, -4.8380723232271645 
7.489999999995883, -4.79541901284133 
7.499999999995859, -4.915786520661541 
7.509999999995836, -4.956070379625328 
7.519999999995813, -4.957394669856955 
7.529999999995789, -4.95230394287912 
7.539999999995766, -4.79891224051802 
7.549999999995743, 2.8904341511054166 
7.5599999999957195, 2.9535752882684774 
7.569999999995696, 2.9560520117009443 
7.579999999995673, 2.9538552517641588 
7.58999999999565, 2.9370880985742467 
7.599999999995626, 2.8727831731683167 
7.609999999995603, 2.897511157880076 
7.61999999999558, 2.903080487487585 
7.629999999995556, 2.9030073866534414 
7.639999999995533, 2.9028905720187086 
7.64999999999551, 2.903728120979774 
7.659999999995486, 2.903658649375707 
7.669999999995463, 2.903043931774528 
7.67999999999544, 2.901926452377303 
7.6899999999954165, 2.894354569131238 
7.699999999995393, 2.8004780248980286 
7.70999999999537, 3.008626929278966 
7.719999999995347, 3.040752977379116 
7.729999999995323, 3.0426304842582708 
7.7399999999953, 3.038769417403647 
7.749999999995277, 2.9411547411920465 
7.759999999995253, -4.889946029671425 
7.76999999999523, -4.97267968952936 
7.779999999995207, -4.974466497269924 
7.789999999995183, -4.970519842499598 
7.79999999999516, -4.918435274995319 
7.809999999995137, -4.913628400639195 
7.8199999999951135, -4.922253186786429 
7.82999999999509, -4.921527074731068 
7.839999999995067, -4.919538192374339 
7.849999999995044, -4.916790331045993 
7.85999999999502, -4.916800147097566 
7.869999999994997, -4.9134664645829815 
7.879999999994974, -4.9177260887237235 
7.88999999999495, -4.918505765659036 
7.899999999994927, -4.916972170042318 
7.909999999994904, -4.890297176354268 
7.9199999999948805, -4.985421786421229 
7.929999999994857, -5.071827346559698 
7.939999999994834, -5.0742291079687485 
7.9499999999948106, -5.070186578747677 
7.959999999994787, -4.967777552867279 
7.969999999994764, 2.9913309485387507 
7.979999999994741, 3.0674391157300156 
7.989999999994717, 3.0699550203631296 
7.999999999994694, 3.067657783678399 
8.00999999999467, 3.0492291996676943 
8.019999999994647, 2.992045087415689 
8.029999999994624, 3.0169813442307194 
8.0399999999946, 3.020983177990366 
8.049999999994577, 3.020675460996043 
8.059999999994554, 3.0208047391589807 
8.06999999999453, 3.0213103978866025 
8.079999999994508, 3.0207704940780475 
8.089999999994484, 3.0201072706238525 
8.099999999994461, 3.0181737187156132 
8.109999999994438, 3.0007166035038226 
8.119999999994414, 2.982179363613001 
8.129999999994391, 3.1088981012894115 
8.139999999994368, 3.117051831908309 
8.149999999994344, 3.1164251033089725 
8.159999999994321, 3.1031020126498126 
8.169999999994298, -1.4998269134717455 
8.179999999994275, -5.080850496912342 
8.189999999994251, -5.09097673908237 
8.199999999994228, -5.089537552272203 
8.209999999994205, -5.072411133672283 
8.219999999994181, -4.963124457899681 
8.229999999994158, -5.013037658771163 
8.239999999994135, -5.013835306362884 
8.249999999994111, -5.012298707413174 
8.259999999994088, -5.007762277313205 
8.269999999994065, -5.008130248239988 
8.279999999994041, -5.006279229928314 
8.289999999994018, -5.007170156909201 
8.299999999993995, -5.008412997356257 
8.309999999993972, -5.007573928561009 
8.319999999993948, -4.998448973262645 
8.329999999993925, -4.978917462331107 
8.339999999993902, -5.07241179456147 
8.349999999993878, -5.075756078190124 
8.359999999993855, -5.0727478099662795 
8.369999999993832, -5.008092572591388 
8.379999999993808, 2.975877516811681 
8.389999999993785, 3.093673774058346 
8.399999999993762, 3.0968109099902263 
8.409999999993738, 3.094249012180476 
8.419999999993715, 3.06619341472983 
8.429999999993692, 2.9258272144880757 
8.439999999993669, 2.9892840945165573 
8.449999999993645, 2.994696712524996 
8.459999999993622, 2.9947432890060885 
8.469999999993599, 2.9945619074195853 
8.479999999993575, 2.99387945385332 
8.489999999993552, 2.9924006992489542 
8.499999999993529, 2.991795632436594 
8.509999999993505, 2.9904298939756484 
8.519999999993482, 2.9797408530976455 
8.529999999993459, 2.9682628361426255 
8.539999999993436, 3.031450762831075 
8.549999999993412, 3.039638475852325 
8.559999999993389, 3.0395359985448818 
8.569999999993366, 3.0318112768201497 
8.579999999993342, 2.378355934785229 
8.589999999993319, -5.011318238361012 
8.599999999993296, -5.035679736918751 
8.609999999993272, -5.035691536947463 
8.619999999993249, -5.027505163497901 
8.629999999993226, -4.794199357643371 
8.639999999993202, -4.889217965274671 
8.64999999999318, -4.896502552996518 
8.659999999993156, -4.895577687988491 
8.669999999993133, -4.892034152304107 
8.67999999999311, -4.888467695634935 
8.689999999993086, -4.889403900263503 
8.699999999993063, -4.88739214148304 
8.70999999999304, -4.88950234781496 
8.719999999993016, -4.8893596338596925 
8.729999999992993, -4.8877429552456375 
8.73999999999297, -4.863176293613631 
8.749999999992946, -4.916311993269109 
8.759999999992923, -4.944706669877612 
8.7699999999929, -4.945629183669915 
8.779999999992876, -4.939980306313915 
8.789999999992853, -4.706856537867248 
8.79999999999283, 2.9276795363060075 
8.809999999992806, 2.973514860344822 
8.819999999992783, 2.975364641116585 
8.82999999999276, 2.971991217973795 
8.839999999992736, 2.936830648970316 
8.849999999992713, 2.8101696963826335 
8.85999999999269, 2.8667913867079546 
8.869999999992666, 2.8720702590271387 
8.879999999992643, 2.872133107853623 
8.88999999999262, 2.872024910566059 
8.899999999992596, 2.8717758769415935 
8.909999999992573, 2.870648125356241 
8.91999999999255, 2.869897622707416 
8.929999999992527, 2.8689105649215136 
8.939999999992503, 2.861709788026416 
8.94999999999248, 2.817243498959217 
8.959999999992457, 2.919288048287682 
8.969999999992433, 2.941215067212084 
8.97999999999241, 2.9429235818400357 
8.989999999992387, 2.9396696565945235 
8.999999999992363, 2.8796261845314 
9.00999999999234, -4.7525424935595435 
9.019999999992317, -4.921985065382983 
9.029999999992294, -4.925505682315679 
9.03999999999227, -4.922683992761793 
9.049999999992247, -4.888521651268728 
9.059999999992224, -4.817410175153393 
9.0699999999922, -4.845312306503507 
9.079999999992177, -4.845458655841565 
9.089999999992154, -4.843909846594329 
9.09999999999213, -4.839752384691587 
9.109999999992107, -4.840105558020592 
9.119999999992084, -4.838004337630972 
9.12999999999206, -4.838961216618508 
9.139999999992037, -4.841096135601991 
9.149999999992014, -4.840520181216472 
9.15999999999199, -4.834386472808566 
9.169999999991967, -4.708732286659431 
9.179999999991944, -4.95362522059654 
9.18999999999192, -4.963700715181394 
9.199999999991897, -4.962836679710791 
9.209999999991874, -4.948461351920657 
9.21999999999185, -1.1431874196860807 
9.229999999991827, 2.9475071289306864 
9.239999999991804, 2.9612092896880986 
9.24999999999178, 2.961438435822215 
9.259999999991757, 2.956410256337393 
9.269999999991734, 2.918203772537096 
9.27999999999171, 2.8907088010886133 
9.289999999991688, 2.9086120098176407 
9.299999999991664, 2.9105247190527836 
9.309999999991641, 2.9100248006133205 
9.319999999991618, 2.9104974275956677 
9.329999999991594, 2.9111257699919353 
9.339999999991571, 2.9106995689139477 
9.349999999991548, 2.910044259601866 
9.359999999991524, 2.9076966405399203 
9.369999999991501, 2.8854053902965417 
9.379999999991478, 2.862122362978233 
9.389999999991455, 3.041685965494307 
9.399999999991431, 3.0509133292969253 
9.409999999991408, 3.050449278729307 
9.419999999991385, 3.038442827058426 
9.429999999991361, 0.09931017565570821 
9.439999999991338, -4.969735371618929 
9.449999999991315, -4.982817008871358 
9.459999999991291, -4.981893381346854 
9.469999999991268, -4.970875548641465 
9.479999999991245, -4.888152006123107 
9.489999999991221, -4.928983402824076 
9.499999999991198, -4.930278980448412 
9.509999999991175, -4.929144251157824 
9.519999999991152, -4.925852483394694 
9.529999999991128, -4.9253175036584524 
9.539999999991105, -4.923545351738872 
9.549999999991082, -4.923285291128746 
9.559999999991058, -4.926643531204276 
9.569999999991035, -4.926289596638469 
9.579999999991012, -4.921398449710207 
9.589999999990988, -4.7702092065402955 
9.599999999990965, -5.062921172011421 
9.609999999990942, -5.076141983469034 
9.619999999990918, -5.075476896906257 
9.629999999990895, -5.06164554429579 
9.639999999990872, -0.6574453899066104 
9.649999999990849, 3.0605906941533236 
9.659999999990825, 3.072271032148757 
9.669999999990802, 3.0721489217638998 
9.679999999990779, 3.065778546481618 
9.689999999990755, 3.0154435201198764 
9.699999999990732, 3.0082691172002547 
9.709999999990709, 3.021273046387028 
9.719999999990685, 3.022166257755517 
9.729999999990662, 3.0217763124097656 
9.739999999990639, 3.022331199319952 
9.749999999990616, 3.022239254890334 
9.759999999990592, 3.021507517175047 
9.769999999990569, 3.020662911548166 
9.779999999990546, 3.0154391908926974 
9.789999999990522, 2.959937807870482 
9.799999999990499, 3.079687568038628 
9.809999999990476, 3.1122193287597617 
9.819999999990452, 3.1142497243954277 
9.829999999990429, 3.1107298012928832 
9.839999999990406, 3.022593226292268 
9.849999999990382, -5.0075960835823885 
9.85999999999036, -5.088823969939337 
9.869999999990336, -5.090448360599109 
9.879999999990313, -5.0857694380237195 
9.88999999999029, -4.997897718581366 
9.899999999990266, -5.001992590081366 
9.909999999990243, -5.011008324797281 
9.91999999999022, -5.01018490703649 
9.929999999990196, -5.007307949756095 
9.939999999990173, -5.004284629710575 
9.94999999999015, -5.004645786344285 
9.959999999990126, -5.002431680590721 
9.969999999990103, -5.00512046389634 
9.97999999999008, -5.004976127748316 
9.989999999990056, -5.002762693044756 
9.999999999990033, -4.960342968518511 
10.00999999999001, -5.052161463676063 
10.019999999989986, -5.070259246846949 
10.029999999989963, -5.070207339417935 
10.03999999998994, -5.0602420993517985 
10.049999999989916, -3.135406146003165 
10.059999999989893, 3.0772742811068885 
10.06999999998987, 3.0930877194269444 
10.079999999989846, 3.093151314036247 
10.089999999989823, 3.085700240825743 
10.0999999999898, 2.980166339394006 
10.109999999989776, 2.965975219669341 
10.119999999989753, 2.987959584506294 
10.12999999998973, 2.9894601485350902 
10.139999999989707, 2.9892233090435125 
10.149999999989683, 2.988968659208244 
10.15999999998966, 2.987743120059628 
10.169999999989637, 2.9865495018628123 
10.179999999989613, 2.986055695484469 
10.18999999998959, 2.9825260473055892 
10.199999999989567, 2.95840275770957 
10.209999999989543, 3.0028730899235816 
10.21999999998952, 3.031779878861576 
10.229999999989497, 3.034499400288317 
10.239999999989474, 3.032447273127098 
10.24999999998945, 3.002288474909764 
10.259999999989427, -4.564972145455753 
10.269999999989404, -5.025318814848651 
10.27999999998938, -5.0307522088712116 
10.289999999989357, -5.0284235051928565 
10.299999999989334, -4.998434248837786 
10.30999999998931, -4.825725673825409 
10.319999999989287, -4.890455713731693 
10.329999999989264, -4.891502398010889 
10.33999999998924, -4.889848551395862 
10.349999999989217, -4.884364284466452 
10.359999999989194, -4.884640918898774 
10.36999999998917, -4.8836759838700585 
10.379999999989147, -4.883471201795137 
10.389999999989124, -4.8849041843497485 
10.3999999999891, -4.884278928091041 
10.409999999989077, -4.8796721630238205 
10.419999999989054, -4.82402971218347 
10.42999999998903, -4.934863600935215 
10.439999999989007, -4.942264711021559 
10.449999999988984, -4.941100628673989 
10.45999999998896, -4.9232245089650135 
10.469999999988937, 0.8840473254853437 
10.479999999988914, 2.9587350084555872 
10.48999999998889, 2.9693120756622293 
10.499999999988868, 2.968992630747924 
10.509999999988844, 2.960800061473206 
10.519999999988821, 2.860513942126863 
10.529999999988798, 2.8453147188090893 
10.539999999988774, 2.8677864526953014 
10.549999999988751, 2.8695625268143865 
10.559999999988728, 2.869323118298989 
10.569999999988704, 2.8693462298210877 
10.579999999988681, 2.868758683427158 
10.589999999988658, 2.867653654412162 
10.599999999988635, 2.86709169786458 
10.609999999988611, 2.8649015784079617 
10.619999999988588, 2.8472569587248153 
10.629999999988565, 2.845177144649988 
10.639999999988541, 2.93469634763816 
10.649999999988518, 2.9429553849234638 
10.659999999988495, 2.9427494618207293 
10.669999999988471, 2.9341551936647017 
10.679999999988448, 2.2096407072925195 
10.689999999988425, -4.8976802124938885 
10.699999999988401, -4.923114928603803 
10.709999999988378, -4.923295017824101 
10.719999999988355, -4.91663797917023 
10.729999999988332, -4.803212575684932 
10.739999999988308, -4.84070064164383 
10.749999999988285, -4.846974166598862 
10.759999999988262, -4.846122586754045 
10.769999999988238, -4.843543427815513 
10.779999999988215, -4.840742345583868 
10.789999999988192, -4.840964767421073 
10.799999999988168, -4.838122167683201 
10.809999999988145, -4.841725185875534 
10.819999999988122, -4.842258131869245 
10.829999999988098, -4.840794274867328 
10.839999999988075, -4.817632825930216 
10.849999999988052, -4.88180671137446 
10.859999999988029, -4.967324628441332 
10.869999999988005, -4.970098570859022 
10.879999999987982, -4.966737530589083 
10.889999999987959, -4.903918996744737 
10.899999999987935, 2.8093440959432434 
10.909999999987912, 2.96342543502626 
10.919999999987889, 2.9675013885920722 
10.929999999987865, 2.966095946307473 
10.939999999987842, 2.9546088209169237 
10.949999999987819, 2.893149134213445 
10.959999999987796, 2.909250252888076 
10.969999999987772, 2.916975775652493 
10.979999999987749, 2.9172096790014868 
10.989999999987726, 2.9169051637199113 
10.999999999987702, 2.9177765314890487 
11.009999999987679, 2.9179246565302703 
11.019999999987656, 2.9173388438790915 
11.029999999987632, 2.9163990006441787 
11.039999999987609, 2.910676418451863 
11.049999999987586, 2.836386351773395 
11.059999999987562, 3.0087402077959444 
11.06999999998754, 3.055733091716359 
11.079999999987516, 3.0584642316621835 
11.089999999987493, 3.0555046058780264 
11.09999999998747, 2.99631889852943 
11.109999999987446, -4.845074045445783 
11.119999999987423, -4.9879982134794165 
11.1299999999874, -4.990689422470211 
11.139999999987376, -4.987393812295065 
11.149999999987353, -4.946125698353737 
11.15999999998733, -4.9262072692805585 
11.169999999987306, -4.9378174429739925 
11.179999999987283, -4.937223198789016 
11.18999999998726, -4.935390991482058 
11.199999999987236, -4.932326680128133 
11.209999999987213, -4.9324995178036355 
11.21999999998719, -4.929200595505703 
11.229999999987166, -4.933030883505286 
11.239999999987143, -4.933979809539073 
11.24999999998712, -4.932631244428739 
11.259999999987096, -4.910957129834545 
11.269999999987073, -4.976043009406935 
11.27999999998705, -5.075097850720336 
11.289999999987026, -5.077817077762133 
11.299999999987003, -5.074091282435554 
11.30999999998698, -4.986966880680021 
11.319999999986956, 2.9834498331444115 
11.329999999986933, 3.071899597856884 
11.33999999998691, 3.0746442329394763 
11.349999999986887, 3.0724216319283952 
11.359999999986863, 3.054008091975173 
11.36999999998684, 2.990861234302024 
11.379999999986817, 3.0182104585212857 
11.389999999986793, 3.022521752685216 
11.39999999998677, 3.0222740382252775 
11.409999999986747, 3.022360849718802 
11.419999999986723, 3.0227495941442855 
11.4299999999867, 3.0221245955938 
11.439999999986677, 3.0214579979216896 
11.449999999986654, 3.0196177210778434 
11.45999999998663, 3.003412060226821 
11.469999999986607, 2.9832594141933972 
11.479999999986584, 3.1022658163996897 
11.48999999998656, 3.110601495123448 
11.499999999986537, 3.1100646802391823 
11.509999999986514, 3.0977234395549593 
11.51999999998649, -0.704277971971923 
11.529999999986467, -5.078142618298053 
11.539999999986444, -5.089369891736426 
11.54999999998642, -5.088086554932657 
11.559999999986397, -5.072363439013687 
11.569999999986374, -4.946529597270296 
11.57999999998635, -5.005928455718782 
11.589999999986327, -5.007058754186362 
11.599999999986304, -5.0055721310587264 
11.60999999998628, -5.000961375228081 
11.619999999986257, -5.001153996474842 
11.629999999986234, -4.9995709561546615 
11.63999999998621, -5.000045574666789 
11.649999999986187, -5.001428383763997 
11.659999999986164, -5.000665487669231 
11.66999999998614, -4.993081919393568 
11.679999999986117, -4.958656687774782 
11.689999999986094, -5.061638318257826 
11.69999999998607, -5.065619529244247 
11.709999999986048, -5.0630363177786215 
11.719999999986024, -5.0136286510128825 
11.729999999986001, 2.916501713585866 
11.739999999985978, 3.086091276095852 
11.749999999985954, 3.0899054046585803 
11.759999999985931, 3.087714771200228 
11.769999999985908, 3.0639269723859917 
11.779999999985884, 2.906404306220244 
11.789999999985861, 2.977212578242993 
11.799999999985838, 2.983791402424202 
11.809999999985815, 2.983956575756734 
11.819999999985791, 2.9837577837560536 
11.829999999985768, 2.9831358040278024 
11.839999999985745, 2.98163323789011 
11.849999999985721, 2.980953558605985 
11.859999999985698, 2.979836971805749 
11.869999999985675, 2.9710348523516794 
11.879999999985651, 2.951035228096786 
11.889999999985628, 3.01824164176875 
11.899999999985605, 3.028600742310521 
11.909999999985581, 3.0289253778262193 
11.919999999985558, 3.0230213269088906 
11.929999999985535, 2.7478884584876866 
11.939999999985512, -4.986065869833676 
11.949999999985488, -5.024268964779025 
11.959999999985465, -5.024996314647639 
11.969999999985442, -5.018845717231047 
11.979999999985418, -4.8581979882960304 
11.989999999985395, -4.876439263918176 
11.999999999985372, -4.8879283692746585 
12.009999999985348, -4.887254837890497 
12.019999999985325, -4.884322000952684 
12.029999999985302, -4.879814123622408 
12.039999999985278, -4.881075485336571 
12.049999999985255, -4.878951980698054 
12.059999999985232, -4.880878638781302 
12.069999999985209, -4.881035273466596 
12.079999999985185, -4.879810949283243 
12.089999999985162, -4.863684875761218 
12.099999999985139, -4.891026824548161 
12.109999999985115, -4.938145743264658 
12.119999999985092, -4.940050225996578 
12.129999999985069, -4.9361229673331675 
12.139999999985045, -4.841231401872883 
12.149999999985022, 2.866656497084173 
12.159999999984999, 2.962012434243438 
12.169999999984976, 2.965161103958466 
12.179999999984952, 2.9628936518111813 
12.189999999984929, 2.941225627929725 
12.199999999984906, 2.800410927392271 
12.209999999984882, 2.859612131109219 
12.219999999984859, 2.8675807783926874 
12.229999999984836, 2.867924282097969 
12.239999999984812, 2.86775733618064 
12.249999999984789, 2.8677295202628548 
12.259999999984766, 2.8668139248122104 
12.269999999984742, 2.8659481529374267 
12.27999999998472, 2.865192367902909 
12.289999999984696, 2.860179115306505 
12.299999999984673, 2.8191379988415766 
12.30999999998465, 2.9047278578498297 
12.319999999984626, 2.9416472505824443 
12.329999999984603, 2.9446801235302664 
12.33999999998458, 2.9425995124503603 
12.349999999984556, 2.913072975025268 
12.359999999984533, -4.316077970927813 
12.36999999998451, -4.9168307174625285 
12.379999999984486, -4.923171502927936 
12.389999999984463, -4.92131886644429 
12.39999999998444, -4.9020318215542895 
12.409999999984416, -4.8022341261911246 
12.419999999984393, -4.847478206265086 
12.42999999998437, -4.848434748331156 
12.439999999984346, -4.84715147559828 
12.449999999984323, -4.8432989375132625 
12.4599999999843, -4.842974278981633 
12.469999999984276, -4.841487193142875 
12.479999999984253, -4.841071825546294 
12.48999999998423, -4.844088114533704 
12.499999999984206, -4.843762847060611 
12.509999999984183, -4.839734477810488 
12.51999999998416, -4.731112186701372 
12.529999999984136, -4.9578621885460405 
12.539999999984113, -4.975431008580049 
12.54999999998409, -4.975388929334324 
12.559999999984067, -4.9661473581454985 
12.569999999984043, -4.032845636818834 
12.57999999998402, 2.9489121544912402 
12.589999999983997, 2.9719511818795628 
12.599999999983973, 2.972870441184356 
12.60999999998395, 2.96918560650958 
12.619999999983927, 2.94154464430912 
12.629999999983903, 2.8998402334991376 
12.63999999998388, 2.9209395021866262 
12.649999999983857, 2.9237221384074905 
12.659999999983834, 2.9232651052196643 
12.66999999998381, 2.923561184676223 
12.679999999983787, 2.9243432711697186 
12.689999999983764, 2.9240323690980983 
12.69999999998374, 2.9233994935272927 
12.709999999983717, 2.9215027295105935 
12.719999999983694, 2.9049451898466927 
12.72999999998367, 2.8327250545271325 
12.739999999983647, 3.051554795093073 
12.749999999983624, 3.063790722208608 
12.7599999999836, 3.0637951818493474 
12.769999999983577, 3.054600492956001 
12.779999999983554, 1.815255650367244 
12.78999999998353, -4.979488730001748 
12.799999999983507, -4.997402442836172 
12.809999999983484, -4.99687968903573 
12.81999999998346, -4.987844298322772 
12.829999999983437, -4.898440643421428 
12.839999999983414, -4.942290979106646 
12.84999999998339, -4.9442407123929 
12.859999999983367, -4.943146557216475 
12.869999999983344, -4.939957464479709 
12.87999999998332, -4.939116624364258 
12.889999999983297, -4.937692596845031 
12.899999999983274, -4.9368217135717956 
12.90999999998325, -4.9403486636341984 
12.919999999983228, -4.9400699043976495 
12.929999999983204, -4.935836504202178 
12.939999999983181, -4.808488744597454 
12.949999999983158, -5.063500114883636 
12.959999999983134, -5.078250319854871 
12.969999999983111, -5.077757437631936 
12.979999999983088, -5.065141752803708 
12.989999999983064, -1.5149502527307994 
12.999999999983041, 3.062680835397585 
13.009999999983018, 3.0754909810829574 
13.019999999982995, 3.075463179876065 
13.029999999982971, 3.0692223391365876 
13.039999999982948, 3.016897640920659 
13.049999999982925, 3.006999460921793 
13.059999999982901, 3.0212133478193204 
13.069999999982878, 3.022231218154081 
13.079999999982855, 3.0218573649192186 
13.089999999982831, 3.0223195953506234 
13.099999999982808, 3.0221298871319133 
13.109999999982785, 3.021351021611679 
13.119999999982761, 3.020547716288606 
13.129999999982738, 3.0156431658209297 
13.139999999982715, 2.966020363715822 
13.149999999982692, 3.07186135909756 
13.159999999982668, 3.1050785466070243 
13.169999999982645, 3.1072472892286305 
13.179999999982622, 3.1039806808030663 
13.189999999982598, 3.0292507259078265 
13.199999999982575, -4.987817756911534 
13.209999999982552, -5.0856000042632346 
13.219999999982528, -5.0875634606333 
13.229999999982505, -5.083240013080342 
13.239999999982482, -5.003412521050397 
13.249999999982458, -4.991964427907908 
13.259999999982435, -5.003101567734662 
13.269999999982412, -5.002378725236371 
13.279999999982389, -4.999652652700798 
13.289999999982365, -4.996174885609117 
13.299999999982342, -4.996784529444119 
13.309999999982319, -4.994474286983825 
13.319999999982295, -4.9970347157268815 
13.329999999982272, -4.996984516996732 
13.339999999982249, -4.995096367420542 
13.349999999982225, -4.961512854355504 
13.359999999982202, -5.03732347738691 
13.369999999982179, -5.059661639408086 
13.379999999982156, -5.059952866660592 
13.389999999982132, -5.051700949730021 
13.399999999982109, -4.089101642579997 
13.409999999982086, 3.064565697425209 
13.419999999982062, 3.0849537742829414 
13.429999999982039, 3.085383638488863 
13.439999999982016, 3.0790901828692494 
13.449999999981992, 2.990893884901133 
13.459999999981969, 2.949095937353289 
13.469999999981946, 2.9768659590002717 
13.479999999981922, 2.9788247103401764 
13.4899999999819, 2.978607231603713 
13.499999999981876, 2.9783818666711768 
13.509999999981853, 2.9772461679259745 
13.51999999998183, 2.9759512087373206 
13.529999999981806, 2.975491933882863 
13.539999999981783, 2.9726413854357827 
13.54999999998176, 2.9519877036003854 
13.559999999981736, 2.9836760176104744 
13.569999999981713, 3.0207062689053057 
13.57999999998169, 3.0243882903848 
13.589999999981666, 3.0229197787244786 
13.599999999981643, 3.0030698191678153 
13.60999999998162, -3.6365308202874345 
13.619999999981596, -5.01213336048314 
13.629999999981573, -5.020305648613595 
13.63999999998155, -5.018680386724181 
13.649999999981526, -4.999392192949379 
13.659999999981503, -4.782654778328075 
13.66999999998148, -4.883016503597817 
13.679999999981456, -4.885102544781458 
13.689999999981433, -4.883699279878899 
13.69999999998141, -4.878764889237689 
13.709999999981386, -4.877984979510801 
13.719999999981363, -4.87757837587011 
13.72999999998134, -4.87661134970625 
13.739999999981316, -4.878522100253704 
13.749999999981293, -4.878034828474481 
13.75999999998127, -4.874811056813619 
13.769999999981247, -4.82059078665994 
13.779999999981223, -4.926671137679987 
13.7899999999812, -4.938564509783724 
13.799999999981177, -4.938129024350353 
13.809999999981153, -4.926827245788078 
13.81999999998113, -2.875455068065721 
13.829999999981107, 2.9435421887465205 
13.839999999981083, 2.961036547739716 
13.84999999998106, 2.9614625920551605 
13.859999999981037, 2.955847820818593 
13.869999999981014, 2.8927388487650183 
13.87999999998099, 2.8320868507709633 
13.889999999980967, 2.86460575350883 
13.899999999980944, 2.8674122717441333 
13.90999999998092, 2.867216787004568 
13.919999999980897, 2.867248266115612 
13.929999999980874, 2.866946072475846 
13.93999999998085, 2.8658934225284716 
13.949999999980827, 2.8652722853096515 
13.959999999980804, 2.863692533247828 
13.96999999998078, 2.8514395821311322 
13.979999999980757, 2.8142000216935927 
13.989999999980734, 2.932888135642561 
13.99999999998071, 2.9459259582750477 
14.009999999980687, 2.946490863549829 
14.019999999980664, 2.9408441250040984 
14.02999999998064, 2.732820902389444 
14.039999999980617, -4.871802357375475 
14.049999999980594, -4.9219298941865635 
14.05999999998057, -4.9231599269216115 
14.069999999980547, -4.918540242704404 
14.079999999980524, -4.846940378694714 
14.0899999999805, -4.8399523216122455 
14.099999999980477, -4.850731454351501 
14.109999999980454, -4.85012120516795 
14.11999999998043, -4.848065453959957 
14.129999999980408, -4.844616528078997 
14.139999999980384, -4.845084664990242 
14.149999999980361, -4.842117612782813 
14.159999999980338, -4.845227562243831 
14.169999999980314, -4.84631758916073 
14.179999999980291, -4.845261122472103 
14.189999999980268, -4.831221877505988 
14.199999999980244, -4.815970161614431 
14.209999999980221, -4.976813143969716 
14.219999999980198, -4.98138612184487 
14.229999999980175, -4.979075683853884 
14.239999999980151, -4.9446121032221075 
14.249999999980128, 2.5683153236017566 
14.259999999980105, 2.971965732638597 
14.269999999980081, 2.9780292696090025 
14.279999999980058, 2.977184832916913 
14.289999999980035, 2.968598022461586 
14.299999999980011, 2.9138579986289033 
14.309999999979988, 2.918700390026644 
14.319999999979965, 2.9287065475120357 
14.329999999979941, 2.9292892230375474 
14.339999999979918, 2.9288634342568765 
14.349999999979895, 2.9296862581868224 
14.359999999979872, 2.929992922537716 
14.369999999979848, 2.929436161880706 
14.379999999979825, 2.9286041384703014 
14.389999999979802, 2.9240251752527513 
14.399999999979778, 2.866806979271289 
14.409999999979755, 3.0013176370584382 
14.419999999979732, 3.0653346598317723 
14.429999999979708, 3.068915573368135 
14.439999999979685, 3.066577159632154 
14.449999999979662, 3.0257974044664246 
14.459999999979638, -4.7551531602145385 
14.469999999979615, -5.000162472914182 
14.479999999979592, -5.003824059920066 
14.489999999979569, -5.001007252306936 
14.499999999979545, -4.967546807024155 
14.509999999979522, -4.934550391529624 
14.519999999979499, -4.949715772498233 
14.529999999979475, -4.949278583633242 
14.539999999979452, -4.947566230732893 
14.549999999979429, -4.94423736239799 
14.559999999979405, -4.944518000599897 
14.569999999979382, -4.9413466006292115 
14.579999999979359, -4.9446909753429615 
14.589999999979335, -4.945804256397113 
14.599999999979312, -4.944609486052074 
14.609999999979289, -4.926757934024211 
14.619999999979266, -4.9635644849001075 
14.629999999979242, -5.075774064589788 
14.639999999979219, -5.078836480020906 
14.649999999979196, -5.075414549826219 
14.659999999979172, -5.0013244965714225 
14.669999999979149, 2.968885052583551 
14.679999999979126, 3.073693773801085 
14.689999999979102, 3.0767137297475635 
14.69999999997908, 3.074592193690756 
14.709999999979056, 3.056492820192521 
14.719999999979033, 2.986799743014976 
14.72999999997901, 3.0166270626692 
14.739999999978986, 3.021338339052119 
14.749999999978963, 3.0211567869019267 
14.75999999997894, 3.021197440653874 
14.769999999978916, 3.021493471300002 
14.779999999978893, 3.020798926157946 
14.78999999997887, 3.02012692756168 
14.799999999978846, 3.018410705680048 
14.809999999978823, 3.003715188112617 
14.8199999999788, 2.979150473166574 
14.829999999978776, 3.094434015047756 
14.839999999978753, 3.103274860662077 
14.84999999997873, 3.1028863473665456 
14.859999999978706, 3.0918621558811403 
14.869999999978683, 0.40994195785739046 
14.87999999997866, -5.072334353167526 
14.889999999978636, -5.085398452342125 
14.899999999978613, -5.0843446878567855 
14.90999999997859, -5.070537066113432 
14.919999999978566, -4.925830390486539 
14.929999999978543, -4.997072184327974 
14.93999999997852, -4.998693042936891 
14.949999999978496, -4.997283672200267 
14.959999999978473, -4.992711385581972 
14.96999999997845, -4.992574480407927 
14.979999999978427, -4.991315287475517 
14.989999999978403, -4.991299506079654 
14.99999999997838, -4.992899243388599 
15.009999999978357, -4.992221734490633 
15.019999999978333, -4.986144149008126 
15.02999999997831, -4.9356402991805295 
15.039999999978287, -5.050304819151092 
15.049999999978263, -5.0553376238150145 
15.05999999997824, -5.053259163412306 
15.069999999978217, -5.017793340876397 
15.079999999978194, 2.7811330390430102 
15.08999999997817, 3.0764578169101764 
15.099999999978147, 3.081372914791584 
15.109999999978124, 3.079653877551043 
15.1199999999781, 3.060854791119564 
15.129999999978077, 2.892365755697587 
15.139999999978054, 2.965036161984263 
15.14999999997803, 2.973484927217466 
15.159999999978007, 2.973833253544692 
15.169999999977984, 2.9736213250290016 
15.17999999997796, 2.9731092882885073 
15.189999999977937, 2.9716365228485593 
15.199999999977914, 2.970840978078385 
15.20999999997789, 2.969962222280482 
15.219999999977867, 2.9629850558347774 
15.229999999977844, 2.936017204763214 
15.23999999997782, 3.005101728480203 
15.249999999977797, 3.0190254521631648 
15.259999999977774, 3.019909581870645 
15.26999999997775, 3.0155454334510408 
15.279999999977727, 2.8929092674956562 
15.289999999977704, -4.944864503003603 
15.29999999997768, -5.013869877626306 
15.309999999977657, -5.015592068143658 
15.319999999977634, -5.011063532307035 
15.32999999997761, -4.918694834585424 
15.339999999977588, -4.863878714425313 
15.349999999977564, -4.882993906760605 
15.359999999977541, -4.8826722197904875 
15.369999999977518, -4.8802935170858035 
15.379999999977494, -4.875140376616063 
15.389999999977471, -4.876450916400627 
15.399999999977448, -4.874454419895043 
15.409999999977424, -4.875917216950022 
15.419999999977401, -4.87649090469394 
15.429999999977378, -4.875545231832868 
15.439999999977355, -4.86507586383553 
15.449999999977331, -4.857897758216547 
15.459999999977308, -4.93525889157642 
15.469999999977285, -4.938539545318627 
15.479999999977261, -4.93584457557051 
15.489999999977238, -4.889519035578815 
15.499999999977215, 2.7154001203952154 
15.509999999977191, 2.954403269301623 
15.519999999977168, 2.959412223913053 
15.529999999977145, 2.9579960425194423 
15.539999999977121, 2.943955925264212 
15.549999999977098, 2.814946733433586 
15.559999999977075, 2.8550990531273737 
15.569999999977052, 2.8668702684972986 
15.579999999977028, 2.8676220818293894 
15.589999999977005, 2.8673896185660164 
15.599999999976982, 2.8674976558067695 
15.609999999976958, 2.8668226775210526 
15.619999999976935, 2.8658866643375376 
15.629999999976912, 2.8652441973676934 
15.639999999976888, 2.861637078385302 
15.649999999976865, 2.830016124728406 
15.659999999976842, 2.8851620678968817 
15.669999999976818, 2.9445585706902064 
15.679999999976795, 2.9492899420344116 
15.689999999976772, 2.948033735433355 
15.699999999976749, 2.9306920471185562 
15.709999999976725, -2.406577625064771 
15.719999999976702, -4.91367338819742 
15.729999999976679, -4.924200946517978 
15.739999999976655, -4.92309310448976 
15.749999999976632, -4.9107390198623335 
15.759999999976609, -4.793009384346439 
15.769999999976585, -4.851080277338847 
15.779999999976562, -4.853137729351774 
15.789999999976539, -4.852015003054742 
15.799999999976515, -4.848610694915775 
15.809999999976492, -4.847518867382433 
15.819999999976469, -4.846613291808587 
15.829999999976446, -4.845037488999477 
15.839999999976422, -4.848698364203322 
15.849999999976399, -4.848617132166182 
15.859999999976376, -4.845750402920938 
15.869999999976352, -4.775523391485828 
15.879999999976329, -4.9560275639456535 
15.889999999976306, -4.9851633045810795 
15.899999999976282, -4.9858723164633245 
15.90999999997626, -4.979271650103043 
15.919999999976236, -4.660509243796236 
15.929999999976213, 2.9435617683111412 
15.93999999997619, 2.981117348305912 
15.949999999976166, 2.9827231017141473 
15.959999999976143, 2.9798743702389414 
15.96999999997612, 2.958653563368956 
15.979999999976096, 2.907857281942753 
15.989999999976073, 2.930611123967254 
15.99999999997605, 2.9343171320402908 
16.009999999976028, 2.9339568405569225 
16.019999999976005, 2.934087562856397 
16.02999999997598, 2.9349419663771563 
16.039999999975958, 2.9347237710227203 
16.049999999975935, 2.9341011371581738 
16.05999999997591, 2.9325040900946284 
16.069999999975888, 2.9195192614884533 
16.079999999975865, 2.822876781944946 
16.08999999997584, 3.0560064158110594 
16.099999999975818, 3.071538613833759 
16.109999999975795, 3.071953163128105 
16.11999999997577, 3.064563825785224 
16.129999999975748, 2.4686943428349597 
16.139999999975725, -4.984480730868054 
16.1499999999757, -5.00849036808984 
16.15999999997568, -5.008351853191915 
16.169999999975655, -5.0007244186853566 
16.17999999997563, -4.90851633957824 
16.18999999997561, -4.951573487420583 
16.199999999975585, -4.954300573174059 
16.20999999997556, -4.95324586279648 
16.21999999997554, -4.950179486827067 
16.229999999975515, -4.9490020148404525 
16.239999999975492, -4.94791121484101 
16.24999999997547, -4.946509203469007 
16.259999999975445, -4.950158995004136 
16.269999999975422, -4.949957551615146 
16.2799999999754, -4.946299072777344 
16.289999999975375, -4.8415996426065435 
16.299999999975352, -5.061465225262215 
16.30999999997533, -5.078210608352113 
16.319999999975305, -5.077916968666216 
16.329999999975282, -5.066577491776195 
16.33999999997526, -2.4755231326582035 
16.349999999975235, 3.06206305675797 
16.359999999975212, 3.0764720742668263 
16.36999999997519, 3.0765791350702782 
16.379999999975166, 3.0706045115934515 
16.389999999975142, 3.0177727587455316 
16.39999999997512, 3.0031851188431533 
16.409999999975096, 3.0190052214495022 
16.419999999975072, 3.0201950650828477 
16.42999999997505, 3.0198303944584346 
16.439999999975026, 3.0202131208675187 
16.449999999975002, 3.0199597174512736 
16.45999999997498, 3.0191369230676757 
16.469999999974956, 3.018381359900006 
16.479999999974932, 3.013902184284001 
16.48999999997491, 2.970056269732126 
16.499999999974886, 3.061940131083325 
16.509999999974863, 3.09758638767544 
16.51999999997484, 3.1000193471592703 
16.529999999974816, 3.0971010922275637 
16.539999999974793, 3.0375934772939894 
16.54999999997477, -4.950741936240206 
16.559999999974746, -5.080616542179778 
16.569999999974723, -5.083102435651697 
16.5799999999747, -5.079245028168897 
16.589999999974676, -5.012220970558441 
16.599999999974653, -4.980068820547297 
16.60999999997463, -4.994521976983921 
16.619999999974606, -4.9939494558191555 
16.629999999974583, -4.991438234697281 
16.63999999997456, -4.98746605064723 
16.649999999974536, -4.988299510199945 
16.659999999974513, -4.9859389915848915 
16.66999999997449, -4.9883118087517015 
16.679999999974466, -4.988411011870448 
16.689999999974443, -4.9868389104972835 
16.69999999997442, -4.961471956348054 
16.709999999974396, -5.020043027111062 
16.719999999974373, -5.049564674268912 
16.72999999997435, -5.050319373497976 
16.739999999974327, -5.043739271780319 
16.749999999974303, -4.603300944456047 
16.75999999997428, 3.047299690054884 
16.769999999974257, 3.0759093051472943 
16.779999999974233, 3.0768382409970347 
16.78999999997421, 3.0717581674906063 
16.799999999974187, 3.004698234948532 
16.809999999974163, 2.9303432207194646 
16.81999999997414, 2.966748703665285 
16.829999999974117, 2.9693885788361714 
16.839999999974093, 2.96921228280531 
16.84999999997407, 2.9690229267269346 
16.859999999974047, 2.968033897663764 
16.869999999974024, 2.9666536646427417 
16.879999999974, 2.9661838188802294 
16.889999999973977, 2.963956892822152 
16.899999999973954, 2.9471629431330575 
16.90999999997393, 2.962571463801101 
16.919999999973907, 3.011043825398626 
16.929999999973884, 3.016150963446799 
16.93999999997386, 3.0152575630173306 
16.949999999973837, 3.002123833976127 
16.959999999973814, -0.5881749223666153 
16.96999999997379, -4.998626259182041 
16.979999999973767, -5.011478540644822 
16.989999999973744, -5.010566179127077 
16.99999999997372, -4.997957320520339 
17.009999999973697, -4.752950707166461 
17.019999999973674, -4.878149975034883 
17.02999999997365, -4.881876867751964 
17.039999999973627, -4.880698801520907 
17.049999999973604, -4.876498308971292 
17.05999999997358, -4.874493662148064 
17.069999999973557, -4.874670140966017 
17.079999999973534, -4.8730243809363385 
17.08999999997351, -4.875300038014655 
17.099999999973488, -4.874991145579861 
17.109999999973464, -4.872700787775743 
17.11999999997344, -4.832556767453594 
17.129999999973418, -4.918505860466324 
17.139999999973394, -4.938099053657376 
17.14999999997337, -4.938404632115043 
17.159999999973348, -4.930873307832807 
17.169999999973324, -4.416843877097653 
17.1799999999733, 2.926281291533787 
17.189999999973278, 2.9565963713130676 
17.199999999973254, 2.9578446513490997 
17.20999999997323, 2.953895935201955 
17.219999999973208, 2.9141788848170704 
17.229999999973185, 2.8212500123836475 
17.23999999997316, 2.864185417360536 
17.249999999973138, 2.868376482769192 
17.259999999973115, 2.8682936015325873 
17.26999999997309, 2.8682743922320713 
17.279999999973068, 2.8682031599677176 
17.289999999973045, 2.867261828299731 
17.29999999997302, 2.8665645666922615 
17.309999999972998, 2.8653758382710786 
17.319999999972975, 2.856633293834905 
17.32999999997295, 2.802430086434419 
17.339999999972928, 2.930816171909313 
17.349999999972905, 2.9507946431478946 
17.35999999997288, 2.952159622709048 
17.36999999997286, 2.948212143980545 
17.379999999972835, 2.858496757956311 
17.38999999997281, -4.820561273871672 
17.39999999997279, -4.923224431680353 
17.409999999972765, -4.925691218974012 
17.41999999997274, -4.922283521024809 
17.42999999997272, -4.877641114224064 
17.439999999972695, -4.83840889249119 
17.449999999972672, -4.855663327673066 
17.45999999997265, -4.855361578632289 
17.469999999972625, -4.853656298295494 
17.479999999972602, -4.849878204968415 
17.48999999997258, -4.850342806976732 
17.499999999972555, -4.847604683244013 
17.509999999972532, -4.849867021942453 
17.51999999997251, -4.851545777880647 
17.529999999972485, -4.850755212742401 
17.539999999972462, -4.841348094540619 
17.54999999997244, -4.741850035257173 
17.559999999972415, -4.983516454055602 
17.569999999972392, -4.9903223490029855 
17.57999999997237, -4.988738434907096 
17.589999999972346, -4.966372807674121 
17.599999999972322, 1.8538409672035747 
17.6099999999723, 2.9780749250358425 
17.619999999972276, 2.986587278435403 
17.629999999972252, 2.986185379711728 
17.63999999997223, 2.979358248292124 
17.649999999972206, 2.931566020833987 
17.659999999972182, 2.9252139370528853 
17.66999999997216, 2.9375694861273773 
17.679999999972136, 2.938525117669736 
17.689999999972112, 2.9380340726368726 
17.69999999997209, 2.9387673024766716 
17.709999999972066, 2.9391822212133816 
17.719999999972043, 2.938649786872825 
17.72999999997202, 2.9378877442547986 
17.739999999971996, 2.9340895557313225 
17.749999999971973, 2.889470212952668 
17.75999999997195, 2.9875566980742576 
17.769999999971926, 3.0702528637837214 
17.779999999971903, 3.074718518963299 
17.78999999997188, 3.0728608876696093 
17.799999999971856, 3.0427980066857154 
17.809999999971833, -4.575358649593321 
17.81999999997181, -5.0085468258341255 
17.829999999971786, -5.013324981046514 
17.839999999971763, -5.010910573978345 
17.84999999997174, -4.9835925416310385 
17.859999999971716, -4.938076936366731 
17.869999999971693, -4.957693418128788 
17.87999999997167, -4.957453219766459 
17.889999999971646, -4.955847860802423 
17.899999999971623, -4.9522986382981475 
17.9099999999716, -4.952629955055231 
17.919999999971576, -4.949650087449282 
17.929999999971553, -4.952453744431244 
17.93999999997153, -4.95376151352575 
17.949999999971507, -4.9527117879269245 
17.959999999971483, -4.938160848854739 
17.96999999997146, -4.944509688764189 
17.979999999971437, -5.074605100652242 
17.989999999971413, -5.078141991170165 
17.99999999997139, -5.075074881205691 
18.009999999971367, -5.014402728980272 
18.019999999971343, 2.9405549947215843 
18.02999999997132, 3.0735292988354646 
18.039999999971297, 3.0769593821600005 
18.049999999971273, 3.075006442399199 
18.05999999997125, 3.05788371888321 
18.069999999971227, 2.9814226359168483 
18.079999999971204, 3.013317687710605 
18.08999999997118, 3.0186185833390327 
18.099999999971157, 3.0185191406095204 
18.109999999971134, 3.01850726258298 
18.11999999997111, 3.0187462273591916 
18.129999999971087, 3.018007380254264 
18.139999999971064, 3.0173233660333296 
18.14999999997104, 3.015767119484463 
18.159999999971017, 3.0028503924202736 
18.169999999970994, 2.9711179627784476 
18.17999999997097, 3.0863561280535876 
18.189999999970947, 3.096191856092601 
18.199999999970924, 3.0960247649162116 
18.2099999999709, 3.086573406448882 
18.219999999970877, 1.5431346861530995 
18.229999999970854, -5.064340874015631 
18.23999999997083, -5.080464929614666 
18.249999999970807, -5.079725363014352 
18.259999999970784, -5.068108193463463 
18.26999999997076, -4.905424621958537 
18.279999999970737, -4.988155405035003 
18.289999999970714, -4.990502047969912 
18.29999999997069, -4.989191255092479 
18.309999999970668, -4.984797404006781 
18.319999999970644, -4.984153206243898 
18.32999999997062, -4.983274878007709 
18.339999999970598, -4.982709975309207 
18.349999999970574, -4.984581977623515 
18.35999999997055, -4.9839965526772625 
18.369999999970528, -4.97924544678489 
18.379999999970504, -4.917572633688892 
18.38999999997048, -5.0395846147665155 
18.399999999970458, -5.046244955122182 
18.409999999970434, -5.044697831600161 
18.41999999997041, -5.019858324751565 
18.429999999970388, 2.423485908179277 
18.439999999970365, 3.0661834289093894 
18.44999999997034, 3.072783786943641 
18.459999999970318, 3.071575019102529 
18.469999999970295, 3.0572627762251194 
18.47999999997027, 2.892638226814051 
18.489999999970248, 2.9534919706485963 
18.499999999970225, 2.964746294680478 
18.5099999999702, 2.965360512781399 
18.519999999970178, 2.965135323877934 
18.529999999970155, 2.9647479986133694 
18.53999999997013, 2.963360466161997 
18.549999999970108, 2.962426735335734 
18.559999999970085, 2.961736747039337 
18.56999999997006, 2.9563229385886367 
18.57999999997004, 2.9267416277384664 
18.589999999970015, 2.992063943736676 
18.59999999996999, 3.0114085150733017 
18.60999999996997, 3.0129955602314573 
18.619999999969945, 3.0098178707178365 
18.62999999996992, 2.948367297493396 
18.6399999999699, -4.859775281484806 
18.649999999969875, -5.005030545155688 
18.659999999969852, -5.0081308061119705 
18.66999999996983, -5.004813404057783 
18.679999999969805, -4.953393780516637 
18.689999999969782, -4.847897261954629 
18.69999999996976, -4.880553289861854 
18.709999999969735, -4.880725776051688 
18.719999999969712, -4.87878387155529 
18.72999999996969, -4.873423896858506 
18.739999999969665, -4.874400829076377 
18.749999999969642, -4.872747480283701 
18.75999999996962, -4.8735067767183935 
18.769999999969595, -4.874588568621286 
18.779999999969572, -4.873838319500309 
18.78999999996955, -4.8668785685597085 
18.799999999969526, -4.821922174485711 
18.809999999969502, -4.934293577448933 
18.81999999996948, -4.939560717453261 
18.829999999969456, -4.93778285936172 
18.839999999969432, -4.911701504831322 
18.84999999996941, 2.187619011064842 
18.859999999969386, 2.9492459453931406 
18.869999999969362, 2.9569871408580015 
18.87999999996934, 2.956268208327742 
18.889999999969316, 2.9466420068334997 
18.899999999969292, 2.8451850958663525 
18.90999999996927, 2.8515717963467595 
18.919999999969246, 2.8684205439545405 
18.929999999969223, 2.8697149337016983 
18.9399999999692, 2.8694397463547716 
18.949999999969176, 2.8696021496010005 
18.959999999969153, 2.8691592215990998 
18.96999999996913, 2.8682014567859513 
18.979999999969106, 2.8675975054337504 
18.989999999969083, 2.864909914417333 
18.99999999996906, 2.8417071796589046 
19.009999999969036, 2.8601252571721933 
19.019999999969013, 2.948109035521499 
19.02999999996899, 2.9550210087415683 
19.039999999968966, 2.9544150021399367 
19.049999999968943, 2.9429836158049665 
19.05999999996892, 0.9754953890401274 
19.069999999968896, -4.91035686164494 
19.079999999968873, -4.927179919278883 
19.08999999996885, -4.926729585098157 
19.099999999968826, -4.918033184725296 
19.109999999968803, -4.8001677060838706 
19.11999999996878, -4.855035293056183 
19.129999999968756, -4.8585572146460425 
19.139999999968733, -4.857553829311934 
19.14999999996871, -4.854595519286602 
19.159999999968687, -4.852776250888773 
19.169999999968663, -4.852360094718709 
19.17999999996864, -4.84996514740863 
19.189999999968617, -4.853944441512935 
19.199999999968593, -4.8541204517213234 
19.20999999996857, -4.8519635015743905 
19.219999999968547, -4.80733839488768 
19.229999999968523, -4.94600136459036 
19.2399999999685, -4.992322868438554 
19.249999999968477, -4.993778508046726 
19.259999999968453, -4.988753171109931 
19.26999999996843, -4.835209116198283 
19.279999999968407, 2.9277649006933393 
19.289999999968384, 2.988024673816896 
19.29999999996836, 2.9903520622056825 
19.309999999968337, 2.9880836996706677 
19.319999999968314, 2.9710226863036855 
19.32999999996829, 2.9144666097775676 
19.339999999968267, 2.9372928358695214 
19.349999999968244, 2.9419893896734886 
19.35999999996822, 2.94175963711486 
19.369999999968197, 2.9417483870353403 
19.379999999968174, 2.942622924999422 
19.38999999996815, 2.9424788406098186 
19.399999999968127, 2.941859067241145 
19.409999999968104, 2.940480893273877 
19.41999999996808, 2.92996423986236 
19.429999999968057, 2.8273300350417907 
19.439999999968034, 3.055942735331907 
19.44999999996801, 3.0752598639931756 
19.459999999967987, 3.0760713627148424 
19.469999999967964, 3.0699991619031346 
19.47999999996794, 2.744575322198249 
19.489999999967917, -4.983650882565108 
19.499999999967894, -5.015992938084666 
19.50999999996787, -5.016263708576784 
19.519999999967848, -5.009764934793364 
19.529999999967824, -4.9195613442260155 
19.5399999999678, -4.956963063849524 
19.549999999967778, -4.960682190203365 
19.559999999967754, -4.959676094213956 
19.56999999996773, -4.9567687794659 
19.579999999967708, -4.955205315516787 
19.589999999967684, -4.9544471428947165 
19.59999999996766, -4.952556731931319 
19.609999999967638, -4.956307368497209 
19.619999999967614, -4.956200615791178 
19.62999999996759, -4.953084100058373 
19.639999999967568, -4.870000766301957 
19.649999999967545, -5.056977970103791 
19.65999999996752, -5.076794106890622 
19.669999999967498, -5.076760858799352 
19.679999999967475, -5.0668651770852 
19.68999999996745, -3.446228322211598 
19.699999999967428, 3.0589689430161484 
19.709999999967405, 3.0759409101410116 
19.71999999996738, 3.076251788481417 
19.729999999967358, 3.070732127912244 
19.739999999967335, 3.0198864310461278 
19.74999999996731, 2.997642063210782 
19.759999999967288, 3.015701686229765 
19.769999999967265, 3.0171411931617227 
19.77999999996724, 3.016781312157828 
19.78999999996722, 3.0170983923657038 
19.799999999967195, 3.016824220045899 
19.80999999996717, 3.015961357325515 
19.81999999996715, 3.0152550007341827 
19.829999999967125, 3.0112921276915534 
19.8399999999671, 2.973307481440585 
19.84999999996708, 3.050176557496697 
19.859999999967055, 3.09058855358398 
19.869999999967032, 3.093451909452216 
19.87999999996701, 3.09095828733403 
19.889999999966985, 3.046090136141058 
19.899999999966962, -4.879145189065493 
19.90999999996694, -5.075003808155812 
19.919999999966915, -5.07826839487912 
19.929999999966892, -5.074947453447 
19.93999999996687, -5.022737255944224 
19.949999999966845, -4.966995863037555 
19.959999999966822, -4.986680311990461 
19.9699999999668, -4.986324662479989 
19.979999999966775, -4.984065120217641 
19.989999999966752, -4.9796318599191745 
19.99999999996673, -4.9806074252418515 
20.009999999966706, -4.978288284029107 
20.019999999966682, -4.980363802743631 
20.02999999996666, -4.980677423143185 
20.039999999966636, -4.979384378238591 
20.049999999966612, -4.960866895521695 
20.05999999996659, -4.99990223519778 
20.069999999966566, -5.04096989243543 
20.079999999966542, -5.042325530373473 
20.08999999996652, -5.037193217261083 
20.099999999966496, -4.827294776323952 
20.109999999966472, 3.0237375459505955 
20.11999999996645, 3.0673139675282544 
20.129999999966426, 3.068886757038172 
20.139999999966403, 3.0649009820469706 
20.14999999996638, 3.016672216523801 
20.159999999966356, 2.9104697623128084 
20.169999999966333, 2.9582552855573967 
20.17999999996631, 2.96185604106263 
20.189999999966286, 2.961753609715594 
20.199999999966263, 2.9615874348051596 
20.20999999996624, 2.96077337976651 
20.219999999966216, 2.9593461244840022 
20.229999999966193, 2.9588184825739248 
20.23999999996617, 2.9571080071146003 
20.249999999966146, 2.9439347623026135 
20.259999999966123, 2.9413843522248055 
20.2699999999661, 3.0029386854730578 
20.279999999966076, 3.0100651226641064 
20.289999999966053, 3.0097294885169537 
20.29999999996603, 3.0007652383563013 
20.309999999966006, 1.9926750740720718 
20.319999999965983, -4.983686734104388 
20.32999999996596, -5.004661836935556 
20.339999999965936, -5.004489368570114 
20.349999999965913, -4.995876193484282 
20.35999999996589, -4.780262978556454 
20.369999999965867, -4.87444819823314 
20.379999999965843, -4.880746086326847 
20.38999999996582, -4.8797879234977675 
20.399999999965797, -4.876320380304828 
20.409999999965773, -4.873153459703632 
20.41999999996575, -4.873840170992347 
20.429999999965727, -4.871739214317715 
20.439999999965703, -4.874136959031145 
20.44999999996568, -4.874069411581331 
20.459999999965657, -4.87239539202119 
20.469999999965633, -4.8458378728618445 
20.47999999996561, -4.9068151521964625 
20.489999999965587, -4.939367351549654 
20.499999999965564, -4.940488051220162 
20.50999999996554, -4.935231951140422 
20.519999999965517, -4.75302561691817 
20.529999999965494, 2.8993825636547674 
20.53999999996547, 2.9547096160890156 
20.549999999965447, 2.9569240391824314 
20.559999999965424, 2.9541005139689815 
20.5699999999654, 2.927921083069389 
20.579999999965377, 2.8160405409311893 
20.589999999965354, 2.865006813352593 
20.59999999996533, 2.870994121836684 
20.609999999965307, 2.8710963199633226 
20.619999999965284, 2.8709984119007728 
20.62999999996526, 2.871091138441637 
20.639999999965237, 2.8702907278451812 
20.649999999965214, 2.8695228262671666 
20.65999999996519, 2.868581754818869 
20.669999999965167, 2.862115534657957 
20.679999999965144, 2.808417292896995 
20.68999999996512, 2.926297853839549 
20.699999999965097, 2.955975621135087 
20.709999999965074, 2.9582173003774743 
20.71999999996505, 2.955361555006056 
20.729999999965028, 2.9066080610069203 
20.739999999965004, -4.701426342850152 
20.74999999996498, -4.925544643819601 
20.759999999964958, -4.929531476340118 
20.769999999964934, -4.926941315580842 
20.77999999996491, -4.897530659022285 
20.789999999964888, -4.834790496482129 
20.799999999964864, -4.860771667611741 
20.80999999996484, -4.860865529641201 
20.819999999964818, -4.859391170049227 
20.829999999964794, -4.855521179934728 
20.83999999996477, -4.85578587145647 
20.849999999964748, -4.853439990694263 
20.859999999964725, -4.854717550697502 
20.8699999999647, -4.856974509550465 
20.879999999964678, -4.856378916078043 
20.889999999964655, -4.84961674419674 
20.89999999996463, -4.705524010710131 
20.909999999964608, -4.98709854817405 
20.919999999964585, -4.9967075764800635 
20.92999999996456, -4.995691362860454 
20.939999999964538, -4.979693148913124 
20.949999999964515, 0.02864785973222759 
20.95999999996449, 2.981274417230739 
20.969999999964468, 2.992860008565443 
20.979999999964445, 2.992847087176351 
20.98999999996442, 2.987213551419138 
20.9999999999644, 2.9456851675839038 
21.009999999964375, 2.9287730058512693 
21.01999999996435, 2.9435676648299394 
21.02999999996433, 2.944925935272644 
21.039999999964305, 2.94440983716055 
21.04999999996428, 2.945035772768713 
21.05999999996426, 2.94552708458016 
21.069999999964235, 2.9450161774407264 
21.079999999964212, 2.944302193239655 
21.08999999996419, 2.9410936524603457 
21.099999999964165, 2.9058627073335446 
21.109999999964142, 2.968229704106301 
21.11999999996412, 3.0716867913647836 
21.129999999964095, 3.0771492170905743 
21.139999999964072, 3.075707498918674 
21.14999999996405, 3.052830560135324 
21.159999999964025, -4.1857518291631495 
21.169999999964002, -5.013319405457407 
21.17999999996398, -5.019490959093268 
21.189999999963955, -5.017453599299701 
21.199999999963932, -4.995293164529704 
21.20999999996391, -4.936914743690303 
21.219999999963886, -4.9622851979377645 
21.229999999963862, -4.962303256370891 
21.23999999996384, -4.960802334920994 
21.249999999963816, -4.957090687923957 
21.259999999963792, -4.957396414057769 
21.26999999996377, -4.954669747953268 
21.279999999963746, -4.95686003661062 
21.289999999963722, -4.9584174369317235 
21.2999999999637, -4.9575106305767225 
21.309999999963676, -4.945879731714465 
21.319999999963652, -4.916998237718082 
21.32999999996363, -5.072191556326961 
21.339999999963606, -5.076429131815993 
21.349999999963583, -5.073778676711582 
21.35999999996356, -5.026331269165331 
21.369999999963536, 2.884805599130674 
21.379999999963513, 3.0719790297373533 
21.38999999996349, 3.0760324811029376 
21.399999999963466, 3.0743241176353404 
21.409999999963443, 3.058853903100581 
21.41999999996342, 2.9764177856468197 
21.429999999963396, 3.0090935084710306 
21.439999999963373, 3.0152630448983384 
21.44999999996335, 3.0152726791037057 
21.459999999963326, 3.01520239912775 
21.469999999963303, 3.015419683949147 
21.47999999996328, 3.0146666434603175 
21.489999999963256, 3.013960071149339 
21.499999999963233, 3.0125875411900687 
21.50999999996321, 3.0015801152453396 
21.519999999963186, 2.961512478574421 
21.529999999963163, 3.078475611414898 
21.53999999996314, 3.089965755416805 
21.549999999963116, 3.090096211302191 
21.559999999963093, 3.0822779852806166 
21.56999999996307, 2.3113052963376095 
21.579999999963047, -5.054304122842842 
21.589999999963023, -5.075498608343915 
21.599999999963, -5.0751626555926475 
21.609999999962977, -5.065699681661562 
21.619999999962953, -4.894173788255371 
21.62999999996293, -4.980097557439107 
21.639999999962907, -4.9835173976739515 
21.649999999962883, -4.98232120294358 
21.65999999996286, -4.978241283522545 
21.669999999962837, -4.976925279126034 
21.679999999962813, -4.976471866051849 
21.68999999996279, -4.975340555067581 
21.699999999962767, -4.977497329787899 
21.709999999962744, -4.977014970724618 
21.71999999996272, -4.973350072386097 
21.729999999962697, -4.911189704428212 
21.739999999962674, -5.029883448428468 
21.74999999996265, -5.039016681880232 
21.759999999962627, -5.038002193955466 
21.769999999962604, -5.020572618931093 
21.77999999996258, 1.2997790617146117 
21.789999999962557, 3.0560640007996933 
21.799999999962534, 3.0652133942271744 
21.80999999996251, 3.064524726292448 
21.819999999962487, 3.053753113150935 
21.829999999962464, 2.91043806442617 
21.83999999996244, 2.942670609569517 
21.849999999962417, 2.9579727229925545 
21.859999999962394, 2.958954042595013 
21.86999999996237, 2.9587185005473042 
21.879999999962347, 2.958443315784748 
21.889999999962324, 2.9571855230098505 
21.8999999999623, 2.95611487045582 
21.909999999962277, 2.9555497656200713 
21.919999999962254, 2.951378645870568 
21.92999999996223, 2.9235518557169025 
21.939999999962208, 2.978675610468328 
21.949999999962184, 3.005771253505059 
21.95999999996216, 3.0082339778029126 
21.969999999962138, 3.005953922077738 
21.979999999962114, 2.971371480732814 
21.98999999996209, -4.629613155471338 
21.999999999962068, -4.997731610695565 
22.009999999962044, -5.002768397773245 
22.01999999996202, -5.00036726366165 
22.029999999961998, -4.970132665691185 
22.039999999961974, -4.824723554475428 
22.04999999996195, -4.87961505808209 
22.059999999961928, -4.880477172423756 
22.069999999961905, -4.878855152009043 
22.07999999996188, -4.8736924971033675 
22.089999999961858, -4.87398178213266 
22.099999999961835, -4.872806470776757 
22.10999999996181, -4.872744673208642 
22.119999999961788, -4.874361684369172 
22.129999999961765, -4.873762252958349 
22.13999999996174, -4.868958360785392 
22.149999999961718, -4.8026375101947085 
22.159999999961695, -4.933666131618802 
22.16999999996167, -4.941838762789905 
22.179999999961648, -4.940792928551742 
22.189999999961625, -4.924421560940726 
22.1999999999616, 0.15429122129173103 
22.20999999996158, 2.944865053186036 
22.219999999961555, 2.956686212089015 
22.22999999996153, 2.956586863177136 
22.23999999996151, 2.9496430384691616 
22.249999999961485, 2.8757004104424766 
22.25999999996146, 2.847795413760805 
22.26999999996144, 2.8709408862429115 
22.279999999961415, 2.872916515778305 
22.289999999961392, 2.87263811474045 
22.29999999996137, 2.872792041876279 
22.309999999961345, 2.8725504102418546 
22.319999999961322, 2.8716094429701924 
22.3299999999613, 2.871000815212949 
22.339999999961275, 2.8689321239995573 
22.349999999961252, 2.851803097146553 
22.35999999996123, 2.834471115783599 
22.369999999961205, 2.9508916429336556 
22.379999999961182, 2.9605849543910097 
22.38999999996116, 2.9605458968606353 
22.399999999961135, 2.9524125838697666 
22.409999999961112, 2.32351889811596 
22.41999999996109, -4.9044036165729405 
22.429999999961066, -4.930881364378667 
22.439999999961042, -4.931076561307367 
22.44999999996102, -4.924542463932436 
22.459999999960996, -4.822714971919519 
22.469999999960972, -4.858359072898168 
22.47999999996095, -4.863825173729341 
22.489999999960926, -4.862938239462589 
22.499999999960902, -4.860372029708267 
22.50999999996088, -4.857915077583428 
22.519999999960856, -4.857884240176699 
22.529999999960832, -4.855011875056073 
22.53999999996081, -4.858985965422628 
22.549999999960786, -4.8594416656736135 
22.559999999960763, -4.857758558559503 
22.56999999996074, -4.828113826810062 
22.579999999960716, -4.925769662161144 
22.589999999960693, -4.996957361401092 
22.59999999996067, -4.999208409284121 
22.609999999960646, -4.995247586601507 
22.619999999960623, -4.905844046322202 
22.6299999999606, 2.895246959638288 
22.639999999960576, 2.992605772717929 
22.649999999960553, 2.9957350977476045 
22.65999999996053, 2.9939156480595552 
22.669999999960506, 2.979807722919147 
22.679999999960483, 2.9199264199152255 
22.68999999996046, 2.9411883383380686 
22.699999999960436, 2.946985946791592 
22.709999999960413, 2.9469139271545157 
22.71999999996039, 2.9467824720536666 
22.729999999960366, 2.9476464284049966 
22.739999999960343, 2.9475676250141216 
22.74999999996032, 2.9469463617327767 
22.759999999960296, 2.9457408632497972 
22.769999999960273, 2.9370887294823054 
22.77999999996025, 2.8395384727055237 
22.789999999960227, 3.0521991689814243 
22.799999999960203, 3.076179651251169 
22.80999999996018, 3.0774127560160167 
22.819999999960157, 3.0723940395338674 
22.829999999960133, 2.880218536914433 
22.83999999996011, -4.975627785061965 
22.849999999960087, -5.020406515780564 
22.859999999960063, -5.021149197267167 
22.86999999996004, -5.015620297306443 
22.879999999960017, -4.932859904528742 
22.889999999959993, -4.959057660166835 
22.89999999995997, -4.9641120521735145 
22.909999999959947, -4.963171453229878 
22.919999999959924, -4.960464809833013 
22.9299999999599, -4.958464258203268 
22.939999999959877, -4.9580374686711055 
22.949999999959854, -4.955707283689154 
22.95999999995983, -4.95952016707307 
22.969999999959807, -4.959537259839126 
22.979999999959784, -4.956929127010029 
22.98999999995976, -4.893769395773824 
22.999999999959737, -5.04986536828702 
23.009999999959714, -5.074566968536848 
23.01999999995969, -5.074872534135222 
23.029999999959667, -5.066499862873377 
23.039999999959644, -4.1791360039132215 
23.04999999995962, 3.0532862109882584 
23.059999999959597, 3.07442776324776 
23.069999999959574, 3.0750262845717176 
23.07999999995955, 3.0701145365285756 
23.089999999959527, 3.0238553250375544 
23.099999999959504, 2.9908881093327926 
23.10999999995948, 3.011990355433123 
23.119999999959457, 3.013784146134165 
23.129999999959434, 3.013431682568567 
23.13999999995941, 3.0136922633217633 
23.149999999959388, 3.0134396887911534 
23.159999999959364, 3.0125432065572006 
23.16999999995934, 3.011879034300212 
23.179999999959318, 3.0084739501474105 
23.189999999959294, 2.9764275280914916 
23.19999999995927, 3.03633361914582 
23.209999999959248, 3.08442776367096 
23.219999999959224, 3.0879280374418654 
23.2299999999592, 3.0858998225183667 
23.239999999959178, 3.0532291445978896 
23.249999999959154, -4.723340010414273 
23.25999999995913, -5.069338985555593 
23.269999999959108, -5.073739578272396 
23.279999999959085, -5.070980131236853 
23.28999999995906, -5.032477243479328 
23.299999999959038, -4.952300599545234 
23.309999999959015, -4.980217415272579 
23.31999999995899, -4.98016848812812 
23.329999999958968, -4.978166042637179 
23.339999999958945, -4.973392282765103 
23.34999999995892, -4.974360484119191 
23.359999999958898, -4.972202796074106 
23.369999999958875, -4.973841217319918 
23.37999999995885, -4.974440503236164 
23.389999999958828, -4.973377784473452 
23.399999999958805, -4.960086682308928 
23.40999999995878, -4.975553302104113 
23.41999999995876, -5.034189736464362 
23.429999999958735, -5.03632655525956 
23.43999999995871, -5.032379745691292 
23.44999999995869, -4.9234816375763115 
23.459999999958665, 2.9874383341103217 
23.46999999995864, 3.0598750070288054 
23.47999999995862, 3.0622757389863464 
23.489999999958595, 3.0592145938784983 
23.499999999958572, 3.025176757174731 
23.50999999995855, 2.8914380083033735 
23.519999999958525, 2.951459993715755 
23.529999999958502, 2.956380321507692 
23.53999999995848, 2.956395450618554 
23.549999999958455, 2.956232585637363 
23.559999999958432, 2.9555963599541135 
23.56999999995841, 2.9541692897605554 
23.579999999958385, 2.9535468861242125 
23.589999999958362, 2.9522382297400056 
23.59999999995834, 2.942066817698969 
23.609999999958315, 2.9234520569561413 
23.619999999958292, 2.99607373393307 
23.62999999995827, 3.005994042018704 
23.639999999958246, 3.0062172576911044 
23.649999999958222, 2.999871672004944 
23.6599999999582, 2.6754100307592212 
23.669999999958176, -4.9641762899983854 
23.679999999958152, -4.999780118200276 
23.68999999995813, -5.000421279495944 
23.699999999958106, -4.99425177560298 
23.709999999958082, -4.847167944686364 
23.71999999995806, -4.870598111005906 
23.729999999958036, -4.880922465310004 
23.739999999958012, -4.880209710828365 
23.74999999995799, -4.877367200715268 
23.759999999957966, -4.873266485518344 
23.769999999957943, -4.874296592278154 
23.77999999995792, -4.8720231951613 
23.789999999957896, -4.874245843033546 
23.799999999957873, -4.87448981885368 
23.80999999995785, -4.873222022771175 
23.819999999957826, -4.855834372632467 
23.829999999957803, -4.888103314471367 
23.83999999995778, -4.9412881253728695 
23.849999999957756, -4.943367294531601 
23.859999999957733, -4.93957754458566 
23.86999999995771, -4.854176357882682 
23.879999999957686, 2.8466342981370576 
23.889999999957663, 2.954244657017841 
23.89999999995764, 2.9576461251094597 
23.909999999957616, 2.95563088499039 
23.919999999957593, 2.9373814554748123 
23.92999999995757, 2.8201031171742517 
23.939999999957546, 2.86595818615874 
23.949999999957523, 2.8742138088361493 
23.9599999999575, 2.8745697397404033 
23.969999999957476, 2.8743914686175005 
23.979999999957453, 2.8745838277408637 
23.98999999995743, 2.873930997378003 
23.999999999957407, 2.8731070594851147 
24.009999999957383, 2.8723203919506832 
24.01999999995736, 2.867373840540071 
24.029999999957337, 2.8219007841019867 
24.039999999957313, 2.9178779140390274 
24.04999999995729, 2.960468576835713 
24.059999999957267, 2.963701202724881 
24.069999999957243, 2.961617368268561 
24.07999999995722, 2.931175637218706 
24.089999999957197, -4.390268090063886 
24.099999999957173, -4.927781173473151 
24.10999999995715, -4.933691861583821 
24.119999999957127, -4.931720072422156 
24.129999999957104, -4.911140344000555 
24.13999999995708, -4.828695258960529 
24.149999999957057, -4.865348719660089 
24.159999999957034, -4.865945010451323 
24.16999999995701, -4.86462607901317 
24.179999999956987, -4.860827022568019 
24.189999999956964, -4.86074842913764 
24.19999999995694, -4.85885118136012 
24.209999999956917, -4.859139706636909 
24.219999999956894, -4.861930993870744 
24.22999999995687, -4.861496783641727 
24.239999999956847, -4.85640734858372 
24.249999999956824, -4.717145942421506 
24.2599999999568, -4.987577692561143 
24.269999999956777, -5.000794882908834 
24.279999999956754, -5.000271162830751 
24.28999999995673, -4.988154650292139 
24.299999999956707, -2.4422716481396427 
24.309999999956684, 2.9814118680800843 
24.31999999995666, 2.9969983791263797 
24.329999999956637, 2.997360928882286 
24.339999999956614, 2.992620439347163 
24.34999999995659, 2.956684340071644 
24.359999999956568, 2.929738252668934 
24.369999999956544, 2.9470783810467265 
24.37999999995652, 2.94888567379176 
24.389999999956498, 2.948374679211624 
24.399999999956474, 2.948885518113889 
24.40999999995645, 2.9494357737516372 
24.419999999956428, 2.948947862780702 
24.429999999956404, 2.9482671409896866 
24.43999999995638, 2.9455369241002307 
24.449999999956358, 2.917544281106391 
24.459999999956334, 2.9439707114978106 
24.46999999995631, 3.070657169592603 
24.479999999956288, 3.0773236396015733 
24.489999999956265, 3.0762713714162553 
24.49999999995624, 3.0586138579571616 
24.509999999956218, -3.2750851068834175 
24.519999999956195, -5.014925269080354 
24.52999999995617, -5.022947695149277 
24.539999999956148, -5.021286704072322 
24.549999999956125, -5.003503419772725 
24.5599999999561, -4.931577835225279 
24.569999999956078, -4.964250643844219 
24.579999999956055, -4.96461505674424 
24.58999999995603, -4.963216371616777 
24.599999999956008, -4.959424543561879 
24.609999999955985, -4.959602876791464 
24.61999999995596, -4.957193054726451 
24.62999999995594, -4.958685453074645 
24.639999999955915, -4.960558377983447 
24.64999999995589, -4.959791766061408 
24.65999999995587, -4.950663600676975 
24.669999999955845, -4.883066797934757 
24.67999999995582, -5.068898420441532 
24.6899999999558, -5.074166160429324 
24.699999999955775, -5.071976024018855 
24.709999999955752, -5.036182142789019 
24.71999999995573, 2.7682704616245837 
24.729999999955705, 3.0693953187220844 
24.739999999955682, 3.074371884130668 
24.74999999995566, 3.0729709953252327 
24.759999999955635, 3.059576342290478 
24.769999999955612, 2.9736199152083573 
24.77999999995559, 3.0043885721132915 
24.789999999955565, 3.0117975476341106 
24.799999999955542, 3.0119554897474496 
24.80999999995552, 3.011822634530102 
24.819999999955495, 3.012045037308688 
24.829999999955472, 3.0113103724588353 
24.83999999995545, 3.010569617853318 
24.849999999955426, 3.0093848875270632 
24.859999999955402, 3.000246866039975 
24.86999999995538, 2.953225356286331 
24.879999999955356, 3.0707501409879265 
24.889999999955332, 3.0847840600414154 
24.89999999995531, 3.0852899732530004 
24.909999999955286, 3.0789923272432578 
24.919999999955262, 2.7044445412363785 
24.92999999995524, -5.0411789860851375 
24.939999999955216, -5.070934907455346 
24.949999999955192, -5.071102209334616 
24.95999999995517, -5.063544137744404 
24.969999999955146, -4.902654944568145 
24.979999999955123, -4.973070506858945 
24.9899999999551, -4.97808835591343 
24.999999999955076, -4.977023454014716 
