t, s[1].omega / s[0].omega 
0, -0.23999009881688438 
0.009999999999999995, -0.23939678531433334 
0.019999999999999934, -0.23952110591717085 
0.029999999999999874, -0.2402381268889536 
0.04000000000000012, -0.24136092379094362 
0.050000000000000405, -0.24263080190144418 
0.06000000000000069, -0.24376969042209282 
0.07000000000000098, -0.24455886250060396 
0.08000000000000126, -0.2448704519644161 
0.09000000000000155, -0.2446274467014121 
0.10000000000000184, -0.2437177161759474 
0.11000000000000212, -0.24186448389658385 
0.12000000000000241, -0.23836364587254305 
0.130000000000002, -0.2313728127766991 
0.1400000000000009, -0.21576660139646991 
0.1499999999999998, -0.1772303551916699 
0.1599999999999987, -0.0861720274510026 
0.1699999999999976, 0.0597390439001763 
0.1799999999999965, 0.17832582038257527 
0.1899999999999954, 0.23541076196365118 
0.1999999999999943, 0.2588971780533205 
0.2099999999999932, 0.2688546555708641 
0.2199999999999921, 0.2732543955963697 
0.229999999999991, 0.2750727208801553 
0.2399999999999899, 0.2754770626035839 
0.2499999999999888, 0.27496814550944626 
0.2599999999999877, 0.2738225305686941 
0.2699999999999866, 0.27228709808873985 
0.2799999999999855, 0.2706452215318378 
0.2899999999999844, 0.26919333216870145 
0.2999999999999833, 0.2681871298230866 
0.3099999999999822, 0.267820226390677 
0.3199999999999811, 0.26824281524593874 
0.32999999999998, 0.2695734701030857 
0.3399999999999789, 0.27184983271034147 
0.3499999999999778, 0.2749133184570289 
0.35999999999997667, 0.27833109776667775 
0.36999999999997557, 0.28150789273156446 
0.37999999999997447, 0.2839473467565634 
0.38999999999997337, 0.28540437103991045 
0.39999999999997227, 0.28580282640242693 
0.40999999999997117, 0.2850260295902542 
0.41999999999997006, 0.28266202183748534 
0.42999999999996896, 0.27760919537850476 
0.43999999999996786, 0.2672925326113005 
0.44999999999996676, 0.2464481140717532 
0.45999999999996566, 0.20803946664828618 
0.46999999999996456, 0.1542883232497409 
0.47999999999996346, 0.1060120996558002 
0.48999999999996235, 0.07752302816184782 
0.49999999999996125, 0.06414148198789513 
0.5099999999999602, 0.058132266798564536 
0.519999999999959, 0.05529898891785227 
0.529999999999958, 0.05386840661710601 
0.5399999999999568, 0.05311289925846482 
0.5499999999999557, 0.05270663243418413 
0.5599999999999546, 0.05246375525727189 
0.5699999999999535, 0.052227383390222135 
0.5799999999999524, 0.05181795577694085 
0.5899999999999513, 0.05100192940453728 
0.5999999999999502, 0.049445704854254556 
0.6099999999999491, 0.046599627838459744 
0.619999999999948, 0.04140683354230325 
0.6299999999999469, 0.03159089608569153 
0.6399999999999458, 0.011947562136069935 
0.6499999999999447, -0.028707303631942772 
0.6599999999999436, -0.10818838455099389 
0.6699999999999425, -0.2234253077263982 
0.6799999999999414, -0.3232652196044086 
0.6899999999999403, -0.37845808292542177 
0.6999999999999392, -0.4035846816780547 
0.7099999999999381, -0.4148737167247547 
0.719999999999937, -0.4201199760648505 
0.7299999999999359, -0.4224935192236819 
0.7399999999999348, -0.4232453736134579 
0.7499999999999337, -0.42280372291679563 
0.7599999999999326, -0.4211735844508399 
0.7699999999999315, -0.41810084367103106 
0.7799999999999304, -0.4132432223610306 
0.7899999999999293, -0.40650682262469634 
0.7999999999999282, -0.3984499089299725 
0.8099999999999271, -0.3902551332834677 
0.819999999999926, -0.3830743927310038 
0.8299999999999249, -0.3774534993447604 
0.8399999999999238, -0.3733622790635164 
0.8499999999999227, -0.3705133935525936 
0.8599999999999216, -0.3685862036840629 
0.8699999999999205, -0.3673017381039024 
0.8799999999999194, -0.36642965762049967 
0.8899999999999183, -0.36578811034604863 
0.8999999999999172, -0.36525284221676346 
0.9099999999999161, -0.36476779297104905 
0.919999999999915, -0.3643525317018136 
0.9299999999999139, -0.36411792985866204 
0.9399999999999128, -0.3643159874156545 
0.9499999999999117, -0.36547041628430205 
0.9599999999999106, -0.36869351025208186 
0.9699999999999095, -0.37646946374808715 
0.9799999999999084, -0.3947049991537078 
0.9899999999999073, -0.43838452461956684 
0.9999999999999062, -0.5463828309759453 
1.0099999999999052, -0.7990228486996535 
1.019999999999904, -1.2073686410769902 
1.029999999999903, -1.5374777588676782 
1.039999999999902, -1.7010056069885682 
1.0499999999999008, -1.7750391005082076 
1.0599999999998997, -1.8098198308443574 
1.0699999999998986, -1.8263392529951097 
1.0799999999998975, -1.8338787335199236 
1.0899999999998964, -1.8369346861051394 
1.0999999999998953, -1.8377240735775904 
1.1099999999998942, -1.8373697655957102 
1.119999999999893, -1.8365327642681009 
1.129999999999892, -1.8354942703959616 
1.1399999999998909, -1.834088508867363 
1.1499999999998898, -1.8322991046438522 
1.1599999999998887, -1.83087619096012 
1.1699999999998876, -1.8304175105768092 
1.1799999999998865, -1.8302029295750764 
1.1899999999998854, -1.8289322504252752 
1.1999999999998843, -1.8245331822451285 
1.2099999999998832, -1.8101719956923226 
1.219999999999882, -1.7549269040128028 
1.229999999999881, -1.4937244551822135 
1.2399999999998799, -0.6033400374206873 
1.2499999999998788, 0.05735075346302071 
1.2599999999998777, 0.2202003316072317 
1.2699999999998766, 0.26409687565510953 
1.2799999999998755, 0.2795160029624585 
1.2899999999998744, 0.28595634720008994 
1.2999999999998733, 0.2888756903394982 
1.3099999999998722, 0.29018319754108707 
1.319999999999871, 0.2906829675300723 
1.32999999999987, 0.29078200359001255 
1.3399999999998689, 0.29073839337709806 
1.3499999999998678, 0.2907814194405654 
1.3599999999998666, 0.2912281740446898 
1.3699999999998655, 0.29269203804733274 
1.3799999999998644, 0.2964980220338474 
1.3899999999998633, 0.305246269818718 
1.3999999999998622, 0.3222739145720887 
1.4099999999998611, 0.3472741891269819 
1.41999999999986, 0.3725267971221432 
1.429999999999859, 0.39054664532252 
1.4399999999998578, 0.40080087452087493 
1.4499999999998567, 0.405952284530145 
1.4599999999998556, 0.40817888591948526 
1.4699999999998545, 0.4085832234442702 
1.4799999999998534, 0.4074771091267032 
1.4899999999998523, 0.40456768746704813 
1.4999999999998512, 0.39899096381477045 
1.5099999999998501, 0.389531044188551 
1.519999999999849, 0.3757503639237175 
1.529999999999848, 0.3598611103639209 
1.5399999999998468, 0.34609943686983324 
1.5499999999998457, 0.3369085223584585 
1.5599999999998446, 0.33176036927809893 
1.5699999999998435, 0.32913039561267443 
1.5799999999998424, 0.3278384931775606 
1.5899999999998413, 0.3271984092820327 
1.5999999999998402, 0.3268205149330244 
1.6099999999998391, 0.3264404509638511 
1.619999999999838, 0.3258091781565258 
1.629999999999837, 0.3245962956575158 
1.6399999999998358, 0.3222214101299514 
1.6499999999998347, 0.31740758796652785 
1.6599999999998336, 0.30673406910928447 
1.6699999999998325, 0.2788707463882214 
1.6799999999998314, 0.18502310897739183 
1.6899999999998303, -0.22342246580858793 
1.6999999999998292, -1.2098907561747347 
1.709999999999828, -1.6639650871692937 
1.719999999999827, -1.7582811362433588 
1.729999999999826, -1.7804340969352386 
1.7399999999998248, -1.7865253023979477 
1.7499999999998237, -1.7879867844756963 
1.7599999999998226, -1.7878036418771448 
1.7699999999998215, -1.7873968561572688 
1.7799999999998204, -1.787960228252243 
1.7899999999998193, -1.7894981064667246 
1.7999999999998182, -1.7909746954764156 
1.809999999999817, -1.7919202453866927 
1.819999999999816, -1.7924913910960811 
1.8299999999998149, -1.7927023529435808 
1.8399999999998138, -1.7921904682610854 
1.8499999999998127, -1.7903412815658037 
1.8599999999998116, -1.7861785733036286 
1.8699999999998105, -1.7780476725715733 
1.8799999999998094, -1.7631082182520217 
1.8899999999998083, -1.7360041060165046 
1.8999999999998072, -1.6848729706958299 
1.909999999999806, -1.5815943630149638 
1.919999999999805, -1.3795352812766806 
1.9299999999998039, -1.1128634722580835 
1.9399999999998028, -0.9421513454796809 
1.9499999999998017, -0.8844138254852009 
1.9599999999998006, -0.8735063427651559 
1.9699999999997995, -0.8746913335130838 
1.9799999999997984, -0.8773815560985728 
1.9899999999997973, -0.8792380291169186 
1.9999999999997962, -0.8799683095299228 
2.0099999999998173, -0.8795251137284458 
2.0199999999998384, -0.8775800548501109 
2.0299999999998595, -0.8732028558901209 
2.0399999999998806, -0.8644549753600739 
2.0499999999999017, -0.8481844224989056 
2.059999999999923, -0.8213371623333178 
2.069999999999944, -0.7847274949271915 
2.079999999999965, -0.7448273690313494 
2.089999999999986, -0.7088144561129688 
2.100000000000007, -0.6797541906530074 
2.1100000000000283, -0.6572915795447506 
2.1200000000000494, -0.6399810770084788 
2.1300000000000705, -0.626477887647865 
2.1400000000000916, -0.6158117268378236 
2.1500000000001127, -0.6073427659403984 
2.160000000000134, -0.6006607588145614 
2.170000000000155, -0.595496087578668 
2.180000000000176, -0.5916528854077882 
2.190000000000197, -0.5889631807569876 
2.2000000000002182, -0.5872606302480924 
2.2100000000002393, -0.586372140736618 
2.2200000000002604, -0.586123670804586 
2.2300000000002815, -0.586354358591921 
2.2400000000003026, -0.5869331019826147 
2.2500000000003237, -0.5877740089269214 
2.260000000000345, -0.5888492175310069 
2.270000000000366, -0.5901969878411529 
2.280000000000387, -0.5919211767862124 
2.290000000000408, -0.5941791886490361 
2.3000000000004293, -0.5971563667749586 
2.3100000000004504, -0.601014988652268 
2.3200000000004715, -0.605791067763177 
2.3300000000004926, -0.6112408431799339 
2.3400000000005137, -0.6167614175730511 
2.3500000000005348, -0.6215842719760707 
2.360000000000556, -0.625169336704353 
2.370000000000577, -0.6274051606705031 
2.380000000000598, -0.6284701343987893 
2.390000000000619, -0.6285990965005552 
2.4000000000006403, -0.6279532367803269 
2.4100000000006614, -0.626607174168018 
2.4200000000006825, -0.6246466387287049 
2.4300000000007036, -0.6225291784065119 
2.4400000000007247, -0.6224031199957303 
2.450000000000746, -0.6332807708877567 
2.460000000000767, -0.6935079292729076 
2.470000000000788, -0.9697151229903985 
2.480000000000809, -1.7223389340031843 
2.49000000000083, -2.1616517633190426 
2.5000000000008513, -2.2639284796637953 
2.5100000000008724, -2.2935102409057126 
2.5200000000008935, -2.30452143301142 
2.5300000000009146, -2.3089019253133305 
2.5400000000009357, -2.31022902789956 
2.550000000000957, -2.3097877150065917 
2.560000000000978, -2.3079535604601076 
2.570000000000999, -2.304266376068085 
2.58000000000102, -2.296856944343324 
2.5900000000010412, -2.284796129687558 
2.6000000000010624, -2.277896560455324 
2.6100000000010835, -2.2796860691087657 
2.6200000000011046, -2.2810433718175736 
2.6300000000011257, -2.279726864780804 
2.6400000000011468, -2.2742871492720704 
2.650000000001168, -2.268802721908501 
2.660000000001189, -2.292621986231574 
2.67000000000121, -2.3221031386886732 
2.680000000001231, -2.3353075785459625 
2.6900000000012523, -2.3406107799609748 
2.7000000000012734, -2.342736650764113 
2.7100000000012945, -2.343072848455189 
2.7200000000013156, -2.3418214119374756 
2.7300000000013367, -2.3384787199822448 
2.740000000001358, -2.3312728649290713 
2.750000000001379, -2.31420259951767 
2.7600000000014, -2.263231411041836 
2.770000000001421, -2.106208672402558 
2.780000000001442, -1.9770103407447899 
2.7900000000014633, -2.00329485064019 
2.8000000000014844, -2.0197773894493256 
2.8100000000015055, -2.0241403618123472 
2.8200000000015266, -2.0244312369350164 
2.8300000000015477, -2.02287280539633 
2.840000000001569, -2.0220386328436457 
2.85000000000159, -2.026666602727695 
2.860000000001611, -2.0343267927954014 
2.870000000001632, -2.0397599050200137 
2.8800000000016532, -2.0426927682384033 
2.8900000000016743, -2.044131481705885 
2.9000000000016954, -2.0444602205936344 
2.9100000000017165, -2.043559055011225 
2.9200000000017377, -2.0409844322066863 
2.9300000000017588, -2.035813696519635 
2.94000000000178, -2.0260330821127495 
2.950000000001801, -2.006490365766164 
2.960000000001822, -1.9615411168893364 
2.970000000001843, -1.843137357206841 
2.9800000000018643, -1.6103950455175595 
2.9900000000018854, -1.4795282006331356 
3.0000000000019065, -1.4843366792259043 
3.0100000000019276, -1.5000386651557538 
3.0200000000019487, -1.507062783232103 
3.03000000000197, -1.509298029946335 
3.040000000001991, -1.5089691661809073 
3.050000000002012, -1.5062433886164404 
3.060000000002033, -1.5001411207546342 
3.070000000002054, -1.4932902908572918 
3.0800000000020753, -1.5120266732643894 
3.0900000000020964, -1.5886225531094647 
3.1000000000021175, -1.67181684858499 
3.1100000000021386, -1.72159287630928 
3.1200000000021597, -1.7478946805012143 
3.130000000002181, -1.7625707181810029 
3.140000000002202, -1.7712889979503852 
3.150000000002223, -1.7765220741290428 
3.160000000002244, -1.7794381893235567 
3.1700000000022652, -1.7806876472426487 
3.1800000000022863, -1.7806978267212876 
3.1900000000023074, -1.779776439728901 
3.2000000000023285, -1.7781225043171287 
3.2100000000023496, -1.7757093673085727 
3.2200000000023707, -1.7722528156938995 
3.230000000002392, -1.7678834300809296 
3.240000000002413, -1.764235157323898 
3.250000000002434, -1.7630056438308994 
3.260000000002455, -1.7631633730132816 
3.2700000000024763, -1.7627849333587542 
3.2800000000024974, -1.760285685189303 
3.2900000000025185, -1.7516763952402186 
3.3000000000025396, -1.7184259110071576 
3.3100000000025607, -1.5419316902887943 
3.3200000000025818, -0.4342434724763818 
3.330000000002603, 0.862347785744497 
3.340000000002624, 1.013503589687735 
3.350000000002645, 1.0357601225674011 
3.360000000002666, 1.0411246671905192 
3.3700000000026873, 1.0422502320269365 
3.3800000000027084, 1.041284099131365 
3.3900000000027295, 1.0379511148198621 
3.4000000000027506, 1.0303608332478622 
3.4100000000027717, 1.015513984656688 
3.420000000002793, 0.9947868361383291 
3.430000000002814, 0.9794933935527219 
3.440000000002835, 0.97493217890128 
3.450000000002856, 0.9753270176045031 
3.460000000002877, 0.9763381064512429 
3.4700000000028983, 0.9766713354947006 
3.4800000000029194, 0.9758345825259676 
3.4900000000029405, 0.9727449978076557 
3.5000000000029616, 0.9631950001982584 
3.5100000000029827, 0.9247566658717078 
3.520000000003004, 0.6526752764510981 
3.530000000003025, -1.9052141893277283 
3.540000000003046, -3.858206414211593 
3.550000000003067, -3.9002213922542794 
3.5600000000030882, -3.9044865983697954 
3.5700000000031094, -3.9037189731909985 
3.5800000000031305, -3.8975368218965962 
3.5900000000031516, -3.8439304575864464 
3.6000000000031727, -2.9877940668340073 
3.6100000000031938, -3.2987074126508227 
3.620000000003215, -3.328277805445198 
3.630000000003236, -3.3306708976769777 
3.640000000003257, -3.3301711425573415 
3.650000000003278, -3.3293783047209624 
3.6600000000032993, -3.3273615019784963 
3.6700000000033204, -3.325738675158258 
3.6800000000033415, -3.325692704123486 
3.6900000000033626, -3.3226571166068246 
3.7000000000033837, -3.309122815579925 
3.710000000003405, -3.331956230250995 
3.720000000003426, -3.3572760113240903 
3.730000000003447, -3.3625391516057426 
3.740000000003468, -3.3632358020331403 
3.750000000003489, -3.3611301590148948 
3.7600000000035103, -3.3511188156131437 
3.7700000000035314, -3.278304462756952 
3.7800000000035525, -1.0683271779331465 
3.7900000000035736, 1.2706635880636241 
3.8000000000035947, 1.347582608571922 
3.810000000003616, 1.3577437772654715 
3.820000000003637, 1.3599782319931566 
3.830000000003658, 1.3602588126753987 
3.840000000003679, 1.3597514394435442 
3.8500000000037002, 1.3587086553446435 
3.8600000000037213, 1.357193381691156 
3.8700000000037424, 1.3554347949224552 
3.8800000000037635, 1.3539218482750055 
3.8900000000037847, 1.3530097576602358 
3.9000000000038058, 1.3525281320527178 
3.910000000003827, 1.3518750797772852 
3.920000000003848, 1.3499510052652992 
3.930000000003869, 1.3431670533126145 
3.94000000000389, 1.307165770124346 
3.9500000000039113, 0.7290626263913621 
3.9600000000039324, -3.324063126277396 
3.9700000000039535, -3.5543514328299097 
3.9800000000039746, -3.570210200969477 
3.9900000000039957, -3.5725662620249445 
4.000000000004016, -3.571322593383259 
4.010000000003993, -3.565146677863779 
4.02000000000397, -3.5270325458564487 
4.030000000003946, -3.3300278737536977 
4.040000000003923, -3.3983855327485974 
4.0500000000039, -3.410324649802491 
4.0600000000038765, -3.4109235474649244 
4.070000000003853, -3.4103756390574276 
4.08000000000383, -3.409991309673086 
4.090000000003807, -3.408571150930007 
4.100000000003783, -3.407979580886027 
4.11000000000376, -3.406812732638838 
4.120000000003737, -3.3975113067494482 
4.130000000003713, -3.3768939743182287 
4.14000000000369, -3.450966990550809 
4.150000000003667, -3.4699342404861104 
4.1600000000036434, -3.4731658778237366 
4.17000000000362, -3.4728209657127715 
4.180000000003597, -3.468548683261866 
4.1900000000035735, -3.446658954978404 
4.20000000000355, -3.1217863451305146 
4.210000000003527, 1.081991546535917 
4.220000000003504, 1.4146544503272862 
4.23000000000348, 1.4369676646727843 
4.240000000003457, 1.4410540416891648 
4.250000000003434, 1.4418629873688666 
4.26000000000341, 1.4417139408162918 
4.270000000003387, 1.441165663050762 
4.280000000003364, 1.440328379009118 
4.2900000000033405, 1.4392492158300314 
4.300000000003317, 1.4381609680597551 
4.310000000003294, 1.4373764186683748 
4.320000000003271, 1.4368963738087008 
4.330000000003247, 1.4362619318417083 
4.340000000003224, 1.4344171893287527 
4.350000000003201, 1.4276879392296737 
4.360000000003177, 1.3890740824693526 
4.370000000003154, 0.6157545970145003 
4.380000000003131, -3.4885846165407166 
4.390000000003107, -3.6441946692237943 
4.400000000003084, -3.656099562462779 
4.410000000003061, -3.6575814244894653 
4.4200000000030375, -3.655619762227399 
4.430000000003014, -3.646450563211597 
4.440000000002991, -3.57005713661695 
4.450000000002968, -3.397475075944615 
4.460000000002944, -3.4674243082719243 
4.470000000002921, -3.473723661263957 
4.480000000002898, -3.473601243200451 
4.490000000002874, -3.473112569204163 
4.500000000002851, -3.472127682753702 
4.510000000002828, -3.470520792051542 
4.520000000002804, -3.4702509200989033 
4.530000000002781, -3.4676950366848316 
4.540000000002758, -3.4520270644692177 
4.5500000000027345, -3.4730481290703694 
4.560000000002711, -3.5087297585481503 
4.570000000002688, -3.515070303389512 
4.580000000002665, -3.5158352249540394 
4.590000000002641, -3.513535582491368 
4.600000000002618, -3.501764841787677 
4.610000000002595, -3.388594690776434 
4.620000000002571, 0.40091563032112304 
4.630000000002548, 1.467509351731209 
4.640000000002525, 1.504794337697532 
4.6500000000025015, 1.5104193609736511 
4.660000000002478, 1.5114844341868916 
4.670000000002455, 1.5111812845159331 
4.6800000000024315, 1.5100082628580775 
4.690000000002408, 1.5078973990252886 
4.700000000002385, 1.5050097098536583 
4.710000000002362, 1.5023182716389802 
4.720000000002338, 1.5008653928563265 
4.730000000002315, 1.5004310742781302 
4.740000000002292, 1.4999567499291055 
4.750000000002268, 1.498041241622568 
4.760000000002245, 1.4904365981114134 
4.770000000002222, 1.4454067277979736 
4.7800000000021985, 0.8506862089820537 
4.790000000002175, 3.002421659927125 
4.800000000002152, 3.611283597242815 
4.810000000002129, 3.61630470355315 
4.820000000002105, 3.612744419747858 
4.830000000002082, 3.415449588985291 
4.840000000002059, -5.176045583887604 
4.850000000002035, -5.205509083447682 
4.860000000002012, -5.205143437888916 
4.870000000001989, -5.197183328505683 
4.880000000001965, -5.159982936125969 
4.890000000001942, -5.178471628322746 
4.900000000001919, -5.178428149835225 
4.9100000000018955, -5.1773047894050235 
4.920000000001872, -5.174612991882976 
4.930000000001849, -5.174355879254299 
4.940000000001826, -5.170312098325881 
4.950000000001802, -5.174943601978924 
4.960000000001779, -5.176185018419217 
4.970000000001756, -5.174508953497197 
4.980000000001732, -5.1373006222267374 
4.990000000001709, -5.285500302132494 
5.000000000001686, -5.334025992581375 
5.0100000000016625, -5.334780067840648 
5.020000000001639, -5.326447858901282 
5.030000000001616, -3.5745142734038375 
5.0400000000015925, 3.319590408656976 
5.050000000001569, 3.3325687034264284 
5.060000000001546, 3.332134795350177 
5.070000000001523, 3.3223397899285816 
5.080000000001499, 3.2258784993591854 
5.090000000001476, 3.2603258424100536 
5.100000000001453, 3.2680266170547534 
5.110000000001429, 3.2681191228855666 
5.120000000001406, 3.2679265156681105 
5.130000000001383, 3.2671823803082303 
5.1400000000013595, 3.265690484454647 
5.150000000001336, 3.2651891931838954 
5.160000000001313, 3.262726918554839 
5.17000000000129, 3.245320075659759 
5.180000000001266, 3.274826723093372 
5.190000000001243, 3.295320930755571 
5.20000000000122, 3.296955577551679 
5.210000000001196, 3.2937952976812737 
5.220000000001173, 3.2089658763956037 
5.23000000000115, -5.246402083275618 
5.240000000001126, -5.31173446707572 
5.250000000001103, -5.312767536684374 
5.26000000000108, -5.305658972476212 
5.2700000000010565, -4.834698473658833 
5.280000000001033, -4.916048868786997 
5.29000000000101, -4.9311304863270164 
5.300000000000987, -4.930504850961355 
5.310000000000963, -4.92649521916028 
5.32000000000094, -4.919081585101059 
5.330000000000917, -4.9220683689221225 
5.340000000000893, -4.920704972479921 
5.35000000000087, -4.92140401688456 
5.360000000000847, -4.920866611877356 
5.3700000000008234, -4.919764210519183 
5.3800000000008, -4.9077385221309875 
5.390000000000777, -4.924887596119384 
5.4000000000007535, -4.943841007931989 
5.41000000000073, -4.944425659967841 
5.420000000000707, -4.938451755620918 
5.430000000000684, -4.552564222746327 
5.44000000000066, 3.1491812232571705 
5.450000000000637, 3.178725766253981 
5.460000000000614, 3.1794237019513734 
5.47000000000059, 3.1720016711789896 
5.480000000000567, 2.907577673272132 
5.490000000000544, 2.724475285239418 
5.5000000000005205, 2.7813105356215315 
5.510000000000497, 2.7846024447726476 
5.520000000000474, 2.784570493573846 
5.5300000000004506, 2.783765312358188 
5.540000000000427, 2.781515139311373 
5.550000000000404, 2.778995210574316 
5.560000000000381, 2.7787586699040245 
5.570000000000357, 2.777996418296591 
5.580000000000334, 2.77162307026089 
5.590000000000311, 2.759004980742879 
5.600000000000287, 2.8000246243767415 
5.610000000000264, 2.812423660650139 
5.620000000000241, 2.813743955869041 
5.6300000000002175, 2.8111260454562284 
5.640000000000194, 2.7769022033180737 
5.650000000000171, -4.214611006742276 
5.660000000000148, -4.805266435491279 
5.670000000000124, -4.812782725490226 
5.680000000000101, -4.8113913284879235 
5.690000000000078, -4.796960780295729 
5.700000000000054, -4.532121615164337 
5.710000000000031, -4.662940089889207 
5.720000000000008, -4.66795099937158 
5.729999999999984, -4.667035810186271 
5.739999999999961, -4.663985372118971 
5.749999999999938, -4.660469260142315 
5.7599999999999145, -4.661313164969919 
5.769999999999891, -4.658758362856778 
5.779999999999868, -4.661414501072132 
5.789999999999845, -4.66236466283513 
5.799999999999821, -4.661503215858432 
5.809999999999798, -4.6519945639444655 
5.819999999999775, -4.553219086376041 
5.829999999999751, -4.786490591528365 
5.839999999999728, -4.795104208479757 
5.849999999999705, -4.794269001483645 
5.8599999999996815, -4.781830171153425 
5.869999999999658, -3.2370389621655447 
5.879999999999635, 2.7662663840626154 
5.8899999999996115, 2.7891309458722455 
5.899999999999588, 2.790370216175213 
5.909999999999565, 2.787776598707061 
5.919999999999542, 2.7724936246300187 
5.929999999999518, 2.7327977975094644 
5.939999999999495, 2.7459154493651488 
5.949999999999472, 2.750706593866842 
5.959999999999448, 2.7504775466601097 
5.969999999999425, 2.7499195469148208 
5.979999999999402, 2.7517732514190874 
5.9899999999993785, 2.753278646702723 
5.999999999999355, 2.753290997589153 
6.009999999999332, 2.7524756991584005 
6.019999999999309, 2.7482588854559795 
6.029999999999285, 2.6888896982498425 
6.039999999999262, 2.882658907736515 
6.049999999999239, 3.211135949130166 
6.059999999999215, 3.217898389833863 
6.069999999999192, 3.2162216131524723 
6.079999999999169, 3.1840697098320736 
6.089999999999145, -4.609511279082004 
6.099999999999122, -4.940700864927077 
6.109999999999099, -4.944611870216516 
6.1199999999990755, -4.942231457223171 
6.129999999999052, -4.921032036682036 
6.139999999999029, -4.905860469116582 
6.149999999999006, -4.914877763847179 
6.159999999998982, -4.914223258007479 
6.169999999998959, -4.9130907405273465 
6.179999999998936, -4.910833952567222 
6.189999999998912, -4.910415212856748 
6.199999999998889, -4.905444118433641 
6.209999999998866, -4.911825527751071 
6.2199999999988425, -4.914185876743068 
6.229999999998819, -4.913089520017367 
6.239999999998796, -4.895776364313461 
6.2499999999987725, -4.765055153737403 
6.259999999998749, -5.356741217709955 
6.269999999998726, -5.362198979421364 
6.279999999998703, -5.359232701448145 
6.289999999998679, -5.286960863301685 
6.299999999998656, 3.258072640753471 
6.309999999998633, 3.3314891633144024 
6.319999999998609, 3.333393993407813 
6.329999999998586, 3.3305479182485387 
6.339999999998563, 3.307512012618455 
6.3499999999985395, 3.28281568818267 
6.359999999998516, 3.297276536709205 
6.369999999998493, 3.298357077486447 
6.37999999999847, 3.2979040865537295 
6.389999999998446, 3.298439271535225 
6.399999999998423, 3.2980677645043235 
6.4099999999984, 3.29729266307436 
6.419999999998376, 3.295970792544042 
6.429999999998353, 3.28435225145146 
6.43999999999833, 3.269250763075738 
6.449999999998306, 3.3483511477249444 
6.459999999998283, 3.3543098639878757 
6.46999999999826, 3.3530411985487 
6.4799999999982365, 3.3295293891741826 
6.489999999998213, -4.967939072186944 
6.49999999999819, -5.34767523917078 
6.509999999998167, -5.351241320869692 
6.519999999998143, -5.3472784093387755 
6.52999999999812, -5.235631825384948 
6.539999999998097, -5.153406235414916 
6.549999999998073, -5.171360472575272 
6.55999999999805, -5.170680565139724 
6.569999999998027, -5.166673479360618 
6.5799999999980034, -5.161557965622352 
6.58999999999798, -5.1633730547709975 
6.599999999997957, -5.16192099785909 
6.6099999999979335, -5.16274211488259 
6.61999999999791, -5.161926794706778 
6.629999999997887, -5.159489633582221 
6.639999999997864, -5.1383254856926595 
6.64999999999784, -5.1770782339815735 
6.659999999997817, -5.181071544007999 
6.669999999997794, -5.178905149646971 
6.67999999999777, -5.124993941886524 
6.689999999997747, 3.496638831622279 
6.699999999997724, 3.589634102592516 
6.7099999999977005, 3.5911165689031193 
6.719999999997677, 3.5830022642696795 
6.729999999997654, 2.41323132013534 
6.7399999999976306, 1.0985217699406546 
6.749999999997607, 1.5263781296260919 
6.759999999997584, 1.5580384525168494 
6.769999999997561, 1.5632394222826465 
6.779999999997537, 1.5641257744990207 
6.789999999997514, 1.5639781302142914 
6.799999999997491, 1.5640681106583545 
6.809999999997467, 1.5651629705621068 
6.819999999997444, 1.566968499472169 
6.829999999997421, 1.5685070280094657 
6.8399999999973975, 1.569298379926261 
6.849999999997374, 1.5693729646852346 
6.859999999997351, 1.5686000820506527 
6.869999999997328, 1.5657001782370572 
6.879999999997304, 1.5525967808253056 
6.889999999997281, 1.4086397269618136 
6.899999999997258, -2.842387082428651 
6.909999999997234, -3.5518060560411384 
6.919999999997211, -3.579442884176223 
6.929999999997188, -3.5832033282425897 
6.939999999997164, -3.582566735914683 
6.949999999997141, -3.578184663108856 
6.959999999997118, -3.55587856095159 
6.9699999999970945, -3.476669888366606 
6.979999999997071, -3.5033487173557107 
6.989999999997048, -3.510078015390114 
6.999999999997025, -3.5099094943199978 
7.009999999997001, -3.509619307751086 
7.019999999996978, -3.509585906326783 
7.029999999996955, -3.508618130208795 
7.039999999996931, -3.5081616107998244 
7.049999999996908, -3.5053587793092573 
7.059999999996885, -3.4826397283767507 
7.0699999999968615, -3.5020086489149884 
7.079999999996838, -3.5899480084357327 
7.089999999996815, -3.6014515858251874 
7.0999999999967915, -3.603116264565391 
7.109999999996768, -3.6015167570250513 
7.119999999996745, -3.5930596609721936 
7.129999999996722, -3.526465502075427 
7.139999999996698, -0.6146854418669615 
7.149999999996675, 1.476703066265333 
7.159999999996652, 1.532309783458541 
7.169999999996628, 1.539586985350977 
7.179999999996605, 1.5410260961000484 
7.189999999996582, 1.5410626594616894 
7.1999999999965585, 1.5405978405491059 
7.209999999996535, 1.539787126312976 
7.219999999996512, 1.5386260558848615 
7.229999999996489, 1.5373492079495956 
7.239999999996465, 1.5364016715766415 
7.249999999996442, 1.535876150783134 
7.259999999996419, 1.5352496042605832 
7.269999999996395, 1.5333013025962239 
7.279999999996372, 1.525610348932255 
7.289999999996349, 1.474616540352573 
7.299999999996325, 0.22319836928416312 
7.309999999996302, -3.929041040918841 
7.319999999996279, -4.018549440040435 
7.3299999999962555, -4.024916718569655 
7.339999999996232, -4.0246303392683656 
7.349999999996209, -4.019346828729018 
7.359999999996186, -3.9732144789696937 
7.369999999996162, -3.170708163520698 
7.379999999996139, -3.485134874040044 
7.389999999996116, -3.5087569693210825 
7.399999999996092, -3.5103405180100244 
7.409999999996069, -3.5096738295398415 
7.419999999996046, -3.5084262438984917 
7.4299999999960225, -3.5056008655510866 
7.439999999995999, -3.5047870696462278 
7.449999999995976, -3.5043848039502095 
7.4599999999959525, -3.498842290953803 
7.469999999995929, -3.4968784037836445 
7.479999999995906, -3.518387664847572 
7.489999999995883, -3.5245850251172874 
7.499999999995859, -3.5254801410066556 
7.509999999995836, -3.5236923615001365 
7.519999999995813, -3.5131144688188662 
7.529999999995789, -3.3956335467684164 
7.539999999995766, 0.632130158785553 
7.549999999995743, 1.5189704778598412 
7.5599999999957195, 1.550960814118271 
7.569999999995696, 1.555807234417189 
7.579999999995673, 1.5564221978094839 
7.58999999999565, 1.5551999040704438 
7.599999999995626, 1.5517203018023846 
7.609999999995603, 1.5445691736341516 
7.61999999999558, 1.534604440793235 
7.629999999995556, 1.5284756419008005 
7.639999999995533, 1.5281210109187322 
7.64999999999551, 1.5290838793271602 
7.659999999995486, 1.5290255786452385 
7.669999999995463, 1.526696745134431 
7.67999999999544, 1.5176533618502057 
7.6899999999954165, 1.4810337055799156 
7.699999999995393, 1.4871934069816994 
7.70999999999537, 1.7092332848714247 
7.719999999995347, 1.7552596551496606 
7.729999999995323, 1.7627650307272646 
7.7399999999953, 1.763725214652738 
7.749999999995277, 1.7612601857218337 
7.759999999995253, 1.747412137482786 
7.76999999999523, 1.566553998975881 
7.779999999995207, -1.7407226078430962 
7.789999999995183, -2.5630457003922245 
7.79999999999516, -2.611521327798554 
7.809999999995137, -2.618159034118953 
7.8199999999951135, -2.6188969288732826 
7.82999999999509, -2.618383608046874 
7.839999999995067, -2.6178717227269397 
7.849999999995044, -2.616811064963918 
7.85999999999502, -2.615247046224445 
7.869999999994997, -2.614714742523541 
7.879999999994974, -2.6142268266403184 
7.88999999999495, -2.610631175953562 
7.899999999994927, -2.5905136467307215 
7.909999999994904, -2.4714215200469347 
7.9199999999948805, -2.8252421673488675 
7.929999999994857, -3.0634014583017644 
7.939999999994834, -3.0912388604989323 
7.9499999999948106, -3.0970880445863025 
7.959999999994787, -3.098119621578595 
7.969999999994764, -3.096583688639107 
7.979999999994741, -3.0910071390033673 
7.989999999994717, -3.069079026475449 
7.999999999994694, -2.916067704444625 
8.00999999999467, -2.687875219424833 
8.019999999994647, -2.7703709088118855 
8.029999999994624, -2.783851840597442 
8.0399999999946, -2.7854378988237958 
8.049999999994577, -2.784879262625097 
8.059999999994554, -2.78499859552001 
8.06999999999453, -2.7855133602453415 
8.079999999994508, -2.7851877099553386 
8.089999999994484, -2.78483835027575 
8.099999999994461, -2.7840756780503573 
8.109999999994438, -2.7796872291567674 
8.119999999994414, -2.7508873059927006 
8.129999999994391, -2.338153678289981 
8.139999999994368, 1.078877827718 
8.149999999994344, 3.8511189224852975 
8.159999999994321, 3.8596242206454483 
8.169999999994298, 3.8567843341855075 
8.179999999994275, 3.6789744965321374 
8.189999999994251, -5.478951513988446 
8.199999999994228, -5.501422718659363 
8.209999999994205, -5.500295897281238 
8.219999999994181, -5.484815574843365 
8.229999999994158, -5.4577247233157165 
8.239999999994135, -5.469737083315141 
8.249999999994111, -5.468896167478315 
8.259999999994088, -5.4664077530444235 
8.269999999994065, -5.464552046208378 
8.279999999994041, -5.463468525976907 
8.289999999994018, -5.462839909054536 
8.299999999993995, -5.464674194795069 
8.309999999993972, -5.4637373582854725 
8.319999999993948, -5.451871853032084 
8.329999999993925, -5.47386821470731 
8.339999999993902, -5.508690791638254 
8.349999999993878, -5.508941670501887 
8.359999999993855, -5.497340087759985 
8.369999999993832, 2.0812582531595294 
8.379999999993808, 3.618370468809114 
8.389999999993785, 3.6236070563028107 
8.399999999993762, 3.6203811800229033 
8.409999999993738, 3.522328394046164 
8.419999999993715, 3.2124061441596945 
8.429999999993692, 3.2794680049486815 
8.439999999993669, 3.2818707871612105 
8.449999999993645, 3.2813731111231093 
8.459999999993622, 3.2788844471125875 
8.469999999993599, 3.273943753122712 
8.479999999993575, 3.2737859454230076 
8.489999999993552, 3.273906177846974 
8.499999999993529, 3.270126706686959 
8.509999999993505, 3.2712826363689187 
8.519999999993482, 3.281107955368892 
8.529999999993459, 3.283185660634053 
8.539999999993436, 3.28220355604953 
8.549999999993412, 3.2719919722012873 
8.559999999993389, 1.523834092743992 
8.569999999993366, -6.050581166389429 
8.579999999993342, -6.061972801873633 
8.589999999993319, -6.058679455969691 
8.599999999993296, -5.784239500869395 
8.609999999993272, 3.9563599862612215 
8.619999999993249, 3.9706678214116335 
8.629999999993226, 3.9697272935017467 
8.639999999993202, 3.9547353547664796 
8.64999999999318, 3.9195958220980294 
8.659999999993156, 3.937534238606208 
8.669999999993133, 3.9381017950425843 
8.67999999999311, 3.9377459077061543 
8.689999999993086, 3.936516680393315 
8.699999999993063, 3.9350138291547183 
8.70999999999304, 3.934370833842693 
8.719999999993016, 3.927631417762582 
8.729999999992993, 3.9339271623437924 
8.73999999999297, 3.94548032857323 
8.749999999992946, 3.9458701869930644 
8.759999999992923, 3.940331404794553 
8.7699999999929, 2.655683350519223 
8.779999999992876, -6.8209093511290675 
8.789999999992853, -6.827534556427447 
8.79999999999283, -6.818194030140717 
8.809999999992806, 4.614441864778489 
8.819999999992783, 4.789637055316215 
8.82999999999276, 4.789405290483563 
8.839999999992736, 4.760060596786863 
8.849999999992713, 4.716863821975023 
8.85999999999269, 4.730133627081071 
8.869999999992666, 4.729646075063728 
8.879999999992643, 4.725970460664039 
8.88999999999262, 4.722878986216023 
8.899999999992596, 4.723607116554576 
8.909999999992573, 4.721746166648375 
8.91999999999255, 4.724049519168654 
8.929999999992527, 4.723744534041606 
8.939999999992503, 4.721510393268387 
8.94999999999248, 4.684144190085879 
8.959999999992457, 4.749034896885422 
8.969999999992433, 4.753290508480541 
8.97999999999241, 4.747961338378639 
8.989999999992387, -5.309400297318375 
8.999999999992363, -6.891373579027091 
9.00999999999234, -6.891429194196481 
9.019999999992317, -6.835319977181696 
9.029999999992294, 4.6721060739319515 
9.03999999999227, 4.689688179540823 
9.049999999992247, 4.687774352322043 
9.059999999992224, 4.647486247643355 
9.0699999999922, 4.65448186087796 
9.079999999992177, 4.658541385795087 
9.089999999992154, 4.657904080919721 
9.09999999999213, 4.655320573971575 
9.109999999992107, 4.65369163447159 
9.119999999992084, 4.653003569095808 
9.12999999999206, 4.650111407975411 
9.139999999992037, 4.6554068853318515 
9.149999999992014, 4.6555849051871085 
9.15999999999199, 4.652265815524471 
9.169999999991967, 4.534444577224493 
9.179999999991944, 4.731863821566723 
9.18999999999192, 4.735731799499413 
9.199999999991897, 4.7273385346381405 
9.209999999991874, -6.518893018750182 
9.21999999999185, -6.741351436621718 
9.229999999991827, -6.740321141134508 
9.239999999991804, -6.645150328956106 
9.24999999999178, -5.867634531951099 
9.259999999991757, -5.895206699339699 
9.269999999991734, -5.893789487248104 
9.27999999999171, -5.87932679904727 
9.289999999991688, -5.879211303471653 
9.299999999991664, -5.880492012413695 
9.309999999991641, -5.879374724077026 
9.319999999991618, -5.876867997313161 
9.329999999991594, -5.876119515854794 
9.339999999991571, -5.872915904721793 
9.349999999991548, -5.876907749442126 
9.359999999991524, -5.876215063301479 
9.369999999991501, -5.865314462292066 
9.379999999991478, -5.893291383422173 
9.389999999991455, -5.928002302259232 
9.399999999991431, -5.9273700844889445 
9.409999999991408, -5.897511284720902 
9.419999999991385, 3.979969374979162 
9.429999999991361, 4.051823964697076 
9.439999999991338, 4.051966171219656 
9.449999999991315, 4.031025928432391 
9.459999999991291, 3.112937830971746 
9.469999999991268, 3.4981538658453424 
9.479999999991245, 3.5032482866445895 
9.489999999991221, 3.5028155256322697 
9.499999999991198, 3.4994449530746885 
9.509999999991175, 3.491659608655843 
9.519999999991152, 3.492789013766533 
9.529999999991128, 3.493277003863663 
9.539999999991105, 3.4907949197188217 
9.549999999991082, 3.4934904244990266 
9.559999999991058, 3.4970188000104314 
9.569999999991035, 3.49711534482825 
9.579999999991012, 3.495115236946713 
9.589999999990988, 3.4659811772364635 
9.599999999990965, 3.593129512358059 
9.609999999990942, 3.802661934625303 
9.619999999990918, 3.805747968669521 
9.629999999990895, 3.8001624935153755 
9.639999999990872, 2.1984390322418212 
9.649999999990849, -5.711495979662911 
9.659999999990825, -5.71930131264557 
9.669999999990802, -5.716205143360789 
9.679999999990779, -5.640050341295663 
9.689999999990755, -5.647173122479922 
9.699999999990732, -5.652440918615414 
9.709999999990709, -5.650869518927217 
9.719999999990685, -5.644938468067507 
9.729999999990662, -5.645793092693388 
9.739999999990639, -5.644289177502058 
9.749999999990616, -5.6448432127159105 
9.759999999990592, -5.644016249570492 
9.769999999990569, -5.641678010596628 
9.779999999990546, -5.626986752620979 
9.789999999990522, -5.65402590586471 
9.799999999990499, -5.655199005720654 
9.809999999990476, -5.648834482006351 
9.819999999990452, -2.323100539727585 
9.829999999990429, 4.762311221200333 
9.839999999990406, 4.766420829984888 
9.849999999990382, 4.753828615497042 
9.85999999999036, -6.377492301175171 
9.869999999990336, -6.480200617383038 
9.879999999990313, -6.4788197189648145 
9.88999999999029, -6.430524098169978 
9.899999999990266, -6.429403215497383 
9.909999999990243, -6.432118172072615 
9.91999999999022, -6.429150014182918 
9.929999999990196, -6.424043918077094 
9.939999999990173, -6.4249148651121075 
9.94999999999015, -6.424023422525965 
9.959999999990126, -6.422600208658828 
9.969999999990103, -6.420593848877166 
9.97999999999008, -6.417501069223883 
9.989999999990056, -6.423765595812318 
9.999999999990033, -6.422064035342016 
10.00999999999001, -6.324317101485511 
10.019999999989986, -6.5212770216247575 
10.029999999989963, -6.5261168844859245 
10.03999999998994, -6.517914688357851 
10.049999999989916, 4.187368476700828 
10.059999999989893, 4.574381424084116 
10.06999999998987, 4.5749649188465025 
10.079999999989846, 4.546896364936896 
10.089999999989823, 4.068667645656049 
10.0999999999898, 4.157902847884544 
10.109999999989776, 4.158938091625321 
10.119999999989753, 4.156218043135167 
10.12999999998973, 4.144350874131163 
10.139999999989707, 4.147050248577234 
10.149999999989683, 4.147756806832593 
10.15999999998966, 4.1468873950399585 
10.169999999989637, 4.148151698251416 
10.179999999989613, 4.1476595928428175 
10.18999999998959, 4.146460551952903 
10.199999999989567, 4.134440151871153 
10.209999999989543, 4.149817964745283 
10.21999999998952, 4.178044744602994 
10.229999999989497, 4.178475806596859 
10.239999999989474, 4.166571826225289 
10.24999999998945, -5.916817476088572 
10.259999999989427, -6.247775466218229 
10.269999999989404, -6.248401814020719 
10.27999999998938, -6.229703229338947 
10.289999999989357, 2.8987061130518486 
10.299999999989334, 3.4988463732090826 
10.30999999998931, 3.5037294709377313 
10.319999999989287, 3.5029008078556165 
10.329999999989264, 3.496754294320097 
10.33999999998924, 3.4830373846006055 
10.349999999989217, 3.4879045770267716 
10.359999999989194, 3.488804949071799 
10.36999999998917, 3.48747104787804 
10.379999999989147, 3.48926449247994 
10.389999999989124, 3.4905377295121034 
10.3999999999891, 3.490082405980927 
10.409999999989077, 3.48808743040464 
10.419999999989054, 3.4624896484952465 
10.42999999998903, 3.5160690496476628 
10.439999999989007, 3.6059821531998706 
10.449999999988984, 3.608858410451776 
10.45999999998896, 3.604584547464088 
10.469999999988937, 3.258525487657407 
10.479999999988914, -5.573435807458842 
10.48999999998889, -5.590563751131766 
10.499999999988868, -5.588995129849085 
10.509999999988844, -5.559184700302767 
10.519999999988821, -5.443167971776154 
10.529999999988798, -5.475501655843354 
10.539999999988774, -5.474985195574763 
10.549999999988751, -5.471020958917789 
10.559999999988728, -5.46665608123352 
10.569999999988704, -5.467889777772723 
10.579999999988681, -5.466762048903286 
10.589999999988658, -5.46694251361024 
10.599999999988635, -5.465947024956497 
10.609999999988611, -5.46037431016604 
10.619999999988588, -5.462726574242562 
10.629999999988565, -5.4772082805177895 
10.639999999988541, -5.476935410003966 
10.649999999988518, -5.463322145157025 
10.659999999988495, 3.379102684270328 
10.669999999988471, 4.5003355794845605 
10.679999999988448, 4.502266236334846 
10.689999999988425, 4.485156274937097 
10.699999999988401, -6.022177230148924 
10.709999999988378, -6.1244843948731695 
10.719999999988355, -6.123787763847182 
10.729999999988332, -6.102778974416428 
10.739999999988308, -6.080226693903148 
10.749999999988285, -6.087550205887405 
10.759999999988262, -6.08594489145827 
10.769999999988238, -6.080576921627085 
10.779999999988215, -6.081469142311248 
10.789999999988192, -6.0797352638986055 
10.799999999988168, -6.080111728829683 
10.809999999988145, -6.078943180619664 
10.819999999988122, -6.071336790344614 
10.829999999988098, -6.0813727603860475 
10.839999999988075, -6.0860443403047055 
10.849999999988052, -6.082995286533109 
10.859999999988029, -5.551035813359616 
10.869999999988005, -6.8138413570561935 
10.879999999987982, -6.820081196917906 
10.889999999987959, -6.810461462883657 
10.899999999987935, 4.655346959271698 
10.909999999987912, 4.809547008508384 
10.919999999987889, 4.809049360183072 
10.929999999987865, 4.763345616795619 
10.939999999987842, 4.699809899667768 
10.949999999987819, 4.7129290228606 
10.959999999987796, 4.7122802955191725 
10.969999999987772, 4.7070232439466535 
10.979999999987749, 4.704019314773371 
10.989999999987726, 4.705194701136575 
10.999999999987702, 4.703889563223834 
11.009999999987679, 4.705256897823043 
11.019999999987656, 4.704573507875857 
11.029999999987632, 4.702458390119765 
11.039999999987609, 4.677244099539545 
11.049999999987586, 4.7207529479459875 
11.059999999987562, 4.724235098100837 
11.06999999998754, 4.719327138348365 
11.079999999987516, -2.8427101155061614 
11.089999999987493, -7.069759161956806 
11.09999999998747, -7.07012355241677 
11.109999999987446, -7.008317658389302 
11.119999999987423, 4.989737675208384 
11.1299999999874, 5.000530571908867 
11.139999999987376, 4.996217387056709 
11.149999999987353, 4.882900083706971 
11.15999999998733, 4.948403986902933 
11.169999999987306, 4.949347451758313 
11.179999999987283, 4.947302330803203 
11.18999999998726, 4.941834947025668 
11.199999999987236, 4.943268757261628 
11.209999999987213, 4.9414387449323804 
11.21999999998719, 4.942937067622353 
11.229999999987166, 4.942781064850004 
11.239999999987143, 4.941052207440187 
11.24999999998712, 4.916275336594978 
11.259999999987096, 4.958573866071871 
11.269999999987073, 4.96256122637822 
11.27999999998705, 4.9569486420068944 
11.289999999987026, -6.130920600412343 
11.299999999987003, -7.357768637445079 
11.30999999998698, -7.356421018401117 
11.319999999986956, -6.752906738815843 
11.329999999986933, 5.306914114949159 
11.33999999998691, 5.309252118999539 
11.349999999986887, 5.2908983062034185 
11.359999999986863, 5.229743537426449 
11.36999999998684, 5.244564448581322 
11.379999999986817, 5.243549521515349 
11.389999999986793, 5.236424938173912 
11.39999999998677, 5.236962008688083 
11.409999999986747, 5.236444687115652 
11.419999999986723, 5.236459303743656 
11.4299999999867, 5.235851809328276 
11.439999999986677, 5.234557179878395 
11.449999999986654, 5.2231288504421425 
11.45999999998663, 5.240533951085168 
11.469999999986607, 5.242987953239205 
11.479999999986584, 5.237122056083047 
11.48999999998656, 5.235506609960367 
11.499999999986537, 5.638657002671392 
11.509999999986514, 5.637173389567381 
11.51999999998649, 0.3847524267900658 
11.529999999986467, -7.618136761950765 
11.539999999986444, -7.616930024224581 
11.54999999998642, -7.103768622262197 
11.559999999986397, -7.335104504238292 
11.569999999986374, -7.3351537649634055 
11.57999999998635, -7.315517150950614 
11.589999999986327, -7.321632179198046 
11.599999999986304, -7.320683736673573 
11.60999999998628, -7.316442445673678 
11.619999999986257, -7.316093001109349 
11.629999999986234, -7.314503876960378 
11.63999999998621, -7.313461472545119 
11.649999999986187, -7.310353070851799 
11.659999999986164, -7.311117529542857 
11.66999999998614, -7.313409298359936 
11.679999999986117, -7.304853515263275 
11.689999999986094, -7.356809253318792 
11.69999999998607, -7.373402811718352 
11.709999999986048, -7.365730327118588 
11.719999999986024, 5.517909592161682 
11.729999999986001, 5.590900131734815 
11.739999999985978, 5.586592687354978 
11.749999999985954, -6.0649261370656244 
11.759999999985931, -6.783628442824721 
11.769999999985908, -6.7829143770577005 
11.779999999985884, -6.75031545458436 
11.789999999985861, -6.753693765108101 
11.799999999985838, -6.754698417141968 
11.809999999985815, -6.751106416094632 
11.819999999985791, -6.748681957060593 
11.829999999985768, -6.747689086443621 
11.839999999985745, -6.747194772698775 
11.849999999985721, -6.745688390918102 
11.859999999985698, -6.740062777200416 
11.869999999985675, -6.745891260606112 
11.879999999985651, -6.7463384652880665 
11.889999999985628, -6.735135493467702 
11.899999999985605, -6.8005913479387035 
11.909999999985581, -6.824524701089871 
11.919999999985558, -6.820831372150212 
11.929999999985535, -0.3127164855893909 
11.939999999985512, 4.930324311627072 
11.949999999985488, 4.931743914995971 
11.959999999985465, 4.899166597311347 
11.969999999985442, 3.4466766499645716 
11.979999999985418, 3.6781584993858387 
11.989999999985395, 3.681112245428303 
11.999999999985372, 3.6798260910455562 
12.009999999985348, 3.6721648660198603 
12.019999999985325, 3.664067559469431 
12.029999999985302, 3.668283772344344 
12.039999999985278, 3.6677391082846307 
12.049999999985255, 3.667221674320988 
12.059999999985232, 3.6694741407864733 
12.069999999985209, 3.669618302558404 
12.079999999985185, 3.66864285617565 
12.089999999985162, 3.6614240708377337 
12.099999999985139, 3.5743861073394654 
12.109999999985115, 3.7516855089700316 
12.119999999985092, 3.759269445153413 
12.129999999985069, 3.7573723928858707 
12.139999999985045, 3.693075625536314 
12.149999999985022, -5.708315972733817 
12.159999999984999, -5.752027928293347 
12.169999999984976, -5.7514441552815025 
12.179999999984952, -5.731873627810488 
12.189999999984929, -5.488193891099614 
12.199999999984906, -5.56986298351534 
12.209999999984882, -5.5699533638104795 
12.219999999984859, -5.565991741227849 
12.229999999984836, -5.558837830764035 
12.239999999984812, -5.561597781669283 
12.249999999984789, -5.560424111509166 
12.259999999984766, -5.56010364119181 
12.269999999984742, -5.558978837716085 
12.27999999998472, -5.554701721359288 
12.289999999984696, -5.5561037384675105 
12.299999999984673, -5.56495263062441 
12.30999999998465, -5.56423009697229 
12.319999999984626, -5.544584659088448 
12.329999999984603, -6.010366880128694 
12.33999999998458, -6.407189643520402 
12.349999999984556, -6.4077120891543755 
12.359999999984533, -6.383909654210821 
12.36999999998451, 4.33287792823553 
12.379999999984486, 4.389854470270322 
12.389999999984463, 4.389390722624674 
12.39999999998444, 4.365611087108658 
12.409999999984416, 4.299312692759531 
12.419999999984393, 4.32403774223918 
12.42999999998437, 4.324244269502051 
12.439999999984346, 4.32257662273309 
12.449999999984323, 4.317987481588977 
12.4599999999843, 4.318520749742058 
12.469999999984276, 4.317014908014448 
12.479999999984253, 4.316480206471284 
12.48999999998423, 4.320361555089933 
12.499999999984206, 4.320158262975401 
12.509999999984183, 4.316805873693005 
12.51999999998416, 4.211541252113282 
12.529999999984136, 4.401586244795236 
12.539999999984113, 4.408768327076193 
12.54999999998409, 4.404962165713264 
12.559999999984067, 2.3699768626559488 
12.569999999984043, -6.40435850128916 
12.57999999998402, -6.408161075943172 
12.589999999983997, -6.399134404896046 
12.599999999983973, -5.543518036574266 
12.60999999998395, -5.978721049881887 
12.619999999983927, -5.979628900371385 
12.629999999983903, -5.974154090712051 
12.63999999998388, -5.962659507128207 
12.649999999983857, -5.967660973590322 
12.659999999983834, -5.966568064943673 
12.66999999998381, -5.9645314614672404 
12.679999999983787, -5.9636218782357515 
12.689999999983764, -5.959445403489287 
12.69999999998374, -5.96370919893267 
12.709999999983717, -5.963730075936752 
12.719999999983694, -5.958482253786712 
12.72999999998367, -5.927940147160237 
12.739999999983647, -6.019243915400585 
12.749999999983624, -6.019933189325456 
12.7599999999836, -6.0053525149300055 
12.769999999983577, 3.912912902368036 
12.779999999983554, 4.131129554929801 
12.78999999998353, 4.132280097929252 
12.799999999983507, 4.118320536774576 
12.809999999983484, 2.9957887821541016 
12.81999999998346, 3.5861560844732834 
12.829999999983437, 3.5922886654670285 
12.839999999983414, 3.591885871952049 
12.84999999998339, 3.588327164893245 
12.859999999983367, 3.579970795836173 
12.869999999983344, 3.5816362476554 
12.87999999998332, 3.5820223859936116 
12.889999999983297, 3.57983633920466 
12.899999999983274, 3.582766968349765 
12.90999999998325, 3.5851750773288424 
12.919999999983228, 3.5848795275540533 
12.929999999983204, 3.5821716931692613 
12.939999999983181, 3.528157995873795 
12.949999999983158, 3.7275230794238774 
12.959999999983134, 3.786246002140109 
12.969999999983111, 3.7873250645853496 
12.979999999983088, 3.7772878060263837 
12.989999999983064, -4.157892237161112 
12.999999999983041, -5.739436100630625 
13.009999999983018, -5.743002603684031 
13.019999999982995, -5.737921875777696 
13.029999999982971, -5.564904647062318 
13.039999999982948, -5.651712923381749 
13.049999999982925, -5.654332300758168 
13.059999999982901, -5.652235080904743 
13.069999999982878, -5.645218546946702 
13.079999999982855, -5.647235598935207 
13.089999999982831, -5.645745755176626 
13.099999999982808, -5.646109973298241 
13.109999999982785, -5.645051295927315 
13.119999999982761, -5.641875812597187 
13.129999999982738, -5.635935118388561 
13.139999999982715, -5.653232650631812 
13.149999999982692, -5.653275221722486 
13.159999999982668, -5.6418921213488575 
13.169999999982645, 0.44486628511707027 
13.179999999982622, 5.712465111680116 
13.189999999982598, 5.712895107374281 
13.199999999982575, 5.341710919923004 
13.209999999982552, -7.620005561975629 
13.219999999982528, -7.620474019560737 
13.229999999982505, -7.5085678229438075 
13.239999999982482, -7.495370859518255 
13.249999999982458, -7.495816133687688 
13.259999999982435, -7.481402281096273 
13.269999999982412, -7.4854792128104295 
13.279999999982389, -7.484224004946787 
13.289999999982365, -7.480482278361748 
13.299999999982342, -7.479737286541274 
13.309999999982319, -7.478489218656678 
13.319999999982295, -7.4773545394906735 
13.329999999982272, -7.472019525896064 
13.339999999982249, -7.477288628297575 
13.349999999982225, -7.477727552900386 
13.359999999982202, -7.448102278407811 
13.369999999982179, -7.5487189103668255 
13.379999999982156, -7.552418664351168 
13.389999999982132, -7.518447030288845 
13.399999999982109, 5.712614961476671 
13.409999999982086, 5.720599469957983 
13.419999999982062, 5.698065438751456 
13.429999999982039, -6.756876235180255 
13.439999999982016, -6.783222398050197 
13.449999999981992, -6.779748558505287 
13.459999999981969, -6.726466562231444 
13.469999999981946, -6.756295323498873 
13.479999999981922, -6.755080282560476 
13.4899999999819, -6.749566806807326 
13.499999999981876, -6.750133710100701 
13.509999999981853, -6.748545915004646 
13.51999999998183, -6.747815495559354 
13.529999999981806, -6.7462126701122 
13.539999999981783, -6.739365599215587 
13.54999999998176, -6.748280639337162 
13.559999999981736, -6.7469557556017135 
13.569999999981713, -6.668457112854317 
13.57999999998169, -6.83201515867985 
13.589999999981666, -6.835723348327946 
13.599999999981643, -6.82227165504855 
13.60999999998162, 4.860728266960476 
13.619999999981596, 4.922692698353316 
13.629999999981573, 4.920634842888818 
13.63999999998155, 4.422287249434604 
13.649999999981526, 4.001775047401522 
13.659999999981503, 4.020615229041586 
13.66999999998148, 4.020449111048828 
13.679999999981456, 4.01529570808428 
13.689999999981433, 4.0014383720587485 
13.69999999998141, 4.007274786671454 
13.709999999981386, 4.007366652234748 
13.719999999981363, 4.006950394535616 
13.72999999998134, 4.007884720517917 
13.739999999981316, 4.007218663982377 
13.749999999981293, 4.005995527649668 
13.75999999998127, 3.993708797758137 
13.769999999981247, 4.008185217107069 
13.779999999981223, 4.038416777745747 
13.7899999999812, 4.039250680038255 
13.799999999981177, 4.030792682737742 
13.809999999981153, -4.517632812788763 
13.81999999998113, -6.091054091938863 
13.829999999981107, -6.093654940790274 
13.839999999981083, -6.084884341335995 
13.84999999998106, -1.8158299292835842 
13.859999999981037, 2.451850811634656 
13.869999999981014, 2.51705739755221 
13.87999999998099, 2.521080117791143 
13.889999999980967, 2.521210061331626 
13.899999999980944, 2.5202224765152286 
13.90999999998092, 2.5175168806656845 
13.919999999980897, 2.513697572717213 
13.929999999980874, 2.5126826191368155 
13.93999999998085, 2.5129354456373707 
13.949999999980827, 2.510884917905706 
13.959999999980804, 2.500477283935982 
13.96999999998078, 2.501478466950047 
13.979999999980757, 2.5429934986080425 
13.989999999980734, 2.552883933539416 
13.99999999998071, 2.554036655979469 
14.009999999980687, 2.5515075177618085 
14.019999999980664, 2.5257325026299555 
14.02999999998064, -2.3322583760731197 
14.039999999980617, -4.5303883221655346 
14.049999999980594, -4.545926293904575 
14.05999999998057, -4.54605004434481 
14.069999999980547, -4.5406311342969055 
14.079999999980524, -4.47306030884163 
14.0899999999805, -4.448711063918016 
14.099999999980477, -4.4653050650842365 
14.109999999980454, -4.46530124874531 
14.11999999998043, -4.464198011122927 
14.129999999980408, -4.4611259963387715 
14.139999999980384, -4.460614813920519 
14.149999999980361, -4.459102840078108 
14.159999999980338, -4.456127438041092 
14.169999999980314, -4.463381440101641 
14.179999999980291, -4.464639689936449 
14.189999999980268, -4.46337651252859 
14.199999999980244, -4.447505512428501 
14.209999999980221, -3.290943791523106 
14.219999999980198, -5.4520217048491855 
14.229999999980175, -5.46672734689311 
14.239999999980151, -5.465367232584145 
14.249999999980128, -5.438108881973777 
14.259999999980105, 3.127203592447702 
14.269999999980081, 3.3931821181821156 
14.279999999980058, 3.396777162434136 
14.289999999980035, 3.3950727914158323 
14.299999999980011, 3.381539068056437 
14.309999999979988, 3.353644140329217 
14.319999999979965, 3.3671774347719134 
14.329999999979941, 3.3687150444596865 
14.339999999979918, 3.368091541859581 
14.349999999979895, 3.3688011952075776 
14.359999999979872, 3.3687959141086665 
14.369999999979848, 3.3680604261466742 
14.379999999979825, 3.3667392508444074 
14.389999999979802, 3.354887627146529 
14.399999999979778, 3.3380090178967228 
14.409999999979755, 3.423863348144942 
14.419999999979732, 3.429434024369359 
14.429999999979708, 3.427849865564987 
14.439999999979685, 3.3952734188232867 
14.449999999979662, -5.251258513726748 
14.459999999979638, -5.423688470535806 
14.469999999979615, -5.425749434047942 
14.479999999979592, -5.4201163608445135 
14.489999999979569, -5.171686834347127 
14.499999999979545, -5.234434225169997 
14.509999999979522, -5.243002452742123 
14.519999999979499, -5.241790776027454 
14.529999999979475, -5.235995186230811 
14.539999999979452, -5.23371486410928 
14.549999999979429, -5.23439363389587 
14.559999999979405, -5.233534538211613 
14.569999999979382, -5.233739477292647 
14.579999999979359, -5.232821129240044 
14.589999999979335, -5.227877649267104 
14.599999999979312, -5.223802808359784 
14.609999999979289, -5.24731827294073 
14.619999999979266, -5.2481605575001415 
14.629999999979242, -5.242275170504034 
14.639999999979219, -4.2999022674906096 
14.649999999979196, 3.829455073776566 
14.659999999979172, 3.841938479059656 
14.669999999979149, 3.839916834245927 
14.679999999979126, 3.7576511539008246 
14.689999999979102, -4.580745150310261 
14.69999999997908, -4.70176302388389 
14.709999999979056, -4.704035805837086 
14.719999999979033, -4.701941033583777 
14.72999999997901, -4.690486149988301 
14.739999999978986, -4.686144309013261 
14.749999999978963, -4.68961496479903 
14.75999999997894, -4.688592817802144 
14.769999999978916, -4.688773804106109 
14.779999999978893, -4.6877117084983215 
14.78999999997887, -4.6867496344458175 
14.799999999978846, -4.6771606461855 
14.809999999978823, -4.688382708242004 
14.8199999999788, -4.704013853197747 
14.829999999978776, -4.7048420530167565 
14.839999999978753, -4.7007017067981245 
14.84999999997873, -4.589143618826776 
14.859999999978706, 2.95221633631562 
14.869999999978683, 3.042270029991874 
14.87999999997866, 3.0451092760883696 
14.889999999978636, 3.041756951509303 
14.899999999978613, 2.9861882043477403 
14.90999999997859, 2.2417533895264716 
14.919999999978566, 2.541872139961153 
14.929999999978543, 2.5542450516534982 
14.93999999997852, 2.5553235316882548 
14.949999999978496, 2.555080776653468 
14.959999999978473, 2.5542794330267506 
14.96999999997845, 2.5523668662540144 
14.979999999978427, 2.5505276250383866 
14.989999999978403, 2.5501746492658715 
14.99999999997838, 2.5491757718891828 
15.009999999978357, 2.5422069065640374 
15.019999999978333, 2.5101176078560186 
15.02999999997831, 2.5848425526164274 
15.039999999978287, 2.6163562167148005 
15.049999999978263, 2.62012283151332 
15.05999999997824, 2.6190749608918056 
15.069999999978217, 2.6075497536894003 
15.079999999978194, 1.7999998140842692 
15.08999999997817, -4.551973432357416 
15.099999999978147, -4.586486550552272 
15.109999999978124, -4.587755392609093 
15.1199999999781, -4.584197806167526 
15.129999999978077, -4.550314267292302 
15.139999999978054, -4.515730524922506 
15.14999999997803, -4.533438347412261 
15.159999999978007, -4.5335179099965925 
15.169999999977984, -4.53261013639373 
15.17999999997796, -4.5300716787869675 
15.189999999977937, -4.5294356570533285 
15.199999999977914, -4.527569176095018 
15.20999999997789, -4.524190650053892 
15.219999999977867, -4.532942008853764 
15.229999999977844, -4.534315408288325 
15.23999999997782, -4.532859514402487 
15.249999999977797, -4.512956862437623 
15.259999999977774, -2.418087966921689 
15.26999999997775, -6.318916425571848 
15.279999999977727, -6.328040655650766 
15.289999999977704, -6.3232494964518615 
15.29999999997768, -3.4662318842962265 
15.309999999977657, 4.287676287005569 
15.319999999977634, 4.292358271705046 
15.32999999997761, 4.288344749349929 
15.339999999977588, 4.203922469504514 
15.349999999977564, 4.23753033367983 
15.359999999977541, 4.24194694930908 
15.369999999977518, 4.241454132148524 
15.379999999977494, 4.239229788309371 
15.389999999977471, 4.236444925597961 
15.399999999977448, 4.236726893018307 
15.409999999977424, 4.233292033324176 
15.419999999977401, 4.236446877353203 
15.429999999977378, 4.240218049045422 
15.439999999977355, 4.239602523877081 
15.449999999977331, 4.2317650261661885 
15.459999999977308, 4.087316895993268 
15.469999999977285, 4.404663518817081 
15.479999999977261, 4.407477654025195 
15.489999999977238, 4.398101868890716 
15.499999999977215, -6.047322747173404 
15.509999999977191, -6.393247261414409 
15.519999999977168, -6.393351096256157 
15.529999999977145, -6.367620692585308 
15.539999999977121, -6.1659913729709634 
15.549999999977098, -6.196012982091516 
15.559999999977075, -6.194447974245975 
15.569999999977052, -6.182178301803057 
15.579999999977028, -6.185365864833594 
15.589999999977005, -6.184800588717958 
15.599999999976982, -6.183634371504542 
15.609999999976958, -6.181896726412552 
15.619999999976935, -6.179123275333166 
15.629999999976912, -6.1805173085492235 
15.639999999976888, -6.181834442292859 
15.649999999976865, -6.178976322529254 
15.659999999976842, -6.1052330462392685 
15.669999999976818, -6.229001552833981 
15.679999999976795, -6.230608967901096 
15.689999999976772, -6.2185855789885025 
15.699999999976749, 4.186254219623656 
15.709999999976725, 4.398233414390354 
15.719999999976702, 4.398710246470436 
15.729999999976679, 4.371831886089414 
15.739999999976655, 2.495282897084259 
15.749999999976632, 3.1536802487921762 
15.759999999976609, 3.161600507154524 
15.769999999976585, 3.1616950824078014 
15.779999999976562, 3.1596534479991947 
15.789999999976539, 3.15310463543107 
15.799999999976515, 3.1495051824958082 
15.809999999976492, 3.1513940006635224 
15.819999999976469, 3.1503526894007035 
15.829999999976446, 3.147176985138231 
15.839999999976422, 3.1531340877429708 
15.849999999976399, 3.1579730497781053 
15.859999999976376, 3.1584555564001446 
15.869999999976352, 3.1565738266855314 
15.879999999976329, 3.1346267409535153 
15.889999999976306, -0.08866673821167698 
15.899999999976282, -7.309545291389513 
15.90999999997626, -7.314604823595943 
15.919999999976236, -7.294962661925494 
15.929999999976213, 5.277038639795422 
15.93999999997619, 5.298409484520822 
15.949999999976166, 5.293842116619117 
15.959999999976143, 5.062910143367926 
15.96999999997612, 5.199088876413799 
15.979999999976096, 5.199551362745696 
15.989999999976073, 5.194895198024517 
15.99999999997605, 5.1889967372309345 
16.009999999976028, 5.191355911108132 
16.019999999976005, 5.19044588875467 
16.02999999997598, 5.190280823813418 
16.039999999975958, 5.189072054025296 
16.049999999975935, 5.185467410917867 
16.05999999997591, 5.18518605557996 
16.069999999975888, 5.194988654664765 
16.079999999975865, 5.193707653858778 
16.08999999997584, 5.116188397227503 
16.099999999975818, 5.444794061064294 
16.109999999975795, 5.453049745923876 
16.11999999997577, 5.440488601875674 
16.129999999975748, -7.412810206854907 
16.139999999975725, -7.442068469805195 
16.1499999999757, -7.43533748306001 
16.15999999997568, -6.935488745053732 
16.169999999975655, -7.080837866845739 
16.17999999997563, -7.078764880498804 
16.18999999997561, -7.052300701779245 
16.199999999975585, -7.0660525366249285 
16.20999999997556, -7.064656014727296 
16.21999999997554, -7.060479809341547 
16.229999999975515, -7.0602656398163415 
16.239999999975492, -7.058909717135424 
16.24999999997547, -7.0580977924216315 
16.259999999975445, -7.055053376328496 
16.269999999975422, -7.054971669068732 
16.2799999999754, -7.0597513431107854 
16.289999999975375, -7.05479949417506 
16.299999999975352, -7.078775290010907 
16.30999999997533, -7.1738589525084135 
16.319999999975305, -7.171292784579633 
16.329999999975282, -3.385768015360761 
16.33999999997526, 5.23807400359072 
16.349999999975235, 5.239053649218333 
16.359999999975212, 5.175887753551674 
16.36999999997519, 4.303098811912427 
16.379999999975166, 4.343284307631264 
16.389999999975142, 4.343271601459971 
16.39999999997512, 4.336919492664 
16.409999999975096, 4.321670011155146 
16.419999999975072, 4.329219996324675 
16.42999999997505, 4.328890532995327 
16.439999999975026, 4.3288901323204785 
16.449999999975002, 4.3282395521552885 
16.45999999997498, 4.327284515958976 
16.469999999974956, 4.324415446402273 
16.479999999974932, 4.312198554386017 
16.48999999997491, 4.338321659464837 
16.499999999974886, 4.340604627795113 
16.509999999974863, 4.336921645265537 
16.51999999997484, 3.567330111769347 
16.529999999974816, -7.082966713289878 
16.539999999974793, -7.088359546804831 
16.54999999997477, -7.074098417505273 
16.559999999974746, 5.008984131313054 
16.569999999974723, 5.05524994142341 
16.5799999999747, 5.053155384304054 
16.589999999974676, 4.931622041389822 
16.599999999974653, 4.983258076889541 
16.60999999997463, 4.986256516487915 
16.619999999974606, 4.984523406642973 
16.629999999974583, 4.977294343879364 
16.63999999997456, 4.97916973931191 
16.649999999974536, 4.97800457064718 
16.659999999974513, 4.978591264557268 
16.66999999997449, 4.978337876927214 
16.679999999974466, 4.977023762925282 
16.689999999974443, 4.963130179326298 
16.69999999997442, 4.986067195688722 
16.709999999974396, 4.991535692031983 
16.719999999974373, 4.988014385182479 
16.72999999997435, 2.363358641150573 
16.739999999974327, -8.592074615617072 
16.749999999974303, -8.591403672587152 
16.75999999997428, 5.170548493733842 
16.769999999974257, 6.58763768756573 
16.779999999974233, 6.582901796841692 
16.78999999997421, 6.301258254464769 
16.799999999974187, 6.35573408681914 
16.809999999974163, 6.352412445438165 
16.81999999997414, 6.332342188265661 
16.829999999974117, 6.341513461424248 
16.839999999974093, 6.3402274580179325 
16.84999999997407, 6.3362194327125305 
16.859999999974047, 6.336182895375404 
16.869999999974024, 6.334855777482561 
16.879999999974, 6.335024883241382 
16.889999999973977, 6.333009191226413 
16.899999999973954, 6.323141740494913 
16.90999999997393, 6.339202316027914 
16.919999999973907, 6.336841950474217 
16.929999999973884, 6.1283517688393445 
16.93999999997386, 6.479894529091725 
16.949999999973837, 6.476334794458568 
16.959999999973814, -8.423928327428202 
16.96999999997379, -8.490295175082412 
16.979999999973767, -8.475979249243661 
16.989999999973744, 5.955666476361203 
16.99999999997372, 5.9727151621803465 
17.009999999973697, 5.966130300424715 
17.019999999973674, 5.927780753137418 
17.02999999997365, 5.942198672910686 
17.039999999973627, 5.9408143772045445 
17.049999999973604, 5.9343552884066195 
17.05999999997358, 5.935968093393565 
17.069999999973557, 5.934590457622287 
17.079999999973534, 5.934557474259821 
17.08999999997351, 5.933203514510533 
17.099999999973488, 5.926094463463143 
17.109999999973464, 5.935272829250126 
17.11999999997344, 5.936471194187152 
17.129999999973418, 5.925021526124415 
17.139999999973394, 6.023399445160652 
17.14999999997337, 6.041013379114515 
17.159999999973348, 6.029878033681316 
17.169999999973324, -8.041437376213292 
17.1799999999733, -8.057344217796402 
17.189999999973278, -8.036907091195726 
17.199999999973254, 5.541911533016392 
17.20999999997323, 5.5603171166110705 
17.219999999973208, 5.556209100050834 
17.229999999973185, 5.502937018227346 
17.23999999997316, 5.531797835002697 
17.249999999973138, 5.531384682511012 
17.259999999973115, 5.5276773055721025 
17.26999999997309, 5.5260701389966425 
17.279999999973068, 5.525258840350438 
17.289999999973045, 5.525300211866611 
17.29999999997302, 5.525267159446659 
17.309999999972998, 5.523592295696731 
17.319999999972975, 5.505761755583036 
17.32999999997295, 5.533596227628452 
17.339999999972928, 5.534299025123709 
17.349999999972905, 5.511744426260121 
17.35999999997288, 6.0674349545995065 
17.36999999997286, 6.087287783414571 
17.379999999972835, 6.072527540629922 
17.38999999997281, -8.053508288407329 
17.39999999997279, -8.06370632647703 
17.409999999972765, -8.033637612117278 
17.41999999997274, -7.746910363725571 
17.42999999997272, -7.752028932584648 
17.439999999972695, -7.738008285124833 
17.449999999972672, -7.73601870003251 
17.45999999997265, -7.7355011104530575 
17.469999999972625, -7.7302844037837675 
17.479999999972602, -7.730331092557632 
17.48999999997258, -7.728770060365716 
17.499999999972555, -7.726926715332352 
17.509999999972532, -7.722780395530765 
17.51999999997251, -7.72540966028812 
17.529999999972485, -7.72426402405294 
17.539999999972462, -7.6844799845563285 
17.54999999997244, -7.742163226049563 
17.559999999972415, -7.740700939881853 
17.569999999972392, -4.921756102151152 
17.57999999997237, 7.202010405933288 
17.589999999972346, 7.1985218061305885 
17.599999999972322, -9.138511880670848 
17.6099999999723, -9.15870806933199 
17.619999999972276, -9.010843043661634 
17.629999999972252, -8.857129528683116 
17.63999999997223, -8.854665787043213 
17.649999999972206, -8.830005808657553 
17.659999999972182, -8.838054187048025 
17.66999999997216, -8.83128140198917 
17.679999999972136, -8.831366195769197 
17.689999999972112, -8.829129725074232 
17.69999999997209, -8.826471108229976 
17.709999999972066, -8.82361759430734 
17.719999999972043, -8.822901903774493 
17.72999999997202, -8.816018810282944 
17.739999999971996, -8.82184039609734 
17.749999999971973, -8.81898529289529 
17.75999999997195, -8.830212103961873 
17.769999999971926, -8.849360621143015 
17.779999999971903, -8.79863075050676 
17.78999999997188, 7.753535303895869 
17.799999999971856, 7.751835213795546 
17.809999999971833, -9.682389949001701 
17.81999999997181, -9.701049606374065 
17.829999999971786, -8.727081601906761 
17.839999999971763, -9.4001512174934 
17.84999999997174, -9.393097412572278 
17.859999999971716, -9.37917825683128 
17.869999999971693, -9.378010761431302 
17.87999999997167, -9.370710167557402 
17.889999999971646, -9.370869992590443 
17.899999999971623, -9.367095825639122 
17.9099999999716, -9.36488718955869 
17.919999999971576, -9.363340419940238 
17.929999999971553, -9.360005158144705 
17.93999999997153, -9.359650995304925 
17.949999999971507, -9.357652779032673 
17.959999999971483, -9.353140725184325 
17.96999999997146, -9.36528399986035 
17.979999999971437, -9.213133963171257 
17.989999999971413, -9.57142326767583 
17.99999999997139, -9.565213398723564 
18.009999999971367, 7.64353047877309 
18.019999999971343, 7.6493419658311534 
18.02999999997132, -6.60302554438906 
18.039999999971297, -8.957685964250498 
18.049999999971273, -8.949612614000426 
18.05999999997125, -8.908500929050472 
18.069999999971227, -8.910105925337872 
18.079999999971204, -8.894981700050348 
18.08999999997118, -8.901281665719806 
18.099999999971157, -8.89795272490309 
18.109999999971134, -8.895738903599117 
18.11999999997111, -8.893642848137752 
18.129999999971087, -8.891444505734345 
18.139999999971064, -8.88630619753077 
18.14999999997104, -8.888750042371798 
18.159999999971017, -8.882086871176615 
18.169999999970994, -8.892615389417099 
18.17999999997097, -8.891861211628946 
18.189999999970947, -8.713492998394297 
18.199999999970924, -9.064695785269036 
18.2099999999709, -9.051797305788613 
18.219999999970877, 7.146042856092589 
18.229999999970854, 7.149401922558093 
18.23999999997083, -0.9902419591890311 
18.249999999970807, -8.361206332950083 
18.259999999970784, -8.357693424688575 
18.26999999997076, -8.301931594952672 
18.279999999970737, -8.321765722262256 
18.289999999970714, -8.315804737708266 
18.29999999997069, -8.313406661346763 
18.309999999970668, -8.311974302597218 
18.319999999970644, -8.308467236490582 
18.32999999997062, -8.306730316965147 
18.339999999970598, -8.305929778892216 
18.349999999970574, -8.303827753961562 
18.35999999997055, -8.298410425455092 
18.369999999970528, -8.303703388217121 
18.379999999970504, -8.294811796020035 
18.38999999997048, -8.329072213125297 
18.399999999970458, -8.332247883288264 
18.409999999970434, -8.144193600409267 
18.41999999997041, 7.082904426110646 
18.429999999970388, 7.08128208866795 
18.439999999970365, -8.916959799089039 
18.44999999997034, -8.984915169515567 
18.459999999970318, -8.95558687699757 
18.469999999970295, -8.814233419522347 
18.47999999997027, -8.813728664520792 
18.489999999970248, -8.786274833241439 
18.499999999970225, -8.799992699248069 
18.5099999999702, -8.795398958412544 
18.519999999970178, -8.79367046528731 
18.529999999970155, -8.791630527029898 
18.53999999997013, -8.78897946977257 
18.549999999970108, -8.785432927844663 
18.559999999970085, -8.785768592260617 
18.56999999997006, -8.780851392626396 
18.57999999997004, -8.785078040656312 
18.589999999970015, -8.784039237959924 
18.59999999996999, -8.704690190717633 
18.60999999996997, -8.834690174483944 
18.619999999969945, -8.823882389056294 
18.62999999996992, 7.263977437468799 
18.6399999999699, 7.269225871701861 
18.649999999969875, -2.769088429164639 
18.659999999969852, -9.09268066444783 
18.66999999996983, -9.08403738697484 
18.679999999969805, -8.970685005695715 
18.689999999969782, -8.974021741197888 
18.69999999996976, -8.94667713302346 
18.709999999969735, -8.961442894384449 
18.719999999969712, -8.957589230267065 
18.72999999996969, -8.955124559199287 
18.739999999969665, -8.953060958273483 
18.749999999969642, -8.950394554809046 
18.75999999996962, -8.946716375280667 
18.769999999969595, -8.9470446042049 
18.779999999969572, -8.941576443409035 
18.78999999996955, -8.946435136400403 
18.799999999969526, -8.944728229027028 
18.809999999969502, -8.93238081811942 
18.81999999996948, -8.991603086356536 
18.829999999969456, -8.967089719153137 
18.839999999969432, 7.4909031150703935 
18.84999999996941, 7.490995253511334 
18.859999999969386, -9.278719505730848 
18.869999999969362, -9.358396183903094 
18.87999999996934, -9.304363258122471 
18.889999999969316, -9.20897938176809 
18.899999999969292, -9.206262976187567 
18.90999999996927, -9.190070151671394 
18.919999999969246, -9.193025400480408 
18.929999999969223, -9.18571984251514 
18.9399999999692, -9.186390761636584 
18.949999999969176, -9.183705202728909 
18.959999999969153, -9.18121505733084 
18.96999999996913, -9.179336877822303 
18.979999999969106, -9.177258621247613 
18.989999999969083, -9.171293232836653 
18.99999999996906, -9.17598209720148 
19.009999999969036, -9.147853667883531 
19.019999999969013, -9.19601578050905 
19.02999999996899, -9.191994013217222 
19.039999999968966, -11.144796762222297 
19.049999999968943, -11.203196052123072 
19.05999999996892, 9.146937657832662 
19.069999999968896, 9.22141906405681 
19.079999999968873, -8.756094040500141 
19.08999999996885, -9.869712828885143 
19.099999999968826, -9.839274194673838 
19.109999999968803, -9.831288024627728 
19.11999999996878, -9.826759687882305 
19.129999999968756, -9.82119940060907 
19.139999999968733, -9.818983739376957 
19.14999999996871, -9.814928176464846 
19.159999999968687, -9.812720693670691 
19.169999999968663, -9.809856589539946 
19.17999999996864, -9.806042676616258 
19.189999999968617, -9.805503537717527 
19.199999999968593, -9.79498466988391 
19.20999999996857, -9.803719260784387 
19.219999999968547, -9.789561041984356 
19.229999999968523, -9.82348870949297 
19.2399999999685, -9.819048188285791 
19.249999999968477, -10.953228480863713 
19.259999999968453, -10.961925036143054 
19.26999999996843, 8.961291816055642 
19.279999999968407, 8.982000129014878 
19.289999999968384, -9.313376217067468 
19.29999999996836, -9.669868971856824 
19.309999999968337, -9.638226302721057 
19.319999999968314, -9.63214526671957 
19.32999999996829, -9.628169925513895 
19.339999999968267, -9.622148310785125 
19.349999999968244, -9.62043086145422 
19.35999999996822, -9.616128553387938 
19.369999999968197, -9.614160483486085 
19.379999999968174, -9.61155082029617 
19.38999999996815, -9.607326914015074 
19.399999999968127, -9.607608589435262 
19.409999999968104, -9.600561676172543 
19.41999999996808, -9.606593361459398 
19.429999999968057, -9.602270205861165 
19.439999999968034, -9.63487819527045 
19.44999999996801, -9.637885188892591 
19.459999999967987, 7.531156114129965 
19.469999999967964, 8.499543278248096 
19.47999999996794, 8.240690097843771 
19.489999999967917, -10.46302162371352 
19.499999999967894, -10.437444174870029 
19.50999999996787, -10.001638355143209 
19.519999999967848, -9.998021530803298 
19.529999999967824, -9.974449254279182 
19.5399999999678, -9.974714628667728 
19.549999999967778, -9.965795231345073 
19.559999999967754, -9.966295108408874 
19.56999999996773, -9.961539451670799 
19.579999999967708, -9.959635923492874 
19.589999999967684, -9.957061463195172 
19.59999999996766, -9.952657410744552 
19.609999999967638, -9.952741668371512 
19.619999999967614, -9.945128865266755 
19.62999999996759, -9.95131000883249 
19.639999999967568, -9.944925846687564 
19.649999999967545, -9.977512408768735 
19.65999999996752, -9.976070960621286 
19.669999999967498, 9.196158798673089 
19.679999999967475, 9.227488101029163 
19.68999999996745, -11.17540215408015 
19.699999999967428, -11.215609012872791 
19.709999999967405, -8.547308664610645 
19.71999999996738, -9.598309691313839 
19.729999999967358, -9.579555343092412 
19.739999999967335, -9.565667459982052 
19.74999999996731, -9.562638050686235 
19.759999999967288, -9.555975585066635 
19.769999999967265, -9.554852577834932 
19.77999999996724, -9.550421010261026 
19.78999999996722, -9.548548671573757 
19.799999999967195, -9.546221267002341 
19.80999999996717, -9.542023167157277 
19.81999999996715, -9.542442772620264 
19.829999999967125, -9.537463164785807 
19.8399999999671, -9.541856545542178 
19.84999999996708, -9.539637449234402 
19.859999999967055, -9.571203859944898 
19.869999999967032, -9.589786834304483 
19.87999999996701, -8.672712789790957 
19.889999999966985, 8.108443253222141 
19.899999999966962, 8.092799581878534 
19.90999999996694, -10.012281745475917 
19.919999999966915, -10.009158239314248 
19.929999999966892, -9.788330987998826 
19.93999999996687, -9.797804307779932 
19.949999999966845, -9.75443389682695 
19.959999999966822, -9.779751005377676 
19.9699999999668, -9.771372019052926 
19.979999999966775, -9.772030118506027 
19.989999999966752, -9.768655650586416 
19.99999999996673, -9.766022923784558 
20.009999999966706, -9.763727370486976 
20.019999999966682, -9.76085008793342 
20.02999999996666, -9.758684372624689 
20.039999999966636, -9.757149860187658 
20.049999999966612, -9.749874586643154 
20.05999999996659, -9.759802018482858 
20.069999999966566, -9.54241532231371 
20.079999999966542, -9.84211303707462 
20.08999999996652, -9.826576643781175 
20.099999999966496, 8.129107511275773 
20.109999999966472, 8.127235626608185 
20.11999999996645, -9.924757576527433 
20.129999999966426, -9.934380560038758 
20.139999999966403, -9.56607403955476 
20.14999999996638, -9.807946757117506 
20.159999999966356, -9.788950390631731 
20.169999999966333, -9.792839531770083 
20.17999999996631, -9.788640264336902 
20.189999999966286, -9.785507250941997 
20.199999999966263, -9.782940061671452 
20.20999999996624, -9.779807288021617 
20.219999999966216, -9.777170127700284 
20.229999999966193, -9.774939585522826 
20.23999999996617, -9.769818560790814 
20.249999999966146, -9.771559345489873 
20.259999999966123, -9.744674916396495 
20.2699999999661, -9.776302847720364 
20.279999999966076, -9.757841553289694 
20.289999999966053, -9.90821867476647 
20.29999999996603, -9.904945629140853 
20.309999999966006, 8.0574296372356 
20.319999999965983, 8.067271788505526 
20.32999999996596, -9.206825158143953 
20.339999999965936, -9.71588403229562 
20.349999999965913, -9.677799056856035 
20.35999999996589, -9.635208572981126 
20.369999999965867, -9.631357287594408 
20.379999999965843, -9.621686615862599 
20.38999999996582, -9.620811299800996 
20.399999999965797, -9.615141989800298 
20.409999999965773, -9.61413787223036 
20.41999999996575, -9.610946894178598 
20.429999999965727, -9.607771064999064 
20.439999999965703, -9.606849696276843 
20.44999999996568, -9.601946992788227 
20.459999999965657, -9.604069519772747 
20.469999999965633, -9.600508181801798 
20.47999999996561, -9.61232041383462 
20.489999999965587, -9.615015684977092 
20.499999999965564, -9.026348312045572 
20.50999999996554, -10.073400963828425 
20.519999999965517, -10.01438365988962 
20.529999999965494, 8.104134620970152 
20.53999999996547, 8.09754853124854 
20.549999999965447, -8.941198705404913 
20.559999999965424, -8.949574186421149 
20.5699999999654, -8.867861855008618 
20.579999999965377, -8.914537402975771 
20.589999999965354, -8.910883434221628 
20.59999999996533, -8.905048149190469 
20.609999999965307, -8.904195392154062 
20.619999999965284, -8.900061804191544 
20.62999999996526, -8.898451099795087 
20.639999999965237, -8.896976881582601 
20.649999999965214, -8.89421545071808 
20.65999999996519, -8.893032897903273 
20.669999999965167, -8.892254457299796 
20.679999999965144, -8.8630309214755 
20.68999999996512, -8.900578295840635 
20.699999999965097, -8.891560719160655 
20.709999999965074, -9.16241479224383 
20.71999999996505, -9.167756193759919 
20.729999999965028, -4.538757071508385 
20.739999999965004, 7.213027189165385 
20.74999999996498, 7.205748577349266 
20.759999999964958, -7.902450212389519 
20.769999999964934, -7.931189408184077 
20.77999999996491, -7.921975303663548 
20.789999999964888, -7.898171108056047 
20.799999999964864, -7.901256741079574 
20.80999999996484, -7.894757176842704 
20.819999999964818, -7.894506274137795 
20.829999999964794, -7.8929050624891275 
20.83999999996477, -7.890246397036675 
20.849999999964748, -7.888016431055339 
20.859999999964725, -7.887940178737118 
20.8699999999647, -7.88652871786402 
20.879999999964678, -7.871031393632069 
20.889999999964655, -7.890459204583007 
20.89999999996463, -7.888083904742452 
20.909999999964608, -7.74820504143278 
20.919999999964585, -8.036724001280051 
20.92999999996456, -8.032604339453863 
20.939999999964538, 5.978489765544462 
20.949999999964515, 6.106525338619081 
20.95999999996449, 6.100630945004878 
20.969999999964468, -5.602481083824188 
20.979999999964445, -6.330312076181504 
20.98999999996442, -6.330607535078237 
20.9999999999644, -6.319082275224671 
21.009999999964375, -6.307186519829669 
21.01999999996435, -6.311561016845158 
21.02999999996433, -6.309973461018695 
21.039999999964305, -6.306201065163272 
21.04999999996428, -6.3060872651272515 
21.05999999996426, -6.304632072129682 
21.069999999964235, -6.305101729780538 
21.079999999964212, -6.303507319714411 
21.08999999996419, -6.285399425461753 
21.099999999964165, -6.313053670189977 
21.109999999964142, -6.3139933251155 
21.11999999996412, -6.30175308531106 
21.129999999964095, -6.942748710980476 
21.139999999964072, -8.083496033568547 
21.14999999996405, -8.079853757327305 
21.159999999964025, 5.875608723556885 
21.169999999964002, 6.07650324384299 
21.17999999996398, 6.072312074956546 
21.189999999963955, 5.768900929470163 
21.199999999963932, 5.894426991369018 
21.20999999996391, 5.893186663601248 
21.219999999963886, 5.873702659654631 
21.229999999963862, 5.8824059211388775 
21.23999999996384, 5.881980257614545 
21.249999999963816, 5.880200079818936 
21.259999999963792, 5.878449556051931 
21.26999999996377, 5.876298397053057 
21.279999999963746, 5.877421447178957 
21.289999999963722, 5.877897079702978 
21.2999999999637, 5.874558605739774 
21.309999999963676, 5.863326788189196 
21.319999999963652, 5.8956617724567275 
21.32999999996363, 5.893268529231449 
21.339999999963606, 0.20503285510324173 
21.349999999963583, -9.012070823898473 
21.35999999996356, -9.007266864026473 
21.369999999963536, 6.986053998149226 
21.379999999963513, 7.0077964408987246 
21.38999999996349, 6.949348174080576 
21.399999999963466, 6.721130916090861 
21.409999999963443, 6.722622960379209 
21.41999999996342, 6.69524617518951 
21.429999999963396, 6.706804474966654 
21.439999999963373, 6.706241799299734 
21.44999999996335, 6.701366575480513 
21.459999999963326, 6.701493302322602 
21.469999999963303, 6.699931938655742 
21.47999999996328, 6.699391654405721 
21.489999999963256, 6.697592152064007 
21.499999999963233, 6.69200060448116 
21.50999999996321, 6.699623684237895 
21.519999999963186, 6.696567252898594 
21.529999999963163, 6.691124974277753 
21.53999999996314, 6.7406372498924565 
21.549999999963116, 6.732150274750049 
21.559999999963093, -8.945635872162246 
21.56999999996307, -8.955716115880044 
21.579999999963047, -8.676959665993072 
21.589999999963023, 6.922508171044333 
21.599999999963, 6.920419782711734 
21.609999999962977, 6.716274001958621 
21.619999999962953, 6.801380041572062 
21.62999999996293, 6.797907339898093 
21.639999999962907, 6.784584361627445 
21.649999999962883, 6.789331652258889 
21.65999999996286, 6.787465448534624 
21.669999999962837, 6.784449593550581 
21.679999999962813, 6.783161750388709 
21.68999999996279, 6.783206840958729 
21.699999999962767, 6.781887607708823 
21.709999999962744, 6.774693731501498 
21.71999999996272, 6.783568982423684 
21.729999999962697, 6.783440664461717 
21.739999999962674, 6.699231431510542 
21.74999999996265, 6.8507483716676605 
21.759999999962627, 6.849619106102407 
21.769999999962604, -8.608239637284578 
21.77999999996258, -8.93672536364829 
21.789999999962557, -8.923233043275493 
21.799999999962534, 6.839563992037189 
21.80999999996251, 6.844746113882898 
21.819999999962487, 6.744027307697918 
21.829999999962464, 6.769477811151495 
21.83999999996244, 6.769231060463744 
21.849999999962417, 6.753513399717865 
21.859999999962394, 6.760438637193173 
21.86999999996237, 6.759388834921009 
21.879999999962347, 6.7562099467053525 
21.889999999962324, 6.755466388613449 
21.8999999999623, 6.75376746984954 
21.909999999962277, 6.754178011481488 
21.919999999962254, 6.751415729254214 
21.92999999996223, 6.7489519630519625 
21.939999999962208, 6.758224041674755 
21.949999999962184, 6.75085020309035 
21.95999999996216, 6.868447455000661 
21.969999999962138, 6.882336261293811 
21.979999999962114, 6.817773019905009 
21.98999999996209, -8.903352427180824 
21.999999999962068, -8.901879160950731 
22.009999999962044, 6.272708297690563 
22.01999999996202, 6.634034782487814 
22.029999999961998, 6.629328667813385 
22.039999999961974, 6.5712766487704215 
22.04999999996195, 6.5897496701945 
22.059999999961928, 6.58681373858488 
22.069999999961905, 6.579667664217331 
22.07999999996188, 6.58157571137844 
22.089999999961858, 6.58048166376272 
22.099999999961835, 6.578233436739185 
22.10999999996181, 6.576132090334435 
22.119999999961788, 6.576661016197337 
22.129999999961765, 6.576896382332106 
22.13999999996174, 6.570296673152765 
22.149999999961718, 6.584073017904589 
22.159999999961695, 6.589467053433805 
22.16999999996167, 6.564117363137072 
22.179999999961648, 7.154502657626573 
22.189999999961625, 7.158545452002807 
22.1999999999616, -1.6513191115798933 
22.20999999996158, -9.148487134574598 
22.219999999961555, -9.139450556008763 
22.22999999996153, -8.368424259668723 
22.23999999996151, -8.38361143268641 
22.249999999961485, -8.363932021632465 
22.25999999996146, -8.360230351432303 
22.26999999996144, -8.359034986604968 
22.279999999961415, -8.351037468935514 
22.289999999961392, -8.352671035686424 
22.29999999996137, -8.350458913752282 
22.309999999961345, -8.34827881055237 
22.319999999961322, -8.345756909309817 
22.3299999999613, -8.345295256888559 
22.339999999961275, -8.338484616528614 
22.349999999961252, -8.34557175074643 
22.35999999996123, -8.344259507277659 
22.369999999961205, -8.220083978376241 
22.379999999961182, -8.404984527147185 
22.38999999996116, -8.399568989083445 
22.399999999961135, 6.682423825112892 
22.409999999961112, 6.714571349165577 
22.41999999996109, 6.683525797107096 
22.429999999961066, -8.380038401407063 
22.439999999961042, -8.38179263930231 
22.44999999996102, -8.219477792914727 
22.459999999960996, -8.315289599974676 
22.469999999960972, -8.312802596610183 
22.47999999996095, -8.301137157924563 
22.489999999960926, -8.30446100704932 
22.499999999960902, -8.301121267259267 
22.50999999996088, -8.299413172965586 
22.519999999960856, -8.297478583545393 
22.529999999960832, -8.295788863872843 
22.53999999996081, -8.290421703298128 
22.549999999960786, -8.29413992692535 
22.559999999960763, -8.291878944119869 
22.56999999996074, -8.278449241970389 
22.579999999960716, -8.309062906157399 
22.589999999960693, -8.29917894697672 
22.59999999996067, -9.544785744369152 
22.609999999960646, -9.561785353058749 
22.619999999960623, -7.988036118085072 
22.6299999999606, 7.567025564783821 
22.639999999960576, 7.558139844705441 
22.649999999960553, 6.9768732675242005 
22.65999999996053, 6.986942174787228 
22.669999999960506, 6.965620012601637 
22.679999999960483, 6.964552517945688 
22.68999999996046, 6.964617619298349 
22.699999999960436, 6.958027267722994 
22.709999999960413, 6.958972615154918 
22.71999999996039, 6.957654427534362 
22.729999999960366, 6.9560064013304 
22.739999999960343, 6.9542555341148 
22.74999999996032, 6.952340537935638 
22.759999999960296, 6.9543747698421425 
22.769999999960273, 6.949202485163399 
22.77999999996025, 6.961534282702578 
22.789999999960227, 6.968015580748597 
22.799999999960203, 6.921861291931799 
22.80999999996018, 7.562554328848799 
22.819999999960157, 7.562445353928142 
22.829999999960133, -9.492018523273154 
22.83999999996011, -9.555755438818382 
22.849999999960087, -9.43417054266707 
22.859999999960063, -8.393293113855757 
22.86999999996004, -8.3935466442759 
22.879999999960017, -8.328554539911135 
22.889999999959993, -8.36924344046544 
22.89999999995997, -8.366121907516192 
22.909999999959947, -8.361099533657 
22.919999999959924, -8.360459593699831 
22.9299999999599, -8.357606925358509 
22.939999999959877, -8.355722727205677 
22.949999999959854, -8.354556914856584 
22.95999999995983, -8.352930653805288 
22.969999999959807, -8.342298143874874 
22.979999999959784, -8.353634451799547 
22.98999999995976, -8.349064798406634 
22.999999999959737, -8.386746000457654 
23.009999999959714, -8.402174432644413 
23.01999999995969, -8.371114089904456 
23.029999999959667, 6.794990917138405 
23.039999999959644, 6.797172475150134 
23.04999999995962, -0.4186220804997182 
23.059999999959597, -8.550324456643484 
23.069999999959574, -8.545753938971563 
23.07999999995955, -8.444944045032159 
23.089999999959527, -8.465359047555587 
23.099999999959504, -8.455670191466899 
23.10999999995948, -8.454352155529854 
23.119999999959457, -8.452762131860643 
23.129999999959434, -8.448239716175319 
23.13999999995941, -8.447213271012062 
23.149999999959388, -8.445733290671196 
23.159999999959364, -8.443399723106992 
23.16999999995934, -8.441282337429906 
23.179999999959318, -8.441609213811308 
23.189999999959294, -8.424017451732047 
23.19999999995927, -8.449640808104832 
23.209999999959248, -8.447627907912851 
23.219999999959224, -8.389446888899396 
23.2299999999592, -8.779067070998057 
23.239999999959178, -8.769514548654083 
23.249999999959154, 6.7946875964200135 
23.25999999995913, 6.803426660170091 
23.269999999959108, 6.637996997275638 
23.279999999959085, 5.62206491564491 
23.28999999995906, 5.62817000829857 
23.299999999959038, 5.621590819725585 
23.309999999959015, 5.5970622322121475 
23.31999999995899, 5.607812007416646 
23.329999999958968, 5.606951903015503 
23.339999999958945, 5.603177223210364 
23.34999999995892, 5.602826014269562 
23.359999999958898, 5.600732654177036 
23.369999999958875, 5.602193145064371 
23.37999999995885, 5.601758599559023 
23.389999999958828, 5.598461040606636 
23.399999999958805, 5.589409635988163 
23.40999999995878, 5.614665774254812 
23.41999999995876, 5.613111758046658 
23.429999999958735, 5.041935543549045 
23.43999999995871, 6.642629147566891 
23.44999999995869, 6.643149918132939 
23.459999999958665, -5.731715102563055 
23.46999999995864, -8.614114609357747 
23.47999999995862, -8.60822240875234 
23.489999999958595, -8.262313600052595 
23.499999999958572, -8.29289240190386 
23.50999999995855, -8.28252038550728 
23.519999999958525, -8.274669293832051 
23.529999999958502, -8.274262430816254 
23.53999999995848, -8.267558060698896 
23.549999999958455, -8.268388317560401 
23.559999999958432, -8.266548972195775 
23.56999999995841, -8.264295091080466 
23.579999999958385, -8.260683461596118 
23.589999999958362, -8.261785670794213 
23.59999999995834, -8.25718198744397 
23.609999999958315, -8.262563034069277 
23.619999999958292, -8.264145535774215 
23.62999999995827, -8.167397474885153 
23.639999999958246, -8.400142874639949 
23.649999999958222, -8.399113453868651 
23.6599999999582, 4.798771419764854 
23.669999999958176, 6.494377577009746 
23.679999999958152, 6.489738732454751 
23.68999999995813, -7.375109179218538 
23.699999999958106, -7.495772018020058 
23.709999999958082, -7.492092447346389 
23.71999999995806, -7.439809184958082 
23.729999999958036, -7.4656911109501305 
23.739999999958012, -7.463181712379625 
23.74999999995799, -7.457215681518038 
23.759999999957966, -7.457892652178638 
23.769999999957943, -7.456445722410957 
23.77999999995792, -7.454490890854738 
23.789999999957896, -7.450374009258513 
23.799999999957873, -7.45305174450843 
23.80999999995785, -7.451210378144246 
23.819999999957826, -7.4252130079133565 
23.829999999957803, -7.46368792410563 
23.83999999995778, -7.46149200927298 
23.849999999957756, -5.172760655558684 
23.859999999957733, -8.368295921053589 
23.86999999995771, -8.366101936668056 
23.879999999957686, 5.954702485905541 
23.889999999957663, 6.3674475517322975 
23.89999999995764, 6.362510015231909 
23.909999999957616, 6.008491142806088 
23.919999999957593, 6.087778838696733 
23.92999999995757, 6.0854764782467905 
23.939999999957546, 6.059458660895601 
23.949999999957523, 6.07327224283957 
23.9599999999575, 6.072445668971946 
23.969999999957476, 6.069031293309488 
23.979999999957453, 6.068511703498335 
23.98999999995743, 6.066145757976118 
23.999999999957407, 6.067701013891953 
24.009999999957383, 6.066559288319667 
24.01999999995736, 6.057040392206878 
24.029999999957337, 6.072138970792031 
24.039999999957313, 6.074875749896438 
24.04999999995729, 6.059238052775122 
24.059999999957267, 6.380203861301122 
24.069999999957243, 6.3941554461115455 
24.07999999995722, 6.36344603411451 
24.089999999957197, -8.383747847423114 
24.099999999957173, -8.386173035931598 
24.10999999995715, -8.001578459436477 
24.119999999957127, -7.657335886470735 
24.129999999957104, -7.658080900130133 
24.13999999995708, -7.627042837478679 
24.149999999957057, -7.638598211760272 
24.159999999957034, -7.637443045866919 
24.16999999995701, -7.63115310792449 
24.179999999956987, -7.632049284954851 
24.189999999956964, -7.630563890770162 
24.19999999995694, -7.628550897948666 
24.209999999956917, -7.624561881744164 
24.219999999956894, -7.627000235909279 
24.22999999995687, -7.625686176350624 
24.239999999956847, -7.592124837134236 
24.249999999956824, -7.6400715580258325 
24.2599999999568, -7.63860324965994 
24.269999999956777, -5.887752370295791 
24.279999999956754, -9.203168856384247 
24.28999999995673, -9.199989638937483 
24.299999999956707, 7.170697928557265 
24.309999999956684, 7.204103112264276 
24.31999999995666, 7.141238627140497 
24.329999999956637, 6.794486894210095 
24.339999999956614, 6.795809621440789 
24.34999999995659, 6.759259943371481 
24.359999999956568, 6.77762115514583 
24.369999999956544, 6.776854923250106 
24.37999999995652, 6.770935814152767 
24.389999999956498, 6.77183050364315 
24.399999999956474, 6.770489863273234 
24.40999999995645, 6.769325848813803 
24.419999999956428, 6.7674161936748805 
24.429999999956404, 6.76473996859345 
24.43999999995638, 6.768792984408431 
24.449999999956358, 6.764358956445667 
24.459999999956334, 6.77961850880523 
24.46999999995631, 6.795707087309171 
24.479999999956288, 6.776827792517409 
24.489999999956265, -9.327972553614977 
24.49999999995624, -9.330464355385889 
24.509999999956218, 6.387768290477658 
24.519999999956195, 7.324087105431204 
24.52999999995617, 7.31111761400877 
24.539999999956148, 7.065144412759542 
24.549999999956125, 7.070055961249442 
24.5599999999561, 7.046022767948331 
24.569999999956078, 7.053868375196674 
24.579999999956055, 7.053155363147897 
24.58999999995603, 7.047352183462552 
24.599999999956008, 7.048119602064659 
24.609999999955985, 7.046824726998862 
24.61999999995596, 7.045281758131495 
24.62999999995594, 7.042698604684723 
24.639999999955915, 7.043126596928261 
24.64999999995589, 7.04396574536184 
24.65999999995587, 7.030328154838974 
24.669999999955845, 7.0611475846220415 
24.67999999995582, 7.0620040896031995 
24.6899999999558, 4.982919830135125 
24.699999999955775, 8.29557231393929 
24.709999999955752, 8.283533391365276 
24.71999999995573, -10.28375860415187 
24.729999999955705, -10.28030537474412 
24.739999999955682, -9.048606746653327 
24.74999999995566, -9.077944139484515 
24.759999999955635, -9.040561977053212 
24.769999999955612, -9.049423104735805 
24.77999999995559, -9.046421693093638 
24.789999999955565, -9.040300418074093 
24.799999999955542, -9.039593148842899 
24.80999999995552, -9.03561113890724 
24.819999999955495, -9.033769661431402 
24.829999999955472, -9.032316036704945 
24.83999999995545, -9.0293469392447 
24.849999999955426, -9.028576912577488 
24.859999999955402, -9.02737403838201 
24.86999999995538, -9.005048606327371 
24.879999999955356, -9.035872696225546 
24.889999999955332, -9.018575430954504 
24.89999999995531, -9.294375360459625 
24.909999999955286, -9.294860729790765 
24.919999999955262, 7.088696674998492 
24.92999999995524, 7.345963345327649 
24.939999999955216, 7.3214888516514325 
24.949999999955192, -8.244201276392173 
24.95999999995517, -8.24812932593088 
24.969999999955146, -8.198448076692172 
24.979999999955123, -8.215940496555087 
24.9899999999551, -8.214192235139947 
24.999999999955076, -8.205217385776509 
