t, s[1].omega / s[0].omega 
0, -1.0999729841052397 
0.009999999999999995, -1.097167862627463 
0.019999999999999934, -1.094176580388405 
0.029999999999999874, -1.0909920737855605 
0.04000000000000012, -1.0875911067605781 
0.050000000000000405, -1.0839624744926233 
0.06000000000000069, -1.0801197156468392 
0.07000000000000098, -1.0761230153380419 
0.08000000000000126, -1.0721398635490744 
0.09000000000000155, -1.0685097853909242 
0.10000000000000184, -1.065684125353457 
0.11000000000000212, -1.0639635811904764 
0.12000000000000241, -1.0632433925866294 
0.130000000000002, -1.063071651690179 
0.1400000000000009, -1.0629231065501261 
0.1499999999999998, -1.0623624360812312 
0.1599999999999987, -1.0610341973229631 
0.1699999999999976, -1.0586314068038973 
0.1799999999999965, -1.0549598207549722 
0.1899999999999954, -1.0500654629676776 
0.1999999999999943, -1.0442581074518291 
0.2099999999999932, -1.0379463347953717 
0.2199999999999921, -1.0314356296939409 
0.229999999999991, -1.0248554778698933 
0.2399999999999899, -1.0182052411419529 
0.2499999999999888, -1.011434058290145 
0.2599999999999877, -1.0045135901413909 
0.2699999999999866, -0.9975124437477862 
0.2799999999999855, -0.9906844310068813 
0.2899999999999844, -0.9845218539199706 
0.2999999999999833, -0.9796448191249489 
0.3099999999999822, -0.976469789457895 
0.3199999999999811, -0.9749022280556725 
0.32999999999998, -0.9743953539902369 
0.3399999999999789, -0.9742895455499079 
0.3499999999999778, -0.9740551703786474 
0.35999999999997667, -0.9733097525067645 
0.36999999999997557, -0.971746698831222 
0.37999999999997447, -0.9691234662204286 
0.38999999999997337, -0.9653554279431334 
0.39999999999997227, -0.9606225945363125 
0.40999999999997117, -0.9553237496563755 
0.41999999999997006, -0.9498738402692138 
0.42999999999996896, -0.944535475710944 
0.43999999999996786, -0.9393971784298791 
0.44999999999996676, -0.9344424782601017 
0.45999999999996566, -0.9296263045926985 
0.46999999999996456, -0.9249248047878357 
0.47999999999996346, -0.9203613261178306 
0.48999999999996235, -0.916023797184919 
0.49999999999996125, -0.9120787351281796 
0.5099999999999602, -0.9087590123436675 
0.519999999999959, -0.9062897961810696 
0.529999999999958, -0.9047644079280911 
0.5399999999999568, -0.9040615461580103 
0.5499999999999557, -0.9038856320060532 
0.5599999999999546, -0.9038902397341578 
0.5699999999999535, -0.9037786167247817 
0.5799999999999524, -0.9033415139671952 
0.5899999999999513, -0.9024679470481087 
0.5999999999999502, -0.901159498684432 
0.6099999999999491, -0.899528591298087 
0.619999999999948, -0.8977479908005455 
0.6299999999999469, -0.8959702513257837 
0.6399999999999458, -0.8942729285362742 
0.6499999999999447, -0.8926550690656118 
0.6599999999999436, -0.8910701869650097 
0.6699999999999425, -0.8894720517349615 
0.6799999999999414, -0.8878531317126322 
0.6899999999999403, -0.8862602914314242 
0.6999999999999392, -0.8847827681541306 
0.7099999999999381, -0.8835209161904928 
0.719999999999937, -0.8825550004160865 
0.7299999999999359, -0.881932768221412 
0.7399999999999348, -0.881676049164626 
0.7499999999999337, -0.8817868569191377 
0.7599999999999326, -0.8822384505298082 
0.7699999999999315, -0.8829620065816111 
0.7799999999999304, -0.8838519407881382 
0.7899999999999293, -0.8847962101709606 
0.7999999999999282, -0.8857147261477725 
0.8099999999999271, -0.8865841249017311 
0.819999999999926, -0.8874361892683178 
0.8299999999999249, -0.888329102382848 
0.8399999999999238, -0.8893030014259603 
0.8499999999999227, -0.890338431870167 
0.8599999999999216, -0.8913375251751564 
0.8699999999999205, -0.8921468721030562 
0.8799999999999194, -0.8926225244078788 
0.8899999999999183, -0.8926990506537578 
0.8999999999999172, -0.892419642423196 
0.9099999999999161, -0.8919307926346081 
0.919999999999915, -0.8914703338294541 
0.9299999999999139, -0.8913463437723255 
0.9399999999999128, -0.8918728442851902 
0.9499999999999117, -0.8932598092884273 
0.9599999999999106, -0.8955294294424976 
0.9699999999999095, -0.8985352203319117 
0.9799999999999084, -0.9020629699262048 
0.9899999999999073, -0.9059256363389073 
0.9999999999999062, -0.9100034480189828 
1.0099999999999052, -0.9142438485311795 
1.019999999999904, -0.9186500261562319 
1.029999999999903, -0.9232646832943823 
1.039999999999902, -0.9281363797145182 
1.0499999999999008, -0.9332553676196994 
1.0599999999998997, -0.9384662533548157 
1.0699999999998986, -0.9434140722613448 
1.0799999999998975, -0.9476237788578972 
1.0899999999998964, -0.9507232757913611 
1.0999999999998953, -0.9526217373695379 
1.1099999999998942, -0.9534820662558617 
1.119999999999893, -0.9535837031367235 
1.129999999999892, -0.953252889588043 
1.1399999999998909, -0.9529117513959852 
1.1499999999998898, -0.9531713405489987 
1.1599999999998887, -0.954800514939475 
1.1699999999998876, -0.9584261720678985 
1.1799999999998865, -0.9641354441848243 
1.1899999999998854, -0.9714192248469379 
1.1999999999998843, -0.9795387275176463 
1.2099999999998832, -0.9879134649938364 
1.219999999999882, -0.9962519104153602 
1.229999999999881, -1.004488607165555 
1.2399999999998799, -1.0126710594858506 
1.2499999999998788, -1.0208508692149554 
1.2599999999998777, -1.0289692939846349 
1.2699999999998766, -1.0367454211900893 
1.2799999999998755, -1.043658505830383 
1.2899999999998744, -1.049143374640266 
1.2999999999998733, -1.0529091846181067 
1.3099999999998722, -1.0550680085343258 
1.319999999999871, -1.0559789713152692 
1.32999999999987, -1.056050510518642 
1.3399999999998689, -1.0556944866341975 
1.3499999999998678, -1.0554129861980175 
1.3599999999998666, -1.055857035590784 
1.3699999999998655, -1.0576438774057018 
1.3799999999998644, -1.060963914937342 
1.3899999999998633, -1.065430272964114 
1.3999999999998622, -1.0704013073748 
1.4099999999998611, -1.0753752603357334 
1.41999999999986, -1.0801093902829881 
1.429999999999859, -1.0845402902036596 
1.4399999999998578, -1.0886852612959967 
1.4499999999998567, -1.0925865642385093 
1.4599999999998556, -1.0962752421685744 
1.4699999999998545, -1.0997295598897732 
1.4799999999998534, -1.1028390132611878 
1.4899999999998523, -1.1054140244632977 
1.4999999999998512, -1.1072665478684822 
1.5099999999998501, -1.1083147070701362 
1.519999999999849, -1.1086256022909151 
1.529999999999848, -1.1083870149059505 
1.5399999999998468, -1.107872714640808 
1.5499999999998457, -1.1074179352993596 
1.5599999999998446, -1.1073409502723401 
1.5699999999998435, -1.1077990608699726 
1.5799999999998424, -1.1087218155347611 
1.5899999999998413, -1.1099200191342988 
1.5999999999998402, -1.111237158327355 
1.6099999999998391, -1.1125873762186707 
1.619999999999838, -1.1139016686876688 
1.629999999999837, -1.1150898554238864 
1.6399999999998358, -1.1160613125788328 
1.6499999999998347, -1.1167652815714217 
1.6599999999998336, -1.1172054519678472 
1.6699999999998325, -1.1174189176226386 
1.6799999999998314, -1.1174365370836286 
1.6899999999998303, -1.1172521632807602 
1.6999999999998292, -1.1168218983871692 
1.709999999999828, -1.116095368847832 
1.719999999999827, -1.1150595925307172 
1.729999999999826, -1.113767149414366 
1.7399999999998248, -1.1123292106551532 
1.7499999999998237, -1.110871536240747 
1.7599999999998226, -1.1094833246879598 
1.7699999999998215, -1.1082157261872239 
1.7799999999998204, -1.1071391860486806 
1.7899999999998193, -1.106374775717158 
1.7999999999998182, -1.1060188994643816 
1.809999999999817, -1.1060207025595195 
1.819999999999816, -1.1061610274494875 
1.8299999999998149, -1.1061526587847408 
1.8399999999998138, -1.1057427181304598 
1.8499999999998127, -1.1047605931106401 
1.8599999999998116, -1.103144153390442 
1.8699999999998105, -1.1009516830031267 
1.8799999999998094, -1.0983253451191206 
1.8899999999998083, -1.095411388027038 
1.8999999999998072, -1.0922965233478443 
1.909999999999806, -1.0889987616537344 
1.919999999999805, -1.0854979398541666 
1.9299999999998039, -1.0817716272390385 
1.9399999999998028, -1.077816395656962 
1.9499999999998017, -1.073665678232135 
1.9599999999998006, -1.0694372516306554 
1.9699999999997995, -1.0654094181545295 
1.9799999999997984, -1.062028479413207 
1.9899999999997973, -1.0597151112365302 
1.9999999999997962, -1.0585514434614267 
2.0099999999998173, -1.058190322871377 
2.0199999999998384, -1.0580900982877561 
2.0299999999998595, -1.0577609220991548 
2.0399999999998806, -1.0568146701792211 
2.0499999999999017, -1.0549169995636913 
2.059999999999923, -1.0517999520902408 
2.069999999999944, -1.0473792916256195 
2.079999999999965, -1.0418552652920625 
2.089999999999986, -1.0356308811925043 
2.100000000000007, -1.0290929559630635 
2.1100000000000283, -1.022462891984254 
2.1200000000000494, -1.0157960573791167 
2.1300000000000705, -1.0090568467406629 
2.1400000000000916, -1.0021977791415777 
2.1500000000001127, -0.9952301283642431 
2.160000000000134, -0.9883034744646899 
2.170000000000155, -0.9817837425607587 
2.180000000000176, -0.9762395933316004 
2.190000000000197, -0.9722199046354811 
2.2000000000002182, -0.9698999013350826 
2.2100000000002393, -0.9689367684161228 
2.2200000000002604, -0.9686992633390785 
2.2300000000002815, -0.9685879841364764 
2.2400000000003026, -0.9681597263386822 
2.2500000000003237, -0.9670842028639971 
2.260000000000345, -0.9650930143201304 
2.270000000000366, -0.9620205931658349 
2.280000000000387, -0.9579155728148999 
2.290000000000408, -0.9530788969502645 
2.3000000000004293, -0.9479263943777084 
2.3100000000004504, -0.9427897062084026 
2.3200000000004715, -0.9378276862919165 
2.3300000000004926, -0.9330620387206036 
2.3400000000005137, -0.9284543222844345 
2.3500000000005348, -0.9239674334556586 
2.360000000000556, -0.9195991075352128 
2.370000000000577, -0.9153979046790809 
2.380000000000598, -0.9114758501255549 
2.390000000000619, -0.9080144052924041 
2.4000000000006403, -0.9052342399994568 
2.4100000000006614, -0.9033052801397632 
2.4200000000006825, -0.9022366169439096 
2.4300000000007036, -0.9018401765737278 
2.4400000000007247, -0.9018062944025063 
2.450000000000746, -0.901819183654165 
2.460000000000767, -0.9016294539398718 
2.470000000000788, -0.901078373399535 
2.480000000000809, -0.9001103576530655 
2.49000000000083, -0.8987813045837457 
2.5000000000008513, -0.8972333696613468 
2.5100000000008724, -0.8956268595789882 
2.5200000000008935, -0.894070774846185 
2.5300000000009146, -0.8925948985236352 
2.5400000000009357, -0.8911661455173217 
2.550000000000957, -0.8897294344879564 
2.560000000000978, -0.8882522956543177 
2.570000000000999, -0.8867544912263773 
2.58000000000102, -0.8853108051685954 
2.5900000000010412, -0.884027588926972 
2.6000000000010624, -0.8830061877067822 
2.6100000000010835, -0.8823148311704492 
2.6200000000011046, -0.8819842780290712 
2.6300000000011257, -0.8820195043491017 
2.6400000000011468, -0.8824050931207141 
2.650000000001168, -0.8830960051987728 
2.660000000001189, -0.884010203856372 
2.67000000000121, -0.8850425812878079 
2.680000000001231, -0.8860983247640964 
2.6900000000012523, -0.8871258794150675 
2.7000000000012734, -0.8881303334073865 
2.7100000000012945, -0.8891588850266849 
2.7200000000013156, -0.8902630651351584 
2.7300000000013367, -0.8914529693978551 
2.740000000001358, -0.8926630400469101 
2.750000000001379, -0.8937515007000514 
2.7600000000014, -0.8945491103043158 
2.770000000001421, -0.8949372566603762 
2.780000000001442, -0.8949023747315662 
2.7900000000014633, -0.8945426770595704 
2.8000000000014844, -0.8940551110935353 
2.8100000000015055, -0.8937249695461842 
2.8200000000015266, -0.8938934275145721 
2.8300000000015477, -0.8948664945845127 
2.840000000001569, -0.8967934631107515 
2.85000000000159, -0.8996129248992668 
2.860000000001611, -0.903118354411723 
2.870000000001632, -0.9070781779039147 
2.8800000000016532, -0.9113182192999355 
2.8900000000016743, -0.9157433640733761 
2.9000000000016954, -0.9203277946653623 
2.9100000000017165, -0.9250981400600674 
2.9200000000017377, -0.9301073925811879 
2.9300000000017588, -0.9353841367770517 
2.94000000000178, -0.9408501010387381 
2.950000000001801, -0.946235512117853 
2.960000000001822, -0.9510830856908029 
2.970000000001843, -0.954922512609706 
2.9800000000018643, -0.9575122648347687 
2.9900000000018854, -0.9589165630830108 
3.0000000000019065, -0.9593875373760309 
3.0100000000019276, -0.9592388695565834 
3.0200000000019487, -0.9588383387021782 
3.03000000000197, -0.9586990979454793 
3.040000000001991, -0.9595401119711701 
3.050000000002012, -0.9621235815063031 
3.060000000002033, -0.9668455408220895 
3.070000000002054, -0.9734539971142839 
3.0800000000020753, -0.9812459238448692 
3.0900000000020964, -0.9895158521821225 
3.1000000000021175, -0.9978264674831869 
3.1100000000021386, -1.0060161904656038 
3.1200000000021597, -1.0140926321523533 
3.130000000002181, -1.0221192488505426 
3.140000000002202, -1.0301074369624905 
3.150000000002223, -1.0379022581464508 
3.160000000002244, -1.0451062860073788 
3.1700000000022652, -1.0511616485478892 
3.1800000000022863, -1.0556291013884023 
3.1900000000023074, -1.058434791944438 
3.2000000000023285, -1.0598388017411469 
3.2100000000023496, -1.060232031242283 
3.2200000000023707, -1.0600141455930776 
3.230000000002392, -1.0596288779395027 
3.240000000002413, -1.0596534545615968 
3.250000000002434, -1.060736967655131 
3.260000000002455, -1.0632733803527856 
3.2700000000024763, -1.0671053595996258 
3.2800000000024974, -1.0716681072391512 
3.2900000000025185, -1.0763996475751696 
3.3000000000025396, -1.0809713133773795 
3.3100000000025607, -1.0852642193344362 
3.3200000000025818, -1.0892681003070894 
3.330000000002603, -1.0930139629577391 
3.340000000002624, -1.0965394775586623 
3.350000000002645, -1.0998544643055008 
3.360000000002666, -1.1029003437829745 
3.3700000000026873, -1.1055322261717815 
3.3800000000027084, -1.1075615117572353 
3.3900000000027295, -1.108852220947566 
3.4000000000027506, -1.1093981195182172 
3.4100000000027717, -1.109326829561436 
3.420000000002793, -1.1088660724557138 
3.430000000002814, -1.1083178065167438 
3.440000000002835, -1.1080076388111135 
3.450000000002856, -1.1081626371274236 
3.460000000002877, -1.108800822644985 
3.4700000000028983, -1.1097743986593578 
3.4800000000029194, -1.1109198362880586 
3.4900000000029405, -1.112139830209578 
3.5000000000029616, -1.1133702506245338 
3.5100000000029827, -1.1145259489765191 
3.520000000003004, -1.1155031961567086 
3.530000000003025, -1.1162229588262742 
3.540000000003046, -1.11666208012516 
3.550000000003067, -1.1168476904965106 
3.5600000000030882, -1.1168224062424401 
3.5700000000031094, -1.1166049155617428 
3.5800000000031305, -1.1161722833719234 
3.5900000000031516, -1.115476026655072 
3.6000000000031727, -1.1144822159374728 
3.6100000000031938, -1.1132096363328174 
3.620000000003215, -1.1117405838612644 
3.630000000003236, -1.1101931922258643 
3.640000000003257, -1.1086704304450623 
3.650000000003278, -1.1072359274127535 
3.6600000000032993, -1.1059537879255068 
3.6700000000033204, -1.1049412013196198 
3.6800000000033415, -1.1043328231385852 
3.6900000000033626, -1.1041531343136897 
3.7000000000033837, -1.104238430081128 
3.710000000003405, -1.1043035515928814 
3.720000000003426, -1.1040622280847878 
3.730000000003447, -1.103295828462806 
3.740000000003468, -1.1018831779199887 
3.750000000003489, -1.0998250782245935 
3.7600000000035103, -1.0972371325383292 
3.7700000000035314, -1.0942834034376623 
3.7800000000035525, -1.0910925471022548 
3.7900000000035736, -1.087718590110172 
3.8000000000035947, -1.0841562344324105 
3.810000000003616, -1.0803789778612356 
3.820000000003637, -1.0763695760223178 
3.830000000003658, -1.0721389482781905 
3.840000000003679, -1.0677603576645316 
3.8500000000037002, -1.0634409178184139 
3.8600000000037213, -1.0595769821099448 
3.8700000000037424, -1.0566527181407313 
3.8800000000037635, -1.0549380567303108 
3.8900000000037847, -1.0542556024051308 
3.9000000000038058, -1.0540996339500708 
3.910000000003827, -1.0539299071246386 
3.920000000003848, -1.0533127897450998 
3.930000000003869, -1.0518920980993764 
3.94000000000389, -1.0493563627950588 
3.9500000000039113, -1.045512632077195 
3.9600000000039324, -1.0404226653649422 
3.9700000000039535, -1.0344224273537894 
3.9800000000039746, -1.0279432713852406 
3.9900000000039957, -1.0213019948452935 
4.000000000004016, -1.0146306130511398 
4.010000000003993, -1.0079281654215424 
4.02000000000397, -1.001144355625133 
4.030000000003946, -0.9942529567091112 
4.040000000003923, -0.9873232673704662 
4.0500000000039, -0.9806009885151201 
4.0600000000038765, -0.9745535958974487 
4.070000000003853, -0.969764027297985 
4.08000000000383, -0.9666239092843879 
4.090000000003807, -0.9650478776871694 
4.100000000003783, -0.9645205381456545 
4.11000000000376, -0.9644084795727474 
4.120000000003737, -0.9641948747879617 
4.130000000003713, -0.9635064277344636 
4.14000000000369, -0.9620526021361961 
4.150000000003667, -0.959615519376999 
4.1600000000036434, -0.9561326628694478 
4.17000000000362, -0.9517848217536542 
4.180000000003597, -0.9469441199692671 
4.1900000000035735, -0.9419880045791305 
4.20000000000355, -0.9371508788795417 
4.210000000003527, -0.9325082923881644 
4.220000000003504, -0.9280415051228725 
4.23000000000348, -0.9237080441056469 
4.240000000003457, -0.9194868945126385 
4.250000000003434, -0.9153989398427556 
4.26000000000341, -0.9115169266231259 
4.270000000003387, -0.9079748420954061 
4.280000000003364, -0.9049633259154737 
4.2900000000033405, -0.9026796306197451 
4.300000000003317, -0.9012284541170921 
4.310000000003294, -0.9005376254113712 
4.320000000003271, -0.9003682980128737 
4.330000000003247, -0.9004116739714865 
4.340000000003224, -0.9003874846936675 
4.350000000003201, -0.90009314278633 
4.360000000003177, -0.8994211638828842 
4.370000000003154, -0.8983708545725998 
4.380000000003131, -0.8970421501714732 
4.390000000003107, -0.895587666239486 
4.400000000003084, -0.89414038209647 
4.410000000003061, -0.8927641604454923 
4.4200000000030375, -0.8914494586554251 
4.430000000003014, -0.8901435087034187 
4.440000000002991, -0.8887952431299577 
4.450000000002968, -0.8873951653279185 
4.460000000002944, -0.8859933145778408 
4.470000000002921, -0.884688780838573 
4.480000000002898, -0.8835967585741118 
4.490000000002874, -0.8828104882065209 
4.500000000002851, -0.8823804805987304 
4.510000000002828, -0.8823195328720235 
4.520000000002804, -0.8826172027265713 
4.530000000002781, -0.8832422542210999 
4.540000000002758, -0.8841336272909871 
4.5500000000027345, -0.8852003285864306 
4.560000000002711, -0.8863432192914228 
4.570000000002688, -0.8874888786237017 
4.580000000002665, -0.888614503338839 
4.590000000002641, -0.8897484304476204 
4.600000000002618, -0.8909434694535016 
4.610000000002595, -0.8922330160977736 
4.620000000002571, -0.8935875787033576 
4.630000000002548, -0.8948934053315327 
4.640000000002525, -0.8959769161830616 
4.6500000000025015, -0.8966770725077969 
4.660000000002478, -0.8969210852909983 
4.670000000002455, -0.8967534896299666 
4.6800000000024315, -0.8963256379471101 
4.690000000002408, -0.8958839202205612 
4.700000000002385, -0.8957578839382185 
4.710000000002362, -0.8963048655993374 
4.720000000002338, -0.8977905985238115 
4.730000000002315, -0.9002755074365082 
4.740000000002292, -0.9036112190290148 
4.750000000002268, -0.9075495981909487 
4.760000000002245, -0.9118636711587484 
4.770000000002222, -0.9164064219132693 
4.7800000000021985, -0.9211139307245061 
4.790000000002175, -0.9259883002951931 
4.800000000002152, -0.9310748106820705 
4.810000000002129, -0.9364230293902267 
4.820000000002105, -0.9420171871392947 
4.830000000002082, -0.9476826366632091 
4.840000000002059, -0.9530308672335407 
4.850000000002035, -0.9575524643957134 
4.860000000002012, -0.9608624243568791 
4.870000000001989, -0.9628850676013411 
4.880000000001965, -0.9638107189161683 
4.890000000001942, -0.963941375156278 
4.900000000001919, -0.9636162733720719 
4.9100000000018955, -0.9632660480388713 
4.920000000001872, -0.9635140766009661 
4.930000000001849, -0.9651471535666263 
4.940000000001826, -0.9688007783008776 
4.950000000001802, -0.9745430803031319 
4.960000000001779, -0.9818276507742965 
4.970000000001756, -0.9898886444103244 
4.980000000001732, -0.9981403760685954 
4.990000000001709, -1.006298439042299 
5.000000000001686, -1.0143047743634819 
5.0100000000016625, -1.0222096222800403 
5.020000000001639, -1.0300640169540058 
5.030000000001616, -1.0378111932425589 
5.0400000000015925, -1.0451844654869666 
5.050000000001569, -1.0516974283789902 
5.060000000001546, -1.0568314421709906 
5.070000000001523, -1.0603286983775368 
5.080000000001499, -1.0623041487046896 
5.090000000001476, -1.0631000488618627 
5.100000000001453, -1.06310893383578 
5.110000000001429, -1.0627389921502506 
5.120000000001406, -1.0624939007926284 
5.130000000001383, -1.0630003632893443 
5.1400000000013595, -1.0647944007590975 
5.150000000001336, -1.067964555007205 
5.160000000001313, -1.0720913962396357 
5.17000000000129, -1.0765905853374715 
5.180000000001266, -1.0810429362096161 
5.190000000001243, -1.0852589618641164 
5.20000000000122, -1.0891921637659152 
5.210000000001196, -1.0928567900336872 
5.220000000001173, -1.0962876126932872 
5.23000000000115, -1.0995117376161765 
5.240000000001126, -1.1025109268963365 
5.250000000001103, -1.1051882989244761 
5.26000000000108, -1.1073767518798876 
5.2700000000010565, -1.108910253137847 
5.280000000001033, -1.1097165055917526 
5.29000000000101, -1.109857797462099 
5.300000000000987, -1.109511641516904 
5.310000000000963, -1.108941538146365 
5.32000000000094, -1.1084630963971793 
5.330000000000917, -1.1083527921092522 
5.340000000000893, -1.1087190026128657 
5.35000000000087, -1.1094751553726403 
5.360000000000847, -1.1104606212058783 
5.3700000000008234, -1.1115607645084513 
5.3800000000008, -1.112711445504825 
5.390000000000777, -1.11383922840132 
5.4000000000007535, -1.1148387114868492 
5.41000000000073, -1.1156080914040123 
5.420000000000707, -1.1160933322646174 
5.430000000000684, -1.116300620834943 
5.44000000000066, -1.1162726908412823 
5.450000000000637, -1.116047290108456 
5.460000000000614, -1.1156255157041168 
5.47000000000059, -1.1149706834552517 
5.480000000000567, -1.1140385516090823 
5.490000000000544, -1.1128193341413335 
5.5000000000005205, -1.1113637160449414 
5.510000000000497, -1.10977357879227 
5.520000000000474, -1.108159091592862 
5.5300000000004506, -1.1065984916790188 
5.540000000000427, -1.1051522948324686 
5.550000000000404, -1.1039217699232515 
5.560000000000381, -1.103057130489982 
5.570000000000357, -1.1026531839168663 
5.580000000000334, -1.1026257981394045 
5.590000000000311, -1.1027198185015785 
5.600000000000287, -1.1026288864006273 
5.610000000000264, -1.1020927196904071 
5.620000000000241, -1.1009363042457223 
5.6300000000002175, -1.0990971214371967 
5.640000000000194, -1.0966418083301976 
5.650000000000171, -1.0937281723694736 
5.660000000000148, -1.0905179661266533 
5.670000000000124, -1.0871076843418837 
5.680000000000101, -1.0835188983812114 
5.690000000000078, -1.0797304924092486 
5.700000000000054, -1.0757162590314446 
5.710000000000031, -1.0714693012228982 
5.720000000000008, -1.0670271646160758 
5.729999999999984, -1.0625288086414413 
5.739999999999961, -1.0582916587638087 
5.749999999999938, -1.0547977213957414 
5.7599999999999145, -1.0524646873862404 
5.769999999999891, -1.0513277625289605 
5.779999999999868, -1.050989693785959 
5.789999999999845, -1.0508874306176934 
5.799999999999821, -1.0505306216496988 
5.809999999999798, -1.0495334339214175 
5.819999999999775, -1.0475605652808286 
5.829999999999751, -1.0443443157912449 
5.839999999999728, -1.0398089666188473 
5.849999999999705, -1.0341720605789098 
5.8599999999996815, -1.0278540764220134 
5.869999999999658, -1.0212515541051241 
5.879999999999635, -1.0145881697974173 
5.8899999999996115, -1.007918692370565 
5.899999999999588, -1.0012074270831772 
5.909999999999565, -0.9944081476538926 
5.919999999999542, -0.987532924582507 
5.929999999999518, -0.9807266243881742 
5.939999999999495, -0.9743380099467431 
5.949999999999472, -0.9689051413945553 
5.959999999999448, -0.9649482259815446 
5.969999999999425, -0.9626393699467535 
5.979999999999402, -0.9616604114007231 
5.9899999999993785, -0.9614092259991747 
5.999999999999355, -0.9613030655286197 
6.009999999999332, -0.9609063343367261 
6.019999999999309, -0.9598977968470883 
6.029999999999285, -0.9580252068387048 
6.039999999999262, -0.9551424379979198 
6.049999999999239, -0.9513075538115168 
6.059999999999215, -0.9468093772139292 
6.069999999999192, -0.9420354449721939 
6.079999999999169, -0.9372900318779049 
6.089999999999145, -0.9327160172843307 
6.099999999999122, -0.9283297814229732 
6.109999999999099, -0.9240934969088677 
6.1199999999990755, -0.9199727810633881 
6.129999999999052, -0.9159668367289893 
6.139999999999029, -0.9121196715822748 
6.149999999999006, -0.9085273742678692 
6.159999999998982, -0.9053435574181548 
6.169999999998959, -0.9027600029446917 
6.179999999998936, -0.9009367845481611 
6.189999999998912, -0.8999044007603153 
6.199999999998889, -0.8995162542821223 
6.209999999998866, -0.8995002124687911 
6.2199999999988425, -0.899561485415022 
6.229999999998819, -0.8994591457478037 
6.239999999998796, -0.8990381322296814 
6.2499999999987725, -0.8982435106670646 
6.259999999998749, -0.8971257184079876 
6.269999999998726, -0.8958143436631996 
6.279999999998703, -0.8944544917301986 
6.289999999998679, -0.893142765646321 
6.299999999998656, -0.891900756878824 
6.309999999998633, -0.8906896479112255 
6.319999999998609, -0.8894497071993486 
6.329999999998586, -0.8881453706111373 
6.339999999998563, -0.8867964307702392 
6.3499999999985395, -0.8854824794196601 
6.359999999998516, -0.8843199789240996 
6.369999999998493, -0.8834228641358169 
6.37999999999847, -0.8828678812553701 
6.389999999998446, -0.8826848112083147 
6.399999999998423, -0.8828698354357384 
6.4099999999984, -0.8833990736537783 
6.419999999998376, -0.8842267350403225 
6.429999999998353, -0.885278213484353 
6.43999999999833, -0.8864586093687488 
6.449999999998306, -0.8876806527085137 
6.459999999998283, -0.8888957408696448 
6.46999999999826, -0.8901081187828888 
6.4799999999982365, -0.8913619273048452 
6.489999999998213, -0.8927044246731549 
6.49999999999819, -0.8941395375018659 
6.509999999998167, -0.8955915184634243 
6.519999999998143, -0.8969037447604137 
6.52999999999812, -0.89789156603805 
6.539999999998097, -0.8984270214887038 
6.549999999998073, -0.8984955131589161 
6.55999999999805, -0.8981988109015491 
6.569999999998027, -0.8977387633622298 
6.5799999999980034, -0.8974103320868959 
6.58999999999798, -0.8975777935535705 
6.599999999997957, -0.8985861556553851 
6.6099999999979335, -0.9006242414522587 
6.61999999999791, -0.9036466874699736 
6.629999999997887, -0.9074319416353556 
6.639999999997864, -0.9117173748141815 
6.64999999999784, -0.9163011678567147 
6.659999999997817, -0.9210727965326184 
6.669999999997794, -0.9260017321535161 
6.67999999999777, -0.9311153659367379 
6.689999999997747, -0.9364682418098467 
6.699999999997724, -0.942087288899125 
6.7099999999977005, -0.9478849320576013 
6.719999999997677, -0.953571423939977 
6.729999999997654, -0.9586637760807735 
6.7399999999976306, -0.9626753761097359 
6.749999999997607, -0.9653691411977002 
6.759999999997584, -0.9668283032520991 
6.769999999997561, -0.9673243475753193 
6.779999999997537, -0.9671835833417687 
6.789999999997514, -0.9667813255897194 
6.799999999997491, -0.966638328000975 
6.809999999997467, -0.9674836084624907 
6.819999999997444, -0.9700840759533085 
6.829999999997421, -0.9748214615717277 
6.8399999999973975, -0.9814135297918373 
6.849999999997374, -0.9891339259906291 
6.859999999997351, -0.9972741718727013 
6.869999999997328, -1.0054068381893704 
6.879999999997304, -1.0133807089856826 
6.889999999997281, -1.0212084422927936 
6.899999999997258, -1.0289537947378653 
6.909999999997234, -1.0366277878037875 
6.919999999997211, -1.0440812799683634 
6.929999999997188, -1.0509367888912815 
6.939999999997164, -1.056671152207176 
6.949999999997141, -1.0608789759682091 
6.959999999997118, -1.0634993483014086 
6.9699999999970945, -1.0647830473811855 
6.979999999997071, -1.0651050672776308 
6.989999999997048, -1.0648564983321962 
6.999999999997025, -1.0644815414320457 
7.009999999997001, -1.0645506805652576 
7.019999999996978, -1.0656698515806773 
7.029999999996955, -1.068154238369399 
7.039999999996931, -1.071792842990507 
7.049999999996908, -1.0760395949695847 
7.059999999996885, -1.0803940987489435 
7.0699999999968615, -1.084579673454956 
7.079999999996838, -1.0885003116399055 
7.089999999996815, -1.0921476840530604 
7.0999999999967915, -1.0955473367733572 
7.109999999996768, -1.0987323112000056 
7.119999999996745, -1.1017120498129542 
7.129999999996722, -1.104433902756018 
7.139999999996698, -1.1067661180570285 
7.149999999996675, -1.1085368868097034 
7.159999999996652, -1.1096222716103126 
7.169999999996628, -1.1100175872740405 
7.179999999996605, -1.1098446409518041 
7.189999999996582, -1.1093241205608255 
7.1999999999965585, -1.1087478627336957 
7.209999999996535, -1.1084180426260917 
7.219999999996512, -1.108525499544969 
7.229999999996489, -1.1090640504933487 
7.239999999996465, -1.1098948270499176 
7.249999999996442, -1.1108842274197595 
7.259999999996419, -1.1119581022063634 
7.269999999996395, -1.1130552615138811 
7.279999999996372, -1.1140801658584167 
7.289999999996349, -1.1149184860010228 
7.299999999996325, -1.1154864711465537 
7.309999999996302, -1.1157614678915881 
7.319999999996279, -1.1157741879627558 
7.3299999999962555, -1.1155721714101308 
7.339999999996232, -1.1151792944569736 
7.349999999996209, -1.1145777448796097 
7.359999999996186, -1.1137237944381595 
7.369999999996162, -1.112586921989385 
7.379999999996139, -1.111186489361708 
7.389999999996116, -1.1096007608555583 
7.399999999996092, -1.1079384386111697 
7.409999999996069, -1.1062923071288804 
7.419999999996046, -1.1047261842172913 
7.4299999999960225, -1.1033215438601605 
7.439999999995999, -1.102220243857056 
7.449999999995976, -1.1015664467400785 
7.4599999999959525, -1.1013673448794612 
7.469999999995929, -1.101430289400112 
7.479999999995906, -1.1014505937306696 
7.489999999995883, -1.101134425717334 
7.499999999995859, -1.100259733604366 
7.509999999995836, -1.0987035047816325 
7.519999999995813, -1.096469697552904 
7.529999999995789, -1.0936836337249656 
7.539999999995766, -1.090521541549568 
7.549999999995743, -1.0871212926951512 
7.5599999999957195, -1.0835413057392724 
7.569999999995696, -1.0797768620435573 
7.579999999995673, -1.075799636419752 
7.58999999999565, -1.0715897363459435 
7.599999999995626, -1.0671581949719176 
7.609999999995603, -1.062587331546646 
7.61999999999558, -1.0581063522241767 
7.629999999995556, -1.0541391466120098 
7.639999999995533, -1.0511804751094456 
7.64999999999551, -1.0494781411297294 
7.659999999995486, -1.0488172537973515 
7.669999999995463, -1.0486689703783436 
7.67999999999544, -1.0484891829378453 
7.6899999999954165, -1.0478470534404862 
7.699999999995393, -1.0463879232073345 
7.70999999999537, -1.04380140104904 
7.719999999995347, -1.0398996412460704 
7.729999999995323, -1.0347553449654194 
7.7399999999953, -1.0287166030693151 
7.749999999995277, -1.0222217893278263 
7.759999999995253, -1.0155888100820283 
7.76999999999523, -1.0089483627204368 
7.779999999995207, -1.0022987268469747 
7.789999999995183, -0.9955902555833787 
7.79999999999516, -0.9887977010324324 
7.809999999995137, -0.9819884023599454 
7.8199999999951135, -0.9753978598193402 
7.82999999999509, -0.969471644946666 
7.839999999995067, -0.9647659240636356 
7.849999999995044, -0.9616595552970084 
7.85999999999502, -0.9600802730762659 
7.869999999994997, -0.9595391417066039 
7.879999999994974, -0.959422619097202 
7.88999999999495, -0.9592226877357117 
7.899999999994927, -0.9585714149947948 
7.909999999994904, -0.957187401017082 
7.9199999999948805, -0.9548666779330904 
7.929999999994857, -0.951558481244494 
7.939999999994834, -0.9474423207813881 
7.9499999999948106, -0.9428732242159622 
7.959999999994787, -0.9382059667469544 
7.969999999994764, -0.9336582874788565 
7.979999999994741, -0.9292981484990002 
7.989999999994717, -0.9251054694921148 
7.999999999994694, -0.9210393658358658 
8.00999999999467, -0.917080975762631 
8.019999999994647, -0.9132512163818323 
8.029999999994624, -0.9096169209073258 
8.0399999999946, -0.9062972858894678 
8.049999999994577, -0.903462001716276 
8.059999999994554, -0.9012923711644036 
8.06999999999453, -0.8998955060392397 
8.079999999994508, -0.8992219538076747 
8.089999999994484, -0.8990624230013493 
8.099999999994461, -0.8991297192071743 
8.109999999994438, -0.8991539562384728 
8.119999999994414, -0.898936648432132 
8.129999999994391, -0.8983719666968506 
8.139999999994368, -0.8974577778342075 
8.149999999994344, -0.8962876124218278 
8.159999999994321, -0.8950039672429073 
8.169999999994298, -0.8937298919324416 
8.179999999994275, -0.892522012392878 
8.189999999994251, -0.8913658666577374 
8.199999999994228, -0.8902048457466394 
8.209999999994205, -0.8889849169075452 
8.219999999994181, -0.8876953410773394 
8.229999999994158, -0.8863877851486901 
8.239999999994135, -0.8851667625645394 
8.249999999994111, -0.8841562443348907 
8.259999999994088, -0.8834582700652331 
8.269999999994065, -0.8831271603046961 
8.279999999994041, -0.8831723797775304 
8.289999999994018, -0.8835764739089651 
8.299999999993995, -0.8843037200222363 
8.309999999993972, -0.8852945753335801 
8.319999999993948, -0.8864639722867474 
8.329999999993925, -0.8877190200493091 
8.339999999993902, -0.8889900721154953 
8.349999999993878, -0.8902551894813016 
8.359999999993855, -0.8915414831731798 
8.369999999993832, -0.8928993414070442 
8.379999999993808, -0.8943586267513457 
8.389999999993785, -0.8958840578605413 
8.399999999993762, -0.8973526388288278 
8.409999999993738, -0.8985794637213862 
8.419999999993715, -0.8993946189772167 
8.429999999993692, -0.8997224795127273 
8.439999999993669, -0.8996096490588131 
8.449999999993645, -0.8992110286338726 
8.459999999993622, -0.8987776114221996 
8.469999999993599, -0.8986491620670731 
8.479999999993575, -0.8992040056594555 
8.489999999993552, -0.9007360089928307 
8.499999999993529, -0.9033258500268089 
8.509999999993505, -0.9068248259966752 
8.519999999993482, -0.9109670968759838 
8.529999999993459, -0.9155041953521021 
8.539999999993436, -0.9202740663070841 
8.549999999993412, -0.9252061945342394 
8.559999999993389, -0.9303016553640131 
8.569999999993366, -0.9356066666485672 
8.579999999993342, -0.9411707800928826 
8.589999999993319, -0.9469744906507083 
8.599999999993296, -0.95283319643166 
8.609999999993272, -0.9583430425788215 
8.619999999993249, -0.9629815644741541 
8.629999999993226, -0.9663626157495031 
8.639999999993202, -0.9684213861548425 
8.64999999999318, -0.9693621138700712 
8.659999999993156, -0.96949696580881 
8.669999999993133, -0.9691713806555311 
8.67999999999311, -0.9688212881459035 
8.689999999993086, -0.9690762218909956 
8.699999999993063, -0.970725403827997 
8.70999999999304, -0.9743928432740896 
8.719999999993016, -0.9801209327011862 
8.729999999992993, -0.9873413998781915 
8.73999999999297, -0.995285469698253 
8.749999999992946, -1.0033787663782205 
8.759999999992923, -1.0113497331129913 
8.7699999999929, -1.0191477073294428 
8.779999999992876, -1.0268246832022085 
8.789999999992853, -1.034430823355013 
8.79999999999283, -1.0419104576052372 
8.809999999992806, -1.0490059970168932 
8.819999999992783, -1.0552522454185032 
8.82999999999276, -1.060158047418109 
8.839999999992736, -1.0634835705560401 
8.849999999992713, -1.0653431477505444 
8.85999999999269, -1.0660671571733684 
8.869999999992666, -1.0660377472161982 
8.879999999992643, -1.0656604148030193 
8.88999999999262, -1.0654383590822545 
8.899999999992596, -1.06598104283822 
8.909999999992573, -1.0677763024911535 
8.91999999999255, -1.0708599981287716 
8.929999999992527, -1.0748029058685118 
8.939999999992503, -1.0790560539483098 
8.94999999999248, -1.0832432945807373 
8.959999999992457, -1.0872001421742947 
8.969999999992433, -1.0908864773693963 
8.97999999999241, -1.0943139073999677 
8.989999999992387, -1.0975132638127998 
8.999999999992363, -1.1005097809093554 
9.00999999999234, -1.1032868115799597 
9.019999999992317, -1.1057536123149385 
9.029999999992294, -1.107753265040125 
9.03999999999227, -1.1091298923176116 
9.049999999992247, -1.1098159531705625 
9.059999999992224, -1.109872097323619 
9.0699999999922, -1.1094715753974436 
9.079999999992177, -1.1088727885190133 
9.089999999992154, -1.1083803839584563 
9.09999999999213, -1.1082493055432328 
9.109999999992107, -1.1085658346662801 
9.119999999992084, -1.1092393557855222 
9.12999999999206, -1.1101251768787948 
9.139999999992037, -1.1111277461365803 
9.149999999992014, -1.1121904120537793 
9.15999999999199, -1.1132350977861598 
9.169999999991967, -1.114148307172997 
9.179999999991944, -1.1148233513286825 
9.18999999999192, -1.115205412716296 
9.199999999991897, -1.1153025308416062 
9.209999999991874, -1.1151605329763172 
9.21999999999185, -1.114820518756736 
9.229999999991827, -1.1142867972202686 
9.239999999991804, -1.1135257475224103 
9.24999999999178, -1.1124957665580704 
9.259999999991757, -1.1111884918834298 
9.269999999991734, -1.1096536834347757 
9.27999999999171, -1.1079888650414271 
9.289999999991688, -1.1062974516861213 
9.299999999991664, -1.1046541919311523 
9.309999999991641, -1.1031261082483432 
9.319999999991618, -1.1018297443532963 
9.329999999991594, -1.100927107300453 
9.339999999991571, -1.100508623785506 
9.349999999991548, -1.1004723583899465 
9.359999999991524, -1.1005469241527628 
9.369999999991501, -1.1004186806977196 
9.379999999991478, -1.0998250837719092 
9.389999999991455, -1.0985899304862516 
9.399999999991431, -1.096651504291663 
9.409999999991408, -1.094081234368779 
9.419999999991385, -1.091044479823551 
9.429999999991361, -1.0877097401086755 
9.439999999991338, -1.0841773149609852 
9.449999999991315, -1.0804699000255629 
9.459999999991291, -1.076565863413688 
9.469999999991268, -1.0724377013602957 
9.479999999991245, -1.068077809927804 
9.489999999991221, -1.0635264778780937 
9.499999999991198, -1.0589320296606197 
9.509999999991175, -1.0546267824815834 
9.519999999991152, -1.0511034037584825 
9.529999999991128, -1.0487735479941809 
9.539999999991105, -1.0476518884960733 
9.549999999991082, -1.047323638235857 
9.559999999991058, -1.0472206331107856 
9.569999999991035, -1.0468544661854433 
9.579999999991012, -1.0458418047867981 
9.589999999990988, -1.0438494783263752 
9.599999999990965, -1.0406138480492249 
9.609999999990942, -1.0360665078878377 
9.619999999990918, -1.0304328366357174 
9.629999999990895, -1.0241371368915475 
9.639999999990872, -1.017574986941974 
9.649999999990849, -1.0109673688317404 
9.659999999990825, -1.0043673604199816 
9.669999999990802, -0.9977392852144134 
9.679999999990779, -0.9910378380033439 
9.689999999990755, -0.9842747983931218 
9.699999999990732, -0.9775899345272518 
9.709999999990709, -0.9713185020069725 
9.719999999990685, -0.9659781133750434 
9.729999999990662, -0.9620729239149721 
9.739999999990639, -0.9597770806110105 
9.749999999990616, -0.9587911100688069 
9.759999999990592, -0.9585324797956188 
9.769999999990569, -0.9584290316283963 
9.779999999990546, -0.9580494794722899 
9.789999999990522, -0.9570770894531183 
9.799999999990499, -0.9552676297775624 
9.809999999990476, -0.9524844990048198 
9.819999999990452, -0.9487898896069451 
9.829999999990429, -0.9444655985062106 
9.839999999990406, -0.9398840164817457 
9.849999999990382, -0.9353350217078333 
9.85999999999036, -0.9309531396817189 
9.869999999990336, -0.9267519708741437 
9.879999999990313, -0.9226940439148533 
9.88999999999029, -0.9187465707730638 
9.899999999990266, -0.9149100651375811 
9.909999999990243, -0.9112274728426695 
9.91999999999022, -0.9077889959815545 
9.929999999990196, -0.9047369471622142 
9.939999999990173, -0.9022505371202849 
9.94999999999015, -0.9004843883964906 
9.959999999990126, -0.8994766387917424 
9.969999999990103, -0.8990978850177485 
9.97999999999008, -0.8990927788852426 
9.989999999990056, -0.8991766550105332 
9.999999999990033, -0.899112956517729 
10.00999999999001, -0.8987484559421496 
10.019999999989986, -0.8980285668695572 
10.029999999989963, -0.8970015062852482 
10.03999999998994, -0.8957916450347014 
10.049999999989916, -0.8945376263954564 
10.059999999989893, -0.8933305781681806 
10.06999999998987, -0.892188265638137 
10.079999999989846, -0.8910691061747478 
10.089999999989823, -0.889911243742463 
10.0999999999898, -0.8886779004581399 
10.109999999989776, -0.8873891382919463 
10.119999999989753, -0.8861268526472331 
10.12999999998973, -0.8850120579148578 
10.139999999989707, -0.8841644508887094 
10.149999999989683, -0.8836650526810024 
10.15999999998966, -0.8835439019474409 
10.169999999989637, -0.8837936984252226 
10.179999999989613, -0.884386504278584 
10.18999999998959, -0.8852751422218071 
10.199999999989567, -0.8863869890534296 
10.209999999989543, -0.8876307100271259 
10.21999999998952, -0.888922027292818 
10.229999999989497, -0.8902137821169364 
10.239999999989474, -0.891510211801575 
10.24999999998945, -0.8928544508344188 
10.259999999989427, -0.8942920063000548 
10.269999999989404, -0.8958239752678738 
10.27999999998938, -0.8973699804000393 
10.289999999989357, -0.8987671037612955 
10.299999999989334, -0.899824832221503 
10.30999999998931, -0.9004124731924306 
10.319999999989287, -0.9005162693325757 
10.329999999989264, -0.9002404783220923 
10.33999999998924, -0.8997896388611869 
10.349999999989217, -0.8994627262098603 
10.359999999989194, -0.8996322182398216 
10.36999999998917, -0.9006561395736441 
10.379999999989147, -0.902735794338233 
10.389999999989124, -0.9058298232751975 
10.3999999999891, -0.9097102032301374 
10.409999999989077, -0.914102968202575 
10.419999999989054, -0.9187967186980481 
10.42999999998903, -0.9236757893118777 
10.439999999989007, -0.9287081381402615 
10.449999999988984, -0.9339213255008267 
10.45999999998896, -0.93937002432833 
10.469999999988937, -0.945079842220738 
10.479999999988914, -0.9509592365182623 
10.48999999998889, -0.9567118698561021 
10.499999999988868, -0.9618486354096232 
10.509999999988844, -0.9658822906007414 
10.519999999988821, -0.9685817340399243 
10.529999999988798, -0.970038221753511 
10.539999999988774, -0.9705290536727817 
10.549999999988751, -0.9703839969556638 
10.559999999988728, -0.9699815521871257 
10.569999999988704, -0.9698464724519118 
10.579999999988681, -0.9707092469441644 
10.589999999988658, -0.9733275460281441 
10.599999999988635, -0.9780607210821259 
10.609999999988611, -0.9846051237553477 
10.619999999988588, -0.9922302397959559 
10.629999999988565, -1.0002391763627532 
10.639999999988541, -1.0082192213015775 
10.649999999988518, -1.0160286691698395 
10.659999999988495, -1.0236835243392286 
10.669999999988471, -1.0312472066290106 
10.679999999988448, -1.0387299426581402 
10.689999999988425, -1.0459851367880666 
10.699999999988401, -1.0526450973574355 
10.709999999988378, -1.0582036651764537 
10.719999999988355, -1.0622715472602084 
10.729999999988332, -1.0647930819446534 
10.739999999988308, -1.0660131817963616 
10.749999999988285, -1.066298037509121 
10.759999999988262, -1.0660339985503284 
10.769999999988238, -1.0656650540628414 
10.779999999988215, -1.0657575350691366 
10.789999999988192, -1.0668960242754504 
10.799999999988168, -1.0693602651957055 
10.809999999988145, -1.0729184044253262 
10.819999999988122, -1.0770355986698807 
10.829999999988098, -1.0812386467986277 
10.839999999988075, -1.085271908900593 
10.849999999988052, -1.089047729386271 
10.859999999988029, -1.0925579109026566 
10.869999999988005, -1.0958256548749843 
10.879999999987982, -1.098882185444388 
10.889999999987959, -1.101736619156639 
10.899999999987935, -1.1043380491098644 
10.909999999987912, -1.1065589366815352 
10.919999999987889, -1.1082331556683385 
10.929999999987865, -1.1092411464867742 
10.939999999987842, -1.109579188223319 
10.949999999987819, -1.1093674972597678 
10.959999999987796, -1.1088245289016405 
10.969999999987772, -1.1082382780196665 
10.979999999987749, -1.1079018822362714 
10.989999999987726, -1.107993055023134 
10.999999999987702, -1.108497871746986 
11.009999999987679, -1.109281628352791 
11.019999999987656, -1.1102212527487332 
11.029999999987632, -1.1112496542773367 
11.039999999987609, -1.1123054298051387 
11.049999999987586, -1.113288900044026 
11.059999999987562, -1.1140823716072112 
11.06999999998754, -1.1146011340233124 
11.079999999987516, -1.11482331376643 
11.089999999987493, -1.1147811771009324 
11.09999999998747, -1.1145239045935937 
11.109999999987446, -1.1140767878280422 
11.119999999987423, -1.1134232837603204 
11.1299999999874, -1.1125209168204013 
11.139999999987376, -1.1113402276765165 
11.149999999987353, -1.1099009473339125 
11.15999999998733, -1.108280338418042 
11.169999999987306, -1.106584481186998 
11.179999999987283, -1.1049034980335144 
11.18999999998726, -1.1033018544200057 
11.199999999987236, -1.1018664963633955 
11.209999999987213, -1.1007458693887258 
11.21999999998719, -1.1000851249495054 
11.229999999987166, -1.0998847382822423 
11.239999999987143, -1.0999434610123477 
11.24999999998712, -1.099951979377184 
11.259999999987096, -1.099615528666391 
11.269999999987073, -1.098712301433117 
11.27999999998705, -1.0971201529011043 
11.289999999987026, -1.0948452502249018 
11.299999999987003, -1.092016202551665 
11.30999999998698, -1.0888121392399754 
11.319999999986956, -1.0853724478626132 
11.329999999986933, -1.0817558939349954 
11.33999999998691, -1.0779576112410676 
11.349999999986887, -1.0739490681687802 
11.359999999986863, -1.0697103698902624 
11.36999999998684, -1.0652532731513484 
11.379999999986817, -1.060662294140442 
11.389999999986793, -1.0561701618164963 
11.39999999998677, -1.0522031462376569 
11.409999999986747, -1.0492535668572218 
11.419999999986723, -1.0475621547179461 
11.4299999999867, -1.0469080682954128 
11.439999999986677, -1.0467615431660509 
11.449999999986654, -1.0465806049261848 
11.45999999998663, -1.045936817510775 
11.469999999986607, -1.0444780485575802 
11.479999999986584, -1.0418979090025222 
11.48999999998656, -1.0380144391888604 
11.499999999986537, -1.032905642366655 
11.509999999986514, -1.0269205684261495 
11.51999999998649, -1.020493853152756 
11.529999999986467, -1.013938437286292 
11.539999999986444, -1.0073818478254306 
11.54999999998642, -1.0008215604586643 
11.559999999986397, -0.9942085659422523 
11.569999999986374, -0.9875180831235071 
11.57999999998635, -0.9808154166317877 
11.589999999986327, -0.9743288894389261 
11.599999999986304, -0.968491182080409 
11.60999999998628, -0.963845086467814 
11.619999999986257, -0.9607655437080798 
11.629999999986234, -0.9591899684645571 
11.63999999998621, -0.9586445664876535 
11.649999999986187, -0.9585263428552526 
11.659999999986164, -0.9583316411620892 
11.66999999998614, -0.9576946713330949 
11.679999999986117, -0.956337412628146 
11.689999999986094, -0.9540611388893371 
11.69999999998607, -0.9508195197221699 
11.709999999986048, -0.9467913528117302 
11.719999999986024, -0.942324610790269 
11.729999999986001, -0.9377647306995108 
11.739999999985978, -0.9333225434107414 
11.749999999985954, -0.9290628522627873 
11.759999999985931, -0.924965065388059 
11.769999999985908, -0.9209890874964735 
11.779999999985884, -0.9171172001630028 
11.789999999985861, -0.9133708942638826 
11.799999999985838, -0.9098158530927801 
11.809999999985815, -0.9065675629108998 
11.819999999985791, -0.9037901546672191 
11.829999999985768, -0.9016604649595218 
11.839999999985745, -0.9002858188017913 
11.849999999985721, -0.8996224099750384 
11.859999999985698, -0.8994687440078237 
11.869999999985675, -0.8995436592593891 
11.879999999985651, -0.8995804284159459 
11.889999999985628, -0.8993819895620796 
11.899999999985605, -0.8988432488143154 
11.909999999985581, -0.8979620333494485 
11.919999999985558, -0.8968305083656324 
11.929999999985535, -0.895588630163696 
11.939999999985512, -0.8943566831104619 
11.949999999985488, -0.8931890863897134 
11.959999999985465, -0.8920698528334645 
11.969999999985442, -0.8909413984404624 
11.979999999985418, -0.8897492790895779 
11.989999999985395, -0.8884830039296476 
11.999999999985372, -0.8871951764411581 
12.009999999985348, -0.8859918906375759 
12.019999999985325, -0.8849990866579205 
12.029999999985302, -0.884320468404012 
12.039999999985278, -0.8840108600213341 
12.049999999985255, -0.8840788362209444 
12.059999999985232, -0.8845053912781614 
12.069999999985209, -0.8852536880793369 
12.079999999985185, -0.8862640963213803 
12.089999999985162, -0.8874522806918119 
12.099999999985139, -0.8887263132098123 
12.109999999985115, -0.8900172993659453 
12.119999999985092, -0.8913036774736913 
12.129999999985069, -0.8926125244241542 
12.139999999985045, -0.8939937584439479 
12.149999999985022, -0.8954762812231113 
12.159999999984999, -0.8970233053151955 
12.169999999984976, -0.8985099864315395 
12.179999999984952, -0.8997499626532403 
12.189999999984929, -0.9005731134108 
12.199999999984906, -0.9009049126925482 
12.209999999984882, -0.9007936137145448 
12.219999999984859, -0.9003957214432947 
12.229999999984836, -0.8999638061042493 
12.239999999984812, -0.8998392817380664 
12.249999999984789, -0.9004016147025438 
12.259999999984766, -0.9019441476948353 
12.269999999984742, -0.9045450198691325 
12.27999999998472, -0.9080523319163175 
12.289999999984696, -0.9121981562529928 
12.299999999984673, -0.916733547628039 
12.30999999998465, -0.9214969125545694 
12.319999999984626, -0.9264183289272951 
12.329999999984603, -0.9314991627924145 
12.33999999998458, -0.9367854404364634 
12.349999999984556, -0.9423259242388304 
12.359999999984533, -0.948099801961056 
12.36999999998451, -0.9539214210842992 
12.379999999984486, -0.959387919553372 
12.389999999984463, -0.9639813226335816 
12.39999999998444, -0.9673218646114131 
12.409999999984416, -0.9693490704439268 
12.419999999984393, -0.9702678657950841 
12.42999999998437, -0.9703894455344523 
12.439999999984346, -0.9700593162334048 
12.449999999984323, -0.9697154242008565 
12.4599999999843, -0.9699883620112246 
12.469999999984276, -0.9716600703148845 
12.479999999984253, -0.9753346782529972 
12.48999999998423, -0.9810328468124198 
12.499999999984206, -0.988180187257029 
12.509999999984183, -0.9960193893510118 
12.51999999998416, -1.0039926102750634 
12.529999999984136, -1.0118398536792468 
12.539999999984113, -1.0195152961426144 
12.54999999998409, -1.0270714523189115 
12.559999999984067, -1.0345574109002433 
12.569999999984043, -1.0419170573286878 
12.57999999998402, -1.0488951685899486 
12.589999999983997, -1.055033129212619 
12.599999999983973, -1.0598485771120871 
12.60999999998395, -1.0631071632924514 
12.619999999983927, -1.0649221459217415 
12.629999999983903, -1.0656189068998974 
12.63999999998388, -1.0655753078945163 
12.649999999983857, -1.0651954945189883 
12.659999999983834, -1.0649824291997967 
12.66999999998381, -1.0655406267448115 
12.679999999983787, -1.0673446301133676 
12.689999999983764, -1.0704167509171791 
12.69999999998374, -1.0743261249267424 
12.709999999983717, -1.0785330865109768 
12.719999999983694, -1.0826717143647415 
12.72999999998367, -1.086582959624362 
12.739999999983647, -1.090227923341098 
12.749999999983624, -1.0936176937689013 
12.7599999999836, -1.0967823902907914 
12.769999999983577, -1.0997467164088437 
12.779999999983554, -1.1024936747903122 
12.78999999998353, -1.104932512603414 
12.799999999983507, -1.1069068880628774 
12.809999999983484, -1.108261963236099 
12.81999999998346, -1.10893109279858 
12.829999999983437, -1.1089752458103286 
12.839999999983414, -1.1085676183126014 
12.84999999998339, -1.1079663707863487 
12.859999999983367, -1.1074751294348453 
12.869999999983344, -1.1073464541343978 
12.87999999998332, -1.1076640483596707 
12.889999999983297, -1.1083365690557723 
12.899999999983274, -1.1092204826657217 
12.90999999998325, -1.11022146367233 
12.919999999983228, -1.1112829767634353 
12.929999999983204, -1.1123263836729196 
12.939999999983181, -1.1132379331453108 
12.949999999983158, -1.1139113300357895 
12.959999999983134, -1.1142924899475162 
12.969999999983111, -1.1143900737411518 
12.979999999983088, -1.1142501041569595 
12.989999999983064, -1.113913402225826 
12.999999999983041, -1.1133837410452456 
13.009999999983018, -1.1126270318319287 
13.019999999982995, -1.1116015244257322 
13.029999999982971, -1.1102990942242736 
13.039999999982948, -1.1087700133681482 
13.049999999982925, -1.1071124253668456 
13.059999999982901, -1.1054302916248797 
13.069999999982878, -1.1037985449900174 
13.079999999982855, -1.1022836024140987 
13.089999999982831, -1.1010003436005302 
13.099999999982808, -1.1001085681880194 
13.109999999982785, -1.0996974162998379 
13.119999999982761, -1.099665639962749 
13.129999999982738, -1.0997438327550908 
13.139999999982715, -1.099620394104748 
13.149999999982692, -1.0990346798179678 
13.159999999982668, -1.09781262563101 
13.169999999982645, -1.0958946143188872 
13.179999999982622, -1.0933530048128421 
13.189999999982598, -1.0903521786196175 
13.199999999982575, -1.0870584430161645 
13.209999999982552, -1.0835700667768273 
13.219999999982528, -1.0799087172064372 
13.229999999982505, -1.0760528629106512 
13.239999999982482, -1.0719759590910682 
13.249999999982458, -1.0676715434145485 
13.259999999982435, -1.0631798449190992 
13.269999999982412, -1.0586459376716038 
13.279999999982389, -1.054394569024844 
13.289999999982365, -1.0509091545561202 
13.299999999982342, -1.048597365053896 
13.309999999982319, -1.0474792924733316 
13.319999999982295, -1.0471498436327875 
13.329999999982272, -1.047047578543694 
13.339999999982249, -1.04668694808052 
13.349999999982225, -1.0456867331491229 
13.359999999982202, -1.0437176392595877 
13.369999999982179, -1.0405217988133892 
13.379999999982156, -1.0360355176047065 
13.389999999982132, -1.0304835075420002 
13.399999999982109, -1.0242833973974703 
13.409999999982086, -1.0178224743892152 
13.419999999982062, -1.011316099106429 
13.429999999982039, -1.004815256419251 
13.439999999982016, -0.9982844204076148 
13.449999999981992, -0.9916789717973182 
13.459999999981969, -0.985010168426615 
13.469999999981946, -0.9784143859790753 
13.479999999981922, -0.9722200285048475 
13.4899999999819, -0.9669367043494773 
13.499999999981876, -0.9630647634542104 
13.509999999981853, -0.9607824601090578 
13.51999999998183, -0.9597993229925663 
13.529999999981806, -0.9595404114514074 
13.539999999981783, -0.9594371772880258 
13.54999999998176, -0.9590594139549827 
13.559999999981736, -0.9580909521981843 
13.569999999981713, -0.9562886288496051 
13.57999999998169, -0.9535173385408445 
13.589999999981666, -0.9498400714350611 
13.599999999981643, -0.9455374513900132 
13.60999999998162, -0.9409789662270944 
13.619999999981596, -0.936451517597827 
13.629999999981573, -0.9320878153668186 
13.63999999998155, -0.9279008879952302 
13.649999999981526, -0.9238534867996201 
13.659999999981503, -0.9199133970139675 
13.66999999998148, -0.9160817544383251 
13.679999999981456, -0.9124020856629504 
13.689999999981433, -0.9089652999191615 
13.69999999998141, -0.9059147720684309 
13.709999999981386, -0.9034309554762012 
13.719999999981363, -0.9016690874899511 
13.72999999998134, -0.9006664957913906 
13.739999999981316, -0.9002918118694103 
13.749999999981293, -0.9002877871374284 
13.75999999998127, -0.9003687711136743 
13.769999999981247, -0.9002980300230284 
13.779999999981223, -0.8999225610163044 
13.7899999999812, -0.8991883047953083 
13.799999999981177, -0.8981443569174667 
13.809999999981153, -0.8969160909906269 
13.81999999998113, -0.895642852659947 
13.829999999981107, -0.8944160184798866 
13.839999999981083, -0.8932534132930339 
13.84999999998106, -0.8921137357736166 
13.859999999981037, -0.8909358602828567 
13.869999999981014, -0.8896840587016228 
13.87999999998099, -0.8883793332002009 
13.889999999980967, -0.887103854160484 
13.899999999980944, -0.8859777783614143 
13.90999999998092, -0.8851188726726805 
13.919999999980897, -0.8846061135492255 
13.929999999980874, -0.8844686766643992 
13.93999999998085, -0.884699937872878 
13.949999999980827, -0.8852731412496055 
13.959999999980804, -0.8861414008720624 
13.96999999998078, -0.8872310704376923 
13.979999999980757, -0.8884492331971862 
13.989999999980734, -0.8897104718863365 
13.99999999998071, -0.890967337251461 
14.009999999980687, -0.8922243952375 
14.019999999980664, -0.8935252506443311 
14.02999999998064, -0.8949157151625728 
14.039999999980617, -0.8963972305437746 
14.049999999980594, -0.8978905724150217 
14.05999999998057, -0.8992355409865027 
14.069999999980547, -0.9002455939244802 
14.079999999980524, -0.9007936785660071 
14.0899999999805, -0.900868079623727 
14.099999999980477, -0.9005738525652653 
14.109999999980454, -0.9001159723197775 
14.11999999998043, -0.8997926893367636 
14.129999999980408, -0.899971421593678 
14.139999999980384, -0.9009982847182151 
14.149999999980361, -0.9030592503490616 
14.159999999980338, -0.9061030531101792 
14.169999999980314, -0.9099026471339904 
14.179999999980291, -0.9141927743744578 
14.189999999980268, -0.9187715861927528 
14.199999999980244, -0.9235295686793765 
14.209999999980221, -0.9284370363828247 
14.219999999980198, -0.9335214943351933 
14.229999999980175, -0.9388365515765267 
14.239999999980151, -0.9444069843892999 
14.249999999980128, -0.9501424782046646 
14.259999999980105, -0.9557524753603776 
14.269999999980081, -0.9607589629058134 
14.279999999980058, -0.9646866432484872 
14.289999999980035, -0.9673098968606167 
14.299999999980011, -0.96871701922562 
14.309999999979988, -0.9691787705228098 
14.319999999979965, -0.9690202421451689 
14.329999999979941, -0.9686190693066974 
14.339999999979918, -0.9685004543315257 
14.349999999979895, -0.9693893581643822 
14.359999999979872, -0.9720253724093422 
14.369999999979848, -0.976744405802555 
14.379999999979825, -0.9832331963282396 
14.389999999979802, -0.9907723408547258 
14.399999999979778, -0.9986843352965817 
14.409999999979755, -1.0065710162480497 
14.419999999979732, -1.0142972488481055 
14.429999999979708, -1.0218803845075255 
14.439999999979685, -1.0293830707287492 
14.449999999979662, -1.0368142943550054 
14.459999999979638, -1.0440263509596586 
14.469999999979615, -1.0506508441539464 
14.479999999979592, -1.0561814673169825 
14.489999999979569, -1.0602289655398798 
14.499999999979545, -1.0627370617245135 
14.509999999979522, -1.0639491754146566 
14.519999999979499, -1.0642298196023938 
14.529999999979475, -1.0639641927450691 
14.539999999979452, -1.0635959618699828 
14.549999999979429, -1.0636923268742198 
14.559999999979405, -1.0648406775593622 
14.569999999979382, -1.0673251184126484 
14.579999999979359, -1.0709164904527755 
14.589999999979335, -1.075078184449945 
14.599999999979312, -1.0793323099256364 
14.609999999979289, -1.083419095351411 
14.619999999979266, -1.0872490703598818 
14.629999999979242, -1.090814177623169 
14.639999999979219, -1.0941384829239431 
14.649999999979196, -1.097253701352273 
14.659999999979172, -1.100168341788577 
14.669999999979149, -1.1028293457216742 
14.679999999979126, -1.1051055818450828 
14.689999999979102, -1.106827099918018 
14.69999999997908, -1.1078721735432215 
14.709999999979056, -1.1082373587917327 
14.719999999979033, -1.1080445489662571 
14.72999999997901, -1.1075141028207882 
14.739999999978986, -1.106936800469734 
14.749999999978963, -1.1066113148914465 
14.75999999997894, -1.1067227256709762 
14.769999999978916, -1.1072608743442927 
14.779999999978893, -1.1080875836477029 
14.78999999997887, -1.1090723204903854 
14.799999999978846, -1.1101426082820216 
14.809999999978823, -1.1112366691700946 
14.8199999999788, -1.112257905796622 
14.829999999978776, -1.1130920535189455 
14.839999999978753, -1.1136565390836097 
14.84999999997873, -1.1139301422513976 
14.859999999978706, -1.1139444448211744 
14.869999999978683, -1.113746900076324 
14.87999999997866, -1.1133605213655389 
14.889999999978636, -1.1127664388616219 
14.899999999978613, -1.1119202870503888 
14.90999999997859, -1.1107916581157737 
14.919999999978566, -1.109400701404591 
14.929999999978543, -1.1078268273965555 
14.93999999997852, -1.1061799087420823 
14.949999999978496, -1.104553524697127 
14.959999999978473, -1.1030112455604886 
14.96999999997845, -1.1016324659152796 
14.979999999978427, -1.1005551203696857 
14.989999999978403, -1.0999195082814532 
14.99999999997838, -1.099731953252795 
15.009999999978357, -1.099802544780337 
15.019999999978333, -1.0998306775985343 
15.02999999997831, -1.0995263219773628 
15.039999999978287, -1.0986713400350554 
15.049999999978263, -1.0971470640341674 
15.05999999997824, -1.0949607360035085 
15.069999999978217, -1.0922376999010273 
15.079999999978194, -1.0891508306501991 
15.08999999997817, -1.0858336042249288 
15.099999999978147, -1.0823413457342206 
15.109999999978124, -1.0786684411253704 
15.1199999999781, -1.0747876985777693 
15.129999999978077, -1.070681551503824 
15.139999999978054, -1.0663626349676751 
15.14999999997803, -1.0619107026522694 
15.159999999978007, -1.0575445188073047 
15.169999999977984, -1.0536702066372303 
15.17999999997796, -1.050767357131424 
15.189999999977937, -1.0490847800568819 
15.199999999977914, -1.0484243325950882 
15.20999999997789, -1.0482746118611594 
15.219999999977867, -1.0481006253283156 
15.229999999977844, -1.0474757346088226 
15.23999999997782, -1.0460509008100574 
15.249999999977797, -1.0435256992268258 
15.259999999977774, -1.0397238766251473 
15.26999999997775, -1.0347231339985519 
15.279999999977727, -1.0288637611912173 
15.289999999977704, -1.022567921060809 
15.29999999997768, -1.0161390015296843 
15.309999999977657, -1.0097001551920837 
15.319999999977634, -1.0032481417003685 
15.32999999997761, -0.996734594810387 
15.339999999977588, -0.9901348764069178 
15.349999999977564, -0.9835126806025475 
15.359999999977541, -0.9770928584903054 
15.369999999977518, -0.9713045985327161 
15.379999999977494, -0.9666903374683953 
15.389999999977471, -0.9636290089052482 
15.399999999977448, -0.9620634328329736 
15.409999999977424, -0.9615230977145048 
15.419999999977401, -0.9614059062986312 
15.429999999977378, -0.9612080156374985 
15.439999999977355, -0.9605627654692995 
15.449999999977331, -0.9591903652532585 
15.459999999977308, -0.956889735189814 
15.469999999977285, -0.9536129184823178 
15.479999999977261, -0.9495392049698381 
15.489999999977238, -0.9450189900504211 
15.499999999977215, -0.940400411368997 
15.509999999977191, -0.9358960424365803 
15.519999999977168, -0.9315714475798906 
15.529999999977145, -0.9274063088364253 
15.539999999977121, -0.9233606501211036 
15.549999999977098, -0.9194168785979316 
15.559999999977075, -0.9155971138957233 
15.569999999977052, -0.9119693982886874 
15.579999999977028, -0.9086546178739395 
15.589999999977005, -0.9058248053317891 
15.599999999976982, -0.9036632694743432 
15.609999999976958, -0.9022769784535669 
15.619999999976935, -0.9016135430206402 
15.629999999976912, -0.9014596731907233 
15.639999999976888, -0.9015254101559794 
15.649999999976865, -0.9015399378881931 
15.659999999976842, -0.9013049291534074 
15.669999999976818, -0.9007152812954281 
15.679999999976795, -0.899770253738898 
15.689999999976772, -0.8985653323188533 
15.699999999976749, -0.8972447776822265 
15.709999999976725, -0.8959325355268684 
15.719999999976702, -0.8946854071123569 
15.729999999976679, -0.8934891456674234 
15.739999999976655, -0.8922880961105804 
15.749999999976632, -0.8910300307890899 
15.759999999976609, -0.889706278210447 
15.769999999976585, -0.8883698155869914 
15.779999999976562, -0.8871246348556108 
15.789999999976539, -0.8860918657866244 
15.799999999976515, -0.8853694429006982 
15.809999999976492, -0.8850088024030394 
15.819999999976469, -0.8850195329998352 
15.829999999976446, -0.8853864189421042 
15.839999999976422, -0.8860753014916396 
15.849999999976399, -0.8870256075193289 
15.859999999976376, -0.888149246667903 
15.869999999976352, -0.8893503893488983 
15.879999999976329, -0.8905579999008119 
15.889999999976306, -0.8917503477939078 
15.899999999976282, -0.892955513691039 
15.90999999997626, -0.8942247280012717 
15.919999999976236, -0.8955883891854596 
15.929999999976213, -0.8970124404758367 
15.93999999997619, -0.8983775230077876 
15.949999999976166, -0.8995054798988905 
15.959999999976143, -0.9002342683939055 
15.96999999997612, -0.9004940019687371 
15.979999999976096, -0.9003339320877893 
15.989999999976073, -0.8999101650393252 
15.99999999997605, -0.8994738820588195 
16.009999999976028, -0.8993598152044449 
16.019999999976005, -0.8999293424458685 
16.02999999997598, -0.9014477674766974 
16.039999999975958, -0.9039692755312076 
16.049999999975935, -0.9073367878102596 
16.05999999997591, -0.9112958199669092 
16.069999999975888, -0.915617164430284 
16.079999999975865, -0.9201542943523282 
16.08999999997584, -0.9248444869752627 
16.099999999975818, -0.9296905095527773 
16.109999999975795, -0.9347371093578051 
16.11999999997577, -0.9400316076918381 
16.129999999975748, -0.9455542956653513 
16.139999999975725, -0.9511268783035902 
16.1499999999757, -0.9563625342250381 
16.15999999997568, -0.9607634923632624 
16.169999999975655, -0.9639626028748595 
16.17999999997563, -0.965897273415474 
16.18999999997561, -0.9667609410393494 
16.199999999975585, -0.9668537790623859 
16.20999999997556, -0.9665158559551223 
16.21999999997554, -0.9661839969948953 
16.229999999975515, -0.9664847898287393 
16.239999999975492, -0.9681839048924742 
16.24999999997547, -0.9718588977876867 
16.259999999975445, -0.9775138396798486 
16.269999999975422, -0.9845829317598186 
16.2799999999754, -0.9923324756874331 
16.289999999975375, -1.0002248332332488 
16.299999999975352, -1.0080098951241185 
16.30999999997533, -1.0156443284218197 
16.319999999975305, -1.0231801834879666 
16.329999999975282, -1.0306653785503905 
16.33999999997526, -1.0380419109547891 
16.349999999975235, -1.0450506467729113 
16.359999999975212, -1.0512261236585354 
16.36999999997519, -1.0560778512340927 
16.379999999975166, -1.0593658171118456 
16.389999999975142, -1.061201898173431 
16.39999999997512, -1.0619126298364256 
16.409999999975096, -1.0618768639539413 
16.419999999975072, -1.061498414942822 
16.42999999997505, -1.0612807601936836 
16.439999999975026, -1.0618364980705646 
16.449999999975002, -1.0636604240215677 
16.45999999997498, -1.0667960899584619 
16.469999999974956, -1.0708157132671048 
16.479999999974932, -1.0751636477554354 
16.48999999997491, -1.0794545787154952 
16.499999999974886, -1.0835180108595854 
16.509999999974863, -1.087312305081002 
16.51999999997484, -1.0908502794472985 
16.529999999974816, -1.094164289782868 
16.539999999974793, -1.0972795860612532 
16.54999999997477, -1.1001768196741886 
16.559999999974746, -1.1027593128280482 
16.569999999974723, -1.1048622009933353 
16.5799999999747, -1.106323121538533 
16.589999999974676, -1.107072697304734 
16.599999999974653, -1.1071739718463802 
16.60999999997463, -1.1068039272284922 
16.619999999974606, -1.1062251383930408 
16.629999999974583, -1.1057500213029 
16.63999999997456, -1.1056472509908712 
16.649999999974536, -1.1060161549564298 
16.659999999974513, -1.1067670421923208 
16.66999999997449, -1.1077430685721144 
16.679999999974466, -1.1088343404081022 
16.689999999974443, -1.1099778897772825 
16.69999999997442, -1.1110987240449026 
16.709999999974396, -1.1120903517609262 
16.719999999974373, -1.112851810953957 
16.72999999997435, -1.1133310868110444 
16.739999999974327, -1.1135361904120171 
16.749999999974303, -1.113510495816899 
16.75999999997428, -1.1132910196275323 
16.769999999974257, -1.1128773619568173 
16.779999999974233, -1.1122315289201081 
16.78999999997421, -1.1113089072736029 
16.799999999974187, -1.1101004508249022 
16.809999999974163, -1.1086583285161238 
16.81999999997414, -1.107086124154394 
16.829999999974117, -1.1054954518586093 
16.839999999974093, -1.1039651074093881 
16.84999999997407, -1.102554266717642 
16.859999999974047, -1.1013600839764404 
16.869999999974024, -1.1005267881071468 
16.879999999974, -1.1001450015142513 
16.889999999973977, -1.100131577999586 
16.899999999973954, -1.100236421559922 
16.90999999997393, -1.100158944070954 
16.919999999973907, -1.0996443665873221 
16.929999999973884, -1.0985237534032963 
16.93999999997386, -1.0967405326662714 
16.949999999973837, -1.0943641064527925 
16.959999999973814, -1.0915497751750871 
16.96999999997379, -1.0884533162418173 
16.979999999973767, -1.0851655589627347 
16.989999999973744, -1.0817051247937266 
16.99999999997372, -1.0780511200797016 
17.009999999973697, -1.0741800808199389 
17.019999999973674, -1.0700885885687086 
17.02999999997365, -1.0658145828511683 
17.039999999973627, -1.061488607159324 
17.049999999973604, -1.0574071451609934 
17.05999999997358, -1.0540253272233246 
17.069999999973557, -1.051747625144592 
17.079999999973534, -1.0506230963250534 
17.08999999997351, -1.0502822731011432 
17.099999999973488, -1.0501823743352856 
17.109999999973464, -1.049842013118151 
17.11999999997344, -1.0488818345016773 
17.129999999973418, -1.0469781036047496 
17.139999999973394, -1.0438803760320094 
17.14999999997337, -1.0395272424788713 
17.159999999973348, -1.0341347500580835 
17.169999999973324, -1.0281039591695273 
17.1799999999733, -1.0218069114176493 
17.189999999973278, -1.0154505243418033 
17.199999999973254, -1.0090832961913603 
17.20999999997323, -1.0026700285876267 
17.219999999973208, -0.996166620120438 
17.229999999973185, -0.9895834643014687 
17.23999999997316, -0.9830545782362817 
17.249999999973138, -0.9769066171004805 
17.259999999973115, -0.971651552608731 
17.26999999997309, -0.9677969700920453 
17.279999999973068, -0.9655281492875888 
17.289999999973045, -0.9645560632119293 
17.29999999997302, -0.9643029891815601 
17.309999999972998, -0.96419756774286 
17.319999999972975, -0.9638075265242 
17.32999999997295, -0.9628135424352171 
17.339999999972928, -0.9609671334214122 
17.349999999972905, -0.9581273576796392 
17.35999999997288, -0.9543549488684191 
17.36999999997286, -0.9499346007412932 
17.379999999972835, -0.9452438902998042 
17.38999999997281, -0.9405770068350501 
17.39999999997279, -0.9360707477892418 
17.409999999972765, -0.931739591834682 
17.41999999997274, -0.9275464110849303 
17.42999999997272, -0.9234586287778945 
17.439999999972695, -0.9194773778028716 
17.449999999972672, -0.9156483974429872 
17.45999999997265, -0.9120697513994027 
17.469999999972625, -0.9088979162087844 
17.479999999972602, -0.9063279609062842 
17.48999999997258, -0.904521463886405 
17.499999999972555, -0.9035065671617662 
17.509999999972532, -0.90313139389734 
17.51999999997251, -0.9031189835297748 
17.529999999972485, -0.9031722683111235 
17.539999999972462, -0.9030500853280626 
17.54999999997244, -0.9025980736861501 
17.559999999972415, -0.9017628055103124 
17.569999999972392, -0.900597251442498 
17.57999999997237, -0.8992338798482674 
17.589999999972346, -0.8978197560691671 
17.599999999972322, -0.8964520927012372 
17.6099999999723, -0.8951525367066402 
17.619999999972276, -0.8938829702059085 
17.629999999972252, -0.8925856653189236 
17.63999999997223, -0.8912279968768175 
17.649999999972206, -0.8898323782237403 
17.659999999972182, -0.8884790869715733 
17.66999999997216, -0.8872820957011589 
17.679999999972136, -0.8863501025388606 
17.689999999972112, -0.8857547541373476 
17.69999999997209, -0.8855242875833736 
17.709999999972066, -0.885657335710105 
17.719999999972043, -0.8861331419807907 
17.72999999997202, -0.886905885619505 
17.739999999971996, -0.8878971160599104 
17.749999999971973, -0.8890068936969963 
17.75999999997195, -0.8901446316325676 
17.769999999971926, -0.8912610952560243 
17.779999999971903, -0.89236174542207 
17.78999999997188, -0.8934923249606415 
17.799999999971856, -0.8947011354943317 
17.809999999971833, -0.8959931216030006 
17.81999999997181, -0.8972956865132028 
17.829999999971786, -0.8984596746375058 
17.839999999971763, -0.899311487857369 
17.84999999997174, -0.8997335329798185 
17.859999999971716, -0.8997173684588622 
17.869999999971693, -0.8993674971038678 
17.87999999997167, -0.8988871406591896 
17.889999999971646, -0.8985684918793615 
17.899999999971623, -0.8987598861192151 
17.9099999999716, -0.8997713027835099 
17.919999999971576, -0.9017487964339038 
17.929999999971553, -0.9046212950030794 
17.93999999997153, -0.9081719138648323 
17.949999999971507, -0.9121628272749749 
17.959999999971483, -0.9164181407434351 
17.96999999997146, -0.9208434180412393 
17.979999999971437, -0.9254138764603079 
17.989999999971413, -0.9301562947648373 
17.99999999997139, -0.9351220110525468 
18.009999999971367, -0.9403354811667015 
18.019999999971343, -0.9457125799709696 
18.02999999997132, -0.9509802658773341 
18.039999999971297, -0.9556880263410503 
18.049999999971273, -0.9593847956676562 
18.05999999997125, -0.9618506234967772 
18.069999999971227, -0.9631610844101735 
18.079999999971204, -0.9635691104674871 
18.08999999997118, -0.9633876905032425 
18.099999999971157, -0.9629899586231329 
18.109999999971134, -0.9628979434977027 
18.11999999997111, -0.9638229354804807 
18.129999999971087, -0.9664749970417841 
18.139999999971064, -0.97116213072183 
18.14999999997104, -0.977570932594718 
18.159999999971017, -0.9850087037226973 
18.169999999970994, -0.9928276380375168 
18.17999999997097, -1.0006467744109901 
18.189999999970947, -1.0083364456075916 
18.199999999970924, -1.0159140754038645 
18.2099999999709, -1.0234412159508257 
18.219999999970877, -1.0309253142038413 
18.229999999970854, -1.038214723308492 
18.23999999997083, -1.0449317662325812 
18.249999999970807, -1.0505554371779025 
18.259999999970784, -1.0546822581910118 
18.26999999997076, -1.0572493044579498 
18.279999999970737, -1.0585012416873263 
18.289999999970714, -1.0588062963973468 
18.29999999997069, -1.0585510831546157 
18.309999999970668, -1.0581784080848935 
18.319999999970644, -1.0582605673683276 
18.32999999997062, -1.0594097431646439 
18.339999999970598, -1.0619516434206262 
18.349999999970574, -1.065683064039437 
18.35999999997055, -1.0700548454842864 
18.369999999970528, -1.0745548531632196 
18.379999999970504, -1.0788949839758872 
18.38999999997048, -1.0829736433260557 
18.399999999970458, -1.0867824324100799 
18.409999999970434, -1.0903491422480303 
18.41999999997041, -1.0937081614275608 
18.429999999970388, -1.0968670733636814 
18.439999999970365, -1.0997666621115425 
18.44999999997034, -1.1022641252126382 
18.459999999970318, -1.1041758382560196 
18.469999999970295, -1.1053711780217772 
18.47999999997027, -1.1058463780492507 
18.489999999970248, -1.1057284770953957 
18.499999999970225, -1.1052438329304883 
18.5099999999702, -1.1046920426091975 
18.519999999970178, -1.104391135939306 
18.529999999970155, -1.1045545248467714 
18.53999999997013, -1.1051894421674604 
18.549999999970108, -1.106148564965838 
18.559999999970085, -1.1072761144356766 
18.56999999997006, -1.1084803922087179 
18.57999999997004, -1.1096972457574634 
18.589999999970015, -1.1108392029171785 
18.59999999996999, -1.1118019263185963 
18.60999999996997, -1.112508187248926 
18.619999999969945, -1.1129374709246052 
18.62999999996992, -1.113118659844389 
18.6399999999699, -1.1130943558139164 
18.649999999969875, -1.1128817378213154 
18.659999999969852, -1.1124559627827717 
18.66999999996983, -1.1117674462112261 
18.679999999969805, -1.110782598777411 
18.689999999969782, -1.1095217764017309 
18.69999999996976, -1.10806937257736 
18.709999999969735, -1.1065454723534334 
18.719999999969712, -1.105054312024428 
18.72999999996969, -1.1036593405737718 
18.739999999969665, -1.102421811697257 
18.749999999969642, -1.1014527610965297 
18.75999999996962, -1.1008796661437308 
18.769999999969595, -1.1007238613785741 
18.779999999969572, -1.100825021306552 
18.78999999996955, -1.100904922714296 
18.799999999969526, -1.1006844495982584 
18.809999999969502, -1.0999523158050675 
18.81999999996948, -1.098595320850923 
18.829999999969456, -1.0966203997074717 
18.839999999969432, -1.0941435900660825 
18.84999999996941, -1.0913233062529497 
18.859999999969386, -1.0882804478217571 
18.869999999969362, -1.0850633875454627 
18.87999999996934, -1.0816650554985499 
18.889999999969316, -1.0780609564496593 
18.899999999969292, -1.07423832965315 
18.90999999996927, -1.0702117871943417 
18.919999999969246, -1.066051256007985 
18.929999999969223, -1.0619461721578558 
18.9399999999692, -1.0582604309512536 
18.949999999969176, -1.0554477335133572 
18.959999999969153, -1.0537759222178003 
18.96999999996913, -1.0530969882365853 
18.979999999969106, -1.0529390710216946 
18.989999999969083, -1.0527809041634857 
18.99999999996906, -1.0521978347142389 
19.009999999969036, -1.0508449452809754 
19.019999999969013, -1.0484304879331297 
19.02999999996899, -1.0447846930157803 
19.039999999968966, -1.0399799515917298 
19.049999999968943, -1.0343378208261913 
19.05999999996892, -1.0282583170758606 
19.069999999968896, -1.0220297166345529 
19.079999999968873, -1.0157690551533227 
19.08999999996885, -1.0094723918135788 
19.099999999968826, -1.0030921535431898 
19.109999999968803, -0.9966034077249155 
19.11999999996878, -0.9900675460938725 
19.129999999968756, -0.9837068131339667 
19.139999999968733, -0.9779520133637838 
19.14999999996871, -0.9733547781343441 
19.159999999968687, -0.9703063238174859 
19.169999999968663, -0.9687549037342492 
19.17999999996864, -0.9682261806113299 
19.189999999968617, -0.9681118142352425 
19.199999999968593, -0.9679037921654746 
19.20999999996857, -0.9672315819856063 
19.219999999968547, -0.9658087008518926 
19.229999999968523, -0.963424500119854 
19.2399999999685, -0.9600233064125018 
19.249999999968477, -0.9557851929645753 
19.259999999968453, -0.9510708979560183 
19.26999999996843, -0.9462418652898037 
19.279999999968407, -0.9415202364162212 
19.289999999968384, -0.9369759571323797 
19.29999999996836, -0.932589712388294 
19.309999999968337, -0.9283210061257912 
19.319999999968314, -0.9241515262692905 
19.32999999996829, -0.9201045880077565 
19.339999999968267, -0.9162551099328627 
19.349999999968244, -0.9127398327573509 
19.35999999996822, -0.9097531406734362 
19.369999999968197, -0.9074954233037598 
19.379999999968174, -0.906070912364866 
19.38999999996815, -0.9054025242070262 
19.399999999968127, -0.9052452008017946 
19.409999999968104, -0.9052862958509398 
19.41999999996808, -0.9052446088068429 
19.429999999968057, -0.9049181012707365 
19.439999999968034, -0.904200642527667 
19.44999999996801, -0.9030941306684006 
19.459999999967987, -0.9017021627171167 
19.469999999967964, -0.9001805704624047 
19.47999999996794, -0.8986638087298562 
19.489999999967917, -0.8972158258850712 
19.499999999967894, -0.895827259914095 
19.50999999996787, -0.8944469394278096 
19.519999999967848, -0.8930270242810782 
19.529999999967824, -0.8915617544781776 
19.5399999999678, -0.8901034498942737 
19.549999999967778, -0.8887500770548729 
19.559999999967754, -0.8876117712027085 
19.56999999996773, -0.8867752006251666 
19.579999999967708, -0.8862872618246666 
19.589999999967684, -0.8861624573182005 
19.59999999996766, -0.8863946912600454 
19.609999999967638, -0.8869543555404565 
19.619999999967614, -0.8877765635604765 
19.62999999996759, -0.8887632689500687 
19.639999999967568, -0.8898093900651256 
19.649999999967545, -0.890839144575241 
19.65999999996752, -0.8918306223825446 
19.669999999967498, -0.8928145076251888 
19.679999999967475, -0.8938456180974151 
19.68999999996745, -0.8949585696207972 
19.699999999967428, -0.8961260649322199 
19.709999999967405, -0.8972407002112991 
19.71999999996738, -0.898140855467806 
19.729999999967358, -0.8986797882287656 
19.739999999967335, -0.8987956799623337 
19.74999999996731, -0.8985388044971581 
19.759999999967288, -0.8980633873005026 
19.769999999967265, -0.897615604924207 
19.77999999996724, -0.8975132920166795 
19.78999999996722, -0.898079462367269 
19.799999999967195, -0.8995267565910421 
19.80999999996717, -0.9018704488896068 
19.81999999996715, -0.9049514195290256 
19.829999999967125, -0.9085443006370388 
19.8399999999671, -0.9124561699899946 
19.84999999996708, -0.9165658690416683 
19.859999999967055, -0.9208215104211279 
19.869999999967032, -0.9252270089435812 
19.87999999996701, -0.9298244015573613 
19.889999999966985, -0.9346589122042523 
19.899999999966962, -0.9397142375429434 
19.90999999996694, -0.9448275127995208 
19.919999999966915, -0.9496427365189604 
19.929999999966892, -0.9536985317053259 
19.93999999996687, -0.9566481664954827 
19.949999999966845, -0.9584224170734859 
19.959999999966822, -0.9591924089540113 
19.9699999999668, -0.9592379528715561 
19.979999999966775, -0.9588886949672581 
19.989999999966752, -0.9585774599242022 
19.99999999996673, -0.958920493408623 
20.009999999966706, -0.9606535175392036 
20.019999999966682, -0.9643128463415153 
20.02999999996666, -0.9698841306611159 
20.039999999966636, -0.9768240166329563 
20.049999999966612, -0.9844399008331559 
20.05999999996659, -0.992225060561473 
20.069999999966566, -0.9999425911086254 
20.079999999966542, -1.0075514974326913 
20.08999999996652, -1.0151028095717898 
20.099999999966496, -1.0226431872245723 
20.109999999966472, -1.0301120636389354 
20.11999999996645, -1.037242495674397 
20.129999999966426, -1.0435525590538495 
20.139999999966403, -1.0485300372144484 
20.14999999996638, -1.051918629073881 
20.159999999966356, -1.0538261996515823 
20.169999999966333, -1.0545834857329681 
20.17999999996631, -1.0545734547839924 
20.189999999966286, -1.0541995660480832 
20.199999999966263, -1.0539652187976754 
20.20999999996624, -1.0545006615170749 
20.219999999966216, -1.0563504027025972 
20.229999999966193, -1.0596145070554688 
20.23999999996617, -1.0638784115845876 
20.249999999966146, -1.0685497122951824 
20.259999999966123, -1.073194668065711 
20.2699999999661, -1.0776126966169188 
20.279999999966076, -1.0817535647451542 
20.289999999966053, -1.0856330431523442 
20.29999999996603, -1.0892884605411581 
20.309999999966006, -1.092746799377721 
20.319999999965983, -1.0959842762336305 
20.32999999996596, -1.0988917218683516 
20.339999999965936, -1.101285422274229 
20.349999999965913, -1.1029857261334732 
20.35999999996589, -1.1039165269049669 
20.369999999965867, -1.1041452472929372 
20.379999999965843, -1.1038571467707061 
20.38999999996582, -1.1033235227916804 
20.399999999965797, -1.1028739452139456 
20.409999999965773, -1.1028116382143918 
20.41999999996575, -1.103273817991641 
20.429999999965727, -1.1041805234822015 
20.439999999965703, -1.105349300342806 
20.44999999996568, -1.106635471778933 
20.459999999965657, -1.1079587018688726 
20.469999999965633, -1.1092484759288863 
20.47999999996561, -1.1104119514170852 
20.489999999965587, -1.1113587171485286 
20.499999999965564, -1.1120406843228083 
20.50999999996554, -1.1124643858020926 
20.519999999965517, -1.1126681155570919 
20.529999999965494, -1.1126818239170533 
20.53999999996547, -1.112497226057541 
20.549999999965447, -1.112068576308542 
20.559999999965424, -1.1113451549566293 
20.5699999999654, -1.1103153449544605 
20.579999999965377, -1.1090340754560781 
20.589999999965354, -1.1076148706052529 
20.59999999996533, -1.1061851554601412 
20.609999999965307, -1.1048347167713923 
20.619999999965284, -1.1036135102791915 
20.62999999996526, -1.1025876510103165 
20.639999999965237, -1.1018705408116332 
20.649999999965214, -1.1015512653918378 
20.65999999996519, -1.1015776121207008 
20.669999999965167, -1.101735919127841 
20.679999999965144, -1.1017472467531941 
20.68999999996512, -1.101367240034512 
20.699999999965097, -1.1004344625063578 
20.709999999965074, -1.0988956755808916 
20.71999999996505, -1.0968136662466272 
20.729999999965028, -1.0943276294584625 
20.739999999965004, -1.0915756103856955 
20.74999999996498, -1.0886361445897559 
20.759999999964958, -1.0855227252831576 
20.769999999964934, -1.0822152976737454 
20.77999999996491, -1.0786955391495607 
20.789999999964888, -1.074965876251237 
20.799999999964864, -1.071062025516731 
20.80999999996484, -1.067091790447623 
20.819999999964818, -1.0633042425613448 
20.829999999964794, -1.0601041889152012 
20.83999999996477, -1.0578867807549373 
20.849999999964748, -1.0567494663759849 
20.859999999964725, -1.056386829804015 
20.8699999999647, -1.056291213285315 
20.879999999964678, -1.0559890902550721 
20.889999999964655, -1.055103624601354 
20.89999999996463, -1.053319455351675 
20.909999999964608, -1.0503969653017344 
20.919999999964585, -1.0462760638493864 
20.92999999996456, -1.041156045421601 
20.939999999964538, -1.0354096961358825 
20.949999999964515, -1.0293845353412248 
20.95999999996449, -1.023274621827981 
20.969999999964468, -1.0171250277938984 
20.979999999964445, -1.0109012085156508 
20.98999999996442, -1.0045595818680797 
20.9999999999644, -0.9981084846824293 
21.009999999964375, -0.9916774327146605 
21.01999999996435, -0.9855903868784898 
21.02999999996433, -0.980365233347341 
21.039999999964305, -0.9765251630527153 
21.04999999996428, -0.9742699160090071 
21.05999999996426, -0.9733125979451129 
21.069999999964235, -0.9730684060130358 
21.079999999964212, -0.9729589195817583 
21.08999999996419, -0.9725468075471075 
21.099999999964165, -0.9715058565838266 
21.109999999964142, -0.9695761388759687 
21.11999999996412, -0.96660348576142 
21.129999999964095, -0.9626421714458905 
21.139999999964072, -0.9579840418723661 
21.14999999996405, -0.9530235981902614 
21.159999999964025, -0.9480712583583925 
21.169999999964002, -0.9432733086999893 
21.17999999996398, -0.9386475875872884 
21.189999999963955, -0.9341569664098444 
21.199999999963932, -0.929767681543926 
21.20999999996391, -0.9254808203664628 
21.219999999963886, -0.921347476663622 
21.229999999963862, -0.9174818842735171 
21.23999999996384, -0.9140685003417344 
21.249999999963816, -0.9113316135937068 
21.259999999963792, -0.9094428546033827 
21.26999999996377, -0.9084086131933281 
21.279999999963746, -0.9080350603156224 
21.289999999963722, -0.9080078300114061 
21.2999999999637, -0.9080095265277665 
21.309999999963676, -0.9077911518892046 
21.319999999963652, -0.9071951186626688 
21.32999999996363, -0.9061680627621029 
21.339999999963606, -0.9047697021155552 
21.349999999963583, -0.9031464441435247 
21.35999999996356, -0.9014612320794673 
21.369999999963536, -0.8998235346332297 
21.379999999963513, -0.8982628032319175 
21.38999999996349, -0.8967466922666871 
21.399999999963466, -0.895222922672793 
21.409999999963443, -0.8936633046108277 
21.41999999996342, -0.892091374910515 
21.429999999963396, -0.8905827089264176 
21.439999999963373, -0.8892399580245733 
21.44999999996335, -0.8881576857008691 
21.459999999963326, -0.8873988885750472 
21.469999999963303, -0.886994756933382 
21.47999999996328, -0.8869552433890362 
21.489999999963256, -0.8872684458107164 
21.499999999963233, -0.8878863228762336 
21.50999999996321, -0.888718165138692 
21.519999999963186, -0.8896498202702879 
21.529999999963163, -0.8905814485514261 
21.53999999996314, -0.8914612387483223 
21.549999999963116, -0.8922970127882373 
21.559999999963093, -0.893139229253969 
21.56999999996307, -0.8940415782756634 
21.579999999963047, -0.895015853636884 
21.589999999963023, -0.8960009083063822 
21.599999999963, -0.896865471946579 
21.609999999962977, -0.8974562536304678 
21.619999999962953, -0.8976702910513099 
21.62999999996293, -0.8975042929948206 
21.639999999962907, -0.8970618592783766 
21.649999999962883, -0.8965420808589958 
21.65999999996286, -0.8962234534991032 
21.669999999962837, -0.8964182978842933 
21.679999999962813, -0.897377109868566 
21.68999999996279, -0.8991885374985294 
21.699999999962767, -0.9017605195953807 
21.709999999962744, -0.9048989825854583 
21.71999999996272, -0.9084092061159821 
21.729999999962697, -0.9121518077448634 
21.739999999962674, -0.9160513642629858 
21.74999999996265, -0.9200877459400779 
21.759999999962627, -0.9242853457010554 
21.769999999962604, -0.9286918997851329 
21.77999999996258, -0.9333320412551542 
21.789999999962557, -0.938132587231312 
21.799999999962534, -0.9428495798919114 
21.80999999996251, -0.9470770621843396 
21.819999999962487, -0.9504026171201099 
21.829999999962464, -0.95261511854894 
21.83999999996244, -0.9537699245388389 
21.849999999962417, -0.954091897715448 
21.859999999962394, -0.9538750594683044 
21.86999999996237, -0.9534849352741853 
21.879999999962347, -0.9534360622521261 
21.889999999962324, -0.9544130851651215 
21.8999999999623, -0.9570743499989895 
21.909999999962277, -0.9616829141591143 
21.919999999962254, -0.967928903092232 
21.92999999996223, -0.9751668125937485 
21.939999999962208, -0.9827995374114791 
21.949999999962184, -0.9904753916617945 
21.95999999996216, -0.9980741890537532 
21.969999999962138, -1.005613727875589 
21.979999999962114, -1.013154192855752 
21.98999999996209, -1.0207016247480747 
21.999999999962068, -1.0280999718636912 
22.009999999962044, -1.0349586230999885 
22.01999999996202, -1.0407330751164945 
22.029999999961998, -1.0449942076226204 
22.039999999961974, -1.0476644320729656 
22.04999999996195, -1.048987730053971 
22.059999999961928, -1.049337333472617 
22.069999999961905, -1.0491016352163096 
22.07999999996188, -1.0487206134853992 
22.089999999961858, -1.0487723421068083 
22.099999999961835, -1.0499093268238104 
22.10999999996181, -1.0525332530643394 
22.119999999961788, -1.0564966928461335 
22.129999999961765, -1.0612365471786476 
22.13999999996174, -1.0661803301614006 
22.149999999961718, -1.0709850886734722 
22.159999999961695, -1.075522996856322 
22.16999999996167, -1.0797822624804447 
22.179999999961648, -1.0837963795121568 
22.189999999961625, -1.087604684305996 
22.1999999999616, -1.0912136456447012 
22.20999999996158, -1.094553246312275 
22.219999999961555, -1.0974591001253564 
22.22999999996153, -1.099721538776654 
22.23999999996151, -1.1011926018157003 
22.249999999961485, -1.1018677552244973 
22.25999999996146, -1.101884013452787 
22.26999999996144, -1.1014785550877155 
22.279999999961415, -1.1009644695822405 
22.289999999961392, -1.1006911513334898 
22.29999999996137, -1.1009244368866213 
22.309999999961345, -1.101711839752087 
22.319999999961322, -1.1028986850970224 
22.3299999999613, -1.1042856084633819 
22.339999999961275, -1.1057414746532161 
22.349999999961252, -1.107190954855297 
22.35999999996123, -1.1085581643503484 
22.369999999961205, -1.1097548761433818 
22.379999999961182, -1.110713319966338 
22.38999999996116, -1.1114145753025306 
22.399999999961135, -1.1118834512580897 
22.409999999961112, -1.1121550134855507 
22.41999999996109, -1.1122370497923382 
22.429999999961066, -1.1120945220673248 
22.439999999961042, -1.1116683860510803 
22.44999999996102, -1.1109187949136736 
22.459999999960996, -1.1098653963947995 
22.469999999960972, -1.108599723238597 
22.47999999996095, -1.1072587629389385 
22.489999999960926, -1.1059679029744538 
22.499999999960902, -1.1047977404465112 
22.50999999996088, -1.1037868334779308 
22.519999999960856, -1.1030037410397568 
22.529999999960832, -1.1025489755139977 
22.53999999996081, -1.1024595497391718 
22.549999999960786, -1.1026195411980584 
22.559999999960763, -1.1027887751481067 
22.56999999996074, -1.1027075038011955 
22.579999999960716, -1.1021746292435535 
22.589999999960693, -1.1010835022290713 
22.59999999996067, -1.099439025660344 
22.609999999960646, -1.097342722464736 
22.619999999960623, -1.0949317053716738 
22.6299999999606, -1.0923085488765811 
22.639999999960576, -1.0895112571908694 
22.649999999960553, -1.0865301304473811 
22.65999999996053, -1.083344287521962 
22.669999999960506, -1.0799486946211438 
22.679999999960483, -1.0763632604292919 
22.68999999996046, -1.0726470003427913 
22.699999999960436, -1.0689483139574691 
22.709999999960413, -1.065565978123421 
22.71999999996039, -1.0629067382206223 
22.729999999960366, -1.0612590402586346 
22.739999999960343, -1.0605515194339676 
22.74999999996032, -1.060379745919122 
22.759999999960296, -1.0602487096692017 
22.769999999960273, -1.0597381559558159 
22.77999999996025, -1.0585095309765395 
22.789999999960227, -1.0562845118503696 
22.799999999960203, -1.0529030089377311 
22.80999999996018, -1.0484280926675547 
22.819999999960157, -1.0431509871850118 
22.829999999960133, -1.0374365737731939 
22.83999999996011, -1.0315494923417754 
22.849999999960087, -1.0255974259465277 
22.859999999960063, -1.0195755976832743 
22.86999999996004, -1.013437822416129 
22.879999999960017, -1.007158284768548 
22.889999999959993, -1.000792848427849 
22.89999999995997, -0.9945553905274822 
22.909999999959947, -0.988873426581967 
22.919999999959924, -0.9843093979597853 
22.9299999999599, -0.9812763942422114 
22.939999999959877, -0.9797386046030448 
22.949999999959854, -0.9792219638732572 
22.95999999995983, -0.9791104396771203 
22.969999999959807, -0.9788889810506461 
22.979999999959784, -0.9781800194575416 
22.98999999995976, -0.9766856629147629 
22.999999999959737, -0.9741787389529426 
23.009999999959714, -0.9705888500181912 
23.01999999995969, -0.9660944524468249 
23.029999999959667, -0.961071137812368 
23.039999999959644, -0.955901742804141 
23.04999999995962, -0.9508246755331615 
23.059999999959597, -0.9459176146564113 
23.069999999959574, -0.9411629542539078 
23.07999999995955, -0.9365190907141974 
23.089999999959527, -0.9319665964187103 
23.099999999959504, -0.9275320609958702 
23.10999999995948, -0.9233049437308732 
23.119999999959457, -0.9194527174726963 
23.129999999959434, -0.9162101540984553 
23.13999999995941, -0.9138049023139834 
23.149999999959388, -0.9123308582219283 
23.159999999959364, -0.911664202751181 
23.16999999995934, -0.9115060924706555 
23.179999999959318, -0.911508788915735 
23.189999999959294, -0.911376092674019 
23.19999999995927, -0.9108998606026237 
23.209999999959248, -0.9099708014562158 
23.219999999959224, -0.9085938302138361 
23.2299999999592, -0.9068860131752304 
23.239999999959178, -0.9050238018589243 
23.249999999959154, -0.9031608480098259 
23.25999999995913, -0.9013740149816656 
23.269999999959108, -0.8996620133147998 
23.279999999959085, -0.8979801037130397 
23.28999999995906, -0.8962860988473651 
23.299999999959038, -0.8945772198291122 
23.309999999959015, -0.8929030866207521 
23.31999999995899, -0.8913513716044459 
23.329999999958968, -0.8900167507330374 
23.339999999958945, -0.8889737114145818 
23.34999999995892, -0.8882693132280339 
23.359999999958898, -0.8879305647842102 
23.369999999958875, -0.8879648398319997 
23.37999999995885, -0.8883438617861625 
23.389999999958828, -0.8889890881772404 
23.399999999958805, -0.8897825660493878 
23.40999999995878, -0.890603689578375 
23.41999999995876, -0.8913699932700379 
23.429999999958735, -0.8920605488574163 
23.43999999995871, -0.892711567111153 
23.44999999995869, -0.8933849966378364 
23.459999999958665, -0.8941231996497422 
23.46999999995864, -0.8949095619450109 
23.47999999995862, -0.8956538765978568 
23.489999999958595, -0.8962175004146415 
23.499999999958572, -0.896474874268611 
23.50999999995855, -0.8963758472387203 
23.519999999958525, -0.8959729255365596 
23.529999999958502, -0.8954173938365155 
23.53999999995848, -0.8949446970317627 
23.549999999958455, -0.8948413469808244 
23.559999999958432, -0.8953699813074893 
23.56999999995841, -0.8966719012200413 
23.579999999958385, -0.898719896060299 
23.589999999958362, -0.9013638130841832 
23.59999999995834, -0.9044223815003996 
23.609999999958315, -0.9077490134353194 
23.619999999958292, -0.9112510894142979 
23.62999999995827, -0.9148864249762235 
23.639999999958246, -0.9186577511614216 
23.649999999958222, -0.9226025496539398 
23.6599999999582, -0.9267633953953401 
23.669999999958176, -0.9311296388297892 
23.679999999958152, -0.935561662214959 
23.68999999995813, -0.9397492876612997 
23.699999999958106, -0.9432855341059888 
23.709999999958082, -0.9458554455087395 
23.71999999995806, -0.9473822913052837 
23.729999999958036, -0.9480062174445401 
23.739999999958012, -0.9479783092251413 
23.74999999995799, -0.9476135696423909 
23.759999999957966, -0.9473379005551517 
23.769999999957943, -0.9477468691424988 
23.77999999995792, -0.9495211118543493 
23.789999999957896, -0.953124198664948 
23.799999999957873, -0.9585091146601625 
23.80999999995785, -0.9651694063544412 
23.819999999957826, -0.9724826814885311 
23.829999999957803, -0.9799975501345898 
23.83999999995778, -0.9875029251573995 
23.849999999957756, -0.9949639504653909 
23.859999999957733, -1.0024307975668105 
23.86999999995771, -1.009948884305636 
23.879999999957686, -1.017456278366082 
23.889999999957663, -1.024679758703658 
23.89999999995764, -1.0311198063436329 
23.909999999957616, -1.0362360073104424 
23.919999999957593, -1.0397458657153797 
23.92999999995757, -1.041745170255715 
23.939999999957546, -1.042565060004238 
23.949999999957523, -1.0425911259634821 
23.9599999999575, -1.0422242641348238 
23.969999999957476, -1.0419645232545913 
23.979999999957453, -1.0424623833592763 
23.98999999995743, -1.0443332208016396 
23.999999999957407, -1.0477706334684964 
24.009999999957383, -1.052396399986368 
24.01999999995736, -1.0575711138738584 
24.029999999957337, -1.0627843195621653 
24.039999999957313, -1.0677818614343677 
24.04999999995729, -1.0724942313023607 
24.059999999957267, -1.0769388647778668 
24.069999999957243, -1.081160306698261 
24.07999999995722, -1.0851887075409399 
24.089999999957197, -1.0889934334621207 
24.099999999957173, -1.0924442890453205 
24.10999999995715, -1.095324667438764 
24.119999999957127, -1.0974240718369106 
24.129999999957104, -1.0986542179710956 
24.13999999995708, -1.0990905953478607 
24.149999999957057, -1.0989333817830471 
24.159999999957034, -1.0984669737479824 
24.16999999995701, -1.0980436515977288 
24.179999999956987, -1.0980191162596387 
24.189999999956964, -1.0985999761858307 
24.19999999995694, -1.0997385825253032 
24.209999999956917, -1.101220860579919 
24.219999999956894, -1.102842526329603 
24.22999999995687, -1.1044843579982782 
24.239999999956847, -1.1060730110052968 
24.249999999956824, -1.1075328563589273 
24.2599999999568, -1.1087899573611906 
24.269999999956777, -1.1098034488704296 
24.279999999956754, -1.1105786543856726 
24.28999999995673, -1.1111470749635994 
24.299999999956707, -1.111528510974029 
24.309999999956684, -1.1117024401387643 
24.31999999995666, -1.1116101722312757 
24.329999999956637, -1.1111902058034908 
24.339999999956614, -1.1104256796726317 
24.34999999995659, -1.1093743032730967 
24.359999999956568, -1.1081634412858343 
24.369999999956544, -1.106946324548288 
24.37999999995652, -1.105837683526818 
24.389999999956498, -1.1048858767719503 
24.399999999956474, -1.104118413770917 
24.40999999995645, -1.1035993694514967 
24.419999999956428, -1.103402436577358 
24.429999999956404, -1.1035098490015876 
24.43999999995638, -1.1037606395826889 
24.449999999956358, -1.10391190766016 
24.459999999956334, -1.1037364049759983 
24.46999999995631, -1.103082137361833 
24.479999999956288, -1.1018985828446406 
24.489999999956265, -1.1002384774300151 
24.49999999995624, -1.098219198400097 
24.509999999956218, -1.095955139414575 
24.519999999956195, -1.0935080936070158 
24.52999999995617, -1.0908838533457832 
24.539999999956148, -1.0880625453091066 
24.549999999956125, -1.0850327214530027 
24.5599999999561, -1.0818069374302912 
24.569999999956078, -1.0784229932291087 
24.579999999956055, -1.0749636749010534 
24.58999999995603, -1.0716149064517206 
24.599999999956008, -1.0687042286974433 
24.609999999955985, -1.0665981270466864 
24.61999999995596, -1.0654524251807627 
24.62999999995594, -1.065058264930506 
24.639999999955915, -1.0649695378837625 
24.64999999995589, -1.0647301460342204 
24.65999999995587, -1.063968369841218 
24.669999999955845, -1.0623817485709415 
24.67999999995582, -1.059747603584843 
24.6899999999558, -1.0560084685851625 
24.699999999955775, -1.0513385188269564 
24.709999999955752, -1.046067429069205 
24.71999999995573, -1.0405049362743577 
24.729999999955705, -1.0348250850800826 
24.739999999955682, -1.0290676898044362 
24.74999999995566, -1.0231996182610061 
24.759999999955635, -1.0171784446561896 
24.769999999955612, -1.0110081518881344 
24.77999999995559, -1.0048060396374914 
24.789999999955565, -0.9988808427837877 
24.799999999955542, -0.9937460048639929 
24.80999999995552, -0.989942518649646 
24.819999999955495, -0.987700600113724 
24.829999999955472, -0.9867527285946981 
24.83999999995545, -0.9865147448204411 
24.849999999955426, -0.9864008843988058 
24.859999999955402, -0.9859658728058586 
24.86999999995538, -0.9848729488218932 
24.879999999955356, -0.9828454183353376 
24.889999999955332, -0.9797085865932991 
24.89999999995531, -0.9755036371019317 
24.909999999955286, -0.9705278651316138 
24.919999999955262, -0.9651967630896113 
24.92999999995524, -0.9598430850415832 
24.939999999955216, -0.9546270314982488 
24.949999999955192, -0.9495715871543698 
24.95999999995517, -0.9446395681717862 
24.969999999955146, -0.9397955086466776 
24.979999999955123, -0.9350416329410098 
24.9899999999551, -0.9304405988944324 
24.999999999955076, -0.9261370635350776 
