t, s[1].omega / s[0].omega 
0, -0.21997028878994218 
0.009999999999999995, -0.21762375306453202 
0.019999999999999934, -0.21627680416280634 
0.029999999999999874, -0.21563800816480874 
0.04000000000000012, -0.21546570707682927 
0.050000000000000405, -0.21553900903818626 
0.06000000000000069, -0.21566076826486894 
0.07000000000000098, -0.2156784147500815 
0.08000000000000126, -0.2154929343335187 
0.09000000000000155, -0.21504252228747323 
0.10000000000000184, -0.21426653879368715 
0.11000000000000212, -0.2130484453033063 
0.12000000000000241, -0.2110885171989226 
0.130000000000002, -0.20747859408567945 
0.1400000000000009, -0.19888974676416968 
0.1499999999999998, -0.17054886624563464 
0.1599999999999987, -0.053417246892239936 
0.1699999999999976, 0.29513905421768427 
0.1799999999999965, 0.589943601419846 
0.1899999999999954, 0.6749074200433273 
0.1999999999999943, 0.6972994575756196 
0.2099999999999932, 0.7043953369633249 
0.2199999999999921, 0.7066784681356355 
0.229999999999991, 0.7067882801472871 
0.2399999999999899, 0.7052504474335132 
0.2499999999999888, 0.7016977264375175 
0.2599999999999877, 0.6952643317135069 
0.2699999999999866, 0.6853986921993804 
0.2799999999999855, 0.6735187039891175 
0.2899999999999844, 0.6631649210708235 
0.2999999999999833, 0.6567175036603122 
0.3099999999999822, 0.6536888707880651 
0.3199999999999811, 0.6525392585612347 
0.32999999999998, 0.6521199486612762 
0.3399999999999789, 0.6517839718707215 
0.3499999999999778, 0.6510979965455187 
0.35999999999997667, 0.6495245515824197 
0.36999999999997557, 0.6458773672887433 
0.37999999999997447, 0.6364898084195472 
0.38999999999997337, 0.6057028656371397 
0.39999999999997227, 0.44465355523817934 
0.40999999999997117, -0.899659407011856 
0.41999999999997006, -2.411152359139538 
0.42999999999996896, -2.5963185612779647 
0.43999999999996786, -2.6273196057521764 
0.44999999999996676, -2.634779866254171 
0.45999999999996566, -2.636361380934918 
0.46999999999996456, -2.6357869610985434 
0.47999999999996346, -2.633862659194125 
0.48999999999996235, -2.629656949962341 
0.49999999999996125, -2.6217204081134016 
0.5099999999999602, -2.616814914789935 
0.519999999999959, -2.618361988180859 
0.529999999999958, -2.6187515910547323 
0.5399999999999568, -2.615797066775724 
0.5499999999999557, -2.609412897538499 
0.5599999999999546, -2.6206992574586927 
0.5699999999999535, -2.6411482701897677 
0.5799999999999524, -2.649635364420494 
0.5899999999999513, -2.652499976504591 
0.5999999999999502, -2.6530836054784013 
0.6099999999999491, -2.6517737054714834 
0.619999999999948, -2.647298558035849 
0.6299999999999469, -2.6344995279692287 
0.6399999999999458, -2.5881347580513197 
0.6499999999999447, -2.293217772507007 
0.6599999999999436, -0.6595000374341536 
0.6699999999999425, 0.19351066721299776 
0.6799999999999414, 0.3435292281665114 
0.6899999999999403, 0.3810907344410261 
0.6999999999999392, 0.39396876202198344 
0.7099999999999381, 0.3991618684039818 
0.719999999999937, 0.4012218795199474 
0.7299999999999359, 0.40158801745539696 
0.7399999999999348, 0.4005962155497837 
0.7499999999999337, 0.39786223340804966 
0.7599999999999326, 0.39186426065489777 
0.7699999999999315, 0.37789453990377064 
0.7799999999999304, 0.33910359883775787 
0.7899999999999293, 0.19855038165103622 
0.7999999999999282, -0.47324242145679607 
0.8099999999999271, -3.072499851784376 
0.819999999999926, -3.447069312153215 
0.8299999999999249, -3.4699287749541825 
0.8399999999999238, -3.473680362776588 
0.8499999999999227, -3.4733021748068156 
0.8599999999999216, -3.469334240573832 
0.8699999999999205, -3.450940897044572 
0.8799999999999194, -3.2744946073842556 
0.8899999999999183, -3.1517686859801404 
0.8999999999999172, -3.2112236926164512 
0.9099999999999161, -3.2169572326408287 
0.919999999999915, -3.216914879030842 
0.9299999999999139, -3.2164868636844615 
0.9399999999999128, -3.216029893513105 
0.9499999999999117, -3.2146677407342095 
0.9599999999999106, -3.2141665249489586 
0.9699999999999095, -3.213003391189588 
0.9799999999999084, -3.204307009139461 
0.9899999999999073, -3.16479699219071 
0.9999999999999062, -3.2687243528236976 
1.0099999999999052, -3.3120832871813044 
1.019999999999904, -3.3192781409457717 
1.029999999999903, -3.320461027744327 
1.039999999999902, -3.3188062191401015 
1.0499999999999008, -3.3116377342043313 
1.0599999999998997, -3.273909703637208 
1.0699999999998986, -2.5932493056520602 
1.0799999999998975, 0.7193675063864784 
1.0899999999998964, 1.0361692969718839 
1.0999999999998953, 1.0694000281386948 
1.1099999999998942, 1.0766735649623154 
1.119999999999893, 1.0786160565987921 
1.129999999999892, 1.0788778672582597 
1.1399999999998909, 1.0785910253062916 
1.1499999999998898, 1.0785910347528478 
1.1599999999998887, 1.0800055939913267 
1.1699999999998876, 1.083795007056645 
1.1799999999998865, 1.0893223553701306 
1.1899999999998854, 1.0945114592540055 
1.1999999999998843, 1.0980060540387457 
1.2099999999998832, 1.0997548071917906 
1.219999999999882, 1.1000753451336451 
1.229999999999881, 1.0988524406702216 
1.2399999999998799, 1.094436074018462 
1.2499999999998788, 1.0776039483986035 
1.2599999999998777, 0.9602890691325936 
1.2699999999998766, -1.1176353039377664 
1.2799999999998755, -2.75814131322725 
1.2899999999998744, -2.8433049337072167 
1.2999999999998733, -2.854017265871482 
1.3099999999998722, -2.8556016256092702 
1.319999999999871, -2.854992248613489 
1.32999999999987, -2.853365382873709 
1.3399999999998689, -2.8497661601880058 
1.3499999999998678, -2.8449247475497335 
1.3599999999998666, -2.844511910027726 
1.3699999999998655, -2.845000737115762 
1.3799999999998644, -2.8423393959400753 
1.3899999999998633, -2.8338368783060672 
1.3999999999998622, -2.8449449742050357 
1.4099999999998611, -2.8696689234115653 
1.41999999999986, -2.8782444556542073 
1.429999999999859, -2.88067285006425 
1.4399999999998578, -2.8807371561211434 
1.4499999999998567, -2.8783920231385345 
1.4599999999998556, -2.8704324034289845 
1.4699999999998545, -2.8395364849256755 
1.4799999999998534, -2.6138669331893003 
1.4899999999998523, -0.34816109623361047 
1.4999999999998512, 0.685448771354624 
1.5099999999998501, 0.7818301909177927 
1.519999999999849, 0.8007233024591676 
1.529999999999848, 0.8062637026990161 
1.5399999999998468, 0.8080202281664824 
1.5499999999998457, 0.8083044633770149 
1.5599999999998446, 0.8079091050711394 
1.5699999999998435, 0.807368007718488 
1.5799999999998424, 0.8076411584187481 
1.5899999999998413, 0.8108497425900831 
1.5999999999998402, 0.8197945277635798 
1.6099999999998391, 0.8338167233787823 
1.619999999999838, 0.8471446675295271 
1.629999999999837, 0.8558419776649491 
1.6399999999998358, 0.8603205282892897 
1.6499999999998347, 0.8620954419897732 
1.6599999999998336, 0.8620126424468484 
1.6699999999998325, 0.8598467354529242 
1.6799999999998314, 0.8531494734226863 
1.6899999999998303, 0.8302018218802442 
1.6999999999998292, 0.7166977890120558 
1.709999999999828, 0.09495286855485505 
1.719999999999827, -0.6523501554728873 
1.729999999999826, -0.8727539723408 
1.7399999999998248, -0.9354911078688428 
1.7499999999998237, -0.9570461896588764 
1.7599999999998226, -0.9653903047471577 
1.7699999999998215, -0.9686288140944896 
1.7799999999998204, -0.9693761996744661 
1.7899999999998193, -0.9682830045073414 
1.7999999999998182, -0.9647802186248026 
1.809999999999817, -0.9564189174200584 
1.819999999999816, -0.9355691394806162 
1.8299999999998149, -0.8760324053639706 
1.8399999999998138, -0.671744621095548 
1.8499999999998127, -0.004110280278707243 
1.8599999999998116, 0.602913124920918 
1.8699999999998105, 0.7311647545100157 
1.8799999999998094, 0.7579550558361258 
1.8899999999998083, 0.7656103510682342 
1.8999999999998072, 0.7679684245891344 
1.909999999999806, 0.7681095591166291 
1.919999999999805, 0.766663630824575 
1.9299999999998039, 0.7633785962353496 
1.9399999999998028, 0.7576374047575469 
1.9499999999998017, 0.7492624391149398 
1.9599999999998006, 0.7397222250636037 
1.9699999999997995, 0.731792093241949 
1.9799999999997984, 0.7270189586985968 
1.9899999999997973, 0.7248453518886031 
1.9999999999997962, 0.7240442350524924 
2.0099999999998173, 0.723702625385586 
2.0199999999998384, 0.7232560220903663 
2.0299999999998595, 0.7222135837330189 
2.0399999999998806, 0.7197311652901235 
2.0499999999999017, 0.7134526494467436 
2.059999999999923, 0.6941316523761676 
2.069999999999944, 0.6046096317251289 
2.079999999999965, -0.21945995429357795 
2.089999999999986, -2.349112746294069 
2.100000000000007, -2.659472779224056 
2.1100000000000283, -2.702110694926936 
2.1200000000000494, -2.7117919458534328 
2.1300000000000705, -2.7140285056528866 
2.1400000000000916, -2.7136754789175406 
2.1500000000001127, -2.71174702314395 
2.160000000000134, -2.7072350109530334 
2.170000000000155, -2.6974008999004297 
2.180000000000176, -2.689517665609933 
2.190000000000197, -2.6916359331833526 
2.2000000000002182, -2.692787624582046 
2.2100000000002393, -2.6907598103992503 
2.2200000000002604, -2.686651143114591 
2.2300000000002815, -2.6940334918999005 
2.2400000000003026, -2.706213622460332 
2.2500000000003237, -2.7113612760023624 
2.260000000000345, -2.7130083327405043 
2.270000000000366, -2.712908660043595 
2.280000000000387, -2.710580700622258 
2.290000000000408, -2.7028430218221553 
2.3000000000004293, -2.674980095298603 
2.3100000000004504, -2.5192733075228575 
2.3200000000004715, -1.05351430457532 
2.3300000000004926, 0.4851087703339799 
2.3400000000005137, 0.6562896170516715 
2.3500000000005348, 0.686803098966996 
2.360000000000556, 0.6955206440731675 
2.370000000000577, 0.6985261350260399 
2.380000000000598, 0.6994609001574937 
2.390000000000619, 0.6994632228218677 
2.4000000000006403, 0.699039963448541 
2.4100000000006614, 0.6986844586467839 
2.4200000000006825, 0.6994314374571138 
2.4300000000007036, 0.7035824631040786 
2.4400000000007247, 0.7142445044956661 
2.450000000000746, 0.7308764834362228 
2.460000000000767, 0.746928543096084 
2.470000000000788, 0.7575580922110221 
2.480000000000809, 0.7631382556443765 
2.49000000000083, 0.765533814450957 
2.5000000000008513, 0.7659105783172574 
2.5100000000008724, 0.7644161510516484 
2.5200000000008935, 0.7597031247149578 
2.5300000000009146, 0.7460429493153977 
2.5400000000009357, 0.6983217971324817 
2.550000000000957, 0.5112398270198761 
2.560000000000978, 0.15048916487515418 
2.570000000000999, -0.011673159161910017 
2.58000000000102, -0.042019987383826875 
2.5900000000010412, -0.04641911071198163 
2.6000000000010624, -0.04671683596291888 
2.6100000000010835, -0.046485437972818386 
2.6200000000011046, -0.04626721846134634 
2.6300000000011257, -0.04611308195626062 
2.6400000000011468, -0.04601495707501304 
2.650000000001168, -0.04598498195875902 
2.660000000001189, -0.04607666961127215 
2.67000000000121, -0.04640074777524743 
2.680000000001231, -0.047147341747635726 
2.6900000000012523, -0.04862826422125933 
2.7000000000012734, -0.05137541373791107 
2.7100000000012945, -0.05637867220485674 
2.7200000000013156, -0.06565250565951751 
2.7300000000013367, -0.08353928106445734 
2.740000000001358, -0.11919556745788437 
2.750000000001379, -0.18741798244692 
2.7600000000014, -0.2915157980883042 
2.770000000001421, -0.3936683138031645 
2.780000000001442, -0.4571929337668605 
2.7900000000014633, -0.48784736738759094 
2.8000000000014844, -0.5017748293879869 
2.8100000000015055, -0.5081876860461663 
2.8200000000015266, -0.5110642454834726 
2.8300000000015477, -0.5120018036338971 
2.840000000001569, -0.5115357913579744 
2.85000000000159, -0.5096029638014601 
2.860000000001611, -0.5056285619593358 
2.870000000001632, -0.4985060535192562 
2.8800000000016532, -0.4868670282652925 
2.8900000000016743, -0.4702269165892261 
2.9000000000016954, -0.4505371533169759 
2.9100000000017165, -0.43161767179059884 
2.9200000000017377, -0.41630147804539785 
2.9300000000017588, -0.4051271979984432 
2.94000000000178, -0.397319882187394 
2.950000000001801, -0.39189365254653946 
2.960000000001822, -0.3880702764647238 
2.970000000001843, -0.3853142134048274 
2.9800000000018643, -0.3832740511275069 
2.9900000000018854, -0.38173184207066235 
3.0000000000019065, -0.38057387384379726 
3.0100000000019276, -0.3797759952982644 
3.0200000000019487, -0.3794003526250876 
3.03000000000197, -0.37960710163041606 
3.040000000001991, -0.38068903462367437 
3.050000000002012, -0.38314227997810146 
3.060000000002033, -0.38779729718357414 
3.070000000002054, -0.3960566601469623 
3.0800000000020753, -0.41032620777560425 
3.0900000000020964, -0.43478394247067137 
3.1000000000021175, -0.4766449852073311 
3.1100000000021386, -0.5476966997078934 
3.1200000000021597, -0.6638947908077333 
3.130000000002181, -0.8361112379457927 
3.140000000002202, -1.047452030805549 
3.150000000002223, -1.244852626368362 
3.160000000002244, -1.3810856595780003 
3.1700000000022652, -1.4536182191324627 
3.1800000000022863, -1.4861763548371576 
3.1900000000023074, -1.4995743290393304 
3.2000000000023285, -1.5047754045939263 
3.2100000000023496, -1.5064732206433369 
3.2200000000023707, -1.5065947487993339 
3.230000000002392, -1.506165661518468 
3.240000000002413, -1.5061431821966167 
3.250000000002434, -1.5072245538813949 
3.260000000002455, -1.5091498826590493 
3.2700000000024763, -1.5111152607284566 
3.2800000000024974, -1.5126930248091652 
3.2900000000025185, -1.5138798427343305 
3.3000000000025396, -1.5146990134801301 
3.3100000000025607, -1.5150283230653157 
3.3200000000025818, -1.5146786348379275 
3.330000000002603, -1.513479937515404 
3.340000000002624, -1.5113042281133355 
3.350000000002645, -1.5080499807344414 
3.360000000002666, -1.5035848413702357 
3.3700000000026873, -1.4976488500728404 
3.3800000000027084, -1.4897227175380328 
3.3900000000027295, -1.4788600503693299 
3.4000000000027506, -1.4636657730995826 
3.4100000000027717, -1.443325028065898 
3.420000000002793, -1.4211227523020162 
3.430000000002814, -1.4059288030934487 
3.440000000002835, -1.401662921312464 
3.450000000002856, -1.4026879726977008 
3.460000000002877, -1.4040031487093667 
3.4700000000028983, -1.4040740556762172 
3.4800000000029194, -1.4022012086010838 
3.4900000000029405, -1.3963034924130986 
3.5000000000029616, -1.3785826257458613 
3.5100000000029827, -1.3157869715468822 
3.520000000003004, -1.0384579903923439 
3.530000000003025, -0.008466330666953481 
3.540000000003046, 0.6877739229650712 
3.550000000003067, 0.7946843719773049 
3.5600000000030882, 0.8159121258290538 
3.5700000000031094, 0.8219013176627282 
3.5800000000031305, 0.8235788158453173 
3.5900000000031516, 0.8232991129445415 
3.6000000000031727, 0.8214242902986906 
3.6100000000031938, 0.8175567296730311 
3.620000000003215, 0.8110911126931173 
3.630000000003236, 0.8022544754748401 
3.640000000003257, 0.7931754891482273 
3.650000000003278, 0.7865780314875217 
3.6600000000032993, 0.7831721119246173 
3.6700000000033204, 0.7818760015839754 
3.6800000000033415, 0.7814665998809406 
3.6900000000033626, 0.781162781309282 
3.7000000000033837, 0.7804303518040298 
3.710000000003405, 0.7785697031897283 
3.720000000003426, 0.773824545918113 
3.730000000003447, 0.7596905339194596 
3.740000000003468, 0.6990009902556417 
3.750000000003489, 0.16614681014356034 
3.7600000000035103, -2.2576687645153823 
3.7700000000035314, -2.7166811075542374 
3.7800000000035525, -2.7692542371694993 
3.7900000000035736, -2.7806057456850137 
3.8000000000035947, -2.783341690753592 
3.810000000003616, -2.7831582963899306 
3.820000000003637, -2.7811804260940316 
3.830000000003658, -2.776224439563563 
3.840000000003679, -2.7639086497590815 
3.8500000000037002, -2.751464806119725 
3.8600000000037213, -2.7544260128438993 
3.8700000000037424, -2.7565248509340092 
3.8800000000037635, -2.7552443100233264 
3.8900000000037847, -2.752477384925268 
3.9000000000038058, -2.757304308869684 
3.910000000003827, -2.7649073192604967 
3.920000000003848, -2.7680979502174035 
3.930000000003869, -2.768990583397861 
3.94000000000389, -2.768387735642949 
3.9500000000039113, -2.764892633794022 
3.9600000000039324, -2.7515474917972855 
3.9700000000039535, -2.682756027169842 
3.9800000000039746, -1.9784600496319413 
3.9900000000039957, 0.37618796078826683 
4.000000000004016, 0.722493982878316 
4.010000000003993, 0.7667549870743241 
4.02000000000397, 0.777525384055454 
4.030000000003946, 0.7809913683980023 
4.040000000003923, 0.7821273077790435 
4.0500000000039, 0.7823615681526682 
4.0600000000038765, 0.7822919450109415 
4.070000000003853, 0.7823207011802407 
4.08000000000383, 0.7828371275183379 
4.090000000003807, 0.7842047154048722 
4.100000000003783, 0.7865744675841843 
4.11000000000376, 0.7896551532303933 
4.120000000003737, 0.7927706597023005 
4.130000000003713, 0.7952687334998597 
4.14000000000369, 0.796826149028917 
4.150000000003667, 0.7973659121873954 
4.1600000000036434, 0.7967487717281594 
4.17000000000362, 0.7942799876280724 
4.180000000003597, 0.7872269868135281 
4.1900000000035735, 0.7629380681017348 
4.20000000000355, 0.6279936812800015 
4.210000000003527, -0.5677632395219601 
4.220000000003504, -1.9639706027831885 
4.23000000000348, -2.1395672597027593 
4.240000000003457, -2.166052877434729 
4.250000000003434, -2.171727825673959 
4.26000000000341, -2.1727032466342133 
4.270000000003387, -2.172339589184024 
4.280000000003364, -2.172051225954594 
4.2900000000033405, -2.1720792845848806 
4.300000000003317, -2.1717418041387977 
4.310000000003294, -2.1711380756664864 
4.320000000003271, -2.1708623903371125 
4.330000000003247, -2.1703968171492916 
4.340000000003224, -2.1681578985581256 
4.350000000003201, -2.159790224989534 
4.360000000003177, -2.122607444486293 
4.370000000003154, -1.8678361630936515 
4.380000000003131, -0.2954105292760617 
4.390000000003107, 0.5707336900729381 
4.400000000003084, 0.6767388253514202 
4.410000000003061, 0.6983303320176636 
4.4200000000030375, 0.7047781597639788 
4.430000000003014, 0.7068994609077134 
4.440000000002991, 0.7072668035857143 
4.450000000002968, 0.7066509046258519 
4.460000000002944, 0.7053369317980621 
4.470000000002921, 0.7035269644030187 
4.480000000002898, 0.7014972925445739 
4.490000000002874, 0.6995996987580057 
4.500000000002851, 0.6981400051372058 
4.510000000002828, 0.6972512184528975 
4.520000000002804, 0.696868756904234 
4.530000000002781, 0.6967962541028623 
4.540000000002758, 0.6967844707247106 
4.5500000000027345, 0.6965645901813775 
4.560000000002711, 0.6957976608702006 
4.570000000002688, 0.6938552479655749 
4.580000000002665, 0.6890617486344544 
4.590000000002641, 0.6753948822004371 
4.600000000002618, 0.6211087675399941 
4.610000000002595, 0.2207353832237716 
4.620000000002571, -1.8709886471126296 
4.630000000002548, -2.475829314179203 
4.640000000002525, -2.5390796657324133 
4.6500000000025015, -2.550414142596371 
4.660000000002478, -2.5526902873469615 
4.670000000002455, -2.552500788223562 
4.6800000000024315, -2.5514470797637996 
4.690000000002408, -2.5495158752035514 
4.700000000002385, -2.5460772375732565 
4.710000000002362, -2.5433575312853276 
4.720000000002338, -2.543442028537752 
4.730000000002315, -2.54309973731318 
4.740000000002292, -2.539031002361554 
4.750000000002268, -2.521805473101938 
4.760000000002245, -2.5177874627419756 
4.770000000002222, -2.6206378533767176 
4.7800000000021985, -2.6633804040153213 
4.790000000002175, -2.674809428078971 
4.800000000002152, -2.6784644973441147 
4.810000000002129, -2.6792417995968316 
4.820000000002105, -2.6780291728463292 
4.830000000002082, -2.6741326011398012 
4.840000000002059, -2.663783281517046 
4.850000000002035, -2.6276848185343353 
4.860000000002012, -2.453360118358462 
4.870000000001989, -2.2372546408414324 
4.880000000001965, -2.2949371132637184 
4.890000000001942, -2.3148017692808165 
4.900000000001919, -2.318668654846688 
4.9100000000018955, -2.31863063425857 
4.920000000001872, -2.3177298813552305 
4.930000000001849, -2.3188218831156098 
4.940000000001826, -2.321590538310647 
4.950000000001802, -2.32340054870856 
4.960000000001779, -2.324123805632313 
4.970000000001756, -2.3242195424913694 
4.980000000001732, -2.323199719217605 
4.990000000001709, -2.319354173901685 
5.000000000001686, -2.306969718033861 
5.0100000000016625, -2.2613418817329403 
5.020000000001639, -2.0418616407098993 
5.030000000001616, -0.998373218407864 
5.0400000000015925, 0.04735836657688245 
5.050000000001569, 0.2754975412134515 
5.060000000001546, 0.3286265461982087 
5.070000000001523, 0.3458851003446905 
5.080000000001499, 0.3527650227654971 
5.090000000001476, 0.3557617986907042 
5.100000000001453, 0.3569935348032706 
5.110000000001429, 0.3572632977323597 
5.120000000001406, 0.35688216362985714 
5.130000000001383, 0.355933704962659 
5.1400000000013595, 0.35440184308571354 
5.150000000001336, 0.35245049118829364 
5.160000000001313, 0.3518127157159207 
5.17000000000129, 0.36218407072166797 
5.180000000001266, 0.41590273657525767 
5.190000000001243, 0.5273468414634406 
5.20000000000122, 0.6135380160120022 
5.210000000001196, 0.6493323994296633 
5.220000000001173, 0.662315120255301 
5.23000000000115, 0.6671065005396702 
5.240000000001126, 0.6685612862017538 
5.250000000001103, 0.6680909602252785 
5.26000000000108, 0.665679629637867 
5.2700000000010565, 0.6601983955835931 
5.280000000001033, 0.6492103339861025 
5.29000000000101, 0.6300642531283625 
5.300000000000987, 0.6052831668958301 
5.310000000000963, 0.5849463591682327 
5.32000000000094, 0.5745799826585037 
5.330000000000917, 0.5709989539308202 
5.340000000000893, 0.5701721619727347 
5.35000000000087, 0.5701041058469898 
5.360000000000847, 0.5700212098764037 
5.3700000000008234, 0.5695545461224242 
5.3800000000008, 0.5683129663449112 
5.390000000000777, 0.5654823345916464 
5.4000000000007535, 0.5588003011527731 
5.41000000000073, 0.5402419432626642 
5.420000000000707, 0.4692152775374289 
5.430000000000684, 0.007277964686478565 
5.44000000000066, -1.8478084402792796 
5.450000000000637, -2.4469883535276784 
5.460000000000614, -2.5307075775263277 
5.47000000000059, -2.549046452723759 
5.480000000000567, -2.5538995053938693 
5.490000000000544, -2.554713860219244 
5.5000000000005205, -2.5538334104410945 
5.510000000000497, -2.5516935437336596 
5.520000000000474, -2.547227193262734 
5.5300000000004506, -2.5399324221824537 
5.540000000000427, -2.5366231012099685 
5.550000000000404, -2.5379826676256503 
5.560000000000381, -2.537907435204324 
5.570000000000357, -2.5341925462566275 
5.580000000000334, -2.525613248707267 
5.590000000000311, -2.5401953868059275 
5.600000000000287, -2.570143288748336 
5.610000000000264, -2.582600004677517 
5.620000000000241, -2.5868865121347113 
5.6300000000002175, -2.5881938319770468 
5.640000000000194, -2.5876466708718167 
5.650000000000171, -2.5848468729222036 
5.660000000000148, -2.577549132540034 
5.670000000000124, -2.55678465279734 
5.680000000000101, -2.471460047847869 
5.690000000000078, -1.9564976261550355 
5.700000000000054, -1.1648288254226276 
5.710000000000031, -1.0526835266031578 
5.720000000000008, -1.0741516649697862 
5.729999999999984, -1.0929524114216496 
5.739999999999961, -1.1022301890207924 
5.749999999999938, -1.1062367063892495 
5.7599999999999145, -1.1074771512233232 
5.769999999999891, -1.1067847580363206 
5.779999999999868, -1.103719099036192 
5.789999999999845, -1.0958520370652998 
5.799999999999821, -1.0751324019668134 
5.809999999999798, -1.0125356010555564 
5.819999999999775, -0.7827214605942218 
5.829999999999751, 0.07702235655667108 
5.839999999999728, 0.8191601195957722 
5.849999999999705, 0.9339067296922593 
5.8599999999996815, 0.9546141873023446 
5.869999999999658, 0.9600341207764428 
5.879999999999635, 0.9612794783568118 
5.8899999999996115, 0.9604374191997301 
5.899999999999588, 0.9573209318924715 
5.909999999999565, 0.950205249020156 
5.919999999999542, 0.9360254564094188 
5.929999999999518, 0.9145945130770196 
5.939999999999495, 0.8958129712606395 
5.949999999999472, 0.8880177953222373 
5.959999999999448, 0.8871284046795516 
5.969999999999425, 0.8879488155955986 
5.979999999999402, 0.8885274357931137 
5.9899999999993785, 0.8882879344307035 
5.999999999999355, 0.8866530028401108 
6.009999999999332, 0.8818561480228573 
6.019999999999309, 0.8666654972697561 
6.029999999999285, 0.7965416318137994 
6.039999999999262, 0.1372473023381321 
6.049999999999239, -2.8851698065569424 
6.059999999999215, -3.2376027141028194 
6.069999999999192, -3.2642889134361193 
6.079999999999169, -3.2692832285473004 
6.089999999999145, -3.2696302967940873 
6.099999999999122, -3.2671800762917576 
6.109999999999099, -3.2582512323337567 
6.1199999999990755, -3.2101417065871987 
6.129999999999052, -3.0941719850851555 
6.139999999999029, -3.1352588814868025 
6.149999999999006, -3.144008270165738 
6.159999999998982, -3.144425292266962 
6.169999999998959, -3.1438781172722643 
6.179999999998936, -3.144327748450207 
6.189999999998912, -3.144031559083672 
6.199999999998889, -3.1434527288215564 
6.209999999998866, -3.1428006440583127 
6.2199999999988425, -3.138256700601843 
6.229999999998819, -3.100293011938914 
6.239999999998796, -3.0345307637323904 
6.2499999999987725, -3.440408354483764 
6.259999999998749, -3.4791767096554613 
6.269999999998726, -3.4847526772804236 
6.279999999998703, -3.485132836221009 
6.289999999998679, -3.482248498820703 
6.299999999998656, -3.4697023777144635 
6.309999999998633, -3.354253966711995 
6.319999999998609, -1.731286058931273 
6.329999999998586, -1.5781763320013333 
6.339999999998563, -1.7363415056000757 
6.3499999999985395, -1.7762264735199085 
6.359999999998516, -1.7860471349475833 
6.369999999998493, -1.7883826112812589 
6.37999999999847, -1.7880890862846968 
6.389999999998446, -1.7867008661621824 
6.399999999998423, -1.7867444043975176 
6.4099999999984, -1.7915135363484205 
6.419999999998376, -1.7989662925708667 
6.429999999998353, -1.804986149939171 
6.43999999999833, -1.8087903057211558 
6.449999999998306, -1.8110508264862197 
6.459999999998283, -1.8122343980945428 
6.46999999999826, -1.8124569118722547 
6.4799999999982365, -1.8116725925600108 
6.489999999998213, -1.8097434805991466 
6.49999999999819, -1.8063978117248536 
6.509999999998167, -1.8010866847274791 
6.519999999998143, -1.7926238850008431 
6.52999999999812, -1.7783389263913076 
6.539999999998097, -1.752819055483522 
6.549999999998073, -1.7112151404244542 
6.55999999999805, -1.6709790171166472 
6.569999999998027, -1.6607622759792822 
6.5799999999980034, -1.665326330479163 
6.58999999999798, -1.6688344460674984 
6.599999999997957, -1.6696694827755292 
6.6099999999979335, -1.668099420763329 
6.61999999999791, -1.6627779661888105 
6.629999999997887, -1.6506978782140345 
6.639999999997864, -1.6455571392270982 
6.64999999999784, -1.724115132372231 
6.659999999997817, -1.8508035625278125 
6.669999999997794, -1.9197993194996776 
6.67999999999777, -1.949554256899458 
6.689999999997747, -1.9636120657228784 
6.699999999997724, -1.9709301937007673 
6.7099999999977005, -1.974776380348826 
6.719999999997677, -1.9764981156152797 
6.729999999997654, -1.9767313883846878 
6.7399999999976306, -1.9757886440750376 
6.749999999997607, -1.9737531789343332 
6.759999999997584, -1.9703298953468305 
6.769999999997561, -1.9646194955341159 
6.779999999997537, -1.9561665903869485 
6.789999999997514, -1.9487639940530017 
6.799999999997491, -1.9472964279204863 
6.809999999997467, -1.948428196918891 
6.819999999997444, -1.9484581806928305 
6.829999999997421, -1.9458113566845867 
6.8399999999973975, -1.9360643407065372 
6.849999999997374, -1.9050007462356564 
6.859999999997351, -1.90368785861207 
6.869999999997328, -2.1654255626992893 
6.879999999997304, -2.319418193036113 
6.889999999997281, -2.3604665553226223 
6.899999999997258, -2.373934508454158 
6.909999999997234, -2.37926289175739 
6.919999999997211, -2.3812180283294286 
6.929999999997188, -2.3812296477448545 
6.939999999997164, -2.3796282171433223 
6.949999999997141, -2.3759188277097114 
6.959999999997118, -2.3677514615362645 
6.9699999999970945, -2.348331654263498 
6.979999999997071, -2.317420079949797 
6.989999999997048, -2.3114032865105454 
6.999999999997025, -2.31775384965167 
7.009999999997001, -2.31985023425437 
7.019999999996978, -2.3188177422490615 
7.029999999996955, -2.3157920432099397 
7.039999999996931, -2.3175439124036363 
7.049999999996908, -2.3284411834599195 
7.059999999996885, -2.336823303255941 
7.0699999999968615, -2.3406704712591453 
7.079999999996838, -2.3422231317496323 
7.089999999996815, -2.342346039343153 
7.0999999999967915, -2.340840651009838 
7.109999999996768, -2.3366249463231226 
7.119999999996745, -2.3266265928374197 
7.129999999996722, -2.3008417524686315 
7.139999999996698, -2.2150192816642202 
7.149999999996675, -1.8208118270383078 
7.159999999996652, -0.8828696706483761 
7.169999999996628, -0.4369130344959474 
7.179999999996605, -0.31305310381556456 
7.189999999996582, -0.2732742329915928 
7.1999999999965585, -0.2583827869879858 
7.209999999996535, -0.2522258334537672 
7.219999999996512, -0.24954215573419916 
7.229999999996489, -0.2483629612388706 
7.239999999996465, -0.24787288893732629 
7.249999999996442, -0.24771280326184497 
7.259999999996419, -0.2477286940659449 
7.269999999996395, -0.24787887895699212 
7.279999999996372, -0.24820369527113306 
7.289999999996349, -0.24882024027508493 
7.299999999996325, -0.24992790682917448 
7.309999999996302, -0.2518281125314511 
7.319999999996279, -0.254975701438561 
7.3299999999962555, -0.26007701442812337 
7.339999999996232, -0.26820316448958575 
7.349999999996209, -0.28072199099201023 
7.359999999996186, -0.29852584961604467 
7.369999999996162, -0.32025671231717917 
7.379999999996139, -0.3415503944668338 
7.389999999996116, -0.3580624221846323 
7.399999999996092, -0.3686833284417801 
7.409999999996069, -0.3747214498166963 
7.419999999996046, -0.37780268164150754 
7.4299999999960225, -0.37899968167751974 
7.439999999995999, -0.378799764108671 
7.449999999995976, -0.37721261683044693 
7.4599999999959525, -0.3737774674708736 
7.469999999995929, -0.3674731633037686 
7.479999999995906, -0.35676955494815205 
7.489999999995883, -0.3404750739252685 
7.499999999995859, -0.3196960947974446 
7.509999999995836, -0.29853778642984785 
7.519999999995813, -0.28109437706573664 
7.529999999995789, -0.26865691702722366 
7.539999999995766, -0.26040484055134716 
7.549999999995743, -0.2550540540871614 
7.5599999999957195, -0.25158852522080355 
7.569999999995696, -0.24933232817404102 
7.579999999995673, -0.2478461795293958 
7.58999999999565, -0.24683595079581888 
7.599999999995626, -0.2461050223832492 
7.609999999995603, -0.2455365863587135 
7.61999999999558, -0.24508885729954527 
7.629999999995556, -0.2447999364211587 
7.639999999995533, -0.24481658231563225 
7.64999999999551, -0.24548392452108142 
7.659999999995486, -0.2475908505199746 
7.669999999995463, -0.2530578130531226 
7.67999999999544, -0.26707149867721014 
7.6899999999954165, -0.3058037238833632 
7.699999999995393, -0.4302737417987374 
7.70999999999537, -0.9056192600177507 
7.719999999995347, -1.9467380073393799 
7.729999999995323, -2.32959890875326 
7.7399999999953, -2.4028636352272277 
7.749999999995277, -2.4234443245320785 
7.759999999995253, -2.430781388353108 
7.76999999999523, -2.4333019142567145 
7.779999999995207, -2.4334774286325 
7.789999999995183, -2.432052289884601 
7.79999999999516, -2.428764910467558 
7.809999999995137, -2.421594569188596 
7.8199999999951135, -2.4071390557672645 
7.82999999999509, -2.395016923887982 
7.839999999995067, -2.3969651469646704 
7.849999999995044, -2.399385946309924 
7.85999999999502, -2.3988051612212784 
7.869999999994997, -2.395085289717633 
7.879999999994974, -2.3929743534236305 
7.88999999999495, -2.4070425094611303 
7.899999999994927, -2.421396975863221 
7.909999999994904, -2.4277983514352766 
7.9199999999948805, -2.430313821938506 
7.929999999994857, -2.430952444545547 
7.939999999994834, -2.429967450575618 
7.9499999999948106, -2.4266331209330074 
7.959999999994787, -2.418530291678212 
7.969999999994764, -2.3973810499362127 
7.979999999994741, -2.3244426662343063 
7.989999999994717, -1.9585139105742466 
7.999999999994694, -1.063389842109479 
8.00999999999467, -0.703847442867014 
8.019999999994647, -0.6315737466463796 
8.029999999994624, -0.6191157419866594 
8.0399999999946, -0.6190425849411978 
8.049999999994577, -0.6210246868142015 
8.059999999994554, -0.6227574753834358 
8.06999999999453, -0.6238031144174803 
8.079999999994508, -0.624111174248261 
8.089999999994484, -0.6236350968199308 
8.099999999994461, -0.622231481033322 
8.109999999994438, -0.6196655369191278 
8.119999999994414, -0.615727750304311 
8.129999999994391, -0.6104693363331115 
8.139999999994368, -0.6043854357254016 
8.149999999994344, -0.5982652539065457 
8.159999999994321, -0.5927816400249648 
8.169999999994298, -0.5882401905101726 
8.179999999994275, -0.5846327871573543 
8.189999999994251, -0.5818001538414579 
8.199999999994228, -0.5795488722599526 
8.209999999994205, -0.5777088938863593 
8.219999999994181, -0.5761612126674814 
8.229999999994158, -0.5748516535344795 
8.239999999994135, -0.5737936868055269 
8.249999999994111, -0.5730627188029798 
8.259999999994088, -0.5727859189989428 
8.269999999994065, -0.5731299307533805 
8.279999999994041, -0.574287220182637 
8.289999999994018, -0.5764631821089974 
8.299999999993995, -0.5798690414210791 
8.309999999993972, -0.5847272751384425 
8.319999999993948, -0.5912957233878826 
8.329999999993925, -0.5999151688226669 
8.339999999993902, -0.6110849665098903 
8.349999999993878, -0.6255716827965849 
8.359999999993855, -0.6445465645585662 
8.369999999993832, -0.6696883497844885 
8.379999999993808, -0.7029643859488875 
8.389999999993785, -0.7453108934687944 
8.399999999993762, -0.7935641136725183 
8.409999999993738, -0.838758086533125 
8.419999999993715, -0.8719700979943299 
8.429999999993692, -0.8916919068929188 
8.439999999993669, -0.9018728315319213 
8.449999999993645, -0.9066579025478475 
8.459999999993622, -0.9085617320149655 
8.469999999993599, -0.9087863409362977 
8.479999999993575, -0.9077842144427789 
8.489999999993552, -0.9056551454831092 
8.499999999993529, -0.9026638005777032 
8.509999999993505, -0.9008464756450485 
8.519999999993482, -0.9092641883795796 
8.529999999993459, -0.9561607737693514 
8.539999999993436, -1.0915995084656522 
8.549999999993412, -1.3078192544792715 
8.559999999993389, -1.4903062877579019 
8.569999999993366, -1.595277454685289 
8.579999999993342, -1.651389840910758 
8.589999999993319, -1.6825785406304554 
8.599999999993296, -1.7003268370195534 
8.609999999993272, -1.710156544285372 
8.619999999993249, -1.715166928127512 
8.629999999993226, -1.717296545930862 
8.639999999993202, -1.7177497989994464 
8.64999999999318, -1.7172815830862482 
8.659999999993156, -1.7164150558369815 
8.669999999993133, -1.7153958672814447 
8.67999999999311, -1.7141114990987991 
8.689999999993086, -1.712529748011035 
8.699999999993063, -1.7111880445331384 
8.70999999999304, -1.7106358800090333 
8.719999999993016, -1.7104661695873151 
8.729999999992993, -1.7096699582562507 
8.73999999999297, -1.7069209119693163 
8.749999999992946, -1.6991614144499205 
8.759999999992923, -1.6768631946440073 
8.7699999999929, -1.608797865241343 
8.779999999992876, -1.4065323965805345 
8.789999999992853, -0.9753691815673321 
8.79999999999283, -0.5335300625659614 
8.809999999992806, -0.29949631362844736 
8.819999999992783, -0.19908293982622444 
8.82999999999276, -0.15393457025899387 
8.839999999992736, -0.13153939104389484 
8.849999999992713, -0.1194172334033893 
8.85999999999269, -0.11242263350049748 
8.869999999992666, -0.108243890153363 
8.879999999992643, -0.10577522611541598 
8.88999999999262, -0.10448476292368 
8.899999999992596, -0.10415862755256647 
8.909999999992573, -0.10481025595613713 
8.91999999999255, -0.10668976576835912 
8.929999999992527, -0.11040153966897095 
8.939999999992503, -0.11722055298415643 
8.94999999999248, -0.12988473797089167 
8.959999999992457, -0.1546863999663941 
8.969999999992433, -0.20737089386771207 
8.97999999999241, -0.32947080078824686 
8.989999999992387, -0.6135227386108226 
8.999999999992363, -1.099629413937695 
9.00999999999234, -1.5207059517619743 
9.019999999992317, -1.7216104853428713 
9.029999999992294, -1.797305100994547 
9.03999999999227, -1.8245739297980592 
9.049999999992247, -1.8343615054987281 
9.059999999992224, -1.8376661307533098 
9.0699999999922, -1.8383741283384556 
9.079999999992177, -1.838037295043988 
9.089999999992154, -1.83754187828945 
9.09999999999213, -1.8372479083743811 
9.109999999992107, -1.8368647211234106 
9.119999999992084, -1.8362151159682782 
9.12999999999206, -1.835699395381892 
9.139999999992037, -1.8355281223989721 
9.149999999992014, -1.8351016462589076 
9.15999999999199, -1.8333356736040993 
9.169999999991967, -1.8281345674117275 
9.179999999991944, -1.8134448253438404 
9.18999999999192, -1.7696191396874412 
9.199999999991897, -1.633852466817699 
9.209999999991874, -1.2665446198279184 
9.21999999999185, -0.7061316970754553 
9.229999999991827, -0.33566750584307636 
9.239999999991804, -0.1807804534293314 
9.24999999999178, -0.1174930707149707 
9.259999999991757, -0.08872145306427685 
9.269999999991734, -0.07417143999487129 
9.27999999999171, -0.06619851467515356 
9.289999999991688, -0.061617973108232915 
9.299999999991664, -0.05899112264683846 
9.309999999991641, -0.057651000145386454 
9.319999999991618, -0.05733001077914558 
9.329999999991594, -0.058030037559996785 
9.339999999991571, -0.06002741316001251 
9.349999999991548, -0.06401879157822074 
9.359999999991524, -0.07153626381223757 
9.369999999991501, -0.08605467380321022 
9.379999999991478, -0.11615931430116326 
9.389999999991455, -0.18537071990362838 
9.399999999991431, -0.36106049061146683 
9.409999999991408, -0.7773488155713426 
9.419999999991385, -1.3482495885330754 
9.429999999991361, -1.6953573079357098 
9.439999999991338, -1.8306852647493816 
9.449999999991315, -1.879201061014782 
9.459999999991291, -1.8967201481682845 
9.469999999991268, -1.902982744294609 
9.479999999991245, -1.9049037259662422 
9.489999999991221, -1.9050117779357538 
9.499999999991198, -1.9044476428132164 
9.509999999991175, -1.9038279598928838 
9.519999999991152, -1.9031191676758037 
9.529999999991128, -1.9020406820324525 
9.539999999991105, -1.9009526861951636 
9.549999999991082, -1.900484501279323 
9.559999999991058, -1.900258218309085 
9.569999999991035, -1.8991031531218205 
9.579999999991012, -1.8950617313095877 
9.589999999990988, -1.8819368577541682 
9.599999999990965, -1.8324696694617384 
9.609999999990942, -1.6045345505094128 
9.619999999990918, -0.7786890272050495 
9.629999999990895, -0.04697644626162153 
9.639999999990872, 0.15192444719481063 
9.649999999990849, 0.20614816194018984 
9.659999999990825, 0.22522435639100657 
9.669999999990802, 0.23326004338876 
9.679999999990779, 0.23699591445268942 
9.689999999990755, 0.23877247074127847 
9.699999999990732, 0.23955209524642934 
9.709999999990709, 0.23978852801621783 
9.719999999990685, 0.23972477699403968 
9.729999999990662, 0.23952313895280222 
9.739999999990639, 0.23937245437261817 
9.749999999990616, 0.23970562127850803 
9.759999999990592, 0.2418563439233342 
9.769999999990569, 0.25004562133657876 
9.779999999990546, 0.27528979172447504 
9.789999999990522, 0.3305448236517709 
9.799999999990499, 0.39839731618819363 
9.809999999990476, 0.44404575780693367 
9.819999999990452, 0.4657919393335126 
9.829999999990429, 0.475185172232999 
9.839999999990406, 0.47910985637555 
9.849999999990382, 0.48039674109684577 
9.85999999999036, 0.48002533129189107 
9.869999999990336, 0.478098076945785 
9.879999999990313, 0.47418102144528673 
9.88999999999029, 0.46757289255120094 
9.899999999990266, 0.45801400842363227 
9.909999999990243, 0.4467843745683154 
9.91999999999022, 0.4365531252630485 
9.929999999990196, 0.4292575564512475 
9.939999999990173, 0.42494038825205893 
9.94999999999015, 0.4226730627168934 
9.959999999990126, 0.42156067574486145 
9.969999999990103, 0.42100867900402805 
9.97999999999008, 0.4206408001238162 
9.989999999990056, 0.4201728669043116 
9.999999999990033, 0.41930167069459945 
10.00999999999001, 0.41755679175035504 
10.019999999989986, 0.4139544567151727 
10.029999999989963, 0.4058983238418225 
10.03999999998994, 0.384740232230425 
10.049999999989916, 0.31149663726571647 
10.059999999989893, -0.0626355736628533 
10.06999999998987, -1.3817234157516909 
10.079999999989846, -2.0038584266102895 
10.089999999989823, -2.103942529149385 
10.0999999999898, -2.1242076334057947 
10.109999999989776, -2.1292007841948104 
10.119999999989753, -2.130123375586293 
10.12999999998973, -2.1297619939000536 
10.139999999989707, -2.129307782433143 
10.149999999989683, -2.1289546264120913 
10.15999999998966, -2.12818914212207 
10.169999999989637, -2.1272403854451842 
10.179999999989613, -2.1268392005869594 
10.18999999998959, -2.1264848399448333 
10.199999999989567, -2.1246179067616344 
10.209999999989543, -2.1175164365038874 
10.21999999998952, -2.086615294175961 
10.229999999989497, -1.8796429054725654 
10.239999999989474, -0.3491316967230776 
10.24999999998945, 0.7136619457424354 
10.259999999989427, 0.8257160684265473 
10.269999999989404, 0.845850765011081 
10.27999999998938, 0.851379257245976 
10.289999999989357, 0.8529026687530268 
10.299999999989334, 0.8526665970444374 
10.30999999998931, 0.8511248315255223 
10.319999999989287, 0.8481974187182351 
10.329999999989264, 0.8438097947475771 
10.33999999998924, 0.8384372904679577 
10.349999999989217, 0.8332855762488715 
10.359999999989194, 0.8295241153092494 
10.36999999998917, 0.8274138876341472 
10.379999999989147, 0.8264583017821552 
10.389999999989124, 0.8260076401095399 
10.3999999999891, 0.8255209123111416 
10.409999999989077, 0.8244600340367698 
10.419999999989054, 0.8218617994399064 
10.42999999998903, 0.8148506709374462 
10.439999999989007, 0.7906027309368171 
10.449999999988984, 0.647967476817589 
10.45999999998896, -0.9912898337407359 
10.469999999988937, -2.6488248200652347 
10.479999999988914, -2.7906728928766187 
10.48999999998889, -2.813108229377558 
10.499999999988868, -2.8183105726475293 
10.509999999988844, -2.819022187915471 
10.519999999988821, -2.817751625754024 
10.529999999988798, -2.814328667621764 
10.539999999988774, -2.805511870592928 
10.549999999988751, -2.7914471234485534 
10.559999999988728, -2.791162075457869 
10.569999999988704, -2.7941141448568425 
10.579999999988681, -2.793575841135469 
10.589999999988658, -2.790568479493688 
10.599999999988635, -2.7930177122011184 
10.609999999988611, -2.8013277767591984 
10.619999999988588, -2.8053390284407813 
10.629999999988565, -2.8065351269921615 
10.639999999988541, -2.8062303901926056 
10.649999999988518, -2.8034169752183598 
10.659999999988495, -2.7924244002746517 
10.669999999988471, -2.736503756490827 
10.679999999988448, -2.1598356566724672 
10.689999999988425, 0.35543200612778664 
10.699999999988401, 0.7605095644390055 
10.709999999988378, 0.8073245582606745 
10.719999999988355, 0.8181998597429866 
10.729999999988332, 0.8216008123819144 
10.739999999988308, 0.822673115604702 
10.749999999988285, 0.8228495262834755 
10.759999999988262, 0.8227112698799269 
10.769999999988238, 0.8226268391110055 
10.779999999988215, 0.8229144902505441 
10.789999999988192, 0.82382065338533 
10.799999999988168, 0.8253935616914931 
10.809999999988145, 0.8273857799400469 
10.819999999988122, 0.829348820178715 
10.829999999988098, 0.8308721543620587 
10.839999999988075, 0.831718101561082 
10.849999999988052, 0.8317358787097016 
10.859999999988029, 0.8305951096209017 
10.869999999988005, 0.8271506906468182 
10.879999999987982, 0.8169075403019198 
10.889999999987959, 0.7753657734455088 
10.899999999987935, 0.44749975644901285 
10.909999999987912, -1.7484365665030783 
10.919999999987889, -2.416086212252624 
10.929999999987865, -2.4775131561741364 
10.939999999987842, -2.4878213375270772 
10.949999999987819, -2.489743429356778 
10.959999999987796, -2.4894952044755674 
10.969999999987772, -2.4886920297783073 
10.979999999987749, -2.487405854768279 
10.989999999987726, -2.485134186869503 
10.999999999987702, -2.4833351672341135 
11.009999999987679, -2.4832048776683058 
11.019999999987656, -2.4824742360168894 
11.029999999987632, -2.477640264331762 
11.039999999987609, -2.452883208515281 
11.049999999987586, -2.3780100417029155 
11.059999999987562, -2.67697382232748 
11.06999999998754, -2.8175069857159483 
11.079999999987516, -2.8416006291455256 
11.089999999987493, -2.8478432382567744 
11.09999999998747, -2.8494301211088224 
11.109999999987446, -2.8486724142763324 
11.119999999987423, -2.8452993027203237 
11.1299999999874, -2.8355029297000094 
11.139999999987376, -2.796453821067984 
11.149999999987353, -2.630622144447042 
11.15999999998733, -2.5986111494055977 
11.169999999987306, -2.6314185327770163 
11.179999999987283, -2.6374414748162933 
11.18999999998726, -2.6377518476928294 
11.199999999987236, -2.637001543322404 
11.209999999987213, -2.6379113761021644 
11.21999999998719, -2.6393793137152453 
11.229999999987166, -2.639782014783184 
11.239999999987143, -2.639730490838854 
11.24999999998712, -2.638998377151862 
11.259999999987096, -2.6352622830919086 
11.269999999987073, -2.6166158517539584 
11.27999999998705, -2.4451848884272747 
11.289999999987026, 0.07792041602851998 
11.299999999987003, 1.1838163031795228 
11.30999999998698, 1.2438339160986287 
11.319999999986956, 1.2533503835813797 
11.329999999986933, 1.2553851375759433 
11.33999999998691, 1.254880552781943 
11.349999999986887, 1.2520230507394465 
11.359999999986863, 1.2447734806889494 
11.36999999998684, 1.2290963682082607 
11.379999999986817, 1.206632912729025 
11.389999999986793, 1.1935771844500251 
11.39999999998677, 1.1928768717506981 
11.409999999986747, 1.1949541895952804 
11.419999999986723, 1.1961129511701967 
11.4299999999867, 1.1958046760205483 
11.439999999986677, 1.1932408148998026 
11.449999999986654, 1.184762049304797 
11.45999999998663, 1.1527766227171476 
11.469999999986607, 1.0497718466096633 
11.479999999986584, 1.415755182590398 
11.48999999998656, 1.6490490098041561 
11.499999999986537, 1.674561105846917 
11.509999999986514, 1.6788908266760796 
11.51999999998649, 1.6787928207936311 
11.529999999986467, 1.6746552713472447 
11.539999999986444, 1.651859659612534 
11.54999999998642, 1.3628068669832236 
11.559999999986397, -0.010500221628255164 
11.569999999986374, -0.15878133572874584 
11.57999999998635, -0.13231457630525661 
11.589999999986327, -0.11618049169571971 
11.599999999986304, -0.10888790461920221 
11.60999999998628, -0.10556345804479528 
11.619999999986257, -0.10399132189795102 
11.629999999986234, -0.10323228793548637 
11.63999999998621, -0.10287946033205846 
11.649999999986187, -0.1027614578797477 
11.659999999986164, -0.10282949724875316 
11.66999999998614, -0.10312001001850939 
11.679999999986117, -0.1037519902514709 
11.689999999986094, -0.10494730260240155 
11.69999999998607, -0.10708436061269933 
11.709999999986048, -0.11082651111645685 
11.719999999986024, -0.11742027906472079 
11.729999999986001, -0.1293580198514509 
11.739999999985978, -0.15168400309779645 
11.749999999985954, -0.19342653235403595 
11.759999999985931, -0.2634530675319518 
11.769999999985908, -0.35102617023694493 
11.779999999985884, -0.4226955288673609 
11.789999999985861, -0.4638598163364701 
11.799999999985838, -0.4838514255267631 
11.809999999985815, -0.49322876214286826 
11.819999999985791, -0.4975953886340365 
11.829999999985768, -0.49940415349848477 
11.839999999985745, -0.49961896800064637 
11.849999999985721, -0.4984496118852956 
11.859999999985698, -0.49557152420614037 
11.869999999985675, -0.4901088528165946 
11.879999999985651, -0.48065696118340373 
11.889999999985628, -0.46591353646928824 
11.899999999985605, -0.44636008538603056 
11.909999999985581, -0.4253350928230547 
11.919999999985558, -0.4068965294422239 
11.929999999985535, -0.3929259535939388 
11.939999999985512, -0.38311041714636546 
11.949999999985488, -0.3763711984591638 
11.959999999985465, -0.37171847458672086 
11.969999999985442, -0.3684455960864149 
11.979999999985418, -0.36608437658602727 
11.989999999985395, -0.3643343515193444 
11.999999999985372, -0.3630169132109288 
12.009999999985348, -0.3620515927084841 
12.019999999985325, -0.3614463867974427 
12.029999999985302, -0.36130189811315416 
12.039999999985278, -0.36183637571866684 
12.049999999985255, -0.3634451775910842 
12.059999999985232, -0.3668197493824229 
12.069999999985209, -0.3731763480479784 
12.079999999985185, -0.384696140780063 
12.089999999985162, -0.40537219579080547 
12.099999999985139, -0.4425706599612216 
12.109999999985115, -0.5093987138865745 
12.119999999985092, -0.6257341121937381 
12.129999999985069, -0.8083436370072834 
12.139999999985045, -1.0405415714801662 
12.149999999985022, -1.2607028262789295 
12.159999999984999, -1.4158911520143775 
12.169999999984976, -1.5019402946693787 
12.179999999984952, -1.542325014613845 
12.189999999984929, -1.5595001381892832 
12.199999999984906, -1.5663658099115132 
12.209999999984882, -1.5688010484960384 
12.219999999984859, -1.5692615310226763 
12.229999999984836, -1.5689175523825754 
12.239999999984812, -1.5686670162840108 
12.249999999984789, -1.5691668078808132 
12.259999999984766, -1.570292744108505 
12.269999999984742, -1.5714346376489063 
12.27999999998472, -1.5722963209644008 
12.289999999984696, -1.5729380651003724 
12.299999999984673, -1.5733553911383875 
12.30999999998465, -1.5733103920029068 
12.319999999984626, -1.5724493821862406 
12.329999999984603, -1.5703781266825267 
12.33999999998458, -1.5666639844234398 
12.349999999984556, -1.560842846117366 
12.359999999984533, -1.5523587287446865 
12.36999999998451, -1.5403135965135588 
12.379999999984486, -1.5229634385783675 
12.389999999984463, -1.4969910342213308 
12.39999999998444, -1.4574452340831299 
12.409999999984416, -1.4030725201010399 
12.419999999984393, -1.3508288922498888 
12.42999999998437, -1.3257779049813214 
12.439999999984346, -1.3233118132133634 
12.449999999984323, -1.326525540567275 
12.4599999999843, -1.3288135286850074 
12.469999999984276, -1.3293459661749567 
12.479999999984253, -1.3279480102309362 
12.48999999998423, -1.3232280886545698 
12.499999999984206, -1.3098320053271626 
12.509999999984183, -1.267102115827519 
12.51999999998416, -1.1015761889927853 
12.529999999984136, -0.3306200513663371 
12.539999999984113, 0.978215544216558 
12.54999999998409, 1.171533140048149 
12.559999999984067, 1.1958705295171697 
12.569999999984043, 1.2011489894242524 
12.57999999998402, 1.201998542088718 
12.589999999983997, 1.2004292315994478 
12.599999999983973, 1.1950540471030577 
12.60999999998395, 1.1794432933119974 
12.619999999983927, 1.1381566245218147 
12.629999999983903, 1.0825809422262849 
12.63999999998388, 1.0682371419956938 
12.649999999983857, 1.0740899282264151 
12.659999999983834, 1.078713198738153 
12.66999999998381, 1.0806369597582068 
12.679999999983787, 1.0806478439957845 
12.689999999983764, 1.0785998396686627 
12.69999999998374, 1.0723547410308458 
12.709999999983717, 1.0534487737679314 
12.719999999983694, 1.0027601892309694 
12.72999999998367, 1.1164214445607648 
12.739999999983647, 1.386833564020625 
12.749999999983624, 1.4403581887865529 
12.7599999999836, 1.4502382847685804 
12.769999999983577, 1.452227458182643 
12.779999999983554, 1.4511700175592277 
12.78999999998353, 1.4453643997447185 
12.799999999983507, 1.416653389360646 
12.809999999983484, 1.1594912727200255 
12.81999999998346, 0.37489651925167355 
12.829999999983437, 0.35837389909083534 
12.839999999983414, 0.4154042703724154 
12.84999999998339, 0.43921144195350026 
12.859999999983367, 0.44896177627636336 
12.869999999983344, 0.45320924020583214 
12.87999999998332, 0.45494078719512315 
12.889999999983297, 0.45518359886721543 
12.899999999983274, 0.4541053261545464 
12.90999999998325, 0.451151173836659 
12.919999999983228, 0.44434800401989644 
12.929999999983204, 0.42708930185018035 
12.939999999983181, 0.37122731821039634 
12.949999999983158, 0.09896952556228031 
12.959999999983134, -1.3581203474972305 
12.969999999983111, -2.4133260540099224 
12.979999999983088, -2.553825148955963 
12.989999999983064, -2.582619605964544 
12.999999999983041, -2.5911282111896026 
13.009999999983018, -2.593630644756475 
13.019999999982995, -2.593578766896976 
13.029999999982971, -2.591823342488068 
13.039999999982948, -2.587690857408914 
13.049999999982925, -2.57779458869482 
13.059999999982901, -2.5609331104847457 
13.069999999982878, -2.5570817109405253 
13.079999999982855, -2.56095144537765 
13.089999999982831, -2.5616428615298292 
13.099999999982808, -2.5593144472783727 
13.109999999982785, -2.5567308693311332 
13.119999999982761, -2.5648219225692093 
13.129999999982738, -2.574701734953829 
13.139999999982715, -2.57905289671129 
13.149999999982692, -2.580566382428562 
13.159999999982668, -2.580513783100234 
13.169999999982645, -2.5784608269272433 
13.179999999982622, -2.572033316721061 
13.189999999982598, -2.5520652004984727 
13.199999999982575, -2.4699456704807075 
13.209999999982552, -1.892824632125682 
13.219999999982528, -0.038957677230312134 
13.229999999982505, 0.4407311677254512 
13.239999999982482, 0.5161542578080935 
13.249999999982458, 0.535732946829163 
13.259999999982435, 0.5425169715542695 
13.269999999982412, 0.5450832902579082 
13.279999999982389, 0.5458096952292699 
13.289999999982365, 0.5454516160851629 
13.299999999982342, 0.5441779422388586 
13.309999999982319, 0.541880512333722 
13.319999999982295, 0.5385711205358006 
13.329999999982272, 0.5365828499476419 
13.339999999982249, 0.5505105995535222 
13.349999999982225, 0.614902557679642 
13.359999999982202, 0.7049384077368313 
13.369999999982179, 0.7546150776674337 
13.379999999982156, 0.7732467962573659 
13.389999999982132, 0.7799614838478354 
13.399999999982109, 0.7821680386269418 
13.409999999982086, 0.7820991932824394 
13.419999999982062, 0.7799243755288303 
13.429999999982039, 0.7740725269044164 
13.439999999982016, 0.7595294182130856 
13.449999999981992, 0.7248786350471195 
13.459999999981969, 0.6645426450341503 
13.469999999981946, 0.61472553354183 
13.479999999981922, 0.599005104307722 
13.4899999999819, 0.5983787065029249 
13.499999999981876, 0.6002674095268811 
13.509999999981853, 0.6017131324119623 
13.51999999998183, 0.6023445952151889 
13.529999999981806, 0.602112823243677 
13.539999999981783, 0.6007338328986104 
13.54999999998176, 0.5972272285861874 
13.559999999981736, 0.5884131924899003 
13.569999999981713, 0.561612721817517 
13.57999999998169, 0.4408848279042192 
13.589999999981666, -0.48767222919944453 
13.599999999981643, -2.3076149360751925 
13.60999999998162, -2.587551486089457 
13.619999999981596, -2.6317129161698656 
13.629999999981573, -2.643073982169252 
13.63999999998155, -2.646284054858248 
13.649999999981526, -2.6464878109908403 
13.659999999981503, -2.644950946987551 
13.66999999998148, -2.64122382759288 
13.679999999981456, -2.632250042670001 
13.689999999981433, -2.617244712941341 
13.69999999998141, -2.614389095467132 
13.709999999981386, -2.6178188035870553 
13.719999999981363, -2.618118367656574 
13.72999999998134, -2.615383333568441 
13.739999999981316, -2.6136081986064608 
13.749999999981293, -2.6232083962770076 
13.75999999998127, -2.6319882165996598 
13.769999999981247, -2.6354772477289234 
13.779999999981223, -2.636554011557963 
13.7899999999812, -2.636053953628637 
13.799999999981177, -2.6330701879248735 
13.809999999981153, -2.6236695566102766 
13.81999999998113, -2.590183499048564 
13.829999999981107, -2.407221542256457 
13.839999999981083, -0.9523847422731679 
13.84999999998106, 0.4029627177407824 
13.859999999981037, 0.5747807171152897 
13.869999999981014, 0.6077603722317297 
13.87999999998099, 0.6175553128365082 
13.889999999980967, 0.6210686765427728 
13.899999999980944, 0.622250300916461 
13.90999999998092, 0.6223228722788567 
13.919999999980897, 0.6217490229208797 
13.929999999980874, 0.6208282869478793 
13.93999999998085, 0.6202212993752327 
13.949999999980827, 0.6221715957404338 
13.959999999980804, 0.6326096038622321 
13.96999999998078, 0.6580165187723575 
13.979999999980757, 0.6903316211831474 
13.989999999980734, 0.7135514606860993 
13.99999999998071, 0.7254385783946065 
14.009999999980687, 0.7306793236756219 
14.019999999980664, 0.7325719512355833 
14.02999999998064, 0.7324381394858214 
14.039999999980617, 0.7302231372941531 
14.049999999980594, 0.7241051479762431 
14.05999999998057, 0.7075849673070294 
14.069999999980547, 0.6599938899132161 
14.079999999980524, 0.5474901758505036 
14.0899999999805, 0.43016142007959707 
14.099999999980477, 0.3913931642715013 
14.109999999980454, 0.38839781839570414 
14.11999999998043, 0.39105061890872916 
14.129999999980408, 0.39329831946241645 
14.139999999980384, 0.39458812623577233 
14.149999999980361, 0.3950759881283319 
14.159999999980338, 0.3948391087008807 
14.169999999980314, 0.3937344351850865 
14.179999999980291, 0.39123164371847563 
14.189999999980268, 0.38588181744097355 
14.199999999980244, 0.373399002756656 
14.209999999980221, 0.3380826140444477 
14.219999999980198, 0.20007442530477765 
14.229999999980175, -0.5379178466846646 
14.239999999980151, -1.910948481315846 
14.249999999980128, -2.2785612128179187 
14.259999999980105, -2.348869205322702 
14.269999999980081, -2.3667843857997366 
14.279999999980058, -2.3719260126155257 
14.289999999980035, -2.372994741289511 
14.299999999980011, -2.3724212372126097 
14.309999999979988, -2.3709620900790016 
14.319999999979965, -2.3683002853909647 
14.329999999979941, -2.363859810531048 
14.339999999979918, -2.3602224231513067 
14.349999999979895, -2.360158010652204 
14.359999999979872, -2.360379588240448 
14.369999999979848, -2.3580458294696633 
14.379999999979825, -2.347795698119969 
14.389999999979802, -2.321416285300095 
14.399999999979778, -2.391649346186216 
14.409999999979755, -2.4910363180981925 
14.419999999979732, -2.5210079845824116 
14.429999999979708, -2.5302949587546384 
14.439999999979685, -2.5336358916306336 
14.449999999979662, -2.5344173501900977 
14.459999999979638, -2.533383612443983 
14.469999999979615, -2.5301417168519933 
14.479999999979592, -2.5224020797270192 
14.489999999979569, -2.5004531519003304 
14.499999999979545, -2.425399914080479 
14.509999999979522, -2.3219859620482293 
14.519999999979499, -2.34067876657413 
14.529999999979475, -2.354302144307156 
14.539999999979452, -2.3571397790685173 
14.549999999979429, -2.356627478329772 
14.559999999979405, -2.35547342328051 
14.569999999979382, -2.3574417620164025 
14.579999999979359, -2.3614806025847668 
14.589999999979335, -2.3639636621575835 
14.599999999979312, -2.3649824153746035 
14.609999999979289, -2.3651252462110306 
14.619999999979266, -2.363953003049617 
14.629999999979242, -2.3597652783996064 
14.639999999979219, -2.346941262133469 
14.649999999979196, -2.302518087116307 
14.659999999979172, -2.1006894383277848 
14.669999999979149, -1.094357394439799 
14.679999999979126, 0.04623049957485194 
14.689999999979102, 0.29452790624807673 
14.69999999997908, 0.35004287825252844 
14.709999999979056, 0.36765254019202587 
14.719999999979033, 0.3745571393560505 
14.72999999997901, 0.37749682224287484 
14.739999999978986, 0.3786155578636098 
14.749999999978963, 0.3786846269415777 
14.75999999997894, 0.3779376682396405 
14.769999999978916, 0.376299623986323 
14.779999999978893, 0.37342564639150233 
14.78999999997887, 0.368859137528128 
14.799999999978846, 0.3640087981963197 
14.809999999978823, 0.3763412027744728 
14.8199999999788, 0.4798980759162516 
14.829999999978776, 0.6646515582465311 
14.839999999978753, 0.757104525536827 
14.84999999997873, 0.7852505847778672 
14.859999999978706, 0.794168092659465 
14.869999999978683, 0.7970581234662198 
14.87999999997866, 0.7973669258892262 
14.889999999978636, 0.7956991677227132 
14.899999999978613, 0.7911106734933578 
14.90999999997859, 0.7805786248038734 
14.919999999978566, 0.7584464878670233 
14.929999999978543, 0.7232824483829285 
14.93999999997852, 0.6920369977448868 
14.949999999978496, 0.6788355505907675 
14.959999999978473, 0.6765996321146882 
14.96999999997845, 0.677314813738358 
14.979999999978427, 0.6781624043430278 
14.989999999978403, 0.6784666153609836 
14.99999999997838, 0.6779684413241746 
15.009999999978357, 0.6761723843748105 
15.019999999978333, 0.6715953809984786 
15.02999999997831, 0.6590152092217682 
15.039999999978287, 0.6132398712770959 
15.049999999978263, 0.3243479673310571 
15.05999999997824, -1.6766406632627457 
15.069999999978217, -2.6168546631675844 
15.079999999978194, -2.712584858285256 
15.08999999997817, -2.7317282715054487 
15.099999999978147, -2.7369521888864115 
15.109999999978124, -2.7379293776891505 
15.1199999999781, -2.736835702544576 
15.129999999978077, -2.733625167186232 
15.139999999978054, -2.725350027277675 
15.14999999997803, -2.70667422288695 
15.159999999978007, -2.6977748073836865 
15.169999999977984, -2.702823237207177 
15.17999999997796, -2.704270275476801 
15.189999999977937, -2.7025780911015604 
15.199999999977914, -2.7008493026227627 
15.20999999997789, -2.7066223013336446 
15.219999999977867, -2.712666646015199 
15.229999999977844, -2.715048174392979 
15.23999999997782, -2.7156448358684306 
15.249999999977797, -2.714758018682386 
15.259999999977774, -2.710601009859739 
15.26999999997775, -2.6948088977985973 
15.279999999977727, -2.611951660272106 
15.289999999977704, -1.7926142485937322 
15.29999999997768, 0.3624507227939096 
15.309999999977657, 0.6716081440072514 
15.319999999977634, 0.7150265003393418 
15.32999999997761, 0.7260582456366198 
15.339999999977588, 0.7297171750713589 
15.349999999977564, 0.7309692517772469 
15.359999999977541, 0.7312713174965497 
15.369999999977518, 0.7312342294534638 
15.379999999977494, 0.7312702683158767 
15.389999999977471, 0.731807626194053 
15.399999999977448, 0.7333270672439852 
15.409999999977424, 0.736181788413395 
15.419999999977401, 0.7402163489843911 
15.429999999977378, 0.7446088205945822 
15.439999999977355, 0.7483593018657303 
15.449999999977331, 0.7509105371404334 
15.459999999977308, 0.7521910186822621 
15.469999999977285, 0.7522454952742661 
15.479999999977261, 0.7507975137440508 
15.489999999977238, 0.7464669952108488 
15.499999999977215, 0.7336546386694722 
15.509999999977191, 0.6829948613757031 
15.519999999977168, 0.35693479612164164 
15.529999999977145, -0.9772474890299401 
15.539999999977121, -1.587845537592853 
15.549999999977098, -1.6920681376228863 
15.559999999977075, -1.7144731588911575 
15.569999999977052, -1.7204007803293895 
15.579999999977028, -1.7217235567341433 
15.589999999977005, -1.7213414922742636 
15.599999999976982, -1.7207222532840618 
15.609999999976958, -1.7216747597610513 
15.619999999976935, -1.724789168739464 
15.629999999976912, -1.7283582330221168 
15.639999999976888, -1.7310434111062638 
15.649999999976865, -1.7327865685334747 
15.659999999976842, -1.733824403163729 
15.669999999976818, -1.7341560165989112 
15.679999999976795, -1.733596508757294 
15.689999999976772, -1.7318873105744619 
15.699999999976749, -1.7286984855689878 
15.709999999976725, -1.723558830906324 
15.719999999976702, -1.7156545555292204 
15.729999999976679, -1.7033310207053431 
15.739999999976655, -1.6829969666635485 
15.749999999976632, -1.6475048633180802 
15.759999999976609, -1.5895967952446066 
15.769999999976585, -1.5278916521531571 
15.779999999976562, -1.503647083166964 
15.789999999976539, -1.5062142610320775 
15.799999999976515, -1.5111834750574888 
15.809999999976492, -1.513437979380042 
15.819999999976469, -1.5133802658771647 
15.829999999976446, -1.5108153336641403 
15.839999999976422, -1.5033970853392116 
15.849999999976399, -1.4850418946317065 
15.859999999976376, -1.4619550448992331 
15.869999999976352, -1.5819110606585673 
15.879999999976329, -1.9306784674532682 
15.889999999976306, -2.105248411132931 
15.899999999976282, -2.158530483167274 
15.90999999997626, -2.177990928577356 
15.919999999976236, -2.186421051632539 
15.929999999976213, -2.1901655111587344 
15.93999999997619, -2.1914231598605087 
15.949999999976166, -2.191072104596655 
15.959999999976143, -2.189399873248173 
15.96999999997612, -2.18612998128389 
15.979999999976096, -2.1799220624807374 
15.989999999976073, -2.168944451952517 
15.99999999997605, -2.158110732788866 
16.009999999976028, -2.1569470507447734 
16.019999999976005, -2.1590367141283306 
16.02999999997598, -2.1591952799941465 
16.039999999975958, -2.1562884535181426 
16.049999999975935, -2.1477809683217535 
16.05999999997591, -2.145229307985118 
16.069999999975888, -2.188871121746661 
16.079999999975865, -2.2288181981841477 
16.08999999997584, -2.2456242264821076 
16.099999999975818, -2.252548653680689 
16.109999999975795, -2.2555749752618652 
16.11999999997577, -2.256574365076401 
16.129999999975748, -2.2560728459926733 
16.139999999975725, -2.2539994577612705 
16.1499999999757, -2.2496222617179424 
16.15999999997568, -2.2405541851113915 
16.169999999975655, -2.218995259280024 
16.17999999997563, -2.165410994757859 
16.18999999997561, -2.1019991391576585 
16.199999999975585, -2.1036724548150554 
16.20999999997556, -2.1140843932934543 
16.21999999997554, -2.1172526414658295 
16.229999999975515, -2.116961389091062 
16.239999999975492, -2.114670416355447 
16.24999999997547, -2.11401271202889 
16.259999999975445, -2.121686825663349 
16.269999999975422, -2.13167665102539 
16.2799999999754, -2.137673400370022 
16.289999999975375, -2.1406194914025245 
16.299999999975352, -2.1419059155021674 
16.30999999997533, -2.141933541884005 
16.319999999975305, -2.1405341780295 
16.329999999975282, -2.137089707321344 
16.33999999997526, -2.1301444789247217 
16.349999999975235, -2.115955258969652 
16.359999999975212, -2.0828553221657193 
16.36999999997519, -1.9884158954606659 
16.379999999975166, -1.7359370378289483 
16.389999999975142, -1.5129029015223838 
16.39999999997512, -1.5041364972379756 
16.409999999975096, -1.5258622657580196 
16.419999999975072, -1.5357792790974432 
16.42999999997505, -1.53911204092358 
16.439999999975026, -1.5394019592012826 
16.449999999975002, -1.5374513799969998 
16.45999999997498, -1.5328377648891343 
16.469999999974956, -1.527684008851708 
16.479999999974932, -1.5395966696162657 
16.48999999997491, -1.5892554512966885 
16.499999999974886, -1.646435079152737 
16.509999999974863, -1.6837958092055796 
16.51999999997484, -1.7049853265566877 
16.529999999974816, -1.7174092832736298 
16.539999999974793, -1.72509771127477 
16.54999999997477, -1.729915356387917 
16.559999999974746, -1.7327512325608307 
16.569999999974723, -1.73408837172475 
16.5799999999747, -1.7342446422881252 
16.589999999974676, -1.7334630186165025 
16.599999999974653, -1.7319260266157923 
16.60999999997463, -1.7296700019884548 
16.619999999974606, -1.72647743368921 
16.629999999974583, -1.72223054458489 
16.63999999997456, -1.7179579943507295 
16.649999999974536, -1.715679095647857 
16.659999999974513, -1.7154857686612068 
16.66999999997449, -1.7155325945741011 
16.679999999974466, -1.7142855957265808 
16.689999999974443, -1.709637837570115 
16.69999999997442, -1.693898441482947 
16.709999999974396, -1.6279981566027573 
16.719999999974373, -1.2541378172189406 
16.72999999997435, 0.11803123953725839 
16.739999999974327, 0.69546226777082 
16.749999999974303, 0.7736204728205354 
16.75999999997428, 0.7903212694153376 
16.769999999974257, 0.7952431453465245 
16.779999999974233, 0.7965836132638955 
16.78999999997421, 0.7962083023328546 
16.799999999974187, 0.7944547747317726 
16.809999999974163, 0.7911597841571469 
16.81999999997414, 0.7861840208060096 
16.829999999974117, 0.7800296744713515 
16.839999999974093, 0.7740728817520888 
16.84999999997407, 0.7696764490150725 
16.859999999974047, 0.7671644029503103 
16.869999999974024, 0.765999360312261 
16.879999999974, 0.7654811649982831 
16.889999999973977, 0.7650561206685385 
16.899999999973954, 0.7642484251511382 
16.90999999997393, 0.7623688678449685 
16.919999999973907, 0.7576996639462015 
16.929999999973884, 0.7439943584000728 
16.93999999997386, 0.6863774989771837 
16.949999999973837, 0.2005091503534731 
16.959999999973814, -2.1707047328801075 
16.96999999997379, -2.681712923023634 
16.979999999973767, -2.7388884001125495 
16.989999999973744, -2.750605170311723 
16.99999999997372, -2.75328160114866 
17.009999999973697, -2.7530798678708455 
17.019999999973674, -2.7512716739703444 
17.02999999997365, -2.746971419581503 
17.039999999973627, -2.7373445956787386 
17.049999999973604, -2.7292954883656093 
17.05999999997358, -2.7314330777302187 
17.069999999973557, -2.7325816027077954 
17.079999999973534, -2.730520365818181 
17.08999999997351, -2.7267379214622167 
17.099999999973488, -2.7344669261398997 
17.109999999973464, -2.745363887808309 
17.11999999997344, -2.7497348958912657 
17.129999999973418, -2.7510472543526245 
17.139999999973394, -2.7506683121824174 
17.14999999997337, -2.7477379715779233 
17.159999999973348, -2.737702446629352 
17.169999999973324, -2.696576238201801 
17.1799999999733, -2.3990166722752675 
17.189999999973278, -0.2084672501565848 
17.199999999973254, 0.6359264729030384 
17.20999999997323, 0.7232170603940014 
17.219999999973208, 0.7414152665400505 
17.229999999973185, 0.7469646337650582 
17.23999999997316, 0.7488509224973404 
17.249999999973138, 0.7493494737294242 
17.259999999973115, 0.749281949237028 
17.26999999997309, 0.7491530841358649 
17.279999999973068, 0.7495894296274208 
17.289999999973045, 0.7516161978602911 
17.29999999997302, 0.7564986157276359 
17.309999999972998, 0.764482853210522 
17.319999999972975, 0.7735345449354941 
17.32999999997295, 0.7809161950405408 
17.339999999972928, 0.7855766027122768 
17.349999999972905, 0.787911456622673 
17.35999999997288, 0.7885113504082331 
17.36999999997286, 0.7874739549627964 
17.379999999972835, 0.7837858460897018 
17.38999999997281, 0.7728964198621294 
17.39999999997279, 0.7323932076965942 
17.409999999972765, 0.5113363949493248 
17.41999999997274, -0.34193462029092053 
17.42999999997272, -0.9064122966960128 
17.439999999972695, -1.0543024968816734 
17.449999999972672, -1.0965588300041982 
17.45999999997265, -1.1107620338147002 
17.469999999972625, -1.1159286588017765 
17.479999999972602, -1.1174830487128244 
17.48999999997258, -1.1169919140437945 
17.499999999972555, -1.1144873654227623 
17.509999999972532, -1.1088568715967542 
17.51999999997251, -1.0979698415608445 
17.529999999972485, -1.0834293760738631 
17.539999999972462, -1.1081216484018332 
17.54999999997244, -1.3858425481573171 
17.559999999972415, -1.914967061196974 
17.569999999972392, -2.1334521866977 
17.57999999997237, -2.1935643241062834 
17.589999999972346, -2.2144924356023137 
17.599999999972322, -2.2231942360253596 
17.6099999999723, -2.2268570350425922 
17.619999999972276, -2.227941513148255 
17.629999999972252, -2.2274168326968997 
17.63999999997223, -2.225582181414416 
17.649999999972206, -2.2220501218859385 
17.659999999972182, -2.21528777640272 
17.66999999997216, -2.2044276515363754 
17.679999999972136, -2.1970569278755665 
17.689999999972112, -2.1979560468235317 
17.69999999997209, -2.199406248912634 
17.709999999972066, -2.198502366744588 
17.719999999972043, -2.19357514369892 
17.72999999997202, -2.1831571051351046 
17.739999999971996, -2.1991401930140033 
17.749999999971973, -2.249442485010392 
17.75999999997195, -2.2765514788284493 
17.769999999971926, -2.2871368218437027 
17.779999999971903, -2.291579855839974 
17.78999999997188, -2.2933411586744 
17.799999999971856, -2.2934264448782242 
17.809999999971833, -2.2919818358280786 
17.81999999997181, -2.288531660414557 
17.829999999971786, -2.2813689503966708 
17.839999999971763, -2.264756522052955 
17.84999999997174, -2.2198924149929615 
17.859999999971716, -2.132905438441898 
17.869999999971693, -2.1101107799539727 
17.87999999997167, -2.1253706078066976 
17.889999999971646, -2.1313135086951887 
17.899999999971623, -2.1322028934075554 
17.9099999999716, -2.1307010594909763 
17.919999999971576, -2.128945972381735 
17.929999999971553, -2.1329671471019434 
17.93999999997153, -2.1417041307249893 
17.949999999971507, -2.1479450926803287 
17.959999999971483, -2.1511154989089407 
17.96999999997146, -2.1525602368252508 
17.979999999971437, -2.152789442842033 
17.989999999971413, -2.151647016805027 
17.99999999997139, -2.148493061582515 
18.009999999971367, -2.1418409423749165 
18.019999999971343, -2.1279839737734703 
18.02999999997132, -2.0956674018292665 
18.039999999971297, -2.002551958353186 
18.049999999971273, -1.712149356837791 
18.05999999997125, -1.3164142280326208 
18.069999999971227, -1.2110283375384652 
18.079999999971204, -1.2215098081472444 
18.08999999997118, -1.2360046043831932 
18.099999999971157, -1.243237965078515 
18.109999999971134, -1.246093085775477 
18.11999999997111, -1.2464885851672867 
18.129999999971087, -1.244780500559602 
18.139999999971064, -1.2397286525102509 
18.14999999997104, -1.2269438679032916 
18.159999999971017, -1.1942814868920437 
18.169999999970994, -1.122336667678084 
18.17999999997097, -1.151327022690054 
18.189999999970947, -2.780031380645865 
18.199999999970924, -3.301546785265836 
18.2099999999709, -3.3343510580018196 
18.219999999970877, -3.339930543232893 
18.229999999970854, -3.340446626813607 
18.23999999997083, -3.338033638506959 
18.249999999970807, -3.3287518021786378 
18.259999999970784, -3.2709706031063335 
18.26999999997076, -2.997408003450641 
18.279999999970737, -3.081046360220216 
18.289999999970714, -3.0989292502207344 
18.29999999997069, -3.100655643183731 
18.309999999970668, -3.1001153388581817 
18.319999999970644, -3.1000647233221246 
18.32999999997062, -3.099603195584342 
18.339999999970598, -3.098618988480991 
18.349999999970574, -3.098254376406295 
18.35999999997055, -3.09607314831952 
18.369999999970528, -3.081008674726392 
18.379999999970504, -3.0018910775927266 
18.38999999997048, -3.23444796756229 
18.399999999970458, -3.2993828210762777 
18.409999999970434, -3.3087582126672963 
18.41999999997041, -3.310486161011249 
18.429999999970388, -3.3092713030290355 
18.439999999970365, -3.3036408124577457 
18.44999999997034, -3.277572621311022 
18.459999999970318, -2.9506273627100326 
18.469999999970295, -1.138601196333425 
18.47999999997027, -0.9098415738202169 
18.489999999970248, -0.943409714696932 
18.499999999970225, -0.9722771804607409 
18.5099999999702, -0.9867844261596485 
18.519999999970178, -0.993459204397042 
18.529999999970155, -0.9962663343909384 
18.53999999997013, -0.9968937945647266 
18.549999999970108, -0.9957287999138623 
18.559999999970085, -0.992030570621733 
18.56999999997006, -0.9829733418115574 
18.57999999997004, -0.9597355990565788 
18.589999999970015, -0.8932497972989955 
18.59999999996999, -0.6936731049233397 
18.60999999996997, -0.2714710419815901 
18.619999999969945, 0.06511454623912374 
18.62999999996992, 0.1860173529859515 
18.6399999999699, 0.22537267068268876 
18.649999999969875, 0.24020882737506732 
18.659999999969852, 0.2465653578997608 
18.66999999996983, 0.2494331031582298 
18.679999999969805, 0.2506320956381844 
18.689999999969782, 0.2509446389610087 
18.69999999996976, 0.2507828618698335 
18.709999999969735, 0.25042345679501 
18.719999999969712, 0.25009562529844426 
18.72999999996969, 0.2500254493869049 
18.739999999969665, 0.25048824046247914 
18.749999999969642, 0.25189497948141476 
18.75999999996962, 0.25490205510607666 
18.769999999969595, 0.26042113575904974 
18.779999999969572, 0.2691793255959464 
18.78999999996955, 0.2806215531978549 
18.799999999969526, 0.2923728229784548 
18.809999999969502, 0.3018570653015808 
18.81999999996948, 0.30814366055857706 
18.829999999969456, 0.31169557287674354 
18.839999999969432, 0.3132738300607516 
18.84999999996941, 0.31336066029683957 
18.859999999969386, 0.31202118012985425 
18.869999999969362, 0.3088514402501489 
18.87999999996934, 0.30290839787089946 
18.889999999969316, 0.29287271553000604 
18.899999999969292, 0.2781515338317483 
18.90999999996927, 0.2608605178525676 
18.919999999969246, 0.24544744786793196 
18.929999999969223, 0.23476890551577326 
18.9399999999692, 0.2285195777577314 
18.949999999969176, 0.22516208596679976 
18.959999999969153, 0.22343256187543542 
18.96999999996913, 0.2225806598092707 
18.979999999969106, 0.2221877106651952 
18.989999999969083, 0.22199014327339378 
18.99999999996906, 0.22177310363274966 
19.009999999969036, 0.2213095330644653 
19.019999999969013, 0.22030543733575864 
19.02999999996899, 0.2182924196259449 
19.039999999968966, 0.21434571014720288 
19.049999999968943, 0.20627655442928355 
19.05999999996892, 0.1880262286516245 
19.069999999968896, 0.14010681461010716 
19.079999999968873, -0.003801233902330714 
19.08999999996885, -0.36340844333652544 
19.099999999968826, -0.746060329797243 
19.109999999968803, -0.913515849055338 
19.11999999996878, -0.969330710105579 
19.129999999968756, -0.9889149439870073 
19.139999999968733, -0.9963548752927973 
19.14999999996871, -0.9990785501764516 
19.159999999968687, -0.9994722431222449 
19.169999999968663, -0.9980940095532294 
19.17999999996864, -0.9944268581035429 
19.189999999968617, -0.9866517041514683 
19.199999999968593, -0.9709228849029949 
19.20999999996857, -0.9434400746532804 
19.219999999968547, -0.9367097665279791 
19.229999999968523, -1.390067274980899 
19.2399999999685, -2.803482870382054 
19.249999999968477, -3.0009899209553628 
19.259999999968453, -3.0248882859766026 
19.26999999996843, -3.030379106695379 
19.279999999968407, -3.0313049334733853 
19.289999999968384, -3.029762042828583 
19.29999999996836, -3.024519239767086 
19.309999999968337, -3.005221355837147 
19.319999999968314, -2.915340127396939 
19.32999999996829, -2.871727393114697 
19.339999999968267, -2.8989543494890535 
19.349999999968244, -2.9036503587027696 
19.35999999996822, -2.9034666352310294 
19.369999999968197, -2.9030220872149934 
19.379999999968174, -2.9041334819719764 
19.38999999996815, -2.904618178151687 
19.399999999968127, -2.9043941132602766 
19.409999999968104, -2.9039311886738775 
19.41999999996808, -2.9011014422907766 
19.429999999968057, -2.883618892076512 
19.439999999968034, -2.639534870756973 
19.44999999996801, 1.563135698375421 
19.459999999967987, 2.8286653908958064 
19.469999999967964, 2.8430149431508664 
19.47999999996794, 2.843201422256459 
19.489999999967917, 2.8351775002616106 
19.499999999967894, 2.504799027806346 
19.50999999996787, -3.493325986151396 
19.519999999967848, -3.6535229160969416 
19.529999999967824, -3.6605480869989058 
19.5399999999678, -3.6604567778538515 
19.549999999967778, -3.6587541337045844 
19.559999999967754, -3.6537301229683763 
19.56999999996773, -3.6493460678984584 
19.579999999967708, -3.651055034060544 
19.589999999967684, -3.6497189868687285 
19.59999999996766, -3.6475681067294587 
19.609999999967638, -3.6534273748367996 
19.619999999967614, -3.6560029910382843 
19.62999999996759, -3.6560983813675803 
19.639999999967568, -3.653890261486418 
19.649999999967545, -3.6352602307275212 
19.65999999996752, -2.7747648854973948 
19.669999999967498, 2.5689411384762573 
19.679999999967475, 2.6296668452983614 
19.68999999996745, 2.6330310344793895 
19.699999999967428, 2.6309052134095023 
19.709999999967405, 2.6087831855718973 
19.71999999996738, 1.5236802119136423 
19.729999999967358, 1.2153083638401987 
19.739999999967335, 1.4221273257043858 
19.74999999996731, 1.4452971509680723 
19.759999999967288, 1.4497958651979967 
19.769999999967265, 1.4505370739293044 
19.77999999996724, 1.4501913844932974 
19.78999999996722, 1.4500627269983166 
19.799999999967195, 1.451544335281159 
19.80999999996717, 1.4549258277712136 
19.81999999996715, 1.458524231075659 
19.829999999967125, 1.4608927574479065 
19.8399999999671, 1.461900722697103 
19.84999999996708, 1.4617629070112135 
19.859999999967055, 1.460051614732895 
19.869999999967032, 1.4534217824912736 
19.87999999996701, 1.4130494228171424 
19.889999999966985, 0.3218296663076464 
19.899999999966962, -3.3245800352529757 
19.90999999996694, -3.4404561743676845 
19.919999999966915, -3.4513617157729457 
19.929999999966892, -3.4525854658507287 
19.93999999996687, -3.450919098259072 
19.949999999966845, -3.4446928415330573 
19.959999999966822, -3.419759852894713 
19.9699999999668, -3.407261566469491 
19.979999999966775, -3.4164245352665312 
19.989999999966752, -3.4172197511672784 
19.99999999996673, -3.4162241780994727 
20.009999999966706, -3.417437267829308 
20.019999999966682, -3.418073087556497 
20.02999999996666, -3.4177691747580505 
20.039999999966636, -3.4167993590510237 
20.049999999966612, -3.409720333334659 
20.05999999996659, -3.317282821824815 
20.069999999966566, -3.569307416197959 
20.079999999966542, -3.8813188696921324 
20.08999999996652, -3.896653867917929 
20.099999999966496, -3.8983122532571217 
20.109999999966472, -3.8961155471647366 
20.11999999996645, -3.8836606356523404 
20.129999999966426, -3.676349825210887 
20.139999999966403, 0.2986196122792655 
20.14999999996638, 1.1341458142647185 
20.159999999966356, 1.1960215246759822 
20.169999999966333, 1.2067500783961254 
20.17999999996631, 1.2093608229310373 
20.189999999966286, 1.2097277429381985 
20.199999999966263, 1.209357656844788 
20.20999999996624, 1.2092519213642339 
20.219999999966216, 1.2107517815863886 
20.229999999966193, 1.2147588711728488 
20.23999999996617, 1.2200669462917615 
20.249999999966146, 1.2244560651217038 
20.259999999966123, 1.2270394940122267 
20.2699999999661, 1.2280459066520089 
20.279999999966076, 1.2276949942695952 
20.289999999966053, 1.2253317911686366 
20.29999999996603, 1.216735464291391 
20.309999999966006, 1.168981816284177 
20.319999999965983, 0.2826737931695621 
20.32999999996596, -2.9369463493281462 
20.339999999965936, -3.1076285593812765 
20.349999999965913, -3.123093844081643 
20.35999999996589, -3.125294637568799 
20.369999999965867, -3.1246039538676937 
20.379999999965843, -3.1221473199541308 
20.38999999996582, -3.1154773009726155 
20.399999999965797, -3.106555587938164 
20.409999999965773, -3.108186908234499 
20.41999999996575, -3.109290266345908 
20.429999999965727, -3.1070097146833033 
20.439999999965703, -3.1060010781045087 
20.44999999996568, -3.113356288862513 
20.459999999965657, -3.1173926555050695 
20.469999999965633, -3.118338186145886 
20.47999999996561, -3.1177091443115947 
20.489999999965587, -3.1134086129331497 
20.499999999965564, -3.0883092969568637 
20.50999999996554, -2.7096489057495714 
20.519999999965517, 0.890865154873366 
20.529999999965494, 1.2431586629249969 
20.53999999996547, 1.269880987151571 
20.549999999965447, 1.2750400211662714 
20.559999999965424, 1.275981147145926 
20.5699999999654, 1.2751207640705817 
20.579999999965377, 1.2724681284056198 
20.589999999965354, 1.2672056165375123 
20.59999999996533, 1.259035362232766 
20.609999999965307, 1.2507190359374696 
20.619999999965284, 1.2463437750182387 
20.62999999996526, 1.2456164341513314 
20.639999999965237, 1.2459522371139764 
20.649999999965214, 1.2458098425620805 
20.65999999996519, 1.2441614859737828 
20.669999999965167, 1.2383020729129028 
20.679999999965144, 1.2139745176602195 
20.68999999996512, 1.045693609913566 
20.699999999965097, 0.7449274486551836 
20.709999999965074, 2.588324323705485 
20.71999999996505, 2.6308635517947883 
20.729999999965028, 2.633630843161852 
20.739999999965004, 2.6310984234101564 
20.74999999996498, 2.6021119818825307 
20.759999999964958, -0.8290799572085706 
20.769999999964934, -3.5440429951663375 
20.77999999996491, -3.5808426785392107 
20.789999999964888, -3.5834887513220814 
20.799999999964864, -3.5827389580234694 
20.80999999996484, -3.580354597979089 
20.819999999964818, -3.574243632958665 
20.829999999964794, -3.5724867873042596 
20.83999999996477, -3.573683142930649 
20.849999999964748, -3.5713317014181643 
20.859999999964725, -3.5708468162682863 
20.8699999999647, -3.5775090640964313 
20.879999999964678, -3.579639852068027 
20.889999999964655, -3.5795796748772615 
20.89999999996463, -3.57676148542689 
20.909999999964608, -3.553211471325029 
20.919999999964585, -2.3973860781347254 
20.92999999996456, 2.2228834272684184 
20.939999999964538, 2.2816349596687795 
20.949999999964515, 2.285977550676586 
20.95999999996449, 2.2849883743537163 
20.969999999964468, 2.2759996000926863 
20.979999999964445, 2.170272669232964 
20.98999999996442, 1.7448057859237351 
20.9999999999644, 1.901132879661781 
21.009999999964375, 1.920429054285437 
21.01999999996435, 1.9233085641770338 
21.02999999996433, 1.9233773246284855 
21.039999999964305, 1.9231863480008133 
21.04999999996428, 1.9240133690956474 
21.05999999996426, 1.9255041119865683 
21.069999999964235, 1.9264586395390135 
21.079999999964212, 1.9266369104026306 
21.08999999996419, 1.9262308697979988 
21.099999999964165, 1.9246378998697373 
21.109999999964142, 1.917313849678702 
21.11999999996412, 1.8419696016568738 
21.129999999964095, -2.616022944843075 
21.139999999964072, -4.191022835545384 
21.14999999996405, -4.212218800513337 
21.159999999964025, -4.21384845418472 
21.169999999964002, -4.211028425208982 
21.17999999996398, -4.190591298309394 
21.189999999963955, -3.5580844319935805 
21.199999999963932, -3.666639219603673 
21.20999999996391, -3.7067284348296026 
21.219999999963886, -3.7090195386613893 
21.229999999963862, -3.7083251863398914 
21.23999999996384, -3.706728049078676 
21.249999999963816, -3.703180581639406 
21.259999999963792, -3.7026977015320206 
21.26999999996377, -3.702196286672289 
21.279999999963746, -3.6969111259686733 
21.289999999963722, -3.701993353297035 
21.2999999999637, -3.7117773574334736 
21.309999999963676, -3.713701224920431 
21.319999999963652, -3.7130940815855005 
21.32999999996363, -3.7072581770370485 
21.339999999963606, -3.637625937908954 
21.349999999963583, 0.9678570167681892 
21.35999999996356, 1.989231555177915 
21.369999999963536, 2.011190869459631 
21.379999999963513, 2.013681406966966 
21.38999999996349, 2.0123983384125914 
21.399999999963466, 2.004982089782245 
21.409999999963443, 1.964586480861038 
21.41999999996342, 1.8579158331725178 
21.429999999963396, 1.8801522370279897 
21.439999999963373, 1.8944671637246178 
21.44999999996335, 1.897330315723331 
21.459999999963326, 1.8970547737291152 
21.469999999963303, 1.8958249198705022 
21.47999999996328, 1.8966571910455297 
21.489999999963256, 1.9015657764068137 
21.499999999963233, 1.9062918420007349 
21.50999999996321, 1.9084768537870396 
21.519999999963186, 1.908848113150593 
21.529999999963163, 1.9076739285817723 
21.53999999996314, 1.9019945457491225 
21.549999999963116, 1.8525871056901781 
21.559999999963093, -1.7674025271028082 
21.56999999996307, -3.8842006928626964 
21.579999999963047, -3.9165516781673646 
21.589999999963023, -3.919767673344044 
21.599999999963, -3.918459362868975 
21.609999999962977, -3.910918767838466 
21.619999999962953, -3.8458715461940907 
21.62999999996293, -3.7903381506754057 
21.639999999962907, -3.8194975988157545 
21.649999999962883, -3.821342341190255 
21.65999999996286, -3.8206971533306593 
21.669999999962837, -3.8199979746828157 
21.679999999962813, -3.818093992540594 
21.68999999996279, -3.8176609772994192 
21.699999999962767, -3.815685885992967 
21.709999999962744, -3.8042266250580723 
21.71999999996272, -3.8228179754198117 
21.729999999962697, -3.83778702503783 
21.739999999962674, -3.83998012133605 
21.74999999996265, -3.8389579896787693 
21.759999999962627, -3.830678396421829 
21.769999999962604, -3.7130737516798646 
21.77999999996258, 1.4033090632028855 
21.789999999962557, 1.8780413194557934 
21.799999999962534, 1.8950045766373786 
21.80999999996251, 1.8972160566359793 
21.819999999962487, 1.8963223195378578 
21.829999999962464, 1.8918085454437086 
21.83999999996244, 1.8769639527569055 
21.849999999962417, 1.8472529173523942 
21.859999999962394, 1.8407187486086414 
21.86999999996237, 1.847031998499941 
21.879999999962347, 1.8494833959692838 
21.889999999962324, 1.8490386463463178 
21.8999999999623, 1.8460069944608133 
21.909999999962277, 1.8421123319867063 
21.919999999962254, 1.8517674094991712 
21.92999999996223, 1.8699216017778735 
21.939999999962208, 1.8783099728410693 
21.949999999962184, 1.8806926039725962 
21.95999999996216, 1.880418398446114 
21.969999999962138, 1.8767464686053912 
21.979999999962114, 1.8522848345325766 
21.98999999996209, 0.8548667658091252 
21.999999999962068, -3.77646725591228 
22.009999999962044, -3.849739534016188 
22.01999999996202, -3.8552176588336593 
22.029999999961998, -3.8546976267009088 
22.039999999961974, -3.8504381055656998 
22.04999999996195, -3.827795915580323 
22.059999999961928, -3.80556557744515 
22.069999999961905, -3.8181929783211173 
22.07999999996188, -3.819026838098651 
22.089999999961858, -3.818366289839646 
22.099999999961835, -3.818701341104666 
22.10999999996181, -3.8178899062081526 
22.119999999961788, -3.8173485361363317 
22.129999999961765, -3.814233109831364 
22.13999999996174, -3.787213635260264 
22.149999999961718, -3.837105593357458 
22.159999999961695, -3.877622253972588 
22.16999999996167, -3.882280463314126 
22.179999999961648, -3.8819758490801624 
22.189999999961625, -3.8766446096040497 
22.1999999999616, -3.832069906526276 
22.20999999996158, -0.7177768012833695 
22.219999999961555, 1.834450676559212 
22.22999999996153, 1.8727731586736174 
22.23999999996151, 1.8771643306061865 
22.249999999961485, 1.8775210898050787 
22.25999999996146, 1.8761942839410835 
22.26999999996144, 1.8725624001815873 
22.279999999961415, 1.865616091795874 
22.289999999961392, 1.8589047918911763 
22.29999999996137, 1.8577344593634044 
22.309999999961345, 1.8587102509620403 
22.319999999961322, 1.8585199242751074 
22.3299999999613, 1.8553545678336658 
22.339999999961275, 1.8428288762385396 
22.349999999961252, 1.824741355518355 
22.35999999996123, 1.9072238511321384 
22.369999999961205, 1.9473762466028084 
22.379999999961182, 1.9550544470563949 
22.38999999996116, 1.9560987213454442 
22.399999999961135, 1.9537508152076484 
22.409999999961112, 1.9386101124727204 
22.41999999996109, 1.5802401848973833 
22.429999999961066, -3.5172128705945527 
22.439999999961042, -3.6674205126222006 
22.44999999996102, -3.6755263190585183 
22.459999999960996, -3.6756432632874505 
22.469999999960972, -3.6734005289097977 
22.47999999996095, -3.6653344287674905 
22.489999999960926, -3.6539390433369534 
22.499999999960902, -3.658426534620787 
22.50999999996088, -3.6588810803335976 
22.519999999960856, -3.6573608190605262 
22.529999999960832, -3.6595453183987203 
22.53999999996081, -3.660791361552485 
22.549999999960786, -3.660610500898014 
22.559999999960763, -3.6589648300116635 
22.56999999996074, -3.644687103338917 
22.579999999960716, -3.3046715642235656 
22.589999999960693, -4.2245970092600675 
22.59999999996067, -4.304828560620271 
22.609999999960646, -4.309470338600826 
22.619999999960623, -4.308272643261011 
22.6299999999606, -4.298154253237355 
22.639999999960576, -4.039248877682195 
22.649999999960553, 1.731737114101175 
22.65999999996053, 1.9616850633836027 
22.669999999960506, 1.9737378877947882 
22.679999999960483, 1.9754289285922169 
22.68999999996046, 1.9753831618620432 
22.699999999960436, 1.9746905255387577 
22.709999999960413, 1.973205564067691 
22.71999999996039, 1.9709781110019584 
22.729999999960366, 1.9692298318743091 
22.739999999960343, 1.968702747771119 
22.74999999996032, 1.9681966617073652 
22.759999999960296, 1.9653927702449003 
22.769999999960273, 1.9501087205896064 
22.77999999996025, 1.8382982594680204 
22.789999999960227, 2.1284393398574486 
22.799999999960203, 2.24405044617258 
22.80999999996018, 2.2537369658678914 
22.819999999960157, 2.2544084132274973 
22.829999999960133, 2.2503716875306337 
22.83999999996011, 2.21028280731085 
22.849999999960087, -1.4889246950903114 
22.859999999960063, -3.614011185993868 
22.86999999996004, -3.64349622149249 
22.879999999960017, -3.645708163815036 
22.889999999959993, -3.644711273647096 
22.89999999995997, -3.6413318220208986 
22.909999999959947, -3.6324097999394147 
22.919999999959924, -3.631559292529817 
22.9299999999599, -3.633241633452053 
22.939999999959877, -3.6313005143268406 
22.949999999959854, -3.631934242787209 
22.95999999995983, -3.6357819865642305 
22.969999999959807, -3.636582937185929 
22.979999999959784, -3.6360512839237864 
22.98999999995976, -3.6314975552094753 
22.999999999959737, -3.5737516851776028 
23.009999999959714, -0.18723099107900926 
23.01999999995969, 3.4920198182842888 
23.029999999959667, 3.5067245871724175 
23.039999999959644, 3.505771876770904 
23.04999999995962, 3.4787893902444296 
23.059999999959597, -4.545245312209842 
23.069999999959574, -4.925805643775312 
23.07999999995955, -4.929633642429482 
23.089999999959527, -4.9274437164625935 
23.099999999959504, -4.911053245199443 
23.10999999995948, -4.902974225576357 
23.119999999959457, -4.908732200293288 
23.129999999959434, -4.9079139148682085 
23.13999999995941, -4.907140277699911 
23.149999999959388, -4.905424021711761 
23.159999999959364, -4.9045360267091205 
23.16999999995934, -4.897578957449702 
23.179999999959318, -4.907854423109801 
23.189999999959294, -4.910952745485554 
23.19999999995927, -4.909813464689321 
23.209999999959248, -4.89092644509013 
23.219999999959224, -2.9306557820480736 
23.2299999999592, -6.446170147080295 
23.239999999959178, -6.45045215488952 
23.249999999959154, -6.441636696368771 
23.25999999995913, 3.9298220014037417 
23.269999999959108, 4.420023768095312 
23.279999999959085, 4.421339769832772 
23.28999999995906, 4.411410985989347 
23.299999999959038, 4.314427833460453 
23.309999999959015, 4.36353202858553 
23.31999999995899, 4.364574438840439 
23.329999999958968, 4.363466365453838 
23.339999999958945, 4.359353653518473 
23.34999999995892, 4.358882258425535 
23.359999999958898, 4.358055893547688 
23.369999999958875, 4.356007905685273 
23.37999999995885, 4.360674335664366 
23.389999999958828, 4.360937749841551 
23.399999999958805, 4.3585501063318794 
23.40999999995878, 4.290346411616704 
23.41999999995876, 4.440856068612937 
23.429999999958735, 4.4529310104527635 
23.43999999995871, 4.4503366223689 
23.44999999995869, 3.9831431182154353 
23.459999999958665, -6.446037134514323 
23.46999999995864, -6.452154840908636 
23.47999999995862, -6.445248956969559 
23.489999999958595, -5.346691466799909 
23.499999999958572, -6.02138337805873 
23.50999999995855, -6.022950155875327 
23.519999999958525, -6.01803549404331 
23.529999999958502, -6.004948871694489 
23.53999999995848, -6.010780971862978 
23.549999999958455, -6.009679837799145 
23.559999999958432, -6.00761985528492 
23.56999999995841, -6.006678135985043 
23.579999999958385, -6.002696167738258 
23.589999999958362, -6.006590860512293 
23.59999999995834, -6.006535517413393 
23.609999999958315, -6.001164838076146 
23.619999999958292, -5.981552182234525 
23.62999999995827, -6.0547748258646505 
23.639999999958246, -6.055085182736699 
23.649999999958222, -6.036887821020362 
23.6599999999582, 4.081513877365082 
23.669999999958176, 4.20561861324412 
23.679999999958152, 4.206017731921981 
23.68999999995813, 4.183944459497164 
23.699999999958106, 2.901257205858678 
23.709999999958082, 3.40165340497044 
23.71999999995806, 3.4075215481245174 
23.729999999958036, 3.407209914622888 
23.739999999958012, 3.4040753703127313 
23.74999999995799, 3.3957398469695312 
23.759999999957966, 3.395975314715524 
23.769999999957943, 3.397098731746419 
23.77999999995792, 3.394885465438029 
23.789999999957896, 3.395981695623605 
23.799999999957873, 3.4005404223604954 
23.80999999995785, 3.4012714902612773 
23.819999999957826, 3.400085653729433 
23.829999999957803, 3.389116767922734 
23.83999999995778, 2.8959293830709356 
23.849999999957756, 3.77952261163977 
23.859999999957733, 3.790182327491125 
23.86999999995771, 3.788267340558942 
23.879999999957686, 3.7133053417133453 
23.889999999957663, -5.6330536339638755 
23.89999999995764, -5.670800139650661 
23.909999999957616, -5.6700295336328965 
23.919999999957593, -5.652895956839042 
23.92999999995757, -5.5902613578021505 
23.939999999957546, -5.61403850642767 
23.949999999957523, -5.613322509267472 
23.9599999999575, -5.609754195864085 
23.969999999957476, -5.60726106973283 
23.979999999957453, -5.60707140078511 
23.98999999995743, -5.606469822960993 
23.999999999957407, -5.6066673977302255 
24.009999999957383, -5.605514251505491 
24.01999999995736, -5.593255506415938 
24.029999999957337, -5.613102447596842 
24.039999999957313, -5.62114055234842 
24.04999999995729, -5.619509597239868 
24.059999999957267, -5.5631487870293626 
24.069999999957243, 4.316332912028836 
24.07999999995722, 4.361433245322651 
24.089999999957197, 4.360330797642971 
24.099999999957173, 4.2724888949684905 
24.10999999995715, -5.760145632778843 
24.119999999957127, -5.785316754231615 
24.129999999957104, -5.78385093690643 
24.13999999995708, -5.7624163519106215 
24.149999999957057, -5.753226044089185 
24.159999999957034, -5.758238343080146 
24.16999999995701, -5.756978588342017 
24.179999999956987, -5.753317740586548 
24.189999999956964, -5.753172133839167 
24.19999999995694, -5.750651621626703 
24.209999999956917, -5.752538847356803 
24.219999999956894, -5.7521119969546035 
24.22999999995687, -5.74858470705402 
24.239999999956847, -5.724143755172934 
24.249999999956824, -5.775467850613744 
24.2599999999568, -5.776643956708809 
24.269999999956777, -5.768087137778091 
24.279999999956754, 2.3430988588070907 
24.28999999995673, 4.164081551162511 
24.299999999956707, 4.167323767688696 
24.309999999956684, 4.1590636296438515 
24.31999999995666, -0.7364854553815003 
24.329999999956637, -4.822458912328044 
24.339999999956614, -4.834872279381399 
24.34999999995659, -4.834099916770453 
24.359999999956568, -4.828330027310258 
24.369999999956544, -4.8138333798403945 
24.37999999995652, -4.8205320828243625 
24.389999999956498, -4.819977368432551 
24.399999999956474, -4.819830744579344 
24.40999999995645, -4.818826375480684 
24.419999999956428, -4.818045810123111 
24.429999999956404, -4.812539272457668 
24.43999999995638, -4.812726463297677 
24.449999999956358, -4.8299892561813955 
24.459999999956334, -4.831087483917974 
24.46999999995631, -4.827506461579837 
24.479999999956288, -4.720305056533071 
24.489999999956265, 3.362467589758366 
24.49999999995624, 3.43442593242508 
24.509999999956218, 3.4359349621669195 
24.519999999956195, 3.4287555741186586 
24.52999999995617, 2.710939372598042 
24.539999999956148, -3.3087579433876506 
24.549999999956125, -3.502621168258127 
24.5599999999561, -3.5113083119054678 
24.569999999956078, -3.511548320576491 
24.579999999956055, -3.5103914697559246 
24.58999999995603, -3.507370549219209 
24.599999999956008, -3.5032103668833807 
24.609999999955985, -3.503818686052533 
24.61999999995596, -3.5029759890317287 
24.62999999995594, -3.4980801177975116 
24.639999999955915, -3.5043397917303833 
24.64999999995589, -3.5127166825479264 
24.65999999995587, -3.514567672335739 
24.669999999955845, -3.5141455609707846 
24.67999999995582, -3.5096541441494047 
24.6899999999558, -3.4726403533763937 
24.699999999955775, -1.7107420080801696 
24.709999999955752, 1.6736213843082273 
24.71999999995573, 1.7376384096481459 
24.729999999955705, 1.7444128579912483 
24.739999999955682, 1.7450827759281868 
24.74999999995566, 1.7429380073928282 
24.759999999955635, 1.7349197622802568 
24.769999999955612, 1.7079290668529015 
24.77999999995559, 1.6646743691866022 
24.789999999955565, 1.6640948675733962 
24.799999999955542, 1.6721672493903674 
24.80999999995552, 1.674928244878609 
24.819999999955495, 1.6747456527397557 
24.829999999955472, 1.672204028284122 
24.83999999995545, 1.6678212624898083 
24.849999999955426, 1.6722360541841035 
24.859999999955402, 1.6932064004623164 
24.86999999995538, 1.7074335039970863 
24.879999999955356, 1.7124848685931824 
24.889999999955332, 1.7135969386029504 
24.89999999995531, 1.7123184807060983 
24.909999999955286, 1.705481408026868 
24.919999999955262, 1.6500916947614415 
24.92999999995524, -1.312788927071312 
24.939999999955216, -3.583543813751496 
24.949999999955192, -3.6250749150905213 
24.95999999995517, -3.629002368900997 
24.969999999955146, -3.6283356048199 
24.979999999955123, -3.624735278074349 
24.9899999999551, -3.610614339687145 
24.999999999955076, -3.5983112002110182 
