t, s[1].omega / s[0].omega 
0, -1.5199971946489996 
0.009999999999999995, -1.519443832867184 
0.019999999999999934, -1.5183435264764582 
0.029999999999999874, -1.5166774268761494 
0.04000000000000012, -1.5144180290941383 
0.050000000000000405, -1.5115389376946498 
0.06000000000000069, -1.5080648128185838 
0.07000000000000098, -1.5042408724740193 
0.08000000000000126, -1.5007626985856715 
0.09000000000000155, -1.4985436679677728 
0.10000000000000184, -1.4978149093020643 
0.11000000000000212, -1.4978894562797749 
0.12000000000000241, -1.4979755921072972 
0.130000000000002, -1.4975953022046917 
0.1400000000000009, -1.4963291398539362 
0.1499999999999998, -1.4933111818812213 
0.1599999999999987, -1.4862667937041603 
0.1699999999999976, -1.4689942864605785 
0.1799999999999965, -1.424903727524457 
0.1899999999999954, -1.3168852509909026 
0.1999999999999943, -1.1016274067609249 
0.2099999999999932, -0.8001398656328789 
0.2199999999999921, -0.5057611521552536 
0.229999999999991, -0.3045038361988138 
0.2399999999999899, -0.20101121629573188 
0.2499999999999888, -0.15305039398862355 
0.2599999999999877, -0.13030532310254 
0.2699999999999866, -0.1187992327302142 
0.2799999999999855, -0.11259080507140917 
0.2899999999999844, -0.10907582697972973 
0.2999999999999833, -0.10704811276219975 
0.3099999999999822, -0.1059246665137574 
0.3199999999999811, -0.10542601211853234 
0.32999999999998, -0.10544171004973153 
0.3399999999999789, -0.10597994438757508 
0.3499999999999778, -0.1071660721561947 
0.35999999999997667, -0.10928711970201657 
0.36999999999997557, -0.11290731371684233 
0.37999999999997447, -0.11912703404572719 
0.38999999999997337, -0.13015866889718858 
0.39999999999997227, -0.15058297251706126 
0.40999999999997117, -0.18968442882282632 
0.41999999999997006, -0.262873667428299 
0.42999999999996896, -0.37946455386955885 
0.43999999999996786, -0.5106736234357985 
0.44999999999996676, -0.6080120630274093 
0.45999999999996566, -0.6618770277526392 
0.46999999999996456, -0.6884505808804119 
0.47999999999996346, -0.7014967637511487 
0.48999999999996235, -0.7081109542578088 
0.49999999999996125, -0.7115507831508052 
0.5099999999999602, -0.7133087021424916 
0.519999999999959, -0.7140773667934138 
0.529999999999958, -0.7141582502743896 
0.5399999999999568, -0.7136234304143056 
0.5499999999999557, -0.7123571229973711 
0.5599999999999546, -0.7100208167422094 
0.5699999999999535, -0.7059615455807753 
0.5799999999999524, -0.6991246278538796 
0.5899999999999513, -0.6881833624109062 
0.5999999999999502, -0.6722433696458712 
0.6099999999999491, -0.6520067418861969 
0.619999999999948, -0.6300750439269669 
0.6299999999999469, -0.6094929249849435 
0.6399999999999458, -0.5921067782119123 
0.6499999999999447, -0.5783185146842672 
0.6599999999999436, -0.5677248847384251 
0.6699999999999425, -0.5596999124752038 
0.6799999999999414, -0.5536677859885909 
0.6899999999999403, -0.5491756233171239 
0.6999999999999392, -0.5458860219821805 
0.7099999999999381, -0.5435493041652828 
0.719999999999937, -0.5419772980101737 
0.7299999999999359, -0.5410243549173632 
0.7399999999999348, -0.5405756273411135 
0.7499999999999337, -0.5405410088936325 
0.7599999999999326, -0.5408530163832556 
0.7699999999999315, -0.5414673313421183 
0.7799999999999304, -0.5423652334237461 
0.7899999999999293, -0.5435572918840128 
0.7999999999999282, -0.5450870061596554 
0.8099999999999271, -0.547031461888041 
0.819999999999926, -0.5494936805237491 
0.8299999999999249, -0.5525782816800614 
0.8399999999999238, -0.5563397935409473 
0.8499999999999227, -0.5607010997350281 
0.8599999999999216, -0.5653772481364181 
0.8699999999999205, -0.569894031946991 
0.8799999999999194, -0.5737594539678907 
0.8899999999999183, -0.5766786820663659 
0.8999999999999172, -0.5786240118846957 
0.9099999999999161, -0.579737863572693 
0.919999999999915, -0.5801984100070342 
0.9299999999999139, -0.5801369198251385 
0.9399999999999128, -0.5796050310777365 
0.9499999999999117, -0.5785572291620162 
0.9599999999999106, -0.5768154285009551 
0.9699999999999095, -0.5739761491960491 
0.9799999999999084, -0.5691750123298924 
0.9899999999999073, -0.5604793367677554 
0.9999999999999062, -0.54332316512059 
1.0099999999999052, -0.5070915085649117 
1.019999999999904, -0.4327108149363421 
1.029999999999903, -0.3115711385302003 
1.039999999999902, -0.18481773404782367 
1.0499999999999008, -0.10015594948095277 
1.0599999999998997, -0.05582142377427164 
1.0699999999998986, -0.033668306666974915 
1.0799999999998975, -0.022122906704185936 
1.0899999999998964, -0.015707997265913636 
1.0999999999998953, -0.011922120485013494 
1.1099999999998942, -0.009579958977379514 
1.119999999999893, -0.008093614413772996 
1.129999999999892, -0.007166746189770447 
1.1399999999998909, -0.006662849705630673 
1.1499999999998898, -0.0065528193202307366 
1.1599999999998887, -0.006908072176267828 
1.1699999999998876, -0.007935717392954435 
1.1799999999998865, -0.010076458954810021 
1.1899999999998854, -0.014213015613570763 
1.1999999999998843, -0.02201368260021577 
1.2099999999998832, -0.035847620217524793 
1.219999999999882, -0.053456598874053206 
1.229999999999881, -0.0387190709677883 
1.2399999999998799, 0.09677597057324173 
1.2499999999998788, 0.28052122048531025 
1.2599999999998777, 0.37068959296847503 
1.2699999999998766, 0.402556268492717 
1.2799999999998755, 0.41445859372583194 
1.2899999999998744, 0.4194252704886606 
1.2999999999998733, 0.42164067561296664 
1.3099999999998722, 0.42261928663503745 
1.319999999999871, 0.42299621261839837 
1.32999999999987, 0.4230865861613098 
1.3399999999998689, 0.42308372158662444 
1.3499999999998678, 0.4231417808496335 
1.3599999999998666, 0.4234197239048451 
1.3699999999998655, 0.4241070643420792 
1.3799999999998644, 0.425418908898825 
1.3899999999998633, 0.4275217819231278 
1.3999999999998622, 0.4303756711899391 
1.4099999999998611, 0.4336108664313203 
1.41999999999986, 0.4366471540448108 
1.429999999999859, 0.4390082230618352 
1.4399999999998578, 0.44049942764045663 
1.4499999999998567, 0.4411233250590489 
1.4599999999998556, 0.440898316420792 
1.4699999999998545, 0.439708648903865 
1.4799999999998534, 0.4371844863222917 
1.4899999999998523, 0.43261132425872956 
1.4999999999998512, 0.4250691351394334 
1.5099999999998501, 0.41433238525490906 
1.519999999999849, 0.4023491401757008 
1.529999999999848, 0.3925671278783187 
1.5399999999998468, 0.3866523019091342 
1.5499999999998457, 0.38377051917039884 
1.5599999999998446, 0.38250477329472604 
1.5699999999998435, 0.38191759089087374 
1.5799999999998424, 0.38153704877787276 
1.5899999999998413, 0.38112571533636264 
1.5999999999998402, 0.3805188137075799 
1.6099999999998391, 0.37951765766848344 
1.619999999999838, 0.3777683467883897 
1.629999999999837, 0.3745067476628786 
1.6399999999998358, 0.36783763273198666 
1.6499999999998347, 0.3523340824436794 
1.6599999999998336, 0.3101260585030571 
1.6699999999998325, 0.18334050521385764 
1.6799999999998314, -0.09301973454742442 
1.6899999999998303, -0.3023008694338367 
1.6999999999998292, -0.3164323514783763 
1.709999999999828, -0.27325079091754334 
1.719999999999827, -0.24048784670376394 
1.729999999999826, -0.22260207966726958 
1.7399999999998248, -0.21342513712972327 
1.7499999999998237, -0.2086798198249269 
1.7599999999998226, -0.2061752697299275 
1.7699999999998215, -0.204842583765168 
1.7799999999998204, -0.20415514516474312 
1.7899999999998193, -0.20385004509975552 
1.7999999999998182, -0.20379969513360843 
1.809999999999817, -0.20395385685972683 
1.819999999999816, -0.20431606329898386 
1.8299999999998149, -0.2049388717625406 
1.8399999999998138, -0.20593179022379107 
1.8499999999998127, -0.20748088603706566 
1.8599999999998116, -0.20988288102588037 
1.8699999999998105, -0.21359689736288506 
1.8799999999998094, -0.21930131499145405 
1.8899999999998083, -0.2278791276361057 
1.8999999999998072, -0.2401127609937697 
1.909999999999806, -0.2558269070179841 
1.919999999999805, -0.27295485209073134 
1.9299999999998039, -0.28821656662817396 
1.9399999999998028, -0.29945598243463306 
1.9499999999998017, -0.3066611178724341 
1.9599999999998006, -0.31092325404231397 
1.9699999999997995, -0.31332767018736035 
1.9799999999997984, -0.31460030795944605 
1.9899999999997973, -0.31515092667552724 
1.9999999999997962, -0.31518303447466545 
2.0099999999998173, -0.31477366078356933 
2.0199999999998384, -0.31392274792385966 
2.0299999999998595, -0.31259300914989757 
2.0399999999998806, -0.31076013327452995 
2.0499999999999017, -0.3084764124441898 
2.059999999999923, -0.30591518592102657 
2.069999999999944, -0.3033443799785772 
2.079999999999965, -0.30102939513842103 
2.089999999999986, -0.29914155910522655 
2.100000000000007, -0.2977344975445829 
2.1100000000000283, -0.2967737829300939 
2.1200000000000494, -0.29617509261829555 
2.1300000000000705, -0.2958304352915958 
2.1400000000000916, -0.2956265460115596 
2.1500000000001127, -0.29546185880764286 
2.160000000000134, -0.2952595960794871 
2.170000000000155, -0.2949711172492716 
2.180000000000176, -0.2945690826128657 
2.190000000000197, -0.29403523091584194 
2.2000000000002182, -0.2933464834831667 
2.2100000000002393, -0.29245684698656005 
2.2200000000002604, -0.2912604017536696 
2.2300000000002815, -0.28948721213769246 
2.2400000000003026, -0.2863724659366997 
2.2500000000003237, -0.2795831783222213 
2.260000000000345, -0.26211722797684367 
2.270000000000366, -0.21725758475111792 
2.280000000000387, -0.1287048738842454 
2.290000000000408, -0.024291458594297613 
2.3000000000004293, 0.04748412508397992 
2.3100000000004504, 0.08398341511056454 
2.3200000000004715, 0.10132960419680241 
2.3300000000004926, 0.10984058774897347 
2.3400000000005137, 0.11422910940339641 
2.3500000000005348, 0.11657201828198589 
2.360000000000556, 0.11783121902190245 
2.370000000000577, 0.11848499560895868 
2.380000000000598, 0.11878848184804154 
2.390000000000619, 0.11888749930231715 
2.4000000000006403, 0.11887542791617753 
2.4100000000006614, 0.11883335814143973 
2.4200000000006825, 0.11888348198429503 
2.4300000000007036, 0.11930574851609103 
2.4400000000007247, 0.1208301844898664 
2.450000000000746, 0.12528286044984022 
2.460000000000767, 0.1363190748998115 
2.470000000000788, 0.1576332015872954 
2.480000000000809, 0.1860632976415914 
2.49000000000083, 0.21132487999909397 
2.5000000000008513, 0.22783503622770823 
2.5100000000008724, 0.23704235892607567 
2.5200000000008935, 0.24187538967279298 
2.5300000000009146, 0.24431479206753842 
2.5400000000009357, 0.2454244329721305 
2.550000000000957, 0.24575503860470932 
2.560000000000978, 0.245612678435835 
2.570000000000999, 0.2451972923589874 
2.58000000000102, 0.24466416517159134 
2.5900000000010412, 0.2441438715682173 
2.6000000000010624, 0.24374581361151945 
2.6100000000010835, 0.24356203831942894 
2.6200000000011046, 0.24367592802359211 
2.6300000000011257, 0.2441688343367511 
2.6400000000011468, 0.24511099091215938 
2.650000000001168, 0.24652442930072058 
2.660000000001189, 0.24832546370860106 
2.67000000000121, 0.25029400152850906 
2.680000000001231, 0.25212623216045643 
2.6900000000012523, 0.25354965060812407 
2.7000000000012734, 0.2543989558080916 
2.7100000000012945, 0.2545954999619927 
2.7200000000013156, 0.25406772785062137 
2.7300000000013367, 0.25267008595025836 
2.740000000001358, 0.2501350800703709 
2.750000000001379, 0.24611012055583026 
2.7600000000014, 0.24038584510975664 
2.770000000001421, 0.23333303317665338 
2.780000000001442, 0.2261035921415923 
2.7900000000014633, 0.22001170943573917 
2.8000000000014844, 0.21566116657019846 
2.8100000000015055, 0.21287019528942563 
2.8200000000015266, 0.21116114815232204 
2.8300000000015477, 0.21011143163727447 
2.840000000001569, 0.20943594448243297 
2.85000000000159, 0.20895298886978836 
2.860000000001611, 0.20853366958874814 
2.870000000001632, 0.2080612943274293 
2.8800000000016532, 0.2073980354056811 
2.8900000000016743, 0.20634567530817308 
2.9000000000016954, 0.20457474263662195 
2.9100000000017165, 0.20146684364087003 
2.9200000000017377, 0.19574231720683646 
2.9300000000017588, 0.1845917879619358 
2.94000000000178, 0.16199115437803385 
2.950000000001801, 0.11812785211210448 
2.960000000001822, 0.05137400134899363 
2.970000000001843, -0.010708822060039331 
2.9800000000018643, -0.043298771640789435 
2.9900000000018854, -0.054623399623755786 
3.0000000000019065, -0.05765142400649855 
3.0100000000019276, -0.05823211162956944 
3.0200000000019487, -0.058206587403312436 
3.03000000000197, -0.05807965156951922 
3.040000000001991, -0.0579784919002944 
3.050000000002012, -0.05793535031859757 
3.060000000002033, -0.05796852561613457 
3.070000000002054, -0.05810886414198946 
3.0800000000020753, -0.05841423407850802 
3.0900000000020964, -0.058985396732857756 
3.1000000000021175, -0.05999057093210105 
3.1100000000021386, -0.061708902320866545 
3.1200000000021597, -0.06461175275536207 
3.130000000002181, -0.06951022179925488 
3.140000000002202, -0.07777975434459464 
3.150000000002223, -0.09151014163110024 
3.160000000002244, -0.11285770662537478 
3.1700000000022652, -0.14135325585287267 
3.1800000000022863, -0.17103405068389171 
3.1900000000023074, -0.19425411487785804 
3.2000000000023285, -0.20866922585586223 
3.2100000000023496, -0.2165588264931237 
3.2200000000023707, -0.22071948575830014 
3.230000000002392, -0.22292398480888384 
3.240000000002413, -0.2240877013453809 
3.250000000002434, -0.2246548751702775 
3.260000000002455, -0.22483830542351693 
3.2700000000024763, -0.2247396484510245 
3.2800000000024974, -0.2244105377952525 
3.2900000000025185, -0.22388960663107502 
3.3000000000025396, -0.2232296071382937 
3.3100000000025607, -0.22251443650903116 
3.3200000000025818, -0.22185924932218143 
3.330000000002603, -0.22139294768347945 
3.340000000002624, -0.22123508449600487 
3.350000000002645, -0.22148030055923634 
3.360000000002666, -0.22218863906929606 
3.3700000000026873, -0.2233681712156272 
3.3800000000027084, -0.22494510941465823 
3.3900000000027295, -0.22674451586833388 
3.4000000000027506, -0.22852109979584317 
3.4100000000027717, -0.23004237590288418 
3.420000000002793, -0.2311638941067533 
3.430000000002814, -0.23184049293746503 
3.440000000002835, -0.23208334963191207 
3.450000000002856, -0.23190532584954832 
3.460000000002877, -0.23127697424715912 
3.4700000000028983, -0.2300894742124175 
3.4800000000029194, -0.22811384877340363 
3.4900000000029405, -0.22496117062999016 
3.5000000000029616, -0.22009862970511188 
3.5100000000029827, -0.21305906523606133 
3.520000000003004, -0.20393678490307457 
3.530000000003025, -0.19379490369364163 
3.540000000003046, -0.18424863630909147 
3.550000000003067, -0.17646266881703634 
3.5600000000030882, -0.1707112595538674 
3.5700000000031094, -0.16669311946304274 
3.5800000000031305, -0.1639556899766626 
3.5900000000031516, -0.16210235622769054 
3.6000000000031727, -0.16083557849476215 
3.6100000000031938, -0.15994202851631212 
3.620000000003215, -0.15927135627950978 
3.630000000003236, -0.15872079057778207 
3.640000000003257, -0.15822369089163668 
3.650000000003278, -0.15773912469045273 
3.6600000000032993, -0.1572413873037672 
3.6700000000033204, -0.15670772470254782 
3.6800000000033415, -0.15609628118675925 
3.6900000000033626, -0.15528552987827007 
3.7000000000033837, -0.15387641971773178 
3.710000000003405, -0.15052917119616915 
3.720000000003426, -0.14093975507785247 
3.730000000003447, -0.11379509075166376 
3.740000000003468, -0.0538209834826245 
3.750000000003489, 0.027508536065869588 
3.7600000000035103, 0.09105073737734358 
3.7700000000035314, 0.12584153353750788 
3.7800000000035525, 0.14276092164698356 
3.7900000000035736, 0.1510467028474951 
3.8000000000035947, 0.1552600485837287 
3.810000000003616, 0.15745669796707923 
3.820000000003637, 0.15859382289606666 
3.830000000003658, 0.15915148124295325 
3.840000000003679, 0.15939351867420617 
3.8500000000037002, 0.15948153856864056 
3.8600000000037213, 0.1595319999354469 
3.8700000000037424, 0.1596566713863615 
3.8800000000037635, 0.16001054474760507 
3.8900000000037847, 0.1608717152273408 
3.9000000000038058, 0.16277962390358997 
3.910000000003827, 0.1667048805407162 
3.920000000003848, 0.17396073508927495 
3.930000000003869, 0.18517267377233265 
3.94000000000389, 0.1986202869448182 
3.9500000000039113, 0.21085210187919262 
3.9600000000039324, 0.2196935599849898 
3.9700000000039535, 0.22518200475440842 
3.9800000000039746, 0.228264210996956 
3.9900000000039957, 0.2297994893539331 
4.000000000004016, 0.23033726086394882 
4.010000000003993, 0.2301939254348206 
4.02000000000397, 0.22956531364896998 
4.030000000003946, 0.2286096482022529 
4.040000000003923, 0.22748896874216368 
4.0500000000039, 0.22636838534812598 
4.0600000000038765, 0.22539042960200426 
4.070000000003853, 0.224654248313509 
4.08000000000383, 0.2242161785975087 
4.090000000003807, 0.22410416464034283 
4.100000000003783, 0.2243285618821702 
4.11000000000376, 0.2248776140752955 
4.120000000003737, 0.2256980585231907 
4.130000000003713, 0.22667604042741477 
4.14000000000369, 0.22764194304521027 
4.150000000003667, 0.22840666904493015 
4.1600000000036434, 0.2288018891408988 
4.17000000000362, 0.22868518925953413 
4.180000000003597, 0.2278977747247859 
4.1900000000035735, 0.2261891047472068 
4.20000000000355, 0.22313287619592476 
4.210000000003527, 0.21809871432662206 
4.220000000003504, 0.2104734265033596 
4.23000000000348, 0.20038456994358228 
4.240000000003457, 0.18946478873105155 
4.250000000003434, 0.18012422117073615 
4.26000000000341, 0.17364410684584397 
4.270000000003387, 0.1697222535162133 
4.280000000003364, 0.16747348313151325 
4.2900000000033405, 0.16616576366972566 
4.300000000003317, 0.16535291502697844 
4.310000000003294, 0.16478540415067205 
4.320000000003271, 0.16431399882808434 
4.330000000003247, 0.16382615364618677 
4.340000000003224, 0.16320441390111426 
4.350000000003201, 0.16229011670289323 
4.360000000003177, 0.1608322669921301 
4.370000000003154, 0.15838617752194867 
4.380000000003131, 0.15408518707220217 
4.390000000003107, 0.1461147703089985 
4.400000000003084, 0.13059114729485904 
4.410000000003061, 0.10006261129812133 
4.4200000000030375, 0.046500379548786844 
4.430000000003014, -0.020625619721471772 
4.440000000002991, -0.07095120678661 
4.450000000002968, -0.09469320793254443 
4.460000000002944, -0.10325662946930272 
4.470000000002921, -0.10607295179506834 
4.480000000002898, -0.10700615338192432 
4.490000000002874, -0.10733522094660009 
4.500000000002851, -0.10746390081625738 
4.510000000002828, -0.10752376758629278 
4.520000000002804, -0.10756520528791771 
4.530000000002781, -0.1076196672235609 
4.540000000002758, -0.1077240851630082 
4.5500000000027345, -0.10793536294862949 
4.560000000002711, -0.10834374466623706 
4.570000000002688, -0.10908892959917382 
4.580000000002665, -0.11038382912507239 
4.590000000002641, -0.11255386615618039 
4.600000000002618, -0.11609691671778304 
4.610000000002595, -0.12174071438685055 
4.620000000002571, -0.13037988212855642 
4.630000000002548, -0.14261038219631034 
4.640000000002525, -0.15770969509188848 
4.6500000000025015, -0.1730675114325928 
4.660000000002478, -0.18568959730249573 
4.670000000002455, -0.19435818644836925 
4.6800000000024315, -0.1996580471517057 
4.690000000002408, -0.20270422012535846 
4.700000000002385, -0.20438163228447476 
4.710000000002362, -0.2052296717012375 
4.720000000002338, -0.20554023172540986 
4.730000000002315, -0.20545872811081586 
4.740000000002292, -0.2050513713080065 
4.750000000002268, -0.20435071775448824 
4.760000000002245, -0.20339319598478442 
4.770000000002222, -0.20225070154928665 
4.7800000000021985, -0.20104459964909221 
4.790000000002175, -0.1999295679272318 
4.800000000002152, -0.1990554836497513 
4.810000000002129, -0.19853494082730677 
4.820000000002105, -0.19843302857311568 
4.830000000002082, -0.19876921454015578 
4.840000000002059, -0.1995126132540813 
4.850000000002035, -0.2005682681877432 
4.860000000002012, -0.20177539636854433 
4.870000000001989, -0.20294072345072448 
4.880000000001965, -0.20389657483720755 
4.890000000001942, -0.20454123205693714 
4.900000000001919, -0.2048351038377001 
4.9100000000018955, -0.2047656355672142 
4.920000000001872, -0.2043053360190788 
4.930000000001849, -0.20337168770760133 
4.940000000001826, -0.2017824504687963 
4.950000000001802, -0.1991995525948804 
4.960000000001779, -0.19508293013228895 
4.970000000001756, -0.1887603640439162 
4.980000000001732, -0.1798203021903559 
4.990000000001709, -0.1688080610039931 
5.000000000001686, -0.15742074441222825 
5.0100000000016625, -0.14750507987218808 
5.020000000001639, -0.13994253926902878 
5.030000000001616, -0.1346253789018655 
5.0400000000015925, -0.13103345013786372 
5.050000000001569, -0.12864237804273576 
5.060000000001546, -0.12705035873603165 
5.070000000001523, -0.12597354195974692 
5.080000000001499, -0.1252138420350347 
5.090000000001476, -0.12463339010618261 
5.100000000001453, -0.12413805196853536 
5.110000000001429, -0.12366476864822602 
5.120000000001406, -0.12316880659218163 
5.130000000001383, -0.12260823728709616 
5.1400000000013595, -0.12191927510793284 
5.150000000001336, -0.12096206490985884 
5.160000000001313, -0.11937498112726697 
5.17000000000129, -0.11615913686229073 
5.180000000001266, -0.10857675814128372 
5.190000000001243, -0.09015131306900113 
5.20000000000122, -0.05169465031531277 
5.210000000001196, 0.004344675243675497 
5.220000000001173, 0.05545648363834553 
5.23000000000115, 0.08800230262036415 
5.240000000001126, 0.10542482135407297 
5.250000000001103, 0.11440841904543023 
5.26000000000108, 0.11910766507859327 
5.2700000000010565, 0.12160451352387805 
5.280000000001033, 0.12291939525168546 
5.29000000000101, 0.12357702621791507 
5.300000000000987, 0.1238690930645969 
5.310000000000963, 0.12397332140240458 
5.32000000000094, 0.1240113581313923 
5.330000000000917, 0.12408483832690179 
5.340000000000893, 0.12431107156704191 
5.35000000000087, 0.12487647935913215 
5.360000000000847, 0.12613099408987866 
5.3700000000008234, 0.12874045080620905 
5.3800000000008, 0.13381486968391762 
5.390000000000777, 0.14258985071984304 
5.4000000000007535, 0.1550638153227286 
5.41000000000073, 0.1687399506442059 
5.420000000000707, 0.18027842035549765 
5.430000000000684, 0.18823212885499885 
5.44000000000066, 0.19305538295975133 
5.450000000000637, 0.195728648180801 
5.460000000000614, 0.19703086228164746 
5.47000000000059, 0.19744618650013634 
5.480000000000567, 0.19726164004871824 
5.490000000000544, 0.19666881634071087 
5.5000000000005205, 0.1958291943362363 
5.510000000000497, 0.19489884168541102 
5.520000000000474, 0.19402158563143773 
5.5300000000004506, 0.1933125261830125 
5.540000000000427, 0.19285271637690268 
5.550000000000404, 0.19269887791391954 
5.560000000000381, 0.19289682735839692 
5.570000000000357, 0.19348382929457678 
5.580000000000334, 0.19446971311706726 
5.590000000000311, 0.1957991089028446 
5.600000000000287, 0.1973206839604919 
5.610000000000264, 0.19880378933671067 
5.620000000000241, 0.20000881489008368 
5.6300000000002175, 0.2007555876834509 
5.640000000000194, 0.20093158020140053 
5.650000000000171, 0.20044224168188146 
5.660000000000148, 0.19914421455338266 
5.670000000000124, 0.1968003030117076 
5.680000000000101, 0.1931057054190883 
5.690000000000078, 0.1878704624915236 
5.700000000000054, 0.18137475052628022 
5.710000000000031, 0.17456704296543044 
5.720000000000008, 0.16861999786899096 
5.729999999999984, 0.16418473618641302 
5.739999999999961, 0.16121578014466018 
5.749999999999938, 0.15933493844163982 
5.7599999999999145, 0.15816182328843303 
5.769999999999891, 0.15742332378285367 
5.779999999999868, 0.15694160539643112 
5.789999999999845, 0.15659363821627958 
5.799999999999821, 0.15627541080567306 
5.809999999999798, 0.1558751934326484 
5.819999999999775, 0.15525078208115844 
5.829999999999751, 0.1541990544714004 
5.839999999999728, 0.1523955068424557 
5.849999999999705, 0.1492629990163024 
5.8599999999996815, 0.1436996806529418 
5.869999999999658, 0.13359603424540373 
5.879999999999635, 0.11541655613655252 
5.8899999999996115, 0.0857807214630737 
5.899999999999588, 0.048119466283010684 
5.909999999999565, 0.015445934166936084 
5.919999999999542, -0.0038459483031921178 
5.929999999999518, -0.012482923496212087 
5.939999999999495, -0.01600267392716624 
5.949999999999472, -0.017408238480227944 
5.959999999999448, -0.017975577432770874 
5.969999999999425, -0.01820443879446957 
5.979999999999402, -0.018296337740190474 
5.9899999999993785, -0.0183456101050237 
5.999999999999355, -0.018415015174989606 
6.009999999999332, -0.018570511522485858 
6.019999999999309, -0.018903770503142167 
6.029999999999285, -0.019554975590725054 
6.039999999999262, -0.020746372132030774 
6.049999999999239, -0.02284294363211987 
6.059999999999215, -0.026466516599829314 
6.069999999999192, -0.032688998871610184 
6.079999999999169, -0.0432503381799261 
6.089999999999145, -0.060369165419261905 
6.099999999999122, -0.0849723223098135 
6.109999999999099, -0.11333540334278547 
6.1199999999990755, -0.1378427611199749 
6.129999999999052, -0.1540753093686438 
6.139999999999029, -0.16315536294708183 
6.149999999999006, -0.16790756307224686 
6.159999999998982, -0.17038223835160565 
6.169999999998959, -0.17167882241553686 
6.179999999998936, -0.17233253164809884 
6.189999999998912, -0.17259979445249402 
6.199999999998889, -0.17260618677141498 
6.209999999998866, -0.17241937647602917 
6.2199999999988425, -0.17208915220565268 
6.229999999998819, -0.17167320491998694 
6.239999999998796, -0.17125279625317721 
6.2499999999987725, -0.17093617421816487 
6.259999999998749, -0.17085059084399828 
6.269999999998726, -0.1711309928546296 
6.279999999998703, -0.17191268530228404 
6.289999999998679, -0.17332194080871136 
6.299999999998656, -0.17544381974674872 
6.309999999998633, -0.17825107168313287 
6.319999999998609, -0.1815240508740687 
6.329999999998586, -0.18485676453125324 
6.339999999998563, -0.18780954450581727 
6.3499999999985395, -0.19009933337689466 
6.359999999998516, -0.19165953066302988 
6.369999999998493, -0.19256188238912955 
6.37999999999847, -0.19291030498894543 
6.389999999998446, -0.1927742354322151 
6.399999999998423, -0.1921609317767093 
6.4099999999984, -0.19100834844073086 
6.419999999998376, -0.1891944167426583 
6.429999999998353, -0.18658016488936022 
6.43999999999833, -0.18311135082973726 
6.449999999998306, -0.17895509247472413 
6.459999999998283, -0.17454593538928634 
6.46999999999826, -0.17042650460975878 
6.4799999999982365, -0.1669955254769039 
6.489999999998213, -0.16439440619053008 
6.49999999999819, -0.16256995839759522 
6.509999999998167, -0.16138419937618967 
6.519999999998143, -0.16068223698671663 
6.52999999999812, -0.1603151321513797 
6.539999999998097, -0.1601449087412376 
6.549999999998073, -0.1600502161344342 
6.55999999999805, -0.15993395675460936 
6.569999999998027, -0.1597251810370872 
6.5799999999980034, -0.15937021142257216 
6.58999999999798, -0.1588134574986327 
6.599999999997957, -0.15796737961130264 
6.6099999999979335, -0.15666141107328832 
6.61999999999791, -0.15454081324783298 
6.629999999997887, -0.15085784212273007 
6.639999999997864, -0.1440981597325915 
6.64999999999784, -0.13165894811036308 
6.659999999997817, -0.11085214968938484 
6.669999999997794, -0.08278732736158831 
6.67999999999777, -0.054489729360532514 
6.689999999997747, -0.03265295914790116 
6.699999999997724, -0.018437492832852447 
6.7099999999977005, -0.009820083717599879 
6.719999999997677, -0.004648412306411589 
6.729999999997654, -0.0014919893812750736 
6.7399999999976306, 0.00035903759339672443 
6.749999999997607, 0.0012013192112604455 
6.759999999997584, 0.0016318742559902975 
6.769999999997561, 0.001829578338197278 
6.779999999997537, 0.0019111883080252263 
6.789999999997514, 0.0019588590301406377 
6.799999999997491, 0.00204322729330845 
6.809999999997467, 0.0022532328712688687 
6.819999999997444, 0.0027513476115853253 
6.829999999997421, 0.00389775141565477 
6.8399999999973975, 0.006537619814785241 
6.849999999997374, 0.012562214354669097 
6.859999999997351, 0.025372179450041492 
6.869999999997328, 0.04798348841394324 
6.879999999997304, 0.07717594308924489 
6.889999999997281, 0.10348915519357589 
6.899999999997258, 0.12136023374758606 
6.909999999997234, 0.1317679786420312 
6.919999999997211, 0.13748228288695338 
6.929999999997188, 0.14054601343474132 
6.939999999997164, 0.14212315431104844 
6.949999999997141, 0.1428436440012542 
6.959999999997118, 0.14306370806894514 
6.9699999999970945, 0.14300596986677921 
6.979999999997071, 0.14282600442429105 
6.989999999997048, 0.14264294783625395 
6.999999999997025, 0.14255810778364236 
7.009999999997001, 0.1426750704330258 
7.019999999996978, 0.14312714033573204 
7.029999999996955, 0.14411148413353353 
7.039999999996931, 0.1459153551855854 
7.049999999996908, 0.14888381990980393 
7.059999999996885, 0.15323783934468133 
7.0699999999968615, 0.15874298061354924 
7.079999999996838, 0.16456352229196858 
7.089999999996815, 0.1696789654750276 
7.0999999999967915, 0.17348844629135138 
7.109999999996768, 0.1759394520280302 
7.119999999996745, 0.17725670570853047 
7.129999999996722, 0.17768753231909257 
7.139999999996698, 0.17740515866788434 
7.149999999996675, 0.17651757328018675 
7.159999999996652, 0.17512130556504496 
7.169999999996628, 0.1733597871927332 
7.179999999996605, 0.17144454446693605 
7.189999999996582, 0.16961336716184666 
7.1999999999965585, 0.16805607211354961 
7.209999999996535, 0.16687176828332756 
7.219999999996512, 0.16608110217033265 
7.229999999996489, 0.16566406927129518 
7.239999999996465, 0.16558860168931755 
7.249999999996442, 0.16581694829228513 
7.259999999996419, 0.16629367241887755 
7.269999999996395, 0.16692785026298468 
7.279999999996372, 0.167586554284242 
7.289999999996349, 0.16810993387128556 
7.299999999996325, 0.1683367571391052 
7.309999999996302, 0.16811304738216354 
7.319999999996279, 0.1672654389442855 
7.3299999999962555, 0.16554268155599866 
7.339999999996232, 0.16254732940697564 
7.349999999996209, 0.15771976075297978 
7.359999999996186, 0.1505371011877215 
7.369999999996162, 0.14111473587298795 
7.379999999996139, 0.130830295870843 
7.389999999996116, 0.12177820618792301 
7.399999999996092, 0.11521471933560831 
7.409999999996069, 0.11103692369232818 
7.419999999996046, 0.10852680392461837 
7.4299999999960225, 0.10702034008179935 
7.439999999995999, 0.1060847908455483 
7.449999999995976, 0.10546888288533984 
7.4599999999959525, 0.10502326091554674 
7.469999999995929, 0.10464268767869174 
7.479999999995906, 0.10422881677710669 
7.489999999995883, 0.1036640587887125 
7.499999999995859, 0.10278638456178005 
7.509999999995836, 0.10135024242585189 
7.519999999995813, 0.09894783250037945 
7.529999999995789, 0.09484772016589513 
7.539999999995766, 0.0876970066416589 
7.549999999995743, 0.07513886296931163 
7.5599999999957195, 0.054065207864131395 
7.569999999995696, 0.023682847704433952 
7.579999999995673, -0.009128135735162479 
7.58999999999565, -0.03378094247543405 
7.599999999995626, -0.04764658402399145 
7.609999999995603, -0.054260094973143956 
7.61999999999558, -0.05726837866919363 
7.629999999995556, -0.0586568091014649 
7.639999999995533, -0.059312965632501526 
7.64999999999551, -0.05961845839987452 
7.659999999995486, -0.059745138016236835 
7.669999999995463, -0.05978254662836374 
7.67999999999544, -0.05979424741788473 
7.6899999999954165, -0.059846889395473814 
7.699999999995393, -0.060029193353736784 
7.70999999999537, -0.06046810614875982 
7.719999999995347, -0.06134835481879736 
7.729999999995323, -0.0629447551532385 
7.7399999999953, -0.06567690062947411 
7.749999999995277, -0.07017885667162674 
7.759999999995253, -0.07730837323523795 
7.76999999999523, -0.08786177387443553 
7.779999999995207, -0.10169980904457195 
7.789999999995183, -0.11680038188689087 
7.79999999999516, -0.13003951426717333 
7.809999999995137, -0.13954279980446313 
7.8199999999951135, -0.14547600210523187 
7.82999999999509, -0.148907475584611 
7.839999999995067, -0.1508090321041681 
7.849999999995044, -0.15180218563340647 
7.85999999999502, -0.15223223738984984 
7.869999999994997, -0.15227900035736872 
7.879999999994974, -0.152034309668712 
7.88999999999495, -0.1515517908285936 
7.899999999994927, -0.15088238865377795 
7.909999999994904, -0.15010019086710982 
7.9199999999948805, -0.14931341683629545 
7.929999999994857, -0.14865529421008067 
7.939999999994834, -0.14826198400591042 
7.9499999999948106, -0.1482546786126561 
7.959999999994787, -0.14873392464921698 
7.969999999994764, -0.14977435303160966 
7.979999999994741, -0.15139912574498482 
7.989999999994717, -0.15352944562744006 
7.999999999994694, -0.1559460220738044 
8.00999999999467, -0.15832687324868244 
8.019999999994647, -0.16036826212576963 
8.029999999994624, -0.16189385818439467 
8.0399999999946, -0.16286696828502595 
8.049999999994577, -0.1633278627705202 
8.059999999994554, -0.1633237846765525 
8.06999999999453, -0.16286407486008328 
8.079999999994508, -0.16189773056372297 
8.089999999994484, -0.16030702563243046 
8.099999999994461, -0.15792755925342933 
8.109999999994438, -0.15462462375769961 
8.119999999994414, -0.1504395137348699 
8.129999999994391, -0.1457190214284447 
8.139999999994368, -0.1410497379241156 
8.149999999994344, -0.13698078065743427 
8.159999999994321, -0.1337941495096179 
8.169999999994298, -0.13150231989494734 
8.179999999994275, -0.12997449387949375 
8.189999999994251, -0.12904228281113359 
8.199999999994228, -0.12854331502407024 
8.209999999994205, -0.12832823373724253 
8.219999999994181, -0.12826105195529963 
8.229999999994158, -0.12822488757788017 
8.239999999994135, -0.12812849472896473 
8.249999999994111, -0.1279044288934435 
8.259999999994088, -0.1274952437264349 
8.269999999994065, -0.12682855507741492 
8.279999999994041, -0.12577800118286991 
8.289999999994018, -0.12409582906401202 
8.299999999993995, -0.12128834590494623 
8.309999999993972, -0.11641060573719371 
8.319999999993948, -0.1078907488878861 
8.329999999993925, -0.09397637017025084 
8.339999999993902, -0.07468712644627687 
8.349999999993878, -0.05366838660495156 
8.359999999993855, -0.03579292308007853 
8.369999999993832, -0.023147156209179294 
8.379999999993808, -0.01504193696002567 
8.389999999993785, -0.01002427301514887 
8.399999999993762, -0.006923410504184208 
8.409999999993738, -0.004987238264135795 
8.419999999993715, -0.0037581627471722488 
8.429999999993692, -0.0029518462607188204 
8.439999999993669, -0.0023828590423309493 
8.449999999993645, -0.0019246078975747843 
8.459999999993622, -0.0014856373944367794 
8.469999999993599, -0.0009895809897907317 
8.479999999993575, -0.00034991212014099846 
8.489999999993552, 0.000323255880135061 
8.499999999993529, 0.0013626619680136066 
8.509999999993505, 0.0035271746811258984 
8.519999999993482, 0.00798382215071111 
8.529999999993459, 0.01675028636644966 
8.539999999993436, 0.0319278418065349 
8.549999999993412, 0.0527380578532308 
8.559999999993389, 0.07386804228043689 
8.569999999993366, 0.09014237814307766 
8.579999999993342, 0.10056845414469688 
8.589999999993319, 0.10665333363144655 
8.599999999993296, 0.11004664656838958 
8.609999999993272, 0.11185007245863658 
8.619999999993249, 0.11270680361616821 
8.629999999993226, 0.11299248243762106 
8.639999999993202, 0.11294462268668873 
8.64999999999318, 0.11273043885304804 
8.659999999993156, 0.11247749610839712 
8.669999999993133, 0.1122890851501754 
8.67999999999311, 0.11225929304771094 
8.689999999993086, 0.11249512266570794 
8.699999999993063, 0.11314736346836166 
8.70999999999304, 0.11444539091493629 
8.719999999993016, 0.11671126610752844 
8.729999999992993, 0.12028416108992881 
8.73999999999297, 0.12526775514995273 
8.749999999992946, 0.13119889260635437 
8.759999999992923, 0.1370794854476085 
8.7699999999929, 0.14195704938157827 
8.779999999992876, 0.14542505258987853 
8.789999999992853, 0.14756768530644343 
8.79999999999283, 0.14865068179496999 
8.809999999992806, 0.14891688013981125 
8.819999999992783, 0.14853362991089802 
8.82999999999276, 0.14762053541902076 
8.839999999992736, 0.14630147529128784 
8.849999999992713, 0.14474232904450318 
8.85999999999269, 0.14314487711135834 
8.869999999992666, 0.14169921119355613 
8.879999999992643, 0.14053637983508904 
8.88999999999262, 0.13971841769781848 
8.899999999992596, 0.1392615498774933 
8.909999999992573, 0.1391648217786164 
8.91999999999255, 0.1394236038017557 
8.929999999992527, 0.14002174336853113 
8.939999999992503, 0.14090692359518997 
8.94999999999248, 0.1419659943557041 
8.959999999992457, 0.1430259928824792 
8.969999999992433, 0.14389147038006947 
8.97999999999241, 0.14439109359865132 
8.989999999992387, 0.14439197366864456 
8.999999999992363, 0.14377018055740842 
9.00999999999234, 0.14236021526488946 
9.019999999992317, 0.13991961991958876 
9.029999999992294, 0.13616220342173274 
9.03999999999227, 0.13093800030927158 
9.049999999992247, 0.12455468956922815 
9.059999999992224, 0.11792225029807617 
9.0699999999922, 0.11212220956120855 
9.079999999992177, 0.10774994477147688 
9.089999999992154, 0.10477316990248167 
9.09999999999213, 0.1028547801187673 
9.109999999992107, 0.10164821216076299 
9.119999999992084, 0.10090108876826298 
9.12999999999206, 0.10044884979649142 
9.139999999992037, 0.10017936059792806 
9.149999999992014, 0.09999973752689094 
9.15999999999199, 0.09981212679230293 
9.169999999991967, 0.09949784569890846 
9.179999999991944, 0.09890455174659882 
9.18999999999192, 0.09782419483535357 
9.199999999991897, 0.09594312396996214 
9.209999999991874, 0.09274410142214276 
9.21999999999185, 0.08735645315981815 
9.229999999991827, 0.07845278907546148 
9.239999999991804, 0.06463352066077171 
9.24999999999178, 0.046059688458529084 
9.259999999991757, 0.026326689298223387 
9.269999999991734, 0.010430943320537723 
9.27999999999171, 0.0002707685364057724 
9.289999999991688, -0.005017470596280185 
9.299999999991664, -0.007698248660670029 
9.309999999991641, -0.009033514270017315 
9.319999999991618, -0.009680627912037781 
9.329999999991594, -0.009963777916287046 
9.339999999991571, -0.010047656730861481 
9.349999999991548, -0.010029010400897098 
9.359999999991524, -0.009984332017596012 
9.369999999991501, -0.009997514374626888 
9.379999999991478, -0.01017883610354457 
9.389999999991455, -0.010682575405261244 
9.399999999991431, -0.011732931716903702 
9.409999999991408, -0.013672099553190048 
9.419999999991385, -0.017041587804152308 
9.429999999991361, -0.02267617479325424 
9.439999999991338, -0.031669327444095785 
9.449999999991315, -0.04481966410805159 
9.459999999991291, -0.06128037939093828 
9.469999999991268, -0.0778042118035528 
9.479999999991245, -0.09087066239267497 
9.489999999991221, -0.09939049961992119 
9.499999999991198, -0.10433749434406023 
9.509999999991175, -0.1070617617671186 
9.519999999991152, -0.10851856182243443 
9.529999999991128, -0.10925056715332918 
9.539999999991105, -0.10954239256205386 
9.549999999991082, -0.10954165533836728 
9.559999999991058, -0.10933109558586769 
9.569999999991035, -0.108971720715724 
9.579999999991012, -0.10853073873141868 
9.589999999990988, -0.10809783257450956 
9.599999999990965, -0.10778870634784785 
9.609999999990942, -0.10773881802077487 
9.619999999990918, -0.10809705646359627 
9.629999999990895, -0.10902674610595775 
9.639999999990872, -0.11070570759564317 
9.649999999990849, -0.11329663036059853 
9.659999999990825, -0.11685256270056607 
9.669999999990802, -0.12117120406876554 
9.679999999990779, -0.12573347582052388 
9.689999999990755, -0.129887728742901 
9.699999999990732, -0.13317385769607554 
9.709999999990709, -0.13547213467687544 
9.719999999990685, -0.13689965397427586 
9.729999999990662, -0.1376404618722392 
9.739999999990639, -0.13784378973994366 
9.749999999990616, -0.1375934760711406 
9.759999999990592, -0.13691316707373527 
9.769999999990569, -0.13578833825159384 
9.779999999990546, -0.13420458766144786 
9.789999999990522, -0.13220230769402438 
9.799999999990499, -0.12992502429209873 
9.809999999990476, -0.12761467192765624 
9.819999999990452, -0.12553558368488477 
9.829999999990429, -0.12388297578297951 
9.839999999990406, -0.1227469454869212 
9.849999999990382, -0.12213516242535598 
9.85999999999036, -0.12200807816016138 
9.869999999990336, -0.12229380993663679 
9.879999999990313, -0.1228840147698446 
9.88999999999029, -0.12363306790644035 
9.899999999990266, -0.12437958332672303 
9.909999999990243, -0.12498348856898316 
9.91999999999022, -0.12535095217394085 
9.929999999990196, -0.1254297606492903 
9.939999999990173, -0.12518200750248715 
9.94999999999015, -0.12454855600240462 
9.959999999990126, -0.1234109775816233 
9.969999999990103, -0.12154985459752984 
9.97999999999008, -0.11860935620927071 
9.989999999990056, -0.11412327774546534 
9.999999999990033, -0.10772615634782516 
10.00999999999001, -0.0996018180943006 
10.019999999989986, -0.09078179644423093 
10.029999999989963, -0.08268475512388188 
10.03999999998994, -0.07624349412879769 
10.049999999989916, -0.07160921124328144 
10.059999999989893, -0.06847565510690026 
10.06999999998987, -0.06644157252754793 
10.079999999989846, -0.06516905061725549 
10.089999999989823, -0.0644044173030802 
10.0999999999898, -0.06395648560385295 
10.109999999989776, -0.06367657620092486 
10.119999999989753, -0.06344901120628692 
10.12999999998973, -0.0631854850120643 
10.139999999989707, -0.06281513015188636 
10.149999999989683, -0.06226599109182518 
10.15999999998966, -0.06143445047136491 
10.169999999989637, -0.06013296131981423 
10.179999999989613, -0.057994543457118505 
10.18999999998959, -0.054308103340704836 
10.199999999989567, -0.0478299769533229 
10.209999999989543, -0.03694675262988685 
10.21999999998952, -0.02101430461563767 
10.229999999989497, -0.002375941296545732 
10.239999999989474, 0.014169471234605862 
10.24999999998945, 0.02623157426237598 
10.259999999989427, 0.033949435231760125 
10.269999999989404, 0.038555687698084415 
10.27999999998938, 0.04118987067406944 
10.289999999989357, 0.042614335446885664 
10.299999999989334, 0.04329697400638776 
10.30999999998931, 0.0435305769696191 
10.319999999989287, 0.0435116074165647 
10.329999999989264, 0.043381311070559724 
10.33999999998924, 0.043246579803818144 
10.349999999989217, 0.043195864238645264 
10.359999999989194, 0.043319829344503305 
10.36999999998917, 0.0437432302435358 
10.379999999989147, 0.044675762839996636 
10.389999999989124, 0.04648931669792683 
10.3999999999891, 0.0498015383950437 
10.409999999989077, 0.055432486566748776 
10.419999999989054, 0.06392278141473894 
10.42999999998903, 0.07458989057232941 
10.439999999989007, 0.08532548808826722 
10.449999999988984, 0.09407139168947 
10.45999999998896, 0.10013409701713341 
10.469999999988937, 0.10389986847386153 
10.479999999988914, 0.10603275499939842 
10.48999999998889, 0.1070733492012862 
10.499999999988868, 0.1073827879523638 
10.509999999988844, 0.10720029701659564 
10.519999999988821, 0.10670512366694514 
10.529999999988798, 0.10605202573763133 
10.539999999988774, 0.10537912717746553 
10.549999999988751, 0.10480192086417524 
10.559999999988728, 0.10441117437895893 
10.569999999988704, 0.10428345635716729 
10.579999999988681, 0.10450088355005402 
10.589999999988658, 0.10517007717944996 
10.599999999988635, 0.10642531679795009 
10.609999999988611, 0.1083922835736566 
10.619999999988588, 0.111092029490453 
10.629999999988565, 0.11432146778548273 
10.639999999988541, 0.11764075386113797 
10.649999999988518, 0.12055368636941925 
10.659999999988495, 0.1227344719921775 
10.669999999988471, 0.12409046505863766 
10.679999999988448, 0.12466836266799046 
10.689999999988425, 0.12454212310623139 
10.699999999988401, 0.12376013396364301 
10.709999999988378, 0.122355720859785 
10.719999999988355, 0.12040141088148684 
10.729999999988332, 0.11806875434428143 
10.739999999988308, 0.11563212175038999 
10.749999999988285, 0.11338573698588428 
10.759999999988262, 0.11153610193477762 
10.769999999988238, 0.11016128935511416 
10.779999999988215, 0.10924696124676843 
10.789999999988192, 0.1087433830193995 
10.799999999988168, 0.10860105777098512 
10.809999999988145, 0.10877734242471584 
10.819999999988122, 0.10922232855232294 
10.829999999988098, 0.10985665321946012 
10.839999999988075, 0.11055783251126128 
10.849999999988052, 0.11116923956229416 
10.859999999988029, 0.11152726728407467 
10.869999999988005, 0.11148110337184354 
10.879999999987982, 0.11088259493405705 
10.889999999987959, 0.10954797045799061 
10.899999999987935, 0.10721573859772504 
10.909999999987912, 0.10354913275211472 
10.919999999987889, 0.09827093456378792 
10.929999999987865, 0.0914961110321936 
10.939999999987842, 0.08404205788829942 
10.949999999987819, 0.0771699709154313 
10.959999999987796, 0.0717916256475967 
10.969999999987772, 0.06805795072660394 
10.979999999987749, 0.06563602929752643 
10.989999999987726, 0.06410988724768656 
10.999999999987702, 0.06316120900041941 
11.009999999987679, 0.06258472216253318 
11.019999999987656, 0.06225094142168043 
11.029999999987632, 0.062066607412138854 
11.039999999987609, 0.06194455107918927 
11.049999999987586, 0.061783921505336716 
11.059999999987562, 0.06145904291363422 
11.06999999998754, 0.06081035056644515 
11.079999999987516, 0.05962440815851085 
11.089999999987493, 0.05758813209924988 
11.09999999998747, 0.05421129632901604 
11.109999999987446, 0.04874888240272758 
11.119999999987423, 0.040274828907683594 
11.1299999999874, 0.028261263131099734 
11.139999999987376, 0.013755655090488598 
11.149999999987353, -0.00029463600449273277 
11.15999999998733, -0.010732349420072333 
11.169999999987306, -0.017390728758913815 
11.179999999987283, -0.021197164281346156 
11.18999999998726, -0.023257242209422803 
11.199999999987236, -0.024326948874538172 
11.209999999987213, -0.024833528950255663 
11.21999999998719, -0.02500507421993848 
11.229999999987166, -0.02496807108240463 
11.239999999987143, -0.02480601812890252 
11.24999999998712, -0.02459449309287095 
11.259999999987096, -0.024422660778010655 
11.269999999987073, -0.02440572609249273 
11.27999999998705, -0.024693269273520165 
11.289999999987026, -0.025482691736505164 
11.299999999987003, -0.02704770229116197 
11.30999999998698, -0.02978019375450557 
11.319999999986956, -0.034207831610532265 
11.329999999986933, -0.04087270055762472 
11.33999999998691, -0.04990023233732418 
11.349999999986887, -0.060380042515127054 
11.359999999986863, -0.07041771540534489 
11.36999999998684, -0.07834683425670842 
11.379999999986817, -0.08371773922563422 
11.389999999986793, -0.08700504605449315 
11.39999999998677, -0.0888863376127367 
11.409999999986747, -0.08988173626403481 
11.419999999986723, -0.0903118782598327 
11.4299999999867, -0.09035604357249083 
11.439999999986677, -0.09011266746379672 
11.449999999986654, -0.08964475165385136 
11.45999999998663, -0.08901375780397616 
11.469999999986607, -0.08830308073042278 
11.479999999986584, -0.08762642066726767 
11.48999999998656, -0.08711895894880176 
11.499999999986537, -0.08692091147300167 
11.509999999986514, -0.08716893780626211 
11.51999999998649, -0.08799916757453533 
11.529999999986467, -0.08954489129724785 
11.539999999986444, -0.09189871761661775 
11.54999999998642, -0.0950213490658561 
11.559999999986397, -0.09864285567231583 
11.569999999986374, -0.10228286724713638 
11.57999999998635, -0.10545040475261618 
11.589999999986327, -0.1078616891753155 
11.599999999986304, -0.10948134219950664 
11.60999999998628, -0.11041449793709282 
11.619999999986257, -0.1107894685308404 
11.629999999986234, -0.11069622264298262 
11.63999999998621, -0.11017106889905452 
11.649999999986187, -0.10920652692009569 
11.659999999986164, -0.10777984713488313 
11.66999999998614, -0.10590169501335536 
11.679999999986117, -0.10367275475746726 
11.689999999986094, -0.10130619257491413 
11.69999999998607, -0.09907589115563478 
11.709999999986048, -0.09721800906517178 
11.719999999986024, -0.09586666254522663 
11.729999999986001, -0.09505938192624805 
11.739999999985978, -0.09477589010213619 
11.749999999985954, -0.09496390992557258 
11.759999999985931, -0.09553828982559777 
11.769999999985908, -0.09636987622243559 
11.779999999985884, -0.09729172594215017 
11.789999999985861, -0.0981339284901884 
11.799999999985838, -0.09876518464789293 
11.809999999985815, -0.09910883857754002 
11.819999999985791, -0.09912582067034595 
11.829999999985768, -0.09878059228464835 
11.839999999985745, -0.09800547116682073 
11.849999999985721, -0.09666834682504581 
11.859999999985698, -0.09454919179070466 
11.869999999985675, -0.09135256072829742 
11.879999999985651, -0.08682012638589778 
11.889999999985628, -0.08098707093492609 
11.899999999985605, -0.07442010878127998 
11.909999999985581, -0.06806961230016796 
11.919999999985558, -0.06274030398536071 
11.929999999985535, -0.058739961332129276 
11.939999999985512, -0.05596951179456783 
11.949999999985488, -0.054172903745328536 
11.959999999985465, -0.053094609344794916 
11.969999999985442, -0.05252405997720068 
11.979999999985418, -0.05228822060213791 
11.989999999985395, -0.0522379686877088 
11.999999999985372, -0.052245015946070304 
12.009999999985348, -0.052205575832262194 
12.019999999985325, -0.05203944492555111 
12.029999999985302, -0.05167757205106308 
12.039999999985278, -0.051037537595638026 
12.049999999985255, -0.0499862236602778 
12.059999999985232, -0.04828411661388058 
12.069999999985209, -0.04550810743075381 
12.079999999985185, -0.040990179088204806 
12.089999999985162, -0.03393887286642115 
12.099999999985139, -0.024033798533434285 
12.109999999985115, -0.012298453626882611 
12.119999999985092, -0.0009478702201331471 
12.129999999985069, 0.007787435406206515 
12.139999999985045, 0.013800738940830806 
12.149999999985022, 0.017591157535463232 
12.159999999984999, 0.01981316697907478 
12.169999999984976, 0.02099228733291218 
12.179999999984952, 0.021489408770103552 
12.189999999984929, 0.021551436982419306 
12.199999999984906, 0.02135972124780764 
12.209999999984882, 0.02105632886428982 
12.219999999984859, 0.020754109639934397 
12.229999999984836, 0.02054345406032869 
12.239999999984812, 0.020505494887250585 
12.249999999984789, 0.020735736448990162 
12.259999999984766, 0.02138016300850893 
12.269999999984742, 0.022686127913983733 
12.27999999998472, 0.02505912367508612 
12.289999999984696, 0.029064257304105934 
12.299999999984673, 0.0352066800081065 
12.30999999998465, 0.04336415553813497 
12.319999999984626, 0.052336963906992204 
12.329999999984603, 0.060415599436845435 
12.33999999998458, 0.06653574675025223 
12.349999999984556, 0.07061287356779986 
12.359999999984533, 0.07306621702020095 
12.36999999998451, 0.07436461480996999 
12.379999999984486, 0.07486387153274612 
12.389999999984463, 0.07481040919425763 
12.39999999998444, 0.07438798983411232 
12.409999999984416, 0.07375446786339528 
12.419999999984393, 0.07305396719135523 
12.42999999998437, 0.07241098618791256 
12.439999999984346, 0.0719237412623636 
12.449999999984323, 0.07166983824733736 
12.4599999999843, 0.07172483724171354 
12.469999999984276, 0.07218608465902501 
12.479999999984253, 0.07319074325575824 
12.48999999998423, 0.07490883783192961 
12.499999999984206, 0.07747884066576974 
12.509999999984183, 0.08086869119574844 
12.51999999998416, 0.0847444221557632 
12.529999999984136, 0.08853045762178799 
12.539999999984113, 0.09168906706907148 
12.54999999998409, 0.09395126110381821 
12.559999999984067, 0.09530738905006925 
12.569999999984043, 0.09586557764740952 
12.57999999998402, 0.09574048515011133 
12.589999999983997, 0.09501957962799035 
12.599999999983973, 0.09378585013835784 
12.60999999998395, 0.09216239641211084 
12.619999999983927, 0.09033763474770937 
12.629999999983903, 0.0885379202828334 
12.63999999998388, 0.08696100617843497 
12.649999999983857, 0.08572639878198593 
12.659999999983834, 0.08487684332558319 
12.66999999998381, 0.08441314885315078 
12.679999999983787, 0.08432815578602752 
12.689999999983764, 0.0846211742095732 
12.69999999998374, 0.0852889208624507 
12.709999999983717, 0.08629635176235163 
12.719999999983694, 0.08754224264285895 
12.72999999998367, 0.08884946810481562 
12.739999999983647, 0.09000211012939205 
12.749999999983624, 0.09080743589396444 
12.7599999999836, 0.0911305062613797 
12.769999999983577, 0.09087846012251229 
12.779999999983554, 0.0899588809588762 
12.78999999998353, 0.08825228251663181 
12.799999999983507, 0.08563543230593773 
12.809999999983484, 0.0820833982517403 
12.81999999998346, 0.07782044341171915 
12.829999999983437, 0.07336634347717345 
12.839999999983414, 0.06933168492705355 
12.84999999998339, 0.06611114033754407 
12.859999999983367, 0.0637778423837789 
12.869999999983344, 0.062202877663834866 
12.87999999998332, 0.061208450548763046 
12.889999999983297, 0.06064673684772337 
12.899999999983274, 0.06041367517629812 
12.90999999998325, 0.06043279930794375 
12.919999999983228, 0.060630749185619504 
12.929999999983204, 0.060916133008360226 
12.939999999983181, 0.061170401947567045 
12.949999999983158, 0.06125318006695287 
12.959999999983134, 0.06101185445395546 
12.969999999983111, 0.06027768954985859 
12.979999999983088, 0.05883890442286749 
12.989999999983064, 0.05640095162961567 
12.999999999983041, 0.05257464418590936 
13.009999999983018, 0.04698420530546295 
13.019999999982995, 0.03960384878009177 
13.029999999982971, 0.031182124835945634 
13.039999999982948, 0.023134768496476922 
13.049999999982925, 0.01666754851098924 
13.059999999982901, 0.012114770742777083 
13.069999999982878, 0.009148705623934012 
13.079999999982855, 0.0072794176545060195 
13.089999999982831, 0.006117265084202633 
13.099999999982808, 0.005412333180791805 
13.109999999982785, 0.00501529371103622 
13.119999999982761, 0.004831206535984827 
13.129999999982738, 0.004783115917606848 
13.139999999982715, 0.004786611364650332 
13.149999999982692, 0.004735881825632041 
13.159999999982668, 0.004500379072970284 
13.169999999982645, 0.003924604456435169 
13.179999999982622, 0.002818298759913275 
13.189999999982598, 0.0009296734777118239 
13.199999999982575, -0.0018066156200463649 
13.209999999982552, -0.005939412129820856 
13.219999999982528, -0.011964283495141741 
13.229999999982505, -0.019732645804554354 
13.239999999982482, -0.028242420481916452 
13.249999999982458, -0.03597778673876738 
13.259999999982435, -0.04188120267779635 
13.269999999982412, -0.045817966991654684 
13.279999999982389, -0.048209468841950036 
13.289999999982365, -0.04955187698085664 
13.299999999982342, -0.050212393539048474 
13.309999999982319, -0.050417459977749525 
13.319999999982295, -0.05029716660398392 
13.329999999982272, -0.04993065275156166 
13.339999999982249, -0.04938251863418173 
13.349999999982225, -0.048729914450469446 
13.359999999982202, -0.04807698273926968 
13.369999999982179, -0.04755322231823778 
13.379999999982156, -0.04730134131869038 
13.389999999982132, -0.04746934544062745 
13.399999999982109, -0.04821647386122384 
13.409999999982086, -0.049723396015191226 
13.419999999982062, -0.052175180583957814 
13.429999999982039, -0.05567394698452258 
13.439999999982016, -0.060075721765254456 
13.449999999981992, -0.06487807616176856 
13.459999999981969, -0.06936902960988833 
13.469999999981946, -0.07299190154065785 
13.479999999981922, -0.07556472651094664 
13.4899999999819, -0.07719612841366728 
13.499999999981876, -0.07809218511063498 
13.509999999981853, -0.07843264959172472 
13.51999999998183, -0.07833356304045679 
13.529999999981806, -0.07785470611278442 
13.539999999981783, -0.07702464453341787 
13.54999999998176, -0.0758749367197205 
13.559999999981736, -0.07447707778608985 
13.569999999981713, -0.07296455659010143 
13.57999999998169, -0.07151868376322118 
13.589999999981666, -0.07032184378531184 
13.599999999981643, -0.06951444325481852 
13.60999999998162, -0.06918538180722142 
13.619999999981596, -0.06938756280181296 
13.629999999981573, -0.07014764950199956 
13.63999999998155, -0.07144767636445701 
13.649999999981526, -0.07318363819019184 
13.659999999981503, -0.07514201008476017 
13.66999999998148, -0.07704342666957412 
13.679999999981456, -0.07864216364099479 
13.689999999981433, -0.07980091774465069 
13.69999999998141, -0.0804882206771329 
13.709999999981386, -0.08072551581011693 
13.719999999981363, -0.0805336366236703 
13.72999999998134, -0.07990058094234101 
13.739999999981316, -0.07877124688303312 
13.749999999981293, -0.07706130784126898 
13.75999999998127, -0.07470692589362571 
13.769999999981247, -0.07175277541026746 
13.779999999981223, -0.06842928701157512 
13.7899999999812, -0.06512263206531756 
13.799999999981177, -0.06221810004359281 
13.809999999981153, -0.059949670656382105 
13.81999999998113, -0.05837559499102692 
13.829999999981107, -0.05744679169023427 
13.839999999981083, -0.057075382068064354 
13.84999999998106, -0.05716144104603824 
13.859999999981037, -0.057587864282914694 
13.869999999981014, -0.05821181811241982 
13.87999999998099, -0.05887567328794856 
13.889999999980967, -0.05943653058137834 
13.899999999980944, -0.059790894326612797 
13.90999999998092, -0.05987481878625835 
13.919999999980897, -0.059641412743340685 
13.929999999980874, -0.059028785478903376 
13.93999999998085, -0.057927471499389795 
13.949999999980827, -0.05615316946377631 
13.959999999980804, -0.05344343811120132 
13.96999999998078, -0.04952891889697864 
13.979999999980757, -0.04433756340015064 
13.989999999980734, -0.038253783132778926 
13.99999999998071, -0.03211226853062267 
14.009999999980687, -0.026765549526882638 
14.019999999980664, -0.02265112309682914 
14.02999999998064, -0.019766891723958544 
14.039999999980617, -0.017897495241610994 
14.049999999980594, -0.01679891872323439 
14.05999999998057, -0.016265230643105404 
14.069999999980547, -0.016126420707409286 
14.079999999980524, -0.016230091731537014 
14.0899999999805, -0.01643421757592644 
14.099999999980477, -0.016614231062669838 
14.109999999980454, -0.016671749754936238 
14.11999999998043, -0.01653158265497128 
14.129999999980408, -0.016123881955817137 
14.139999999980384, -0.015355455636486454 
14.149999999980361, -0.014073994576746351 
14.159999999980338, -0.012030907230611274 
14.169999999980314, -0.008869338312561603 
14.179999999980291, -0.004214544181627872 
14.189999999980268, 0.0019052251132204196 
14.199999999980244, 0.008779333504666812 
14.209999999980221, 0.01558509741818545 
14.219999999980198, 0.021264462060932424 
14.229999999980175, 0.025377738524981663 
14.239999999980151, 0.028033983207057835 
14.249999999980128, 0.029551256057455816 
14.259999999980105, 0.03023589673644934 
14.269999999980081, 0.0303234299880031 
14.279999999980058, 0.029995597231343894 
14.289999999980035, 0.029409774951915695 
14.299999999980011, 0.02871263251367865 
14.309999999979988, 0.0280350607443574 
14.319999999979965, 0.027482189344993975 
14.329999999979941, 0.027134073225469547 
14.339999999979918, 0.027061557306825124 
14.349999999979895, 0.027352164106187273 
14.359999999979872, 0.028138501312960407 
14.369999999979848, 0.029617771359907764 
14.379999999979825, 0.03203349548535206 
14.389999999979802, 0.03556648335872026 
14.399999999979778, 0.040118634446663345 
14.409999999979755, 0.04515406881882616 
14.419999999979732, 0.049876395319600246 
14.429999999979708, 0.05366320289350418 
14.439999999979685, 0.05630378952088154 
14.449999999979662, 0.057893240022181006 
14.459999999979638, 0.05862835436344906 
14.469999999979615, 0.05869061642761236 
14.479999999979592, 0.05822444895132974 
14.489999999979569, 0.05736163073961324 
14.499999999979545, 0.056249235618808645 
14.509999999979522, 0.055053157316130995 
14.519999999979499, 0.053933021708717624 
14.529999999979475, 0.05301174657450284 
14.539999999979452, 0.052366512779913485 
14.549999999979429, 0.052045051088351516 
14.559999999979405, 0.05209220307603124 
14.569999999979382, 0.052570582994607915 
14.579999999979359, 0.05356292181538049 
14.589999999979335, 0.05514243324506137 
14.599999999979312, 0.057302797916154245 
14.609999999979289, 0.059876970869294166 
14.619999999979266, 0.06252947793545174 
14.629999999979242, 0.06487635682129839 
14.639999999979219, 0.06664333089044364 
14.649999999979196, 0.06772280768611244 
14.659999999979172, 0.06811911730967311 
14.669999999979149, 0.06786998011788983 
14.679999999979126, 0.06700757187856302 
14.689999999979102, 0.06557097589549586 
14.69999999997908, 0.06365338344192131 
14.709999999979056, 0.06144304108878085 
14.719999999979033, 0.059204755295482615 
14.72999999997901, 0.057194610984054504 
14.739999999978986, 0.055576301816736486 
14.749999999978963, 0.05440484363424876 
14.75999999997894, 0.053667669821312866 
14.769999999978916, 0.05333401894732133 
14.779999999978893, 0.05338277549484538 
14.78999999997887, 0.05380407276410347 
14.799999999978846, 0.05457867269599507 
14.809999999978823, 0.05564386381187114 
14.8199999999788, 0.05686686925423949 
14.829999999978776, 0.058054249615119735 
14.839999999978753, 0.059001696315710936 
14.84999999997873, 0.059545858579715824 
14.859999999978706, 0.059576166855655054 
14.869999999978683, 0.05900719684265995 
14.87999999997866, 0.05774564925942448 
14.889999999978636, 0.055689336366381584 
14.899999999978613, 0.05278686425755704 
14.90999999997859, 0.04915427494297189 
14.919999999978566, 0.045158516319589795 
14.929999999978543, 0.04132552334716931 
14.93999999997852, 0.03809306435575065 
14.949999999978496, 0.035641452479954 
14.959999999978473, 0.0339287897127131 
14.96999999997845, 0.0328206283570073 
14.979999999978427, 0.032185168204418454 
14.989999999978403, 0.031926731229049946 
14.99999999997838, 0.03198061679242253 
15.009999999978357, 0.03229092400598868 
15.019999999978333, 0.03278425642871461 
15.02999999997831, 0.033351681236822736 
15.039999999978287, 0.03385070527410548 
15.049999999978263, 0.03412611159923315 
15.05999999997824, 0.034029944693753235 
15.069999999978217, 0.033420018384989716 
15.079999999978194, 0.03213718870856429 
15.08999999997817, 0.029985410738388778 
15.099999999978147, 0.02675755204942475 
15.109999999978124, 0.022358337078603557 
15.1199999999781, 0.017014123973554184 
15.129999999978077, 0.011374544233566982 
15.139999999978054, 0.0062571705922892075 
15.14999999997803, 0.00220057854211459 
15.159999999978007, -0.0005848009806604627 
15.169999999977984, -0.0020984930527499558 
15.17999999997796, -0.0029040281061410095 
15.189999999977937, -0.0031999929596527024 
15.199999999977914, -0.0031165521479585533 
15.20999999997789, -0.0027355477056856528 
15.219999999977867, -0.0021199620398556877 
15.229999999977844, -0.0013422442082025932 
15.23999999997782, -0.0005034340860116892 
15.249999999977797, 0.00010599070434697202 
15.259999999977774, 0.00022142052943027445 
15.26999999997775, -0.0000034431804703930872 
15.279999999977727, -0.0003295532082685063 
15.289999999977704, -0.0013379481739137767 
15.29999999997768, -0.0032289873450287673 
15.309999999977657, -0.006195825309285576 
15.319999999977634, -0.010290022086623647 
15.32999999997761, -0.015223727112881382 
15.339999999977588, -0.020319142043622992 
15.349999999977564, -0.024802990763590292 
15.359999999977541, -0.02821579495077009 
15.369999999977518, -0.03051929368660099 
15.379999999977494, -0.03191184277352406 
15.389999999977471, -0.0326280377453033 
15.399999999977448, -0.03284731461693932 
15.409999999977424, -0.03268256822769364 
15.419999999977401, -0.03220083345826567 
15.429999999977378, -0.03145322717700066 
15.439999999977355, -0.030505612391008168 
15.449999999977331, -0.02946052073813906 
15.459999999977308, -0.02845802769384858 
15.469999999977285, -0.02765385158719772 
15.479999999977261, -0.027193132949699723 
15.489999999977238, -0.02720244499389003 
15.499999999977215, -0.027801665776207556 
15.509999999977191, -0.02911309489770473 
15.519999999977168, -0.03123461843680326 
15.529999999977145, -0.03415463021686369 
15.539999999977121, -0.03764328831387227 
15.549999999977098, -0.04124304648547754 
15.559999999977075, -0.04444710412869766 
15.569999999977052, -0.04693245496367332 
15.579999999977028, -0.0486317885209522 
15.589999999977005, -0.04963833063053101 
15.599999999976982, -0.05008419641011548 
15.609999999976958, -0.05007283643046995 
15.619999999976935, -0.049662466592581354 
15.629999999976912, -0.04887789466505883 
15.639999999976888, -0.04773874608275112 
15.649999999976865, -0.0462975569460537 
15.659999999976842, -0.04467175953940235 
15.669999999976818, -0.04304274039739749 
15.679999999976795, -0.04161191805767574 
15.689999999976772, -0.040545294756172065 
15.699999999976749, -0.03994982363839281 
15.709999999976725, -0.03988742320570938 
15.719999999976702, -0.040396411223354384 
15.729999999976679, -0.04148876746420742 
15.739999999976655, -0.043113127196464186 
15.749999999976632, -0.04510830998524292 
15.759999999976609, -0.04720490445532196 
15.769999999976585, -0.04910828264663825 
15.779999999976562, -0.05060717464140434 
15.789999999976539, -0.05161729109445527 
15.799999999976515, -0.052145580277772975 
15.809999999976492, -0.05222837812247113 
15.819999999976469, -0.051886459462545095 
15.829999999976446, -0.051106427397856403 
15.839999999976422, -0.04984612887467578 
15.849999999976399, -0.048066705103932336 
15.859999999976376, -0.04579274938440504 
15.869999999976352, -0.04317497790994201 
15.879999999976329, -0.0404932936210808 
15.889999999976306, -0.038065207008575686 
15.899999999976282, -0.036125851040153936 
15.90999999997626, -0.03477958001898501 
15.919999999976236, -0.03403370563953486 
15.929999999976213, -0.03385202147014175 
15.93999999997619, -0.03417980854662518 
15.949999999976166, -0.03493408305357436 
15.959999999976143, -0.03598168552831808 
15.96999999997612, -0.03713939231323545 
15.979999999976096, -0.03821293729049627 
15.989999999976073, -0.039050032867145326 
15.99999999997605, -0.03956494349663143 
16.009999999976028, -0.039722361727999506 
16.019999999976005, -0.039501330972907533 
16.02999999997598, -0.03886175651570664 
16.039999999975958, -0.03772393638316408 
16.049999999975935, -0.035969290413539294 
16.05999999997591, -0.033480221197936845 
16.069999999975888, -0.03023684680687976 
16.079999999975865, -0.02643630056184184 
16.08999999997584, -0.022510607876303882 
16.099999999975818, -0.018956602274028615 
16.109999999975795, -0.016110995567665574 
16.11999999997577, -0.01407523142297695 
16.129999999975748, -0.012794003450682554 
16.139999999975725, -0.012158096408538575 
16.1499999999757, -0.012055424885310907 
16.15999999997568, -0.01237221579551587 
16.169999999975655, -0.012975332447040116 
16.17999999997563, -0.013707013492906008 
16.18999999997561, -0.014405967491540614 
16.199999999975585, -0.014939986248047108 
16.20999999997556, -0.015222192187407122 
16.21999999997554, -0.015199865868486321 
16.229999999975515, -0.014826520831047593 
16.239999999975492, -0.014032154668540842 
16.24999999997547, -0.012701718995548963 
16.259999999975445, -0.010674829380963447 
16.269999999975422, -0.007794029751110142 
16.2799999999754, -0.0040286570736386695 
16.289999999975375, 0.000336823498118345 
16.299999999975352, 0.0043993976286575 
16.30999999997533, 0.007969292785777172 
16.319999999975305, 0.010683565886073002 
16.329999999975282, 0.012469723826889982 
16.33999999997526, 0.013426613170345353 
16.349999999975235, 0.0136974679350409 
16.359999999975212, 0.013414438496645618 
16.36999999997519, 0.012700628657928759 
16.379999999975166, 0.011691950302945783 
16.389999999975142, 0.010546125540039062 
16.39999999997512, 0.0094245303683338 
16.409999999975096, 0.008460917805544702 
16.419999999975072, 0.007744748865017135 
16.42999999997505, 0.007331122179836003 
16.439999999975026, 0.007267398109258337 
16.449999999975002, 0.007621210052254068 
16.45999999997498, 0.008498566309673255 
16.469999999974956, 0.010038186243154357 
16.479999999974932, 0.012358003977652318 
16.48999999997491, 0.015439484109295017 
16.499999999974886, 0.019009934653582826 
16.509999999974863, 0.022571285479964738 
16.51999999997484, 0.025622746407065227 
16.529999999974816, 0.02787802145007695 
16.539999999974793, 0.02929042575485799 
16.54999999997477, 0.02994368926319672 
16.559999999974746, 0.029950160167674593 
16.569999999974723, 0.02941278331814453 
16.5799999999747, 0.028436669847908415 
16.589999999974676, 0.027156225532010518 
16.599999999974653, 0.025743405671357317 
16.60999999997463, 0.02438038038958217 
16.619999999974606, 0.02321571977247366 
16.629999999974583, 0.022340944502193507 
16.63999999997456, 0.02180159147718113 
16.649999999974536, 0.02162729005248643 
16.659999999974513, 0.021859925108140908 
16.66999999997449, 0.02256707697746794 
16.679999999974466, 0.02383036310975468 
16.689999999974443, 0.025696257553765516 
16.69999999997442, 0.028093271891771975 
16.709999999974396, 0.030771829398385 
16.719999999974373, 0.03335456971437216 
16.72999999997435, 0.03549178209198424 
16.739999999974327, 0.03698586638395563 
16.749999999974303, 0.037791810980338285 
16.75999999997428, 0.0379429418083742 
16.769999999974257, 0.03748842880649663 
16.779999999974233, 0.036478692921954 
16.78999999997421, 0.03499189314108785 
16.799999999974187, 0.03317146946784482 
16.809999999974163, 0.031231008130073606 
16.81999999997414, 0.02940295914249259 
16.829999999974117, 0.027865760352943286 
16.839999999974093, 0.026709424433268077 
16.84999999997407, 0.02595522024835504 
16.859999999974047, 0.02559804700966018 
16.869999999974024, 0.025639668564418332 
16.879999999974, 0.026100365708101435 
16.889999999973977, 0.027005888746987568 
16.899999999973954, 0.0283488161791196 
16.90999999997393, 0.030036615603426714 
16.919999999973907, 0.03186637561381425 
16.929999999973884, 0.03356867812032355 
16.93999999997386, 0.034901463597753056 
16.949999999973837, 0.035715389650005355 
16.959999999973814, 0.03594749263476505 
16.96999999997379, 0.035575107328540204 
16.979999999973767, 0.034582175366216876 
16.989999999973744, 0.03296650310185527 
16.99999999997372, 0.030788620348448693 
17.009999999973697, 0.028227964148424295 
17.019999999973674, 0.025579224932535182 
17.02999999997365, 0.02315588762439478 
17.039999999973627, 0.0211719845437826 
17.049999999973604, 0.019701963124013545 
17.05999999997358, 0.018724844103305244 
17.069999999973557, 0.018189324411381474 
17.079999999973534, 0.01805517090021034 
17.08999999997351, 0.018303904434841693 
17.099999999973488, 0.01892500954197616 
17.109999999973464, 0.019884184996737407 
17.11999999997344, 0.02108703612775482 
17.129999999973418, 0.02236561329430926 
17.139999999973394, 0.023510407971712978 
17.14999999997337, 0.024330292881354333 
17.159999999973348, 0.02469117605805789 
17.169999999973324, 0.024508664184584902 
17.1799999999733, 0.023716639789409508 
17.189999999973278, 0.02225021403733015 
17.199999999973254, 0.020071641912434848 
17.20999999997323, 0.01724385131248722 
17.219999999973208, 0.014004328610791247 
17.229999999973185, 0.010741928164325905 
17.23999999997316, 0.007843811427815078 
17.249999999973138, 0.005538032163454684 
17.259999999973115, 0.0038657816313588758 
17.26999999997309, 0.0027596871508371737 
17.279999999973068, 0.002129603185652353 
17.289999999973045, 0.0019075097765299711 
17.29999999997302, 0.0020548381534494036 
17.309999999972998, 0.0025461269364592167 
17.319999999972975, 0.0033385376513672496 
17.32999999997295, 0.004339769292073047 
17.339999999972928, 0.005396565958957861 
17.349999999972905, 0.006320663501559863 
17.35999999997288, 0.006936897766622636 
17.36999999997286, 0.007113910041325206 
17.379999999972835, 0.006757747521739191 
17.38999999997281, 0.005786842775066108 
17.39999999997279, 0.0041230018759833365 
17.409999999972765, 0.0017267001887043896 
17.41999999997274, -0.001141478875744531 
17.42999999997272, -0.004132084986072471 
17.439999999972695, -0.007082547136575202 
17.449999999972672, -0.009601674721326722 
17.45999999997265, -0.011481048784929952 
17.469999999972625, -0.012703421420854991 
17.479999999972602, -0.013351589310773538 
17.48999999997258, -0.013521634065192046 
17.499999999972555, -0.01328159701346319 
17.509999999972532, -0.012667250785162624 
17.51999999997251, -0.011700466842251083 
17.529999999972485, -0.010421544102222015 
17.539999999972462, -0.008923214883103605 
17.54999999997244, -0.007362892645279143 
17.559999999972415, -0.005934793078814467 
17.569999999972392, -0.004818025249344026 
17.57999999997237, -0.004142998772734654 
17.589999999972346, -0.00399698015544832 
17.599999999972322, -0.0044490750664508 
17.6099999999723, -0.005559493462204141 
17.619999999972276, -0.007347526813032082 
17.629999999972252, -0.009720454663053737 
17.63999999997223, -0.01241853970157743 
17.649999999972206, -0.015063151714975413 
17.659999999972182, -0.017309800062395502 
17.66999999997216, -0.018975466265407463 
17.679999999972136, -0.020041064494590876 
17.689999999972112, -0.02057233898257079 
17.69999999997209, -0.02064500239657469 
17.709999999972066, -0.02030825292121007 
17.719999999972043, -0.0195811416284419 
17.72999999997202, -0.018471596572477524 
17.739999999971996, -0.017012084473586347 
17.749999999971973, -0.015298857580785714 
17.75999999997195, -0.013505911176676 
17.769999999971926, -0.011849788064121881 
17.779999999971903, -0.010524841115143197 
17.78999999997188, -0.009661601119600453 
17.799999999971856, -0.009332931249903736 
17.809999999971833, -0.00958352781762868 
17.81999999997181, -0.010444206862576575 
17.829999999971786, -0.011908369952349888 
17.839999999971763, -0.013877020411058937 
17.84999999997174, -0.01612013523204345 
17.859999999971716, -0.018319375833820605 
17.869999999971693, -0.020187411430371706 
17.87999999997167, -0.021564715970677585 
17.889999999971646, -0.02242163162288856 
17.899999999971623, -0.022797081966131477 
17.9099999999716, -0.02273788919075705 
17.919999999971576, -0.022266963381926956 
17.929999999971553, -0.021379555784797145 
17.93999999997153, -0.02006319232309872 
17.949999999971507, -0.018338948266450297 
17.959999999971483, -0.016309669915257105 
17.96999999997146, -0.014177058000041862 
17.979999999971437, -0.012194433204957045 
17.989999999971413, -0.010581363137747653 
17.99999999997139, -0.009470626528417635 
18.009999999971367, -0.008917762048563357 
18.019999999971343, -0.008939715699357222 
18.02999999997132, -0.00953722746053363 
18.039999999971297, -0.010680296923747033 
18.049999999971273, -0.01226640978718145 
18.05999999997125, -0.014092749817421316 
18.069999999971227, -0.015891216386212784 
18.079999999971204, -0.017419826864586107 
18.08999999997118, -0.018536443942411846 
18.099999999971157, -0.01920129148677952 
18.109999999971134, -0.019429672295934945 
18.11999999997111, -0.019242355346344383 
18.129999999971087, -0.01863741805924187 
18.139999999971064, -0.017586547851143244 
18.14999999997104, -0.016056675208299783 
18.159999999971017, -0.01405833703706379 
18.169999999970994, -0.011704475195685664 
18.17999999997097, -0.009230287591497514 
18.189999999970947, -0.006930642185973532 
18.199999999970924, -0.005051341876366033 
18.2099999999709, -0.003726149752525259 
18.219999999970877, -0.00299338537619286 
18.229999999970854, -0.0028459013741772917 
18.23999999997083, -0.0032611739338931035 
18.249999999970807, -0.004192534552000713 
18.259999999970784, -0.00553433473461854 
18.26999999997076, -0.00709911491924108 
18.279999999970737, -0.008647267626541413 
18.289999999970714, -0.009962523676270171 
18.29999999997069, -0.010912726975873125 
18.309999999970668, -0.011452222466963799 
18.319999999970644, -0.01158211583347389 
18.32999999997062, -0.01130697737322619 
18.339999999970598, -0.010609121540370218 
18.349999999970574, -0.009445615286782987 
18.35999999997055, -0.007772128668590216 
18.369999999970528, -0.005596951272816362 
18.379999999970504, -0.003046029379409334 
18.38999999997048, -0.00038088564462955446 
18.399999999970458, 0.0017068010636546523 
18.409999999970434, 0.00326774715771348 
18.41999999997041, 0.004238666450858791 
18.429999999970388, 0.004594254571197389 
18.439999999970365, 0.004354675473151177 
18.44999999997034, 0.0035529341475829188 
18.459999999970318, 0.0022431966685531883 
18.469999999970295, 0.0005345888836977262 
18.47999999997027, -0.001077344232854561 
18.489999999970248, -0.0025452287952910354 
18.499999999970225, -0.0037873191943969533 
18.5099999999702, -0.004676468481382957 
18.519999999970178, -0.0051668267398271355 
18.529999999970155, -0.005255804036145234 
18.53999999997013, -0.0049430061021425 
18.549999999970108, -0.004206062766755381 
18.559999999970085, -0.0029989981022768607 
18.56999999997006, -0.001278089265180333 
18.57999999997004, 0.0007682894155489331 
18.589999999970015, 0.0029142696290431606 
18.59999999996999, 0.005151027566179187 
18.60999999996997, 0.007157277646131904 
18.619999999969945, 0.008684414489217068 
18.62999999996992, 0.009613496157059209 
18.6399999999699, 0.009924521781828484 
18.649999999969875, 0.009638639605836212 
18.659999999969852, 0.008787889433796846 
18.66999999996983, 0.007426472243815039 
18.679999999969805, 0.005666587267098769 
18.689999999969782, 0.003699221602067833 
18.69999999996976, 0.001761745891343738 
18.709999999969735, 0.00006335033862361948 
18.719999999969712, -0.000853262375239122 
18.72999999996969, -0.0013458771272324213 
18.739999999969665, -0.0014335691445076578 
18.749999999969642, -0.0011187264550025235 
18.75999999996962, -0.0003821286947445459 
18.769999999969595, 0.0005416032797025438 
18.779999999969572, 0.0018025690445622662 
18.78999999996955, 0.003536153070342658 
18.799999999969526, 0.005597982973853105 
18.809999999969502, 0.00772043269751542 
18.81999999996948, 0.009597273540894112 
18.829999999969456, 0.010997027001322136 
18.839999999969432, 0.011809849039338566 
18.84999999996941, 0.01201474150128536 
18.859999999969386, 0.011625844294737078 
18.869999999969362, 0.010667563697085722 
18.87999999996934, 0.009190746682631281 
18.889999999969316, 0.007312026576929339 
18.899999999969292, 0.005233941427375364 
18.90999999996927, 0.0032061192433802425 
18.919999999969246, 0.0014433531306771979 
18.929999999969223, 0.00006791405392030389 
18.9399999999692, -0.0004746507876471338 
18.949999999969176, -0.0005777954834223751 
18.959999999969153, -0.0002757984923045376 
18.96999999996913, 0.00020804393166625542 
18.979999999969106, 0.000943012466031235 
18.989999999969083, 0.0021540038293870164 
18.99999999996906, 0.003805351867400996 
19.009999999969036, 0.0057485963820679544 
19.019999999969013, 0.007724806200481172 
19.02999999996899, 0.009446694671306535 
19.039999999968966, 0.01070036871240328 
19.049999999968943, 0.011382956201391839 
19.05999999996892, 0.011469714147550828 
19.069999999968896, 0.010965636492069166 
19.079999999968873, 0.00988648965839953 
19.08999999996885, 0.008280233818208735 
19.099999999968826, 0.006269884884979464 
19.109999999968803, 0.0040719761457630056 
19.11999999996878, 0.001949620274789559 
19.129999999968756, 0.00012245447793959123 
19.139999999968733, -0.0008898786447798474 
19.14999999996871, -0.0014287389462261447 
19.159999999968687, -0.0015446346546064446 
19.169999999968663, -0.0012527513115891428 
19.17999999996864, -0.0005459312186306502 
19.189999999968617, 0.00039631040009575934 
19.199999999968593, 0.0015656270837881268 
19.20999999996857, 0.003148132458997617 
19.219999999968547, 0.004992293288217137 
19.229999999968523, 0.006846604665189648 
19.2399999999685, 0.008439243130912691 
19.249999999968477, 0.009570305220542226 
19.259999999968453, 0.010142152152466898 
19.26999999996843, 0.010126635626838947 
19.279999999968407, 0.00952119858661466 
19.289999999968384, 0.00833506260860795 
19.29999999996836, 0.006615343891503989 
19.309999999968337, 0.004492655373924573 
19.319999999968314, 0.002196952018826631 
19.32999999996829, 0.000002387824187298024 
19.339999999968267, -0.0014341684915748245 
19.349999999968244, -0.002435557218279014 
19.35999999996822, -0.002984395613739847 
19.369999999968197, -0.003103745080231936 
19.379999999968174, -0.0028134641373470937 
19.38999999996815, -0.0021102307905986823 
19.399999999968127, -0.0009724694382729048 
19.409999999968104, 0.0004565746479017958 
19.41999999996808, 0.001996455730180106 
19.429999999968057, 0.0037750904426908983 
19.439999999968034, 0.005545348814394274 
19.44999999996801, 0.007046089479207903 
19.459999999967987, 0.008087654398303074 
19.469999999967964, 0.008576669674323637 
19.47999999996794, 0.008483071072877614 
19.489999999967917, 0.007799516429840256 
19.499999999967894, 0.006531696364734339 
19.50999999996787, 0.004728162934298532 
19.519999999967848, 0.0025274072458614486 
19.529999999967824, 0.00017021880576925322 
19.5399999999678, -0.00166086340753407 
19.549999999967778, -0.0031137413467610107 
19.559999999967754, -0.004117663318256319 
19.56999999996773, -0.004661389363589237 
19.579999999967708, -0.004772446225996276 
19.589999999967684, -0.004472990504906377 
19.59999999996766, -0.003761193704837469 
19.609999999967638, -0.002617644109500586 
19.619999999967614, -0.0010361474810924242 
19.62999999996759, 0.0007298521389472256 
19.639999999967568, 0.0024792060406458234 
19.649999999967545, 0.0042046885189491266 
19.65999999996752, 0.005651280701185846 
19.669999999967498, 0.00663654561170212 
19.679999999967475, 0.007071120696252891 
19.68999999996745, 0.006924989687880965 
19.699999999967428, 0.0061890483809798075 
19.709999999967405, 0.004868499137393357 
19.71999999996738, 0.0030152416794893165 
19.729999999967358, 0.0007750379464617163 
19.739999999967335, -0.0013113376776470818 
19.74999999996731, -0.003111508183724619 
19.759999999967288, -0.0045537244565144784 
19.769999999967265, -0.0055400747769925665 
19.77999999996724, -0.006064329252196305 
19.78999999996722, -0.006155963069268985 
19.799999999967195, -0.005837021408944621 
19.80999999996717, -0.0051049555677595525 
19.81999999996715, -0.003940422051155654 
19.829999999967125, -0.0023393553127073114 
19.8399999999671, -0.00036287503925523635 
19.84999999996708, 0.00146270011974343 
19.859999999967055, 0.0031763851931271144 
19.869999999967032, 0.004599828143223159 
19.87999999996701, 0.0055557899408045204 
19.889999999966985, 0.005959133130745575 
19.899999999966962, 0.005781738739309475 
19.90999999996694, 0.0050152845700596705 
19.919999999966915, 0.003666865437956953 
19.929999999966892, 0.001792938851862446 
19.93999999996687, -0.0003709628364867866 
19.949999999966845, -0.0023044663881023873 
19.959999999966822, -0.004080486201986163 
19.9699999999668, -0.00549112670946083 
19.979999999966775, -0.006445160228112144 
19.989999999966752, -0.006939574027168774 
19.99999999996673, -0.007003718415549821 
20.009999999966706, -0.006657685782674096 
20.019999999966682, -0.005896609116097087 
20.02999999996666, -0.00469980542245479 
20.039999999966636, -0.0030643191390898553 
20.049999999966612, -0.0010557521924362408 
20.05999999996659, 0.0009303858442611789 
20.069999999966566, 0.0026537440043234196 
20.079999999966542, 0.0040736878527063425 
20.08999999996652, 0.0050171771779078875 
20.099999999966496, 0.005403673527735861 
20.109999999966472, 0.005208228443516756 
20.11999999996645, 0.0044248855000274135 
20.129999999966426, 0.0030639911613271503 
20.139999999966403, 0.0011870587265125463 
20.14999999996638, -0.000851796326326608 
20.159999999966356, -0.002757604493682916 
20.169999999966333, -0.004494636400636532 
20.17999999996631, -0.005862923802160792 
20.189999999966286, -0.006777365678755932 
20.199999999966263, -0.0072369378325258995 
20.20999999996624, -0.007269656355922162 
20.219999999966216, -0.006892689574313148 
20.229999999966193, -0.006098089346866013 
20.23999999996617, -0.0048632652987327645 
20.249999999966146, -0.003186128346176923 
20.259999999966123, -0.0011370503811452442 
20.2699999999661, 0.0008927585391432068 
20.279999999966076, 0.0026341185113146126 
20.289999999966053, 0.004057741579608516 
20.29999999996603, 0.0049946477526090875 
20.309999999966006, 0.005369185847332158 
20.319999999965983, 0.005160079606672765 
20.32999999996596, 0.004364265932155166 
20.339999999965936, 0.0029957188860266965 
20.349999999965913, 0.0011210075298642686 
20.35999999996589, -0.00088798007960088 
20.369999999965867, -0.002761885839376602 
20.379999999965843, -0.004457164329267712 
20.38999999996582, -0.0057817017167442015 
20.399999999965797, -0.006656016076194512 
20.409999999965773, -0.007080551561779782 
20.41999999996575, -0.0070816583077355595 
20.429999999965727, -0.006673434377666286 
20.439999999965703, -0.005844855760082647 
20.44999999996568, -0.004571600079870406 
20.459999999965657, -0.002852822064914271 
20.469999999965633, -0.0007641410108790239 
20.47999999996561, 0.001220822990351595 
20.489999999965587, 0.0029773343618669347 
20.499999999965564, 0.0044015569398553524 
20.50999999996554, 0.00532899536406632 
20.519999999965517, 0.005688952930184083 
20.529999999965494, 0.005463627335368134 
20.53999999996547, 0.00465254361123384 
20.549999999965447, 0.003272997766522911 
20.559999999965424, 0.0013963875657061315 
20.5699999999654, -0.0006574249667251926 
20.579999999965377, -0.002504858862454236 
20.589999999965354, -0.0041637578377636915 
20.59999999996533, -0.005449283701276874 
20.609999999965307, -0.0062872635419206485 
20.619999999965284, -0.006679654765964218 
20.62999999996526, -0.006651427432074449 
20.639999999965237, -0.0062140208712558025 
20.649999999965214, -0.005353852773013113 
20.65999999996519, -0.004045523189345065 
20.669999999965167, -0.002290156808299578 
20.679999999965144, -0.00016908607342776733 
20.68999999996512, 0.0017227434312308497 
20.699999999965097, 0.003484691766257036 
20.709999999965074, 0.004900425117966381 
20.71999999996505, 0.005810568955285466 
20.729999999965028, 0.006149200554703836 
20.739999999965004, 0.005901337055707309 
20.74999999996498, 0.005068333576253528 
20.759999999964958, 0.0036702045642204306 
20.769999999964934, 0.0017829452127117898 
20.77999999996491, -0.0003427429008726327 
20.789999999964888, -0.0021733546213829552 
20.799999999964864, -0.0038045806889660675 
20.80999999996484, -0.005058199041969511 
20.819999999964818, -0.005865240062839025 
20.829999999964794, -0.0062295182845996735 
20.83999999996477, -0.0061751841286787745 
20.849999999964748, -0.005711659405744999 
20.859999999964725, -0.0048235226842010025 
20.8699999999647, -0.0034851184867416285 
20.879999999964678, -0.001700334409121709 
20.889999999964655, 0.00035989176782388725 
20.89999999996463, 0.002227044171878234 
20.909999999964608, 0.003982648434522125 
20.919999999964585, 0.0053792654516991115 
20.92999999996456, 0.006263200466256598 
20.939999999964538, 0.006572939925637722 
20.949999999964515, 0.006295502830651885 
20.95999999996449, 0.005433232126665586 
20.969999999964468, 0.004008275543313062 
20.979999999964445, 0.002101115489653857 
20.98999999996442, -0.00009025469618867165 
20.9999999999644, -0.001913515822787123 
21.009999999964375, -0.003525333510248551 
21.01999999996435, -0.004753617982987202 
21.02999999996433, -0.005534638219314353 
21.039999999964305, -0.005874465556787108 
21.04999999996428, -0.005796983796192315 
21.05999999996426, -0.005310200756399116 
21.069999999964235, -0.004397517528592991 
21.079999999964212, -0.003033753886828637 
21.08999999996419, -0.0012262077732378578 
21.099999999964165, 0.0007520823509429498 
21.109999999964142, 0.0026186538025237556 
21.11999999996412, 0.004357929515798027 
21.129999999964095, 0.005726714260313115 
21.139999999964072, 0.006577314543400338 
21.14999999996405, 0.006852190657090154 
21.159999999964025, 0.006539638099430115 
21.169999999964002, 0.005642335100164566 
21.17999999996398, 0.004184196985913097 
21.189999999963955, 0.002250241307742969 
21.199999999963932, 0.000023253355497384527 
21.20999999996391, -0.0018042539708947793 
21.219999999963886, -0.0034022023529509345 
21.229999999963862, -0.004609506836190465 
21.23999999996384, -0.005367755788703762 
21.249999999963816, -0.005685555393165709 
21.259999999963792, -0.00558688739307543 
21.26999999996377, -0.005078746533611844 
21.279999999963746, -0.004143803384165663 
21.289999999963722, -0.002757844966006103 
21.2999999999637, -0.0009319869531931247 
21.309999999963676, 0.000993505417591872 
21.319999999963652, 0.0028530762109892334 
21.32999999996363, 0.004569923389625122 
21.339999999963606, 0.005905819695232911 
21.349999999963583, 0.006719138928979082 
21.35999999996356, 0.0069559248881350035 
21.369999999963536, 0.006605272170942646 
21.379999999963513, 0.005669864912543964 
21.38999999996349, 0.004175308482362798 
21.399999999963466, 0.002211327057087267 
21.409999999963443, -0.000028069105229193762 
21.41999999996342, -0.00185216934771782 
21.429999999963396, -0.0034383297142935275 
21.439999999963373, -0.004626320077276424 
21.44999999996335, -0.005363083056785569 
21.459999999963326, -0.005659826337817102 
21.469999999963303, -0.005540738160754937 
21.47999999996328, -0.005011948188883506 
21.489999999963256, -0.004055589494696247 
21.499999999963233, -0.0026486483100425337 
21.50999999996321, -0.000806245812133057 
21.519999999963186, 0.0010990486262876529 
21.529999999963163, 0.002949194890312035 
21.53999999996314, 0.004641574339581659 
21.549999999963116, 0.005943201778795723 
21.559999999963093, 0.0067184082023680775 
21.56999999996307, 0.0069165464447999234 
21.579999999963047, 0.006527312482252852 
21.589999999963023, 0.0055533816729216225 
21.599999999963, 0.004022214728634825 
21.609999999962977, 0.002028465373126142 
21.619999999962953, -0.0001884325544660527 
21.62999999996293, -0.002013239659001748 
21.639999999962907, -0.003586785364101769 
21.649999999962883, -0.004754939846068208 
21.65999999996286, -0.005469935555804132 
21.669999999962837, -0.005745438970724921 
21.679999999962813, -0.005605730086215977 
21.68999999996279, -0.005056013334555116 
21.699999999962767, -0.004077877900193941 
21.709999999962744, -0.002649551984746265 
21.71999999996272, -0.0007902169228674259 
21.729999999962697, 0.0011170778824301105 
21.739999999962674, 0.00295835379386519 
21.74999999996265, 0.0046271405622975645 
21.759999999962627, 0.00589567575157238 
21.769999999962604, 0.006634064848550472 
21.77999999996258, 0.006794818875038569 
21.789999999962557, 0.006368251855209425 
21.799999999962534, 0.005357230348803931 
21.80999999996251, 0.0037913757059763577 
21.819999999962487, 0.0017704795050365613 
21.829999999962464, -0.00040913393085320116 
21.83999999996244, -0.0022315155592334706 
21.849999999962417, -0.00378990325133886 
21.859999999962394, -0.0049364564475497235 
21.86999999996237, -0.005628531235243751 
21.879999999962347, -0.0058819659706059735 
21.889999999962324, -0.00572088136295966 
21.8999999999623, -0.005149376940949648 
21.909999999962277, -0.004148383434906527 
21.919999999962254, -0.002697321920940999 
21.92999999996223, -0.0008194434982554413 
21.939999999962208, 0.0011004197050726338 
21.949999999962184, 0.0029349113492469314 
21.95999999996216, 0.004582402452885406 
21.969999999962138, 0.005820212459109389 
21.979999999962114, 0.006524041018320678 
21.98999999996209, 0.006649495874745609 
21.999999999962068, 0.006187640791237272 
22.009999999962044, 0.005141829836311609 
22.01999999996202, 0.0035441908483774655 
22.029999999961998, 0.0014998112834951594 
22.039999999961974, -0.0006369351234543023 
22.04999999996195, -0.0024529881954689723 
22.059999999961928, -0.003993141696812861 
22.069999999961905, -0.005115988989364223 
22.07999999996188, -0.005783769041873958 
22.089999999961858, -0.0060141417934721575 
22.099999999961835, -0.005830773015455695 
22.10999999996181, -0.005236446581802317 
22.119999999961788, -0.004211300128261474 
22.129999999961765, -0.0027358945474076067 
22.13999999996174, -0.0008375819314184625 
22.149999999961718, 0.0010969534583339501 
22.159999999961695, 0.002926930598747158 
22.16999999996167, 0.0045555067670662594 
22.179999999961648, 0.005764955837251611 
22.189999999961625, 0.0064364314677419 
22.1999999999616, 0.006528614072334333 
22.20999999996158, 0.006033466013128984 
22.219999999961555, 0.004955117336458077 
22.22999999996153, 0.0033285130653767383 
22.23999999996151, 0.001264138209899788 
22.249999999961485, -0.0008331872402811832 
22.25999999996146, -0.0026394191454251737 
22.26999999996144, -0.004158691262097498 
22.279999999961415, -0.005256097050400095 
22.289999999961392, -0.005898488846371233 
22.29999999996137, -0.006105012179031937 
22.309999999961345, -0.005898615505475939 
22.319999999961322, -0.005280596475601862 
22.3299999999613, -0.004230213008816506 
22.339999999961275, -0.0027291710760978033 
22.349999999961252, -0.0008090123892497776 
22.35999999996123, 0.001128555920189619 
22.369999999961205, 0.002955493115377047 
22.379999999961182, 0.004566701467400505 
22.38999999996116, 0.005749370763920488 
22.399999999961135, 0.006390009620181299 
22.409999999961112, 0.006450332793303357 
22.41999999996109, 0.005923297725211299 
22.429999999961066, 0.004814029317728114 
22.439999999961042, 0.003160533045540916 
22.44999999996102, 0.0010787559250261993 
22.459999999960996, -0.0009865127277947844 
22.469999999960972, -0.0027804417223165827 
22.47999999996095, -0.0042770640892484755 
22.489999999960926, -0.0053479686323239005 
22.499999999960902, -0.00596436443893418 
22.50999999996088, -0.006146606975187413 
22.519999999960856, -0.005916736404607402 
22.529999999960832, -0.005274464255451691 
22.53999999996081, -0.004198155132315125 
22.549999999960786, -0.002670739909417412 
22.559999999960763, -0.0007280927328455532 
22.56999999996074, 0.0012042529457183247 
22.579999999960716, 0.0030285277699972444 
22.589999999960693, 0.0046228273629610305 
22.59999999996067, 0.005779316875426885 
22.609999999960646, 0.0063897857924576276 
22.619999999960623, 0.0064189051731439834 
22.6299999999606, 0.005860648644406246 
22.639999999960576, 0.0047212710719218495 
22.649999999960553, 0.0030420152137450966 
22.65999999996053, 0.000944338559741038 
22.669999999960506, -0.0010959566728401585 
22.679999999960483, -0.002876219066196158 
22.68999999996046, -0.004349356883318752 
22.699999999960436, -0.005393398632190427 
22.709999999960413, -0.005983687201070655 
22.71999999996039, -0.0061415859155589374 
22.729999999960366, -0.00588811447321262 
22.739999999960343, -0.00522137411162897 
22.74999999996032, -0.004118898990020727 
22.759999999960296, -0.0025649978514546367 
22.769999999960273, -0.0006000624304305486 
22.77999999996025, 0.0013177750615056888 
22.789999999960227, 0.00313865734941868 
22.799999999960203, 0.004715452301323973 
22.80999999996018, 0.005845439117408085 
22.819999999960157, 0.006425617654091028 
22.829999999960133, 0.00642348610991091 
22.83999999996011, 0.005833980588735676 
22.849999999960087, 0.004664547729182899 
22.859999999960063, 0.0029597959943501195 
22.86999999996004, 0.0008467451635916416 
22.879999999960017, -0.0011737659231242077 
22.889999999959993, -0.002939927930536692 
22.89999999995997, -0.004389495744912821 
22.909999999959947, -0.005406857467079395 
22.919999999959924, -0.005971307959764078 
22.9299999999599, -0.006105082644121247 
22.939999999959877, -0.0058281340970708015 
22.949999999959854, -0.005136989684168354 
22.95999999995983, -0.004008474876262611 
22.969999999959807, -0.002428480444500512 
22.979999999959784, -0.0004421192104976976 
22.98999999995976, 0.0014555091056218323 
22.999999999959737, 0.00327147217217613 
23.009999999959714, 0.004829439910227535 
23.01999999995969, 0.00593198365945405 
23.029999999959667, 0.006481229550476299 
23.039999999959644, 0.006447330859833263 
23.04999999995962, 0.005826081713205778 
23.059999999959597, 0.004626138896817617 
23.069999999959574, 0.0028955825468483095 
23.07999999995955, 0.0007670586366762505 
23.089999999959527, -0.0012394809033539223 
23.099999999959504, -0.002991657789478795 
23.10999999995948, -0.004417993103226375 
23.119999999959457, -0.005409150997422384 
23.129999999959434, -0.0059482300310025145 
23.13999999995941, -0.006058245517772524 
23.149999999959388, -0.005758075413327361 
23.159999999959364, -0.005042743604198171 
23.16999999995934, -0.003888519273030866 
23.179999999959318, -0.002283100674120699 
23.189999999959294, -0.00027651992949154474 
23.19999999995927, 0.0015948315770570505 
23.209999999959248, 0.0034040183063970947 
23.219999999959224, 0.004941575126347693 
23.2299999999592, 0.0060155377825072505 
23.239999999959178, 0.006533051054330133 
23.249999999959154, 0.006466729633732059 
23.25999999995913, 0.005813108164104424 
23.269999999959108, 0.004582068813301811 
23.279999999959085, 0.002825274958134017 
23.28999999995906, 0.0006810722094144696 
23.299999999959038, -0.0013086707575732095 
23.309999999959015, -0.003047034429844819 
23.31999999995899, -0.004450501706979508 
23.329999999958968, -0.00541593448974587 
23.339999999958945, -0.0059300983796394145 
23.34999999995892, -0.006016706595555418 
23.359999999958898, -0.005693560882648966 
23.369999999958875, -0.004954254758057491 
23.37999999995885, -0.003774653330623927 
23.389999999958828, -0.002144480715923146 
23.399999999958805, -0.00011886627700256888 
23.40999999995878, 0.0017289282416880231 
23.41999999995876, 0.003529600243578638 
23.429999999958735, 0.005045310357091019 
23.43999999995871, 0.006089696404942323 
23.44999999995869, 0.006574795876076865 
23.459999999958665, 0.006475495064281795 
23.46999999995864, 0.0057889685281213455 
23.47999999995862, 0.004526359686479732 
23.489999999958595, 0.002743041236804322 
23.499999999958572, 0.0005831289260184286 
23.50999999995855, -0.0013897152527237253 
23.519999999958525, -0.0031142656397018824 
23.529999999958502, -0.004495081640764309 
23.53999999995848, -0.005435147494036277 
23.549999999958455, -0.005924756463479343 
23.559999999958432, -0.005988231000298839 
23.56999999995841, -0.005642285834049369 
23.579999999958385, -0.004879146698833534 
23.589999999958362, -0.0036744146408891265 
23.59999999995834, -0.002020041669796478 
23.609999999958315, 0.00001850258393502075 
23.619999999958292, 0.0018464252452480001 
23.62999999995827, 0.0036371440362173066 
23.639999999958246, 0.005129888891144723 
23.649999999958222, 0.00614399272478934 
23.6599999999582, 0.00659624576812128 
23.669999999958176, 0.006463632962849056 
23.679999999958152, 0.005743901098018065 
23.68999999995813, 0.004449525429970883 
23.699999999958106, 0.002639734089034565 
23.709999999958082, 0.00046447078961241156 
23.71999999995806, -0.0014866189537425397 
23.729999999958036, -0.0031970089419624008 
23.739999999958012, -0.004555112328930531 
23.74999999995799, -0.005469957718259513 
23.759999999957966, -0.005935210916958692 
23.769999999957943, -0.005975694478724763 
23.77999999995792, -0.005607003843018846 
23.789999999957896, -0.0048200378210125705 
23.799999999957873, -0.0035902507253533743 
23.80999999995785, -0.0019120006015899602 
23.819999999957826, 0.00012060032480791145 
23.829999999957803, 0.0019530716115519014 
23.83999999995778, 0.003732827266353473 
23.849999999957756, 0.00520189875314543 
23.859999999957733, 0.006185365068919913 
23.86999999995771, 0.006604626730145123 
23.879999999957686, 0.006438621872164882 
23.889999999957663, 0.005685639761136625 
23.89999999995764, 0.004359590753556419 
23.909999999957616, 0.0025237158516105405 
23.919999999957593, 0.0003338213022307347 
23.92999999995757, -0.0015903218996845432 
23.939999999957546, -0.003285929541084829 
23.949999999957523, -0.004621053136959654 
23.9599999999575, -0.0055106749474465805 
23.969999999957476, -0.005951660313916916 
23.979999999957453, -0.005969205965326992 
23.98999999995743, -0.0055777411786293585 
23.999999999957407, -0.004766866321498274 
24.009999999957383, -0.003511995892256746 
24.01999999995736, -0.0018100627818202855 
24.029999999957337, 0.00021459771302670866 
24.039999999957313, 0.00205080677774826 
24.04999999995729, 0.00381881818893143 
24.059999999957267, 0.005263729296677842 
24.069999999957243, 0.006216389853691497 
24.07999999995722, 0.006602667141494968 
24.089999999957197, 0.006403325021637032 
24.099999999957173, 0.005617189578228227 
24.10999999995715, 0.004259729112130866 
24.119999999957127, 0.0023983581950972692 
24.129999999957104, 0.00019475888230801626 
24.13999999995708, -0.0017014225924004873 
24.149999999957057, -0.0033814818791386876 
24.159999999957034, -0.00469325065978279 
24.16999999995701, -0.005557562977363467 
24.179999999956987, -0.005974301018871883 
24.189999999956964, -0.0059689018788450215 
24.19999999995694, -0.00555457414501879 
24.209999999956917, -0.004719640488774243 
24.219999999956894, -0.0034395747447627046 
24.22999999995687, -0.0017140448184563596 
24.239999999956847, 0.0003051801113814412 
24.249999999956824, 0.0021444923355382734 
24.2599999999568, 0.0039001713375505023 
24.269999999956777, 0.005320615206941063 
24.279999999956754, 0.006242449141516923 
24.28999999995673, 0.006595865861645458 
24.299999999956707, 0.006363344566782003 
24.309999999956684, 0.005544262810466803 
24.31999999995666, 0.004155783978308615 
24.329999999956637, 0.002269655051351787 
24.339999999956614, 0.00005342433804490837 
24.34999999995659, -0.001813665085892862 
24.359999999956568, -0.0034773346671129342 
24.369999999956544, -0.004765325756733278 
24.37999999995652, -0.0056042075231448 
24.389999999956498, -0.005996688421746827 
24.399999999956474, -0.0059683088483567705 
24.40999999995645, -0.005531000527434997 
24.419999999956428, -0.004671828778641498 
24.429999999956404, -0.003366427069218628 
24.43999999995638, -0.0016173591995087416 
24.449999999956358, 0.00039605818224768837 
24.459999999956334, 0.0022378795596625376 
24.46999999995631, 0.003980689075882947 
24.479999999956288, 0.005376406914375903 
24.489999999956265, 0.006267427253700078 
24.49999999995624, 0.00658812779137191 
24.509999999956218, 0.006322601427615078 
24.519999999956195, 0.005470801396731968 
24.52999999995617, 0.004051728042121308 
24.539999999956148, 0.0021416131304034395 
24.549999999956125, -0.00007234988340186572 
24.5599999999561, -0.001923033458134887 
24.569999999956078, -0.00356950311683773 
24.579999999956055, -0.004833326275507035 
24.58999999995603, -0.005646678151872798 
24.599999999956008, -0.006014902307035779 
24.609999999955985, -0.005963510066256112 
24.61999999995596, -0.00550310566422399 
24.62999999995594, -0.004619523661284485 
24.639999999955915, -0.0032886647843025315 
24.64999999995589, -0.0015161546855619909 
24.65999999995587, 0.00049103303538171 
24.669999999955845, 0.002334719055171048 
24.67999999995582, 0.004064079738737967 
24.6899999999558, 0.005434774990325343 
24.699999999955775, 0.006294954848026788 
24.709999999955752, 0.006583040385108671 
24.71999999995573, 0.006284639097781234 
24.729999999955705, 0.005400306178314232 
24.739999999955682, 0.003951019228747276 
24.74999999995566, 0.0020176384875692723 
24.759999999955635, -0.00018068522524258493 
24.769999999955612, -0.0020262946161348017 
24.77999999995559, -0.003654859009207099 
24.789999999955565, -0.00489421124720323 
24.799999999955542, -0.005681994165905929 
24.80999999995552, -0.006026000509336138 
24.819999999955495, -0.005951590709700461 
24.829999999955472, -0.005468001820464153 
24.83999999995545, -0.00455987574840748 
24.849999999955426, -0.003203500438007964 
24.859999999955402, -0.0014077375793096155 
24.86999999995538, 0.0005897716831746354 
24.879999999955356, 0.0024345534417492504 
24.889999999955332, 0.004149775440619302 
24.89999999995531, 0.005495056994281485 
24.909999999955286, 0.006324284800588722 
24.919999999955262, 0.006579777183824305 
24.92999999995524, 0.006248554951071789 
24.939999999955216, 0.005331799662727354 
24.949999999955192, 0.00385260301804508 
24.95999999995517, 0.001896589798135136 
24.969999999955146, -0.000285182057508649 
24.979999999955123, -0.002124817130442816 
24.9899999999551, -0.0037348878031496736 
24.999999999955076, -0.004949557144660599 
