t, s[1].omega / s[0].omega 
0, -0.5402457091734226 
0.009999999999999995, -0.569729156321386 
0.019999999999999934, -0.6093751434063754 
0.029999999999999874, -0.655114190091357 
0.04000000000000012, -0.6965770730531167 
0.050000000000000405, -0.7255185970650494 
0.06000000000000069, -0.7420724130064988 
0.07000000000000098, -0.7505081379221235 
0.08000000000000126, -0.7544552886900289 
0.09000000000000155, -0.7559308584576931 
0.10000000000000184, -0.7558073066231135 
0.11000000000000212, -0.7542217898008842 
0.12000000000000241, -0.7506352006946909 
0.130000000000002, -0.7434109239478396 
0.1400000000000009, -0.7282990747251401 
0.1499999999999998, -0.6929291361661183 
0.1599999999999987, -0.5881596128325752 
0.1699999999999976, -0.09612810673285856 
0.1799999999999965, 1.0479772352119565 
0.1899999999999954, 1.2586715374509883 
0.1999999999999943, 1.2838619787745955 
0.2099999999999932, 1.2890579309294803 
0.2199999999999921, 1.2897542972595244 
0.229999999999991, 1.287816784406015 
0.2399999999999899, 1.280866242921309 
0.2499999999999888, 1.2566588964091205 
0.2599999999999877, 1.1769915665139348 
0.2699999999999866, 1.088382215489998 
0.2799999999999855, 1.0908414696662998 
0.2899999999999844, 1.103475898711899 
0.2999999999999833, 1.109011135323556 
0.3099999999999822, 1.1107954538274816 
0.3199999999999811, 1.1104627585977798 
0.32999999999998, 1.1079106246114556 
0.3399999999999789, 1.1011038358735348 
0.3499999999999778, 1.0855865380210767 
0.35999999999997667, 1.0825247038708847 
0.36999999999997557, 1.190550026029226 
0.37999999999997447, 1.2750259571201883 
0.38999999999997337, 1.2979200745001978 
0.39999999999997227, 1.3038997728323443 
0.40999999999997117, 1.3050903990562626 
0.41999999999997006, 1.30361797043907 
0.42999999999996896, 1.2971135128879694 
0.43999999999996786, 1.2665725174406657 
0.44999999999996676, 1.003893033316635 
0.45999999999996566, -0.06578567865299567 
0.46999999999996456, -0.39071020214272617 
0.47999999999996346, -0.44338062447799287 
0.48999999999996235, -0.45926712734426395 
0.49999999999996125, -0.4665501045118437 
0.5099999999999602, -0.47050113902907126 
0.519999999999959, -0.47271850856508485 
0.529999999999958, -0.47385136259290206 
0.5399999999999568, -0.4741781169389433 
0.5499999999999557, -0.47378231692467143 
0.5599999999999546, -0.47263243753911066 
0.5699999999999535, -0.47065809210233633 
0.5799999999999524, -0.4678641253737279 
0.5899999999999513, -0.46445401752330423 
0.5999999999999502, -0.4608447770014637 
0.6099999999999491, -0.45750611019954424 
0.619999999999948, -0.45476105079982865 
0.6299999999999469, -0.4527216988078611 
0.6399999999999458, -0.4513479942662009 
0.6499999999999447, -0.45052179605250514 
0.6599999999999436, -0.45008672295779173 
0.6699999999999425, -0.4498696690140753 
0.6799999999999414, -0.4497094583379556 
0.6899999999999403, -0.4494920720921149 
0.6999999999999392, -0.44917415789505055 
0.7099999999999381, -0.4487906245644545 
0.719999999999937, -0.4484667948195046 
0.7299999999999359, -0.44846856753582387 
0.7399999999999348, -0.4493382379150028 
0.7499999999999337, -0.4522120224496601 
0.7599999999999326, -0.4595502183138375 
0.7699999999999315, -0.4768471324112178 
0.7799999999999304, -0.5165925475920815 
0.7899999999999293, -0.6059327438398017 
0.7999999999999282, -0.7887350053274963 
0.8099999999999271, -1.0698057497654558 
0.819999999999926, -1.339090903044773 
0.8299999999999249, -1.512859454350285 
0.8399999999999238, -1.608406126972754 
0.8499999999999227, -1.6589231726545646 
0.8599999999999216, -1.6847496196064504 
0.8699999999999205, -1.6972267899065314 
0.8799999999999194, -1.7027715251381335 
0.8899999999999183, -1.7048390206976496 
0.8999999999999172, -1.7051743658352212 
0.9099999999999161, -1.7047290773929327 
0.919999999999915, -1.7041501430450452 
0.9299999999999139, -1.7037001841313493 
0.9399999999999128, -1.703177121698494 
0.9499999999999117, -1.7024613634318022 
0.9599999999999106, -1.70188314041967 
0.9699999999999095, -1.7016854635268683 
0.9799999999999084, -1.7014530451823133 
0.9899999999999073, -1.7003622020548803 
0.9999999999999062, -1.6971846103771633 
1.0099999999999052, -1.6892816511981539 
1.019999999999904, -1.6703132656075674 
1.029999999999903, -1.6259623357029749 
1.039999999999902, -1.5282114514198346 
1.0499999999999008, -1.3364357498878283 
1.0599999999998997, -1.0373528088343074 
1.0699999999998986, -0.7219236461117464 
1.0799999999998975, -0.5048199264969571 
1.0899999999998964, -0.38903516110561226 
1.0999999999998953, -0.33130557964561785 
1.1099999999998942, -0.30193525531017384 
1.119999999999893, -0.28637131816230926 
1.129999999999892, -0.2778305968898395 
1.1399999999998909, -0.2730607857368289 
1.1499999999998898, -0.2704308051856388 
1.1599999999998887, -0.26909016423200677 
1.1699999999998876, -0.2685884334949881 
1.1799999999998865, -0.2686983629877415 
1.1899999999998854, -0.2693355653874049 
1.1999999999998843, -0.2705297566672705 
1.2099999999998832, -0.2724301860191481 
1.219999999999882, -0.2753442529594248 
1.229999999999881, -0.2798264561464703 
1.2399999999998799, -0.2868644510055026 
1.2499999999998788, -0.298253074239344 
1.2599999999998777, -0.31725892544716977 
1.2699999999998766, -0.34931533281745114 
1.2799999999998755, -0.40051584680483004 
1.2899999999998744, -0.46875366250353856 
1.2999999999998733, -0.534940225654578 
1.3099999999998722, -0.580363151461919 
1.319999999999871, -0.6049415448118894 
1.32999999999987, -0.6169328277527389 
1.3399999999998689, -0.6225579402719904 
1.3499999999998678, -0.6249560385545697 
1.3599999999998666, -0.6254597959861162 
1.3699999999998655, -0.6244237535225454 
1.3799999999998644, -0.6214498804770204 
1.3899999999998633, -0.6150549096531527 
1.3999999999998622, -0.6014545542591344 
1.4099999999998611, -0.5718223103245575 
1.41999999999986, -0.5100861769044613 
1.429999999999859, -0.4073239677812495 
1.4399999999998578, -0.29566601634580414 
1.4499999999998567, -0.21733118452059474 
1.4599999999998556, -0.1741474965398166 
1.4699999999998545, -0.1515140405775881 
1.4799999999998534, -0.13921087344717997 
1.4899999999998523, -0.13213317289270868 
1.4999999999998512, -0.12784613761905467 
1.5099999999998501, -0.12514065610327757 
1.519999999999849, -0.12337767424988692 
1.529999999999848, -0.12220475503057973 
1.5399999999998468, -0.12143493734019326 
1.5499999999998457, -0.12099806265672261 
1.5599999999998446, -0.12093308678604102 
1.5699999999998435, -0.12142442205011654 
1.5799999999998424, -0.12292336215994086 
1.5899999999998413, -0.1264853625964865 
1.5999999999998402, -0.13475264319808605 
1.6099999999998391, -0.15519659905472222 
1.619999999999838, -0.21292047682332282 
1.629999999999837, -0.4157281700346851 
1.6399999999998358, -1.3590769842389023 
1.6499999999998347, -2.6485401644113726 
1.6599999999998336, -2.8108466330983233 
1.6699999999998325, -2.835849148503073 
1.6799999999998314, -2.842375880931111 
1.6899999999998303, -2.843940251758556 
1.6999999999998292, -2.84311823408614 
1.709999999999828, -2.8398191234393986 
1.719999999999827, -2.8303354348202125 
1.729999999999826, -2.797208255609015 
1.7399999999998248, -2.746258182412982 
1.7499999999998237, -2.758966859791057 
1.7599999999998226, -2.7660868993001007 
1.7699999999998215, -2.7666479348103135 
1.7799999999998204, -2.7654384610977867 
1.7899999999998193, -2.766487110238412 
1.7999999999998182, -2.7691888931282818 
1.809999999999817, -2.770335182033916 
1.819999999999816, -2.7705102200929703 
1.8299999999998149, -2.769783165967372 
1.8399999999998138, -2.765870616216213 
1.8499999999998127, -2.745700073389184 
1.8599999999998116, -2.541576022136986 
1.8699999999998105, 0.2663947115350645 
1.8799999999998094, 1.1194357612299262 
1.8899999999998083, 1.1712695653235263 
1.8999999999998072, 1.18025120787384 
1.909999999999806, 1.1823072871033018 
1.919999999999805, 1.1820187300111056 
1.9299999999998039, 1.1798739786810355 
1.9399999999998028, 1.174993446653635 
1.9499999999998017, 1.1659657877105167 
1.9599999999998006, 1.1537496443839685 
1.9699999999997995, 1.144321867420973 
1.9799999999997984, 1.141134594224107 
1.9899999999997973, 1.141259758695189 
1.9999999999997962, 1.1417941018375362 
2.0099999999998173, 1.14157225727792 
2.0199999999998384, 1.1397067578973021 
2.0299999999998595, 1.1334642666100738 
2.0399999999998806, 1.1089318790226135 
2.0499999999999017, 0.9502001135084635 
2.059999999999923, 0.10778665957145492 
2.069999999999944, 3.1967550475759565 
2.079999999999965, 3.2750253861976164 
2.089999999999986, 3.2772790689313425 
2.100000000000007, 3.2723055793519125 
2.1100000000000283, 3.0267625928463446 
2.1200000000000494, -4.661397988898954 
2.1300000000000705, -4.707416268224713 
2.1400000000000916, -4.708385496394898 
2.1500000000001127, -4.705197898890782 
2.160000000000134, -4.685090147821114 
2.170000000000155, -4.685750082522266 
2.180000000000176, -4.689049172848834 
2.190000000000197, -4.688189900953853 
2.2000000000002182, -4.687792051575944 
2.2100000000002393, -4.686397958670537 
2.2200000000002604, -4.685430262001139 
2.2300000000002815, -4.676478100363828 
2.2400000000003026, -4.689038726681305 
2.2500000000003237, -4.696851266539899 
2.260000000000345, -4.696812127545412 
2.270000000000366, -4.690356482171458 
2.280000000000387, -4.278736088055261 
2.290000000000408, 3.3721569019724216 
2.3000000000004293, 3.4033989572202232 
2.3100000000004504, 3.403755878662732 
2.3200000000004715, 3.392396015107027 
2.3300000000004926, 1.1223005878102696 
2.3400000000005137, -3.7863621551646647 
2.3500000000005348, -3.8413444927846916 
2.360000000000556, -3.8441862943224776 
2.370000000000577, -3.8433133664655736 
2.380000000000598, -3.84039597292102 
2.390000000000619, -3.833478653099399 
2.4000000000006403, -3.8338654349318495 
2.4100000000006614, -3.8342380967913714 
2.4200000000006825, -3.831602234217249 
2.4300000000007036, -3.834788310227437 
2.4400000000007247, -3.8376358183329535 
2.450000000000746, -3.8377795650033777 
2.460000000000767, -3.836060164982297 
2.470000000000788, -3.8199593089749535 
2.480000000000809, -3.0718061979797406 
2.49000000000083, -6.1420614594831155 
2.5000000000008513, -6.258097884395346 
2.5100000000008724, -6.257726522797843 
2.5200000000008935, -6.225152385944372 
2.5300000000009146, 4.1666426879099685 
2.5400000000009357, 4.215874990519508 
2.550000000000957, 4.215689161956061 
2.560000000000978, 4.201073513453881 
2.570000000000999, 4.140779033222353 
2.58000000000102, 4.169445486142931 
2.5900000000010412, 4.1701216145672175 
2.6000000000010624, 4.169345108073019 
2.6100000000010835, 4.166473724142774 
2.6200000000011046, 4.165388200371584 
2.6300000000011257, 4.1646313517789 
2.6400000000011468, 4.1600811803278335 
2.650000000001168, 4.1677418609203745 
2.660000000001189, 4.169994903663109 
2.67000000000121, 4.168646929743714 
2.680000000001231, 4.14463330634234 
2.6900000000012523, 4.333072350299945 
2.7000000000012734, 4.425107005960745 
2.7100000000012945, 4.425270413657446 
2.7200000000013156, 4.392861279131954 
2.7300000000013367, -6.359370619717741 
2.740000000001358, -6.394865865894036 
2.750000000001379, -6.39258640690446 
2.7600000000014, -6.265197181648473 
2.770000000001421, -6.252305235449961 
2.780000000001442, -6.256928814065887 
2.7900000000014633, -6.253792204568009 
2.8000000000014844, -6.243516940821085 
2.8100000000015055, -6.247648633786218 
2.8200000000015266, -6.2464787062405085 
2.8300000000015477, -6.2447483984584204 
2.840000000001569, -6.24364525538586 
2.85000000000159, -6.238838633669363 
2.860000000001611, -6.244233393673881 
2.870000000001632, -6.243670664962988 
2.8800000000016532, -6.230444957711759 
2.8900000000016743, -6.277055054452562 
2.9000000000016954, -6.299556002623886 
2.9100000000017165, -6.297442410703844 
2.9200000000017377, -6.0987665493514545 
2.9300000000017588, 4.431720546341468 
2.94000000000178, 4.441927275420506 
2.950000000001801, 4.437662364993853 
2.960000000001822, 3.3369787007767875 
2.970000000001843, 3.425748995227989 
2.9800000000018643, 3.4515418158806255 
2.9900000000018854, 3.452340175129605 
3.0000000000019065, 3.450504233757632 
3.0100000000019276, 3.4428924111544417 
3.0200000000019487, 3.4385407482514716 
3.03000000000197, 3.44119184409368 
3.040000000001991, 3.44011183448401 
3.050000000002012, 3.4390416657150418 
3.060000000002033, 3.443191160526061 
3.070000000002054, 3.4445405205616266 
3.0800000000020753, 3.443872607341875 
3.0900000000020964, 3.4390857698116677 
3.1000000000021175, 3.288409809346826 
3.1100000000021386, 3.6813108978356475 
3.1200000000021597, 3.7113002384574445 
3.130000000002181, 3.7113864714769456 
3.140000000002202, 3.695305372420358 
3.150000000002223, -5.199902926853924 
3.160000000002244, -5.630865676452081 
3.1700000000022652, -5.633106416130165 
3.1800000000022863, -5.627316958555172 
3.1900000000023074, -5.493805678322014 
3.2000000000023285, -5.564317171732269 
3.2100000000023496, -5.566044690237678 
3.2200000000023707, -5.564072898237543 
3.230000000002392, -5.5583379239202655 
3.240000000002413, -5.559708741608554 
3.250000000002434, -5.55793842986781 
3.260000000002455, -5.558856652848194 
3.2700000000024763, -5.558019343167208 
3.2800000000024974, -5.554874214146272 
3.2900000000025185, -5.541254806112888 
3.3000000000025396, -5.571268679490151 
3.3100000000025607, -5.5722898634722124 
3.3200000000025818, -5.565453169692168 
3.330000000002603, -1.805279383130714 
3.340000000002624, 4.326061016383944 
3.350000000002645, 4.331135610703691 
3.360000000002666, 4.324239825188197 
3.3700000000026873, -3.244286647832859 
3.3800000000027084, -5.751065750944063 
3.3900000000027295, -5.754321106252339 
3.4000000000027506, -5.7499078980957 
3.4100000000027717, -5.703064208457577 
3.420000000002793, -5.726986945622389 
3.430000000002814, -5.727084105272867 
3.440000000002835, -5.7252389592703725 
3.450000000002856, -5.722194733048774 
3.460000000002877, -5.7218750307416375 
3.4700000000028983, -5.720320996747928 
3.4800000000029194, -5.722039499122515 
3.4900000000029405, -5.721054471257878 
3.5000000000029616, -5.709530543187568 
3.5100000000029827, -5.731195308358981 
3.520000000003004, -5.7486702820658575 
3.530000000003025, -5.747671190918197 
3.540000000003046, -5.713520415555175 
3.550000000003067, 4.0104211562371415 
3.5600000000030882, 4.080735166111803 
3.5700000000031094, 4.080773261237012 
3.5800000000031305, 4.0556734513389365 
3.5900000000031516, -2.73923627909289 
3.6000000000031727, -4.157318532652278 
3.6100000000031938, -4.171906604024063 
3.620000000003215, -4.172040365224496 
3.630000000003236, -4.169894434229276 
3.640000000003257, -4.162294160471684 
3.650000000003278, -4.160195954602435 
3.6600000000032993, -4.161866962135514 
3.6700000000033204, -4.1600381619497 
3.6800000000033415, -4.161710055595701 
3.6900000000033626, -4.162810948718208 
3.7000000000033837, -4.162391343517138 
3.710000000003405, -4.159380206961502 
3.720000000003426, -4.113840582791278 
3.730000000003447, -4.237012776940132 
3.740000000003468, -4.342630321987098 
3.750000000003489, -4.348285570859793 
3.7600000000035103, -4.347450239730133 
3.7700000000035314, -4.3384326382964415 
3.7800000000035525, -4.127192601405201 
3.7900000000035736, 2.1774327649295353 
3.8000000000035947, 2.3048493560967813 
3.810000000003616, 2.3112932727724482 
3.820000000003637, 2.311701902631705 
3.830000000003658, 2.3100223901030486 
3.840000000003679, 2.304616155948117 
3.8500000000037002, 2.2942304679982466 
3.8600000000037213, 2.2905578262623414 
3.8700000000037424, 2.292815754148707 
3.8800000000037635, 2.2932044300659586 
3.8900000000037847, 2.290520183500538 
3.9000000000038058, 2.284545547432616 
3.910000000003827, 2.29458263191086 
3.920000000003848, 2.3118660133392686 
3.930000000003869, 2.3173402236603513 
3.94000000000389, 2.3180809520824406 
3.9500000000039113, 2.315996207376345 
3.9600000000039324, 2.3003756977593177 
3.9700000000039535, 1.3743912452972433 
3.9800000000039746, -4.266219192114827 
3.9900000000039957, -4.313130747815622 
4.000000000004016, -4.316031285732171 
4.010000000003993, -4.313979327166095 
4.02000000000397, -4.299696220407694 
4.030000000003946, -4.157414042013077 
4.040000000003923, -4.214428318621346 
4.0500000000039, -4.221288108303351 
4.0600000000038765, -4.220814493478693 
4.070000000003853, -4.219733654374256 
4.08000000000383, -4.216939320743014 
4.090000000003807, -4.2165911232086195 
4.100000000003783, -4.21481209305661 
4.11000000000376, -4.210044776523942 
4.120000000003737, -4.220594486240392 
4.130000000003713, -4.223560935705075 
4.14000000000369, -4.223115879860396 
4.150000000003667, -4.216770866976706 
4.1600000000036434, -4.02070416246803 
4.17000000000362, 3.112378232282249 
4.180000000003597, 3.2107657523358775 
4.1900000000035735, 3.213419955578496 
4.20000000000355, 3.2091560880966505 
4.210000000003527, 3.0744728798023684 
4.220000000003504, -3.6321467556462546 
4.23000000000348, -3.88859076280107 
4.240000000003457, -3.896081336096634 
4.250000000003434, -3.8958350349311957 
4.26000000000341, -3.8936717552816176 
4.270000000003387, -3.886830567975206 
4.280000000003364, -3.8841821485271653 
4.2900000000033405, -3.88592629054044 
4.300000000003317, -3.883969780242732 
4.310000000003294, -3.8848644285114178 
4.320000000003271, -3.8880162039752846 
4.330000000003247, -3.888318887753852 
4.340000000003224, -3.887233122355499 
4.350000000003201, -3.8775773885300127 
4.360000000003177, -3.593696203306903 
4.370000000003154, -4.589143384338031 
4.380000000003131, -4.695749889289933 
4.390000000003107, -4.699607674530829 
4.400000000003084, -4.6973728893277045 
4.410000000003061, -4.674211886374899 
4.4200000000030375, -0.1963017072863445 
4.430000000003014, 2.4832256729436564 
4.440000000002991, 2.5037858284689274 
4.450000000002968, 2.505508783382797 
4.460000000002944, 2.5048378855462095 
4.470000000002921, 2.50187150366303 
4.480000000002898, 2.494872875124769 
4.490000000002874, 2.490032304538529 
4.500000000002851, 2.491408664369041 
4.510000000002828, 2.491748669741704 
4.520000000002804, 2.4888166577348296 
4.530000000002781, 2.4825563206047674 
4.540000000002758, 2.495863034645493 
4.5500000000027345, 2.5101441439034486 
4.560000000002711, 2.5136300355241707 
4.570000000002688, 2.5134504602480368 
4.580000000002665, 2.509114785451113 
4.590000000002641, 2.449034673474911 
4.600000000002618, -4.1115779642612855 
4.610000000002595, -4.512145374818432 
4.620000000002571, -4.520744787441579 
4.630000000002548, -4.520061442356657 
4.640000000002525, -4.511898627167588 
4.6500000000025015, -4.35799649433616 
4.660000000002478, -4.342890406873804 
4.670000000002455, -4.36309085926856 
4.6800000000024315, -4.363333410905542 
4.690000000002408, -4.362049801220499 
4.700000000002385, -4.358282892434995 
4.710000000002362, -4.357359792693317 
4.720000000002338, -4.356866033148473 
4.730000000002315, -4.353645983438009 
4.740000000002292, -4.359030527873963 
4.750000000002268, -4.36064437069578 
4.760000000002245, -4.359936916548592 
4.770000000002222, -4.352080396350754 
4.7800000000021985, -4.003321006611728 
4.790000000002175, -4.940852394198583 
4.800000000002152, -4.983107014225642 
4.810000000002129, -4.984335656254794 
4.820000000002105, -4.9788451149253 
4.830000000002082, -4.80698887995294 
4.840000000002059, 2.8276359580820265 
4.850000000002035, 2.8942381535284722 
4.860000000002012, 2.8970534427264916 
4.870000000001989, 2.8960173839334677 
4.880000000001965, 2.8899996708669944 
4.890000000001942, 2.8722379981546453 
4.900000000001919, 2.872059280788366 
4.9100000000018955, 2.8760122943038278 
4.920000000001872, 2.875574138787788 
4.930000000001849, 2.8740108753353146 
4.940000000001826, 2.877036362335482 
4.950000000001802, 2.8803457666297154 
4.960000000001779, 2.8809296443870314 
4.970000000001756, 2.880028482269598 
4.980000000001732, 2.87420401751698 
4.990000000001709, 2.725136687184779 
5.000000000001686, 3.7566067939245684 
5.0100000000016625, 3.926248276180138 
5.020000000001639, 3.9280313649941183 
5.030000000001616, 3.918212498758596 
5.0400000000015925, -4.324124330490939 
5.050000000001569, -5.682442920184769 
5.060000000001546, -5.685533228118877 
5.070000000001523, -5.6807764090769535 
5.080000000001499, -5.604410326761997 
5.090000000001476, -5.643282694356686 
5.100000000001453, -5.6442798084932395 
5.110000000001429, -5.642407349480022 
5.120000000001406, -5.638084977070759 
5.130000000001383, -5.638707355075268 
5.1400000000013595, -5.636730761182956 
5.150000000001336, -5.63818927716737 
5.160000000001313, -5.637369967974825 
5.17000000000129, -5.631990977029573 
5.180000000001266, -5.628575934633765 
5.190000000001243, -5.656704364511136 
5.20000000000122, -5.656857853852675 
5.210000000001196, -5.644136169125916 
5.220000000001173, 3.565251746269611 
5.23000000000115, 4.163802875257434 
5.240000000001126, 4.165952566314672 
5.250000000001103, 4.154796623385036 
5.26000000000108, -3.681398211299031 
5.2700000000010565, -5.1735600216933815 
5.280000000001033, -5.1786006642422056 
5.29000000000101, -5.176462092268637 
5.300000000000987, -5.159898194680045 
5.310000000000963, -5.1576236181241075 
5.32000000000094, -5.160862099281877 
5.330000000000917, -5.159974946278094 
5.340000000000893, -5.158660209776199 
5.35000000000087, -5.157451937166778 
5.360000000000847, -5.1550771727077835 
5.3700000000008234, -5.152905417642409 
5.3800000000008, -5.160817726547355 
5.390000000000777, -5.160892885519893 
5.4000000000007535, -5.155376883640253 
5.41000000000073, -4.687194618447707 
5.420000000000707, -5.603233210706206 
5.430000000000684, -5.616391613130142 
5.44000000000066, -5.614567163473392 
5.450000000000637, -5.570094940075512 
5.460000000000614, 3.5101092068468995 
5.47000000000059, 3.5947837675275216 
5.480000000000567, 3.5962882573438213 
5.490000000000544, 3.5919157975417377 
5.5000000000005205, 3.54292579313946 
5.510000000000497, 3.542240938039432 
5.520000000000474, 3.55201221272957 
5.5300000000004506, 3.5521100290239382 
5.540000000000427, 3.5518935354560797 
5.550000000000404, 3.5509851627133386 
5.560000000000381, 3.5495457603402256 
5.570000000000357, 3.549018760671891 
5.580000000000334, 3.5443711511796394 
5.590000000000311, 3.5328811557648345 
5.600000000000287, 3.5653404880647983 
5.610000000000264, 3.5704292862497597 
5.620000000000241, 3.569384222075614 
5.6300000000002175, 3.5507499876528725 
5.640000000000194, -5.20118993276728 
5.650000000000171, -5.670882663871525 
5.660000000000148, -5.673692012486465 
5.670000000000124, -5.667706957193364 
5.680000000000101, -4.803489208867687 
5.690000000000078, 2.2140168861576455 
5.700000000000054, 2.3701441074359417 
5.710000000000031, 2.3775726761591987 
5.720000000000008, 2.378273210737218 
5.729999999999984, 2.3777808942505545 
5.739999999999961, 2.3762275611162145 
5.749999999999938, 2.373227030417071 
5.7599999999999145, 2.3708647575681594 
5.769999999999891, 2.370704996601538 
5.779999999999868, 2.370175176380715 
5.789999999999845, 2.3656160667561057 
5.799999999999821, 2.343697343886343 
5.809999999999798, 2.375653388957986 
5.819999999999775, 2.429856133174293 
5.829999999999751, 2.4382891450590227 
5.839999999999728, 2.4389564610099406 
5.849999999999705, 2.4353203392980705 
5.8599999999996815, 2.393752733848524 
5.869999999999658, -3.428275026841849 
5.879999999999635, -4.379563658863011 
5.8899999999996115, -4.391743640188446 
5.899999999999588, -4.391620880779231 
5.909999999999565, -4.386661549303971 
5.919999999999542, -4.345696446669962 
5.929999999999518, -4.3393506804268664 
5.939999999999495, -4.348864356743445 
5.949999999999472, -4.34851688482291 
5.959999999999448, -4.347920326738094 
5.969999999999425, -4.346063408333025 
5.979999999999402, -4.34539320667851 
5.9899999999993785, -4.343196725254636 
5.999999999999355, -4.33574582812575 
6.009999999999332, -4.3515737452100725 
6.019999999999309, -4.355502734072845 
6.029999999999285, -4.3550331761740315 
6.039999999999262, -4.347614154020002 
6.049999999999239, -4.033344533481954 
6.059999999999215, 2.918175559493214 
6.069999999999192, 2.974855281334978 
6.079999999999169, 2.9770750984243817 
6.089999999999145, 2.973153096194084 
6.099999999999122, 2.899985023009744 
6.109999999999099, 1.1965698977142512 
6.1199999999990755, 1.8564892311565515 
6.129999999999052, 1.8949206202649886 
6.139999999999029, 1.8996632014314934 
6.149999999999006, 1.9002526941123858 
6.159999999998982, 1.9001389099878605 
6.169999999998959, 1.9002783495759423 
6.179999999998936, 1.9005530445045504 
6.189999999998912, 1.9004723989606114 
6.199999999998889, 1.9000917368507917 
6.209999999998866, 1.8996336343811897 
6.2199999999988425, 1.8985896975949352 
6.229999999998819, 1.8943617257055732 
6.239999999998796, 1.865980676833728 
6.2499999999987725, 1.1037644087913976 
6.259999999998749, -4.838863577268531 
6.269999999998726, -4.960483061798091 
6.279999999998703, -4.963662452222735 
6.289999999998679, -4.960416361328852 
6.299999999998656, -4.909023129525888 
6.309999999998633, 2.147048168737877 
6.319999999998609, 2.6122982311415046 
6.329999999998586, 2.621648752441086 
6.339999999998563, 2.6222867469818802 
6.3499999999985395, 2.6210622921598525 
6.359999999998516, 2.616918706684659 
6.369999999998493, 2.6097831258345785 
6.37999999999847, 2.6085992343353595 
6.389999999998446, 2.609929983499638 
6.399999999998423, 2.608748807064333 
6.4099999999984, 2.603350994235525 
6.419999999998376, 2.6063815722995187 
6.429999999998353, 2.622703630261897 
6.43999999999833, 2.6279705842451486 
6.449999999998306, 2.628435684635368 
6.459999999998283, 2.6257823793746375 
6.46999999999826, 2.5979576752670663 
6.4799999999982365, -3.014380841936386 
6.489999999998213, -4.642476025298146 
6.49999999999819, -4.655376772842112 
6.509999999998167, -4.655165832758483 
6.519999999998143, -4.647874053255276 
6.52999999999812, -4.474206579367042 
6.539999999998097, -4.368513887095309 
6.549999999998073, -4.401688665372697 
6.55999999999805, -4.4024495418926595 
6.569999999998027, -4.401059247916 
6.5799999999980034, -4.396591974547889 
6.58999999999798, -4.395009029489326 
6.599999999997957, -4.395278065355077 
6.6099999999979335, -4.392657074646853 
6.61999999999791, -4.396227869083383 
6.629999999997887, -4.397371107098034 
6.639999999997864, -4.396659515674527 
6.64999999999784, -4.389362717886986 
6.659999999997817, -4.175773968945861 
6.669999999997794, -4.637879347725977 
6.67999999999777, -4.664963523711478 
6.689999999997747, -4.666150856924857 
6.699999999997724, -4.661686032566292 
6.7099999999977005, -4.591886768117865 
6.719999999997677, 2.36478534207101 
6.729999999997654, 2.6192516078380144 
6.7399999999976306, 2.626125264180654 
6.749999999997607, 2.6262300447953804 
6.759999999997584, 2.623436703556023 
6.769999999997561, 2.6128896081296467 
6.779999999997537, 2.5983319002991254 
6.789999999997514, 2.602049633332775 
6.799999999997491, 2.604397191507138 
6.809999999997467, 2.6033437673586413 
6.819999999997444, 2.601074672231133 
6.829999999997421, 2.605324362612179 
6.8399999999973975, 2.6113031829542535 
6.849999999997374, 2.61315333907466 
6.859999999997351, 2.6128198600629027 
6.869999999997328, 2.609533864663423 
6.879999999997304, 2.5717864551011496 
6.889999999997281, -3.5150777706728045 
6.899999999997258, -4.87957878973987 
6.909999999997234, -4.889477739542473 
6.919999999997211, -4.888508879111522 
6.929999999997188, -4.875526156283877 
6.939999999997164, -3.490077669205751 
6.949999999997141, -1.4894449659382718 
6.959999999997118, -2.0009342967025185 
6.9699999999970945, -2.0911686994139047 
6.979999999997071, -2.106535618503336 
6.989999999997048, -2.109646439903866 
6.999999999997025, -2.1096523776634304 
7.009999999997001, -2.109001645925874 
7.019999999996978, -2.1097329001217373 
7.029999999996955, -2.111828503444552 
7.039999999996931, -2.1134616150570027 
7.049999999996908, -2.1142407383641295 
7.059999999996885, -2.114538347325836 
7.0699999999968615, -2.1141575332781777 
7.079999999996838, -2.11220301982815 
7.089999999996815, -2.106563863391331 
7.0999999999967915, -2.0912048445658344 
7.109999999996768, -2.0466841821816626 
7.119999999996745, -1.9013163520584353 
7.129999999996722, -1.403941963311742 
7.139999999996698, -0.5171245250957204 
7.149999999996675, -0.07558575974378379 
7.159999999996652, 0.05321119205435739 
7.169999999996628, 0.09609698354425852 
7.179999999996605, 0.11341989702178143 
7.189999999996582, 0.121383181007223 
7.1999999999965585, 0.12525085689784476 
7.209999999996535, 0.12700167750116392 
7.219999999996512, 0.1274135047280404 
7.229999999996489, 0.126700666207007 
7.239999999996465, 0.1246623321031443 
7.249999999996442, 0.12052672922650183 
7.259999999996419, 0.11228161542145246 
7.269999999996395, 0.09442680359836916 
7.279999999996372, 0.04936087027880175 
7.289999999996349, -0.09245206637001697 
7.299999999996325, -0.622358049284399 
7.309999999996302, -1.6424212600749548 
7.319999999996279, -2.0712573956563234 
7.3299999999962555, -2.1767995616688665 
7.339999999996232, -2.209475835730438 
7.349999999996209, -2.221448545136309 
7.359999999996186, -2.2258889774750052 
7.369999999996162, -2.227079792110114 
7.379999999996139, -2.2266256290755746 
7.389999999996116, -2.2251340757761575 
7.399999999996092, -2.2224623425720624 
7.409999999996069, -2.217781873988024 
7.419999999996046, -2.211952345589902 
7.4299999999960225, -2.2096068193034455 
7.439999999995999, -2.210324543993189 
7.449999999995976, -2.21016993872326 
7.4599999999959525, -2.2068714915552796 
7.469999999995929, -2.194084598061114 
7.479999999995906, -2.1668956866145335 
7.489999999995883, -2.256814504614727 
7.499999999995859, -2.37625854500307 
7.509999999995836, -2.41390909004247 
7.519999999995813, -2.4259680652453866 
7.529999999995789, -2.4305869981805324 
7.539999999995766, -2.4321719017367878 
7.549999999995743, -2.4319147473907226 
7.5599999999957195, -2.429923705059289 
7.569999999995696, -2.425311662107757 
7.579999999995673, -2.414481577900212 
7.58999999999565, -2.384635221816317 
7.599999999995626, -2.3222763833179885 
7.609999999995603, -2.3062447767328544 
7.61999999999558, -2.3188902448619166 
7.629999999995556, -2.3231294482369647 
7.639999999995533, -2.323151713189616 
7.64999999999551, -2.3212943629243323 
7.659999999995486, -2.3215858306055925 
7.669999999995463, -2.327524197762793 
7.67999999999544, -2.3330039555710664 
7.6899999999954165, -2.3356875424216033 
7.699999999995393, -2.336753138597328 
7.70999999999537, -2.3366621226348077 
7.719999999995347, -2.334895506048244 
7.729999999995323, -2.3297559872398645 
7.7399999999953, -2.316207850169693 
7.749999999995277, -2.2764782828249785 
7.759999999995253, -2.124548146325861 
7.76999999999523, -1.3882865709040357 
7.779999999995207, -0.20192940162053832 
7.789999999995183, 0.14788496566776085 
7.79999999999516, 0.22958319834475854 
7.809999999995137, 0.2554880475564173 
7.8199999999951135, 0.2657200042422475 
7.82999999999509, 0.2702194465189538 
7.839999999995067, 0.2721081564551776 
7.849999999995044, 0.2724769743267806 
7.85999999999502, 0.2715976564044414 
7.869999999994997, 0.2691736489738424 
7.879999999994974, 0.2640584317156777 
7.88999999999495, 0.2529554549898122 
7.899999999994927, 0.22525781393581176 
7.909999999994904, 0.137614160443543 
7.9199999999948805, -0.24800520660395325 
7.929999999994857, -1.7424257098593419 
7.939999999994834, -2.5129089278233745 
7.9499999999948106, -2.6121700977788493 
7.959999999994787, -2.6336766751179868 
7.969999999994764, -2.640229100968861 
7.979999999994741, -2.6420361674114425 
7.989999999994717, -2.641571752185226 
7.999999999994694, -2.6392257959762815 
8.00999999999467, -2.633509297797636 
8.019999999994647, -2.618509462797627 
8.029999999994624, -2.593775579089293 
8.0399999999946, -2.592617747149766 
8.049999999994577, -2.5978510028023396 
8.059999999994554, -2.598585555415668 
8.06999999999453, -2.5965856699636065 
8.079999999994508, -2.595770514168035 
8.089999999994484, -2.602155732432068 
8.099999999994461, -2.607855149881172 
8.109999999994438, -2.6101698937179467 
8.119999999994414, -2.610809106416123 
8.129999999994391, -2.6100332866332376 
8.139999999994368, -2.6064150075669033 
8.149999999994344, -2.594152314988657 
8.159999999994321, -2.543559665365934 
8.169999999994298, -2.2063096110469864 
8.179999999994275, -0.31232364187193506 
8.189999999994251, 0.48515438682972406 
8.199999999994228, 0.5861308896076916 
8.209999999994205, 0.6086080722598894 
8.219999999994181, 0.6157947233634522 
8.229999999994158, 0.6184478875404891 
8.239999999994135, 0.6193513399100743 
8.249999999994111, 0.6194671980873548 
8.259999999994088, 0.6192613276798837 
8.269999999994065, 0.6191587457313205 
8.279999999994041, 0.6198994524404442 
8.289999999994018, 0.6229817452175317 
8.299999999993995, 0.6306709882643559 
8.309999999993972, 0.6438741125532867 
8.319999999993948, 0.6590486201499803 
8.329999999993925, 0.671052996783558 
8.339999999993902, 0.6783053243924252 
8.349999999993878, 0.6819395320987698 
8.359999999993855, 0.6832566546371779 
8.369999999993832, 0.6828414659094199 
8.379999999993808, 0.6803386477058668 
8.389999999993785, 0.6735755271208501 
8.399999999993762, 0.6546035653449045 
8.409999999993738, 0.5938266012196021 
8.419999999993715, 0.42039548543939825 
8.429999999993692, 0.2112479188367579 
8.439999999993669, 0.13487069657653802 
8.449999999993645, 0.1216955286546032 
8.459999999993622, 0.12096632267889403 
8.469999999993599, 0.12177866847785775 
8.479999999993575, 0.12240106752435545 
8.489999999993552, 0.12267051876864132 
8.499999999993529, 0.12262829620539406 
8.509999999993505, 0.12228661662651945 
8.519999999993482, 0.12158245266861312 
8.529999999993459, 0.12034352226603302 
8.539999999993436, 0.11821366732822777 
8.549999999993412, 0.11446562327513013 
8.559999999993389, 0.10749639354798009 
8.569999999993366, 0.09331445986452021 
8.579999999993342, 0.0603183499979751 
8.589999999993319, -0.031375494123620826 
8.599999999993296, -0.32317036058040394 
8.609999999993272, -0.9574946403404582 
8.619999999993249, -1.3928711855579683 
8.629999999993226, -1.5220358849020685 
8.639999999993202, -1.5568480370162479 
8.64999999999318, -1.5672908055186947 
8.659999999993156, -1.5704755493867852 
8.669999999993133, -1.5710028909562463 
8.67999999999311, -1.57045188889293 
8.689999999993086, -1.570089359554911 
8.699999999993063, -1.5714652686752857 
8.70999999999304, -1.5748781157721665 
8.719999999993016, -1.5788128381499282 
8.729999999992993, -1.5820257003851372 
8.73999999999297, -1.5843273885295146 
8.749999999992946, -1.5858956766366288 
8.759999999992923, -1.5868027768546535 
8.7699999999929, -1.5869994357218473 
8.779999999992876, -1.5864130610263572 
8.789999999992853, -1.5849814119688328 
8.79999999999283, -1.5826318369815537 
8.809999999992806, -1.579231618187953 
8.819999999992783, -1.574514668994839 
8.82999999999276, -1.56796094110374 
8.839999999992736, -1.5586065532087734 
8.849999999992713, -1.5450265168773316 
8.85999999999269, -1.526674855138679 
8.869999999992666, -1.5080043567917036 
8.879999999992643, -1.497874687737581 
8.88999999999262, -1.4968503932439137 
8.899999999992596, -1.498440441440499 
8.909999999992573, -1.4992193565132776 
8.91999999999255, -1.4982999293898063 
8.929999999992527, -1.4943511674010825 
8.939999999992503, -1.482211399194772 
8.94999999999248, -1.440130485260587 
8.959999999992457, -1.2612719790053097 
8.969999999992433, -0.34309890045836783 
8.97999999999241, 1.3827554123231707 
8.989999999992387, 1.541085013396112 
8.999999999992363, 1.5566884790132152 
9.00999999999234, 1.559423036016533 
9.019999999992317, 1.558690325067404 
9.029999999992294, 1.5537266912980567 
9.03999999999227, 1.5316775061533787 
9.049999999992247, 1.407239729533284 
9.059999999992224, 1.2222913503349278 
9.0699999999922, 1.262778205640787 
9.079999999992177, 1.284452182828121 
9.089999999992154, 1.2905940815563648 
9.09999999999213, 1.292017117065431 
9.109999999992107, 1.291324300548084 
9.119999999992084, 1.2889369928661714 
9.12999999999206, 1.2856915897874364 
9.139999999992037, 1.288738628399106 
9.149999999992014, 1.3088007796480396 
9.15999999999199, 1.3307026683656897 
9.169999999991967, 1.3416687780504701 
9.179999999991944, 1.3457328510127886 
9.18999999999192, 1.3466290163126986 
9.199999999991897, 1.345265628051434 
9.209999999991874, 1.3391961278103994 
9.21999999999185, 1.307570469741722 
9.229999999991827, 0.8236688340295123 
9.239999999991804, -2.5333121045823432 
9.24999999999178, -2.833273499160758 
9.259999999991757, -2.8556629527688537 
9.269999999991734, -2.8589312904125226 
9.27999999999171, -2.8588093202644878 
9.289999999991688, -2.857742421928639 
9.299999999991664, -2.855540574160499 
9.309999999991641, -2.851710452983395 
9.319999999991618, -2.8501740762219523 
9.329999999991594, -2.850616674467938 
9.339999999991571, -2.848713113616313 
9.349999999991548, -2.839537815776304 
9.359999999991524, -2.8384571615035723 
9.369999999991501, -2.8797127632144606 
9.379999999991478, -2.896681172682201 
9.389999999991455, -2.9012827158796446 
9.399999999991431, -2.902296658709699 
9.409999999991408, -2.901108376165797 
9.419999999991385, -2.8963723549056333 
9.429999999991361, -2.880523440084327 
9.439999999991338, -2.7988713267998184 
9.449999999991315, -1.8117594795691012 
9.459999999991291, 0.3051141810527165 
9.469999999991268, 0.609114369073573 
9.479999999991245, 0.6577704334872123 
9.489999999991221, 0.6707986405905115 
9.499999999991198, 0.6752223623308719 
9.509999999991175, 0.6766228749345939 
9.519999999991152, 0.6765204440547181 
9.529999999991128, 0.6752814211050786 
9.539999999991105, 0.672792695387633 
9.549999999991082, 0.6689496268239419 
9.559999999991058, 0.6662072977940816 
9.569999999991035, 0.6806433772158123 
9.579999999991012, 0.7418146538880191 
9.589999999990988, 0.8130306404182003 
9.599999999990965, 0.8482899476887894 
9.609999999990942, 0.8612935186522659 
9.619999999990918, 0.8658979615959754 
9.629999999990895, 0.8670966520099899 
9.639999999990872, 0.8661759217501676 
9.649999999990849, 0.8624463215663267 
9.659999999990825, 0.8519646907832804 
9.669999999990802, 0.8204105919548302 
9.679999999990779, 0.7305638948432784 
9.689999999990755, 0.603211130130467 
9.699999999990732, 0.5574200179162457 
9.709999999990709, 0.5585654212490241 
9.719999999990685, 0.5643272422110305 
9.729999999990662, 0.5679938946677168 
9.739999999990639, 0.569829489721837 
9.749999999990616, 0.5703906706880257 
9.759999999990592, 0.5698248400500578 
9.769999999990569, 0.5677418538776824 
9.779999999990546, 0.562640395009272 
9.789999999990522, 0.5493590723302282 
9.799999999990499, 0.5051990561340576 
9.809999999990476, 0.27332125335505963 
9.819999999990452, -1.280623319656344 
9.829999999990429, -2.492561373163844 
9.839999999990406, -2.6325064022120994 
9.849999999990382, -2.659243083998386 
9.85999999999036, -2.6667548574217474 
9.869999999990336, -2.668730307068075 
9.879999999990313, -2.668312968150901 
9.88999999999029, -2.666097137363386 
9.899999999990266, -2.660737497456652 
9.909999999990243, -2.6473772571260366 
9.91999999999022, -2.6301921086510482 
9.929999999990196, -2.631657538021369 
9.939999999990173, -2.635041535704322 
9.94999999999015, -2.6347626065206207 
9.959999999990126, -2.6319712613039856 
9.969999999990103, -2.6329548326067838 
9.97999999999008, -2.6416028499160005 
9.989999999990056, -2.6470849036755366 
9.999999999990033, -2.6490838624783946 
10.00999999999001, -2.649453662456269 
10.019999999989986, -2.64813348762461 
10.029999999989963, -2.6430911248922127 
10.03999999998994, -2.625697281374236 
10.049999999989916, -2.545848911458604 
10.059999999989893, -1.8984005389075211 
10.06999999998987, 0.16146107941135676 
10.079999999989846, 0.5737884756638791 
10.089999999989823, 0.6321453778192092 
10.0999999999898, 0.6468244057149338 
10.109999999989776, 0.6517564783469688 
10.119999999989753, 0.6535347332345115 
10.12999999998973, 0.6540230084568035 
10.139999999989707, 0.6539298295202081 
10.149999999989683, 0.6536857649006885 
10.15999999998966, 0.6538469860386462 
10.169999999989637, 0.6555144433815588 
10.179999999989613, 0.6606567488476175 
10.18999999998959, 0.6710818506062373 
10.199999999989567, 0.6852313906373313 
10.209999999989543, 0.6981205604222341 
10.21999999998952, 0.7066815723290029 
10.229999999989497, 0.7112806533322973 
10.239999999989474, 0.7132394050023706 
10.24999999998945, 0.7133743305653024 
10.259999999989427, 0.7116520379846378 
10.269999999989404, 0.7065894048677983 
10.27999999998938, 0.6923463144038355 
10.289999999989357, 0.6449730011671514 
10.299999999989334, 0.47590778295254327 
10.30999999998931, 0.16813826416382008 
10.319999999989287, 0.0202588962063015 
10.329999999989264, -0.010401164345284201 
10.33999999998924, -0.015202989286719393 
10.349999999989217, -0.015596609694122998 
10.359999999989194, -0.015347821206459875 
10.36999999998917, -0.015086984791339427 
10.379999999989147, -0.014897104753308549 
10.389999999989124, -0.0147842383280722 
10.3999999999891, -0.014770930070596853 
10.409999999989077, -0.014923108195585826 
10.419999999989054, -0.015370245743797936 
10.42999999998903, -0.016335809900776634 
10.439999999989007, -0.018200064451347368 
10.449999999988984, -0.02164947638194357 
10.45999999998896, -0.028046732363128934 
10.469999999988937, -0.04036598018287404 
10.479999999988914, -0.06555553593354994 
10.48999999998889, -0.11956159066420602 
10.499999999988868, -0.22851508093325065 
10.509999999988844, -0.3873937667868173 
10.519999999988821, -0.5192322123858802 
10.529999999988798, -0.587555519389578 
10.539999999988774, -0.6170484094843642 
10.549999999988751, -0.6297348308048027 
10.559999999988728, -0.635354753724582 
10.569999999988704, -0.6376920990380271 
10.579999999988681, -0.638155225207589 
10.589999999988658, -0.6370836303396217 
10.599999999988635, -0.6340692699106817 
10.609999999988611, -0.6277263187620725 
10.619999999988588, -0.6149518705060129 
10.629999999988565, -0.5901235038129228 
10.639999999988541, -0.5472005613702389 
10.649999999988518, -0.48899193443031636 
10.659999999988495, -0.4316590276951425 
10.669999999988471, -0.38864505215731315 
10.679999999988448, -0.3607749785524129 
10.689999999988425, -0.3434169813358109 
10.699999999988401, -0.33243519254490445 
10.709999999988378, -0.32524390530951197 
10.719999999988355, -0.3203618318579359 
10.729999999988332, -0.31694548856000304 
10.739999999988308, -0.31451166791074875 
10.749999999988285, -0.31279259281838523 
10.759999999988262, -0.31166310843028094 
10.769999999988238, -0.31110711615926057 
10.779999999988215, -0.31121061831444485 
10.789999999988192, -0.31218056050931087 
10.799999999988168, -0.31439802103203107 
10.809999999988145, -0.3185278340006032 
10.819999999988122, -0.3257329892573895 
10.829999999988098, -0.33809654358559954 
10.839999999988075, -0.35946395634537126 
10.849999999988052, -0.39710414561643453 
10.859999999988029, -0.46463697389067427 
10.869999999988005, -0.5849407648060542 
10.879999999987982, -0.7825767472977042 
10.889999999987959, -1.044387736816137 
10.899999999987935, -1.2886972496188598 
10.909999999987912, -1.4449949826486728 
10.919999999987889, -1.52043932760408 
10.929999999987865, -1.5517226660178611 
10.939999999987842, -1.5639164378232375 
10.949999999987819, -1.5684353384181102 
10.959999999987796, -1.5697730247474684 
10.969999999987772, -1.569723893678559 
10.979999999987749, -1.569310434249816 
10.989999999987726, -1.569455704725996 
10.999999999987702, -1.5705518537599439 
11.009999999987679, -1.5720745161248955 
11.019999999987656, -1.5733889982169038 
11.029999999987632, -1.5743564272275876 
11.039999999987609, -1.5750537384388645 
11.049999999987586, -1.5753948655961951 
11.059999999987562, -1.5751150888747907 
11.06999999998754, -1.5738943457994006 
11.079999999987516, -1.5713984285845224 
11.089999999987493, -1.5672842629156534 
11.09999999998747, -1.5611770814629289 
11.109999999987446, -1.5525366941441556 
11.119999999987423, -1.5403526589721928 
11.1299999999874, -1.5226381535061404 
11.139999999987376, -1.4959081323675618 
11.149999999987353, -1.4564465503640875 
11.15999999998733, -1.4088765420527278 
11.169999999987306, -1.3745581034735905 
11.179999999987283, -1.3649626176384293 
11.18999999998726, -1.3669145393910773 
11.199999999987236, -1.3696677438515088 
11.209999999987213, -1.3708008602473736 
11.21999999998719, -1.3701097113030494 
11.229999999987166, -1.366734763695631 
11.239999999987143, -1.3569972204316487 
11.24999999998712, -1.3269464030884686 
11.259999999987096, -1.2172804448315389 
11.269999999987073, -0.731444814205824 
11.27999999998705, 1.0100642810039937 
11.289999999987026, 1.444696087090071 
11.299999999987003, 1.4778398068706837 
11.30999999998698, 1.4834306542806002 
11.319999999986956, 1.4839939135865179 
11.329999999986933, 1.4815530103498633 
11.33999999998691, 1.47179995007247 
11.349999999986887, 1.4268847832636857 
11.359999999986863, 1.25931171496691 
11.36999999998684, 1.2033825629721833 
11.379999999986817, 1.2345092271108715 
11.389999999986793, 1.246376439751574 
11.39999999998677, 1.2499341317385495 
11.409999999986747, 1.2504026364722594 
11.419999999986723, 1.2489412071706325 
11.4299999999867, 1.245346194533364 
11.439999999986677, 1.2407532331271889 
11.449999999986654, 1.2483726813605294 
11.45999999998663, 1.2813734493091895 
11.469999999986607, 1.3084494264189368 
11.479999999986584, 1.3195506602616545 
11.48999999998656, 1.3232317354807548 
11.499999999986537, 1.3237826761959772 
11.509999999986514, 1.3218508568064982 
11.51999999998649, 1.3137791436075745 
11.529999999986467, 1.2676265785783383 
11.539999999986444, 0.4818708791478846 
11.54999999998642, -2.27681168355159 
11.559999999986397, -2.5205608325537563 
11.569999999986374, -2.544166731858135 
11.57999999998635, -2.5481209228285833 
11.589999999986327, -2.548348877023275 
11.599999999986304, -2.547761028658282 
11.60999999998628, -2.5470778328539185 
11.619999999986257, -2.545663477268294 
11.629999999986234, -2.5440225824391076 
11.63999999998621, -2.5436228376420953 
11.649999999986187, -2.5430535116571518 
11.659999999986164, -2.5390967513344904 
11.66999999998614, -2.51762624471028 
11.679999999986117, -2.3965167500810187 
11.689999999986094, -2.760618976680956 
11.69999999998607, -3.0279487303521146 
11.709999999986048, -3.059162277129209 
11.719999999986024, -3.0657053597807744 
11.729999999986001, -3.0670217180087374 
11.739999999985978, -3.0657720754814446 
11.749999999985954, -3.0609682935713924 
11.759999999985931, -3.043452725382795 
11.769999999985908, -2.9352400151196893 
11.779999999985884, -2.70240179132638 
11.789999999985861, -2.7778632346783008 
11.799999999985838, -2.793347181263001 
11.809999999985815, -2.7952612648789517 
11.819999999985791, -2.794717058921897 
11.829999999985768, -2.794780117901248 
11.839999999985745, -2.7954332837318114 
11.849999999985721, -2.795229616829213 
11.859999999985698, -2.7948893383731623 
11.869999999985675, -2.794201019285298 
11.879999999985651, -2.7902117918869465 
11.889999999985628, -2.764718209494392 
11.899999999985605, -2.400746720065162 
11.909999999985581, 1.7889316213000641 
11.919999999985558, 3.2233387103126296 
11.929999999985535, 3.2339687111738917 
11.939999999985512, 3.2329746580689322 
11.949999999985488, 3.211727282529734 
11.959999999985465, -3.177065230211359 
11.969999999985442, -4.542730871863186 
11.979999999985418, -4.551985138040484 
11.989999999985395, -4.551234802787042 
11.999999999985372, -4.545845786237934 
12.009999999985348, -4.526665754640822 
12.019999999985325, -4.534117000086519 
12.029999999985302, -4.53469997194656 
12.039999999985278, -4.534124659517962 
12.049999999985255, -4.533904687448979 
12.059999999985232, -4.532932500296773 
12.069999999985209, -4.531253975132951 
12.079999999985185, -4.516391677789585 
12.089999999985162, -4.541624241220003 
12.099999999985139, -4.552378296648614 
12.109999999985115, -4.552736089771672 
12.119999999985092, -4.54766491364464 
12.129999999985069, -4.415019239705076 
12.139999999985045, 2.6766571087262676 
12.149999999985022, 2.778942393309312 
12.159999999984999, 2.7828378917256265 
12.169999999984976, 2.7809172928744816 
12.179999999984952, 2.761372578101674 
12.189999999984929, 2.3965966315412084 
12.199999999984906, 2.510281021755295 
12.209999999984882, 2.5349625538524543 
12.219999999984859, 2.537191181534607 
12.229999999984836, 2.5371123633131845 
12.239999999984812, 2.53696988053688 
12.249999999984789, 2.536417827997297 
12.259999999984766, 2.535180025207871 
12.269999999984742, 2.5343961642507784 
12.27999999998472, 2.533714930598656 
12.289999999984696, 2.5296709778887045 
12.299999999984673, 2.497583207241622 
12.30999999998465, 2.5296326483474068 
12.319999999984626, 2.6497537404348046 
12.329999999984603, 2.6597933142372345 
12.33999999998458, 2.6601449360484524 
12.349999999984556, 2.6544908778205327 
12.359999999984533, 2.525795148230876 
12.36999999998451, -4.430557208687685 
12.379999999984486, -4.546575465248451 
12.389999999984463, -4.550168481136083 
12.39999999998444, -4.548218791139376 
12.409999999984416, -4.5344188383593345 
12.419999999984393, -4.4936299272931475 
12.42999999998437, -4.513395406060388 
12.439999999984346, -4.5141526353742405 
12.449999999984323, -4.5134612289222265 
12.4599999999843, -4.5119467091392575 
12.469999999984276, -4.510760399431567 
12.479999999984253, -4.5094238915043015 
12.48999999998423, -4.502055675430559 
12.499999999984206, -4.514683828109611 
12.509999999984183, -4.518662134226649 
12.51999999998416, -4.518135532499728 
12.529999999984136, -4.509822935851641 
12.539999999984113, -3.8690381048456244 
12.54999999998409, 3.49138273762766 
12.559999999984067, 3.5197262964869624 
12.569999999984043, 3.519737535278602 
12.57999999998402, 3.504527511511686 
12.589999999983997, -2.36784082684923 
12.599999999983973, -4.598277240055932 
12.60999999998395, -4.608899344928517 
12.619999999983927, -4.608229460774611 
12.629999999983903, -4.603193534650365 
12.63999999998388, -4.586392037008617 
12.649999999983857, -4.593015426954291 
12.659999999983834, -4.593247787700412 
12.66999999998381, -4.592788044056095 
12.679999999983787, -4.59254033911319 
12.689999999983764, -4.59164655120159 
12.69999999998374, -4.589447139495265 
12.709999999983717, -4.5723486879600195 
12.719999999983694, -4.603746907801885 
12.72999999998367, -4.6117311375415015 
12.739999999983647, -4.611558062273664 
12.749999999983624, -4.6040869824299415 
12.7599999999836, -4.2150286580723595 
12.769999999983577, 2.803620362109016 
12.779999999983554, 2.8467506133823046 
12.78999999998353, 2.8487427588920813 
12.799999999983507, 2.8452397023521585 
12.809999999983484, 2.801971391647727 
12.81999999998346, 2.385166289486412 
12.829999999983437, 2.5645919073577517 
12.839999999983414, 2.5764973932223714 
12.84999999998339, 2.5775083875640323 
12.859999999983367, 2.577320639468617 
12.869999999983344, 2.5769733104606782 
12.87999999998332, 2.5758234694653868 
12.889999999983297, 2.5744245300576116 
12.899999999983274, 2.5739160903271707 
12.90999999998325, 2.572683002420215 
12.919999999983228, 2.5643921366796287 
12.929999999983204, 2.513744614785129 
12.939999999983181, 2.632397317754935 
12.949999999983158, 2.6679871900389465 
12.959999999983134, 2.671508800216454 
12.969999999983111, 2.6700655233682276 
12.979999999983088, 2.6541468650737405 
12.989999999983064, 0.2436857095401773 
12.999999999983041, -4.58566161447131 
13.009999999983018, -4.605913726886934 
13.019999999982995, -4.606195294717038 
13.029999999982971, -4.6014041277713265 
13.039999999982948, -4.555305384103873 
13.049999999982925, -4.554512180170129 
13.059999999982901, -4.562555565092692 
13.069999999982878, -4.561996453622237 
13.079999999982855, -4.561028156342783 
13.089999999982831, -4.558626979319849 
13.099999999982808, -4.558387180748264 
13.109999999982785, -4.554667253013137 
13.119999999982761, -4.555777074402092 
13.129999999982738, -4.563448612306506 
13.139999999982715, -4.563967909328947 
13.149999999982692, -4.561061352165316 
13.159999999982668, -4.499316385633049 
13.169999999982645, 3.52913978900639 
13.179999999982622, 4.750180523229966 
13.189999999982598, 4.75168407281125 
13.199999999982575, 4.724860379965155 
13.209999999982552, -6.537095075088128 
13.219999999982528, -6.567960484976476 
13.229999999982505, -6.565055084081237 
13.239999999982482, -6.43333008304341 
13.249999999982458, -6.50418943190396 
13.259999999982435, -6.504647186212354 
13.269999999982412, -6.499718174442175 
13.279999999982389, -6.496867260808417 
13.289999999982365, -6.49675105940822 
13.299999999982342, -6.4959201247196585 
13.309999999982319, -6.494211374910956 
13.319999999982295, -6.491049706787846 
13.329999999982272, -6.492721803630407 
13.339999999982249, -6.494353444153639 
13.349999999982225, -6.490386807665087 
13.359999999982202, -6.446226502343106 
13.369999999982179, -6.551599085107137 
13.379999999982156, -6.551250331131703 
13.389999999982132, -6.501400933582663 
13.399999999982109, 4.688160623391294 
13.409999999982086, 4.706455006047675 
13.419999999982062, 4.702784013447102 
13.429999999982039, 3.128135990751332 
13.439999999982016, 2.6114711255940266 
13.449999999981992, 2.7198329165082233 
13.459999999981969, 2.724470234252804 
13.469999999981946, 2.724552761214773 
13.479999999981922, 2.723264509588918 
13.4899999999819, 2.719599855232328 
13.499999999981876, 2.7153456799563713 
13.509999999981853, 2.7154154268054915 
13.51999999998183, 2.7155033617183006 
13.529999999981806, 2.711975547405195 
13.539999999981783, 2.7038207012407285 
13.54999999998176, 2.7234576681991376 
13.559999999981736, 2.736388050187606 
13.569999999981713, 2.7385681354978226 
13.57999999998169, 2.737378122857394 
13.589999999981666, 2.726182099578089 
13.599999999981643, 1.723860661139326 
13.60999999998162, -4.723983774023067 
13.619999999981596, -4.752313884034242 
13.629999999981573, -4.753227169933996 
13.63999999998155, -4.748249801844783 
13.649999999981526, -4.658122284295311 
13.659999999981503, -4.47496460736218 
13.66999999998148, -4.5239370631316564 
13.679999999981456, -4.525065574998595 
13.689999999981433, -4.523668686019974 
13.69999999998141, -4.519003741750568 
13.709999999981386, -4.517471257487015 
13.719999999981363, -4.5177135040707705 
13.72999999998134, -4.515479894083538 
13.739999999981316, -4.518655872040832 
13.749999999981293, -4.519167364990009 
13.75999999998127, -4.518117159286412 
13.769999999981247, -4.506069217239583 
13.779999999981223, -4.407167334523772 
13.7899999999812, -4.670249887857585 
13.799999999981177, -4.679716065391192 
13.809999999981153, -4.679202575910902 
13.81999999998113, -4.669636433498291 
13.829999999981107, -4.185566934237803 
13.839999999981083, 2.622606276310431 
13.84999999998106, 2.6664385165500453 
13.859999999981037, 2.6689974687996125 
13.869999999981014, 2.667764293565105 
13.87999999998099, 2.660738943701784 
13.889999999980967, 2.6356664853011753 
13.899999999980944, 2.6307867889268315 
13.90999999998092, 2.637716042307199 
13.919999999980897, 2.6385304743048836 
13.929999999980874, 2.637078348975357 
13.93999999998085, 2.6377034443492526 
13.949999999980827, 2.6417491456872275 
13.959999999980804, 2.643779809868771 
13.96999999998078, 2.6438428442712776 
13.979999999980757, 2.6424058170186084 
13.989999999980734, 2.632654487388082 
13.99999999998071, 2.2705378065879764 
14.009999999980687, -5.7807267432769205 
14.019999999980664, -5.885951189215514 
14.02999999998064, -5.886340161148981 
14.039999999980617, -5.871328362798804 
14.049999999980594, 3.366836070624525 
14.05999999998057, 3.7986936933568827 
14.069999999980547, 3.8016309145734177 
14.079999999980524, 3.798704456999509 
14.0899999999805, 3.7682715625385774 
14.099999999980477, 3.7618169387215845 
14.109999999980454, 3.770283798662591 
14.11999999998043, 3.770155656095171 
14.129999999980408, 3.770004906133528 
14.139999999980384, 3.7690204197913304 
14.149999999980361, 3.767843657239394 
14.159999999980338, 3.766898425316618 
14.169999999980314, 3.758055182169202 
14.179999999980291, 3.7664313180163838 
14.189999999980268, 3.7841961196983087 
14.199999999980244, 3.785245953344634 
14.209999999980221, 3.7808160706901113 
14.219999999980198, 3.281124707879164 
14.229999999980175, -5.984146605471794 
14.239999999980151, -5.9963837830179045 
14.249999999980128, -5.993405471668968 
14.259999999980105, -5.816495822014508 
14.269999999980081, 3.64898304860271 
14.279999999980058, 3.6780833617388007 
14.289999999980035, 3.678512439658302 
14.299999999980011, 3.6742025397821694 
14.309999999979988, 3.6515204787603346 
14.319999999979965, 3.6560087684429154 
14.329999999979941, 3.65918819295997 
14.339999999979918, 3.6584221862722126 
14.349999999979895, 3.659010442326147 
14.359999999979872, 3.659144579391241 
14.369999999979848, 3.658365903017709 
14.379999999979825, 3.656777837723136 
14.389999999979802, 3.63999040918739 
14.399999999979778, 3.663986799764981 
14.409999999979755, 3.699773395536983 
14.419999999979732, 3.701416813443552 
14.429999999979708, 3.696418855522365 
14.439999999979685, 2.955154182470371 
14.449999999979662, -5.700588815326161 
14.459999999979638, -5.71221163701915 
14.469999999979615, -5.709808091076772 
14.479999999979592, -5.641046289416861 
14.489999999979569, -5.197665465662707 
14.499999999979545, -5.252776161921252 
14.509999999979522, -5.25286354014392 
14.519999999979499, -5.248919906396695 
14.529999999979475, -5.2382623252270815 
14.539999999979452, -5.24282999818651 
14.549999999979429, -5.2417849407580945 
14.559999999979405, -5.2417453058034384 
14.569999999979382, -5.240509091752178 
14.579999999979359, -5.2390371202678425 
14.589999999979335, -5.228164064544026 
14.599999999979312, -5.2459445079038325 
14.609999999979289, -5.248626875418104 
14.619999999979266, -5.246312449487729 
14.629999999979242, -5.16901914630266 
14.639999999979219, 4.7348192147854204 
14.649999999979196, 4.810720625598192 
14.659999999979172, 4.80928913515404 
14.669999999979149, 4.503525831562749 
14.679999999979126, -6.596313288874564 
14.689999999979102, -6.601463110710961 
14.69999999997908, -6.593604174701549 
14.709999999979056, -6.506146805048094 
14.719999999979033, -6.542598194142298 
14.72999999997901, -6.541134671419617 
14.739999999978986, -6.532886537522056 
14.749999999978963, -6.535016077443243 
14.75999999997894, -6.533706869064557 
14.769999999978916, -6.532559581847157 
14.779999999978893, -6.531203595871372 
14.78999999997887, -6.525594467436122 
14.799999999978846, -6.53172178125137 
14.809999999978823, -6.531102390337506 
14.8199999999788, -6.512073158528684 
14.829999999978776, -6.575263560969842 
14.839999999978753, -6.587185796355463 
14.84999999997873, -6.582794864348443 
14.859999999978706, 0.5712058746015128 
14.869999999978683, 4.75418282319766 
14.87999999997866, 4.755996337211954 
14.889999999978636, 4.733307060939759 
14.899999999978613, -2.573402838176965 
14.90999999997859, -4.207036015710755 
14.919999999978566, -4.223106550170268 
14.929999999978543, -4.223282232333838 
14.93999999997852, -4.22114287676955 
14.949999999978496, -4.213522987801634 
14.959999999978473, -4.211759913987908 
14.96999999997845, -4.213261769118418 
14.979999999978427, -4.211439607762681 
14.989999999978403, -4.213250289845159 
14.99999999997838, -4.214083208016433 
15.009999999978357, -4.213575545280085 
15.019999999978333, -4.209816468649212 
15.02999999997831, -4.147014465663402 
15.039999999978287, -4.310439590344471 
15.049999999978263, -4.36921141255859 
15.05999999997824, -4.372880661510235 
15.069999999978217, -4.371281662413555 
15.079999999978194, -4.357523932065699 
15.08999999997817, -3.6763328202570746 
15.099999999978147, 2.29149450830029 
15.109999999978124, 2.3458530972638116 
15.1199999999781, 2.3497204995561334 
15.129999999978077, 2.349512623898421 
15.139999999978054, 2.346790368410871 
15.14999999997803, 2.3383636809849215 
15.159999999978007, 2.3260924854448937 
15.169999999977984, 2.32622960891016 
15.17999999997796, 2.3287315311883314 
15.189999999977937, 2.3283890760118453 
15.199999999977914, 2.3249262991164352 
15.20999999997789, 2.322840281474125 
15.219999999977867, 2.3360448323042804 
15.229999999977844, 2.3454760818944465 
15.23999999997782, 2.3479451992730604 
15.249999999977797, 2.3475864015644032 
15.259999999977774, 2.3433270479053485 
15.26999999997775, 2.295311385688077 
15.279999999977727, -3.4576871095271295 
15.289999999977704, -4.340759658969201 
15.29999999997768, -4.354554993406966 
15.309999999977657, -4.354923058383575 
15.319999999977634, -4.350316585154169 
15.32999999997761, -4.301674201923847 
15.339999999977588, -4.158914304158835 
15.349999999977564, -4.216054303412687 
15.359999999977541, -4.218433251963324 
15.369999999977518, -4.217613981938183 
15.379999999977494, -4.215623192344688 
15.389999999977471, -4.212695069014084 
15.399999999977448, -4.213013898906803 
15.409999999977424, -4.209911664620195 
15.419999999977401, -4.210320488622556 
15.429999999977378, -4.217409173549426 
15.439999999977355, -4.218351922511269 
15.449999999977331, -4.216867994271417 
15.459999999977308, -4.200414674621043 
15.469999999977285, -2.466647968361301 
15.479999999977261, 3.790139350467323 
15.489999999977238, 3.8097791474731473 
15.499999999977215, 3.808695386748203 
15.509999999977191, 3.7675126699638497 
15.519999999977168, -5.235250430637005 
15.529999999977145, -5.332351148135052 
15.539999999977121, -5.333112444587537 
15.549999999977098, -5.327562696797751 
15.559999999977075, -5.286473579403689 
15.569999999977052, -5.3065914971611665 
15.579999999977028, -5.306966949391766 
15.589999999977005, -5.305801954440584 
15.599999999976982, -5.302931779661707 
15.609999999976958, -5.302718820260064 
15.619999999976935, -5.299013592493312 
15.629999999976912, -5.303097966036418 
15.639999999976888, -5.303812285455971 
15.649999999976865, -5.30170596437109 
15.659999999976842, -5.244889667766608 
15.669999999976818, -5.387980190928824 
15.679999999976795, -5.40713951181061 
15.689999999976772, -5.406476498208789 
15.699999999976749, -5.388195029635359 
15.709999999976725, 2.791786927265023 
15.719999999976702, 3.411226811132085 
15.729999999976679, 3.415977150132318 
15.739999999976655, 3.4135945373469547 
15.749999999976632, 3.379279261303668 
15.759999999976609, 3.259235826207896 
15.769999999976585, 3.3116670947599145 
15.779999999976562, 3.3144260267213284 
15.789999999976539, 3.314186119939688 
15.799999999976515, 3.3133625914342644 
15.809999999976492, 3.3110542195950723 
15.819999999976469, 3.309959885909452 
15.829999999976446, 3.309522214041916 
15.839999999976422, 3.3040473724135153 
15.849999999976399, 3.2998047808651294 
15.859999999976376, 3.3241586698949783 
15.869999999976352, 3.3285779731839247 
15.879999999976329, 3.3278005427364308 
15.889999999976306, 3.3162726245652165 
15.899999999976282, -1.4208002796632964 
15.90999999997626, -5.427674083099515 
15.919999999976236, -5.435867674498034 
15.929999999976213, -5.433465407382428 
15.93999999997619, -5.38276790741644 
15.949999999976166, -2.040311233523214 
15.959999999976143, -3.3007227090211506 
15.96999999997612, -3.3478445446016565 
15.979999999976096, -3.35148836265176 
15.989999999976073, -3.3511368969024793 
15.99999999997605, -3.350046252268929 
16.009999999976028, -3.347367506135309 
16.019999999976005, -3.344772832248181 
16.02999999997598, -3.3451136555277423 
16.039999999975958, -3.343329645452281 
16.049999999975935, -3.335286755486396 
16.05999999997591, -3.34605362209025 
16.069999999975888, -3.362495075072375 
16.079999999975865, -3.366436398113323 
16.08999999997584, -3.3668231964193716 
16.099999999975818, -3.36442366475264 
16.109999999975795, -3.351941700536881 
16.11999999997577, -3.2318292777464377 
16.129999999975748, 0.16020078830886653 
16.139999999975725, 1.3253047151925283 
16.1499999999757, 1.3708547551030554 
16.15999999997568, 1.3779182010456836 
16.169999999975655, 1.379384211747474 
16.17999999997563, 1.3791093042566416 
16.18999999997561, 1.3776579941276987 
16.199999999975585, 1.3748584618342978 
16.20999999997556, 1.370709139144483 
16.21999999997554, 1.3663518950635591 
16.229999999975515, 1.3635973608214036 
16.239999999975492, 1.3627311765922032 
16.24999999997547, 1.362575158291965 
16.259999999975445, 1.3619247535098713 
16.269999999975422, 1.3592764482985493 
16.2799999999754, 1.3491176571018264 
16.289999999975375, 1.2890700787555178 
16.299999999975352, 0.5595087356754525 
16.30999999997533, -4.442109832193377 
16.319999999975305, -5.822145994146728 
16.329999999975282, -5.826215717299442 
16.33999999997526, -5.820842853277408 
16.349999999975235, -4.814841352070683 
16.359999999975212, 3.7378003535932836 
16.36999999997519, 3.748719437105609 
16.379999999975166, 3.747814284273262 
16.389999999975142, 3.7355317773855448 
16.39999999997512, 3.696812729447329 
16.409999999975096, 3.7159713677319504 
16.419999999975072, 3.717282894397484 
16.42999999997505, 3.7169125936803518 
16.439999999975026, 3.716651173995951 
16.449999999975002, 3.7152497215859435 
16.45999999997498, 3.714627908474847 
16.469999999974956, 3.711369094419981 
16.479999999974932, 3.696132176630062 
16.48999999997491, 3.7284963201013093 
16.499999999974886, 3.7346068052851464 
16.509999999974863, 3.7336507791252296 
16.51999999997484, 3.714185041737347 
16.529999999974816, -5.575170301758859 
16.539999999974793, -5.879533471100688 
16.54999999997477, -5.881131647696248 
16.559999999974746, -5.87161058645038 
16.569999999974723, -0.40124193109617623 
16.5799999999747, 3.338306853159535 
16.589999999974676, 3.3495646501867915 
16.599999999974653, 3.349602165250926 
16.60999999997463, 3.346161914864743 
16.619999999974606, 3.3329223368683145 
16.629999999974583, 3.3315664011887605 
16.63999999997456, 3.3347427161348286 
16.649999999974536, 3.333727957103991 
16.659999999974513, 3.3334939634608154 
16.66999999997449, 3.3364257133894286 
16.679999999974466, 3.3371245886684946 
16.689999999974443, 3.3364099983652125 
16.69999999997442, 3.332174306478302 
16.709999999974396, 3.2388052665976574 
16.719999999974373, 3.494305794305854 
16.72999999997435, 3.5358146203221237 
16.739999999974327, 3.5368811326583014 
16.749999999974303, 3.528700658085466 
16.75999999997428, 0.2626080912651605 
16.769999999974257, -5.467511758420013 
16.779999999974233, -5.475487934102292 
16.78999999997421, -5.472969771133501 
16.799999999974187, -5.427920641938392 
16.809999999974163, -5.394646565763429 
16.81999999997414, -5.406509110019224 
16.829999999974117, -5.405530333743704 
16.839999999974093, -5.401582715603849 
16.84999999997407, -5.39963959947154 
16.859999999974047, -5.39932961785448 
16.869999999974024, -5.398716778602224 
16.879999999974, -5.399338379399218 
16.889999999973977, -5.398362493111767 
16.899999999973954, -5.389287777558702 
16.90999999997393, -5.40035439181799 
16.919999999973907, -5.420387409435357 
16.929999999973884, -5.420295343428895 
16.93999999997386, -5.407736242589239 
16.949999999973837, 2.6235710956091163 
16.959999999973814, 3.7992443165608876 
16.96999999997379, 3.8034405615421023 
16.979999999973767, 3.7985618704140585 
16.989999999973744, 3.294356420104929 
16.99999999997372, -2.6924638973723805 
17.009999999973697, -3.1932787575404697 
17.019999999973674, -3.213920861271047 
17.02999999997365, -3.2158155217713813 
17.039999999973627, -3.2152546721910453 
17.049999999973604, -3.2141367581510556 
17.05999999997358, -3.211500729827032 
17.069999999973557, -3.209423852573406 
17.079999999973534, -3.2096508455666233 
17.08999999997351, -3.2075654642684066 
17.099999999973488, -3.197606946163618 
17.109999999973464, -3.2083306254608757 
17.11999999997344, -3.234470940183024 
17.129999999973418, -3.2412028800201 
17.139999999973394, -3.2425208770072773 
17.14999999997337, -3.2413570272179735 
17.159999999973348, -3.235323630615052 
17.169999999973324, -3.204242835370981 
17.1799999999733, -2.772690947817787 
17.189999999973278, 0.87168601707583 
17.199999999973254, 1.206172082768303 
17.20999999997323, 1.233100076674558 
17.219999999973208, 1.2384914881993008 
17.229999999973185, 1.2397979043294374 
17.23999999997316, 1.23986350540145 
17.249999999973138, 1.2394327886698562 
17.259999999973115, 1.2387614491804682 
17.26999999997309, 1.2379657347235977 
17.279999999973068, 1.2371621347208637 
17.289999999973045, 1.2364998630197948 
17.29999999997302, 1.236055409259261 
17.309999999972998, 1.2357102980731571 
17.319999999972975, 1.2351125152635203 
17.32999999997295, 1.2334971517294613 
17.339999999972928, 1.2284362396743824 
17.349999999972905, 1.2066338618814976 
17.35999999997288, 0.9915111277926798 
17.36999999997286, -2.474853242903957 
17.379999999972835, -3.2091472759904334 
17.38999999997281, -3.2496649708945804 
17.39999999997279, -3.256354365739437 
17.409999999972765, -3.257104379771144 
17.41999999997274, -3.2552007357085784 
17.42999999997272, -3.248552882043293 
17.439999999972695, -3.2205520268520784 
17.449999999972672, -3.1831188544228994 
17.45999999997265, -3.198755393524546 
17.469999999972625, -3.2024249089231502 
17.479999999972602, -3.2017840751635043 
17.48999999997258, -3.201717839550015 
17.499999999972555, -3.2030618549479244 
17.509999999972532, -3.2031686427454233 
17.51999999997251, -3.2028602283015792 
17.529999999972485, -3.201369670075895 
17.539999999972462, -3.1912805004514624 
17.54999999997244, -3.055300643464302 
17.559999999972415, -3.3916101768223528 
17.569999999972392, -4.130694490257138 
17.57999999997237, -4.149407407131729 
17.589999999972346, -4.1509536840311565 
17.599999999972322, -4.148173889939594 
17.6099999999723, -4.128858548883544 
17.619999999972276, -3.2628451284758797 
17.629999999972252, 0.9136515283861797 
17.63999999997223, 1.265181625603542 
17.649999999972206, 1.296943339781679 
17.659999999972182, 1.3031063008844548 
17.66999999997216, 1.3044626648129622 
17.679999999972136, 1.3044104856874725 
17.689999999972112, 1.3041487737478001 
17.69999999997209, 1.3047887395272053 
17.709999999972066, 1.3072402980818838 
17.719999999972043, 1.310991735422853 
17.72999999997202, 1.314407682172874 
17.739999999971996, 1.316545445387269 
17.749999999971973, 1.3174105248259091 
17.75999999997195, 1.317122638098222 
17.769999999971926, 1.315096743548096 
17.779999999971903, 1.3076477921524754 
17.78999999997188, 1.265686936125509 
17.799999999971856, 0.40554325338919617 
17.809999999971833, -3.112403580865884 
17.81999999997181, -3.273310151453302 
17.829999999971786, -3.2877153759674433 
17.839999999971763, -3.2896871578281144 
17.84999999997174, -3.288678758327893 
17.859999999971716, -3.2849933670638465 
17.869999999971693, -3.2728810502823764 
17.87999999997167, -3.2588897333172904 
17.889999999971646, -3.2643375709539177 
17.899999999971623, -3.265742985876691 
17.9099999999716, -3.2641294571662214 
17.919999999971576, -3.2650496166427274 
17.929999999971553, -3.2681216863085796 
17.93999999997153, -3.2689458396271234 
17.949999999971507, -3.268732688286222 
17.959999999971483, -3.266422986009774 
17.96999999997146, -3.250426280350365 
17.979999999971437, -2.91022597942745 
17.989999999971413, 2.1950006922550886 
17.99999999997139, 2.4269989841447104 
18.009999999971367, 2.435626037834157 
18.019999999971343, 2.435571453934622 
18.02999999997132, 2.428991719250225 
18.039999999971297, 2.3357251379946686 
18.049999999971273, 0.9350371152055488 
18.05999999997125, 1.3746184322070056 
18.069999999971227, 1.4430046849935985 
18.079999999971204, 1.453517830298464 
18.08999999997118, 1.4556985123795414 
18.099999999971157, 1.455734382773882 
18.109999999971134, 1.4552585521781498 
18.11999999997111, 1.4556882622007634 
18.129999999971087, 1.4583176680400702 
18.139999999971064, 1.4623889538499977 
18.14999999997104, 1.4657754270597725 
18.159999999971017, 1.4676196260981986 
18.169999999970994, 1.4681383435222666 
18.17999999997097, 1.4674088926741804 
18.189999999970947, 1.4641943118000227 
18.199999999970924, 1.4498984456042212 
18.2099999999709, 1.301457740962505 
18.219999999970877, -2.638080160984941 
18.229999999970854, -3.421659244723106 
18.23999999997083, -3.453379484301292 
18.249999999970807, -3.4575453691627245 
18.259999999970784, -3.457147762201436 
18.26999999997076, -3.453911771501153 
18.279999999970737, -3.4412043569455846 
18.289999999970714, -3.4115440801995986 
18.29999999997069, -3.419786421513964 
18.309999999970668, -3.423495963302698 
18.319999999970644, -3.4227025784226393 
18.32999999997062, -3.4227797729739584 
18.339999999970598, -3.424158031940066 
18.349999999970574, -3.4241070673206138 
18.35999999997055, -3.4236720994229684 
18.369999999970528, -3.4209128822714567 
18.379999999970504, -3.3963838030754054 
18.38999999997048, -3.109494554402773 
18.399999999970458, -3.859255954251205 
18.409999999970434, -3.9114140442136316 
18.41999999997041, -3.916297617656194 
18.429999999970388, -3.9158025544587667 
18.439999999970365, -3.9101605091377842 
18.44999999997034, -3.864450183319022 
18.459999999970318, -1.602597238307808 
18.469999999970295, 1.0543339678373134 
18.47999999997027, 1.216996725412707 
18.489999999970248, 1.2370268399958488 
18.499999999970225, 1.241468995188278 
18.5099999999702, 1.2424052831473311 
18.519999999970178, 1.2422253860261225 
18.529999999970155, 1.241975773198702 
18.53999999997013, 1.242810149410175 
18.549999999970108, 1.2457312510304175 
18.559999999970085, 1.2501706213758594 
18.56999999997006, 1.2542426730292835 
18.57999999997004, 1.2568383618038272 
18.589999999970015, 1.2579738337133148 
18.59999999996999, 1.2578537318023666 
18.60999999996997, 1.2560476374358815 
18.619999999969945, 1.2495542680750338 
18.62999999996992, 1.2171809357990822 
18.6399999999699, 0.743652646348988 
18.649999999969875, -2.8843036086670057 
18.659999999969852, -3.171777885417629 
18.66999999996983, -3.1928442654664684 
18.679999999969805, -3.195888213874132 
18.689999999969782, -3.195397415196901 
18.69999999996976, -3.192939658408453 
18.709999999969735, -3.185721991020135 
18.719999999969712, -3.1735629441106874 
18.72999999996969, -3.1752461183146083 
18.739999999969665, -3.1771742787931982 
18.749999999969642, -3.1755476725902883 
18.75999999996962, -3.1746627754978642 
18.769999999969595, -3.179810420316248 
18.779999999969572, -3.1825883260574157 
18.78999999996955, -3.183098090924709 
18.799999999969526, -3.1822084616829027 
18.809999999969502, -3.1766697187938386 
18.81999999996948, -3.133770621098614 
18.829999999969456, -1.7245904513578894 
18.839999999969432, 1.5248986935141884 
18.84999999996941, 1.6134992756414046 
18.859999999969386, 1.6226931192876255 
18.869999999969362, 1.6240431283598498 
18.87999999996934, 1.6225611501727386 
18.889999999969316, 1.616506488197146 
18.899999999969292, 1.595463705540293 
18.90999999996927, 1.542813620032777 
18.919999999969246, 1.5202584581866712 
18.929999999969223, 1.530429016997782 
18.9399999999692, 1.5359300522115178 
18.949999999969176, 1.5372933128893118 
18.959999999969153, 1.5362805768362233 
18.96999999996913, 1.53271866051993 
18.979999999969106, 1.5275163881519127 
18.989999999969083, 1.536354705865013 
18.99999999996906, 1.5651468980434933 
19.009999999969036, 1.5824131888542738 
19.019999999969013, 1.588315150735164 
19.02999999996899, 1.5897299771766134 
19.039999999968966, 1.5886648110281973 
19.049999999968943, 1.5828027355668202 
19.05999999996892, 1.544837751066146 
19.069999999968896, 0.3388576540780573 
19.079999999968873, -3.249268082635397 
19.08999999996885, -3.3435204025832648 
19.099999999968826, -3.3514892383217187 
19.109999999968803, -3.3519578522409836 
19.11999999996878, -3.3503993429803893 
19.129999999968756, -3.3457935426800374 
19.139999999968733, -3.3357938855425218 
19.14999999996871, -3.335440979024727 
19.159999999968687, -3.3373312855625152 
19.169999999968663, -3.335617922980674 
19.17999999996864, -3.334731856594465 
19.189999999968617, -3.3400906223964535 
19.199999999968593, -3.34251594324803 
19.20999999996857, -3.3427875231969955 
19.219999999968547, -3.3413560535942977 
19.229999999968523, -3.332173524968218 
19.2399999999685, -3.2118773633362445 
19.249999999968477, 1.2033777501278409 
19.259999999968453, 1.9435779989704223 
19.26999999996843, 1.9647742911776138 
19.279999999968407, 1.9672942655979437 
19.289999999968384, 1.9659489451990382 
19.29999999996836, 1.9578552707803027 
19.309999999968337, 1.9053854982867786 
19.319999999968314, 1.705443471253523 
19.32999999996829, 1.74755948670501 
19.339999999968267, 1.7703256141204708 
19.349999999968244, 1.774754668419932 
19.35999999996822, 1.7751086527317415 
19.369999999968197, 1.7742019253187078 
19.379999999968174, 1.774134433278613 
19.38999999996815, 1.777371385539142 
19.399999999968127, 1.782159351035531 
19.409999999968104, 1.7852405771961888 
19.41999999996808, 1.786369729170038 
19.429999999968057, 1.786120879300651 
19.439999999968034, 1.7839218081678383 
19.44999999996801, 1.773172350276376 
19.459999999967987, 1.6362591271814118 
19.469999999967964, -3.267887726499697 
19.47999999996794, -3.768521351531207 
19.489999999967917, -3.787348524092372 
19.499999999967894, -3.789399266211853 
19.50999999996787, -3.7876866292641735 
19.519999999967848, -3.7792804904003097 
19.529999999967824, -3.7193751585203167 
19.5399999999678, -3.69385853222848 
19.549999999967778, -3.7131207034246705 
19.559999999967754, -3.7143568187386533 
19.56999999996773, -3.7137357049593644 
19.579999999967708, -3.713462026356172 
19.589999999967684, -3.712093929597812 
19.59999999996766, -3.711577491843465 
19.609999999967638, -3.7095621628668183 
19.619999999967614, -3.6945906932829304 
19.62999999996759, -3.7130421739038995 
19.639999999967568, -3.747205687378184 
19.649999999967545, -3.752296148042327 
19.65999999996752, -3.7524099322651607 
19.669999999967498, -3.748516604567204 
19.679999999967475, -3.72179571438722 
19.68999999996745, -2.779688710818925 
19.699999999967428, 1.6529817278822818 
19.709999999967405, 1.7443001500399398 
19.71999999996738, 1.752577615745095 
19.729999999967358, 1.7538263123396878 
19.739999999967335, 1.7530764129603944 
19.74999999996731, 1.7503693762498447 
19.759999999967288, 1.7444314469977678 
19.769999999967265, 1.7358714912318463 
19.77999999996724, 1.7310660731018555 
19.78999999996722, 1.7313578490786063 
19.799999999967195, 1.7321685732576046 
19.80999999996717, 1.7314160897218305 
19.81999999996715, 1.7269921243432784 
19.829999999967125, 1.709923935806783 
19.8399999999671, 1.6903851866266717 
19.84999999996708, 1.8069358987471151 
19.859999999967055, 1.8530827563026364 
19.869999999967032, 1.8614556805931908 
19.87999999996701, 1.8626999067043954 
19.889999999966985, 1.8606017585113825 
19.899999999966962, 1.847944402992405 
19.90999999996694, 1.6492805982470056 
19.919999999966915, -2.9715635277943195 
19.929999999966892, -3.3422677988085363 
19.93999999996687, -3.358401296646187 
19.949999999966845, -3.3599223128651294 
19.959999999966822, -3.358957800779445 
19.9699999999668, -3.3561711344528176 
19.979999999966775, -3.34929280390116 
19.989999999966752, -3.3466152196642938 
19.99999999996673, -3.348336384425527 
20.009999999966706, -3.3468081906705884 
20.019999999966682, -3.3440816052110556 
20.02999999996666, -3.3508765662658684 
20.039999999966636, -3.3553461532921 
20.049999999966612, -3.3562322535377467 
20.05999999996659, -3.355401477387622 
20.069999999966566, -3.3496529331389553 
20.079999999966542, -3.299593673540553 
20.08999999996652, -1.0383055983784677 
20.099999999966496, 1.6341549092274803 
20.109999999966472, 1.6911157980678797 
20.11999999996645, 1.6976579140037682 
20.129999999966426, 1.69829860691634 
20.139999999966403, 1.6960759706026665 
20.14999999996638, 1.6876870810975244 
20.159999999966356, 1.6580563579154433 
20.169999999966333, 1.6050483498312906 
20.17999999996631, 1.602550002313659 
20.189999999966286, 1.6122685958305287 
20.199999999966263, 1.6157440845032596 
20.20999999996624, 1.6159708477383816 
20.219999999966216, 1.6139329278892653 
20.229999999966193, 1.6097302370754192 
20.23999999996617, 1.6103914751901556 
20.249999999966146, 1.6294272536471677 
20.259999999966123, 1.647454253614751 
20.2699999999661, 1.6547644382056883 
20.279999999966076, 1.6568642047351396 
20.289999999966053, 1.656451787838488 
20.29999999996603, 1.6525901678986838 
20.309999999966006, 1.6306431683614453 
20.319999999965983, 1.1594607773592915 
20.32999999996596, -3.3617166517917347 
20.339999999965936, -3.528344665753071 
20.349999999965913, -3.5389897068344305 
20.35999999996589, -3.539758154563451 
20.369999999965867, -3.5379789549069693 
20.379999999965843, -3.531753559779493 
20.38999999996582, -3.515401413746022 
20.399999999965797, -3.5167960748636604 
20.409999999965773, -3.519682130978564 
20.41999999996575, -3.518478464031265 
20.429999999965727, -3.518661978263178 
20.439999999965703, -3.5210559664851244 
20.44999999996568, -3.5214463005101293 
20.459999999965657, -3.5210060913033465 
20.469999999965633, -3.517656427035365 
20.47999999996561, -3.483729614024746 
20.489999999965587, -2.7414100374906107 
20.499999999965564, -4.505606556764691 
20.50999999996554, -4.547578590389603 
20.519999999965517, -4.549848215046174 
20.529999999965494, -4.546892759031661 
20.53999999996547, -4.51751657974287 
20.549999999965447, -0.2583260831778113 
20.559999999965424, 2.193050453288476 
20.5699999999654, 2.2223202441051813 
20.579999999965377, 2.225203100085869 
20.589999999965354, 2.225242199134084 
20.59999999996533, 2.224187002170098 
20.609999999965307, 2.2215737948753866 
20.619999999965284, 2.21767385448373 
20.62999999996526, 2.2156854470004537 
20.639999999965237, 2.2158556942833263 
20.649999999965214, 2.2152088773874943 
20.65999999996519, 2.2103453819516705 
20.669999999965167, 2.1885718918070074 
20.679999999965144, 2.2159830884631333 
20.68999999996512, 2.2808464284113024 
20.699999999965097, 2.292140114737088 
20.709999999965074, 2.2935926959435005 
20.71999999996505, 2.291316064403809 
20.729999999965028, 2.272542904782732 
20.739999999965004, 0.8819905715662341 
20.74999999996498, -4.1635026591448145 
20.759999999964958, -4.2017293200007 
20.769999999964934, -4.20386872254912 
20.77999999996491, -4.201837715431858 
20.789999999964888, -4.190455793637705 
20.799999999964864, -4.1544271768914145 
20.80999999996484, -4.170129784565504 
20.819999999964818, -4.171863179331211 
20.829999999964794, -4.171141007792333 
20.83999999996477, -4.170931711341774 
20.849999999964748, -4.169633434179804 
20.859999999964725, -4.169058230922787 
20.8699999999647, -4.163829888575518 
20.879999999964678, -4.153849000595158 
20.889999999964655, -4.187279663286461 
20.89999999996463, -4.192746511539979 
20.909999999964608, -4.192552447590886 
20.919999999964585, -4.186622409500755 
20.92999999996456, -4.085034975980223 
20.939999999964538, 2.0003726932514496 
20.949999999964515, 2.2819303001037685 
20.95999999996449, 2.2914776803510106 
20.969999999964468, 2.291961279281352 
20.979999999964445, 2.2884478961689054 
20.98999999996442, 2.2686386787688386 
20.9999999999644, 2.17969280292427 
21.009999999964375, 2.1854748984615755 
21.01999999996435, 2.2012253638422465 
21.02999999996433, 2.2038344564299255 
21.039999999964305, 2.203401211721519 
21.04999999996428, 2.2028385763009726 
21.05999999996426, 2.204774770844103 
21.069999999964235, 2.2077259621519842 
21.079999999964212, 2.209150252907464 
21.08999999996419, 2.209238369099513 
21.099999999964165, 2.208196142608558 
21.109999999964142, 2.2030794364456723 
21.11999999996412, 2.1482353353605212 
21.129999999964095, -2.795893928298103 
21.139999999964072, -4.52030686483629 
21.14999999996405, -4.536056813350646 
21.159999999964025, -4.536488994381895 
21.169999999964002, -4.531136253696047 
21.17999999996398, -4.446840932695452 
21.189999999963955, -2.915442818531408 
21.199999999963932, -3.4752243856433664 
21.20999999996391, -3.4959266446261523 
21.219999999963886, -3.49733011629502 
21.229999999963862, -3.496580276963732 
21.23999999996384, -3.4949364903292817 
21.249999999963816, -3.491441496825156 
21.259999999963792, -3.490714365738886 
21.26999999996377, -3.4905300436633233 
21.279999999963746, -3.485734764724313 
21.289999999963722, -3.4852202765339486 
21.2999999999637, -3.501296887893445 
21.309999999963676, -3.506102788216988 
21.319999999963652, -3.506709857590028 
21.32999999996363, -3.504691509809807 
21.339999999963606, -3.492406329828282 
21.349999999963583, -3.327030114086186 
21.35999999996356, 1.022584653249535 
21.369999999963536, 1.5563808870290574 
21.379999999963513, 1.580651234305946 
21.38999999996349, 1.5844965909398634 
21.399999999963466, 1.5846795513248595 
21.409999999963443, 1.5827519253019802 
21.41999999996342, 1.5773684718292258 
21.429999999963396, 1.5655553759260816 
21.439999999963373, 1.5503718475057853 
21.44999999996335, 1.5449458960048077 
21.459999999963326, 1.546662814896615 
21.469999999963303, 1.5481806877697977 
21.47999999996328, 1.5479513435117975 
21.489999999963256, 1.5449894543755496 
21.499999999963233, 1.5347657994361854 
21.50999999996321, 1.5099933092572655 
21.519999999963186, 1.5685649874922687 
21.529999999963163, 1.6592395896102048 
21.53999999996314, 1.6808091102185856 
21.549999999963116, 1.685409350612148 
21.559999999963093, 1.6856689678858168 
21.56999999996307, 1.6824243766066023 
21.579999999963047, 1.664451025507353 
21.589999999963023, 1.3817405491326278 
21.599999999963, -2.4880508653920823 
21.609999999962977, -2.9062090121557977 
21.619999999962953, -2.930083526908557 
21.62999999996293, -2.933181937084677 
21.639999999962907, -2.932970572368771 
21.649999999962883, -2.931942442359308 
21.65999999996286, -2.9297802364068493 
21.669999999962837, -2.9263219388124115 
21.679999999962813, -2.92545410428184 
21.68999999996279, -2.9255915015941754 
21.699999999962767, -2.9225263383214726 
21.709999999962744, -2.910419221001617 
21.71999999996272, -2.9244958505291256 
21.729999999962697, -2.961546045345817 
21.739999999962674, -2.972546605377219 
21.74999999996265, -2.975405986980395 
21.759999999962627, -2.975529859901632 
21.769999999962604, -2.9731197315417313 
21.77999999996258, -2.9647912847322995 
21.789999999962557, -2.9299818706305083 
21.799999999962534, -2.611360611432604 
21.80999999996251, 0.024724574516167552 
21.819999999962487, 0.743812898351824 
21.829999999962464, 0.816044970395953 
21.83999999996244, 0.8312755592059053 
21.849999999962417, 0.8358242895863628 
21.859999999962394, 0.837170565518463 
21.86999999996237, 0.8371920423385291 
21.879999999962347, 0.8365610854640272 
21.889999999962324, 0.8358526554062037 
21.8999999999623, 0.8364017268235739 
21.909999999962277, 0.8412615445261993 
21.919999999962254, 0.853540268676708 
21.92999999996223, 0.8700546160406988 
21.939999999962208, 0.8832943591987167 
21.949999999962184, 0.8908451306664478 
21.95999999996216, 0.8943356948680197 
21.969999999962138, 0.8954002738097261 
21.979999999962114, 0.8946116703831122 
21.98999999996209, 0.8911203924350959 
21.999999999962068, 0.8801486875283366 
22.009999999962044, 0.8357551166923829 
22.01999999996202, 0.5631400722995815 
22.029999999961998, -0.36748665362236455 
22.039999999961974, -0.8421489929239003 
22.04999999996195, -0.9647387129793629 
22.059999999961928, -1.0022673721920283 
22.069999999961905, -1.0157278500727047 
22.07999999996188, -1.0209144294862922 
22.089999999961858, -1.0226221129125408 
22.099999999961835, -1.0223040647665207 
22.10999999996181, -1.0199498119528647 
22.119999999961788, -1.0141228892521177 
22.129999999961765, -1.0003451543145094 
22.13999999996174, -0.9651424305680412 
22.149999999961718, -0.8626408306629436 
22.159999999961695, -0.4605507947087147 
22.16999999996167, 1.071811795477911 
22.179999999961648, 1.4624137860403046 
22.189999999961625, 1.4937335872169444 
22.1999999999616, 1.4990653489680597 
22.20999999996158, 1.499521429683165 
22.219999999961555, 1.4968832922973698 
22.22999999996153, 1.4861245981029685 
22.23999999996151, 1.4327069669412098 
22.249999999961485, 1.2264987902809674 
22.25999999996146, 1.1794966624660042 
22.26999999996144, 1.215166517629682 
22.279999999961415, 1.2273252365840088 
22.289999999961392, 1.2308925338903118 
22.29999999996137, 1.2313696716535776 
22.309999999961345, 1.2299657078636796 
22.319999999961322, 1.2265774548568738 
22.3299999999613, 1.222419113151123 
22.339999999961275, 1.2295150605195433 
22.349999999961252, 1.26037272584642 
22.35999999996123, 1.2870488470001589 
22.369999999961205, 1.2984724443988254 
22.379999999961182, 1.3023800305310664 
22.38999999996116, 1.3030854253560311 
22.399999999961135, 1.3013917145704523 
22.409999999961112, 1.294270984983782 
22.41999999996109, 1.2566128013426265 
22.429999999961066, 0.7105338220164068 
22.439999999961042, -2.1313428258920584 
22.44999999996102, -2.4747008427459183 
22.459999999960996, -2.505426047976088 
22.469999999960972, -2.510533144587417 
22.47999999996095, -2.511064613358026 
22.489999999960926, -2.5105321213532963 
22.499999999960902, -2.5099729648383695 
22.50999999996088, -2.5088828199351694 
22.519999999960856, -2.5072894568118924 
22.529999999960832, -2.50666027418981 
22.53999999996081, -2.506318914310513 
22.549999999960786, -2.5036194510737024 
22.559999999960763, -2.4897281332221857 
22.56999999996074, -2.394538374249749 
22.579999999960716, -2.428992172885127 
22.589999999960693, -3.1837954739965446 
22.59999999996067, -3.2524772903400816 
22.609999999960646, -3.262369893500832 
22.619999999960623, -3.2642820662110132 
22.6299999999606, -3.2632153776651327 
22.639999999960576, -3.258283910214941 
22.649999999960553, -3.237209929278405 
22.65999999996053, -3.059057659253578 
22.669999999960506, -2.8350374135900442 
22.679999999960483, -2.922552819172257 
22.68999999996046, -2.933393862767649 
22.699999999960436, -2.9343602191409976 
22.709999999960413, -2.933811564981092 
22.71999999996039, -2.933911146866196 
22.729999999960366, -2.9336289824555886 
22.739999999960343, -2.9328084737865754 
22.74999999996032, -2.9324547980410074 
22.759999999960296, -2.9306935181004543 
22.769999999960273, -2.9196471327696587 
22.77999999996025, -2.821557549022254 
22.789999999960227, -3.0440706531417185 
22.799999999960203, -3.3629173711738316 
22.80999999996018, -3.389264399309963 
22.819999999960157, -3.3937342446420344 
22.829999999960133, -3.3938323101568235 
22.83999999996011, -3.390730626539086 
22.849999999960087, -3.377996502599617 
22.859999999960063, -3.2728869946839096 
22.86999999996004, -2.406416861132139 
22.879999999960017, -2.6094405658795607 
22.889999999959993, -2.662297394009701 
22.89999999995997, -2.6691279978955107 
22.909999999959947, -2.6696882279679266 
22.919999999959924, -2.6691720688715224 
22.9299999999599, -2.669377124111499 
22.939999999959877, -2.669442854602436 
22.949999999959854, -2.668857326633694 
22.95999999995983, -2.6685213171095397 
22.969999999959807, -2.667631134285542 
22.979999999959784, -2.662769528393272 
22.98999999995976, -2.6324228232298266 
22.999999999959737, -2.240426120655628 
23.009999999959714, 1.6853183449075577 
23.01999999995969, 3.127192173536767 
23.029999999959667, 3.1389991971019175 
23.039999999959644, 3.1383596528148168 
23.04999999995962, 3.1225608900432915 
23.059999999959597, -0.9969239714949456 
23.069999999959574, -4.371535643735476 
23.07999999995955, -4.387871971988588 
23.089999999959527, -4.387929419876211 
23.099999999959504, -4.384726605911299 
23.10999999995948, -4.370196595750874 
23.119999999959457, -4.3704146166748075 
23.129999999959434, -4.372863076952357 
23.13999999995941, -4.371777464273241 
23.149999999959388, -4.372402515348154 
23.159999999959364, -4.3717571404054905 
23.16999999995934, -4.371004093999074 
23.179999999959318, -4.364769642302114 
23.189999999959294, -4.344646403864861 
23.19999999995927, -4.402342531443035 
23.209999999959248, -4.408765971627003 
23.219999999959224, -4.408352499669322 
23.2299999999592, -4.400473323259005 
23.239999999959178, -4.1734654477722 
23.249999999959154, 2.3461787819667124 
23.25999999995913, 2.4414448433401743 
23.269999999959108, 2.4463696000322903 
23.279999999959085, 2.445734377835241 
23.28999999995906, 2.439479943526389 
23.299999999959038, 2.4012433981758643 
23.309999999959015, 2.3443384262080094 
23.31999999995899, 2.3689212915925717 
23.329999999958968, 2.3746381745064236 
23.339999999958945, 2.3748710227950807 
23.34999999995892, 2.374115997460586 
23.359999999958898, 2.37526357501085 
23.369999999958875, 2.3777135922353407 
23.37999999995885, 2.3788614922861826 
23.389999999958828, 2.378801713346473 
23.399999999958805, 2.377741291070092 
23.40999999995878, 2.3722976574996477 
23.41999999995876, 2.301074541665037 
23.429999999958735, -2.2725510041831263 
23.43999999995871, -5.592824087713302 
23.44999999995869, -5.601345927080994 
23.459999999958665, -5.598681123184959 
23.46999999995864, -5.522065249083508 
23.47999999995862, 3.4167808670961763 
23.489999999958595, 3.476230025568237 
23.499999999958572, 3.477658699908951 
23.50999999995855, 3.4746958081679535 
23.519999999958525, 3.454306367198651 
23.529999999958502, 3.4449922336541534 
23.53999999995848, 3.452962437556137 
23.549999999958455, 3.4529828300142684 
23.559999999958432, 3.452738234337454 
23.56999999995841, 3.4535667067676754 
23.579999999958385, 3.4530995470150296 
23.589999999958362, 3.45234655244386 
23.59999999995834, 3.4490143445857315 
23.609999999958315, 3.4110912295130142 
23.619999999958292, 3.487526999377759 
23.62999999995827, 3.5089997770420838 
23.639999999958246, 3.509682988700373 
23.649999999958222, 3.502374574916633 
23.6599999999582, 1.4762244796450283 
23.669999999958176, -5.498450089919211 
23.679999999958152, -5.508452676456241 
23.68999999995813, -5.506219942145011 
23.699999999958106, -5.459942124797571 
23.709999999958082, -5.239150397456112 
23.71999999995806, -5.284823826746769 
23.729999999958036, -5.284734249501676 
23.739999999958012, -5.281149925950609 
23.74999999995799, -5.273598992596085 
23.759999999957966, -5.276539325301483 
23.769999999957943, -5.27520635368483 
23.77999999995792, -5.275565414994894 
23.789999999957896, -5.2745528531448596 
23.799999999957873, -5.272446318438115 
23.80999999995785, -5.2582948796102995 
23.819999999957826, -5.2838059611252275 
23.829999999957803, -5.286249342162106 
23.83999999995778, -5.283271750308654 
23.849999999957756, -5.1482629272130875 
23.859999999957733, 4.135997797568123 
23.86999999995771, 4.168145654946966 
23.879999999957686, 4.167013819846046 
23.889999999957663, 4.09946184372145 
23.89999999995764, -5.560897766138079 
23.909999999957616, -5.5998453707948395 
23.919999999957593, -5.599126335778154 
23.92999999995757, -5.586963278007389 
23.939999999957546, -5.563621280716697 
23.949999999957523, -5.574241014097717 
23.9599999999575, -5.573330624343207 
23.969999999957476, -5.570874141379489 
23.979999999957453, -5.569376398760605 
23.98999999995743, -5.567727560852991 
23.999999999957407, -5.567937254660789 
24.009999999957383, -5.569340446090793 
24.01999999995736, -5.568084656799672 
24.029999999957337, -5.546724911879452 
24.039999999957313, -5.596267220847668 
24.04999999995729, -5.613282339727652 
24.059999999957267, -5.612281593976993 
24.069999999957243, -5.583156171928721 
24.07999999995722, 3.617218190077429 
24.089999999957197, 3.7411468933602534 
24.099999999957173, 3.7426185248696173 
24.10999999995715, 3.734058484602722 
24.119999999957127, 2.9685204099289444 
24.129999999957104, 3.3044559614202798 
24.13999999995708, 3.3207298383364128 
24.149999999957057, 3.3213265981382563 
24.159999999957034, 3.320068334523994 
24.16999999995701, 3.3155182837595745 
24.179999999956987, 3.3116411557091063 
24.189999999956964, 3.3129580478879506 
24.19999999995694, 3.3117429827424933 
24.209999999956917, 3.3080753397330467 
24.219999999956894, 3.3152872251488636 
24.22999999995687, 3.3198456856906295 
24.239999999956847, 3.31998537662527 
24.249999999956824, 3.317093484260391 
24.2599999999568, 3.2579548003212055 
24.269999999956777, 4.243839953659012 
24.279999999956754, 5.095105356540695 
24.28999999995673, 5.095360321779141 
24.299999999956707, 4.999314550463667 
24.309999999956684, -6.973340349001347 
24.31999999995666, -6.979866579879217 
24.329999999956637, -6.969727696894816 
24.339999999956614, -6.861269879659811 
24.34999999995659, -6.889170921573384 
24.359999999956568, -6.886755463968248 
24.369999999956544, -6.875220206651581 
24.37999999995652, -6.879857719869167 
24.389999999956498, -6.878480169935675 
24.399999999956474, -6.875940146007942 
24.40999999995645, -6.874536814350539 
24.419999999956428, -6.8735233751806035 
24.429999999956404, -6.874143241848708 
24.43999999995638, -6.870598636209199 
24.449999999956358, -6.866507450807896 
24.459999999956334, -6.887526469476386 
24.46999999995631, -6.884851014574937 
24.479999999956288, -4.7709121092818 
24.489999999956265, 6.530239138016755 
24.49999999995624, 6.529999488991206 
24.509999999956218, -6.991993238946333 
24.519999999956195, -8.471451156934906 
24.52999999995617, -8.465789797041417 
24.539999999956148, -8.239141717062038 
24.549999999956125, -8.267657866222647 
24.5599999999561, -8.258303501020514 
24.569999999956078, -8.252244585276625 
24.579999999956055, -8.251663612301106 
24.58999999995603, -8.24578715452829 
24.599999999956008, -8.246054228807184 
24.609999999955985, -8.244350328572999 
24.61999999995596, -8.242175352201665 
24.62999999995594, -8.238103261322061 
24.639999999955915, -8.239953786860376 
24.64999999995589, -8.235270067961755 
24.65999999995587, -8.24211540539573 
24.669999999955845, -8.24479627947262 
24.67999999995582, -8.168445375617091 
24.6899999999558, -8.472747378253775 
24.699999999955775, -8.472550385780103 
24.709999999955752, 1.7513090835481566 
24.71999999995573, 6.514081676082457 
24.729999999955705, 6.510260532807341 
24.739999999955682, 1.535550054273004 
24.74999999995566, 4.397149335004019 
24.759999999955635, 4.401564352636607 
24.769999999955612, 4.3991732132587655 
24.77999999995559, 4.378449145292122 
24.789999999955565, 4.382757214479846 
24.799999999955542, 4.384977648089349 
24.80999999995552, 4.384425729282897 
24.819999999955495, 4.384017279408107 
24.829999999955472, 4.382605135341331 
24.83999999995545, 4.381599914293332 
24.849999999955426, 4.372571092168281 
24.859999999955402, 4.385896505055395 
24.86999999995538, 4.391887010067981 
24.879999999955356, 4.390619744309969 
24.889999999955332, 4.352291343445088 
24.89999999995531, 5.372711757219991 
24.909999999955286, 5.4421791312645835 
24.919999999955262, 5.438790497395971 
24.92999999995524, -6.524372555703612 
24.939999999955216, -7.371667267927036 
24.949999999955192, -7.36978474146733 
24.95999999995517, -7.039501296617518 
24.969999999955146, -7.236858579806372 
24.979999999955123, -7.236387531226699 
24.9899999999551, -7.221579452541311 
24.999999999955076, -7.226420845338642 
