t, s[1].omega / s[0].omega 
0, -0.7299976807829822 
0.009999999999999995, -0.7297531447533608 
0.019999999999999934, -0.7294777434490347 
0.029999999999999874, -0.7291574316090252 
0.04000000000000012, -0.7287782868089725 
0.050000000000000405, -0.7283345150326965 
0.06000000000000069, -0.7278327779846252 
0.07000000000000098, -0.7272932210367118 
0.08000000000000126, -0.7267498490345121 
0.09000000000000155, -0.7262523415168374 
0.10000000000000184, -0.7258694021351417 
0.11000000000000212, -0.7256919388547274 
0.12000000000000241, -0.72583355135689 
0.130000000000002, -0.7264262751665048 
0.1400000000000009, -0.7276112310498937 
0.1499999999999998, -0.7295258031673814 
0.1599999999999987, -0.7322894711926009 
0.1699999999999976, -0.7359881918507816 
0.1799999999999965, -0.7406530645565087 
0.1899999999999954, -0.7462265973651557 
0.1999999999999943, -0.7525159411252187 
0.2099999999999932, -0.7591539823545617 
0.2199999999999921, -0.7656188205590743 
0.229999999999991, -0.7713568026927116 
0.2399999999999899, -0.7759701817210467 
0.2499999999999888, -0.7793380494504529 
0.2599999999999877, -0.7815843193065546 
0.2699999999999866, -0.7829493165565009 
0.2799999999999855, -0.7836737315440041 
0.2899999999999844, -0.7839422890609153 
0.2999999999999833, -0.783873396042742 
0.3099999999999822, -0.7835277751446956 
0.3199999999999811, -0.7829197676713069 
0.32999999999998, -0.7820264042143923 
0.3399999999999789, -0.7807966258219794 
0.3499999999999778, -0.779168933747961 
0.35999999999997667, -0.7771124524737842 
0.36999999999997557, -0.7747100466288097 
0.37999999999997447, -0.7722843680529942 
0.38999999999997337, -0.7704949757016505 
0.39999999999997227, -0.7702196236672315 
0.40999999999997117, -0.7720845266884384 
0.41999999999997006, -0.775977856894563 
0.42999999999996896, -0.7811645069080885 
0.43999999999996786, -0.7868152692644647 
0.44999999999996676, -0.792251600776496 
0.45999999999996566, -0.7969679366851492 
0.46999999999996456, -0.8006981121266854 
0.47999999999996346, -0.8034268487400562 
0.48999999999996235, -0.8052964723596088 
0.49999999999996125, -0.8064965151199793 
0.5099999999999602, -0.8071956164649935 
0.519999999999959, -0.8075152762284482 
0.529999999999958, -0.8075251872826525 
0.5399999999999568, -0.807243741038436 
0.5499999999999557, -0.8066345631992151 
0.5599999999999546, -0.8055947107175943 
0.5699999999999535, -0.8039342762410928 
0.5799999999999524, -0.8013558472008373 
0.5899999999999513, -0.7974615008823126 
0.5999999999999502, -0.7918390608956349 
0.6099999999999491, -0.7842648712302619 
0.619999999999948, -0.774946766435537 
0.6299999999999469, -0.7645938413512972 
0.6399999999999458, -0.7541864142568108 
0.6499999999999447, -0.7446135563815077 
0.6599999999999436, -0.7364438387231347 
0.6699999999999425, -0.7299024706843125 
0.6799999999999414, -0.7249601803670054 
0.6899999999999403, -0.7214361904265242 
0.6999999999999392, -0.7190772422773903 
0.7099999999999381, -0.7176115568100492 
0.719999999999937, -0.7167845211123749 
0.7299999999999359, -0.716379969145849 
0.7399999999999348, -0.7162287480237847 
0.7499999999999337, -0.716206981719804 
0.7599999999999326, -0.7162279589689262 
0.7699999999999315, -0.7162320129470673 
0.7799999999999304, -0.7161779627546628 
0.7899999999999293, -0.7160383012042121 
0.7999999999999282, -0.715798590328468 
0.8099999999999271, -0.7154592769987921 
0.819999999999926, -0.7150360089807897 
0.8299999999999249, -0.7145547423309486 
0.8399999999999238, -0.714041871655277 
0.8499999999999227, -0.7135144078443437 
0.8599999999999216, -0.7129759894140053 
0.8699999999999205, -0.712420488232627 
0.8799999999999194, -0.7118401285113461 
0.8899999999999183, -0.7112333119668794 
0.8999999999999172, -0.7106093231490176 
0.9099999999999161, -0.7099902540797783 
0.919999999999915, -0.7094120187831823 
0.9299999999999139, -0.7089256753388129 
0.9399999999999128, -0.70859875092465 
0.9499999999999117, -0.7085152157024228 
0.9599999999999106, -0.7087727613391198 
0.9699999999999095, -0.7094770544885142 
0.9799999999999084, -0.710734014955525 
0.9899999999999073, -0.7126418067593965 
0.9999999999999062, -0.715283160272069 
1.0099999999999052, -0.7187158188836806 
1.019999999999904, -0.7229556134490221 
1.029999999999903, -0.7279459023044305 
1.039999999999902, -0.7335142636887344 
1.0499999999999008, -0.7393377865100895 
1.0599999999998997, -0.7449634469233672 
1.0699999999998986, -0.7499199280101828 
1.0799999999998975, -0.7538791448013213 
1.0899999999998964, -0.7567520094985973 
1.0999999999998953, -0.7586530922862862 
1.1099999999998942, -0.7597896005450617 
1.119999999999893, -0.7603651372239133 
1.129999999999892, -0.7605339492211599 
1.1399999999998909, -0.7603925652929997 
1.1499999999998898, -0.7599864581599828 
1.1599999999998887, -0.7593184764398304 
1.1699999999998876, -0.7583550576791491 
1.1799999999998865, -0.757032117498135 
1.1899999999998854, -0.7552671245148955 
1.1999999999998843, -0.7529883276160028 
1.2099999999998832, -0.7501916820627047 
1.219999999999882, -0.7470146810576257 
1.229999999999881, -0.7437571427395531 
1.2399999999998799, -0.7407389759630214 
1.2499999999998788, -0.7380678108401282 
1.2599999999998777, -0.7357267889954152 
1.2699999999998766, -0.7339978191257938 
1.2799999999998755, -0.7333869559887402 
1.2899999999998744, -0.7340195805095951 
1.2999999999998733, -0.735484341590426 
1.3099999999998722, -0.7372124554731018 
1.319999999999871, -0.7387989814566822 
1.32999999999987, -0.7400614124548615 
1.3399999999998689, -0.740965773801656 
1.3499999999998678, -0.741543923996173 
1.3599999999998666, -0.7418410283900612 
1.3699999999998655, -0.7418893106138604 
1.3799999999998644, -0.7416957511444979 
1.3899999999998633, -0.7412346663682109 
1.3999999999998622, -0.7404411192760855 
1.4099999999998611, -0.7392065384442337 
1.41999999999986, -0.7373848951455538 
1.429999999999859, -0.7348243192606919 
1.4399999999998578, -0.7314338387866088 
1.4499999999998567, -0.7272636325385867 
1.4599999999998556, -0.7225380584261685 
1.4699999999998545, -0.7175966974386927 
1.4799999999998534, -0.7127796196569858 
1.4899999999998523, -0.7083392446049765 
1.4999999999998512, -0.7044181813501841 
1.5099999999998501, -0.7010726025435734 
1.519999999999849, -0.6983059601285294 
1.529999999999848, -0.6960937426098927 
1.5399999999998468, -0.6943962321270151 
1.5499999999998457, -0.6931633616805023 
1.5599999999998446, -0.6923366274650335 
1.5699999999998435, -0.6918513563819738 
1.5799999999998424, -0.6916404797219491 
1.5899999999998413, -0.6916392831349469 
1.5999999999998402, -0.6917898816651447 
1.6099999999998391, -0.6920444257691152 
1.619999999999838, -0.6923667990454644 
1.629999999999837, -0.6927331133621719 
1.6399999999998358, -0.6931311396412301 
1.6499999999998347, -0.6935580220086106 
1.6599999999998336, -0.6940150845228723 
1.6699999999998325, -0.6944994763841001 
1.6799999999998314, -0.6949950823299066 
1.6899999999998303, -0.6954678192332177 
1.6999999999998292, -0.6958701034911161 
1.709999999999828, -0.6961541542652618 
1.719999999999827, -0.6962869005362597 
1.729999999999826, -0.696257671846956 
1.7399999999998248, -0.6960761279976108 
1.7499999999998237, -0.6957653298874641 
1.7599999999998226, -0.6953567118785828 
1.7699999999998215, -0.6948910891403145 
1.7799999999998204, -0.6944272016267788 
1.7899999999998193, -0.694058419222398 
1.7999999999998182, -0.6939380439617413 
1.809999999999817, -0.6943123862042706 
1.819999999999816, -0.6955570399813468 
1.8299999999998149, -0.698204527442291 
1.8399999999998138, -0.7029397944325859 
1.8499999999998127, -0.7105233319091181 
1.8599999999998116, -0.7215858230800424 
1.8699999999998105, -0.7362566713531586 
1.8799999999998094, -0.753721168636789 
1.8899999999998083, -0.7720702338747516 
1.8999999999998072, -0.788880105850668 
1.909999999999806, -0.8023291523106678 
1.919999999999805, -0.8118974980181637 
1.9299999999998039, -0.8181239202308586 
1.9399999999998028, -0.8219295905652813 
1.9499999999998017, -0.8241429569957432 
1.9599999999998006, -0.8253491880439862 
1.9699999999997995, -0.8259118805951055 
1.9799999999997984, -0.8260357104461061 
1.9899999999997973, -0.825817118635795 
1.9999999999997962, -0.8252722962044677 
2.0099999999998173, -0.8243437802573637 
2.0199999999998384, -0.822886913541051 
2.0299999999998595, -0.8206346350447816 
2.0399999999998806, -0.8171386460200013 
2.0499999999999017, -0.8116950404227454 
2.059999999999923, -0.8033020509638387 
2.069999999999944, -0.7907937517160945 
2.079999999999965, -0.7734028169075418 
2.089999999999986, -0.7517989919493672 
2.100000000000007, -0.7287438921399348 
2.1100000000000283, -0.7080396686986867 
2.1200000000000494, -0.6923417274249716 
2.1300000000000705, -0.6821089945854436 
2.1400000000000916, -0.6762784389857758 
2.1500000000001127, -0.6733797736614228 
2.160000000000134, -0.6721819098172076 
2.170000000000155, -0.6718558329036011 
2.180000000000176, -0.671911338932791 
2.190000000000197, -0.672083835381945 
2.2000000000002182, -0.6722396378801341 
2.2100000000002393, -0.6723125426296179 
2.2200000000002604, -0.6722657363880586 
2.2300000000002815, -0.6720705132392156 
2.2400000000003026, -0.671695897177542 
2.2500000000003237, -0.6711068185808735 
2.260000000000345, -0.6702709642177609 
2.270000000000366, -0.6691736629785164 
2.280000000000387, -0.6678347153335052 
2.290000000000408, -0.6663148883085909 
2.3000000000004293, -0.6647029153668627 
2.3100000000004504, -0.6630886730772142 
2.3200000000004715, -0.6615396364099825 
2.3300000000004926, -0.6600927745878062 
2.3400000000005137, -0.6587608522184639 
2.3500000000005348, -0.6575448005338342 
2.360000000000556, -0.65644489540991 
2.370000000000577, -0.6554676950144989 
2.380000000000598, -0.6546289011119819 
2.390000000000619, -0.6539534623574345 
2.4000000000006403, -0.6534740620167055 
2.4100000000006614, -0.6532286887285839 
2.4200000000006825, -0.6532578408836522 
2.4300000000007036, -0.6536020242685481 
2.4400000000007247, -0.6543002416366248 
2.450000000000746, -0.6553898530022056 
2.460000000000767, -0.6569074007688125 
2.470000000000788, -0.6588887812678512 
2.480000000000809, -0.6613656276522556 
2.49000000000083, -0.6643533966053532 
2.5000000000008513, -0.667826999843849 
2.5100000000008724, -0.6716855366700989 
2.5200000000008935, -0.675722548715835 
2.5300000000009146, -0.6796356725175545 
2.5400000000009357, -0.683101360814145 
2.550000000000957, -0.6858857206727399 
2.560000000000978, -0.6879129458726877 
2.570000000000999, -0.6892464492983575 
2.58000000000102, -0.690017230058811 
2.5900000000010412, -0.690358432393561 
2.6000000000010624, -0.6903713045905924 
2.6100000000010835, -0.6901157902216497 
2.6200000000011046, -0.6896113915006937 
2.6300000000011257, -0.688838622401743 
2.6400000000011468, -0.6877365225348356 
2.650000000001168, -0.686194086750393 
2.660000000001189, -0.6840331852701681 
2.67000000000121, -0.6809770975047602 
2.680000000001231, -0.6765914680117451 
2.6900000000012523, -0.6701855460971772 
2.7000000000012734, -0.6607377348383223 
2.7100000000012945, -0.6471662988010791 
2.7200000000013156, -0.6293874154464277 
2.7300000000013367, -0.6094980994645033 
2.740000000001358, -0.5910749188451245 
2.750000000001379, -0.57678537841907 
2.7600000000014, -0.5671775786930507 
2.770000000001421, -0.5613784530477516 
2.780000000001442, -0.558167897216238 
2.7900000000014633, -0.5565342259336099 
2.8000000000014844, -0.5557897304446526 
2.8100000000015055, -0.5555117539812782 
2.8200000000015266, -0.5554550016589843 
2.8300000000015477, -0.5554816267533763 
2.840000000001569, -0.5555147444091334 
2.85000000000159, -0.5555101087846277 
2.860000000001611, -0.5554401298518908 
2.870000000001632, -0.5552863000048381 
2.8800000000016532, -0.5550377990167072 
2.8900000000016743, -0.5546944916847611 
2.9000000000016954, -0.5542713477127551 
2.9100000000017165, -0.5537996096432465 
2.9200000000017377, -0.5533207173371828 
2.9300000000017588, -0.5528736719869415 
2.94000000000178, -0.5524818318808308 
2.950000000001801, -0.5521459874657316 
2.960000000001822, -0.5518467072773344 
2.970000000001843, -0.5515540180209907 
2.9800000000018643, -0.5512392305649831 
2.9900000000018854, -0.5508835603497365 
3.0000000000019065, -0.5504812780998163 
3.0100000000019276, -0.5500390722595513 
3.0200000000019487, -0.5495751788269996 
3.03000000000197, -0.5491213840471684 
3.040000000001991, -0.5487300123803471 
3.050000000002012, -0.548487821284825 
3.060000000002033, -0.5485394791791011 
3.070000000002054, -0.549124424969731 
3.0800000000020753, -0.5506310474868791 
3.0900000000020964, -0.5536675876621726 
3.1000000000021175, -0.5591301426821362 
3.1100000000021386, -0.5681948146891693 
3.1200000000021597, -0.582059818088751 
3.130000000002181, -0.6012085539518749 
3.140000000002202, -0.6243308411032533 
3.150000000002223, -0.6480287923072081 
3.160000000002244, -0.6684713687715098 
3.1700000000022652, -0.6836624394078582 
3.1800000000022863, -0.6938419535620437 
3.1900000000023074, -0.7002873825841756 
3.2000000000023285, -0.7042665256536716 
3.2100000000023496, -0.7066898250758935 
3.2200000000023707, -0.7081341709826586 
3.230000000002392, -0.7089462611907559 
3.240000000002413, -0.7093264694058444 
3.250000000002434, -0.709380899891826 
3.260000000002455, -0.7091490093150886 
3.2700000000024763, -0.7086141457652732 
3.2800000000024974, -0.7077017965448751 
3.2900000000025185, -0.7062702549951545 
3.3000000000025396, -0.7041038573537532 
3.3100000000025607, -0.700931786851058 
3.3200000000025818, -0.6965067185032333 
3.330000000002603, -0.6907533301892694 
3.340000000002624, -0.683909402150986 
3.350000000002645, -0.6765159962367797 
3.360000000002666, -0.6692201241754193 
3.3700000000026873, -0.6625437043031768 
3.3800000000027084, -0.656778348915621 
3.3900000000027295, -0.6520122899027597 
3.4000000000027506, -0.6482075666876588 
3.4100000000027717, -0.6452665002238838 
3.420000000002793, -0.6430711322657257 
3.430000000002814, -0.6415018249223825 
3.440000000002835, -0.6404448828380189 
3.450000000002856, -0.6397959278320162 
3.460000000002877, -0.6394621043901799 
3.4700000000028983, -0.639363848299103 
3.4800000000029194, -0.6394360024063743 
3.4900000000029405, -0.639628070871557 
3.5000000000029616, -0.6399037840872343 
3.5100000000029827, -0.6402403675324784 
3.520000000003004, -0.6406276163903407 
3.530000000003025, -0.6410660569306037 
3.540000000003046, -0.6415626715353583 
3.550000000003067, -0.6421229446247755 
3.5600000000030882, -0.6427401277043061 
3.5700000000031094, -0.6433859719907128 
3.5800000000031305, -0.6440093336474753 
3.5900000000031516, -0.6445467490641523 
3.6000000000031727, -0.6449413424492698 
3.6100000000031938, -0.6451590840484058 
3.620000000003215, -0.6451931904918662 
3.630000000003236, -0.6450572768782996 
3.640000000003257, -0.6447750439037647 
3.650000000003278, -0.6443736245201668 
3.6600000000032993, -0.643883740665607 
3.6700000000033204, -0.6433477058127377 
3.6800000000033415, -0.6428370060220804 
3.6900000000033626, -0.6424833766150759 
3.7000000000033837, -0.6425292852179545 
3.710000000003405, -0.6434028520434161 
3.720000000003426, -0.6458121149570218 
3.730000000003447, -0.6508202653823985 
3.740000000003468, -0.6597875166298968 
3.750000000003489, -0.6739621783212774 
3.7600000000035103, -0.6935570821595161 
3.7700000000035314, -0.7167449681284226 
3.7800000000035525, -0.7398688141074568 
3.7900000000035736, -0.7594025874703395 
3.8000000000035947, -0.7737945650456661 
3.810000000003616, -0.7834354300754727 
3.820000000003637, -0.7895329763191542 
3.830000000003658, -0.7932627640124864 
3.840000000003679, -0.795484937754596 
3.8500000000037002, -0.7967552227511208 
3.8600000000037213, -0.7974091231007384 
3.8700000000037424, -0.7976360569852898 
3.8800000000037635, -0.7975269362905207 
3.8900000000037847, -0.797097579703977 
3.9000000000038058, -0.7962918123912844 
3.910000000003827, -0.7949653861727076 
3.920000000003848, -0.7928505031987956 
3.930000000003869, -0.7895072638890696 
3.94000000000389, -0.7842953444371397 
3.9500000000039113, -0.7764554942666695 
3.9600000000039324, -0.7654256865963468 
3.9700000000039535, -0.7513638514958124 
3.9800000000039746, -0.7354657968879991 
3.9900000000039957, -0.7196017653473396 
4.000000000004016, -0.7054793303532371 
4.010000000003993, -0.6940563386624161 
4.02000000000397, -0.6855129571633269 
4.030000000003946, -0.679533745249242 
4.040000000003923, -0.675598212052831 
4.0500000000039, -0.6731668652003081 
4.0600000000038765, -0.6717713472847971 
4.070000000003853, -0.6710446886827214 
4.08000000000383, -0.6707197129707478 
4.090000000003807, -0.6706127190610303 
4.100000000003783, -0.6706025226001057 
4.11000000000376, -0.6706106475615241 
4.120000000003737, -0.6705856573854085 
4.130000000003713, -0.6704928885302628 
4.14000000000369, -0.670309845226668 
4.150000000003667, -0.6700264843184012 
4.1600000000036434, -0.6696478551868189 
4.17000000000362, -0.6691946889851321 
4.180000000003597, -0.6686980248518771 
4.1900000000035735, -0.6681883017742184 
4.20000000000355, -0.6676844163757714 
4.210000000003527, -0.6671889934879949 
4.220000000003504, -0.6666919394654328 
4.23000000000348, -0.6661792653667731 
4.240000000003457, -0.6656420093727545 
4.250000000003434, -0.6650817703840309 
4.26000000000341, -0.6645128337528738 
4.270000000003387, -0.6639631242958263 
4.280000000003364, -0.6634761306767711 
4.2900000000033405, -0.6631145487051573 
4.300000000003317, -0.6629650207358148 
4.310000000003294, -0.6631425581232253 
4.320000000003271, -0.6637930660250895 
4.330000000003247, -0.665092705910898 
4.340000000003224, -0.6672431578895907 
4.350000000003201, -0.6704611532195575 
4.360000000003177, -0.6749576672681131 
4.370000000003154, -0.6808967196853526 
4.380000000003131, -0.688319853570646 
4.390000000003107, -0.6970333571477163 
4.400000000003084, -0.7065018173803574 
4.410000000003061, -0.7158635959284376 
4.4200000000030375, -0.7241739916207736 
4.430000000003014, -0.7307789873421067 
4.440000000002991, -0.7355249989513932 
4.450000000002968, -0.7386590265185738 
4.460000000002944, -0.7405820253172359 
4.470000000002921, -0.7416639683118111 
4.480000000002898, -0.7421739777072986 
4.490000000002874, -0.7422796254242058 
4.500000000002851, -0.742066603955534 
4.510000000002828, -0.7415547066381121 
4.520000000002804, -0.7407020660409854 
4.530000000002781, -0.739394567689551 
4.540000000002758, -0.737416565467779 
4.5500000000027345, -0.7343966351218326 
4.560000000002711, -0.7297240103432591 
4.570000000002688, -0.7224557066771556 
4.580000000002665, -0.7113253709861944 
4.590000000002641, -0.6951431722988235 
4.600000000002618, -0.6738550155782337 
4.610000000002595, -0.6496311683553697 
4.620000000002571, -0.6263201328753214 
4.630000000002548, -0.6071971684474753 
4.640000000002525, -0.5934343524463875 
4.6500000000025015, -0.5844574610054856 
4.660000000002478, -0.5790202402334186 
4.670000000002455, -0.5759254924417798 
4.6800000000024315, -0.574272915427693 
4.690000000002408, -0.5734603535607172 
4.700000000002385, -0.5731106268427568 
4.710000000002362, -0.5729967365351466 
4.720000000002338, -0.5729851560096725 
4.730000000002315, -0.5729976259860434 
4.740000000002292, -0.5729871928322365 
4.750000000002268, -0.5729244283643202 
4.760000000002245, -0.5727910593512644 
4.770000000002222, -0.5725791095193834 
4.7800000000021985, -0.5722933521108049 
4.790000000002175, -0.5719534848320192 
4.800000000002152, -0.5715917080280721 
4.810000000002129, -0.5712437153866439 
4.820000000002105, -0.5709360558409231 
4.830000000002082, -0.570676209020477 
4.840000000002059, -0.5704505316114848 
4.850000000002035, -0.570230877353737 
4.860000000002012, -0.5699861760826541 
4.870000000001989, -0.569693042308343 
4.880000000001965, -0.5693411587019706 
4.890000000001942, -0.5689334833655738 
4.900000000001919, -0.5684845972531575 
4.9100000000018955, -0.568020886725613 
4.920000000001872, -0.5675851015024709 
4.930000000001849, -0.5672470760347231 
4.940000000001826, -0.5671226874226155 
4.950000000001802, -0.5674040306705175 
4.960000000001779, -0.5684043329760035 
4.970000000001756, -0.5706190780362907 
4.980000000001732, -0.5747943561540193 
4.990000000001709, -0.5819614134377484 
5.000000000001686, -0.5933247264478992 
5.0100000000016625, -0.6098016831542961 
5.020000000001639, -0.6311062164500608 
5.030000000001616, -0.6549212510800323 
5.0400000000015925, -0.6774626343071064 
5.050000000001569, -0.6956134581866888 
5.060000000001546, -0.7084532730804037 
5.070000000001523, -0.7167999563970423 
5.080000000001499, -0.7219844496041273 
5.090000000001476, -0.7251311428814525 
5.100000000001453, -0.7270028021404422 
5.110000000001429, -0.7280701698452262 
5.120000000001406, -0.7286093517657853 
5.130000000001383, -0.7287722427138335 
5.1400000000013595, -0.7286274716289987 
5.150000000001336, -0.7281790467208447 
5.160000000001313, -0.7273682868643843 
5.17000000000129, -0.726062583625381 
5.180000000001266, -0.7240366512981004 
5.190000000001243, -0.7209631873724855 
5.20000000000122, -0.7164525233279757 
5.210000000001196, -0.7101938518331681 
5.220000000001173, -0.7021905699092745 
5.23000000000115, -0.6929293786371341 
5.240000000001126, -0.6832729604113043 
5.250000000001103, -0.6741132196436544 
5.26000000000108, -0.6660705921735953 
5.2700000000010565, -0.6594177224147764 
5.280000000001033, -0.6541651290396837 
5.29000000000101, -0.6501797898239345 
5.300000000000987, -0.6472711398452298 
5.310000000000963, -0.6452382785013974 
5.32000000000094, -0.6438921681062878 
5.330000000000917, -0.6430653868482075 
5.340000000000893, -0.6426162132630726 
5.35000000000087, -0.642429654075726 
5.360000000000847, -0.6424162643258724 
5.3700000000008234, -0.6425093766149217 
5.3800000000008, -0.6426616432629338 
5.390000000000777, -0.6428419241030998 
5.4000000000007535, -0.6430331874811556 
5.41000000000073, -0.643231139669678 
5.420000000000707, -0.6434420608727691 
5.430000000000684, -0.6436777777385119 
5.44000000000066, -0.6439470130393752 
5.450000000000637, -0.644245420698116 
5.460000000000614, -0.6445493827399374 
5.47000000000059, -0.6448184475349561 
5.480000000000567, -0.6450068721762794 
5.490000000000544, -0.6450783375326632 
5.5000000000005205, -0.6450153952747624 
5.510000000000497, -0.6448198692073007 
5.520000000000474, -0.644507491093106 
5.5300000000004506, -0.6441028621855515 
5.540000000000427, -0.6436391242280495 
5.550000000000404, -0.6431643886036651 
5.560000000000381, -0.6427562974866314 
5.570000000000357, -0.6425467319699902 
5.580000000000334, -0.6427592626326962 
5.590000000000311, -0.6437606984357471 
5.600000000000287, -0.6461221005520122 
5.610000000000264, -0.650668102409264 
5.620000000000241, -0.6584569281279083 
5.6300000000002175, -0.6705745887480303 
5.640000000000194, -0.6875993748087551 
5.650000000000171, -0.7087894349629404 
5.660000000000148, -0.7316275002465971 
5.670000000000124, -0.7526579441077503 
5.680000000000101, -0.7693212381264838 
5.690000000000078, -0.781002391651153 
5.700000000000054, -0.7885229506689453 
5.710000000000031, -0.7931170081755675 
5.720000000000008, -0.7958275272153099 
5.729999999999984, -0.7973651744499592 
5.739999999999961, -0.7981654208774531 
5.749999999999938, -0.7984763863084364 
5.7599999999999145, -0.7984237197345139 
5.769999999999891, -0.798046515569754 
5.779999999999868, -0.7973086332640769 
5.789999999999845, -0.7960878453082271 
5.799999999999821, -0.7941412164888199 
5.809999999999798, -0.791044750676793 
5.819999999999775, -0.7861198626239478 
5.829999999999751, -0.778411744400181 
5.839999999999728, -0.7668844425793269 
5.849999999999705, -0.7510197290691565 
5.8599999999996815, -0.73162790083501 
5.869999999999658, -0.711019865016221 
5.879999999999635, -0.691985929686107 
5.8899999999996115, -0.6764505318491809 
5.899999999999588, -0.6649843238766183 
5.909999999999565, -0.6571773505479318 
5.919999999999542, -0.6522135258820881 
5.929999999999518, -0.6492566850346153 
5.939999999999495, -0.6476178337477487 
5.949999999999472, -0.6467907978073862 
5.959999999999448, -0.6464303800095133 
5.969999999999425, -0.6463134702406592 
5.979999999999402, -0.6463010848494664 
5.9899999999993785, -0.6463078201837715 
5.999999999999355, -0.6462800150621503 
6.009999999999332, -0.6461820024010195 
6.019999999999309, -0.6459894721185755 
6.029999999999285, -0.6456888491053452 
6.039999999999262, -0.6452805757781384 
6.049999999999239, -0.6447821657965995 
6.059999999999215, -0.6442259623952413 
6.069999999999192, -0.6436495675887303 
6.079999999999169, -0.6430828834991298 
6.089999999999145, -0.6425390295043795 
6.099999999999122, -0.642013805338834 
6.109999999999099, -0.6414927977137859 
6.1199999999990755, -0.6409613360582795 
6.129999999999052, -0.6404124301847289 
6.139999999999029, -0.6398507623172047 
6.149999999999006, -0.6392940319628213 
6.159999999998982, -0.6387741953509634 
6.169999999998959, -0.6383404093800336 
6.179999999998936, -0.6380641280193113 
6.189999999998912, -0.6380457487545795 
6.199999999998889, -0.638421634611378 
6.209999999998866, -0.6393700946175953 
6.2199999999988425, -0.641114710025119 
6.229999999998819, -0.6439225641218 
6.239999999998796, -0.6480921317616719 
6.2499999999987725, -0.6539193112133799 
6.259999999998749, -0.6616213621695294 
6.269999999998726, -0.6711982003210264 
6.279999999998703, -0.6822482439670637 
6.289999999998679, -0.6938584360581996 
6.299999999998656, -0.7047732402249024 
6.309999999998633, -0.7138823593010608 
6.319999999998609, -0.7206785304990825 
6.329999999998586, -0.725298500504402 
6.339999999998563, -0.7282201355388764 
6.3499999999985395, -0.7299540468716004 
6.359999999998516, -0.7308967733520207 
6.369999999998493, -0.7313089234185239 
6.37999999999847, -0.7313402598548828 
6.389999999998446, -0.7310573412994603 
6.399999999998423, -0.7304586088922274 
6.4099999999984, -0.7294731227831426 
6.419999999998376, -0.7279401481545029 
6.429999999998353, -0.7255643022316871 
6.43999999999833, -0.7218413053185022 
6.449999999998306, -0.7159673906721546 
6.459999999998283, -0.7068152241359879 
6.46999999999826, -0.693201076452205 
6.4799999999982365, -0.6746964131595726 
6.489999999998213, -0.6526434885572062 
6.49999999999819, -0.6301078558742461 
6.509999999998167, -0.610264532130786 
6.519999999998143, -0.5948225288092609 
6.52999999999812, -0.583865610902443 
6.539999999998097, -0.5765923454370416 
6.549999999998073, -0.5720032531764014 
6.55999999999805, -0.5692341722753709 
6.569999999998027, -0.5676411820380483 
6.5799999999980034, -0.5667797757230078 
6.58999999999798, -0.5663565564151684 
6.599999999997957, -0.5661833928829838 
6.6099999999979335, -0.5661418823723714 
6.61999999999791, -0.566158214654901 
6.629999999997887, -0.5661865972062556 
6.639999999997864, -0.5661994048722974 
6.64999999999784, -0.5661825602047968 
6.659999999997817, -0.5661345539399629 
6.669999999997794, -0.5660667044842878 
6.67999999999777, -0.5660013850430536 
6.689999999997747, -0.5659655984474984 
6.699999999997724, -0.5659802833612001 
6.7099999999977005, -0.5660494062493522 
6.719999999997677, -0.5661544288375976 
6.729999999997654, -0.5662579378722975 
6.7399999999976306, -0.5663155957943361 
6.749999999997607, -0.5662903538986613 
6.759999999997584, -0.5661614477072805 
6.769999999997561, -0.5659251381397418 
6.779999999997537, -0.5655901655668212 
6.789999999997514, -0.565173137278437 
6.799999999997491, -0.5646976344190764 
6.809999999997467, -0.5641990069187905 
6.819999999997444, -0.5637366138179495 
6.829999999997421, -0.5634166312401694 
6.8399999999973975, -0.5634306131557045 
6.849999999997374, -0.5641159593644518 
6.859999999997351, -0.5660391204418052 
6.869999999997328, -0.5700765209414468 
6.879999999997304, -0.5773944791294259 
6.889999999997281, -0.5891019100417286 
6.899999999997258, -0.6053517069570609 
6.909999999997234, -0.6243158590544793 
6.919999999997211, -0.6425381557012608 
6.929999999997188, -0.6571563307688648 
6.939999999997164, -0.667494629177875 
6.949999999997141, -0.6744017081947705 
6.959999999997118, -0.6789706031160826 
6.9699999999970945, -0.6820021735957045 
6.979999999997071, -0.684005325904901 
6.989999999997048, -0.68530247783844 
6.999999999997025, -0.686102033830143 
7.009999999997001, -0.686537134706102 
7.019999999996978, -0.6866864908383404 
7.029999999996955, -0.6865855182492425 
7.039999999996931, -0.6862309517662645 
7.049999999996908, -0.6855808126305004 
7.059999999996885, -0.6845529556225102 
7.0699999999968615, -0.6830294601162568 
7.079999999996838, -0.6808794995134385 
7.089999999996815, -0.6780119776168734 
7.0999999999967915, -0.6744471815516845 
7.109999999996768, -0.6703594259001858 
7.119999999996745, -0.6660405584148854 
7.129999999996722, -0.6617991934276872 
7.139999999996698, -0.6578697095438072 
7.149999999996675, -0.654381534666859 
7.159999999996652, -0.6513786991736699 
7.169999999996628, -0.6488551817514295 
7.179999999996605, -0.6467833557764793 
7.189999999996582, -0.645129814603249 
7.1999999999965585, -0.6438613654384182 
7.209999999996535, -0.6429457013525137 
7.219999999996512, -0.6423503010655682 
7.229999999996489, -0.6420416679205888 
7.239999999996465, -0.641985796000173 
7.249999999996442, -0.642149877685965 
7.259999999996419, -0.6425047678286029 
7.269999999996395, -0.6430275562825161 
7.279999999996372, -0.6437035987066356 
7.289999999996349, -0.6445272348526805 
7.299999999996325, -0.6455000186967446 
7.309999999996302, -0.646624885053881 
7.319999999996279, -0.6478951986412484 
7.3299999999962555, -0.6492802337763586 
7.339999999996232, -0.6507134927541426 
7.349999999996209, -0.6520943840079962 
7.359999999996186, -0.6533101194003658 
7.369999999996162, -0.6542698431732445 
7.379999999996139, -0.654929613417747 
7.389999999996116, -0.6552931703103253 
7.399999999996092, -0.6553936549990736 
7.409999999996069, -0.6552721456747077 
7.419999999996046, -0.6549637024978321 
7.4299999999960225, -0.6544927512586084 
7.439999999995999, -0.6538759497357667 
7.449999999995976, -0.6531319003141144 
7.4599999999959525, -0.6523004011094966 
7.469999999995929, -0.6514776236688627 
7.479999999995906, -0.6508755326764057 
7.489999999995883, -0.650907164927647 
7.499999999995859, -0.6522664762716333 
7.509999999995836, -0.6558880021997429 
7.519999999995813, -0.6625714358307693 
7.529999999995789, -0.6722014861604944 
7.539999999995766, -0.6832231476121703 
7.549999999995743, -0.6934508044818092 
7.5599999999957195, -0.7016236675067883 
7.569999999995696, -0.7077531590943509 
7.579999999995673, -0.7123182650171174 
7.58999999999565, -0.7157061948020438 
7.599999999995626, -0.7181674080730903 
7.609999999995603, -0.7198939700115072 
7.61999999999558, -0.7210501792071693 
7.629999999995556, -0.7217703252258478 
7.639999999995533, -0.722152951900154 
7.64999999999551, -0.7222593379256359 
7.659999999995486, -0.7221139000171605 
7.669999999995463, -0.7217032556379598 
7.67999999999544, -0.7209725902174252 
7.6899999999954165, -0.7198213014041943 
7.699999999995393, -0.7181056166768957 
7.70999999999537, -0.7156632182304903 
7.719999999995347, -0.7123745966030315 
7.729999999995323, -0.7082501623713188 
7.7399999999953, -0.70348579949058 
7.749999999995277, -0.6984240330805125 
7.759999999995253, -0.6934355676556934 
7.76999999999523, -0.6888092845699866 
7.779999999995207, -0.684712333667375 
7.789999999995183, -0.6812096840634685 
7.79999999999516, -0.6783029265257081 
7.809999999995137, -0.6759617989063852 
7.8199999999951135, -0.674141865304015 
7.82999999999509, -0.6727917826500444 
7.839999999995067, -0.6718555189254085 
7.849999999995044, -0.6712735143324462 
7.85999999999502, -0.6709847294786353 
7.869999999994997, -0.6709298193803787 
7.879999999994974, -0.6710547008148072 
7.88999999999495, -0.6713136192839018 
7.899999999994927, -0.6716712152312565 
7.909999999994904, -0.672103530279982 
7.9199999999948805, -0.6725978918423455 
7.929999999994857, -0.673151049578281 
7.939999999994834, -0.6737643637181646 
7.9499999999948106, -0.6744353674311104 
7.959999999994787, -0.6751473742111549 
7.969999999994764, -0.6758621010535697 
7.979999999994741, -0.676521655222693 
7.989999999994717, -0.6770623007618003 
7.999999999994694, -0.6774337652173539 
8.00999999999467, -0.6776123646574735 
8.019999999994647, -0.6776011917284821 
8.029999999994624, -0.6774210122294652 
8.0399999999946, -0.6771004741987888 
8.049999999994577, -0.6766718178397311 
8.059999999994554, -0.6761743746328953 
8.06999999999453, -0.675666814747567 
8.079999999994508, -0.6752501076659313 
8.089999999994484, -0.6751046206074525 
8.099999999994461, -0.6755445400443831 
8.109999999994438, -0.6770877276877347 
8.119999999994414, -0.6805235969734963 
8.129999999994391, -0.6869268093174825 
8.139999999994368, -0.6975057605593701 
8.149999999994344, -0.7131298362679641 
8.159999999994321, -0.7335106635166613 
8.169999999994298, -0.7565333502409292 
8.179999999994275, -0.7787305586683242 
8.189999999994251, -0.7970462444290772 
8.199999999994228, -0.8102855617061412 
8.209999999994205, -0.8189736428471643 
8.219999999994181, -0.824330722553371 
8.229999999994158, -0.8275037339344491 
8.239999999994135, -0.8293126455314515 
8.249999999994111, -0.8302723318822572 
8.259999999994088, -0.8306815026037919 
8.269999999994065, -0.8306972904741248 
8.279999999994041, -0.8303800571921423 
8.289999999994018, -0.8297114765700246 
8.299999999993995, -0.8285891963815135 
8.309999999993972, -0.8267970103645004 
8.319999999993948, -0.8239461891273967 
8.329999999993925, -0.8193893151082937 
8.339999999993902, -0.8121431145174061 
8.349999999993878, -0.8009540293541724 
8.359999999993855, -0.7847679406051885 
8.369999999993832, -0.7637217867566743 
8.379999999993808, -0.7399705770622015 
8.389999999993785, -0.7170800366661096 
8.399999999993762, -0.6981216830775783 
8.409999999993738, -0.6843456660718878 
8.419999999993715, -0.675361541433501 
8.429999999993692, -0.6700225974171515 
8.439999999993669, -0.667124867975634 
8.449999999993645, -0.6657130057281316 
8.459999999993622, -0.665130525715126 
8.469999999993599, -0.664965825685081 
8.479999999993575, -0.6649770074808249 
8.489999999993552, -0.6650276847638583 
8.499999999993529, -0.6650410943300513 
8.509999999993505, -0.6649705154825947 
8.519999999993482, -0.6647820694205231 
8.529999999993459, -0.6644469801129614 
8.539999999993436, -0.6639418612503036 
8.549999999993412, -0.6632556463248381 
8.559999999993389, -0.6623991691995423 
8.569999999993366, -0.6614098080792485 
8.579999999993342, -0.6603445111140279 
8.589999999993319, -0.6592627606510272 
8.599999999993296, -0.6582095208281447 
8.609999999993272, -0.6572076773552591 
8.619999999993249, -0.6562615867917999 
8.629999999993226, -0.6553667983485146 
8.639999999993202, -0.6545199484984996 
8.64999999999318, -0.6537254841979733 
8.659999999993156, -0.6529990014052437 
8.669999999993133, -0.6523685599178446 
8.67999999999311, -0.6518751884807119 
8.689999999993086, -0.651572937132223 
8.699999999993063, -0.6515282380894873 
8.70999999999304, -0.6518183438159153 
8.719999999993016, -0.6525290304838626 
8.729999999992993, -0.65375211297344 
8.73999999999297, -0.6555830626008075 
8.749999999992946, -0.6581177139261793 
8.759999999992923, -0.6614445472930297 
8.7699999999929, -0.6656258412433675 
8.779999999992876, -0.6706594267828606 
8.789999999992853, -0.6764192188964866 
8.79999999999283, -0.682596613129107 
8.809999999992806, -0.6887014823705766 
8.819999999992783, -0.6941812348943487 
8.82999999999276, -0.6986215848175236 
8.839999999992736, -0.7018825237579809 
8.849999999992713, -0.7040714049795231 
8.85999999999269, -0.7054139166911787 
8.869999999992666, -0.7061379679104778 
8.879999999992643, -0.706417830613748 
8.88999999999262, -0.706363095267128 
8.899999999992596, -0.7060247617938936 
8.909999999992573, -0.7054012923120713 
8.91999999999255, -0.7044369739770071 
8.929999999992527, -0.7030084294041508 
8.939999999992503, -0.7008943082336644 
8.94999999999248, -0.6977203934025602 
8.959999999992457, -0.6928726252219849 
8.969999999992433, -0.6853943335882055 
8.97999999999241, -0.6739881638175705 
8.989999999992387, -0.657460156287105 
8.999999999992363, -0.6359021272668437 
9.00999999999234, -0.6117876591637013 
9.019999999992317, -0.5891180986367291 
9.029999999992294, -0.5709555927457712 
9.03999999999227, -0.5581214715957032 
9.049999999992247, -0.5498333401819123 
9.059999999992224, -0.5448154247448995 
9.0699999999922, -0.5419312039895913 
9.079999999992177, -0.5403574463962576 
9.089999999992154, -0.5395539036073124 
9.09999999999213, -0.5391843240806278 
9.109999999992107, -0.5390456438653514 
9.119999999992084, -0.5390171504022157 
9.12999999999206, -0.5390272585948426 
9.139999999992037, -0.5390331111530465 
9.149999999992014, -0.5390091278431076 
9.15999999999199, -0.538941923594013 
9.169999999991967, -0.53882962806278 
9.179999999991944, -0.5386831920078776 
9.18999999999192, -0.5385262685580637 
9.199999999991897, -0.5383903873647338 
9.209999999991874, -0.5383048188963705 
9.21999999999185, -0.5382845402940719 
9.229999999991827, -0.5383219452181227 
9.239999999991804, -0.5383868816594221 
9.24999999999178, -0.5384358843281227 
9.259999999991757, -0.5384264319142892 
9.269999999991734, -0.5383288378756665 
9.27999999999171, -0.5381304994520925 
9.289999999991688, -0.5378331145863218 
9.299999999991664, -0.5374474935729453 
9.309999999991641, -0.5369903946030904 
9.319999999991618, -0.5364858382980943 
9.329999999991594, -0.5359723563593234 
9.339999999991571, -0.5355182940741339 
9.349999999991548, -0.5352490002740559 
9.359999999991524, -0.5353910740017076 
9.369999999991501, -0.5363357593376856 
9.379999999991478, -0.5387042872003669 
9.389999999991455, -0.5433369861774611 
9.399999999991431, -0.5510101664584665 
9.409999999991408, -0.5616600034276957 
9.419999999991385, -0.5734859486521896 
9.429999999991361, -0.5834501558867637 
9.439999999991338, -0.5896628810186475 
9.449999999991315, -0.5926968608297577 
9.459999999991291, -0.5941804330408865 
9.469999999991268, -0.5952148693502309 
9.479999999991245, -0.5961639400571518 
9.489999999991221, -0.5970413214568435 
9.499999999991198, -0.5977893127527947 
9.509999999991175, -0.5983714734457937 
9.519999999991152, -0.5987793942270306 
9.529999999991128, -0.5990186396777704 
9.539999999991105, -0.5990958146014409 
9.549999999991082, -0.5990104251275705 
9.559999999991058, -0.5987507378753888 
9.569999999991035, -0.5982932953170917 
9.579999999991012, -0.5976074218846703 
9.589999999990988, -0.5966668609745367 
9.599999999990965, -0.5954680492665286 
9.609999999990942, -0.5940473036461277 
9.619999999990918, -0.5924832263217017 
9.629999999990895, -0.5908770688041242 
9.639999999990872, -0.5893214501633989 
9.649999999990849, -0.5878771952707766 
9.659999999990825, -0.5865687527207287 
9.669999999990802, -0.5853941199414785 
9.679999999990779, -0.5843395373864865 
9.689999999990755, -0.5833918380780557 
9.699999999990732, -0.5825460071445081 
9.709999999990709, -0.5818087291497431 
9.719999999990685, -0.5811998357161309 
9.729999999990662, -0.5807532443424376 
9.739999999990639, -0.5805181849850874 
9.749999999990616, -0.5805609286200086 
9.759999999990592, -0.5809670385661692 
9.769999999990569, -0.5818441920572394 
9.779999999990546, -0.5833255169557987 
9.789999999990522, -0.5855726369298334 
9.799999999990499, -0.5887754439717361 
9.809999999990476, -0.5931410298450198 
9.819999999990452, -0.5988569285460756 
9.829999999990429, -0.6060081489568293 
9.839999999990406, -0.6144406170312093 
9.849999999990382, -0.6236251737014087 
9.85999999999036, -0.6326715721031083 
9.869999999990336, -0.64061722120705 
9.879999999990313, -0.6468418753148686 
9.88999999999029, -0.6512543351672127 
9.899999999990266, -0.6541418208945177 
9.909999999990243, -0.6559072978055853 
9.91999999999022, -0.656900674376901 
9.929999999990196, -0.6573670502039654 
9.939999999990173, -0.6574540335006669 
9.94999999999015, -0.657231868558284 
9.959999999990126, -0.6567064776076672 
9.969999999990103, -0.6558190914088968 
9.97999999999008, -0.6544294964816509 
9.989999999990056, -0.6522801759414004 
9.999999999990033, -0.6489440810460041 
10.00999999999001, -0.6437847267875323 
10.019999999989986, -0.6360218122074425 
10.029999999989963, -0.6250577916398046 
10.03999999998994, -0.6110704862796323 
10.049999999989916, -0.595382526375795 
10.059999999989893, -0.5799869821675296 
10.06999999998987, -0.5665407811145673 
10.079999999989846, -0.5557918375091883 
10.089999999989823, -0.5477094462278054 
10.0999999999898, -0.5418778333737215 
10.109999999989776, -0.5377942616601271 
10.119999999989753, -0.535008613978704 
10.12999999998973, -0.5331630117579464 
10.139999999989707, -0.5319883826961866 
10.149999999989683, -0.5312882700345185 
10.15999999998966, -0.5309219540455488 
10.169999999989637, -0.5307904800694961 
10.179999999989613, -0.5308260774224263 
10.18999999998959, -0.5309846145717995 
10.199999999989567, -0.5312406363271601 
10.209999999989543, -0.5315844697648767 
10.21999999998952, -0.5320205338781794 
10.229999999989497, -0.5325652883774297 
10.239999999989474, -0.5332425799460958 
10.24999999998945, -0.5340742799877555 
10.259999999989427, -0.5350658532174337 
10.269999999989404, -0.5361902266608201 
10.27999999998938, -0.5373783405841533 
10.289999999989357, -0.5385270014945045 
10.299999999989334, -0.5395268759316906 
10.30999999998931, -0.5402966528478552 
10.319999999989287, -0.5408014781266158 
10.329999999989264, -0.5410471139999211 
10.33999999998924, -0.5410600434029861 
10.349999999989217, -0.5408678829757416 
10.359999999989194, -0.5404865344254748 
10.36999999998917, -0.5399128350491779 
10.379999999989147, -0.5391185340968428 
10.389999999989124, -0.5380407765287539 
10.3999999999891, -0.5365625197674865 
10.409999999989077, -0.5344706710932667 
10.419999999989054, -0.531368680942948 
10.42999999998903, -0.5265139858019179 
10.439999999989007, -0.5186123302356532 
10.449999999988984, -0.5058865356613284 
10.45999999998896, -0.4871398105375859 
10.469999999988937, -0.46371511443242336 
10.479999999988914, -0.4397628054804027 
10.48999999998889, -0.4193975426546035 
10.499999999988868, -0.404273897381764 
10.509999999988844, -0.3939275159859255 
10.519999999988821, -0.38714141969838434 
10.529999999988798, -0.382772952021921 
10.539999999988774, -0.3799847624581502 
10.549999999988751, -0.37822058509694745 
10.559999999988728, -0.3771257455616316 
10.569999999988704, -0.3764781688780031 
10.579999999988681, -0.37614082249135194 
10.589999999988658, -0.376031746446914 
10.599999999988635, -0.37610619318973143 
10.609999999988611, -0.37634677235791403 
10.619999999988588, -0.3767589324770621 
10.629999999988565, -0.3773699386269688 
10.639999999988541, -0.3782296008515005 
10.649999999988518, -0.37941032413632525 
10.659999999988495, -0.3810024830042106 
10.669999999988471, -0.3830986696713213 
10.679999999988448, -0.3857585818012475 
10.689999999988425, -0.3889519198744171 
10.699999999988401, -0.3925008539456652 
10.709999999988378, -0.3960788204297136 
10.719999999988355, -0.39931127878062744 
10.729999999988332, -0.4019274001151663 
10.739999999988308, -0.40384103945382577 
10.749999999988285, -0.40511515848093627 
10.759999999988262, -0.4058749318617906 
10.769999999988238, -0.4062406939889242 
10.779999999988215, -0.4062980067512532 
10.789999999988192, -0.4060906513019562 
10.799999999988168, -0.4056208779240289 
10.809999999988145, -0.40484898990471213 
10.819999999988122, -0.4036915275256517 
10.829999999988098, -0.40202453733401533 
10.839999999988075, -0.39970728660275856 
10.849999999988052, -0.39664502498721327 
10.859999999988029, -0.39288445466109295 
10.869999999988005, -0.3886754276961575 
10.879999999987982, -0.3844121451820509 
10.889999999987959, -0.38047175008976053 
10.899999999987935, -0.3770820578086634 
10.909999999987912, -0.37430206150653134 
10.919999999987889, -0.37207937552070397 
10.929999999987865, -0.37031628477739165 
10.939999999987842, -0.3689126578718357 
10.949999999987819, -0.3677858681428644 
10.959999999987796, -0.3668769771157543 
10.969999999987772, -0.3661508836186059 
10.979999999987749, -0.3655951461254671 
10.989999999987726, -0.36522021759089873 
10.999999999987702, -0.3650629285158532 
11.009999999987679, -0.36519501569494295 
11.019999999987656, -0.36573924235154404 
11.029999999987632, -0.3668971214028314 
11.039999999987609, -0.36899398825645646 
11.049999999987586, -0.3725469036568256 
11.059999999987562, -0.37835002260688494 
11.06999999998754, -0.38752558518481484 
11.079999999987516, -0.4013605846721222 
11.089999999987493, -0.42056723351923386 
11.09999999998747, -0.44385198289649574 
11.109999999987446, -0.4671874624497129 
11.119999999987423, -0.4860151358971507 
11.1299999999874, -0.49857418411095844 
11.139999999987376, -0.5060329212632728 
11.149999999987353, -0.5103318187635059 
11.15999999998733, -0.5128818534264297 
11.169999999987306, -0.5144628762452792 
11.179999999987283, -0.5154701893629594 
11.18999999998726, -0.5161065597203287 
11.199999999987236, -0.516480754729295 
11.209999999987213, -0.5166518923086902 
11.21999999998719, -0.5166489621830382 
11.229999999987166, -0.5164799419229352 
11.239999999987143, -0.5161373961200004 
11.24999999998712, -0.5156047709921905 
11.259999999987096, -0.5148665272264924 
11.269999999987073, -0.5139228735540954 
11.27999999998705, -0.5128043899179999 
11.289999999987026, -0.511576282963112 
11.299999999987003, -0.5103247280493888 
11.30999999998698, -0.5091308528465099 
11.319999999986956, -0.5080481934669026 
11.329999999986933, -0.5070950313546849 
11.33999999998691, -0.506261007870149 
11.349999999986887, -0.5055205914382837 
11.359999999986863, -0.5048463180459641 
11.36999999998684, -0.5042179332476798 
11.379999999986817, -0.5036268860654258 
11.389999999986793, -0.5030779759806877 
11.39999999998677, -0.5025907800662636 
11.409999999986747, -0.5022031415292039 
11.419999999986723, -0.5019784454986339 
11.4299999999867, -0.502018321397052 
11.439999999986677, -0.5024828884211319 
11.449999999986654, -0.5036213409831881 
11.45999999998663, -0.505815485450815 
11.469999999986607, -0.5096346658598133 
11.479999999986584, -0.5158840906246479 
11.48999999998656, -0.5255833599100261 
11.499999999986537, -0.5397267652403555 
11.509999999986514, -0.5586308964097072 
11.51999999998649, -0.5809886608505925 
11.529999999986467, -0.6036174719902208 
11.539999999986444, -0.6229646398645831 
11.54999999998642, -0.6372065998548933 
11.559999999986397, -0.6466364303583013 
11.569999999986374, -0.652524946481772 
11.57999999998635, -0.6561101803918632 
11.589999999986327, -0.6582651456699545 
11.599999999986304, -0.6595307607890654 
11.60999999998628, -0.6602241142346422 
11.619999999986257, -0.6605234223780482 
11.629999999986234, -0.6605190640979208 
11.63999999998621, -0.6602397632970624 
11.649999999986187, -0.659662524531054 
11.659999999986164, -0.6587124772077756 
11.66999999998614, -0.6572595296327831 
11.679999999986117, -0.6551246542334579 
11.689999999986094, -0.6521174358498326 
11.69999999998607, -0.6481227865778612 
11.709999999986048, -0.6432127251150144 
11.719999999986024, -0.6376954366826102 
11.729999999986001, -0.6320277524531633 
11.739999999985978, -0.6266437961534959 
11.749999999985954, -0.6218310032797926 
11.759999999985931, -0.6177122023539644 
11.769999999985908, -0.6142940140224866 
11.779999999985884, -0.6115241665978978 
11.789999999985861, -0.6093307527577658 
11.799999999985838, -0.6076417793699841 
11.809999999985815, -0.6063919817123595 
11.819999999985791, -0.6055235962959721 
11.829999999985768, -0.6049853059164058 
11.839999999985745, -0.604731411494951 
11.849999999985721, -0.6047218999969923 
11.859999999985698, -0.6049233414439075 
11.869999999985675, -0.6053102603793215 
11.879999999985651, -0.6058665695910318 
11.889999999985628, -0.6065865660358594 
11.899999999985605, -0.6074746300539487 
11.909999999985581, -0.6085421201220748 
11.919999999985558, -0.609799489480202 
11.929999999985535, -0.6112424366568969 
11.939999999985512, -0.6128342570222723 
11.949999999985488, -0.614492710286301 
11.959999999985465, -0.6160946322921722 
11.969999999985442, -0.6175056768057667 
11.979999999985418, -0.6186226408114988 
11.989999999985395, -0.6194007765833536 
11.999999999985372, -0.6198503093106071 
12.009999999985348, -0.62001206443929 
12.019999999985325, -0.6199318720402819 
12.029999999985302, -0.6196444728049186 
12.039999999985278, -0.6191668473960544 
12.049999999985255, -0.6184969613579778 
12.059999999985232, -0.6176147927320288 
12.069999999985209, -0.6164843733209355 
12.079999999985185, -0.6150561604050411 
12.089999999985162, -0.6132657249778153 
12.099999999985139, -0.6110115241723559 
12.109999999985115, -0.6080650026075346 
12.119999999985092, -0.6038495718889247 
12.129999999985069, -0.5971845003270292 
12.139999999985045, -0.5866096719055431 
12.149999999985022, -0.5719298672346974 
12.159999999984999, -0.5555059531949154 
12.169999999984976, -0.5408218786142608 
12.179999999984952, -0.5299266892848437 
12.189999999984929, -0.522875456933866 
12.199999999984906, -0.5187357147378172 
12.209999999984882, -0.516486025151098 
12.219999999984859, -0.5153559023748201 
12.229999999984836, -0.5148469206075772 
12.239999999984812, -0.5146605012834691 
12.249999999984789, -0.5146249339819706 
12.259999999984766, -0.5146432346226331 
12.269999999984742, -0.5146603399585448 
12.27999999998472, -0.5146439779599701 
12.289999999984696, -0.5145746702004557 
12.299999999984673, -0.5144420603826181 
12.30999999998465, -0.5142456606886633 
12.319999999984626, -0.5139976867490648 
12.329999999984603, -0.5137244042976676 
12.33999999998458, -0.5134622360735949 
12.349999999984556, -0.5132476299258171 
12.359999999984533, -0.5131041744284389 
12.36999999998451, -0.5130329283405203 
12.379999999984486, -0.5130107129012985 
12.389999999984463, -0.5129975695602736 
12.39999999998444, -0.5129501631185243 
12.409999999984416, -0.5128345279569699 
12.419999999984393, -0.5126323584119431 
12.42999999998437, -0.5123400197721502 
12.439999999984346, -0.5119639589004052 
12.449999999984323, -0.5115169278129204 
12.4599999999843, -0.5110177717655342 
12.469999999984276, -0.5104962259145938 
12.479999999984253, -0.5100043142237584 
12.48999999998423, -0.5096371348741046 
12.499999999984206, -0.509566667733512 
12.509999999984183, -0.5100889323098773 
12.51999999998416, -0.5116663078309737 
12.529999999984136, -0.5148892552119415 
12.539999999984113, -0.5201729455574384 
12.54999999998409, -0.527004122627574 
12.559999999984067, -0.5332107889352254 
12.569999999984043, -0.5358876309582583 
12.57999999998402, -0.5341472083618419 
12.589999999983997, -0.5299750578081962 
12.599999999983973, -0.5258786769439862 
12.60999999998395, -0.5230384495761047 
12.619999999983927, -0.5214731840442417 
12.629999999983903, -0.5207886397547165 
12.63999999998388, -0.5206009342811803 
12.649999999983857, -0.520647922385624 
12.659999999983834, -0.5207757221594735 
12.66999999998381, -0.5209008676461214 
12.679999999983787, -0.5209792549554331 
12.689999999983764, -0.5209861863771179 
12.69999999998374, -0.5209052064687446 
12.709999999983717, -0.5207233142731157 
12.719999999983694, -0.5204312536848208 
12.72999999998367, -0.5200279594138874 
12.739999999983647, -0.5195269669616216 
12.749999999983624, -0.5189602348421992 
12.7599999999836, -0.5183743066645983 
12.769999999983577, -0.517817916182933 
12.779999999983554, -0.5173266145647902 
12.78999999998353, -0.5169124114931974 
12.799999999983507, -0.5165629165952002 
12.809999999983484, -0.5162491834296484 
12.81999999998346, -0.5159378252192581 
12.829999999983437, -0.5156018285123608 
12.839999999983414, -0.5152262872302547 
12.84999999998339, -0.5148090636872587 
12.859999999983367, -0.5143593213019167 
12.869999999983344, -0.5138973624551886 
12.87999999998332, -0.5134583159692668 
12.889999999983297, -0.5131016983008656 
12.899999999983274, -0.5129294646160905 
12.90999999998325, -0.5131166801446698 
12.919999999983228, -0.5139604597955982 
12.929999999983204, -0.5159514190037787 
12.939999999983181, -0.5198584169533788 
12.949999999983158, -0.5267691616944512 
12.959999999983134, -0.5379155768928521 
12.969999999983111, -0.553992433042883 
12.979999999983088, -0.5739654685503577 
12.989999999983064, -0.5945463960658449 
12.999999999983041, -0.6119310889603534 
13.009999999983018, -0.6243866104732975 
13.019999999982995, -0.6325165133377533 
13.029999999982971, -0.6377066689845561 
13.039999999982948, -0.6410674225241639 
13.049999999982925, -0.6432769392688686 
13.059999999982901, -0.6447280671784765 
13.069999999982878, -0.6456563878754273 
13.079999999982855, -0.646208012594653 
13.089999999982831, -0.6464718988949831 
13.099999999982808, -0.6464954900666817 
13.109999999982785, -0.6462920464629454 
13.119999999982761, -0.6458433703582864 
13.129999999982738, -0.6451010066328223 
13.139999999982715, -0.6439909516012271 
13.149999999982692, -0.642429829549688 
13.159999999982668, -0.6403594464824125 
13.169999999982645, -0.6377934820031231 
13.179999999982622, -0.6348472964194141 
13.189999999982598, -0.6317179894164041 
13.199999999982575, -0.6286194939181688 
13.209999999982552, -0.6257184405885597 
13.219999999982528, -0.6231083328060911 
13.229999999982505, -0.6208206401443636 
13.239999999982482, -0.6188504795514884 
13.249999999982458, -0.6171793316705676 
13.259999999982435, -0.6157888017262488 
13.269999999982412, -0.6146664020787689 
13.279999999982389, -0.6138063329922934 
13.289999999982365, -0.6132078985624891 
13.299999999982342, -0.6128733320878559 
13.309999999982319, -0.6128061021519444 
13.319999999982295, -0.6130102875128822 
13.329999999982272, -0.6134912235171428 
13.339999999982249, -0.6142572374631293 
13.349999999982225, -0.6153218410614125 
13.359999999982202, -0.6167051403411995 
13.369999999982179, -0.6184323492318378 
13.379999999982156, -0.6205262704756145 
13.389999999982132, -0.622990318826709 
13.399999999982109, -0.6257814255755849 
13.409999999982086, -0.6287812076593853 
13.419999999982062, -0.6317877662354363 
13.429999999982039, -0.6345534508217594 
13.439999999982016, -0.6368638848487845 
13.449999999981992, -0.6386081195131711 
13.459999999981969, -0.6397904049012376 
13.469999999981946, -0.640488294783728 
13.479999999981922, -0.6407991096597963 
13.4899999999819, -0.6408043582217603 
13.499999999981876, -0.6405547934122539 
13.509999999981853, -0.640066511893506 
13.51999999998183, -0.6393189444179582 
13.529999999981806, -0.6382488063406958 
13.539999999981783, -0.6367352329728833 
13.54999999998176, -0.6345691724825043 
13.559999999981736, -0.6313942790613982 
13.569999999981713, -0.6266010515155902 
13.57999999998169, -0.6191802689535584 
13.589999999981666, -0.6076903115159386 
13.599999999981643, -0.5908158150224266 
13.60999999998162, -0.5688614664812917 
13.619999999981596, -0.5448458317223689 
13.629999999981573, -0.523007864504976 
13.63999999998155, -0.506040952843854 
13.649999999981526, -0.4942679851893138 
13.659999999981503, -0.4866743771478551 
13.66999999998148, -0.48199798151417134 
13.679999999981456, -0.47921148417932596 
13.689999999981433, -0.47760163797758504 
13.69999999998141, -0.4767079140783431 
13.709999999981386, -0.4762431561116287 
13.719999999981363, -0.47603140329958615 
13.72999999998134, -0.4759659337644858 
13.739999999981316, -0.47598280700960427 
13.749999999981293, -0.4760450347989402 
13.75999999998127, -0.4761339027693473 
13.769999999981247, -0.47624507434391417 
13.779999999981223, -0.4763874457854055 
13.7899999999812, -0.47658235803312454 
13.799999999981177, -0.4768603823611146 
13.809999999981153, -0.4772535246527119 
13.81999999998113, -0.4777827780531917 
13.829999999981107, -0.47844390602868786 
13.839999999981083, -0.47919741687703105 
13.84999999998106, -0.47997044811150485 
13.859999999981037, -0.48067460868768375 
13.869999999981014, -0.4812328138245352 
13.87999999998099, -0.4815991957847772 
13.889999999980967, -0.4817613766506679 
13.899999999980944, -0.48172845757124466 
13.90999999998092, -0.4815151912579593 
13.919999999980897, -0.4811292815154438 
13.929999999980874, -0.4805623991498963 
13.93999999998085, -0.4797816579968952 
13.949999999980827, -0.4787163092393135 
13.959999999980804, -0.4772314325770344 
13.96999999998078, -0.47507393869847714 
13.979999999980757, -0.47176745260278724 
13.989999999980734, -0.4664429094715786 
13.99999999998071, -0.4577052544920794 
14.009999999980687, -0.44396739663307494 
14.019999999980664, -0.42481739693615256 
14.02999999998064, -0.40254366268841635 
14.039999999980617, -0.38124518768850146 
14.049999999980594, -0.36395250865215206 
14.05999999998057, -0.3513627071908369 
14.069999999980547, -0.3427202607681926 
14.079999999980524, -0.33693164279139654 
14.0899999999805, -0.33307824424485666 
14.099999999980477, -0.33051237923057314 
14.109999999980454, -0.32880905598719795 
14.11999999998043, -0.3276982785366124 
14.129999999980408, -0.32701237844631853 
14.139999999980384, -0.326651325150236 
14.149999999980361, -0.32656182351405894 
14.159999999980338, -0.32672604838773 
14.169999999980314, -0.3271572814522737 
14.179999999980291, -0.32790096037715927 
14.189999999980268, -0.3290403495274001 
14.199999999980244, -0.3307058618107526 
14.209999999980221, -0.3330850754337273 
14.219999999980198, -0.33642449840042554 
14.229999999980175, -0.3410009649925634 
14.239999999980151, -0.3470228892814722 
14.249999999980128, -0.35443099544448586 
14.259999999980105, -0.3626778132273841 
14.269999999980081, -0.37075247934784406 
14.279999999980058, -0.37762932937931737 
14.289999999980035, -0.38278874424801285 
14.299999999980011, -0.38630152714159094 
14.309999999979988, -0.3885398533964718 
14.319999999979965, -0.3898960940539912 
14.329999999979941, -0.3906654338675993 
14.339999999979918, -0.39103713739768486 
14.349999999979895, -0.39111963856027776 
14.359999999979872, -0.3909653283001898 
14.369999999979848, -0.39058765371205867 
14.379999999979825, -0.3899730515393481 
14.389999999979802, -0.38909321321184714 
14.399999999979778, -0.3879234042182224 
14.409999999979755, -0.3864683983880319 
14.419999999979732, -0.3847866990667382 
14.429999999979708, -0.3829934157495359 
14.439999999979685, -0.38123041759865156 
14.449999999979662, -0.3796198890481067 
14.459999999979638, -0.37823205930096593 
14.469999999979615, -0.37708128362579896 
14.479999999979592, -0.3761416072636353 
14.489999999979569, -0.37536716468439474 
14.499999999979545, -0.3747089855183957 
14.509999999979522, -0.37412573786861075 
14.519999999979499, -0.3735887235087573 
14.529999999979475, -0.37308284250575935 
14.539999999979452, -0.372605995081301 
14.549999999979429, -0.37216935495780323 
14.559999999979405, -0.3718005200973357 
14.569999999979382, -0.3715514117017075 
14.579999999979359, -0.3715132280035012 
14.589999999979335, -0.37184116509183385 
14.599999999979312, -0.37278921992303965 
14.609999999979289, -0.3747407662503651 
14.619999999979266, -0.3781681242220033 
14.629999999979242, -0.38332642928251587 
14.639999999979219, -0.3893791492174345 
14.649999999979196, -0.3932659165771679 
14.659999999979172, -0.3906261496900222 
14.669999999979149, -0.38027045555162886 
14.679999999979126, -0.3662642625203635 
14.689999999979102, -0.35355440357723955 
14.69999999997908, -0.3442519109130845 
14.709999999979056, -0.3381640990642323 
14.719999999979033, -0.3343877285313404 
14.72999999997901, -0.3321019300697239 
14.739999999978986, -0.3307385452907228 
14.749999999978963, -0.3299415800712965 
14.75999999997894, -0.3294969903884611 
14.769999999978916, -0.3292790366460375 
14.779999999978893, -0.3292163374196747 
14.78999999997887, -0.32927220625405185 
14.799999999978846, -0.3294342691620894 
14.809999999978823, -0.32971001118959264 
14.8199999999788, -0.3301259878038551 
14.829999999978776, -0.3307287265994601 
14.839999999978753, -0.33158496083621525 
14.84999999997873, -0.3327778678518771 
14.859999999978706, -0.33439433751139624 
14.869999999978683, -0.3364967411870583 
14.87999999997866, -0.33907612498909656 
14.889999999978636, -0.342001793037919 
14.899999999978613, -0.34501181986652396 
14.90999999997859, -0.3477868407530232 
14.919999999978566, -0.35007621914628617 
14.929999999978543, -0.3517783110159932 
14.93999999997852, -0.35292415904040186 
14.949999999978496, -0.3536085716047871 
14.959999999978473, -0.35393016613273137 
14.96999999997845, -0.35396117209490446 
14.979999999978427, -0.3537382029924729 
14.989999999978403, -0.35326112964075823 
14.99999999997838, -0.35249326784580365 
15.009999999978357, -0.35136302372168404 
15.019999999978333, -0.3497739998778012 
15.02999999997831, -0.3476362372138089 
15.039999999978287, -0.34492616414563226 
15.049999999978263, -0.34175256006416954 
15.05999999997824, -0.33836748407365286 
15.069999999978217, -0.33508331501737154 
15.079999999978194, -0.3321502715459369 
15.08999999997817, -0.32968886090327726 
15.099999999978147, -0.32770250262115314 
15.109999999978124, -0.3261273567337309 
15.1199999999781, -0.3248772599433107 
15.129999999978077, -0.3238704887934741 
15.139999999978054, -0.3230417266670301 
15.14999999997803, -0.3223455100313727 
15.159999999978007, -0.32175587096805536 
15.169999999977984, -0.3212653621890109 
15.17999999997796, -0.3208857585325355 
15.189999999977937, -0.3206523689608751 
15.199999999977914, -0.32063416472109013 
15.20999999997789, -0.3209529187273442 
15.219999999977867, -0.3218158381512581 
15.229999999977844, -0.3235653008815439 
15.23999999997782, -0.32673650905587376 
15.249999999977797, -0.33205871892386324 
15.259999999977774, -0.3401790515435707 
15.26999999997775, -0.35068167370758024 
15.279999999977727, -0.36050597083136243 
15.289999999977704, -0.3643448482621164 
15.29999999997768, -0.35958083560326537 
15.309999999977657, -0.3495583579116514 
15.319999999977634, -0.33939261027628526 
15.32999999997761, -0.3316471244175204 
15.339999999977588, -0.32650451284977133 
15.349999999977564, -0.3233051657462819 
15.359999999977541, -0.32137490007198727 
15.369999999977518, -0.3202321684811533 
15.379999999977494, -0.31957222676156477 
15.389999999977471, -0.3192117081275531 
15.399999999977448, -0.3190435365282154 
15.409999999977424, -0.3190079363895203 
15.419999999977401, -0.3190757046470174 
15.429999999977378, -0.31923963539367606 
15.439999999977355, -0.319511213630726 
15.449999999977331, -0.3199205122224069 
15.459999999977308, -0.32051734905261237 
15.469999999977285, -0.32137130304644324 
15.479999999977261, -0.3225671985159204 
15.489999999977238, -0.3241909954084996 
15.499999999977215, -0.32629965395545824 
15.509999999977191, -0.32887309916709684 
15.519999999977168, -0.3317664082410617 
15.529999999977145, -0.3347089690154727 
15.539999999977121, -0.33738723980002805 
15.549999999977098, -0.3395691592835243 
15.559999999977075, -0.34117224583150896 
15.569999999977052, -0.34223769140335447 
15.579999999977028, -0.34286105138190903 
15.589999999977005, -0.34313661633550385 
15.599999999976982, -0.34313091618308966 
15.609999999976958, -0.34287520243586916 
15.619999999976935, -0.34236487553811673 
15.629999999976912, -0.34156024250454087 
15.639999999976888, -0.34038984089130475 
15.649999999976865, -0.3387641231269553 
15.659999999976842, -0.33661118229803977 
15.669999999976818, -0.33393669797274306 
15.679999999976795, -0.3308776852900741 
15.689999999976772, -0.32769224090205396 
15.699999999976749, -0.32466721669488113 
15.709999999976725, -0.32201068939673555 
15.719999999976702, -0.31980731854212185 
15.729999999976679, -0.3180415597136359 
15.739999999976655, -0.3166449217944425 
15.749999999976632, -0.3155342853670511 
15.759999999976609, -0.31463366584680474 
15.769999999976585, -0.313883602918246 
15.779999999976562, -0.3132435398740577 
15.789999999976539, -0.31269110434393654 
15.799999999976515, -0.3122210712216285 
15.809999999976492, -0.3118461159656596 
15.819999999976469, -0.3116011717541591 
15.829999999976446, -0.3115534258835256 
15.839999999976422, -0.3118206607255186 
15.849999999976399, -0.3126007074014279 
15.859999999976376, -0.31420974754416786 
15.869999999976352, -0.3171017454172344 
15.879999999976329, -0.3217559084661388 
15.889999999976306, -0.32813642198143633 
15.899999999976282, -0.33442215569737005 
15.90999999997626, -0.3360867756650624 
15.919999999976236, -0.32881420373524906 
15.929999999976213, -0.3140840050004382 
15.93999999997619, -0.2980527516462274 
15.949999999976166, -0.28518386927913353 
15.959999999976143, -0.2763516081044185 
15.96999999997612, -0.2707050829656817 
15.979999999976096, -0.2671865126095524 
15.989999999976073, -0.26500708415691016 
15.99999999997605, -0.2636619272578335 
16.009999999976028, -0.2628460785032748 
16.019999999976005, -0.26238047384517454 
16.02999999997598, -0.26216374127710157 
16.039999999975958, -0.26214418651446664 
16.049999999975935, -0.26230506214236293 
16.05999999997591, -0.26265849849747513 
16.069999999975888, -0.2632454748587179 
16.079999999975865, -0.2641403121709165 
16.08999999997584, -0.2654582312643848 
16.099999999975818, -0.2673628788997617 
16.109999999975795, -0.27006547262452446 
16.11999999997577, -0.27379576905249364 
16.129999999975748, -0.2787114567641256 
16.139999999975725, -0.2847279775328634 
16.1499999999757, -0.29135368912817267 
16.15999999997568, -0.2977541093440729 
16.169999999975655, -0.3031397634130049 
16.17999999997563, -0.3071488289824821 
16.18999999997561, -0.3098670954858852 
16.199999999975585, -0.3115914269891079 
16.20999999997556, -0.3126230203259014 
16.21999999997554, -0.3131858009068692 
16.229999999975515, -0.3134223242221697 
16.239999999975492, -0.31341317554022263 
16.24999999997547, -0.3131963117624809 
16.259999999975445, -0.3127818754308962 
16.269999999975422, -0.3121650494550882 
16.2799999999754, -0.3113408079344619 
16.289999999975375, -0.31032190331249676 
16.299999999975352, -0.3091550191574438 
16.30999999997533, -0.3079238254785761 
16.319999999975305, -0.30673141770201673 
16.329999999975282, -0.30567005859397084 
16.33999999997526, -0.304796716537091 
16.349999999975235, -0.3041255467728914 
16.359999999975212, -0.3036344804713516 
16.36999999997519, -0.30327805538192976 
16.379999999975166, -0.3030013800512944 
16.389999999975142, -0.3027524534888819 
16.39999999997512, -0.30249022211257265 
16.409999999975096, -0.30218673502644294 
16.419999999975072, -0.301824181022788 
16.42999999997505, -0.3013891349986094 
16.439999999975026, -0.30086568697115 
16.449999999975002, -0.3002269804878927 
16.45999999997498, -0.2994216648192428 
16.469999999974956, -0.29834687098961615 
16.479999999974932, -0.2967902894068635 
16.48999999997491, -0.29431190913362615 
16.499999999974886, -0.29004857148946306 
16.509999999974863, -0.28257436180109413 
16.51999999997484, -0.2703656366742015 
16.529999999974816, -0.2534211281022337 
16.539999999974793, -0.23453261547077814 
16.54999999997477, -0.21754262198802685 
16.559999999974746, -0.2045229906754266 
16.569999999974723, -0.19542459714902488 
16.5799999999747, -0.18930396934558577 
16.589999999974676, -0.18520695104534096 
16.599999999974653, -0.18243383859917942 
16.60999999997463, -0.18052815882453868 
16.619999999974606, -0.17920691237995673 
16.629999999974583, -0.17830129856586344 
16.63999999997456, -0.17771832783929037 
16.649999999974536, -0.17741969475606173 
16.659999999974513, -0.17741382179949336 
16.66999999997449, -0.17775956002462984 
16.679999999974466, -0.1785833278434957 
16.689999999974443, -0.18011552046181295 
16.69999999997442, -0.1827566505730259 
16.709999999974396, -0.18718417518145852 
16.719999999974373, -0.19448296490823166 
16.72999999997435, -0.20614170724087813 
16.739999999974327, -0.22335863389544852 
16.749999999974303, -0.2448345421504789 
16.75999999997428, -0.26458824338515763 
16.769999999974257, -0.2756404297278363 
16.779999999974233, -0.2773791440546737 
16.78999999997421, -0.27447116444846786 
16.799999999974187, -0.2708599922178178 
16.809999999974163, -0.2680349067618952 
16.81999999997414, -0.2661455005133093 
16.829999999974117, -0.26496457058808126 
16.839999999974093, -0.26425351661543994 
16.84999999997407, -0.2638418300116653 
16.859999999974047, -0.26362240377485896 
16.869999999974024, -0.2635331392746808 
16.879999999974, -0.26354239160720966 
16.889999999973977, -0.26364045959451776 
16.899999999973954, -0.26383604763188023 
16.90999999997393, -0.26415631869586537 
16.919999999973907, -0.26464918248770425 
16.929999999973884, -0.2653861808326195 
16.93999999997386, -0.2664635108607729 
16.949999999973837, -0.26799676412691104 
16.959999999973814, -0.2701011292731321 
16.96999999997379, -0.2728455794903716 
16.979999999973767, -0.2761790179572782 
16.989999999973744, -0.27986509697371076 
16.99999999997372, -0.2835067972242939 
17.009999999973697, -0.286697768605891 
17.019999999973674, -0.2891945855620557 
17.02999999997365, -0.2909656501873544 
17.039999999973627, -0.29211547488739564 
17.049999999973604, -0.2927857909711877 
17.05999999997358, -0.29309699886086915 
17.069999999973557, -0.2931295460870016 
17.079999999973534, -0.2929247603181346 
17.08999999997351, -0.2924912971965671 
17.099999999973488, -0.2918130731350147 
17.109999999973464, -0.29086076062809746 
17.11999999997344, -0.2896112585140995 
17.129999999973418, -0.2880757902396581 
17.139999999973394, -0.28632530547926216 
17.14999999997337, -0.28449085486107306 
17.159999999973348, -0.28272760691463483 
17.169999999973324, -0.2811632045496791 
17.1799999999733, -0.27986527991030313 
17.189999999973278, -0.2788408523780359 
17.199999999973254, -0.27805468002725375 
17.20999999997323, -0.277450313592734 
17.219999999973208, -0.2769666845859974 
17.229999999973185, -0.2765491990365714 
17.23999999997316, -0.276155482184141 
17.249999999973138, -0.27575618454917783 
17.259999999973115, -0.27533219259495517 
17.26999999997309, -0.2748700647037719 
17.279999999973068, -0.2743567357274393 
17.289999999973045, -0.2737727301792489 
17.29999999997302, -0.27308016498930116 
17.309999999972998, -0.27219592816527766 
17.319999999972975, -0.2709277550569857 
17.32999999997295, -0.2688299012622269 
17.339999999972928, -0.2649368958977349 
17.349999999972905, -0.2575185852772443 
17.35999999997288, -0.2446054752884348 
17.36999999997286, -0.22612813092159012 
17.379999999972835, -0.20556483160048553 
17.38999999997281, -0.18747804657345957 
17.39999999997279, -0.17401818401979915 
17.409999999972765, -0.164864070990164 
17.41999999997274, -0.15883883682670707 
17.42999999997272, -0.15487221585021388 
17.439999999972695, -0.15222152514457551 
17.449999999972672, -0.15041944086576717 
17.45999999997265, -0.14918388253183135 
17.469999999972625, -0.14835071172773578 
17.479999999972602, -0.14783284759150703 
17.48999999997258, -0.14759903694552357 
17.499999999972555, -0.14766714596117692 
17.509999999972532, -0.14811051350539517 
17.51999999997251, -0.14907998836567576 
17.529999999972485, -0.15084904058638932 
17.539999999972462, -0.1538937342765467 
17.54999999997244, -0.15901320902868687 
17.559999999972415, -0.16743342380375908 
17.569999999972392, -0.18057960160129127 
17.57999999997237, -0.19865916731960326 
17.589999999972346, -0.21769766740688098 
17.599999999972322, -0.22954418115247321 
17.6099999999723, -0.2300185748829128 
17.619999999972276, -0.22348021538408075 
17.629999999972252, -0.21594468788994253 
17.63999999997223, -0.21008757539043316 
17.649999999972206, -0.2061476782990428 
17.659999999972182, -0.20363738051210056 
17.66999999997216, -0.2020673929700388 
17.679999999972136, -0.20109673961434188 
17.689999999972112, -0.20051416976997327 
17.69999999997209, -0.20019677660478416 
17.709999999972066, -0.20007905292201703 
17.719999999972043, -0.20013473962929348 
17.72999999997202, -0.20036842049845963 
17.739999999971996, -0.2008143156069086 
17.749999999971973, -0.20154095760467589 
17.75999999997195, -0.20266122213018417 
17.769999999971926, -0.2043468428446346 
17.779999999971903, -0.20684312365118074 
17.78999999997188, -0.21046824589947874 
17.799999999971856, -0.21555655988335465 
17.809999999971833, -0.22228015452565814 
17.81999999997181, -0.23034192905287493 
17.829999999971786, -0.23878593060915315 
17.839999999971763, -0.24633937204611894 
17.84999999997174, -0.2521464693002663 
17.859999999971716, -0.2561109901554338 
17.869999999971693, -0.25861668125427223 
17.87999999997167, -0.2601291864184033 
17.889999999971646, -0.26100694190501866 
17.899999999971623, -0.2614794863200011 
17.9099999999716, -0.26168112408582617 
17.919999999971576, -0.26168595101967285 
17.929999999971553, -0.2615325027485 
17.93999999997153, -0.2612404165413448 
17.949999999971507, -0.2608234502241772 
17.959999999971483, -0.2603013405980792 
17.96999999997146, -0.2597095981353407 
17.979999999971437, -0.259103157524217 
17.989999999971413, -0.25855017269517033 
17.99999999997139, -0.2581175594480684 
18.009999999971367, -0.25785516774017825 
18.019999999971343, -0.25778463074325336 
18.02999999997132, -0.257894260897662 
18.039999999971297, -0.25813980201903547 
18.049999999971273, -0.2584527254968066 
18.05999999997125, -0.25875659750548025 
18.069999999971227, -0.2589857241655208 
18.079999999971204, -0.25909643796745757 
18.08999999997118, -0.259066238312032 
18.099999999971157, -0.25888398605773666 
18.109999999971134, -0.25853701055413664 
18.11999999997111, -0.25799802466436905 
18.129999999971087, -0.25721076263862236 
18.139999999971064, -0.25607121397194965 
18.14999999997104, -0.25440291979161656 
18.159999999971017, -0.251934889699676 
18.169999999970994, -0.2483183968814026 
18.17999999997097, -0.243256127253423 
18.189999999970947, -0.23677803643528278 
18.199999999970924, -0.22946875552227813 
18.2099999999709, -0.2222902873642542 
18.219999999970877, -0.21606115627264097 
18.229999999970854, -0.21112390108343787 
18.23999999997083, -0.20741608851258841 
18.249999999970807, -0.20469648390640155 
18.259999999970784, -0.20270563252253387 
18.26999999997076, -0.20123036798831392 
18.279999999970737, -0.2001148717273323 
18.289999999970714, -0.19925299242429503 
18.29999999997069, -0.19857750294518223 
18.309999999970668, -0.19805153120748992 
18.319999999970644, -0.19766366805770724 
18.32999999997062, -0.19742741627756194 
18.339999999970598, -0.1973858033110681 
18.349999999970574, -0.19762227580902328 
18.35999999997055, -0.19827794648966918 
18.369999999970528, -0.1995675351901609 
18.379999999970504, -0.2017541564040369 
18.38999999997048, -0.20494203424613394 
18.399999999970458, -0.20835192208030998 
18.409999999970434, -0.20890830929171225 
18.41999999997041, -0.2011461170374162 
18.429999999970388, -0.18262246789136655 
18.439999999970365, -0.15922709701864304 
18.44999999997034, -0.13898859565752847 
18.459999999970318, -0.12483054247872309 
18.469999999970295, -0.11580347848906716 
18.47999999997027, -0.11018035476332064 
18.489999999970248, -0.10664608665554902 
18.499999999970225, -0.10438355292433918 
18.5099999999702, -0.10291775709355229 
18.519999999970178, -0.10198047465957845 
18.529999999970155, -0.10142743869066631 
18.53999999997013, -0.1011941387528319 
18.549999999970108, -0.10127653540273562 
18.559999999970085, -0.10172981290152978 
18.56999999997006, -0.10268470637985865 
18.57999999997004, -0.1043872785293068 
18.589999999970015, -0.1072749747685604 
18.59999999996999, -0.11210449790135654 
18.60999999996997, -0.12011444746416418 
18.619999999969945, -0.1330207388979973 
18.62999999996992, -0.15209827023749484 
18.6399999999699, -0.1753508984845124 
18.649999999969875, -0.19542425834461838 
18.659999999969852, -0.2054189979840763 
18.66999999996983, -0.20634644033325947 
18.679999999969805, -0.20345875883471165 
18.689999999969782, -0.20023897699258836 
18.69999999996976, -0.19778299635962568 
18.709999999969735, -0.19613080324709525 
18.719999999969712, -0.1950742976882685 
18.72999999996969, -0.19441895794011138 
18.739999999969665, -0.19403127158825154 
18.749999999969642, -0.19383070320675674 
18.75999999996962, -0.19377515539681942 
18.769999999969595, -0.19385097526106865 
18.779999999969572, -0.19406858945162683 
18.78999999996955, -0.19446303376325552 
18.799999999969526, -0.19509869330071655 
18.809999999969502, -0.1960776934806921 
18.81999999996948, -0.1975506859296391 
18.829999999969456, -0.19972547117914316 
18.839999999969432, -0.20285923850385573 
18.84999999996941, -0.2072014711935372 
18.859999999969386, -0.21284297979579078 
18.869999999969362, -0.21948829700072991 
18.87999999996934, -0.22635525085227565 
18.889999999969316, -0.2324708610881349 
18.899999999969292, -0.2372013348932029 
18.90999999996927, -0.24047406717815073 
18.919999999969246, -0.2425714979136852 
18.929999999969223, -0.24384579394644082 
18.9399999999692, -0.24457630327624752 
18.949999999969176, -0.24494675925438214 
18.959999999969153, -0.24506642283793245 
18.96999999996913, -0.24499544963035724 
18.979999999969106, -0.24476439880480672 
18.989999999969083, -0.24438897214037655 
18.99999999996906, -0.2438829795207944 
19.009999999969036, -0.24327064024356151 
19.019999999969013, -0.2425956771391394 
19.02999999996899, -0.2419220550745253 
19.039999999968966, -0.2413236621584051 
19.049999999968943, -0.24086726222335897 
19.05999999996892, -0.240597151993058 
19.069999999968896, -0.24052644599768674 
19.079999999968873, -0.24063456308069492 
19.08999999996885, -0.2408702133202635 
19.099999999968826, -0.24116158185747588 
19.109999999968803, -0.24143338438400894 
19.11999999996878, -0.241624078936218 
19.129999999968756, -0.2416943376793252 
19.139999999968733, -0.24162386468183517 
19.14999999996871, -0.2414006908135958 
19.159999999968687, -0.24100825791217115 
19.169999999968663, -0.2404122271511401 
19.17999999996864, -0.23954547942684226 
19.189999999968617, -0.23828878712722296 
19.199999999968593, -0.2364484787933395 
19.20999999996857, -0.23374699558630532 
19.219999999968547, -0.22987267298686298 
19.229999999968523, -0.22465228007114918 
19.2399999999685, -0.21831054784765072 
19.249999999968477, -0.2115531515388227 
19.259999999968453, -0.20524897279200988 
19.26999999996843, -0.1999814870081155 
19.279999999968407, -0.1958998500585813 
19.289999999968384, -0.19286535790816534 
19.29999999996836, -0.19064223941901132 
19.309999999968337, -0.18900640345999747 
19.319999999968314, -0.1877815280725938 
19.32999999996829, -0.18684097376089098 
19.339999999968267, -0.1860993713339932 
19.349999999968244, -0.1855034376460217 
19.35999999996822, -0.18502499364019553 
19.369999999968197, -0.18465705046611589 
19.379999999968174, -0.18441332060670132 
19.38999999996815, -0.1843312434884405 
19.399999999968127, -0.18447738982390105 
19.409999999968104, -0.18494864176799047 
19.41999999996808, -0.18584265707443 
19.429999999968057, -0.18711150866590617 
19.439999999968034, -0.1880904922120168 
19.44999999996801, -0.18651811616710978 
19.459999999967987, -0.1780774064177561 
19.469999999967964, -0.15981660666695707 
19.47999999996794, -0.1357771392491308 
19.489999999967917, -0.1138907085906979 
19.499999999967894, -0.09810674571400019 
19.50999999996787, -0.08792787265034538 
19.519999999967848, -0.08157667805633123 
19.529999999967824, -0.07758664357964656 
19.5399999999678, -0.07502530289677324 
19.549999999967778, -0.07334693721837457 
19.559999999967754, -0.07224155226376372 
19.56999999996773, -0.0715390141986246 
19.579999999967708, -0.07115671731104392 
19.589999999967684, -0.0710752246069395 
19.59999999996766, -0.07133328272290701 
19.609999999967638, -0.07204046089966204 
19.619999999967614, -0.0734119581752292 
19.62999999996759, -0.07583596924431056 
19.639999999967568, -0.0799821514384391 
19.649999999967545, -0.08690933556893557 
19.65999999996752, -0.09788453921410825 
19.669999999967498, -0.11297306148174832 
19.679999999967475, -0.1276199632010923 
19.68999999996745, -0.13234238053785835 
19.699999999967428, -0.12342797111534598 
19.709999999967405, -0.10849370681272112 
19.71999999996738, -0.0954278825964771 
19.729999999967358, -0.086416088492215 
19.739999999967335, -0.08070335928506248 
19.74999999996731, -0.07714263947741236 
19.759999999967288, -0.07490569767229746 
19.769999999967265, -0.07348937995421348 
19.77999999996724, -0.07260664978447476 
19.78999999996722, -0.07210253855994612 
19.799999999967195, -0.07190577533746569 
19.80999999996717, -0.07200621934726925 
19.81999999996715, -0.07245088981521566 
19.829999999967125, -0.07335714321947305 
19.8399999999671, -0.07494770862904783 
19.84999999996708, -0.07761926805570381 
19.859999999967055, -0.0820608552234138 
19.869999999967032, -0.089416722814847 
19.87999999996701, -0.10134438052949646 
19.889999999966985, -0.1193514704533342 
19.899999999966962, -0.14239088417207876 
19.90999999996694, -0.16439207894599853 
19.919999999966915, -0.17828309698937692 
19.929999999966892, -0.18333182804039597 
19.93999999996687, -0.18355446435545097 
19.949999999966845, -0.18231915346259936 
19.959999999966822, -0.18104846177780232 
19.9699999999668, -0.18009472951198735 
19.979999999966775, -0.17945304363417963 
19.989999999966752, -0.17904679267229381 
19.99999999996673, -0.1788089880335329 
20.009999999966706, -0.1786968922469813 
20.019999999966682, -0.17869045551204282 
20.02999999996666, -0.17878951649675717 
20.039999999966636, -0.17901347999803802 
20.049999999966612, -0.17940414179907033 
20.05999999996659, -0.18003160901411366 
20.069999999966566, -0.18100292293856726 
20.079999999966542, -0.18247188726544736 
20.08999999996652, -0.18464458044000526 
20.099999999966496, -0.18776428019999597 
20.109999999966472, -0.19204164251038833 
20.11999999996645, -0.19749467620127664 
20.129999999966426, -0.20374668907203194 
20.139999999966403, -0.21000508177032967 
20.14999999996638, -0.21541076211519905 
20.159999999966356, -0.21949306862284407 
20.169999999966333, -0.22227331192940963 
20.17999999996631, -0.2240364825687386 
20.189999999966286, -0.2250945658236118 
20.199999999966263, -0.22568464018011308 
20.20999999996624, -0.22595975769480564 
20.219999999966216, -0.2260099171290359 
20.229999999966193, -0.2258842643437653 
20.23999999996617, -0.22560831066169623 
20.249999999966146, -0.22519774546800658 
20.259999999966123, -0.22467106479155738 
20.2699999999661, -0.22406075170448353 
20.279999999966076, -0.22341934328766944 
20.289999999966053, -0.22281590254284533 
20.29999999996603, -0.22232292444052154 
20.309999999966006, -0.2219999992007647 
20.319999999965983, -0.22188126335045721 
20.32999999996596, -0.2219686031034319 
20.339999999965936, -0.22222947042022204 
20.349999999965913, -0.2226005782475478 
20.35999999996589, -0.2230006877918272 
20.369999999965867, -0.22335064912851915 
20.379999999965843, -0.22359103177313377 
20.38999999996582, -0.22368789142898793 
20.399999999965797, -0.22362602473275187 
20.409999999965773, -0.2233959305940682 
20.41999999996575, -0.22298006117581454 
20.429999999965727, -0.22233971650235795 
20.439999999965703, -0.22140116350647396 
20.44999999996568, -0.2200405819620884 
20.459999999965657, -0.2180746356692048 
20.469999999965633, -0.21527998481915303 
20.47999999996561, -0.21148203790616438 
20.489999999965587, -0.20672264036895763 
20.499999999965564, -0.20138988391835735 
20.50999999996554, -0.19611461520789078 
20.519999999965517, -0.1914600383002655 
20.529999999965494, -0.18769761275621735 
20.53999999996547, -0.1848218459655793 
20.549999999965447, -0.18268403758687746 
20.559999999965424, -0.18110353017699138 
20.5699999999654, -0.17992071867984274 
20.579999999965377, -0.1790118366349584 
20.589999999965354, -0.17828770793970966 
20.59999999996533, -0.17768783702233742 
20.609999999965307, -0.17717407804800908 
20.619999999965284, -0.17672529693732172 
20.62999999996526, -0.1763334096549226 
20.639999999965237, -0.17600031300307828 
20.649999999965214, -0.17573339523427453 
20.65999999996519, -0.1755322463783609 
20.669999999965167, -0.1753448994086783 
20.679999999965144, -0.1749366433172774 
20.68999999996512, -0.17355921555661952 
20.699999999965097, -0.1693803620217268 
20.709999999965074, -0.15939973440603566 
20.71999999996505, -0.14183967314434115 
20.729999999965028, -0.11990348494593502 
20.739999999965004, -0.0998197066137145 
20.74999999996498, -0.08501560919889302 
20.759999999964958, -0.0752647536687743 
20.769999999964934, -0.06907766467707281 
20.77999999996491, -0.06513636099397704 
20.789999999964888, -0.0625706556296866 
20.799999999964864, -0.06085825275457972 
20.80999999996484, -0.05969587629269417 
20.819999999964818, -0.058912072726582575 
20.829999999964794, -0.0584175052133878 
20.83999999996477, -0.05818007111199094 
20.849999999964748, -0.058216747156633185 
20.859999999964725, -0.058599186976627235 
20.8699999999647, -0.05947388663332195 
20.879999999964678, -0.06109829011640738 
20.889999999964655, -0.06388055624440728 
20.89999999996463, -0.06833878214863424 
20.909999999964608, -0.07464813658337452 
20.919999999964585, -0.0810391707468376 
20.92999999996456, -0.08149393477524874 
20.939999999964538, -0.06903655702383579 
20.949999999964515, -0.04660519618605688 
20.95999999996449, -0.024894656836016504 
20.969999999964468, -0.00949642897896985 
20.979999999964445, 0.00008660979262989195 
20.98999999996442, 0.0054413948151237086 
20.9999999999644, 0.008551678183831912 
21.009999999964375, 0.010347488672231816 
21.01999999996435, 0.011347536297230818 
21.02999999996433, 0.011834171208878103 
21.039999999964305, 0.011954133235021123 
21.04999999996428, 0.01176936642167674 
21.05999999996426, 0.011277596566438184 
21.069999999964235, 0.010411797938707952 
21.079999999964212, 0.009019735248835982 
21.08999999996419, 0.006820503150550739 
21.099999999964165, 0.003343713369238403 
21.109999999964142, -0.0019296348372114449 
21.11999999996412, -0.009299753653057564 
21.129999999964095, -0.017507876688555166 
21.139999999964072, -0.019952236647038147 
21.14999999996405, -0.008328509809824147 
21.159999999964025, 0.013848025917002163 
21.169999999964002, 0.03473320556797723 
21.17999999996398, 0.048940499737984366 
21.189999999963955, 0.05738586960935643 
21.199999999963932, 0.06222207555172665 
21.20999999996391, 0.0649823390628817 
21.219999999963886, 0.06654714328044582 
21.229999999963862, 0.06739500257746754 
21.23999999996384, 0.06778154445515767 
21.249999999963816, 0.06783691576623505 
21.259999999963792, 0.06761334723984114 
21.26999999996377, 0.06710423233507726 
21.279999999963746, 0.06624520103695156 
21.289999999963722, 0.06490331290068568 
21.2999999999637, 0.06286924083423906 
21.309999999963676, 0.059918228593186774 
21.319999999963652, 0.05618041722813259 
21.32999999996363, 0.05336484064519945 
21.339999999963606, 0.05653169110514152 
21.349999999963583, 0.07119313681407745 
21.35999999996356, 0.09362240388741316 
21.369999999963536, 0.11361711169187075 
21.379999999963513, 0.1268250996624414 
21.38999999996349, 0.13451039674901116 
21.399999999963466, 0.13883195623588002 
21.409999999963443, 0.14125964555707202 
21.41999999996342, 0.14262069739399397 
21.429999999963396, 0.1433629628656365 
21.439999999963373, 0.14373147105218617 
21.44999999996335, 0.1438636907761664 
21.459999999963326, 0.14383969286636045 
21.469999999963303, 0.14371159685896445 
21.47999999996328, 0.14352837038171395 
21.489999999963256, 0.14337262223263952 
21.499999999963233, 0.1434361795078106 
21.50999999996321, 0.14417177103108955 
21.519999999963186, 0.14649890390031378 
21.529999999963163, 0.15171906702066504 
21.53999999996314, 0.1604117932396532 
21.549999999963116, 0.17095332675072408 
21.559999999963093, 0.18047172473049128 
21.56999999996307, 0.18737576041933007 
21.579999999963047, 0.1917665334774135 
21.589999999963023, 0.1943654826374934 
21.599999999963, 0.1958259003097038 
21.609999999962977, 0.19658864193055187 
21.619999999962953, 0.19692887017989394 
21.62999999996293, 0.19702030105248847 
21.639999999962907, 0.19697865833554276 
21.649999999962883, 0.1968867545986634 
21.65999999996286, 0.19680961980592676 
21.669999999962837, 0.19680586400667527 
21.679999999962813, 0.19693809203926171 
21.68999999996279, 0.19728177429904345 
21.699999999962767, 0.1979274481888567 
21.709999999962744, 0.19896504978830779 
21.71999999996272, 0.20043821199990206 
21.729999999962697, 0.2022783701304925 
21.739999999962674, 0.20427472707373476 
21.74999999996265, 0.20613979467455015 
21.759999999962627, 0.2076347684261382 
21.769999999962604, 0.20864457161671113 
21.77999999996258, 0.20916069229329953 
21.789999999962557, 0.2092244295632181 
21.799999999962534, 0.20888657367786564 
21.80999999996251, 0.20819897622241404 
21.819999999962487, 0.2072278259306648 
21.829999999962464, 0.2060690313416346 
21.83999999996244, 0.20484559967727162 
21.849999999962417, 0.20368118101887633 
21.859999999962394, 0.20266736337090013 
21.86999999996237, 0.20184846535453907 
21.879999999962347, 0.20122892224983935 
21.889999999962324, 0.2007903855284116 
21.8999999999623, 0.2005052068616854 
21.909999999962277, 0.20034153815131023 
21.919999999962254, 0.20026166288233177 
21.92999999996223, 0.20021743027049635 
21.939999999962208, 0.20014649341914592 
21.949999999962184, 0.1999709139599242 
21.95999999996216, 0.19959584392492496 
21.969999999962138, 0.1989028764085879 
21.979999999962114, 0.19773393373278375 
21.98999999996209, 0.1958701898342726 
21.999999999962068, 0.1930317445096515 
22.009999999962044, 0.18896243933679013 
22.01999999996202, 0.18367559253103427 
22.029999999961998, 0.1777547802893123 
22.039999999961974, 0.17225335360531147 
22.04999999996195, 0.1680187236384101 
22.059999999961928, 0.1652043827073077 
22.069999999961905, 0.16347405801735074 
22.07999999996188, 0.16241111091083132 
22.089999999961858, 0.161709770383256 
22.099999999961835, 0.16118387010715254 
22.10999999996181, 0.16072295983851748 
22.119999999961788, 0.16025230922050182 
22.129999999961765, 0.15970476739856088 
22.13999999996174, 0.15899858287297494 
22.149999999961718, 0.15801295203786772 
22.159999999961695, 0.15655089905727987 
22.16999999996167, 0.15427387391456096 
22.179999999961648, 0.15058759407327277 
22.189999999961625, 0.14448273986988114 
22.1999999999616, 0.13450852867050808 
22.20999999996158, 0.11960622838851873 
22.219999999961555, 0.10163726834161627 
22.22999999996153, 0.08646112972632333 
22.23999999996151, 0.07831216423879447 
22.249999999961485, 0.07579018692977806 
22.25999999996146, 0.07572419619302358 
22.26999999996144, 0.07625289635307245 
22.279999999961415, 0.07671594093314152 
22.289999999961392, 0.07696281036617204 
22.29999999996137, 0.0769920017053275 
22.309999999961345, 0.07682401699904308 
22.319999999961322, 0.07646305844766275 
22.3299999999613, 0.07588311285456385 
22.339999999961275, 0.07501472566357563 
22.349999999961252, 0.07372078295995754 
22.35999999996123, 0.0717486485698218 
22.369999999961205, 0.06863772197714724 
22.379999999961182, 0.06355298037891868 
22.38999999996116, 0.05505163244999128 
22.399999999961135, 0.04107666744937251 
22.409999999961112, 0.020406613702922703 
22.41999999996109, -0.0031069645256837203 
22.429999999961066, -0.019623297948180195 
22.439999999961042, -0.024815872319315778 
22.44999999996102, -0.02311363045339582 
22.459999999960996, -0.019737608673189865 
22.469999999960972, -0.016840117577210954 
22.47999999996095, -0.01477834463074948 
22.489999999960926, -0.01339860434526488 
22.499999999960902, -0.012502646069188762 
22.50999999996088, -0.011949755424362614 
22.519999999960856, -0.01166038391440442 
22.529999999960832, -0.011605075912499364 
22.53999999996081, -0.011798999674489125 
22.549999999960786, -0.012306871925734354 
22.559999999960763, -0.013262041299075367 
22.56999999996074, -0.014907416863289091 
22.579999999960716, -0.017672347809361433 
22.589999999960693, -0.02230218113110293 
22.59999999996067, -0.03002109931466524 
22.609999999960646, -0.042505226100534386 
22.619999999960623, -0.060882495037154594 
22.6299999999606, -0.08297518916879003 
22.639999999960576, -0.10206323578026189 
22.649999999960553, -0.1128047048727141 
22.65999999996053, -0.1163153739563807 
22.669999999960506, -0.11638649215135581 
22.679999999960483, -0.11549577784435243 
22.68999999996046, -0.11458851920100477 
22.699999999960436, -0.11389424567862816 
22.709999999960413, -0.11341622515375624 
22.71999999996039, -0.11311257312380255 
22.729999999960366, -0.11294823194513895 
22.739999999960343, -0.11290631979203192 
22.74999999996032, -0.11298998071945687 
22.759999999960296, -0.11322437243837975 
22.769999999960273, -0.11366186533743308 
22.77999999996025, -0.11439199816299242 
22.789999999960227, -0.1155576768431208 
22.799999999960203, -0.11737853780718228 
22.80999999996018, -0.12017746902047362 
22.819999999960157, -0.12438747274128806 
22.829999999960133, -0.13047002990120138 
22.83999999996011, -0.13862679890106105 
22.849999999960087, -0.14830977814472263 
22.859999999960063, -0.15803103964660495 
22.86999999996004, -0.16612000627679477 
22.879999999960017, -0.1718089658152913 
22.889999999959993, -0.17536143314611205 
22.89999999995997, -0.17743904015582265 
22.909999999959947, -0.17861883239863033 
22.919999999959924, -0.1792744013014487 
22.9299999999599, -0.17961962541273507 
22.939999999959877, -0.17977181287326963 
22.949999999959854, -0.1797957025832309 
22.95999999995983, -0.17972963280061546 
22.969999999959807, -0.1796014236885776 
22.979999999959784, -0.17943921909588129 
22.98999999995976, -0.17927939411631028 
22.999999999959737, -0.1791712477682526 
23.009999999959714, -0.17917731282463267 
23.01999999995969, -0.17936894353258648 
23.029999999959667, -0.17981779822916616 
23.039999999959644, -0.18058266951892923 
23.04999999995962, -0.18168908778549817 
23.059999999959597, -0.1831026195965554 
23.069999999959574, -0.18471024961702032 
23.07999999995955, -0.18633547481962912 
23.089999999959527, -0.18779482139542583 
23.099999999959504, -0.1889612482942324 
23.10999999995948, -0.1897889808399053 
23.119999999959457, -0.19029367510062217 
23.129999999959434, -0.19051621042730102 
23.13999999995941, -0.19049452562936234 
23.149999999959388, -0.19024924293973305 
23.159999999959364, -0.18977914242771338 
23.16999999995934, -0.1890629454862022 
23.179999999959318, -0.1880679470537109 
23.189999999959294, -0.18676895863228354 
23.19999999995927, -0.18517792504428984 
23.209999999959248, -0.1833718416342494 
23.219999999959224, -0.18149364931199596 
23.2299999999592, -0.17971233730628383 
23.239999999959178, -0.1781655024405084 
23.249999999959154, -0.17692443741507552 
23.25999999995913, -0.1759953095236736 
23.269999999959108, -0.17533973439762826 
23.279999999959085, -0.174895799872758 
23.28999999995906, -0.1745933114868597 
23.299999999959038, -0.17436472380773008 
23.309999999959015, -0.17415281522022463 
23.31999999995899, -0.17391394986829656 
23.329999999958968, -0.17361605098775826 
23.339999999958945, -0.17323214565943149 
23.34999999995892, -0.1727307944704725 
23.359999999958898, -0.17206316567773972 
23.369999999958875, -0.17114394327711402 
23.37999999995885, -0.16982115643776102 
23.389999999958828, -0.1678323747457247 
23.399999999958805, -0.16476456752328314 
23.40999999995878, -0.16009481419526084 
23.41999999995876, -0.15345884796691303 
23.429999999958735, -0.1451433151297541 
23.43999999995871, -0.13628017983722687 
23.44999999995869, -0.12823748820234784 
23.459999999958665, -0.12181125510461746 
23.46999999995864, -0.11707430333502988 
23.47999999995862, -0.11371620977780181 
23.489999999958595, -0.11135755026550861 
23.499999999958572, -0.10968389879270501 
23.50999999995855, -0.10846862021403439 
23.519999999958525, -0.10755800115550365 
23.529999999958502, -0.10685139128903098 
23.53999999995848, -0.10628530914909129 
23.549999999958455, -0.10582227115188628 
23.559999999958432, -0.10544321613475531 
23.56999999995841, -0.10514185731185303 
23.579999999958385, -0.10491780318929902 
23.589999999958362, -0.10476030773020235 
23.59999999995834, -0.10460022757474388 
23.609999999958315, -0.10417359585791319 
23.619999999958292, -0.10269310008077226 
23.62999999995827, -0.09832940094890294 
23.639999999958246, -0.08831602756975958 
23.649999999958222, -0.07150546070604147 
23.6599999999582, -0.0515218076617323 
23.669999999958176, -0.034000501973291394 
23.679999999958152, -0.021470638730744 
23.68999999995813, -0.013358973901267382 
23.699999999958106, -0.00825117819274084 
23.709999999958082, -0.005000925198576398 
23.71999999995806, -0.002876005600710485 
23.729999999958036, -0.0014425458972771035 
23.739999999958012, -0.0004487975357957497 
23.74999999995799, 0.00007712845930483777 
23.759999999957966, 0.00012227528378764714 
23.769999999957943, -3.3325588346170353e-7 
23.77999999995792, -3.9679628978385265e-7 
23.789999999957896, -0.00008205769756965437 
23.799999999957873, -0.0004044246599866133 
23.80999999995785, -0.0009909301169769061 
23.819999999957826, -0.0017106572449177453 
23.829999999957803, -0.001879930469056277 
23.83999999995778, 0.0004881873430915302 
23.849999999957756, 0.0086976920830714 
23.859999999957733, 0.025045282872954606 
23.86999999995771, 0.045066126148109766 
23.879999999957686, 0.06197378185311205 
23.889999999957663, 0.07332819887994571 
23.89999999995764, 0.08018553402369631 
23.909999999957616, 0.08418720620250095 
23.919999999957593, 0.08650854077168771 
23.92999999995757, 0.08784860926141735 
23.939999999957546, 0.08860427866452454 
23.949999999957523, 0.08900128511083581 
23.9599999999575, 0.08917020060922146 
23.969999999957476, 0.0891883785859434 
23.979999999957453, 0.08910482103921157 
23.98999999995743, 0.0889596628964091 
23.999999999957407, 0.0888100853743648 
24.009999999957383, 0.08878227181833839 
24.01999999995736, 0.08918457959394685 
24.029999999957337, 0.09071280544830317 
24.039999999957313, 0.09461584010856251 
24.04999999995729, 0.1021922294905336 
24.059999999957267, 0.11310850863484596 
24.069999999957243, 0.1246373984526992 
24.07999999995722, 0.13399817789384671 
24.089999999957197, 0.1403761826112518 
24.099999999957173, 0.14432620191484877 
24.10999999995715, 0.1466551304589519 
24.119999999957127, 0.14797821284207785 
24.129999999957104, 0.14869031142750583 
24.13999999995708, 0.14903534419487602 
24.149999999957057, 0.14916722235194757 
24.159999999957034, 0.1491883020803922 
24.16999999995701, 0.1491726842649317 
24.179999999956987, 0.14918246966619764 
24.189999999956964, 0.14928243604587813 
24.19999999995694, 0.1495562413482356 
24.209999999956917, 0.15012411236818096 
24.219999999956894, 0.1511538234950512 
24.22999999995687, 0.1528391509617001 
24.239999999956847, 0.15530578579183635 
24.249999999956824, 0.15845214291872983 
24.2599999999568, 0.1618715466575706 
24.269999999956777, 0.16502142568688255 
24.279999999956754, 0.16751391927297837 
24.28999999995673, 0.16923626989726367 
24.299999999956707, 0.17026502972272223 
24.309999999956684, 0.1707395707554297 
24.31999999995666, 0.1707930975555309 
24.329999999956637, 0.17053754346323155 
24.339999999956614, 0.17007118624716658 
24.34999999995659, 0.16948655654948255 
24.359999999956568, 0.1688696649134592 
24.369999999956544, 0.1682928767269587 
24.37999999995652, 0.1678091866225746 
24.389999999956498, 0.16745289296748295 
24.399999999956474, 0.16724532633927064 
24.40999999995645, 0.16720071076493798 
24.419999999956428, 0.16732760396422114 
24.429999999956404, 0.1676235919452301 
24.43999999995638, 0.1680643757813844 
24.449999999956358, 0.16859348906472657 
24.459999999956334, 0.1691224328382988 
24.46999999995631, 0.16954592074525426 
24.479999999956288, 0.16976350899949097 
24.489999999956265, 0.169691794471897 
24.49999999995624, 0.16926079909677022 
24.509999999956218, 0.16840391198015484 
24.519999999956195, 0.16705932656430253 
24.52999999995617, 0.16519952817319958 
24.539999999956148, 0.1628885512446027 
24.549999999956125, 0.1603260808390439 
24.5599999999561, 0.15780946348600386 
24.569999999956078, 0.15560859444725866 
24.579999999956055, 0.15385795343597344 
24.58999999995603, 0.1525513912609714 
24.599999999956008, 0.15160672450828155 
24.609999999955985, 0.15092693649796857 
24.61999999995596, 0.15042877672780797 
24.62999999995594, 0.15004658033529933 
24.639999999955915, 0.14972520569488879 
24.64999999995589, 0.14941021022378526 
24.65999999995587, 0.14903824244425598 
24.669999999955845, 0.148527598933474 
24.67999999995582, 0.1477664510511249 
24.6899999999558, 0.1465941123413536 
24.699999999955775, 0.14477129785263637 
24.709999999955752, 0.14194584106711866 
24.71999999995573, 0.13765812484324297 
24.729999999955705, 0.13151121533602889 
24.739999999955682, 0.12364798475314884 
24.74999999995566, 0.11524317537663624 
24.759999999955635, 0.10805196188809019 
24.769999999955612, 0.10308142793854072 
24.77999999995559, 0.10013063154292216 
24.789999999955565, 0.09848544022398865 
24.799999999955542, 0.09753727665140584 
24.80999999995552, 0.09692118652616082 
24.819999999955495, 0.09644545950502238 
24.829999999955472, 0.09600881075065995 
24.83999999995545, 0.09554788039579785 
24.849999999955426, 0.09500708126879466 
24.859999999955402, 0.09431816961885237 
24.86999999995538, 0.0933800673742147 
24.879999999955356, 0.09203044777843328 
24.889999999955332, 0.08999837034606198 
24.89999999995531, 0.08682471952329139 
24.909999999955286, 0.0817502907688272 
24.919999999955262, 0.0736617901348776 
24.92999999995524, 0.061481870966475116 
24.939999999955216, 0.04565632497869044 
24.949999999955192, 0.02977870708037294 
24.95999999995517, 0.01840103779345619 
24.969999999955146, 0.012585727370191719 
24.979999999955123, 0.0103527861949172 
24.9899999999551, 0.009677498536850668 
24.999999999955076, 0.009495967803620716 
