t, s[1].omega / s[0].omega 
0, -1.219996811272235 
0.009999999999999995, -1.219547429422019 
0.019999999999999934, -1.2191874559681435 
0.029999999999999874, -1.2183028055521912 
0.04000000000000012, -1.2169366015918022 
0.050000000000000405, -1.2163699248898163 
0.06000000000000069, -1.2040360752565513 
0.07000000000000098, -1.204664479324411 
0.08000000000000126, -1.2052531650116391 
0.09000000000000155, -1.2107166880754807 
0.10000000000000184, -1.2105132500097648 
0.11000000000000212, -1.2107938876892737 
0.12000000000000241, -1.2107030368321072 
0.130000000000002, -1.2104005241094582 
0.1400000000000009, -1.2101148811497915 
0.1499999999999998, -1.209534037715233 
0.1599999999999987, -1.209156011886598 
0.1699999999999976, -1.207742799648029 
0.1799999999999965, -1.2058304638201045 
0.1899999999999954, -1.2051621169858537 
0.1999999999999943, -1.197149954510164 
0.2099999999999932, -1.1983708725977458 
0.2199999999999921, -1.1991254798375794 
0.229999999999991, -1.2023895415538288 
0.2399999999999899, -1.2021660490842359 
0.2499999999999888, -1.2023270399572046 
0.2599999999999877, -1.2021744655381583 
0.2699999999999866, -1.2018620291603996 
0.2799999999999855, -1.201555182176503 
0.2899999999999844, -1.2009317608492351 
0.2999999999999833, -1.2005525647305217 
0.3099999999999822, -1.199028479118568 
0.3199999999999811, -1.1969870199990538 
0.32999999999998, -1.1963388573303475 
0.3399999999999789, -1.1881015428673467 
0.3499999999999778, -1.1893869234116765 
0.35999999999997667, -1.1900740008977242 
0.36999999999997557, -1.193889167599352 
0.37999999999997447, -1.1936826649877188 
0.38999999999997337, -1.1939105404030108 
0.39999999999997227, -1.1938157330221393 
0.40999999999997117, -1.1935184125909806 
0.41999999999997006, -1.1932537921752768 
0.42999999999996896, -1.1927157199274638 
0.43999999999996786, -1.192346816330599 
0.44999999999996676, -1.1912855389016463 
0.45999999999996566, -1.1896611719660082 
0.46999999999996456, -1.1891388790395607 
0.47999999999996346, -1.1765097995596012 
0.48999999999996235, -1.1769858326297722 
0.49999999999996125, -1.1770034912244531 
0.5099999999999602, -1.185255296287433 
0.519999999999959, -1.1851365635979059 
0.529999999999958, -1.1856955607594886 
0.5399999999999568, -1.1858746582364903 
0.5499999999999557, -1.1856130421712077 
0.5599999999999546, -1.1854657239872448 
0.5699999999999535, -1.185077632748468 
0.5799999999999524, -1.1847436514413292 
0.5899999999999513, -1.1841646175686364 
0.5999999999999502, -1.1831734446936024 
0.6099999999999491, -1.182780458253292 
0.619999999999948, -1.177474947035161 
0.6299999999999469, -1.1759332498910688 
0.6399999999999458, -1.1743689673002882 
0.6499999999999447, -1.1828484942908961 
0.6599999999999436, -1.1830098623627503 
0.6699999999999425, -1.1843899567507714 
0.6799999999999414, -1.185632924418065 
0.6899999999999403, -1.1853954102947708 
0.6999999999999392, -1.185492287974899 
0.7099999999999381, -1.1852444553203347 
0.719999999999937, -1.184960420052853 
0.7299999999999359, -1.184605810975312 
0.7399999999999348, -1.1839838675650245 
0.7499999999999337, -1.1836343479938554 
0.7599999999999326, -1.1819219676553472 
0.7699999999999315, -1.1805756070877955 
0.7799999999999304, -1.1794834181127096 
0.7899999999999293, -1.1676248788664092 
0.7999999999999282, -1.1679811295632259 
0.8099999999999271, -1.1699805299121648 
0.819999999999926, -1.1763864604434715 
0.8299999999999249, -1.1761513639732843 
0.8399999999999238, -1.176938511634245 
0.8499999999999227, -1.1769844252026236 
0.8599999999999216, -1.176772091216888 
0.8699999999999205, -1.1766274699141008 
0.8799999999999194, -1.1762432323337035 
0.8899999999999183, -1.1759481731506254 
0.8999999999999172, -1.1753544407377425 
0.9099999999999161, -1.1745958230623639 
0.919999999999915, -1.1741199991614113 
0.9299999999999139, -1.1700882739467222 
0.9399999999999128, -1.1693606612908947 
0.9499999999999117, -1.1659582787333507 
0.9599999999999106, -1.1642450708618017 
0.9699999999999095, -1.1641197642267285 
0.9799999999999084, -1.167749405832053 
0.9899999999999073, -1.1697736679074893 
0.9999999999999062, -1.1696043442450774 
1.0099999999999052, -1.170118135385246 
1.019999999999904, -1.1699428709096065 
1.029999999999903, -1.1697599079995562 
1.039999999999902, -1.1695250479505288 
1.0499999999999008, -1.169103526348558 
1.0599999999998997, -1.1688031096725653 
1.0699999999998986, -1.1680195491014886 
1.0799999999998975, -1.1673597913186045 
1.0899999999998964, -1.166548972886556 
1.0999999999998953, -1.161904676086488 
1.1099999999998942, -1.1616349189159294 
1.119999999999893, -1.155087222045555 
1.129999999999892, -1.157168754586101 
1.1399999999998909, -1.1568181167267542 
1.1499999999998898, -1.1619467997508603 
1.1599999999998887, -1.1629467967823888 
1.1699999999998876, -1.1629431295886266 
1.1799999999998865, -1.1634744024634693 
1.1899999999998854, -1.163242929214803 
1.1999999999998843, -1.163118385736218 
1.2099999999998832, -1.1628733421815172 
1.219999999999882, -1.1624897541357457 
1.229999999999881, -1.1621854654427282 
1.2399999999998799, -1.161449299140234 
1.2499999999998788, -1.160962070094783 
1.2599999999998777, -1.159949122744136 
1.2699999999998766, -1.156927260297652 
1.2799999999998755, -1.1566322917294103 
1.2899999999998744, -1.145735576454384 
1.2999999999998733, -1.1444054519189721 
1.3099999999998722, -1.1438356758539847 
1.319999999999871, -1.1534920027434128 
1.32999999999987, -1.1542438538440798 
1.3399999999998689, -1.1546223072750377 
1.3499999999998678, -1.1557015592402835 
1.3599999999998666, -1.1554735955187332 
1.3699999999998655, -1.155511333241302 
1.3799999999998644, -1.155348140054028 
1.3899999999998633, -1.155042288508157 
1.3999999999998622, -1.1547885142718113 
1.4099999999998611, -1.154275894468939 
1.41999999999986, -1.1539118328849476 
1.429999999999859, -1.1531760259453485 
1.4399999999998578, -1.1518447286637588 
1.4499999999998567, -1.1514806689039698 
1.4599999999998556, -1.1454622256027966 
1.4699999999998545, -1.1434575162437202 
1.4799999999998534, -1.1421995613005036 
1.4899999999998523, -1.1456302764562714 
1.4999999999998512, -1.1461415113133193 
1.5099999999998501, -1.1477661710471938 
1.519999999999849, -1.1513597696633344 
1.529999999999848, -1.151137079104233 
1.5399999999998468, -1.1517128378087624 
1.5499999999998457, -1.15174607846927 
1.5599999999998446, -1.1515320922539454 
1.5699999999998435, -1.1514175729014995 
1.5799999999998424, -1.151068304369764 
1.5899999999998413, -1.1507926262041641 
1.5999999999998402, -1.1503345318615992 
1.6099999999998391, -1.149687194311577 
1.619999999999838, -1.1493264895800117 
1.629999999999837, -1.1474379644353077 
1.6399999999998358, -1.146516025280076 
1.6499999999998347, -1.1450092003449448 
1.6599999999998336, -1.1346944260083547 
1.6699999999998325, -1.1346836005861833 
1.6799999999998314, -1.1351295366667464 
1.6899999999998303, -1.1452082411078313 
1.6999999999998292, -1.1449125550610237 
1.709999999999828, -1.1480027865516875 
1.719999999999827, -1.1485910490454427 
1.729999999999826, -1.148539743160986 
1.7399999999998248, -1.1488698420716057 
1.7499999999998237, -1.1486295795891537 
1.7599999999998226, -1.1484846382956007 
1.7699999999998215, -1.1482331466986386 
1.7799999999998204, -1.147845351786583 
1.7899999999998193, -1.147554257884674 
1.7999999999998182, -1.1468597683560855 
1.809999999999817, -1.1463624057659976 
1.819999999999816, -1.145558780138765 
1.8299999999998149, -1.1429838416604858 
1.8399999999998138, -1.1426753329621975 
1.8499999999998127, -1.1349209659823154 
1.8599999999998116, -1.1300844251291409 
1.8699999999998105, -1.1295260310415507 
1.8799999999998094, -1.1395844172531393 
1.8899999999998083, -1.1414523161970234 
1.8999999999998072, -1.1417841218279028 
1.909999999999806, -1.1446409555852615 
1.919999999999805, -1.1445037848963324 
1.9299999999998039, -1.1447567221203676 
1.9399999999998028, -1.1448373845867297 
1.9499999999998017, -1.1445725121305383 
1.9599999999998006, -1.1444444461514636 
1.9699999999997995, -1.14410703728791 
1.9799999999997984, -1.1437869212486298 
1.9899999999997973, -1.143388110068489 
1.9999999999997962, -1.142652618104657 
2.0099999999998173, -1.1423161158965143 
2.0199999999998384, -1.140780974592942 
2.0299999999998595, -1.1392384504663022 
2.0399999999998806, -1.138604911834663 
2.0499999999999017, -1.127495229204837 
2.059999999999923, -1.1273550486483963 
2.069999999999944, -1.1255714284735099 
2.079999999999965, -1.1366541076858943 
2.089999999999986, -1.1366054523658353 
2.100000000000007, -1.1391402791894507 
2.1100000000000283, -1.141035233155201 
2.1200000000000494, -1.1408395504014572 
2.1300000000000705, -1.1414190092539178 
2.1400000000000916, -1.141328237939597 
2.1500000000001127, -1.141164158879334 
2.160000000000134, -1.1410320176690538 
2.170000000000155, -1.140680434589021 
2.180000000000176, -1.140431262374199 
2.190000000000197, -1.1399612991223878 
2.2000000000002182, -1.1394170318025474 
2.2100000000002393, -1.1390167929202362 
2.2200000000002604, -1.1374235649162365 
2.2300000000002815, -1.1368325737230092 
2.2400000000003026, -1.1349257426925554 
2.2500000000003237, -1.1283083941179848 
2.260000000000345, -1.1281078034066938 
2.270000000000366, -1.1223696122607836 
2.280000000000387, -1.1269204509852027 
2.290000000000408, -1.1264938335700758 
2.3000000000004293, -1.133622708857485 
2.3100000000004504, -1.134392904058835 
2.3200000000004715, -1.134625569320213 
2.3300000000004926, -1.135650590999005 
2.3400000000005137, -1.1354475302144078 
2.3500000000005348, -1.1354952210436091 
2.360000000000556, -1.1353943793737367 
2.370000000000577, -1.1351018021735781 
2.380000000000598, -1.1349026383166043 
2.390000000000619, -1.1344889361663126 
2.4000000000006403, -1.134138660050075 
2.4100000000006614, -1.1336614674381513 
2.4200000000006825, -1.132730358790237 
2.4300000000007036, -1.1323940429382504 
2.4400000000007247, -1.1303361977166595 
2.450000000000746, -1.1284027124040306 
2.460000000000767, -1.12775852563658 
2.470000000000788, -1.1150498422749016 
2.480000000000809, -1.1151472981480453 
2.49000000000083, -1.113675103357451 
2.5000000000008513, -1.1256221420368289 
2.5100000000008724, -1.1256267908688804 
2.5200000000008935, -1.128086695495944 
2.5300000000009146, -1.1303400211583203 
2.5400000000009357, -1.1301330552848385 
2.550000000000957, -1.130850604593565 
2.560000000000978, -1.130835348381063 
2.570000000000999, -1.1306857995170965 
2.58000000000102, -1.1306266726752559 
2.5900000000010412, -1.1303132243450686 
2.6000000000010624, -1.1300912224389823 
2.6100000000010835, -1.129720833086025 
2.6200000000011046, -1.1292432364196392 
2.6300000000011257, -1.1289160562223375 
2.6400000000011468, -1.1279151697112437 
2.650000000001168, -1.1273284141663278 
2.660000000001189, -1.1263547056419507 
2.67000000000121, -1.1225804446241914 
2.680000000001231, -1.1223136460009167 
2.6900000000012523, -1.114371824724519 
2.7000000000012734, -1.1088551860928932 
2.7100000000012945, -1.1084017898340244 
2.7200000000013156, -1.117320815934947 
2.7300000000013367, -1.1201548330506756 
2.740000000001358, -1.1202146629339915 
2.750000000001379, -1.124610071360192 
2.7600000000014, -1.1246212062417402 
2.770000000001421, -1.1250191451967486 
2.780000000001442, -1.1254536962371635 
2.7900000000014633, -1.125213473008992 
2.8000000000014844, -1.1252342083130613 
2.8100000000015055, -1.1250347120828332 
2.8200000000015266, -1.1247614190947315 
2.8300000000015477, -1.12452466111867 
2.840000000001569, -1.1240724261409454 
2.85000000000159, -1.123761274906035 
2.860000000001611, -1.1231841731411298 
2.870000000001632, -1.1223323182423088 
2.8800000000016532, -1.1219875135260053 
2.8900000000016743, -1.1196782597605959 
2.9000000000016954, -1.1184619016807125 
2.9100000000017165, -1.1173710478652397 
2.9200000000017377, -1.1065963775615273 
2.9300000000017588, -1.1066020010721311 
2.94000000000178, -1.1032379316404284 
2.950000000001801, -1.1099842357819738 
2.960000000001822, -1.1097754078837878 
2.970000000001843, -1.1151984967416082 
2.9800000000018643, -1.1180015406187207 
2.9900000000018854, -1.1178597226492648 
3.0000000000019065, -1.119483750141953 
3.0100000000019276, -1.11952182895038 
3.0200000000019487, -1.1195286053664568 
3.03000000000197, -1.119666573363871 
3.040000000001991, -1.1194023049512565 
3.050000000002012, -1.1192800697633734 
3.060000000002033, -1.1190245296378942 
3.070000000002054, -1.1186776260909448 
3.0800000000020753, -1.1184089587480994 
3.0900000000020964, -1.1178443006367134 
3.1000000000021175, -1.117447634812586 
3.1100000000021386, -1.1168330764852314 
3.1200000000021597, -1.1154985562277815 
3.130000000002181, -1.1151725852779766 
3.140000000002202, -1.1122817473636453 
3.150000000002223, -1.1096637293797365 
3.160000000002244, -1.109069864581148 
3.1700000000022652, -1.0955603583846405 
3.1800000000022863, -1.0958016056034992 
3.1900000000023074, -1.0943700143498505 
3.2000000000023285, -1.1055793027149576 
3.2100000000023496, -1.1057388502761298 
3.2200000000023707, -1.1082845129836683 
3.230000000002392, -1.1122101223118022 
3.240000000002413, -1.1119854196248293 
3.250000000002434, -1.11320329512235 
3.260000000002455, -1.1134651981699932 
3.2700000000024763, -1.1133415531220598 
3.2800000000024974, -1.1135174675063422 
3.2900000000025185, -1.113292015368917 
3.3000000000025396, -1.1131364873580005 
3.3100000000025607, -1.1129311491785905 
3.3200000000025818, -1.1125688326782597 
3.330000000002603, -1.1123283735895606 
3.340000000002624, -1.1118391191523709 
3.350000000002645, -1.11136737459053 
3.360000000002666, -1.1109536165052702 
3.3700000000026873, -1.1097353345416847 
3.3800000000027084, -1.109289619872744 
3.3900000000027295, -1.1078456785996234 
3.4000000000027506, -1.104599522752715 
3.4100000000027717, -1.1043130721772871 
3.420000000002793, -1.094834069245036 
3.430000000002814, -1.091598880323277 
3.440000000002835, -1.0908529626922898 
3.450000000002856, -1.092623005274397 
3.460000000002877, -1.094080348123751 
3.4700000000028983, -1.0942873470159036 
3.4800000000029194, -1.103780556448282 
3.4900000000029405, -1.1037665107215382 
3.5000000000029616, -1.1051778276864888 
3.5100000000029827, -1.106550226094437 
3.520000000003004, -1.1063430843317215 
3.530000000003025, -1.1068702774305834 
3.540000000003046, -1.1068669323853144 
3.550000000003067, -1.1067055780364774 
3.5600000000030882, -1.1066834268347594 
3.5700000000031094, -1.106402835199968 
3.5800000000031305, -1.10620201342002 
3.5900000000031516, -1.1059178748451186 
3.6000000000031727, -1.10550096119222 
3.6100000000031938, -1.1052343878774946 
3.620000000003215, -1.1046182066747934 
3.630000000003236, -1.1040840092638438 
3.640000000003257, -1.1036069306015819 
3.650000000003278, -1.1019753074648477 
3.6600000000032993, -1.1015248176955366 
3.6700000000033204, -1.0996812908290994 
3.6800000000033415, -1.0954851616646137 
3.6900000000033626, -1.0952164866725962 
3.7000000000033837, -1.0844616229092794 
3.710000000003405, -1.0815285516869595 
3.720000000003426, -1.0808269546741716 
3.730000000003447, -1.084392172455044 
3.740000000003468, -1.0860189852527942 
3.750000000003489, -1.0860867201819882 
3.7600000000035103, -1.0959997468327252 
3.7700000000035314, -1.0960368381865437 
3.7800000000035525, -1.0975101236695086 
3.7900000000035736, -1.0992253625638715 
3.8000000000035947, -1.0990153775583944 
3.810000000003616, -1.0996810450516987 
3.820000000003637, -1.0997671887226856 
3.830000000003658, -1.0996158403837888 
3.840000000003679, -1.0996773992686217 
3.8500000000037002, -1.099434314065727 
3.8600000000037213, -1.099258889301549 
3.8700000000037424, -1.0990388124472767 
3.8800000000037635, -1.0986688324382752 
3.8900000000037847, -1.0984312363472581 
3.9000000000038058, -1.097957939307549 
3.910000000003827, -1.097482886158279 
3.920000000003848, -1.09711423913387 
3.930000000003869, -1.096059097987466 
3.94000000000389, -1.0955896265457374 
3.9500000000039113, -1.0945779124955035 
3.9600000000039324, -1.092022477857596 
3.9700000000039535, -1.0917389213704582 
3.9800000000039746, -1.0865849370704719 
3.9900000000039957, -1.0825653905543517 
4.000000000004016, -1.082022898339362 
4.010000000003993, -1.0690781108435432 
4.02000000000397, -1.06979529127692 
4.030000000003946, -1.0685478384874127 
4.040000000003923, -1.0787489825953502 
4.0500000000039, -1.079152834142898 
4.0600000000038765, -1.0812071829935095 
4.070000000003853, -1.088517091050464 
4.08000000000383, -1.0883201606101707 
4.090000000003807, -1.0904541335115474 
4.100000000003783, -1.091495911190998 
4.11000000000376, -1.0913554815219004 
4.120000000003737, -1.0921272955595918 
4.130000000003713, -1.0920930887350386 
4.14000000000369, -1.0920314263056476 
4.150000000003667, -1.092102942022058 
4.1600000000036434, -1.0918463978689366 
4.17000000000362, -1.0917234448089002 
4.180000000003597, -1.091507087491916 
4.1900000000035735, -1.0911762755370351 
4.20000000000355, -1.0909569753435773 
4.210000000003527, -1.0905204783793916 
4.220000000003504, -1.0901429693645377 
4.23000000000348, -1.0897584183851072 
4.240000000003457, -1.0889443565297825 
4.250000000003434, -1.0885921463954473 
4.26000000000341, -1.0876467819439724 
4.270000000003387, -1.0861641646360483 
4.280000000003364, -1.0858415930433178 
4.2900000000033405, -1.0822873858517015 
4.300000000003317, -1.080452585047885 
4.310000000003294, -1.0796327669355714 
4.320000000003271, -1.0680154708261556 
4.330000000003247, -1.0678788568602888 
4.340000000003224, -1.0648049365246042 
4.350000000003201, -1.058635565919164 
4.360000000003177, -1.058666615628025 
4.370000000003154, -1.0597794135322918 
4.380000000003131, -1.069682911872289 
4.390000000003107, -1.0693652335264092 
4.400000000003084, -1.0768951910810827 
4.410000000003061, -1.0793952226452934 
4.4200000000030375, -1.0793244455650415 
4.430000000003014, -1.0826851355699074 
4.440000000002991, -1.0828578003377074 
4.450000000002968, -1.083173509333903 
4.460000000002944, -1.083991906325143 
4.470000000002921, -1.0837945385476704 
4.480000000002898, -1.083985602855641 
4.490000000002874, -1.0840211183650006 
4.500000000002851, -1.0837912808296144 
4.510000000002828, -1.083756768110086 
4.520000000002804, -1.0835236663439196 
4.530000000002781, -1.083284481762657 
4.540000000002758, -1.0830742534527704 
4.5500000000027345, -1.0826868399112421 
4.560000000002711, -1.0824292812091842 
4.570000000002688, -1.0820173946716456 
4.580000000002665, -1.0814684819517815 
4.590000000002641, -1.08118214087168 
4.600000000002618, -1.080336005924597 
4.610000000002595, -1.0796732646193072 
4.620000000002571, -1.079177541106611 
4.630000000002548, -1.0771061495809424 
4.640000000002525, -1.0765949806567108 
4.6500000000025015, -1.0749904042284957 
4.660000000002478, -1.0704608052944566 
4.670000000002455, -1.0702344254578986 
4.6800000000024315, -1.0629772523627357 
4.690000000002408, -1.057826774493306 
4.700000000002385, -1.057354812473938 
4.710000000002362, -1.045100361055638 
4.720000000002338, -1.0458966078101746 
4.730000000002315, -1.044753838693584 
4.740000000002292, -1.0494249910210565 
4.750000000002268, -1.0501444694236608 
4.760000000002245, -1.050327871229063 
4.770000000002222, -1.0632473019420285 
4.7800000000021985, -1.063182580878131 
4.790000000002175, -1.0670513452862656 
4.800000000002152, -1.0711200820014835 
4.810000000002129, -1.070883279797225 
4.820000000002105, -1.0734567670748194 
4.830000000002082, -1.0740770919683287 
4.840000000002059, -1.0740777873978944 
4.850000000002035, -1.0750379269478394 
4.860000000002012, -1.074952741457699 
4.870000000001989, -1.075031373011916 
4.880000000001965, -1.075206970156453 
4.890000000001942, -1.0749705946214654 
4.900000000001919, -1.0749550735629017 
4.9100000000018955, -1.074813011252934 
4.920000000001872, -1.0745496351523174 
4.930000000001849, -1.0744051141047781 
4.940000000001826, -1.0740882442724116 
4.950000000001802, -1.0738102357525956 
4.960000000001779, -1.0735288007451878 
4.970000000001756, -1.0730501768219023 
4.980000000001732, -1.0727703656837062 
4.990000000001709, -1.0722545969718535 
5.000000000001686, -1.0715849436921148 
5.0100000000016625, -1.0712875158313062 
5.020000000001639, -1.0702039749347325 
5.030000000001616, -1.069433911840614 
5.0400000000015925, -1.0688997482931883 
5.050000000001569, -1.0663148466934418 
5.060000000001546, -1.0657788118685168 
5.070000000001523, -1.064099194173786 
5.080000000001499, -1.0589391645838702 
5.090000000001476, -1.0587317174785176 
5.100000000001453, -1.0520590296627554 
5.110000000001429, -1.0463579440905342 
5.120000000001406, -1.0459557864925382 
5.130000000001383, -1.0324935810825868 
5.1400000000013595, -1.0322238590835484 
5.150000000001336, -1.0312012043214345 
5.160000000001313, -1.0248477860862995 
5.17000000000129, -1.0256541438649047 
5.180000000001266, -1.0236672798752513 
5.190000000001243, -1.0292704363407001 
5.20000000000122, -1.0294077431297068 
5.210000000001196, -1.0304351366388862 
5.220000000001173, -1.041586786531916 
5.23000000000115, -1.041340113768296 
5.240000000001126, -1.0492732301370777 
5.250000000001103, -1.0539089397681416 
5.26000000000108, -1.0536142075699935 
5.2700000000010565, -1.0599597036603483 
5.280000000001033, -1.0607743838697439 
5.29000000000101, -1.0611060512404984 
5.300000000000987, -1.0637766143681886 
5.310000000000963, -1.063726488921252 
5.32000000000094, -1.0643033793753243 
5.330000000000917, -1.0650478166502688 
5.340000000000893, -1.0648432524383327 
5.35000000000087, -1.0652147908866947 
5.360000000000847, -1.0652823228646586 
5.3700000000008234, -1.0651067209505236 
5.3800000000008, -1.0651962133665918 
5.390000000000777, -1.0650091186121184 
5.4000000000007535, -1.064849533017061 
5.41000000000073, -1.064735202648359 
5.420000000000707, -1.064435254747896 
5.430000000000684, -1.0642549534683179 
5.44000000000066, -1.0639827852802421 
5.450000000000637, -1.0636162266824516 
5.460000000000614, -1.06339124108636 
5.47000000000059, -1.0629413507236078 
5.480000000000567, -1.0625397935188319 
5.490000000000544, -1.0622092629597184 
5.5000000000005205, -1.0614856435556062 
5.510000000000497, -1.0611120267807221 
5.520000000000474, -1.0604947690981643 
5.5300000000004506, -1.059360025501675 
5.540000000000427, -1.0590618566248895 
5.550000000000404, -1.0576424850789565 
5.560000000000381, -1.0561745493887416 
5.570000000000357, -1.0557934019379225 
5.580000000000334, -1.0521272535221535 
5.590000000000311, -1.0509135357039574 
5.600000000000287, -1.0499316121421634 
5.610000000000264, -1.0421692189783345 
5.620000000000241, -1.0418772457056658 
5.6300000000002175, -1.0385423098266235 
5.640000000000194, -1.02853632544119 
5.650000000000171, -1.028422846054788 
5.660000000000148, -1.0194549420873484 
5.670000000000124, -1.013573109949845 
5.680000000000101, -1.0132194140112043 
5.690000000000078, -1.000009940256901 
5.700000000000054, -0.9991806931112033 
5.710000000000031, -0.9983790076213622 
5.720000000000008, -0.9841499007149521 
5.729999999999984, -0.9843700859572447 
5.739999999999961, -0.9825758181618299 
5.749999999999938, -0.9686704619166128 
5.7599999999999145, -0.9687331072038441 
5.769999999999891, -0.9654856546978553 
5.779999999999868, -0.9557241962541098 
5.789999999999845, -0.955616350361685 
5.799999999999821, -0.9521506546813604 
5.809999999999798, -0.9476135390607408 
5.819999999999775, -0.9474033567967257 
5.829999999999751, -0.9449469438147542 
5.839999999999728, -0.9430783282869608 
5.849999999999705, -0.9428050428520812 
5.8599999999996815, -0.9413075912356857 
5.869999999999658, -0.9404448162030924 
5.879999999999635, -0.9401448638599368 
5.8899999999996115, -0.9392492500338389 
5.899999999999588, -0.938773366246226 
5.909999999999565, -0.9384855464723094 
5.919999999999542, -0.9379262761838318 
5.929999999999518, -0.937622758882831 
5.939999999999495, -0.9373782062028717 
5.949999999999472, -0.9370007579355099 
5.959999999999448, -0.9367981384015819 
5.969999999999425, -0.9366204781505837 
5.979999999999402, -0.9363426666482454 
5.9899999999993785, -0.9362331436400992 
5.999999999999355, -0.9361473132270298 
6.009999999999332, -0.9359269749534533 
6.019999999999309, -0.935955829677512 
6.029999999999285, -0.93599641946918 
6.039999999999262, -0.9358150855481664 
6.049999999999239, -0.9361218795254997 
6.059999999999215, -0.936336241992911 
6.069999999999192, -0.9361978651925896 
6.079999999999169, -0.9371641275988756 
6.089999999999145, -0.9375960486673366 
6.099999999999122, -0.9375424788173787 
6.109999999999099, -0.9402012856851172 
6.1199999999990755, -0.9408079603316699 
6.129999999999052, -0.94096452940299 
6.139999999999029, -0.947604660363222 
6.149999999999006, -0.9481318029788037 
6.159999999998982, -0.9487558222134911 
6.169999999998959, -0.9611135326100897 
6.179999999998936, -0.961309139446729 
6.189999999998912, -0.9624120630921281 
6.199999999998889, -0.9749219947789427 
6.209999999998866, -0.9748160189092528 
6.2199999999988425, -0.9748250917987081 
6.229999999998819, -0.9814352813969843 
6.239999999998796, -0.9810783393261077 
6.2499999999987725, -0.9767238806149674 
6.259999999998749, -0.9790811110812847 
6.269999999998726, -0.9783379895386841 
6.279999999998703, -0.9672140893408263 
6.289999999998679, -0.967859031784955 
6.299999999998656, -0.9662989160833663 
6.309999999998633, -0.9519384898497901 
6.319999999998609, -0.9519865329078214 
6.329999999998586, -0.9495338041870783 
6.339999999998563, -0.9407223608581977 
6.3499999999985395, -0.9405751655886062 
6.359999999998516, -0.9384045729913054 
6.369999999998493, -0.9349398524571735 
6.37999999999847, -0.9347292252898328 
6.389999999998446, -0.9333315647659592 
6.399999999998423, -0.931956358962722 
6.4099999999984, -0.9317255630081258 
6.419999999998376, -0.9308831210329449 
6.429999999998353, -0.93022292109467 
6.43999999999833, -0.9299985020704761 
6.449999999998306, -0.9294770863644345 
6.459999999998283, -0.929094182158335 
6.46999999999826, -0.9289033756686083 
6.4799999999982365, -0.9285627570018686 
6.489999999998213, -0.9283171268706356 
6.49999999999819, -0.9281936831329642 
6.509999999998167, -0.9279585450658164 
6.519999999998143, -0.9278183692974371 
6.52999999999812, -0.9278183040817747 
6.539999999998097, -0.9276469664045569 
6.549999999998073, -0.9276528534450988 
6.55999999999805, -0.9278904636379627 
6.569999999998027, -0.9277521100048547 
6.5799999999980034, -0.9280751616252302 
6.58999999999798, -0.9287959868212742 
6.599999999997957, -0.9286556464811805 
6.6099999999979335, -0.929878874876085 
6.61999999999791, -0.9315841828069056 
6.629999999997887, -0.9313947627493642 
6.639999999997864, -0.9355309524624572 
6.64999999999784, -0.9388602135200846 
6.659999999997817, -0.9385428270320565 
6.669999999997794, -0.949201256552049 
6.67999999999777, -0.9529707058780166 
6.689999999997747, -0.952336083743737 
6.699999999997724, -0.961155877697125 
6.7099999999977005, -0.962852943595304 
6.719999999997677, -0.9613470510993134 
6.729999999997654, -0.9555938155967973 
6.7399999999976306, -0.956024346974005 
6.749999999997607, -0.9526168018777179 
6.759999999997584, -0.9400039220598758 
6.769999999997561, -0.9399926923107088 
6.779999999997537, -0.9361938258717476 
6.789999999997514, -0.9300766706751253 
6.799999999997491, -0.9299025318057139 
6.809999999997467, -0.9276347383135214 
6.819999999997444, -0.9255556480112251 
6.829999999997421, -0.9253227553217581 
6.8399999999973975, -0.9241422561613184 
6.849999999997374, -0.9232985203305855 
6.859999999997351, -0.9230594731592029 
6.869999999997328, -0.9224145081096013 
6.879999999997304, -0.921975855512005 
6.889999999997281, -0.9217678653427229 
6.899999999997258, -0.9213822190495973 
6.909999999997234, -0.9211148642430532 
6.919999999997211, -0.9209736468881825 
6.929999999997188, -0.9207232106185287 
6.939999999997164, -0.9205692634489148 
6.949999999997141, -0.9205524435737701 
6.959999999997118, -0.9203807184177957 
6.9699999999970945, -0.920372293531437 
6.979999999997071, -0.920610791604074 
6.989999999997048, -0.9204841720094314 
6.999999999997025, -0.9207981144445846 
7.009999999997001, -0.921619212053859 
7.019999999996978, -0.9214995945023868 
7.029999999996955, -0.9228012367642009 
7.039999999996931, -0.9250148223194 
7.049999999996908, -0.9248440798675907 
7.059999999996885, -0.9295991432474986 
7.0699999999968615, -0.9345105665709534 
7.079999999996838, -0.9342001081493072 
7.089999999996815, -0.9440295745192985 
7.0999999999967915, -0.9491249090907489 
7.109999999996768, -0.9485084096521725 
7.119999999996745, -0.9450972395294328 
7.129999999996722, -0.9464711791965661 
7.139999999996698, -0.9452342516905966 
7.149999999996675, -0.9304185862412302 
7.159999999996652, -0.9303539382797711 
7.169999999996628, -0.9287259000031912 
7.179999999996605, -0.921658042438786 
7.189999999996582, -0.9213779629349184 
7.1999999999965585, -0.9201728394856837 
7.209999999996535, -0.9178874642823202 
7.219999999996512, -0.9176276596026263 
7.229999999996489, -0.9168968066007559 
7.239999999996465, -0.9160150929893531 
7.249999999996442, -0.9157953430423939 
7.259999999996419, -0.9153520207877404 
7.269999999996395, -0.9149079287486271 
7.279999999996372, -0.9147396005480136 
7.289999999996349, -0.9144686702437596 
7.299999999996325, -0.9141962116350748 
7.309999999996302, -0.9141173218437191 
7.319999999996279, -0.913974153297802 
7.3299999999962555, -0.9137987638600678 
7.339999999996232, -0.9139182668234717 
7.349999999996209, -0.9139059999127869 
7.359999999996186, -0.9138323020348523 
7.369999999996162, -0.9144953804355137 
7.379999999996139, -0.9146480999718962 
7.389999999996116, -0.9147709991225216 
7.399999999996092, -0.9172066645729705 
7.409999999996069, -0.9175300265556884 
7.419999999996046, -0.9181100913727072 
7.4299999999960225, -0.9262637453519371 
7.439999999995999, -0.9265782617294492 
7.449999999995976, -0.9271177986339868 
7.4599999999959525, -0.9407925303324636 
7.469999999995929, -0.9408577449846142 
7.479999999995906, -0.9354005714020153 
7.489999999995883, -0.9326411144136235 
7.499999999995859, -0.9324886521154118 
7.509999999995836, -0.9238100771051148 
7.519999999995813, -0.9185227955544306 
7.529999999995789, -0.9182462494296063 
7.539999999995766, -0.914499535401254 
7.549999999995743, -0.9127555577623536 
7.5599999999957195, -0.9124428763965822 
7.569999999995696, -0.911016012588536 
7.579999999995673, -0.9103392230969444 
7.58999999999565, -0.9100590110496289 
7.599999999995626, -0.9094200781558559 
7.609999999995603, -0.9090683790031873 
7.61999999999558, -0.9088566219263985 
7.629999999995556, -0.9085096051196367 
7.639999999995533, -0.9083044981488616 
7.64999999999551, -0.9081975284499721 
7.659999999995486, -0.907980147832191 
7.669999999995463, -0.9079078964119565 
7.67999999999544, -0.9080000010905778 
7.6899999999954165, -0.9078523877617275 
7.699999999995393, -0.9080383684852772 
7.70999999999537, -0.9086160726358438 
7.719999999995347, -0.9084999785479116 
7.729999999995323, -0.9094976403319407 
7.7399999999953, -0.9114677086884417 
7.749999999995277, -0.9113258360083173 
7.759999999995253, -0.9155259402626295 
7.76999999999523, -0.9212118004536349 
7.779999999995207, -0.920952992387062 
7.789999999995183, -0.9276662930290362 
7.79999999999516, -0.9337250630517716 
7.809999999995137, -0.9332367449347261 
7.8199999999951135, -0.9200170636826556 
7.82999999999509, -0.9195597056881073 
7.839999999995067, -0.9188320698951116 
7.849999999995044, -0.9101209385976392 
7.85999999999502, -0.9091686470875868 
7.869999999994997, -0.9084899983179398 
7.879999999994974, -0.9059244320417407 
7.88999999999495, -0.9054251815341886 
7.899999999994927, -0.9049477735836919 
7.909999999994904, -0.9040574239872113 
7.9199999999948805, -0.9037608579637709 
7.929999999994857, -0.9034502968866196 
7.939999999994834, -0.9030311998442777 
7.9499999999948106, -0.9028473571324568 
7.959999999994787, -0.9026739509261201 
7.969999999994764, -0.9024201062877618 
7.979999999994741, -0.9023665783113326 
7.989999999994717, -0.9023660632128763 
7.999999999994694, -0.9021829991970814 
8.00999999999467, -0.9024265546247616 
8.019999999994647, -0.9027689104528467 
8.029999999994624, -0.902608526264574 
8.0399999999946, -0.9038889107670761 
8.049999999994577, -0.9050971485816944 
8.059999999994554, -0.9048871453107212 
8.06999999999453, -0.9107922795880833 
8.079999999994508, -0.9139339849654 
8.089999999994484, -0.9134875598531793 
8.099999999994461, -0.9238422960843058 
8.109999999994438, -0.926640716837551 
8.119999999994414, -0.9256370910755249 
8.129999999994391, -0.9111792817367482 
8.139999999994368, -0.9112240043626848 
8.149999999994344, -0.9099293537092095 
8.159999999994321, -0.9028659272839974 
8.169999999994298, -0.9024518365826179 
8.179999999994275, -0.9015894982760557 
8.189999999994251, -0.8997367569646352 
8.199999999994228, -0.8994247292309427 
8.209999999994205, -0.8989322572234508 
8.219999999994181, -0.8982745556156947 
8.229999999994158, -0.8980558219469266 
8.239999999994135, -0.8977732942781965 
8.249999999994111, -0.8974420324717614 
8.259999999994088, -0.8973209953590945 
8.269999999994065, -0.8971979352882284 
8.279999999994041, -0.8969857952943343 
8.289999999994018, -0.8970566153119356 
8.299999999993995, -0.8971557406572597 
8.309999999993972, -0.8969962232774619 
8.319999999993948, -0.8976710072600446 
8.329999999993925, -0.8982633776811475 
8.339999999993902, -0.8981014587733033 
8.349999999993878, -0.9014798562390512 
8.359999999993855, -0.9033038071570734 
8.369999999993832, -0.9029661068432446 
8.379999999993808, -0.915560308781529 
8.389999999993785, -0.9183942412660788 
8.399999999993762, -0.9174497520248315 
8.409999999993738, -0.9085383768020541 
8.419999999993715, -0.909048788264751 
8.429999999993692, -0.9075870441184783 
8.439999999993669, -0.8983375468280341 
8.449999999993645, -0.897972907924018 
8.459999999993622, -0.8970006971419356 
8.469999999993599, -0.8947711904123182 
8.479999999993575, -0.894453034460079 
8.489999999993552, -0.8939287353435595 
8.499999999993529, -0.8932148335681508 
8.509999999993505, -0.8929902420366154 
8.519999999993482, -0.8927008649568728 
8.529999999993459, -0.8923621519473819 
8.539999999993436, -0.8922377127480595 
8.549999999993412, -0.8921171063977568 
8.559999999993389, -0.8919059873971943 
8.569999999993366, -0.8919803820846696 
8.579999999993342, -0.8921030576518033 
8.589999999993319, -0.8919431668132923 
8.599999999993296, -0.892676777445216 
8.609999999993272, -0.8933970293208822 
8.619999999993249, -0.8932204101722626 
8.629999999993226, -0.8971583719479902 
8.639999999993202, -0.8995701583020368 
8.64999999999318, -0.8991958450064838 
8.659999999993156, -0.9111060316769501 
8.669999999993133, -0.9144894890031886 
8.67999999999311, -0.9136278868412514 
8.689999999993086, -0.8990910385496149 
8.699999999993063, -0.8989949615686906 
8.70999999999304, -0.8979636979039869 
8.719999999993016, -0.8919090546678909 
8.729999999992993, -0.8913612616722915 
8.73999999999297, -0.8907074818514353 
8.749999999992946, -0.8892564747536507 
8.759999999992923, -0.8889175304110356 
8.7699999999929, -0.8885461150553512 
8.779999999992876, -0.8880291576468442 
8.789999999992853, -0.887820909009564 
8.79999999999283, -0.8876240458552482 
8.809999999992806, -0.8873556039010984 
8.819999999992783, -0.8872816262064701 
8.82999999999276, -0.8872790658620193 
8.839999999992736, -0.8871015851495263 
8.849999999992713, -0.887338918678522 
8.85999999999269, -0.8877850305373393 
8.869999999992666, -0.8876343237549761 
8.879999999992643, -0.8891347016996608 
8.88999999999262, -0.89112624799239 
8.899999999992596, -0.8909190281265371 
8.909999999992573, -0.8984776128768872 
8.91999999999255, -0.9048629145591366 
8.929999999992527, -0.9044776294436653 
8.939999999992503, -0.8964730247538305 
8.94999999999248, -0.8967903454741023 
8.959999999992457, -0.8962435178283501 
8.969999999992433, -0.8882147475802119 
8.97999999999241, -0.8867972657706257 
8.989999999992387, -0.8863328764294669 
8.999999999992363, -0.8844943851756514 
9.00999999999234, -0.8839254721288288 
9.019999999992317, -0.8836135117196174 
9.029999999992294, -0.8830218932879055 
9.03999999999227, -0.8827373192943638 
9.049999999992247, -0.8825562828677699 
9.059999999992224, -0.8822792371551207 
9.0699999999922, -0.8821467395231366 
9.079999999992177, -0.8821512206214969 
9.089999999992154, -0.881999956124615 
9.09999999999213, -0.882093300975959 
9.109999999992107, -0.8826281228547254 
9.119999999992084, -0.8825628797944723 
9.12999999999206, -0.8833999112974154 
9.139999999992037, -0.8862747412636983 
9.149999999992014, -0.8862619287354718 
9.15999999999199, -0.8895030038149785 
9.169999999991967, -0.9012501344785181 
9.179999999991944, -0.9011728975313371 
9.18999999999192, -0.8929652640916357 
9.199999999991897, -0.887684826601681 
9.209999999991874, -0.8874932858880108 
9.21999999999185, -0.8829448571354912 
9.229999999991827, -0.8802511490805826 
9.239999999991804, -0.8800172133390596 
9.24999999999178, -0.8788240642452223 
9.259999999991757, -0.8780922343982648 
9.269999999991734, -0.8778888447177451 
9.27999999999171, -0.8774486456530518 
9.289999999991688, -0.8771346693737707 
9.299999999991664, -0.8770196816815573 
9.309999999991641, -0.8768255626288859 
9.319999999991618, -0.8766698805248543 
9.329999999991594, -0.8767963494261236 
9.339999999991571, -0.8767864439588899 
9.349999999991548, -0.8767765111321886 
9.359999999991524, -0.8779277651504095 
9.369999999991501, -0.878238170200511 
9.379999999991478, -0.8784195142718264 
9.389999999991455, -0.8857644717916926 
9.399999999991431, -0.8865691092562452 
9.409999999991408, -0.8855583831690231 
9.419999999991385, -0.8909218509264624 
9.429999999991361, -0.8913578196227717 
9.439999999991338, -0.8885348279821375 
9.449999999991315, -0.8789462340621819 
9.459999999991291, -0.8787828692343497 
9.469999999991268, -0.8775877886813293 
9.479999999991245, -0.8757960537459317 
9.489999999991221, -0.8755568999165595 
9.499999999991198, -0.8750702429566352 
9.509999999991175, -0.8745406422430796 
9.519999999991152, -0.8743669087350632 
9.529999999991128, -0.8741483283968641 
9.539999999991105, -0.8738933011499689 
9.549999999991082, -0.8738646578243977 
9.559999999991058, -0.8738712731927304 
9.569999999991035, -0.8737048781996424 
9.579999999991012, -0.8741564841480592 
9.589999999990988, -0.8747001928437818 
9.599999999990965, -0.8745348417923885 
9.609999999990942, -0.8776681676250794 
9.619999999990918, -0.8802935532066566 
9.629999999990895, -0.8799682733656015 
9.639999999990872, -0.88910946388109 
9.649999999990849, -0.8935432588900116 
9.659999999990825, -0.8929537330372673 
9.669999999990802, -0.8793979980811424 
9.679999999990779, -0.8779249553028436 
9.689999999990755, -0.8773825608154585 
9.699999999990732, -0.8745098158542983 
9.709999999990709, -0.8738032834289226 
9.719999999990685, -0.8734597768813905 
9.729999999990662, -0.8727327794748589 
9.739999999990639, -0.8724110335641461 
9.749999999990616, -0.8722162688230245 
9.759999999990592, -0.8719201126265691 
9.769999999990569, -0.8717701726230401 
9.779999999990546, -0.871763920883056 
9.789999999990522, -0.8716201940318019 
9.799999999990499, -0.871689493547991 
9.809999999990476, -0.8722710211759231 
9.819999999990452, -0.8722490809012218 
9.829999999990429, -0.8730097336028397 
9.839999999990406, -0.8767621608325528 
9.849999999990382, -0.8768624535161028 
9.85999999999036, -0.8783864282628404 
9.869999999990336, -0.8918157979903751 
9.879999999990313, -0.8918572159058697 
9.88999999999029, -0.8847572447035562 
9.899999999990266, -0.875611036591114 
9.909999999990243, -0.8754804485922583 
9.91999999999022, -0.8732103170092053 
9.929999999990196, -0.8712803356855029 
9.939999999990173, -0.8710810313187711 
9.94999999999015, -0.8704000768623782 
9.959999999990126, -0.8698569304716012 
9.969999999990103, -0.8696936396433099 
9.97999999999008, -0.8694183010937274 
9.989999999990056, -0.8691703101929975 
9.999999999990033, -0.8691440607146191 
10.00999999999001, -0.8690855934119908 
10.019999999989986, -0.8689501799895165 
10.029999999989963, -0.8694427676946276 
10.03999999998994, -0.8697628587535455 
10.049999999989916, -0.8696663900464433 
10.059999999989893, -0.8733710463389774 
10.06999999998987, -0.8748496531164514 
10.079999999989846, -0.8744033748279827 
10.089999999989823, -0.8864932179966474 
10.0999999999898, -0.8884791256531837 
10.109999999989776, -0.8872841461673746 
10.119999999989753, -0.8736709890898158 
10.12999999998973, -0.8732012428087558 
10.139999999989707, -0.8723790135321812 
10.149999999989683, -0.8698506094550745 
10.15999999998966, -0.8694250841445659 
10.169999999989637, -0.8690220689479075 
10.179999999989613, -0.8683946982295144 
10.18999999998959, -0.8681546719066796 
10.199999999989567, -0.8679616778634575 
10.209999999989543, -0.8676938478832966 
10.21999999998952, -0.867608698509554 
10.229999999989497, -0.867650232835182 
10.239999999989474, -0.8675009000332818 
10.24999999998945, -0.8677643158251135 
10.259999999989427, -0.8685718918748817 
10.269999999989404, -0.8684893067020936 
10.27999999998938, -0.8703516274631893 
10.289999999989357, -0.8754611803085863 
10.299999999989334, -0.8753936912731726 
10.30999999998931, -0.8757486512236963 
10.319999999989287, -0.8816214533346111 
10.329999999989264, -0.8814730635663912 
10.33999999998924, -0.8745260333812559 
10.349999999989217, -0.8700248292910105 
10.359999999989194, -0.8698118123440697 
10.36999999998917, -0.8682697859210344 
10.379999999989147, -0.8672984095916306 
10.389999999989124, -0.8670975110494468 
10.3999999999891, -0.8666127664944888 
10.409999999989077, -0.8662600118950623 
10.419999999989054, -0.8661398119046145 
10.42999999998903, -0.8659482167344332 
10.439999999989007, -0.8657767612286568 
10.449999999988984, -0.865904487520045 
10.45999999998896, -0.8659409640993175 
10.469999999988937, -0.8658823045819665 
10.479999999988914, -0.867234106127268 
10.48999999998889, -0.8677944525786329 
10.499999999988868, -0.8677085271084479 
10.509999999988844, -0.877771158505944 
10.519999999988821, -0.8794223440193701 
10.529999999988798, -0.8782529092292866 
10.539999999988774, -0.8677947287120611 
10.549999999988751, -0.86804608747089 
10.559999999988728, -0.8668106747315175 
10.569999999988704, -0.8619716404314148 
10.579999999988681, -0.8615415810712507 
10.589999999988658, -0.8610112057061481 
10.599999999988635, -0.8601280729635509 
10.609999999988611, -0.8598600706894293 
10.619999999988588, -0.8596200354501199 
10.629999999988565, -0.859308294786585 
10.639999999988541, -0.8591919757872037 
10.649999999988518, -0.8591768743469556 
10.659999999988495, -0.8590150572734542 
10.669999999988471, -0.8592038143558475 
10.679999999988448, -0.8598516443318929 
10.689999999988425, -0.8597704421537059 
10.699999999988401, -0.8613505089329145 
10.709999999988378, -0.866099115846949 
10.719999999988355, -0.8660632670536036 
10.729999999988332, -0.8658945410947123 
10.739999999988308, -0.8711398234522834 
10.749999999988285, -0.8710364155068713 
10.759999999988262, -0.8654901135608004 
10.769999999988238, -0.8611553965564742 
10.779999999988215, -0.8609666504821005 
10.789999999988192, -0.8597842708053147 
10.799999999988168, -0.8589326342640268 
10.809999999988145, -0.8587494307695199 
10.819999999988122, -0.8583677490589804 
10.829999999988098, -0.8580591479709825 
10.839999999988075, -0.8579764691524917 
10.849999999988052, -0.8578569432807904 
10.859999999988029, -0.8577013100070399 
10.869999999988005, -0.8579983497075296 
10.879999999987982, -0.8582211966076664 
10.889999999987959, -0.8581167692854798 
10.899999999987935, -0.860867127550519 
10.909999999987912, -0.8622918869602679 
10.919999999987889, -0.861908725288259 
10.929999999987865, -0.8740418064601371 
10.939999999987842, -0.8767022655918817 
10.949999999987819, -0.8757954442470973 
10.959999999987796, -0.863232867936389 
10.969999999987772, -0.8623861147146025 
10.979999999987749, -0.8617795890990985 
10.989999999987726, -0.8597730559179932 
10.999999999987702, -0.8592919416112254 
11.009999999987679, -0.8589840848647323 
11.019999999987656, -0.8584812289237376 
11.029999999987632, -0.8582493599513951 
11.039999999987609, -0.8581221523189502 
11.049999999987586, -0.8579105061530912 
11.059999999987562, -0.8578604858439304 
11.06999999998754, -0.858073289450101 
11.079999999987516, -0.8580005886470089 
11.089999999987493, -0.8583796876899094 
11.09999999998747, -0.8603660977501594 
11.109999999987446, -0.8604658223347978 
11.119999999987423, -0.8619817288004559 
11.1299999999874, -0.8752109185878988 
11.139999999987376, -0.875379543521114 
11.149999999987353, -0.8697460512466949 
11.15999999998733, -0.8586083376096622 
11.169999999987306, -0.8585355931355819 
11.179999999987283, -0.8566569698422359 
11.18999999998726, -0.8546227984354755 
11.199999999987236, -0.8544242170604189 
11.209999999987213, -0.8538921680524971 
11.21999999998719, -0.8534021679814215 
11.229999999987166, -0.8532545869005838 
11.239999999987143, -0.8530650733446746 
11.24999999998712, -0.8528463899653382 
11.259999999987096, -0.8529051884159945 
11.269999999987073, -0.8530204022695598 
11.27999999998705, -0.8528722715132885 
11.289999999987026, -0.8539621113240984 
11.299999999987003, -0.8551932802061195 
11.30999999998698, -0.8549753136822278 
11.319999999986956, -0.8636816568963124 
11.329999999986933, -0.8698702912839268 
11.33999999998691, -0.8694634224519528 
11.349999999986887, -0.8555392072278809 
11.359999999986863, -0.8529977082446358 
11.36999999998684, -0.8526241681410031 
11.379999999986817, -0.850132654864203 
11.389999999986793, -0.8492420740458422 
11.39999999998677, -0.8490009397542277 
11.409999999986747, -0.8484567530606928 
11.419999999986723, -0.8481439437562899 
11.4299999999867, -0.8480296874903973 
11.439999999986677, -0.8478411587575371 
11.449999999986654, -0.8477203996015504 
11.45999999998663, -0.8479518175665322 
11.469999999986607, -0.8480075476709034 
11.479999999986584, -0.848064568357056 
11.48999999998656, -0.8506605074102168 
11.499999999986537, -0.8513458920145238 
11.509999999986514, -0.851037806186864 
11.51999999998649, -0.8652343814222748 
11.529999999986467, -0.8663673956044595 
11.539999999986444, -0.8646256928239578 
11.54999999998642, -0.8532815766107417 
11.559999999986397, -0.8529387857598776 
11.569999999986374, -0.8521750468590085 
11.57999999998635, -0.8506261644018931 
11.589999999986327, -0.8503073066795572 
11.599999999986304, -0.8499993789604045 
11.60999999998628, -0.8495984125085441 
11.619999999986257, -0.8494372661998238 
11.629999999986234, -0.8493578510132045 
11.63999999998621, -0.8491766020340684 
11.649999999986187, -0.8492616827992615 
11.659999999986164, -0.8497133181626153 
11.66999999998614, -0.8496392540326329 
11.679999999986117, -0.8507309700419515 
11.689999999986094, -0.8547501594625088 
11.69999999998607, -0.8547817970370591 
11.709999999986048, -0.8548108775554479 
11.719999999986024, -0.8614423502869646 
11.729999999986001, -0.8614228493043224 
11.739999999985978, -0.8569483589411998 
11.749999999985954, -0.8522391110459345 
11.759999999985931, -0.8520692359793864 
11.769999999985908, -0.8511133163713055 
11.779999999985884, -0.8503032930462471 
11.789999999985861, -0.8501269753917634 
11.799999999985838, -0.8498158445615975 
11.809999999985815, -0.8495312679875309 
11.819999999985791, -0.8494789690625693 
11.829999999985768, -0.8494344958475578 
11.839999999985745, -0.8492777682526805 
11.849999999985721, -0.8497604825990495 
11.859999999985698, -0.8502988074211179 
11.869999999985675, -0.8501298480206091 
11.879999999985651, -0.8548174647315743 
11.889999999985628, -0.8583726628020618 
11.899999999985605, -0.857984700661661 
11.909999999985581, -0.8505057975466493 
11.919999999985558, -0.8503069839886149 
11.929999999985535, -0.8498774937217612 
11.939999999985512, -0.8457214939346214 
11.949999999985488, -0.8445195971325391 
11.959999999985465, -0.8442484286931091 
11.969999999985442, -0.8435296813287194 
11.979999999985418, -0.843155339482606 
11.989999999985395, -0.8430125804405117 
11.999999999985372, -0.8427832108657539 
12.009999999985348, -0.8426353952604444 
12.019999999985325, -0.8427700765361896 
12.029999999985302, -0.8427820606621932 
12.039999999985278, -0.8428056852430209 
12.049999999985255, -0.8447332194753588 
12.059999999985232, -0.8453383054364879 
12.069999999985209, -0.845140459295838 
12.079999999985185, -0.8598832296822011 
12.089999999985162, -0.8612735499035563 
12.099999999985139, -0.8596983452914824 
12.109999999985115, -0.8472105273528725 
12.119999999985092, -0.8468203949908476 
12.129999999985069, -0.8460993282005925 
12.139999999985045, -0.8445052043190446 
12.149999999985022, -0.8441604160553878 
12.159999999984999, -0.8438728392577638 
12.169999999984976, -0.8434838312397543 
12.179999999984952, -0.8433210472409657 
12.189999999984929, -0.8432639074588671 
12.199999999984906, -0.8430997574383747 
12.209999999984882, -0.8431933843470372 
12.219999999984859, -0.8437864552888007 
12.229999999984836, -0.8437643284413174 
12.239999999984812, -0.8448329665148825 
12.249999999984789, -0.8507073166229474 
12.259999999984766, -0.8508699572238988 
12.269999999984742, -0.8480872585829654 
12.27999999998472, -0.8437160120017109 
12.289999999984696, -0.8437442431348549 
12.299999999984673, -0.8414291417708784 
12.30999999998465, -0.8384541897000138 
12.319999999984626, -0.8382537913923825 
12.329999999984603, -0.8377091849571948 
12.33999999998458, -0.8371759939582173 
12.349999999984556, -0.8370219667440942 
12.359999999984533, -0.836854959583385 
12.36999999998451, -0.8366425845461491 
12.379999999984486, -0.8367232696219483 
12.389999999984463, -0.8369544798864141 
12.39999999998444, -0.8368138228105354 
12.409999999984416, -0.8382398121532479 
12.419999999984393, -0.8407554138137487 
12.42999999998437, -0.8405988065875462 
12.439999999984346, -0.8439176714758371 
12.449999999984323, -0.8504026310757165 
12.4599999999843, -0.8502095382387891 
12.469999999984276, -0.8446388313009024 
12.479999999984253, -0.841574999459371 
12.48999999998423, -0.8413723907666391 
12.499999999984206, -0.8404585003923439 
12.509999999984183, -0.8398614256080512 
12.51999999998416, -0.8397048792001129 
12.529999999984136, -0.8394374218315821 
12.539999999984113, -0.8392140888105958 
12.54999999998409, -0.8392424001894916 
12.559999999984067, -0.8392604579117945 
12.569999999984043, -0.8391443894689674 
12.57999999998402, -0.8402468214576708 
12.589999999983997, -0.8410946690404593 
12.599999999983973, -0.8408594146070811 
12.60999999998395, -0.8519397150274127 
12.619999999983927, -0.8560878285958324 
12.629999999983903, -0.8554701306386975 
12.63999999998388, -0.8416595723801976 
12.649999999983857, -0.8400982318783231 
12.659999999983834, -0.8396667041966044 
12.66999999998381, -0.8378823844177199 
12.679999999983787, -0.8372932291701947 
12.689999999983764, -0.8370701185643649 
12.69999999998374, -0.8366735869399127 
12.709999999983717, -0.8364502280341284 
12.719999999983694, -0.8364076262767004 
12.72999999998367, -0.8362905396291535 
12.739999999983647, -0.8362576471592696 
12.749999999983624, -0.8369454551449347 
12.7599999999836, -0.8371645920642046 
12.769999999983577, -0.8373101305679318 
12.779999999983554, -0.845505025465743 
12.78999999998353, -0.8466504156772697 
12.799999999983507, -0.8451867205585231 
12.809999999983484, -0.8309663908269358 
12.81999999998346, -0.8309183829916301 
12.829999999983437, -0.8300327164703964 
12.839999999983414, -0.8277184828122126 
12.84999999998339, -0.8273280158909201 
12.859999999983367, -0.8270270558656533 
12.869999999983344, -0.82660809321039 
12.87999999998332, -0.8264338072408299 
12.889999999983297, -0.8263855078567203 
12.899999999983274, -0.8262389739963686 
12.90999999998325, -0.826332268291658 
12.919999999983228, -0.8271277400728075 
12.929999999983204, -0.8272011301827195 
12.939999999983181, -0.828052705828787 
12.949999999983158, -0.8382547661084572 
12.959999999983134, -0.838697596503412 
12.969999999983111, -0.835308748125994 
12.979999999983088, -0.8218564083447542 
12.989999999983064, -0.8217658778911318 
12.999999999983041, -0.8208077776096616 
13.009999999983018, -0.8194243233755517 
13.019999999982995, -0.8191787046368111 
13.029999999982971, -0.8189128459773583 
13.039999999982948, -0.8186078856933877 
13.049999999982925, -0.8185261004975006 
13.059999999982901, -0.81858504538879 
13.069999999982878, -0.8184611347011711 
13.079999999982855, -0.8189147861735376 
13.089999999982831, -0.8206854422412347 
13.099999999982808, -0.8207276043112952 
13.109999999982785, -0.8222326717967322 
13.119999999982761, -0.8353510336940176 
13.129999999982738, -0.8354719202896455 
13.139999999982715, -0.8319036148848222 
13.149999999982692, -0.8265244663711141 
13.159999999982668, -0.8263476033029495 
13.169999999982645, -0.8256725274011021 
13.179999999982622, -0.8249937143266418 
13.189999999982598, -0.8248222957220083 
13.199999999982575, -0.8246318787777244 
13.209999999982552, -0.82440706886594 
13.219999999982528, -0.8244521079750459 
13.229999999982505, -0.8246714183178633 
13.239999999982482, -0.8245424093223923 
13.249999999982458, -0.8258314394808174 
13.259999999982435, -0.8288222807757974 
13.269999999982412, -0.8287364178561978 
13.279999999982389, -0.82779690940683 
13.289999999982365, -0.8295929705414048 
13.299999999982342, -0.8294965655572345 
13.309999999982319, -0.8265080376041947 
13.319999999982295, -0.824167637461386 
13.329999999982272, -0.8239903287867264 
13.339999999982249, -0.8234593001920819 
13.349999999982225, -0.8230299232039127 
13.359999999982202, -0.8229153223676509 
13.369999999982179, -0.8227906545684779 
13.379999999982156, -0.8226138297214923 
13.389999999982132, -0.8228772240912993 
13.399999999982109, -0.8233099912384911 
13.409999999982086, -0.8231571154835772 
13.419999999982062, -0.8268614441986292 
13.429999999982039, -0.8316635628002098 
13.439999999982016, -0.8314281276595814 
13.449999999981992, -0.8200015677955707 
13.459999999981969, -0.8150929689685199 
13.469999999981946, -0.8148864945821505 
13.479999999981922, -0.8132058317177022 
13.4899999999819, -0.8122650047030245 
13.499999999981876, -0.8121006924379346 
13.509999999981853, -0.8117789844122685 
13.51999999998183, -0.8115300260110836 
13.529999999981806, -0.8115368896339619 
13.539999999981783, -0.8115717157144138 
13.54999999998176, -0.8114423815770947 
13.559999999981736, -0.8127467266049182 
13.569999999981713, -0.8141849880316736 
13.57999999998169, -0.8139282784349727 
13.589999999981666, -0.8198676107699452 
13.599999999981643, -0.8240854108093706 
13.60999999998162, -0.8237788003891827 
13.619999999981596, -0.8193463100760325 
13.629999999981573, -0.8176368776351746 
13.63999999998155, -0.8174305716189854 
13.649999999981526, -0.8168331016969969 
13.659999999981503, -0.816462732016045 
13.66999999998148, -0.8163653807638491 
13.679999999981456, -0.8162287213754963 
13.689999999981433, -0.8160884638839174 
13.69999999998141, -0.8164856140848423 
13.709999999981386, -0.8168580876570481 
13.719999999981363, -0.8167085010851595 
13.72999999998134, -0.8231393921472108 
13.739999999981316, -0.8268146781441092 
13.749999999981293, -0.8263327521054021 
13.75999999998127, -0.8121456926917272 
13.769999999981247, -0.8098212159156278 
13.779999999981223, -0.8095052433290003 
13.7899999999812, -0.8081156273256013 
13.799999999981177, -0.807528199792038 
13.809999999981153, -0.8073699284081381 
13.81999999998113, -0.8071023310236753 
13.829999999981107, -0.8069218636548239 
13.839999999981083, -0.8070348995769677 
13.84999999998106, -0.8071193824245229 
13.859999999981037, -0.8070447169463784 
13.869999999981014, -0.8098859839368842 
13.87999999998099, -0.8115851079056768 
13.889999999980967, -0.8111093163540786 
13.899999999980944, -0.8023207014559259 
13.90999999998092, -0.8017087196546258 
13.919999999980897, -0.801314687150802 
13.929999999980874, -0.7992148871884612 
13.93999999998085, -0.79849964123605 
13.949999999980827, -0.7983225082286578 
13.959999999980804, -0.7980043591730859 
13.96999999998078, -0.7978065670165395 
13.979999999980757, -0.7978744567260848 
13.989999999980734, -0.7979204303397286 
13.99999999998071, -0.7978509715347079 
14.009999999980687, -0.8003595886316087 
14.019999999980664, -0.8019531299061354 
14.02999999998064, -0.8014942591626112 
14.039999999980617, -0.7920187041450977 
14.049999999980594, -0.7910740712092452 
14.05999999998057, -0.7907210602044892 
14.069999999980547, -0.7889395120808508 
14.079999999980524, -0.7882744917456558 
14.0899999999805, -0.7881189490025053 
14.099999999980477, -0.7878548913587018 
14.109999999980454, -0.7876797035165337 
14.11999999998043, -0.7878327427047068 
14.129999999980408, -0.7879923296365565 
14.139999999980384, -0.7878844932078837 
14.149999999980361, -0.7923516229340056 
14.159999999980338, -0.7954367570800872 
14.169999999980314, -0.7950113567324317 
14.179999999980291, -0.7819209891570689 
14.189999999980268, -0.7790252287697336 
14.199999999980244, -0.7787916389082502 
14.209999999980221, -0.7778963971419474 
14.219999999980198, -0.7774389938456646 
14.229999999980175, -0.7773382248720829 
14.239999999980151, -0.7772076354294092 
14.249999999980128, -0.7770721484918459 
14.259999999980105, -0.7776197947018241 
14.269999999980081, -0.7783251177531143 
14.279999999980058, -0.7781183875867075 
14.289999999980035, -0.7871332836009933 
14.299999999980011, -0.7938995610794388 
14.309999999979988, -0.7936567901330365 
14.319999999979965, -0.7899016939806031 
14.329999999979941, -0.7881855826259352 
14.339999999979918, -0.7880171061509239 
14.349999999979895, -0.787594887305751 
14.359999999979872, -0.7872994021237315 
14.369999999979848, -0.7872718190615435 
14.379999999979825, -0.787286350405717 
14.389999999979802, -0.7871530840513353 
14.399999999979778, -0.7884124811073432 
14.409999999979755, -0.7902554048066528 
14.419999999979732, -0.7900527359814572 
14.429999999979708, -0.7858002979920446 
14.439999999979685, -0.7834306402855711 
14.449999999979662, -0.7832748003018138 
14.459999999979638, -0.7816564992462812 
14.469999999979615, -0.7806671850458738 
14.479999999979592, -0.7805191202360222 
14.489999999979569, -0.7802799380171194 
14.499999999979545, -0.7800679472464971 
14.509999999979522, -0.7801798555094986 
14.519999999979499, -0.7804767357870083 
14.529999999979475, -0.7803445150214744 
14.539999999979452, -0.7836020579499255 
14.549999999979429, -0.790368712094602 
14.559999999979405, -0.7902782762440933 
14.569999999979382, -0.7832529904753256 
14.579999999979359, -0.7774559784985873 
14.589999999979335, -0.7773159136275749 
14.599999999979312, -0.7766922453773961 
14.609999999979289, -0.7762030159872165 
14.619999999979266, -0.7760938335429626 
14.629999999979242, -0.7760288535590947 
14.639999999979219, -0.7758760240502435 
14.649999999979196, -0.7763615948648434 
14.659999999979172, -0.7777293967061355 
14.669999999979149, -0.7776841539588328 
14.679999999979126, -0.7784543775129426 
14.689999999979102, -0.7828345223368065 
14.69999999997908, -0.7828520140963897 
14.709999999979056, -0.7812051435669638 
14.719999999979033, -0.7795175311041459 
14.72999999997901, -0.7793237597450654 
14.739999999978986, -0.7790643376514653 
14.749999999978963, -0.7788036248443538 
14.75999999997894, -0.7788000872449542 
14.769999999978916, -0.7790288745716509 
14.779999999978893, -0.7789485160753318 
14.78999999997887, -0.7801872740197736 
14.799999999978846, -0.7866264293752078 
14.809999999978823, -0.7868324706687718 
14.8199999999788, -0.7825597889625138 
14.829999999978776, -0.7720345417749428 
14.839999999978753, -0.7718734985385287 
14.84999999997873, -0.771313915822965 
14.859999999978706, -0.7706964521320204 
14.869999999978683, -0.7705302090537621 
14.87999999997866, -0.7704659997458727 
14.889999999978636, -0.7703257566249813 
14.899999999978613, -0.770551616024616 
14.90999999997859, -0.7720361007332569 
14.919999999978566, -0.7722416604686517 
14.929999999978543, -0.7716662833404376 
14.93999999997852, -0.7728756806828201 
14.949999999978496, -0.7731026895738602 
14.959999999978473, -0.7721844283533116 
14.96999999997845, -0.770472938669268 
14.979999999978427, -0.7701618655605249 
14.989999999978403, -0.7699798052248863 
14.99999999997838, -0.7697479849230683 
15.009999999978357, -0.769706033424294 
15.019999999978333, -0.77009559746018 
15.02999999997831, -0.7702001051474368 
15.039999999978287, -0.7704613581203053 
15.049999999978263, -0.7826246918073373 
15.05999999997824, -0.7839389613328586 
15.069999999978217, -0.7826940509842055 
15.079999999978194, -0.7758086340270567 
15.08999999997817, -0.7751770159748606 
15.099999999978147, -0.7748787154987231 
15.109999999978124, -0.7743938177408182 
15.1199999999781, -0.7741894668936892 
15.129999999978077, -0.7741915163726869 
15.139999999978054, -0.7741373236292894 
15.14999999997803, -0.7741803258884151 
15.159999999978007, -0.7764572222270314 
15.169999999977984, -0.7774001828706038 
15.17999999997796, -0.7767023680580837 
15.189999999977937, -0.7640271891235515 
15.199999999977914, -0.7633396341689415 
15.20999999997789, -0.7629507886267566 
15.219999999977867, -0.7617909298479872 
15.229999999977844, -0.7613778041065512 
15.23999999997782, -0.7612734491219703 
15.249999999977797, -0.7611269186733193 
15.259999999977774, -0.7610365732595371 
15.26999999997775, -0.7617616971181772 
15.279999999977727, -0.762412591466616 
15.289999999977704, -0.7621307184918322 
15.29999999997768, -0.7691720915549464 
15.309999999977657, -0.7714408154664146 
15.319999999977634, -0.7711268196964453 
15.32999999997761, -0.7689065778439119 
15.339999999977588, -0.7680452876186742 
15.349999999977564, -0.7678999634915634 
15.359999999977541, -0.767646888952157 
15.369999999977518, -0.7674639472423848 
15.379999999977494, -0.7676479702164579 
15.389999999977471, -0.7679450663872054 
15.399999999977448, -0.7677933800952984 
15.409999999977424, -0.7738552885804494 
15.419999999977401, -0.7805737350750308 
15.429999999977378, -0.7803529322236191 
15.439999999977355, -0.7742893968843306 
15.449999999977331, -0.7713836473456605 
15.459999999977308, -0.7712248004430764 
15.469999999977285, -0.7707350363594297 
15.479999999977261, -0.7703946166255641 
15.489999999977238, -0.7703475542943573 
15.499999999977215, -0.7703642582486409 
15.509999999977191, -0.7702285474189542 
15.519999999977168, -0.7714214268821263 
15.529999999977145, -0.7738805812427981 
15.539999999977121, -0.7737718408876468 
15.549999999977098, -0.7661221266109344 
15.559999999977075, -0.7575382571333868 
15.569999999977052, -0.7574445992048296 
15.579999999977028, -0.7565960516018404 
15.589999999977005, -0.7559356160503994 
15.599999999976982, -0.7558053056170755 
15.609999999976958, -0.7557173759916714 
15.619999999976935, -0.7555641705736825 
15.629999999976912, -0.7559669695093817 
15.639999999976888, -0.7574722058738016 
15.649999999976865, -0.7575150354403934 
15.659999999976842, -0.7558636562085257 
15.669999999976818, -0.7497444342287954 
15.679999999976795, -0.7497677820820368 
15.689999999976772, -0.7489452508513512 
15.699999999976749, -0.7479927439732557 
15.709999999976725, -0.7477934304381245 
15.719999999976702, -0.7476942458571405 
15.729999999976679, -0.7475451953003374 
15.739999999976655, -0.7477063491364886 
15.749999999976632, -0.7491370785715592 
15.759999999976609, -0.7494481640761756 
15.769999999976585, -0.7484684136976112 
15.779999999976562, -0.7392791832465497 
15.789999999976539, -0.7392110895921041 
15.799999999976515, -0.7387036139913304 
15.809999999976492, -0.7377703005699511 
15.819999999976469, -0.737493492633107 
15.829999999976446, -0.7374348576291344 
15.839999999976422, -0.737344099226519 
15.849999999976399, -0.7373591738115551 
15.859999999976376, -0.7394050017536418 
15.869999999976352, -0.740555942738379 
15.879999999976329, -0.7399443357180416 
15.889999999976306, -0.7254970399687487 
15.899999999976282, -0.7235647803898643 
15.90999999997626, -0.7233500692024852 
15.919999999976236, -0.7227997711311759 
15.929999999976213, -0.7225296073471981 
15.93999999997619, -0.7225594202623635 
15.949999999976166, -0.7226688441245173 
15.959999999976143, -0.7225428907763302 
15.96999999997612, -0.727241391683585 
15.979999999976096, -0.7338847406701995 
15.989999999976073, -0.7337432727270403 
15.99999999997605, -0.7301360640617247 
16.009999999976028, -0.7280504838348706 
16.019999999976005, -0.727907413476743 
16.02999999997598, -0.7276587528259014 
16.039999999975958, -0.7274477395355483 
16.049999999975935, -0.7275895549204857 
16.05999999997591, -0.7281931763319442 
16.069999999975888, -0.7281611826937375 
16.079999999975865, -0.7296565463959409 
16.08999999997584, -0.7384726382810137 
16.099999999975818, -0.7386041244466345 
16.109999999975795, -0.7375779175104759 
16.11999999997577, -0.7363403325067668 
16.129999999975748, -0.7361236424989147 
16.139999999975725, -0.7360076845082454 
16.1499999999757, -0.7358523302802972 
16.15999999997568, -0.735984664162079 
16.169999999975655, -0.7373752096834251 
16.17999999997563, -0.7377421886024172 
16.18999999997561, -0.7367146348781238 
16.199999999975585, -0.7239494835016357 
16.20999999997556, -0.7236262994251812 
16.21999999997554, -0.7232339855794645 
16.229999999975515, -0.7225141067092333 
16.239999999975492, -0.7222667146548082 
16.24999999997547, -0.7222681544830142 
16.259999999975445, -0.7222609739998462 
16.269999999975422, -0.7222395575017697 
16.2799999999754, -0.7266772905913015 
16.289999999975375, -0.729445196274058 
16.299999999975352, -0.7290095346684613 
16.30999999997533, -0.7225585119523066 
16.319999999975305, -0.7208725740452305 
16.329999999975282, -0.7207261657126585 
16.33999999997526, -0.7204205535561545 
16.349999999975235, -0.7202251708478195 
16.359999999975212, -0.7204145543940329 
16.36999999997519, -0.7208661657588478 
16.379999999975166, -0.7207285094572617 
16.389999999975142, -0.7259040888526024 
16.39999999997512, -0.7339422195398636 
16.409999999975096, -0.7339016996615609 
16.419999999975072, -0.7325535095067454 
16.42999999997505, -0.7315330852798277 
16.439999999975026, -0.7313847524627212 
16.449999999975002, -0.7312658338017692 
16.45999999997498, -0.7311087744029319 
16.469999999974956, -0.7314371371584215 
16.479999999974932, -0.7330292164554625 
16.48999999997491, -0.7331697075387145 
16.499999999974886, -0.7306639588993595 
16.509999999974863, -0.7169053630901759 
16.51999999997484, -0.7167693593022797 
16.529999999974816, -0.716318136471598 
16.539999999974793, -0.7157688629131662 
16.54999999997477, -0.7156122101272927 
16.559999999974746, -0.7156833057489661 
16.569999999974723, -0.7156864673042796 
16.5799999999747, -0.7158491284206502 
16.589999999974676, -0.7245178352711289 
16.599999999974653, -0.7265533127751357 
16.60999999997463, -0.7258562158601052 
16.619999999974606, -0.721695050774504 
16.629999999974583, -0.7209014896175457 
16.63999999997456, -0.7207543563856759 
16.649999999974536, -0.7205241602803262 
16.659999999974513, -0.7203969206300223 
16.66999999997449, -0.7208504028274234 
16.679999999974466, -0.7214692362082806 
16.689999999974443, -0.7212371859701592 
16.69999999997442, -0.7206365155429106 
16.709999999974396, -0.7191795251992166 
16.719999999974373, -0.719038245413594 
16.72999999997435, -0.7181229827735511 
16.739999999974327, -0.7176001001488163 
16.749999999974303, -0.7175224856276474 
16.75999999997428, -0.7175189976662346 
16.769999999974257, -0.7173957628213288 
16.779999999974233, -0.7186583379597605 
16.78999999997421, -0.7233114156136686 
16.799999999974187, -0.7234189392247592 
16.809999999974163, -0.719722348426275 
16.81999999997414, -0.7143281680977261 
16.829999999974117, -0.714112661948437 
16.839999999974093, -0.7138479450989843 
16.84999999997407, -0.7135854675749425 
16.859999999974047, -0.7135830108198941 
16.869999999974024, -0.7140774507888275 
16.879999999974, -0.7142192558007509 
16.889999999973977, -0.7141441543422955 
16.899999999973954, -0.7218815226175416 
16.90999999997393, -0.7223212018263402 
16.919999999973907, -0.7218007169817704 
16.929999999973884, -0.7206357350288783 
16.93999999997386, -0.7203049114694604 
16.949999999973837, -0.7202437326334531 
16.959999999973814, -0.7201666487616314 
16.96999999997379, -0.7201354658298585 
16.979999999973767, -0.7224076234326843 
16.989999999973744, -0.7241975104526553 
16.99999999997372, -0.7237706255208634 
17.009999999973697, -0.7136073467887895 
17.019999999973674, -0.711094338320669 
17.02999999997365, -0.7109445163846163 
17.039999999973627, -0.7105701556374328 
17.049999999973604, -0.7103440936004165 
17.05999999997358, -0.7104647508919566 
17.069999999973557, -0.7108336421345041 
17.079999999973534, -0.7107130046543205 
17.08999999997351, -0.7154099202269956 
17.099999999973488, -0.7253810484946991 
17.109999999973464, -0.725385611825675 
17.11999999997344, -0.7241323658589554 
17.129999999973418, -0.7230885721668682 
17.139999999973394, -0.7229305072943804 
17.14999999997337, -0.7228327395599553 
17.159999999973348, -0.7226892817801912 
17.169999999973324, -0.7230212889392373 
17.1799999999733, -0.7251377741569095 
17.189999999973278, -0.7254326310704792 
17.199999999973254, -0.7230690493705381 
17.20999999997323, -0.7090947350137532 
17.219999999973208, -0.7087369138076559 
17.229999999973185, -0.7084159742178255 
17.23999999997316, -0.7079965318827265 
17.249999999973138, -0.7078622130039235 
17.259999999973115, -0.7080454088216017 
17.26999999997309, -0.7081762755407356 
17.279999999973068, -0.70811548114403 
17.289999999973045, -0.721705476235111 
17.29999999997302, -0.7247114666473968 
17.309999999972998, -0.7243159301491815 
17.319999999972975, -0.7222783299935543 
17.32999999997295, -0.7216278088955378 
17.339999999972928, -0.721522146954639 
17.349999999972905, -0.7213834405531976 
17.35999999997288, -0.7212620449146492 
17.36999999997286, -0.7220802013665821 
17.379999999972835, -0.7234373811336327 
17.38999999997281, -0.723250140180558 
17.39999999997279, -0.7133832035355611 
17.409999999972765, -0.7061402331202885 
17.41999999997274, -0.7060328795110888 
17.42999999997272, -0.7055350177710817 
17.439999999972695, -0.7051875035281415 
17.449999999972672, -0.7051692891347017 
17.45999999997265, -0.7053839775741352 
17.469999999972625, -0.7053272858131796 
17.479999999972602, -0.7070069228453332 
17.48999999997258, -0.7212019495454619 
17.499999999972555, -0.7215563472707817 
17.509999999972532, -0.7203854473410425 
17.51999999997251, -0.7185924179090764 
17.529999999972485, -0.7183198073256326 
17.539999999972462, -0.7181987268665488 
17.54999999997244, -0.7180466778804795 
17.559999999972415, -0.7181146145146102 
17.569999999972392, -0.7196046181534084 
17.57999999997237, -0.7202441086447184 
17.589999999972346, -0.7193979512134674 
17.599999999972322, -0.7041343655297432 
17.6099999999723, -0.7029368827837554 
17.619999999972276, -0.7027026013604858 
17.629999999972252, -0.7022278448239283 
17.63999999997223, -0.702018249474716 
17.649999999972206, -0.7021369609406347 
17.659999999972182, -0.7023591046673782 
17.66999999997216, -0.7022042638803163 
17.679999999972136, -0.7113076003298802 
17.689999999972112, -0.7187501724758139 
17.69999999997209, -0.7186092367068605 
17.709999999972066, -0.7170169289228435 
17.719999999972043, -0.716140420087018 
17.72999999997202, -0.7160242632000721 
17.739999999971996, -0.7159241691761568 
17.749999999971973, -0.7157806742989052 
17.75999999997195, -0.7163939843283176 
17.769999999971926, -0.7186780354131191 
17.779999999971903, -0.7187608658716957 
17.78999999997188, -0.7142074258040769 
17.799999999971856, -0.7036983593039077 
17.809999999971833, -0.7035041430981348 
17.81999999997181, -0.7031734112387399 
17.829999999971786, -0.7028409014151208 
17.839999999971763, -0.7027838337176483 
17.84999999997174, -0.7031119124054901 
17.859999999971716, -0.7032348684123055 
17.869999999971693, -0.7032354398486677 
17.87999999997167, -0.715270270596989 
17.889999999971646, -0.7161265902238185 
17.899999999971623, -0.7156526469635417 
17.9099999999716, -0.714373519459398 
17.919999999971576, -0.7139937407461632 
17.929999999971553, -0.7139307147843132 
17.93999999997153, -0.7138622854535668 
17.949999999971507, -0.7137967747248989 
17.959999999971483, -0.7159980207486516 
17.96999999997146, -0.7182691291654787 
17.979999999971437, -0.7179589693278162 
17.989999999971413, -0.709755980120919 
17.99999999997139, -0.7068779121259213 
18.009999999971367, -0.7067449792972932 
18.019999999971343, -0.7064211652712906 
18.02999999997132, -0.7062008862322251 
18.039999999971297, -0.7063428747214475 
18.049999999971273, -0.706863136535896 
18.05999999997125, -0.7067904817905155 
18.069999999971227, -0.7084198713983568 
18.079999999971204, -0.7122252059760188 
18.08999999997118, -0.7122684476374277 
18.099999999971157, -0.7114819347612344 
18.109999999971134, -0.7107163300273772 
18.11999999997111, -0.7105597483835216 
18.129999999971087, -0.7105507189467135 
18.139999999971064, -0.7104699613714199 
18.14999999997104, -0.7108444712392101 
18.159999999971017, -0.7161776319086297 
18.169999999970994, -0.7171177365781087 
18.17999999997097, -0.715865682549098 
18.189999999970947, -0.7097997139774538 
18.199999999970924, -0.7091631602000315 
18.2099999999709, -0.7089849264777144 
18.219999999970877, -0.7087324264713886 
18.229999999970854, -0.7086332042395586 
18.23999999997083, -0.7091259247195445 
18.249999999970807, -0.709642837550955 
18.259999999970784, -0.7093469328205225 
18.26999999997076, -0.7052054857144138 
18.279999999970737, -0.7032410080278749 
18.289999999970714, -0.7030661889339346 
18.29999999997069, -0.7023237916462819 
18.309999999970668, -0.7019436516559496 
18.319999999970644, -0.7019210888896263 
18.32999999997062, -0.7020176946665347 
18.339999999970598, -0.701901635770159 
18.349999999970574, -0.7048358898776735 
18.35999999997055, -0.7142781793281667 
18.369999999970528, -0.714352290690365 
18.379999999970504, -0.7123062885932241 
18.38999999997048, -0.710315620250243 
18.399999999970458, -0.7101231331079015 
18.409999999970434, -0.7099706275046364 
18.41999999997041, -0.709801172462989 
18.429999999970388, -0.709973412753223 
18.439999999970365, -0.7114316147562119 
18.44999999997034, -0.7117689083905933 
18.459999999970318, -0.7102193883327107 
18.469999999970295, -0.6950378013307097 
18.47999999997027, -0.6945025237809932 
18.489999999970248, -0.6942233613815798 
18.499999999970225, -0.6938082536237858 
18.5099999999702, -0.6936595702444971 
18.519999999970178, -0.6938769317957799 
18.529999999970155, -0.6941244235249301 
18.53999999997013, -0.6939307393434959 
18.549999999970108, -0.7032651455610861 
18.559999999970085, -0.7055157211326882 
18.56999999997006, -0.7053071779350794 
18.57999999997004, -0.7042123021310788 
18.589999999970015, -0.703705868916058 
18.59999999996999, -0.7036426539245654 
18.60999999996997, -0.7036413494308817 
18.619999999969945, -0.7035195315334399 
18.62999999996992, -0.7053541100683298 
18.6399999999699, -0.7107850454434556 
18.649999999969875, -0.7108240214265076 
18.659999999969852, -0.7076001148275493 
18.66999999996983, -0.7043257015215727 
18.679999999969805, -0.7041354300128259 
18.689999999969782, -0.7039313236671798 
18.69999999996976, -0.703730145621416 
18.709999999969735, -0.7038361773565284 
18.719999999969712, -0.7048372130829539 
18.72999999996969, -0.7050870849025275 
18.739999999969665, -0.7039053449679874 
18.749999999969642, -0.6895135542781398 
18.75999999996962, -0.6890695194339189 
18.769999999969595, -0.6887678509236027 
18.779999999969572, -0.6883023536701207 
18.78999999996955, -0.6881381599529003 
18.799999999969526, -0.6883199089943212 
18.809999999969502, -0.6885460249359614 
18.81999999996948, -0.6883640620714191 
18.829999999969456, -0.6980804142602606 
18.839999999969432, -0.7007746986155756 
18.84999999996941, -0.7005824023675471 
18.859999999969386, -0.699518237334293 
18.869999999969362, -0.6990116962102764 
18.87999999996934, -0.6989510241415734 
18.889999999969316, -0.6989669445248049 
18.899999999969292, -0.6988480099455677 
18.90999999996927, -0.7007825716790904 
18.919999999969246, -0.7073481371641009 
18.929999999969223, -0.7074370857781315 
18.9399999999692, -0.7048632175180003 
18.949999999969176, -0.7020864106048064 
18.959999999969153, -0.7018805303151013 
18.96999999996913, -0.7017079508447648 
18.979999999969106, -0.7015265847744687 
18.989999999969083, -0.7016536071595701 
18.99999999996906, -0.7029610573134463 
19.009999999969036, -0.7033360875015797 
19.019999999969013, -0.7020233705956421 
19.02999999996899, -0.6868649628593466 
19.039999999968966, -0.6861664879625152 
19.049999999968943, -0.6859213866131323 
19.05999999996892, -0.6855382067182959 
19.069999999968896, -0.6853923645810858 
19.079999999968873, -0.6856648542007504 
19.08999999996885, -0.6860324279132193 
19.099999999968826, -0.685799332054637 
19.109999999968803, -0.6859153681150293 
19.11999999996878, -0.68424030945624 
19.129999999968756, -0.6841044007911714 
19.139999999968733, -0.6834401122096483 
19.14999999996871, -0.6830768344106276 
19.159999999968687, -0.6830739130808136 
19.169999999968663, -0.6832749754719062 
19.17999999996864, -0.6831926640043445 
19.189999999968617, -0.685841552126787 
19.199999999968593, -0.699347696847212 
19.20999999996857, -0.6995260778680272 
19.219999999968547, -0.6985987815703663 
19.229999999968523, -0.6975638486469236 
19.2399999999685, -0.6973700071643893 
19.249999999968477, -0.6973389381000773 
19.259999999968453, -0.6972628498100915 
19.26999999996843, -0.6974985898927841 
19.279999999968407, -0.7027432802572326 
19.289999999968384, -0.7041179431215404 
19.29999999996836, -0.7032595144520628 
19.309999999968337, -0.6982836193250339 
19.319999999968314, -0.6975154531186261 
19.32999999996829, -0.6973777533376974 
19.339999999968267, -0.697176886286947 
19.349999999968244, -0.6970721936653639 
19.35999999996822, -0.6977930620843047 
19.369999999968197, -0.6988153581797337 
19.379999999968174, -0.6985660465061561 
19.38999999996815, -0.6872571236481517 
19.399999999968127, -0.6816713471839562 
19.409999999968104, -0.6815579988229133 
19.41999999996808, -0.6811737208258489 
19.429999999968057, -0.6809192981096435 
19.439999999968034, -0.6810112891445678 
19.44999999996801, -0.6815590795897732 
19.459999999967987, -0.6815628571670438 
19.469999999967964, -0.680816898244411 
19.47999999996794, -0.6730533621508406 
19.489999999967917, -0.6729914725553372 
19.499999999967894, -0.6725945434585683 
19.50999999996787, -0.6721541563918497 
19.519999999967848, -0.6720476761439088 
19.529999999967824, -0.6723151218954083 
19.5399999999678, -0.6725170178198123 
19.549999999967778, -0.6722717133144883 
19.559999999967754, -0.6736060197238122 
19.56999999996773, -0.6731109774987364 
19.579999999967708, -0.6728919102824201 
19.589999999967684, -0.6722650985257741 
19.59999999996766, -0.671991879895949 
19.609999999967638, -0.672064961465088 
19.619999999967614, -0.6723351417685848 
19.62999999996759, -0.6722070251043738 
19.639999999967568, -0.6765704385261855 
19.649999999967545, -0.6816218644715711 
19.65999999996752, -0.6816107663164699 
19.669999999967498, -0.6808998719650089 
19.679999999967475, -0.6803579535429671 
19.68999999996745, -0.6802690432844776 
19.699999999967428, -0.6803953163300792 
19.709999999967405, -0.6803771447251306 
19.71999999996738, -0.6810298630040658 
19.729999999967358, -0.6958700492963472 
19.739999999967335, -0.696730681330765 
19.74999999996731, -0.6960681713311417 
19.759999999967288, -0.6946383614545841 
19.769999999967265, -0.694304473854372 
19.77999999996724, -0.6942527774922844 
19.78999999996722, -0.6941965177531828 
19.799999999967195, -0.6941721716765344 
19.80999999996717, -0.6977580955547448 
19.81999999996715, -0.7005890265680847 
19.829999999967125, -0.7002409098307132 
19.8399999999671, -0.6954451802241938 
19.84999999996708, -0.6939201184279191 
19.859999999967055, -0.693800065429322 
19.869999999967032, -0.6936030175800969 
19.87999999996701, -0.6934457061541924 
19.889999999966985, -0.6939089170005681 
19.899999999966962, -0.6952815341869963 
19.90999999996694, -0.69525272214025 
19.919999999966915, -0.6893626762989173 
19.929999999966892, -0.6789566059167215 
19.93999999996687, -0.6788102332584676 
19.949999999966845, -0.6784993756995399 
19.959999999966822, -0.6782201375364822 
19.9699999999668, -0.6782264820688388 
19.979999999966775, -0.678831088006197 
19.989999999966752, -0.6790685928676556 
19.99999999996673, -0.6783467312354698 
20.009999999966706, -0.6650601676400693 
20.019999999966682, -0.6642764777788961 
20.02999999996666, -0.6640460306931194 
20.039999999966636, -0.6636465807977714 
20.049999999966612, -0.6634891967320525 
20.05999999996659, -0.6637902773471542 
20.069999999966566, -0.6643293867137435 
20.079999999966542, -0.6641178347299961 
20.08999999996652, -0.654975641862328 
20.099999999966496, -0.6481871332510909 
20.109999999966472, -0.6480931934439994 
20.11999999996645, -0.6477601915683494 
20.129999999966426, -0.6475347526345948 
20.139999999966403, -0.6476949712493851 
20.14999999996638, -0.6487797391500602 
20.159999999966356, -0.6489770420692625 
20.169999999966333, -0.6466699131024527 
20.17999999996631, -0.6363894423217543 
20.189999999966286, -0.6359042982389458 
20.199999999966263, -0.6357574606695258 
20.20999999996624, -0.6355934196593643 
20.219999999966216, -0.6355751759109096 
20.229999999966193, -0.6377327170645894 
20.23999999996617, -0.6400187122538672 
20.249999999966146, -0.6397456554862032 
20.259999999966123, -0.6366664542344539 
20.2699999999661, -0.6355826198467944 
20.279999999966076, -0.635498551370084 
20.289999999966053, -0.6354818535048767 
20.29999999996603, -0.6353814110776511 
20.309999999966006, -0.6371106575049552 
20.319999999965983, -0.6489970094660509 
20.32999999996596, -0.6493502505527942 
20.339999999965936, -0.6485824309494918 
20.349999999965913, -0.6476643776525008 
20.35999999996589, -0.6474789637162193 
20.369999999965867, -0.6475631790530658 
20.379999999965843, -0.6476444124477044 
20.38999999996582, -0.6475622770401487 
20.399999999965797, -0.6590967915548661 
20.409999999965773, -0.6605659910663414 
20.41999999996575, -0.6603549324586264 
20.429999999965727, -0.659624015212764 
20.439999999965703, -0.6593102833184616 
20.44999999996568, -0.6593590068418455 
20.459999999965657, -0.6596289710631822 
20.469999999965633, -0.6595240518150299 
20.47999999996561, -0.66209978968382 
20.489999999965587, -0.664254606197797 
20.499999999965564, -0.6642612104822563 
20.50999999996554, -0.6637308510751005 
20.519999999965517, -0.6632851068200559 
20.529999999965494, -0.6632165761674056 
20.53999999996547, -0.6634931892098168 
20.549999999965447, -0.6636027514874322 
20.559999999965424, -0.6634328827575975 
20.5699999999654, -0.6639780982005831 
20.579999999965377, -0.6637756709633543 
20.589999999965354, -0.6634985926628874 
20.59999999996533, -0.6629515971811212 
20.609999999965307, -0.6627470573479206 
20.619999999965284, -0.6629100206651257 
20.62999999996526, -0.6632508055660409 
20.639999999965237, -0.6630692678334075 
20.649999999965214, -0.6621934819476513 
20.65999999996519, -0.6581221567973097 
20.669999999965167, -0.6580440411482128 
20.679999999965144, -0.6575664164680631 
20.68999999996512, -0.657258040335704 
20.699999999965097, -0.6572983039027591 
20.709999999965074, -0.6578072796466063 
20.71999999996505, -0.6578795462646801 
20.729999999965028, -0.6566896745178745 
20.739999999965004, -0.6432210850130052 
20.74999999996498, -0.6428795891242679 
20.759999999964958, -0.6426353871638033 
20.769999999964934, -0.6423358531136737 
20.77999999996491, -0.6422625657608869 
20.789999999964888, -0.6429779721420766 
20.799999999964864, -0.6438390112850934 
20.80999999996484, -0.6434898318078516 
20.819999999964818, -0.6346738387183453 
20.829999999964794, -0.6320818232910574 
20.83999999996477, -0.6319798410702424 
20.849999999964748, -0.6318262372215365 
20.859999999964725, -0.6316923737300718 
20.8699999999647, -0.6325077138034724 
20.879999999964678, -0.6370748817028522 
20.889999999964655, -0.637393013520878 
20.89999999996463, -0.6360126639093135 
20.909999999964608, -0.6341141646453775 
20.919999999964585, -0.6338609056827033 
20.92999999996456, -0.6338538174249482 
20.939999999964538, -0.6338536541350778 
20.949999999964515, -0.6338668907833505 
20.95999999996449, -0.6463879488260037 
20.969999999964468, -0.6499968295904491 
20.979999999964445, -0.649774649376024 
20.98999999996442, -0.6488607979338087 
20.9999999999644, -0.6484896646711802 
21.009999999964375, -0.6485098869608303 
21.01999999996435, -0.6487403467821877 
21.02999999996433, -0.6486477471515651 
21.039999999964305, -0.6509243311242014 
21.04999999996428, -0.653291844009781 
21.05999999996426, -0.6533085442082408 
21.069999999964235, -0.6528408991543188 
21.079999999964212, -0.6524262026107164 
21.08999999996419, -0.6523645379307133 
21.099999999964165, -0.6527350323800194 
21.109999999964142, -0.6529475378094995 
21.11999999996412, -0.6524553089718548 
21.129999999964095, -0.6402022254167767 
21.139999999964072, -0.6388963183707995 
21.14999999996405, -0.6387232136368654 
21.159999999964025, -0.638394512079195 
21.169999999964002, -0.6382471231873195 
21.17999999996398, -0.6387258013012822 
21.189999999963955, -0.6398998772140596 
21.199999999963932, -0.6397970352002516 
21.20999999996391, -0.6339184019211344 
21.219999999963886, -0.6293054372310939 
21.229999999963862, -0.6291533688120483 
21.23999999996384, -0.6290193306921452 
21.249999999963816, -0.6288914716500169 
21.259999999963792, -0.6292464613869783 
21.26999999996377, -0.6346109283089018 
21.279999999963746, -0.6357901996028162 
21.289999999963722, -0.6351138362623352 
21.2999999999637, -0.6332015842419959 
21.309999999963676, -0.6328000972655534 
21.319999999963652, -0.6327911832663232 
21.32999999996363, -0.6328556422000133 
21.339999999963606, -0.6327349016480058 
21.349999999963583, -0.6408511457248837 
21.35999999996356, -0.6485124269298352 
21.369999999963536, -0.6484607196524665 
21.379999999963513, -0.6477502896936488 
21.38999999996349, -0.6473164774564011 
21.399999999963466, -0.6472913457669067 
21.409999999963443, -0.6475898376469649 
21.41999999996342, -0.6476261798991336 
21.429999999963396, -0.6474264653060614 
21.439999999963373, -0.6415734874967927 
21.44999999996335, -0.6413504809060503 
21.459999999963326, -0.6410763318134358 
21.469999999963303, -0.6407081773004437 
21.47999999996328, -0.6406008441601776 
21.489999999963256, -0.6410956748245047 
21.499999999963233, -0.6417888086747673 
21.50999999996321, -0.6414875006204925 
21.519999999963186, -0.6311241732988349 
21.529999999963163, -0.6275130916047436 
21.53999999996314, -0.6274107232343954 
21.549999999963116, -0.6272308564748665 
21.559999999963093, -0.6270875685042316 
21.56999999996307, -0.6277122727917103 
21.579999999963047, -0.6316931690999286 
21.589999999963023, -0.6320857649615006 
21.599999999963, -0.6307682480998178 
21.609999999962977, -0.6286513470061685 
21.619999999962953, -0.6283647982739423 
21.62999999996293, -0.6283554156451312 
21.639999999962907, -0.6283673228470867 
21.649999999962883, -0.6283285694729736 
21.65999999996286, -0.6403857744121639 
21.669999999962837, -0.6446061659580973 
21.679999999962813, -0.6444337016549544 
21.68999999996279, -0.643628571086749 
21.699999999962767, -0.6432681640724139 
21.709999999962744, -0.6432981652948655 
21.71999999996272, -0.6436069356932664 
21.729999999962697, -0.6435506573962249 
21.739999999962674, -0.643478431529777 
21.74999999996265, -0.6367683715659685 
21.759999999962627, -0.636697263177779 
21.769999999962604, -0.6363737355200045 
21.77999999996258, -0.6360631317908856 
21.789999999962557, -0.6360368658229028 
21.799999999962534, -0.6367940265462352 
21.80999999996251, -0.637383674311541 
21.819999999962487, -0.6367835979482628 
21.829999999962464, -0.6267436747237315 
21.83999999996244, -0.625089271158384 
21.849999999962417, -0.6249889899165179 
21.859999999962394, -0.6248459737236912 
21.86999999996237, -0.6247282468284555 
21.879999999962347, -0.6261165582463768 
21.889999999962324, -0.6311466243836045 
21.8999999999623, -0.6312664963544556 
21.909999999962277, -0.6298077956978039 
21.919999999962254, -0.6285184791972143 
21.92999999996223, -0.6283520719310356 
21.939999999962208, -0.628399152868279 
21.949999999962184, -0.6284138053654088 
21.95999999996216, -0.6285180984456242 
21.969999999962138, -0.641566517942475 
21.979999999962114, -0.6425426274729353 
21.98999999996209, -0.6422894538503998 
21.999999999962068, -0.641658078679924 
22.009999999962044, -0.6414177291455871 
22.01999999996202, -0.6415592867669281 
22.029999999961998, -0.6419900981977156 
22.039999999961974, -0.6418606861466409 
22.04999999996195, -0.6364896443922853 
22.059999999961928, -0.6265452667949548 
22.069999999961905, -0.6264509842010016 
22.07999999996188, -0.6261811653418903 
22.089999999961858, -0.6259710055497547 
22.099999999961835, -0.6261114812599189 
22.10999999996181, -0.62789493915173 
22.119999999961788, -0.6285723097483568 
22.129999999961765, -0.6275996432355432 
22.13999999996174, -0.6229114022725695 
22.149999999961718, -0.6222602145288144 
22.159999999961695, -0.6221954821291589 
22.16999999996167, -0.62215795084948 
22.179999999961648, -0.622063302530599 
22.189999999961625, -0.6271003696563902 
22.1999999999616, -0.6358214251854187 
22.20999999996158, -0.6358004446577605 
22.219999999961555, -0.634868023839732 
22.22999999996153, -0.6342932135284104 
22.23999999996151, -0.6342314828012166 
22.249999999961485, -0.6344520629607342 
22.25999999996146, -0.634494330912305 
22.26999999996144, -0.6343842937608397 
22.279999999961415, -0.6300129365586669 
22.289999999961392, -0.6296701806805363 
22.29999999996137, -0.6294331627181318 
22.309999999961345, -0.629085331149633 
22.319999999961322, -0.6289718124874216 
22.3299999999613, -0.6295497877120458 
22.339999999961275, -0.6305537405784957 
22.349999999961252, -0.6303369730602372 
22.35999999996123, -0.6235504971493071 
22.369999999961205, -0.6204819137500771 
22.379999999961182, -0.6203686431036303 
22.38999999996116, -0.6202586704108665 
22.399999999961135, -0.6201425060343652 
22.409999999961112, -0.6208695244519885 
22.41999999996109, -0.6286956118421396 
22.429999999961066, -0.6294596563020391 
22.439999999961042, -0.6287492937589042 
22.44999999996102, -0.6275202973363089 
22.459999999960996, -0.6272613434366014 
22.469999999960972, -0.6273251389525573 
22.47999999996095, -0.6274673010555819 
22.489999999960926, -0.6272996325736413 
22.499999999960902, -0.631314403165248 
22.50999999996088, -0.6298805323013773 
22.519999999960856, -0.6297865909451461 
22.529999999960832, -0.6293548824070067 
22.53999999996081, -0.6291092748898447 
22.549999999960786, -0.6292621488836668 
22.559999999960763, -0.6302215102446426 
22.56999999996074, -0.6303625245465633 
22.579999999960716, -0.6277081814894756 
22.589999999960693, -0.6188456511547775 
22.59999999996067, -0.6184267279660761 
22.609999999960646, -0.6183086285788656 
22.619999999960623, -0.6181913366038194 
22.6299999999606, -0.6182011265131836 
22.639999999960576, -0.6225336021674904 
22.649999999960553, -0.626286960748838 
22.65999999996053, -0.626073388789499 
22.669999999960506, -0.6245558534328417 
22.679999999960483, -0.6239666792328308 
22.68999999996046, -0.6239330504160066 
22.699999999960436, -0.6240922871647393 
22.709999999960413, -0.6240349897647574 
22.71999999996039, -0.6252274223489073 
22.729999999960366, -0.6267215611117217 
22.739999999960343, -0.6267103899756512 
22.74999999996032, -0.6263833454603907 
22.759999999960296, -0.6260410812044215 
22.769999999960273, -0.6259858440909173 
22.77999999996025, -0.6266814640286574 
22.789999999960227, -0.6273854984313337 
22.799999999960203, -0.6269331422204116 
22.80999999996018, -0.6184866747279175 
22.819999999960157, -0.6165980241985899 
22.829999999960133, -0.6165067161638347 
22.83999999996011, -0.616399325114829 
22.849999999960087, -0.6162829330176456 
22.859999999960063, -0.6177632074742957 
22.86999999996004, -0.6256029938663971 
22.879999999960017, -0.625881998327879 
22.889999999959993, -0.6249646715654256 
22.89999999995997, -0.6240049121506118 
22.909999999959947, -0.6238390217063434 
22.919999999959924, -0.6239628090528112 
22.9299999999599, -0.6240862705693974 
22.939999999959877, -0.6238805594403133 
22.949999999959854, -0.6216642808687564 
22.95999999995983, -0.6199530775873175 
22.969999999959807, -0.6198139418746518 
22.979999999959784, -0.6194631656780852 
22.98999999995976, -0.6192893461835094 
22.999999999959737, -0.619694026810645 
23.009999999959714, -0.6212232563155341 
23.01999999995969, -0.6212732533007473 
23.029999999959667, -0.6180989212692711 
23.039999999959644, -0.6143021779472023 
23.04999999995962, -0.6140687590125574 
23.059999999959597, -0.614007959667122 
23.069999999959574, -0.6139485691909174 
23.07999999995955, -0.6141030055767046 
23.089999999959527, -0.6254709979443768 
23.099999999959504, -0.6283563320558392 
23.10999999995948, -0.6280871411555679 
23.119999999959457, -0.6272022537372074 
23.129999999959434, -0.6268859636338228 
23.13999999995941, -0.6269588362847555 
23.149999999959388, -0.6273093247473515 
23.159999999959364, -0.6272154842630271 
23.16999999995934, -0.6238707514200016 
23.179999999959318, -0.6125591990793643 
23.189999999959294, -0.612441815128196 
23.19999999995927, -0.612206472269731 
23.209999999959248, -0.6120101100418318 
23.219999999959224, -0.6121246895771338 
23.2299999999592, -0.6145105640717318 
23.239999999959178, -0.615733444705552 
23.249999999959154, -0.6151633789072948 
23.25999999995913, -0.6123694014180489 
23.269999999959108, -0.6117670725665618 
23.279999999959085, -0.6117369040566406 
23.28999999995906, -0.6118071645117996 
23.299999999959038, -0.6116952096546682 
23.309999999959015, -0.6164057755234632 
23.31999999995899, -0.6236619825568434 
23.329999999958968, -0.6236825806389453 
23.339999999958945, -0.6232351045877454 
23.34999999995892, -0.6228899811023475 
23.359999999958898, -0.6228884136288699 
23.369999999958875, -0.6235836839843667 
23.37999999995885, -0.6239763779302782 
23.389999999958828, -0.6230801862781805 
23.399999999958805, -0.6127118740420374 
23.40999999995878, -0.6115704704349305 
23.41999999995876, -0.6114740872844572 
23.429999999958735, -0.6113603765477378 
23.43999999995871, -0.611261993860244 
23.44999999995869, -0.6137708601322855 
23.459999999958665, -0.620502542223136 
23.46999999995864, -0.6205464874175978 
23.47999999995862, -0.619460003425158 
23.489999999958595, -0.6187117711544775 
23.499999999958572, -0.6186160304682662 
23.50999999995855, -0.6188052515085392 
23.519999999958525, -0.618889341390375 
23.529999999958502, -0.6185901871173772 
23.53999999995848, -0.6097152925613744 
23.549999999958455, -0.6087491909295338 
23.559999999958432, -0.608586002270401 
23.56999999995841, -0.6083202278500448 
23.579999999958385, -0.6082081763096125 
23.589999999958362, -0.6091462185981908 
23.59999999995834, -0.6115064390758265 
23.609999999958315, -0.6114629930446187 
23.619999999958292, -0.609062973030373 
23.62999999995827, -0.6075358061342803 
23.639999999958246, -0.6074019076529537 
23.649999999958222, -0.6074438639818381 
23.6599999999582, -0.6074342655763494 
23.669999999958176, -0.607700595487639 
23.679999999958152, -0.6175553254281216 
23.68999999995813, -0.6177050735690932 
23.699999999958106, -0.6174693314515337 
23.709999999958082, -0.6170421206572377 
23.71999999995806, -0.6168887161578407 
23.729999999958036, -0.6173094771133619 
23.739999999958012, -0.618312425761136 
23.74999999995799, -0.6181846536922097 
23.759999999957966, -0.6125407667380215 
23.769999999957943, -0.6088588340904245 
23.77999999995792, -0.6087170589053688 
23.789999999957896, -0.6086340349457412 
23.799999999957873, -0.6085423497812106 
23.80999999995785, -0.6090478989162134 
23.819999999957826, -0.6201270449904491 
23.829999999957803, -0.6214818437559774 
23.83999999995778, -0.6210615258024436 
23.849999999957756, -0.6201842841740741 
23.859999999957733, -0.6199372859848415 
23.86999999995771, -0.6200659289244802 
23.879999999957686, -0.6204078584283161 
23.889999999957663, -0.6202362437026268 
23.89999999995764, -0.6124876005907317 
23.909999999957616, -0.6042899493488512 
23.919999999957593, -0.6041961700031434 
23.92999999995757, -0.6039832709008398 
23.939999999957546, -0.6038235294926093 
23.949999999957523, -0.6041555873829045 
23.9599999999575, -0.6082039865531027 
23.969999999957476, -0.6091553101269207 
23.979999999957453, -0.6084532729736852 
23.98999999995743, -0.6067385765216187 
23.999999999957407, -0.606393441207294 
24.009999999957383, -0.6064329627396612 
24.01999999995736, -0.6066031565368903 
24.029999999957337, -0.6064475236933677 
24.039999999957313, -0.6053156889621049 
24.04999999995729, -0.599049144666412 
24.059999999957267, -0.5989803944661353 
24.069999999957243, -0.5987123151212628 
24.07999999995722, -0.598527433125732 
24.089999999957197, -0.5987904603111592 
24.099999999957173, -0.6017637609963431 
24.10999999995715, -0.6025808473587081 
24.119999999957127, -0.6017978227097911 
24.129999999957104, -0.5997480338307226 
24.13999999995708, -0.5993724053999453 
24.149999999957057, -0.5994001824884807 
24.159999999957034, -0.5995545623360546 
24.16999999995701, -0.5994039250964958 
24.179999999956987, -0.5983765274783255 
24.189999999956964, -0.5918072179821313 
24.19999999995694, -0.5917380552158115 
24.209999999956917, -0.5914890566120193 
24.219999999956894, -0.5913149922293833 
24.22999999995687, -0.5916017405443335 
24.239999999956847, -0.5953105292866452 
24.249999999956824, -0.5963188992242675 
24.2599999999568, -0.5956838215468855 
24.269999999956777, -0.5941134667074428 
24.279999999956754, -0.593782471127231 
24.28999999995673, -0.593849870937303 
24.299999999956707, -0.594105508751576 
24.309999999956684, -0.5939515467991602 
24.31999999995666, -0.5869169626874295 
24.329999999956637, -0.5780840358709495 
24.339999999956614, -0.5779793567498606 
24.34999999995659, -0.5778232746048557 
24.359999999956568, -0.5777015518184516 
24.369999999956544, -0.5780994621760943 
24.37999999995652, -0.5870874254476246 
24.389999999956498, -0.5887137865311852 
24.399999999956474, -0.5883679279784032 
24.40999999995645, -0.5876350350871694 
24.419999999956428, -0.5874217047736944 
24.429999999956404, -0.5876706239801848 
24.43999999995638, -0.5884240290594575 
24.449999999956358, -0.5883262260766168 
24.459999999956334, -0.5832265026013458 
24.46999999995631, -0.5794231374057118 
24.479999999956288, -0.5792633787555336 
24.489999999956265, -0.579235476658306 
24.49999999995624, -0.5792007050765481 
24.509999999956218, -0.5794436790823928 
24.519999999956195, -0.5913472069771661 
24.52999999995617, -0.5916463779494274 
24.539999999956148, -0.5914600754511502 
24.549999999956125, -0.5910947525807492 
24.5599999999561, -0.5909518215262274 
24.569999999956078, -0.5915738320805888 
24.579999999956055, -0.5935480739447784 
24.58999999995603, -0.5935595791496944 
24.599999999956008, -0.5913308321785714 
24.609999999955985, -0.5896638354131554 
24.61999999995596, -0.589510205020898 
24.62999999995594, -0.5895844132984566 
24.639999999955915, -0.5896355744554582 
24.64999999995589, -0.5894885051195319 
24.65999999995587, -0.5842235606500683 
24.669999999955845, -0.5827779688623874 
24.67999999995582, -0.58265201060717 
24.6899999999558, -0.5824284551258841 
24.699999999955775, -0.5823124571923728 
24.709999999955752, -0.5835824343892765 
24.71999999995573, -0.5884053453398782 
24.729999999955705, -0.588539243460309 
24.739999999955682, -0.5875227885220059 
24.74999999995566, -0.5867311486944335 
24.759999999955635, -0.5866267647759944 
24.769999999955612, -0.5869139911751428 
24.77999999995559, -0.5871724486549607 
24.789999999955565, -0.5865933426868805 
24.799999999955542, -0.5745874119144135 
24.80999999995552, -0.5728677964662808 
24.819999999955495, -0.5727914546456886 
24.829999999955472, -0.5727257058616207 
24.83999999995545, -0.5726238682623489 
24.849999999955426, -0.5756550113392886 
24.859999999955402, -0.5882807248806626 
24.86999999995538, -0.5884239598543537 
24.879999999955356, -0.5880173656801322 
24.889999999955332, -0.5876704572639952 
24.89999999995531, -0.587656638665978 
24.909999999955286, -0.588676648341892 
24.919999999955262, -0.5896150820617748 
24.92999999995524, -0.5891616346789401 
24.939999999955216, -0.58539069050464 
24.949999999955192, -0.5845137335825678 
24.95999999995517, -0.5844716399518733 
24.969999999955146, -0.5845645278678977 
24.979999999955123, -0.5844866666808318 
24.9899999999551, -0.5857095409849 
24.999999999955076, -0.5814608761486009 
