t, s[1].omega / s[0].omega 
0, -0.5399977478189183 
0.009999999999999995, -0.539805220964692 
0.019999999999999934, -0.5396653699674834 
0.029999999999999874, -0.5395469374843195 
0.04000000000000012, -0.5394112534762614 
0.050000000000000405, -0.5392251296451139 
0.06000000000000069, -0.5389689204573794 
0.07000000000000098, -0.5386378127213315 
0.08000000000000126, -0.5382390609114613 
0.09000000000000155, -0.5377895169556688 
0.10000000000000184, -0.5373167666693096 
0.11000000000000212, -0.5368660007356798 
0.12000000000000241, -0.5365149018025004 
0.130000000000002, -0.5364003310739752 
0.1400000000000009, -0.536762705097347 
0.1499999999999998, -0.5380146636843531 
0.1599999999999987, -0.5408334898762006 
0.1699999999999976, -0.5462436632917406 
0.1799999999999965, -0.5555625610138318 
0.1899999999999954, -0.5699285874336824 
0.1999999999999943, -0.5891821836313382 
0.2099999999999932, -0.6107813289598186 
0.2199999999999921, -0.6306261270310471 
0.229999999999991, -0.6458446733590578 
0.2399999999999899, -0.6562047501634486 
0.2499999999999888, -0.6629394422301755 
0.2599999999999877, -0.6673163676664638 
0.2699999999999866, -0.6701883548888504 
0.2799999999999855, -0.6720714454348922 
0.2899999999999844, -0.6732819325870374 
0.2999999999999833, -0.6740191876331607 
0.3099999999999822, -0.6744076767124084 
0.3199999999999811, -0.6745185491143703 
0.32999999999998, -0.674380577835591 
0.3399999999999789, -0.6739844048173007 
0.3499999999999778, -0.6732826472890304 
0.35999999999997667, -0.6721900438640942 
0.36999999999997557, -0.6705920632720628 
0.37999999999997447, -0.6683744592808533 
0.38999999999997337, -0.6654802224133839 
0.39999999999997227, -0.6619733385607315 
0.40999999999997117, -0.6580582482023768 
0.41999999999997006, -0.6540219516616487 
0.42999999999996896, -0.6501351118268281 
0.43999999999996786, -0.6465827267685513 
0.44999999999996676, -0.6434536890762408 
0.45999999999996566, -0.6407678398345891 
0.46999999999996456, -0.638509311041291 
0.47999999999996346, -0.6366501475247529 
0.48999999999996235, -0.6351621149036861 
0.49999999999996125, -0.6340202330926846 
0.5099999999999602, -0.6332021181174592 
0.519999999999959, -0.6326861050510987 
0.529999999999958, -0.6324498970493133 
0.5399999999999568, -0.6324705154860936 
0.5499999999999557, -0.6327256213157167 
0.5599999999999546, -0.6331958156721663 
0.5699999999999535, -0.633867273111901 
0.5799999999999524, -0.634733882706416 
0.5899999999999513, -0.6357977560652783 
0.5999999999999502, -0.6370664220761532 
0.6099999999999491, -0.6385446642148593 
0.619999999999948, -0.6402198863214126 
0.6299999999999469, -0.6420436460937742 
0.6399999999999458, -0.6439188294407896 
0.6499999999999447, -0.6457070203166507 
0.6599999999999436, -0.6472630972777873 
0.6699999999999425, -0.6484813824616806 
0.6799999999999414, -0.6493225824399915 
0.6899999999999403, -0.6498063647477068 
0.6999999999999392, -0.6499828878644335 
0.7099999999999381, -0.6499052146597353 
0.719999999999937, -0.649613298895047 
0.7299999999999359, -0.6491286762750514 
0.7399999999999348, -0.6484556509392551 
0.7499999999999337, -0.6475866994763526 
0.7599999999999326, -0.6465130821585743 
0.7699999999999315, -0.6452444185013884 
0.7799999999999304, -0.6438409044649921 
0.7899999999999293, -0.6424512455910331 
0.7999999999999282, -0.6413115379935423 
0.8099999999999271, -0.6405902185583998 
0.819999999999926, -0.6399774920704302 
0.8299999999999249, -0.6383476125779451 
0.8399999999999238, -0.6344538786818059 
0.8499999999999227, -0.6285359721163912 
0.8599999999999216, -0.6224684941140696 
0.8699999999999205, -0.617963719418668 
0.8799999999999194, -0.6154488443266419 
0.8899999999999183, -0.6144606424944224 
0.8999999999999172, -0.6143542413395612 
0.9099999999999161, -0.614641941326265 
0.919999999999915, -0.6150364808405879 
0.9299999999999139, -0.6153934859864411 
0.9399999999999128, -0.6156490890578408 
0.9499999999999117, -0.6157769370362632 
0.9599999999999106, -0.6157630129240725 
0.9699999999999095, -0.6155921688622719 
0.9799999999999084, -0.615242171008235 
0.9899999999999073, -0.6146840405745455 
0.9999999999999062, -0.6138895982797768 
1.0099999999999052, -0.6128464157614059 
1.019999999999904, -0.6115751093624636 
1.029999999999903, -0.6101371325116227 
1.039999999999902, -0.6086228418364656 
1.0499999999999008, -0.6071240129243756 
1.0599999999998997, -0.6057081420889022 
1.0699999999998986, -0.60440845277437 
1.0799999999998975, -0.6032298244509098 
1.0899999999998964, -0.6021622673747329 
1.0999999999998953, -0.6011939153460917 
1.1099999999998942, -0.600319740296528 
1.119999999999893, -0.5995459346508346 
1.129999999999892, -0.5988916568285585 
1.1399999999998909, -0.5983898274929523 
1.1499999999998898, -0.5980878810218535 
1.1599999999998887, -0.5980486926960565 
1.1699999999998876, -0.5983516534114528 
1.1799999999998865, -0.5990939414850784 
1.1899999999998854, -0.6003921097924618 
1.1999999999998843, -0.6023836968377176 
1.2099999999998832, -0.6052270698638369 
1.219999999999882, -0.6090943809598354 
1.229999999999881, -0.6141469795284884 
1.2399999999998799, -0.6204770554772947 
1.2499999999998788, -0.6280040663723638 
1.2599999999998777, -0.6363519582217582 
1.2699999999998766, -0.6448098401072484 
1.2799999999998755, -0.6525066871293614 
1.2899999999998744, -0.6587629606641447 
1.2999999999998733, -0.6633439609682085 
1.3099999999998722, -0.6664171186269994 
1.319999999999871, -0.6683304441849982 
1.32999999999987, -0.6694252282147035 
1.3399999999998689, -0.6699565749806463 
1.3499999999998678, -0.6700853206803002 
1.3599999999998666, -0.6698933055049238 
1.3699999999998655, -0.6693964032022809 
1.3799999999998644, -0.6685456346507934 
1.3899999999998633, -0.6672116379166445 
1.3999999999998622, -0.6651470835533053 
1.4099999999998611, -0.6619219812687336 
1.41999999999986, -0.6568420748747174 
1.429999999999859, -0.6489213347535225 
1.4399999999998578, -0.6371045067880773 
1.4499999999998567, -0.6209625413878798 
1.4599999999998556, -0.6015713332417378 
1.4699999999998545, -0.5814917320694885 
1.4799999999998534, -0.5634275674256871 
1.4899999999998523, -0.5489075730488356 
1.4999999999998512, -0.538128243794059 
1.5099999999998501, -0.5305347135022906 
1.519999999999849, -0.5253707721354767 
1.529999999999848, -0.5219536371173025 
1.5399999999998468, -0.5197527687343821 
1.5499999999998457, -0.5183833679286493 
1.5599999999998446, -0.5175758612620653 
1.5699999999998435, -0.5171451526092675 
1.5799999999998424, -0.5169661295717056 
1.5899999999998413, -0.5169558279768015 
1.5999999999998402, -0.517061135118557 
1.6099999999998391, -0.5172508594878782 
1.619999999999838, -0.5175111713571319 
1.629999999999837, -0.5178433144976753 
1.6399999999998358, -0.5182619477908412 
1.6499999999998347, -0.5187917768325273 
1.6599999999998336, -0.51946004820578 
1.6699999999998325, -0.5202838066907632 
1.6799999999998314, -0.5212538504282822 
1.6899999999998303, -0.5223217532884321 
1.6999999999998292, -0.523399988323616 
1.709999999999828, -0.5243820016673314 
1.719999999999827, -0.5251751961541039 
1.729999999999826, -0.5257266031821151 
1.7399999999998248, -0.526026234918022 
1.7499999999998237, -0.526091795374329 
1.7599999999998226, -0.5259486984639393 
1.7699999999998215, -0.5256149163129658 
1.7799999999998204, -0.5250917758921989 
1.7899999999998193, -0.5243572250225303 
1.7999999999998182, -0.5233567054025738 
1.809999999999817, -0.5219851409724765 
1.819999999999816, -0.5200484470722432 
1.8299999999998149, -0.5171819091661471 
1.8399999999998138, -0.5126913854948505 
1.8499999999998127, -0.5053216401117777 
1.8599999999998116, -0.4932026110773866 
1.8699999999998105, -0.4747196395923563 
1.8799999999998094, -0.4506251156092377 
1.8899999999998083, -0.425000837322831 
1.8999999999998072, -0.402588558930651 
1.909999999999806, -0.38566683762550213 
1.919999999999805, -0.3739857467921959 
1.9299999999998039, -0.36627534448480037 
1.9399999999998028, -0.36127527685859795 
1.9499999999998017, -0.35804988237540336 
1.9599999999998006, -0.3559769938322307 
1.9699999999997995, -0.3546610431419045 
1.9799999999997984, -0.35385530997049797 
1.9899999999997973, -0.3534082714591959 
1.9999999999997962, -0.3532300144880629 
2.0099999999998173, -0.3532724330206838 
2.0199999999998384, -0.35351852077040424 
2.0299999999998595, -0.35397781273567686 
2.0399999999998806, -0.3546861333773031 
2.0499999999999017, -0.35570812890442044 
2.059999999999923, -0.35714041820032877 
2.069999999999944, -0.359111094015559 
2.079999999999965, -0.36176691938060557 
2.089999999999986, -0.3652334263813196 
2.100000000000007, -0.36953344545653277 
2.1100000000000283, -0.37447911922304755 
2.1200000000000494, -0.379622398421952 
2.1300000000000705, -0.38437684699431957 
2.1400000000000916, -0.3882766650780417 
2.1500000000001127, -0.39115293094172954 
2.160000000000134, -0.3930964038083441 
2.170000000000155, -0.3943096549850703 
2.180000000000176, -0.3949905738837661 
2.190000000000197, -0.3952847721161568 
2.2000000000002182, -0.39528001550907615 
2.2100000000002393, -0.3950140190121339 
2.2200000000002604, -0.3944822030370896 
2.2300000000002815, -0.3936431181645563 
2.2400000000003026, -0.39242596292007825 
2.2500000000003237, -0.39074970859438063 
2.260000000000345, -0.38856371001486145 
2.270000000000366, -0.3859046512032632 
2.280000000000387, -0.38293292496903464 
2.290000000000408, -0.3799011898669357 
2.3000000000004293, -0.37706111113778534 
2.3100000000004504, -0.3745782373191394 
2.3200000000004715, -0.3725089563127056 
2.3300000000004926, -0.3708287484480162 
2.3400000000005137, -0.3694735510806447 
2.3500000000005348, -0.36837115243700363 
2.360000000000556, -0.36745869688253185 
2.370000000000577, -0.36669010573119065 
2.380000000000598, -0.36603795316612814 
2.390000000000619, -0.3654934202427281 
2.4000000000006403, -0.36506707645139136 
2.4100000000006614, -0.3647926908845033 
2.4200000000006825, -0.36473630507461735 
2.4300000000007036, -0.36501367907242954 
2.4400000000007247, -0.3658210652628612 
2.450000000000746, -0.36748659953000695 
2.460000000000767, -0.3705494116995837 
2.470000000000788, -0.37585857781925175 
2.480000000000809, -0.38461685030171366 
2.49000000000083, -0.3981072889301935 
2.5000000000008513, -0.4166109379932251 
2.5100000000008724, -0.43760459972602533 
2.5200000000008935, -0.45572839518338687 
2.5300000000009146, -0.4668751829804857 
2.5400000000009357, -0.4715655088275154 
2.550000000000957, -0.47282828654356807 
2.560000000000978, -0.47299776289683493 
2.570000000000999, -0.4730479650071698 
2.58000000000102, -0.47319897049370707 
2.5900000000010412, -0.4734248751554322 
2.6000000000010624, -0.4736626209734879 
2.6100000000010835, -0.47386597347459414 
2.6200000000011046, -0.4740084062398663 
2.6300000000011257, -0.47407535930705647 
2.6400000000011468, -0.47405741239450067 
2.650000000001168, -0.47394669386243465 
2.660000000001189, -0.47373680260843953 
2.67000000000121, -0.4734261988719067 
2.680000000001231, -0.47302415520677166 
2.6900000000012523, -0.47255628390931514 
2.7000000000012734, -0.4720648273066136 
2.7100000000012945, -0.47160041260508895 
2.7200000000013156, -0.4712074408299851 
2.7300000000013367, -0.47091001753383405 
2.740000000001358, -0.4707048960052497 
2.750000000001379, -0.4705639216228034 
2.7600000000014, -0.4704445200987837 
2.770000000001421, -0.47030361598038695 
2.780000000001442, -0.4701088032079751 
2.7900000000014633, -0.46984267835473015 
2.8000000000014844, -0.46950094790747754 
2.8100000000015055, -0.46908811782538995 
2.8200000000015266, -0.46861446492445014 
2.8300000000015477, -0.46809638398110387 
2.840000000001569, -0.4675612182943191 
2.85000000000159, -0.46705777889472505 
2.860000000001611, -0.46667396639279957 
2.870000000001632, -0.4665603787973559 
2.8800000000016532, -0.4669454164887233 
2.8900000000016743, -0.4680837025652842 
2.9000000000016954, -0.46998494246897343 
2.9100000000017165, -0.4717253309477016 
2.9200000000017377, -0.47068546761620356 
2.9300000000017588, -0.4635229637025988 
2.94000000000178, -0.4498036876783857 
2.950000000001801, -0.4335261835479288 
2.960000000001822, -0.4193136817359092 
2.970000000001843, -0.4090833680235849 
2.9800000000018643, -0.4024970000489089 
2.9900000000018854, -0.3985070315969622 
3.0000000000019065, -0.3961725745732619 
3.0100000000019276, -0.3948422477189136 
3.0200000000019487, -0.39410838835004036 
3.03000000000197, -0.3937265326196317 
3.040000000001991, -0.3935528892766768 
3.050000000002012, -0.39350416566607754 
3.060000000002033, -0.3935337901404092 
3.070000000002054, -0.39361878574693565 
3.0800000000020753, -0.39375341153162224 
3.0900000000020964, -0.3939469780967423 
3.1000000000021175, -0.3942236176024548 
3.1100000000021386, -0.39462152561102737 
3.1200000000021597, -0.3951889467041351 
3.130000000002181, -0.3959745366801703 
3.140000000002202, -0.39701086440065503 
3.150000000002223, -0.39829242305150075 
3.160000000002244, -0.3997556449007511 
3.1700000000022652, -0.40127661695135214 
3.1800000000022863, -0.40270022451998455 
3.1900000000023074, -0.40389134159232204 
3.2000000000023285, -0.40477449740164567 
3.2100000000023496, -0.40533754642279635 
3.2200000000023707, -0.40560710776734094 
3.230000000002392, -0.40561871988251363 
3.240000000002413, -0.40539519417566244 
3.250000000002434, -0.4049330888217373 
3.260000000002455, -0.40419119626122113 
3.2700000000024763, -0.40307455255077895 
3.2800000000024974, -0.4014095795967994 
3.2900000000025185, -0.39891309199958636 
3.3000000000025396, -0.39518023477210396 
3.3100000000025607, -0.3897618509947919 
3.3200000000025818, -0.38242208434002517 
3.330000000002603, -0.3735060676494386 
3.340000000002624, -0.36402334321800606 
3.350000000002645, -0.35517150762092664 
3.360000000002666, -0.34773253038134244 
3.3700000000026873, -0.341904020895902 
3.3800000000027084, -0.3375081605738524 
3.3900000000027295, -0.334242190132396 
3.4000000000027506, -0.3318188693803582 
3.4100000000027717, -0.3300135804461454 
3.420000000002793, -0.32866717659640793 
3.430000000002814, -0.327675192334948 
3.440000000002835, -0.3269763497709602 
3.450000000002856, -0.326544637720133 
3.460000000002877, -0.3263861517588739 
3.4700000000028983, -0.32654129873586213 
3.4800000000029194, -0.32709349810622756 
3.4900000000029405, -0.3281866776990037 
3.5000000000029616, -0.3300554082256818 
3.5100000000029827, -0.3330725524764714 
3.520000000003004, -0.3378160536715254 
3.530000000003025, -0.34513643191786897 
3.540000000003046, -0.35613902150817267 
3.550000000003067, -0.3718490834345192 
3.5600000000030882, -0.3922521427097748 
3.5700000000031094, -0.4150602940795311 
3.5800000000031305, -0.4360572396051139 
3.5900000000031516, -0.45190446153377517 
3.6000000000031727, -0.4621538795189192 
3.6100000000031938, -0.4682504808137421 
3.620000000003215, -0.4718025623149419 
3.630000000003236, -0.4739006845308216 
3.640000000003257, -0.47516149622062365 
3.650000000003278, -0.4759143601635567 
3.6600000000032993, -0.4763343397844845 
3.6700000000033204, -0.476513839009606 
3.6800000000033415, -0.4764980124580541 
3.6900000000033626, -0.4763023510265306 
3.7000000000033837, -0.47592288176341935 
3.710000000003405, -0.47534536094061347 
3.720000000003426, -0.47455765861124977 
3.730000000003447, -0.47356610643848807 
3.740000000003468, -0.4724101819284818 
3.750000000003489, -0.4711645014504168 
3.7600000000035103, -0.469921628669424 
3.7700000000035314, -0.46876384967855456 
3.7800000000035525, -0.46774110065297647 
3.7900000000035736, -0.46686528562909124 
3.8000000000035947, -0.4661186360580468 
3.810000000003616, -0.46546815909663736 
3.820000000003637, -0.4648794170128457 
3.830000000003658, -0.4643259392141908 
3.840000000003679, -0.46379357342882876 
3.8500000000037002, -0.46328151321038546 
3.8600000000037213, -0.46280284258984583 
3.8700000000037424, -0.46238726902080496 
3.8800000000037635, -0.46208828050743395 
3.8900000000037847, -0.46199717841313265 
3.9000000000038058, -0.46226761142225375 
3.910000000003827, -0.4631561192610614 
3.920000000003848, -0.46508542159733146 
3.930000000003869, -0.4687324952036927 
3.94000000000389, -0.47511631104357444 
3.9500000000039113, -0.4855728476213431 
3.9600000000039324, -0.5013310285694402 
3.9700000000039535, -0.5223577320406121 
3.9800000000039746, -0.5460015653210741 
3.9900000000039957, -0.5675998705009414 
4.000000000004016, -0.5837188846239558 
4.010000000003993, -0.5941455721424657 
4.02000000000397, -0.6005258793101753 
4.030000000003946, -0.604480972978829 
4.040000000003923, -0.6070200399850307 
4.0500000000039, -0.6086872506997094 
4.0600000000038765, -0.6097786249822549 
4.070000000003853, -0.6104657095215184 
4.08000000000383, -0.6108517103274778 
4.090000000003807, -0.6109960223430061 
4.100000000003783, -0.6109252249992785 
4.11000000000376, -0.6106379840315179 
4.120000000003737, -0.6101077086156603 
4.130000000003713, -0.6092869534231502 
4.14000000000369, -0.608119139606577 
4.150000000003667, -0.6065626733195104 
4.1600000000036434, -0.6046244674209753 
4.17000000000362, -0.6023843385830141 
4.180000000003597, -0.5999858645922057 
4.1900000000035735, -0.5975917302205971 
4.20000000000355, -0.5953333639645159 
4.210000000003527, -0.5932859876991934 
4.220000000003504, -0.5914736206998349 
4.23000000000348, -0.5898890343841388 
4.240000000003457, -0.5885137851574918 
4.250000000003434, -0.5873317380187346 
4.26000000000341, -0.5863358048060551 
4.270000000003387, -0.5855300775128691 
4.280000000003364, -0.5849296087249339 
4.2900000000033405, -0.5845593360612574 
4.300000000003317, -0.5844529655878608 
4.310000000003294, -0.584652290754798 
4.320000000003271, -0.5852073135488041 
4.330000000003247, -0.5861774058839886 
4.340000000003224, -0.5876333467729595 
4.350000000003201, -0.5896591239125698 
4.360000000003177, -0.5923505621619283 
4.370000000003154, -0.5958048767929325 
4.380000000003131, -0.6000918501636845 
4.390000000003107, -0.6051976952181196 
4.400000000003084, -0.6109475758849972 
4.410000000003061, -0.6169520385840134 
4.4200000000030375, -0.6226588612070529 
4.430000000003014, -0.627540824847045 
4.440000000002991, -0.6313023091183558 
4.450000000002968, -0.6339381753867384 
4.460000000002944, -0.6356321512747267 
4.470000000002921, -0.6366178898147439 
4.480000000002898, -0.6370931712062036 
4.490000000002874, -0.6371920654522534 
4.500000000002851, -0.6369856377492544 
4.510000000002828, -0.6364875445562048 
4.520000000002804, -0.6356524903795269 
4.530000000002781, -0.6343608636522343 
4.540000000002758, -0.6323828665471923 
4.5500000000027345, -0.6293150453493727 
4.560000000002711, -0.6244937096595273 
4.570000000002688, -0.6169444411259828 
4.580000000002665, -0.605557264928949 
4.590000000002641, -0.5897535244269136 
4.600000000002618, -0.5704506480579558 
4.610000000002595, -0.5502008044874093 
4.620000000002571, -0.5318485143305521 
4.630000000002548, -0.5170545419677115 
4.640000000002525, -0.5060575977964752 
4.6500000000025015, -0.498289208070165 
4.660000000002478, -0.4929712310325421 
4.670000000002455, -0.4894092783694618 
4.6800000000024315, -0.48707155180645534 
4.690000000002408, -0.485577549926278 
4.700000000002385, -0.4846636311125031 
4.710000000002362, -0.48415021374630174 
4.720000000002338, -0.48391667061746235 
4.730000000002315, -0.4838837170556314 
4.740000000002292, -0.4840017052842479 
4.750000000002268, -0.48424334123211266 
4.760000000002245, -0.48459964656258014 
4.770000000002222, -0.4850780072692837 
4.7800000000021985, -0.48570071863262887 
4.790000000002175, -0.4865017051484689 
4.800000000002152, -0.4875185852122015 
4.810000000002129, -0.48877775236149645 
4.820000000002105, -0.49027277565120436 
4.830000000002082, -0.4919426705963118 
4.840000000002059, -0.493665230866125 
4.850000000002035, -0.4952812617541033 
4.860000000002012, -0.49664543039873915 
4.870000000001989, -0.4976718954604425 
4.880000000001965, -0.4983446048517985 
4.890000000001942, -0.4986943933299228 
4.900000000001919, -0.4987666976491892 
4.9100000000018955, -0.49859733256942906 
4.920000000001872, -0.49819853361868977 
4.930000000001849, -0.4975493142507463 
4.940000000001826, -0.4965825507171194 
4.950000000001802, -0.4951607154966443 
4.960000000001779, -0.493030467168812 
4.970000000001756, -0.4897471931165505 
4.980000000001732, -0.48458309967841406 
4.990000000001709, -0.4765227050314705 
5.000000000001686, -0.46461626720686755 
5.0100000000016625, -0.44888274470487854 
5.020000000001639, -0.4310676933767665 
5.030000000001616, -0.4139460099162702 
5.0400000000015925, -0.399617581556071 
5.050000000001569, -0.3887166429006174 
5.060000000001546, -0.3808615410817805 
5.070000000001523, -0.37534166962352866 
5.080000000001499, -0.3714960387093536 
5.090000000001476, -0.36882316175810825 
5.100000000001453, -0.3669741574533982 
5.110000000001429, -0.36571642057904624 
5.120000000001406, -0.364899479352204 
5.130000000001383, -0.36443022792505414 
5.1400000000013595, -0.3642570605934564 
5.150000000001336, -0.36436099652491555 
5.160000000001313, -0.3647522488894018 
5.17000000000129, -0.36547135567554423 
5.180000000001266, -0.3665944368250547 
5.190000000001243, -0.36824198685333637 
5.20000000000122, -0.3705890626567486 
5.210000000001196, -0.37386999480767413 
5.220000000001173, -0.3783599063807576 
5.23000000000115, -0.38429830484653993 
5.240000000001126, -0.39171679811912963 
5.250000000001103, -0.40020619947906455 
5.26000000000108, -0.4088391036925845 
5.2700000000010565, -0.41650412522981883 
5.280000000001033, -0.4224740338797922 
5.29000000000101, -0.426654128056693 
5.300000000000987, -0.429367981846545 
5.310000000000963, -0.43103604562503434 
5.32000000000094, -0.4320016005976754 
5.330000000000917, -0.4324945760188011 
5.340000000000893, -0.43265084823636063 
5.35000000000087, -0.4325386139157791 
5.360000000000847, -0.4321772600625306 
5.3700000000008234, -0.4315488408900001 
5.3800000000008, -0.43060744287754915 
5.390000000000777, -0.42929441107168975 
5.4000000000007535, -0.42756738803742567 
5.41000000000073, -0.42544196143222707 
5.420000000000707, -0.4230238153339309 
5.430000000000684, -0.42049733925583127 
5.44000000000066, -0.41806481517432725 
5.450000000000637, -0.41587780473989894 
5.460000000000614, -0.4140061496777564 
5.47000000000059, -0.4124492050458371 
5.480000000000567, -0.41116538967881633 
5.490000000000544, -0.4100994299466129 
5.5000000000005205, -0.4092000949709516 
5.510000000000497, -0.40842916059080253 
5.520000000000474, -0.4077646977009518 
5.5300000000004506, -0.40720194446123603 
5.540000000000427, -0.40675454846214726 
5.550000000000404, -0.4064584147101248 
5.560000000000381, -0.4063802354598313 
5.570000000000357, -0.406633354253222 
5.580000000000334, -0.40740504474228273 
5.590000000000311, -0.4090012860232896 
5.600000000000287, -0.4119159615874472 
5.610000000000264, -0.41692412525500266 
5.620000000000241, -0.4251617428902315 
5.6300000000002175, -0.4380402886795559 
5.640000000000194, -0.4566410015705696 
5.650000000000171, -0.4802974670923964 
5.660000000000148, -0.5053685372077492 
5.670000000000124, -0.5267647557048007 
5.680000000000101, -0.5417034847501805 
5.690000000000078, -0.5508475841900937 
5.700000000000054, -0.5562192209485798 
5.710000000000031, -0.5594538672493119 
5.720000000000008, -0.5614887589884022 
5.729999999999984, -0.5628056026509712 
5.739999999999961, -0.5636555589597669 
5.749999999999938, -0.5641775047209012 
5.7599999999999145, -0.5644506581082832 
5.769999999999891, -0.56451728125283 
5.779999999999868, -0.5643927507882884 
5.789999999999845, -0.5640706166844754 
5.799999999999821, -0.5635270639705505 
5.809999999999798, -0.5627289205688244 
5.819999999999775, -0.5616489783997778 
5.829999999999751, -0.5602882471546498 
5.839999999999728, -0.5586953973842972 
5.849999999999705, -0.5569669393064461 
5.8599999999996815, -0.5552212202634375 
5.869999999999658, -0.5535611684661441 
5.879999999999635, -0.552049491980638 
5.8899999999996115, -0.5507062990246785 
5.899999999999588, -0.5495222169214526 
5.909999999999565, -0.5484754312392851 
5.919999999999542, -0.547545272042845 
5.929999999999518, -0.5467202735824518 
5.939999999999495, -0.5460018926677263 
5.949999999999472, -0.5454061681142621 
5.959999999999448, -0.5449652756295242 
5.969999999999425, -0.5447301161287226 
5.979999999999402, -0.544774445456937 
5.9899999999993785, -0.5452008054502573 
5.999999999999355, -0.546148495616964 
6.009999999999332, -0.5478036533328445 
6.019999999999309, -0.5504104728884862 
6.029999999999285, -0.5542792720059995 
6.039999999999262, -0.5597790241298581 
6.049999999999239, -0.5672866555769275 
6.059999999999215, -0.5770481052370708 
6.069999999999192, -0.5889215445734594 
6.079999999999169, -0.6020962630431993 
6.089999999999145, -0.6150989426050602 
6.099999999999122, -0.6263521328519038 
6.109999999999099, -0.6349378361359178 
6.1199999999990755, -0.6408477233096457 
6.129999999999052, -0.6446267789925572 
6.139999999999029, -0.6469187911655521 
6.149999999999006, -0.6482349665842763 
6.159999999998982, -0.6489142108265573 
6.169999999998959, -0.6491568098071414 
6.179999999998936, -0.6490642435294769 
6.189999999998912, -0.6486643246791514 
6.199999999998889, -0.6479190235012302 
6.209999999998866, -0.6467159963216695 
6.2199999999988425, -0.6448457985144227 
6.229999999998819, -0.6419737908604274 
6.239999999998796, -0.6376388046952493 
6.2499999999987725, -0.6313497059257012 
6.259999999998749, -0.6228502451433277 
6.269999999998726, -0.6124618211524128 
6.279999999998703, -0.6011638855999668 
6.289999999998679, -0.5901974156628003 
6.299999999998656, -0.5805171380352798 
6.309999999998633, -0.572551925851659 
6.319999999998609, -0.5663066583091023 
6.329999999998586, -0.561569638660152 
6.339999999998563, -0.5580671005449757 
6.3499999999985395, -0.5555399159600971 
6.359999999998516, -0.5537697410590752 
6.369999999998493, -0.552581700628245 
6.37999999999847, -0.5518390385138816 
6.389999999998446, -0.5514364455725778 
6.399999999998423, -0.551294307789853 
6.4099999999984, -0.5513543037036096 
6.419999999998376, -0.5515762514346305 
6.429999999998353, -0.5519360435164936 
6.43999999999833, -0.5524244372477009 
6.449999999998306, -0.5530461017892364 
6.459999999998283, -0.5538175844781323 
6.46999999999826, -0.5547620545910232 
6.4799999999982365, -0.5558985938381837 
6.489999999998213, -0.557225500900894 
6.49999999999819, -0.5587015326104563 
6.509999999998167, -0.5602356359307523 
6.519999999998143, -0.5616987008767924 
6.52999999999812, -0.562960044482272 
6.539999999998097, -0.5639291671604985 
6.549999999998073, -0.5645750248018618 
6.55999999999805, -0.5649147863842019 
6.569999999998027, -0.564987520525268 
6.5799999999980034, -0.5648307859223973 
6.58999999999798, -0.5644666428119903 
6.599999999997957, -0.5638944742391472 
6.6099999999979335, -0.5630853665039146 
6.61999999999791, -0.5619728095444254 
6.629999999997887, -0.5604331847991294 
6.639999999997864, -0.5582440959994854 
6.64999999999784, -0.5549971421355712 
6.659999999997817, -0.5499324246709698 
6.669999999997794, -0.5417149057856688 
6.67999999999777, -0.5284546578432537 
6.689999999997747, -0.5087419278163107 
6.699999999997724, -0.48377595793895195 
6.7099999999977005, -0.45792901472706377 
6.719999999997677, -0.4357980802665454 
6.729999999997654, -0.41935668081086225 
6.7399999999976306, -0.4081672072637194 
6.749999999997607, -0.4008957455086306 
6.759999999997584, -0.39627121800227605 
6.769999999997561, -0.39336136504314057 
6.779999999997537, -0.3915491823774495 
6.789999999997514, -0.3904433138585214 
6.799999999997491, -0.3897998595120217 
6.809999999997467, -0.3894685410591969 
6.819999999997444, -0.38935879722848443 
6.829999999997421, -0.3894194804274089 
6.8399999999973975, -0.3896274248432845 
6.849999999997374, -0.38998182266316966 
6.859999999997351, -0.3905023231725472 
6.869999999997328, -0.3912289694711518 
6.879999999997304, -0.39222157433119137 
6.889999999997281, -0.3935550200069726 
6.899999999997258, -0.39530543327588813 
6.909999999997234, -0.39752140058776264 
6.919999999997211, -0.40017900114517496 
6.929999999997188, -0.4031371356112813 
6.939999999997164, -0.40613503127610084 
6.949999999997141, -0.4088669289259542 
6.959999999997118, -0.4111000719023303 
6.9699999999970945, -0.41274549629097423 
6.979999999997071, -0.41383896348950283 
6.989999999997048, -0.41447465077756346 
6.999999999997025, -0.4147481351370835 
7.009999999997001, -0.4147272265059936 
7.019999999996978, -0.4144418933877542 
7.029999999996955, -0.4138804386263101 
7.039999999996931, -0.4129842184180973 
7.049999999996908, -0.41163938124515936 
7.059999999996885, -0.40967230874720173 
7.0699999999968615, -0.40686915994573153 
7.079999999996838, -0.4030525732027039 
7.089999999996815, -0.39822488933085987 
7.0999999999967915, -0.3926918502761038 
7.109999999996768, -0.3870098069352138 
7.119999999996745, -0.38174285182285084 
7.129999999996722, -0.3772394853631914 
7.139999999996698, -0.3735908400639743 
7.149999999996675, -0.37072008973151893 
7.159999999996652, -0.36848579232651013 
7.169999999996628, -0.3667457995729756 
7.179999999996605, -0.36538415463850715 
7.189999999996582, -0.36431750523541145 
7.1999999999965585, -0.36349338509746054 
7.209999999996535, -0.3628869411908259 
7.219999999996512, -0.36249926565526647 
7.229999999996489, -0.3623590180653601 
7.239999999996465, -0.3625287507712164 
7.249999999996442, -0.3631178975491278 
7.259999999996419, -0.3643055807314108 
7.269999999996395, -0.3663779154688176 
7.279999999996372, -0.3697848897353536 
7.289999999996349, -0.37521558420231377 
7.299999999996325, -0.3836603836824354 
7.309999999996302, -0.3963384974254288 
7.319999999996279, -0.4142059501790011 
7.3299999999962555, -0.4367868198258016 
7.339999999996232, -0.4610524198963938 
7.349999999996209, -0.4824506834631107 
7.359999999996186, -0.4980593563452155 
7.369999999996162, -0.5079908810410443 
7.379999999996139, -0.5139091529921883 
7.389999999996116, -0.5174032752366788 
7.399999999996092, -0.5195001515840296 
7.409999999996069, -0.5207752332487396 
7.419999999996046, -0.5215394130653632 
7.4299999999960225, -0.5219610215685984 
7.439999999995999, -0.5221298853054646 
7.449999999995976, -0.5220887566236373 
7.4599999999959525, -0.5218487191936725 
7.469999999995929, -0.5213979183505102 
7.479999999995906, -0.5207099045707376 
7.489999999995883, -0.5197567527967353 
7.499999999995859, -0.5185293223249154 
7.509999999995836, -0.5170592926925384 
7.519999999995813, -0.5154282257282248 
7.529999999995789, -0.5137508863005894 
7.539999999995766, -0.5121392737091103 
7.549999999995743, -0.5106706260373837 
7.5599999999957195, -0.5093764981746317 
7.569999999995696, -0.5082514457656903 
7.579999999995673, -0.5072700466314903 
7.58999999999565, -0.506402821180771 
7.599999999995626, -0.5056269471668495 
7.609999999995603, -0.50493172809038 
7.61999999999558, -0.5043208859454454 
7.629999999995556, -0.5038142311180567 
7.639999999995533, -0.5034507661612195 
7.64999999999551, -0.5032946347022921 
7.659999999995486, -0.5034450581581174 
7.669999999995463, -0.5040515709907745 
7.67999999999544, -0.5053361788030204 
7.6899999999954165, -0.5076237561651016 
7.699999999995393, -0.5113790380730584 
7.70999999999537, -0.5172378462238814 
7.719999999995347, -0.5259916664001234 
7.729999999995323, -0.5384298272917368 
7.7399999999953, -0.5549002457275563 
7.749999999995277, -0.57460191373629 
7.759999999995253, -0.5951835705989884 
7.76999999999523, -0.6135717532620453 
7.779999999995207, -0.627702205922086 
7.789999999995183, -0.6373454357063714 
7.79999999999516, -0.64344486417901 
7.809999999995137, -0.647148471102559 
7.8199999999951135, -0.6493433558812998 
7.82999999999509, -0.6506016679556652 
7.839999999995067, -0.6512621282872414 
7.849999999995044, -0.651513029522347 
7.85999999999502, -0.651446247315378 
7.869999999994997, -0.6510852377450727 
7.879999999994974, -0.6503944543076914 
7.88999999999495, -0.6492762179624472 
7.899999999994927, -0.6475623748557016 
7.909999999994904, -0.6450163309705684 
7.9199999999948805, -0.6413755493382571 
7.929999999994857, -0.6364656598595715 
7.939999999994834, -0.6303621637530341 
7.9499999999948106, -0.6234736411521363 
7.959999999994787, -0.6164235828206264 
7.969999999994764, -0.6098001986148873 
7.979999999994741, -0.6039764660374151 
7.989999999994717, -0.5990907486103655 
7.999999999994694, -0.5951229079033106 
8.00999999999467, -0.5919781321429998 
8.019999999994647, -0.5895413653431754 
8.029999999994624, -0.5877030152355066 
8.0399999999946, -0.5863673207387093 
8.049999999994577, -0.5854529146212977 
8.059999999994554, -0.5848910511849321 
8.06999999999453, -0.5846239461228383 
8.079999999994508, -0.5846039697596583 
8.089999999994484, -0.5847936545058671 
8.099999999994461, -0.5851662346969683 
8.109999999994438, -0.5857064078539074 
8.119999999994414, -0.586410890827504 
8.129999999994391, -0.5872879059121667 
8.139999999994368, -0.5883539721334622 
8.149999999994344, -0.5896257773660424 
8.159999999994321, -0.5911055360566757 
8.169999999994298, -0.5927615232772797 
8.179999999994275, -0.5945120763295967 
8.189999999994251, -0.5962276778923329 
8.199999999994228, -0.5977611954566914 
8.209999999994205, -0.5989948581388739 
8.219999999994181, -0.599873332588525 
8.229999999994158, -0.6004027712193002 
8.239999999994135, -0.6006249517610384 
8.249999999994111, -0.600588585527897 
8.259999999994088, -0.6003305609317525 
8.269999999994065, -0.5998672738391073 
8.279999999994041, -0.5991911044942799 
8.289999999994018, -0.5982673893889602 
8.299999999993995, -0.5970282673847138 
8.309999999993972, -0.5953586380141066 
8.319999999993948, -0.5930633334851582 
8.329999999993925, -0.5897895602028627 
8.339999999993902, -0.5848603818631603 
8.349999999993878, -0.5770223454911297 
8.359999999993855, -0.5644292361346768 
8.369999999993832, -0.5457167601626329 
8.379999999993808, -0.5221859958208247 
8.389999999993785, -0.4982029630958123 
8.399999999993762, -0.4781174939560559 
8.409999999993738, -0.4636097888793043 
8.419999999993715, -0.45408309227852117 
8.429999999993692, -0.44816808981070666 
8.439999999993669, -0.44461660204503534 
8.449999999993645, -0.4425365872501857 
8.459999999993622, -0.4413515789500709 
8.469999999993599, -0.44070527583861363 
8.479999999993575, -0.44038175680549047 
8.489999999993552, -0.4402514965641936 
8.499999999993529, -0.44023775157607625 
8.509999999993505, -0.4402966448225169 
8.519999999993482, -0.44040611870819824 
8.529999999993459, -0.4405606291600003 
8.539999999993436, -0.4407692973516001 
8.549999999993412, -0.44105522173156386 
8.559999999993389, -0.44145325302644994 
8.569999999993366, -0.4420035916626232 
8.579999999993342, -0.4427397039363097 
8.589999999993319, -0.44367133506982837 
8.599999999993296, -0.4447671627718172 
8.609999999993272, -0.44594686712858866 
8.619999999993249, -0.4470940661477962 
8.629999999993226, -0.44809061606800576 
8.639999999993202, -0.4488533204670243 
8.64999999999318, -0.44934941628204694 
8.659999999993156, -0.4495859734007814 
8.669999999993133, -0.44958710697515974 
8.67999999999311, -0.44937328653762443 
8.689999999993086, -0.44894701045545726 
8.699999999993063, -0.44828144526595565 
8.70999999999304, -0.4473056504797491 
8.719999999993016, -0.4458785232670812 
8.729999999992993, -0.4437419567166788 
8.73999999999297, -0.44044696431175073 
8.749999999992946, -0.4352767250862133 
8.759999999992923, -0.4272916659325915 
8.7699999999929, -0.4157621470366231 
8.779999999992876, -0.4010427917749174 
8.789999999992853, -0.3850261500127471 
8.79999999999283, -0.3701774128264724 
8.809999999992806, -0.3580659550471472 
8.819999999992783, -0.3489758492972004 
8.82999999999276, -0.3424453807451898 
8.839999999992736, -0.3378328724449541 
8.849999999992713, -0.33458339501897494 
8.85999999999269, -0.3322896431659483 
8.869999999992666, -0.33067418476496807 
8.879999999992643, -0.32955622484630187 
8.88999999999262, -0.3288235188026953 
8.899999999992596, -0.3284132616196135 
8.909999999992573, -0.32830106617191956 
8.91999999999255, -0.32849664195251543 
8.929999999992527, -0.32904547298719444 
8.939999999992503, -0.33003671176259086 
8.94999999999248, -0.3316182763581783 
8.959999999992457, -0.33402011654457764 
8.969999999992433, -0.3375837741986307 
8.97999999999241, -0.3427851247434343 
8.989999999992387, -0.3502064267300922 
8.999999999992363, -0.36035816496994727 
9.00999999999234, -0.37323617499426687 
9.019999999992317, -0.3877555037469571 
9.029999999992294, -0.4017744474332107 
9.03999999999227, -0.41323173043998007 
9.049999999992247, -0.4213426811572784 
9.059999999992224, -0.42655136383258246 
9.0699999999922, -0.4297291044316845 
9.079999999992177, -0.43162407676658726 
9.089999999992154, -0.4327307986686314 
9.09999999999213, -0.4333411464062328 
9.109999999992107, -0.4336175665214578 
9.119999999992084, -0.4336443629879295 
9.12999999999206, -0.43345743490339916 
9.139999999992037, -0.43306114823655734 
9.149999999992014, -0.4324403284956647 
9.15999999999199, -0.43157388716639894 
9.169999999991967, -0.430453986510907 
9.179999999991944, -0.4291079880639829 
9.18999999999192, -0.4276108181349295 
9.199999999991897, -0.42607367060512524 
9.209999999991874, -0.4246106658085145 
9.21999999999185, -0.42330437985917674 
9.229999999991827, -0.4221901299635865 
9.239999999991804, -0.4212611055982361 
9.24999999999178, -0.42048427461467214 
9.259999999991757, -0.41981730784503923 
9.269999999991734, -0.4192214472413231 
9.27999999999171, -0.41866879555825615 
9.289999999991688, -0.4181448621949409 
9.299999999991664, -0.4176487257719632 
9.309999999991641, -0.41719358546546503 
9.319999999991618, -0.4168101243496972 
9.329999999991594, -0.41655492212091216 
9.339999999991571, -0.4165267923005743 
9.349999999991548, -0.4168954668627406 
9.359999999991524, -0.4179487118192425 
9.369999999991501, -0.42016205688174957 
9.379999999991478, -0.4242767245759097 
9.389999999991455, -0.43130043245675187 
9.399999999991431, -0.44217409773330046 
9.409999999991408, -0.45671182089668444 
9.419999999991385, -0.4721575774292007 
9.429999999991361, -0.48378260007735785 
9.439999999991338, -0.4888662939218702 
9.449999999991315, -0.4889697481725473 
9.459999999991291, -0.4872512330650812 
9.469999999991268, -0.48565486878934483 
9.479999999991245, -0.4847125022731668 
9.489999999991221, -0.4843231305743987 
9.499999999991198, -0.48426308531812445 
9.509999999991175, -0.48435591864410643 
9.519999999991152, -0.48449251183845343 
9.529999999991128, -0.48461213859938745 
9.539999999991105, -0.4846820150834036 
9.549999999991082, -0.48468330494086437 
9.559999999991058, -0.4846034141005008 
9.569999999991035, -0.48443334931695803 
9.579999999991012, -0.4841693121058208 
9.589999999990988, -0.4838174485285271 
9.599999999990965, -0.4833990878102594 
9.609999999990942, -0.4829519535795964 
9.619999999990918, -0.4825235820817147 
9.629999999990895, -0.48215789162987466 
9.639999999990872, -0.48188093238216023 
9.649999999990849, -0.4816925329840613 
9.659999999990825, -0.4815672158148394 
9.669999999990802, -0.4814636895565007 
9.679999999990779, -0.48133868165443483 
9.689999999990755, -0.4811587948091298 
9.699999999990732, -0.4809057112522012 
9.709999999990709, -0.48057481124355633 
9.719999999990685, -0.4801709212606083 
9.729999999990662, -0.47970513755486444 
9.739999999990639, -0.4791950924795514 
9.749999999990616, -0.47866997065934525 
9.759999999990592, -0.47818176182172306 
9.769999999990569, -0.47782495642491574 
9.779999999990546, -0.4777659565724626 
9.789999999990522, -0.47827446338325813 
9.799999999990499, -0.47971493840728996 
9.809999999990476, -0.4823695637831246 
9.819999999990452, -0.48586519198309286 
9.829999999990429, -0.4882646986273146 
9.839999999990406, -0.48619216000768317 
9.849999999990382, -0.47774158613044404 
9.85999999999036, -0.46524303511029474 
9.869999999990336, -0.4530644498030953 
9.879999999990313, -0.4438139839532698 
9.88999999999029, -0.43776075128824843 
9.899999999990266, -0.4341349957370359 
9.909999999990243, -0.4320842613656918 
9.91999999999022, -0.4309788054334486 
9.929999999990196, -0.43041641356369464 
9.939999999990173, -0.4301560523413109 
9.94999999999015, -0.4300574146381912 
9.959999999990126, -0.43003995299837794 
9.969999999990103, -0.4300580701355817 
9.97999999999008, -0.4300872612723845 
9.989999999990056, -0.4301174049819453 
9.999999999990033, -0.4301506794854271 
10.00999999999001, -0.430201940064734 
10.019999999989986, -0.43029896429860226 
10.029999999989963, -0.4304796388385214 
10.03999999998994, -0.4307840529497035 
10.049999999989916, -0.4312416950129907 
10.059999999989893, -0.4318565201062959 
10.06999999998987, -0.43259523469227384 
10.079999999989846, -0.4333864802909762 
10.089999999989823, -0.4341367359903627 
10.0999999999898, -0.4347583700514682 
10.109999999989776, -0.4351937238956893 
10.119999999989753, -0.4354213490399966 
10.12999999998973, -0.4354452260828854 
10.139999999989707, -0.43527766303629 
10.149999999989683, -0.4349242609549118 
10.15999999998966, -0.4343722674912415 
10.169999999989637, -0.4335786713803258 
10.179999999989613, -0.43245166071769175 
10.18999999998959, -0.43081604450075445 
10.199999999989567, -0.4283493552023626 
10.209999999989543, -0.4244791915186843 
10.21999999998952, -0.41828036133712565 
10.229999999989497, -0.4085722581993477 
10.239999999989474, -0.3946040082838709 
10.24999999998945, -0.37723809454198903 
10.259999999989427, -0.3591750454207867 
10.269999999989404, -0.3432764994875157 
10.27999999998938, -0.33091239778661785 
10.289999999989357, -0.3219800758291834 
10.299999999989334, -0.315743662295779 
10.30999999998931, -0.31143130299874394 
10.319999999989287, -0.3084432127713117 
10.329999999989264, -0.3063647354771649 
10.33999999998924, -0.3049244772025105 
10.349999999989217, -0.3039513256549351 
10.359999999989194, -0.3033432452132354 
10.36999999998917, -0.30304783467640994 
10.379999999989147, -0.3030522372574802 
10.389999999989124, -0.3033806082797034 
10.3999999999891, -0.3040985988104844 
10.409999999989077, -0.3053255897174666 
10.419999999989054, -0.30725638799142085 
10.42999999998903, -0.3101937116521482 
10.439999999989007, -0.31458733851928666 
10.449999999988984, -0.32105518684619194 
10.45999999998896, -0.33030809024236607 
10.469999999988937, -0.34282092207168957 
10.479999999988914, -0.35815431973279954 
10.48999999998889, -0.37439559863223354 
10.499999999988868, -0.38881224594143265 
10.509999999988844, -0.3995969218460357 
10.519999999988821, -0.4066868566234721 
10.529999999988798, -0.41101889702857114 
10.539999999988774, -0.41359236865396065 
10.549999999988751, -0.4151097069346097 
10.559999999988728, -0.41599002723431305 
10.569999999988704, -0.4164672240344361 
10.579999999988681, -0.41666716126968695 
10.589999999988658, -0.41665323465131837 
10.599999999988635, -0.4164511927970729 
10.609999999988611, -0.41606370047488417 
10.619999999988588, -0.4154820741065405 
10.629999999988565, -0.414700001578663 
10.639999999988541, -0.4137300987047343 
10.649999999988518, -0.4126176284635328 
10.659999999988495, -0.41144085858230717 
10.669999999988471, -0.41029277717279033 
10.679999999988448, -0.40925319558469564 
10.689999999988425, -0.40836789171134624 
10.699999999988401, -0.40764371858884835 
10.709999999988378, -0.40705680528207544 
10.719999999988355, -0.40656660083528634 
10.729999999988332, -0.4061298949290168 
10.739999999988308, -0.4057110480889832 
10.749999999988285, -0.4052867707839364 
10.759999999988262, -0.40484632173833235 
10.769999999988238, -0.4043897651929453 
10.779999999988215, -0.4039270620318932 
10.789999999988192, -0.4034800177822232 
10.799999999988168, -0.4030886242145343 
10.809999999988145, -0.40282343668366155 
10.819999999988122, -0.40280540240752777 
10.829999999988098, -0.40323051780097074 
10.839999999988075, -0.4043781618759672 
10.849999999988052, -0.4065230461913081 
10.859999999988029, -0.4095475990439078 
10.869999999988005, -0.4120292743830457 
10.879999999987982, -0.41043853847242345 
10.889999999987959, -0.40096989701564867 
10.899999999987935, -0.3842420851935171 
10.909999999987912, -0.3657655168973914 
10.919999999987889, -0.35047596404586184 
10.929999999987865, -0.3397861934375998 
10.939999999987842, -0.33293184087739014 
10.949999999987819, -0.3287024692447195 
10.959999999987796, -0.32613196497783 
10.969999999987772, -0.3245830369765408 
10.979999999987749, -0.32366457036307444 
10.989999999987726, -0.3231433909180978 
10.999999999987702, -0.3228829671726792 
11.009999999987679, -0.3228060807585347 
11.019999999987656, -0.3228736198567531 
11.029999999987632, -0.3230735407316941 
11.039999999987609, -0.3234162766758429 
11.049999999987586, -0.32393421226223235 
11.059999999987562, -0.3246832340370166 
11.06999999998754, -0.32574391257820157 
11.079999999987516, -0.3272184486088061 
11.089999999987493, -0.3292167467755561 
11.09999999998747, -0.3318217902775616 
11.109999999987446, -0.3350279090739941 
11.119999999987423, -0.33867048282778855 
11.1299999999874, -0.3424101643380294 
11.139999999987376, -0.3458343949868282 
11.149999999987353, -0.34863082784341776 
11.15999999998733, -0.3506899484751501 
11.169999999987306, -0.3520721756583858 
11.179999999987283, -0.3529110294228425 
11.18999999998726, -0.35333719461659135 
11.199999999987236, -0.3534451975659615 
11.209999999987213, -0.3532867679627936 
11.21999999998719, -0.3528733984246178 
11.229999999987166, -0.3521799532540112 
11.239999999987143, -0.3511493583980943 
11.24999999998712, -0.3497047806223509 
11.259999999987096, -0.3477795588661689 
11.269999999987073, -0.3453686868002055 
11.27999999998705, -0.3425796817202581 
11.289999999987026, -0.3396338302968046 
11.299999999987003, -0.3367934507464159 
11.30999999998698, -0.3342636740319902 
11.319999999986956, -0.3321411803660999 
11.329999999986933, -0.3304259344140777 
11.33999999998691, -0.32906159225167925 
11.349999999986887, -0.32797228385125077 
11.359999999986863, -0.3270854089381288 
11.36999999998684, -0.3263425889590982 
11.379999999986817, -0.32570325971523034 
11.389999999986793, -0.3251445875823879 
11.39999999998677, -0.3246605733094393 
11.409999999986747, -0.3242626360124681 
11.419999999986723, -0.3239836411430751 
11.4299999999867, -0.3238875083805715 
11.439999999986677, -0.3240873062073077 
11.449999999986654, -0.32477540350716433 
11.45999999998663, -0.3262663325000464 
11.469999999986607, -0.32903377194262445 
11.479999999986584, -0.33365084382777305 
11.48999999998656, -0.34036181152528655 
11.499999999986537, -0.3478755537591921 
11.509999999986514, -0.3519711034310333 
11.51999999998649, -0.3473573834865614 
11.529999999986467, -0.3338090764523563 
11.539999999986444, -0.3172560885863241 
11.54999999998642, -0.30322716399289473 
11.559999999986397, -0.2933828490162402 
11.569999999986374, -0.28706394814211567 
11.57999999998635, -0.2831488592700618 
11.589999999986327, -0.28074895054818827 
11.599999999986304, -0.2792847039855323 
11.60999999998628, -0.2784041421486782 
11.619999999986257, -0.2778998194718471 
11.629999999986234, -0.2776526972981443 
11.63999999998621, -0.27759883368173655 
11.649999999986187, -0.2777112124787778 
11.659999999986164, -0.2779912123391755 
11.66999999998614, -0.2784664475242412 
11.679999999986117, -0.279193016535772 
11.689999999986094, -0.2802605103489028 
11.69999999998607, -0.2817972084561768 
11.709999999986048, -0.2839696896608661 
11.719999999986024, -0.2869638683034685 
11.729999999986001, -0.29092473463781254 
11.739999999985978, -0.29583701812690877 
11.749999999985954, -0.30138790949023286 
11.759999999985931, -0.3069584451199273 
11.769999999985908, -0.31186381386554607 
11.779999999985884, -0.315683031982292 
11.789999999985861, -0.31837131018292114 
11.799999999985838, -0.32012223787692123 
11.809999999985815, -0.32118503701488665 
11.819999999985791, -0.32176524419908475 
11.829999999985768, -0.322001111453598 
11.839999999985745, -0.32197217295994296 
11.849999999985721, -0.32171376556743947 
11.859999999985698, -0.32122960357404595 
11.869999999985675, -0.3205035734817823 
11.879999999985651, -0.31951517045955263 
11.889999999985628, -0.31826175042003785 
11.899999999985605, -0.3167832455436268 
11.909999999985581, -0.3151738861246497 
11.919999999985558, -0.3135650880286463 
11.929999999985535, -0.3120844791535636 
11.939999999985512, -0.3108179082254303 
11.949999999985488, -0.3097957265606818 
11.959999999985465, -0.3090015879501837 
11.969999999985442, -0.3083903258408898 
11.979999999985418, -0.30790529560667745 
11.989999999985395, -0.3074917818868279 
11.999999999985372, -0.30710536982959324 
12.009999999985348, -0.3067149047008959 
12.019999999985325, -0.3063010142041947 
12.029999999985302, -0.3058522840935561 
12.039999999985278, -0.3053609173494197 
12.049999999985255, -0.3048183004026722 
12.059999999985232, -0.3042087702527053 
12.069999999985209, -0.3034960486191529 
12.079999999985185, -0.302587761437512 
12.089999999985162, -0.30124244517260046 
12.099999999985139, -0.2988490466680446 
12.109999999985115, -0.29402691396610864 
12.119999999985092, -0.2843656639144289 
12.129999999985069, -0.267587699770051 
12.139999999985045, -0.244753080401253 
12.149999999985022, -0.22115928009053037 
12.159999999984999, -0.20182384891423086 
12.169999999984976, -0.18815827378525157 
12.179999999984952, -0.17915450822096962 
12.189999999984929, -0.17333433478387536 
12.199999999984906, -0.16954491412742295 
12.209999999984882, -0.167036677745183 
12.219999999984859, -0.16535364953081508 
12.229999999984836, -0.16422673584146008 
12.239999999984812, -0.16350334193958807 
12.249999999984789, -0.1631071602150583 
12.259999999984766, -0.16301865935438256 
12.269999999984742, -0.16327071756848666 
12.27999999998472, -0.1639583303745118 
12.289999999984696, -0.16526595161513283 
12.299999999984673, -0.16752150040811056 
12.30999999998465, -0.17129137936019256 
12.319999999984626, -0.17752496677055682 
12.329999999984603, -0.1876901782989636 
12.33999999998458, -0.20357094396824796 
12.349999999984556, -0.22585087653661257 
12.359999999984533, -0.25114721210932867 
12.36999999998451, -0.2717095481724164 
12.379999999984486, -0.28235814206823484 
12.389999999984463, -0.2850543873664989 
12.39999999998444, -0.28429786924124434 
12.409999999984416, -0.28285770780277647 
12.419999999984393, -0.28167910182157596 
12.42999999998437, -0.28089779820117644 
12.439999999984346, -0.28042798454260315 
12.449999999984323, -0.2801651393230043 
12.4599999999843, -0.28003250011144215 
12.469999999984276, -0.279982321998314 
12.479999999984253, -0.27998886962618846 
12.48999999998423, -0.2800428313941318 
12.499999999984206, -0.28014883054769124 
12.509999999984183, -0.280325655223681 
12.51999999998416, -0.28060816923271303 
12.529999999984136, -0.2810493373554342 
12.539999999984113, -0.2817202656630345 
12.54999999998409, -0.2827055116478512 
12.559999999984067, -0.28408959745973056 
12.569999999984043, -0.2859291664747994 
12.57999999998402, -0.2882089409539117 
12.589999999983997, -0.2907978836164157 
12.599999999983973, -0.29344836573263655 
12.60999999998395, -0.2958717007618139 
12.619999999983927, -0.29785164463039504 
12.629999999983903, -0.2993070762775368 
12.63999999998388, -0.30026966254322884 
12.649999999983857, -0.30082163329962186 
12.659999999983834, -0.30104500408312035 
12.66999999998381, -0.30099668457144524 
12.679999999983787, -0.3007009133219388 
12.689999999983764, -0.30014868823404417 
12.69999999998374, -0.2992999392958879 
12.709999999983717, -0.2980909005496821 
12.719999999983694, -0.2964545798580059 
12.72999999998367, -0.29436158244562105 
12.739999999983647, -0.29187194956547813 
12.749999999983624, -0.28915942424338986 
12.7599999999836, -0.28646848366971067 
12.769999999983577, -0.2840222791185038 
12.779999999983554, -0.2819514000304796 
12.78999999998353, -0.28028429568910596 
12.799999999983507, -0.2789796450151666 
12.809999999983484, -0.27796453774404123 
12.81999999998346, -0.2771611239673476 
12.829999999983437, -0.276501045518183 
12.839999999983414, -0.2759315344097609 
12.84999999998339, -0.27541635778268997 
12.859999999983367, -0.274933969290762 
12.869999999983344, -0.2744748891402965 
12.87999999998332, -0.2740398162985275 
12.889999999983297, -0.2736391296455199 
12.899999999983274, -0.27329313726165616 
12.90999999998325, -0.2730293591654081 
12.919999999983228, -0.2728637858207036 
12.929999999983204, -0.2727259857688594 
12.939999999983181, -0.2722254995972802 
12.949999999983158, -0.27009680945074727 
12.959999999983134, -0.2634820029670411 
12.969999999983111, -0.24869351792298572 
12.979999999983088, -0.22548833489087877 
12.989999999983064, -0.1998219925114331 
12.999999999983041, -0.17839710906715128 
13.009999999983018, -0.1633915015277957 
13.019999999982995, -0.15370173884777627 
13.029999999982971, -0.14757668511877303 
13.039999999982948, -0.14367252142507855 
13.049999999982925, -0.14113819159788876 
13.059999999982901, -0.1394690274006026 
13.069999999982878, -0.13837377911296816 
13.079999999982855, -0.13769050566790544 
13.089999999982831, -0.13733999202056651 
13.099999999982808, -0.13730367425683918 
13.109999999982785, -0.13761884844569913 
13.119999999982761, -0.13838964726507857 
13.129999999982738, -0.13981780301677418 
13.139999999982715, -0.14226357439735468 
13.149999999982692, -0.14635292342956158 
13.159999999982668, -0.1531370183786459 
13.169999999982645, -0.16421753438512524 
13.179999999982622, -0.18139603953728572 
13.189999999982598, -0.2048030836777789 
13.199999999982575, -0.22968471761160197 
13.209999999982552, -0.24765072021017268 
13.219999999982528, -0.2550753204491184 
13.229999999982505, -0.25552303277218597 
13.239999999982482, -0.25360394068373665 
13.249999999982458, -0.25161252321655475 
13.259999999982435, -0.25015248135425416 
13.269999999982412, -0.24920573072609736 
13.279999999982389, -0.24862778210289874 
13.289999999982365, -0.2482926495303977 
13.299999999982342, -0.24811580119009263 
13.309999999982319, -0.24804734980260848 
13.319999999982295, -0.24806265255072119 
13.329999999982272, -0.2481563222098881 
13.339999999982249, -0.24834007781185014 
13.349999999982225, -0.24864366850959438 
13.359999999982202, -0.24911777746523672 
13.369999999982179, -0.2498374173872219 
13.379999999982156, -0.25090350981846105 
13.389999999982132, -0.25243831519640864 
13.399999999982109, -0.25456610450383643 
13.409999999982086, -0.25736621414101013 
13.419999999982062, -0.26079436438467185 
13.429999999982039, -0.2646094592094529 
13.439999999982016, -0.26839446723246513 
13.449999999981992, -0.2717167758936244 
13.459999999981969, -0.2743156955266824 
13.469999999981946, -0.276157166395981 
13.479999999981922, -0.27735237236636845 
13.4899999999819, -0.2780514484888433 
13.499999999981876, -0.2783814053293127 
13.509999999981853, -0.27842714157581916 
13.51999999998183, -0.2782331240460258 
13.529999999981806, -0.27781095146563606 
13.539999999981783, -0.27714849093098937 
13.54999999998176, -0.2762225585272825 
13.559999999981736, -0.2750189060821334 
13.569999999981713, -0.27355875771110105 
13.57999999998169, -0.27191968186622667 
13.589999999981666, -0.27023077510934157 
13.599999999981643, -0.26863591702500617 
13.60999999998162, -0.26724747734420257 
13.619999999981596, -0.2661204680488945 
13.629999999981573, -0.26525468577625627 
13.63999999998155, -0.26461177820378673 
13.649999999981526, -0.26413386430900665 
13.659999999981503, -0.26375866944236326 
13.66999999998148, -0.26343041259077415 
13.679999999981456, -0.26310576935152674 
13.689999999981433, -0.26275450882215057 
13.69999999998141, -0.2623558675804944 
13.709999999981386, -0.2618925120341631 
13.719999999981363, -0.2613429790446272 
13.72999999998134, -0.26067113728913643 
13.739999999981316, -0.2598074780485967 
13.749999999981293, -0.2586104088060216 
13.75999999998127, -0.25678448005067 
13.769999999981247, -0.2537251352598885 
13.779999999981223, -0.24831535797671317 
13.7899999999812, -0.23897744345013883 
13.799999999981177, -0.22469389460598416 
13.809999999981153, -0.2068326927344953 
13.81999999998113, -0.1890765704290281 
13.829999999981107, -0.17455423574893392 
13.839999999981083, -0.16409211701833767 
13.84999999998106, -0.15700523570628122 
13.859999999981037, -0.15228512230977123 
13.869999999981014, -0.14911728866724466 
13.87999999998099, -0.14695287927832393 
13.889999999980967, -0.14544735622260158 
13.899999999980944, -0.14439226451197773 
13.90999999998092, -0.14366763943495742 
13.919999999980897, -0.1432140943632156 
13.929999999980874, -0.14301972709244912 
13.93999999998085, -0.1431190878110949 
13.949999999980827, -0.14360467615581415 
13.959999999980804, -0.14465516431258665 
13.96999999998078, -0.14658840743161278 
13.979999999980757, -0.1499463973258615 
13.989999999980734, -0.15558816316693955 
13.99999999998071, -0.16461316327797554 
14.009999999980687, -0.17748779575435306 
14.019999999980664, -0.1914592653947796 
14.02999999998064, -0.19854350752304534 
14.039999999980617, -0.1921094819325703 
14.049999999980594, -0.17640042981937762 
14.05999999998057, -0.16051328905611761 
14.069999999980547, -0.1487865222956993 
14.079999999980524, -0.1411724985094377 
14.0899999999805, -0.13642243254809688 
14.099999999980477, -0.13346402374757835 
14.109999999980454, -0.1316050836490154 
14.11999999998043, -0.13043738026706034 
14.129999999980408, -0.12972972929753004 
14.139999999980384, -0.12935859333529917 
14.149999999980361, -0.1292700421574123 
14.159999999980338, -0.12946264335702015 
14.169999999980314, -0.12998528970082054 
14.179999999980291, -0.1309486588163012 
14.189999999980268, -0.1325532708376253 
14.199999999980244, -0.1351410372429649 
14.209999999980221, -0.13927752555717895 
14.219999999980198, -0.14585223067415498 
14.229999999980175, -0.1560905081288569 
14.239999999980151, -0.1711226600883647 
14.249999999980128, -0.19059846330188085 
14.259999999980105, -0.21112175304128863 
14.269999999980081, -0.22772536289884343 
14.279999999980058, -0.23809931343010554 
14.289999999980035, -0.24346368363534623 
14.299999999980011, -0.24598981072845133 
14.309999999979988, -0.2471715576307331 
14.319999999979965, -0.24775436057351685 
14.329999999979941, -0.24806357772791743 
14.339999999979918, -0.24823594713549896 
14.349999999979895, -0.2483303776678903 
14.359999999979872, -0.248374716606118 
14.369999999979848, -0.248385398713795 
14.379999999979825, -0.24837688715584597 
14.389999999979802, -0.24836778503245233 
14.399999999979778, -0.2483859314324038 
14.409999999979755, -0.24847242117470353 
14.419999999979732, -0.24868321473382698 
14.429999999979708, -0.24908677523322176 
14.439999999979685, -0.24975645417319106 
14.449999999979662, -0.25075585765956826 
14.459999999979638, -0.2521147406341334 
14.469999999979615, -0.253797405146713 
14.479999999979592, -0.2556801076040298 
14.489999999979569, -0.25756672770893135 
14.499999999979545, -0.2592525731522409 
14.509999999979522, -0.26059740704582535 
14.519999999979499, -0.26155434211594 
14.529999999979475, -0.2621466276436351 
14.539999999979452, -0.2624254390901268 
14.549999999979429, -0.2624372903273376 
14.559999999979405, -0.26220721898076355 
14.569999999979382, -0.2617321727344382 
14.579999999979359, -0.2609793071795567 
14.589999999979335, -0.25988906057088285 
14.599999999979312, -0.25838900036461515 
14.609999999979289, -0.2564275426566426 
14.619999999979266, -0.25402693874992743 
14.629999999979242, -0.2513259907045001 
14.639999999979219, -0.24856298824657644 
14.649999999979196, -0.24598967279233147 
14.659999999979172, -0.243779304787577 
14.669999999979149, -0.24199369723532738 
14.679999999979126, -0.24060764423471376 
14.689999999979102, -0.2395507306095525 
14.69999999997908, -0.23873962886297714 
14.709999999979056, -0.2380964074478204 
14.719999999979033, -0.23755706776967864 
14.72999999997901, -0.23707406235709988 
14.739999999978986, -0.23661493505918757 
14.749999999978963, -0.2361587405635134 
14.75999999997894, -0.2356915886507803 
14.769999999978916, -0.23520167924593283 
14.779999999978893, -0.2346722845429819 
14.78999999997887, -0.23406734608644425 
14.799999999978846, -0.23329557246213067 
14.809999999978823, -0.2321191454266335 
14.8199999999788, -0.22994222603845554 
14.829999999978776, -0.22543834859561945 
14.839999999978753, -0.21634449250162477 
14.84999999997873, -0.2006536904047679 
14.859999999978706, -0.17963606829599763 
14.869999999978683, -0.15835597134199164 
14.87999999997866, -0.14124313903393088 
14.889999999978636, -0.12931171685665713 
14.899999999978613, -0.12150772325391213 
14.90999999997859, -0.11647106884262273 
14.919999999978566, -0.11318034534421317 
14.929999999978543, -0.11098372267339111 
14.93999999997852, -0.10948892154685534 
14.949999999978496, -0.10846647160661424 
14.959999999978473, -0.10778827909460116 
14.96999999997845, -0.10739367896117705 
14.979999999978427, -0.10727431582600955 
14.989999999978403, -0.10747353074178838 
14.99999999997838, -0.10810049559281928 
15.009999999978357, -0.10936388875958536 
15.019999999978333, -0.11163349244368 
15.02999999997831, -0.11553129853606789 
15.039999999978287, -0.12199206648213731 
15.049999999978263, -0.13197414695682239 
15.05999999997824, -0.14490876947751588 
15.069999999978217, -0.15547787104821623 
15.079999999978194, -0.15436281820400352 
15.08999999997817, -0.13954987888558462 
15.099999999978147, -0.12026879669344448 
15.109999999978124, -0.1046001352379047 
15.1199999999781, -0.09415865422257952 
15.129999999978077, -0.08766265188731029 
15.139999999978054, -0.08365641083664725 
15.14999999997803, -0.08115292869444585 
15.159999999978007, -0.07956873895565444 
15.169999999977984, -0.0785750547313012 
15.17999999997796, -0.07799425418668186 
15.189999999977937, -0.07774217396574414 
15.199999999977914, -0.07780095692733516 
15.20999999997789, -0.0782127745331708 
15.219999999977867, -0.07909192638510193 
15.229999999977844, -0.08065980806573 
15.23999999997782, -0.0833151847406214 
15.249999999977797, -0.08775910167229045 
15.259999999977774, -0.095178278433342 
15.26999999997775, -0.10735728737751268 
15.279999999977727, -0.12609951690615084 
15.289999999977704, -0.15071469060126683 
15.29999999997768, -0.1748291960996051 
15.309999999977657, -0.1901238797103767 
15.319999999977634, -0.19527056664031553 
15.32999999997761, -0.1948955943518073 
15.339999999977588, -0.19301289639703173 
15.349999999977564, -0.1912673941688954 
15.359999999977541, -0.1900095847801609 
15.369999999977518, -0.18918267634169086 
15.379999999977494, -0.18866524969255427 
15.389999999977471, -0.1883605061255083 
15.399999999977448, -0.18820716385446887 
15.409999999977424, -0.18817347062196887 
15.419999999977401, -0.18825122798513452 
15.429999999977378, -0.1884533790759338 
15.439999999977355, -0.1888154327523333 
15.449999999977331, -0.18940040447706144 
15.459999999977308, -0.19030680140382655 
15.469999999977285, -0.19167845283197965 
15.479999999977261, -0.19371195138414404 
15.489999999977238, -0.19664859373049826 
15.499999999977215, -0.2007206271203131 
15.509999999977191, -0.20601162046292404 
15.519999999977168, -0.21224798095107458 
15.529999999977145, -0.21870722014537436 
15.539999999977121, -0.2244860323619823 
15.549999999977098, -0.22898445974358447 
15.559999999977075, -0.23211753299234816 
15.569999999977052, -0.23413562892253098 
15.579999999977028, -0.23536291992961794 
15.589999999977005, -0.2360611804251906 
15.599999999976982, -0.2364044423728994 
15.609999999976958, -0.23649656701023097 
15.619999999976935, -0.23639436531744407 
15.629999999976912, -0.23612616922297272 
15.639999999976888, -0.23570657558722688 
15.649999999976865, -0.23515001897229446 
15.659999999976842, -0.23448373396767774 
15.669999999976818, -0.2337567017207042 
15.679999999976795, -0.23303885150071446 
15.689999999976772, -0.23240845653345876 
15.699999999976749, -0.23193363826725455 
15.709999999976725, -0.23165723167983082 
15.719999999976702, -0.23158922188901032 
15.729999999976679, -0.2317052753536156 
15.739999999976655, -0.23195041464562266 
15.749999999976632, -0.23224980677858825 
15.759999999976609, -0.23252632522935027 
15.769999999976585, -0.23271779664782902 
15.779999999976562, -0.2327849246159417 
15.789999999976539, -0.23270733523966144 
15.799999999976515, -0.23247223016051427 
15.809999999976492, -0.23206096577923474 
15.819999999976469, -0.23143527918325252 
15.829999999976446, -0.23052148102442369 
15.839999999976422, -0.22919039245198122 
15.849999999976399, -0.2272359293239729 
15.859999999976376, -0.2243724146337179 
15.869999999976352, -0.22030228352684791 
15.879999999976329, -0.2149107952006398 
15.889999999976306, -0.2085148206267528 
15.899999999976282, -0.2018766888700331 
15.90999999997626, -0.19583064977585535 
15.919999999976236, -0.1908710137656167 
15.929999999976213, -0.1870743510242985 
15.93999999997619, -0.18427126868261873 
15.949999999976166, -0.18222405477631012 
15.959999999976143, -0.1807177379121502 
15.96999999997612, -0.17958649047563707 
15.979999999976096, -0.17871222955577742 
15.989999999976073, -0.17801570445478604 
15.99999999997605, -0.17744759003420796 
16.009999999976028, -0.1769817632761435 
16.019999999976005, -0.17661133826327619 
16.02999999997598, -0.17634753819722923 
16.039999999975958, -0.17622079768792728 
16.049999999975935, -0.1762810083374201 
16.05999999997591, -0.1765848915749148 
16.069999999975888, -0.1771299205936005 
16.079999999975865, -0.17762000519178117 
16.08999999997584, -0.17684614570641743 
16.099999999975818, -0.17175421973405997 
16.109999999975795, -0.15808678285505437 
16.11999999997577, -0.13540343085857326 
16.129999999975748, -0.11038395744487653 
16.139999999975725, -0.0901116846247095 
16.1499999999757, -0.07639033912199868 
16.15999999997568, -0.06776783878325968 
16.169999999975655, -0.06241211122174058 
16.17999999997563, -0.059027458232884675 
16.18999999997561, -0.05683248489806292 
16.199999999975585, -0.055378896746888874 
16.20999999997556, -0.05441485723820909 
16.21999999997554, -0.05380527139893321 
16.229999999975515, -0.053490418648931434 
16.239999999975492, -0.05346876282921285 
16.24999999997547, -0.05379751107530806 
16.259999999975445, -0.054610881332220675 
16.269999999975422, -0.05616111656162459 
16.2799999999754, -0.05888741921303409 
16.289999999975375, -0.06348962743770628 
16.299999999975352, -0.07083211439572039 
16.30999999997533, -0.08101574456035053 
16.319999999975305, -0.09054654067487967 
16.329999999975282, -0.09033626529775551 
16.33999999997526, -0.07466301087254462 
16.349999999975235, -0.05169717115902728 
16.359999999975212, -0.03229879053046012 
16.36999999997519, -0.01944532123036402 
16.379999999975166, -0.011618360954688786 
16.389999999975142, -0.006892635396265866 
16.39999999997512, -0.0039803805212407905 
16.409999999975096, -0.0021423775841137296 
16.419999999975072, -0.0009728504037314045 
16.42999999997505, -0.0002558043963463429 
16.439999999975026, -4.4848158152743203e-7 
16.449999999975002, -0.000022602298833046404 
16.45999999997498, -0.00034144229735853424 
16.469999999974956, -0.001148608266150924 
16.479999999974932, -0.0026927036668944553 
16.48999999997491, -0.0054296674696147395 
16.499999999974886, -0.010150810339386973 
16.509999999974863, -0.018060008380001002 
16.51999999997484, -0.030242184365623072 
16.529999999974816, -0.04498869004655685 
16.539999999974793, -0.05350943518891702 
16.54999999997477, -0.0456617697777011 
16.559999999974746, -0.025924688357981857 
16.569999999974723, -0.006844578495022706 
16.5799999999747, 0.0061096224158199725 
16.589999999974676, 0.013767339237313072 
16.599999999974653, 0.01819594537384433 
16.60999999997463, 0.02073373332940428 
16.619999999974606, 0.022158831911418854 
16.629999999974583, 0.022897457909381067 
16.63999999997456, 0.02317513128735457 
16.649999999974536, 0.023099182005295 
16.659999999974513, 0.022696890536263288 
16.66999999997449, 0.021924951428883593 
16.679999999974466, 0.02065470592383618 
16.689999999974443, 0.018627899038236032 
16.69999999997442, 0.015370397600795078 
16.709999999974396, 0.010063485962474018 
16.719999999974373, 0.0014975601380754493 
16.72999999997435, -0.010845161319205331 
16.739999999974327, -0.024734601279414552 
16.749999999974303, -0.030254775877208873 
16.75999999997428, -0.018519349553392697 
16.769999999974257, 0.0029438111981732623 
16.779999999974233, 0.02133879664147996 
16.78999999997421, 0.03331730725848656 
16.799999999974187, 0.04034474119103389 
16.809999999974163, 0.04436366312023292 
16.81999999997414, 0.04664947276799291 
16.829999999974117, 0.04791931562524895 
16.839999999974093, 0.0485594489194558 
16.84999999997407, 0.048770882343954026 
16.859999999974047, 0.04864505979519781 
16.869999999974024, 0.04819704161160908 
16.879999999974, 0.047371219855688984 
16.889999999973977, 0.0460233624816261 
16.899999999973954, 0.04387529025035792 
16.90999999997393, 0.04044140074119411 
16.919999999973907, 0.034982148762217495 
16.929999999973884, 0.026814102481948838 
16.93999999997386, 0.01705546210821806 
16.949999999973837, 0.01241567751622304 
16.959999999973814, 0.02301929420950522 
16.96999999997379, 0.04655843006433049 
16.979999999973767, 0.06926528177781323 
16.989999999973744, 0.08448503235240287 
16.99999999997372, 0.09333453412661104 
17.009999999973697, 0.09830091180199914 
17.019999999973674, 0.10108961718154277 
17.02999999997365, 0.10265051162606782 
17.039999999973627, 0.10348844830391893 
17.049999999973604, 0.10386966830019503 
17.05999999997358, 0.10393013435336693 
17.069999999973557, 0.10372806272246879 
17.079999999973534, 0.10326698284427849 
17.08999999997351, 0.10250356976034598 
17.099999999973488, 0.10135312966709438 
17.109999999973464, 0.09972490592287028 
17.11999999997344, 0.09769373102936199 
17.129999999973418, 0.09608863205709077 
17.139999999973394, 0.09772900488741496 
17.14999999997337, 0.1074464982789134 
17.159999999973348, 0.12623934329320727 
17.169999999973324, 0.14672177665354907 
17.1799999999733, 0.1619697899258369 
17.189999999973278, 0.1712687971757947 
17.199999999973254, 0.17653284089605056 
17.20999999997323, 0.1794632228096874 
17.219999999973208, 0.18108851434633152 
17.229999999973185, 0.18197528331979912 
17.23999999997316, 0.1824356018867915 
17.249999999973138, 0.1826483127238489 
17.259999999973115, 0.18272357557299812 
17.26999999997309, 0.182739365244804 
17.279999999973068, 0.1827675687113455 
17.289999999973045, 0.18290154397200467 
17.29999999997302, 0.18329501380825106 
17.309999999972998, 0.18421581821162664 
17.319999999972975, 0.1860847081622532 
17.32999999997295, 0.18938211875357752 
17.339999999972928, 0.19426669793204718 
17.349999999972905, 0.20011855246750393 
17.35999999997288, 0.2057382185834645 
17.36999999997286, 0.21019239963132272 
17.379999999972835, 0.21324838570305132 
17.38999999997281, 0.2151268605348114 
17.39999999997279, 0.216151790748336 
17.409999999972765, 0.2165916927659332 
17.41999999997274, 0.21663823545589347 
17.42999999997272, 0.21642901621281618 
17.439999999972695, 0.21607074307688207 
17.449999999972672, 0.21565125692371584 
17.45999999997265, 0.2152424537347128 
17.469999999972625, 0.21490046334993185 
17.479999999972602, 0.2146677491428599 
17.48999999997258, 0.2145773823062922 
17.499999999972555, 0.2146563526413669 
17.509999999972532, 0.21492383372403143 
17.51999999997251, 0.21538176861684838 
17.529999999972485, 0.21599982822507702 
17.539999999972462, 0.21670446334355803 
17.54999999997244, 0.2173852156714291 
17.559999999972415, 0.21792032815732076 
17.569999999972392, 0.21820445792513513 
17.57999999997237, 0.21815795618531522 
17.589999999972346, 0.21771529745044277 
17.599999999972322, 0.21680848357792662 
17.6099999999723, 0.2153670300705602 
17.619999999972276, 0.2133534910247009 
17.629999999972252, 0.21083525075890205 
17.63999999997223, 0.20804253823206795 
17.649999999972206, 0.20532280624989702 
17.659999999972182, 0.20298404507139237 
17.66999999997216, 0.20116491044084298 
17.679999999972136, 0.19983818738507225 
17.689999999972112, 0.19889555320507812 
17.69999999997209, 0.1982197542237492 
17.709999999972066, 0.1977140323138413 
17.719999999972043, 0.19730300323717453 
17.72999999997202, 0.1969225847009471 
17.739999999971996, 0.19650756319887158 
17.749999999971973, 0.19597852770500465 
17.75999999997195, 0.19522575333333103 
17.769999999971926, 0.19408392138222047 
17.779999999971903, 0.19228774603186136 
17.78999999997188, 0.1893989747883253 
17.799999999971856, 0.1847214233803278 
17.809999999971833, 0.17734142587257024 
17.81999999997181, 0.16670710888269658 
17.829999999971786, 0.15401487820093407 
17.839999999971763, 0.14263604547372927 
17.84999999997174, 0.13528471989086394 
17.859999999971716, 0.13173896347509279 
17.869999999971693, 0.1303606975301675 
17.87999999997167, 0.12988030222710015 
17.889999999971646, 0.12967590473820426 
17.899999999971623, 0.12949976164426585 
17.9099999999716, 0.1292588576741999 
17.919999999971576, 0.12890924954389693 
17.929999999971553, 0.1284099428330754 
17.93999999997153, 0.12769759935180242 
17.949999999971507, 0.12666156718163796 
17.959999999971483, 0.12510404942275932 
17.96999999997146, 0.12266508575579145 
17.979999999971437, 0.1186790836777337 
17.989999999971413, 0.1119286704002708 
17.99999999997139, 0.10040014988622996 
18.009999999971367, 0.08188150683024674 
18.019999999971343, 0.05753917594920653 
18.02999999997132, 0.03622699301700316 
18.039999999971297, 0.026659313729746642 
18.049999999971273, 0.026576782982291453 
18.05999999997125, 0.02958590172472473 
18.069999999971227, 0.0324211090995417 
18.079999999971204, 0.03436715143353789 
18.08999999997118, 0.035532914180081844 
18.099999999971157, 0.03613973416787543 
18.109999999971134, 0.03635284124061052 
18.11999999997111, 0.036267087943258045 
18.129999999971087, 0.03591862609765709 
18.139999999971064, 0.035291158607286675 
18.14999999997104, 0.03430925467321353 
18.159999999971017, 0.03281286500557074 
18.169999999970994, 0.030500923577488497 
18.17999999997097, 0.02682062683192808 
18.189999999970947, 0.020771714827981243 
18.199999999970924, 0.01065592153002756 
18.2099999999709, -0.005669151191048169 
18.219999999970877, -0.028838484083012216 
18.229999999970854, -0.053675758348041426 
18.23999999997083, -0.06940239366899834 
18.249999999970807, -0.07262663391929114 
18.259999999970784, -0.06934050102381975 
18.26999999997076, -0.06504064936277172 
18.279999999970737, -0.06165380752863521 
18.289999999970714, -0.059336093604222796 
18.29999999997069, -0.05782074733050032 
18.309999999970668, -0.05685090453602308 
18.319999999970644, -0.05625454285432745 
18.32999999997062, -0.0559335086790199 
18.339999999970598, -0.05584465270771345 
18.349999999970574, -0.05598928175265577 
18.35999999997055, -0.0564131128933378 
18.369999999970528, -0.057218059928054045 
18.379999999970504, -0.05859002736728238 
18.38999999997048, -0.06085126937057848 
18.399999999970458, -0.06454872121922944 
18.409999999970434, -0.07057496109122109 
18.41999999997041, -0.08022586830434242 
18.429999999970388, -0.09480639035395474 
18.439999999970365, -0.11409611613738971 
18.44999999997034, -0.13439038099499476 
18.459999999970318, -0.15016073401156332 
18.469999999970295, -0.15915844828864975 
18.47999999997027, -0.16313982352601303 
18.489999999970248, -0.16459083337154198 
18.499999999970225, -0.16502624202708321 
18.5099999999702, -0.16511198360592322 
18.519999999970178, -0.16509648772608787 
18.529999999970155, -0.16506411402577348 
18.53999999997013, -0.16504272841862494 
18.549999999970108, -0.1650443408374325 
18.559999999970085, -0.16508052480837493 
18.56999999997006, -0.16516961595571555 
18.57999999997004, -0.16534200449056086 
18.589999999970015, -0.165645651486261 
18.59999999996999, -0.16615224302919446 
18.60999999996997, -0.1669634981135583 
18.619999999969945, -0.16821580658816873 
18.62999999996992, -0.17007735427293164 
18.6399999999699, -0.17272283130338464 
18.649999999969875, -0.17626138507433411 
18.659999999969852, -0.180610233246474 
18.66999999996983, -0.18538750289858902 
18.679999999969805, -0.18998309696555407 
18.689999999969782, -0.19384287323116603 
18.69999999996976, -0.19671963193165093 
18.709999999969735, -0.19867187414778523 
18.719999999969712, -0.199901323989985 
18.72999999996969, -0.20061461768452515 
18.739999999969665, -0.20096717305170553 
18.749999999969642, -0.20105878391457516 
18.75999999996962, -0.20094651498140922 
18.769999999969595, -0.20065953780818213 
18.779999999969572, -0.20021287986516131 
18.78999999996955, -0.19962110864274676 
18.799999999969526, -0.19891193619198033 
18.809999999969502, -0.19813597739655192 
18.81999999996948, -0.19736640578569692 
18.829999999969456, -0.19668604453177693 
18.839999999969432, -0.1961681211073999 
18.84999999996941, -0.19586073275538007 
18.859999999969386, -0.1957793801823739 
18.869999999969362, -0.19590512687964817 
18.87999999996934, -0.19618643766695829 
18.889999999969316, -0.1965473287772683 
18.899999999969292, -0.19690395292545854 
18.90999999996927, -0.19718418681839822 
18.919999999969246, -0.1973397040641135 
18.929999999969223, -0.19734500237680247 
18.9399999999692, -0.19718673705337877 
18.949999999969176, -0.1968498303241297 
18.959999999969153, -0.19630386684064788 
18.96999999996913, -0.1954896538477681 
18.979999999969106, -0.19430532487727242 
18.989999999969083, -0.19259625497093663 
18.99999999996906, -0.1901659490577216 
19.009999999969036, -0.18684146646382163 
19.019999999969013, -0.18261273220104793 
19.02999999996899, -0.177769210112371 
19.039999999968966, -0.1728589837895917 
19.049999999968943, -0.1684320296931215 
19.05999999996892, -0.16480018350518305 
19.069999999968896, -0.16200545199416502 
19.079999999968873, -0.1599299866154119 
19.08999999996885, -0.15840724377081108 
19.099999999968826, -0.1572813330778871 
19.109999999968803, -0.15642663152914543 
19.11999999996878, -0.15574928811548958 
19.129999999968756, -0.1551827551161788 
19.139999999968733, -0.15468180696578387 
19.14999999996871, -0.15421636028721722 
19.159999999968687, -0.15376531446071523 
19.169999999968663, -0.15330954462976315 
19.17999999996864, -0.1528208764138192 
19.189999999968617, -0.15223853674481796 
19.199999999968593, -0.15141235025356564 
19.20999999996857, -0.14996914923973065 
19.219999999968547, -0.14704800560450557 
19.229999999968523, -0.14100230883414244 
19.2399999999685, -0.12979296757478032 
19.249999999968477, -0.11312441934690273 
19.259999999968453, -0.09435759394451083 
19.26999999996843, -0.07803038830755063 
19.279999999968407, -0.06615550754744287 
19.289999999968384, -0.0582771227968671 
19.29999999996836, -0.05319829820999768 
19.309999999968337, -0.049902008082755 
19.319999999968314, -0.0477123743201382 
19.32999999996829, -0.04621606508547193 
19.339999999968267, -0.045167392092892056 
19.349999999968244, -0.044423309072198186 
19.35999999996822, -0.04390525999111734 
19.369999999968197, -0.04357878658207254 
19.379999999968174, -0.04344452122697009 
19.38999999996815, -0.04353671761329396 
19.399999999968127, -0.043925149225939056 
19.409999999968104, -0.044708059452566076 
19.41999999996808, -0.04595145861166968 
19.429999999968057, -0.04743391728224315 
19.439999999968034, -0.047894238327837485 
19.44999999996801, -0.043812337896991176 
19.459999999967987, -0.030325516909949633 
19.469999999967964, -0.007819601534283047 
19.47999999996794, 0.01518069278711424 
19.489999999967917, 0.032203798445526115 
19.499999999967894, 0.04286532630786193 
19.50999999996787, 0.0491229063498637 
19.519999999967848, 0.05274973382841434 
19.529999999967824, 0.05485594118478896 
19.5399999999678, 0.05606994576872963 
19.549999999967778, 0.056740406368449424 
19.559999999967754, 0.057060655740072866 
19.56999999996773, 0.05713577397840739 
19.579999999967708, 0.057017359774935626 
19.589999999967684, 0.056721604607559394 
19.59999999996766, 0.0562409585034479 
19.609999999967638, 0.05556220213652617 
19.619999999967614, 0.054721725934857954 
19.62999999996759, 0.05398011520974253 
19.639999999967568, 0.054275938317279185 
19.649999999967545, 0.05792929252651598 
19.65999999996752, 0.06816517462813312 
19.669999999967498, 0.08509844683871386 
19.679999999967475, 0.10321098541442246 
19.68999999996745, 0.11717835050012708 
19.699999999967428, 0.12609499402689803 
19.709999999967405, 0.1313424834556153 
19.71999999996738, 0.13435302683313638 
19.729999999967358, 0.136065212582243 
19.739999999967335, 0.13702349070339412 
19.74999999996731, 0.13753812584744077 
19.759999999967288, 0.13779047306532383 
19.769999999967265, 0.1378922778596932 
19.77999999996724, 0.13791973874907454 
19.78999999996722, 0.13793696310907785 
19.799999999967195, 0.13801910345067678 
19.80999999996717, 0.13828482022054886 
19.81999999996715, 0.1389474226956964 
19.829999999967125, 0.14038004241048252 
19.8399999999671, 0.14312648708656478 
19.84999999996708, 0.14766974844654038 
19.859999999967055, 0.1538625888724265 
19.869999999967032, 0.16060565968971868 
19.87999999996701, 0.16652419411998862 
19.889999999966985, 0.17090278114877858 
19.899999999966962, 0.17377713398697917 
19.90999999996694, 0.17550174495371257 
19.919999999966915, 0.17643500519784627 
19.929999999966892, 0.17684511244077875 
19.93999999996687, 0.17691805624305984 
19.949999999966845, 0.1767858358147391 
19.959999999966822, 0.17654750148244333 
19.9699999999668, 0.1762802439022931 
19.979999999966775, 0.17604522757160052 
19.989999999966752, 0.1758928423732385 
19.99999999996673, 0.1758690732523781 
20.009999999966706, 0.1760215451370037 
20.019999999966682, 0.176401340525779 
20.02999999996666, 0.17705475864372755 
20.039999999966636, 0.1780000246679498 
20.049999999966612, 0.1791938011379031 
20.05999999996659, 0.18051171712791436 
20.069999999966566, 0.18177268022710127 
20.079999999966542, 0.1828015179628129 
20.08999999996652, 0.1834817921147583 
20.099999999966496, 0.18376301986056467 
20.109999999966472, 0.18363484339326072 
20.11999999996645, 0.1831014938061477 
20.129999999966426, 0.18217723439936234 
20.139999999966403, 0.18090438128436087 
20.14999999996638, 0.1793782480996182 
20.159999999966356, 0.1777502223947055 
20.169999999966333, 0.1761904949218555 
20.17999999996631, 0.17483135766963548 
20.189999999966286, 0.17373476084084463 
20.199999999966263, 0.17290045315871713 
20.20999999996624, 0.17229430032442036 
20.219999999966216, 0.17187223342887364 
20.229999999966193, 0.1715910025110145 
20.23999999996617, 0.17140831868863968 
20.249999999966146, 0.1712777162139866 
20.259999999966123, 0.17114251497788383 
20.2699999999661, 0.17093132528142277 
20.279999999966076, 0.1705545799815263 
20.289999999966053, 0.1698982112881201 
20.29999999996603, 0.1688095364599197 
20.309999999966006, 0.167075364153204 
20.319999999965983, 0.16440877579002192 
20.32999999996596, 0.16049755497085266 
20.339999999965936, 0.15520566184178733 
20.349999999965913, 0.14892160045471228 
20.35999999996589, 0.14267077740561107 
20.369999999965867, 0.1375476345469856 
20.379999999965843, 0.1339893817325225 
20.38999999996582, 0.1317597857078832 
20.399999999965797, 0.1304008633971151 
20.409999999965773, 0.1295355330984919 
20.41999999996575, 0.1289256732838259 
20.429999999965727, 0.1284329046843698 
20.439999999965703, 0.12797210744740772 
20.44999999996568, 0.12747845759454043 
20.459999999965657, 0.12688461968871972 
20.469999999965633, 0.12610081824044483 
20.47999999996561, 0.12499009310504991 
20.489999999965587, 0.12332882733186137 
20.499999999965564, 0.12073857521517788 
20.50999999996554, 0.11657778142362651 
20.519999999965517, 0.10983212601039742 
20.529999999965494, 0.09926234394325337 
20.53999999996547, 0.08449260316393153 
20.549999999965447, 0.06805799426896436 
20.559999999965424, 0.05489259029947781 
20.5699999999654, 0.04752745989209778 
20.579999999965377, 0.04454172435864003 
20.589999999965354, 0.04363735130864718 
20.59999999996533, 0.043439895663262694 
20.609999999965307, 0.04338472286267822 
20.619999999965284, 0.04328451237624326 
20.62999999996526, 0.043085899378448436 
20.639999999965237, 0.04277077820821182 
20.649999999965214, 0.042319243879476075 
20.65999999996519, 0.0416924918806909 
20.669999999965167, 0.04081802449757307 
20.679999999965144, 0.039567579953413555 
20.68999999996512, 0.037718006371429316 
20.699999999965097, 0.03488064260490244 
20.709999999965074, 0.030382028831498913 
20.71999999996505, 0.02310931204494246 
20.729999999965028, 0.011514024736606876 
20.739999999965004, -0.005395626240777782 
20.74999999996498, -0.02565829330296901 
20.759999999964958, -0.04367263814789232 
20.769999999964934, -0.05449516662061131 
20.77999999996491, -0.05876699756288667 
20.789999999964888, -0.05965507388935044 
20.799999999964864, -0.05937371155394859 
20.80999999996484, -0.05885905478567592 
20.819999999964818, -0.05840317387021789 
20.829999999964794, -0.0580684240450098 
20.83999999996477, -0.05785472943891977 
20.849999999964748, -0.05775545810500675 
20.859999999964725, -0.05777505155234576 
20.8699999999647, -0.05793642998382821 
20.879999999964678, -0.05828820298921431 
20.889999999964655, -0.05891612095156733 
20.89999999996463, -0.059962346784501394 
20.909999999964608, -0.061656816731489136 
20.919999999964585, -0.06436368417188046 
20.92999999996456, -0.06863213120402109 
20.939999999964538, -0.07518716675183444 
20.949999999964515, -0.08467298562805028 
20.95999999996449, -0.09691499394310027 
20.969999999964468, -0.11010548320554447 
20.979999999964445, -0.12143826407562859 
20.98999999996442, -0.12923950728088454 
20.9999999999644, -0.13378423023621405 
21.009999999964375, -0.13619478411005498 
21.01999999996435, -0.13743042283546478 
21.02999999996433, -0.13806186482156585 
21.039999999964305, -0.1383830996468107 
21.04999999996428, -0.13853949789017406 
21.05999999996426, -0.13860504375040764 
21.069999999964235, -0.13862193160087188 
21.079999999964212, -0.1386208962521004 
21.08999999996419, -0.13863305124624054 
21.099999999964165, -0.13869820052349954 
21.109999999964142, -0.1388713350428744 
21.11999999996412, -0.13922747239347047 
21.129999999964095, -0.13986440372742084 
21.139999999964072, -0.1409017713674756 
21.14999999996405, -0.1424708278278322 
21.159999999964025, -0.14468213530002028 
21.169999999964002, -0.1475579853358098 
21.17999999996398, -0.15094559885562028 
21.189999999963955, -0.15448927949005567 
21.199999999963932, -0.1577460823313135 
21.20999999996391, -0.16038786944688482 
21.219999999963886, -0.1623112722285252 
21.229999999963862, -0.16358955514402007 
21.23999999996384, -0.16436350031602268 
21.249999999963816, -0.1647653165067758 
21.259999999963792, -0.1648909142342742 
21.26999999996377, -0.1647995471823239 
21.279999999963746, -0.16452301150591866 
21.289999999963722, -0.16407732292021585 
21.2999999999637, -0.16347581431957486 
21.309999999963676, -0.16274323437525934 
21.319999999963652, -0.16192728584044508 
21.32999999996363, -0.16110084603810967 
21.339999999963606, -0.1603507266108787 
21.349999999963583, -0.15975796210615245 
21.35999999996356, -0.15938062114142018 
21.369999999963536, -0.15924528753232345 
21.379999999963513, -0.15934466366914368 
21.38999999996349, -0.159637366795987 
21.399999999963466, -0.160051773177675 
21.409999999963443, -0.1604989571897103 
21.41999999996342, -0.160893555065799 
21.429999999963396, -0.16117206739324416 
21.439999999963373, -0.16129835637014714 
21.44999999996335, -0.16125593030231916 
21.459999999963326, -0.16103397722710608 
21.469999999963303, -0.16061333282406617 
21.47999999996328, -0.1599544438666322 
21.489999999963256, -0.15898759676658883 
21.499999999963233, -0.1576085612467286 
21.50999999996321, -0.15569068991757257 
21.519999999963186, -0.15313237722332335 
21.529999999963163, -0.14994608382304733 
21.53999999996314, -0.1463387788721595 
21.549999999963116, -0.14268366977280966 
21.559999999963093, -0.13936224851943046 
21.56999999996307, -0.1366081461838593 
21.579999999963047, -0.13447291394055685 
21.589999999963023, -0.13288781779109066 
21.599999999963, -0.13173710893640297 
21.609999999962977, -0.13090222108441935 
21.619999999962953, -0.13027979949176588 
21.62999999996293, -0.12978663892378656 
21.639999999962907, -0.12935934743665234 
21.649999999962883, -0.12895117652687577 
21.65999999996286, -0.12852651826045752 
21.669999999962837, -0.12805323010539787 
21.679999999962813, -0.12749209714136855 
21.68999999996279, -0.1267805055834277 
21.699999999962767, -0.12580351571783951 
21.709999999962744, -0.12434069530896996 
21.71999999996272, -0.1219791876105137 
21.729999999962697, -0.11802639559738862 
21.739999999962674, -0.11160383061728915 
21.74999999996265, -0.10225301545456697 
21.759999999962627, -0.0908601206849172 
21.769999999962604, -0.07954930965536774 
21.77999999996258, -0.07016257680346757 
21.789999999962557, -0.06326660820885907 
21.799999999962534, -0.05851125093681192 
21.80999999996251, -0.05529795137794978 
21.819999999962487, -0.05311323848032682 
21.829999999962464, -0.05159520587533075 
21.83999999996244, -0.05050653718221889 
21.849999999962417, -0.0496956245022627 
21.859999999962394, -0.0490668686683938 
21.86999999996237, -0.04856090256412353 
21.879999999962347, -0.04814143270836829 
21.889999999962324, -0.047785219429242166 
21.8999999999623, -0.04747083673994675 
21.909999999962277, -0.047157612301455744 
21.919999999962254, -0.046734230163282695 
21.92999999996223, -0.04589111683295519 
21.939999999962208, -0.04384823089656583 
21.949999999962184, -0.039002092639664115 
21.95999999996216, -0.02922736459384324 
21.969999999962138, -0.014080893846434055 
21.979999999962114, 0.0030091571530180836 
21.98999999996209, 0.017275108141926336 
21.999999999962068, 0.027268072804851263 
22.009999999962044, 0.03358219876024993 
22.01999999996202, 0.037408567535998014 
22.029999999961998, 0.03969553781229813 
22.039999999961974, 0.04105025788597767 
22.04999999996195, 0.0418367860810059 
22.059999999961928, 0.04227136534111337 
22.069999999961905, 0.0424837899471706 
22.07999999996188, 0.04255350080833552 
22.089999999961858, 0.04253164147362379 
22.099999999961835, 0.042457583948762825 
22.10999999996181, 0.042378133667005366 
22.119999999961788, 0.04238239788390068 
22.129999999961765, 0.04267744288432233 
22.13999999996174, 0.04374261215854211 
22.149999999961718, 0.04654992256008493 
22.159999999961695, 0.05252907856996462 
22.16999999996167, 0.062493976441830267 
22.179999999961648, 0.07491143022590974 
22.189999999961625, 0.08652898875632305 
22.1999999999616, 0.09523773331689527 
22.20999999996158, 0.10094116313806671 
22.219999999961555, 0.10442916626747371 
22.22999999996153, 0.10648878955699581 
22.23999999996151, 0.10766922422340415 
22.249999999961485, 0.1083151813817862 
22.25999999996146, 0.10863975921018594 
22.26999999996144, 0.10877821400728613 
22.279999999961415, 0.10882116578363224 
22.289999999961392, 0.10883581022972352 
22.29999999996137, 0.10888252279224313 
22.309999999961345, 0.10903234464357085 
22.319999999961322, 0.10938995839615581 
22.3299999999613, 0.11012450545716176 
22.339999999961275, 0.11149870057537192 
22.349999999961252, 0.11385092710860663 
22.35999999996123, 0.11743887210164619 
22.369999999961205, 0.12212861688834713 
22.379999999961182, 0.12723030531354268 
22.38999999996116, 0.13184496714945282 
22.399999999961135, 0.1354102349475143 
22.409999999961112, 0.13784727765336763 
22.41999999996109, 0.1393487682432522 
22.429999999961066, 0.14016159068660825 
22.439999999961042, 0.14049378744008 
22.44999999996102, 0.14050261768696187 
22.459999999960996, 0.14030817359205955 
22.469999999960972, 0.14000621713379308 
22.47999999996095, 0.13967426939641886 
22.489999999960926, 0.13937399369772657 
22.499999999960902, 0.13915435253750602 
22.50999999996088, 0.13905733595056674 
22.519999999960856, 0.1391248436442606 
22.529999999960832, 0.13940320068625314 
22.53999999996081, 0.1399402075510768 
22.549999999960786, 0.1407689248657007 
22.559999999960763, 0.14187722339315836 
22.56999999996074, 0.14317791401066565 
22.579999999960716, 0.1445102997252873 
22.589999999960693, 0.14568865355305424 
22.59999999996067, 0.14656607058603235 
22.609999999960646, 0.14706489675461018 
22.619999999960623, 0.14716391154017697 
22.6299999999606, 0.14687055284523343 
22.639999999960576, 0.1462058395622755 
22.649999999960553, 0.1452101484035458 
22.65999999996053, 0.1439602827299586 
22.669999999960506, 0.14257657524467185 
22.679999999960483, 0.14120215368642766 
22.68999999996046, 0.1399616894794264 
22.699999999960436, 0.13892961184441394 
22.709999999960413, 0.13812746256619074 
22.71999999996039, 0.13754228669901292 
22.729999999960366, 0.13714709579675627 
22.739999999960343, 0.1369125061261822 
22.74999999996032, 0.13680858361485748 
22.759999999960296, 0.13680028392274557 
22.769999999960273, 0.13684087249693352 
22.77999999996025, 0.13686761141614337 
22.789999999960227, 0.13680211705866718 
22.799999999960203, 0.13655349036068032 
22.80999999996018, 0.13601862802647804 
22.819999999960157, 0.13507588892432792 
22.829999999960133, 0.13357712274240646 
22.83999999996011, 0.13135755851308203 
22.849999999960087, 0.12829774157921464 
22.859999999960063, 0.12445720413138006 
22.86999999996004, 0.12020109908996437 
22.879999999960017, 0.11612578878656292 
22.889999999959993, 0.11274467351700376 
22.89999999995997, 0.11023998085211024 
22.909999999959947, 0.10850459420378758 
22.919999999959924, 0.10732477701365453 
22.9299999999599, 0.10650561795784819 
22.939999999959877, 0.10590694850448798 
22.949999999959854, 0.10543471029380196 
22.95999999995983, 0.10502190206075852 
22.969999999959807, 0.10461120447712843 
22.979999999959784, 0.1041407511043744 
22.98999999995976, 0.10353120795930984 
22.999999999959737, 0.10267093527382501 
23.009999999959714, 0.10139446142754809 
23.01999999995969, 0.09944908752542339 
23.029999999959667, 0.09645184383167651 
23.039999999959644, 0.09187296179984362 
23.04999999995962, 0.08517131722853297 
23.059999999959597, 0.07628722418085704 
23.069999999959574, 0.06634082755489223 
23.07999999995955, 0.05743294035813682 
23.089999999959527, 0.05107381914992539 
23.099999999959504, 0.04725115666877058 
23.10999999995948, 0.04513498146652033 
23.119999999959457, 0.043946293873492685 
23.129999999959434, 0.043207621886771096 
23.13999999995941, 0.04267119313429433 
23.149999999959388, 0.042212699744228296 
23.159999999959364, 0.04176336625059742 
23.16999999995934, 0.04127327299112153 
23.179999999959318, 0.04069026148700987 
23.189999999959294, 0.03994392222920897 
23.19999999995927, 0.03892784583620551 
23.209999999959248, 0.037473955110872884 
23.219999999959224, 0.03531174154401375 
23.2299999999592, 0.03200771901377937 
23.239999999959178, 0.026904370454974548 
23.249999999959154, 0.019169779216405974 
23.25999999995913, 0.008254861683760365 
23.269999999959108, -0.004877085889841095 
23.279999999959085, -0.01737810125312853 
23.28999999995906, -0.026665107665629555 
23.299999999959038, -0.03207532604517306 
23.309999999959015, -0.034715870639360394 
23.31999999995899, -0.035863705728009246 
23.329999999958968, -0.03631816382478005 
23.339999999958945, -0.03647470495170305 
23.34999999995892, -0.03651269968129657 
23.359999999958898, -0.036515008036016504 
23.369999999958875, -0.036526776635560865 
23.37999999995885, -0.036583287452126224 
23.389999999958828, -0.036725147716921605 
23.399999999958805, -0.037009777012354875 
23.40999999995878, -0.03752381037895878 
23.41999999995876, -0.03839967468758278 
23.429999999958735, -0.03983914125934283 
23.43999999995871, -0.042143305720801966 
23.44999999995869, -0.045732630813296246 
23.459999999958665, -0.05109539081798573 
23.46999999995864, -0.058535390542043 
23.47999999995862, -0.06766082685910726 
23.489999999958595, -0.0770614450959983 
23.499999999958572, -0.08497774213426185 
23.50999999995855, -0.0905135482853683 
23.519999999958525, -0.093893593498856 
23.529999999958502, -0.09580174674770847 
23.53999999995848, -0.09683885203907752 
23.549999999958455, -0.09738793081551718 
23.559999999958432, -0.09766370723337284 
23.56999999995841, -0.09778250184074568 
23.579999999958385, -0.09780985843119697 
23.589999999958362, -0.09778827486926128 
23.59999999995834, -0.09775365358046738 
23.609999999958315, -0.0977462267480564 
23.619999999958292, -0.0978185851476767 
23.62999999995827, -0.09804161591057667 
23.639999999958246, -0.09850858630573478 
23.649999999958222, -0.09933711267951131 
23.6599999999582, -0.10066569660365295 
23.669999999958176, -0.10263381011589297 
23.679999999958152, -0.10532687221631154 
23.68999999995813, -0.1086809110137121 
23.699999999958106, -0.11240259777699717 
23.709999999958082, -0.11602105928172572 
23.71999999995806, -0.11909782609127728 
23.729999999958036, -0.12141920891587307 
23.739999999958012, -0.12300749029034182 
23.74999999995799, -0.1240058272760515 
23.759999999957966, -0.12457137133004373 
23.769999999957943, -0.12482702593372501 
23.77999999995792, -0.12485440476482557 
23.789999999957896, -0.12470288978451574 
23.799999999957873, -0.12440227032779613 
23.80999999995785, -0.12397556996317682 
23.819999999957826, -0.12345138307420378 
23.829999999957803, -0.1228737540151078 
23.83999999995778, -0.12230563695922454 
23.849999999957756, -0.12182316069828969 
23.859999999957733, -0.12150317324486999 
23.86999999995771, -0.12141047223926049 
23.879999999957686, -0.1215883061947626 
23.889999999957663, -0.12204965732282098 
23.89999999995764, -0.12276635511986364 
23.909999999957616, -0.12366122892796327 
23.919999999957593, -0.12461649721388542 
23.92999999995757, -0.1255044491543914 
23.939999999957546, -0.12622504487007724 
23.949999999957523, -0.12672559993992405 
23.9599999999575, -0.12699437395593122 
23.969999999957476, -0.12704010832251955 
23.979999999957453, -0.12687225963421783 
23.98999999995743, -0.12648827059967438 
23.999999999957407, -0.12586808086110907 
24.009999999957383, -0.12497590232343618 
24.01999999995736, -0.12377222222445934 
24.029999999957337, -0.12223985505511617 
24.039999999957313, -0.1204195839812954 
24.04999999995729, -0.11843262391518936 
24.059999999957267, -0.11646026159508811 
24.069999999957243, -0.114682323508227 
24.07999999995722, -0.11321844917459936 
24.089999999957197, -0.11211006877531118 
24.099999999957173, -0.11133765646063769 
24.10999999995715, -0.11084641256997396 
24.119999999957127, -0.11056471145118259 
24.129999999957104, -0.11041546123748369 
24.13999999995708, -0.11032510620333502 
24.149999999957057, -0.11023127931417354 
24.159999999957034, -0.11008642846918071 
24.16999999995701, -0.10985537896102385 
24.179999999956987, -0.10950759199368014 
24.189999999956964, -0.10900602117068878 
24.19999999995694, -0.10829334109202123 
24.209999999956917, -0.10727512075968401 
24.219999999956894, -0.10580157614491426 
24.22999999995687, -0.1036598816300266 
24.239999999956847, -0.10061132301288156 
24.249999999956824, -0.09652106415299792 
24.2599999999568, -0.09155774242572917 
24.269999999956777, -0.0862679334820711 
24.279999999956754, -0.0813410017765484 
24.28999999995673, -0.07725165683238763 
24.299999999956707, -0.07412669203482322 
24.309999999956684, -0.07185531677749266 
24.31999999995666, -0.07024379600538296 
24.329999999956637, -0.0691045833951683 
24.339999999956614, -0.0682852999471241 
24.34999999995659, -0.0676701808834011 
24.359999999956568, -0.06717389156445319 
24.369999999956544, -0.06673431384530323 
24.37999999995652, -0.06630500770820853 
24.389999999956498, -0.06584661708182232 
24.399999999956474, -0.0653159507970252 
24.40999999995645, -0.06464998029343631 
24.419999999956428, -0.0637391250657461 
24.429999999956404, -0.06238126050222098 
24.43999999995638, -0.06021311664130781 
24.449999999956358, -0.05665765001463317 
24.459999999956334, -0.05104387399370568 
24.46999999995631, -0.04312486167210065 
24.479999999956288, -0.033738377610587476 
24.489999999956265, -0.024587707117769857 
24.49999999995624, -0.01705677134824816 
24.509999999956218, -0.011534284016752829 
24.519999999956195, -0.0077244606755682375 
24.52999999995617, -0.005151277438363228 
24.539999999956148, -0.0034062864052998667 
24.549999999956125, -0.002197598165669461 
24.5599999999561, -0.0013290108940405402 
24.569999999956078, -0.0006702483807403062 
24.579999999956055, -0.0001339106427373755 
24.58999999995603, 0.000026300374473087907 
24.599999999956008, 0.00005120952480245981 
24.609999999955985, 0.00010944954475657752 
24.61999999995596, 0.0002660149262289764 
24.62999999995594, 0.0006340454792152741 
24.639999999955915, 0.0014293543691382298 
24.64999999995589, 0.0030552874731062524 
24.65999999995587, 0.006170526547327855 
24.669999999955845, 0.011535842686116885 
24.67999999995582, 0.019360969369898375 
24.6899999999558, 0.028562859468756092 
24.699999999955775, 0.0372194386221887 
24.709999999955752, 0.04399040092272372 
24.71999999995573, 0.04866421429528621 
24.729999999955705, 0.05165914625287674 
24.739999999955682, 0.053490578280804946 
24.74999999995566, 0.054563859542977114 
24.759999999955635, 0.05515656275553595 
24.769999999955612, 0.05545218136482945 
24.77999999995559, 0.05557313861873384 
24.789999999955565, 0.055603822296828476 
24.799999999955542, 0.05560658912816067 
24.80999999995552, 0.055635108693973055 
24.819999999955495, 0.05574880147548637 
24.829999999955472, 0.05603214918350454 
24.83999999995545, 0.056622724658300795 
24.849999999955426, 0.057747038244012575 
24.859999999955402, 0.05974071090226918 
24.86999999995538, 0.06297651901897104 
24.879999999955356, 0.06760051318905964 
24.889999999955332, 0.07318733644690195 
24.89999999995531, 0.0787856171496853 
24.909999999955286, 0.08350129684586646 
24.919999999955262, 0.08696333830139341 
24.92999999995524, 0.08925996795532294 
24.939999999955216, 0.09065865808493823 
24.949999999955192, 0.09142417498483635 
24.95999999995517, 0.09176334453105212 
24.969999999955146, 0.09182829322780091 
24.979999999955123, 0.09173201967594838 
24.9899999999551, 0.09156045204202308 
24.999999999955076, 0.0913800732077941 
