t, s[1].omega / s[0].omega 
0, -6.699986083807682 
0.009999999999999995, -6.696791120289234 
0.019999999999999934, -6.691738447857351 
0.029999999999999874, -6.694599221704505 
0.04000000000000012, -6.693080122695858 
0.050000000000000405, -6.689345847430265 
0.06000000000000069, -6.68940233700626 
0.07000000000000098, -6.6882790513443 
0.08000000000000126, -6.686342262683884 
0.09000000000000155, -6.685120005459082 
0.10000000000000184, -6.683807563853188 
0.11000000000000212, -6.68238000929134 
0.12000000000000241, -6.681169417565752 
0.130000000000002, -6.679499100627464 
0.1400000000000009, -6.678089268895694 
0.1499999999999998, -6.677502411638214 
0.1599999999999987, -6.6756602866202375 
0.1699999999999976, -6.672252197608982 
0.1799999999999965, -6.674247719326831 
0.1899999999999954, -6.673023079033841 
0.1999999999999943, -6.666666926047002 
0.2099999999999932, -6.668973835076452 
0.2199999999999921, -6.669592954104464 
0.229999999999991, -6.666783686859472 
0.2399999999999899, -6.6619766137029455 
0.2499999999999888, -6.664018159898366 
0.2599999999999877, -6.662581201780483 
0.2699999999999866, -6.659653093844388 
0.2799999999999855, -6.65918308115822 
0.2899999999999844, -6.657964512148631 
0.2999999999999833, -6.656264632153887 
0.3099999999999822, -6.655038728892396 
0.3199999999999811, -6.653580097022636 
0.32999999999998, -6.652275689378406 
0.3399999999999789, -6.651178144947735 
0.3499999999999778, -6.649340572813715 
0.35999999999997667, -6.647823693498616 
0.36999999999997557, -6.647711454125019 
0.37999999999997447, -6.645902598591706 
0.38999999999997337, -6.64091161583289 
0.39999999999997227, -6.64438458876424 
0.40999999999997117, -6.643549306948242 
0.41999999999997006, -6.6382443052139 
0.42999999999996896, -6.637635288250538 
0.43999999999996786, -6.639106851004324 
0.44999999999996676, -6.636984389527392 
0.45999999999996566, -6.632470792205062 
0.46999999999996456, -6.633653524596558 
0.47999999999996346, -6.632390485516443 
0.48999999999996235, -6.630085339380036 
0.49999999999996125, -6.629153861553656 
0.5099999999999602, -6.627903589900358 
0.519999999999959, -6.626399971624648 
0.529999999999958, -6.62516256010931 
0.5399999999999568, -6.623600663939603 
0.5499999999999557, -6.622309522872465 
0.5599999999999546, -6.62144444694008 
0.5699999999999535, -6.619606399904782 
0.5799999999999524, -6.617231793381211 
0.5899999999999513, -6.618169115424486 
0.5999999999999502, -6.616730691311671 
0.6099999999999491, -6.610423455463239 
0.619999999999948, -6.613897622025588 
0.6299999999999469, -6.614033449245939 
0.6399999999999458, -6.610723122800222 
0.6499999999999447, -6.605951663900479 
0.6599999999999436, -6.608654403004145 
0.6699999999999425, -6.6071801232019185 
0.6799999999999414, -6.60362513493494 
0.6899999999999403, -6.603545038142781 
0.6999999999999392, -6.6024808049250465 
0.7099999999999381, -6.6006436479891395 
0.719999999999937, -6.599378287274175 
0.7299999999999359, -6.59811645585504 
0.7399999999999348, -6.596706518766496 
0.7499999999999337, -6.595549214856798 
0.7599999999999326, -6.593980695524027 
0.7699999999999315, -6.592310265909624 
0.7799999999999304, -6.591989743918641 
0.7899999999999293, -6.590443208839661 
0.7999999999999282, -6.586230765303156 
0.8099999999999271, -6.588565513719189 
0.819999999999926, -6.587945570945868 
0.8299999999999249, -6.583582635076036 
0.8399999999999238, -6.581432650347708 
0.8499999999999227, -6.584036387861721 
0.8599999999999216, -6.58222398173299 
0.8699999999999205, -6.576486646579234 
0.8799999999999194, -6.578273344784611 
0.8899999999999183, -6.577405361349136 
0.8999999999999172, -6.5750265552085665 
0.9099999999999161, -6.573704770289778 
0.919999999999915, -6.572824793463489 
0.9299999999999139, -6.571273641256442 
0.9399999999999128, -6.569882631647512 
0.9499999999999117, -6.568632009246757 
0.9599999999999106, -6.56707350038157 
0.9699999999999095, -6.566184906911597 
0.9799999999999084, -6.564795937985798 
0.9899999999999073, -6.562135249811668 
0.9999999999999062, -6.562624582922446 
1.0099999999999052, -6.561723529671523 
1.019999999999904, -6.557782197062609 
1.029999999999903, -6.5572840255381095 
1.039999999999902, -6.558996149704005 
1.0499999999999008, -6.556933632725378 
1.0599999999998997, -6.549024406591258 
1.0699999999998986, -6.5534040593579235 
1.0799999999998975, -6.5527571010511165 
1.0899999999998964, -6.549622953792328 
1.0999999999998953, -6.547951833118707 
1.1099999999998942, -6.5477618024745725 
1.119999999999893, -6.546118032514035 
1.129999999999892, -6.544286583220375 
1.1399999999998909, -6.543414528993655 
1.1499999999998898, -6.5419326924194525 
1.1599999999998887, -6.540665660464488 
1.1699999999998876, -6.5394606745805275 
1.1799999999998865, -6.5375260260559545 
1.1899999999998854, -6.536907997815149 
1.1999999999998843, -6.535956543949737 
1.2099999999998832, -6.533261632461216 
1.219999999999882, -6.53219571369184 
1.229999999999881, -6.533139241718272 
1.2399999999998799, -6.5312074813826015 
1.2499999999998788, -6.5233624454343255 
1.2599999999998777, -6.5287565614025 
1.2699999999998766, -6.528375483361951 
1.2799999999998755, -6.524679058501905 
1.2899999999998744, -6.5218108768587895 
1.2999999999998733, -6.523012964942343 
1.3099999999998722, -6.5214118813851245 
1.319999999999871, -6.518658472799314 
1.32999999999987, -6.518304196353256 
1.3399999999998689, -6.5170411977413 
1.3499999999998678, -6.515428322798397 
1.3599999999998666, -6.514270811063236 
1.3699999999998655, -6.512808016085022 
1.3799999999998644, -6.511580500484382 
1.3899999999998633, -6.510576701181857 
1.3999999999998622, -6.5088036123445665 
1.4099999999998611, -6.507000674725735 
1.41999999999986, -6.507300207825281 
1.429999999999859, -6.505800391549341 
1.4399999999998578, -6.500228260130344 
1.4499999999998567, -6.5035517958614095 
1.4599999999998556, -6.50352597246826 
1.4699999999998545, -6.500147335206913 
1.4799999999998534, -6.494877029008926 
1.4899999999998523, -6.498511660661753 
1.4999999999998512, -6.497195444933274 
1.5099999999998501, -6.4931893815071735 
1.519999999999849, -6.493089116653401 
1.529999999999848, -6.4923937908035585 
1.5399999999998468, -6.4905681589240745 
1.5499999999998457, -6.489035537914002 
1.5599999999998446, -6.488077897720804 
1.5699999999998435, -6.486616386772586 
1.5799999999998424, -6.485391500401231 
1.5899999999998413, -6.484128266040599 
1.5999999999998402, -6.482243681713454 
1.6099999999998391, -6.481792617614653 
1.619999999999838, -6.480681014864308 
1.629999999999837, -6.4775252976124715 
1.6399999999998358, -6.477642814064144 
1.6499999999998347, -6.478030317873417 
1.6599999999998336, -6.4756865204163745 
1.6699999999998325, -6.468330662092763 
1.6799999999998314, -6.4739621750831535 
1.6899999999998303, -6.473250529637125 
1.6999999999998292, -6.469037561315291 
1.709999999999828, -6.467188771390991 
1.719999999999827, -6.467999288397857 
1.729999999999826, -6.466316500847936 
1.7399999999998248, -6.463668881228939 
1.7499999999998237, -6.463346075094309 
1.7599999999998226, -6.462059514313791 
1.7699999999998215, -6.460479765838218 
1.7799999999998204, -6.4593538331780405 
1.7899999999998193, -6.457880742485116 
1.7999999999998182, -6.456695192093148 
1.809999999999817, -6.455722951778493 
1.819999999999816, -6.453957876616743 
1.8299999999998149, -6.452075175790786 
1.8399999999998138, -6.452520206240598 
1.8499999999998127, -6.451110418559301 
1.8599999999998116, -6.4455504670264006 
1.8699999999998105, -6.448536342225788 
1.8799999999998094, -6.448847325730107 
1.8899999999998083, -6.445928794974593 
1.8999999999998072, -6.439458403614536 
1.909999999999806, -6.443614279269637 
1.919999999999805, -6.442546123566787 
1.9299999999998039, -6.439014062318627 
1.9399999999998028, -6.438223170019957 
1.9499999999998017, -6.437746689654373 
1.9599999999998006, -6.43607080396549 
1.9699999999997995, -6.434408833343324 
1.9799999999997984, -6.433513883154933 
1.9899999999997973, -6.432055130868949 
1.9999999999997962, -6.430867958577117 
2.0099999999998173, -6.429683972530869 
2.0199999999998384, -6.42771740322309 
2.0299999999998595, -6.427211009114366 
2.0399999999998806, -6.426360489779521 
2.0499999999999017, -6.423773069806353 
2.059999999999923, -6.42206746480265 
2.069999999999944, -6.4236787978662 
2.079999999999965, -6.422105420229376 
2.089999999999986, -6.414521506955587 
2.100000000000007, -6.418507598013591 
2.1100000000000283, -6.418888997766831 
2.1200000000000494, -6.416239424079558 
2.1300000000000705, -6.411624528545052 
2.1400000000000916, -6.41342827013663 
2.1500000000001127, -6.412217151723442 
2.160000000000134, -6.409756487893391 
2.170000000000155, -6.408899824966459 
2.180000000000176, -6.407874685851567 
2.190000000000197, -6.406388552931074 
2.2000000000002182, -6.405128465095039 
2.2100000000002393, -6.4038523392073445 
2.2200000000002604, -6.402357794947615 
2.2300000000002815, -6.401606093157675 
2.2400000000003026, -6.400271820882748 
2.2500000000003237, -6.397405786091527 
2.260000000000345, -6.398135820597882 
2.270000000000366, -6.397557025746236 
2.280000000000387, -6.394311785595816 
2.290000000000408, -6.391026037307653 
2.3000000000004293, -6.394661710258008 
2.3100000000004504, -6.39334206552061 
2.3200000000004715, -6.387018889539945 
2.3300000000004926, -6.388103142856247 
2.3400000000005137, -6.388547604824617 
2.3500000000005348, -6.386531781304454 
2.360000000000556, -6.38351876088007 
2.370000000000577, -6.383688277544593 
2.380000000000598, -6.382422493831077 
2.390000000000619, -6.380672427274641 
2.4000000000006403, -6.379631471324655 
2.4100000000006614, -6.378301040166295 
2.4200000000006825, -6.3770484114441395 
2.4300000000007036, -6.376005686580234 
2.4400000000007247, -6.374423434404628 
2.450000000000746, -6.372700465456759 
2.460000000000767, -6.372732928708452 
2.470000000000788, -6.371400975264656 
2.480000000000809, -6.366823755390053 
2.49000000000083, -6.368931604828524 
2.5000000000008513, -6.369251566595368 
2.5100000000008724, -6.366556322930949 
2.5200000000008935, -6.359160669296049 
2.5300000000009146, -6.364416200477942 
2.5400000000009357, -6.363630363406523 
2.550000000000957, -6.360059254870425 
2.560000000000978, -6.358428712448769 
2.570000000000999, -6.3586272264992205 
2.58000000000102, -6.357068015562328 
2.5900000000010412, -6.3550195661716735 
2.6000000000010624, -6.354342337389622 
2.6100000000010835, -6.353002791623313 
2.6200000000011046, -6.351682297883508 
2.6300000000011257, -6.350575704123289 
2.6400000000011468, -6.348947457936847 
2.650000000001168, -6.347860266193161 
2.660000000001189, -6.3472130403702876 
2.67000000000121, -6.345486780312706 
2.680000000001231, -6.342245858399436 
2.6900000000012523, -6.344200014761716 
2.7000000000012734, -6.343352357876707 
2.7100000000012945, -6.338761743704594 
2.7200000000013156, -6.337350247892175 
2.7300000000013367, -6.340136035005496 
2.740000000001358, -6.338546086434924 
2.750000000001379, -6.332520926387475 
2.7600000000014, -6.334032644284648 
2.770000000001421, -6.333778484561862 
2.780000000001442, -6.3317580808883624 
2.7900000000014633, -6.3296512552383986 
2.8000000000014844, -6.329283162212275 
2.8100000000015055, -6.327915761509786 
2.8200000000015266, -6.3264208189819495 
2.8300000000015477, -6.325382076740423 
2.840000000001569, -6.323850854521483 
2.85000000000159, -6.3228409527782095 
2.860000000001611, -6.321898358634199 
2.870000000001632, -6.320031561998759 
2.8800000000016532, -6.318277338047751 
2.8900000000016743, -6.318913161856172 
2.9000000000016954, -6.317562032712991 
2.9100000000017165, -6.311884643863287 
2.9200000000017377, -6.314564000123682 
2.9300000000017588, -6.315383049299235 
2.94000000000178, -6.3130045328818625 
2.950000000001801, -6.305600038575133 
2.960000000001822, -6.309755712080923 
2.970000000001843, -6.309110485174051 
2.9800000000018643, -6.306386031183768 
2.9900000000018854, -6.304548712289398 
3.0000000000019065, -6.304407060858466 
3.0100000000019276, -6.30296832039815 
3.0200000000019487, -6.3012675783280345 
3.03000000000197, -6.300371748699636 
3.040000000001991, -6.2989546948044035 
3.050000000002012, -6.29783402838789 
3.060000000002033, -6.296784807460072 
3.070000000002054, -6.2950046050521 
3.0800000000020753, -6.293781138855503 
3.0900000000020964, -6.293665332882715 
3.1000000000021175, -6.292106018270976 
3.1100000000021386, -6.287173974537138 
3.1200000000021597, -6.290304402633696 
3.130000000002181, -6.290250646188154 
3.140000000002202, -6.287145446888069 
3.150000000002223, -6.280643296386598 
3.160000000002244, -6.285517597975955 
3.1700000000022652, -6.284614854614923 
3.1800000000022863, -6.280992018154939 
3.1900000000023074, -6.27961897271425 
3.2000000000023285, -6.279722058540381 
3.2100000000023496, -6.278193309950029 
3.2200000000023707, -6.276224226670378 
3.230000000002392, -6.275530033881096 
3.240000000002413, -6.274210495394519 
3.250000000002434, -6.272942765038556 
3.260000000002455, -6.271863060124934 
3.2700000000024763, -6.270271660215072 
3.2800000000024974, -6.269085965133422 
3.2900000000025185, -6.26860772004345 
3.3000000000025396, -6.26706452480405 
3.3100000000025607, -6.263266384184572 
3.3200000000025818, -6.265456699076136 
3.330000000002603, -6.265055508822295 
3.340000000002624, -6.2616505087209795 
3.350000000002645, -6.256542750218606 
3.360000000002666, -6.26130311094957 
3.3700000000026873, -6.260289150368988 
3.3800000000027084, -6.255819485566324 
3.3900000000027295, -6.254758377753819 
3.4000000000027506, -6.255264565741912 
3.4100000000027717, -6.253682706603305 
3.420000000002793, -6.25130751275857 
3.430000000002814, -6.250864165557873 
3.440000000002835, -6.249661958817102 
3.450000000002856, -6.248248502343175 
3.460000000002877, -6.247136934901868 
3.4700000000028983, -6.245761316502172 
3.4800000000029194, -6.244461178321451 
3.4900000000029405, -6.2437879817767605 
3.5000000000029616, -6.242398906681482 
3.5100000000029827, -6.23936497168093 
3.520000000003004, -6.240525674730593 
3.530000000003025, -6.240058791898653 
3.540000000003046, -6.236970269918211 
3.550000000003067, -6.232269433935129 
3.5600000000030882, -6.23698711424829 
3.5700000000031094, -6.236044858438962 
3.5800000000031305, -6.231230563564852 
3.5900000000031516, -6.229724329086831 
3.6000000000031727, -6.230990128459992 
3.6100000000031938, -6.229466485707722 
3.620000000003215, -6.226528961185697 
3.630000000003236, -6.226295524944289 
3.640000000003257, -6.225298407992597 
3.650000000003278, -6.2237723259359825 
3.6600000000032993, -6.222542147212821 
3.6700000000033204, -6.221403599938464 
3.6800000000033415, -6.2199902814611 
3.6900000000033626, -6.2191625246819955 
3.7000000000033837, -6.217964223715737 
3.710000000003405, -6.215483964195593 
3.720000000003426, -6.21566260786352 
3.730000000003447, -6.215297000272405 
3.740000000003468, -6.212894993879774 
3.750000000003489, -6.207745267836641 
3.7600000000035103, -6.21242993331971 
3.7700000000035314, -6.211776581108602 
3.7800000000035525, -6.20749892437786 
3.7900000000035736, -6.2040971620154695 
3.8000000000035947, -6.206800434595844 
3.810000000003616, -6.2055171753042435 
3.820000000003637, -6.202118761222368 
3.830000000003658, -6.201669339353689 
3.840000000003679, -6.2010779911997655 
3.8500000000037002, -6.199534588317492 
3.8600000000037213, -6.198021076919075 
3.8700000000037424, -6.197131560295604 
3.8800000000037635, -6.195705567200372 
3.8900000000037847, -6.194693988409007 
3.9000000000038058, -6.19363907101116 
3.910000000003827, -6.191693629173231 
3.920000000003848, -6.190892973539383 
3.930000000003869, -6.190703803253571 
3.94000000000389, -6.188997541575024 
3.9500000000039113, -6.183848828737029 
3.9600000000039324, -6.187538544498355 
3.9700000000039535, -6.187444504042679 
3.9800000000039746, -6.184345035243263 
3.9900000000039957, -6.17764163926788 
4.000000000004016, -6.182540383824608 
4.010000000003993, -6.18176262733369 
4.02000000000397, -6.178549003701903 
4.030000000003946, -6.176723845424316 
4.040000000003923, -6.176951670269665 
4.0500000000039, -6.17555754017077 
4.0600000000038765, -6.1736702000786945 
4.070000000003853, -6.172893161369142 
4.08000000000383, -6.1716416358456225 
4.090000000003807, -6.170419176494792 
4.100000000003783, -6.16938420314392 
4.11000000000376, -6.167939644202756 
4.120000000003737, -6.166347035527677 
4.130000000003713, -6.166230725533352 
4.14000000000369, -6.165063331418357 
4.150000000003667, -6.161301944025883 
4.1600000000036434, -6.162161924687047 
4.17000000000362, -6.163053995344199 
4.180000000003597, -6.161121814945354 
4.1900000000035735, -6.15279438467725 
4.20000000000355, -6.157800691801247 
4.210000000003527, -6.1580782665260925 
4.220000000003504, -6.155705878810245 
4.23000000000348, -6.151343822403996 
4.240000000003457, -6.152779995929916 
4.250000000003434, -6.151799052373773 
4.26000000000341, -6.149812306440781 
4.270000000003387, -6.148603414577297 
4.280000000003364, -6.1477543934149805 
4.2900000000033405, -6.146399379189893 
4.300000000003317, -6.145236406873962 
4.310000000003294, -6.144143170658137 
4.320000000003271, -6.142363408676793 
4.330000000003247, -6.141851065008988 
4.340000000003224, -6.141080513355645 
4.350000000003201, -6.1389095972351795 
4.360000000003177, -6.1364075638558235 
4.370000000003154, -6.138550426959919 
4.380000000003131, -6.137557545218561 
4.390000000003107, -6.132416001019438 
4.400000000003084, -6.131368624920656 
4.410000000003061, -6.134261536941102 
4.4200000000030375, -6.132863964256575 
4.430000000003014, -6.127760093431322 
4.440000000002991, -6.128070203225262 
4.450000000002968, -6.128127172203773 
4.460000000002944, -6.126487114761906 
4.470000000002921, -6.1243230086626435 
4.480000000002898, -6.1238806346553885 
4.490000000002874, -6.122668055359323 
4.500000000002851, -6.121340078578885 
4.510000000002828, -6.120280785338264 
4.520000000002804, -6.118912128550731 
4.530000000002781, -6.117596469350583 
4.540000000002758, -6.117082942950467 
4.5500000000027345, -6.115816837259187 
4.560000000002711, -6.112567262119816 
4.570000000002688, -6.113630910534474 
4.580000000002665, -6.113718865666846 
4.590000000002641, -6.111437385604781 
4.600000000002618, -6.103787613384993 
4.610000000002595, -6.109781910989387 
4.620000000002571, -6.109678430712725 
4.630000000002548, -6.106759504525188 
4.640000000002525, -6.101868065876412 
4.6500000000025015, -6.104242776748846 
4.660000000002478, -6.1032817130823975 
4.670000000002455, -6.100979168533832 
4.6800000000024315, -6.099743213130072 
4.690000000002408, -6.099118617504533 
4.700000000002385, -6.097761208762042 
4.710000000002362, -6.09644842778473 
4.720000000002338, -6.095455928757036 
4.730000000002315, -6.093885646408515 
4.740000000002292, -6.093093627960263 
4.750000000002268, -6.092281151348669 
4.760000000002245, -6.090450296358067 
4.770000000002222, -6.088122850321048 
4.7800000000021985, -6.0895749936917625 
4.790000000002175, -6.088659102488135 
4.800000000002152, -6.084241641866247 
4.810000000002129, -6.082627652139103 
4.820000000002105, -6.085994634452108 
4.830000000002082, -6.084759149097293 
4.840000000002059, -6.07938734277891 
4.850000000002035, -6.079065658193283 
4.860000000002012, -6.079897381933071 
4.870000000001989, -6.07837891246457 
4.880000000001965, -6.0756863704916615 
4.890000000001942, -6.075387492327012 
4.900000000001919, -6.074413377176058 
4.9100000000018955, -6.0729948896814046 
4.920000000001872, -6.0718059812356175 
4.930000000001849, -6.070714058174547 
4.940000000001826, -6.069240510520226 
4.950000000001802, -6.068576791546852 
4.960000000001779, -6.06754383341324 
4.970000000001756, -6.065134149753393 
4.980000000001732, -6.064618811873222 
4.990000000001709, -6.065107267875902 
5.000000000001686, -6.063534573886718 
5.0100000000016625, -6.056860423281725 
5.020000000001639, -6.060726500551649 
5.030000000001616, -6.061681208461261 
5.0400000000015925, -6.059604281758883 
5.050000000001569, -6.052616803171963 
5.060000000001546, -6.055669894415729 
5.070000000001523, -6.055449129071821 
5.080000000001499, -6.053460403504336 
5.090000000001476, -6.051086025723608 
5.100000000001453, -6.051017082870003 
5.110000000001429, -6.049837102776849 
5.120000000001406, -6.048373520454351 
5.130000000001383, -6.047340826703708 
5.1400000000013595, -6.046103047551659 
5.150000000001336, -6.044846368577771 
5.160000000001313, -6.04412897667307 
5.17000000000129, -6.0429095898337 
5.180000000001266, -6.0402435849519875 
5.190000000001243, -6.040787686189844 
5.20000000000122, -6.04062509180636 
5.210000000001196, -6.038425945870626 
5.220000000001173, -6.0318001746568335 
5.23000000000115, -6.037351442259842 
5.240000000001126, -6.037283696342791 
5.250000000001103, -6.034343185510527 
5.26000000000108, -6.028208390602933 
5.2700000000010565, -6.0317644589655375 
5.280000000001033, -6.031043252886791 
5.29000000000101, -6.028653249557397 
5.300000000000987, -6.026892998530147 
5.310000000000963, -6.026694728066891 
5.32000000000094, -6.0254138498536545 
5.330000000000917, -6.023940754572498 
5.340000000000893, -6.023004618671513 
5.35000000000087, -6.021669663360017 
5.360000000000847, -6.020577878873353 
5.3700000000008234, -6.019802211095834 
5.3800000000008, -6.018431050944827 
5.390000000000777, -6.01584768132769 
5.4000000000007535, -6.016749029077238 
5.41000000000073, -6.016262383406643 
5.420000000000707, -6.013522420190867 
5.430000000000684, -6.008268660252094 
5.44000000000066, -6.013472199563606 
5.450000000000637, -6.012966210744918 
5.460000000000614, -6.009316293371148 
5.47000000000059, -6.004615695522368 
5.480000000000567, -6.007703415425929 
5.490000000000544, -6.0067529710791945 
5.5000000000005205, -6.004127540335601 
5.510000000000497, -6.002806700377123 
5.520000000000474, -6.002477147456477 
5.5300000000004506, -6.0011551674911345 
5.540000000000427, -5.999700134142214 
5.550000000000404, -5.998800896012812 
5.560000000000381, -5.997424640942358 
5.570000000000357, -5.996417438471615 
5.580000000000334, -5.995618807165489 
5.590000000000311, -5.994163998333868 
5.600000000000287, -5.991694546397075 
5.610000000000264, -5.99268711089677 
5.620000000000241, -5.9920845304316455 
5.6300000000002175, -5.989073516218307 
5.640000000000194, -5.984547499350063 
5.650000000000171, -5.989453388165213 
5.660000000000148, -5.988818073467667 
5.670000000000124, -5.9849111991443 
5.680000000000101, -5.98076850395256 
5.690000000000078, -5.983628465231389 
5.700000000000054, -5.982624905244988 
5.710000000000031, -5.97996875288278 
5.720000000000008, -5.978758170655188 
5.729999999999984, -5.978392517423951 
5.739999999999961, -5.977071077018254 
5.749999999999938, -5.975636497666647 
5.7599999999999145, -5.974742990000134 
5.769999999999891, -5.973362347536886 
5.779999999999868, -5.972372937193093 
5.789999999999845, -5.971590999155987 
5.799999999999821, -5.970144302465288 
5.809999999999798, -5.967618353258592 
5.819999999999775, -5.968669410258181 
5.829999999999751, -5.968122666792788 
5.839999999999728, -5.965225439416268 
5.849999999999705, -5.96016150893362 
5.8599999999996815, -5.965383591965141 
5.869999999999658, -5.964870475589203 
5.879999999999635, -5.961275128537269 
5.8899999999996115, -5.956520098933904 
5.899999999999588, -5.959575281751446 
5.909999999999565, -5.958673993563414 
5.919999999999542, -5.956181225975721 
5.929999999999518, -5.954751756908754 
5.939999999999495, -5.954449308385101 
5.949999999999472, -5.953164121470478 
5.959999999999448, -5.951747725842401 
5.969999999999425, -5.950836799251378 
5.979999999999402, -5.949486520767118 
5.9899999999993785, -5.948442345572848 
5.999999999999355, -5.947721583831403 
6.009999999999332, -5.946377014024057 
6.019999999999309, -5.943649684755674 
6.029999999999285, -5.944671989436062 
6.039999999999262, -5.94437184839503 
6.049999999999239, -5.9419323315097765 
6.059999999999215, -5.93535358815442 
6.069999999999192, -5.941184782043991 
6.079999999999169, -5.941087927509261 
6.089999999999145, -5.938225350852713 
6.099999999999122, -5.932154128316154 
6.109999999999099, -5.935505345892286 
6.1199999999990755, -5.934879357715985 
6.129999999999052, -5.932718196111287 
6.139999999999029, -5.930822742007196 
6.149999999999006, -5.930638419550502 
6.159999999998982, -5.929428397982149 
6.169999999998959, -5.928045082689495 
6.179999999998936, -5.927078391069942 
6.189999999998912, -5.92581257211158 
6.199999999998889, -5.924610860464936 
6.209999999998866, -5.924000895659644 
6.2199999999988425, -5.922832509298328 
6.229999999998819, -5.920039573053739 
6.239999999998796, -5.920552808038613 
6.2499999999987725, -5.920788378243264 
6.259999999998749, -5.918977586231016 
6.269999999998726, -5.911635750829597 
6.279999999998703, -5.91652610260383 
6.289999999998679, -5.9173744655525295 
6.299999999998656, -5.91536675934856 
6.309999999998633, -5.908826933964361 
6.319999999998609, -5.9112726840006244 
6.329999999998586, -5.91119241508943 
6.339999999998563, -5.909455815391771 
6.3499999999985395, -5.907115904949116 
6.359999999998516, -5.906926838531655 
6.369999999998493, -5.905855630840216 
6.37999999999847, -5.904525830566326 
6.389999999998446, -5.903461370960096 
6.399999999998423, -5.902340279640842 
6.4099999999984, -5.900885255564572 
6.419999999998376, -5.90039653262125 
6.429999999998353, -5.899453227199913 
6.43999999999833, -5.8970562640279285 
6.449999999998306, -5.895998061241267 
6.459999999998283, -5.897270202597064 
6.46999999999826, -5.896121407966497 
6.4799999999982365, -5.890703839048526 
6.489999999998213, -5.890498922507019 
6.49999999999819, -5.89355951543144 
6.509999999998167, -5.892368499889026 
6.519999999998143, -5.8875785804676966 
6.52999999999812, -5.88657372661428 
6.539999999998097, -5.887532661850179 
6.549999999998073, -5.886239379657331 
6.55999999999805, -5.883916510813709 
6.569999999998027, -5.883255028495843 
6.5799999999980034, -5.882430887665656 
6.58999999999798, -5.881141918193095 
6.599999999997957, -5.879999085190916 
6.6099999999979335, -5.879019408759471 
6.61999999999791, -5.877401378394776 
6.629999999997887, -5.876815315706719 
6.639999999997864, -5.876172286451245 
6.64999999999784, -5.87446283313173 
6.659999999997817, -5.871154202253271 
6.669999999997794, -5.873532754974589 
6.67999999999777, -5.873222675029748 
6.689999999997747, -5.870361002521671 
6.699999999997724, -5.862947494511069 
6.7099999999977005, -5.869230301857815 
6.719999999997677, -5.869095861926253 
6.729999999997654, -5.86648625315359 
6.7399999999976306, -5.86179564210641 
6.749999999997607, -5.8637281940746755 
6.759999999997584, -5.862984143800441 
6.769999999997561, -5.861154433528172 
6.779999999997537, -5.859633893674542 
6.789999999997514, -5.859097776553961 
6.799999999997491, -5.85785267924426 
6.809999999997467, -5.856714648915109 
6.819999999997444, -5.855770722990405 
6.829999999997421, -5.854337430054816 
6.8399999999973975, -5.85309314595262 
6.849999999997374, -5.852905209069369 
6.859999999997351, -5.851813324093002 
6.869999999997328, -5.848430815412519 
6.879999999997304, -5.848635996852211 
6.889999999997281, -5.850134415810065 
6.899999999997258, -5.848801126160182 
6.909999999997234, -5.842356145962823 
6.919999999997211, -5.842964669189186 
6.929999999997188, -5.845444028585889 
6.939999999997164, -5.844176691473154 
6.949999999997141, -5.840053487108593 
6.959999999997118, -5.8394037733889395 
6.9699999999970945, -5.8396433006694695 
6.979999999997071, -5.838327928585577 
6.989999999997048, -5.8364579068725195 
6.999999999997025, -5.835749479258129 
7.009999999997001, -5.834712815565789 
7.019999999996978, -5.833518801718024 
7.029999999996955, -5.83257104782852 
7.039999999996931, -5.8314860395607315 
7.049999999996908, -5.829571165577538 
7.059999999996885, -5.829424052915528 
7.0699999999968615, -5.828981206472573 
7.079999999996838, -5.8271334239301495 
7.089999999996815, -5.8223707955704205 
7.0999999999967915, -5.826228386948925 
7.109999999996768, -5.826358571997883 
7.119999999996745, -5.823912364654992 
7.129999999996722, -5.815488455563951 
7.139999999996698, -5.820833982380756 
7.149999999996675, -5.821053729793429 
7.159999999996652, -5.819077770518452 
7.169999999996628, -5.815315624057724 
7.179999999996605, -5.816052833715125 
7.189999999996582, -5.815331866641115 
7.1999999999965585, -5.813822458387824 
7.209999999996535, -5.8124322759433635 
7.219999999996512, -5.811694556243897 
7.229999999996489, -5.8103877796608305 
7.239999999996465, -5.809462286986265 
7.249999999996442, -5.808586073155144 
7.259999999996419, -5.8070701487132315 
7.269999999996395, -5.805316210791125 
7.279999999996372, -5.805884093196752 
7.289999999996349, -5.805086046503949 
7.299999999996325, -5.801923567782232 
7.309999999996302, -5.798854524864033 
7.319999999996279, -5.803037810395276 
7.3299999999962555, -5.802414770210417 
7.339999999996232, -5.798627861548073 
7.349999999996209, -5.793252346749868 
7.359999999996186, -5.797269200584077 
7.369999999996162, -5.796607815873178 
7.379999999996139, -5.79420035582561 
7.389999999996116, -5.792049751980621 
7.399999999996092, -5.792228993246715 
7.409999999996069, -5.791126496899349 
7.419999999996046, -5.789667454232848 
7.4299999999960225, -5.7886681343172866 
7.439999999995999, -5.787632105164233 
7.449999999995976, -5.786334821971598 
7.4599999999959525, -5.785668741928485 
7.469999999995929, -5.784712186862768 
7.479999999995906, -5.782563071442562 
7.489999999995883, -5.781728470360953 
7.499999999995859, -5.782476171719054 
7.509999999995836, -5.781332926641124 
7.519999999995813, -5.776368445461292 
7.529999999995789, -5.7762161066323605 
7.539999999995766, -5.779412955185255 
7.549999999995743, -5.778365788841045 
7.5599999999957195, -5.7736706271348 
7.569999999995696, -5.771362998266313 
7.579999999995673, -5.773393775722651 
7.58999999999565, -5.772347425416682 
7.599999999995626, -5.769947986928527 
7.609999999995603, -5.768811805243029 
7.61999999999558, -5.768400483618863 
7.629999999995556, -5.767168370401031 
7.639999999995533, -5.765902656387767 
7.64999999999551, -5.765013245093687 
7.659999999995486, -5.763685743838403 
7.669999999995463, -5.762599984428139 
7.67999999999544, -5.762130713197839 
7.6899999999954165, -5.761010499646575 
7.699999999995393, -5.758049904098261 
7.70999999999537, -5.75844859938333 
7.719999999995347, -5.75928673024872 
7.729999999995323, -5.757877420400677 
7.7399999999953, -5.751359556785416 
7.749999999995277, -5.75295968963694 
7.759999999995253, -5.755488691955416 
7.76999999999523, -5.7542558295335615 
7.779999999995207, -5.749679175889364 
7.789999999995183, -5.74864110880521 
7.79999999999516, -5.749526453324598 
7.809999999995137, -5.74833153546217 
7.8199999999951135, -5.746248961229685 
7.82999999999509, -5.745428071950185 
7.839999999995067, -5.744666617614029 
7.849999999995044, -5.743430570684969 
7.85999999999502, -5.742378662994492 
7.869999999994997, -5.741454092554969 
7.879999999994974, -5.739843029052423 
7.88999999999495, -5.739061320637517 
7.899999999994927, -5.7387979766998605 
7.909999999994904, -5.7375255424514995 
7.9199999999948805, -5.733574674900879 
7.929999999994857, -5.735084140649919 
7.939999999994834, -5.73625162519546 
7.9499999999948106, -5.734778388293418 
7.959999999994787, -5.727864103021167 
7.969999999994764, -5.729051051351748 
7.979999999994741, -5.731375625074372 
7.989999999994717, -5.730164235277577 
7.999999999994694, -5.726410695022404 
8.00999999999467, -5.725453850797548 
8.019999999994647, -5.725731036187488 
8.029999999994624, -5.724517479658368 
8.0399999999946, -5.7227976154849225 
8.049999999994577, -5.721981757465685 
8.059999999994554, -5.721011642903375 
8.06999999999453, -5.719814764206315 
8.079999999994508, -5.718965646051464 
8.089999999994484, -5.717987000169784 
8.099999999994461, -5.7160491068473025 
8.109999999994438, -5.715539052446689 
8.119999999994414, -5.7156339257261255 
8.129999999994391, -5.714333173811647 
8.139999999994368, -5.709431494427118 
8.149999999994344, -5.7110796210502315 
8.159999999994321, -5.71310952885833 
8.169999999994298, -5.71184063331779 
8.179999999994275, -5.706043942517693 
8.189999999994251, -5.70491385924777 
8.199999999994228, -5.707320786484089 
8.209999999994205, -5.706268425823223 
8.219999999994181, -5.70346021968718 
8.229999999994158, -5.702197463842149 
8.239999999994135, -5.702124716412428 
8.249999999994111, -5.700944191480173 
8.259999999994088, -5.699523835412792 
8.269999999994065, -5.69864227740635 
8.279999999994041, -5.697532079158612 
8.289999999994018, -5.696328441681811 
8.299999999993995, -5.6957249849010045 
8.309999999993972, -5.694752233097001 
8.319999999993948, -5.692466087716826 
8.329999999993925, -5.691844824438527 
8.339999999993902, -5.692715575232035 
8.349999999993878, -5.691612417454638 
8.359999999993855, -5.686731174015362 
8.369999999993832, -5.6856608660972014 
8.379999999993808, -5.6895149249022765 
8.389999999993785, -5.688680024893928 
8.399999999993762, -5.6847764967463466 
8.409999999993738, -5.6811466491374105 
8.419999999993715, -5.68350620147874 
8.429999999993692, -5.682674382795725 
8.439999999993669, -5.680632661794915 
8.449999999993645, -5.67911321950737 
8.459999999993622, -5.6787909197995505 
8.469999999993599, -5.677634537044126 
8.479999999993575, -5.676451260644897 
8.489999999993552, -5.675535253305144 
8.499999999993529, -5.674338181081456 
8.509999999993505, -5.672937542841863 
8.519999999993482, -5.672716283934489 
8.529999999993459, -5.671884621157118 
8.539999999993436, -5.669504688554667 
8.549999999993412, -5.667381675323472 
8.559999999993389, -5.669946386924266 
8.569999999993366, -5.669346450279806 
8.579999999993342, -5.665859925162393 
8.589999999993319, -5.659101401485029 
8.599999999993296, -5.6652191286223665 
8.609999999993272, -5.665065501664805 
8.619999999993249, -5.662723395574572 
8.629999999993226, -5.6584042766429965 
8.639999999993202, -5.659828991214137 
8.64999999999318, -5.659241709861704 
8.659999999993156, -5.657713828786698 
8.669999999993133, -5.656155377133205 
8.67999999999311, -5.655596471345278 
8.689999999993086, -5.654423920682556 
8.699999999993063, -5.653404546301134 
8.70999999999304, -5.652553834248133 
8.719999999993016, -5.651365041223676 
8.729999999992993, -5.649410799462676 
8.73999999999297, -5.649687440321225 
8.749999999992946, -5.649273137568201 
8.759999999992923, -5.647334603163128 
8.7699999999929, -5.641872275355519 
8.779999999992876, -5.646416184078332 
8.789999999992853, -5.646963551131742 
8.79999999999283, -5.644998898872798 
8.809999999992806, -5.637169105658072 
8.819999999992783, -5.640255251768283 
8.82999999999276, -5.64127337561714 
8.839999999992736, -5.639873537637661 
8.849999999992713, -5.636714913136029 
8.85999999999269, -5.636343223478711 
8.869999999992666, -5.63598800290126 
8.879999999992643, -5.634743790217539 
8.88999999999262, -5.633366551206331 
8.899999999992596, -5.632575832458832 
8.909999999992573, -5.631379033420597 
8.91999999999255, -5.630314785516763 
8.929999999992527, -5.6297250019069525 
8.939999999992503, -5.62869055965229 
8.94999999999248, -5.626212818733833 
8.959999999992457, -5.626092750210427 
8.969999999992433, -5.626858685677279 
8.97999999999241, -5.625672697408734 
8.989999999992387, -5.620415695374034 
8.999999999992363, -5.619855138518291 
9.00999999999234, -5.623618500551605 
9.019999999992317, -5.6227958947789975 
9.029999999992294, -5.619046234728772 
9.03999999999227, -5.615309365783037 
9.049999999992247, -5.6176087548092415 
9.059999999992224, -5.616840411547136 
9.0699999999922, -5.6149404196541415 
9.079999999992177, -5.613353989234598 
9.089999999992154, -5.613029175381551 
9.09999999999213, -5.611907377458693 
9.109999999992107, -5.610776016871504 
9.119999999992084, -5.609866091716411 
9.12999999999206, -5.608735030881274 
9.139999999992037, -5.6071715313741795 
9.149999999992014, -5.607061104026545 
9.15999999999199, -5.606405446734349 
9.169999999991967, -5.604394867236156 
9.179999999991944, -5.600730607200854 
9.18999999999192, -5.604146303840757 
9.199999999991897, -5.604119538978904 
9.209999999991874, -5.601739845964483 
9.21999999999185, -5.59304298615336 
9.229999999991827, -5.5985374492891795 
9.239999999991804, -5.599357155489871 
9.24999999999178, -5.597762567532436 
9.259999999991757, -5.593694052554133 
9.269999999991734, -5.593862956531657 
9.27999999999171, -5.593745594798007 
9.289999999991688, -5.592479628580538 
9.299999999991664, -5.590874324613276 
9.309999999991641, -5.590160498072662 
9.319999999991618, -5.589134424220429 
9.329999999991594, -5.588008011686873 
9.339999999991571, -5.587259466789721 
9.349999999991548, -5.586307027724393 
9.359999999991524, -5.584299387017376 
9.369999999991501, -5.583735499604183 
9.379999999991478, -5.584182155936171 
9.389999999991455, -5.58309160625374 
9.399999999991431, -5.578690004115712 
9.409999999991408, -5.577756155990569 
9.419999999991385, -5.58153241851592 
9.429999999991361, -5.580823474181504 
9.439999999991338, -5.577117959589979 
9.449999999991315, -5.571820330689328 
9.459999999991291, -5.575444204753047 
9.469999999991268, -5.574958103460693 
9.479999999991245, -5.573038811382462 
9.489999999991221, -5.570802353343291 
9.499999999991198, -5.570824679164086 
9.509999999991175, -5.569883948182777 
9.519999999991152, -5.568645120018148 
9.529999999991128, -5.567603546146783 
9.539999999991105, -5.5667040554190805 
9.549999999991082, -5.565219091078543 
9.559999999991058, -5.564706545557256 
9.569999999991035, -5.564143540380541 
9.579999999991012, -5.5626908533603 
9.589999999990988, -5.559241086144203 
9.599999999990965, -5.56129722232901 
9.609999999990942, -5.561725769612199 
9.619999999990918, -5.560034583952684 
9.629999999990895, -5.552503465821225 
9.639999999990872, -5.555331120069293 
9.649999999990849, -5.557648590956697 
9.659999999990825, -5.556507957248384 
9.669999999990802, -5.552622376145033 
9.679999999990779, -5.550965693832357 
9.689999999990755, -5.551880495009223 
9.699999999990732, -5.550869907426476 
9.709999999990709, -5.549148596113464 
9.719999999990685, -5.548071716661634 
9.729999999990662, -5.547409381093682 
9.739999999990639, -5.546201365299069 
9.749999999990616, -5.545307379301605 
9.759999999990592, -5.544481833753635 
9.769999999990569, -5.543094168507379 
9.779999999990546, -5.541406036712746 
9.789999999990522, -5.541921296751169 
9.799999999990499, -5.541341557097725 
9.809999999990476, -5.5389952769515345 
9.819999999990452, -5.533751876726434 
9.829999999990429, -5.538900555396377 
9.839999999990406, -5.539229598753357 
9.849999999990382, -5.537152877267455 
9.85999999999036, -5.529407046763348 
9.869999999990336, -5.532465719489629 
9.879999999990313, -5.5334296161704675 
9.88999999999029, -5.532112920832525 
9.899999999990266, -5.529247856302956 
9.909999999990243, -5.52864981853825 
9.91999999999022, -5.5283339138865255 
9.929999999990196, -5.5271589514675 
9.939999999990173, -5.525879652775825 
9.94999999999015, -5.525059785770236 
9.959999999990126, -5.523923295936349 
9.969999999990103, -5.522735402831491 
9.97999999999008, -5.522326368076345 
9.989999999990056, -5.521468530880829 
9.999999999990033, -5.5192677459388495 
10.00999999999001, -5.517625586735624 
10.019999999989986, -5.519587263332382 
10.029999999989963, -5.519009311834699 
10.03999999998994, -5.515860146850232 
10.049999999989916, -5.508518739826899 
10.059999999989893, -5.515223795749701 
10.06999999998987, -5.515521822754271 
10.079999999989846, -5.513561698224693 
10.089999999989823, -5.508353401003085 
10.0999999999898, -5.509608164026418 
10.109999999989776, -5.509645822678824 
10.119999999989753, -5.508342896461583 
10.12999999998973, -5.5064889538822595 
10.139999999989707, -5.505877364562004 
10.149999999989683, -5.505018648128834 
10.15999999998966, -5.503870088739583 
10.169999999989637, -5.503003628221012 
10.179999999989613, -5.502135866218341 
10.18999999998959, -5.500483749880145 
10.199999999989567, -5.499525055046774 
10.209999999989543, -5.499819578272268 
10.21999999998952, -5.498916100688114 
10.229999999989497, -5.495613970971388 
10.239999999989474, -5.4930706574631 
10.24999999998945, -5.497321046962737 
10.259999999989427, -5.496973926917184 
10.269999999989404, -5.494057816632486 
10.27999999998938, -5.486343663863547 
10.289999999989357, -5.4911118256829505 
10.299999999989334, -5.491330876380228 
10.30999999998931, -5.489736331077365 
10.319999999989287, -5.486754801259942 
10.329999999989264, -5.486715011362507 
10.33999999998924, -5.486197067225858 
10.349999999989217, -5.4849854209507924 
10.359999999989194, -5.483740358577083 
10.36999999998917, -5.482973901492518 
10.379999999989147, -5.481756296859038 
10.389999999989124, -5.480719494518614 
10.3999999999891, -5.480300719299793 
10.409999999989077, -5.479371883783987 
10.419999999989054, -5.476935073943499 
10.42999999998903, -5.475932766490167 
10.439999999989007, -5.477699296054063 
10.449999999988984, -5.476990147568595 
10.45999999998896, -5.473468562612991 
10.469999999988937, -5.466814859417399 
10.479999999988914, -5.473388364686778 
10.48999999998889, -5.473537418446183 
10.499999999988868, -5.471506448209307 
10.509999999988844, -5.466404202016711 
10.519999999988821, -5.467723672203765 
10.529999999988798, -5.467703909221326 
10.539999999988774, -5.466411323122369 
10.549999999988751, -5.4646099995779 
10.559999999988728, -5.463993471594491 
10.569999999988704, -5.463134866036328 
10.579999999988681, -5.461995496978921 
10.589999999988658, -5.461164730236317 
10.599999999988635, -5.460315338736908 
10.609999999988611, -5.458679207266264 
10.619999999988588, -5.4575824832478705 
10.629999999988565, -5.458038260782365 
10.639999999988541, -5.457241243120056 
10.649999999988518, -5.454234305994527 
10.659999999988495, -5.450329768533415 
10.669999999988471, -5.455363124945361 
10.679999999988448, -5.455332438779351 
10.689999999988425, -5.452936195215658 
10.699999999988401, -5.445127571800902 
10.709999999988378, -5.448855550529466 
10.719999999988355, -5.449519909688048 
10.729999999988332, -5.448171288460385 
10.739999999988308, -5.445424894441665 
10.749999999988285, -5.4448933817824905 
10.759999999988262, -5.444532087446179 
10.769999999988238, -5.443382883138748 
10.779999999988215, -5.442176664555143 
10.789999999988192, -5.44136498878156 
10.799999999988168, -5.4402441080816075 
10.809999999988145, -5.43899480264303 
10.819999999988122, -5.4387103116956075 
10.829999999988098, -5.437956845821775 
10.839999999988075, -5.435941060339289 
10.849999999988052, -5.433260330972776 
10.859999999988029, -5.435954924318983 
10.869999999988005, -5.435811907650354 
10.879999999987982, -5.433515525612996 
10.889999999987959, -5.424856548482037 
10.899999999987935, -5.430342769170351 
10.909999999987912, -5.431750277522686 
10.919999999987889, -5.430431745231387 
10.929999999987865, -5.426431568719875 
10.939999999987842, -5.425437820692532 
10.949999999987819, -5.426069999164312 
10.959999999987796, -5.4250529983063895 
10.969999999987772, -5.4234499360026875 
10.979999999987749, -5.422428394201697 
10.989999999987726, -5.421751189152726 
10.999999999987702, -5.42054854763147 
11.009999999987679, -5.419752921333462 
11.019999999987656, -5.418999811589786 
11.029999999987632, -5.417704424118537 
11.039999999987609, -5.415601035730006 
11.049999999987586, -5.416396049197872 
11.059999999987562, -5.416224616116567 
11.06999999998754, -5.414496392861488 
11.079999999987516, -5.408046881119918 
11.089999999987493, -5.411936106998242 
11.09999999998747, -5.413944502960251 
11.109999999987446, -5.412808078870774 
11.119999999987423, -5.408112171884663 
11.1299999999874, -5.405071039821609 
11.139999999987376, -5.407780721169297 
11.149999999987353, -5.407116580746683 
11.15999999998733, -5.4052379616850725 
11.169999999987306, -5.403341887782301 
11.179999999987283, -5.403249672349101 
11.18999999998726, -5.402309180502999 
11.199999999987236, -5.401176975666087 
11.209999999987213, -5.40022680870714 
11.21999999998719, -5.399358452219905 
11.229999999987166, -5.397807526137103 
11.239999999987143, -5.397302863855545 
11.24999999998712, -5.397054054621973 
11.259999999987096, -5.395909173449651 
11.269999999987073, -5.392308882936809 
11.27999999998705, -5.392676169658008 
11.289999999987026, -5.394934021272591 
11.299999999987003, -5.394141909399114 
11.30999999998698, -5.390219004353828 
11.319999999986956, -5.383536184545647 
11.329999999986933, -5.38937044931287 
11.33999999998691, -5.389409916809501 
11.349999999986887, -5.387596980991596 
11.359999999986863, -5.383952944593648 
11.36999999998684, -5.384380505695362 
11.379999999986817, -5.384060007687013 
11.389999999986793, -5.382857273574546 
11.39999999998677, -5.381463598073586 
11.409999999986747, -5.38074730286285 
11.419999999986723, -5.3797294908508055 
11.4299999999867, -5.378600889382543 
11.439999999986677, -5.378072855970229 
11.449999999986654, -5.377271033250496 
11.45999999998663, -5.37541762448706 
11.469999999986607, -5.373583524259875 
11.479999999986584, -5.3752582799233455 
11.48999999998656, -5.374883528442051 
11.499999999986537, -5.372474372524961 
11.509999999986514, -5.364470689387465 
11.51999999998649, -5.370695330651818 
11.529999999986467, -5.371976467272999 
11.539999999986444, -5.370596708267994 
11.54999999998642, -5.365869576895948 
11.559999999986397, -5.3647187459818415 
11.569999999986374, -5.365991105181638 
11.57999999998635, -5.365081990676431 
11.589999999986327, -5.363334542965249 
11.599999999986304, -5.3620656029766955 
11.60999999998628, -5.361631863311105 
11.619999999986257, -5.360530338076547 
11.629999999986234, -5.359576491832668 
11.63999999998621, -5.3587863505527 
11.649999999986187, -5.357747626717016 
11.659999999986164, -5.355862334917191 
11.66999999998614, -5.355942744715996 
11.679999999986117, -5.355888730607573 
11.689999999986094, -5.354595547100827 
11.69999999998607, -5.349834566344315 
11.709999999986048, -5.350770179038443 
11.719999999986024, -5.353806231880935 
11.729999999986001, -5.353095253667608 
11.739999999985978, -5.349514616498392 
11.749999999985954, -5.343000604089323 
11.759999999985931, -5.347478088559914 
11.769999999985908, -5.347453039053056 
11.779999999985884, -5.3458728718338895 
11.789999999985861, -5.343199213610182 
11.799999999985838, -5.3430835182926355 
11.809999999985815, -5.342542689620926 
11.819999999985791, -5.341395369428678 
11.829999999985768, -5.340271050824006 
11.839999999985745, -5.339507288359293 
11.849999999985721, -5.338325151070071 
11.859999999985698, -5.33714322459155 
11.869999999985675, -5.336977822639635 
11.879999999985651, -5.336258992304751 
11.889999999985628, -5.334220023882592 
11.899999999985605, -5.331047271366982 
11.909999999985581, -5.3342686905971215 
11.919999999985558, -5.334416877545831 
11.929999999985535, -5.3324915508287205 
11.939999999985512, -5.324409561298456 
11.949999999985488, -5.32739000957062 
11.959999999985465, -5.329790766508942 
11.969999999985442, -5.3288494483610185 
11.979999999985418, -5.3258638277770505 
11.989999999985395, -5.32350833455212 
11.999999999985372, -5.324356977638343 
12.009999999985348, -5.323562749665044 
12.019999999985325, -5.322200081349771 
12.029999999985302, -5.3209813562158566 
12.039999999985278, -5.320361698598154 
12.049999999985255, -5.319178698866283 
12.059999999985232, -5.318336131455103 
12.069999999985209, -5.317749699391729 
12.079999999985185, -5.316761000474531 
12.089999999985162, -5.314422469295194 
12.099999999985139, -5.314187028954857 
12.109999999985115, -5.31523080489889 
12.119999999985092, -5.314398496561447 
12.129999999985069, -5.310753839054573 
12.139999999985045, -5.30497340594296 
12.149999999985022, -5.311574148866104 
12.159999999984999, -5.3118759246956255 
12.169999999984976, -5.310005507285062 
12.179999999984952, -5.304419443788785 
12.189999999984929, -5.30528741982849 
12.199999999984906, -5.305929613311315 
12.209999999984882, -5.304854470017063 
12.219999999984859, -5.303019461453169 
12.229999999984836, -5.302053396192912 
12.239999999984812, -5.30153573573723 
12.249999999984789, -5.300414504510544 
12.259999999984766, -5.29952259902251 
12.269999999984742, -5.2987605750315145 
12.27999999998472, -5.29765109897619 
12.289999999984696, -5.295761108304592 
12.299999999984673, -5.296067864585176 
12.30999999998465, -5.295973912883433 
12.319999999984626, -5.294606379227934 
12.329999999984603, -5.289533202319974 
12.33999999998458, -5.290869526963795 
12.349999999984556, -5.293950027593171 
12.359999999984533, -5.293268657005271 
12.36999999998451, -5.2898440415982355 
12.379999999984486, -5.2832215912490295 
12.389999999984463, -5.287474579360431 
12.39999999998444, -5.287549442589511 
12.409999999984416, -5.286089663927859 
12.419999999984393, -5.283564721960501 
12.42999999998437, -5.283246964697275 
12.439999999984346, -5.282763742562409 
12.449999999984323, -5.281651280181675 
12.4599999999843, -5.280581330843472 
12.469999999984276, -5.279808358267835 
12.479999999984253, -5.278691237841533 
12.48999999998423, -5.277326730016343 
12.499999999984206, -5.277287047888993 
12.509999999984183, -5.276738919427501 
12.51999999998416, -5.275038701147822 
12.529999999984136, -5.270810553740715 
12.539999999984113, -5.274050886581948 
12.54999999998409, -5.275028144597391 
12.559999999984067, -5.273720656457024 
12.569999999984043, -5.267959177147306 
12.57999999998402, -5.2652312066103075 
12.589999999983997, -5.269626982229816 
12.599999999983973, -5.269233704089829 
12.60999999998395, -5.2671815909902175 
12.619999999983927, -5.263939398869298 
12.629999999983903, -5.264531116788648 
12.63999999998388, -5.264051826362338 
12.649999999983857, -5.262867010164948 
12.659999999983834, -5.261589312161418 
12.66999999998381, -5.260902535586938 
12.679999999983787, -5.259856627356593 
12.689999999983764, -5.258743922603509 
12.69999999998374, -5.2583503447347715 
12.709999999983717, -5.257623796576713 
12.719999999983694, -5.255844516805456 
12.72999999998367, -5.253270001756097 
12.739999999983647, -5.255558529301728 
12.749999999983624, -5.255635298732692 
12.7599999999836, -5.253853083747879 
12.769999999983577, -5.2462988179423675 
12.779999999983554, -5.248777064946159 
12.78999999998353, -5.2519103465040216 
12.799999999983507, -5.251165746388972 
12.809999999983484, -5.248264839157704 
12.81999999998346, -5.244527769109785 
12.829999999983437, -5.246109599182102 
12.839999999983414, -5.245638750530631 
12.84999999998339, -5.244318461138063 
12.859999999983367, -5.242795486867978 
12.869999999983344, -5.24226145596988 
12.87999999998332, -5.241324740969334 
12.889999999983297, -5.240270932837176 
12.899999999983274, -5.2396309020386465 
12.90999999998325, -5.238854654040036 
12.919999999983228, -5.2372131435126175 
12.929999999983204, -5.235550581817738 
12.939999999983181, -5.2367866871533355 
12.949999999983158, -5.2364688025794255 
12.959999999983134, -5.2344354480395765 
12.969999999983111, -5.227117923184851 
12.979999999983088, -5.232028777485647 
12.989999999983064, -5.2341533853717745 
12.999999999983041, -5.233153917082879 
13.009999999983018, -5.229257561188119 
13.019999999982995, -5.225309696074138 
13.029999999982971, -5.227898162370151 
13.039999999982948, -5.227469545234735 
13.049999999982925, -5.225983906239909 
13.059999999982901, -5.22411979845398 
13.069999999982878, -5.223792509819585 
13.079999999982855, -5.222993578775185 
13.089999999982831, -5.221920525356898 
13.099999999982808, -5.221092157166762 
13.109999999982785, -5.2203283847922695 
13.119999999982761, -5.218915394105736 
13.129999999982738, -5.217546027474034 
13.139999999982715, -5.218089420009536 
13.149999999982692, -5.217613984554629 
13.159999999982668, -5.215632750581955 
13.169999999982645, -5.2097218172300215 
13.179999999982622, -5.214415397975566 
13.189999999982598, -5.215984597152424 
13.199999999982575, -5.214851830208458 
13.209999999982552, -5.210160945938042 
13.219999999982528, -5.205979868444708 
13.229999999982505, -5.2096738187036316 
13.239999999982482, -5.209357696188229 
13.249999999982458, -5.207730627601057 
13.259999999982435, -5.2053515551491385 
13.269999999982412, -5.205258111607518 
13.279999999982389, -5.20465239135077 
13.289999999982365, -5.203551983017274 
13.299999999982342, -5.202544760344871 
13.309999999982319, -5.2018042507747255 
13.319999999982295, -5.200632965879651 
13.329999999982272, -5.199305726377673 
13.339999999982249, -5.199385890237215 
13.349999999982225, -5.198873920477085 
13.359999999982202, -5.197174451531166 
13.369999999982179, -5.192593118634923 
13.379999999982156, -5.195956562594711 
13.389999999982132, -5.197319192127941 
13.399999999982109, -5.196212561474455 
13.409999999982086, -5.191378579697455 
13.419999999982062, -5.186361567732299 
13.429999999982039, -5.191388257665343 
13.439999999982016, -5.191309233933289 
13.449999999981992, -5.189641039494935 
13.459999999981969, -5.186557060887934 
13.469999999981946, -5.186597257133669 
13.479999999981922, -5.186302398283913 
13.4899999999819, -5.185216227311581 
13.499999999981876, -5.1840240716307555 
13.509999999981853, -5.1832520231755534 
13.51999999998183, -5.182322465422544 
13.529999999981806, -5.181003370988218 
13.539999999981783, -5.180711884642179 
13.54999999998176, -5.180210040103787 
13.559999999981736, -5.178867988604451 
13.569999999981713, -5.17534400348904 
13.57999999998169, -5.1770052576109205 
13.589999999981666, -5.178408039064092 
13.599999999981643, -5.177485416829361 
13.60999999998162, -5.173321171721623 
13.619999999981596, -5.1665880412583665 
13.629999999981573, -5.173060997554033 
13.63999999998155, -5.173433937183047 
13.649999999981526, -5.171891562641187 
13.659999999981503, -5.168149205737646 
13.66999999998148, -5.167816783863841 
13.679999999981456, -5.168066462644245 
13.689999999981433, -5.167085020765503 
13.69999999998141, -5.165740376673954 
13.709999999981386, -5.164788812310289 
13.719999999981363, -5.164104245216622 
13.72999999998134, -5.162871761562515 
13.739999999981316, -5.16223028629894 
13.749999999981293, -5.161724156547739 
13.75999999998127, -5.160704530959326 
13.769999999981247, -5.158120729322074 
13.779999999981223, -5.157986947260627 
13.7899999999812, -5.159543280476138 
13.799999999981177, -5.158918998482334 
13.809999999981153, -5.15588599196491 
13.81999999998113, -5.147575908604798 
13.829999999981107, -5.154495715165423 
13.839999999981083, -5.1557149005311675 
13.84999999998106, -5.154481339264561 
13.859999999981037, -5.150667545860232 
13.869999999981014, -5.1487474047113295 
13.87999999998099, -5.149942445982461 
13.889999999980967, -5.149220860412997 
13.899999999980944, -5.147836877545458 
13.90999999998092, -5.146502287552155 
13.919999999980897, -5.146013369718728 
13.929999999980874, -5.14499329985891 
13.93999999998085, -5.144044513111404 
13.949999999980827, -5.14346985115597 
13.959999999980804, -5.142683063213239 
13.96999999998078, -5.140911186490371 
13.979999999980757, -5.1393254498001335 
13.989999999980734, -5.140818976827142 
13.99999999998071, -5.140572353799632 
14.009999999980687, -5.138614414731956 
14.019999999980664, -5.131093055497254 
14.02999999998064, -5.1351221393299795 
14.039999999980617, -5.1379473008925585 
14.049999999980594, -5.137199576350418 
14.05999999998057, -5.134120937993165 
14.069999999980547, -5.129369250147651 
14.079999999980524, -5.131677878523094 
14.0899999999805, -5.131513013310922 
14.099999999980477, -5.130261414483913 
14.109999999980454, -5.1285197193482155 
14.11999999998043, -5.12793014634685 
14.129999999980408, -5.127253451822169 
14.139999999980384, -5.126154372593174 
14.149999999980361, -5.125419300202717 
14.159999999980338, -5.124729617805244 
14.169999999980314, -5.123557245552041 
14.179999999980291, -5.121480627945823 
14.189999999980268, -5.122135029499075 
14.199999999980244, -5.122341915596291 
14.209999999980221, -5.121174994560272 
14.219999999980198, -5.116540806548756 
14.229999999980175, -5.11438312855941 
14.239999999980151, -5.119769126567091 
14.249999999980128, -5.1197833075452746 
14.259999999980105, -5.117742064718296 
14.269999999980081, -5.111482866635372 
14.279999999980058, -5.112647640703519 
14.289999999980035, -5.113739548540836 
14.299999999980011, -5.112825871173474 
14.309999999979988, -5.111042952598823 
14.319999999979965, -5.109719639840284 
14.329999999979941, -5.10945194148736 
14.339999999979918, -5.108483743407815 
14.349999999979895, -5.107528273041439 
14.359999999979872, -5.106776400004785 
14.369999999979848, -5.1059702053342315 
14.379999999979825, -5.104329980369235 
14.389999999979802, -5.103473048969166 
14.399999999979778, -5.104067397624172 
14.409999999979755, -5.103478129885396 
14.419999999979732, -5.101152995643561 
14.429999999979708, -5.0949217476381845 
14.439999999979685, -5.100517383818779 
14.449999999979662, -5.102013627832612 
14.459999999979638, -5.10090577228225 
14.469999999979615, -5.096531330020637 
14.479999999979592, -5.092051051340284 
14.489999999979569, -5.095523793264964 
14.499999999979545, -5.09532650571551 
14.509999999979522, -5.093902531391708 
14.519999999979499, -5.091736605139424 
14.529999999979475, -5.091371180934585 
14.539999999979452, -5.090844141405992 
14.549999999979429, -5.08978290493759 
14.559999999979405, -5.088880070492733 
14.569999999979382, -5.088154218463826 
14.579999999979359, -5.087112852183434 
14.589999999979335, -5.085424631483965 
14.599999999979312, -5.085598371381032 
14.609999999979289, -5.08553223771284 
14.619999999979266, -5.084382645723259 
14.629999999979242, -5.0802700327417325 
14.639999999979219, -5.079216581252287 
14.649999999979196, -5.083590190686954 
14.659999999979172, -5.083497377729392 
14.669999999979149, -5.081309932442869 
14.679999999979126, -5.073856015701624 
14.689999999979102, -5.075843786027523 
14.69999999997908, -5.077527126261731 
14.709999999979056, -5.076693801180199 
14.719999999979033, -5.074711975526817 
14.72999999997901, -5.072945617002642 
14.739999999978986, -5.072980084274508 
14.749999999978963, -5.072176814368005 
14.75999999997894, -5.071128784298126 
14.769999999978916, -5.070233718182296 
14.779999999978893, -5.0695193254173425 
14.78999999997887, -5.068212443370723 
14.799999999978846, -5.067058188981477 
14.809999999978823, -5.067331698551472 
14.8199999999788, -5.0668366069335695 
14.829999999978776, -5.06505465243343 
14.839999999978753, -5.05990033122571 
14.84999999997873, -5.063595509855516 
14.859999999978706, -5.065501870469807 
14.869999999978683, -5.064640797990875 
14.87999999997866, -5.060851610005689 
14.889999999978636, -5.053871538753557 
14.899999999978613, -5.058781766025993 
14.90999999997859, -5.0591883353687965 
14.919999999978566, -5.057935253320456 
14.929999999978543, -5.055435800419967 
14.93999999997852, -5.054593007620171 
14.949999999978496, -5.054493817702683 
14.959999999978473, -5.053534151667433 
14.96999999997845, -5.052492883810794 
14.979999999978427, -5.051654640490421 
14.989999999978403, -5.050876611326062 
14.99999999997838, -5.049413620949812 
15.009999999978357, -5.048844997103338 
15.019999999978333, -5.048881379826286 
15.02999999997831, -5.04810110014694 
15.039999999978287, -5.045575920289263 
15.049999999978263, -5.0417299165752505 
15.05999999997824, -5.046400201076785 
15.069999999978217, -5.047053549493178 
15.079999999978194, -5.04562070280363 
15.08999999997817, -5.03979095344906 
15.099999999978147, -5.03684336314692 
15.109999999978124, -5.040964817475665 
15.1199999999781, -5.040735170427188 
15.129999999978077, -5.039124732332147 
15.139999999978054, -5.036418302296162 
15.14999999997803, -5.036317017323805 
15.159999999978007, -5.035990526970532 
15.169999999977984, -5.034959513669394 
15.17999999997796, -5.033911129864155 
15.189999999977937, -5.033149497415794 
15.199999999977914, -5.032272397646386 
15.20999999997789, -5.030804342699526 
15.219999999977867, -5.030576921231968 
15.229999999977844, -5.030405075276291 
15.23999999997782, -5.029404987177485 
15.249999999977797, -5.026192613062581 
15.259999999977774, -5.024531307397601 
15.26999999997775, -5.028480777458711 
15.279999999977727, -5.028534883717795 
15.289999999977704, -5.026597899344276 
15.29999999997768, -5.019082505310424 
15.309999999977657, -5.019895134574386 
15.319999999977634, -5.02283064593127 
15.32999999997761, -5.022271460601807 
15.339999999977588, -5.020366663418515 
15.349999999977564, -5.017774017052653 
15.359999999977541, -5.018018931722737 
15.369999999977518, -5.017530492548644 
15.379999999977494, -5.0164703936477135 
15.389999999977471, -5.015423518049536 
15.399999999977448, -5.014716401082294 
15.409999999977424, -5.013754084962657 
15.419999999977401, -5.012356048539071 
15.429999999977378, -5.012272993847512 
15.439999999977355, -5.011979510518062 
15.449999999977331, -5.010820021995379 
15.459999999977308, -5.007157576247563 
15.469999999977285, -5.007044436569349 
15.479999999977261, -5.010312444320123 
15.489999999977238, -5.010081459891255 
15.499999999977215, -5.0077694698625415 
15.509999999977191, -4.999462002854869 
15.519999999977168, -5.002311515168237 
15.529999999977145, -5.004576826576622 
15.539999999977121, -5.003857279139266 
15.549999999977098, -5.001775783605391 
15.559999999977075, -4.999375175095355 
15.569999999977052, -4.999717147931701 
15.579999999977028, -4.999145746298752 
15.589999999977005, -4.998077720619814 
15.599999999976982, -4.99704332326363 
15.609999999976958, -4.996361778829606 
15.619999999976935, -4.995351848499791 
15.629999999976912, -4.99400684824843 
15.639999999976888, -4.993980767530813 
15.649999999976865, -4.993642496035906 
15.659999999976842, -4.992406528884508 
15.669999999976818, -4.988546643714779 
15.679999999976795, -4.9890458131696525 
15.689999999976772, -4.992080633556449 
15.699999999976749, -4.991764046036159 
15.709999999976725, -4.989318693422272 
15.719999999976702, -4.980867410899718 
15.729999999976679, -4.984197310441029 
15.739999999976655, -4.986281763264168 
15.749999999976632, -4.9855284238403454 
15.759999999976609, -4.9834267083196 
15.769999999976585, -4.981103043112845 
15.779999999976562, -4.981436999469512 
15.789999999976539, -4.980851083494429 
15.799999999976515, -4.9797889414592245 
15.809999999976492, -4.978770805259496 
15.819999999976469, -4.978093828243441 
15.829999999976446, -4.977080586529671 
15.839999999976422, -4.975723129693354 
15.849999999976399, -4.975723029976122 
15.859999999976376, -4.975411407544932 
15.869999999976352, -4.97419961732288 
15.879999999976329, -4.9703532166125175 
15.889999999976306, -4.970541701236072 
15.899999999976282, -4.97383510851988 
15.90999999997626, -4.9736071093480545 
15.919999999976236, -4.971319603627323 
15.929999999976213, -4.963156851817641 
15.93999999997619, -4.965629871861584 
15.949999999976166, -4.967969446663066 
15.959999999976143, -4.967298960304538 
15.96999999997612, -4.965333470124873 
15.979999999976096, -4.962941600949377 
15.989999999976073, -4.963192218725866 
15.99999999997605, -4.962655226422483 
16.009999999976028, -4.961609157143064 
16.019999999976005, -4.960610286672413 
16.02999999997598, -4.959920824690217 
16.039999999975958, -4.958949881101183 
16.049999999975935, -4.957512344257113 
16.05999999997591, -4.9574974469300495 
16.069999999975888, -4.957291261956496 
16.079999999975865, -4.956202333827535 
16.08999999997584, -4.9526344875449615 
16.099999999975818, -4.951467324311469 
16.109999999975795, -4.955533796516759 
16.11999999997577, -4.955592947632988 
16.129999999975748, -4.953695980891242 
16.139999999975725, -4.946509405430566 
16.1499999999757, -4.946575561301236 
16.15999999997568, -4.949629252531968 
16.169999999975655, -4.949167103000322 
16.17999999997563, -4.947459126809915 
16.18999999997561, -4.944976696750322 
16.199999999975585, -4.944991424188474 
16.20999999997556, -4.944568791184812 
16.21999999997554, -4.943548310748959 
16.229999999975515, -4.9425761982355265 
16.239999999975492, -4.94185689071511 
16.24999999997547, -4.940969737179217 
16.259999999975445, -4.939436758936221 
16.269999999975422, -4.93927867072756 
16.2799999999754, -4.939279216290127 
16.289999999975375, -4.938393856043005 
16.299999999975352, -4.935429809653153 
16.30999999997533, -4.9318809768467355 
16.319999999975305, -4.9370085824192795 
16.329999999975282, -4.9376651482344345 
16.33999999997526, -4.936277789707857 
16.349999999975235, -4.930874565416734 
16.359999999975212, -4.927120474403303 
16.36999999997519, -4.931204426703058 
16.379999999975166, -4.931126232222992 
16.389999999975142, -4.929740188793247 
16.39999999997512, -4.927352420632857 
16.409999999975096, -4.926856712182413 
16.419999999975072, -4.92660633781178 
16.42999999997505, -4.925632731719451 
16.439999999975026, -4.924687083502391 
16.449999999975002, -4.923931455697191 
16.45999999997498, -4.923149817498977 
16.469999999974956, -4.921616679744436 
16.479999999974932, -4.921027384054736 
16.48999999997491, -4.921359233212911 
16.499999999974886, -4.920749474286977 
16.509999999974863, -4.91857931358843 
16.51999999997484, -4.912896311462767 
16.529999999974816, -4.917809638578202 
16.539999999974793, -4.919713825681404 
16.54999999997477, -4.9188994158130885 
16.559999999974746, -4.915452904451303 
16.569999999974723, -4.908478526743221 
16.5799999999747, -4.912534357020678 
16.589999999974676, -4.913163279446231 
16.599999999974653, -4.912126220136319 
16.60999999997463, -4.9101110119628855 
16.619999999974606, -4.908877757431124 
16.629999999974583, -4.908777913165012 
16.63999999997456, -4.907907922018657 
16.649999999974536, -4.906953717161331 
16.659999999974513, -4.906190915866005 
16.66999999997449, -4.905497859635024 
16.679999999974466, -4.904145802611837 
16.689999999974443, -4.902791714064705 
16.69999999997442, -4.903462098513604 
16.709999999974396, -4.903250338061376 
16.719999999974373, -4.901823739625669 
16.72999999997435, -4.896607479099545 
16.739999999974327, -4.896979244667891 
16.749999999974303, -4.901480953505442 
16.75999999997428, -4.901434102962638 
16.769999999974257, -4.899452656362536 
16.779999999974233, -4.8930742094886925 
16.78999999997421, -4.893331573777126 
16.799999999974187, -4.895214084334315 
16.809999999974163, -4.894596296068085 
16.81999999997414, -4.893067629093364 
16.829999999974117, -4.8913001199914445 
16.839999999974093, -4.8910725396001125 
16.84999999997407, -4.8904028888334015 
16.859999999974047, -4.889388045713677 
16.869999999974024, -4.88866043766828 
16.879999999974, -4.8880160107916115 
16.889999999973977, -4.886965722308727 
16.899999999973954, -4.885009529088752 
16.90999999997393, -4.885360388364121 
16.919999999973907, -4.885842137921481 
16.929999999973884, -4.885042388590611 
16.93999999997386, -4.881956557354607 
16.949999999973837, -4.875338157053073 
16.959999999973814, -4.882191097087528 
16.96999999997379, -4.883710457900317 
16.979999999973767, -4.882728443318003 
16.989999999973744, -4.879171700168053 
16.99999999997372, -4.874324228442223 
17.009999999973697, -4.877044782186604 
17.019999999973674, -4.8771016366446185 
17.02999999997365, -4.875999374490473 
17.039999999973627, -4.874310493690762 
17.049999999973604, -4.873481071852967 
17.05999999997358, -4.87305723059219 
17.069999999973557, -4.872034901818256 
17.079999999973534, -4.871257525491838 
17.08999999997351, -4.870680837372486 
17.099999999973488, -4.869910460929452 
17.109999999973464, -4.86816498400613 
17.11999999997344, -4.866786111515929 
17.129999999973418, -4.868271706797108 
17.139999999973394, -4.868200960152963 
17.14999999997337, -4.866662641256761 
17.159999999973348, -4.860506641247414 
17.169999999973324, -4.859807789758959 
17.1799999999733, -4.865256827043067 
17.189999999973278, -4.8653652627930315 
17.199999999973254, -4.863667171543385 
17.20999999997323, -4.858919608581091 
17.219999999973208, -4.858251733299474 
17.229999999973185, -4.859455072677193 
17.23999999997316, -4.858796711197246 
17.249999999973138, -4.857500559051613 
17.259999999973115, -4.856142433789705 
17.26999999997309, -4.855700684598981 
17.279999999973068, -4.854874104106856 
17.289999999973045, -4.853837684603883 
17.29999999997302, -4.853370683907046 
17.309999999972998, -4.852813265547208 
17.319999999972975, -4.851667759054792 
17.32999999997295, -4.849037700967264 
17.339999999972928, -4.849684998426806 
17.349999999972905, -4.851083227850767 
17.35999999997288, -4.850543680538448 
17.36999999997286, -4.8479325347582085 
17.379999999972835, -4.839121558139914 
17.38999999997281, -4.844425925775576 
17.39999999997279, -4.847222072519754 
17.409999999972765, -4.846645904848463 
17.41999999997274, -4.844357458534204 
17.42999999997272, -4.840306494044193 
17.439999999972695, -4.841257861998221 
17.449999999972672, -4.841337351022378 
17.45999999997265, -4.840384099449537 
17.469999999972625, -4.839114698289313 
17.479999999972602, -4.8382154580143615 
17.48999999997258, -4.837649688096893 
17.499999999972555, -4.836513441747758 
17.509999999972532, -4.835780636795245 
17.51999999997251, -4.835511084138245 
17.529999999972485, -4.834841550069204 
17.539999999972462, -4.83308078567787 
17.54999999997244, -4.82992162850886 
17.559999999972415, -4.832730749914151 
17.569999999972392, -4.8337278858829915 
17.57999999997237, -4.832796344481123 
17.589999999972346, -4.828887938008127 
17.599999999972322, -4.820633948492478 
17.6099999999723, -4.827366578644374 
17.619999999972276, -4.828651697399371 
17.629999999972252, -4.82770162685801 
17.63999999997223, -4.825152308913728 
17.649999999972206, -4.822715573208736 
17.659999999972182, -4.823420782952761 
17.66999999997216, -4.822948669160618 
17.679999999972136, -4.821909794797521 
17.689999999972112, -4.82082497213817 
17.69999999997209, -4.820160391220641 
17.709999999972066, -4.819337896551068 
17.719999999972043, -4.818008483699516 
17.72999999997202, -4.8177554246458225 
17.739999999971996, -4.817584358318145 
17.749999999971973, -4.816722516454149 
17.75999999997195, -4.814079616495539 
17.769999999971926, -4.8110757651477085 
17.779999999971903, -4.815440339753704 
17.78999999997188, -4.81616014119795 
17.799999999971856, -4.814940873297199 
17.809999999971833, -4.8100947216792616 
17.81999999997181, -4.804050623514484 
17.829999999971786, -4.80948652290652 
17.839999999971763, -4.809989022178831 
17.84999999997174, -4.808859322822676 
17.859999999971716, -4.806476295154303 
17.869999999971693, -4.805146044327085 
17.87999999997167, -4.805319184959186 
17.889999999971646, -4.804566053328721 
17.899999999971623, -4.803573058231687 
17.9099999999716, -4.802711935627468 
17.919999999971576, -4.802080099859038 
17.929999999971553, -4.800980018796588 
17.93999999997153, -4.79955145319485 
17.949999999971507, -4.799862642749104 
17.959999999971483, -4.799768714399801 
17.96999999997146, -4.798704662595867 
17.979999999971437, -4.795010202168362 
17.989999999971413, -4.792200465964589 
17.99999999997139, -4.797749540791716 
18.009999999971367, -4.798389349702341 
18.019999999971343, -4.797057021863633 
18.02999999997132, -4.792189184406991 
18.039999999971297, -4.787804230101269 
18.049999999971273, -4.791573582667688 
18.05999999997125, -4.791659387220619 
18.069999999971227, -4.790494890552331 
18.079999999971204, -4.788512617453073 
18.08999999997118, -4.787644738648009 
18.099999999971157, -4.787427791450086 
18.109999999971134, -4.786513826582106 
18.11999999997111, -4.785643690500966 
18.129999999971087, -4.784977855017624 
18.139999999971064, -4.784298977911316 
18.14999999997104, -4.782898755148625 
18.159999999971017, -4.781341345123199 
18.169999999970994, -4.782350180169254 
18.17999999997097, -4.782402434150527 
18.189999999970947, -4.781217936506621 
18.199999999970924, -4.776686239163576 
18.2099999999709, -4.772895867318485 
18.219999999970877, -4.779600609376826 
18.229999999970854, -4.780366806389702 
18.23999999997083, -4.779116872453011 
18.249999999970807, -4.77503605191261 
18.259999999970784, -4.771482641668418 
18.26999999997076, -4.773873207913212 
18.279999999970737, -4.7737317214502415 
18.289999999970714, -4.772620661612014 
18.29999999997069, -4.771047296358555 
18.309999999970668, -4.770305779824673 
18.319999999970644, -4.769835439674114 
18.32999999997062, -4.768798896073193 
18.339999999970598, -4.7680879300715775 
18.349999999970574, -4.767607263822117 
18.35999999997055, -4.766885297135148 
18.369999999970528, -4.765172560961049 
18.379999999970504, -4.763155968191493 
18.38999999997048, -4.765149601078194 
18.399999999970458, -4.765536951188378 
18.409999999970434, -4.764407549162928 
18.41999999997041, -4.759860645465716 
18.429999999970388, -4.753355999998957 
18.439999999970365, -4.760792729128012 
18.44999999997034, -4.761901311295195 
18.459999999970318, -4.760867734738396 
18.469999999970295, -4.757847170257488 
18.47999999997027, -4.754785742152526 
18.489999999970248, -4.756081319996733 
18.499999999970225, -4.755811902536932 
18.5099999999702, -4.754782172852519 
18.519999999970178, -4.7535403029234455 
18.529999999970155, -4.752813942794981 
18.53999999997013, -4.75217858985855 
18.549999999970108, -4.750993237568891 
18.559999999970085, -4.750437763858375 
18.56999999997006, -4.750206557551856 
18.57999999997004, -4.749505815103425 
18.589999999970015, -4.747575219908071 
18.59999999996999, -4.7442680348015935 
18.60999999996997, -4.747551006412103 
18.619999999969945, -4.748686353211866 
18.62999999996992, -4.747826700185117 
18.6399999999699, -4.744231212810152 
18.649999999969875, -4.73546812108208 
18.659999999969852, -4.741437449082821 
18.66999999996983, -4.74310361847314 
18.679999999969805, -4.742338956102323 
18.689999999969782, -4.740235722225752 
18.69999999996976, -4.737669350469636 
18.709999999969735, -4.73807646007816 
18.719999999969712, -4.737726902013882 
18.72999999996969, -4.736756658329298 
18.739999999969665, -4.7357752201677 
18.749999999969642, -4.735064218301451 
18.75999999996962, -4.734331367073426 
18.769999999969595, -4.732927892246893 
18.779999999969572, -4.732405178784602 
18.78999999996955, -4.732621450900245 
18.799999999969526, -4.732072684674609 
18.809999999969502, -4.730216313475255 
18.81999999996948, -4.724929123817982 
18.829999999969456, -4.728417360395906 
18.839999999969432, -4.73123474925372 
18.84999999996941, -4.730868152827894 
18.859999999969386, -4.728524437625371 
18.869999999969362, -4.721148155550858 
18.87999999996934, -4.722389031962026 
18.889999999969316, -4.724655695034219 
18.899999999969292, -4.724170115732184 
18.90999999996927, -4.722701593441213 
18.919999999969246, -4.720692156396341 
18.929999999969223, -4.720405795512264 
18.9399999999692, -4.719991020901434 
18.949999999969176, -4.719020045925316 
18.959999999969153, -4.718242117805539 
18.96999999996913, -4.7176148701826826 
18.979999999969106, -4.716860806036171 
18.989999999969083, -4.715231905815665 
18.99999999996906, -4.714222069614716 
19.009999999969036, -4.715300382824667 
19.019999999969013, -4.715153857434602 
19.02999999996899, -4.713712722179979 
19.039999999968966, -4.708216813594079 
19.049999999968943, -4.706525378016305 
19.05999999996892, -4.7126510744320615 
19.069999999968896, -4.713148613329915 
19.079999999968873, -4.711790422786268 
19.08999999996885, -4.707584235797952 
19.099999999968826, -4.70460920668493 
19.109999999968803, -4.706753083176769 
19.11999999996878, -4.706550939743623 
19.129999999968756, -4.705462257891712 
19.139999999968733, -4.703979637102499 
19.14999999996871, -4.70324883549777 
19.159999999968687, -4.702763211595384 
19.169999999968663, -4.701717843000954 
19.17999999996864, -4.701029683749908 
19.189999999968617, -4.700630662067172 
19.199999999968593, -4.699962327461378 
19.20999999996857, -4.6983354136331705 
19.219999999968547, -4.695736047048785 
19.229999999968523, -4.697934232946519 
19.2399999999685, -4.698821380228191 
19.249999999968477, -4.697998151417278 
19.259999999968453, -4.694598323533148 
19.26999999996843, -4.685593015344321 
19.279999999968407, -4.692158445495836 
19.289999999968384, -4.694402978737282 
19.29999999996836, -4.6937828023972 
19.309999999968337, -4.6916532032537495 
19.319999999968314, -4.688174407876302 
19.32999999996829, -4.688722286140066 
19.339999999968267, -4.688766522305294 
19.349999999968244, -4.687882834136799 
19.35999999996822, -4.686789705820667 
19.369999999968197, -4.685914935319727 
19.379999999968174, -4.685350565226693 
19.38999999996815, -4.684227116006305 
19.399999999968127, -4.683281829217327 
19.409999999968104, -4.683341296751719 
19.41999999996808, -4.682949404563207 
19.429999999968057, -4.68167433138242 
19.439999999968034, -4.6777960088750365 
19.44999999996801, -4.677964307099513 
19.459999999967987, -4.68172280775844 
19.469999999967964, -4.68186239974069 
19.47999999996794, -4.680236199360521 
19.489999999967917, -4.674191950323631 
19.499999999967894, -4.670706921658708 
19.50999999996787, -4.675234238694118 
19.519999999967848, -4.675425492947147 
19.529999999967824, -4.674267334977314 
19.5399999999678, -4.672070630062562 
19.549999999967778, -4.670953957257391 
19.559999999967754, -4.670995097514401 
19.56999999996773, -4.670232253220476 
19.579999999967708, -4.669304413876592 
19.589999999967684, -4.66856401302992 
19.59999999996766, -4.6679598958715465 
19.609999999967638, -4.6669046141985 
19.619999999967614, -4.66517003900445 
19.62999999996759, -4.665572120170687 
19.639999999967568, -4.665971706903294 
19.649999999967545, -4.665261263046016 
19.65999999996752, -4.6626231774019296 
19.669999999967498, -4.655547092415647 
19.679999999967475, -4.661472106049695 
19.68999999996745, -4.664195910188444 
19.699999999967428, -4.663737659028107 
19.709999999967405, -4.661423478496717 
19.71999999996738, -4.655563367088105 
19.729999999967358, -4.656421252690147 
19.739999999967335, -4.65768027149209 
19.74999999996731, -4.65705735760403 
19.759999999967288, -4.6557655967478455 
19.769999999967265, -4.654320711423473 
19.77999999996724, -4.653918731154754 
19.78999999996722, -4.653268895857262 
19.799999999967195, -4.652229466458867 
19.80999999996717, -4.65171190826456 
19.81999999996715, -4.651259452754827 
19.829999999967125, -4.650443796160058 
19.8399999999671, -4.648396822586662 
19.84999999996708, -4.646797757999692 
19.859999999967055, -4.649197036486011 
19.869999999967032, -4.649548532164194 
19.87999999996701, -4.6483744786110055 
19.889999999966985, -4.643725894430188 
19.899999999966962, -4.63651404419714 
19.90999999996694, -4.643912540694714 
19.919999999966915, -4.645272615607924 
19.929999999966892, -4.644417831292925 
19.93999999996687, -4.641971156237355 
19.949999999966845, -4.638854030538171 
19.959999999966822, -4.639674209091147 
19.9699999999668, -4.639538651404925 
19.979999999966775, -4.638616177892052 
19.989999999966752, -4.637542215533028 
19.99999999996673, -4.63674308245348 
20.009999999966706, -4.636158450064193 
20.019999999966682, -4.634981284862668 
20.02999999996666, -4.634132865060159 
20.039999999966636, -4.634251452315133 
20.049999999966612, -4.633857625795075 
20.05999999996659, -4.632537672422249 
20.069999999966566, -4.628465022042908 
20.079999999966542, -4.628655611484673 
20.08999999996652, -4.632693087534641 
20.099999999966496, -4.632923517417994 
20.109999999966472, -4.631404556795404 
20.11999999996645, -4.62587176016969 
20.129999999966426, -4.62145202588872 
20.139999999966403, -4.625975986545899 
20.14999999996638, -4.626315500820594 
20.159999999966356, -4.625270371712584 
20.169999999966333, -4.623289318591134 
20.17999999996631, -4.621990919567052 
20.189999999966286, -4.6220020008674165 
20.199999999966263, -4.6212886876958965 
20.20999999996624, -4.620362970975597 
20.219999999966216, -4.619676652389755 
20.229999999966193, -4.619092945040647 
20.23999999996617, -4.618134419033877 
20.249999999966146, -4.616253415368696 
20.259999999966123, -4.616318831866892 
20.2699999999661, -4.617174455821063 
20.279999999966076, -4.616743353681251 
20.289999999966053, -4.614780949434792 
20.29999999996603, -4.607747292713872 
20.309999999966006, -4.609772088555626 
20.319999999965983, -4.614665510302542 
20.32999999996596, -4.614809311759575 
20.339999999965936, -4.613273638928255 
20.349999999965913, -4.608903261445703 
20.35999999996589, -4.606809652104796 
20.369999999965867, -4.608590334419581 
20.379999999965843, -4.608296567610902 
20.38999999996582, -4.607236629722908 
20.399999999965797, -4.605878044328497 
20.409999999965773, -4.605175976197347 
20.41999999996575, -4.604666166751528 
20.429999999965727, -4.60360019865586 
20.439999999965703, -4.602934967483781 
20.44999999996568, -4.602672340096181 
20.459999999965657, -4.602089930972235 
20.469999999965633, -4.600603841335969 
20.47999999996561, -4.597318911970744 
20.489999999965587, -4.599268089156551 
20.499999999965564, -4.601158685584629 
20.50999999996554, -4.600785367926536 
20.519999999965517, -4.598559922364337 
20.529999999965494, -4.590442833003745 
20.53999999996547, -4.591030755852006 
20.549999999965447, -4.595435563869059 
20.559999999965424, -4.59545974420905 
20.5699999999654, -4.5941239385348664 
20.579999999965377, -4.591384298560525 
20.589999999965354, -4.590297570574412 
20.59999999996533, -4.590638167065638 
20.609999999965307, -4.589978287080728 
20.619999999965284, -4.589018577098919 
20.62999999996526, -4.588153565664745 
20.639999999965237, -4.587564920470666 
20.649999999965214, -4.586689813309101 
20.65999999996519, -4.585178002474427 
20.669999999965167, -4.585115381578914 
20.679999999965144, -4.585421792340188 
20.68999999996512, -4.584843837008677 
20.699999999965097, -4.5827987171350735 
20.709999999965074, -4.576709849129675 
20.71999999996505, -4.580447169725988 
20.729999999965028, -4.58403317829376 
20.739999999965004, -4.5839278582907586 
20.74999999996498, -4.58208936465623 
20.759999999964958, -4.576362676279058 
20.769999999964934, -4.574673061656141 
20.77999999996491, -4.577293552507998 
20.789999999964888, -4.577116561055503 
20.799999999964864, -4.575999208065425 
20.80999999996484, -4.57435023617648 
20.819999999964818, -4.573573917882376 
20.829999999964794, -4.573254805596264 
20.83999999996477, -4.572332258124576 
20.849999999964748, -4.571543625021485 
20.859999999964725, -4.57109822717379 
20.8699999999647, -4.570532127997825 
20.879999999964678, -4.56930166111665 
20.889999999964655, -4.566762595159843 
20.89999999996463, -4.567739172881709 
20.909999999964608, -4.569201615325825 
20.919999999964585, -4.568838054276207 
20.92999999996456, -4.566775705313338 
20.939999999964538, -4.559020106239627 
20.949999999964515, -4.559302670608257 
20.95999999996449, -4.564685065974751 
20.969999999964468, -4.564957482155308 
20.979999999964445, -4.563672579456773 
20.98999999996442, -4.5605535896789835 
20.9999999999644, -4.558649922374338 
21.009999999964375, -4.559534680028884 
21.01999999996435, -4.559117084548863 
21.02999999996433, -4.558145280767295 
21.039999999964305, -4.557109366721285 
21.04999999996428, -4.556444094418109 
21.05999999996426, -4.555791633550643 
21.069999999964235, -4.55452187947691 
21.079999999964212, -4.553926560986902 
21.08999999996419, -4.554100559316042 
21.099999999964165, -4.553665407544781 
21.109999999964142, -4.55219997051147 
21.11999999996412, -4.547674010600587 
21.129999999964095, -4.548445662478366 
21.139999999964072, -4.552681445543127 
21.14999999996405, -4.552960814612453 
21.159999999964025, -4.551521726503793 
21.169999999964002, -4.546477982887195 
21.17999999996398, -4.54144883677772 
21.189999999963955, -4.54567566670106 
21.199999999963932, -4.5461586229945565 
21.20999999996391, -4.545237246281052 
21.219999999963886, -4.543518254282686 
21.229999999963862, -4.54210891754119 
21.23999999996384, -4.542028823945605 
21.249999999963816, -4.541375096656844 
21.259999999963792, -4.5404380524588195 
21.26999999996377, -4.539837423774245 
21.279999999963746, -4.539306113912774 
21.289999999963722, -4.538476489787984 
21.2999999999637, -4.536579952262314 
21.309999999963676, -4.535708021072063 
21.319999999963652, -4.537354022704672 
21.32999999996363, -4.537434390298797 
21.339999999963606, -4.5361884568612725 
21.349999999963583, -4.53140981756969 
21.35999999996356, -4.525038859391848 
21.369999999963536, -4.532812576602587 
21.379999999963513, -4.534371305095485 
21.38999999996349, -4.533618085976632 
21.399999999963466, -4.531209027676282 
21.409999999963443, -4.527229860922991 
21.41999999996342, -4.528077883107531 
21.429999999963396, -4.528380697936302 
21.439999999963373, -4.527599981880483 
21.44999999996335, -4.5265089706644925 
21.459999999963326, -4.525524619155259 
21.469999999963303, -4.525040080055329 
21.47999999996328, -4.524153366294116 
21.489999999963256, -4.522991142980191 
21.499999999963233, -4.522916676847131 
21.50999999996321, -4.522758522709986 
21.519999999963186, -4.5219626950759295 
21.529999999963163, -4.519545477031176 
21.53999999996314, -4.515501472015644 
21.549999999963116, -4.520136310163865 
21.559999999963093, -4.521896379825803 
21.56999999996307, -4.521330873377896 
21.579999999963047, -4.518731114162838 
21.589999999963023, -4.510824659852379 
21.599999999963, -4.512240438809146 
21.609999999962977, -4.515056221796511 
21.619999999962953, -4.514802809231267 
21.62999999996293, -4.513528646697113 
21.639999999962907, -4.511486857211126 
21.649999999962883, -4.510783834206377 
21.65999999996286, -4.51065802783717 
21.669999999962837, -4.509836969701693 
21.679999999962813, -4.5089975875485315 
21.68999999996279, -4.508406009183176 
21.699999999962767, -4.507847637780502 
21.709999999962744, -4.506791247895742 
21.71999999996272, -4.50474317711525 
21.729999999962697, -4.5051333048444375 
21.739999999962674, -4.50623078153166 
21.74999999996265, -4.5058869137772595 
21.759999999962627, -4.504048237014347 
21.769999999962604, -4.497183265876753 
21.77999999996258, -4.49649883040898 
21.789999999962557, -4.502738169914389 
21.799999999962534, -4.5033398161867995 
21.80999999996251, -4.502205962023187 
21.819999999962487, -4.499056542829935 
21.829999999962464, -4.495791134583888 
21.83999999996244, -4.49720320723671 
21.849999999962417, -4.497177667867417 
21.859999999962394, -4.496292054684426 
21.86999999996237, -4.4951607770539805 
21.879999999962347, -4.494288822799705 
21.889999999962324, -4.493814147907024 
21.8999999999623, -4.492822211397898 
21.909999999962277, -4.491816193733146 
21.919999999962254, -4.491827399760423 
21.92999999996223, -4.491571207717082 
21.939999999962208, -4.490628349634733 
21.949999999962184, -4.487756190842336 
21.95999999996216, -4.48472981057005 
21.969999999962138, -4.4895955475327565 
21.979999999962114, -4.490854281587897 
21.98999999996209, -4.490090309503842 
21.999999999962068, -4.487042088697014 
22.009999999962044, -4.478850979178956 
22.01999999996202, -4.481704597076624 
22.029999999961998, -4.48401106171385 
22.039999999961974, -4.483629612406483 
22.04999999996195, -4.48228996124787 
22.059999999961928, -4.480265422721445 
22.069999999961905, -4.479715521658592 
22.07999999996188, -4.479538972652111 
22.089999999961858, -4.478693170953212 
22.099999999961835, -4.477884809234434 
22.10999999996181, -4.477318136277229 
22.119999999961788, -4.476762277020685 
22.129999999961765, -4.4756713275119 
22.13999999996174, -4.473573320247747 
22.149999999961718, -4.47407844545898 
22.159999999961695, -4.475239776227702 
22.16999999996167, -4.474917042341663 
22.179999999961648, -4.473106475169043 
22.189999999961625, -4.466322043060248 
22.1999999999616, -4.464865692839132 
22.20999999996158, -4.471415427248262 
22.219999999961555, -4.472147892968244 
22.22999999996153, -4.471105399697932 
22.23999999996151, -4.46822127755919 
22.249999999961485, -4.464846441950233 
22.25999999996146, -4.466057662930961 
22.26999999996144, -4.466097789530683 
22.279999999961415, -4.465251890669007 
22.289999999961392, -4.464174848321742 
22.29999999996137, -4.463288885370622 
22.309999999961345, -4.462809479848145 
22.319999999961322, -4.461853073407979 
22.3299999999613, -4.460733409782818 
22.339999999961275, -4.460782264835145 
22.349999999961252, -4.460647940895659 
22.35999999996123, -4.459834314957049 
22.369999999961205, -4.457308493493049 
22.379999999961182, -4.4528702387924755 
22.38999999996116, -4.457852214886575 
22.399999999961135, -4.459912548321466 
22.409999999961112, -4.459469089425516 
22.41999999996109, -4.457170652497714 
22.429999999961066, -4.450052133217936 
22.439999999961042, -4.4497303038821805 
22.44999999996102, -4.452818463500554 
22.459999999960996, -4.45273172932835 
22.469999999960972, -4.45162067440233 
22.47999999996095, -4.449814758447643 
22.489999999960926, -4.448857114869243 
22.499999999960902, -4.448729938954249 
22.50999999996088, -4.447963010970579 
22.519999999960856, -4.44709337981733 
22.529999999960832, -4.446584200160526 
22.53999999996081, -4.446083306791847 
22.549999999960786, -4.44518216798174 
22.559999999960763, -4.4430867930771765 
22.56999999996074, -4.442418678087954 
22.579999999960716, -4.44437503909697 
22.589999999960693, -4.444552510270368 
22.59999999996067, -4.443378579944771 
22.609999999960646, -4.438934157144452 
22.619999999960623, -4.430916456109748 
22.6299999999606, -4.4385271562739215 
22.639999999960576, -4.440673734380603 
22.649999999960553, -4.440162839195378 
22.65999999996053, -4.438281657211101 
22.669999999960506, -4.434762624942741 
22.679999999960483, -4.434622359692454 
22.68999999996046, -4.4350713436076274 
22.699999999960436, -4.434415578156949 
22.709999999960413, -4.43344634761582 
22.71999999996039, -4.4325212671586085 
22.729999999960366, -4.4319752100589405 
22.739999999960343, -4.431210728610655 
22.74999999996032, -4.429845645364749 
22.759999999960296, -4.429563534346914 
22.769999999960273, -4.429862643141121 
22.77999999996025, -4.429433732236003 
22.789999999960227, -4.427883328921108 
22.799999999960203, -4.422867593866459 
22.80999999996018, -4.423023618979598 
22.819999999960157, -4.4283117551929525 
22.829999999960133, -4.428954271748743 
22.83999999996011, -4.427837387281169 
22.849999999960087, -4.4241067677279196 
22.859999999960063, -4.4180133217965025 
22.86999999996004, -4.421057887380312 
22.879999999960017, -4.421982694777759 
22.889999999959993, -4.421310030558654 
22.89999999995997, -4.419996943579187 
22.909999999959947, -4.418540509483469 
22.919999999959924, -4.4181901639141605 
22.9299999999599, -4.417670781818723 
22.939999999959877, -4.416677554368685 
22.949999999959854, -4.416118121022427 
22.95999999995983, -4.415774283468798 
22.969999999959807, -4.415184920150006 
22.979999999959784, -4.413737730937541 
22.98999999995976, -4.4108121513559935 
22.999999999959737, -4.412501012091748 
23.009999999959714, -4.414393176240717 
23.01999999995969, -4.414184102030486 
23.029999999959667, -4.412386052966206 
23.039999999959644, -4.405717420194339 
23.04999999995962, -4.401739806676764 
23.059999999959597, -4.408108193734565 
23.069999999959574, -4.40897661001441 
23.07999999995955, -4.408116436964559 
23.089999999959527, -4.4060441092019875 
23.099999999959504, -4.403618027592628 
23.10999999995948, -4.403923780917266 
23.119999999959457, -4.403744821523771 
23.129999999959434, -4.402896630217562 
23.13999999995941, -4.402048485684929 
23.149999999959388, -4.40136196299455 
23.159999999959364, -4.400809017964198 
23.16999999995934, -4.399708939453492 
23.179999999959318, -4.3981454655999155 
23.189999999959294, -4.398692573427395 
23.19999999995927, -4.399144754822621 
23.209999999959248, -4.39857317930522 
23.219999999959224, -4.396426652867868 
23.2299999999592, -4.389405952375194 
23.239999999959178, -4.391908896809953 
23.249999999959154, -4.397068352533289 
23.25999999995913, -4.397468644245267 
23.269999999959108, -4.396233309745204 
23.279999999959085, -4.392638831875611 
23.28999999995906, -4.38863006944208 
23.299999999959038, -4.390633774753737 
23.309999999959015, -4.390905295758885 
23.31999999995899, -4.390108322134694 
23.329999999958968, -4.38893305921268 
23.339999999958945, -4.387878713535377 
23.34999999995892, -4.387481577455958 
23.359999999958898, -4.386719443148838 
23.369999999958875, -4.38562401770723 
23.37999999995885, -4.385388765103311 
23.389999999958828, -4.385233336351904 
23.399999999958805, -4.38458772389831 
23.40999999995878, -4.382738599584499 
23.41999999995876, -4.378615591451699 
23.429999999958735, -4.381656839589169 
23.43999999995871, -4.384357497424043 
23.44999999995869, -4.384277345941522 
23.459999999958665, -4.382583253992529 
23.46999999995864, -4.3767148208546205 
23.47999999995862, -4.371936478876977 
23.489999999958595, -4.376873423357953 
23.499999999958572, -4.377596170982521 
23.50999999995855, -4.3767921053915915 
23.519999999958525, -4.3751436654908815 
23.529999999958502, -4.373397847406405 
23.53999999995848, -4.373321353470849 
23.549999999958455, -4.3729159012105825 
23.559999999958432, -4.37200769125212 
23.56999999995841, -4.371338996617837 
23.579999999958385, -4.3708407157710845 
23.589999999958362, -4.370256055536311 
23.59999999995834, -4.368956534938542 
23.609999999958315, -4.366766550650387 
23.619999999958292, -4.367952290425352 
23.62999999995827, -4.369137577031003 
23.639999999958246, -4.368782835351091 
23.649999999958222, -4.366889106136109 
23.6599999999582, -4.359897411577576 
23.669999999958176, -4.357502236352969 
23.679999999958152, -4.36436890494588 
23.68999999995813, -4.365319133519657 
23.699999999958106, -4.364453560391273 
23.709999999958082, -4.3621158731967276 
23.71999999995806, -4.358883426437518 
23.729999999958036, -4.359471208783413 
23.739999999958012, -4.359614744841583 
23.74999999995799, -4.358858923036333 
23.759999999957966, -4.357912728802057 
23.769999999957943, -4.3570711405989915 
23.77999999995792, -4.3565655826590355 
23.789999999957896, -4.3557147973798065 
23.799999999957873, -4.354310207028895 
23.80999999995785, -4.354259209597482 
23.819999999957826, -4.354620367976144 
23.829999999957803, -4.354187573633494 
23.83999999995778, -4.3525753102795 
23.849999999957756, -4.34724888697759 
23.859999999957733, -4.346919069731932 
23.86999999995771, -4.3528500411799875 
23.879999999957686, -4.353727488398855 
23.889999999957663, -4.352780106381874 
23.89999999995764, -4.349657565779766 
23.909999999957616, -4.343716111399464 
23.919999999957593, -4.345637807004256 
23.92999999995757, -4.346778809612558 
23.939999999957546, -4.346237111971908 
23.949999999957523, -4.34509696462871 
23.9599999999575, -4.343740144449725 
23.969999999957476, -4.343215057091326 
23.979999999957453, -4.3427544462423855 
23.98999999995743, -4.341750439737709 
23.999999999957407, -4.341100333422775 
24.009999999957383, -4.340931238247032 
24.01999999995736, -4.340495296238001 
24.029999999957337, -4.3393657009211815 
24.039999999957313, -4.336301583510868 
24.04999999995729, -4.335581081720781 
24.059999999957267, -4.339313827491734 
24.069999999957243, -4.339990587034831 
24.07999999995722, -4.33904882972788 
24.089999999957197, -4.335566068426841 
24.099999999957173, -4.326704836607651 
24.10999999995715, -4.330525614911174 
24.119999999957127, -4.3332870982131855 
24.129999999957104, -4.333071401880877 
24.13999999995708, -4.331828306044868 
24.149999999957057, -4.329708861478355 
24.159999999957034, -4.328758294142345 
24.16999999995701, -4.328824504461119 
24.179999999956987, -4.328170618073338 
24.189999999956964, -4.327299544581569 
24.19999999995694, -4.326703674109234 
24.209999999956917, -4.326202325754929 
24.219999999956894, -4.325466391383294 
24.22999999995687, -4.323777412161007 
24.239999999956847, -4.322442002265049 
24.249999999956824, -4.324163261844527 
24.2599999999568, -4.324655656918088 
24.269999999956777, -4.323884864720297 
24.279999999956754, -4.320977571150961 
24.28999999995673, -4.312059097376859 
24.299999999956707, -4.316199156591544 
24.309999999956684, -4.3208109976305025 
24.31999999995666, -4.321032277222468 
24.329999999956637, -4.319821324109736 
24.339999999956614, -4.316903351833929 
24.34999999995659, -4.314398459853745 
24.359999999956568, -4.315352146788298 
24.369999999956544, -4.315232249426179 
24.37999999995652, -4.3143990331572875 
24.389999999956498, -4.313458436476393 
24.399999999956474, -4.312689019178054 
24.40999999995645, -4.312196439430285 
24.419999999956428, -4.311232727913644 
24.429999999956404, -4.309889214807354 
24.43999999995638, -4.310106845049428 
24.449999999956358, -4.3103795208576665 
24.459999999956334, -4.309848159618013 
24.46999999995631, -4.307986887313469 
24.479999999956288, -4.302085226946979 
24.489999999956265, -4.30330159497519 
24.49999999995624, -4.3088156342633015 
24.509999999956218, -4.309513606650205 
24.519999999956195, -4.308493295121501 
24.52999999995617, -4.3052667614011835 
24.539999999956148, -4.299625827566289 
24.549999999956125, -4.3015674197139395 
24.5599999999561, -4.302584385991396 
24.569999999956078, -4.302030190231615 
24.579999999956055, -4.3009200256329265 
24.58999999995603, -4.299627644938686 
24.599999999956008, -4.2990980434287955 
24.609999999955985, -4.298628123373497 
24.61999999995596, -4.2976114792997135 
24.62999999995594, -4.296950961756727 
24.639999999955915, -4.296860815721654 
24.64999999995589, -4.296480415859583 
24.65999999995587, -4.295424554311543 
24.669999999955845, -4.292419655951735 
24.67999999995582, -4.290610550078201 
24.6899999999558, -4.2950153903427815 
24.699999999955775, -4.296147051290119 
24.709999999955752, -4.295458230926309 
24.71999999995573, -4.292724714732501 
24.729999999955705, -4.284636344909757 
24.739999999955682, -4.285361351005367 
24.74999999995566, -4.288893519456239 
24.759999999955635, -4.288970937614166 
24.769999999955612, -4.287952000677334 
24.77999999995559, -4.2861531329359455 
24.789999999955565, -4.284839695895045 
24.799999999955542, -4.284841049679369 
24.80999999995552, -4.284290005137016 
24.819999999955495, -4.283386880450515 
24.829999999955472, -4.282826341263967 
24.83999999995545, -4.282381720195758 
24.849999999955426, -4.281767522002504 
24.859999999955402, -4.28032050896706 
24.86999999995538, -4.278005448840425 
24.879999999955356, -4.279618872286982 
24.889999999955332, -4.28099390544909 
24.89999999995531, -4.280708230057116 
24.909999999955286, -4.27892695665953 
24.919999999955262, -4.272426479075886 
24.92999999995524, -4.267675590026659 
24.939999999955216, -4.274953007328115 
24.949999999955192, -4.27632494844667 
24.95999999995517, -4.275679315942771 
24.969999999955146, -4.273835591074845 
24.979999999955123, -4.27089567387527 
24.9899999999551, -4.270754688502224 
24.999999999955076, -4.270996898241702 
