t, s[1].omega / s[0].omega 
0, -1.8199776771540115 
0.009999999999999995, -1.8171318590726628 
0.019999999999999934, -1.8127887840371089 
0.029999999999999874, -1.8067523438223727 
0.04000000000000012, -1.7999584598447786 
0.050000000000000405, -1.7950814350435287 
0.06000000000000069, -1.7938758408401871 
0.07000000000000098, -1.7947689221928793 
0.08000000000000126, -1.7957531699389233 
0.09000000000000155, -1.7962014672944064 
0.10000000000000184, -1.7961384329082688 
0.11000000000000212, -1.7956500639655804 
0.12000000000000241, -1.7947984894326523 
0.130000000000002, -1.7938278442291817 
0.1400000000000009, -1.7935132506095592 
0.1499999999999998, -1.7948185542653061 
0.1599999999999987, -1.7975669982460656 
0.1699999999999976, -1.8005565981773333 
0.1799999999999965, -1.8029477683947661 
0.1899999999999954, -1.8045505101710895 
0.1999999999999943, -1.8054455414689585 
0.2099999999999932, -1.8057478866502 
0.2199999999999921, -1.8055381059216171 
0.229999999999991, -1.8048525738625938 
0.2399999999999899, -1.8036902504970684 
0.2499999999999888, -1.8020326765180787 
0.2599999999999877, -1.7999003712272956 
0.2699999999999866, -1.7974978735561113 
0.2799999999999855, -1.7953880487106315 
0.2899999999999844, -1.7942281623310414 
0.2999999999999833, -1.794020245228845 
0.3099999999999822, -1.7941612568868912 
0.3199999999999811, -1.7941663489145523 
0.32999999999998, -1.7938309537810426 
0.3399999999999789, -1.7930127211641955 
0.3499999999999778, -1.7914787884406589 
0.35999999999997667, -1.7890240886730944 
0.36999999999997557, -1.786428838257247 
0.37999999999997447, -1.7870469961713442 
0.38999999999997337, -1.7938761333230038 
0.39999999999997227, -1.8037576212642743 
0.40999999999997117, -1.811982079777506 
0.41999999999997006, -1.817263920083946 
0.42999999999996896, -1.8202267860408508 
0.43999999999996786, -1.8216839365302113 
0.44999999999996676, -1.8222004187884129 
0.45999999999996566, -1.8221120455042286 
0.46999999999996456, -1.8216122352707518 
0.47999999999996346, -1.820828070370838 
0.48999999999996235, -1.8198721663933284 
0.49999999999996125, -1.8188708189809506 
0.5099999999999602, -1.8179945903827819 
0.519999999999959, -1.8174334181763316 
0.529999999999958, -1.8172174545181097 
0.5399999999999568, -1.8171379947030062 
0.5499999999999557, -1.816929742630565 
0.5599999999999546, -1.8163718179852004 
0.5699999999999535, -1.8151750523779946 
0.5799999999999524, -1.81275557218531 
0.5899999999999513, -1.807980148172355 
0.5999999999999502, -1.799600027799309 
0.6099999999999491, -1.7901052704721727 
0.619999999999948, -1.7902971428712555 
0.6299999999999469, -1.804180822591574 
0.6399999999999458, -1.8195677309816982 
0.6499999999999447, -1.8292165925579138 
0.6599999999999436, -1.8340268595990075 
0.6699999999999425, -1.8361453666023966 
0.6799999999999414, -1.8368958156072086 
0.6899999999999403, -1.8369306812832438 
0.6999999999999392, -1.836570284692462 
0.7099999999999381, -1.8360182580043012 
0.719999999999937, -1.8354583994020395 
0.7299999999999359, -1.8350293899126342 
0.7399999999999348, -1.8347758523279158 
0.7499999999999337, -1.8346815516251447 
0.7599999999999326, -1.8346784418044084 
0.7699999999999315, -1.8346261983074061 
0.7799999999999304, -1.8343511090235904 
0.7899999999999293, -1.8336519748124172 
0.7999999999999282, -1.8321985510044534 
0.8099999999999271, -1.8293256943135217 
0.819999999999926, -1.823725027717348 
0.8299999999999249, -1.8133515507718116 
0.8399999999999238, -1.7973935870038613 
0.8499999999999227, -1.782454700363047 
0.8599999999999216, -1.7798352491440528 
0.8699999999999205, -1.7866842180006632 
0.8799999999999194, -1.7932766968068574 
0.8899999999999183, -1.796921609700227 
0.8999999999999172, -1.7985136402488167 
0.9099999999999161, -1.7990059224418622 
0.919999999999915, -1.798907121968454 
0.9299999999999139, -1.798477344206118 
0.9399999999999128, -1.797936761617565 
0.9499999999999117, -1.797578001104474 
0.9599999999999106, -1.7976415972827162 
0.9699999999999095, -1.7980835171914045 
0.9799999999999084, -1.7986594393631385 
0.9899999999999073, -1.7991596289832548 
0.9999999999999062, -1.7994545544041376 
1.0099999999999052, -1.7994490855506675 
1.019999999999904, -1.7990452224056184 
1.029999999999903, -1.798101323586057 
1.039999999999902, -1.7963835680513565 
1.0499999999999008, -1.7935186980912179 
1.0599999999998997, -1.7889895268483804 
1.0699999999998986, -1.7823673518105665 
1.0799999999998975, -1.7742369633180002 
1.0899999999998964, -1.7674072924985649 
1.0999999999998953, -1.7648670751706788 
1.1099999999998942, -1.7656425658239272 
1.119999999999893, -1.7670154100950508 
1.129999999999892, -1.7678317043723126 
1.1399999999998909, -1.768038417987953 
1.1499999999998898, -1.7677751091826823 
1.1599999999998887, -1.7671306338422563 
1.1699999999998876, -1.7662344151285705 
1.1799999999998865, -1.7655405829114603 
1.1899999999998854, -1.7659261059948315 
1.1999999999998843, -1.7678378099433232 
1.2099999999998832, -1.7705529887433518 
1.219999999999882, -1.7730755673089782 
1.229999999999881, -1.7749527131610403 
1.2399999999998799, -1.7761419378029288 
1.2499999999998788, -1.7767248707549168 
1.2599999999998777, -1.7767825696481072 
1.2699999999998766, -1.7763632426309475 
1.2799999999998755, -1.7754793693040791 
1.2899999999998744, -1.774116532670681 
1.2999999999998733, -1.7722603543232747 
1.3099999999998722, -1.7699736407749118 
1.319999999999871, -1.7675632379703512 
1.32999999999987, -1.765670333907869 
1.3399999999998689, -1.7648094090719106 
1.3499999999998678, -1.764752903652088 
1.3599999999998666, -1.764887733595253 
1.3699999999998655, -1.764823137443924 
1.3799999999998644, -1.7643934867077582 
1.3899999999998633, -1.7634419261791785 
1.3999999999998622, -1.761701671253915 
1.4099999999998611, -1.7589794441654596 
1.41999999999986, -1.7562839580219916 
1.429999999999859, -1.7573933009688492 
1.4399999999998578, -1.7651881955219655 
1.4499999999998567, -1.7759206728309713 
1.4599999999998556, -1.784677999698701 
1.4699999999998545, -1.7902480922604194 
1.4799999999998534, -1.7933544281479583 
1.4899999999998523, -1.7948819013440112 
1.4999999999998512, -1.7954387487548875 
1.5099999999998501, -1.7953848208422827 
1.519999999999849, -1.794927755342377 
1.529999999999848, -1.7942055575422302 
1.5399999999998468, -1.7933399019141973 
1.5499999999998457, -1.7924550913476511 
1.5599999999998446, -1.7916919932363498 
1.5699999999998435, -1.7911959781773905 
1.5799999999998424, -1.7909921979028085 
1.5899999999998413, -1.7909099275282294 
1.5999999999998402, -1.7907116328844783 
1.6099999999998391, -1.790184834734399 
1.619999999999838, -1.7890539715782754 
1.629999999999837, -1.7867711845024794 
1.6399999999998358, -1.7822147728258044 
1.6499999999998347, -1.7736512610322321 
1.6599999999998336, -1.7610733995005496 
1.6699999999998325, -1.752732049968224 
1.6799999999998314, -1.7594661894657235 
1.6899999999998303, -1.7743721110425035 
1.6999999999998292, -1.7858332685322769 
1.709999999999828, -1.791976742609902 
1.719999999999827, -1.7947909681373648 
1.729999999999826, -1.795893457005117 
1.7399999999998248, -1.7961246301732892 
1.7499999999998237, -1.7958855390833008 
1.7599999999998226, -1.7954043423417816 
1.7699999999998215, -1.7948855381781896 
1.7799999999998204, -1.794521842964133 
1.7899999999998193, -1.7943927048620296 
1.7999999999998182, -1.7944448005774585 
1.809999999999817, -1.7945797013934353 
1.819999999999816, -1.7946818329307994 
1.8299999999998149, -1.7946156020754729 
1.8399999999998138, -1.794233822702936 
1.8499999999998127, -1.793342056417138 
1.8599999999998116, -1.791605147088171 
1.8699999999998105, -1.7884082504386367 
1.8799999999998094, -1.7827113253732576 
1.8899999999998083, -1.773199081475255 
1.8999999999998072, -1.759824706462237 
1.909999999999806, -1.7472373709633868 
1.919999999999805, -1.742571651367588 
1.9299999999998039, -1.7449191501193386 
1.9399999999998028, -1.748394020833426 
1.9499999999998017, -1.7505563835543156 
1.9599999999998006, -1.7515044947477587 
1.9699999999997995, -1.7516987381657525 
1.9799999999997984, -1.7514265792922399 
1.9899999999997973, -1.750858189257039 
1.9999999999997962, -1.7502208813916051 
2.0099999999998173, -1.749941085932003 
2.0199999999998384, -1.7504347443138215 
2.0299999999998595, -1.7516221398302334 
2.0399999999998806, -1.7530128926455337 
2.0499999999999017, -1.754206239791332 
2.059999999999923, -1.755034679719452 
2.069999999999944, -1.7554528856581526 
2.079999999999965, -1.7554461241214618 
2.089999999999986, -1.7549886959870928 
2.100000000000007, -1.7540246580269698 
2.1100000000000283, -1.752459561724466 
2.1200000000000494, -1.7501678971908874 
2.1300000000000705, -1.7470525930014844 
2.1400000000000916, -1.7432510812336588 
2.1500000000001127, -1.739503599862187 
2.160000000000134, -1.7370532712410196 
2.170000000000155, -1.7363881960336527 
2.180000000000176, -1.7366888642828289 
2.190000000000197, -1.737038740005555 
2.2000000000002182, -1.7370737767699052 
2.2100000000002393, -1.7367130485090734 
2.2200000000002604, -1.735887296296807 
2.2300000000002815, -1.7344919518651545 
2.2400000000003026, -1.7326731089004226 
2.2500000000003237, -1.7316641221373559 
2.260000000000345, -1.733902707908062 
2.270000000000366, -1.7399437983764525 
2.280000000000387, -1.7470394611163134 
2.290000000000408, -1.7527593469729728 
2.3000000000004293, -1.756568426992348 
2.3100000000004504, -1.758817530901997 
2.3200000000004715, -1.759961778142133 
2.3300000000004926, -1.760344663432092 
2.3400000000005137, -1.7601900939870645 
2.3500000000005348, -1.7596386215251527 
2.360000000000556, -1.758789289555167 
2.370000000000577, -1.757736670319448 
2.380000000000598, -1.7566008081045545 
2.390000000000619, -1.7555620699373058 
2.4000000000006403, -1.7548434238561423 
2.4100000000006614, -1.7545321168194772 
2.4200000000006825, -1.754452111553401 
2.4300000000007036, -1.7543261399193877 
2.4400000000007247, -1.7539322970118776 
2.450000000000746, -1.753045741936225 
2.460000000000767, -1.7512603535581674 
2.470000000000788, -1.7477512798715602 
2.480000000000809, -1.7412035884586108 
2.49000000000083, -1.7313472704490611 
2.5000000000008513, -1.724143849895669 
2.5100000000008724, -1.730083866129516 
2.5200000000008935, -1.74588756219562 
2.5300000000009146, -1.7596138587319161 
2.5400000000009357, -1.7675963935804806 
2.550000000000957, -1.7714988307634958 
2.560000000000978, -1.7731903724272597 
2.570000000000999, -1.7737442146426914 
2.58000000000102, -1.77368898346712 
2.5900000000010412, -1.7732960936979967 
2.6000000000010624, -1.7727593395796817 
2.6100000000010835, -1.7722683636197725 
2.6200000000011046, -1.7719599500648922 
2.6300000000011257, -1.7718528904897546 
2.6400000000011468, -1.7718893757007472 
2.650000000001168, -1.771978836812761 
2.660000000001189, -1.771994064383185 
2.67000000000121, -1.7717888306247498 
2.680000000001231, -1.7711979845231713 
2.6900000000012523, -1.7699726290968463 
2.7000000000012734, -1.7676599531726445 
2.7100000000012945, -1.763441457130264 
2.7200000000013156, -1.7560359225645197 
2.7300000000013367, -1.7442659185206817 
2.740000000001358, -1.7296756782564064 
2.750000000001379, -1.7192153263317764 
2.7600000000014, -1.7179833038402124 
2.770000000001421, -1.7216094932763497 
2.780000000001442, -1.7249091053603276 
2.7900000000014633, -1.7267123294987339 
2.8000000000014844, -1.7274237582038416 
2.8100000000015055, -1.7274789817372322 
2.8200000000015266, -1.7271209584640244 
2.8300000000015477, -1.7265129055881292 
2.840000000001569, -1.7259168207361686 
2.85000000000159, -1.7257851374870505 
2.860000000001611, -1.7264608225706901 
2.870000000001632, -1.7277563189337677 
2.8800000000016532, -1.7291718332055457 
2.8900000000016743, -1.7303507780082028 
2.9000000000016954, -1.731153548718455 
2.9100000000017165, -1.7315445009536 
2.9200000000017377, -1.7315125251203742 
2.9300000000017588, -1.731035681151289 
2.94000000000178, -1.7300655455760474 
2.950000000001801, -1.7285222569280525 
2.960000000001822, -1.7263053867768083 
2.970000000001843, -1.723353251846533 
2.9800000000018643, -1.7198270971194964 
2.9900000000018854, -1.7164097152750706 
3.0000000000019065, -1.714174988456485 
3.0100000000019276, -1.713525530697455 
3.0200000000019487, -1.7137519761469764 
3.03000000000197, -1.7140404420874815 
3.040000000001991, -1.7140419808805494 
3.050000000002012, -1.7136590765943136 
3.060000000002033, -1.712799309530369 
3.070000000002054, -1.7113114748616216 
3.0800000000020753, -1.70922699550979 
3.0900000000020964, -1.707651747218669 
3.1000000000021175, -1.7093940516795683 
3.1100000000021386, -1.7159314943521387 
3.1200000000021597, -1.7244516570453765 
3.130000000002181, -1.7316281676591614 
3.140000000002202, -1.73647719321344 
3.150000000002223, -1.7393670556977932 
3.160000000002244, -1.740890587361654 
3.1700000000022652, -1.7415082488334679 
3.1800000000022863, -1.7415201184754985 
3.1900000000023074, -1.7411119600564393 
3.2000000000023285, -1.7404088847841759 
3.2100000000023496, -1.739519762244689 
3.2200000000023707, -1.7385610164371639 
3.230000000002392, -1.7376709826976064 
3.240000000002413, -1.7370126111314625 
3.250000000002434, -1.7366807034083203 
3.260000000002455, -1.7365756340282783 
3.2700000000024763, -1.7364681677165024 
3.2800000000024974, -1.7361422357997267 
3.2900000000025185, -1.7353866436999295 
3.3000000000025396, -1.7338521596920493 
3.3100000000025607, -1.730819000500682 
3.3200000000025818, -1.7249201946673416 
3.330000000002603, -1.7144845572061886 
3.340000000002624, -1.7009798823807134 
3.350000000002645, -1.6944179822358252 
3.360000000002666, -1.7026242577141861 
3.3700000000026873, -1.7165614128600524 
3.3800000000027084, -1.7266941165857204 
3.3900000000027295, -1.7320862633543441 
3.4000000000027506, -1.7345642898518747 
3.4100000000027717, -1.7355262609236615 
3.420000000002793, -1.7357008538932093 
3.430000000002814, -1.7354419491338509 
3.440000000002835, -1.7349615541337056 
3.450000000002856, -1.7344688525300136 
3.460000000002877, -1.7341795631671482 
3.4700000000028983, -1.7341892128991474 
3.4800000000029194, -1.7344187633229116 
3.4900000000029405, -1.7347251814523634 
3.5000000000029616, -1.7349784272848943 
3.5100000000029827, -1.7350599416982984 
3.520000000003004, -1.7348550114187986 
3.530000000003025, -1.7342311733151896 
3.540000000003046, -1.732991070452276 
3.550000000003067, -1.7308132260255757 
3.5600000000030882, -1.7271993005638664 
3.5700000000031094, -1.7214994939337285 
3.5800000000031305, -1.7132895676877282 
3.5900000000031516, -1.7035791831149871 
3.6000000000031727, -1.695909691846539 
3.6100000000031938, -1.6933567827966325 
3.620000000003215, -1.6944099710312837 
3.630000000003236, -1.6960491780772702 
3.640000000003257, -1.6970618104754158 
3.650000000003278, -1.6974095398222526 
3.6600000000032993, -1.6972619530482085 
3.6700000000033204, -1.6967255955009612 
3.6800000000033415, -1.6958908468186973 
3.6900000000033626, -1.6950499808115125 
3.7000000000033837, -1.6949344066334997 
3.710000000003405, -1.696313422949931 
3.720000000003426, -1.6989893821127313 
3.730000000003447, -1.7019554158734533 
3.740000000003468, -1.7044473888921652 
3.750000000003489, -1.7062284637869616 
3.7600000000035103, -1.7073291104101904 
3.7700000000035314, -1.7078437755280174 
3.7800000000035525, -1.7078565987085645 
3.7900000000035736, -1.7074244055488954 
3.8000000000035947, -1.706578745259287 
3.810000000003616, -1.705337974619498 
3.820000000003637, -1.7037334172378162 
3.830000000003658, -1.701865142544099 
3.840000000003679, -1.6999963817066006 
3.8500000000037002, -1.698565793218338 
3.8600000000037213, -1.6978788142399845 
3.8700000000037424, -1.6977654760426784 
3.8800000000037635, -1.6977976912121118 
3.8900000000037847, -1.6976623312197308 
3.9000000000038058, -1.6971816447260504 
3.910000000003827, -1.6961528218247757 
3.920000000003848, -1.6941918236341174 
3.930000000003869, -1.6906887600423104 
3.94000000000389, -1.685457378332524 
3.9500000000039113, -1.681304126794537 
3.9600000000039324, -1.6851951068560893 
3.9700000000039535, -1.698680077555944 
3.9800000000039746, -1.7135749040456176 
3.9900000000039957, -1.7240511073510572 
4.000000000004016, -1.7299975183280865 
4.010000000003993, -1.7330009057267368 
4.02000000000397, -1.7343349070162795 
4.030000000003946, -1.7347407832376383 
4.040000000003923, -1.734612138950493 
4.0500000000039, -1.7341703602739311 
4.0600000000038765, -1.733581143722763 
4.070000000003853, -1.7330005492189684 
4.08000000000383, -1.7325454639064926 
4.090000000003807, -1.7322640902670827 
4.100000000003783, -1.7321529450976763 
4.11000000000376, -1.7321476336677786 
4.120000000003737, -1.7321133779704563 
4.130000000003713, -1.7318886732091818 
4.14000000000369, -1.7312986325722175 
4.150000000003667, -1.7300853317700629 
4.1600000000036434, -1.7277712051002756 
4.17000000000362, -1.7234646765609132 
4.180000000003597, -1.7157121168184968 
4.1900000000035735, -1.7030499041961384 
4.20000000000355, -1.686873506112672 
4.210000000003527, -1.6748321470263072 
4.220000000003504, -1.673371625972496 
4.23000000000348, -1.678014581326721 
4.240000000003457, -1.6824148678359676 
4.250000000003434, -1.684934608861807 
4.26000000000341, -1.6860523462563104 
4.270000000003387, -1.6863484545531802 
4.280000000003364, -1.686154694748689 
4.2900000000033405, -1.6856526372685614 
4.300000000003317, -1.6850351581595508 
4.310000000003294, -1.684648874079079 
4.320000000003271, -1.6849042473621114 
4.330000000003247, -1.685878753091354 
4.340000000003224, -1.6872109922542289 
4.350000000003201, -1.6884843771348195 
4.360000000003177, -1.6894702502009669 
4.370000000003154, -1.69008560530709 
4.380000000003131, -1.6903050811356692 
4.390000000003107, -1.6901126487795417 
4.400000000003084, -1.6894793534056007 
4.410000000003061, -1.6883539448383398 
4.4200000000030375, -1.6866635094604434 
4.430000000003014, -1.6843335957866419 
4.440000000002991, -1.6813632468436233 
4.450000000002968, -1.6780118088479479 
4.460000000002944, -1.675003778750267 
4.470000000002921, -1.6732195822482965 
4.480000000002898, -1.672784979374399 
4.490000000002874, -1.6729981174354152 
4.500000000002851, -1.6732022787993643 
4.510000000002828, -1.6731227285193895 
4.520000000002804, -1.672659456234701 
4.530000000002781, -1.6716866226629687 
4.540000000002758, -1.6699915218819519 
4.5500000000027345, -1.667496643128486 
4.560000000002711, -1.6652278563474447 
4.570000000002688, -1.6664305925794458 
4.580000000002665, -1.6736931437212639 
4.590000000002641, -1.6842533177067254 
4.600000000002618, -1.6935741289284247 
4.610000000002595, -1.6999518440794266 
4.620000000002571, -1.7037549735956916 
4.630000000002548, -1.7057901194956142 
4.640000000002525, -1.7067016655595773 
4.6500000000025015, -1.7069051382489753 
4.660000000002478, -1.7066506089043596 
4.670000000002455, -1.7060976870948104 
4.6800000000024315, -1.7053755843573182 
4.690000000002408, -1.7046098708297053 
4.700000000002385, -1.7039158504977998 
4.710000000002362, -1.7033939342515059 
4.720000000002338, -1.7031069845873616 
4.730000000002315, -1.7030077276562419 
4.740000000002292, -1.7029335014080829 
4.750000000002268, -1.7026952259171633 
4.760000000002245, -1.7021058872918544 
4.770000000002222, -1.700896134675999 
4.7800000000021985, -1.698547612122232 
4.790000000002175, -1.6940438487377587 
4.800000000002152, -1.6856700741271247 
4.810000000002129, -1.6718017632078221 
4.820000000002105, -1.6548563969200127 
4.830000000002082, -1.6448011952319237 
4.840000000002059, -1.647613107695364 
4.850000000002035, -1.6558537741485175 
4.860000000002012, -1.6622745796681109 
4.870000000001989, -1.6657798312590124 
4.880000000001965, -1.6673734909048963 
4.890000000001942, -1.6679175207631256 
4.900000000001919, -1.6678776893128926 
4.9100000000018955, -1.6674913116785313 
4.920000000001872, -1.6669409874454781 
4.930000000001849, -1.666488246441696 
4.940000000001826, -1.6664561263970221 
4.950000000001802, -1.6669797264927766 
4.960000000001779, -1.6678646947915041 
4.970000000001756, -1.6688019067252466 
4.980000000001732, -1.6695768765664831 
4.990000000001709, -1.6700792648988236 
5.000000000001686, -1.6702497730611945 
5.0100000000016625, -1.6700425534256982 
5.020000000001639, -1.6694017814974031 
5.030000000001616, -1.6682475409643023 
5.0400000000015925, -1.6664710635591877 
5.050000000001569, -1.663947184616325 
5.060000000001546, -1.6605977056526449 
5.070000000001523, -1.6565796231603618 
5.080000000001499, -1.652591550497802 
5.090000000001476, -1.6497974670753552 
5.100000000001453, -1.648789267955064 
5.110000000001429, -1.648936610052138 
5.120000000001406, -1.6493122855270257 
5.130000000001383, -1.6494547707268457 
5.1400000000013595, -1.6492399870816459 
5.150000000001336, -1.6486037760411172 
5.160000000001313, -1.6474188027157042 
5.17000000000129, -1.6455529727365565 
5.180000000001266, -1.643349096291232 
5.190000000001243, -1.6426780139234005 
5.20000000000122, -1.6465261749130817 
5.210000000001196, -1.6549465163459438 
5.220000000001173, -1.664263805059972 
5.23000000000115, -1.6716065092884431 
5.240000000001126, -1.676440105624037 
5.250000000001103, -1.679283249599654 
5.26000000000108, -1.6807655155656938 
5.2700000000010565, -1.6813591561892842 
5.280000000001033, -1.681370705948733 
5.29000000000101, -1.680992195482339 
5.300000000000987, -1.6803580191029055 
5.310000000000963, -1.6795888256050422 
5.32000000000094, -1.67880511577343 
5.330000000000917, -1.6781197395741967 
5.340000000000893, -1.6776329173269633 
5.35000000000087, -1.6773899528784386 
5.360000000000847, -1.6773112372507846 
5.3700000000008234, -1.6772203558663263 
5.3800000000008, -1.6769332045342165 
5.390000000000777, -1.6762614403454983 
5.4000000000007535, -1.6749149302589246 
5.41000000000073, -1.6723320143816178 
5.420000000000707, -1.6674386770671359 
5.430000000000684, -1.658510216809761 
5.44000000000066, -1.6441352538941718 
5.450000000000637, -1.627162278208847 
5.460000000000614, -1.6172924697672015 
5.47000000000059, -1.6196722818169178 
5.480000000000567, -1.6272184923354338 
5.490000000000544, -1.633215982807369 
5.5000000000005205, -1.636547220791467 
5.510000000000497, -1.6380822070193535 
5.520000000000474, -1.6386103449479528 
5.5300000000004506, -1.6385678556611905 
5.540000000000427, -1.6381779899254827 
5.550000000000404, -1.6376122180808868 
5.560000000000381, -1.6371292999022309 
5.570000000000357, -1.6370846649368958 
5.580000000000334, -1.637677369191667 
5.590000000000311, -1.638733512336082 
5.600000000000287, -1.6398966525825547 
5.610000000000264, -1.640900249338396 
5.620000000000241, -1.641613730259667 
5.6300000000002175, -1.641981834957321 
5.640000000000194, -1.6419758762857675 
5.650000000000171, -1.6415674810347016 
5.660000000000148, -1.6407154644644457 
5.670000000000124, -1.6393618482444778 
5.680000000000101, -1.6374387496187193 
5.690000000000078, -1.6349005815782458 
5.700000000000054, -1.6318186999213555 
5.710000000000031, -1.6285644612182104 
5.720000000000008, -1.6258960038775747 
5.729999999999984, -1.6244907295053004 
5.739999999999961, -1.6242340078939868 
5.749999999999938, -1.6244409570342087 
5.7599999999999145, -1.6245799386629076 
5.769999999999891, -1.6244332854857588 
5.779999999999868, -1.6238987291318758 
5.789999999999845, -1.6228218975066668 
5.799999999999821, -1.6209313518412056 
5.809999999999798, -1.6180165096223056 
5.819999999999775, -1.614876161314065 
5.829999999999751, -1.61490350129354 
5.839999999999728, -1.6220493991653133 
5.849999999999705, -1.6344550398933624 
5.8599999999996815, -1.6463450705575209 
5.869999999999658, -1.6547470988887976 
5.879999999999635, -1.6597980184337238 
5.8899999999996115, -1.6625296361859927 
5.899999999999588, -1.6638281254686536 
5.909999999999565, -1.6642653524336932 
5.919999999999542, -1.6641758972730307 
5.929999999999518, -1.663759935393103 
5.939999999999495, -1.6631662212521499 
5.949999999999472, -1.6625363895205705 
5.959999999999448, -1.661993513356642 
5.969999999999425, -1.6616112555371578 
5.979999999999402, -1.6614138130051959 
5.9899999999993785, -1.6613682769335103 
5.999999999999355, -1.6613661026112685 
6.009999999999332, -1.6612559086569232 
6.019999999999309, -1.6608823054504267 
6.029999999999285, -1.6600588000757786 
6.039999999999262, -1.6584811212693318 
6.049999999999239, -1.65560118504332 
6.059999999999215, -1.6504865476459436 
6.069999999999192, -1.6418385204116313 
6.079999999999169, -1.6288229788846802 
6.089999999999145, -1.613616979178763 
6.099999999999122, -1.6028769908857836 
6.109999999999099, -1.6009486388850938 
6.1199999999990755, -1.604114337984674 
6.129999999999052, -1.6074860042641543 
6.139999999999029, -1.6095457270471702 
6.149999999999006, -1.6104926961350086 
6.159999999998982, -1.6107301268826848 
6.169999999998959, -1.6105090720918447 
6.179999999998936, -1.6099639913478192 
6.189999999998912, -1.6092425323325734 
6.199999999998889, -1.6086849050128396 
6.209999999998866, -1.608865860902887 
6.2199999999988425, -1.6101648057590494 
6.229999999998819, -1.6122862834381866 
6.239999999998796, -1.6145626224592617 
6.2499999999987725, -1.6165145348883279 
6.259999999998749, -1.617962293499406 
6.269999999998726, -1.6188894651227443 
6.279999999998703, -1.6193330543504239 
6.289999999998679, -1.6193359180143954 
6.299999999998656, -1.618931318981285 
6.309999999998633, -1.6181410631951387 
6.319999999998609, -1.6169820741741865 
6.329999999998586, -1.615483431231016 
6.339999999998563, -1.6137211209600817 
6.3499999999985395, -1.611878228313946 
6.359999999998516, -1.6102855793683282 
6.369999999998493, -1.6092849689449307 
6.37999999999847, -1.6089215371692553 
6.389999999998446, -1.6088976421172414 
6.399999999998423, -1.6088690370227805 
6.4099999999984, -1.6086168009183806 
6.419999999998376, -1.607978299868244 
6.429999999998353, -1.606703677496031 
6.43999999999833, -1.604300044229578 
6.449999999998306, -1.5999170003223333 
6.459999999998283, -1.5927554631154899 
6.46999999999826, -1.5843888925423744 
6.4799999999982365, -1.5819455045289124 
6.489999999998213, -1.5917558182787521 
6.49999999999819, -1.6080758129756565 
6.509999999998167, -1.6216384679230145 
6.519999999998143, -1.6298585653781146 
6.52999999999812, -1.634128232393076 
6.539999999998097, -1.6361249163199798 
6.549999999998073, -1.6368995518221694 
6.55999999999805, -1.6370047719352758 
6.569999999998027, -1.6367262588727507 
6.5799999999980034, -1.6362488472838126 
6.58999999999798, -1.6357583042494188 
6.599999999997957, -1.6354480933068227 
6.6099999999979335, -1.635421685949891 
6.61999999999791, -1.6356331118473981 
6.629999999997887, -1.6359584409793773 
6.639999999997864, -1.6362711381068855 
6.64999999999784, -1.6364561481061901 
6.659999999997817, -1.6364090476022954 
6.669999999997794, -1.6360270021136323 
6.67999999999777, -1.6351833319276998 
6.689999999997747, -1.633697243889623 
6.699999999997724, -1.6313118730111391 
6.7099999999977005, -1.6276978293581024 
6.719999999997677, -1.6225399698523393 
6.729999999997654, -1.6158564086476417 
6.7399999999976306, -1.6086497093242311 
6.749999999997607, -1.6031209615246076 
6.759999999997584, -1.60088394822906 
6.769999999997561, -1.6011117305127918 
6.779999999997537, -1.602014517173108 
6.789999999997514, -1.6026520990707063 
6.799999999997491, -1.6028408903862847 
6.809999999997467, -1.6026133087266554 
6.819999999997444, -1.6019807570063525 
6.829999999997421, -1.600914434873284 
6.8399999999973975, -1.5995129576837206 
6.849999999997374, -1.598461004992984 
6.859999999997351, -1.5993493251355475 
6.869999999997328, -1.6033989805817945 
6.879999999997304, -1.609590197636551 
6.889999999997281, -1.6157461759377383 
6.899999999997258, -1.6205888150845156 
6.909999999997234, -1.623914552661842 
6.919999999997211, -1.625971172955277 
6.929999999997188, -1.6270755071279983 
6.939999999997164, -1.627490514971904 
6.949999999997141, -1.6274072122516041 
6.959999999997118, -1.626959638388127 
6.9699999999970945, -1.6262515965351387 
6.979999999997071, -1.625383589955094 
6.989999999997048, -1.6244665183925668 
6.999999999997025, -1.6236234591934227 
7.009999999997001, -1.6229839863151974 
7.019999999996978, -1.622629639650026 
7.029999999996955, -1.622505706275738 
7.039999999996931, -1.6224367295502433 
7.049999999996908, -1.622231272309698 
7.059999999996885, -1.6217150949407582 
7.0699999999968615, -1.6206589358529186 
7.079999999996838, -1.6186415952512156 
7.089999999996815, -1.6148511289034435 
7.0999999999967915, -1.607880629964622 
7.109999999996768, -1.5960114018881044 
7.119999999996745, -1.5794594780792583 
7.129999999996722, -1.5645041297869733 
7.139999999996698, -1.5601086456719537 
7.149999999996675, -1.5654056791382698 
7.159999999996652, -1.5724945811173208 
7.169999999996628, -1.5773454521730268 
7.179999999996605, -1.5799195648243525 
7.189999999996582, -1.5810637793779514 
7.1999999999965585, -1.581395957542921 
7.209999999996535, -1.5812457011271668 
7.219999999996512, -1.5807880421760683 
7.229999999996489, -1.5801852266720313 
7.239999999996465, -1.5797190050940968 
7.249999999996442, -1.5797887626674547 
7.259999999996419, -1.580624257765733 
7.269999999996395, -1.5820295172725864 
7.279999999996372, -1.5835813737434754 
7.289999999996349, -1.5849533222101537 
7.299999999996325, -1.5859908691622162 
7.309999999996302, -1.5866439963089845 
7.319999999996279, -1.5869048831420374 
7.3299999999962555, -1.5867760238653341 
7.339999999996232, -1.586256785809637 
7.349999999996209, -1.585339972714103 
7.359999999996186, -1.584016052841643 
7.369999999996162, -1.5822885489940517 
7.379999999996139, -1.5802111757031931 
7.389999999996116, -1.5779596020609232 
7.399999999996092, -1.5759006166238336 
7.409999999996069, -1.5744848490757803 
7.419999999996046, -1.5738830979516907 
7.4299999999960225, -1.5738171151055045 
7.439999999995999, -1.573868037770376 
7.449999999995976, -1.5737591064379808 
7.4599999999959525, -1.5733352746757414 
7.469999999995929, -1.5724247562595717 
7.479999999995906, -1.570701179132753 
7.489999999995883, -1.5675632105545847 
7.499999999995859, -1.5622335310688995 
7.509999999995836, -1.5549380708167484 
7.519999999995813, -1.5498848286955764 
7.529999999995789, -1.5546066232724471 
7.539999999995766, -1.5693545681087284 
7.549999999995743, -1.585311675623419 
7.5599999999957195, -1.596563861946395 
7.569999999995696, -1.6029717741810938 
7.579999999995673, -1.606220753455012 
7.58999999999565, -1.6076950604470859 
7.599999999995626, -1.608201361535259 
7.609999999995603, -1.608161795320203 
7.61999999999558, -1.6078062905026265 
7.629999999995556, -1.607306670949851 
7.639999999995533, -1.6068506808732945 
7.64999999999551, -1.6066167256444466 
7.659999999995486, -1.606671409484204 
7.669999999995463, -1.606942394697199 
7.67999999999544, -1.6073009489322225 
7.6899999999954165, -1.6076227480674 
7.699999999995393, -1.6077970919179205 
7.70999999999537, -1.6077257630777968 
7.719999999995347, -1.6073120729925907 
7.729999999995323, -1.6064378046325611 
7.7399999999953, -1.6049403838013834 
7.749999999995277, -1.6026008542850942 
7.759999999995253, -1.5991567010661423 
7.76999999999523, -1.5943859456058498 
7.779999999995207, -1.58837227292553 
7.789999999995183, -1.5819977982577682 
7.79999999999516, -1.5770582232382737 
7.809999999995137, -1.5748848792955408 
7.8199999999951135, -1.5748860793643609 
7.82999999999509, -1.575586450785875 
7.839999999995067, -1.5761191309462501 
7.849999999995044, -1.5762638381052587 
7.85999999999502, -1.5760146647185354 
7.869999999994997, -1.5753536661574445 
7.879999999994974, -1.5742080424590066 
7.88999999999495, -1.5725775023502115 
7.899999999994927, -1.5710026550452356 
7.909999999994904, -1.5712096058794702 
7.9199999999948805, -1.575250484232454 
7.929999999994857, -1.5827243194642904 
7.939999999994834, -1.590859636328084 
7.9499999999948106, -1.5975093718104483 
7.959999999994787, -1.6021313661957834 
7.969999999994764, -1.605016236858597 
7.979999999994741, -1.6066276679397054 
7.989999999994717, -1.6073600307887737 
7.999999999994694, -1.6074947868841822 
8.00999999999467, -1.6072203632010829 
8.019999999994647, -1.6066699593362412 
8.029999999994624, -1.6059595737202437 
8.0399999999946, -1.6052072108600366 
8.049999999994577, -1.6045243176349384 
8.059999999994554, -1.6040023945047293 
8.06999999999453, -1.6036980457525085 
8.079999999994508, -1.603588474387513 
8.089999999994484, -1.603552031096631 
8.099999999994461, -1.6034248964535223 
8.109999999994438, -1.6030485476094367 
8.119999999994414, -1.6022395613487235 
8.129999999994391, -1.6007008977408241 
8.139999999994368, -1.5978951673563577 
8.149999999994344, -1.592899299271524 
8.159999999994321, -1.5843926455753494 
8.169999999994298, -1.5713539663936549 
8.179999999994275, -1.5553532964391699 
8.189999999994251, -1.5425401409628055 
8.199999999994228, -1.5385118523596752 
8.209999999994205, -1.5410887535824302 
8.219999999994181, -1.5449195516062653 
8.229999999994158, -1.547584566685019 
8.239999999994135, -1.5489762552476196 
8.249999999994111, -1.5495087787251935 
8.259999999994088, -1.549497130885726 
8.269999999994065, -1.549107785219239 
8.279999999994041, -1.5484443603568698 
8.289999999994018, -1.5476920847881732 
8.299999999993995, -1.5472918320849547 
8.309999999993972, -1.547880838401103 
8.319999999993948, -1.549742968667942 
8.329999999993925, -1.5524251765661143 
8.339999999993902, -1.5551842007773342 
8.349999999993878, -1.5575298189698246 
8.359999999993855, -1.5592899447124118 
8.369999999993832, -1.5604627675095948 
8.379999999993808, -1.5611048980384301 
8.389999999993785, -1.5612824438243647 
8.399999999993762, -1.5610547413022984 
8.409999999993738, -1.5604717776499484 
8.419999999993715, -1.5595795432015191 
8.429999999993692, -1.5584325427493742 
8.439999999993669, -1.5571121648460855 
8.449999999993645, -1.5557500691363013 
8.459999999993622, -1.5545443290801515 
8.469999999993599, -1.553707196588293 
8.479999999993575, -1.5533116147713228 
8.489999999993552, -1.5532082351628562 
8.499999999993529, -1.5531495058401115 
8.509999999993505, -1.5529306618959926 
8.519999999993482, -1.552386640025977 
8.529999999993459, -1.5512942739874462 
8.539999999993436, -1.5492311008632662 
8.549999999993412, -1.5453834041146912 
8.559999999993389, -1.5383832820889773 
8.569999999993366, -1.5267492361988586 
8.579999999993342, -1.5113607220638907 
8.589999999993319, -1.499066256050209 
8.599999999993296, -1.498053523884697 
8.609999999993272, -1.5063084681202892 
8.619999999993249, -1.5155982688019678 
8.629999999993226, -1.5218949364254517 
8.639999999993202, -1.525323648542331 
8.64999999999318, -1.5269520555729852 
8.659999999993156, -1.5275681853313352 
8.669999999993133, -1.5276033344068298 
8.67999999999311, -1.5272771013119395 
8.689999999993086, -1.5267356229156344 
8.699999999993063, -1.5261780566032679 
8.70999999999304, -1.5259330843543328 
8.719999999993016, -1.526337817517398 
8.729999999992993, -1.527443076185604 
8.73999999999297, -1.5289507967061453 
8.749999999992946, -1.530483036804915 
8.759999999992923, -1.5317907388999994 
8.7699999999929, -1.5327612687415624 
8.779999999992876, -1.5333584891862433 
8.789999999992853, -1.5335783002472918 
8.79999999999283, -1.5334261075027678 
8.809999999992806, -1.5329075140184547 
8.819999999992783, -1.532026757753821 
8.82999999999276, -1.530791613734243 
8.839999999992736, -1.5292271251338145 
8.849999999992713, -1.527403454935033 
8.85999999999269, -1.5254817778273306 
8.869999999992666, -1.5237490005844514 
8.879999999992643, -1.522534073146464 
8.88999999999262, -1.5219652775831327 
8.899999999992596, -1.521846200613608 
8.909999999992573, -1.521848408906998 
8.91999999999255, -1.521724200509994 
8.929999999992527, -1.5213148929839968 
8.939999999992503, -1.5204462311570464 
8.94999999999248, -1.5187987703354655 
8.959999999992457, -1.515750485493707 
8.969999999992433, -1.5102416256822515 
8.97999999999241, -1.5011069108088269 
8.989999999992387, -1.4890999982428597 
8.999999999992363, -1.4802467204957581 
9.00999999999234, -1.4824723980436925 
9.019999999992317, -1.4942870087151567 
9.029999999992294, -1.5069428837801548 
9.03999999999227, -1.5156372471812714 
9.049999999992247, -1.5204791720326982 
9.059999999992224, -1.5228742061314557 
9.0699999999922, -1.523905294807166 
9.079999999992177, -1.5241820042212753 
9.089999999992154, -1.524015765223663 
9.09999999999213, -1.5235819300215168 
9.109999999992107, -1.523045782190897 
9.119999999992084, -1.5226506224660732 
9.12999999999206, -1.5226836586570456 
9.139999999992037, -1.5232784413188702 
9.149999999992014, -1.5242903916823534 
9.15999999999199, -1.5254364687018673 
9.169999999991967, -1.526483122021467 
9.179999999991944, -1.527295588787823 
9.18999999999192, -1.5278074334941585 
9.199999999991897, -1.5279867296090197 
9.209999999991874, -1.5278148592936733 
9.21999999999185, -1.5272754138031366 
9.229999999991827, -1.5263504940651371 
9.239999999991804, -1.525023334643117 
9.24999999999178, -1.5232897406106267 
9.259999999991757, -1.5211861264263278 
9.269999999991734, -1.5188451272771641 
9.27999999999171, -1.516564768188517 
9.289999999991688, -1.514780183644464 
9.299999999991664, -1.5137985725640164 
9.309999999991641, -1.5135177054753117 
9.319999999991618, -1.5135501976191845 
9.329999999991594, -1.5135530018013532 
9.339999999991571, -1.5133321207828945 
9.349999999991548, -1.5127500899252433 
9.359999999991524, -1.5115984321377165 
9.369999999991501, -1.5094679075636424 
9.379999999991478, -1.5056233915494146 
9.389999999991455, -1.499115066964702 
9.399999999991431, -1.4899957483542177 
9.409999999991408, -1.4822991724119414 
9.419999999991385, -1.4838015583627229 
9.429999999991361, -1.4961839421585776 
9.439999999991338, -1.5114874939921426 
9.449999999991315, -1.5229973866358961 
9.459999999991291, -1.52977737472033 
9.469999999991268, -1.5332882294691574 
9.479999999991245, -1.5349263094532892 
9.489999999991221, -1.5355399444819806 
9.499999999991198, -1.5355756275107506 
9.509999999991175, -1.5352677575503155 
9.519999999991152, -1.5347791392150272 
9.529999999991128, -1.5343014893082543 
9.539999999991105, -1.5340773095691023 
9.549999999991082, -1.5342827563978545 
9.559999999991058, -1.5348866334239477 
9.569999999991035, -1.535693801659779 
9.579999999991012, -1.5364978634352278 
9.589999999990988, -1.5371544172846496 
9.599999999990965, -1.5375742245331472 
9.609999999990942, -1.5377006476461905 
9.619999999990918, -1.5374911708790013 
9.629999999990895, -1.5369045496709337 
9.639999999990872, -1.5358947087597883 
9.649999999990849, -1.5344115457724525 
9.659999999990825, -1.532411192089392 
9.669999999990802, -1.529886538692311 
9.679999999990779, -1.5269390430591754 
9.689999999990755, -1.523894253429027 
9.699999999990732, -1.5213370466540748 
9.709999999990709, -1.5198086439269733 
9.719999999990685, -1.5193188517803609 
9.729999999990662, -1.5193813196813883 
9.739999999990639, -1.5195070583762225 
9.749999999990616, -1.519436704571644 
9.759999999990592, -1.5190454392277049 
9.769999999990569, -1.5181934980495089 
9.779999999990546, -1.516609943578555 
9.789999999990522, -1.5138126361314055 
9.799999999990499, -1.5092375355199006 
9.809999999990476, -1.5032367694038773 
9.819999999990452, -1.499391267287222 
9.829999999990429, -1.5040886902670971 
9.839999999990406, -1.518275414354323 
9.849999999990382, -1.5346272224663078 
9.85999999999036, -1.5469932747248953 
9.869999999990336, -1.5544693165263186 
9.879999999990313, -1.5584640367677696 
9.88999999999029, -1.5604003174542849 
9.899999999990266, -1.5611868146299082 
9.909999999990243, -1.5613229411213283 
9.91999999999022, -1.5610767133672128 
9.929999999990196, -1.5606210317584683 
9.939999999990173, -1.5601260961713224 
9.94999999999015, -1.5597830709009717 
9.959999999990126, -1.5597284344888762 
9.969999999990103, -1.5599575607475165 
9.97999999999008, -1.560355727196278 
9.989999999990056, -1.560786372895009 
9.999999999990033, -1.5611300499762186 
10.00999999999001, -1.5612873067146178 
10.019999999989986, -1.561173837498492 
10.029999999989963, -1.560707127103531 
10.03999999998994, -1.5597895744016326 
10.049999999989916, -1.5582976445562906 
10.059999999989893, -1.5560823479621804 
10.06999999998987, -1.5529902374611333 
10.079999999989846, -1.5489361363716823 
10.089999999989823, -1.5440879035571962 
10.0999999999898, -1.5391501146949087 
10.109999999989776, -1.5353453559217278 
10.119999999989753, -1.533529599707005 
10.12999999998973, -1.5333286776245183 
10.139999999989707, -1.5337354131026306 
10.149999999989683, -1.5340735225495714 
10.15999999998966, -1.5341109853495745 
10.169999999989637, -1.533789027373166 
10.179999999989613, -1.5330350526562992 
10.18999999998959, -1.5316911008741 
10.199999999989567, -1.5295667914928417 
10.209999999989543, -1.5268500943393464 
10.21999999998952, -1.5251747118252659 
10.229999999989497, -1.5280208662486854 
10.239999999989474, -1.5372236333181803 
10.24999999998945, -1.549585630507283 
10.259999999989427, -1.5605783115430998 
10.269999999989404, -1.5683234929083831 
10.27999999998938, -1.5730864695304771 
10.289999999989357, -1.5757382023025452 
10.299999999989334, -1.57704282545094 
10.30999999998931, -1.577516769222407 
10.319999999989287, -1.5774752433632844 
10.329999999989264, -1.5771122483311615 
10.33999999998924, -1.576573007468384 
10.349999999989217, -1.575999512528072 
10.359999999989194, -1.575524442074199 
10.36999999998917, -1.5752272000748304 
10.379999999989147, -1.5751175588940716 
10.389999999989124, -1.5751533887454054 
10.3999999999891, -1.5752474709520121 
10.409999999989077, -1.5752797131788767 
10.419999999989054, -1.5751244220036902 
10.42999999998903, -1.5746532632321366 
10.439999999989007, -1.5737025622736962 
10.449999999988984, -1.572025889850711 
10.45999999998896, -1.5692516832618248 
10.469999999988937, -1.5648734392901553 
10.479999999988914, -1.5583532163330598 
10.48999999998889, -1.5495339815646063 
10.499999999988868, -1.5395258248964838 
10.509999999988844, -1.5312223774682923 
10.519999999988821, -1.5272774079022537 
10.529999999988798, -1.527166889993715 
10.539999999988774, -1.5284556084071474 
10.549999999988751, -1.5295863315330942 
10.559999999988728, -1.5301744576786471 
10.569999999988704, -1.5302717969786483 
10.579999999988681, -1.5299625278727873 
10.589999999988658, -1.5292680213197953 
10.599999999988635, -1.528190367195066 
10.609999999988611, -1.5269110764777871 
10.619999999988588, -1.5261933450856398 
10.629999999988565, -1.5274826293758839 
10.639999999988541, -1.5316795664213343 
10.649999999988518, -1.5377966782637134 
10.659999999988495, -1.5439432729921823 
10.669999999988471, -1.548934498597614 
10.679999999988448, -1.5524957329393572 
10.689999999988425, -1.5547964709696847 
10.699999999988401, -1.5561156516278627 
10.709999999988378, -1.5567097868538333 
10.719999999988355, -1.556778625632152 
10.729999999988332, -1.5564682291920924 
10.739999999988308, -1.555890671772271 
10.749999999988285, -1.555149268954285 
10.759999999988262, -1.5543535436968374 
10.769999999988238, -1.5536136953293809 
10.779999999988215, -1.5530277115943345 
10.789999999988192, -1.5526635563975293 
10.799999999988168, -1.5525153235401723 
10.809999999988145, -1.5524775195555793 
10.819999999988122, -1.5523929003524275 
10.829999999988098, -1.5521084600343662 
10.839999999988075, -1.5514650326344561 
10.849999999988052, -1.5502308326383325 
10.859999999988029, -1.548005725486516 
10.869999999988005, -1.5441109536534021 
10.879999999987982, -1.537532187456938 
10.889999999987959, -1.5271849730184273 
10.899999999987935, -1.5130845796343597 
10.909999999987912, -1.4983853082663363 
10.919999999987889, -1.4888608720893295 
10.929999999987865, -1.4869422656931317 
10.939999999987842, -1.4892835587887516 
10.949999999987819, -1.4920651464787145 
10.959999999987796, -1.4939110134453508 
10.969999999987772, -1.4948320357064628 
10.979999999987749, -1.4951071792832518 
10.989999999987726, -1.4949345338871423 
10.999999999987702, -1.4944092502981032 
11.009999999987679, -1.4935961735823011 
11.019999999987656, -1.4926852952245984 
11.029999999987632, -1.4922223801809977 
11.039999999987609, -1.4930947641546228 
11.049999999987586, -1.495820829751349 
11.059999999987562, -1.4998647019620859 
11.06999999998754, -1.504128590646809 
11.079999999987516, -1.5078162900945336 
11.089999999987493, -1.5106340486699734 
11.09999999998747, -1.5125869576195468 
11.109999999987446, -1.5137911739321468 
11.119999999987423, -1.5143841339172435 
11.1299999999874, -1.5144914485608658 
11.139999999987376, -1.5142178626919487 
11.149999999987353, -1.5136509695523697 
11.15999999998733, -1.5128738524680143 
11.169999999987306, -1.511978976495768 
11.179999999987283, -1.5110726006021893 
11.18999999998726, -1.510269224344978 
11.199999999987236, -1.5096765875164853 
11.209999999987213, -1.5093502259762828 
11.21999999998719, -1.5092372179159965 
11.229999999987166, -1.5091911738437713 
11.239999999987143, -1.5090476061928981 
11.24999999998712, -1.5086580296293204 
11.259999999987096, -1.5078524859572715 
11.269999999987073, -1.506361995722232 
11.27999999998705, -1.5037196997916544 
11.289999999987026, -1.4991597170446878 
11.299999999987003, -1.4916168053019438 
11.30999999998698, -1.4801532904617107 
11.319999999986956, -1.4653231509698545 
11.329999999986933, -1.4508908881321552 
11.33999999998691, -1.4422687614652512 
11.349999999986887, -1.440858645053106 
11.359999999986863, -1.4431692138517442 
11.36999999998684, -1.4457943098466175 
11.379999999986817, -1.4475457136521972 
11.389999999986793, -1.4484332882915705 
11.39999999998677, -1.448705176798566 
11.409999999986747, -1.4485399597902444 
11.419999999986723, -1.4480190565392208 
11.4299999999867, -1.4471824345647168 
11.439999999986677, -1.446161350994673 
11.449999999986654, -1.445424113391081 
11.45999999998663, -1.445928021112182 
11.469999999986607, -1.4485873069444946 
11.479999999986584, -1.4532482382641947 
11.48999999998656, -1.4586997828777664 
11.499999999986537, -1.4637354228958204 
11.509999999986514, -1.4677552934492526 
11.51999999998649, -1.4706540365655012 
11.529999999986467, -1.4725559122461525 
11.539999999986444, -1.4736520018368038 
11.54999999998642, -1.47412901838864 
11.559999999986397, -1.4741434762291379 
11.569999999986374, -1.4738187813485166 
11.57999999998635, -1.4732571758796205 
11.589999999986327, -1.4725583574150178 
11.599999999986304, -1.4718296708788405 
11.60999999998628, -1.471175940262537 
11.619999999986257, -1.4706796641730153 
11.629999999986234, -1.4703860903492887 
11.63999999998621, -1.4702832946286493 
11.649999999986187, -1.4702884441375654 
11.659999999986164, -1.4702738864255145 
11.66999999998614, -1.4701090793963334 
11.679999999986117, -1.4696677698362532 
11.689999999986094, -1.468797253397222 
11.69999999998607, -1.4672742910212506 
11.709999999986048, -1.4647673768261216 
11.719999999986024, -1.4608276721455902 
11.729999999986001, -1.4549575747959247 
11.739999999985978, -1.4468580340994879 
11.749999999985954, -1.4369717337644556 
11.759999999985931, -1.4271022805422973 
11.769999999985908, -1.4199677913623197 
11.779999999985884, -1.4169871727338443 
11.789999999985861, -1.4170209356559826 
11.799999999985838, -1.418078014484765 
11.809999999985815, -1.4190090397980137 
11.819999999985791, -1.4195042656904824 
11.829999999985768, -1.4195762852670697 
11.839999999985745, -1.4192695188888267 
11.849999999985721, -1.4185697323926139 
11.859999999985698, -1.4174014899220246 
11.869999999985675, -1.4157221928941164 
11.879999999985651, -1.4138538629739048 
11.889999999985628, -1.4131073481365723 
11.899999999985605, -1.4158300013542386 
11.909999999985581, -1.4233882488662017 
11.919999999985558, -1.434068249205024 
11.929999999985535, -1.4446202198319054 
11.939999999985512, -1.4529694358552596 
11.949999999985488, -1.458702487613039 
11.959999999985465, -1.462258476030081 
11.969999999985442, -1.4642599692931428 
11.979999999985418, -1.465231896854459 
11.989999999985395, -1.4655418309352364 
11.999999999985372, -1.4654266736988062 
12.009999999985348, -1.4650442203919414 
12.019999999985325, -1.4645256559359627 
12.029999999985302, -1.4640093971245194 
12.039999999985278, -1.463630040235073 
12.049999999985255, -1.4634678168125805 
12.059999999985232, -1.4635196679044662 
12.069999999985209, -1.463721654651641 
12.079999999985185, -1.463980320516232 
12.089999999985162, -1.4641909685246906 
12.099999999985139, -1.464253009943676 
12.109999999985115, -1.4640763436869741 
12.119999999985092, -1.46357269250603 
12.129999999985069, -1.4626421087421058 
12.139999999985045, -1.4611663438671407 
12.149999999985022, -1.4590138617086854 
12.159999999984999, -1.4560601852709052 
12.169999999984976, -1.4522375815151736 
12.179999999984952, -1.44764457648026 
12.189999999984929, -1.4427245245714866 
12.199999999984906, -1.4383571735452814 
12.209999999984882, -1.435486026114898 
12.219999999984859, -1.4343518562186057 
12.229999999984836, -1.4343371697759324 
12.239999999984812, -1.4346598721710466 
12.249999999984789, -1.4348711345967735 
12.259999999984766, -1.4348095235914518 
12.269999999984742, -1.434406360694727 
12.27999999998472, -1.4335541003226873 
12.289999999984696, -1.4320287968907723 
12.299999999984673, -1.4294605652363699 
12.30999999998465, -1.425511118200434 
12.319999999984626, -1.420727484704671 
12.329999999984603, -1.4181860306491036 
12.33999999998458, -1.4230158098581005 
12.349999999984556, -1.4364713130837339 
12.359999999984533, -1.4529623835939598 
12.36999999998451, -1.4665166512853192 
12.379999999984486, -1.4753608659892357 
12.389999999984463, -1.4804075282036417 
12.39999999998444, -1.4830321526586676 
12.409999999984416, -1.4842474183423549 
12.419999999984393, -1.4846556174679564 
12.42999999998437, -1.484587281146101 
12.439999999984346, -1.4842329125761229 
12.449999999984323, -1.4837438105277687 
12.4599999999843, -1.4832985864258825 
12.469999999984276, -1.4830957034688814 
12.479999999984253, -1.4832534482579525 
12.48999999998423, -1.4837300090807655 
12.499999999984206, -1.484374628873418 
12.509999999984183, -1.4850277735558828 
12.51999999998416, -1.48556563357067 
12.529999999984136, -1.4859002938121368 
12.539999999984113, -1.485969284563872 
12.54999999998409, -1.4857234689640646 
12.559999999984067, -1.485117068465232 
12.569999999984043, -1.4841031547027914 
12.57999999998402, -1.4826351730540204 
12.589999999983997, -1.4806760227060969 
12.599999999983973, -1.4782222413792712 
12.60999999998395, -1.4753580936839676 
12.619999999983927, -1.4723442638596078 
12.629999999983903, -1.4696671053989543 
12.63999999998388, -1.4678558780927333 
12.649999999983857, -1.4670717259630728 
12.659999999983834, -1.4669770611619377 
12.66999999998381, -1.467091291115199 
12.679999999983787, -1.467099348140312 
12.689999999983764, -1.4668475558969567 
12.69999999998374, -1.4662157570313208 
12.709999999983717, -1.4649983512477216 
12.719999999983694, -1.4627933920820344 
12.72999999998367, -1.458916936404393 
12.739999999983647, -1.4526010153009588 
12.749999999983624, -1.4442609156386885 
12.7599999999836, -1.4380483371678503 
12.769999999983577, -1.4409137109287864 
12.779999999983554, -1.4538525620870462 
12.78999999998353, -1.4694315674720662 
12.799999999983507, -1.4813339507682426 
12.809999999983484, -1.4885177550211854 
12.81999999998346, -1.4923331724493099 
12.829999999983437, -1.4941713800395064 
12.839999999983414, -1.4949130119006315 
12.84999999998339, -1.4950336297939395 
12.859999999983367, -1.4947820506182552 
12.869999999983344, -1.4943170626175681 
12.87999999998332, -1.4938114424269355 
12.889999999983297, -1.493503638990491 
12.899999999983274, -1.4936233200635018 
12.90999999998325, -1.4942235197720417 
12.919999999983228, -1.495140629968804 
12.929999999983204, -1.4961374396943001 
12.939999999983181, -1.4970287414506294 
12.949999999983158, -1.497702355958203 
12.959999999983134, -1.4980960169567206 
12.969999999983111, -1.498174313236086 
12.979999999983088, -1.4979131316835494 
12.989999999983064, -1.4972912540332 
12.999999999983041, -1.496288093261358 
13.009999999983018, -1.4948872158260866 
13.019999999982995, -1.4930884795989325 
13.029999999982971, -1.4909361809734158 
13.039999999982948, -1.4885717853720388 
13.049999999982925, -1.486293287765187 
13.059999999982901, -1.4845169955133506 
13.069999999982878, -1.4835276720316728 
13.079999999982855, -1.4832264404040738 
13.089999999982831, -1.4832456003855883 
13.099999999982808, -1.4832516852674396 
13.109999999982785, -1.483050656593549 
13.119999999982761, -1.4825077254431993 
13.129999999982738, -1.4814282638250886 
13.139999999982715, -1.4794329118125993 
13.149999999982692, -1.4758173206130236 
13.159999999982668, -1.469530609116173 
13.169999999982645, -1.4599125847180583 
13.179999999982622, -1.4492122554894284 
13.189999999982598, -1.4445223163408185 
13.199999999982575, -1.4512593415152977 
13.209999999982552, -1.464815196973758 
13.219999999982528, -1.47713266548553 
13.229999999982505, -1.4851247431625603 
13.239999999982482, -1.4894997721851317 
13.249999999982458, -1.4916526972161501 
13.259999999982435, -1.4925664188798813 
13.269999999982412, -1.4927853759435512 
13.279999999982389, -1.4925893229707916 
13.289999999982365, -1.4921408243981298 
13.299999999982342, -1.4916020857517254 
13.309999999982319, -1.4912180664511738 
13.319999999982295, -1.49128183579383 
13.329999999982272, -1.4919379783629043 
13.339999999982249, -1.4930484946161662 
13.349999999982225, -1.4943214925199557 
13.359999999982202, -1.495506570211538 
13.369999999982179, -1.4964570137865356 
13.379999999982156, -1.4971027628113585 
13.389999999982132, -1.4974145648743844 
13.399999999982109, -1.497381004661649 
13.409999999982086, -1.4969965587956358 
13.419999999982062, -1.4962571911357263 
13.429999999982039, -1.4951616285542388 
13.439999999982016, -1.4937191234081115 
13.449999999981992, -1.4919673584104407 
13.459999999981969, -1.4900058205826965 
13.469999999981946, -1.4880408535637153 
13.479999999981922, -1.4863894224955898 
13.4899999999819, -1.485337727234322 
13.499999999981876, -1.4849099599242408 
13.509999999981853, -1.4848486975876392 
13.51999999998183, -1.4848417966642178 
13.529999999981806, -1.4846754299109342 
13.539999999981783, -1.4842036199170552 
13.54999999998176, -1.483243168586144 
13.559999999981736, -1.481449875349755 
13.569999999981713, -1.4781632303513048 
13.57999999998169, -1.4722707911264057 
13.589999999981666, -1.46250404400857 
13.599999999981643, -1.4492573491788754 
13.60999999998162, -1.437768133824163 
13.619999999981596, -1.4359897138399866 
13.629999999981573, -1.4444198396458445 
13.63999999998155, -1.4555648193365116 
13.649999999981526, -1.463969302017067 
13.659999999981503, -1.4689118536054342 
13.66999999998148, -1.4714542543988316 
13.679999999981456, -1.472602225020046 
13.689999999981433, -1.4729632517297333 
13.69999999998141, -1.4728542749037514 
13.709999999981386, -1.4724432142152435 
13.719999999981363, -1.4718689154569031 
13.72999999998134, -1.4713534120654184 
13.739999999981316, -1.471246965213554 
13.749999999981293, -1.4718664074030372 
13.75999999998127, -1.473213146578434 
13.769999999981247, -1.4749586538132173 
13.779999999981223, -1.476716597335773 
13.7899999999812, -1.4782338513558757 
13.799999999981177, -1.479395508250963 
13.809999999981153, -1.4801674147596233 
13.81999999998113, -1.4805520558264735 
13.829999999981107, -1.4805657270774266 
13.839999999981083, -1.480228901052788 
13.84999999998106, -1.4795638632554127 
13.859999999981037, -1.4785976453063097 
13.869999999981014, -1.4773707397779055 
13.87999999998099, -1.475951959238587 
13.889999999980967, -1.4744584934946383 
13.899999999980944, -1.4730719738874047 
13.90999999998092, -1.4720091412352176 
13.919999999980897, -1.471402840097412 
13.929999999980874, -1.4711853860544986 
13.93999999998085, -1.4711384062106685 
13.949999999980827, -1.4710409724230922 
13.959999999980804, -1.4707291964602498 
13.96999999998078, -1.4700466269005212 
13.979999999980757, -1.4687486030217123 
13.989999999980734, -1.4663773256647896 
13.99999999998071, -1.4621014461185522 
14.009999999980687, -1.4546106624401984 
14.019999999980664, -1.4425072956526277 
14.02999999998064, -1.426103187908911 
14.039999999980617, -1.4101281252543862 
14.049999999980594, -1.401885225507043 
14.05999999998057, -1.4031031136030931 
14.069999999980547, -1.4086363852960024 
14.079999999980524, -1.4137368330426894 
14.0899999999805, -1.4170127942837514 
14.099999999980477, -1.41876412931263 
14.109999999980454, -1.419535762883449 
14.11999999998043, -1.419702598463122 
14.129999999980408, -1.419464263703398 
14.139999999980384, -1.4189197817940968 
14.149999999980361, -1.4181635740480345 
14.159999999980338, -1.4174281846317711 
14.169999999980314, -1.4172306026655763 
14.179999999980291, -1.41825762461319 
14.189999999980268, -1.4208138267294097 
14.199999999980244, -1.4244425852065281 
14.209999999980221, -1.4283101602400345 
14.219999999980198, -1.4317744158384238 
14.229999999980175, -1.4345436652824 
14.239999999980151, -1.436564745145226 
14.249999999980128, -1.437896129662853 
14.259999999980105, -1.4386363954861232 
14.269999999980081, -1.4388912374478164 
14.279999999980058, -1.4387588286712485 
14.289999999980035, -1.4383261156899976 
14.299999999980011, -1.4376747630922622 
14.309999999979988, -1.436892430920889 
14.319999999979965, -1.436078381276139 
14.329999999979941, -1.4353352295169683 
14.339999999979918, -1.4347530399836343 
14.349999999979895, -1.4343894731675049 
14.359999999979872, -1.4342392699645228 
14.369999999979848, -1.4342181170331707 
14.379999999979825, -1.434194370549346 
14.389999999979802, -1.434035496147282 
14.399999999979778, -1.4336168019800797 
14.409999999979755, -1.43279147520775 
14.419999999979732, -1.431347251025649 
14.429999999979708, -1.4289690710198306 
14.439999999979685, -1.4252284082922055 
14.449999999979662, -1.4196410947602405 
14.459999999979638, -1.411873438319867 
14.469999999979615, -1.4021918394025876 
14.479999999979592, -1.3920369609253407 
14.489999999979569, -1.3839059414904158 
14.499999999979545, -1.3796539927024865 
14.509999999979522, -1.3788390211640427 
14.519999999979499, -1.3796203618046523 
14.529999999979475, -1.3805906999286894 
14.539999999979452, -1.3812195758218009 
14.549999999979429, -1.381435684494275 
14.559999999979405, -1.3812751946180213 
14.569999999979382, -1.3807403427804157 
14.579999999979359, -1.3797612025289852 
14.589999999979335, -1.378215845409641 
14.599999999979312, -1.3760850160535552 
14.609999999979289, -1.373934601490775 
14.619999999979266, -1.3736514116663607 
14.629999999979242, -1.3780760320142666 
14.639999999979219, -1.388183836861653 
14.649999999979196, -1.4012260743891143 
14.659999999979172, -1.4133140438890686 
14.669999999979149, -1.4223851433493013 
14.679999999979126, -1.428319937940958 
14.689999999979102, -1.4318376333476757 
14.69999999997908, -1.4337327292329982 
14.709999999979056, -1.4346066200646932 
14.719999999979033, -1.4348484624646196 
14.72999999997901, -1.4346949067807455 
14.739999999978986, -1.4343010499098525 
14.749999999978963, -1.4338033498399627 
14.75999999997894, -1.4333568337284281 
14.769999999978916, -1.4331152849316406 
14.779999999978893, -1.4331602599330813 
14.78999999997887, -1.4334610074935337 
14.799999999978846, -1.4339128311736402 
14.809999999978823, -1.4343948588055353 
14.8199999999788, -1.4347981929298108 
14.829999999978776, -1.4350338630143313 
14.839999999978753, -1.4350320023717387 
14.84999999997873, -1.4347345408675423 
14.859999999978706, -1.4340873194393757 
14.869999999978683, -1.4330369819475457 
14.87999999997866, -1.4315335411046317 
14.889999999978636, -1.429539055389515 
14.899999999978613, -1.4270476839565567 
14.90999999997859, -1.4241285656906943 
14.919999999978566, -1.420997904112433 
14.929999999978543, -1.418076114852422 
14.93999999997852, -1.4158864898109829 
14.949999999978496, -1.4147198079825385 
14.959999999978473, -1.4143935877019242 
14.96999999997845, -1.4144557895942265 
14.979999999978427, -1.4145308112942174 
14.989999999978403, -1.4144176068850636 
14.99999999997838, -1.4140004405283457 
15.009999999978357, -1.413134729111109 
15.019999999978333, -1.4115427684636157 
15.02999999997831, -1.4086974911640768 
15.039999999978287, -1.4037351014872093 
15.049999999978263, -1.3957071140030721 
15.05999999997824, -1.3849587847302163 
15.069999999978217, -1.3756155432948116 
15.079999999978194, -1.3745827183667656 
15.08999999997817, -1.3835912972257376 
15.099999999978147, -1.3964373694643635 
15.109999999978124, -1.4069869874537753 
15.1199999999781, -1.413636239663537 
15.129999999978077, -1.4172731150545415 
15.139999999978054, -1.419069385043159 
15.14999999997803, -1.4198183492984642 
15.159999999978007, -1.4199595825546285 
15.169999999977984, -1.4197197970649333 
15.17999999997796, -1.4192320656952482 
15.189999999977937, -1.418641299507077 
15.199999999977914, -1.4182022118695659 
15.20999999997789, -1.4182863629892852 
15.219999999977867, -1.4191800357190856 
15.229999999977844, -1.4208255472253355 
15.23999999997782, -1.4228593228147715 
15.249999999977797, -1.4248856540978652 
15.259999999977774, -1.426647867478005 
15.26999999997775, -1.4280286998589151 
15.279999999977727, -1.4289948436074797 
15.289999999977704, -1.4295536525402106 
15.29999999997768, -1.4297302397494929 
15.309999999977657, -1.4295573132322836 
15.319999999977634, -1.4290715936936207 
15.32999999997761, -1.4283147592848362 
15.339999999977588, -1.4273390860046955 
15.349999999977564, -1.4262162815622283 
15.359999999977541, -1.4250451347066335 
15.369999999977518, -1.4239535088926414 
15.379999999977494, -1.4230832260353459 
15.389999999977471, -1.4225350835296464 
15.399999999977448, -1.422294663516861 
15.409999999977424, -1.422227097031529 
15.419999999977401, -1.4221567511081397 
15.429999999977378, -1.4219313028298113 
15.439999999977355, -1.421412695146529 
15.449999999977331, -1.4204209242492394 
15.459999999977308, -1.41865973626842 
15.469999999977285, -1.4156345356946725 
15.479999999977261, -1.41059318339832 
15.489999999977238, -1.402604876918528 
15.499999999977215, -1.3910338328020788 
15.509999999977191, -1.376639389297341 
15.519999999977168, -1.3626177240840227 
15.529999999977145, -1.3532845932432542 
15.539999999977121, -1.3502103146547484 
15.549999999977098, -1.3511367939707475 
15.559999999977075, -1.3531341659073925 
15.569999999977052, -1.3547470893436488 
15.579999999977028, -1.3556869276923673 
15.589999999977005, -1.356061922828093 
15.599999999976982, -1.3560063874119739 
15.609999999976958, -1.355584400770582 
15.619999999976935, -1.3547889589946502 
15.629999999976912, -1.3535895432876608 
15.639999999976888, -1.3520843134845912 
15.649999999976865, -1.350853043647432 
15.659999999976842, -1.3513329349066912 
15.669999999976818, -1.3553224939577773 
15.679999999976795, -1.3632162421895768 
15.689999999976772, -1.3731787139230265 
15.699999999976749, -1.3827128035879475 
15.709999999976725, -1.390318730373743 
15.719999999976702, -1.3956745846306338 
15.729999999976679, -1.3990981102359368 
15.739999999976655, -1.4010866337577297 
15.749999999976632, -1.4020909131380344 
15.759999999976609, -1.4024454339819807 
15.769999999976585, -1.402375140501435 
15.779999999976562, -1.4020324343981827 
15.789999999976539, -1.401542072332504 
15.799999999976515, -1.4010366988236838 
15.809999999976492, -1.4006573695132676 
15.819999999976469, -1.4005079386082497 
15.829999999976446, -1.4006078847290087 
15.839999999976422, -1.400898084269944 
15.849999999976399, -1.401281176579951 
15.859999999976376, -1.4016521599103742 
15.869999999976352, -1.40191430096089 
15.879999999976329, -1.4019867952986353 
15.889999999976306, -1.4018029636944616 
15.899999999976282, -1.4013030260446513 
15.90999999997626, -1.4004292623968246 
15.919999999976236, -1.3991268951901783 
15.929999999976213, -1.3973501836208009 
15.93999999997619, -1.3950750297271457 
15.949999999976166, -1.3923251122386533 
15.959999999976143, -1.3892217465743848 
15.96999999997612, -1.3860509885047438 
15.979999999976096, -1.3832762945766226 
15.989999999976073, -1.3813622963418113 
15.99999999997605, -1.380449283544715 
16.009999999976028, -1.380251943488004 
16.019999999976005, -1.380332727789667 
16.02999999997598, -1.3803738270621273 
16.039999999975958, -1.3802086831567513 
16.049999999975935, -1.379726543123554 
16.05999999997591, -1.3787696956283348 
16.069999999975888, -1.377033959330141 
16.079999999975865, -1.373949189946051 
16.08999999997584, -1.368578056892834 
16.099999999975818, -1.3598110833285277 
16.109999999975795, -1.347563939183377 
16.11999999997577, -1.3351342470094816 
16.129999999975748, -1.3291342718914134 
16.139999999975725, -1.3329915435039552 
16.1499999999757, -1.3425756723041034 
16.15999999997568, -1.3518486339648845 
16.169999999975655, -1.3582343756339177 
16.17999999997563, -1.361930298452122 
16.18999999997561, -1.3638415239286643 
16.199999999975585, -1.3646922950273894 
16.20999999997556, -1.3649123418450542 
16.21999999997554, -1.3647256212352983 
16.229999999975515, -1.3642477965807918 
16.239999999975492, -1.363578357036013 
16.24999999997547, -1.3629148185917064 
16.259999999975445, -1.362663866550833 
16.269999999975422, -1.3633801466860545 
16.2799999999754, -1.3653932943025917 
16.289999999975375, -1.368468940585187 
16.299999999975352, -1.3719781329040734 
16.30999999997533, -1.3753276962654053 
16.319999999975305, -1.3781713785168628 
16.329999999975282, -1.380379652940237 
16.33999999997526, -1.3819483845078977 
16.349999999975235, -1.3829337154901697 
16.359999999975212, -1.3834171787822862 
16.36999999997519, -1.383486904717771 
16.379999999975166, -1.3832275296826089 
16.389999999975142, -1.3827185323245688 
16.39999999997512, -1.382040869249916 
16.409999999975096, -1.3812855504314678 
16.419999999975072, -1.3805524129927054 
16.42999999997505, -1.3799348007218017 
16.439999999975026, -1.379500580606816 
16.449999999975002, -1.379275408954538 
16.45999999997498, -1.3792262850022363 
16.469999999974956, -1.3792625163858048 
16.479999999974932, -1.3792662250523953 
16.48999999997491, -1.3791235537777513 
16.499999999974886, -1.378727391314135 
16.509999999974863, -1.3779575081379476 
16.51999999997484, -1.3766585888336125 
16.529999999974816, -1.3746312309018234 
16.539999999974793, -1.3716458090134878 
16.54999999997477, -1.3674889707509328 
16.559999999974746, -1.3620588365070199 
16.569999999974723, -1.3555322346916263 
16.5799999999747, -1.3485809431765077 
16.589999999974676, -1.342415062386967 
16.599999999974653, -1.3382587633391985 
16.60999999997463, -1.336445469331737 
16.619999999974606, -1.3362434741061453 
16.629999999974583, -1.336655038802177 
16.63999999997456, -1.3370582164820288 
16.649999999974536, -1.3372182868738174 
16.659999999974513, -1.3370724905780642 
16.66999999997449, -1.336573445719116 
16.679999999974466, -1.3356059050356657 
16.689999999974443, -1.3339312110982195 
16.69999999997442, -1.3311613748815574 
16.709999999974396, -1.326894947971987 
16.719999999974373, -1.3213799427447603 
16.72999999997435, -1.316917714662839 
16.739999999974327, -1.3182492048148986 
16.749999999974303, -1.328524860727209 
16.75999999997428, -1.344558849955058 
16.769999999974257, -1.3599220960910456 
16.779999999974233, -1.371001842507076 
16.78999999997421, -1.377746223465627 
16.799999999974187, -1.3814465484363025 
16.809999999974163, -1.38330755187549 
16.81999999997414, -1.3841114160832177 
16.829999999974117, -1.3842982541362083 
16.839999999974093, -1.38410359311419 
16.84999999997407, -1.3836688951812697 
16.859999999974047, -1.383132966403969 
16.869999999974024, -1.3827074792688905 
16.879999999974, -1.3826807943206272 
16.889999999973977, -1.3832796355197021 
16.899999999973954, -1.3844902262820087 
16.90999999997393, -1.386066729191592 
16.919999999973907, -1.3877089695833054 
16.929999999973884, -1.3891955545947954 
16.93999999997386, -1.3904037108971743 
16.949999999973837, -1.3912794079066562 
16.959999999973814, -1.3918073586939272 
16.96999999997379, -1.3919924561203112 
16.979999999973767, -1.3918504857102647 
16.989999999973744, -1.3914044665542502 
16.99999999997372, -1.3906846410232987 
17.009999999973697, -1.3897321055389433 
17.019999999973674, -1.3886059383936367 
17.02999999997365, -1.3873911182398522 
17.039999999973627, -1.3862028563860118 
17.049999999973604, -1.385179940666034 
17.05999999997358, -1.3844488988480737 
17.069999999973557, -1.3840543312223825 
17.079999999973534, -1.3839155471399514 
17.08999999997351, -1.383870949195198 
17.099999999973488, -1.383758078379475 
17.109999999973464, -1.3834421549941909 
17.11999999997344, -1.3827851984385142 
17.129999999973418, -1.381589127392211 
17.139999999973394, -1.3795320313361772 
17.14999999997337, -1.3761111030507212 
17.159999999973348, -1.3706362155209502 
17.169999999973324, -1.362385144913744 
17.1799999999733, -1.351093674707567 
17.189999999973278, -1.3378086619728842 
17.199999999973254, -1.3253862073678728 
17.20999999997323, -1.3171367702842725 
17.219999999973208, -1.3140707640853673 
17.229999999973185, -1.3143909478055662 
17.23999999997316, -1.3157900334884072 
17.249999999973138, -1.3170239865644053 
17.259999999973115, -1.31776422597117 
17.26999999997309, -1.3180392132158345 
17.279999999973068, -1.3179264523674699 
17.289999999973045, -1.3174517506121175 
17.29999999997302, -1.3165684858289615 
17.309999999972998, -1.315175183771272 
17.319999999972975, -1.3132222221224228 
17.32999999997295, -1.31105376157985 
17.339999999972928, -1.310039069682991 
17.349999999972905, -1.312743849151663 
17.35999999997288, -1.3211440414793625 
17.36999999997286, -1.3340384648201833 
17.379999999972835, -1.3476970428563686 
17.38999999997281, -1.3590147873361083 
17.39999999997279, -1.366966787274262 
17.409999999972765, -1.3719522581138135 
17.41999999997274, -1.3748085571469248 
17.42999999997272, -1.376286859878579 
17.439999999972695, -1.376911857824982 
17.449999999972672, -1.377008863334481 
17.45999999997265, -1.376773786750845 
17.469999999972625, -1.3763433601262496 
17.479999999972602, -1.375855826951144 
17.48999999997258, -1.3754835101051892 
17.499999999972555, -1.3754004024950954 
17.509999999972532, -1.3756918808094694 
17.51999999997251, -1.3763036239691606 
17.529999999972485, -1.3770909158390094 
17.539999999972462, -1.3778997842391867 
17.54999999997244, -1.3786083822105746 
17.559999999972415, -1.3791322455381865 
17.569999999972392, -1.3794168826930513 
17.57999999997237, -1.3794281515745621 
17.589999999972346, -1.3791444874766707 
17.599999999972322, -1.378552738397597 
17.6099999999723, -1.3776474735842565 
17.619999999972276, -1.37643365713817 
17.629999999972252, -1.3749338711916663 
17.63999999997223, -1.3732018925537752 
17.649999999972206, -1.3713429629878888 
17.659999999972182, -1.3695332247821888 
17.66999999997216, -1.3680075822920523 
17.679999999972136, -1.3669701611972198 
17.689999999972112, -1.366458587249859 
17.69999999997209, -1.3663108937979522 
17.709999999972066, -1.3662858158601128 
17.719999999972043, -1.366184867867708 
17.72999999997202, -1.3658680819334506 
17.739999999971996, -1.365197772998746 
17.749999999971973, -1.3639606980001013 
17.75999999997195, -1.3617761781870021 
17.769999999971926, -1.357988111615404 
17.779999999971903, -1.351594505989317 
17.78999999997188, -1.341427093669412 
17.799999999971856, -1.3269988498084673 
17.809999999971833, -1.3101051528495893 
17.81999999997181, -1.2954392611811605 
17.829999999971786, -1.2874943894257675 
17.839999999971763, -1.2863732024202068 
17.84999999997174, -1.2886858147409568 
17.859999999971716, -1.2914361854353245 
17.869999999971693, -1.2934408024954105 
17.87999999997167, -1.2945998613421639 
17.889999999971646, -1.2951140502839564 
17.899999999971623, -1.2951654184049546 
17.9099999999716, -1.2948492354819998 
17.919999999971576, -1.2941818696435363 
17.929999999971553, -1.2931357147211981 
17.93999999997153, -1.291733380406262 
17.949999999971507, -1.2902869307711895 
17.959999999971483, -1.2897869426763768 
17.96999999997146, -1.2919733312088537 
17.979999999971437, -1.2982507894152622 
17.989999999971413, -1.3080784240124992 
17.99999999997139, -1.3191083109178534 
18.009999999971367, -1.3289952301042889 
18.019999999971343, -1.3365735476955467 
18.02999999997132, -1.3417561393026072 
18.039999999971297, -1.3449853720105232 
18.049999999971273, -1.3468137704527685 
18.05999999997125, -1.3477068486966277 
18.069999999971227, -1.3479939972457815 
18.079999999971204, -1.3478893533873046 
18.08999999997118, -1.347536706743211 
18.099999999971157, -1.3470586612959095 
18.109999999971134, -1.3465955689531923 
18.11999999997111, -1.3463072057041414 
18.129999999971087, -1.3463184737398814 
18.139999999971064, -1.3466528598593035 
18.14999999997104, -1.347229149831437 
18.159999999971017, -1.347917920072871 
18.169999999970994, -1.3485935267211888 
18.17999999997097, -1.34915546320756 
18.189999999970947, -1.3495312017987768 
18.199999999970924, -1.3496715488604425 
18.2099999999709, -1.3495437637445669 
18.219999999970877, -1.3491262370484705 
18.229999999970854, -1.3484061809873016 
18.23999999997083, -1.3473800936201212 
18.249999999970807, -1.34605727597211 
18.259999999970784, -1.344467841385307 
18.26999999997076, -1.342676612345425 
18.279999999970737, -1.3408017497779983 
18.289999999970714, -1.3390274645981974 
18.29999999997069, -1.3375790988322334 
18.309999999970668, -1.3366278614788782 
18.319999999970644, -1.3361755544139648 
18.32999999997062, -1.3360497944021112 
18.339999999970598, -1.3360224632981443 
18.349999999970574, -1.335910636192123 
18.35999999997055, -1.3355823009319026 
18.369999999970528, -1.3349034072204744 
18.379999999970504, -1.333668260653043 
18.38999999997048, -1.3315206362783474 
18.399999999970458, -1.3278687919947585 
18.409999999970434, -1.3218439746126205 
18.41999999997041, -1.3124625107624135 
18.429999999970388, -1.2992670996738231 
18.439999999970365, -1.2834937764988772 
18.44999999997034, -1.2687031455185165 
18.459999999970318, -1.2589537515476066 
18.469999999970295, -1.255438641742572 
18.47999999997027, -1.2560100193479626 
18.489999999970248, -1.257907590398861 
18.499999999970225, -1.2596119385026618 
18.5099999999702, -1.260711188094421 
18.519999999970178, -1.2612492636492856 
18.529999999970155, -1.2613486544417996 
18.53999999997013, -1.2610845218183229 
18.549999999970108, -1.2604590708210608 
18.559999999970085, -1.2594053322667942 
18.56999999997006, -1.257823823438811 
18.57999999997004, -1.2557279000598216 
18.589999999970015, -1.2536349320731044 
18.59999999996999, -1.253153002949685 
18.60999999996997, -1.2568990268981737 
18.619999999969945, -1.2665557800484117 
18.62999999996992, -1.2805986843873385 
18.6399999999699, -1.29518252788126 
18.649999999969875, -1.3071772794931196 
18.659999999969852, -1.3155670182050774 
18.66999999996983, -1.3208064510333224 
18.679999999969805, -1.3238040507041475 
18.689999999969782, -1.325365209560128 
18.69999999996976, -1.326045401329683 
18.709999999969735, -1.326183694076506 
18.719999999969712, -1.3259788522758176 
18.72999999996969, -1.3255626107454526 
18.739999999969665, -1.3250653859385226 
18.749999999969642, -1.3246656494022584 
18.75999999996962, -1.324583184563723 
18.769999999969595, -1.324983988871974 
18.779999999969572, -1.325869785012228 
18.78999999996955, -1.3270809669098425 
18.799999999969526, -1.328402604232038 
18.809999999969502, -1.3296548682199933 
18.81999999996948, -1.330719278984723 
18.829999999969456, -1.3315287243212608 
18.839999999969432, -1.3320505420103588 
18.84999999996941, -1.332273325134371 
18.859999999969386, -1.3321991027726974 
18.869999999969362, -1.3318398082644454 
18.87999999996934, -1.3312166163033752 
18.889999999969316, -1.3303617310261484 
18.899999999969292, -1.329322859773253 
18.90999999996927, -1.328169124617417 
18.919999999969246, -1.326994654821839 
18.929999999969223, -1.3259152684266384 
18.9399999999692, -1.3250510749607214 
18.949999999969176, -1.3244852159212146 
18.959999999969153, -1.3242129842813408 
18.96999999996913, -1.3241327799376044 
18.979999999969106, -1.32409721330504 
18.989999999969083, -1.3239685162599186 
18.99999999996906, -1.3236289039537348 
19.009999999969036, -1.322953048973185 
19.019999999969013, -1.321769003556613 
19.02999999996899, -1.319824829359768 
19.039999999968966, -1.3167764840298626 
19.049999999968943, -1.3122229735602766 
19.05999999996892, -1.3058252542862554 
19.069999999968896, -1.2975413484635243 
19.079999999968873, -1.287957036232197 
19.08999999996885, -1.2785014066610487 
19.099999999968826, -1.2710622590248173 
19.109999999968803, -1.266834614083835 
19.11999999996878, -1.2654813464481869 
19.129999999968756, -1.2657041453725586 
19.139999999968733, -1.2663622599376683 
19.14999999996871, -1.266892126524051 
19.159999999968687, -1.2671260993862448 
19.169999999968663, -1.2670408522445302 
19.17999999996864, -1.2666163079122759 
19.189999999968617, -1.2657695678768945 
19.199999999968593, -1.2643115721791753 
19.20999999996857, -1.2619159071350576 
19.219999999968547, -1.258169102294601 
19.229999999968523, -1.2529292358807806 
19.2399999999685, -1.247297503952669 
19.249999999968477, -1.2446675767623707 
19.259999999968453, -1.2493369490626764 
19.26999999996843, -1.2618933985748293 
19.279999999968407, -1.2776200913222122 
19.289999999968384, -1.291181539138164 
19.29999999996836, -1.3004818769506077 
19.309999999968337, -1.3060285553386755 
19.319999999968314, -1.3090503160299047 
19.32999999996829, -1.3105569402597275 
19.339999999968267, -1.3111806955196483 
19.349999999968244, -1.3112722956177434 
19.35999999996822, -1.3110165780918375 
19.369999999968197, -1.3105236784574232 
19.379999999968174, -1.3099130285199942 
19.38999999996815, -1.309404092269547 
19.399999999968127, -1.3093657021201004 
19.409999999968104, -1.3102015471627915 
19.41999999996808, -1.3120693169847644 
19.429999999968057, -1.3147265342971124 
19.439999999968034, -1.3177024728538993 
19.44999999996801, -1.3205684445739416 
19.459999999967987, -1.3230576226946107 
19.469999999967964, -1.3250478967702568 
19.47999999996794, -1.3265090182700663 
19.489999999967917, -1.32746286082499 
19.499999999967894, -1.3279604908952878 
19.50999999996787, -1.3280679558923858 
19.519999999967848, -1.3278563326749429 
19.529999999967824, -1.3273971463188512 
19.5399999999678, -1.3267650720517083 
19.549999999967778, -1.3260446814252231 
19.559999999967754, -1.3253313473293622 
19.56999999996773, -1.3247183975050285 
19.579999999967708, -1.3242765446332396 
19.589999999967684, -1.324037624077415 
19.59999999996766, -1.3239841415128 
19.609999999967638, -1.3240478743534934 
19.619999999967614, -1.3241280116221934 
19.62999999996759, -1.3241195122038687 
19.639999999967568, -1.3239274423284038 
19.649999999967545, -1.3234612704478776 
19.65999999996752, -1.3226224836501363 
19.669999999967498, -1.3212992978934934 
19.679999999967475, -1.3193743522872654 
19.68999999996745, -1.316744838630091 
19.699999999967428, -1.3133533941994644 
19.709999999967405, -1.3092341226323065 
19.71999999996738, -1.304582773397369 
19.729999999967358, -1.2998354472513332 
19.739999999967335, -1.295659057702242 
19.74999999996731, -1.2927032024803595 
19.759999999967288, -1.2911877661369933 
19.769999999967265, -1.2907688688984256 
19.77999999996724, -1.2908695587026457 
19.78999999996722, -1.2910475053382906 
19.799999999967195, -1.2910775922252329 
19.80999999996717, -1.290857061373187 
19.81999999996715, -1.2902972866387414 
19.829999999967125, -1.2892409677114514 
19.8399999999671, -1.287380491480501 
19.84999999996708, -1.28415690132637 
19.859999999967055, -1.2786801075833774 
19.869999999967032, -1.2698922411758073 
19.87999999996701, -1.257475545842023 
19.889999999966985, -1.2436398396894002 
19.899999999966962, -1.2336158169629938 
19.90999999996694, -1.2317166739093133 
19.919999999966915, -1.2367937967535005 
19.929999999966892, -1.244149003364991 
19.93999999996687, -1.2503322099140564 
19.949999999966845, -1.2544220874828722 
19.959999999966822, -1.2567818543085705 
19.9699999999668, -1.2579911952868348 
19.979999999966775, -1.2584797565864496 
19.989999999966752, -1.2584976349366845 
19.99999999996673, -1.2581662566437102 
20.009999999966706, -1.2575326088160286 
20.019999999966682, -1.2566327650337161 
20.02999999996666, -1.255606111183649 
20.039999999966636, -1.2548913505227892 
20.049999999966612, -1.2553856817950506 
20.05999999996659, -1.2581832588593793 
20.069999999966566, -1.2637404078810692 
20.079999999966542, -1.2712992537813625 
20.08999999996652, -1.2793707240084125 
20.099999999966496, -1.2866496985255647 
20.109999999966472, -1.2924518491321055 
20.11999999996645, -1.2966435936024834 
20.129999999966426, -1.2994118553968632 
20.139999999966403, -1.3010661332517932 
20.14999999996638, -1.3019142977201983 
20.159999999966356, -1.3022049675356748 
20.169999999966333, -1.3021179286699867 
20.17999999996631, -1.301782830954652 
20.189999999966286, -1.3013108236270106 
20.199999999966263, -1.30082473416966 
20.20999999996624, -1.300465743431407 
20.219999999966216, -1.3003577350679432 
20.229999999966193, -1.3005511597502233 
20.23999999996617, -1.3010035227326449 
20.249999999966146, -1.3016127831106932 
20.259999999966123, -1.3022628525181794 
20.2699999999661, -1.302850649904819 
20.279999999966076, -1.303295999373444 
20.289999999966053, -1.3035419695808574 
20.29999999996603, -1.3035504200213053 
20.309999999966006, -1.3032969823911507 
20.319999999965983, -1.3027679737871718 
20.32999999996596, -1.3019595283560896 
20.339999999965936, -1.3008788619067042 
20.349999999965913, -1.299548358263184 
20.35999999996589, -1.2980133070767566 
20.369999999965867, -1.2963527904004646 
20.379999999965843, -1.2946899900031492 
20.38999999996582, -1.2931905829568342 
20.399999999965797, -1.29202701378727 
20.409999999965773, -1.2912998436456662 
20.41999999996575, -1.2909696280985925 
20.429999999965727, -1.2908779226307172 
20.439999999965703, -1.2908379834405208 
20.44999999996568, -1.290698467266188 
20.459999999965657, -1.2903403553201327 
20.469999999965633, -1.28963529357451 
20.47999999996561, -1.2883945983830718 
20.489999999965587, -1.2863199773958072 
20.499999999965564, -1.2829694833162093 
20.50999999996554, -1.277778074311889 
20.519999999965517, -1.2702055982011142 
20.529999999965494, -1.2600850436386168 
20.53999999996547, -1.24812822927896 
20.549999999965447, -1.236223670820885 
20.559999999965424, -1.2268469233576043 
20.5699999999654, -1.2215164960140366 
20.579999999965377, -1.2197971365113038 
20.589999999965354, -1.2200764500648638 
20.59999999996533, -1.2209406700151044 
20.609999999965307, -1.2216856702074526 
20.619999999965284, -1.2221041996843929 
20.62999999996526, -1.2221828098862546 
20.639999999965237, -1.2219328791433055 
20.649999999965214, -1.2213192197738643 
20.65999999996519, -1.220222552812126 
20.669999999965167, -1.218407196771144 
20.679999999965144, -1.215512975972646 
20.68999999996512, -1.2111813401325153 
20.699999999965097, -1.2055637292198678 
20.709999999965074, -1.2003367464420627 
20.71999999996505, -1.1991993364955107 
20.729999999965028, -1.205599019197807 
20.739999999965004, -1.2187279697328866 
20.74999999996498, -1.2336655085109267 
20.759999999964958, -1.245968265996868 
20.769999999964934, -1.2542454665860014 
20.77999999996491, -1.2591593616965437 
20.789999999964888, -1.2618400291651266 
20.799999999964864, -1.263175095292343 
20.80999999996484, -1.2637143997042837 
20.819999999964818, -1.2637614615950041 
20.829999999964794, -1.2634732781639364 
20.83999999996477, -1.2629387002186399 
20.849999999964748, -1.262255499516196 
20.859999999964725, -1.2616294124332121 
20.8699999999647, -1.261467303984698 
20.879999999964678, -1.262327248112962 
20.889999999964655, -1.2646058238020328 
20.89999999996463, -1.2681937529927836 
20.909999999964608, -1.2725156308841676 
20.919999999964585, -1.2768931460724873 
20.92999999996456, -1.280827989008134 
20.939999999964538, -1.2840591871954432 
20.949999999964515, -1.2865059655762772 
20.95999999996449, -1.2882003461549152 
20.969999999964468, -1.2892374728313085 
20.979999999964445, -1.2897391024923717 
20.98999999996442, -1.2898269415553316 
20.9999999999644, -1.2896086472849486 
21.009999999964375, -1.289178607680417 
21.01999999996435, -1.2886298670781935 
21.02999999996433, -1.2880659251206612 
21.039999999964305, -1.2875961172801116 
21.04999999996428, -1.2873085939891642 
21.05999999996426, -1.2872407676020141 
21.069999999964235, -1.2873726813256274 
21.079999999964212, -1.287641379855374 
21.08999999996419, -1.2879602974450037 
21.099999999964165, -1.2882379047753774 
21.109999999964142, -1.2883923360123901 
21.11999999996412, -1.288356788987914 
21.129999999964095, -1.2880772499301458 
21.139999999964072, -1.2875093493970877 
21.14999999996405, -1.2866184188769112 
21.159999999964025, -1.2853822159185246 
21.169999999964002, -1.2837948812087236 
21.17999999996398, -1.2818731307971274 
21.189999999963955, -1.2796678795263081 
21.199999999963932, -1.2772832981615576 
21.20999999996391, -1.2748976477567255 
21.219999999963886, -1.272761749042984 
21.229999999963862, -1.2711337330465806 
21.23999999996384, -1.2701482415791099 
21.249999999963816, -1.2697260505982244 
21.259999999963792, -1.2696337175643455 
21.26999999996377, -1.269626474050198 
21.279999999963746, -1.2695286293169048 
21.289999999963722, -1.2692201539138146 
21.2999999999637, -1.2685814720348434 
21.309999999963676, -1.2674314443152428 
21.319999999963652, -1.2654618179084758 
21.32999999996363, -1.262170255151345 
21.339999999963606, -1.2568293149791083 
21.349999999963583, -1.2486009481421774 
21.35999999996356, -1.2369687360971082 
21.369999999963536, -1.222529880431915 
21.379999999963513, -1.2076194527907964 
21.38999999996349, -1.1956212247866431 
21.399999999963466, -1.188764687694737 
21.409999999963443, -1.1866270017749776 
21.41999999996342, -1.1871292730114305 
21.429999999963396, -1.1884063867971442 
21.439999999963373, -1.1895286567301688 
21.44999999996335, -1.1902356264622758 
21.459999999963326, -1.1905348689078497 
21.469999999963303, -1.1904805056119698 
21.47999999996328, -1.190088861346968 
21.489999999963256, -1.1893071348137048 
21.499999999963233, -1.1879923221646245 
21.50999999996321, -1.1858979334948656 
21.519999999963186, -1.1827200618381593 
21.529999999963163, -1.1783515394570172 
21.53999999996314, -1.1735470058190307 
21.549999999963116, -1.1707574551946418 
21.559999999963093, -1.1736393898790491 
21.56999999996307, -1.1839730360060794 
21.579999999963047, -1.199060190966492 
21.589999999963023, -1.2138794337704482 
21.599999999963, -1.2251706976762982 
21.609999999962977, -1.2324697744091826 
21.619999999962953, -1.2367195317575281 
21.62999999996293, -1.2390090913173777 
21.639999999962907, -1.2401245174064113 
21.649999999962883, -1.2405382935178524 
21.65999999996286, -1.2405077775839635 
21.669999999962837, -1.2401655424746523 
21.679999999962813, -1.2395908019630628 
21.68999999996279, -1.238885083479978 
21.699999999962767, -1.2382730632569507 
21.709999999962744, -1.2381936413060948 
21.71999999996272, -1.239237052657603 
21.729999999962697, -1.2418143458503421 
21.739999999962674, -1.245803723954187 
21.74999999996265, -1.2505911043538631 
21.759999999962627, -1.2554437719436717 
21.769999999962604, -1.2598114710181685 
21.77999999996258, -1.2633987221110359 
21.789999999962557, -1.2661127532656955 
21.799999999962534, -1.2679929103516951 
21.80999999996251, -1.2691531153803375 
21.819999999962487, -1.2697364982326198 
21.829999999962464, -1.2698823869223632 
21.83999999996244, -1.2697099001006076 
21.849999999962417, -1.2693192976598164 
21.859999999962394, -1.2688061739653436 
21.86999999996237, -1.268276883429368 
21.879999999962347, -1.2678476789692688 
21.889999999962324, -1.2676172242932726 
21.8999999999623, -1.2676301730718835 
21.909999999962277, -1.2678650125154476 
21.919999999962254, -1.2682520051937303 
21.92999999996223, -1.2686995966736425 
21.939999999962208, -1.2691152359780855 
21.949999999962184, -1.2694188206775634 
21.95999999996216, -1.269547972650682 
21.969999999962138, -1.2694566663087326 
21.979999999962114, -1.2691119829307635 
21.98999999996209, -1.2684923524197942 
21.999999999962068, -1.2675875163970771 
22.009999999962044, -1.2663997094564325 
22.01999999996202, -1.2649468188064492 
22.029999999961998, -1.2632690402026834 
22.039999999961974, -1.261439450814209 
22.04999999996195, -1.259575674787694 
22.059999999961928, -1.2578428047546026 
22.069999999961905, -1.2564270761412202 
22.07999999996188, -1.255464963471719 
22.089999999961858, -1.2549629633333903 
22.099999999961835, -1.2547888694426543 
22.10999999996181, -1.254750757064397 
22.119999999961788, -1.2546794917221353 
22.129999999961765, -1.2544494144462524 
22.13999999996174, -1.2539491041459705 
22.149999999961718, -1.2530359968539098 
22.159999999961695, -1.2514914684495249 
22.16999999996167, -1.2489850740429642 
22.179999999961648, -1.2450696215987302 
22.189999999961625, -1.2392518087044375 
22.1999999999616, -1.23119108187737 
22.20999999996158, -1.2210349750487854 
22.219999999961555, -1.2097640847152564 
22.22999999996153, -1.1992000467815296 
22.23999999996151, -1.1912872052694943 
22.249999999961485, -1.1869226118490288 
22.25999999996146, -1.1854976410807467 
22.26999999996144, -1.185663467493734 
22.279999999961415, -1.1863088938940907 
22.289999999961392, -1.1868721465144647 
22.29999999996137, -1.1871694137736681 
22.309999999961345, -1.187168523270487 
22.319999999961322, -1.1868557753492417 
22.3299999999613, -1.1861708653732472 
22.339999999961275, -1.184962291299144 
22.349999999961252, -1.1829362334932791 
22.35999999996123, -1.1796035562295886 
22.369999999961205, -1.1743000268255055 
22.379999999961182, -1.1664979608798134 
22.38999999996116, -1.156694595542636 
22.399999999961135, -1.1475107417265742 
22.409999999961112, -1.143106861032344 
22.41999999996109, -1.1458052007627761 
22.429999999961066, -1.153643591874302 
22.439999999961042, -1.1625269781917003 
22.44999999996102, -1.1696847129944887 
22.459999999960996, -1.17446389676909 
22.469999999960972, -1.1773081167742492 
22.47999999996095, -1.1788502096309141 
22.489999999960926, -1.179571239857383 
22.499999999960902, -1.1797645447995384 
22.50999999996088, -1.1795825462724452 
22.519999999960856, -1.179085109401632 
22.529999999960832, -1.178280911070615 
22.53999999996081, -1.177185987795514 
22.549999999960786, -1.175947066005809 
22.559999999960763, -1.1750690311483696 
22.56999999996074, -1.1756395866156972 
22.579999999960716, -1.1791335673442493 
22.589999999960693, -1.1864580457387843 
22.59999999996067, -1.1969508808538565 
22.609999999960646, -1.208594892031466 
22.619999999960623, -1.2192712845364517 
22.6299999999606, -1.227730304764568 
22.639999999960576, -1.233708469811456 
22.649999999960553, -1.237554832883915 
22.65999999996053, -1.239822423701566 
22.669999999960506, -1.241019661429209 
22.679999999960483, -1.2415214796632488 
22.68999999996046, -1.2415731174278215 
22.699999999960436, -1.2413293250151605 
22.709999999960413, -1.240902222316513 
22.71999999996039, -1.2404105562220011 
22.729999999960366, -1.2400198424302968 
22.739999999960343, -1.2399411021201039 
22.74999999996032, -1.2403570320993196 
22.759999999960296, -1.2413168337733431 
22.769999999960273, -1.24270529846113 
22.77999999996025, -1.2443158148136875 
22.789999999960227, -1.2459449887203788 
22.799999999960203, -1.2474408171950446 
22.80999999996018, -1.24870685553948 
22.819999999960157, -1.249689226967614 
22.829999999960133, -1.2503631997502422 
22.83999999996011, -1.2507245640004974 
22.849999999960087, -1.2507852792105052 
22.859999999960063, -1.2505709512052101 
22.86999999996004, -1.2501187557094708 
22.879999999960017, -1.249476751852848 
22.889999999959993, -1.2487057753535402 
22.89999999995997, -1.2478816168039806 
22.909999999959947, -1.2470914609225927 
22.919999999959924, -1.246421057632252 
22.9299999999599, -1.2459366418651217 
22.939999999959877, -1.2456674698980656 
22.949999999959854, -1.2455929909078927 
22.95999999995983, -1.245643811593605 
22.969999999959807, -1.2457224805460125 
22.979999999959784, -1.245730233800548 
22.98999999995976, -1.2455798765049662 
22.999999999959737, -1.2451923865288541 
23.009999999959714, -1.24448896567523 
23.01999999995969, -1.2433894182015524 
23.029999999959667, -1.2418202451239684 
23.039999999959644, -1.2397292021019757 
23.04999999995962, -1.2371012153187775 
23.059999999959597, -1.2339749791469263 
23.069999999959574, -1.2304652600969503 
23.07999999995955, -1.226792281715826 
23.089999999959527, -1.2232972230635246 
23.099999999959504, -1.2203896435812385 
23.10999999995948, -1.2183868178179882 
23.119999999959457, -1.2173315851787003 
23.129999999959434, -1.2169774961895246 
23.13999999995941, -1.2169683762007155 
23.149999999959388, -1.217017092915446 
23.159999999959364, -1.216951304087938 
23.16999999995934, -1.2166662188519344 
23.179999999959318, -1.2160577718128773 
23.189999999959294, -1.21496068048353 
23.19999999995927, -1.2130841432404114 
23.209999999959248, -1.2099401014015352 
23.219999999959224, -1.2047935224504023 
23.2299999999592, -1.1967396661370484 
23.239999999959178, -1.1850956597642228 
23.249999999959154, -1.1701960399969928 
23.25999999995913, -1.1541304186585486 
23.269999999959108, -1.140302410327793 
23.279999999959085, -1.1314151074112881 
23.28999999995906, -1.1277089968878107 
23.299999999959038, -1.1274130886115228 
23.309999999959015, -1.1285017230989345 
23.31999999995899, -1.1297379929047102 
23.329999999958968, -1.1306503607782032 
23.339999999958945, -1.1311593748950253 
23.34999999995892, -1.131305904225721 
23.359999999958898, -1.1311276264923245 
23.369999999958875, -1.1306121852410005 
23.37999999995885, -1.1296716494717043 
23.389999999958828, -1.1281128719997164 
23.399999999958805, -1.1256025897256001 
23.40999999995878, -1.1216657187018524 
23.41999999995876, -1.115838921980027 
23.429999999958735, -1.108188359958975 
23.43999999995871, -1.100181884654559 
23.44999999995869, -1.0949707379023246 
23.459999999958665, -1.095599466128465 
23.46999999995864, -1.1021455475279622 
23.47999999995862, -1.1115154931316067 
23.489999999958595, -1.1202777501464183 
23.499999999958572, -1.126776148663175 
23.50999999995855, -1.130962437891373 
23.519999999958525, -1.1334180581628621 
23.529999999958502, -1.1347352497288714 
23.53999999995848, -1.1353305211617601 
23.549999999958455, -1.1354499587927265 
23.559999999958432, -1.1352161388221236 
23.56999999995841, -1.1346681090428037 
23.579999999958385, -1.133793364880505 
23.589999999958362, -1.1325745129768712 
23.59999999995834, -1.1310974994134173 
23.609999999958315, -1.1297796756352418 
23.619999999958292, -1.1296799090423282 
23.62999999995827, -1.1325311650689147 
23.639999999958246, -1.139915476514197 
23.649999999958222, -1.1518131693031697 
23.6599999999582, -1.1660937373862879 
23.669999999958176, -1.1797991240227705 
23.679999999958152, -1.1908518003628679 
23.68999999995813, -1.1986521999402322 
23.699999999958106, -1.2036256172690483 
23.709999999958082, -1.2065454187458193 
23.71999999995806, -1.2081160180579662 
23.729999999958036, -1.2088394366326 
23.739999999958012, -1.2090299574639842 
23.74999999995799, -1.2088720216000326 
23.759999999957966, -1.208479619879533 
23.769999999957943, -1.2079534057262202 
23.77999999995792, -1.2074407223656374 
23.789999999957896, -1.2071830254862346 
23.799999999957873, -1.2074946732160654 
23.80999999995785, -1.2086278330424176 
23.819999999957826, -1.210606679344595 
23.829999999957803, -1.2132007738055202 
23.83999999995778, -1.2160594557669804 
23.849999999957756, -1.2188616081806578 
23.859999999957733, -1.221381708455565 
23.86999999995771, -1.2234878104673454 
23.879999999957686, -1.2251186816961832 
23.889999999957663, -1.2262647247328384 
23.89999999995764, -1.2269550605612827 
23.909999999957616, -1.227245570017851 
23.919999999957593, -1.2272059105512516 
23.92999999995757, -1.2269092608761085 
23.939999999957546, -1.2264296846300542 
23.949999999957523, -1.225847331622027 
23.9599999999575, -1.2252542605599608 
23.969999999957476, -1.2247490182045682 
23.979999999957453, -1.2244149951285488 
23.98999999995743, -1.224295223872764 
23.999999999957407, -1.22438221729722 
24.009999999957383, -1.2246254745439913 
24.01999999995736, -1.2249473737613563 
24.029999999957337, -1.2252613344580483 
24.039999999957313, -1.2254875062814568 
24.04999999995729, -1.2255606758108093 
24.059999999957267, -1.2254305645746044 
24.069999999957243, -1.2250596920682995 
24.07999999995722, -1.2244226297839826 
24.089999999957197, -1.223506713024102 
24.099999999957173, -1.222313068278788 
24.10999999995715, -1.2208583390272119 
24.119999999957127, -1.2191788767007388 
24.129999999957104, -1.2173384276750883 
24.13999999995708, -1.2154375695596165 
24.149999999957057, -1.21361836089481 
24.159999999957034, -1.2120505026123216 
24.16999999995701, -1.2108837346142605 
24.179999999956987, -1.2101769921970498 
24.189999999956964, -1.2098598808259768 
24.19999999995694, -1.209771236044643 
24.209999999956917, -1.2097378644363823 
24.219999999956894, -1.2096219487256903 
24.22999999995687, -1.2093167324391363 
24.239999999956847, -1.2087147712557287 
24.249999999956824, -1.2076724942474308 
24.2599999999568, -1.2059828027363237 
24.269999999956777, -1.2033672522639856 
24.279999999956754, -1.1995071083821318 
24.28999999995673, -1.1941325275339776 
24.299999999956707, -1.1871691729633391 
24.309999999956684, -1.1789071928476225 
24.31999999995666, -1.1701162905046882 
24.329999999956637, -1.1619744236873863 
24.339999999956614, -1.1556755269359757 
24.34999999995659, -1.151832500011886 
24.359999999956568, -1.150177396832376 
24.369999999956544, -1.1498874863943178 
24.37999999995652, -1.1501580030211014 
24.389999999956498, -1.150493525347887 
24.399999999956474, -1.1506748402714806 
24.40999999995645, -1.150622486303269 
24.419999999956428, -1.1502891746611332 
24.429999999956404, -1.1495934264538452 
24.43999999995638, -1.1483673393050433 
24.449999999956358, -1.1462936960328658 
24.459999999956334, -1.1428244299829073 
24.46999999995631, -1.1371167370142725 
24.479999999956288, -1.1281286040653316 
24.489999999956265, -1.115148021409416 
24.49999999995624, -1.0988681240103562 
24.509999999956218, -1.0821911104837518 
24.519999999956195, -1.0691482159972079 
24.52999999995617, -1.062140885756334 
24.539999999956148, -1.0605038989635847 
24.549999999956125, -1.0618369994497985 
24.5599999999561, -1.064006964239729 
24.569999999956078, -1.0659145792506954 
24.579999999956055, -1.0672427145619654 
24.58999999995603, -1.0680205694353369 
24.599999999956008, -1.0683592620495845 
24.609999999955985, -1.0683461168612216 
24.61999999995596, -1.0680130151257292 
24.62999999995594, -1.0673244419138663 
24.639999999955915, -1.0661610941252042 
24.64999999995589, -1.0642917481431717 
24.65999999995587, -1.0613429870755948 
24.669999999955845, -1.056813954837628 
24.67999999995582, -1.0502545168989212 
24.6899999999558, -1.0417623309312578 
24.699999999955775, -1.0326918744382725 
24.709999999955752, -1.0257475856259475 
24.71999999995573, -1.0235080263088223 
24.729999999955705, -1.0263381115962043 
24.739999999955682, -1.032179933327774 
24.74999999995566, -1.0384209454407993 
24.759999999955635, -1.0434921170725924 
24.769999999955612, -1.0470127321795097 
24.77999999995559, -1.0492164515079412 
24.789999999955565, -1.050474012317691 
24.799999999955542, -1.0510896870479192 
24.80999999995552, -1.0512596257845441 
24.819999999955495, -1.0510843692044343 
24.829999999955472, -1.0505860887188825 
24.83999999995545, -1.0497160529517395 
24.849999999955426, -1.0483535869385094 
24.859999999955402, -1.0463115548626667 
24.86999999995538, -1.0433904812056762 
24.879999999955356, -1.0395666826343162 
24.889999999955332, -1.0353990651448641 
24.89999999995531, -1.0325034132601456 
24.909999999955286, -1.0333878409474768 
24.919999999955262, -1.0399083739092108 
24.92999999995524, -1.0513223907314528 
24.939999999955216, -1.0644294773584222 
24.949999999955192, -1.075961838661667 
24.95999999995517, -1.0844095710872763 
24.969999999955146, -1.0898822681896212 
24.979999999955123, -1.0931457456585998 
24.9899999999551, -1.0949608134921092 
24.999999999955076, -1.0958700311774585 
