t, s[1].omega / s[0].omega 
0, -1.3799977331875413 
0.009999999999999995, -1.3795594373842275 
0.019999999999999934, -1.3787406555274022 
0.029999999999999874, -1.377926003589889 
0.04000000000000012, -1.3777044594020014 
0.050000000000000405, -1.3772100928165663 
0.06000000000000069, -1.3736796343910487 
0.07000000000000098, -1.35239143689805 
0.08000000000000126, -1.3321030477592422 
0.09000000000000155, -1.3342100650553814 
0.10000000000000184, -1.3343384564447456 
0.11000000000000212, -1.333601863275203 
0.12000000000000241, -1.3360207316395656 
0.130000000000002, -1.3459652022255852 
0.1400000000000009, -1.350351486927058 
0.1499999999999998, -1.3511051741694948 
0.1599999999999987, -1.350906677490821 
0.1699999999999976, -1.3507589064878693 
0.1799999999999965, -1.3509022260782497 
0.1899999999999954, -1.350935243987742 
0.1999999999999943, -1.350593864102558 
0.2099999999999932, -1.349767109737353 
0.2199999999999921, -1.3484703821688258 
0.229999999999991, -1.3475722952862512 
0.2399999999999899, -1.347419211256138 
0.2499999999999888, -1.3466650123827846 
0.2599999999999877, -1.3402085959769288 
0.2699999999999866, -1.3031685692716901 
0.2799999999999855, -1.2898556430785262 
0.2899999999999844, -1.2924609608697288 
0.2999999999999833, -1.2924975492192043 
0.3099999999999822, -1.2917539912858285 
0.3199999999999811, -1.2948238850109028 
0.32999999999998, -1.3051281270546766 
0.3399999999999789, -1.3097829417166729 
0.3499999999999778, -1.3106123398271932 
0.35999999999997667, -1.3104360881072388 
0.36999999999997557, -1.3103156266602016 
0.37999999999997447, -1.3105862489461146 
0.38999999999997337, -1.3107684821253944 
0.39999999999997227, -1.3106213819932826 
0.40999999999997117, -1.310099618124511 
0.41999999999997006, -1.3092626073477474 
0.42999999999996896, -1.3085340354335 
0.43999999999996786, -1.3083422397599382 
0.44999999999996676, -1.3078839438794072 
0.45999999999996566, -1.305285395543797 
0.46999999999996456, -1.294592901645393 
0.47999999999996346, -1.2804523461327295 
0.48999999999996235, -1.280118176466772 
0.49999999999996125, -1.280287504998699 
0.5099999999999602, -1.2794789248064586 
0.519999999999959, -1.2772575970805427 
0.529999999999958, -1.3043171828349107 
0.5399999999999568, -1.3245600204797645 
0.5499999999999557, -1.3272289039116947 
0.5599999999999546, -1.3272244578022545 
0.5699999999999535, -1.3270236906605437 
0.5799999999999524, -1.327681448941265 
0.5899999999999513, -1.328401882718708 
0.5999999999999502, -1.3286593612373174 
0.6099999999999491, -1.3284699843190386 
0.619999999999948, -1.3279625663582053 
0.6299999999999469, -1.327439542615245 
0.6399999999999458, -1.3272294349716747 
0.6499999999999447, -1.3269293077565743 
0.6599999999999436, -1.3255296465422268 
0.6699999999999425, -1.3209211714203153 
0.6799999999999414, -1.31312908921748 
0.6899999999999403, -1.311465624057198 
0.6999999999999392, -1.3115979650267413 
0.7099999999999381, -1.3108406830264843 
0.719999999999937, -1.3060357800124547 
0.7299999999999359, -1.331000743694323 
0.7399999999999348, -1.3609581372610968 
0.7499999999999337, -1.3642487241544163 
0.7599999999999326, -1.3642551066333486 
0.7699999999999315, -1.3640452470122408 
0.7799999999999304, -1.3647701707454005 
0.7899999999999293, -1.3654963849120203 
0.7999999999999282, -1.3657087034330515 
0.8099999999999271, -1.365458559291136 
0.819999999999926, -1.3648878460759901 
0.8299999999999249, -1.364326039703116 
0.8399999999999238, -1.3641229764966047 
0.8499999999999227, -1.3636979130925933 
0.8599999999999216, -1.3614628745389283 
0.8699999999999205, -1.3527399571726941 
0.8799999999999194, -1.3412322390070042 
0.8899999999999183, -1.341229439436674 
0.8999999999999172, -1.3412777746337925 
0.9099999999999161, -1.3402581333868004 
0.919999999999915, -1.3416124454992024 
0.9299999999999139, -1.3640119990221498 
0.9399999999999128, -1.3728249752642405 
0.9499999999999117, -1.373898768803582 
0.9599999999999106, -1.3737059551047341 
0.9699999999999095, -1.3736360521846194 
0.9799999999999084, -1.3739788415985699 
0.9899999999999073, -1.3741354171635394 
0.9999999999999062, -1.3739030539520924 
1.0099999999999052, -1.373241177230942 
1.019999999999904, -1.372218944163666 
1.029999999999903, -1.3715439913780452 
1.039999999999902, -1.3713683378381132 
1.0499999999999008, -1.3704262282909694 
1.0599999999998997, -1.3628437927385506 
1.0699999999998986, -1.3288545346283003 
1.0799999999998975, -1.3212630131151968 
1.0899999999998964, -1.3229414050766939 
1.0999999999998953, -1.3227848417342483 
1.1099999999998942, -1.322021723851965 
1.119999999999893, -1.3273340561015805 
1.129999999999892, -1.3357462488916394 
1.1399999999998909, -1.3386282178840576 
1.1499999999998898, -1.3389631136678621 
1.1599999999998887, -1.3387054598234347 
1.1699999999998876, -1.3386646122281305 
1.1799999999998865, -1.3388320481200546 
1.1899999999998854, -1.3388083434902358 
1.1999999999998843, -1.3383883443654507 
1.2099999999998832, -1.337504855689469 
1.219999999999882, -1.33627726282438 
1.229999999999881, -1.3356591674226652 
1.2399999999998799, -1.3354838101178532 
1.2499999999998788, -1.334367676181427 
1.2599999999998777, -1.3255662625339728 
1.2699999999998766, -1.2912833319639416 
1.2799999999998755, -1.2842531009330567 
1.2899999999998744, -1.2857435261643555 
1.2999999999998733, -1.2855857038661602 
1.3099999999998722, -1.2846080219611864 
1.319999999999871, -1.2905869748610324 
1.32999999999987, -1.3041886364786666 
1.3399999999998689, -1.308900595077186 
1.3499999999998678, -1.3095081816329945 
1.3599999999998666, -1.3092836752251265 
1.3699999999998655, -1.3092915560937073 
1.3799999999998644, -1.309707568011667 
1.3899999999998633, -1.3099426230064244 
1.3999999999998622, -1.309820160158822 
1.4099999999998611, -1.3093350159102297 
1.41999999999986, -1.3086034739004062 
1.429999999999859, -1.3080588335059464 
1.4399999999998578, -1.3078940040366598 
1.4499999999998567, -1.3073097605429245 
1.4599999999998556, -1.3044550312959662 
1.4699999999998545, -1.2953927326717605 
1.4799999999998534, -1.2862956118894593 
1.4899999999998523, -1.286309777461099 
1.4999999999998512, -1.2862823811253041 
1.5099999999998501, -1.2850390241067262 
1.519999999999849, -1.2821078939931754 
1.529999999999848, -1.3195198544200601 
1.5399999999998468, -1.3375689267437836 
1.5499999999998457, -1.3393028091288888 
1.5599999999998446, -1.3391564705036907 
1.5699999999998435, -1.3390907002067023 
1.5799999999998424, -1.3399919716360789 
1.5899999999998413, -1.3407123202051336 
1.5999999999998402, -1.3409054380329415 
1.6099999999998391, -1.3406427003623296 
1.619999999999838, -1.3401127696216637 
1.629999999999837, -1.3396623860396901 
1.6399999999998358, -1.33949790075932 
1.6499999999998347, -1.3390370218304504 
1.6599999999998336, -1.3370065115582974 
1.6699999999998325, -1.3309728978186506 
1.6799999999998314, -1.3238110430851073 
1.6899999999998303, -1.3235319372414747 
1.6999999999998292, -1.32347533954247 
1.709999999999828, -1.3221270100165576 
1.719999999999827, -1.3193926448330533 
1.729999999999826, -1.3574132261583292 
1.7399999999998248, -1.3722496618952422 
1.7499999999998237, -1.373544278527274 
1.7599999999998226, -1.3733409969451829 
1.7699999999998215, -1.3733588671919408 
1.7799999999998204, -1.3740545618855147 
1.7899999999998193, -1.3744653833536935 
1.7999999999998182, -1.3744188397288424 
1.809999999999817, -1.3739600654392483 
1.819999999999816, -1.3732410232706211 
1.8299999999998149, -1.3727383756249376 
1.8399999999998138, -1.372552611235406 
1.8499999999998127, -1.3716858846245206 
1.8599999999998116, -1.366582801031261 
1.8699999999998105, -1.3486915845488947 
1.8799999999998094, -1.3410520246481752 
1.8899999999998083, -1.341973086109482 
1.8999999999998072, -1.3417238145798014 
1.909999999999806, -1.3405330614218693 
1.919999999999805, -1.3488968926961178 
1.9299999999998039, -1.3618472378002904 
1.9399999999998028, -1.3652300888245128 
1.9499999999998017, -1.3654947735903538 
1.9599999999998006, -1.3652300337417735 
1.9699999999997995, -1.3652915085399189 
1.9799999999997984, -1.3655072481013057 
1.9899999999997973, -1.365460092113953 
1.9999999999997962, -1.3649931874081067 
2.0099999999998173, -1.3640543606401028 
2.0199999999998384, -1.362863835253285 
2.0299999999998595, -1.362441489764897 
2.0399999999998806, -1.362180516247987 
2.0499999999999017, -1.3602681935701464 
2.059999999999923, -1.343805510225964 
2.069999999999944, -1.3060885381388514 
2.079999999999965, -1.3084209670605023 
2.089999999999986, -1.3092805677818278 
2.100000000000007, -1.3088990838011267 
2.1100000000000283, -1.3086748190866797 
2.1200000000000494, -1.3162959809199126 
2.1300000000000705, -1.322981291522837 
2.1400000000000916, -1.3248677336466677 
2.1500000000001127, -1.3249448237885362 
2.160000000000134, -1.3246871205830149 
2.170000000000155, -1.324758663302579 
2.180000000000176, -1.3249400143666583 
2.190000000000197, -1.3248684604342673 
2.2000000000002182, -1.3244014303670466 
2.2100000000002393, -1.3235157290262989 
2.2200000000002604, -1.3224437581458548 
2.2300000000002815, -1.3220371635768866 
2.2400000000003026, -1.3218001717753907 
2.2500000000003237, -1.3202748509006796 
2.260000000000345, -1.310375454917687 
2.270000000000366, -1.2840012085483317 
2.280000000000387, -1.2802402013452265 
2.290000000000408, -1.2810639100842427 
2.3000000000004293, -1.280737141375996 
2.3100000000004504, -1.2793624171403062 
2.3200000000004715, -1.2900516737309833 
2.3300000000004926, -1.308429058353101 
2.3400000000005137, -1.3130874658437202 
2.3500000000005348, -1.3134939625353845 
2.360000000000556, -1.313239751107751 
2.370000000000577, -1.3134268503263127 
2.380000000000598, -1.3140066603356655 
2.390000000000619, -1.314300720437205 
2.4000000000006403, -1.3141989357480282 
2.4100000000006614, -1.3137358764324474 
2.4200000000006825, -1.3130944465236765 
2.4300000000007036, -1.312694255306061 
2.4400000000007247, -1.312525748342067 
2.450000000000746, -1.3117793734511638 
2.460000000000767, -1.308652935359147 
2.470000000000788, -1.3006405388212776 
2.480000000000809, -1.2947953895492457 
2.49000000000083, -1.294991327675923 
2.5000000000008513, -1.294782905785989 
2.5100000000008724, -1.2927751530549019 
2.5200000000008935, -1.291173780356376 
2.5300000000009146, -1.3356445725262749 
2.5400000000009357, -1.3481917107586239 
2.550000000000957, -1.349115322491136 
2.560000000000978, -1.3488624565654574 
2.570000000000999, -1.349048056867517 
2.58000000000102, -1.3500805028402758 
2.5900000000010412, -1.350707073465286 
2.6000000000010624, -1.3507877445070615 
2.6100000000010835, -1.3504343393056844 
2.6200000000011046, -1.3498865895884724 
2.6300000000011257, -1.3495197478032581 
2.6400000000011468, -1.3493502405950542 
2.650000000001168, -1.3486207950641957 
2.660000000001189, -1.3455840952027873 
2.67000000000121, -1.3376402219912986 
2.680000000001231, -1.3323187373750554 
2.6900000000012523, -1.332611710868364 
2.7000000000012734, -1.3323220700754688 
2.7100000000012945, -1.3300917729789072 
2.7200000000013156, -1.338191954732196 
2.7300000000013367, -1.3713620323353293 
2.740000000001358, -1.3779475294070265 
2.750000000001379, -1.3783708270534962 
2.7600000000014, -1.3780985911186774 
2.770000000001421, -1.3783509657455786 
2.780000000001442, -1.3788862357805294 
2.7900000000014633, -1.3790551193183298 
2.8000000000014844, -1.3787969557102153 
2.8100000000015055, -1.3781480514664326 
2.8200000000015266, -1.3773271712735566 
2.8300000000015477, -1.3769746000658492 
2.840000000001569, -1.3766924450866935 
2.85000000000159, -1.3749150673275372 
2.860000000001611, -1.3636186668641623 
2.870000000001632, -1.338873772604668 
2.8800000000016532, -1.3384722216376435 
2.8900000000016743, -1.3389903890810906 
2.9000000000016954, -1.3384678267749917 
2.9100000000017165, -1.338462414316623 
2.9200000000017377, -1.349164076384688 
2.9300000000017588, -1.3563055314183496 
2.94000000000178, -1.357840366516191 
2.950000000001801, -1.3577847190514019 
2.960000000001822, -1.3575557575819959 
2.970000000001843, -1.3576778746194327 
2.9800000000018643, -1.357792814485023 
2.9900000000018854, -1.3575833524252054 
3.0000000000019065, -1.3569141490953485 
3.0100000000019276, -1.3557459147848663 
3.0200000000019487, -1.3546178026770843 
3.03000000000197, -1.3543964861498137 
3.040000000001991, -1.3539380692629852 
3.050000000002012, -1.3502316516416433 
3.060000000002033, -1.3219042776248007 
3.070000000002054, -1.2955460244860841 
3.0800000000020753, -1.2992366365968782 
3.0900000000020964, -1.2995712930274985 
3.1000000000021175, -1.2989934612955043 
3.1100000000021386, -1.3000669571052494 
3.1200000000021597, -1.309258409483399 
3.130000000002181, -1.314741000378107 
3.140000000002202, -1.3159907359463932 
3.150000000002223, -1.3159087729761418 
3.160000000002244, -1.3157009155691297 
3.1700000000022652, -1.3158785489329095 
3.1800000000022863, -1.3160622925935048 
3.1900000000023074, -1.3159468444578517 
3.2000000000023285, -1.3154447592191625 
3.2100000000023496, -1.314572907158185 
3.2200000000023707, -1.3136728646593203 
3.230000000002392, -1.3134070068858266 
3.240000000002413, -1.3130731707276704 
3.250000000002434, -1.3110227479628176 
3.260000000002455, -1.3003997676894115 
3.2700000000024763, -1.2807854379754604 
3.2800000000024974, -1.2793203149094827 
3.2900000000025185, -1.2797449523631315 
3.3000000000025396, -1.2792108159646682 
3.3100000000025607, -1.2773708746807744 
3.3200000000025818, -1.295394489682525 
3.330000000002603, -1.316159840696568 
3.340000000002624, -1.3199053277272101 
3.350000000002645, -1.320082292590952 
3.360000000002666, -1.3198276227245815 
3.3700000000026873, -1.3202455788214003 
3.3800000000027084, -1.320925155497248 
3.3900000000027295, -1.3212183147519319 
3.4000000000027506, -1.321084092657638 
3.4100000000027717, -1.3206014168953533 
3.420000000002793, -1.3200186441494468 
3.430000000002814, -1.319729535663042 
3.440000000002835, -1.3195165162214606 
3.450000000002856, -1.3184945277227846 
3.460000000002877, -1.3147257662970513 
3.4700000000028983, -1.3067635424084962 
3.4800000000029194, -1.3032766761299976 
3.4900000000029405, -1.3035160737911962 
3.5000000000029616, -1.3030792254093428 
3.5100000000029827, -1.2997439945950633 
3.520000000003004, -1.3082304564027645 
3.530000000003025, -1.3499554511913434 
3.540000000003046, -1.356641475934973 
3.550000000003067, -1.3569785781046924 
3.5600000000030882, -1.3566883997633241 
3.5700000000031094, -1.3571963780793903 
3.5800000000031305, -1.358132268370567 
3.5900000000031516, -1.3585553704629982 
3.6000000000031727, -1.3584696521685242 
3.6100000000031938, -1.3580046466131264 
3.620000000003215, -1.3574367205870699 
3.630000000003236, -1.3571593508979394 
3.640000000003257, -1.3569101018021974 
3.650000000003278, -1.3556586639581354 
3.6600000000032993, -1.350613005978345 
3.6700000000033204, -1.340087889016372 
3.6800000000033415, -1.337616881418642 
3.6900000000033626, -1.3379011138803012 
3.7000000000033837, -1.3372949222925719 
3.710000000003405, -1.3349250847403202 
3.720000000003426, -1.3559475254757156 
3.730000000003447, -1.3746082913065447 
3.740000000003468, -1.3772972485518997 
3.750000000003489, -1.3772996140657539 
3.7600000000035103, -1.3770890497586827 
3.7700000000035314, -1.3774572533363976 
3.7800000000035525, -1.3777949832839713 
3.7900000000035736, -1.3777537108591797 
3.8000000000035947, -1.3772945920739605 
3.810000000003616, -1.3764548180705767 
3.820000000003637, -1.375639522495101 
3.830000000003658, -1.3754251267106261 
3.840000000003679, -1.3749114562180171 
3.8500000000037002, -1.3712154476682825 
3.8600000000037213, -1.3491737980062741 
3.8700000000037424, -1.3294087539479014 
3.8800000000037635, -1.331528084925876 
3.8900000000037847, -1.3316408794565573 
3.9000000000038058, -1.3308935935619428 
3.910000000003827, -1.3334303556106175 
3.920000000003848, -1.3435271981240395 
3.930000000003869, -1.3479406505530351 
3.94000000000389, -1.3486913125304039 
3.9500000000039113, -1.3484922147577276 
3.9600000000039324, -1.3483504315338757 
3.9700000000039535, -1.3485050294498742 
3.9800000000039746, -1.3485469296342913 
3.9900000000039957, -1.3482178753344995 
4.000000000004016, -1.347415682895727 
4.010000000003993, -1.3461621615963468 
4.02000000000397, -1.3452846775793796 
4.030000000003946, -1.3451289207797033 
4.040000000003923, -1.3443867054864433 
4.0500000000039, -1.3382189144608425 
4.0600000000038765, -1.3034755146279033 
4.070000000003853, -1.289067899508704 
4.08000000000383, -1.2915270361022342 
4.090000000003807, -1.2915652826314654 
4.100000000003783, -1.2907933525683877 
4.11000000000376, -1.2938504204079513 
4.120000000003737, -1.3051002372880982 
4.130000000003713, -1.3101653716036608 
4.14000000000369, -1.3110502125545171 
4.150000000003667, -1.3108794527418046 
4.1600000000036434, -1.3107624743209956 
4.17000000000362, -1.311059980238446 
4.180000000003597, -1.3112680533000358 
4.1900000000035735, -1.311144668077289 
4.20000000000355, -1.3106496862279013 
4.210000000003527, -1.309846846144759 
4.220000000003504, -1.309140799439806 
4.23000000000348, -1.308947978087348 
4.240000000003457, -1.3084990470467002 
4.250000000003434, -1.3060123806007848 
4.26000000000341, -1.2960788282077644 
4.270000000003387, -1.2827171345849924 
4.280000000003364, -1.2822594187107283 
4.2900000000033405, -1.2824200780052253 
4.300000000003317, -1.2816015155707428 
4.310000000003294, -1.279104951184048 
4.320000000003271, -1.3068255465258942 
4.330000000003247, -1.3278371834096976 
4.340000000003224, -1.3305261951399188 
4.350000000003201, -1.3305176540717225 
4.360000000003177, -1.3303189641086055 
4.370000000003154, -1.3309932844413934 
4.380000000003131, -1.3317189325885748 
4.390000000003107, -1.3319735627681066 
4.400000000003084, -1.3317785568406872 
4.410000000003061, -1.3312666634950134 
4.4200000000030375, -1.330743876455135 
4.430000000003014, -1.3305366651540607 
4.440000000002991, -1.3302242796291834 
4.450000000002968, -1.3287608293207687 
4.460000000002944, -1.3239076177681013 
4.470000000002921, -1.315864411610879 
4.480000000002898, -1.314365222857434 
4.490000000002874, -1.3144897352520053 
4.500000000002851, -1.3136923021182954 
4.510000000002828, -1.309113091124895 
4.520000000002804, -1.3365024952381277 
4.530000000002781, -1.3634630619685495 
4.540000000002758, -1.366385460621262 
4.5500000000027345, -1.3663592771533823 
4.560000000002711, -1.366171178999424 
4.570000000002688, -1.366867215028123 
4.580000000002665, -1.3675129548764426 
4.590000000002641, -1.3676684006432007 
4.600000000002618, -1.3673771742663359 
4.610000000002595, -1.3667709622540285 
4.620000000002571, -1.3661927140247727 
4.630000000002548, -1.365994272661441 
4.640000000002525, -1.3655250159888286 
4.6500000000025015, -1.3629661971600047 
4.660000000002478, -1.3526662729771486 
4.670000000002455, -1.34054497090616 
4.6800000000024315, -1.3409045042358576 
4.690000000002408, -1.3409234142083941 
4.700000000002385, -1.339876071040521 
4.710000000002362, -1.34234690189739 
4.720000000002338, -1.3624006553052308 
4.730000000002315, -1.3697882565351063 
4.740000000002292, -1.3706966054114793 
4.750000000002268, -1.3704878619127276 
4.760000000002245, -1.3704300913586012 
4.770000000002222, -1.3707405694202286 
4.7800000000021985, -1.370860415484739 
4.790000000002175, -1.370591855480361 
4.800000000002152, -1.3698875772596073 
4.810000000002129, -1.3688210786854176 
4.820000000002105, -1.3681571950973699 
4.830000000002082, -1.3679811304057992 
4.840000000002059, -1.366979223418613 
4.850000000002035, -1.358772877104089 
4.860000000002012, -1.323308924412275 
4.870000000001989, -1.3168325839420778 
4.880000000001965, -1.3184689525964406 
4.890000000001942, -1.3182990941509456 
4.900000000001919, -1.3175450771612747 
4.9100000000018955, -1.3230186372666721 
4.920000000001872, -1.3314825562822339 
4.930000000001849, -1.3343702609761552 
4.940000000001826, -1.3347035162083474 
4.950000000001802, -1.3344470350178945 
4.960000000001779, -1.3344155866947625 
4.970000000001756, -1.334598081685813 
4.980000000001732, -1.3345888875149603 
4.990000000001709, -1.3341913604611293 
5.000000000001686, -1.3333483908105512 
5.0100000000016625, -1.3321790119243146 
5.020000000001639, -1.331569572026289 
5.030000000001616, -1.331395002234529 
5.0400000000015925, -1.3303307342314066 
5.050000000001569, -1.3223990312691052 
5.060000000001546, -1.291747788223813 
5.070000000001523, -1.2834538345834918 
5.080000000001499, -1.2848560768471438 
5.090000000001476, -1.2847064640719172 
5.100000000001453, -1.283644323660514 
5.110000000001429, -1.2896008599764772 
5.120000000001406, -1.3052849547259795 
5.130000000001383, -1.3106479855607769 
5.1400000000013595, -1.3113245453065336 
5.150000000001336, -1.3111045599223827 
5.160000000001313, -1.311117364852082 
5.17000000000129, -1.3115818004248754 
5.180000000001266, -1.311859625831452 
5.190000000001243, -1.3117711703766815 
5.20000000000122, -1.3113172005687417 
5.210000000001196, -1.3106201150685266 
5.220000000001173, -1.310092030255192 
5.23000000000115, -1.3099274067275413 
5.240000000001126, -1.3093617159316941 
5.250000000001103, -1.306667383044963 
5.26000000000108, -1.2983041375856386 
5.2700000000010565, -1.2896699189608702 
5.280000000001033, -1.289607781850839 
5.29000000000101, -1.289575267691613 
5.300000000000987, -1.2883131333827835 
5.310000000000963, -1.2849076170982834 
5.32000000000094, -1.3228967612144602 
5.330000000000917, -1.3412882569265496 
5.340000000000893, -1.3430087193088627 
5.35000000000087, -1.3428570571530392 
5.360000000000847, -1.34279932930969 
5.3700000000008234, -1.3437117432336165 
5.3800000000008, -1.3444262327676435 
5.390000000000777, -1.3446093798882084 
5.4000000000007535, -1.3443369300873034 
5.41000000000073, -1.3438001239631936 
5.420000000000707, -1.3433498722632866 
5.430000000000684, -1.3431851473155967 
5.44000000000066, -1.3427000566788798 
5.450000000000637, -1.3405415543959445 
5.460000000000614, -1.3340670637855299 
5.47000000000059, -1.3267608885039712 
5.480000000000567, -1.3266177227361031 
5.490000000000544, -1.3265420251342184 
5.5000000000005205, -1.3251312677507865 
5.510000000000497, -1.3239288139751233 
5.520000000000474, -1.3608478495958927 
5.5300000000004506, -1.3736740781823014 
5.540000000000427, -1.3747970137685401 
5.550000000000404, -1.3745790578723138 
5.560000000000381, -1.3746201687019781 
5.570000000000357, -1.3752564973829218 
5.580000000000334, -1.3756019168147817 
5.590000000000311, -1.3755059832880376 
5.600000000000287, -1.3750032899171138 
5.610000000000264, -1.3742411006691089 
5.620000000000241, -1.37374057937744 
5.6300000000002175, -1.3735490156663974 
5.640000000000194, -1.3725825275213324 
5.650000000000171, -1.366607303210242 
5.660000000000148, -1.3459496880074 
5.670000000000124, -1.3392448569555075 
5.680000000000101, -1.340199536350288 
5.690000000000078, -1.3399211007237812 
5.700000000000054, -1.338855879472884 
5.710000000000031, -1.3474015349990367 
5.720000000000008, -1.3587140813042482 
5.729999999999984, -1.3616698394821998 
5.739999999999961, -1.3618787556554475 
5.749999999999938, -1.3616136138788002 
5.7599999999999145, -1.361674661495543 
5.769999999999891, -1.361868476300913 
5.779999999999868, -1.3617974938035784 
5.789999999999845, -1.3613021115433939 
5.799999999999821, -1.3603274426623506 
5.809999999999798, -1.3591175119895518 
5.819999999999775, -1.3587129927817252 
5.829999999999751, -1.3584430052331233 
5.839999999999728, -1.3564454227516767 
5.849999999999705, -1.3393225895225915 
5.8599999999996815, -1.3018849390442673 
5.869999999999658, -1.3043674673625079 
5.879999999999635, -1.3051965650338713 
5.8899999999996115, -1.3048069490752061 
5.899999999999588, -1.304582778295023 
5.909999999999565, -1.3124754320481822 
5.919999999999542, -1.3194177269113385 
5.929999999999518, -1.3213608817176732 
5.939999999999495, -1.3214449112571836 
5.949999999999472, -1.3211893906909444 
5.959999999999448, -1.321275974174919 
5.969999999999425, -1.321479143139538 
5.979999999999402, -1.3214296824822116 
5.9899999999993785, -1.3209940300033447 
5.999999999999355, -1.320157282742154 
6.009999999999332, -1.3191397627800217 
6.019999999999309, -1.3187329539141404 
6.029999999999285, -1.318502666796405 
6.039999999999262, -1.3170740628977529 
6.049999999999239, -1.3083625931358063 
6.059999999999215, -1.2850182192935755 
6.069999999999192, -1.2805133664611268 
6.079999999999169, -1.2812929799237156 
6.089999999999145, -1.280973798321094 
6.099999999999122, -1.279429222778824 
6.109999999999099, -1.290165658279014 
6.1199999999990755, -1.3113677368009442 
6.129999999999052, -1.3165900174484282 
6.139999999999029, -1.3170386951318183 
6.149999999999006, -1.3167832027104474 
6.159999999998982, -1.3169819594148633 
6.169999999998959, -1.3176140852992342 
6.179999999998936, -1.317945775188645 
6.189999999998912, -1.3178679236467994 
6.199999999998889, -1.317422529911022 
6.209999999998866, -1.3167994645671524 
6.2199999999988425, -1.3164076515175376 
6.229999999998819, -1.316239398524828 
6.239999999998796, -1.3154983549986654 
6.2499999999987725, -1.3124287872076756 
6.259999999998749, -1.3046162847706038 
6.269999999998726, -1.298935637187767 
6.279999999998703, -1.299129793554872 
6.289999999998679, -1.2989100939200764 
6.299999999998656, -1.2968443404055425 
6.309999999998633, -1.2959112484481883 
6.319999999998609, -1.3401781321192305 
6.329999999998586, -1.35201586078899 
6.339999999998563, -1.3528711520947097 
6.3499999999985395, -1.352611984579564 
6.359999999998516, -1.3528196367436254 
6.369999999998493, -1.353806478718263 
6.37999999999847, -1.3543799688199136 
6.389999999998446, -1.3544237560394028 
6.399999999998423, -1.3540442409228164 
6.4099999999984, -1.3534761954197678 
6.419999999998376, -1.3531082871538194 
6.429999999998353, -1.3529299725235195 
6.43999999999833, -1.3521277013347963 
6.449999999998306, -1.348685090138071 
6.459999999998283, -1.3396279702746086 
6.46999999999826, -1.3344182496022594 
6.4799999999982365, -1.334791956783324 
6.489999999998213, -1.334467705277762 
6.49999999999819, -1.3322552795740357 
6.509999999998167, -1.3430842370997271 
6.519999999998143, -1.371380543985572 
6.52999999999812, -1.376794571026224 
6.539999999998097, -1.377121730289211 
6.549999999998073, -1.3768530080144978 
6.55999999999805, -1.3771049112424476 
6.569999999998027, -1.3775666592048172 
6.5799999999980034, -1.377674874880407 
6.58999999999798, -1.377364458351122 
6.599999999997957, -1.3766601384282982 
6.6099999999979335, -1.375797084721903 
6.61999999999791, -1.3754615924512907 
6.629999999997887, -1.3751564158153762 
6.639999999997864, -1.3731533209102569 
6.64999999999784, -1.3599179484926185 
6.659999999997817, -1.33367956884915 
6.669999999997794, -1.3341956541740705 
6.67999999999777, -1.3346762712363682 
6.689999999997747, -1.3341350670173533 
6.699999999997724, -1.334387775075754 
6.7099999999977005, -1.3447256871840094 
6.719999999997677, -1.3513035206060344 
6.729999999997654, -1.3527234025975556 
6.7399999999976306, -1.3526520178585981 
6.749999999997607, -1.3524280191243985 
6.759999999997584, -1.3525519917313789 
6.769999999997561, -1.3526638539829343 
6.779999999997537, -1.3524514275593023 
6.789999999997514, -1.351784044254105 
6.799999999997491, -1.3506298028371926 
6.809999999997467, -1.3495246539337702 
6.819999999997444, -1.3493046308909842 
6.829999999997421, -1.348848505874269 
6.8399999999973975, -1.3452403886100675 
6.849999999997374, -1.318615340825661 
6.859999999997351, -1.291825634912479 
6.869999999997328, -1.2951104874227792 
6.879999999997304, -1.2954487034064355 
6.889999999997281, -1.2948603610893084 
6.899999999997258, -1.2957843483066807 
6.909999999997234, -1.3059917552983595 
6.919999999997211, -1.3122483891033663 
6.929999999997188, -1.3136467289318399 
6.939999999997164, -1.3135847819935922 
6.949999999997141, -1.3133773783864593 
6.959999999997118, -1.3135897327986807 
6.9699999999970945, -1.31381998083627 
6.979999999997071, -1.3137511942258218 
6.989999999997048, -1.3133064931787306 
6.999999999997025, -1.3125112722639687 
7.009999999997001, -1.3116710320565086 
7.019999999996978, -1.3113972143711168 
7.029999999996955, -1.3110856322204985 
7.039999999996931, -1.3092662565668183 
7.049999999996908, -1.3005243498828378 
7.059999999996885, -1.2836745855869283 
7.0699999999968615, -1.2815357012518171 
7.079999999996838, -1.2819418406817356 
7.089999999996815, -1.2814208315575077 
7.0999999999967915, -1.2791373656149254 
7.109999999996768, -1.297350595615964 
7.119999999996745, -1.3220325046430816 
7.129999999996722, -1.3262728904510357 
7.139999999996698, -1.326480446102318 
7.149999999996675, -1.326218589604353 
7.159999999996652, -1.326661531919158 
7.169999999996628, -1.3274007181779792 
7.179999999996605, -1.3277283634245738 
7.189999999996582, -1.3276111833171718 
7.1999999999965585, -1.3271386888740946 
7.209999999996535, -1.3265659772297793 
7.219999999996512, -1.3262811281672982 
7.229999999996489, -1.3260641549304426 
7.239999999996465, -1.325020994531267 
7.249999999996442, -1.3211559220753217 
7.259999999996419, -1.3130026896632263 
7.269999999996395, -1.309663095546318 
7.279999999996372, -1.3099109888418186 
7.289999999996349, -1.3094458173470815 
7.299999999996325, -1.3060683689572137 
7.309999999996302, -1.3182176583844225 
7.319999999996279, -1.356384902393547 
7.3299999999962555, -1.3621461743141177 
7.339999999996232, -1.3624086955205317 
7.349999999996209, -1.362128972118115 
7.359999999996186, -1.3626343271821273 
7.369999999996162, -1.3634370721382767 
7.379999999996139, -1.3637574691838936 
7.389999999996116, -1.3636021930102473 
7.399999999996092, -1.3630822659225519 
7.409999999996069, -1.3624705441649905 
7.419999999996046, -1.3621982991280859 
7.4299999999960225, -1.361911097739163 
7.439999999995999, -1.3603870317701683 
7.449999999995976, -1.3537617939269693 
7.4599999999959525, -1.3407924548752894 
7.469999999995929, -1.3391390503040512 
7.479999999995906, -1.339417311152813 
7.489999999995883, -1.3387466267218704 
7.499999999995859, -1.3374838817466532 
7.509999999995836, -1.3573681594474298 
7.519999999995813, -1.3705783270466096 
7.529999999995789, -1.372575898963688 
7.539999999995766, -1.3725137960995106 
7.549999999995743, -1.3723270198175959 
7.5599999999957195, -1.3726417495824077 
7.569999999995696, -1.3728885946145952 
7.579999999995673, -1.3727701565872974 
7.58999999999565, -1.372230365082191 
7.599999999995626, -1.3712942042470138 
7.609999999995603, -1.370449214049139 
7.61999999999558, -1.370252944334363 
7.629999999995556, -1.3696788881699857 
7.639999999995533, -1.3653296723012958 
7.64999999999551, -1.3391839159208727 
7.659999999995486, -1.320611065007955 
7.669999999995463, -1.322966680770197 
7.67999999999544, -1.323049266171381 
7.6899999999954165, -1.3223039059589135 
7.699999999995393, -1.325081194376322 
7.70999999999537, -1.3348662256565345 
7.719999999995347, -1.3391252720114852 
7.729999999995323, -1.3398529540350184 
7.7399999999953, -1.3396531612187794 
7.749999999995277, -1.339519002544136 
7.759999999995253, -1.3396902828899337 
7.76999999999523, -1.3397504063232462 
7.779999999995207, -1.339449437124553 
7.789999999995183, -1.3387006524621388 
7.79999999999516, -1.337536636624749 
7.809999999995137, -1.3366878381539535 
7.8199999999951135, -1.3365260411861475 
7.82999999999509, -1.3358411087513766 
7.839999999995067, -1.330596532479723 
7.849999999995044, -1.3022615319039381 
7.85999999999502, -1.285339691996927 
7.869999999994997, -1.2874240672493988 
7.879999999994974, -1.2874906604200957 
7.88999999999495, -1.2866656033335495 
7.899999999994927, -1.2892297393239271 
7.909999999994904, -1.3035939498887839 
7.9199999999948805, -1.3102789846181957 
7.929999999994857, -1.3114033438788495 
7.939999999994834, -1.3112600413090345 
7.9499999999948106, -1.3111373915694935 
7.959999999994787, -1.3115145809250504 
7.969999999994764, -1.3118150836243256 
7.979999999994741, -1.3117744854653588 
7.989999999994717, -1.311364232316028 
7.999999999994694, -1.3106584787380462 
8.00999999999467, -1.3100062565298698 
8.019999999994647, -1.309805719073969 
8.029999999994624, -1.3094061864634026 
8.0399999999946, -1.3073340832696037 
8.049999999994577, -1.2996473855465662 
8.059999999994554, -1.2883394379088509 
8.06999999999453, -1.2873653332202624 
8.079999999994508, -1.2875238310827128 
8.089999999994484, -1.2867273194292994 
8.099999999994461, -1.283165242756345 
8.109999999994438, -1.3109729882347323 
8.119999999994414, -1.3362241282994716 
8.129999999994391, -1.3392618503988707 
8.139999999994368, -1.339272257699491 
8.149999999994344, -1.3390608210074648 
8.159999999994321, -1.3397795097284002 
8.169999999994298, -1.3405650925274848 
8.179999999994275, -1.340847221688301 
8.189999999994251, -1.3406618236466739 
8.199999999994228, -1.3401541916031587 
8.209999999994205, -1.3396359216417766 
8.219999999994181, -1.3394302636922852 
8.229999999994158, -1.3391049348072377 
8.239999999994135, -1.3375661739196436 
8.249999999994111, -1.3323650367979296 
8.259999999994088, -1.323916639062407 
8.269999999994065, -1.3226483057170395 
8.279999999994041, -1.3227612699268136 
8.289999999994018, -1.3219053961625837 
8.299999999993995, -1.3180826907090288 
8.309999999993972, -1.3477695498190954 
8.319999999993948, -1.3695103600066862 
8.329999999993925, -1.3718692359064646 
8.339999999993902, -1.3717926116999395 
8.349999999993878, -1.3716417364489901 
8.359999999993855, -1.372256275299542 
8.369999999993832, -1.372751559496569 
8.379999999993808, -1.3727982855395036 
8.389999999993785, -1.3724208359198256 
8.399999999993762, -1.3717288536233951 
8.409999999993738, -1.3711121859241107 
8.419999999993715, -1.37092130164187 
8.429999999993692, -1.3703495373893126 
8.439999999993669, -1.3669097442365732 
8.449999999993645, -1.3519741809310275 
8.459999999993622, -1.3389405198404771 
8.469999999993599, -1.3399618607423465 
8.479999999993575, -1.3399240486237938 
8.489999999993552, -1.3388915061160633 
8.499999999993529, -1.3430842011615831 
8.509999999993505, -1.3580704053029686 
8.519999999993482, -1.3632163824733006 
8.529999999993459, -1.3638565753890384 
8.539999999993436, -1.3636231606797908 
8.549999999993412, -1.363576002082382 
8.559999999993389, -1.3638155931843514 
8.569999999993366, -1.3638621901151518 
8.579999999993342, -1.3635156005646418 
8.589999999993319, -1.362711573756397 
8.599999999993296, -1.3615360233781955 
8.609999999993272, -1.3608887405596466 
8.619999999993249, -1.3607110184502107 
8.629999999993226, -1.3595907214232257 
8.639999999993202, -1.3500144541761991 
8.64999999999318, -1.3113294063556287 
8.659999999993156, -1.3070204472255436 
8.669999999993133, -1.3086150708167914 
8.67999999999311, -1.308428841481322 
8.689999999993086, -1.3076983349690119 
8.699999999993063, -1.3133419167965938 
8.70999999999304, -1.3218870416854285 
8.719999999993016, -1.3248212573667446 
8.729999999992993, -1.325165585882884 
8.73999999999297, -1.3249129362009322 
8.749999999992946, -1.324894708380301 
8.759999999992923, -1.3251094522849973 
8.7699999999929, -1.3251359346633451 
8.779999999992876, -1.3247900465921965 
8.789999999992853, -1.3240312776336904 
8.79999999999283, -1.3229743214537664 
8.809999999992806, -1.3223728311126937 
8.819999999992783, -1.322202553703175 
8.82999999999276, -1.3212710261993301 
8.839999999992736, -1.3151037776934578 
8.849999999992713, -1.2918583664646879 
8.85999999999269, -1.2816365188880563 
8.869999999992666, -1.2828158417126085 
8.879999999992643, -1.2826981350161755 
8.88999999999262, -1.2814965752130696 
8.899999999992596, -1.2865283504597254 
8.909999999992573, -1.307842861317861 
8.91999999999255, -1.3151840710890987 
8.929999999992527, -1.3160664839926992 
8.939999999992503, -1.315861565582537 
8.94999999999248, -1.3158682388950356 
8.959999999992457, -1.3164451136105442 
8.969999999992433, -1.316829970630138 
8.97999999999241, -1.3168212092009608 
8.989999999992387, -1.3164328793343125 
8.999999999992363, -1.3158009011668423 
9.00999999999234, -1.3153004835298676 
9.019999999992317, -1.3151361574398588 
9.029999999992294, -1.3146178887104452 
9.03999999999227, -1.3122525879106235 
9.049999999992247, -1.305144954374245 
9.059999999992224, -1.297256869011743 
9.0699999999922, -1.2970259928561019 
9.079999999992177, -1.29699250392211 
9.089999999992154, -1.2957258420018192 
9.09999999999213, -1.291374946037361 
9.109999999992107, -1.3297012118450926 
9.119999999992084, -1.3489311201065024 
9.12999999999206, -1.3506632431994514 
9.139999999992037, -1.3505065403426508 
9.149999999992014, -1.350456365572899 
9.15999999999199, -1.35137320636817 
9.169999999991967, -1.3520688558750875 
9.179999999991944, -1.352230278536436 
9.18999999999192, -1.351938215523486 
9.199999999991897, -1.3513843091599373 
9.209999999991874, -1.350928245943901 
9.21999999999185, -1.3507610628582747 
9.229999999991827, -1.3502287708490701 
9.239999999991804, -1.347784240036085 
9.24999999999178, -1.3402263403720858 
9.259999999991757, -1.3325363002948643 
9.269999999991734, -1.3326409821900806 
9.27999999999171, -1.3325328330034303 
9.289999999991688, -1.3310469548885264 
9.299999999991664, -1.3330263486121021 
9.309999999991641, -1.36549642503273 
9.319999999991618, -1.375142566940702 
9.329999999991594, -1.3760019225460864 
9.339999999991571, -1.375764480776724 
9.349999999991548, -1.3758319052139514 
9.359999999991524, -1.376352719080789 
9.369999999991501, -1.3765856256979314 
9.379999999991478, -1.376399992980681 
9.389999999991455, -1.3758092262436468 
9.399999999991431, -1.3749553315429335 
9.409999999991408, -1.3744604704178445 
9.419999999991385, -1.374255835509772 
9.429999999991361, -1.3730884413115896 
9.439999999991338, -1.3651274003764484 
9.449999999991315, -1.3388494373668263 
9.459999999991291, -1.3342893619077194 
9.469999999991268, -1.3352627630897795 
9.479999999991245, -1.3349439310549922 
9.489999999991221, -1.334147724910395 
9.499999999991198, -1.3425205019410338 
9.509999999991175, -1.3516006299135481 
9.519999999991152, -1.3540141696450771 
9.529999999991128, -1.35415272968485 
9.539999999991105, -1.3538882157442909 
9.549999999991082, -1.3539442494900604 
9.559999999991058, -1.3541094220872971 
9.569999999991035, -1.3540090142011532 
9.579999999991012, -1.3534793822316247 
9.589999999990988, -1.352464570094111 
9.599999999990965, -1.3512375463189348 
9.609999999990942, -1.3508502661598423 
9.619999999990918, -1.3505741035354082 
9.629999999990895, -1.3485315325470713 
9.639999999990872, -1.3314390733818477 
9.649999999990849, -1.2945659186986787 
9.659999999990825, -1.2966230022908096 
9.669999999990802, -1.2974383908271894 
9.679999999990779, -1.2970474815325002 
9.689999999990755, -1.2967041278083107 
9.699999999990732, -1.3052375081026644 
9.709999999990709, -1.3131807704067695 
9.719999999990685, -1.31537885644183 
9.729999999990662, -1.3155008319677282 
9.739999999990639, -1.3152475662305625 
9.749999999990616, -1.3153626298353311 
9.759999999990592, -1.3156240571320166 
9.769999999990569, -1.3156342296248738 
9.779999999990546, -1.315273456555611 
9.789999999990522, -1.3145403694804891 
9.799999999990499, -1.3136298285428258 
9.809999999990476, -1.3132160680413656 
9.819999999990452, -1.313004335168455 
9.829999999990429, -1.3117948279472968 
9.839999999990406, -1.3052482127980236 
9.849999999990382, -1.2875409625082932 
9.85999999999036, -1.2818450157356616 
9.869999999990336, -1.2825210474673552 
9.879999999990313, -1.2822317048300098 
9.88999999999029, -1.2804098991411244 
9.899999999990266, -1.2897817498086297 
9.909999999990243, -1.318023599411749 
9.91999999999022, -1.3248005510228718 
9.929999999990196, -1.3253665711594056 
9.939999999990173, -1.3251099686010863 
9.94999999999015, -1.3253159980001468 
9.959999999990126, -1.3260598270061923 
9.969999999990103, -1.3264746491519803 
9.97999999999008, -1.3264470615023294 
9.989999999990056, -1.3260353065284072 
9.999999999990033, -1.325442223090464 
10.00999999999001, -1.325060231113374 
10.019999999989986, -1.32489292743839 
10.029999999989963, -1.3241668109125193 
10.03999999998994, -1.3211855766291574 
10.049999999989916, -1.313589808656517 
10.059999999989893, -1.308070058899135 
10.06999999998987, -1.3082719498648308 
10.079999999989846, -1.30803578731295 
10.089999999989823, -1.3059007881503828 
10.0999999999898, -1.30691938250355 
10.109999999989776, -1.3497002279336199 
10.119999999989753, -1.360089404196501 
10.12999999998973, -1.3608214606945628 
10.139999999989707, -1.3605543821314223 
10.149999999989683, -1.3607891847164224 
10.15999999998966, -1.3616529544335385 
10.169999999989637, -1.3621070143182796 
10.179999999989613, -1.36206888595137 
10.18999999998959, -1.36162754210947 
10.199999999989567, -1.3610038974109369 
10.209999999989543, -1.3606307219509588 
10.21999999998952, -1.3604307609432136 
10.229999999989497, -1.3594452719788117 
10.239999999989474, -1.3548201690585946 
10.24999999998945, -1.3425352552123053 
10.259999999989427, -1.3378055530942279 
10.269999999989404, -1.3383072269198149 
10.27999999998938, -1.3379174878373514 
10.289999999989357, -1.3360401957943624 
10.299999999989334, -1.349632439051118 
10.30999999998931, -1.3686894178467177 
10.319999999989287, -1.3723466984321537 
10.329999999989264, -1.3725219189964457 
10.33999999998924, -1.372265093901863 
10.349999999989217, -1.3724897844599067 
10.359999999989194, -1.372819370608866 
10.36999999998917, -1.3728184213990693 
10.379999999989147, -1.3724040038264507 
10.389999999989124, -1.371577996901905 
10.3999999999891, -1.3706268138975577 
10.409999999989077, -1.3703237172472857 
10.419999999989054, -1.3699747927384547 
10.42999999998903, -1.3675115495472185 
10.439999999989007, -1.3500887928765937 
10.449999999988984, -1.3219032892638947 
10.45999999998896, -1.323811381579219 
10.469999999988937, -1.3242398639930106 
10.479999999988914, -1.3236806315912548 
10.48999999998889, -1.3242771626869372 
10.499999999988868, -1.3340520063426224 
10.509999999988844, -1.3400227009157877 
10.519999999988821, -1.3413353140963984 
10.529999999988798, -1.3412526400455616 
10.539999999988774, -1.3410347223422856 
10.549999999988751, -1.3411691646198327 
10.559999999988728, -1.3412928642937922 
10.569999999988704, -1.3410990355411192 
10.579999999988681, -1.3404704757928565 
10.589999999988658, -1.3393921171431804 
10.599999999988635, -1.3383423957075211 
10.609999999988611, -1.3381104810764817 
10.619999999988588, -1.337687342960032 
10.629999999988565, -1.3345704133487089 
10.639999999988541, -1.313537831900023 
10.649999999988518, -1.286448458158621 
10.659999999988495, -1.2884980166989437 
10.669999999988471, -1.2888739935994675 
10.679999999988448, -1.2882835751507384 
10.689999999988425, -1.288549150200572 
10.699999999988401, -1.301415150048328 
10.709999999988378, -1.3102417362537289 
10.719999999988355, -1.3121180500700027 
10.729999999988332, -1.3121165235040924 
10.739999999988308, -1.311899974468278 
10.749999999988285, -1.3121838364535916 
10.759999999988262, -1.312531439398312 
10.769999999988238, -1.3125700038563557 
10.779999999988215, -1.3122377641173002 
10.789999999988192, -1.311574575925505 
10.799999999988168, -1.310838377220551 
10.809999999988145, -1.3105504530864747 
10.819999999988122, -1.3102820267630524 
10.829999999988098, -1.3088433966822146 
10.839999999988075, -1.3027125709119527 
10.849999999988052, -1.290180719470816 
10.859999999988029, -1.2871256192357683 
10.869999999988005, -1.2874853570944118 
10.879999999987982, -1.287002909536836 
10.889999999987959, -1.2841050422548637 
10.899999999987935, -1.2999309609951668 
10.909999999987912, -1.3326979217774535 
10.919999999987889, -1.3380420158442154 
10.929999999987865, -1.3383175419947593 
10.939999999987842, -1.3380416416630652 
10.949999999987819, -1.3385150321662687 
10.959999999987796, -1.3393623848896836 
10.969999999987772, -1.339752304065979 
10.979999999987749, -1.339664393696829 
10.989999999987726, -1.3392073504949489 
10.999999999987702, -1.3386466769240424 
11.009999999987679, -1.3383649783649891 
11.019999999987656, -1.3381417893295917 
11.029999999987632, -1.3370611820339524 
11.039999999987609, -1.3329782061758748 
11.049999999987586, -1.3243234415432017 
11.059999999987562, -1.321197497911224 
11.06999999998754, -1.3214622757410757 
11.079999999987516, -1.320952255557451 
11.089999999987493, -1.317692418363422 
11.09999999998747, -1.3349429234158865 
11.109999999987446, -1.365933433931434 
11.119999999987423, -1.3703712468363036 
11.1299999999874, -1.3705265369479653 
11.139999999987376, -1.3702697763679605 
11.149999999987353, -1.370737835909693 
11.15999999998733, -1.371336296158138 
11.169999999987306, -1.371502344796127 
11.179999999987283, -1.3712319736797052 
11.18999999998726, -1.3706055737837346 
11.199999999987236, -1.3699114151461154 
11.209999999987213, -1.369654572081371 
11.21999999998719, -1.3692929697842342 
11.229999999987166, -1.3671491558431095 
11.239999999987143, -1.356412952951188 
11.24999999998712, -1.3390844742193277 
11.259999999987096, -1.3391090389202056 
11.269999999987073, -1.339338883260254 
11.27999999998705, -1.338599900350561 
11.289999999987026, -1.3392926438521833 
11.299999999987003, -1.3547595342385628 
11.30999999998698, -1.3626128308987138 
11.319999999986956, -1.3638959867495992 
11.329999999986933, -1.3637600002690702 
11.33999999998691, -1.363599115333862 
11.349999999986887, -1.36383040834933 
11.359999999986863, -1.363965328032568 
11.36999999998684, -1.3637400175401604 
11.379999999986817, -1.3630726675818885 
11.389999999986793, -1.361976774935131 
11.39999999998677, -1.3610981430720794 
11.409999999986747, -1.3609247799107325 
11.419999999986723, -1.3602623566196361 
11.4299999999867, -1.3548935982000017 
11.439999999986677, -1.3229293071994277 
11.449999999986654, -1.306838108515149 
11.45999999998663, -1.3093781527450679 
11.469999999986607, -1.30943052585615 
11.479999999986584, -1.3086908165624942 
11.48999999998656, -1.3116812337329933 
11.499999999986537, -1.3213752328671229 
11.509999999986514, -1.325634357606668 
11.51999999998649, -1.3263742750951582 
11.529999999986467, -1.3261804686451883 
11.539999999986444, -1.3260549035264206 
11.54999999998642, -1.3262618479919286 
11.559999999986397, -1.3263646468720711 
11.569999999986374, -1.3261226151723913 
11.57999999998635, -1.325470334659049 
11.589999999986327, -1.3244535669426782 
11.599999999986304, -1.3236517971141502 
11.60999999998628, -1.3234779554933103 
11.619999999986257, -1.3228947546716716 
11.629999999986234, -1.3189972456271857 
11.63999999998621, -1.3000209039706292 
11.649999999986187, -1.282501004290652 
11.659999999986164, -1.283690693571892 
11.66999999998614, -1.28380717565387 
11.679999999986117, -1.2829491638966035 
11.689999999986094, -1.2839163126052633 
11.69999999998607, -1.3042675476316363 
11.709999999986048, -1.3148628567212692 
11.719999999986024, -1.316488351364241 
11.729999999986001, -1.3163953173567204 
11.739999999985978, -1.3162485907491037 
11.749999999985954, -1.3167476631749626 
11.759999999985931, -1.3172054822418817 
11.769999999985908, -1.3172866509959493 
11.779999999985884, -1.316979110954608 
11.789999999985861, -1.3163756458222533 
11.799999999985838, -1.3157869816934518 
11.809999999985815, -1.3155799085251252 
11.819999999985791, -1.3152314922818702 
11.829999999985768, -1.3135305728830295 
11.839999999985745, -1.3076359716521113 
11.849999999985721, -1.2982812466052545 
11.859999999985698, -1.2968938963521193 
11.869999999985675, -1.2970417210964793 
11.879999999985651, -1.296267776727865 
11.889999999985628, -1.2918992959355953 
11.899999999985605, -1.318254014778524 
11.909999999985581, -1.3469492647381913 
11.919999999985558, -1.3502304719054565 
11.929999999985535, -1.350248523417518 
11.939999999985512, -1.350031285237254 
11.949999999985488, -1.3507741068242929 
11.959999999985465, -1.351572557386067 
11.969999999985442, -1.3518480629750567 
11.979999999985418, -1.3516491499225776 
11.989999999985395, -1.3511268704074944 
11.999999999985372, -1.35059884885298 
12.009999999985348, -1.350394282886407 
12.019999999985325, -1.350036936301278 
12.029999999985302, -1.3482945277967646 
12.039999999985278, -1.3421212948386148 
12.049999999985255, -1.332638296929706 
12.059999999985232, -1.331811772316465 
12.069999999985209, -1.3319041176541668 
12.079999999985185, -1.3309656849479246 
12.089999999985162, -1.3289941823582834 
12.099999999985139, -1.3579815328145988 
12.109999999985115, -1.373183280223207 
12.119999999985092, -1.374898705714916 
12.129999999985069, -1.3747645260817645 
12.139999999985045, -1.3746573647835774 
12.149999999985022, -1.375153999265352 
12.159999999984999, -1.3754838009871087 
12.169999999984976, -1.3754037676278537 
12.179999999984952, -1.3749108390926967 
12.189999999984929, -1.3740911218929965 
12.199999999984906, -1.3734380898795693 
12.209999999984882, -1.3732561396070129 
12.219999999984859, -1.372535708222691 
12.229999999984836, -1.367603807976453 
12.239999999984812, -1.3450155921510347 
12.249999999984789, -1.3329045027694422 
12.259999999984766, -1.334392259671488 
12.269999999984742, -1.334293000437602 
12.27999999998472, -1.3333564199496895 
12.289999999984696, -1.3384474194445202 
12.299999999984673, -1.3495319854758498 
12.30999999998465, -1.3532681861041485 
12.319999999984626, -1.3537217655660319 
12.329999999984603, -1.3534722753279842 
12.33999999998458, -1.3534292223802706 
12.349999999984556, -1.3536200606410023 
12.359999999984533, -1.353616942003092 
12.36999999998451, -1.3532144344287247 
12.379999999984486, -1.3523400048256147 
12.389999999984463, -1.3510995142411977 
12.39999999998444, -1.3504719496360198 
12.409999999984416, -1.3502929088427411 
12.419999999984393, -1.3491164872433947 
12.42999999998437, -1.339116974651987 
12.439999999984346, -1.3003489932147565 
12.449999999984323, -1.296091802287796 
12.4599999999843, -1.2976418714884843 
12.469999999984276, -1.2974562449389009 
12.479999999984253, -1.2966588315742356 
12.48999999998423, -1.3025663973592319 
12.499999999984206, -1.3124016437730486 
12.509999999984183, -1.315789657968277 
12.51999999998416, -1.3162076449479538 
12.529999999984136, -1.3159643529514584 
12.539999999984113, -1.3159629278442695 
12.54999999998409, -1.3162470255759866 
12.559999999984067, -1.3163466565723136 
12.569999999984043, -1.3160896392014427 
12.57999999998402, -1.3154534581711834 
12.589999999983997, -1.314548837889506 
12.599999999983973, -1.313965101821162 
12.60999999998395, -1.3137986034293434 
12.619999999983927, -1.3130342953316851 
12.629999999983903, -1.3086680010918261 
12.63999999998388, -1.2932784058204556 
12.649999999983857, -1.2826776149709531 
12.659999999983834, -1.2834099616945247 
12.66999999998381, -1.2833345770581805 
12.679999999983787, -1.2820504009061726 
12.689999999983764, -1.2843469939445291 
12.69999999998374, -1.3140887428862977 
12.709999999983717, -1.3250474349836943 
12.719999999983694, -1.3262450514531345 
12.72999999998367, -1.326061591490112 
12.739999999983647, -1.326046601866301 
12.749999999983624, -1.3267612373541977 
12.7599999999836, -1.3272791588545947 
12.769999999983577, -1.3273553855453293 
12.779999999983554, -1.3270246585603067 
12.78999999998353, -1.3264427666238463 
12.799999999983507, -1.3259662699736983 
12.809999999983484, -1.3258017072970436 
12.81999999998346, -1.325309395238196 
12.829999999983437, -1.3231050344315238 
12.839999999983414, -1.3165366817876867 
12.84999999998339, -1.3090308794814607 
12.859999999983367, -1.3087765140304481 
12.869999999983344, -1.3087311691616939 
12.87999999998332, -1.307422932299313 
12.889999999983297, -1.30367883237087 
12.899999999983274, -1.3422702416243129 
12.90999999998325, -1.359475215880013 
12.919999999983228, -1.3609969495671979 
12.929999999983204, -1.360817123702229 
12.939999999983181, -1.3608019867534418 
12.949999999983158, -1.3616229608063164 
12.959999999983134, -1.3621831652814198 
12.969999999983111, -1.362248187164527 
12.979999999983088, -1.3618842914630147 
12.989999999983064, -1.3612644402145504 
12.999999999983041, -1.3607841878208657 
13.009999999983018, -1.3606099821872912 
13.019999999982995, -1.359948477909551 
13.029999999982971, -1.3566035235512497 
13.039999999982948, -1.34553758229634 
13.049999999982925, -1.337216430924726 
13.059999999982901, -1.3377799395371803 
13.069999999982878, -1.337608410949645 
13.079999999982855, -1.3361244085980855 
13.089999999982831, -1.3426720311136309 
13.099999999982808, -1.3649482407722942 
13.109999999982785, -1.3708112976890787 
13.119999999982761, -1.3713389014193913 
13.129999999982738, -1.3710833201196648 
13.139999999982715, -1.371164014540312 
13.149999999982692, -1.371526354356635 
13.159999999982668, -1.3716167333054574 
13.169999999982645, -1.3713036358678858 
13.179999999982622, -1.3705703458160585 
13.189999999982598, -1.3695724658138857 
13.199999999982575, -1.3691011537655504 
13.209999999982552, -1.368874724991463 
13.219999999982528, -1.36740408790313 
13.229999999982505, -1.3561911378748843 
13.239999999982482, -1.3235078296844522 
13.249999999982458, -1.3220431544497104 
13.259999999982435, -1.3229790221989797 
13.269999999982412, -1.3226265960790038 
13.279999999982389, -1.3220949307251602 
13.289999999982365, -1.3302061567379815 
13.299999999982342, -1.338038766956773 
13.309999999982319, -1.3401762072011227 
13.319999999982295, -1.3402823153863614 
13.329999999982272, -1.3400210782521396 
13.339999999982249, -1.3400854043955224 
13.349999999982225, -1.3402579747380894 
13.359999999982202, -1.3401703440685135 
13.369999999982179, -1.3396698696189935 
13.379999999982156, -1.3387178912556323 
13.389999999982132, -1.3375674116058702 
13.399999999982109, -1.3371709463948003 
13.409999999982086, -1.3369131624094985 
13.419999999982062, -1.3351272242914705 
13.429999999982039, -1.3218695862831364 
13.439999999982016, -1.2891308368630887 
13.449999999981992, -1.2881809947468714 
13.459999999981969, -1.2890213707473364 
13.469999999981946, -1.28865597977893 
13.479999999981922, -1.2878014174549248 
13.4899999999819, -1.297834402465734 
13.499999999981876, -1.3096923723065743 
13.509999999981853, -1.3128318716343224 
13.51999999998183, -1.3130751889548036 
13.529999999981806, -1.3128215780918016 
13.539999999981783, -1.3129816647314965 
13.54999999998176, -1.313383331412849 
13.559999999981736, -1.3135231501852442 
13.569999999981713, -1.3132942701810049 
13.57999999998169, -1.3127128905695242 
13.589999999981666, -1.3119550116418284 
13.599999999981643, -1.3115403060254918 
13.60999999998162, -1.3113533439782172 
13.619999999981596, -1.3104171814843606 
13.629999999981573, -1.3060475139530896 
13.63999999998155, -1.2944330324930235 
13.649999999981526, -1.2882442945120895 
13.659999999981503, -1.2886969301044906 
13.66999999998148, -1.288451464324475 
13.679999999981456, -1.286446900959144 
13.689999999981433, -1.2911653795974618 
13.69999999998141, -1.3293503533680275 
13.709999999981386, -1.3387759374169592 
13.719999999981363, -1.3395126615466162 
13.72999999998134, -1.3392560967667735 
13.739999999981316, -1.3394582278177647 
13.749999999981293, -1.34033673663774 
13.75999999998127, -1.3408460686293617 
13.769999999981247, -1.3408662724457083 
13.779999999981223, -1.3404796275623363 
13.7899999999812, -1.3399053093384392 
13.799999999981177, -1.3395297587685626 
13.809999999981153, -1.3393589838804705 
13.81999999998113, -1.3386130201563102 
13.829999999981107, -1.3354939982874117 
13.839999999981083, -1.3273887060625238 
13.84999999998106, -1.3219445166298183 
13.859999999981037, -1.322228455332215 
13.869999999981014, -1.3219561843533782 
13.87999999998099, -1.3197531309937207 
13.889999999980967, -1.3259028088559466 
13.899999999980944, -1.3623630029292562 
13.90999999998092, -1.3700194327838535 
13.919999999980897, -1.370538001316323 
13.929999999980874, -1.370265841997234 
13.93999999998085, -1.3705188185561004 
13.949999999980827, -1.371159468043961 
13.959999999980804, -1.3714208673979538 
13.96999999998078, -1.371241986026555 
13.979999999980757, -1.3706773413136313 
13.989999999980734, -1.3699359997336737 
13.99999999998071, -1.3695677365789356 
14.009999999980687, -1.3693228336386665 
14.019999999980664, -1.367919875010957 
14.02999999998064, -1.3600551180495106 
14.039999999980617, -1.340462713134298 
14.049999999980594, -1.3378499071048213 
14.05999999998057, -1.3384097339276881 
14.069999999980547, -1.3379325616501525 
14.079999999980524, -1.3371017050834082 
14.0899999999805, -1.3497415797751653 
14.099999999980477, -1.3601821537818906 
14.109999999980454, -1.3623370852923504 
14.11999999998043, -1.3623595236989583 
14.129999999980408, -1.3621210218781377 
14.139999999980384, -1.3622882062567263 
14.149999999980361, -1.3624805014047585 
14.159999999980338, -1.3623552022518086 
14.169999999980314, -1.3618007855260374 
14.179999999980291, -1.3607948359474262 
14.189999999980268, -1.3597394082552854 
14.199999999980244, -1.3594811690921969 
14.209999999980221, -1.3590761892351444 
14.219999999980198, -1.3560000847067453 
14.229999999980175, -1.333191519902817 
14.239999999980151, -1.3048489934361924 
14.249999999980128, -1.3078024391321295 
14.259999999980105, -1.308183853186309 
14.269999999980081, -1.3076130578415022 
14.279999999980058, -1.3084172509477534 
14.289999999980035, -1.3181313529522618 
14.299999999980011, -1.3240671490973288 
14.309999999979988, -1.325399336875057 
14.319999999979965, -1.3253260966702913 
14.329999999979941, -1.3251133238675787 
14.339999999979918, -1.3252822037119651 
14.349999999979895, -1.3254551115433297 
14.359999999979872, -1.3253238587600784 
14.369999999979848, -1.3247941487181516 
14.379999999979825, -1.3238745603713875 
14.389999999979802, -1.322932432060433 
14.399999999979778, -1.322672307814943 
14.409999999979755, -1.3223160186536205 
14.419999999979732, -1.3200085668188444 
14.429999999979708, -1.3069730348105764 
14.439999999979685, -1.2844015807001228 
14.449999999979662, -1.2839416335201603 
14.459999999979638, -1.2843663912939487 
14.469999999979615, -1.2838090069754948 
14.479999999979592, -1.2826689204251678 
14.489999999979569, -1.2995123943326863 
14.499999999979545, -1.3150048040280324 
14.509999999979522, -1.3179615012077475 
14.519999999979499, -1.3180702180411765 
14.529999999979475, -1.317829892761289 
14.539999999979452, -1.3182025355093707 
14.549999999979429, -1.3187458378715913 
14.559999999979405, -1.3189382404220396 
14.569999999979382, -1.3187327619646092 
14.579999999979359, -1.3181910557286514 
14.589999999979335, -1.317555776079368 
14.599999999979312, -1.3172628391798344 
14.609999999979289, -1.3170305289153303 
14.619999999979266, -1.3158716209247086 
14.629999999979242, -1.3113620847111496 
14.639999999979219, -1.3018643482817231 
14.649999999979196, -1.2984473945150898 
14.659999999979172, -1.2987408138116041 
14.669999999979149, -1.2982849309974849 
14.679999999979126, -1.2950913003181586 
14.689999999979102, -1.3074517749731744 
14.69999999997908, -1.345323238332879 
14.709999999979056, -1.351336826657207 
14.719999999979033, -1.351639374293402 
14.72999999997901, -1.35135656349719 
14.739999999978986, -1.3518460649293074 
14.749999999978963, -1.3527153719806198 
14.75999999997894, -1.3531014337410405 
14.769999999978916, -1.3529988547358653 
14.779999999978893, -1.3525241234044698 
14.78999999997887, -1.351946919668435 
14.799999999978846, -1.3516667607024722 
14.809999999978823, -1.3514202243683087 
14.8199999999788, -1.3501831836725073 
14.829999999978776, -1.3452132142708788 
14.839999999978753, -1.3348001169377084 
14.84999999997873, -1.3321780637125744 
14.859999999978706, -1.3324692317516755 
14.869999999978683, -1.3318860757373632 
14.87999999997866, -1.329309772286216 
14.889999999978636, -1.3500306513511817 
14.899999999978613, -1.3707993782339183 
14.90999999997859, -1.3738045273761172 
14.919999999978566, -1.3738396896935234 
14.929999999978543, -1.3736179588415969 
14.93999999997852, -1.3740094173667268 
14.949999999978496, -1.3744017592888822 
14.959999999978473, -1.374408893888491 
14.96999999997845, -1.3740003669313334 
14.979999999978427, -1.3732231790167189 
14.989999999978403, -1.3724358809923367 
14.99999999997838, -1.3722081106994053 
15.009999999978357, -1.3717456557614218 
15.019999999978333, -1.3686110672961413 
15.02999999997831, -1.3506962769718036 
15.039999999978287, -1.3306099632888682 
15.049999999978263, -1.3322304611631275 
15.05999999997824, -1.3323851253876944 
15.069999999978217, -1.3316301002748323 
15.079999999978194, -1.3336832154925875 
15.08999999997817, -1.3453568647348237 
15.099999999978147, -1.3506657633605894 
15.109999999978124, -1.3515717614083984 
15.1199999999781, -1.3513933336199824 
15.129999999978077, -1.3512464188136102 
15.139999999978054, -1.3514290117576895 
15.14999999997803, -1.3515061568605033 
15.159999999978007, -1.3512208847853744 
15.169999999977984, -1.3504806594626102 
15.17999999997796, -1.3493042508854383 
15.189999999977937, -1.348426258296761 
15.199999999977914, -1.3482630244627116 
15.20999999997789, -1.3475698059307797 
15.219999999977867, -1.3419723162841413 
15.229999999977844, -1.3098804489418843 
15.23999999997782, -1.293867468067135 
15.249999999977797, -1.296291707167053 
15.259999999977774, -1.2963478265736117 
15.26999999997775, -1.2955758657776368 
15.279999999977727, -1.2984673999607566 
15.289999999977704, -1.3098523712439134 
15.29999999997768, -1.3150056238687748 
15.309999999977657, -1.315906081125101 
15.319999999977634, -1.3157365043538132 
15.32999999997761, -1.3156145505986454 
15.339999999977588, -1.315898525397127 
15.349999999977564, -1.316092275585175 
15.359999999977541, -1.3159526789166611 
15.369999999977518, -1.3154356383002308 
15.379999999977494, -1.3146004104543707 
15.389999999977471, -1.313872518958473 
15.399999999977448, -1.313680947698286 
15.409999999977424, -1.3132118068622163 
15.419999999977401, -1.3105127415172546 
15.429999999977378, -1.2991882202077756 
15.439999999977355, -1.2846599064161814 
15.449999999977331, -1.2845325575999391 
15.459999999977308, -1.2846911393817873 
15.469999999977285, -1.2838614596166862 
15.479999999977261, -1.2822355551938978 
15.489999999977238, -1.3086794535065285 
15.499999999977215, -1.3263786432403457 
15.509999999977191, -1.3287522763520636 
15.519999999977168, -1.328720360901384 
15.529999999977145, -1.3285365893473275 
15.539999999977121, -1.3291550974687245 
15.549999999977098, -1.3297890398338181 
15.559999999977075, -1.3299848187082706 
15.569999999977052, -1.3297528755977137 
15.579999999977028, -1.3292109802791896 
15.589999999977005, -1.3286637851886425 
15.599999999976982, -1.3284547991021165 
15.609999999976958, -1.3281267478891416 
15.619999999976935, -1.326557547731231 
15.629999999976912, -1.3212044572759125 
15.639999999976888, -1.3124759964025217 
15.649999999976865, -1.3110735782379075 
15.659999999976842, -1.3112072445333736 
15.669999999976818, -1.3104059178730953 
15.679999999976795, -1.3062011171097958 
15.689999999976772, -1.3341395628019341 
15.699999999976749, -1.3596911445110826 
15.709999999976725, -1.3625325243356 
15.719999999976702, -1.3625051359968703 
15.729999999976679, -1.362318178671194 
15.739999999976655, -1.3629959846914097 
15.749999999976632, -1.3636293842773028 
15.759999999976609, -1.3637823701065641 
15.769999999976585, -1.3634928437551335 
15.779999999976562, -1.3628886704232797 
15.789999999976539, -1.3623085767492875 
15.799999999976515, -1.362108726508752 
15.809999999976492, -1.3616545129523974 
15.819999999976469, -1.3592033163421435 
15.829999999976446, -1.3494302414641057 
15.839999999976422, -1.3373940904077195 
15.849999999976399, -1.3376083076861591 
15.859999999976376, -1.3376450152634531 
15.869999999976352, -1.3366160011574415 
15.879999999976329, -1.3384554302100842 
15.889999999976306, -1.3598807419199188 
15.899999999976282, -1.3681484355300986 
15.90999999997626, -1.3691700600492842 
15.919999999976236, -1.3689737898433993 
15.929999999976213, -1.368907793800894 
15.93999999997619, -1.3692488166962535 
15.949999999976166, -1.3694052046561798 
15.959999999976143, -1.369175711771946 
15.96999999997612, -1.3685216645415084 
15.979999999976096, -1.367515173715928 
15.989999999976073, -1.3668448267791435 
15.99999999997605, -1.3666699665243816 
16.009999999976028, -1.3657560564354103 
16.019999999976005, -1.3586383071989727 
16.02999999997598, -1.326825707554585 
16.039999999975958, -1.3181100049361218 
16.049999999975935, -1.3197537232173386 
16.05999999997591, -1.3196089245683216 
16.069999999975888, -1.3187800510094514 
16.079999999975865, -1.3241707033360772 
16.08999999997584, -1.3336388713391114 
16.099999999975818, -1.336882778234195 
16.109999999975795, -1.3372753193019842 
16.11999999997577, -1.337024208659282 
16.129999999975748, -1.3369913250463121 
16.139999999975725, -1.337192550081957 
16.1499999999757, -1.3372052818238176 
16.15999999997568, -1.3368344573179594 
16.169999999975655, -1.3360257329272607 
16.17999999997563, -1.334887812015096 
16.18999999997561, -1.3342664031444873 
16.199999999975585, -1.334093779009936 
16.20999999997556, -1.3330732879596388 
16.21999999997554, -1.3255304451960264 
16.229999999975515, -1.2957127643745532 
16.239999999975492, -1.286867874078465 
16.24999999997547, -1.2882879806470895 
16.259999999975445, -1.2881472383527988 
16.269999999975422, -1.2870947112593911 
16.2799999999754, -1.2928874044095626 
16.289999999975375, -1.308323961445759 
16.299999999975352, -1.3136326848242843 
16.30999999997533, -1.3143067834246283 
16.319999999975305, -1.3140865793109717 
16.329999999975282, -1.314093279875629 
16.33999999997526, -1.3145364055289277 
16.349999999975235, -1.3147943172179961 
16.359999999975212, -1.3146878267298374 
16.36999999997519, -1.314214779290618 
16.379999999975166, -1.31349337889865 
16.389999999975142, -1.3129519882248912 
16.39999999997512, -1.3127860825102238 
16.409999999975096, -1.312197906202591 
16.419999999975072, -1.3093063495221722 
16.42999999997505, -1.300043112470992 
16.439999999975026, -1.290891633712111 
16.449999999975002, -1.2909688964995825 
16.45999999997498, -1.290932793666334 
16.469999999974956, -1.2896661935648333 
16.479999999974932, -1.2876101622597889 
16.48999999997491, -1.3244339686104047 
16.499999999974886, -1.3407517690485282 
16.509999999974863, -1.342332042150218 
16.51999999997484, -1.3421713250147362 
16.529999999974816, -1.342125965868904 
16.539999999974793, -1.3429650949994771 
16.54999999997477, -1.3436002602887065 
16.559999999974746, -1.3437365749088024 
16.569999999974723, -1.3434355884450326 
16.5799999999747, -1.3428735077779295 
16.589999999974676, -1.3424067877458434 
16.599999999974653, -1.342239748978816 
16.60999999997463, -1.3417307163724415 
16.619999999974606, -1.3394060920503137 
16.629999999974583, -1.3322602097878267 
16.63999999997456, -1.3245135343659278 
16.649999999974536, -1.3244743174857372 
16.659999999974513, -1.324397563861329 
16.66999999997449, -1.3229949842161293 
16.679999999974466, -1.3227494110743758 
16.689999999974443, -1.3581329149232675 
16.69999999997442, -1.3701441708522977 
16.709999999974396, -1.3712280986849739 
16.719999999974373, -1.3710100968075916 
16.72999999997435, -1.3710480833326966 
16.739999999974327, -1.3716613758690759 
16.749999999974303, -1.3719934297577607 
16.75999999997428, -1.371891609400507 
16.769999999974257, -1.3713857261217448 
16.779999999974233, -1.3706193146589638 
16.78999999997421, -1.370113031286565 
16.799999999974187, -1.3699238291241904 
16.809999999974163, -1.3689808760931672 
16.81999999997414, -1.3631974047869213 
16.829999999974117, -1.3430600699908772 
16.839999999974093, -1.3359500893571954 
16.84999999997407, -1.3369114539748108 
16.859999999974047, -1.336648609908472 
16.869999999974024, -1.3355259378150648 
16.879999999974, -1.3439579874607628 
16.889999999973977, -1.356165032175772 
16.899999999973954, -1.359389526594852 
16.90999999997393, -1.359639413290477 
16.919999999973907, -1.3593755290698655 
16.929999999973884, -1.3594400381183172 
16.93999999997386, -1.3596596408924781 
16.949999999973837, -1.3596190743923557 
16.959999999973814, -1.3591650865752665 
16.96999999997379, -1.3582523297717863 
16.979999999973767, -1.357093999284263 
16.989999999973744, -1.35666639554746 
16.99999999997372, -1.3564137078368363 
17.009999999973697, -1.3546147573268927 
17.019999999973674, -1.3398754814682907 
17.02999999997365, -1.3035026683338407 
17.039999999973627, -1.304392870798485 
17.049999999973604, -1.3052770111870773 
17.05999999997358, -1.3049072978807816 
17.069999999973557, -1.3044737008970526 
17.079999999973534, -1.3127416203354836 
17.08999999997351, -1.3206921604873991 
17.099999999973488, -1.3229084464557213 
17.109999999973464, -1.3230357393242238 
17.11999999997344, -1.3227793304304007 
17.129999999973418, -1.3228728657533477 
17.139999999973394, -1.323105441509581 
17.14999999997337, -1.3230877511637311 
17.159999999973348, -1.3226894210257105 
17.169999999973324, -1.321898726115382 
17.1799999999733, -1.3209168081861877 
17.189999999973278, -1.3204957065095824 
17.199999999973254, -1.3202752704648093 
17.20999999997323, -1.3189430109336076 
17.219999999973208, -1.3109889747632604 
17.229999999973185, -1.2890166973873987 
17.23999999997316, -1.2839325359720628 
17.249999999973138, -1.2847147344494971 
17.259999999973115, -1.2844104129701583 
17.26999999997309, -1.2828385394722404 
17.279999999973068, -1.2931544031429494 
17.289999999973045, -1.3150222534285203 
17.29999999997302, -1.3204383972298261 
17.309999999972998, -1.320907656149093 
17.319999999972975, -1.320652629712704 
17.32999999997295, -1.3208413830945533 
17.339999999972928, -1.321463376554921 
17.349999999972905, -1.3217862141614947 
17.35999999997288, -1.3216999637339226 
17.36999999997286, -1.3212450984129738 
17.379999999972835, -1.320608087257561 
17.38999999997281, -1.3202084529727178 
17.39999999997279, -1.3200371754777869 
17.409999999972765, -1.3192720531621107 
17.41999999997274, -1.3160094122721648 
17.42999999997272, -1.307515266153026 
17.439999999972695, -1.3016358117238245 
17.449999999972672, -1.3018970773087486 
17.45999999997265, -1.3016705253053147 
17.469999999972625, -1.2996213317457763 
17.479999999972602, -1.3011691868949766 
17.48999999997258, -1.3430576381468808 
17.499999999972555, -1.3536039915766858 
17.509999999972532, -1.3543801716902435 
17.51999999997251, -1.3541195675987878 
17.529999999972485, -1.3543291286755184 
17.539999999972462, -1.355207848912033 
17.54999999997244, -1.3556931013231233 
17.559999999972415, -1.355683422422627 
17.569999999972392, -1.3552665772161043 
17.57999999997237, -1.354661532059573 
17.589999999972346, -1.3542818672498604 
17.599999999972322, -1.354094809827309 
17.6099999999723, -1.3532164999495602 
17.619999999972276, -1.349245695125432 
17.629999999972252, -1.338589957591424 
17.63999999997223, -1.3333307858020669 
17.649999999972206, -1.3337883570019458 
17.659999999972182, -1.3334484372818811 
17.66999999997216, -1.3313906131376159 
17.679999999972136, -1.3433649375537537 
17.689999999972112, -1.3675103025212147 
17.69999999997209, -1.3722263035227065 
17.709999999972066, -1.3725071673916192 
17.719999999972043, -1.3722421897164943 
17.72999999997202, -1.3724765590799926 
17.739999999971996, -1.3728905131396512 
17.749999999971973, -1.372966116713751 
17.75999999997195, -1.3726293195913493 
17.769999999971926, -1.3718962727873087 
17.779999999971903, -1.371006384644153 
17.78999999997188, -1.3706710161962106 
17.799999999971856, -1.3703653628574604 
17.809999999971833, -1.3683411560542542 
17.81999999997181, -1.3548341954439618 
17.829999999971786, -1.3280346558778149 
17.839999999971763, -1.3285437084773262 
17.84999999997174, -1.3290434263540234 
17.859999999971716, -1.3285134282181756 
17.869999999971693, -1.328645794925385 
17.87999999997167, -1.33918321123301 
17.889999999971646, -1.3461884502958774 
17.899999999971623, -1.3477240847638892 
17.9099999999716, -1.3476741882907048 
17.919999999971576, -1.3474473851084319 
17.929999999971553, -1.3475857360775452 
17.93999999997153, -1.3477266445395373 
17.949999999971507, -1.3475528180329817 
17.959999999971483, -1.3469448378524387 
17.96999999997146, -1.3458817562840528 
17.979999999971437, -1.3448151240443214 
17.989999999971413, -1.3445716431501147 
17.99999999997139, -1.3441604330328119 
18.009999999971367, -1.3410918447565396 
18.019999999971343, -1.3194784712932932 
18.02999999997132, -1.2914152303249435 
18.039999999971297, -1.2937888360877887 
18.049999999971273, -1.2941837213276681 
18.05999999997125, -1.2936092900944487 
18.069999999971227, -1.2940120919235256 
18.079999999971204, -1.3056666567557005 
18.08999999997118, -1.313491807849093 
18.099999999971157, -1.3152126727903668 
18.109999999971134, -1.3151958150460987 
18.11999999997111, -1.314978728259459 
18.129999999971087, -1.3152214030153737 
18.139999999971064, -1.3155121023242697 
18.14999999997104, -1.3155016886770452 
18.159999999971017, -1.3151189047199334 
18.169999999970994, -1.3143938387154803 
18.17999999997097, -1.313597701382446 
18.189999999970947, -1.3133078810105272 
18.199999999970924, -1.31302323322108 
18.2099999999709, -1.311420011964771 
18.219999999970877, -1.3040123552009977 
18.229999999970854, -1.2889244329264282 
18.23999999997083, -1.2861898156402556 
18.249999999970807, -1.2865973060735851 
18.259999999970784, -1.2861047762776017 
18.26999999997076, -1.2836256761655127 
18.279999999970737, -1.3008323830765995 
18.289999999970714, -1.3280304944312085 
18.29999999997069, -1.332675459251624 
18.309999999970668, -1.332914375105775 
18.319999999970644, -1.332647730791578 
18.32999999997062, -1.3330815330309407 
18.339999999970598, -1.3338297165873858 
18.349999999970574, -1.3341601560620875 
18.35999999997055, -1.334041111158604 
18.369999999970528, -1.3335627553291125 
18.379999999970504, -1.332978627118263 
18.38999999997048, -1.3326881038742213 
18.399999999970458, -1.3324652899204867 
18.409999999970434, -1.3313766416566046 
18.41999999997041, -1.327190918013132 
18.429999999970388, -1.3182232116834804 
18.439999999970365, -1.3149100038294628 
18.44999999997034, -1.3151916301187525 
18.459999999970318, -1.3147095006852145 
18.469999999970295, -1.3115360422093054 
18.47999999997027, -1.3271262174691307 
18.489999999970248, -1.360018242985436 
18.499999999970225, -1.3649389321630179 
18.5099999999702, -1.3651442740178952 
18.519999999970178, -1.3648777087088657 
18.529999999970155, -1.365342112014848 
18.53999999997013, -1.3660049611659912 
18.549999999970108, -1.3662273935144844 
18.559999999970085, -1.3660044932389745 
18.56999999997006, -1.365423632114728 
18.57999999997004, -1.3647569956470758 
18.589999999970015, -1.3644861221258764 
18.59999999996999, -1.364166982654228 
18.60999999996997, -1.3623665437601336 
18.619999999969945, -1.3538267364233008 
18.62999999996992, -1.3381602751277466 
18.6399999999699, -1.3372601406030469 
18.649999999969875, -1.3375385809068374 
18.659999999969852, -1.3368479491621947 
18.66999999996983, -1.3365073878185836 
18.679999999969805, -1.354006337167087 
18.689999999969782, -1.364287226284719 
18.69999999996976, -1.3659455169126375 
18.709999999969735, -1.3658547156687177 
18.719999999969712, -1.3656755689719473 
18.72999999996969, -1.3659470175168162 
18.739999999969665, -1.3661448008848602 
18.749999999969642, -1.3659861534608047 
18.75999999996962, -1.3654023413021779 
18.769999999969595, -1.3644110636677862 
18.779999999969572, -1.3635405936590663 
18.78999999996955, -1.3633501151149674 
18.799999999969526, -1.3627681888051504 
18.809999999969502, -1.3583088556420142 
18.81999999996948, -1.3313493695605043 
18.829999999969456, -1.3124624671601568 
18.839999999969432, -1.3148713055325525 
18.84999999996941, -1.3149689850288226 
18.859999999969386, -1.314226213441586 
18.869999999969362, -1.3168237387297215 
18.87999999996934, -1.3271918328825756 
18.889999999969316, -1.3318693739682879 
18.899999999969292, -1.3326931546331007 
18.90999999996927, -1.3325105106650004 
18.919999999969246, -1.332373386088069 
18.929999999969223, -1.3325767544903275 
18.9399999999692, -1.3326820165191988 
18.949999999969176, -1.332441034439354 
18.959999999969153, -1.331782017782659 
18.96999999996913, -1.3307420204605636 
18.979999999969106, -1.3299120255393944 
18.989999999969083, -1.3297369082131556 
18.99999999996906, -1.329150336033996 
19.009999999969036, -1.325073452745481 
19.019999999969013, -1.3040470721284945 
19.02999999996899, -1.2856380727130066 
19.039999999968966, -1.287133145009128 
19.049999999968943, -1.2872546420682816 
19.05999999996892, -1.2864247460760965 
19.069999999968896, -1.287833192893241 
19.079999999968873, -1.3057263469474694 
19.08999999996885, -1.31483558858187 
19.099999999968826, -1.3163090955985841 
19.109999999968803, -1.3162047879392513 
19.11999999996878, -1.3160599612744657 
19.129999999968756, -1.3164992907278354 
19.139999999968733, -1.316889190821482 
19.14999999996871, -1.3169209851091161 
19.159999999968687, -1.316573415183678 
19.169999999968663, -1.3159272493438356 
19.17999999996864, -1.3153019656788374 
19.189999999968617, -1.3150922069091253 
19.199999999968593, -1.3147281602155496 
19.20999999996857, -1.3128855107740018 
19.219999999968547, -1.3061702668050554 
19.229999999968523, -1.2956465801144201 
19.2399999999685, -1.2943853956388816 
19.249999999968477, -1.2945520263690369 
19.259999999968453, -1.2937847844868742 
19.26999999996843, -1.2900172873741953 
19.279999999968407, -1.3168912452160917 
19.289999999968384, -1.3431448903961043 
19.29999999996836, -1.346287693951052 
19.309999999968337, -1.3463043880648975 
19.319999999968314, -1.3460902203171896 
19.32999999996829, -1.3467848383554923 
19.339999999968267, -1.3475346710227434 
19.349999999968244, -1.3477882118539752 
19.35999999996822, -1.3475808390998691 
19.369999999968197, -1.3470507931321676 
19.379999999968174, -1.3465100064172693 
19.38999999996815, -1.3463006176463568 
19.399999999968127, -1.3459527285906905 
19.409999999968104, -1.344247061352993 
19.41999999996808, -1.3381489106441062 
19.429999999968057, -1.3285225491540713 
19.439999999968034, -1.3275450244339622 
19.44999999996801, -1.3276591199216004 
19.459999999967987, -1.32676969790613 
19.469999999967964, -1.3243713637467855 
19.47999999996794, -1.3531058997333396 
19.489999999967917, -1.3698647471183216 
19.499999999967894, -1.3717904122724953 
19.50999999996787, -1.371680354191598 
19.519999999967848, -1.371552148935076 
19.529999999967824, -1.3720708579585756 
19.5399999999678, -1.3724469650548081 
19.549999999967778, -1.3724085689938028 
19.559999999967754, -1.371957499629573 
19.56999999996773, -1.3711823628794622 
19.579999999967708, -1.3705282393382814 
19.589999999967684, -1.3703423929527627 
19.59999999996766, -1.3697003032101944 
19.609999999967638, -1.3655140660078358 
19.619999999967614, -1.3463236106889633 
19.62999999996759, -1.332982619562383 
19.639999999967568, -1.334345168458233 
19.649999999967545, -1.3342885148538601 
19.65999999996752, -1.3333160686308358 
19.669999999967498, -1.3378461682792637 
19.679999999967475, -1.3506199555127467 
19.68999999996745, -1.3550603787296813 
19.699999999967428, -1.355628371094849 
19.709999999967405, -1.3553908495386335 
19.71999999996738, -1.355339484452976 
19.729999999967358, -1.3555588567004486 
19.739999999967335, -1.3555926600494559 
19.74999999996731, -1.3552366271286862 
19.759999999967288, -1.3544250317962632 
19.769999999967265, -1.3532449037065581 
19.77999999996724, -1.3525880149878338 
19.78999999996722, -1.3524148377013936 
19.799999999967195, -1.3513490069646197 
19.80999999996717, -1.342543624316266 
19.81999999996715, -1.3059485871575183 
19.829999999967125, -1.2996679825543829 
19.8399999999671, -1.3012967275699332 
19.84999999996708, -1.3011377790777927 
19.859999999967055, -1.30030680875342 
19.869999999967032, -1.3059124642796027 
19.87999999996701, -1.3161093379971827 
19.889999999966985, -1.3196779359922233 
19.899999999966962, -1.3201337913103803 
19.90999999996694, -1.3198937028814455 
19.919999999966915, -1.3198788077812755 
19.929999999966892, -1.3201560558507361 
19.93999999996687, -1.320253993360737 
19.949999999966845, -1.3199937597931533 
19.959999999966822, -1.3193482261982847 
19.9699999999668, -1.318421435610959 
19.979999999966775, -1.3178176065882607 
19.989999999966752, -1.3176511068050532 
19.99999999996673, -1.316884544811243 
20.009999999966706, -1.3123421606043058 
20.019999999966682, -1.2956397555768329 
20.02999999996666, -1.284485160872842 
20.039999999966636, -1.285335932122868 
20.049999999966612, -1.2852674396812045 
20.05999999996659, -1.2840347608745595 
20.069999999966566, -1.2868645860061716 
20.079999999966542, -1.3139526447164396 
20.08999999996652, -1.3239688941976984 
20.099999999966496, -1.32511628678867 
20.109999999966472, -1.3249326666526124 
20.11999999996645, -1.3249113264153483 
20.129999999966426, -1.3255674422361627 
20.139999999966403, -1.3260369621881 
20.14999999996638, -1.3260840206403477 
20.159999999966356, -1.3257336606626513 
20.169999999966333, -1.3251295194242598 
20.17999999996631, -1.3246334892621048 
20.189999999966286, -1.3244663702256143 
20.199999999966263, -1.3239681189659227 
20.20999999996624, -1.3216808535260438 
20.219999999966216, -1.3146726363516505 
20.229999999966193, -1.3066821146939767 
20.23999999996617, -1.306456058556781 
20.249999999966146, -1.3064235557447301 
20.259999999966123, -1.3051591435516126 
20.2699999999661, -1.3018959934019387 
20.279999999966076, -1.3395383056878922 
20.289999999966053, -1.3565908340686252 
20.29999999996603, -1.3581536249156918 
20.309999999966006, -1.3579823458328224 
20.319999999965983, -1.3579515529797344 
20.32999999996596, -1.3587505059124567 
20.339999999965936, -1.359309058521985 
20.349999999965913, -1.3593794108763793 
20.35999999996589, -1.3590221264446176 
20.369999999965867, -1.3584041938399796 
20.379999999965843, -1.357914755784953 
20.38999999996582, -1.35774113136703 
20.399999999965797, -1.3571125760206242 
20.409999999965773, -1.3539453974305038 
20.41999999996575, -1.3433711823107877 
20.429999999965727, -1.3347353429865974 
20.439999999965703, -1.3352420025574436 
20.44999999996568, -1.3350977245937894 
20.459999999965657, -1.3336498320860317 
20.469999999965633, -1.3391735735188526 
20.47999999996561, -1.3629717773651446 
20.489999999965587, -1.369533091000806 
20.499999999965564, -1.3701482767995452 
20.50999999996554, -1.3698989891445146 
20.519999999965517, -1.3699658342415453 
20.529999999965494, -1.3703569982028379 
20.53999999996547, -1.3704816618799025 
20.549999999965447, -1.3702045891264594 
20.559999999965424, -1.36951398418701 
20.5699999999654, -1.3685518190480337 
20.579999999965377, -1.3680573441875066 
20.589999999965354, -1.3678445207713665 
20.59999999996533, -1.3665240285519018 
20.609999999965307, -1.356791001010295 
20.619999999965284, -1.3260256031202 
20.62999999996526, -1.3229737021020047 
20.639999999965237, -1.323976929244886 
20.649999999965214, -1.3236541983505368 
20.65999999996519, -1.322959723110514 
20.669999999965167, -1.3310545037516532 
20.679999999965144, -1.3397315402854069 
20.68999999996512, -1.3421260560032031 
20.699999999965097, -1.342276855035077 
20.709999999965074, -1.342014309394833 
20.71999999996505, -1.3420750712596525 
20.729999999965028, -1.3422642064979806 
20.739999999965004, -1.342199136220918 
20.74999999996498, -1.3417263907347865 
20.759999999964958, -1.3408074908427254 
20.769999999964934, -1.3396688675663926 
20.77999999996491, -1.3392482755055324 
20.789999999964888, -1.3390038256293832 
20.799999999964864, -1.3373319398256156 
20.80999999996484, -1.3248953587560441 
20.819999999964818, -1.2922103329639385 
20.829999999964794, -1.290674282045569 
20.83999999996477, -1.2915686723705473 
20.849999999964748, -1.2912233028149613 
20.859999999964725, -1.290339682162195 
20.8699999999647, -1.2999469801411687 
20.879999999964678, -1.3118012904818876 
20.889999999964655, -1.3150059350815642 
20.89999999996463, -1.3152670242830735 
20.909999999964608, -1.3150129737574532 
20.919999999964585, -1.3151553985651765 
20.92999999996456, -1.3155427379921638 
20.939999999964538, -1.3156742932743055 
20.949999999964515, -1.315437556871424 
20.95999999996449, -1.3148445949529015 
20.969999999964468, -1.3140656245794835 
20.979999999964445, -1.313636863827129 
20.98999999996442, -1.3134504209203313 
20.9999999999644, -1.3125086090894913 
21.009999999964375, -1.3079597536030145 
21.01999999996435, -1.2954978257352383 
21.02999999996433, -1.2890028264712385 
21.039999999964305, -1.2895089013863559 
21.04999999996428, -1.2892717565844043 
21.05999999996426, -1.287359527312519 
21.069999999964235, -1.2927839841912043 
21.079999999964212, -1.328625337717131 
21.08999999996419, -1.337626185933078 
21.099999999964165, -1.338356411963052 
21.109999999964142, -1.3381034762047632 
21.11999999996412, -1.3382867846838422 
21.129999999964095, -1.3391103141643461 
21.139999999964072, -1.339584987107612 
21.14999999996405, -1.3395876212355966 
21.159999999964025, -1.3391897120137555 
21.169999999964002, -1.338599308781685 
21.17999999996398, -1.3382106172302395 
21.189999999963955, -1.3380394825402497 
21.199999999963932, -1.3372930395406868 
21.20999999996391, -1.3341012625204365 
21.219999999963886, -1.3256335584929506 
21.229999999963862, -1.3199074651662184 
21.23999999996384, -1.320212964907778 
21.249999999963816, -1.3199556354453024 
21.259999999963792, -1.3178483808515717 
21.26999999996377, -1.3237333427106939 
21.279999999963746, -1.3596046519387766 
21.289999999963722, -1.3674407943016074 
21.2999999999637, -1.367994022093188 
21.309999999963676, -1.367724885935122 
21.319999999963652, -1.3679564586760036 
21.32999999996363, -1.368597214030909 
21.339999999963606, -1.368868865989918 
21.349999999963583, -1.3687018066579886 
21.35999999996356, -1.3681482234720594 
21.369999999963536, -1.367410077346115 
21.379999999963513, -1.367029043272463 
21.38999999996349, -1.3667955356309314 
21.399999999963466, -1.365482222154036 
21.409999999963443, -1.3581842198333636 
21.41999999996342, -1.3392233642764206 
21.429999999963396, -1.335983308737737 
21.439999999963373, -1.3365786949383143 
21.44999999996335, -1.3361321013018777 
21.459999999963326, -1.3351010152041214 
21.469999999963303, -1.3476614740557116 
21.47999999996328, -1.3591705336452735 
21.489999999963256, -1.3615831028969165 
21.499999999963233, -1.3616437044503347 
21.50999999996321, -1.3613986703397987 
21.519999999963186, -1.3615685260519406 
21.529999999963163, -1.3617868932486945 
21.53999999996314, -1.3616930487413061 
21.549999999963116, -1.3611783841145075 
21.559999999963093, -1.3602242649003713 
21.56999999996307, -1.3591830574162422 
21.579999999963047, -1.3589018973369975 
21.589999999963023, -1.3585299826013022 
21.599999999963, -1.3557890045612497 
21.609999999962977, -1.335674650896099 
21.619999999962953, -1.3063485801362291 
21.62999999996293, -1.3088051586905582 
21.639999999962907, -1.309242550957003 
21.649999999962883, -1.3086934752214687 
21.65999999996286, -1.3091939887675728 
21.669999999962837, -1.3192584652036266 
21.679999999962813, -1.3257834208949362 
21.68999999996279, -1.3272659766255588 
21.699999999962767, -1.3272183912518705 
21.709999999962744, -1.3269976384894873 
21.71999999996272, -1.3271675719010074 
21.729999999962697, -1.3273569707923867 
21.739999999962674, -1.327246152119261 
21.74999999996265, -1.3267392406555014 
21.759999999962627, -1.3258427161765576 
21.769999999962604, -1.3248979445544806 
21.77999999996258, -1.3246227884618578 
21.789999999962557, -1.3242846672069437 
21.799999999962534, -1.3221050185065546 
21.80999999996251, -1.3096412859169744 
21.819999999962487, -1.2868188820967048 
21.829999999962464, -1.2860820431957016 
21.83999999996244, -1.286540201477608 
21.849999999962417, -1.286006922531889 
21.859999999962394, -1.2848262084606024 
21.86999999996237, -1.3010095924410916 
21.879999999962347, -1.3165324778188803 
21.889999999962324, -1.3195686676671223 
21.8999999999623, -1.3196930092994594 
21.909999999962277, -1.3194494809817685 
21.919999999962254, -1.3197994497715237 
21.92999999996223, -1.3203275868716777 
21.939999999962208, -1.320512003366646 
21.949999999962184, -1.320300960014604 
21.95999999996216, -1.319751106797944 
21.969999999962138, -1.3190995759502702 
21.979999999962114, -1.3187967666745302 
21.98999999996209, -1.318565988692061 
21.999999999962068, -1.317401462948923 
22.009999999962044, -1.3127315171498601 
22.01999999996202, -1.3026739456156937 
22.029999999961998, -1.2991054303234568 
22.039999999961974, -1.2994263538905466 
22.04999999996195, -1.2989827732084684 
22.059999999961928, -1.2959694536743895 
22.069999999961905, -1.308879862824448 
22.07999999996188, -1.3450546050408838 
22.089999999961858, -1.3509573993315802 
22.099999999961835, -1.3512646004585316 
22.10999999996181, -1.3509848553146864 
22.119999999961788, -1.351441071469571 
22.129999999961765, -1.3522609362433637 
22.13999999996174, -1.3526197184699562 
22.149999999961718, -1.3525033247343137 
22.159999999961695, -1.3520168829097778 
22.16999999996167, -1.3514217065922138 
22.179999999961648, -1.3511325184611618 
22.189999999961625, -1.350886721484634 
22.1999999999616, -1.3496383000090426 
22.20999999996158, -1.3444784801911627 
22.219999999961555, -1.3334707645733055 
22.22999999996153, -1.330739092515398 
22.23999999996151, -1.3310554859605892 
22.249999999961485, -1.3304915090989236 
22.25999999996146, -1.3280688585308442 
22.26999999996144, -1.34796365144726 
22.279999999961415, -1.368245276546116 
22.289999999961392, -1.371293417802302 
22.29999999996137, -1.3713416853434257 
22.309999999961345, -1.371114924343516 
22.319999999961322, -1.3714888724389893 
22.3299999999613, -1.371879104024006 
22.339999999961275, -1.3718908379723616 
22.349999999961252, -1.3714888247616412 
22.35999999996123, -1.370716594536038 
22.369999999961205, -1.3699192720500566 
22.379999999961182, -1.3696833689123484 
22.38999999996116, -1.3692441758878815 
22.399999999961135, -1.366296591287991 
22.409999999961112, -1.3493418254245795 
22.41999999996109, -1.3286164386446888 
22.429999999961066, -1.3300867626155133 
22.439999999961042, -1.3302771150062251 
22.44999999996102, -1.3295432459763676 
22.459999999960996, -1.3312289180680974 
22.469999999960972, -1.3433562050412482 
22.47999999996095, -1.3491453059970073 
22.489999999960926, -1.3501596406514256 
22.499999999960902, -1.3499989266534094 
22.50999999996088, -1.34984204634546 
22.519999999960856, -1.3500358894401066 
22.529999999960832, -1.3501373085237467 
22.53999999996081, -1.3498844964319128 
22.549999999960786, -1.3491891561921283 
22.559999999960763, -1.3480674956422614 
22.56999999996074, -1.3471773383317915 
22.579999999960716, -1.3470056949025966 
22.589999999960693, -1.3463740823214474 
22.59999999996067, -1.3414539971309587 
22.609999999960646, -1.3127152676936171 
22.619999999960623, -1.2944520158777806 
22.6299999999606, -1.2968087653511216 
22.639999999960576, -1.2969059108484091 
22.649999999960553, -1.296139420002848 
22.65999999996053, -1.2985810473273784 
22.669999999960506, -1.3107909722236526 
22.679999999960483, -1.3165586896443213 
22.68999999996046, -1.317584067621903 
22.699999999960436, -1.3174328733981526 
22.709999999960413, -1.3172974790152663 
22.71999999996039, -1.3175924763390903 
22.729999999960366, -1.3178109105677445 
22.739999999960343, -1.3176971429617474 
22.74999999996032, -1.317206553120696 
22.759999999960296, -1.3163955511413317 
22.769999999960273, -1.3156629566828266 
22.77999999996025, -1.3154627495620503 
22.789999999960227, -1.3150214594856129 
22.799999999960203, -1.3124952329454271 
22.80999999996018, -1.3017793894919505 
22.819999999960157, -1.2871357172385127 
22.829999999960133, -1.2868093918415493 
22.83999999996011, -1.2869924724627824 
22.849999999960087, -1.2862003146445453 
22.859999999960063, -1.2844142795772435 
22.86999999996004, -1.3100983346247392 
22.879999999960017, -1.3283224211826445 
22.889999999959993, -1.3308163252291743 
22.89999999995997, -1.3307998920156312 
22.909999999959947, -1.3306065004518883 
22.919999999959924, -1.3312009903594137 
22.9299999999599, -1.3318257119630514 
22.939999999959877, -1.3320177809024523 
22.949999999959854, -1.3317838493695473 
22.95999999995983, -1.3312357686098095 
22.969999999959807, -1.3306744552956964 
22.979999999959784, -1.3304589161290268 
22.98999999995976, -1.3301336600481704 
22.999999999959737, -1.3285516323476316 
23.009999999959714, -1.3229912896114537 
23.01999999995969, -1.3137664481770175 
23.029999999959667, -1.3123254750560278 
23.039999999959644, -1.312476525309216 
23.04999999995962, -1.3116959687724883 
23.059999999959597, -1.3078905106062646 
23.069999999959574, -1.3353958588397226 
23.07999999995955, -1.3596816735775181 
23.089999999959527, -1.3624821535205742 
23.099999999959504, -1.362457623112609 
23.10999999995948, -1.362269133929304 
23.119999999959457, -1.362902088834239 
23.129999999959434, -1.3634935602686873 
23.13999999995941, -1.363622998393289 
23.149999999959388, -1.3633181330534816 
23.159999999959364, -1.3626952440575708 
23.16999999995934, -1.3620938028051766 
23.179999999959318, -1.3618906441894894 
23.189999999959294, -1.3614352424927612 
23.19999999995927, -1.358917492267408 
23.209999999959248, -1.3485212490264706 
23.219999999959224, -1.3357258727829553 
23.2299999999592, -1.3360213805745742 
23.239999999959178, -1.3360730501763658 
23.249999999959154, -1.3350807236637428 
23.25999999995913, -1.3369262925872252 
23.269999999959108, -1.3572529436895562 
23.279999999959085, -1.3653129022895314 
23.28999999995906, -1.366348494112569 
23.299999999959038, -1.3661575426063246 
23.309999999959015, -1.3660802827500402 
23.31999999995899, -1.3664095256042317 
23.329999999958968, -1.3665654242669565 
23.339999999958945, -1.366339618036899 
23.34999999995892, -1.3656901855873367 
23.359999999958898, -1.3646835265727395 
23.369999999958875, -1.3639934140660013 
23.37999999995885, -1.3638206817095206 
23.389999999958828, -1.3629552963936193 
23.399999999958805, -1.3562870652965786 
23.40999999995878, -1.3255098695228396 
23.41999999995876, -1.3155063065510486 
23.429999999958735, -1.3172143926136823 
23.43999999995871, -1.3170972057830492 
23.44999999995869, -1.3162430528063536 
23.459999999958665, -1.321334794270678 
23.46999999995864, -1.33144329363526 
23.47999999995862, -1.3350060089508224 
23.489999999958595, -1.3354654765025324 
23.499999999958572, -1.335222314900033 
23.50999999995855, -1.3351813639722037 
23.519999999958525, -1.3354016167549945 
23.529999999958502, -1.3354432648014136 
23.53999999995848, -1.335110151892608 
23.549999999958455, -1.3343522582601623 
23.559999999958432, -1.3332652730978443 
23.56999999995841, -1.332620777370039 
23.579999999958385, -1.3324528435815666 
23.589999999958362, -1.3315356320765583 
23.59999999995834, -1.325020637312667 
23.609999999958315, -1.2983542528861132 
23.619999999958292, -1.2877507715195895 
23.62999999995827, -1.2891582913074209 
23.639999999958246, -1.2890529799790187 
23.649999999958222, -1.2879800373887436 
23.6599999999582, -1.2930701232208366 
23.669999999958176, -1.3100798563458755 
23.679999999958152, -1.3161331713034716 
23.68999999995813, -1.3169178607559087 
23.699999999958106, -1.316709300486875 
23.709999999958082, -1.316697245266683 
23.71999999995806, -1.3171614779349607 
23.729999999958036, -1.317449767460032 
23.739999999958012, -1.3173694789558488 
23.74999999995799, -1.3169188249123032 
23.759999999957966, -1.3162128360538354 
23.769999999957943, -1.3156630008938615 
23.77999999995792, -1.3154948689100487 
23.789999999957896, -1.3149374613239369 
23.799999999957873, -1.3121864001908736 
23.80999999995785, -1.3032098042464901 
23.819999999957826, -1.293835379821386 
23.829999999957803, -1.2938397098352437 
23.83999999995778, -1.2938220109997869 
23.849999999957756, -1.2926099325977174 
23.859999999957733, -1.2904760084864781 
23.86999999995771, -1.326359307069954 
23.879999999957686, -1.3428958151665296 
23.889999999957663, -1.3445333700044306 
23.89999999995764, -1.3443807043488651 
23.909999999957616, -1.3443215099450008 
23.919999999957593, -1.3451240816101506 
23.92999999995757, -1.345735342072347 
23.939999999957546, -1.345858456104427 
23.949999999957523, -1.3455487402720097 
23.9599999999575, -1.3449728451780898 
23.969999999957476, -1.344489329092506 
23.979999999957453, -1.3443189590357925 
23.98999999995743, -1.3438056954930295 
23.999999999957407, -1.3413948146220633 
24.009999999957383, -1.333722666248995 
24.01999999995736, -1.3254516507689464 
24.029999999957337, -1.325476089408691 
24.039999999957313, -1.3254083130302978 
24.04999999995729, -1.324050459953655 
24.059999999957267, -1.324600961920555 
24.069999999957243, -1.3577166681097508 
24.07999999995722, -1.3689303357782054 
24.089999999957197, -1.3699867038065554 
24.099999999957173, -1.3697704576816723 
24.10999999995715, -1.369796644978191 
24.119999999957127, -1.3703642463412156 
24.129999999957104, -1.3706655043372262 
24.13999999995708, -1.3705438681270623 
24.149999999957057, -1.3700193894562398 
24.159999999957034, -1.3692260537912853 
24.16999999995701, -1.3687030198569012 
24.179999999956987, -1.3685151353806462 
24.189999999956964, -1.367571949103342 
24.19999999995694, -1.3616221105112343 
24.209999999956917, -1.3403450329195803 
24.219999999956894, -1.332958735887829 
24.22999999995687, -1.3339828780825886 
24.239999999956847, -1.3337351253002254 
24.249999999956824, -1.3326460927160346 
24.2599999999568, -1.340663815595749 
24.269999999956777, -1.352691824230316 
24.279999999956754, -1.3559753607928346 
24.28999999995673, -1.3562485600073806 
24.299999999956707, -1.3559855500214906 
24.309999999956684, -1.3560399692928615 
24.31999999995666, -1.356264372080119 
24.329999999956637, -1.3562370719640378 
24.339999999956614, -1.3558019672381796 
24.34999999995659, -1.354915343609225 
24.359999999956568, -1.3537703564126307 
24.369999999956544, -1.3533177904943137 
24.37999999995652, -1.3530810481021958 
24.389999999956498, -1.3514378183785427 
24.399999999956474, -1.3382878713770974 
24.40999999995645, -1.3026150118752995 
24.419999999956428, -1.3021810794376951 
24.429999999956404, -1.3031414736492026 
24.43999999995638, -1.3028007015026386 
24.449999999956358, -1.302184431732537 
24.459999999956334, -1.3105095387578467 
24.46999999995631, -1.3194781650214333 
24.479999999956288, -1.322016632388558 
24.489999999956265, -1.3222006513030409 
24.49999999995624, -1.3219436830910005 
24.509999999956218, -1.32203655503083 
24.519999999956195, -1.3223024211736853 
24.52999999995617, -1.3223243765060906 
24.539999999956148, -1.3219723060924111 
24.549999999956125, -1.3212376672124133 
24.5599999999561, -1.3202989757672516 
24.569999999956078, -1.3198543146024522 
24.579999999956055, -1.3196496211000466 
24.58999999995603, -1.3184680012998906 
24.599999999956008, -1.3116608111257482 
24.609999999955985, -1.2920031259595253 
24.61999999995596, -1.285863275562223 
24.62999999995594, -1.2866419216045493 
24.639999999955915, -1.2863730504650381 
24.64999999995589, -1.2847516101332144 
24.65999999995587, -1.2938606671301836 
24.669999999955845, -1.3181838050208423 
24.67999999995582, -1.3243748740532133 
24.6899999999558, -1.3249285541884785 
24.699999999955775, -1.3246770160972967 
24.709999999955752, -1.3248435125199836 
24.71999999995573, -1.325490431717358 
24.729999999955705, -1.3258401807736955 
24.739999999955682, -1.325773177114756 
24.74999999995566, -1.3253309905289485 
24.759999999955635, -1.3246966617722935 
24.769999999955612, -1.3242858704092502 
24.77999999995559, -1.324116162738032 
24.789999999955565, -1.323373037804242 
24.799999999955542, -1.3201441848687436 
24.80999999995552, -1.311502836592971 
24.819999999955495, -1.305346339020681 
24.829999999955472, -1.3056212179443505 
24.83999999995545, -1.305406594495495 
24.849999999955426, -1.3034416566965086 
24.859999999955402, -1.3057030218969399 
24.86999999995538, -1.3458156246134283 
24.879999999955356, -1.3559942660478157 
24.889999999955332, -1.3567641176116556 
24.89999999995531, -1.356506535353815 
24.909999999955286, -1.356696907919817 
24.919999999955262, -1.357504392194288 
24.92999999995524, -1.3579383247643324 
24.939999999955216, -1.3578971376010585 
24.949999999955192, -1.3574553940612843 
24.95999999995517, -1.3568187798897913 
24.969999999955146, -1.356423608064371 
24.979999999955123, -1.3562320863194959 
24.9899999999551, -1.3553089470862127 
24.999999999955076, -1.3509075515793472 
