t, s[1].omega / s[0].omega 
0, -0.359994044958057 
0.009999999999999995, -0.35946760848095927 
0.019999999999999934, -0.35906971401683296 
0.029999999999999874, -0.35877154613310014 
0.04000000000000012, -0.35853157969873084 
0.050000000000000405, -0.3583073940673375 
0.06000000000000069, -0.35806451872918316 
0.07000000000000098, -0.35777990817007266 
0.08000000000000126, -0.35744041296345186 
0.09000000000000155, -0.3570385601893721 
0.10000000000000184, -0.356567795704311 
0.11000000000000212, -0.35601783614606186 
0.12000000000000241, -0.35536895180123607 
0.130000000000002, -0.35458165847628087 
0.1400000000000009, -0.3535738663024674 
0.1499999999999998, -0.35216872875614325 
0.1599999999999987, -0.3499850805474919 
0.1699999999999976, -0.3462573308876204 
0.1799999999999965, -0.339717617099901 
0.1899999999999954, -0.3290294488430817 
0.1999999999999943, -0.31417210638509674 
0.2099999999999932, -0.2974544049815017 
0.2199999999999921, -0.28211873766032014 
0.229999999999991, -0.27006888531667383 
0.2399999999999899, -0.2614507024353347 
0.2499999999999888, -0.2555573665841287 
0.2599999999999877, -0.251582934543173 
0.2699999999999866, -0.2488985603442618 
0.2799999999999855, -0.24707638624069558 
0.2899999999999844, -0.24584251401173912 
0.2999999999999833, -0.24502831117175944 
0.3099999999999822, -0.24453578254940367 
0.3199999999999811, -0.24431653513143764 
0.32999999999998, -0.24436117128912072 
0.3399999999999789, -0.24469685299656424 
0.3499999999999778, -0.24539229601493737 
0.35999999999997667, -0.24657083892534987 
0.36999999999997557, -0.24843299962453927 
0.37999999999997447, -0.25128840366566696 
0.38999999999997337, -0.25558774796748523 
0.39999999999997227, -0.26191575545050727 
0.40999999999997117, -0.27084228307759994 
0.41999999999997006, -0.2824824126535367 
0.42999999999996896, -0.29584871797425333 
0.43999999999996786, -0.3087683664253525 
0.44999999999996676, -0.31909921381913875 
0.45999999999996566, -0.3261037958563648 
0.46999999999996456, -0.3303638420198187 
0.47999999999996346, -0.3328345853486717 
0.48999999999996235, -0.3342616532308692 
0.49999999999996125, -0.3350951782642943 
0.5099999999999602, -0.3355801418347701 
0.519999999999959, -0.33584581053721807 
0.529999999999958, -0.33596023059539515 
0.5399999999999568, -0.3359590640010629 
0.5499999999999557, -0.33586081243210486 
0.5599999999999546, -0.33567606316212495 
0.5699999999999535, -0.3354148013131837 
0.5799999999999524, -0.3350932333776726 
0.5899999999999513, -0.3347391844712801 
0.5999999999999502, -0.33439335971910805 
0.6099999999999491, -0.3341041853466767 
0.619999999999948, -0.33391703507867676 
0.6299999999999469, -0.3338618012166328 
0.6399999999999458, -0.33394318437527126 
0.6499999999999447, -0.3341367531267728 
0.6599999999999436, -0.3343929818646701 
0.6699999999999425, -0.3346497229634545 
0.6799999999999414, -0.3348488720813137 
0.6899999999999403, -0.3349490196517019 
0.6999999999999392, -0.3349282789560901 
0.7099999999999381, -0.3347782673868225 
0.719999999999937, -0.33449419501101485 
0.7299999999999359, -0.3340647376606039 
0.7399999999999348, -0.333461914288835 
0.7499999999999337, -0.3326283448196461 
0.7599999999999326, -0.3314575106804522 
0.7699999999999315, -0.3297624942533143 
0.7799999999999304, -0.32723498359592523 
0.7899999999999293, -0.3234232562754268 
0.7999999999999282, -0.3178185129370295 
0.8099999999999271, -0.31016868204830306 
0.819999999999926, -0.3009185125289286 
0.8299999999999249, -0.29125539707774817 
0.8399999999999238, -0.2824787754786611 
0.8499999999999227, -0.2753284985390597 
0.8599999999999216, -0.2698931759185998 
0.8699999999999205, -0.2659039081747722 
0.8799999999999194, -0.26300879292436025 
0.8899999999999183, -0.26090275230849597 
0.8999999999999172, -0.259359503485768 
0.9099999999999161, -0.25822449702913375 
0.919999999999915, -0.25739925441256734 
0.9299999999999139, -0.2568280421215233 
0.9399999999999128, -0.2564897165877793 
0.9499999999999117, -0.2563952537569978 
0.9599999999999106, -0.2565914738319902 
0.9699999999999095, -0.25717243683611823 
0.9799999999999084, -0.2583014583902111 
0.9899999999999073, -0.2602480359225905 
0.9999999999999062, -0.263442443682946 
1.0099999999999052, -0.2685363840839804 
1.019999999999904, -0.27640355173628994 
1.029999999999903, -0.2878807088167221 
1.039999999999902, -0.30293601743467097 
1.0499999999999008, -0.319488309356909 
1.0599999999998997, -0.33368533050686283 
1.0699999999998986, -0.34278519883276215 
1.0799999999998975, -0.34713868285454874 
1.0899999999998964, -0.34871982019314196 
1.0999999999998953, -0.3491489770192048 
1.1099999999998942, -0.34922767355376927 
1.119999999999893, -0.34924312973866756 
1.129999999999892, -0.34926729438859627 
1.1399999999998909, -0.3493034992100278 
1.1499999999998898, -0.34934024267011543 
1.1599999999998887, -0.34936686845317433 
1.1699999999998876, -0.34937675855874056 
1.1799999999998865, -0.34936762111770236 
1.1899999999998854, -0.34934205582996913 
1.1999999999998843, -0.3493092178470879 
1.2099999999998832, -0.3492872130018307 
1.219999999999882, -0.34930484419281926 
1.229999999999881, -0.34940065761309114 
1.2399999999998799, -0.34961757331669446 
1.2499999999998788, -0.34999279328873617 
1.2599999999998777, -0.3505443730787555 
1.2699999999998766, -0.35125773562909096 
1.2799999999998755, -0.3520783589205358 
1.2899999999998744, -0.35291869983614194 
1.2999999999998733, -0.35368165173097676 
1.3099999999998722, -0.35428948454979203 
1.319999999999871, -0.3547006382227328 
1.32999999999987, -0.35490689590754443 
1.3399999999998689, -0.3549181454600715 
1.3499999999998678, -0.3547456651701159 
1.3599999999998666, -0.35438911248259986 
1.3699999999998655, -0.35382629742419486 
1.3799999999998644, -0.3530022653564815 
1.3899999999998633, -0.3518145441537229 
1.3999999999998622, -0.3500948331695629 
1.4099999999998611, -0.3475979041957463 
1.41999999999986, -0.34403097105659486 
1.429999999999859, -0.33917650553572243 
1.4399999999998578, -0.3331099769301394 
1.4499999999998567, -0.32634415120217736 
1.4599999999998556, -0.3196668272533071 
1.4699999999998545, -0.3137539461647317 
1.4799999999998534, -0.3089224277354042 
1.4899999999998523, -0.305165896501241 
1.4999999999998512, -0.3023147749956795 
1.5099999999998501, -0.30016450258572946 
1.519999999999849, -0.2985367463886816 
1.529999999999848, -0.2972966861106414 
1.5399999999998468, -0.2963514581834213 
1.5499999999998457, -0.29564358756839243 
1.5599999999998446, -0.2951452650313337 
1.5699999999998435, -0.29485571517500897 
1.5799999999998424, -0.2948027792471972 
1.5899999999998413, -0.2950499638790051 
1.5999999999998402, -0.29571105034814554 
1.6099999999998391, -0.2969755822254708 
1.619999999999838, -0.2991491618771001 
1.629999999999837, -0.3027086310738498 
1.6399999999998358, -0.30835153682146743 
1.6499999999998347, -0.31695317966464986 
1.6599999999998336, -0.3292128616508125 
1.6699999999998325, -0.3447510477067983 
1.6799999999998314, -0.3611557271524205 
1.6899999999998303, -0.3747765020250056 
1.6999999999998292, -0.38349915175864124 
1.709999999999828, -0.38795583040145604 
1.719999999999827, -0.3899304661225263 
1.729999999999826, -0.39079496049155343 
1.7399999999998248, -0.3912329566475248 
1.7499999999998237, -0.3915094817396214 
1.7599999999998226, -0.39171004915593105 
1.7699999999998215, -0.39185742951030056 
1.7799999999998204, -0.39195585022086743 
1.7899999999998193, -0.3920050175805817 
1.7999999999998182, -0.3920038980205388 
1.809999999999817, -0.3919519812851639 
1.819999999999816, -0.3918508300809041 
1.8299999999998149, -0.39170679526470864 
1.8399999999998138, -0.39153453854388476 
1.8499999999998127, -0.3913596775491636 
1.8599999999998116, -0.3912179839545421 
1.8699999999998105, -0.3911493410915577 
1.8799999999998094, -0.39118722134452877 
1.8899999999998083, -0.39134695837753014 
1.8999999999998072, -0.39161706687128134 
1.909999999999806, -0.3919577653728799 
1.919999999999805, -0.39230946691924945 
1.9299999999998039, -0.3926093801627915 
1.9399999999998028, -0.3928082320310339 
1.9499999999998017, -0.3928782883083402 
1.9599999999998006, -0.39281039707661736 
1.9699999999997995, -0.39260458197564974 
1.9799999999997984, -0.3922596609223919 
1.9899999999997973, -0.39176405530014025 
1.9999999999997962, -0.39108643680536775 
2.0099999999998173, -0.39016247081070177 
2.0199999999998384, -0.3888718480544554 
2.0299999999998595, -0.38699797694805166 
2.0399999999998806, -0.3841664055775993 
2.0499999999999017, -0.37978708416506063 
2.059999999999923, -0.3731132093203989 
2.069999999999944, -0.36362542177803525 
2.079999999999965, -0.35171821783085183 
2.089999999999986, -0.33895277024619547 
2.100000000000007, -0.3272262519321663 
2.1100000000000283, -0.3176900564591175 
2.1200000000000494, -0.31052267393158894 
2.1300000000000705, -0.3053540683374681 
2.1400000000000916, -0.30168565998125774 
2.1500000000001127, -0.2990872466506338 
2.160000000000134, -0.29724258887282 
2.170000000000155, -0.2959364613126293 
2.180000000000176, -0.29502980713586013 
2.190000000000197, -0.29443870906161096 
2.2000000000002182, -0.29412038805741536 
2.2100000000002393, -0.29406585276030417 
2.2200000000002604, -0.29429846618767364 
2.2300000000002815, -0.2948783205707555 
2.2400000000003026, -0.2959131399397654 
2.2500000000003237, -0.29757697500503977 
2.260000000000345, -0.30013704361019894 
2.270000000000366, -0.3039831903678181 
2.280000000000387, -0.3096350417209036 
2.290000000000408, -0.31765690055007834 
2.3000000000004293, -0.3283570149507601 
2.3100000000004504, -0.34123589979811975 
2.3200000000004715, -0.3546223499548443 
2.3300000000004926, -0.3663143042804073 
2.3400000000005137, -0.3749597088562334 
2.3500000000005348, -0.3806026437762955 
2.360000000000556, -0.3840405088014915 
2.370000000000577, -0.3860875650822525 
2.380000000000598, -0.3873061101677914 
2.390000000000619, -0.38802773029521137 
2.4000000000006403, -0.38843642314519333 
2.4100000000006614, -0.38863205409125057 
2.4200000000006825, -0.38866729792834703 
2.4300000000007036, -0.3885676156520509 
2.4400000000007247, -0.38834275794399575 
2.450000000000746, -0.3879952465654564 
2.460000000000767, -0.3875289035651043 
2.470000000000788, -0.38695798018026273 
2.480000000000809, -0.38631422783147973 
2.49000000000083, -0.38564706694395573 
2.5000000000008513, -0.3850141297987597 
2.5100000000008724, -0.38446568736751335 
2.5200000000008935, -0.38403080882422336 
2.5300000000009146, -0.3837111874711857 
2.5400000000009357, -0.3834836723476886 
2.550000000000957, -0.383309350381586 
2.560000000000978, -0.38314553584069083 
2.570000000000999, -0.38295614237030495 
2.58000000000102, -0.38271682340058655 
2.5900000000010412, -0.3824143462048382 
2.6000000000010624, -0.38204246260754166 
2.6100000000010835, -0.38159696956891015 
2.6200000000011046, -0.38107124720699936 
2.6300000000011257, -0.3804517612733297 
2.6400000000011468, -0.3797111364726663 
2.650000000001168, -0.3787932731182274 
2.660000000001189, -0.3775782518642813 
2.67000000000121, -0.37580278154197744 
2.680000000001231, -0.37290587639492717 
2.6900000000012523, -0.36783510477659026 
2.7000000000012734, -0.35912686147579814 
2.7100000000012945, -0.34587760567195713 
2.7200000000013156, -0.3292904395483107 
2.7300000000013367, -0.3125424129028651 
2.740000000001358, -0.29845489954637094 
2.750000000001379, -0.2879877780770038 
2.7600000000014, -0.2807228291366485 
2.770000000001421, -0.27582341673241906 
2.780000000001442, -0.2725410164861736 
2.7900000000014633, -0.27033713164556905 
2.8000000000014844, -0.2688572956307803 
2.8100000000015055, -0.26787807830437005 
2.8200000000015266, -0.2672637401807042 
2.8300000000015477, -0.26693760236057174 
2.840000000001569, -0.266865395253857 
2.85000000000159, -0.2670474402313804 
2.860000000001611, -0.26751773267961954 
2.870000000001632, -0.2683492330523431 
2.8800000000016532, -0.2696654624059155 
2.8900000000016743, -0.27165817245222446 
2.9000000000016954, -0.2746073832937072 
2.9100000000017165, -0.2788883960933236 
2.9200000000017377, -0.28492282414241843 
2.9300000000017588, -0.29299393680800606 
2.94000000000178, -0.30288032740032034 
2.950000000001801, -0.31352925870003473 
2.960000000001822, -0.32332008643314064 
2.970000000001843, -0.3309906630264982 
2.9800000000018643, -0.3362662198887087 
2.9900000000018854, -0.33960325513097206 
3.0000000000019065, -0.34162815427338045 
3.0100000000019276, -0.3428341409915304 
3.0200000000019487, -0.34353620245033034 
3.03000000000197, -0.34391782113197167 
3.040000000001991, -0.3440812156697811 
3.050000000002012, -0.3440809505471166 
3.060000000002033, -0.3439438303443577 
3.070000000002054, -0.34368126872790616 
3.0800000000020753, -0.34329888786480767 
3.0900000000020964, -0.3428059484599745 
3.1000000000021175, -0.34222440336436943 
3.1100000000021386, -0.3415942045816051 
3.1200000000021597, -0.3409704282186017 
3.130000000002181, -0.3404114219142516 
3.140000000002202, -0.33996322475131496 
3.150000000002223, -0.3396476595834961 
3.160000000002244, -0.339458140673384 
3.1700000000022652, -0.339363241017837 
3.1800000000022863, -0.33931634875649175 
3.1900000000023074, -0.33926838507188645 
3.2000000000023285, -0.33917880611907186 
3.2100000000023496, -0.3390206151669125 
3.2200000000023707, -0.33877864868377683 
3.230000000002392, -0.33844367730303826 
3.240000000002413, -0.33800516931207053 
3.250000000002434, -0.33744359862881745 
3.260000000002455, -0.33672069103179053 
3.2700000000024763, -0.335763402448561 
3.2800000000024974, -0.33443402652577936 
3.2900000000025185, -0.33247531004914305 
3.3000000000025396, -0.3294251515093921 
3.3100000000025607, -0.3245445753295532 
3.3200000000025818, -0.31694381925611703 
3.330000000002603, -0.3061891280475538 
3.340000000002624, -0.2931543471168182 
3.350000000002645, -0.2799390282809183 
3.360000000002666, -0.26851681374235803 
3.3700000000026873, -0.2597079504684762 
3.3800000000027084, -0.25334488161570534 
3.3900000000027295, -0.24887687463812874 
3.4000000000027506, -0.2457567155755119 
3.4100000000027717, -0.2435661464954359 
3.420000000002793, -0.2420183962691398 
3.430000000002814, -0.24092798350703815 
3.440000000002835, -0.24018144473997877 
3.450000000002856, -0.239716930075687 
3.460000000002877, -0.2395127358468982 
3.4700000000028983, -0.23958364467404594 
3.4800000000029194, -0.23998478331485806 
3.4900000000029405, -0.240824167519646 
3.5000000000029616, -0.2422867438389878 
3.5100000000029827, -0.244673669168384 
3.520000000003004, -0.24845702446258172 
3.530000000003025, -0.2543295874393424 
3.540000000003046, -0.2631619821541008 
3.550000000003067, -0.2756446352902986 
3.5600000000030882, -0.2913786982404204 
3.5700000000031094, -0.307954262482547 
3.5800000000031305, -0.3218145135410212 
3.5900000000031516, -0.3309485832232588 
3.6000000000031727, -0.33592395800605224 
3.6100000000031938, -0.3383636706837575 
3.620000000003215, -0.3395500704014972 
3.630000000003236, -0.34016972669011686 
3.640000000003257, -0.3405282744200792 
3.650000000003278, -0.3407514577851443 
3.6600000000032993, -0.34089053703112926 
3.6700000000033204, -0.340967359668232 
3.6800000000033415, -0.34099216876681826 
3.6900000000033626, -0.3409709041045777 
3.7000000000033837, -0.34090916372446134 
3.710000000003405, -0.3408156748120519 
3.720000000003426, -0.34070600724338596 
3.730000000003447, -0.3406057364267939 
3.740000000003468, -0.3405511206878856 
3.750000000003489, -0.34058533708661054 
3.7600000000035103, -0.34074981414804517 
3.7700000000035314, -0.34107219420159424 
3.7800000000035525, -0.34155383023525976 
3.7900000000035736, -0.3421611666736647 
3.8000000000035947, -0.342827105027099 
3.810000000003616, -0.34346649112359645 
3.820000000003637, -0.3440007426511313 
3.830000000003658, -0.34437773224676255 
3.840000000003679, -0.3445761741767333 
3.8500000000037002, -0.3445960280598717 
3.8600000000037213, -0.34444378156544003 
3.8700000000037424, -0.3441192008599462 
3.8800000000037635, -0.34360452734452135 
3.8900000000037847, -0.3428535157514131 
3.9000000000038058, -0.3417768315563324 
3.910000000003827, -0.34022205597129085 
3.920000000003848, -0.33795399348081623 
3.930000000003869, -0.3346611095349516 
3.94000000000389, -0.3300444002407426 
3.9500000000039113, -0.324032239566926 
3.9600000000039324, -0.31701166156316685 
3.9700000000039535, -0.30978789237228793 
3.9800000000039746, -0.3031930010001068 
3.9900000000039957, -0.297711121677954 
4.000000000004016, -0.2934251749762221 
4.010000000003993, -0.29018060666458934 
4.02000000000397, -0.28775152813484406 
4.030000000003946, -0.2859297099251398 
4.040000000003923, -0.2845536312041157 
4.0500000000039, -0.2835096075448863 
4.0600000000038765, -0.28272443596949526 
4.070000000003853, -0.2821579607216332 
4.08000000000383, -0.2817986157828813 
4.090000000003807, -0.28166316180121337 
4.100000000003783, -0.2818016842466062 
4.11000000000376, -0.2823096471077427 
4.120000000003737, -0.28335005072615094 
4.130000000003713, -0.2851898520855859 
4.14000000000369, -0.28825300521934516 
4.150000000003667, -0.2931780655623155 
4.1600000000036434, -0.30081542677359624 
4.17000000000362, -0.3119731017823032 
4.180000000003597, -0.3266163327446229 
4.1900000000035735, -0.34273481367906006 
4.20000000000355, -0.35658591082596347 
4.210000000003527, -0.3654535070317257 
4.220000000003504, -0.3696411341168969 
4.23000000000348, -0.37109982405638 
4.240000000003457, -0.37145158524681743 
4.250000000003434, -0.3714935081821177 
4.26000000000341, -0.371500286928655 
4.270000000003387, -0.37153107406848773 
4.280000000003364, -0.3715798875785602 
4.2900000000033405, -0.3716294211825535 
4.300000000003317, -0.37166554088962195 
4.310000000003294, -0.37167928550807694 
4.320000000003271, -0.37166623573821017 
4.330000000003247, -0.3716264327772769 
4.340000000003224, -0.371565673660761 
4.350000000003201, -0.37149790257479887 
4.360000000003177, -0.3714473964623816 
4.370000000003154, -0.37144859795812485 
4.380000000003131, -0.3715416109618173 
4.390000000003107, -0.3717629485449856 
4.400000000003084, -0.3721332249987354 
4.410000000003061, -0.37264519852847344 
4.4200000000030375, -0.3732572743973702 
4.430000000003014, -0.3738984550341599 
4.440000000002991, -0.37448665095704303 
4.450000000002968, -0.37495248522881186 
4.460000000002944, -0.37525480794919275 
4.470000000002921, -0.3753806062161422 
4.480000000002898, -0.3753335878495445 
4.490000000002874, -0.37512005187219283 
4.500000000002851, -0.374736898121995 
4.510000000002828, -0.37416142043444894 
4.520000000002804, -0.3733395651767431 
4.530000000002781, -0.3721683510505017 
4.540000000002758, -0.3704690524765727 
4.5500000000027345, -0.3679546746723822 
4.560000000002711, -0.36421932093945175 
4.570000000002688, -0.3588248466541943 
4.580000000002665, -0.35157319595502334 
4.590000000002641, -0.3428666906190151 
4.600000000002618, -0.333740256709475 
4.610000000002595, -0.325346502108526 
4.620000000002571, -0.3183857093500722 
4.630000000002548, -0.31299296045399927 
4.640000000002525, -0.30896478563457985 
4.6500000000025015, -0.30599798524307786 
4.660000000002478, -0.3038152882673196 
4.670000000002455, -0.302203818919624 
4.6800000000024315, -0.3010144105357987 
4.690000000002408, -0.300149869301205 
4.700000000002385, -0.29955355637106484 
4.710000000002362, -0.299201804686429 
4.720000000002338, -0.2991010114253986 
4.730000000002315, -0.2992898256320007 
4.740000000002292, -0.2998473625292294 
4.750000000002268, -0.3009092932220302 
4.760000000002245, -0.30269447716369996 
4.770000000002222, -0.3055439492830318 
4.7800000000021985, -0.3099663530886723 
4.790000000002175, -0.3166556216360446 
4.800000000002152, -0.3263759551769863 
4.810000000002129, -0.33951913485261676 
4.820000000002105, -0.35528399357285034 
4.830000000002082, -0.3712240801455462 
4.840000000002059, -0.38441802640970973 
4.850000000002035, -0.39348802451587545 
4.860000000002012, -0.39896881734459644 
4.870000000001989, -0.40210305503042754 
4.880000000001965, -0.4039046171905709 
4.890000000001942, -0.40497537692988866 
4.900000000001919, -0.40562990953974554 
4.9100000000018955, -0.4060275558358696 
4.920000000001872, -0.40625009530192147 
4.930000000001849, -0.4063399929469417 
4.940000000001826, -0.4063184392380836 
4.950000000001802, -0.40619452704373915 
4.960000000001779, -0.4059713798798562 
4.970000000001756, -0.40565216504689106 
4.980000000001732, -0.40524690769167443 
4.990000000001709, -0.4047786915819976 
5.000000000001686, -0.4042856967888368 
5.0100000000016625, -0.40381585119785185 
5.020000000001639, -0.40341484718678783 
5.030000000001616, -0.40311280186229614 
5.0400000000015925, -0.40291554296337484 
5.050000000001569, -0.4028036345647569 
5.060000000001546, -0.4027390964623505 
5.070000000001523, -0.4026772165407201 
5.080000000001499, -0.4025785718902505 
5.090000000001476, -0.4024161907616602 
5.100000000001453, -0.4021759676095953 
5.110000000001429, -0.4018523393186698 
5.120000000001406, -0.40144253108582273 
5.130000000001383, -0.40094135449277574 
5.1400000000013595, -0.40033649174747 
5.150000000001336, -0.39960236207935235 
5.160000000001313, -0.3986882787984041 
5.17000000000129, -0.3974917181103629 
5.180000000001266, -0.39579809175741 
5.190000000001243, -0.3931591605469845 
5.20000000000122, -0.38871275722575427 
5.210000000001196, -0.38113193278545726 
5.220000000001173, -0.36923374390943275 
5.23000000000115, -0.35342548746207536 
5.240000000001126, -0.33634265890402965 
5.250000000001103, -0.3211158401429991 
5.26000000000108, -0.3093452705580711 
5.2700000000010565, -0.3009932794548408 
5.280000000001033, -0.2953074687922988 
5.29000000000101, -0.2914914914610491 
5.300000000000987, -0.2889339015846103 
5.310000000000963, -0.2872190538124228 
5.32000000000094, -0.2860794653205491 
5.330000000000917, -0.28534873215178796 
5.340000000000893, -0.2849280159083317 
5.35000000000087, -0.2847652315266078 
5.360000000000847, -0.2848437455403127 
5.3700000000008234, -0.28517812435355305 
5.3800000000008, -0.28581561073947903 
5.390000000000777, -0.2868428329424681 
5.4000000000007535, -0.28839733253446526 
5.41000000000073, -0.2906817932151059 
5.420000000000707, -0.29397271242055845 
5.430000000000684, -0.2986000085216661 
5.44000000000066, -0.3048491685276368 
5.450000000000637, -0.31273438236067436 
5.460000000000614, -0.3217065414651921 
5.47000000000059, -0.33061704743355913 
5.480000000000567, -0.3382307131568956 
5.490000000000544, -0.34390244196287495 
5.5000000000005205, -0.347716598890501 
5.510000000000497, -0.35012476138604937 
5.520000000000474, -0.35159129109883136 
5.5300000000004506, -0.3524557564812663 
5.540000000000427, -0.3529320869052773 
5.550000000000404, -0.3531450700012744 
5.560000000000381, -0.353162975614786 
5.570000000000357, -0.35301916896635527 
5.580000000000334, -0.3527259032080166 
5.590000000000311, -0.35228480517964084 
5.600000000000287, -0.35169748451179605 
5.610000000000264, -0.3509772300177144 
5.620000000000241, -0.3501587638550785 
5.6300000000002175, -0.3492997604545478 
5.640000000000194, -0.3484700586403088 
5.650000000000171, -0.3477327339550242 
5.660000000000148, -0.34712730257575164 
5.670000000000124, -0.3466625358997807 
5.680000000000101, -0.3463192586580955 
5.690000000000078, -0.3460596416071959 
5.700000000000054, -0.3458391420808757 
5.710000000000031, -0.34561730584385064 
5.720000000000008, -0.34536412637852265 
5.729999999999984, -0.34506081835345503 
5.739999999999961, -0.3446964963273275 
5.749999999999938, -0.34426319005286016 
5.7599999999999145, -0.343750618042365 
5.769999999999891, -0.34314030699820686 
5.779999999999868, -0.34239648699838166 
5.789999999999845, -0.34144782917210986 
5.799999999999821, -0.3401477054354249 
5.809999999999798, -0.33819126381760123 
5.819999999999775, -0.3349707324457823 
5.829999999999751, -0.32943435324657583 
5.839999999999728, -0.3202846260904927 
5.849999999999705, -0.3070079434689517 
5.8599999999996815, -0.2911337109587661 
5.869999999999658, -0.27568084652242814 
5.879999999999635, -0.26297694893837636 
5.8899999999996115, -0.25362635602503125 
5.899999999999588, -0.24712767584110473 
5.909999999999565, -0.2427048594239786 
5.919999999999542, -0.23969786418168537 
5.929999999999518, -0.23764053770016252 
5.939999999999495, -0.23622869231452465 
5.949999999999472, -0.23527241923222658 
5.959999999999448, -0.23465912969576394 
5.969999999999425, -0.23433011347453053 
5.979999999999402, -0.23426810626188982 
5.9899999999993785, -0.23449358961245825 
5.999999999999355, -0.23506902511524505 
6.009999999999332, -0.2361118516471199 
6.019999999999309, -0.23781843829425736 
6.029999999999285, -0.24050100686728443 
6.039999999999262, -0.2446330128725333 
6.049999999999239, -0.25087187472464656 
6.059999999999215, -0.2599569392357216 
6.069999999999192, -0.27228175689651973 
6.079999999999169, -0.28707227133507357 
6.089999999999145, -0.3019285006081729 
6.099999999999122, -0.3140279666213739 
6.109999999999099, -0.3221371599167394 
6.1199999999990755, -0.3268782419950331 
6.129999999999052, -0.3294852778897857 
6.139999999999029, -0.33092090720325856 
6.149999999999006, -0.3317386449188383 
6.159999999998982, -0.33221920338611 
6.169999999998959, -0.3325001285925438 
6.179999999998936, -0.33264965485101183 
6.189999999998912, -0.3327025987258894 
6.199999999998889, -0.3326773533589137 
6.209999999998866, -0.33258480493367804 
6.2199999999988425, -0.3324344338509453 
6.229999999998819, -0.332239782190118 
6.239999999998796, -0.3320233248662784 
6.2499999999987725, -0.33181903370855503 
6.259999999998749, -0.33167031667869973 
6.269999999998726, -0.3316224475757263 
6.279999999998703, -0.33171120237709595 
6.289999999998679, -0.33195100202657396 
6.299999999998656, -0.3323261181801497 
6.309999999998633, -0.3327890205572302 
6.319999999998609, -0.33326964508029844 
6.329999999998586, -0.3336943912371499 
6.339999999998563, -0.33400571899797465 
6.3499999999985395, -0.33417154697615625 
6.359999999998516, -0.3341815342998601 
6.369999999998493, -0.33403572308864415 
6.37999999999847, -0.3337321169029055 
6.389999999998446, -0.33325572455498054 
6.399999999998423, -0.33256762913413346 
6.4099999999984, -0.3315907138685866 
6.419999999998376, -0.3301888382202105 
6.429999999998353, -0.3281406470833888 
6.43999999999833, -0.325125165030077 
6.449999999998306, -0.3207712802695758 
6.459999999998283, -0.31484706414013847 
6.46999999999826, -0.3075602467043007 
6.4799999999982365, -0.29967978290858766 
6.489999999998213, -0.29220408970213707 
6.49999999999819, -0.28584673712794595 
6.509999999998167, -0.28083397981980973 
6.519999999998143, -0.2770466215921951 
6.52999999999812, -0.27423471540366323 
6.539999999998097, -0.2721496854666039 
6.549999999998073, -0.2705931065448054 
6.55999999999805, -0.26942280502437577 
6.569999999998027, -0.26854468909270784 
6.5799999999980034, -0.26790302321268944 
6.58999999999798, -0.26747361363083877 
6.599999999997957, -0.26726133867968854 
6.6099999999979335, -0.2673028869366221 
6.61999999999791, -0.2676761349419214 
6.629999999997887, -0.26851881640505787 
6.639999999997864, -0.2700605399882813 
6.64999999999784, -0.27267193207506757 
6.659999999997817, -0.2769255193074275 
6.669999999997794, -0.2836233257238855 
6.67999999999777, -0.29363544062022456 
6.689999999997747, -0.30723986312941565 
6.699999999997724, -0.3229191970704722 
6.7099999999977005, -0.33702213691233135 
6.719999999997677, -0.3462076293159056 
6.729999999997654, -0.35024359785092724 
6.7399999999976306, -0.35117465969398615 
6.749999999997607, -0.35093374715732384 
6.759999999997584, -0.35049131956715757 
6.769999999997561, -0.3501551101166423 
6.779999999997537, -0.34996065328908843 
6.789999999997514, -0.3498695981231771 
6.799999999997491, -0.3498388401227691 
6.809999999997467, -0.3498369409344109 
6.819999999997444, -0.34984443582476554 
6.829999999997421, -0.34985114332493467 
6.8399999999973975, -0.3498543655922957 
6.849999999997374, -0.3498588114384795 
6.859999999997351, -0.34987796314311004 
6.869999999997328, -0.34993581602547563 
6.879999999997304, -0.3500671730429966 
6.889999999997281, -0.3503144563433436 
6.899999999997258, -0.3507197411435399 
6.909999999997234, -0.35131212818483515 
6.919999999997211, -0.35209240088016747 
6.929999999997188, -0.35302010221128277 
6.939999999997164, -0.3540122372929651 
6.949999999997141, -0.3549614262269407 
6.959999999997118, -0.35576846631547515 
6.9699999999970945, -0.35636992117865623 
6.979999999997071, -0.35674452215308755 
6.989999999997048, -0.35690016367333166 
6.999999999997025, -0.35685447478581334 
7.009999999997001, -0.35661862698712277 
7.019999999996978, -0.35618598717635563 
7.029999999996955, -0.35552260430592 
7.039999999996931, -0.3545558980516643 
7.049999999996908, -0.3531600760794223 
7.059999999996885, -0.3511433292142377 
7.0699999999968615, -0.3482570223905717 
7.079999999996838, -0.3442675777472824 
7.089999999996815, -0.3391193852760258 
7.0999999999967915, -0.33310900850362446 
7.109999999996768, -0.32686605974752253 
7.119999999996745, -0.3210706933635137 
7.129999999996722, -0.3161555907040429 
7.139999999996698, -0.3122340495322985 
7.149999999996675, -0.3092092075607548 
7.159999999996652, -0.30690626429218254 
7.169999999996628, -0.30515245019682774 
7.179999999996605, -0.3038082731845948 
7.189999999996582, -0.3027730166723404 
7.1999999999965585, -0.3019808455922691 
7.209999999996535, -0.30139551219460164 
7.219999999996512, -0.3010070116499273 
7.229999999996489, -0.30083170531606945 
7.239999999996465, -0.3009171105042887 
7.249999999996442, -0.3013530919004658 
7.259999999996419, -0.3022922691448099 
7.269999999996395, -0.303983521601188 
7.279999999996372, -0.30682132047404403 
7.289999999996349, -0.311402526362535 
7.299999999996325, -0.3185402083961724 
7.309999999996302, -0.3290782980266459 
7.319999999996279, -0.34323390159510897 
7.3299999999962555, -0.3595124348673763 
7.339999999996232, -0.37452207816988137 
7.349999999996209, -0.38517165394705155 
7.359999999996186, -0.39102635094884375 
7.369999999996162, -0.39366935329647135 
7.379999999996139, -0.394761809316144 
7.389999999996116, -0.39525302903646636 
7.399999999996092, -0.3955363563501881 
7.409999999996069, -0.3957408554358972 
7.419999999996046, -0.3958989509514807 
7.4299999999960225, -0.39601452699098566 
7.439999999995999, -0.3960852473091655 
7.449999999995976, -0.39610838089501027 
7.4599999999959525, -0.39608198401846095 
7.469999999995929, -0.3960057071612009 
7.479999999995906, -0.3958826839387498 
7.489999999995883, -0.3957226629521566 
7.499999999995859, -0.39554532106431994 
7.509999999995836, -0.39538147076909713 
7.519999999995813, -0.39526969823701286 
7.529999999995789, -0.39524777444352177 
7.539999999995766, -0.39534103160699785 
7.549999999995743, -0.3955517156582099 
7.5599999999957195, -0.395853628978739 
7.569999999995696, -0.39619572135277753 
7.579999999995673, -0.39651534446457415 
7.58999999999565, -0.3967559217341007 
7.599999999995626, -0.39687972219331746 
7.609999999995603, -0.39686986427492543 
7.61999999999558, -0.39672334466854886 
7.629999999995556, -0.3964407987162134 
7.639999999995533, -0.3960169159302623 
7.64999999999551, -0.3954317102925765 
7.659999999995486, -0.3946399820750407 
7.669999999995463, -0.3935541834777065 
7.67999999999544, -0.3920135764703616 
7.6899999999954165, -0.3897316034147561 
7.699999999995393, -0.386224721523554 
7.70999999999537, -0.38078044686914775 
7.719999999995347, -0.3726418854158439 
7.729999999995323, -0.3615988921444916 
7.7399999999953, -0.34864682741737296 
7.749999999995277, -0.335741823819364 
7.759999999995253, -0.3246097345816176 
7.76999999999523, -0.3159506634866286 
7.779999999995207, -0.30961322871158864 
7.789999999995183, -0.30510479963440795 
7.79999999999516, -0.3019242939208008 
7.809999999995137, -0.2996787287732838 
7.8199999999951135, -0.29809192522140016 
7.82999999999509, -0.2969808767917884 
7.839999999995067, -0.29623036032718153 
7.849999999995044, -0.2957741363162114 
7.85999999999502, -0.29558348143587987 
7.869999999994997, -0.2956621356629444 
7.879999999994974, -0.2960470165059057 
7.88999999999495, -0.2968148240969978 
7.899999999994927, -0.29809539316655054 
7.909999999994904, -0.3000926967760841 
7.9199999999948805, -0.3031119123404117 
7.929999999994857, -0.3075808509293496 
7.939999999994834, -0.31402622388041335 
7.9499999999948106, -0.3229146181378375 
7.959999999994787, -0.3342530551287973 
7.969999999994764, -0.34707266196573067 
7.979999999994741, -0.3594410253495104 
7.989999999994717, -0.3694948190303265 
7.999999999994694, -0.37654169029787055 
8.00999999999467, -0.38101410137586394 
8.019999999994647, -0.3837198553878131 
8.029999999994624, -0.38533523000257525 
8.0399999999946, -0.3862959070440943 
8.049999999994577, -0.3868536038672207 
8.059999999994554, -0.38714771906836287 
8.06999999999453, -0.3872534800765638 
8.079999999994508, -0.3872092247591061 
8.089999999994484, -0.38703158970944557 
8.099999999994461, -0.38672529677428874 
8.109999999994438, -0.38629177601442966 
8.119999999994414, -0.38573857898206954 
8.129999999994391, -0.385088503287935 
8.139999999994368, -0.3843840722610147 
8.149999999994344, -0.383682635800747 
8.159999999994321, -0.3830423454066231 
8.169999999994298, -0.38250584488216166 
8.179999999994275, -0.38208970597439923 
8.189999999994251, -0.3817830246927282 
8.199999999994228, -0.38155392949679523 
8.209999999994205, -0.3813607204943702 
8.219999999994181, -0.381163460907593 
8.229999999994158, -0.38093185773210386 
8.239999999994135, -0.3806473797268969 
8.249999999994111, -0.380300703755096 
8.259999999994088, -0.37988718529416693 
8.269999999994065, -0.37940240908887096 
8.279999999994041, -0.3788382272550397 
8.289999999994018, -0.37817798346725745 
8.299999999993995, -0.37738738307971764 
8.309999999993972, -0.37639284084106406 
8.319999999993948, -0.37502934254120907 
8.329999999993925, -0.3729259509115549 
8.339999999993902, -0.3693088085035048 
8.349999999993878, -0.3628535234552469 
8.359999999993855, -0.35211107533985697 
8.369999999993832, -0.3369706773966521 
8.379999999993808, -0.31978777691751753 
8.389999999993785, -0.3039603193138801 
8.399999999993762, -0.2915171323046554 
8.409999999993738, -0.2826392144086481 
8.419999999993715, -0.276599101641953 
8.429999999993692, -0.27255653793844714 
8.439999999993669, -0.26985353250555055 
8.449999999993645, -0.2680417383411935 
8.459999999993622, -0.2668336505738745 
8.469999999993599, -0.26605135635875604 
8.479999999993575, -0.26558975406139584 
8.489999999993552, -0.2653937763766897 
8.499999999993529, -0.2654461285320734 
8.509999999993505, -0.26576283602539885 
8.519999999993482, -0.26639524390260294 
8.529999999993459, -0.2674381901553836 
8.539999999993436, -0.26904445556446954 
8.549999999993412, -0.2714441263499159 
8.559999999993389, -0.27496093986694947 
8.569999999993366, -0.27999930053726946 
8.579999999993342, -0.28694080940123295 
8.589999999993319, -0.2958704536356997 
8.599999999993296, -0.30618274881953617 
8.609999999993272, -0.3164807740424896 
8.619999999993249, -0.32521978715977873 
8.629999999993226, -0.3316139984920581 
8.639999999993202, -0.3358140954335358 
8.64999999999318, -0.3384085010232437 
8.659999999993156, -0.3399669893572422 
8.669999999993133, -0.3408867016908874 
8.67999999999311, -0.3414083081281209 
8.689999999993086, -0.3416687534723559 
8.699999999993063, -0.34174296092003553 
8.70999999999304, -0.3416696054830074 
8.719999999993016, -0.3414664848973645 
8.729999999992993, -0.34114105552403884 
8.73999999999297, -0.3406998179985038 
8.749999999992946, -0.34015779880256936 
8.759999999992923, -0.3395462246642838 
8.7699999999929, -0.33891399862423965 
8.779999999992876, -0.338319855789539 
8.789999999992853, -0.3378176500085937 
8.79999999999283, -0.33744190817789216 
8.809999999992806, -0.3371997173670059 
8.819999999992783, -0.33707064857136765 
8.82999999999276, -0.3370136876158952 
8.839999999992736, -0.3369789742977373 
8.849999999992713, -0.336920361882998 
8.85999999999269, -0.3368037842740691 
8.869999999992666, -0.33660867694722946 
8.879999999992643, -0.3363236585540388 
8.88999999999262, -0.33593958763070686 
8.899999999992596, -0.3354420112653835 
8.909999999992573, -0.3348026040843928 
8.91999999999255, -0.33396668203879654 
8.929999999992527, -0.33283098812345097 
8.939999999992503, -0.33120233346150596 
8.94999999999248, -0.3287273176755122 
8.959999999992457, -0.3248064389768987 
8.969999999992433, -0.31860009593752403 
8.97999999999241, -0.3093881608013829 
8.989999999992387, -0.29738355093826885 
8.999999999992363, -0.28420584483593647 
9.00999999999234, -0.2720168142271643 
9.019999999992317, -0.2621682573052708 
9.029999999992294, -0.25486659128800876 
9.03999999999227, -0.2496817546390905 
9.049999999992247, -0.24605162795084498 
9.059999999992224, -0.2435054223217637 
9.0699999999922, -0.24170653738782516 
9.079999999992177, -0.2404316606155655 
9.089999999992154, -0.23954020056134168 
9.09999999999213, -0.2389503190444487 
9.109999999992107, -0.2386239882214342 
9.119999999992084, -0.23856018640411633 
9.12999999999206, -0.23879553950991766 
9.139999999992037, -0.23941296351007937 
9.149999999992014, -0.2405604895903876 
9.15999999999199, -0.2424839591744421 
9.169999999991967, -0.2455765988119329 
9.179999999991944, -0.25043783573756334 
9.18999999999192, -0.2578908615468213 
9.199999999991897, -0.268797111177871 
9.209999999991874, -0.28337957857048907 
9.21999999999185, -0.3001095710401843 
9.229999999991827, -0.3155648064084779 
9.239999999991804, -0.32670068098966193 
9.24999999999178, -0.33309940948778505 
9.259999999991757, -0.3362459709225312 
9.269999999991734, -0.33770516504052883 
9.27999999999171, -0.3384112622162176 
9.289999999991688, -0.33879415043813377 
9.299999999991664, -0.33902737381909376 
9.309999999991641, -0.33917725427338874 
9.319999999991618, -0.3392692381502767 
9.329999999991594, -0.3393137983242937 
9.339999999991571, -0.33931620211604974 
9.349999999991548, -0.33928079775516146 
9.359999999991524, -0.3392140722660252 
9.369999999991501, -0.33912794116325057 
9.379999999991478, -0.3390431133411023 
9.389999999991455, -0.3389910747382821 
9.399999999991431, -0.33901259936408334 
9.409999999991408, -0.3391514274239381 
9.419999999991385, -0.33944355302563867 
9.429999999991361, -0.3399042148482387 
9.439999999991338, -0.340516116620028 
9.449999999991315, -0.3412246359709162 
9.459999999991291, -0.3419466107047321 
9.469999999991268, -0.3425931114970069 
9.479999999991245, -0.3430949709472849 
9.489999999991221, -0.3434159250711908 
9.499999999991198, -0.3435484430263076 
9.509999999991175, -0.3434994629077587 
9.519999999991152, -0.3432752913119739 
9.529999999991128, -0.34286952907739743 
9.539999999991105, -0.34225273752348584 
9.549999999991082, -0.34136050150183245 
9.559999999991058, -0.34007713929467503 
9.569999999991035, -0.338216597373124 
9.579999999991012, -0.33551499067444596 
9.589999999990988, -0.3316746859282791 
9.599999999990965, -0.32651379307893313 
9.609999999990942, -0.32019606832060593 
9.619999999990918, -0.31333002318218856 
9.629999999990895, -0.3067300192036835 
9.639999999990872, -0.3010159086113247 
9.649999999990849, -0.29642390533196167 
9.659999999990825, -0.29289190524102576 
9.669999999990802, -0.29022735482180473 
9.679999999990779, -0.28822309605492463 
9.689999999990755, -0.28670662324098223 
9.699999999990732, -0.2855509092557349 
9.709999999990709, -0.2846703641350309 
9.719999999990685, -0.2840137547625866 
9.729999999990662, -0.28355882552625683 
9.739999999990639, -0.2833104345728323 
9.749999999990616, -0.28330328982673125 
9.759999999990592, -0.2836107446978432 
9.769999999990569, -0.28436215780677754 
9.779999999990546, -0.2857726293232437 
9.789999999990522, -0.28818896311595854 
9.799999999990499, -0.29214857284085 
9.809999999990476, -0.298415771120215 
9.819999999990452, -0.30786613661477996 
9.829999999990429, -0.32094041112914484 
9.839999999990406, -0.3365324797946005 
9.849999999990382, -0.3513759923155821 
9.85999999999036, -0.3619226002493231 
9.869999999990336, -0.36728888683377314 
9.879999999990313, -0.3691433912084835 
9.88999999999029, -0.3694471547147663 
9.899999999990266, -0.3693168820375369 
9.909999999990243, -0.3691678662998538 
9.91999999999022, -0.36909234265220625 
9.929999999990196, -0.36907924127900626 
9.939999999990173, -0.3690988137576043 
9.94999999999015, -0.36912646530490323 
9.959999999990126, -0.3691461454204101 
9.969999999990103, -0.369148854136653 
9.97999999999008, -0.36913127529152645 
9.989999999990056, -0.36909588337098087 
9.999999999990033, -0.36905254713771596 
10.00999999999001, -0.3690207539204931 
10.019999999989986, -0.3690306611356172 
10.029999999989963, -0.3691207792621341 
10.03999999998994, -0.3693309290067798 
10.049999999989916, -0.3696909675562846 
10.059999999989893, -0.37020767893942697 
10.06999999998987, -0.37085415524347404 
10.079999999989846, -0.37156812710922216 
10.089999999989823, -0.3722647556684978 
10.0999999999898, -0.3728610660927957 
10.109999999989776, -0.3732986750345489 
10.119999999989753, -0.37355176321589384 
10.12999999998973, -0.37361929704534963 
10.139999999989707, -0.3735101587914958 
10.149999999989683, -0.37322912576150535 
10.15999999998966, -0.3727658136832881 
10.169999999989637, -0.37208429735842524 
10.179999999989613, -0.37110943761635656 
10.18999999998959, -0.3697061749500959 
10.199999999989567, -0.3676517876487163 
10.209999999989543, -0.3646155067058986 
10.21999999998952, -0.3601945633271086 
10.229999999989497, -0.35408973861050835 
10.239999999989474, -0.3464235626599207 
10.24999999998945, -0.337932940347894 
10.259999999989427, -0.3296924634437087 
10.269999999989404, -0.32255340702022883 
10.27999999998938, -0.31685070913735797 
10.289999999989357, -0.3125092688120966 
10.299999999989334, -0.30927675312448044 
10.30999999998931, -0.30688314749917944 
10.319999999989287, -0.3051060134833699 
10.329999999989264, -0.3037828259138673 
10.33999999998924, -0.30280383524890586 
10.349999999989217, -0.302101456581849 
10.359999999989194, -0.3016420115144155 
10.36999999998917, -0.3014215437466863 
10.379999999989147, -0.30146631823465875 
10.389999999989124, -0.3018387993589293 
10.3999999999891, -0.30265068967074427 
10.409999999989077, -0.30408559457379464 
10.419999999989054, -0.3064341108644057 
10.42999999998903, -0.3101402984488375 
10.439999999989007, -0.3158407072951812 
10.449999999988984, -0.32432426458604896 
10.45999999998896, -0.33624236842744026 
10.469999999988937, -0.35138830016118916 
10.479999999988914, -0.3678975059049519 
10.48999999998889, -0.3826851079970629 
10.499999999988868, -0.39350866082551084 
10.509999999988844, -0.4002619341885465 
10.519999999988821, -0.40412813811006004 
10.529999999988798, -0.40631300325191805 
10.539999999988774, -0.40758875839614667 
10.549999999988751, -0.40836498287373485 
10.559999999988728, -0.40884575065696316 
10.569999999988704, -0.40913322969582133 
10.579999999988681, -0.4092798815136677 
10.589999999988658, -0.40931253722520367 
10.599999999988635, -0.40924372638444384 
10.609999999988611, -0.4090780941744119 
10.619999999988588, -0.40881778975328353 
10.629999999988565, -0.40846856629245387 
10.639999999988541, -0.40804631744922065 
10.649999999988518, -0.40758145135738477 
10.659999999988495, -0.4071173618784223 
10.669999999988471, -0.4067014568390938 
10.679999999988448, -0.40637191900553915 
10.689999999988425, -0.4061462479738623 
10.699999999988401, -0.4060163009958907 
10.709999999988378, -0.4059513653867851 
10.719999999988355, -0.40590800649571523 
10.729999999988332, -0.40584279200470075 
10.739999999988308, -0.40572236646550275 
10.749999999988285, -0.405527035889863 
10.759999999988262, -0.405248196176732 
10.769999999988238, -0.40488277811675716 
10.779999999988215, -0.4044275908615641 
10.789999999988192, -0.40387447923063313 
10.799999999988168, -0.40320525731982626 
10.809999999988145, -0.4023834652673385 
10.819999999988122, -0.40133666731080364 
10.829999999988098, -0.39991600275345646 
10.839999999988075, -0.3978086935146766 
10.849999999988052, -0.39438090285206495 
10.859999999988029, -0.3885186081437465 
10.869999999988005, -0.3788298338028175 
10.879999999987982, -0.3647417736779778 
10.889999999987959, -0.3478502526796748 
10.899999999987935, -0.3313552101703735 
10.909999999987912, -0.3177625998406476 
10.919999999987889, -0.3077605417130255 
10.929999999987865, -0.30083984030148314 
10.939999999987842, -0.2961744290950791 
10.949999999987819, -0.29304995012247687 
10.959999999987796, -0.29095644439583407 
10.969999999987772, -0.28955795567735226 
10.979999999987749, -0.2886418391103637 
10.989999999987726, -0.2880781014616432 
10.999999999987702, -0.2877925312780761 
11.009999999987679, -0.2877509032058418 
11.019999999987656, -0.2879512793249528 
11.029999999987632, -0.28842249722822555 
11.039999999987609, -0.28922794246825917 
11.049999999987586, -0.29047420392317264 
11.059999999987562, -0.29232360241525657 
11.06999999998754, -0.29500625716755385 
11.079999999987516, -0.29881781757140324 
11.089999999987493, -0.3040694142817348 
11.09999999998747, -0.31093660562332326 
11.109999999987446, -0.31919348665421 
11.119999999987423, -0.32800753475681277 
11.1299999999874, -0.3361548235815806 
11.139999999987376, -0.34266750262461276 
11.149999999987353, -0.3472815155544714 
11.15999999998733, -0.3502910127869213 
11.169999999987306, -0.35216021203960834 
11.179999999987283, -0.3532831641269849 
11.18999999998726, -0.3539266852579003 
11.199999999987236, -0.35425290520817815 
11.209999999987213, -0.3543538372328406 
11.21999999998719, -0.3542773680024382 
11.229999999987166, -0.35404397009290506 
11.239999999987143, -0.3536582062430966 
11.24999999998712, -0.35311908688346705 
11.259999999987096, -0.3524316952866513 
11.269999999987073, -0.35161910864997925 
11.27999999998705, -0.35072925872282956 
11.289999999987026, -0.3498302047914512 
11.299999999987003, -0.34899342334848116 
11.30999999998698, -0.3482737862437558 
11.319999999986956, -0.34769677577176117 
11.329999999986933, -0.3472568759809812 
11.33999999998691, -0.34692457434065366 
11.349999999986887, -0.3466576924457145 
11.359999999986863, -0.34641316363001184 
11.36999999998684, -0.3461557307317883 
11.379999999986817, -0.34586138440782505 
11.389999999986793, -0.3455159131291877 
11.39999999998677, -0.34511075686477616 
11.409999999986747, -0.34463820178577886 
11.419999999986723, -0.3440864774619664 
11.4299999999867, -0.343433446534813 
11.439999999986677, -0.34263507448329655 
11.449999999986654, -0.3416001653641022 
11.45999999998663, -0.34013391485983696 
11.469999999986607, -0.33782301758517164 
11.479999999986584, -0.3338583719462173 
11.48999999998656, -0.32695706354667464 
11.499999999986537, -0.3158927974245056 
11.509999999986514, -0.300908197893344 
11.51999999998649, -0.28448896835390874 
11.529999999986467, -0.2697448981506255 
11.539999999986444, -0.2583148844268978 
11.54999999998642, -0.2501902332640196 
11.559999999986397, -0.24463894047973717 
11.569999999986374, -0.24088540182550258 
11.57999999998635, -0.2383384940047283 
11.589999999986327, -0.2366000595498275 
11.599999999986304, -0.2354167251065208 
11.60999999998628, -0.2346337135517144 
11.619999999986257, -0.2341628711475273 
11.629999999986234, -0.23396378067043946 
11.63999999998621, -0.23403498103672557 
11.649999999986187, -0.2344134402074402 
11.659999999986164, -0.2351820618054163 
11.66999999998614, -0.2364865534642533 
11.679999999986117, -0.23856386389588402 
11.689999999986094, -0.241782285612636 
11.69999999998607, -0.2466805696642589 
11.709999999986048, -0.25395175863318487 
11.719999999986024, -0.26422970993064016 
11.729999999986001, -0.2774918337475242 
11.739999999985978, -0.29228279121169676 
11.749999999985954, -0.3058865742488335 
11.759999999985931, -0.3160842667810393 
11.769999999985908, -0.3225415376959748 
11.779999999985884, -0.32623674811506526 
11.789999999985861, -0.3282850430843653 
11.799999999985838, -0.3294379219748439 
11.809999999985815, -0.33010657362742757 
11.819999999985791, -0.33049898260110366 
11.829999999985768, -0.33071915788674666 
11.839999999985745, -0.3308200417241975 
11.849999999985721, -0.3308291968952636 
11.859999999985698, -0.3307616124329494 
11.869999999985675, -0.3306273019514705 
11.879999999985651, -0.3304373286303869 
11.889999999985628, -0.3302093770578761 
11.899999999985605, -0.3299719469385422 
11.909999999985581, -0.32976487271454424 
11.919999999985558, -0.32963430787062564 
11.929999999985535, -0.329622720498075 
11.939999999985512, -0.3297568340963841 
11.949999999985488, -0.3300370902480406 
11.959999999985465, -0.3304322228141332 
11.969999999985442, -0.33088290998630987 
11.979999999985418, -0.33131627885575127 
11.989999999985395, -0.3316660955018328 
11.999999999985372, -0.33188780563612735 
12.009999999985348, -0.3319610586519554 
12.019999999985325, -0.33188153834103795 
12.029999999985302, -0.33164879989021356 
12.039999999985278, -0.3312547485887462 
12.049999999985255, -0.3306730526456523 
12.059999999985232, -0.3298468438751962 
12.069999999985209, -0.3286710885933816 
12.079999999985185, -0.3269676882887008 
12.089999999985162, -0.32446040273732535 
12.099999999985139, -0.3207827881821084 
12.109999999985115, -0.31559202602072733 
12.119999999985092, -0.308839312260126 
12.129999999985069, -0.3010369768007674 
12.139999999985045, -0.29315538129935487 
12.149999999985022, -0.2861172632786062 
12.159999999984999, -0.2803922038331934 
12.169999999984976, -0.27599919124540334 
12.179999999984952, -0.27272368185024287 
12.189999999984929, -0.2703008956398453 
12.199999999984906, -0.26850170754135777 
12.209999999984882, -0.26715471579035144 
12.219999999984859, -0.26614221719264314 
12.229999999984836, -0.26538998062142544 
12.239999999984812, -0.26485849708499226 
12.249999999984789, -0.2645381516495421 
12.259999999984766, -0.26444923570059276 
12.269999999984742, -0.26464784183936524 
12.27999999998472, -0.2652396454592465 
12.289999999984696, -0.2664050088671818 
12.299999999984673, -0.26843981140364553 
12.30999999998465, -0.2718129759571947 
12.319999999984626, -0.2772203506270652 
12.329999999984603, -0.2855417956302053 
12.33999999998458, -0.29745377265142636 
12.349999999984556, -0.3124126399961829 
12.359999999984533, -0.32760741048273495 
12.36999999998451, -0.3390696997069941 
12.379999999984486, -0.3450044598132815 
12.389999999984463, -0.3467865638522573 
12.39999999998444, -0.34667527701494566 
12.409999999984416, -0.346094221418454 
12.419999999984393, -0.3455858622289907 
12.42999999998437, -0.345258488637336 
12.439999999984346, -0.34508075446046294 
12.449999999984323, -0.3449991779014746 
12.4599999999843, -0.3449710533378286 
12.469999999984276, -0.34496850877980434 
12.479999999984253, -0.3449756263524101 
12.48999999998423, -0.3449855458551152 
12.499999999984206, -0.3449992722839492 
12.509999999984183, -0.3450262454362348 
12.51999999998416, -0.34508593715897484 
12.529999999984136, -0.34520899620682477 
12.539999999984113, -0.34543592833215864 
12.54999999998409, -0.34581150453835396 
12.559999999984067, -0.3463741007494556 
12.569999999984043, -0.3471406525909362 
12.57999999998402, -0.34809049542208625 
12.589999999983997, -0.3491560436309219 
12.599999999983973, -0.350231288292834 
12.60999999998395, -0.3512012781177756 
12.619999999983927, -0.3519777608250782 
12.629999999983903, -0.35251827671204716 
12.63999999998388, -0.35282056204548573 
12.649999999983857, -0.35290292716157506 
12.659999999983834, -0.3527845614166568 
12.66999999998381, -0.3524715696616571 
12.679999999983787, -0.3519472535485381 
12.689999999983764, -0.35116282530080917 
12.69999999998374, -0.3500259057961726 
12.709999999983717, -0.34838843318920176 
12.719999999983694, -0.346045729925968 
12.72999999998367, -0.3427755035639631 
12.739999999983647, -0.33845092081888406 
12.749999999983624, -0.33320405771630274 
12.7599999999836, -0.327494811665087 
12.769999999983577, -0.3219463467519793 
12.779999999983554, -0.31705781134995853 
12.78999999998353, -0.3130488890900133 
12.799999999983507, -0.30990220821653824 
12.809999999983484, -0.3074825151191357 
12.81999999998346, -0.3056294188095044 
12.829999999983437, -0.3042025159702156 
12.839999999983414, -0.303095138385542 
12.84999999998339, -0.3022341264103736 
12.859999999983367, -0.3015756014471228 
12.869999999983344, -0.30110133373686143 
12.87999999998332, -0.3008177884679653 
12.889999999983297, -0.3007591659764969 
12.899999999983274, -0.3009959819291523 
12.90999999998325, -0.3016516245385311 
12.919999999983228, -0.3029305192304304 
12.929999999983204, -0.30516167062976884 
12.939999999983181, -0.3088552876094437 
12.949999999983158, -0.314742197722993 
12.959999999983134, -0.32368301802459587 
12.969999999983111, -0.3361933418885853 
12.979999999983088, -0.35141312769689803 
12.989999999983064, -0.366372287993349 
12.999999999983041, -0.3774917839120968 
13.009999999983018, -0.3835114143065903 
13.019999999982995, -0.3858292943023747 
13.029999999982971, -0.38639704106789635 
13.039999999982948, -0.38641331553338454 
13.049999999982925, -0.38635407124986726 
13.059999999982901, -0.386340025608559 
13.069999999982878, -0.386371336122176 
13.079999999982855, -0.38642262888418727 
13.089999999982831, -0.3864711981969357 
13.099999999982808, -0.38650178813201946 
13.109999999982785, -0.38650537151690767 
13.119999999982761, -0.38647769753331257 
13.129999999982738, -0.3864192582147987 
13.139999999982715, -0.3863368929839339 
13.149999999982692, -0.3862463365329273 
13.159999999982668, -0.3861739893216761 
13.169999999982645, -0.38615554513947453 
13.179999999982622, -0.38622982178889725 
13.189999999982598, -0.3864282569856334 
13.199999999982575, -0.3867627393568819 
13.209999999982552, -0.387215905791502 
13.219999999982528, -0.38773903856113306 
13.229999999982505, -0.38826175079583647 
13.239999999982482, -0.3887116886444344 
13.249999999982458, -0.3890342554155493 
13.259999999982435, -0.38920136346296413 
13.269999999982412, -0.3892068641871353 
13.279999999982389, -0.3890547559388171 
13.289999999982365, -0.38874694141593624 
13.299999999982342, -0.388272940624082 
13.309999999982319, -0.38759987637981125 
13.319999999982295, -0.38665878708867585 
13.329999999982272, -0.38532207730523554 
13.339999999982249, -0.38336727661765513 
13.349999999982225, -0.38043072594445204 
13.359999999982202, -0.37598876698542305 
13.369999999982179, -0.36947549166024296 
13.379999999982156, -0.3606642603640528 
13.389999999982132, -0.3501500818572015 
13.399999999982109, -0.33932052523241396 
13.409999999982086, -0.3295975795955898 
13.419999999982062, -0.32173608830078365 
13.429999999982039, -0.3157857934946078 
13.439999999982016, -0.311431304022684 
13.449999999981992, -0.30828282461546735 
13.459999999981969, -0.30600761282530803 
13.469999999981946, -0.30435989521456197 
13.479999999981922, -0.30317146069122597 
13.4899999999819, -0.3023340445596179 
13.499999999981876, -0.30178442850504106 
13.509999999981853, -0.3014948479459346 
13.51999999998183, -0.30146882607671893 
13.529999999981806, -0.30174234516985476 
13.539999999981783, -0.302390847116778 
13.54999999998176, -0.303543353824192 
13.559999999981736, -0.30540546022898035 
13.569999999981713, -0.30829149168302855 
13.57999999998169, -0.3126579752450254 
13.589999999981666, -0.31910449553433484 
13.599999999981643, -0.3282501368518459 
13.60999999998162, -0.3403380037802227 
13.619999999981596, -0.3545815091387151 
13.629999999981573, -0.3688932923751639 
13.63999999998155, -0.3808797731037758 
13.649999999981526, -0.3893825963334297 
13.659999999981503, -0.39475326865216315 
13.66999999998148, -0.3979610818484653 
13.679999999981456, -0.39985789038824443 
13.689999999981433, -0.40099014092859353 
13.69999999998141, -0.40166655097435777 
13.709999999981386, -0.4020543513523494 
13.719999999981363, -0.4022432122776675 
13.72999999998134, -0.40228009665960673 
13.739999999981316, -0.40218741752590104 
13.749999999981293, -0.40197334520457134 
13.75999999998127, -0.4016395240476661 
13.769999999981247, -0.4011890680277334 
13.779999999981223, -0.4006353022020475 
13.7899999999812, -0.40000863789826263 
13.799999999981177, -0.3993568264289967 
13.809999999981153, -0.3987358278505867 
13.81999999998113, -0.39819458250616113 
13.829999999981107, -0.39776134054949824 
13.839999999981083, -0.39743752434147966 
13.84999999998106, -0.39720031718831306 
13.859999999981037, -0.3970118200624285 
13.869999999981014, -0.39683095776290467 
13.87999999998099, -0.3966235326993015 
13.889999999980967, -0.3963669974295339 
13.899999999980944, -0.3960496840311842 
13.90999999998092, -0.3956668763137784 
13.919999999980897, -0.39521640007776176 
13.929999999980874, -0.3946950372581301 
13.93999999998085, -0.39409545837569293 
13.949999999980827, -0.3934017763778649 
13.959999999980804, -0.392579059623462 
13.96999999998078, -0.3915456055659622 
13.979999999980757, -0.3901032519390326 
13.989999999980734, -0.3877860212964866 
13.99999999998071, -0.38362632420377124 
14.009999999980687, -0.37609153617932556 
14.019999999980664, -0.3638769364839605 
14.02999999998064, -0.347633425678546 
14.039999999980617, -0.3304225779542733 
14.049999999980594, -0.3154850846594749 
14.05999999998057, -0.30421870903459325 
14.069999999980547, -0.29637975926378435 
14.079999999980524, -0.29112433294986706 
14.0899999999805, -0.2876421709461976 
14.099999999980477, -0.28533677262217005 
14.109999999980454, -0.28381227374740264 
14.11999999998043, -0.28281803607667466 
14.129999999980408, -0.28220030868054147 
14.139999999980384, -0.28186939296113944 
14.149999999980361, -0.28177982874508245 
14.159999999980338, -0.281919962794801 
14.169999999980314, -0.2823083534143304 
14.179999999980291, -0.28299565011434524 
14.189999999980268, -0.2840712983077403 
14.199999999980244, -0.2856742100775012 
14.209999999980221, -0.2880042529191965 
14.219999999980198, -0.29132432297030525 
14.229999999980175, -0.29592713951113464 
14.239999999980151, -0.3020209453820243 
14.249999999980128, -0.3095047749085852 
14.259999999980105, -0.3177421366184893 
14.269999999980081, -0.32564383227216076 
14.279999999980058, -0.3321994894309126 
14.289999999980035, -0.33698997300601097 
14.299999999980011, -0.34018285222863903 
14.309999999979988, -0.34219223543009336 
14.319999999979965, -0.34340962009937026 
14.329999999979941, -0.3441140726828825 
14.339999999979918, -0.34448004513656344 
14.349999999979895, -0.34460848361272756 
14.359999999979872, -0.3445531561908181 
14.369999999979848, -0.34433827297646713 
14.379999999979825, -0.3439705491878634 
14.389999999979802, -0.34344966943753896 
14.399999999979778, -0.3427798102582579 
14.409999999979755, -0.3419817671547124 
14.419999999979732, -0.34110083276934905 
14.429999999979708, -0.34020370579146236 
14.439999999979685, -0.33936294393704375 
14.449999999979662, -0.33863671948504803 
14.459999999979638, -0.338054726591026 
14.469999999979615, -0.33761512587427267 
14.479999999979592, -0.33729051167632407 
14.489999999979569, -0.3370387684942588 
14.499999999979545, -0.33681505785522625 
14.509999999979522, -0.3365813519504608 
14.519999999979499, -0.3363108670281191 
14.529999999979475, -0.3359872080047095 
14.539999999979452, -0.3356002140662514 
14.549999999979429, -0.3351406959735975 
14.559999999979405, -0.3345948418482689 
14.569999999979382, -0.33393708963818663 
14.579999999979359, -0.3331177519276381 
14.589999999979335, -0.3320373787936977 
14.599999999979312, -0.33049231266282514 
14.609999999979289, -0.32806925116244 
14.619999999979266, -0.3239927772149012 
14.629999999979242, -0.31708212104548894 
14.639999999979219, -0.30626605131336715 
14.649999999979196, -0.291852138483259 
14.659999999979172, -0.2761716491909459 
14.669999999979149, -0.26209294377343545 
14.679999999979126, -0.25113345037169965 
14.689999999979102, -0.24329451572119515 
14.69999999997908, -0.23789976632707877 
14.709999999979056, -0.23422347320132125 
14.719999999979033, -0.2317076000628917 
14.72999999997901, -0.22997370077563378 
14.739999999978986, -0.22877979716805746 
14.749999999978963, -0.2279778401630717 
14.75999999997894, -0.22748400278923425 
14.769999999978916, -0.22726122591615852 
14.779999999978893, -0.22731152400335852 
14.78999999997887, -0.2276766056272388 
14.799999999978846, -0.228447033582792 
14.809999999978823, -0.22978188169382197 
14.8199999999788, -0.23194202509590722 
14.829999999978776, -0.23533814956391735 
14.839999999978753, -0.24057995908862817 
14.84999999997873, -0.2484623387498049 
14.859999999978706, -0.25971195582573553 
14.869999999978683, -0.2742550417614703 
14.87999999997866, -0.29027845337713587 
14.889999999978636, -0.30455435390866376 
14.899999999978613, -0.3147038393543839 
14.90999999997859, -0.3206956927550825 
14.919999999978566, -0.32386782510699036 
14.929999999978543, -0.3255050689224367 
14.93999999997852, -0.3263824850755873 
14.949999999978496, -0.3268828539681198 
14.959999999978473, -0.32718117899992794 
14.96999999997845, -0.327357054292211 
14.979999999978427, -0.32744804688817236 
14.989999999978403, -0.32747303207076717 
14.99999999997838, -0.32744270981991014 
15.009999999978357, -0.32736540826771826 
15.019999999978333, -0.3272516541205219 
15.02999999997831, -0.3271185568430836 
15.039999999978287, -0.3269933092582463 
15.049999999978263, -0.32691388654043496 
15.05999999997824, -0.3269250828300415 
15.069999999978217, -0.3270696418232678 
15.079999999978194, -0.3273761884855537 
15.08999999997817, -0.3278468086961794 
15.099999999978147, -0.3284484041306751 
15.109999999978124, -0.32911383006182493 
15.1199999999781, -0.3297571683032233 
15.129999999978077, -0.3302984669700225 
15.139999999978054, -0.33068406671830464 
15.14999999997803, -0.3308914296704772 
15.159999999978007, -0.3309197132499494 
15.169999999977984, -0.3307749688746983 
15.17999999997796, -0.3304567237188627 
15.189999999977937, -0.3299470800165871 
15.199999999977914, -0.32919989182297094 
15.20999999997789, -0.3281269017886531 
15.219999999977867, -0.3265799745393345 
15.229999999977844, -0.32433674973080845 
15.23999999997782, -0.32111657055312437 
15.249999999977797, -0.316677196433507 
15.259999999977774, -0.31101522570343076 
15.26999999997775, -0.30454457179722116 
15.279999999977727, -0.2980081169727161 
15.289999999977704, -0.29211573977619326 
15.29999999997768, -0.28724907437090713 
15.309999999977657, -0.2834487089798602 
15.319999999977634, -0.280564382571704 
15.32999999997761, -0.27839362305853754 
15.339999999977588, -0.27675334718464406 
15.349999999977564, -0.27550248823012985 
15.359999999977541, -0.27454230468554663 
15.369999999977518, -0.27381006764247584 
15.379999999977494, -0.2732729546607686 
15.389999999977471, -0.2729247870858971 
15.399999999977448, -0.2727868717246871 
15.409999999977424, -0.2729142344435672 
15.419999999977401, -0.2734093613036279 
15.429999999977378, -0.2744468508532707 
15.439999999977355, -0.2763131153881423 
15.449999999977331, -0.2794612807326819 
15.459999999977308, -0.28455873514168795 
15.469999999977285, -0.2924293461798658 
15.479999999977261, -0.3036379611182321 
15.489999999977238, -0.31745321110409386 
15.499999999977215, -0.3308837330997641 
15.509999999977191, -0.34004004588096365 
15.519999999977168, -0.34357474907648305 
15.529999999977145, -0.3433430733831761 
15.539999999977121, -0.3417865083490348 
15.549999999977098, -0.34025787797739604 
15.559999999977075, -0.3391538653622171 
15.569999999977052, -0.338457966285925 
15.579999999977028, -0.3380541350664875 
15.589999999977005, -0.3378362899946789 
15.599999999976982, -0.33773019234223645 
15.609999999976958, -0.33768941737282077 
15.619999999976935, -0.33768740321270896 
15.629999999976912, -0.3377114996014089 
15.639999999976888, -0.3377599005187911 
15.649999999976865, -0.3378410147727901 
15.659999999976842, -0.3379743405390937 
15.669999999976818, -0.3381913894853894 
15.679999999976795, -0.3385346982880253 
15.689999999976772, -0.33905286669960544 
15.699999999976749, -0.339790030506893 
15.709999999976725, -0.3407692656321898 
15.719999999976702, -0.34197236101355527 
15.729999999976679, -0.3433249525539984 
15.739999999976655, -0.3447021522707475 
15.749999999976632, -0.3459625636711396 
15.759999999976609, -0.3469946123163902 
15.769999999976585, -0.347744352600053 
15.779999999976562, -0.34821073643533285 
15.789999999976539, -0.34842119651656495 
15.799999999976515, -0.34840686573772806 
15.809999999976492, -0.348186084329258 
15.819999999976469, -0.3477547979232375 
15.829999999976446, -0.347079409456584 
15.839999999976422, -0.3460891894679854 
15.849999999976399, -0.34466960629019694 
15.859999999976376, -0.3426659450046179 
15.869999999976352, -0.3399177548434944 
15.879999999976329, -0.3363446720634535 
15.889999999976306, -0.3320609038496418 
15.899999999976282, -0.3274177611345635 
15.90999999997626, -0.3228853378565869 
15.919999999976236, -0.31884903482632937 
15.929999999976213, -0.315492139095339 
15.93999999997619, -0.31281700824456726 
15.949999999976166, -0.31072818101255334 
15.959999999976143, -0.3091030559847251 
15.96999999997612, -0.3078297973549222 
15.979999999976096, -0.306821203968382 
15.989999999976073, -0.3060166607189415 
15.99999999997605, -0.30537995890237546 
16.009999999976028, -0.30489705099741904 
16.019999999976005, -0.30457588820185644 
16.02999999997598, -0.304449835117719 
16.039999999975958, -0.3045863404354915 
16.049999999975935, -0.30510334898989144 
16.05999999997591, -0.30619698096177733 
16.069999999975888, -0.3081836798044389 
16.079999999975865, -0.3115524221012981 
16.08999999997584, -0.31699012177362756 
16.099999999975818, -0.32525192688468574 
16.109999999975795, -0.3366100039079135 
16.11999999997577, -0.34978359625224165 
16.129999999975748, -0.3614670697422803 
16.139999999975725, -0.36840139768335983 
16.1499999999757, -0.3702956302550367 
16.15999999997568, -0.36933794155336486 
16.169999999975655, -0.36764579174855405 
16.17999999997563, -0.36621160583418505 
16.18999999997561, -0.36524788713280804 
16.199999999975585, -0.3646751756986669 
16.20999999997556, -0.36436449522345626 
16.21999999997554, -0.3642119879607923 
16.229999999975515, -0.3641483304413904 
16.239999999975492, -0.3641311249811107 
16.24999999997547, -0.3641362483207372 
16.259999999975445, -0.3641519930736443 
16.269999999975422, -0.3641762662554632 
16.2799999999754, -0.3642162290331216 
16.289999999975375, -0.36428933819414 
16.299999999975352, -0.36442416997446847 
16.30999999997533, -0.3646589237486102 
16.319999999975305, -0.36503571892617426 
16.329999999975282, -0.3655898982116636 
16.33999999997526, -0.3663352511141512 
16.349999999975235, -0.36724880148118244 
16.359999999975212, -0.3682630983694595 
16.36999999997519, -0.3692759523961471 
16.379999999975166, -0.3701792363433914 
16.389999999975142, -0.3708918248791154 
16.39999999997512, -0.37137597985504606 
16.409999999975096, -0.37163089824115214 
16.419999999975072, -0.3716739148810171 
16.42999999997505, -0.3715220223184314 
16.439999999975026, -0.3711786147164471 
16.449999999975002, -0.3706236980362462 
16.45999999997498, -0.36980358048148565 
16.469999999974956, -0.3686168104331917 
16.479999999974932, -0.3668967894838384 
16.48999999997491, -0.36440188501315673 
16.499999999974886, -0.3608454876233765 
16.509999999974863, -0.35601647704326844 
16.51999999997484, -0.3499897361348038 
16.529999999974816, -0.3432646282567128 
16.539999999974793, -0.33660976117054864 
16.54999999997477, -0.3306910543923459 
16.559999999974746, -0.3258294035735172 
16.569999999974723, -0.3220292688887542 
16.5799999999747, -0.3191311377007361 
16.589999999974676, -0.3169369913214065 
16.599999999974653, -0.31527194088073096 
16.60999999997463, -0.3140026950302322 
16.619999999974606, -0.31303692822600887 
16.629999999974583, -0.3123172371822093 
16.63999999997456, -0.311815637823693 
16.649999999974536, -0.3115309154787291 
16.659999999974513, -0.31148992984255164 
16.66999999997449, -0.31175399181535884 
16.679999999974466, -0.3124321205494926 
16.689999999974443, -0.3137040133334499 
16.69999999997442, -0.31585607702269564 
16.709999999974396, -0.3193308106262421 
16.719999999974373, -0.3247736408425534 
16.72999999997435, -0.333009906050777 
16.739999999974327, -0.34477892755404105 
16.749999999974303, -0.3600058696957178 
16.75999999997428, -0.37688336872537265 
16.769999999974257, -0.39214833578694075 
16.779999999974233, -0.40326662982955624 
16.78999999997421, -0.4100431082935276 
16.799999999974187, -0.41378339672558073 
16.809999999974163, -0.41582597761620876 
16.81999999997414, -0.4170007956787609 
16.829999999974117, -0.41772341996922424 
16.839999999974093, -0.41818656228997464 
16.84999999997407, -0.41848028301756246 
16.859999999974047, -0.4186487277296213 
16.869999999974024, -0.41871415172203397 
16.879999999974, -0.4186870491148763 
16.889999999973977, -0.4185712295326603 
16.899999999973954, -0.4183678608247404 
16.90999999997393, -0.4180803049776278 
16.919999999973907, -0.4177199230353949 
16.929999999973884, -0.4173109987133749 
16.93999999997386, -0.4168913149311634 
16.949999999973837, -0.41650580981714436 
16.959999999973814, -0.41619467383147113 
16.96999999997379, -0.4159810315312882 
16.979999999973767, -0.4158635723974067 
16.989999999973744, -0.4158169304917818 
16.99999999997372, -0.41579969309713904 
17.009999999973697, -0.41576696444554856 
17.019999999973674, -0.4156819536313333 
17.02999999997365, -0.41552164253401036 
17.039999999973627, -0.41527559724989027 
17.049999999973604, -0.41494073536445863 
17.05999999997358, -0.41451542946834097 
17.069999999973557, -0.4139945550462585 
17.079999999973534, -0.4133650405730836 
17.08999999997351, -0.4125997418674835 
17.099999999973488, -0.4116449689967667 
17.109999999973464, -0.41039159145303755 
17.11999999997344, -0.4086093385843387 
17.129999999973418, -0.40581521666280496 
17.139999999973394, -0.40108738620199347 
17.14999999997337, -0.39305006061254494 
17.159999999973348, -0.3805932998977958 
17.169999999973324, -0.3643687658026862 
17.1799999999733, -0.34720759156872083 
17.189999999973278, -0.33218055267026314 
17.199999999973254, -0.32070645089722344 
17.20999999997323, -0.31262872559747457 
17.219999999973208, -0.307159917043057 
17.229999999973185, -0.3035079091246788 
17.23999999997316, -0.301074506046211 
17.249999999973138, -0.29945567121511957 
17.259999999973115, -0.29839195805236446 
17.26999999997309, -0.2977219346888109 
17.279999999973068, -0.2973494457052958 
17.289999999973045, -0.2972233033648426 
17.29999999997302, -0.2973261337186527 
17.309999999972998, -0.2976698843645481 
17.319999999972975, -0.2982965555125689 
17.32999999997295, -0.2992833890110961 
17.339999999972928, -0.3007516408870369 
17.349999999972905, -0.3028762782050137 
17.35999999997288, -0.3058884186913085 
17.36999999997286, -0.31005009261578825 
17.379999999972835, -0.31556422942952117 
17.38999999997281, -0.32239018946790243 
17.39999999997279, -0.3300344693716409 
17.409999999972765, -0.33756204762580144 
17.41999999997274, -0.34400545342253613 
17.42999999997272, -0.3488594124610439 
17.439999999972695, -0.35217629397719363 
17.449999999972672, -0.35430087469790617 
17.45999999997265, -0.355602510432974 
17.469999999972625, -0.35636105831979403 
17.479999999972602, -0.3567578108967248 
17.48999999997258, -0.3568998375000966 
17.499999999972555, -0.3568445268368744 
17.509999999972532, -0.35661694315259335 
17.51999999997251, -0.3562218184844877 
17.529999999972485, -0.3556540007909569 
17.539999999972462, -0.35491059219293264 
17.54999999997244, -0.3540051987922765 
17.559999999972415, -0.35297953663854315 
17.569999999972392, -0.35190376379156696 
17.57999999997237, -0.3508610781324326 
17.589999999972346, -0.34992375670280074 
17.599999999972322, -0.34913450321865164 
17.6099999999723, -0.34850110968716724 
17.619999999972276, -0.3480025665495158 
17.629999999972252, -0.3476007528786669 
17.63999999997223, -0.34725283465006057 
17.649999999972206, -0.3469210152712556 
17.659999999972182, -0.34657760461902354 
17.66999999997216, -0.3462053425447559 
17.679999999972136, -0.3457947105340355 
17.689999999972112, -0.3453403360596488 
17.69999999997209, -0.3448376535736581 
17.709999999972066, -0.3442795559611008 
17.719999999972043, -0.3436509621108122 
17.72999999997202, -0.3429158092686976 
17.739999999971996, -0.3419831473088578 
17.749999999971973, -0.34062366484027884 
17.75999999997195, -0.3382945960295617 
17.769999999971926, -0.3338929280832509 
17.779999999971903, -0.3257778170447778 
17.78999999997188, -0.3128211843114562 
17.799999999971856, -0.2962172922393761 
17.809999999971833, -0.27938825646962584 
17.81999999997181, -0.2653374483909221 
17.829999999971786, -0.2550136800315804 
17.839999999971763, -0.24792161791412087 
17.84999999997174, -0.24317424372244098 
17.859999999971716, -0.24000690711267564 
17.869999999971693, -0.23788286533672948 
17.87999999997167, -0.23645544253333833 
17.889999999971646, -0.23550992910244267 
17.899999999971623, -0.2349188606236658 
17.9099999999716, -0.23461365853106178 
17.919999999971576, -0.23456903810801388 
17.929999999971553, -0.2347969034792677 
17.93999999997153, -0.23534810013592028 
17.949999999971507, -0.2363220096465346 
17.959999999971483, -0.2378851377483214 
17.96999999997146, -0.24029955829941402 
17.979999999971437, -0.2439567219287379 
17.989999999971413, -0.24939192549533823 
17.99999999997139, -0.25720354629376785 
18.009999999971367, -0.26773280376752856 
18.019999999971343, -0.280449382309321 
18.02999999997132, -0.293549934156499 
18.039999999971297, -0.30472416665574453 
18.049999999971273, -0.31269424236263493 
18.05999999997125, -0.3176811584989322 
18.069999999971227, -0.32059527587167175 
18.079999999971204, -0.32226935901036285 
18.08999999997118, -0.3232392615671902 
18.099999999971157, -0.3238035279727588 
18.109999999971134, -0.32412029939935205 
18.11999999997111, -0.3242726885504731 
18.129999999971087, -0.3243044642497785 
18.139999999971064, -0.324238698948106 
18.14999999997104, -0.32408842537277094 
18.159999999971017, -0.32386430288781465 
18.169999999970994, -0.32358144192637756 
18.17999999997097, -0.3232651392114495 
18.189999999970947, -0.32295331585725623 
18.199999999970924, -0.3226931857515773 
18.2099999999709, -0.32253200329378007 
18.219999999970877, -0.3225048930141049 
18.229999999970854, -0.32262385862039966 
18.23999999997083, -0.32287126418259293 
18.249999999970807, -0.3232006930724337 
18.259999999970784, -0.32354728046158565 
18.26999999997076, -0.32384516955093745 
18.279999999970737, -0.32404377397378475 
18.289999999970714, -0.3241144616255773 
18.29999999997069, -0.3240463048763901 
18.309999999970668, -0.32383582910706865 
18.319999999970644, -0.3234758769643208 
18.32999999997062, -0.3229451315770465 
18.339999999970598, -0.3221964996217284 
18.349999999970574, -0.3211407974974799 
18.35999999997055, -0.31962238315200187 
18.369999999970528, -0.3173888133257937 
18.379999999970504, -0.31407687609076423 
18.38999999997048, -0.30928035462284464 
18.399999999970458, -0.30278558249167864 
18.409999999970434, -0.2949100768752177 
18.41999999997041, -0.28657434775291724 
18.429999999970388, -0.27885517454571945 
18.439999999970365, -0.2724345673154541 
18.44999999997034, -0.26746086162851623 
18.459999999970318, -0.26375139502331973 
18.469999999970295, -0.26102208334390725 
18.47999999997027, -0.25901102418976923 
18.489999999970248, -0.2575169561494157 
18.499999999970225, -0.2563991367860833 
18.5099999999702, -0.2555663238772626 
18.519999999970178, -0.2549660642287315 
18.529999999970155, -0.2545778289189639 
18.53999999997013, -0.2544110364316798 
18.549999999970108, -0.2545087768360158 
18.559999999970085, -0.2549588581797336 
18.56999999997006, -0.2559151947211397 
18.57999999997004, -0.2576339088278742 
18.589999999970015, -0.2605270722238373 
18.59999999996999, -0.2652225409670202 
18.60999999996997, -0.27256199959289645 
18.619999999969945, -0.2833279396752969 
18.62999999996992, -0.2973633960541969 
18.6399999999699, -0.312332692112363 
18.649999999969875, -0.3241485885055263 
18.659999999969852, -0.33027799216065923 
18.66999999996983, -0.3317280544343327 
18.679999999969805, -0.3309951915019366 
18.689999999969782, -0.32980736711400543 
18.69999999996976, -0.3288323206313886 
18.709999999969735, -0.3281828856409783 
18.719999999969712, -0.3277947342979811 
18.72999999996969, -0.32758099421437303 
18.739999999969665, -0.3274744281045904 
18.749999999969642, -0.327431196331449 
18.75999999996962, -0.3274256990610918 
18.769999999969595, -0.3274455787983855 
18.779999999969572, -0.32748894700653 
18.78999999996955, -0.3275638372278738 
18.799999999969526, -0.32768917277380283 
18.809999999969502, -0.32789595916797143 
18.81999999996948, -0.32822685157493947 
18.829999999969456, -0.32873203479112056 
18.839999999969432, -0.32945964599330685 
18.84999999996941, -0.33043975834185246 
18.859999999969386, -0.3316633698623386 
18.869999999969362, -0.33306422286453724 
18.87999999996934, -0.3345191533912725 
18.889999999969316, -0.33587889402094345 
18.899999999969292, -0.3370174398966214 
18.90999999996927, -0.33786725223598457 
18.919999999969246, -0.33841992244919733 
18.929999999969223, -0.338702191156138 
18.9399999999692, -0.338748814419911 
18.949999999969176, -0.33858388843548093 
18.959999999969153, -0.3382104372141096 
18.96999999996913, -0.3376037723183399 
18.979999999969106, -0.3367053478558807 
18.989999999969083, -0.3354178363394157 
18.99999999996906, -0.3336090939552422 
19.009999999969036, -0.3311418392062896 
19.019999999969013, -0.3279458239178757 
19.02999999996899, -0.3241147103522021 
19.039999999968966, -0.3199463403241092 
19.049999999968943, -0.3158495395413843 
19.05999999996892, -0.3121715615716849 
19.069999999968896, -0.3090888273724536 
19.079999999968873, -0.3066158612736816 
19.08999999996885, -0.30467417890519427 
19.099999999968826, -0.3031555474672319 
19.109999999968803, -0.30195806253021923 
19.11999999996878, -0.301000593195177 
19.129999999968756, -0.30022578106359 
19.139999999968733, -0.2995986260375923 
19.14999999996871, -0.29910456187275875 
19.159999999968687, -0.2987492119742633 
19.169999999968663, -0.29856136517369647 
19.17999999996864, -0.2986008038537565 
19.189999999968617, -0.29897326934606083 
19.199999999968593, -0.29985561122542065 
19.20999999996857, -0.3015332021559213 
19.219999999968547, -0.30444245657346475 
19.229999999968523, -0.30917499732703196 
19.2399999999685, -0.31630333149961654 
19.249999999968477, -0.32576340962321304 
19.259999999968453, -0.3358043190876045 
19.26999999996843, -0.342895262205141 
19.279999999968407, -0.3443956288810329 
19.289999999968384, -0.3412459818087804 
19.29999999996836, -0.3364474683984469 
19.309999999968337, -0.3321595203469915 
19.319999999968314, -0.3290558999587703 
19.32999999996829, -0.3270270894869376 
19.339999999968267, -0.32576964682349613 
19.349999999968244, -0.3250163589748447 
19.35999999996822, -0.3245808477719486 
19.369999999968197, -0.3243448234974443 
19.379999999968174, -0.32423720183803645 
19.38999999996815, -0.3242179579789165 
19.399999999968127, -0.32426806151658816 
19.409999999968104, -0.32438424925323 
19.41999999996808, -0.32457720051105526 
19.429999999968057, -0.32487174454060974 
19.439999999968034, -0.3253075021471935 
19.44999999996801, -0.3259378728438195 
19.459999999967987, -0.3268246984921036 
19.469999999967964, -0.32802539805657666 
19.47999999996794, -0.32956976950818084 
19.489999999967917, -0.33142837937570396 
19.499999999967894, -0.333487283169944 
19.50999999996787, -0.3355567182846924 
19.519999999967848, -0.33742825046169467 
19.529999999967824, -0.33894973305824044 
19.5399999999678, -0.34006367814621774 
19.549999999967778, -0.34079117076315846 
19.559999999967754, -0.3411898990483888 
19.56999999996773, -0.34131847981190366 
19.579999999967708, -0.3412172450745901 
19.589999999967684, -0.34090068802416224 
19.59999999996766, -0.34035461955327756 
19.609999999967638, -0.33953459973957323 
19.619999999967614, -0.33836711689230836 
19.62999999996759, -0.33676070524937024 
19.639999999967568, -0.33463827001161317 
19.649999999967545, -0.3319941668591651 
19.65999999996752, -0.3289494209999925 
19.669999999967498, -0.325749144340494 
19.679999999967475, -0.3226780299372375 
19.68999999996745, -0.31995261655272655 
19.699999999967428, -0.31766983143625405 
19.709999999967405, -0.3158244103145634 
19.71999999996738, -0.31435462577055595 
19.729999999967358, -0.3131814854938706 
19.739999999967335, -0.3122315174426886 
19.74999999996731, -0.31144662787305094 
19.759999999967288, -0.31078665280176465 
19.769999999967265, -0.31022880333778724 
19.77999999996724, -0.309766776241811 
19.78999999996722, -0.30941142015173273 
19.799999999967195, -0.30919446050483923 
19.80999999996717, -0.30917687544331873 
19.81999999996715, -0.3094639068008154 
19.829999999967125, -0.3102284918551247 
19.8399999999671, -0.3117408507583203 
19.84999999996708, -0.3143840318632178 
19.859999999967055, -0.3185804256621013 
19.869999999967032, -0.3244475596151351 
19.87999999996701, -0.3310056692335005 
19.889999999966985, -0.33550747813878434 
19.899999999966962, -0.3348059575787895 
19.90999999996694, -0.3286621193700475 
19.919999999966915, -0.3201512455860316 
19.929999999966892, -0.31238466587980096 
19.93999999996687, -0.3066039105934316 
19.949999999966845, -0.3027196853402875 
19.959999999966822, -0.30023365001376057 
19.9699999999668, -0.29867856855808755 
19.979999999966775, -0.2977210976819137 
19.989999999966752, -0.29714672888308535 
19.99999999996673, -0.29682421098105594 
20.009999999966706, -0.29667667874659576 
20.019999999966682, -0.2966629188591904 
20.02999999996666, -0.2967666806807615 
20.039999999966636, -0.2969916248035687 
20.049999999966612, -0.29736010033700444 
20.05999999996659, -0.2979142738753179 
20.069999999966566, -0.29871790633407536 
20.079999999966542, -0.2998561240714729 
20.08999999996652, -0.301428538536889 
20.099999999966496, -0.3035280705524891 
20.109999999966472, -0.30619698611037455 
20.11999999996645, -0.3093632552211587 
20.129999999966426, -0.312794079136806 
20.139999999966403, -0.31613195064611116 
20.14999999996638, -0.3190298151673819 
20.159999999966356, -0.32128951944505213 
20.169999999966333, -0.3228934478119946 
20.17999999996631, -0.32393741001640475 
20.189999999966286, -0.32454765357523724 
20.199999999966263, -0.32483172908735936 
20.20999999996624, -0.3248624332957045 
20.219999999966216, -0.32467808271499293 
20.229999999966193, -0.32428746872407377 
20.23999999996617, -0.32367565019038247 
20.249999999966146, -0.322812012722522 
20.259999999966123, -0.3216647580289678 
20.2699999999661, -0.3202246823989235 
20.279999999966076, -0.318532491879258 
20.289999999966053, -0.3166911292698008 
20.29999999996603, -0.3148449359138936 
20.309999999966006, -0.3131325883949786 
20.319999999965983, -0.31164542042455035 
20.32999999996596, -0.3104145429833729 
20.339999999965936, -0.3094231088486483 
20.349999999965913, -0.30862733068627557 
20.35999999996589, -0.3079748787705889 
20.369999999965867, -0.3074171785123121 
20.379999999965843, -0.3069158169010343 
20.38999999996582, -0.3064443283269617 
20.399999999965797, -0.3059871265441139 
20.409999999965773, -0.3055374520548272 
20.41999999996575, -0.30509572180995487 
20.429999999965727, -0.304668824891558 
20.439999999965703, -0.3042697803056243 
20.44999999996568, -0.30391491543449933 
20.459999999965657, -0.3036096605000903 
20.469999999965633, -0.3032984301432954 
20.47999999996561, -0.30272324731196265 
20.489999999965587, -0.3011190554864109 
20.499999999965564, -0.29685318040772146 
20.50999999996554, -0.2877815961767017 
20.519999999965517, -0.27328514142662885 
20.529999999965494, -0.2560807001446394 
20.53999999996547, -0.24027588676319747 
20.549999999965447, -0.22813719176081562 
20.559999999965424, -0.21970793186433163 
20.5699999999654, -0.2141038861081575 
20.579999999965377, -0.210416107330281 
20.589999999965354, -0.2079779321159662 
20.59999999996533, -0.20635595771398899 
20.609999999965307, -0.205282832465202 
20.619999999965284, -0.20459981338577443 
20.62999999996526, -0.20421931141452188 
20.639999999965237, -0.2041037131819409 
20.649999999965214, -0.2042559938206452 
20.65999999996519, -0.2047196054992154 
20.669999999965167, -0.20558726115052633 
20.679999999965144, -0.2070200341434533 
20.68999999996512, -0.2092789410564792 
20.699999999965097, -0.2127676719036343 
20.709999999965074, -0.2180671064994611 
20.71999999996505, -0.22588739075375183 
20.729999999965028, -0.23676363145242849 
20.739999999965004, -0.2503396297560387 
20.74999999996498, -0.2646965358437882 
20.759999999964958, -0.2770376317029907 
20.769999999964934, -0.2856738985590276 
20.77999999996491, -0.29083910391596984 
20.789999999964888, -0.29367842557295665 
20.799999999964864, -0.2952120772333144 
20.80999999996484, -0.29606004600795466 
20.819999999964818, -0.2965435128895876 
20.829999999964794, -0.29682006579973386 
20.83999999996477, -0.2969672277836478 
20.849999999964748, -0.29702441567728016 
20.859999999964725, -0.29701299786595486 
20.8699999999647, -0.29694661454248317 
20.879999999964678, -0.29683779079686246 
20.889999999964655, -0.29670336356067334 
20.89999999996463, -0.29656899369032624 
20.909999999964608, -0.29647141752773587 
20.919999999964585, -0.2964565506376005 
20.92999999996456, -0.29657258789527297 
20.939999999964538, -0.29685901057249514 
20.949999999964515, -0.29733347482184447 
20.95999999996449, -0.29797950314612454 
20.969999999964468, -0.2987405768007589 
20.979999999964445, -0.29952821598497625 
20.98999999996442, -0.3002457973818703 
20.9999999999644, -0.3008166999530711 
21.009999999964375, -0.3011997452874009 
21.01999999996435, -0.3013855673397487 
21.02999999996433, -0.3013814692504833 
21.039999999964305, -0.30119519126091354 
21.04999999996428, -0.3008222686073201 
21.05999999996426, -0.3002361338152129 
21.069999999964235, -0.2993783594188495 
21.079999999964212, -0.298148141135109 
21.08999999996419, -0.2963958879892902 
21.099999999964165, -0.29393745683171874 
21.109999999964142, -0.29061761977718137 
21.11999999996412, -0.28643381069493606 
21.129999999964095, -0.2816492254900441 
21.139999999964072, -0.27675381377055597 
21.14999999996405, -0.27224923044774074 
21.159999999964025, -0.26844275470972956 
21.169999999964002, -0.26540618600878296 
21.17999999996398, -0.26305847962334855 
21.189999999963955, -0.2612618064785826 
21.199999999963932, -0.259879947163976 
21.20999999996391, -0.258801829066069 
21.219999999963886, -0.2579462955529637 
21.229999999963862, -0.2572596436354654 
21.23999999996384, -0.2567117647034345 
21.249999999963816, -0.25629360314632293 
21.259999999963792, -0.25601741020405583 
21.26999999996377, -0.2559210336798955 
21.279999999963746, -0.25607779321019253 
21.289999999963722, -0.2566138206920778 
21.2999999999637, -0.25773336551293907 
21.309999999963676, -0.2597434818232771 
21.319999999963652, -0.2630354583882475 
21.32999999996363, -0.2678897772183049 
21.339999999963606, -0.2738555679314392 
21.349999999963583, -0.2787566256944849 
21.35999999996356, -0.27888869154307205 
21.369999999963536, -0.27233100553479256 
21.379999999963513, -0.26164521923683953 
21.38999999996349, -0.25105855969721097 
21.399999999963466, -0.24283836306946838 
21.409999999963443, -0.23717990525676816 
21.41999999996342, -0.23348272155528044 
21.429999999963396, -0.2311092960299191 
21.439999999963373, -0.22959300075885952 
21.44999999996335, -0.22863264811288325 
21.459999999963326, -0.22804457189141875 
21.469999999963303, -0.22772193126507148 
21.47999999996328, -0.2276083779845565 
21.489999999963256, -0.22768334936272336 
21.499999999963233, -0.22795567134906025 
21.50999999996321, -0.22846335749972066 
21.519999999963186, -0.22927853944516183 
21.529999999963163, -0.23051680029353894 
21.53999999996314, -0.23234900200579206 
21.549999999963116, -0.23500885357696535 
21.559999999963093, -0.2387769671805542 
21.56999999996307, -0.24390119922180525 
21.579999999963047, -0.2504092123429442 
21.589999999963023, -0.25786282403774446 
21.599999999963, -0.26531711980538364 
21.609999999962977, -0.27173405421438723 
21.619999999962953, -0.27654806428525897 
21.62999999996293, -0.27980188782123416 
21.639999999962907, -0.2818589098208802 
21.649999999962883, -0.28310597636361357 
21.65999999996286, -0.28383106868089886 
21.669999999962837, -0.28421762093684644 
21.679999999962813, -0.28437346202684577 
21.68999999996279, -0.2843583996721754 
21.699999999962767, -0.2842034335574189 
21.709999999962744, -0.28392389322829786 
21.71999999996272, -0.28352996646504675 
21.729999999962697, -0.2830366317557803 
21.739999999962674, -0.28247230804514195 
21.74999999996265, -0.28188274205140473 
21.759999999962627, -0.2813264784885729 
21.769999999962604, -0.2808624304953614 
21.77999999996258, -0.2805351904318182 
21.789999999962557, -0.2803642598242325 
21.799999999962534, -0.2803397531958846 
21.80999999996251, -0.28042463690406805 
21.819999999962487, -0.28056348849746277 
21.829999999962464, -0.28069634494008744 
21.83999999996244, -0.280772508811169 
21.849999999962417, -0.28075794671010657 
21.859999999962394, -0.28063391055317255 
21.86999999996237, -0.28038944864040216 
21.879999999962347, -0.2800117176723759 
21.889999999962324, -0.27947576380755274 
21.8999999999623, -0.2787325516638118 
21.909999999962277, -0.27769214014546706 
21.919999999962254, -0.2761990452326088 
21.92999999996223, -0.2740028186060405 
21.939999999962208, -0.2707486026261122 
21.949999999962184, -0.26605566506890665 
21.95999999996216, -0.25976279702041327 
21.969999999962138, -0.2522475848964729 
21.979999999962114, -0.24443923084465696 
21.98999999996209, -0.23734120960702182 
21.999999999962068, -0.23153048604984483 
22.009999999962044, -0.22708349978792194 
22.01999999996202, -0.22379409723499233 
22.029999999961998, -0.22138474791879328 
22.039999999961974, -0.21961053482644952 
22.04999999996195, -0.21828717624412136 
22.059999999961928, -0.2172873601296293 
22.069999999961905, -0.21652932362918867 
22.07999999996188, -0.21596671413620833 
22.089999999961858, -0.21558240946356713 
22.099999999961835, -0.21538712507697752 
22.10999999996181, -0.21542364728585822 
22.119999999961788, -0.21577832765837424 
22.129999999961765, -0.21660242584666003 
22.13999999996174, -0.2181452654881228 
22.149999999961718, -0.22079239068083512 
22.159999999961695, -0.22506420524834106 
22.16999999996167, -0.23142057356522366 
22.179999999961648, -0.23955220499877963 
22.189999999961625, -0.24714607154601861 
22.1999999999616, -0.24995912243948024 
22.20999999996158, -0.2455912042145673 
22.219999999961555, -0.23657768581276165 
22.22999999996153, -0.22725851085780885 
22.23999999996151, -0.21995199247419453 
22.249999999961485, -0.21491092904832426 
22.25999999996146, -0.2116133173230894 
22.26999999996144, -0.209493762734057 
22.279999999961415, -0.2081387509811424 
22.289999999961392, -0.20728253010369652 
22.29999999996137, -0.2067644294752559 
22.309999999961345, -0.2064929231690585 
22.319999999961322, -0.20642278385944612 
22.3299999999613, -0.20654291064076963 
22.339999999961275, -0.20687201383091983 
22.349999999961252, -0.2074605052986566 
22.35999999996123, -0.20839793997098005 
22.369999999961205, -0.20982554533058914 
22.379999999961182, -0.21195152125622205 
22.38999999996116, -0.21505958146761217 
22.399999999961135, -0.21948284370178567 
22.409999999961112, -0.22548663275719286 
22.41999999996109, -0.23301074812933015 
22.429999999961066, -0.24138346923236687 
22.439999999961042, -0.24939617730690963 
22.44999999996102, -0.2559376548573334 
22.459999999960996, -0.2605949918953626 
22.469999999960972, -0.26360832328450645 
22.47999999996095, -0.26545333163345697 
22.489999999960926, -0.2665480896052586 
22.499999999960902, -0.2671753598729303 
22.50999999996088, -0.26750530745583123 
22.519999999960856, -0.26763479811978186 
22.529999999960832, -0.2676171485200454 
22.53999999996081, -0.2674811334883943 
22.549999999960786, -0.2672435362151319 
22.559999999960763, -0.2669189061808574 
22.56999999996074, -0.26652808096089764 
22.579999999960716, -0.2661044764413652 
22.589999999960693, -0.2656953261374587 
22.59999999996067, -0.2653558620429765 
22.609999999960646, -0.26513796815948054 
22.619999999960623, -0.26507769737104125 
22.6299999999606, -0.26518541859470546 
22.639999999960576, -0.2654404844141541 
22.649999999960553, -0.26579254726823737 
22.65999999996053, -0.26617202599578044 
22.669999999960506, -0.26650805928301624 
22.679999999960483, -0.26674560550472654 
22.68999999996046, -0.2668526970313529 
22.699999999960436, -0.2668161181438801 
22.709999999960413, -0.2666305943377933 
22.71999999996039, -0.2662869708873496 
22.729999999960366, -0.26576126197167305 
22.739999999960343, -0.26500334757826727 
22.74999999996032, -0.2639234173252333 
22.759999999960296, -0.2623771362154984 
22.769999999960273, -0.2601600657120645 
22.77999999996025, -0.25704058466020063 
22.789999999960227, -0.2528718018051671 
22.799999999960203, -0.24776865776987195 
22.80999999996018, -0.24219760394306128 
22.819999999960157, -0.23680889181252898 
22.829999999960133, -0.23211991009543245 
22.83999999996011, -0.22834344638546789 
22.849999999960087, -0.22544042340880202 
22.859999999960063, -0.22325435051742631 
22.86999999996004, -0.22161026596285988 
22.879999999960017, -0.2203590481973709 
22.889999999959993, -0.219388489057638 
22.89999999995997, -0.21862083525205853 
22.909999999959947, -0.21800692771220218 
22.919999999959924, -0.21752107845560667 
22.9299999999599, -0.21715833356280595 
22.939999999959877, -0.21693500102456645 
22.949999999959854, -0.2168932262837228 
22.95999999995983, -0.21711027438665123 
22.969999999959807, -0.21771152485774273 
22.979999999959784, -0.21887824889549715 
22.98999999995976, -0.22081361041271735 
22.999999999959737, -0.22355807003613815 
23.009999999959714, -0.2264502352021868 
23.01999999995969, -0.22727595895378286 
23.029999999959667, -0.22252738549677856 
23.039999999959644, -0.21076356148783307 
23.04999999995962, -0.1953957031423139 
23.059999999959597, -0.1813354765453924 
23.069999999959574, -0.1708600255686807 
23.07999999995955, -0.16380083011801594 
23.089999999959527, -0.15921412616876798 
23.099999999959504, -0.15624579161738694 
23.10999999995948, -0.1543102251012245 
23.119999999959457, -0.15304366325460703 
23.129999999959434, -0.1522305016760677 
23.13999999995941, -0.15174963120525242 
23.149999999959388, -0.15154262146512265 
23.159999999959364, -0.15159803911507647 
23.16999999995934, -0.15194772352910563 
23.179999999959318, -0.15267371073373395 
23.189999999959294, -0.1539272541291676 
23.19999999995927, -0.155963587590212 
23.209999999959248, -0.1591952311966181 
23.219999999959224, -0.16425242351164204 
23.2299999999592, -0.17198203155581487 
23.239999999959178, -0.18317520127324194 
23.249999999959154, -0.19771330710010487 
23.25999999995913, -0.21346680979478833 
23.269999999959108, -0.22683771828581634 
23.279999999959085, -0.23556196234523882 
23.28999999995906, -0.24010022575223627 
23.299999999959038, -0.242116255637774 
23.309999999959015, -0.2429385624620485 
23.31999999995899, -0.24326752606215063 
23.329999999958968, -0.2434047254065121 
23.339999999958945, -0.24346709033753608 
23.34999999995892, -0.24349792383667546 
23.359999999958898, -0.2435139853125444 
23.369999999958875, -0.24352410587856163 
23.37999999995885, -0.24353697160314458 
23.389999999958828, -0.24356542894264738 
23.399999999958805, -0.24363003185077958 
23.40999999995878, -0.24376238114982188 
23.41999999995876, -0.24400756640379143 
23.429999999958735, -0.24442429295910878 
23.43999999995871, -0.24508088613852505 
23.44999999995869, -0.24604477289981336 
23.459999999958665, -0.24736228343650296 
23.46999999995864, -0.24902790459122018 
23.47999999995862, -0.25095333704868705 
23.489999999958595, -0.25296362054747645 
23.499999999958572, -0.25484419491684945 
23.50999999995855, -0.2564195959309955 
23.519999999958525, -0.2576063593327251 
23.529999999958502, -0.2584083396402069 
23.53999999995848, -0.2588766586157435 
23.549999999958455, -0.25907074754701653 
23.559999999958432, -0.25903608284987534 
23.56999999995841, -0.25879591673034297 
23.579999999958385, -0.2583502270390717 
23.589999999958362, -0.257678334360426 
23.59999999995834, -0.25674602708794947 
23.609999999958315, -0.2555209953994733 
23.619999999958292, -0.25399878495028366 
23.62999999995827, -0.25223144267042663 
23.639999999958246, -0.25033726255036426 
23.649999999958222, -0.24847321730592076 
23.6599999999582, -0.2467820496895743 
23.669999999958176, -0.2453505467365924 
23.679999999958152, -0.24420104559189135 
23.68999999995813, -0.24330773947655548 
23.699999999958106, -0.2426190697374469 
23.709999999958082, -0.24207571347696266 
23.71999999995806, -0.24162229469400373 
23.729999999958036, -0.24121364278836413 
23.739999999958012, -0.24081644581572884 
23.74999999995799, -0.24040736748154634 
23.759999999957966, -0.23996901304948284 
23.769999999957943, -0.23948467877149904 
23.77999999995792, -0.23893145458738707 
23.789999999957896, -0.23826898915245062 
23.799999999957873, -0.23741736715189318 
23.80999999995785, -0.23621091087940935 
23.819999999957826, -0.2343078140793577 
23.829999999957803, -0.2310522150453939 
23.83999999995778, -0.22540478028213667 
23.849999999957756, -0.21632856004452578 
23.859999999957733, -0.20391057330921786 
23.86999999995771, -0.19011780436147088 
23.879999999957686, -0.17759018484574432 
23.889999999957663, -0.16780757034922605 
23.89999999995764, -0.16081971623315974 
23.909999999957616, -0.15601794763504534 
23.919999999957593, -0.15274044737082104 
23.92999999995757, -0.15048097406334351 
23.939999999957546, -0.1488992229839337 
23.949999999957523, -0.14777972589908442 
23.9599999999575, -0.14699239113547913 
23.969999999957476, -0.14646570610325213 
23.979999999957453, -0.146171837569176 
23.98999999995743, -0.14612154327326338 
23.999999999957407, -0.146368248541684 
24.009999999957383, -0.14702271003426767 
24.01999999995736, -0.14828159080505326 
24.029999999957337, -0.1504724409277306 
24.039999999957313, -0.15410304026416913 
24.04999999995729, -0.15983894521385214 
24.059999999957267, -0.16815081844860646 
24.069999999957243, -0.17817733807358782 
24.07999999995722, -0.1862417071521739 
24.089999999957197, -0.18737816656321876 
24.099999999957173, -0.18090312619160798 
24.10999999995715, -0.1712710433116537 
24.119999999957127, -0.16264060983907783 
24.129999999957104, -0.15636517582957118 
24.13999999995708, -0.1521802081574068 
24.149999999957057, -0.1494675805672944 
24.159999999957034, -0.14771740497632782 
24.16999999995701, -0.1465913129051586 
24.179999999956987, -0.14588326471982516 
24.189999999956964, -0.14547559670443505 
24.19999999995694, -0.1453094801498304 
24.209999999956917, -0.1453690627511851 
24.219999999956894, -0.145676181240658 
24.22999999995687, -0.14629403273470262 
24.239999999956847, -0.1473401555248197 
24.249999999956824, -0.14901058378975263 
24.2599999999568, -0.15161638378251246 
24.269999999956777, -0.1556246503964299 
24.279999999956754, -0.16166132988502246 
24.28999999995673, -0.17034977189150105 
24.299999999956707, -0.18178725658550038 
24.309999999956684, -0.19477239903496496 
24.31999999995666, -0.20682993861842808 
24.329999999956637, -0.2158296637629195 
24.339999999956614, -0.22140710735602162 
24.34999999995659, -0.2244730033786535 
24.359999999956568, -0.2260752873856275 
24.369999999956544, -0.22691238279253928 
24.37999999995652, -0.22735866887673123 
24.389999999956498, -0.22759826298883096 
24.399999999956474, -0.22772053826377955 
24.40999999995645, -0.22777064783828221 
24.419999999956428, -0.22777406635728967 
24.429999999956404, -0.22774901501544237 
24.43999999995638, -0.2277139166180781 
24.449999999956358, -0.22769292886969014 
24.459999999956334, -0.22772021903623757 
24.46999999995631, -0.22784222122868955 
24.479999999956288, -0.2281165838729972 
24.489999999956265, -0.22860666008487324 
24.49999999995624, -0.22937032398520102 
24.509999999956218, -0.2304414731379086 
24.519999999956195, -0.23180492598612362 
24.52999999995617, -0.2333749579651701 
24.539999999956148, -0.23499919761974505 
24.549999999956125, -0.23650181180041882 
24.5599999999561, -0.23774496570033105 
24.569999999956078, -0.2386650456618331 
24.579999999956055, -0.23926505273356682 
24.58999999995603, -0.23958265117798208 
24.599999999956008, -0.23966020982647068 
24.609999999955985, -0.23952730962292507 
24.61999999995596, -0.23919357714371886 
24.62999999995594, -0.23864727383944512 
24.639999999955915, -0.23785796467703388 
24.64999999995589, -0.23678551480361829 
24.65999999995587, -0.2353997703020388 
24.669999999955845, -0.23371106508890768 
24.67999999995582, -0.23179785804209688 
24.6899999999558, -0.22980531607381288 
24.699999999955775, -0.2279026689466519 
24.709999999955752, -0.22622504828236653 
24.71999999995573, -0.22483986595884403 
24.729999999955705, -0.22374976942526378 
24.739999999955682, -0.2229150631420093 
24.74999999995566, -0.2222766898683976 
24.759999999955635, -0.2217725404114593 
24.769999999955612, -0.22134726432828639 
24.77999999995559, -0.2209569185551763 
24.789999999955565, -0.2205693355322164 
24.799999999955542, -0.2201612624158758 
24.80999999995552, -0.21971348537247995 
24.819999999955495, -0.21920444299130343 
24.829999999955472, -0.21860116560092407 
24.83999999995545, -0.21784368153949626 
24.849999999955426, -0.2168146977161835 
24.859999999955402, -0.21528080070719663 
24.86999999995538, -0.21279422463251976 
24.879999999955356, -0.20859617277850068 
24.889999999955332, -0.20173298608347645 
24.89999999995531, -0.19173496371299442 
24.909999999955286, -0.17957377837134172 
24.919999999955262, -0.16747121116421615 
24.92999999995524, -0.1573280938508529 
24.939999999955216, -0.14975631757572655 
24.949999999955192, -0.1444356949701345 
24.95999999995517, -0.14077244230407499 
24.969999999955146, -0.13824154065441702 
24.979999999955123, -0.1364665165510981 
24.9899999999551, -0.13519995570431315 
24.999999999955076, -0.1342869849612802 
