t, s[1].omega / s[0].omega 
0, -1.3599973237846181 
0.009999999999999995, -1.3595566014260558 
0.019999999999999934, -1.3587766623241 
0.029999999999999874, -1.3576696742282919 
0.04000000000000012, -1.3562618293301774 
0.050000000000000405, -1.3546029212179147 
0.06000000000000069, -1.3527802342196744 
0.07000000000000098, -1.3509368722420276 
0.08000000000000126, -1.3492823185511331 
0.09000000000000155, -1.3480480492648872 
0.10000000000000184, -1.3473572433946992 
0.11000000000000212, -1.3471183952810464 
0.12000000000000241, -1.3470875892683636 
0.130000000000002, -1.3470171303257896 
0.1400000000000009, -1.3467160540925283 
0.1499999999999998, -1.3460028671027602 
0.1599999999999987, -1.344611411733907 
0.1699999999999976, -1.3420744029089573 
0.1799999999999965, -1.3375851685071545 
0.1899999999999954, -1.3298805411274377 
0.1999999999999943, -1.3173134103501962 
0.2099999999999932, -1.298467090388714 
0.2199999999999921, -1.2736578640198692 
0.229999999999991, -1.2467316910431017 
0.2399999999999899, -1.224476919987064 
0.2499999999999888, -1.2118417317023684 
0.2599999999999877, -1.2080158807625199 
0.2699999999999866, -1.2087486971096904 
0.2799999999999855, -1.210600407106806 
0.2899999999999844, -1.2121189142339588 
0.2999999999999833, -1.213010892163224 
0.3099999999999822, -1.2133445864534171 
0.3199999999999811, -1.2132056921903818 
0.32999999999998, -1.2125909399275239 
0.3399999999999789, -1.2113637368095336 
0.3499999999999778, -1.209204433540948 
0.35999999999997667, -1.205571738035032 
0.36999999999997557, -1.1998551809695144 
0.37999999999997447, -1.1922610384571246 
0.38999999999997337, -1.1860728806211625 
0.39999999999997227, -1.1895382840858066 
0.40999999999997117, -1.2110253366254253 
0.41999999999997006, -1.2477504314005123 
0.42999999999996896, -1.2856556553053968 
0.43999999999996786, -1.3137269920563335 
0.44999999999996676, -1.3305931564927014 
0.45999999999996566, -1.3396054318927797 
0.46999999999996456, -1.3441153083484987 
0.47999999999996346, -1.3462351407854973 
0.48999999999996235, -1.3470893639856976 
0.49999999999996125, -1.3472346346255093 
0.5099999999999602, -1.3469440454379344 
0.519999999999959, -1.3463855888911485 
0.529999999999958, -1.345767453346486 
0.5399999999999568, -1.3454608434223627 
0.5499999999999557, -1.345970449350511 
0.5599999999999546, -1.3476212941616317 
0.5699999999999535, -1.3502475413547645 
0.5799999999999524, -1.3533233839629184 
0.5899999999999513, -1.356339888459733 
0.5999999999999502, -1.3589915548049103 
0.6099999999999491, -1.3611484627063823 
0.619999999999948, -1.3627776905156217 
0.6299999999999469, -1.3638907465958856 
0.6399999999999458, -1.3645195614800445 
0.6499999999999447, -1.3647078467400122 
0.6599999999999436, -1.3645078641954662 
0.6699999999999425, -1.3639788826467212 
0.6799999999999414, -1.3631887271743428 
0.6899999999999403, -1.3622190206671347 
0.6999999999999392, -1.361168281332067 
0.7099999999999381, -1.3601465969936086 
0.719999999999937, -1.3592663828966585 
0.7299999999999359, -1.358628931609678 
0.7399999999999348, -1.3582859167708397 
0.7499999999999337, -1.3581897022726386 
0.7599999999999326, -1.3581989910328711 
0.7699999999999315, -1.3581426899956945 
0.7799999999999304, -1.3578630956652131 
0.7899999999999293, -1.3572011367057424 
0.7999999999999282, -1.3559501626968673 
0.8099999999999271, -1.353810759191052 
0.819999999999926, -1.3503687518220262 
0.8299999999999249, -1.345118711010564 
0.8399999999999238, -1.3375583144948797 
0.8499999999999227, -1.3273898253452145 
0.8599999999999216, -1.3148882195084013 
0.8699999999999205, -1.301403929386677 
0.8799999999999194, -1.2894805496473167 
0.8899999999999183, -1.2816371915029308 
0.8999999999999172, -1.278382851909155 
0.9099999999999161, -1.2780915369815644 
0.919999999999915, -1.2788423825339872 
0.9299999999999139, -1.279575656382533 
0.9399999999999128, -1.279951948499033 
0.9499999999999117, -1.2799126965479382 
0.9599999999999106, -1.279419055695873 
0.9699999999999095, -1.2783273345293602 
0.9799999999999084, -1.2762882178069987 
0.9899999999999073, -1.2726157799119622 
0.9999999999999062, -1.2662062563627365 
1.0099999999999052, -1.2560049780019673 
1.019999999999904, -1.2432530010142768 
1.029999999999903, -1.2354904752540214 
1.039999999999902, -1.2450037213573188 
1.0499999999999008, -1.2747713932019058 
1.0599999999998997, -1.3112425462968276 
1.0699999999998986, -1.3399373267978159 
1.0799999999998975, -1.3573720827735145 
1.0899999999998964, -1.3666039886265675 
1.0999999999998953, -1.3711558469405243 
1.1099999999998942, -1.3732615934711316 
1.119999999999893, -1.3740907126269637 
1.129999999999892, -1.3742100617651358 
1.1399999999998909, -1.3738920778084545 
1.1499999999998898, -1.3733057329413896 
1.1599999999998887, -1.3726744548261234 
1.1699999999998876, -1.3724076752785739 
1.1799999999998865, -1.3730451236798156 
1.1899999999998854, -1.374882307003473 
1.1999999999998843, -1.3776625389832202 
1.2099999999998832, -1.3807948095549067 
1.219999999999882, -1.3837692712971201 
1.229999999999881, -1.3863112019920267 
1.2399999999998799, -1.3883210941966395 
1.2499999999998788, -1.3897871165635116 
1.2599999999998777, -1.3907340463373008 
1.2699999999998766, -1.391201847867932 
1.2799999999998755, -1.3912384274259828 
1.2899999999998744, -1.390897254162065 
1.2999999999998733, -1.3902373724112158 
1.3099999999998722, -1.3893272362278628 
1.319999999999871, -1.3882511012587149 
1.32999999999987, -1.3871114685017178 
1.3399999999998689, -1.3860257062594312 
1.3499999999998678, -1.3851209082382956 
1.3599999999998666, -1.3845088599355833 
1.3699999999998655, -1.384220261538148 
1.3799999999998644, -1.3841575785532954 
1.3899999999998633, -1.3841402379967682 
1.3999999999998622, -1.3839846985795987 
1.4099999999998611, -1.383523751400061 
1.41999999999986, -1.3825613471230975 
1.429999999999859, -1.3808025565977529 
1.4399999999998578, -1.377784692331048 
1.4499999999998567, -1.372835277385573 
1.4599999999998556, -1.3651089576393638 
1.4699999999998545, -1.353796708616038 
1.4799999999998534, -1.3386488130126812 
1.4899999999998523, -1.3208817840968725 
1.4999999999998512, -1.3038620959405867 
1.5099999999998501, -1.2918164078188141 
1.519999999999849, -1.2864477650333341 
1.529999999999848, -1.2857846235377468 
1.5399999999998468, -1.286889223501206 
1.5499999999998457, -1.2880610394518006 
1.5599999999998446, -1.2887781473052538 
1.5699999999998435, -1.2889992195199849 
1.5799999999998424, -1.2887564611835836 
1.5899999999998413, -1.2880033434123672 
1.5999999999998402, -1.2865444480993067 
1.6099999999998391, -1.283975073474134 
1.619999999999838, -1.279700280796601 
1.629999999999837, -1.2734274702465216 
1.6399999999998358, -1.2670107591800717 
1.6499999999998347, -1.2673481523212407 
1.6599999999998336, -1.2842586989626665 
1.6699999999998325, -1.3184251868042431 
1.6799999999998314, -1.3566444039824719 
1.6899999999998303, -1.3861825352115038 
1.6999999999998292, -1.4043421395845264 
1.709999999999828, -1.4141612533938979 
1.719999999999827, -1.4190984642754894 
1.729999999999826, -1.4214230027415966 
1.7399999999998248, -1.4223687207377076 
1.7499999999998237, -1.4225569138090475 
1.7599999999998226, -1.4223018627368966 
1.7699999999998215, -1.421804980095634 
1.7799999999998204, -1.4212927468924919 
1.7899999999998193, -1.4210800384338333 
1.7999999999998182, -1.4214618525049596 
1.809999999999817, -1.422487758498273 
1.819999999999816, -1.423922386842265 
1.8299999999998149, -1.425449746301272 
1.8399999999998138, -1.4268389585057337 
1.8499999999998127, -1.4279615521963032 
1.8599999999998116, -1.4287535303010421 
1.8699999999998105, -1.429185132559935 
1.8799999999998094, -1.429243541401346 
1.8899999999998083, -1.428923527132889 
1.8999999999998072, -1.4282235139248145 
1.909999999999806, -1.4271458190133577 
1.919999999999805, -1.4257012723109823 
1.9299999999998039, -1.4239199319821667 
1.9399999999998028, -1.4218713494733848 
1.9499999999998017, -1.4196999553720873 
1.9599999999998006, -1.41766394446603 
1.9699999999997995, -1.4160991366644782 
1.9799999999997984, -1.4152231711962642 
1.9899999999997973, -1.4149410806890443 
1.9999999999997962, -1.4149303130155633 
2.0099999999998173, -1.4148771916062084 
2.0199999999998384, -1.4145629167829217 
2.0299999999998595, -1.4137849232311184 
2.0399999999998806, -1.4122140611582708 
2.0499999999999017, -1.4091948970545478 
2.059999999999923, -1.403430975194185 
2.069999999999944, -1.3925637652283611 
2.079999999999965, -1.373087593306669 
2.089999999999986, -1.3421730499645628 
2.100000000000007, -1.3031083395053087 
2.1100000000000283, -1.2689118518579328 
2.1200000000000494, -1.252083716311215 
2.1300000000000705, -1.2513487199446862 
2.1400000000000916, -1.2570919527486353 
2.1500000000001127, -1.2627062893231067 
2.160000000000134, -1.2663988354816957 
2.170000000000155, -1.2684324272622463 
2.180000000000176, -1.2693745543976545 
2.190000000000197, -1.2696172734967917 
2.2000000000002182, -1.2693513293104128 
2.2100000000002393, -1.268619134777516 
2.2200000000002604, -1.2673736093208443 
2.2300000000002815, -1.2656034699075194 
2.2400000000003026, -1.2636958721548566 
2.2500000000003237, -1.2631722799900464 
2.260000000000345, -1.2671278632311325 
2.270000000000366, -1.2784746572880006 
2.280000000000387, -1.296473515775085 
2.290000000000408, -1.3165949875144611 
2.3000000000004293, -1.3343217687823783 
2.3100000000004504, -1.347608399288219 
2.3200000000004715, -1.3565009709492037 
2.3300000000004926, -1.3619531609345423 
2.3400000000005137, -1.3650341288736025 
2.3500000000005348, -1.3665986831665766 
2.360000000000556, -1.3672265045812997 
2.370000000000577, -1.3672763750562884 
2.380000000000598, -1.3669716609735052 
2.390000000000619, -1.366484657938014 
2.4000000000006403, -1.366001767671365 
2.4100000000006614, -1.36573128212842 
2.4200000000006825, -1.3658257858805873 
2.4300000000007036, -1.3662937640252113 
2.4400000000007247, -1.3670158234572771 
2.450000000000746, -1.3678346187266164 
2.460000000000767, -1.3686123209455083 
2.470000000000788, -1.3692408527709365 
2.480000000000809, -1.3696392194700737 
2.49000000000083, -1.3697491492220863 
2.5000000000008513, -1.36952867534138 
2.5100000000008724, -1.3689465925815945 
2.5200000000008935, -1.3679796607335135 
2.5300000000009146, -1.3666122295125638 
2.5400000000009357, -1.3648391291768576 
2.550000000000957, -1.3626750851018816 
2.560000000000978, -1.3601758047029102 
2.570000000000999, -1.3574764506372519 
2.58000000000102, -1.3548388690208393 
2.5900000000010412, -1.3526427139630344 
2.6000000000010624, -1.3512181579419598 
2.6100000000010835, -1.3505967552422877 
2.6200000000011046, -1.3504875794999525 
2.6300000000011257, -1.3505177750740116 
2.6400000000011468, -1.3504158838783331 
2.650000000001168, -1.3499990559903454 
2.660000000001189, -1.349064064351564 
2.67000000000121, -1.3472496117551789 
2.680000000001231, -1.343847609176459 
2.6900000000012523, -1.3375220990260996 
2.7000000000012734, -1.3260018357484884 
2.7100000000012945, -1.3062166400384239 
2.7200000000013156, -1.2760813196036296 
2.7300000000013367, -1.238632529117413 
2.740000000001358, -1.2042031773805324 
2.750000000001379, -1.1833216576095809 
2.7600000000014, -1.1770593755962058 
2.770000000001421, -1.17888604249312 
2.780000000001442, -1.1826852774184098 
2.7900000000014633, -1.1857940780711433 
2.8000000000014844, -1.1877435461130958 
2.8100000000015055, -1.1887599869018473 
2.8200000000015266, -1.1891169083158342 
2.8300000000015477, -1.1889737462402707 
2.840000000001569, -1.1883605913029194 
2.85000000000159, -1.1871790593525862 
2.860000000001611, -1.1851996551946216 
2.870000000001632, -1.1821186054769037 
2.8800000000016532, -1.1778971529025541 
2.8900000000016743, -1.1738183799771122 
2.9000000000016954, -1.1742277113631705 
2.9100000000017165, -1.1863604227874995 
2.9200000000017377, -1.2142356405268824 
2.9300000000017588, -1.2516201849415465 
2.94000000000178, -1.286408986183058 
2.950000000001801, -1.3113540885492754 
2.960000000001822, -1.3264414284911978 
2.970000000001843, -1.3346785748761496 
2.9800000000018643, -1.338891442789294 
2.9900000000018854, -1.3409013750503114 
3.0000000000019065, -1.3417137683226241 
3.0100000000019276, -1.341845570764757 
3.0200000000019487, -1.3415631624095217 
3.03000000000197, -1.3410415183467803 
3.040000000001991, -1.3404914366464658 
3.050000000002012, -1.3402456344585874 
3.060000000002033, -1.340696225386744 
3.070000000002054, -1.3420394342670625 
3.0800000000020753, -1.344097267192228 
3.0900000000020964, -1.3464658882857006 
3.1000000000021175, -1.348778014010092 
3.1100000000021386, -1.3508107677615773 
3.1200000000021597, -1.3524599968869095 
3.130000000002181, -1.353689069048881 
3.140000000002202, -1.35449472176157 
3.150000000002223, -1.3548902341889781 
3.160000000002244, -1.3548990238033898 
3.1700000000022652, -1.3545531670190163 
3.1800000000022863, -1.3538939971014081 
3.1900000000023074, -1.3529749462907827 
3.2000000000023285, -1.351866762014383 
3.2100000000023496, -1.35066136933547 
3.2200000000023707, -1.349470769049162 
3.230000000002392, -1.348422637929541 
3.240000000002413, -1.3476430075303754 
3.250000000002434, -1.3472023206363306 
3.260000000002455, -1.347052998934607 
3.2700000000024763, -1.3470397562221974 
3.2800000000024974, -1.346977299985388 
3.2900000000025185, -1.346700064548909 
3.3000000000025396, -1.3460444593855583 
3.3100000000025607, -1.3447946418063546 
3.3200000000025818, -1.3426251225303463 
3.330000000002603, -1.3390625355455874 
3.340000000002624, -1.3334964296754772 
3.350000000002645, -1.3252819833244764 
3.360000000002666, -1.3139881204052588 
3.3700000000026873, -1.2998521999694093 
3.3800000000027084, -1.2843826763484116 
3.3900000000027295, -1.2705070986586848 
3.4000000000027506, -1.2611942912358902 
3.4100000000027717, -1.2571667113174905 
3.420000000002793, -1.2566585020038825 
3.430000000002814, -1.2574654472422409 
3.440000000002835, -1.2583289307896273 
3.450000000002856, -1.2588332727281486 
3.460000000002877, -1.2589133319267085 
3.4700000000028983, -1.258554096900902 
3.4800000000029194, -1.2576574802793827 
3.4900000000029405, -1.2559530835961663 
3.5000000000029616, -1.2528840395616165 
3.5100000000029827, -1.2474917655188804 
3.520000000003004, -1.2385973377932253 
3.530000000003025, -1.226214002643948 
3.540000000003046, -1.2150497027264282 
3.550000000003067, -1.2161974483383975 
3.5600000000030882, -1.237887050734201 
3.5700000000031094, -1.2727973198636904 
3.5800000000031305, -1.3051242642602507 
3.5900000000031516, -1.326836110758299 
3.6000000000031727, -1.339000704645199 
3.6100000000031938, -1.3452089046639402 
3.620000000003215, -1.3481969751715748 
3.630000000003236, -1.3495057616383535 
3.640000000003257, -1.3499071248876515 
3.650000000003278, -1.3497688864937056 
3.6600000000032993, -1.349276985771643 
3.6700000000033204, -1.348594245345258 
3.6800000000033415, -1.3480200199451773 
3.6900000000033626, -1.3480925548189409 
3.7000000000033837, -1.3494017289945026 
3.710000000003405, -1.3521005523733203 
3.720000000003426, -1.3557125461232356 
3.730000000003447, -1.3595272047648006 
3.740000000003468, -1.363022151747476 
3.750000000003489, -1.3659471658502482 
3.7600000000035103, -1.368228432163176 
3.7700000000035314, -1.369875665205293 
3.7800000000035525, -1.3709341939559185 
3.7900000000035736, -1.3714663189610359 
3.8000000000035947, -1.371543716878738 
3.810000000003616, -1.3712424798902478 
3.820000000003637, -1.3706414793570174 
3.830000000003658, -1.369826793396291 
3.840000000003679, -1.3688978969461336 
3.8500000000037002, -1.3679647515459803 
3.8600000000037213, -1.3671346782779803 
3.8700000000037424, -1.36650070969091 
3.8800000000037635, -1.3661239911211003 
3.8900000000037847, -1.365994942924302 
3.9000000000038058, -1.3660118678521338 
3.910000000003827, -1.3660190345700034 
3.920000000003848, -1.365860010247975 
3.930000000003869, -1.3653864035897265 
3.94000000000389, -1.3644256661137322 
3.9500000000039113, -1.3627408900606277 
3.9600000000039324, -1.3600072735501827 
3.9700000000039535, -1.3558221220006987 
3.9800000000039746, -1.3497622727490153 
3.9900000000039957, -1.3415079162701775 
4.000000000004016, -1.3310802871369913 
4.010000000003993, -1.319239102738972 
4.02000000000397, -1.3078242988004387 
4.030000000003946, -1.2992606907102733 
4.040000000003923, -1.2948653047937992 
4.0500000000039, -1.2938096426862653 
4.0600000000038765, -1.2942835359016247 
4.070000000003853, -1.2949989726067126 
4.08000000000383, -1.2954422666940049 
4.090000000003807, -1.2954912862571462 
4.100000000003783, -1.2951032863488359 
4.11000000000376, -1.2941583524803288 
4.120000000003737, -1.2923514920748085 
4.130000000003713, -1.289058244225144 
4.14000000000369, -1.2832079994509091 
4.150000000003667, -1.2735548193940427 
4.1600000000036434, -1.2605327748245472 
4.17000000000362, -1.2504323619202102 
4.180000000003597, -1.2558870157235276 
4.1900000000035735, -1.2828591037379524 
4.20000000000355, -1.3195229695126316 
4.210000000003527, -1.3498771429762724 
4.220000000003504, -1.368764534243811 
4.23000000000348, -1.3788540433169418 
4.240000000003457, -1.3838426545169056 
4.250000000003434, -1.3861621794886845 
4.26000000000341, -1.387098939463924 
4.270000000003387, -1.3872778875103475 
4.280000000003364, -1.3869981511550433 
4.2900000000033405, -1.3864375955811006 
4.300000000003317, -1.3858137203298488 
4.310000000003294, -1.385515050316274 
4.320000000003271, -1.3860542902696973 
4.330000000003247, -1.3877155953167106 
4.340000000003224, -1.3902606142576386 
4.350000000003201, -1.3931348099028287 
4.360000000003177, -1.3958610925144543 
4.370000000003154, -1.3981831088957324 
4.380000000003131, -1.400007250672312 
4.390000000003107, -1.4013206811187915 
4.400000000003084, -1.4021439178380655 
4.410000000003061, -1.4025107287366836 
4.4200000000030375, -1.4024613965502497 
4.430000000003014, -1.4020411468093008 
4.440000000002991, -1.4013012526674244 
4.450000000002968, -1.4003036723648927 
4.460000000002944, -1.3991279996927861 
4.470000000002921, -1.3978758466934893 
4.480000000002898, -1.396672429057 
4.490000000002874, -1.395664566840274 
4.500000000002851, -1.3949852323995533 
4.510000000002828, -1.3946672679815333 
4.520000000002804, -1.3945934717903934 
4.530000000002781, -1.3945617389499938 
4.540000000002758, -1.394376980311894 
4.5500000000027345, -1.3938631781442974 
4.560000000002711, -1.3928036032408961 
4.570000000002688, -1.3908518649979573 
4.580000000002665, -1.3874338281088223 
4.590000000002641, -1.3816671289263476 
4.600000000002618, -1.3723810274778159 
4.610000000002595, -1.358417973203847 
4.620000000002571, -1.339492520500747 
4.630000000002548, -1.3176365921607647 
4.640000000002525, -1.2978645267750912 
4.6500000000025015, -1.2853860157092878 
4.660000000002478, -1.2810088283497811 
4.670000000002455, -1.2813551286516855 
4.6800000000024315, -1.28300394796999 
4.690000000002408, -1.2843877815922995 
4.700000000002385, -1.285168174438633 
4.710000000002362, -1.2853984822193814 
4.720000000002338, -1.2851484079312974 
4.730000000002315, -1.2843886317345732 
4.740000000002292, -1.2829460228912484 
4.750000000002268, -1.2804805923976272 
4.760000000002245, -1.2765978261976336 
4.770000000002222, -1.2715320034755644 
4.7800000000021985, -1.268054647683436 
4.790000000002175, -1.2733106095777273 
4.800000000002152, -1.2945429501642582 
4.810000000002129, -1.3287442635121551 
4.820000000002105, -1.3633175729336782 
4.830000000002082, -1.389007393834776 
4.840000000002059, -1.4047643896132858 
4.850000000002035, -1.4134049237786799 
4.860000000002012, -1.4178195022698625 
4.870000000001989, -1.4199146417900925 
4.880000000001965, -1.4207537674692632 
4.890000000001942, -1.4208885907790456 
4.900000000001919, -1.420609813814331 
4.9100000000018955, -1.4201157948102132 
4.920000000001872, -1.4196313249407229 
4.930000000001849, -1.4194443672940695 
4.940000000001826, -1.4197888343520353 
4.950000000001802, -1.4206684252851105 
4.960000000001779, -1.4218675270158063 
4.970000000001756, -1.4231279067757086 
4.980000000001732, -1.4242623414692632 
4.990000000001709, -1.4251581794622077 
5.000000000001686, -1.4257503264020763 
5.0100000000016625, -1.4260013019765048 
5.020000000001639, -1.4258885141939113 
5.030000000001616, -1.4253965591765811 
5.0400000000015925, -1.4245138488270892 
5.050000000001569, -1.42323303478575 
5.060000000001546, -1.4215562172912204 
5.070000000001523, -1.4195080607212147 
5.080000000001499, -1.417162885110292 
5.090000000001476, -1.4146925594183553 
5.100000000001453, -1.4124117209529456 
5.110000000001429, -1.4107129233762157 
5.120000000001406, -1.4098141620260765 
5.130000000001383, -1.409561531279353 
5.1400000000013595, -1.409578329138632 
5.150000000001336, -1.4095340220508803 
5.160000000001313, -1.4092123911428815 
5.17000000000129, -1.4084127063409804 
5.180000000001266, -1.4067968574019605 
5.190000000001243, -1.4036770957328977 
5.20000000000122, -1.397672253910937 
5.210000000001196, -1.3862404383137323 
5.220000000001173, -1.3656192453853946 
5.23000000000115, -1.3330678514225514 
5.240000000001126, -1.2931562411170558 
5.250000000001103, -1.2606843357890039 
5.26000000000108, -1.2476016344794725 
5.2700000000010565, -1.2502610221385637 
5.280000000001033, -1.2579541469861566 
5.29000000000101, -1.2644340901636562 
5.300000000000987, -1.2684687114894455 
5.310000000000963, -1.2706340330336556 
5.32000000000094, -1.2716285610358653 
5.330000000000917, -1.271895503384671 
5.340000000000893, -1.2716483857969065 
5.35000000000087, -1.270946752019765 
5.360000000000847, -1.2697695104503666 
5.3700000000008234, -1.2681549634394758 
5.3800000000008, -1.2665625318489855 
5.390000000000777, -1.2665114672103857 
5.4000000000007535, -1.2707513187326607 
5.41000000000073, -1.2814511574616856 
5.420000000000707, -1.2975026002353363 
5.430000000000684, -1.3150013920668768 
5.44000000000066, -1.3303746630096553 
5.450000000000637, -1.3420403813289679 
5.460000000000614, -1.3500086535880202 
5.47000000000059, -1.355004873264726 
5.480000000000567, -1.3578849493251801 
5.490000000000544, -1.3593676243397674 
5.5000000000005205, -1.3599629430154374 
5.510000000000497, -1.3599995100399975 
5.520000000000474, -1.3596891798244743 
5.5300000000004506, -1.3591986651001744 
5.540000000000427, -1.3587065997966246 
5.550000000000404, -1.3584086081844038 
5.560000000000381, -1.358447009480635 
5.570000000000357, -1.3588336279565842 
5.580000000000334, -1.3594647953860874 
5.590000000000311, -1.360198935801681 
5.600000000000287, -1.36090609761896 
5.610000000000264, -1.3614788218867728 
5.620000000000241, -1.3618330312737323 
5.6300000000002175, -1.3619061185652934 
5.640000000000194, -1.361651526438798 
5.650000000000171, -1.3610336693729794 
5.660000000000148, -1.3600255301773259 
5.670000000000124, -1.3586084282091755 
5.680000000000101, -1.3567746249586996 
5.690000000000078, -1.3545362772624376 
5.700000000000054, -1.3519463745246547 
5.710000000000031, -1.3491377524363832 
5.720000000000008, -1.3463724432928923 
5.729999999999984, -1.3440386555870876 
5.739999999999961, -1.3424895751690724 
5.749999999999938, -1.3417846643309723 
5.7599999999999145, -1.3416427236384145 
5.769999999999891, -1.3416790606732518 
5.779999999999868, -1.3416075840974442 
5.789999999999845, -1.3412421648066046 
5.799999999999821, -1.3403920454455478 
5.809999999999798, -1.3387292271624038 
5.819999999999775, -1.3356124182529503 
5.829999999999751, -1.3298242615410354 
5.839999999999728, -1.3192616187426185 
5.849999999999705, -1.3009587534244147 
5.8599999999996815, -1.2725102169365452 
5.869999999999658, -1.2358299963099424 
5.879999999999635, -1.2000648187587069 
5.8899999999996115, -1.1762730788059987 
5.899999999999588, -1.167419891275363 
5.909999999999565, -1.1679670183837958 
5.919999999999542, -1.171470633257879 
5.929999999999518, -1.1746758625768952 
5.939999999999495, -1.1767941328755822 
5.949999999999472, -1.1779547840171154 
5.959999999999448, -1.178423931879708 
5.969999999999425, -1.1783777474272115 
5.979999999999402, -1.1778678267708167 
5.9899999999993785, -1.1768179863992172 
5.999999999999355, -1.1750124047689154 
6.009999999999332, -1.1721069559481452 
6.019999999999309, -1.1678210376601756 
6.029999999999285, -1.1627056465527768 
6.039999999999262, -1.1598477978034576 
6.049999999999239, -1.1660950368404353 
6.059999999999215, -1.1882774251296129 
6.069999999999192, -1.2244435446251587 
6.079999999999169, -1.2627602364831936 
6.089999999999145, -1.2925691021568544 
6.099999999999122, -1.3113994384329604 
6.109999999999099, -1.3218869163461178 
6.1199999999990755, -1.3273143594787655 
6.129999999999052, -1.3299620618352228 
6.139999999999029, -1.331119129045643 
6.149999999999006, -1.3314501392943952 
6.159999999998982, -1.3312868969319733 
6.169999999998959, -1.3308150563031087 
6.179999999998936, -1.330213277112124 
6.189999999998912, -1.3297750878220096 
6.199999999998889, -1.3299390720525188 
6.209999999998866, -1.3310871249360123 
6.2199999999988425, -1.3332273819519456 
6.229999999998819, -1.3359702009166052 
6.239999999998796, -1.3388276017313974 
6.2499999999987725, -1.3414522584559971 
6.259999999998749, -1.3436677839367035 
6.269999999998726, -1.3454080414212313 
6.279999999998703, -1.3466625350661965 
6.289999999998679, -1.3474472667351645 
6.299999999998656, -1.3477930178138835 
6.309999999998633, -1.3477414650584596 
6.319999999998609, -1.3473434319313906 
6.329999999998586, -1.346658756662202 
6.339999999998563, -1.3457596428093606 
6.3499999999985395, -1.34473522780384 
6.359999999998516, -1.3436900425287068 
6.369999999998493, -1.34273492644741 
6.37999999999847, -1.3419761882467962 
6.389999999998446, -1.3414927279911026 
6.399999999998423, -1.3412896544958477 
6.4099999999984, -1.3412711551942054 
6.419999999998376, -1.3412786559996233 
6.429999999998353, -1.341150884807225 
6.43999999999833, -1.3407397922745565 
6.449999999998306, -1.3398810180463137 
6.459999999998283, -1.3383521332816541 
6.46999999999826, -1.3358448500073279 
6.4799999999982365, -1.3319695756346508 
6.489999999998213, -1.3263071697152224 
6.49999999999819, -1.3185199802952203 
6.509999999998167, -1.3085481978038769 
6.519999999998143, -1.2969314626018842 
6.52999999999812, -1.2851542155242532 
6.539999999998097, -1.2754699550880635 
6.549999999998073, -1.2696243088283703 
6.55999999999805, -1.2674889687619364 
6.569999999998027, -1.2674946669655627 
6.5799999999980034, -1.2681472686141777 
6.58999999999798, -1.2686930155129374 
6.599999999997957, -1.2688966761609999 
6.6099999999979335, -1.2686996435475024 
6.61999999999791, -1.2680230117866018 
6.629999999997887, -1.266653310560924 
6.639999999997864, -1.2641173480393122 
6.64999999999784, -1.2594984912151037 
6.659999999997817, -1.2512866981309116 
6.669999999997794, -1.2378380006772502 
6.67999999999777, -1.2198345178750374 
6.689999999997747, -1.2046466902833184 
6.699999999997724, -1.2049334893113701 
6.7099999999977005, -1.2251111085689383 
6.719999999997677, -1.2540829162236198 
6.729999999997654, -1.2784773519817607 
6.7399999999976306, -1.2939580691673056 
6.749999999997607, -1.3024179418692354 
6.759999999997584, -1.3066943139039355 
6.769999999997561, -1.3087168746751705 
6.779999999997537, -1.3095321751507547 
6.789999999997514, -1.3096543930478437 
6.799999999997491, -1.3093211729294176 
6.809999999997467, -1.3086547492099294 
6.819999999997444, -1.3078090674717624 
6.829999999997421, -1.3071664074775573 
6.8399999999973975, -1.30749527725653 
6.849999999997374, -1.3097071649918848 
6.859999999997351, -1.3141026049934612 
6.869999999997328, -1.31997789468689 
6.879999999997304, -1.3261884721663744 
6.889999999997281, -1.331859083964139 
6.899999999997258, -1.3365679298339073 
6.909999999997234, -1.3402056133499693 
6.919999999997211, -1.3428203412028805 
6.929999999997188, -1.3445329947769016 
6.939999999997164, -1.3454961299100687 
6.949999999997141, -1.3458676073830547 
6.959999999997118, -1.3457919277178778 
6.9699999999970945, -1.3453948608022566 
6.979999999997071, -1.3447935799578734 
6.989999999997048, -1.3441117636871964 
6.999999999997025, -1.3434781658759838 
7.009999999997001, -1.3429990442319926 
7.019999999996978, -1.3427303139172542 
7.029999999996955, -1.3426756505566133 
7.039999999996931, -1.3427931611051231 
7.049999999996908, -1.3429961384486577 
7.059999999996885, -1.3431674209809317 
7.0699999999968615, -1.3431867451623596 
7.079999999996838, -1.3429440437506601 
7.089999999996815, -1.3423325129511683 
7.0999999999967915, -1.3412383716951308 
7.109999999996768, -1.339541064079432 
7.119999999996745, -1.3371245692270681 
7.129999999996722, -1.3338936770390322 
7.139999999996698, -1.3297951851935488 
7.149999999996675, -1.324860277102224 
7.159999999996652, -1.3192949846298785 
7.169999999996628, -1.3136114666806815 
7.179999999996605, -1.3086569537072026 
7.189999999996582, -1.3052744953703157 
7.1999999999965585, -1.3036935467104498 
7.209999999996535, -1.3033818885907222 
7.219999999996512, -1.3035796822161931 
7.229999999996489, -1.3037717961119228 
7.239999999996465, -1.3037174199129955 
7.249999999996442, -1.3032846862006358 
7.259999999996419, -1.302294777408477 
7.269999999996395, -1.3003770116287325 
7.279999999996372, -1.2967607680842472 
7.289999999996349, -1.289938034671997 
7.299999999996325, -1.277290343206435 
7.309999999996302, -1.2554270276884256 
7.319999999996279, -1.2231108059880405 
7.3299999999962555, -1.1868493331519558 
7.339999999996232, -1.1605156933133087 
7.349999999996209, -1.1526268676166262 
7.359999999996186, -1.158428578862788 
7.369999999996162, -1.1681789122619075 
7.379999999996139, -1.1761938060129926 
7.389999999996116, -1.181324281785569 
7.399999999996092, -1.1842168763770462 
7.409999999996069, -1.185685655010508 
7.419999999996046, -1.186282223511309 
7.4299999999960225, -1.18630249353545 
7.439999999995999, -1.1858624202066745 
7.449999999995976, -1.1849533745520016 
7.4599999999959525, -1.183490233675807 
7.469999999995929, -1.1814290677354908 
7.479999999995906, -1.1791268028763997 
7.489999999995883, -1.1781249468932171 
7.499999999995859, -1.1819004573491891 
7.509999999995836, -1.1946742303561033 
7.519999999995813, -1.2173327909213245 
7.529999999995789, -1.2450353895520916 
7.539999999995766, -1.2707956401144962 
7.549999999995743, -1.290397258115914 
7.5599999999957195, -1.3033344652468017 
7.569999999995696, -1.3110567221902758 
7.579999999995673, -1.3153264025750437 
7.58999999999565, -1.3175080085805848 
7.599999999995626, -1.3184721712366168 
7.609999999995603, -1.3187200170044937 
7.61999999999558, -1.3185314408088105 
7.629999999995556, -1.3180871950654192 
7.639999999995533, -1.3175695475116942 
7.64999999999551, -1.3172298715413917 
7.659999999995486, -1.3173593503796421 
7.669999999995463, -1.31813295107403 
7.67999999999544, -1.319478485275034 
7.6899999999954165, -1.321141440277005 
7.699999999995393, -1.3228520365641059 
7.70999999999537, -1.324417979141426 
7.719999999995347, -1.3257269771528095 
7.729999999995323, -1.3267210394640325 
7.7399999999953, -1.3273745027416286 
7.749999999995277, -1.3276800825409043 
7.759999999995253, -1.3276415343515657 
7.76999999999523, -1.327271243591118 
7.779999999995207, -1.3265909816997241 
7.789999999995183, -1.3256348801598254 
7.79999999999516, -1.3244545156262997 
7.809999999995137, -1.3231247185443267 
7.8199999999951135, -1.3217472321145345 
7.82999999999509, -1.3204512250407279 
7.839999999995067, -1.319384057045077 
7.849999999995044, -1.3186681292592772 
7.85999999999502, -1.318324437307527 
7.869999999994997, -1.318238771728783 
7.879999999994974, -1.318222253187442 
7.88999999999495, -1.3180924840871424 
7.899999999994927, -1.3176917080583763 
7.909999999994904, -1.3168471061216838 
7.9199999999948805, -1.3153124854602578 
7.929999999994857, -1.312717043346895 
7.939999999994834, -1.3085441769692616 
7.9499999999948106, -1.3021756463115968 
7.959999999994787, -1.2930422447968057 
7.969999999994764, -1.2809178295481698 
7.979999999994741, -1.2663734354985514 
7.989999999994717, -1.2512332584759114 
7.999999999994694, -1.2383799019863841 
8.00999999999467, -1.230211107998935 
8.019999999994647, -1.226863437184022 
8.029999999994624, -1.2265210602053096 
8.0399999999946, -1.2272541299371063 
8.049999999994577, -1.2280076195023595 
8.059999999994554, -1.2284297020099628 
8.06999999999453, -1.2284543564068477 
8.079999999994508, -1.2280503247419998 
8.089999999994484, -1.227100624295971 
8.099999999994461, -1.225308007919288 
8.109999999994438, -1.222057572889685 
8.119999999994414, -1.2162253276286958 
8.129999999994391, -1.2061157359997927 
8.139999999994368, -1.1902687664170901 
8.149999999994344, -1.1703452221345032 
8.159999999994321, -1.1545974377993702 
8.169999999994298, -1.1541701045432526 
8.179999999994275, -1.1710110078260623 
8.189999999994251, -1.1948893792572435 
8.199999999994228, -1.2150969520378225 
8.209999999994205, -1.2282060700700115 
8.219999999994181, -1.2355820410651401 
8.229999999994158, -1.2394211972237095 
8.239999999994135, -1.2412844028092178 
8.249999999994111, -1.2420498723057012 
8.259999999994088, -1.2421586045130693 
8.269999999994065, -1.2418079056273719 
8.279999999994041, -1.2410737660780466 
8.289999999994018, -1.240023540555293 
8.299999999993995, -1.2389073353808606 
8.309999999993972, -1.2384756871385576 
8.319999999993948, -1.240170471163341 
8.329999999993925, -1.2455125675452905 
8.339999999993902, -1.2547152390906728 
8.349999999993878, -1.266199381043648 
8.359999999993855, -1.2777599308830478 
8.369999999993832, -1.2878133076936147 
8.379999999993808, -1.2956850702262541 
8.389999999993785, -1.3013432733719914 
8.399999999993762, -1.3050912195354463 
8.409999999993738, -1.3073551698791521 
8.419999999993715, -1.3085512366438823 
8.429999999993692, -1.309016319349159 
8.439999999993669, -1.3089939535014696 
8.449999999993645, -1.3086584035595403 
8.459999999993622, -1.3081575721368632 
8.469999999993599, -1.3076520249707921 
8.479999999993575, -1.3073165146961354 
8.489999999993552, -1.307284621197186 
8.499999999993529, -1.3075846790971277 
8.509999999993505, -1.3081419676359463 
8.519999999993482, -1.308835294742263 
8.529999999993459, -1.3095419174039447 
8.539999999993436, -1.3101540769764484 
8.549999999993412, -1.3105849255409368 
8.559999999993389, -1.3107699750800983 
8.569999999993366, -1.3106637915504127 
8.579999999993342, -1.3102354330853587 
8.589999999993319, -1.3094654126106422 
8.599999999993296, -1.3083442623712265 
8.609999999993272, -1.3068730716679235 
8.619999999993249, -1.3050679547185178 
8.629999999993226, -1.3029707152877397 
8.639999999993202, -1.3006673701880955 
8.64999999999318, -1.2983136884776199 
8.659999999993156, -1.296151316451679 
8.669999999993133, -1.294463676358516 
8.67999999999311, -1.293434124853596 
8.689999999993086, -1.2930084889098716 
8.699999999993063, -1.2929331405627897 
8.70999999999304, -1.29292339309615 
8.719999999993016, -1.2927653191697268 
8.729999999992993, -1.2922941987484429 
8.73999999999297, -1.2913138878733172 
8.749999999992946, -1.289499169734911 
8.759999999992923, -1.286282876491976 
8.7699999999929, -1.280740730586275 
8.779999999992876, -1.2715597718080676 
8.789999999992853, -1.257297155004512 
8.79999999999283, -1.237198005096737 
8.809999999992806, -1.2125511928830703 
8.819999999992783, -1.1875769758247703 
8.82999999999276, -1.167918401110781 
8.839999999992736, -1.1568079219326735 
8.849999999992713, -1.153057138147773 
8.85999999999269, -1.1532249101979268 
8.869999999992666, -1.1545510232199614 
8.879999999992643, -1.1557606395296909 
8.88999999999262, -1.1565092427774506 
8.899999999992596, -1.1567899899226683 
8.909999999992573, -1.1566411091107422 
8.91999999999255, -1.1560345113156973 
8.929999999992527, -1.1548154104073765 
8.939999999992503, -1.1526222163795574 
8.94999999999248, -1.1487528686813033 
8.959999999992457, -1.1420024371832282 
8.969999999992433, -1.1307005988084993 
8.97999999999241, -1.1136307906414797 
8.989999999992387, -1.0925547959467081 
8.999999999992363, -1.0745049853836914 
9.00999999999234, -1.068402933240492 
9.019999999992317, -1.076581758855156 
9.029999999992294, -1.0925305954427065 
9.03999999999227, -1.1080756257456916 
9.049999999992247, -1.1193321609293911 
9.059999999992224, -1.1262731071082235 
9.0699999999922, -1.130180328820142 
9.079999999992177, -1.1322309621131612 
9.089999999992154, -1.133184111483621 
9.09999999999213, -1.13345682150195 
9.109999999992107, -1.133242628003915 
9.119999999992084, -1.1325895999043263 
9.12999999999206, -1.1314446861061458 
9.139999999992037, -1.1297058851801913 
9.149999999992014, -1.1273780285174337 
9.15999999999199, -1.1250173581312461 
9.169999999991967, -1.124592999182842 
9.179999999991944, -1.1301271533885946 
9.18999999999192, -1.1461214450434212 
9.199999999991897, -1.1731220235090882 
9.209999999991874, -1.2053017264945014 
9.21999999999185, -1.2345623211123609 
9.229999999991827, -1.2562288746392025 
9.239999999991804, -1.2700868535371121 
9.24999999999178, -1.278108815979833 
9.259999999991757, -1.2824328768116402 
9.269999999991734, -1.2846019850251118 
9.27999999999171, -1.2855474342274664 
9.289999999991688, -1.2857815976310314 
9.299999999991664, -1.2855786602488508 
9.309999999991641, -1.285108623099109 
9.319999999991618, -1.2845479040225383 
9.329999999991594, -1.2841712984546647 
9.339999999991571, -1.2843562542029392 
9.349999999991548, -1.285410086203672 
9.359999999991524, -1.2873357222789545 
9.369999999991501, -1.2898227673514904 
9.379999999991478, -1.2924692886631473 
9.389999999991455, -1.2949674180234592 
9.399999999991431, -1.297140728505539 
9.409999999991408, -1.298906671047458 
9.419999999991385, -1.3002355519572468 
9.429999999991361, -1.3011260574308943 
9.439999999991338, -1.301594793676417 
9.449999999991315, -1.301673082281208 
9.459999999991291, -1.3014053397075687 
9.469999999991268, -1.3008475428055566 
9.479999999991245, -1.3000680812852847 
9.489999999991221, -1.2991512812905053 
9.499999999991198, -1.2981972014599634 
9.509999999991175, -1.2973113013271929 
9.519999999991152, -1.2965889910059507 
9.529999999991128, -1.2961009727215707 
9.539999999991105, -1.2958702585801603 
9.549999999991082, -1.2958461944748305 
9.559999999991058, -1.2959109027898834 
9.569999999991035, -1.295921983041402 
9.579999999991012, -1.2957462603263705 
9.589999999990988, -1.2952582649737923 
9.599999999990965, -1.2943194199386745 
9.609999999990942, -1.2927632861946807 
9.619999999990918, -1.2904010978231122 
9.629999999990895, -1.2870485997958334 
9.639999999990872, -1.282565379968253 
9.649999999990849, -1.276901699234314 
9.659999999990825, -1.2701686427174117 
9.669999999990802, -1.262756064319402 
9.679999999990779, -1.255455951311499 
9.689999999990755, -1.2493789032861375 
9.699999999990732, -1.2454295909387192 
9.709999999990709, -1.2436679625378686 
9.719999999990685, -1.2433510054295134 
9.729999999990662, -1.243601806206721 
9.739999999990639, -1.2438654221036196 
9.749999999990616, -1.2438962327494374 
9.759999999990592, -1.2435782970128524 
9.769999999990569, -1.2427748893599473 
9.779999999990546, -1.2412068307288113 
9.789999999990522, -1.2382950711225043 
9.799999999990499, -1.2329033715387907 
9.809999999990476, -1.2229865808445508 
9.819999999990452, -1.2054701953488192 
9.829999999990429, -1.1774584981030172 
9.839999999990406, -1.1400094586171563 
9.849999999990382, -1.1016858001444794 
9.85999999999036, -1.0742266728149752 
9.869999999990336, -1.0624676837856764 
9.879999999990313, -1.0621271103184857 
9.88999999999029, -1.0663644889263888 
9.899999999990266, -1.0708711892882505 
9.909999999990243, -1.0741853603299478 
9.91999999999022, -1.076247447043799 
9.929999999990196, -1.0773688265423584 
9.939999999990173, -1.0778337903287496 
9.94999999999015, -1.0778094541737988 
9.959999999990126, -1.0773430589450883 
9.969999999990103, -1.076359967441077 
9.97999999999008, -1.074634388794635 
9.989999999990056, -1.0717269658898512 
9.999999999990033, -1.0669171600665632 
10.00999999999001, -1.0592661880783372 
10.019999999989986, -1.0481718778108364 
10.029999999989963, -1.0348371051869536 
10.03999999998994, -1.0239241057570756 
10.049999999989916, -1.022318783822934 
10.059999999989893, -1.0334591846223113 
10.06999999998987, -1.0532148250204045 
10.079999999989846, -1.073587997634164 
10.089999999989823, -1.0892843597140867 
10.0999999999898, -1.0994184100373163 
10.109999999989776, -1.1053180067712114 
10.119999999989753, -1.1085376458450398 
10.12999999998973, -1.1101789724109237 
10.139999999989707, -1.11088791351218 
10.149999999989683, -1.1110002888351127 
10.15999999998966, -1.110658110252372 
10.169999999989637, -1.1098753239943653 
10.179999999989613, -1.1085758265995818 
10.18999999998959, -1.106652838939557 
10.199999999989567, -1.104157881344385 
10.209999999989543, -1.1018130779882218 
10.21999999998952, -1.1019248209442964 
10.229999999989497, -1.108894809995379 
10.239999999989474, -1.1272504884425212 
10.24999999998945, -1.1569292439196657 
10.259999999989427, -1.1912067016622536 
10.269999999989404, -1.2215137062600978 
10.27999999998938, -1.243368116814167 
10.289999999989357, -1.257015676639632 
10.299999999989334, -1.2647609559272934 
10.30999999998931, -1.2688713570571257 
10.319999999989287, -1.27090391215444 
10.329999999989264, -1.2717679275218687 
10.33999999998924, -1.2719520036518133 
10.349999999989217, -1.2717130288880325 
10.359999999989194, -1.271210827177314 
10.36999999998917, -1.2706216486204263 
10.379999999989147, -1.2702400490593782 
10.389999999989124, -1.2704940953477633 
10.3999999999891, -1.27175828188704 
10.409999999989077, -1.2740674993244079 
10.419999999989054, -1.2770731534243345 
10.42999999998903, -1.2802938788128597 
10.439999999989007, -1.283351062920724 
10.449999999988984, -1.286026843975114 
10.45999999998896, -1.2882212481161672 
10.469999999988937, -1.2899009113130355 
10.479999999988914, -1.291068900278392 
10.48999999998889, -1.2917523948548097 
10.499999999988868, -1.291997942239228 
10.509999999988844, -1.2918667816090479 
10.519999999988821, -1.291429802851749 
10.529999999988798, -1.2907665588456292 
10.539999999988774, -1.289969352424124 
10.549999999988751, -1.2891441724684134 
10.559999999988728, -1.2883982934543519 
10.569999999988704, -1.2878192938493602 
10.579999999988681, -1.2874604968498882 
10.589999999988658, -1.2873308634076879 
10.599999999988635, -1.287382193310139 
10.609999999988611, -1.2875120908573099 
10.619999999988588, -1.287593937861633 
10.629999999988565, -1.2875067121718793 
10.639999999988541, -1.2871402061271662 
10.649999999988518, -1.2863837506497542 
10.659999999988495, -1.2851185510050849 
10.669999999988471, -1.2832240724930606 
10.679999999988448, -1.2805956627373176 
10.689999999988425, -1.2771643536926467 
10.699999999988401, -1.2729165966692793 
10.709999999988378, -1.2679272428824064 
10.719999999988355, -1.2624254989429509 
10.729999999988332, -1.256882950523107 
10.739999999988308, -1.252019185061581 
10.749999999988285, -1.2485485912899281 
10.759999999988262, -1.2467252611018442 
10.769999999988238, -1.2461728679321493 
10.779999999988215, -1.2462391784459916 
10.789999999988192, -1.246411612608658 
10.799999999988168, -1.2464161161380336 
10.809999999988145, -1.2461085633110822 
10.819999999988122, -1.2453412924413347 
10.829999999988098, -1.2438435350717942 
10.839999999988075, -1.241073741868973 
10.849999999988052, -1.2359920219785132 
10.859999999988029, -1.2267601985057532 
10.869999999988005, -1.210623945921714 
10.879999999987982, -1.184787979369251 
10.889999999987959, -1.1492729871967233 
10.899999999987935, -1.1102139891579768 
10.909999999987912, -1.077965554400992 
10.919999999987889, -1.059204661863256 
10.929999999987865, -1.0526767666053982 
10.939999999987842, -1.0529442818188142 
10.949999999987819, -1.055400783760587 
10.959999999987796, -1.0577985786857176 
10.969999999987772, -1.0594912845300244 
10.979999999987749, -1.0604798629832368 
10.989999999987726, -1.0609088344111406 
10.999999999987702, -1.0608868425120614 
11.009999999987679, -1.0604362212974325 
11.019999999987656, -1.059467018526828 
11.029999999987632, -1.057728707849992 
11.039999999987609, -1.0547118916796905 
11.049999999987586, -1.0494839217189984 
11.059999999987562, -1.040499548285474 
11.06999999998754, -1.0256262570140815 
11.079999999987516, -1.0029793584407025 
11.089999999987493, -0.9730477986402564 
11.09999999998747, -0.9406946559804232 
11.109999999987446, -0.9135542920564905 
11.119999999987423, -0.8968421248677579 
11.1299999999874, -0.8903112839032714 
11.139999999987376, -0.8902154977750574 
11.149999999987353, -0.8927451439291307 
11.15999999998733, -0.8956208506777031 
11.169999999987306, -0.8979405175308438 
11.179999999987283, -0.8995364078825052 
11.18999999998726, -0.900504320676818 
11.199999999987236, -0.9009793204026554 
11.209999999987213, -0.9010553615748774 
11.21999999998719, -0.9007609969978555 
11.229999999987166, -0.9000446586135855 
11.239999999987143, -0.8987467703142247 
11.24999999998712, -0.8965452324667366 
11.259999999987096, -0.8928696667943757 
11.269999999987073, -0.8868120601766648 
11.27999999998705, -0.8771492482134319 
11.289999999987026, -0.8627084771747151 
11.299999999987003, -0.8432018046388405 
11.30999999998698, -0.8200328066037134 
11.319999999986956, -0.7960857593472284 
11.329999999986933, -0.7743939634664743 
11.33999999998691, -0.7568830232405107 
11.349999999986887, -0.7440705276577451 
11.359999999986863, -0.7354789411785496 
11.36999999998684, -0.7301834133275915 
11.379999999986817, -0.7272034090282425 
11.389999999986793, -0.7257054984152864 
11.39999999998677, -0.7250703700583523 
11.409999999986747, -0.7248816503750185 
11.419999999986723, -0.7248803554823013 
11.4299999999867, -0.7249132171991668 
11.439999999986677, -0.7248892013566133 
11.449999999986654, -0.7247487980499201 
11.45999999998663, -0.7244460424840209 
11.469999999986607, -0.7239423457183303 
11.479999999986584, -0.7232111286445773 
11.48999999998656, -0.7222496982195021 
11.499999999986537, -0.7210893847655009 
11.509999999986514, -0.7197927966551062 
11.51999999998649, -0.7184354229436458 
11.529999999986467, -0.7170823251270662 
11.539999999986444, -0.7157742740782927 
11.54999999998642, -0.714528530872445 
11.559999999986397, -0.7133492802985031 
11.569999999986374, -0.7122397778642288 
11.57999999998635, -0.7112110672373592 
11.589999999986327, -0.7102860252205095 
11.599999999986304, -0.7094996450606119 
11.60999999998628, -0.7088966652637968 
11.619999999986257, -0.7085272001797152 
11.629999999986234, -0.7084410526544801 
11.63999999998621, -0.7086819546286098 
11.649999999986187, -0.7092834094506394 
11.659999999986164, -0.7102674712042947 
11.66999999998614, -0.7116466425377467 
11.679999999986117, -0.713427539553358 
11.689999999986094, -0.7156135141449068 
11.69999999998607, -0.7182022977469452 
11.709999999986048, -0.72117444059921 
11.719999999986024, -0.7244705415567446 
11.729999999986001, -0.7279630390317885 
11.739999999985978, -0.7314422821368849 
11.749999999985954, -0.734644893191938 
11.759999999985931, -0.7373305459450292 
11.769999999985908, -0.7393637080203995 
11.779999999985884, -0.7407399115528066 
11.789999999985861, -0.7415464698722966 
11.799999999985838, -0.7419006848608267 
11.809999999985815, -0.7419057546205995 
11.819999999985791, -0.7416333769406249 
11.829999999985768, -0.7411244517825012 
11.839999999985745, -0.740400023726614 
11.849999999985721, -0.739482636773689 
11.859999999985698, -0.7384379719116224 
11.869999999985675, -0.7374576914338569 
11.879999999985651, -0.7370142677456164 
11.889999999985628, -0.7381111118371028 
11.899999999985605, -0.7425795984255086 
11.909999999985581, -0.7531586183063113 
11.919999999985558, -0.7727468887746289 
11.929999999985535, -0.8023008630583004 
11.939999999985512, -0.8385121257373607 
11.949999999985488, -0.8744759657334613 
11.959999999985465, -0.9039691639502291 
11.969999999985442, -0.9247272369008055 
11.979999999985418, -0.9378596547323348 
11.989999999985395, -0.9456356886851454 
11.999999999985372, -0.9500590228411372 
12.009999999985348, -0.952489541076833 
12.019999999985325, -0.9537412067733829 
12.029999999985302, -0.9542652047219589 
12.039999999985278, -0.9542882511662917 
12.049999999985255, -0.9538911361172575 
12.059999999985232, -0.953039522328089 
12.069999999985209, -0.9515766674964519 
12.079999999985185, -0.9491811498342445 
12.089999999985162, -0.9452937720136676 
12.099999999985139, -0.9390432022179354 
12.109999999985115, -0.9292755816176497 
12.119999999985092, -0.9149098376224527 
12.129999999985069, -0.8958127984762811 
12.139999999985045, -0.8738598479329122 
12.149999999985022, -0.853030686737705 
12.159999999984999, -0.8376173101002475 
12.169999999984976, -0.8295934226008516 
12.179999999984952, -0.8277678982512422 
12.189999999984929, -0.8294086374025957 
12.199999999984906, -0.8321693392698937 
12.209999999984882, -0.8347711086400814 
12.219999999984859, -0.83676589839972 
12.229999999984836, -0.838120195514161 
12.239999999984812, -0.8389369668500617 
12.249999999984789, -0.8393261510583523 
12.259999999984766, -0.8393575123597481 
12.269999999984742, -0.8390445115875576 
12.27999999998472, -0.8383318428208562 
12.289999999984696, -0.8370736070807899 
12.299999999984673, -0.83499804785564 
12.30999999998465, -0.831669476607994 
12.319999999984626, -0.8264915011898915 
12.329999999984603, -0.8188408053380678 
12.33999999998458, -0.8083972344133151 
12.349999999984556, -0.795528145988744 
12.359999999984533, -0.7813530312387724 
12.36999999998451, -0.7673216819290911 
12.379999999984486, -0.7546534728680926 
12.389999999984463, -0.7440521703580948 
12.39999999998444, -0.7357341688779473 
12.409999999984416, -0.7295850054073348 
12.419999999984393, -0.7253078164192773 
12.42999999998437, -0.7225281213901351 
12.439999999984346, -0.7208634850205142 
12.449999999984323, -0.7199690143798307 
12.4599999999843, -0.7195626884014372 
12.469999999984276, -0.7194323878831526 
12.479999999984253, -0.7194288979861344 
12.48999999998423, -0.7194514816296085 
12.499999999984206, -0.7194325137301626 
12.509999999984183, -0.7193258238917948 
12.51999999998416, -0.7191011708817714 
12.529999999984136, -0.718744820589494 
12.539999999984113, -0.7182629879320158 
12.54999999998409, -0.7176820944226624 
12.559999999984067, -0.7170409927980457 
12.569999999984043, -0.7163768096804402 
12.57999999998402, -0.7157122740762282 
12.589999999983997, -0.7150517949745796 
12.599999999983973, -0.7143872686899464 
12.60999999998395, -0.7137088527814066 
12.619999999983927, -0.7130147269123416 
12.629999999983903, -0.7123167724670305 
12.63999999998388, -0.7116428272726311 
12.649999999983857, -0.7110376325282892 
12.659999999983834, -0.7105635371368926 
12.66999999998381, -0.7103002739928249 
12.679999999983787, -0.7103423190318316 
12.689999999983764, -0.7107930364236464 
12.69999999998374, -0.7117565283324045 
12.709999999983717, -0.7133295923364863 
12.719999999983694, -0.7155960608942342 
12.72999999998367, -0.7186235081428232 
12.739999999983647, -0.7224585368055447 
12.749999999983624, -0.7271131443740311 
12.7599999999836, -0.7325336710668003 
12.769999999983577, -0.7385510681874004 
12.779999999983554, -0.7448341824023468 
12.78999999998353, -0.7509003156468511 
12.799999999983507, -0.7562332909280027 
12.809999999983484, -0.7604691547463819 
12.81999999998346, -0.7635119421821013 
12.829999999983437, -0.7654949168443308 
12.839999999983414, -0.7666518453475434 
12.84999999998339, -0.7672072646300624 
12.859999999983367, -0.767326781183121 
12.869999999983344, -0.7671100815583554 
12.87999999998332, -0.7666003683234228 
12.889999999983297, -0.7657963459902044 
12.899999999983274, -0.7646652193044334 
12.90999999998325, -0.7631648780910544 
12.919999999983228, -0.7612944812465916 
12.929999999983204, -0.7592057782771342 
12.939999999983181, -0.757407733458692 
12.949999999983158, -0.7570309568467917 
12.959999999983134, -0.7599009597469389 
12.969999999983111, -0.7678926210389779 
12.979999999983088, -0.7814188190511923 
12.989999999983064, -0.7984721054952729 
12.999999999983041, -0.8158351533006017 
13.009999999983018, -0.8310377100976473 
13.019999999982995, -0.8429688267348319 
13.029999999982971, -0.8515597382181955 
13.039999999982948, -0.8573384406368121 
13.049999999982925, -0.8610269735398999 
13.059999999982901, -0.8632767663199725 
13.069999999982878, -0.864569366666999 
13.079999999982855, -0.8652182593981619 
13.089999999982831, -0.8654030616581796 
13.099999999982808, -0.8651994769601512 
13.109999999982785, -0.8645912449330574 
13.119999999982761, -0.8634580636644882 
13.129999999982738, -0.8615328261715487 
13.139999999982715, -0.8583210480251005 
13.149999999982692, -0.8529913775190003 
13.159999999982668, -0.8443131349074987 
13.169999999982645, -0.8308593379430285 
13.179999999982622, -0.8117586314761226 
13.189999999982598, -0.7878048926336021 
13.199999999982575, -0.7618052562824646 
13.209999999982552, -0.737344640660156 
13.219999999982528, -0.7170327997749745 
13.229999999982505, -0.7017940794252272 
13.239999999982482, -0.6912656102122319 
13.249999999982458, -0.6844938944163901 
13.259999999982435, -0.6804317778841842 
13.269999999982412, -0.6781772548677119 
13.279999999982389, -0.677045821953852 
13.289999999982365, -0.6765606811142559 
13.299999999982342, -0.6764108611106087 
13.309999999982319, -0.676403282660076 
13.319999999982295, -0.6764209407255654 
13.329999999982272, -0.6763915639389353 
13.339999999982249, -0.6762672154523685 
13.349999999982225, -0.676014004082496 
13.359999999982202, -0.675610734077863 
13.369999999982179, -0.6750539681961987 
13.379999999982156, -0.6743638366684591 
13.389999999982132, -0.6735828326624389 
13.399999999982109, -0.6727637395924003 
13.409999999982086, -0.6719518694469941 
13.419999999982062, -0.6711720403273931 
13.429999999982039, -0.6704268582683641 
13.439999999982016, -0.6697049872131496 
13.449999999981992, -0.6689932555010335 
13.459999999981969, -0.668286687142981 
13.469999999981946, -0.667594060074401 
13.479999999981922, -0.6669401490652764 
13.4899999999819, -0.6663670206759805 
13.499999999981876, -0.665935726998261 
13.509999999981853, -0.6657281299958352 
13.51999999998183, -0.6658476606039998 
13.529999999981806, -0.6664179553501424 
13.539999999981783, -0.6675792633073991 
13.54999999998176, -0.6694835310847874 
13.559999999981736, -0.6722890437452735 
13.569999999981713, -0.6761533724619287 
13.57999999998169, -0.6812187169126579 
13.589999999981666, -0.6875775222459685 
13.599999999981643, -0.6952034162614575 
13.60999999998162, -0.7038468544220594 
13.619999999981596, -0.7129456342691121 
13.629999999981573, -0.7216684289824202 
13.63999999998155, -0.7291755306165406 
13.649999999981526, -0.7349615587051846 
13.659999999981503, -0.7389945039771214 
13.66999999998148, -0.7415708566255353 
13.679999999981456, -0.7430795134745403 
13.689999999981433, -0.7438506222925174 
13.69999999998141, -0.7441095582719183 
13.709999999981386, -0.7439841235990193 
13.719999999981363, -0.7435225634943963 
13.72999999998134, -0.7427037542372728 
13.739999999981316, -0.7414334742125639 
13.749999999981293, -0.7395234410459247 
13.75999999998127, -0.7366474497039306 
13.769999999981247, -0.7322629449395338 
13.779999999981223, -0.7254772280983852 
13.7899999999812, -0.7148449997140143 
13.799999999981177, -0.698225300426769 
13.809999999981153, -0.6733433113287616 
13.81999999998113, -0.6400567378587672 
13.829999999981107, -0.6029220025424966 
13.839999999981083, -0.5693498887804666 
13.84999999998106, -0.544194104603828 
13.859999999981037, -0.5277726814093242 
13.869999999981014, -0.51797972309729 
13.87999999998099, -0.5124793385719237 
13.889999999980967, -0.5095343376949693 
13.899999999980944, -0.5080385466734926 
13.90999999998092, -0.507335900633542 
13.919999999980897, -0.5070503572525793 
13.929999999980874, -0.5069697627034547 
13.93999999998085, -0.5069748375272 
13.949999999980827, -0.5069979308337771 
13.959999999980804, -0.5070001787774844 
13.96999999998078, -0.5069602054995177 
13.979999999980757, -0.5068704011582834 
13.989999999980734, -0.5067377650767608 
13.99999999998071, -0.5065856043046604 
14.009999999980687, -0.5064515511168621 
14.019999999980664, -0.5063788419113826 
14.02999999998064, -0.5064020892853505 
14.039999999980617, -0.5065328266650083 
14.049999999980594, -0.5067511110857529 
14.05999999998057, -0.5070079048995286 
14.069999999980547, -0.5072391119293045 
14.079999999980524, -0.5073855363791944 
14.0899999999805, -0.5074081933697152 
14.099999999980477, -0.5072918731567918 
14.109999999980454, -0.5070388609325783 
14.11999999998043, -0.5066599040932587 
14.129999999980408, -0.5061681249522347 
14.139999999980384, -0.5055781695524133 
14.149999999980361, -0.504911338673941 
14.159999999980338, -0.5042080916765792 
14.169999999980314, -0.5035505352457414 
14.179999999980291, -0.5030954703551611 
14.189999999980268, -0.5031012501524393 
14.199999999980244, -0.5038652639834857 
14.209999999980221, -0.505321646476853 
14.219999999980198, -0.5059131904680012 
14.229999999980175, -0.501249269164268 
14.239999999980151, -0.48592812933750495 
14.249999999980128, -0.46028076132831064 
14.259999999980105, -0.43231139609111163 
14.269999999980081, -0.40965115865138263 
14.279999999980058, -0.39435590237555246 
14.289999999980035, -0.38498372506325207 
14.299999999980011, -0.3794952032891714 
14.309999999979988, -0.37634724850032114 
14.319999999979965, -0.3745675682949542 
14.329999999979941, -0.3735834190198148 
14.339999999979918, -0.37306503427352194 
14.349999999979895, -0.3728238121077645 
14.359999999979872, -0.3727527821521504 
14.369999999979848, -0.37279340101104674 
14.379999999979825, -0.3729179204790675 
14.389999999979802, -0.3731210453578351 
14.399999999979778, -0.37341711495783614 
14.409999999979755, -0.3738399539375711 
14.419999999979732, -0.3744424809676746 
14.429999999979708, -0.3752928570569535 
14.439999999979685, -0.37646374250627523 
14.449999999979662, -0.37801109780277864 
14.459999999979638, -0.37994082764611486 
14.469999999979615, -0.38217133905469364 
14.479999999979592, -0.38451906831165816 
14.489999999979569, -0.386739398877933 
14.499999999979545, -0.38861508380306253 
14.509999999979522, -0.3900295477279663 
14.519999999979499, -0.3909739885694709 
14.529999999979475, -0.39150298315867393 
14.539999999979452, -0.3916838350978914 
14.549999999979429, -0.3915638909483817 
14.559999999979405, -0.3911539356285687 
14.569999999979382, -0.39041690472835794 
14.579999999979359, -0.38925301175470256 
14.589999999979335, -0.38747795582206196 
14.599999999979312, -0.3848028315218745 
14.609999999979289, -0.38085198746747 
14.619999999979266, -0.3752919602394003 
14.629999999979242, -0.3681117332839 
14.639999999979219, -0.3598770706353053 
14.649999999979196, -0.35159733675844634 
14.659999999979172, -0.3442063104524616 
14.669999999979149, -0.33816928113795436 
14.679999999979126, -0.333499911563646 
14.689999999979102, -0.32998058208651726 
14.69999999997908, -0.32734395971137337 
14.709999999979056, -0.3253579675437597 
14.719999999979033, -0.3238484679151151 
14.72999999997901, -0.3226963624459067 
14.739999999978986, -0.3218283232450381 
14.749999999978963, -0.3212088209482509 
14.75999999997894, -0.3208362769184963 
14.769999999978916, -0.3207448209702032 
14.779999999978893, -0.32101350085697733 
14.78999999997887, -0.3217864042289086 
14.799999999978846, -0.3233102298146316 
14.809999999978823, -0.32600075853722743 
14.8199999999788, -0.3305554423130096 
14.829999999978776, -0.3381271514288003 
14.839999999978753, -0.3505252533663062 
14.84999999997873, -0.37019891170167163 
14.859999999978706, -0.3992482407390606 
14.869999999978683, -0.4365906581634594 
14.87999999997866, -0.4753965043850739 
14.889999999978636, -0.5067599585114423 
14.899999999978613, -0.5271185365369582 
14.90999999997859, -0.5387535814698448 
14.919999999978566, -0.5452292150966473 
14.929999999978543, -0.548964186908402 
14.93999999997852, -0.5512244173681531 
14.949999999978496, -0.5526321548620049 
14.959999999978473, -0.5535029177255377 
14.96999999997845, -0.5540050929130311 
14.979999999978427, -0.5542292223545788 
14.989999999978403, -0.5542181828280627 
14.99999999997838, -0.5539808771166053 
15.009999999978357, -0.5534997651507385 
15.019999999978333, -0.552738972051376 
15.02999999997831, -0.5516591833589195 
15.039999999978287, -0.5502428359754541 
15.049999999978263, -0.5485232490615857 
15.05999999997824, -0.5465979570092293 
15.069999999978217, -0.5446081058813721 
15.079999999978194, -0.5426920825962585 
15.08999999997817, -0.5409448367703444 
15.099999999978147, -0.5394051573075344 
15.109999999978124, -0.5380676415124972 
15.1199999999781, -0.5369040430521228 
15.129999999978077, -0.5358823305675787 
15.139999999978054, -0.5349790560161385 
15.14999999997803, -0.534185467935825 
15.159999999978007, -0.5335099428652003 
15.169999999977984, -0.5329795248048275 
15.17999999997796, -0.5326425476063618 
15.189999999977937, -0.5325734067566297 
15.199999999977914, -0.5328800838320304 
15.20999999997789, -0.533715040443153 
15.219999999977867, -0.5352903030914031 
15.229999999977844, -0.5378973508489707 
15.23999999997782, -0.541930412601239 
15.249999999977797, -0.5479047878716768 
15.259999999977774, -0.5564436294272944 
15.26999999997775, -0.5681708771099531 
15.279999999977727, -0.5834111816335409 
15.289999999977704, -0.6016624058468159 
15.29999999997768, -0.6211544039258532 
15.309999999977657, -0.6392234319571316 
15.319999999977634, -0.6536655593982863 
15.32999999997761, -0.6638127864622196 
15.339999999977588, -0.6703073732308797 
15.349999999977564, -0.6742252897314124 
15.359999999977541, -0.6764914519340506 
15.369999999977518, -0.6777296916812711 
15.379999999977494, -0.6783118282712198 
15.389999999977471, -0.6784377540857534 
15.399999999977448, -0.6781916972700788 
15.409999999977424, -0.6775682894070699 
15.419999999977401, -0.6764716573321422 
15.429999999977378, -0.6746887223408069 
15.439999999977355, -0.671838119314271 
15.449999999977331, -0.6673132493594014 
15.459999999977308, -0.6602945456247056 
15.469999999977285, -0.6499927480181945 
15.479999999977261, -0.6362306419740409 
15.489999999977238, -0.6200123495614597 
15.499999999977215, -0.6033208936542703 
15.509999999977191, -0.58810828126952 
15.519999999977168, -0.575476638221492 
15.529999999977145, -0.5656340937139035 
15.539999999977121, -0.5582740200546212 
15.549999999977098, -0.5529223828675192 
15.559999999977075, -0.5491198373248305 
15.569999999977052, -0.5464841561085864 
15.579999999977028, -0.5447167918982727 
15.589999999977005, -0.5435908668935042 
15.599999999976982, -0.5429363421074342 
15.609999999976958, -0.5426273592049184 
15.619999999976935, -0.5425725676049368 
15.629999999976912, -0.5427080705424155 
15.639999999976888, -0.542992548188042 
15.649999999976865, -0.5434042384945605 
15.659999999976842, -0.5439393131602979 
15.669999999976818, -0.5446105525832124 
15.679999999976795, -0.5454442216632549 
15.689999999976772, -0.546472315527246 
15.699999999976749, -0.547717865337017 
15.709999999976725, -0.5491737807899014 
15.719999999976702, -0.5507817059735327 
15.729999999976679, -0.5524252506318277 
15.739999999976655, -0.5539525510431835 
15.749999999976632, -0.5552245281455266 
15.759999999976609, -0.5561589050526627 
15.769999999976585, -0.5567406445889479 
15.779999999976562, -0.5570000232203367 
15.789999999976539, -0.5569812540578157 
15.799999999976515, -0.5567190637883562 
15.809999999976492, -0.5562258752310203 
15.819999999976469, -0.5554842719249389 
15.829999999976446, -0.5544379473390919 
15.839999999976422, -0.5529734535020286 
15.849999999976399, -0.5508795824761544 
15.859999999976376, -0.547755213811297 
15.869999999976352, -0.5428047353891379 
15.879999999976329, -0.5344442859525513 
15.889999999976306, -0.5198592770743432 
15.899999999976282, -0.4955831175508025 
15.90999999997626, -0.4608758529471186 
15.919999999976236, -0.42146024655284986 
15.929999999976213, -0.3862336529316157 
15.93999999997619, -0.36007150287860823 
15.949999999976166, -0.34265468427054285 
15.959999999976143, -0.331611023945361 
15.96999999997612, -0.32469854556326627 
15.979999999976096, -0.3203587852364944 
15.989999999976073, -0.317618405857618 
15.99999999997605, -0.31589121150417443 
16.009999999976028, -0.31482765184376277 
16.019999999976005, -0.31422080776537686 
16.02999999997598, -0.31395169047845195 
16.039999999975958, -0.31395879120185805 
16.049999999975935, -0.31422246821923544 
16.05999999997591, -0.31475899535189666 
16.069999999975888, -0.3156216734330533 
16.079999999975865, -0.3169076985446505 
16.08999999997584, -0.31876947582403464 
16.099999999975818, -0.32142674524890497 
16.109999999975795, -0.3251682502833182 
16.11999999997577, -0.330314162647639 
16.129999999975748, -0.3370874519137618 
16.139999999975725, -0.34536150099619267 
16.1499999999757, -0.3544123639323785 
16.15999999997568, -0.36303071554012034 
16.169999999975655, -0.3701269633581266 
16.17999999997563, -0.37527643661708765 
16.18999999997561, -0.37868169770680227 
16.199999999975585, -0.3807943750901285 
16.20999999997556, -0.38203247665514345 
16.21999999997554, -0.3826895464266902 
16.229999999975515, -0.3829432331233738 
16.239999999975492, -0.38288629940130525 
16.24999999997547, -0.3825519794358284 
16.259999999975445, -0.38193070970054055 
16.269999999975422, -0.3809840441153102 
16.2799999999754, -0.379664651889298 
16.289999999975375, -0.3779496255617735 
16.299999999975352, -0.375881964387113 
16.30999999997533, -0.3735935813817358 
16.319999999975305, -0.371279239832493 
16.329999999975282, -0.3691287315250772 
16.33999999997526, -0.36726604967928256 
16.349999999975235, -0.3657320392541907 
16.359999999975212, -0.364503516756393 
16.36999999997519, -0.36352323438031403 
16.379999999975166, -0.36272469353484504 
16.389999999975142, -0.3620481119427031 
16.39999999997512, -0.36144864440744173 
16.409999999975096, -0.36089893702308623 
16.419999999975072, -0.36038869632722054 
16.42999999997505, -0.35992428986430824 
16.439999999975026, -0.35953118710066767 
16.449999999975002, -0.35926194726009275 
16.45999999997498, -0.3592132863371854 
16.469999999974956, -0.3595577864486473 
16.479999999974932, -0.36059791572183897 
16.48999999997491, -0.3628455632002866 
16.499999999974886, -0.3670919674052668 
16.509999999974863, -0.3742770688290674 
16.51999999997484, -0.384574515653923 
16.529999999974816, -0.3949632289584676 
16.539999999974793, -0.39736092665893297 
16.54999999997477, -0.3845174697976346 
16.559999999974746, -0.360359483906991 
16.569999999974723, -0.33597483058439065 
16.5799999999747, -0.3178174033260793 
16.589999999974676, -0.306171095908106 
16.599999999974653, -0.2991503007802005 
16.60999999997463, -0.29499714082156614 
16.619999999974606, -0.29254631840554224 
16.629999999974583, -0.29110427907422154 
16.63999999997456, -0.29027236533763057 
16.649999999974536, -0.28982401727341184 
16.659999999974513, -0.28963261545657737 
16.66999999997449, -0.2896317584597855 
16.679999999974466, -0.28979464618956524 
16.689999999974443, -0.2901248434168019 
16.69999999997442, -0.29065421148574055 
16.709999999974396, -0.29144551576251576 
16.719999999974373, -0.2925976140114971 
16.72999999997435, -0.2942501469059152 
16.739999999974327, -0.2965811108982713 
16.749999999974303, -0.2997826045189732 
16.75999999997428, -0.303989996968164 
16.769999999974257, -0.3091498031633632 
16.779999999974233, -0.31488458713203615 
16.78999999997421, -0.3205207613355466 
16.799999999974187, -0.32537398000902396 
16.809999999974163, -0.32907373948957885 
16.81999999997414, -0.33162793001283675 
16.829999999974117, -0.3332554060852824 
16.839999999974093, -0.3342067358772059 
16.84999999997407, -0.3346774516433993 
16.859999999974047, -0.334791478033926 
16.869999999974024, -0.3346109133579874 
16.879999999974, -0.33414916903773556 
16.889999999973977, -0.33338231313861727 
16.899999999973954, -0.3322628085502055 
16.90999999997393, -0.33074396685765006 
16.919999999973907, -0.32881988644685173 
16.929999999973884, -0.3265680678176801 
16.93999999997386, -0.3241595829215775 
16.949999999973837, -0.3218113465685411 
16.959999999973814, -0.31970741295538474 
16.96999999997379, -0.31794707354274954 
16.979999999973767, -0.3165437104391451 
16.989999999973744, -0.31545345452215034 
16.99999999997372, -0.31460635429031225 
17.009999999973697, -0.31392875789238517 
17.019999999973674, -0.31335669503958624 
17.02999999997365, -0.31284225148606903 
17.039999999973627, -0.3123546874802524 
17.049999999973604, -0.3118784841659071 
17.05999999997358, -0.3114108729541118 
17.069999999973557, -0.31096097159442543 
17.079999999973534, -0.310551810849652 
17.08999999997351, -0.3102255208357171 
17.099999999973488, -0.3100492032897774 
17.109999999973464, -0.3101081858224247 
17.11999999997344, -0.3104345867663942 
17.129999999973418, -0.3107054475056496 
17.139999999973394, -0.3093403127872542 
17.14999999997337, -0.3018858462256584 
17.159999999973348, -0.2813564306193329 
17.169999999973324, -0.2460481474793123 
17.1799999999733, -0.20648725069429644 
17.189999999973278, -0.17475584896511281 
17.199999999973254, -0.15385026076871214 
17.20999999997323, -0.14113584567816398 
17.219999999973208, -0.1334925788762216 
17.229999999973185, -0.12881255554504026 
17.23999999997316, -0.12587186206618942 
17.249999999973138, -0.12398866156796337 
17.259999999973115, -0.12278688157388935 
17.26999999997309, -0.12206420471634413 
17.279999999973068, -0.12172425066356225 
17.289999999973045, -0.12174591907736639 
17.29999999997302, -0.12217701841878296 
17.309999999972998, -0.12314956049482914 
17.319999999972975, -0.12492335735041474 
17.32999999997295, -0.12797647737655146 
17.339999999972928, -0.13317737901659527 
17.349999999972905, -0.14207915259053344 
17.35999999997288, -0.1572695715344198 
17.36999999997286, -0.18211148025039703 
17.379999999972835, -0.217757291330821 
17.38999999997281, -0.2568276958514027 
17.39999999997279, -0.2850387787297684 
17.409999999972765, -0.29676425694280917 
17.41999999997274, -0.29826739559215876 
17.42999999997272, -0.2965290999963788 
17.439999999972695, -0.294642548921238 
17.449999999972672, -0.293327666573272 
17.45999999997265, -0.2925403247362135 
17.469999999972625, -0.29210809585910974 
17.479999999972602, -0.29189117688646765 
17.48999999997258, -0.29179977388793654 
17.499999999972555, -0.29178193118635204 
17.509999999972532, -0.29181116580418087 
17.51999999997251, -0.29187911097829866 
17.529999999972485, -0.2919928403645047 
17.539999999972462, -0.29217554218370595 
17.54999999997244, -0.2924688270528333 
17.559999999972415, -0.29293449552570244 
17.569999999972392, -0.2936532959957451 
17.57999999997237, -0.29471786389439825 
17.589999999972346, -0.29621562096237286 
17.599999999972322, -0.2981958265380017 
17.6099999999723, -0.30062074796456945 
17.619999999972276, -0.3033240748943574 
17.629999999972252, -0.3060258948961511 
17.63999999997223, -0.3084287046179318 
17.649999999972206, -0.3103342025665737 
17.659999999972182, -0.3116884856186457 
17.66999999997216, -0.3125418044396157 
17.679999999972136, -0.31298109514272754 
17.689999999972112, -0.31308200718783186 
17.69999999997209, -0.31288695651978193 
17.709999999972066, -0.3123975483278626 
17.719999999972043, -0.3115714169018913 
17.72999999997202, -0.31032151285052223 
17.739999999971996, -0.3085256399077128 
17.749999999971973, -0.30606376385881123 
17.75999999997195, -0.3028971609365497 
17.769999999971926, -0.29916202369584904 
17.779999999971903, -0.2951885854051098 
17.78999999997188, -0.29138377352026285 
17.799999999971856, -0.2880592201906599 
17.809999999971833, -0.2853462293055128 
17.81999999997181, -0.28322550779688344 
17.829999999971786, -0.28160008370923306 
17.839999999971763, -0.2803529158832111 
17.84999999997174, -0.2793771632962758 
17.859999999971716, -0.27858797427867443 
17.869999999971693, -0.27792494588121286 
17.87999999997167, -0.2773504676973977 
17.889999999971646, -0.2768470004979232 
17.899999999971623, -0.27641558451379283 
17.9099999999716, -0.2760775266373652 
17.919999999971576, -0.2758811560821551 
17.929999999971553, -0.27591572867721686 
17.93999999997153, -0.27633360417062786 
17.949999999971507, -0.27737323458380214 
17.959999999971483, -0.27933549513485834 
17.96999999997146, -0.28232572623162944 
17.979999999971437, -0.2852487753857902 
17.989999999971413, -0.28356906970141127 
17.99999999997139, -0.2685884854501865 
18.009999999971367, -0.23611503477340673 
18.019999999971343, -0.19666433447203924 
18.02999999997132, -0.16425620104026464 
18.039999999971297, -0.14291247948038438 
18.049999999971273, -0.13004782575976095 
18.05999999997125, -0.12239881620934387 
18.069999999971227, -0.11776600333379013 
18.079999999971204, -0.11488583204139524 
18.08999999997118, -0.11306236470577506 
18.099999999971157, -0.11191593381908069 
18.109999999971134, -0.1112446875880996 
18.11999999997111, -0.11095439450091857 
18.129999999971087, -0.11102721289779313 
18.139999999971064, -0.11151570685111936 
18.14999999997104, -0.11255939771745468 
18.159999999971017, -0.11443095565184962 
18.169999999970994, -0.1176316951300388 
18.17999999997097, -0.12307274085101579 
18.189999999970947, -0.13238088221941963 
18.199999999970924, -0.14823968059630488 
18.2099999999709, -0.17400186905887013 
18.219999999970877, -0.21034628756860746 
18.229999999970854, -0.24905309919986357 
18.23999999997083, -0.2761725119432285 
18.249999999970807, -0.28743260550724015 
18.259999999970784, -0.2892920420445513 
18.26999999997076, -0.28814194343088106 
18.279999999970737, -0.2867309525208217 
18.289999999970714, -0.28572478481207203 
18.29999999997069, -0.28512045353820076 
18.309999999970668, -0.28479206012946945 
18.319999999970644, -0.28463230780523474 
18.32999999997062, -0.28457137331756355 
18.339999999970598, -0.2845692416533612 
18.349999999970574, -0.28460689284450696 
18.35999999997055, -0.28468130076050324 
18.369999999970528, -0.2848042663457303 
18.379999999970504, -0.28500397811124956 
18.38999999997048, -0.2853276272495894 
18.399999999970458, -0.2858429075720352 
18.409999999970434, -0.286635965297042 
18.41999999997041, -0.2878028043410234 
18.429999999970388, -0.2894292350412676 
18.439999999970365, -0.2915532372218022 
18.44999999997034, -0.29411261977420344 
18.459999999970318, -0.2969086778717941 
18.469999999970295, -0.2996388114557308 
18.47999999997027, -0.30200882364333703 
18.489999999970248, -0.3038455125028451 
18.499999999970225, -0.30512238366832745 
18.5099999999702, -0.30590583017634365 
18.519999999970178, -0.3062869980256417 
18.529999999970155, -0.30633880603483254 
18.53999999997013, -0.30609823158328486 
18.549999999970108, -0.30556095912794773 
18.559999999970085, -0.3046797438558515 
18.56999999997006, -0.3033664792685603 
18.57999999997004, -0.3015075599053013 
18.589999999970015, -0.2990091692489403 
18.59999999996999, -0.2958778323148571 
18.60999999996997, -0.29229447929566993 
18.619999999969945, -0.28859753692001133 
18.62999999996992, -0.2851508024599329 
18.6399999999699, -0.2821994820378915 
18.649999999969875, -0.27982340729383204 
18.659999999969852, -0.27798046457628145 
18.66999999996983, -0.27657187701084096 
18.679999999969805, -0.27548825568548263 
18.689999999969782, -0.27463266758997107 
18.69999999996976, -0.27392941648853897 
18.709999999969735, -0.273325532429757 
18.719999999969712, -0.27278883596358655 
18.72999999996969, -0.2723051397107668 
18.739999999969665, -0.2718766824024569 
18.749999999969642, -0.27152346969516994 
18.75999999996962, -0.27128880202668626 
18.769999999969595, -0.2712494531317081 
18.779999999969572, -0.2715268098176279 
18.78999999996955, -0.2722768519039994 
18.799999999969526, -0.2735699407083 
18.809999999969502, -0.2748845126511842 
18.81999999996948, -0.2737018896146964 
18.829999999969456, -0.26368870890506024 
18.839999999969432, -0.2376802229652987 
18.84999999996941, -0.19894982739039271 
18.859999999969386, -0.16168893206368262 
18.869999999969362, -0.13494786851343188 
18.87999999996934, -0.11833683977351869 
18.889999999969316, -0.10844806847899473 
18.899999999969292, -0.10251200033003224 
18.90999999996927, -0.09885261712939897 
18.919999999969246, -0.09653616300353135 
18.929999999969223, -0.09505174318694272 
18.9399999999692, -0.09412293564155559 
18.949999999969176, -0.09360917506761554 
18.959999999969153, -0.09345850003650497 
18.96999999996913, -0.09369113519378472 
18.979999999969106, -0.0944067928414179 
18.989999999969083, -0.09581921510610462 
18.99999999996906, -0.09833374257248821 
19.009999999969036, -0.1027011502869869 
19.019999999969013, -0.11029586050793416 
19.02999999996899, -0.12350073695378894 
19.039999999968966, -0.14567303762626826 
19.049999999968943, -0.17853151145729657 
19.05999999996892, -0.2149024794714141 
19.069999999968896, -0.23808810058134636 
19.079999999968873, -0.24106619470616514 
19.08999999996885, -0.23327719309517042 
19.099999999968826, -0.2245110986213957 
19.109999999968803, -0.2180995522477691 
19.11999999996878, -0.21401420547364763 
19.129999999968756, -0.21152836508585698 
19.139999999968733, -0.21003779430898067 
19.14999999996871, -0.20915599617736466 
19.159999999968687, -0.2086560266517397 
19.169999999968663, -0.2084109865117752 
19.17999999996864, -0.20835589045802477 
19.189999999968617, -0.2084670376854701 
19.199999999968593, -0.20875313902140022 
19.20999999996857, -0.20925456506046008 
19.219999999968547, -0.21004893437419203 
19.229999999968523, -0.2112622913091681 
19.2399999999685, -0.21308487369473667 
19.249999999968477, -0.2157867098454313 
19.259999999968453, -0.21971516493162402 
19.26999999996843, -0.22522744241059608 
19.279999999968407, -0.23248443880926178 
19.289999999968384, -0.24111141488613827 
19.29999999996836, -0.2500271743596194 
19.309999999968337, -0.2578798851106109 
19.319999999968314, -0.2638356822463062 
19.32999999996829, -0.2678639759639602 
19.339999999968267, -0.27039297324766787 
19.349999999968244, -0.271904030233712 
19.35999999996822, -0.2727574418814286 
19.369999999968197, -0.2731798882001128 
19.379999999968174, -0.2733003994743376 
19.38999999996815, -0.2731853971326117 
19.399999999968127, -0.2728636756070307 
19.409999999968104, -0.27234507850059814 
19.41999999996808, -0.27163801368951024 
19.429999999968057, -0.27076755101385774 
19.439999999968034, -0.2697894219796678 
19.44999999996801, -0.26879046455218597 
19.459999999967987, -0.2678709404012128 
19.469999999967964, -0.2671176252474729 
19.47999999996794, -0.2665832176006251 
19.489999999967917, -0.26627924830737043 
19.499999999967894, -0.26617885575483885 
19.50999999996787, -0.26622473685317216 
19.519999999967848, -0.26634187517601243 
19.529999999967824, -0.26645439618147726 
19.5399999999678, -0.2665008478083695 
19.549999999967778, -0.26644069547677207 
19.559999999967754, -0.2662501488521893 
19.56999999996773, -0.2659111092195977 
19.579999999967708, -0.2653972870098148 
19.589999999967684, -0.26465760935918936 
19.59999999996766, -0.26359218576531707 
19.609999999967638, -0.26201157843855977 
19.619999999967614, -0.25956844333203327 
19.62999999996759, -0.2556673286151075 
19.639999999967568, -0.2494399918527138 
19.649999999967545, -0.240048463873966 
19.65999999996752, -0.22753937998231194 
19.669999999967498, -0.21355780827288937 
19.679999999967475, -0.2005609118954459 
19.68999999996745, -0.19015781538575768 
19.699999999967428, -0.1825835582970501 
19.709999999967405, -0.1773110392163479 
19.71999999996738, -0.17367937196731514 
19.729999999967358, -0.17115429569438104 
19.739999999967335, -0.16936436831381657 
19.74999999996731, -0.1680675913493335 
19.759999999967288, -0.16711275513611526 
19.769999999967265, -0.16641130240346502 
19.77999999996724, -0.1659203955648212 
19.78999999996722, -0.16563552507972998 
19.799999999967195, -0.16559219158351757 
19.80999999996717, -0.165878370737325 
19.81999999996715, -0.16666217995807858 
19.829999999967125, -0.16824096516554482 
19.8399999999671, -0.17110947254053988 
19.84999999996708, -0.17598279184314877 
19.859999999967055, -0.18344845159661516 
19.869999999967032, -0.19225320140504348 
19.87999999996701, -0.19543071216041802 
19.889999999966985, -0.18064539774322325 
19.899999999966962, -0.14628362853124163 
19.90999999996694, -0.1089404502058674 
19.919999999966915, -0.08162779160617446 
19.929999999966892, -0.06493971257612949 
19.93999999996687, -0.05524001858566828 
19.949999999966845, -0.04954399367398961 
19.959999999966822, -0.046096587418159134 
19.9699999999668, -0.043949661792899594 
19.979999999966775, -0.042598990075160055 
19.989999999966752, -0.041780003216131165 
19.99999999996673, -0.041365327318393236 
20.009999999966706, -0.041318525755875635 
20.019999999966682, -0.041681702716032505 
20.02999999996666, -0.04259100914083204 
20.039999999966636, -0.04432764743619141 
20.049999999966612, -0.0474285231199776 
20.05999999996659, -0.0529012378289177 
20.069999999966566, -0.06257589875646238 
20.079999999966542, -0.07934522313697678 
20.08999999996652, -0.1056924139742426 
20.099999999966496, -0.13691565656923846 
20.109999999966472, -0.15507542569211333 
20.11999999996645, -0.14802981887216402 
20.129999999966426, -0.127837163960519 
20.139999999966403, -0.10957040417808528 
20.14999999996638, -0.09737430152112596 
20.159999999966356, -0.08997451913621865 
20.169999999966333, -0.08554875493512605 
20.17999999996631, -0.08286692676294305 
20.189999999966286, -0.08122139186790191 
20.199999999966263, -0.08022403517136474 
20.20999999996624, -0.07966948554557991 
20.219999999966216, -0.07946115723898459 
20.229999999966193, -0.07957675698218054 
20.23999999996617, -0.08005908692752986 
20.249999999966146, -0.08102781709406252 
20.259999999966123, -0.08271675216847073 
20.2699999999661, -0.08555163740580939 
20.279999999966076, -0.09029686231931572 
20.289999999966053, -0.09830161423585329 
20.29999999996603, -0.11178012293088464 
20.309999999966006, -0.13356468356835402 
20.319999999965983, -0.1646734891282525 
20.32999999996596, -0.19943981129850413 
20.339999999965936, -0.22679800030651082 
20.349999999965913, -0.24162418280502224 
20.35999999996589, -0.2474906013746327 
20.369999999965867, -0.24929853852767025 
20.379999999965843, -0.24972468670049688 
20.38999999996582, -0.2497796881538729 
20.399999999965797, -0.2497693668238315 
20.409999999965773, -0.2497661142982542 
20.41999999996575, -0.2497776780190019 
20.429999999965727, -0.24979924382227106 
20.439999999965703, -0.24982807961680117 
20.44999999996568, -0.24986797833940705 
20.459999999965657, -0.24993205695652537 
20.469999999965633, -0.250046210692731 
20.47999999996561, -0.2502531050970295 
20.489999999965587, -0.250615366508114 
20.499999999965564, -0.2512161354192481 
20.50999999996554, -0.25215488734823066 
20.519999999965517, -0.2535348433656962 
20.529999999965494, -0.25543492118105365 
20.53999999996547, -0.2578602302127524 
20.549999999965447, -0.2606845209062602 
20.559999999965424, -0.2636350006597844 
20.5699999999654, -0.26637145587023725 
20.579999999965377, -0.2686258640372783 
20.589999999965354, -0.2702893984076816 
20.59999999996533, -0.2713919831279018 
20.609999999965307, -0.27202711142689573 
20.619999999965284, -0.27228909114468075 
20.62999999996526, -0.2722425563811907 
20.639999999965237, -0.2719136512796913 
20.649999999965214, -0.27129011532519376 
20.65999999996519, -0.27032560359557284 
20.669999999965167, -0.2689521333755929 
20.679999999965144, -0.2671101142824279 
20.68999999996512, -0.2648002333189584 
20.699999999965097, -0.2621356673117128 
20.709999999965074, -0.259344118634218 
20.71999999996505, -0.2566927154600123 
20.729999999965028, -0.25438610781143356 
20.739999999965004, -0.25251490980272556 
20.74999999996498, -0.25107022650720145 
20.759999999964958, -0.2499858379643248 
20.769999999964934, -0.2491744320085369 
20.77999999996491, -0.24854955021652403 
20.789999999964888, -0.2480371105434016 
20.799999999964864, -0.24758035843262513 
20.80999999996484, -0.2471399354131108 
20.819999999964818, -0.2466904542872302 
20.829999999964794, -0.24621529876354048 
20.83999999996477, -0.245700690743049 
20.849999999964748, -0.24512805686408531 
20.859999999964725, -0.24445977779309286 
20.8699999999647, -0.24360427355482428 
20.879999999964678, -0.2423236269876678 
20.889999999964655, -0.23999924942211023 
20.89999999996463, -0.23513518234832947 
20.909999999964608, -0.22478038787130722 
20.919999999964585, -0.20542743182709752 
20.92999999996456, -0.17745107346263073 
20.939999999964538, -0.14790501728926428 
20.949999999964515, -0.12415820211750186 
20.95999999996449, -0.10807762179708194 
20.969999999964468, -0.09796410042688178 
20.979999999964445, -0.09168010996097523 
20.98999999996442, -0.08770557194371564 
20.9999999999644, -0.0851201087081621 
21.009999999964375, -0.08339292865611661 
21.01999999996435, -0.08222240685976837 
21.02999999996433, -0.08144167565238153 
21.039999999964305, -0.08096848581277853 
21.04999999996428, -0.080782262871016 
21.05999999996426, -0.08092006067591748 
21.069999999964235, -0.08149026897445659 
21.079999999964212, -0.0827092477119223 
21.08999999996419, -0.0849710669035153 
21.099999999964165, -0.08895171573925982 
21.109999999964142, -0.09565875607822812 
21.11999999996412, -0.1059158947440001 
21.129999999964095, -0.11769840826775838 
21.139999999964072, -0.12080149438809881 
21.14999999996405, -0.10112115840344948 
21.159999999964025, -0.06376802804225767 
21.169999999964002, -0.02941118011191888 
21.17999999996398, -0.006937015842232464 
21.189999999963955, 0.005808671680880526 
21.199999999963932, 0.012759552117112393 
21.20999999996391, 0.01664961008777991 
21.219999999963886, 0.018843175247170534 
21.229999999963862, 0.020049479219865225 
21.23999999996384, 0.020635994039287765 
21.249999999963816, 0.020786527195876293 
21.259999999963792, 0.020574711549877906 
21.26999999996377, 0.019991494432753817 
21.279999999963746, 0.01894150614814894 
21.289999999963722, 0.01720763751852434 
21.2999999999637, 0.014370671127175078 
21.309999999963676, 0.009667928749164487 
21.319999999963652, 0.001848374730714624 
21.32999999996363, -0.01009406967979915 
21.339999999963606, -0.024953342653240514 
21.349999999963583, -0.031235732494969016 
21.35999999996356, -0.011775211519587967 
21.369999999963536, 0.025930764299754317 
21.379999999963513, 0.05836605690003489 
21.38999999996349, 0.07814227044548512 
21.399999999963466, 0.0889043380616891 
21.409999999963443, 0.09469536223503303 
21.41999999996342, 0.09786319903425442 
21.429999999963396, 0.09960578056415367 
21.439999999963373, 0.10052611251762919 
21.44999999996335, 0.10092944750287876 
21.459999999963326, 0.10096393962260553 
21.469999999963303, 0.10068348205166602 
21.47999999996328, 0.10007075557532304 
21.489999999963256, 0.09903684622906138 
21.499999999963233, 0.09740815232252537 
21.50999999996321, 0.09493352636967176 
21.519999999963186, 0.0914613805112252 
21.529999999963163, 0.08782156352658939 
21.53999999996314, 0.08833121441200573 
21.549999999963116, 0.10212354074077472 
21.559999999963093, 0.1316573158050147 
21.56999999996307, 0.16257010088786705 
21.579999999963047, 0.183519752467602 
21.589999999963023, 0.1951910863472858 
21.599999999963, 0.20136960048113006 
21.609999999962977, 0.20465510795782554 
21.619999999962953, 0.2064202413183136 
21.62999999996293, 0.20735965843979276 
21.639999999962907, 0.20783538574411428 
21.649999999962883, 0.2080477177181848 
21.65999999996286, 0.208118227657253 
21.669999999962837, 0.2081347183287213 
21.679999999962813, 0.2081840559870581 
21.68999999996279, 0.20838955121856664 
21.699999999962767, 0.20896653764843856 
21.709999999962744, 0.2102966882262735 
21.71999999996272, 0.21295751404715751 
21.729999999962697, 0.21750322026902041 
21.739999999962674, 0.2238437354618373 
21.74999999996265, 0.23082218217298572 
21.759999999962627, 0.23692639779108204 
21.769999999962604, 0.2413694204503746 
21.77999999996258, 0.2442040930719477 
21.789999999962557, 0.2458224953976992 
21.799999999962534, 0.246602982433564 
21.80999999996251, 0.24681583025821832 
21.819999999962487, 0.24664283723127345 
21.829999999962464, 0.24621690543734892 
21.83999999996244, 0.24564931714388688 
21.849999999962417, 0.24503888908693564 
21.859999999962394, 0.24446884124731927 
21.86999999996237, 0.24400177998618783 
21.879999999962347, 0.2436797568995379 
21.889999999962324, 0.24352887343668717 
21.8999999999623, 0.24356320515839464 
21.909999999962277, 0.24378313145783942 
21.919999999962254, 0.24416695393400717 
21.92999999996223, 0.2446605742713177 
21.939999999962208, 0.24517495444587784 
21.949999999962184, 0.2455981437111609 
21.95999999996216, 0.24581548106050666 
21.969999999962138, 0.24572081657119882 
21.979999999962114, 0.24520710809697116 
21.98999999996209, 0.2441408125432964 
21.999999999962068, 0.24233913957881414 
22.009999999962044, 0.2395867377180491 
22.01999999996202, 0.2357496847707799 
22.029999999961998, 0.23100399529417884 
22.039999999961974, 0.2259868844090394 
22.04999999996195, 0.22153990150528471 
22.059999999961928, 0.21818316610113944 
22.069999999961905, 0.21592087998676965 
22.07999999996188, 0.21447233149349515 
22.089999999961858, 0.21353424872062052 
22.099999999961835, 0.21288328401957016 
22.10999999996181, 0.21237366836400412 
22.119999999961788, 0.21190605157578718 
22.129999999961765, 0.21139761771857274 
22.13999999996174, 0.21075659343902825 
22.149999999961718, 0.20985469715022184 
22.159999999961695, 0.20848528553484513 
22.16999999996167, 0.2062848092329384 
22.179999999961648, 0.2025769615198732 
22.189999999961625, 0.1960882349704665 
22.1999999999616, 0.18461853440129355 
22.20999999996158, 0.16558557702493285 
22.219999999961555, 0.1399214148492161 
22.22999999996153, 0.11666974872002586 
22.23999999996151, 0.1044597824187909 
22.249999999961485, 0.10135592510555327 
22.25999999996146, 0.10183160861184382 
22.26999999996144, 0.10293508761545751 
22.279999999961415, 0.10379352353407316 
22.289999999961392, 0.10428268422333245 
22.29999999996137, 0.10445077994119419 
22.309999999961345, 0.10435092370288893 
22.319999999961322, 0.10400174950320851 
22.3299999999613, 0.10337572591931352 
22.339999999961275, 0.10238345827918378 
22.349999999961252, 0.10083786809957473 
22.35999999996123, 0.09837583004981186 
22.369999999961205, 0.09429143343956664 
22.379999999961182, 0.08719457698776903 
22.38999999996116, 0.07442133315246911 
22.399999999961135, 0.051710214545840995 
22.409999999961112, 0.016411199509836865 
22.41999999996109, -0.021474822240787762 
22.429999999961066, -0.04150089765743822 
22.439999999961042, -0.041069589734525125 
22.44999999996102, -0.03328171224328403 
22.459999999960996, -0.026192097251006574 
22.469999999960972, -0.021357169246856916 
22.47999999996095, -0.018302832099783936 
22.489999999960926, -0.016401778715640084 
22.499999999960902, -0.015226944975807025 
22.50999999996088, -0.014530400917249869 
22.519999999960856, -0.014183414733826592 
22.529999999960832, -0.014137381524141948 
22.53999999996081, -0.014407826815836402 
22.549999999960786, -0.015078731570967608 
22.559999999960763, -0.016330170682953532 
22.56999999996074, -0.018502359637157993 
22.579999999960716, -0.022225413082450463 
22.589999999960693, -0.02866355857249168 
22.59999999996067, -0.039894283847423835 
22.609999999960646, -0.059096084648285384 
22.619999999960623, -0.0888930233480078 
22.6299999999606, -0.12548532846407084 
22.639999999960576, -0.15582708455745475 
22.649999999960553, -0.17103270355099998 
22.65999999996053, -0.17495120761716706 
22.669999999960506, -0.17444621139273417 
22.679999999960483, -0.17307829666561642 
22.68999999996046, -0.17191908832267566 
22.699999999960436, -0.17112234819576194 
22.709999999960413, -0.17061919484228447 
22.71999999996039, -0.1703235086542071 
22.729999999960366, -0.17017503471644568 
22.739999999960343, -0.17014148446599758 
22.74999999996032, -0.17021446707169743 
22.759999999960296, -0.17040768619275118 
22.769999999960273, -0.17075898420841862 
22.77999999996025, -0.17133637250654798 
22.789999999960227, -0.17224805505199187 
22.799999999960203, -0.17365623524607127 
22.80999999996018, -0.17579220325071937 
22.819999999960157, -0.17896091425109306 
22.829999999960133, -0.1834998971737159 
22.83999999996011, -0.18962743965239687 
22.849999999960087, -0.19715124530006334 
22.859999999960063, -0.20523642723023752 
22.86999999996004, -0.21265401253407695 
22.879999999960017, -0.21848350352342877 
22.889999999959993, -0.22252886380053308 
22.89999999995997, -0.22510852205648774 
22.909999999959947, -0.22666416804234446 
22.919999999959924, -0.22755140039365668 
22.9299999999599, -0.2280024694873864 
22.939999999959877, -0.22815344820072117 
22.949999999959854, -0.22807787259382734 
22.95999999995983, -0.22781238910953672 
22.969999999959807, -0.2273759784299958 
22.979999999959784, -0.22678677326170305 
22.98999999995976, -0.22607758276963646 
22.999999999959737, -0.22530620518025754 
23.009999999959714, -0.22455393536535478 
23.01999999995969, -0.22391052893264388 
23.029999999959667, -0.2234534054331771 
23.039999999959644, -0.22323170818644028 
23.04999999995962, -0.2232585802652574 
23.059999999959597, -0.2235084137349387 
23.069999999959574, -0.22391814651793301 
23.07999999995955, -0.22439727262270534 
23.089999999959527, -0.22484889658824958 
23.099999999959504, -0.2251934215939558 
23.10999999995948, -0.2253811587923777 
23.119999999959457, -0.22538842618339863 
23.129999999959434, -0.22520288436050007 
23.13999999995941, -0.22480606611350576 
23.149999999959388, -0.2241560722817953 
23.159999999959364, -0.22316850342092037 
23.16999999995934, -0.221692976179409 
23.179999999959318, -0.21948959912606578 
23.189999999959294, -0.2162323008338019 
23.19999999995927, -0.21160405656342 
23.209999999959248, -0.20554202363065296 
23.219999999959224, -0.19850674312306588 
23.2299999999592, -0.19141549542109454 
23.239999999959178, -0.18515435187651413 
23.249999999959154, -0.180161057796918 
23.25999999995913, -0.17642644600896354 
23.269999999959108, -0.17371983149570833 
23.279999999959085, -0.1717722598454173 
23.28999999995906, -0.17035558157739245 
23.299999999959038, -0.16929868742011117 
23.309999999959015, -0.16848106941213206 
23.31999999995899, -0.16782199996490116 
23.329999999958968, -0.1672708194914077 
23.339999999958945, -0.16679945785494027 
23.34999999995892, -0.16639731499316304 
23.359999999958898, -0.16606808228590447 
23.369999999958875, -0.16582652479524734 
23.37999999995885, -0.1656880965198692 
23.389999999958828, -0.1656275537466187 
23.399999999958805, -0.16543302039931998 
23.40999999995878, -0.1642674575422351 
23.41999999995876, -0.159686037062501 
23.429999999958735, -0.14681926549849894 
23.43999999995871, -0.12160417480029499 
23.44999999995869, -0.08871311789691552 
23.459999999958665, -0.05927233611922387 
23.46999999995864, -0.0388799706375911 
23.47999999995862, -0.02636049769911956 
23.489999999958595, -0.0188906066228145 
23.499999999958572, -0.014358169831880582 
23.50999999995855, -0.011514661215097238 
23.519999999958525, -0.009667230799177483 
23.529999999958502, -0.008434705176404525 
23.53999999995848, -0.0076083897930934495 
23.549999999958455, -0.007079842444859355 
23.559999999958432, -0.006805933446494296 
23.56999999995841, -0.006795564016459571 
23.579999999958385, -0.007111135226699296 
23.589999999958362, -0.00788090057722141 
23.59999999995834, -0.009310094819463651 
23.609999999958315, -0.011630184255052666 
23.619999999958292, -0.014740471165321293 
23.62999999995827, -0.016850083217178662 
23.639999999958246, -0.01175685347675501 
23.649999999958222, 0.009376068915498813 
23.6599999999582, 0.043706684910997315 
23.669999999958176, 0.07535071897673826 
23.679999999958152, 0.09596080991289557 
23.68999999995813, 0.10754809085871161 
23.699999999958106, 0.11385340625787418 
23.709999999958082, 0.11731865589369188 
23.71999999995806, 0.1192481262795532 
23.729999999958036, 0.12031544948927693 
23.739999999958012, 0.12087480667217496 
23.74999999995799, 0.12111758535953095 
23.759999999957966, 0.12114912741153046 
23.769999999957943, 0.12102852496149934 
23.77999999995792, 0.1207946474793741 
23.789999999957896, 0.12049688899568403 
23.799999999957873, 0.12026036740985477 
23.80999999995785, 0.12044851015227347 
23.819999999957826, 0.12201576209523005 
23.829999999957803, 0.12692484441617347 
23.83999999995778, 0.13746808022817508 
23.849999999957756, 0.15310814450456275 
23.859999999957733, 0.1690720623066801 
23.86999999995771, 0.1811477261238792 
23.879999999957686, 0.18877014062222508 
23.889999999957663, 0.19318994631886466 
23.89999999995764, 0.19565623087083658 
23.909999999957616, 0.19698365166088289 
23.919999999957593, 0.19764740106742962 
23.92999999995757, 0.19792464132069962 
23.939999999957546, 0.1979860229936106 
23.949999999957523, 0.1979454591891215 
23.9599999999575, 0.19788716251570654 
23.969999999957476, 0.19788315139296714 
23.979999999957453, 0.19800836283487921 
23.98999999995743, 0.19835572305894866 
23.999999999957407, 0.19904789671211245 
24.009999999957383, 0.2002324342457781 
24.01999999995736, 0.20203483992466195 
24.029999999957337, 0.20445505990050247 
24.039999999957313, 0.2072665041066481 
24.04999999995729, 0.2100526522288359 
24.059999999957267, 0.21240740946863929 
24.069999999957243, 0.21411192835588114 
24.07999999995722, 0.2151419480284634 
24.089999999957197, 0.2155714718324672 
24.099999999957173, 0.21548983042754966 
24.10999999995715, 0.21497187884849223 
24.119999999957127, 0.21408807448062 
24.129999999957104, 0.21292957245426095 
24.13999999995708, 0.21162238688745316 
24.149999999957057, 0.2103122933971004 
24.159999999957034, 0.20912725809558658 
24.16999999995701, 0.20814661792048345 
24.179999999956987, 0.20739725313470414 
24.189999999956964, 0.20687016271775643 
24.19999999995694, 0.20653931977994552 
24.209999999956917, 0.2063718428115609 
24.219999999956894, 0.20632853962632852 
24.22999999995687, 0.20635900091338089 
24.239999999956847, 0.20639661258476077 
24.249999999956824, 0.20635713359318397 
24.2599999999568, 0.20613963787044862 
24.269999999956777, 0.20562301806316743 
24.279999999956754, 0.20464986142646407 
24.28999999995673, 0.20299535136946778 
24.299999999956707, 0.2003352559014056 
24.309999999956684, 0.19626770191483603 
24.31999999995666, 0.19051085530301473 
24.329999999956637, 0.18335209866449687 
24.339999999956614, 0.1759559717921653 
24.34999999995659, 0.1697770050645056 
24.359999999956568, 0.16550474056469794 
24.369999999956544, 0.1628954381566924 
24.37999999995652, 0.16136763968255738 
24.389999999956498, 0.16043831891525798 
24.399999999956474, 0.15980858761013483 
24.40999999995645, 0.15930964942813391 
24.419999999956428, 0.15884020665884183 
24.429999999956404, 0.1583235085815745 
24.43999999995638, 0.15767808651588106 
24.449999999956358, 0.15679122224197808 
24.459999999956334, 0.15548295395109332 
24.46999999995631, 0.15344257255142685 
24.479999999956288, 0.1501064914718597 
24.489999999956265, 0.14443461389700146 
24.49999999995624, 0.1346090993309273 
24.509999999956218, 0.11816469639807689 
24.519999999956195, 0.09435254926653863 
24.52999999995617, 0.06897573018636025 
24.539999999956148, 0.05166545463540949 
24.549999999956125, 0.04452452721008997 
24.5599999999561, 0.04300798861430101 
24.569999999956078, 0.04330279287669841 
24.579999999956055, 0.04384704523993873 
24.58999999995603, 0.04421518410284787 
24.599999999956008, 0.04434795363846324 
24.609999999955985, 0.044267417257006114 
24.61999999995596, 0.043993283795124946 
24.62999999995594, 0.04351985092694529 
24.639999999955915, 0.04280506760428891 
24.64999999995589, 0.04175464698548172 
24.65999999995587, 0.04019034213853763 
24.669999999955845, 0.037786412598785526 
24.67999999995582, 0.033944567623208084 
24.6899999999558, 0.027561091195843206 
24.699999999955775, 0.01667768706970567 
24.709999999955752, -0.0015843666177611123 
24.71999999995573, -0.02888630852901939 
24.729999999955705, -0.06126558238996203 
24.739999999955682, -0.08688192768516285 
24.74999999995566, -0.09930304884562104 
24.759999999955635, -0.10261453028507272 
24.769999999955612, -0.1024137419306745 
24.77999999995559, -0.10145216752152604 
24.789999999955565, -0.10057843129761208 
24.799999999955542, -0.0999471681257197 
24.80999999995552, -0.09953369619929817 
24.819999999955495, -0.09929102495813498 
24.829999999955472, -0.09918792430592836 
24.83999999995545, -0.09921559309161081 
24.849999999955426, -0.09938928202618663 
24.859999999955402, -0.09975238340992748 
24.86999999995538, -0.10038574952375376 
24.879999999955356, -0.10142465498889897 
24.889999999955332, -0.10308680729870094 
24.89999999995531, -0.10571442917914635 
24.909999999955286, -0.10982351820069751 
24.919999999955262, -0.1161117339303368 
24.92999999995524, -0.12527325648157983 
24.939999999955216, -0.13738941478693892 
24.949999999955192, -0.15108495484841752 
24.95999999995517, -0.16371101378873532 
24.969999999955146, -0.1731746340823242 
24.979999999955123, -0.17920965064251437 
24.9899999999551, -0.18271158437557278 
24.999999999955076, -0.1846678643067181 
