t, s[1].omega / s[0].omega 
0, -0.5099977555209607 
0.009999999999999995, -0.5098015756178315 
0.019999999999999934, -0.5096513935828036 
0.029999999999999874, -0.5095212674654849 
0.04000000000000012, -0.5093788157403882 
0.050000000000000405, -0.5091956089550138 
0.06000000000000069, -0.5089537042469299 
0.07000000000000098, -0.5086467078220577 
0.08000000000000126, -0.5082772972000198 
0.09000000000000155, -0.507854408110455 
0.10000000000000184, -0.5073924755587702 
0.11000000000000212, -0.5069140018956577 
0.12000000000000241, -0.5064563869617582 
0.130000000000002, -0.5060843082571929 
0.1400000000000009, -0.505909127905221 
0.1499999999999998, -0.5061148381019808 
0.1599999999999987, -0.5069811155208999 
0.1699999999999976, -0.5088689561233332 
0.1799999999999965, -0.5120890979246784 
0.1899999999999954, -0.5165624411201226 
0.1999999999999943, -0.5213995104156061 
0.2099999999999932, -0.5250310142707425 
0.2199999999999921, -0.5263430043200572 
0.229999999999991, -0.5256565864512979 
0.2399999999999899, -0.5241832188552193 
0.2499999999999888, -0.5228853398707548 
0.2599999999999877, -0.5220968485624319 
0.2699999999999866, -0.5217619216311545 
0.2799999999999855, -0.521713699252707 
0.2899999999999844, -0.5218051600992875 
0.2999999999999833, -0.5219385432014513 
0.3099999999999822, -0.5220569035709831 
0.3199999999999811, -0.5221289000011928 
0.32999999999998, -0.5221365687451501 
0.3399999999999789, -0.5220675916416541 
0.3499999999999778, -0.5219115552510947 
0.35999999999997667, -0.5216597426940759 
0.36999999999997557, -0.5213081618526233 
0.37999999999997447, -0.5208627639369802 
0.38999999999997337, -0.5203439878313519 
0.39999999999997227, -0.5197864357624603 
0.40999999999997117, -0.5192312712086649 
0.41999999999997006, -0.518713880861346 
0.42999999999996896, -0.5182531476259381 
0.43999999999996786, -0.5178476531558893 
0.44999999999996676, -0.5174797873567676 
0.45999999999996566, -0.517124786545717 
0.46999999999996456, -0.5167600651726275 
0.47999999999996346, -0.5163712002951686 
0.48999999999996235, -0.515953744012365 
0.49999999999996125, -0.5155126206591151 
0.5099999999999602, -0.5150617046710327 
0.519999999999959, -0.5146256532035024 
0.529999999999958, -0.5142454325626538 
0.5399999999999568, -0.5139889381649196 
0.5499999999999557, -0.5139685870611853 
0.5599999999999546, -0.5143680975743445 
0.5699999999999535, -0.5154792000784727 
0.5799999999999524, -0.5177415245429264 
0.5899999999999513, -0.5217564371774001 
0.5999999999999502, -0.528198338315789 
0.6099999999999491, -0.5374996448541196 
0.619999999999948, -0.5492864211602579 
0.6299999999999469, -0.5619953476218409 
0.6399999999999458, -0.5734524621591166 
0.6499999999999447, -0.5822194635710616 
0.6599999999999436, -0.5882146887764714 
0.6699999999999425, -0.5921321365792069 
0.6799999999999414, -0.5947014138284515 
0.6899999999999403, -0.5964180324892621 
0.6999999999999392, -0.5975737124497779 
0.7099999999999381, -0.5983390675608559 
0.719999999999937, -0.5988180744622691 
0.7299999999999359, -0.599075135581183 
0.7399999999999348, -0.599147506223833 
0.7499999999999337, -0.5990509557755063 
0.7599999999999326, -0.5987824099642889 
0.7699999999999315, -0.5983218932662864 
0.7799999999999304, -0.5976364023160962 
0.7899999999999293, -0.596689116669402 
0.7999999999999282, -0.5954563419782116 
0.8099999999999271, -0.59394896801556 
0.819999999999926, -0.5922263750819123 
0.8299999999999249, -0.5903888994513617 
0.8399999999999238, -0.5885489339122605 
0.8499999999999227, -0.5867986609667479 
0.8599999999999216, -0.5851931682526104 
0.8699999999999205, -0.5837526227825433 
0.8799999999999194, -0.5824750153567693 
0.8899999999999183, -0.581349913365302 
0.8999999999999172, -0.5803683224826373 
0.9099999999999161, -0.5795280234360053 
0.919999999999915, -0.578835723012002 
0.9299999999999139, -0.5783075832950684 
0.9399999999999128, -0.5779691937113316 
0.9499999999999117, -0.5778555357058057 
0.9599999999999106, -0.5780112097272605 
0.9699999999999095, -0.578491083272729 
0.9799999999999084, -0.5793613743718012 
0.9899999999999073, -0.5807007526444016 
0.9999999999999062, -0.5826000207959774 
1.0099999999999052, -0.5851570272868317 
1.019999999999904, -0.5884606857149752 
1.029999999999903, -0.5925559205201203 
1.039999999999902, -0.5973855767421561 
1.0499999999999008, -0.6027255963710189 
1.0599999999998997, -0.6081657954954667 
1.0699999999998986, -0.6131987751460873 
1.0799999999998975, -0.6174021039271353 
1.0899999999998964, -0.620586054054886 
1.0999999999998953, -0.6227978828410865 
1.1099999999998942, -0.6242168072153642 
1.119999999999893, -0.6250443775709342 
1.129999999999892, -0.6254448243127957 
1.1399999999998909, -0.6255287046540976 
1.1499999999998898, -0.6253558690954459 
1.1599999999998887, -0.624941058959924 
1.1699999999998876, -0.6242543532272371 
1.1799999999998865, -0.6232130087707068 
1.1899999999998854, -0.6216628415409896 
1.1999999999998843, -0.6193504461921442 
1.2099999999998832, -0.6158994833061178 
1.219999999999882, -0.6108339070788469 
1.229999999999881, -0.6037267811950079 
1.2399999999998799, -0.5945125276763169 
1.2499999999998788, -0.5837824885355791 
1.2599999999998777, -0.5726990456087389 
1.2699999999998766, -0.562475643444118 
1.2799999999998755, -0.553882517661743 
1.2899999999998744, -0.5471407523430566 
1.2999999999998733, -0.5421023302031055 
1.3099999999998722, -0.5384665765841095 
1.319999999999871, -0.5359167288293666 
1.32999999999987, -0.5341786226035932 
1.3399999999998689, -0.5330351361349692 
1.3499999999998678, -0.5323220978606613 
1.3599999999998666, -0.531918812690688 
1.3699999999998655, -0.5317385279056602 
1.3799999999998644, -0.531720518918525 
1.3899999999998633, -0.5318240993301949 
1.3999999999998622, -0.5320244405198757 
1.4099999999998611, -0.5323099275744207 
1.41999999999986, -0.5326805192311411 
1.429999999999859, -0.5331460761567588 
1.4399999999998578, -0.5337230296279528 
1.4499999999998567, -0.5344276282088039 
1.4599999999998556, -0.5352650743705542 
1.4699999999998545, -0.5362166220323926 
1.4799999999998534, -0.537230641345996 
1.4899999999998523, -0.538225947659179 
1.4999999999998512, -0.5391112010140444 
1.5099999999998501, -0.5398121750763156 
1.519999999999849, -0.5402903017930594 
1.529999999999848, -0.5405426298436748 
1.5399999999998468, -0.5405879827472737 
1.5499999999998457, -0.5404505533626426 
1.5599999999998446, -0.5401479175852765 
1.5699999999998435, -0.5396840324734087 
1.5799999999998424, -0.5390445382269903 
1.5899999999998413, -0.5381909845974515 
1.5999999999998402, -0.5370501390393162 
1.6099999999998391, -0.5354926780329932 
1.619999999999838, -0.5332919991189813 
1.629999999999837, -0.5300531680908243 
1.6399999999998358, -0.5251262011099587 
1.6499999999998347, -0.5176173490095712 
1.6599999999998336, -0.5067693043508663 
1.6699999999998325, -0.4928093288039702 
1.6799999999998314, -0.4774726050875698 
1.6899999999998303, -0.46317433055839796 
1.6999999999998292, -0.45156596053174597 
1.709999999999828, -0.44302935381231956 
1.719999999999827, -0.4371340598245029 
1.729999999999826, -0.433212560303217 
1.7399999999998248, -0.4306641547439877 
1.7499999999998237, -0.4290388692102856 
1.7599999999998226, -0.4280263400747618 
1.7699999999998215, -0.42742101038278124 
1.7799999999998204, -0.4270898624715902 
1.7899999999998193, -0.42694865284319305 
1.7999999999998182, -0.4269460475435296 
1.809999999999817, -0.42705373730990875 
1.819999999999816, -0.4272608070026144 
1.8299999999998149, -0.42757098293447776 
1.8399999999998138, -0.4280014289800377 
1.8499999999998127, -0.4285814173252643 
1.8599999999998116, -0.42934864252170124 
1.8699999999998105, -0.43034062095335235 
1.8799999999998094, -0.4315792687953384 
1.8899999999998083, -0.43304974435729643 
1.8999999999998072, -0.43468146610926184 
1.909999999999806, -0.43634709452263226 
1.919999999999805, -0.4378921963122414 
1.9299999999998039, -0.43918545900973716 
1.9399999999998028, -0.4401568075469825 
1.9499999999998017, -0.44080025634129083 
1.9599999999998006, -0.44114943944790647 
1.9699999999997995, -0.44124844781706446 
1.9799999999997984, -0.44113155141467847 
1.9899999999997973, -0.4408122677080006 
1.9999999999997962, -0.440276570997841 
2.0099999999998173, -0.43947505244373913 
2.0199999999998384, -0.4383107324772261 
2.0299999999998595, -0.4366227601784204 
2.0399999999998806, -0.4341751669773764 
2.0499999999999017, -0.4306789363407632 
2.059999999999923, -0.425894858367643 
2.069999999999944, -0.41983013567203714 
2.079999999999965, -0.4129017080143586 
2.089999999999986, -0.4058467474014423 
2.100000000000007, -0.39938477236572945 
2.1100000000000283, -0.3939347486107385 
2.1200000000000494, -0.38958437012942737 
2.1300000000000705, -0.38621875388050214 
2.1400000000000916, -0.38365288909827644 
2.1500000000001127, -0.3817077068912718 
2.160000000000134, -0.38023889071571354 
2.170000000000155, -0.37914130257285195 
2.180000000000176, -0.37834453690512154 
2.190000000000197, -0.37780706785069407 
2.2000000000002182, -0.3775119224504525 
2.2100000000002393, -0.3774648691363357 
2.2200000000002604, -0.3776954987164941 
2.2300000000002815, -0.37826153285382436 
2.2400000000003026, -0.37925676777554074 
2.2500000000003237, -0.380822765341441 
2.260000000000345, -0.38316277652850195 
2.270000000000366, -0.3865512995427914 
2.280000000000387, -0.3913204710241168 
2.290000000000408, -0.39778357025203154 
2.3000000000004293, -0.40604482650119234 
2.3100000000004504, -0.41571381036652777 
2.3200000000004715, -0.4257558962199952 
2.3300000000004926, -0.4348257620565567 
2.3400000000005137, -0.4419679028537633 
2.3500000000005348, -0.44699953895564093 
2.360000000000556, -0.450289248371125 
2.370000000000577, -0.4523485431772646 
2.380000000000598, -0.45359988364247184 
2.390000000000619, -0.4543282550786132 
2.4000000000006403, -0.45470779382025495 
2.4100000000006614, -0.45483785923901365 
2.4200000000006825, -0.45476925947611047 
2.4300000000007036, -0.45452020142507166 
2.4400000000007247, -0.454086035473214 
2.450000000000746, -0.45344737930494156 
2.460000000000767, -0.4525810170316923 
2.470000000000788, -0.45147628607819873 
2.480000000000809, -0.45015423659505716 
2.49000000000083, -0.44867884980404205 
2.5000000000008513, -0.4471480832308897 
2.5100000000008724, -0.44566543897323535 
2.5200000000008935, -0.44430934075079015 
2.5300000000009146, -0.443117973551958 
2.5400000000009357, -0.44209266383526574 
2.550000000000957, -0.44121146817023266 
2.560000000000978, -0.4404438552831311 
2.570000000000999, -0.4397616031558793 
2.58000000000102, -0.43914487952581494 
2.5900000000010412, -0.4385847101531689 
2.6000000000010624, -0.43808392628916915 
2.6100000000010835, -0.437658629984116 
2.6200000000011046, -0.43734181311874876 
2.6300000000011257, -0.437190567040514 
2.6400000000011468, -0.4372985506452699 
2.650000000001168, -0.43781587809427175 
2.660000000001189, -0.43897858014075125 
2.67000000000121, -0.44114696630719596 
2.680000000001231, -0.44484036733411214 
2.6900000000012523, -0.45072236080427774 
2.7000000000012734, -0.4594274142484645 
2.7100000000012945, -0.4710894086062109 
2.7200000000013156, -0.48468308561106105 
2.7300000000013367, -0.4979484387525403 
2.740000000001358, -0.5086244991037285 
2.750000000001379, -0.5159053661007973 
2.7600000000014, -0.5204058652185637 
2.770000000001421, -0.5231368876251062 
2.780000000001442, -0.5248538399298343 
2.7900000000014633, -0.5259825801640239 
2.8000000000014844, -0.5267412456180255 
2.8100000000015055, -0.5272435725114654 
2.8200000000015266, -0.5275528284767296 
2.8300000000015477, -0.527705327260685 
2.840000000001569, -0.5277200676078485 
2.85000000000159, -0.527602879899179 
2.860000000001611, -0.5273489922743125 
2.870000000001632, -0.5269463752563416 
2.8800000000016532, -0.5263817869694027 
2.8900000000016743, -0.5256504018111718 
2.9000000000016954, -0.524766893081064 
2.9100000000017165, -0.5237717397360094 
2.9200000000017377, -0.5227260296085079 
2.9300000000017588, -0.5216949010443445 
2.94000000000178, -0.5207287722582375 
2.950000000001801, -0.5198527751444111 
2.960000000001822, -0.5190677444465396 
2.970000000001843, -0.5183590021397668 
2.9800000000018643, -0.5177070512271725 
2.9900000000018854, -0.5170959528520281 
3.0000000000019065, -0.5165180062442912 
3.0100000000019276, -0.5159756876470959 
3.0200000000019487, -0.5154828234977509 
3.03000000000197, -0.5150668347409967 
3.040000000001991, -0.5147733567239623 
3.050000000002012, -0.5146742155438325 
3.060000000002033, -0.5148797396878975 
3.070000000002054, -0.5155564176105403 
3.0800000000020753, -0.5169502511089623 
3.0900000000020964, -0.5194131025230757 
3.1000000000021175, -0.523420168789313 
3.1100000000021386, -0.5295454524381864 
3.1200000000021597, -0.5383279609124896 
3.130000000002181, -0.5499507011486731 
3.140000000002202, -0.5637859464386744 
3.150000000002223, -0.5782070249687208 
3.160000000002244, -0.5911791394368731 
3.1700000000022652, -0.6013360240120474 
3.1800000000022863, -0.6084746995879086 
3.1900000000023074, -0.6131598908398747 
3.2000000000023285, -0.6161253849744933 
3.2100000000023496, -0.6179641601688328 
3.2200000000023707, -0.6190755017516786 
3.230000000002392, -0.6197070667318665 
3.240000000002413, -0.6200049724138416 
3.250000000002434, -0.620048899119941 
3.260000000002455, -0.6198722856988084 
3.2700000000024763, -0.6194720128808465 
3.2800000000024974, -0.6188117721315458 
3.2900000000025185, -0.6178237240452258 
3.3000000000025396, -0.6164154343152026 
3.3100000000025607, -0.6144919280851678 
3.3200000000025818, -0.6119993152662674 
3.330000000002603, -0.608977823680716 
3.340000000002624, -0.6055864261465588 
3.350000000002645, -0.6020660069086847 
3.360000000002666, -0.598658631360211 
3.3700000000026873, -0.5955396851821553 
3.3800000000027084, -0.5927980183028587 
3.3900000000027295, -0.5904542984734837 
3.4000000000027506, -0.5884908244770699 
3.4100000000027717, -0.5868754993294543 
3.420000000002793, -0.5855756353006965 
3.430000000002814, -0.5845637456354094 
3.440000000002835, -0.5838187414070418 
3.450000000002856, -0.5833251752271088 
3.460000000002877, -0.5830721205426193 
3.4700000000028983, -0.5830524910861252 
3.4800000000029194, -0.583263106634913 
3.4900000000029405, -0.5837054835216697 
3.5000000000029616, -0.5843870518388565 
3.5100000000029827, -0.5853221520242291 
3.520000000003004, -0.5865316119726515 
3.530000000003025, -0.5880389211064961 
3.540000000003046, -0.58986035521968 
3.550000000003067, -0.591987062083467 
3.5600000000030882, -0.5943613143143012 
3.5700000000031094, -0.5968582867836609 
3.5800000000031305, -0.5992933910596336 
3.5900000000031516, -0.6014675447275366 
3.6000000000031727, -0.6032315641640611 
3.6100000000031938, -0.6045265192881909 
3.620000000003215, -0.6053761732062131 
3.630000000003236, -0.6058486635060778 
3.640000000003257, -0.6060183872771436 
3.650000000003278, -0.6059432642622967 
3.6600000000032993, -0.6056554985596674 
3.6700000000033204, -0.6051582936536982 
3.6800000000033415, -0.6044220900330559 
3.6900000000033626, -0.6033757039550728 
3.7000000000033837, -0.601887998758875 
3.710000000003405, -0.5997349003842645 
3.720000000003426, -0.5965485058808335 
3.730000000003447, -0.5917626068121449 
3.740000000003468, -0.5846285032205984 
3.750000000003489, -0.5744711408218418 
3.7600000000035103, -0.5612933764438898 
3.7700000000035314, -0.5463151134713088 
3.7800000000035525, -0.5316258166088232 
3.7900000000035736, -0.5190442078295909 
3.8000000000035947, -0.5093555607087653 
3.810000000003616, -0.5024336117610012 
3.820000000003637, -0.4977308870914189 
3.830000000003658, -0.49464583359624187 
3.840000000003679, -0.4926789086882061 
3.8500000000037002, -0.49146211940216833 
3.8600000000037213, -0.49074011758514713 
3.8700000000037424, -0.49034140738003107 
3.8800000000037635, -0.49015317834347216 
3.8900000000037847, -0.4901026188304439 
3.9000000000038058, -0.4901441231307989 
3.910000000003827, -0.49025112674064564 
3.920000000003848, -0.49041140449582715 
3.930000000003869, -0.4906247454577132 
3.94000000000389, -0.490901679213815 
3.9500000000039113, -0.49126144676744776 
3.9600000000039324, -0.49172718660562903 
3.9700000000039535, -0.49231704658690784 
3.9800000000039746, -0.49303202048131867 
3.9900000000039957, -0.4938445164984587 
4.000000000004016, -0.49469470032699886 
4.010000000003993, -0.4955009869681981 
4.02000000000397, -0.49618306294244013 
4.030000000003946, -0.4966849602723438 
4.040000000003923, -0.49698444895045907 
4.0500000000039, -0.4970862833985942 
4.0600000000038765, -0.4970076067587472 
4.070000000003853, -0.49676435941136476 
4.08000000000383, -0.4963619060856959 
4.090000000003807, -0.4957884171494781 
4.100000000003783, -0.4950076155871552 
4.11000000000376, -0.4939466206404465 
4.120000000003737, -0.4924730384816153 
4.130000000003713, -0.49035316734900514 
4.14000000000369, -0.4871855825401476 
4.150000000003667, -0.48233235200963237 
4.1600000000036434, -0.4749625790499355 
4.17000000000362, -0.464440567728518 
4.180000000003597, -0.45108385775975357 
4.1900000000035735, -0.43654345196204203 
4.20000000000355, -0.4229950189519866 
4.210000000003527, -0.41188857735613205 
4.220000000003504, -0.40355686799195994 
4.23000000000348, -0.397630499577626 
4.240000000003457, -0.3935331552373432 
4.250000000003434, -0.3907415134278146 
4.26000000000341, -0.38885877001515673 
4.270000000003387, -0.38760737210639606 
4.280000000003364, -0.38680095903829903 
4.2900000000033405, -0.38631785492788717 
4.300000000003317, -0.3860814691053842 
4.310000000003294, -0.38604734630910986 
4.320000000003271, -0.386195408260029 
4.330000000003247, -0.386526042172806 
4.340000000003224, -0.3870589657380087 
4.350000000003201, -0.3878337899120174 
4.360000000003177, -0.38891065533410357 
4.370000000003154, -0.39036799691102136 
4.380000000003131, -0.39229227732164085 
4.390000000003107, -0.3947522832338728 
4.400000000003084, -0.3977525500396363 
4.410000000003061, -0.40117588407629023 
4.4200000000030375, -0.4047562816296909 
4.430000000003014, -0.4081363852815457 
4.440000000002991, -0.4110026558338037 
4.450000000002968, -0.41319952082933076 
4.460000000002944, -0.414738300689924 
4.470000000002921, -0.4157260098150715 
4.480000000002898, -0.41628944083532005 
4.490000000002874, -0.41653275067978024 
4.500000000002851, -0.4165242284360334 
4.510000000002828, -0.4162964260650095 
4.520000000002804, -0.41584900410761144 
4.530000000002781, -0.41515046098221886 
4.540000000002758, -0.414139945949931 
4.5500000000027345, -0.41273493860973104 
4.560000000002711, -0.4108545007236807 
4.570000000002688, -0.4084646951831755 
4.580000000002665, -0.40563237105364924 
4.590000000002641, -0.40254441632536775 
4.600000000002618, -0.39945679312231575 
4.610000000002595, -0.39660013631307284 
4.620000000002571, -0.394111842075357 
4.630000000002548, -0.39202917036826207 
4.640000000002525, -0.3903219298051948 
4.6500000000025015, -0.38893046629370776 
4.660000000002478, -0.38779206719874754 
4.670000000002455, -0.38685457394638634 
4.6800000000024315, -0.3860815413545753 
4.690000000002408, -0.38545334120856534 
4.700000000002385, -0.38496733463047916 
4.710000000002362, -0.3846391330823468 
4.720000000002338, -0.38450636326171445 
4.730000000002315, -0.38463627175074444 
4.740000000002292, -0.3851388523535636 
4.750000000002268, -0.38618765500457286 
4.760000000002245, -0.38805012023431773 
4.770000000002222, -0.3911253703591461 
4.7800000000021985, -0.395972491481681 
4.790000000002175, -0.40327257668288297 
4.800000000002152, -0.4135997677069615 
4.810000000002129, -0.4268735853845601 
4.820000000002105, -0.44171761026684964 
4.830000000002082, -0.4556333388257848 
4.840000000002059, -0.4664760192185159 
4.850000000002035, -0.47373148240322366 
4.860000000002012, -0.47817596599797163 
4.870000000001989, -0.4808403542992491 
4.880000000001965, -0.48247134300540884 
4.890000000001942, -0.4834997307048397 
4.900000000001919, -0.48415536957260785 
4.9100000000018955, -0.48456087634953204 
4.920000000001872, -0.48478316891351325 
4.930000000001849, -0.4848582865826538 
4.940000000001826, -0.48480305784664185 
4.950000000001802, -0.48462115775058096 
4.960000000001779, -0.48430764458106346 
4.970000000001756, -0.4838545705889098 
4.980000000001732, -0.4832590778606639 
4.990000000001709, -0.4825330384677805 
5.000000000001686, -0.48170978945708176 
5.0100000000016625, -0.4808419637833684 
5.020000000001639, -0.4799886955420171 
5.030000000001616, -0.47919837912662955 
5.0400000000015925, -0.4784965006228446 
5.050000000001569, -0.4778836249151719 
5.060000000001546, -0.4773420388687188 
5.070000000001523, -0.4768462094686742 
5.080000000001499, -0.4763723263855589 
5.090000000001476, -0.4759041808059294 
5.100000000001453, -0.47543523587466535 
5.110000000001429, -0.4749686676028162 
5.120000000001406, -0.4745176652040944 
5.130000000001383, -0.47410785269667804 
5.1400000000013595, -0.4737832746462648 
5.150000000001336, -0.4736174821391478 
5.160000000001313, -0.4737317496865601 
5.17000000000129, -0.47432261003233817 
5.180000000001266, -0.47569859936319514 
5.190000000001243, -0.47831579690496884 
5.20000000000122, -0.48277207414096557 
5.210000000001196, -0.4896624062618825 
5.220000000001173, -0.49916384712193385 
5.23000000000115, -0.5104286806783247 
5.240000000001126, -0.5214661559270563 
5.250000000001103, -0.5302367624208624 
5.26000000000108, -0.5360374029066711 
5.2700000000010565, -0.5394967165047324 
5.280000000001033, -0.5415731139520323 
5.29000000000101, -0.5429256905199372 
5.300000000000987, -0.543879112468258 
5.310000000000963, -0.5445725030344198 
5.32000000000094, -0.5450683289658133 
5.330000000000917, -0.5454006226300535 
5.340000000000893, -0.5455908817671677 
5.35000000000087, -0.5456518033544836 
5.360000000000847, -0.5455875667559624 
5.3700000000008234, -0.5453938526866181 
5.3800000000008, -0.5450591289435814 
5.390000000000777, -0.5445686109875498 
5.4000000000007535, -0.5439120123774056 
5.41000000000073, -0.5430942271284345 
5.420000000000707, -0.5421442051028312 
5.430000000000684, -0.5411147870194781 
5.44000000000066, -0.5400702361548979 
5.450000000000637, -0.5390674055845421 
5.460000000000614, -0.538141466941233 
5.47000000000059, -0.5373026781940606 
5.480000000000567, -0.5365427328401121 
5.490000000000544, -0.535845096667801 
5.5000000000005205, -0.535194284276266 
5.510000000000497, -0.5345817219712133 
5.520000000000474, -0.5340084964741043 
5.5300000000004506, -0.5334867277622928 
5.540000000000427, -0.5330414162015816 
5.550000000000404, -0.5327140744211388 
5.560000000000381, -0.5325689603099824 
5.570000000000357, -0.5327025214011782 
5.580000000000334, -0.5332565751712773 
5.590000000000311, -0.5344353035640235 
5.600000000000287, -0.5365243129080095 
5.610000000000264, -0.5399046427325515 
5.620000000000241, -0.5450420075411828 
5.6300000000002175, -0.5524093915737832 
5.640000000000194, -0.5622834780989747 
5.650000000000171, -0.5744045422688455 
5.660000000000148, -0.5876940229942508 
5.670000000000124, -0.6004464921610003 
5.680000000000101, -0.6111147546840037 
5.690000000000078, -0.6190310339348435 
5.700000000000054, -0.6244098992980617 
5.710000000000031, -0.6278671051706755 
5.720000000000008, -0.6300139843407329 
5.729999999999984, -0.6313047485052672 
5.739999999999961, -0.6320351417262411 
5.749999999999938, -0.6323838245804309 
5.7599999999999145, -0.6324501690542879 
5.769999999999891, -0.6322784405314915 
5.779999999999868, -0.6318698499642186 
5.789999999999845, -0.6311859111848005 
5.799999999999821, -0.630147120962161 
5.809999999999798, -0.6286336545098938 
5.819999999999775, -0.6265003146639561 
5.829999999999751, -0.6236213636979557 
5.839999999999728, -0.6199672179650106 
5.849999999999705, -0.6156748378593484 
5.8599999999996815, -0.6110442907926626 
5.869999999999658, -0.6064404553045762 
5.879999999999635, -0.6021690098470938 
5.8899999999996115, -0.5984105020263446 
5.899999999999588, -0.5952272225786888 
5.909999999999565, -0.5926049133877879 
5.919999999999542, -0.5904934010423659 
5.929999999999518, -0.5888326425166135 
5.939999999999495, -0.5875652688543178 
5.949999999999472, -0.586640832804585 
5.959999999999448, -0.5860162126717581 
5.969999999999425, -0.5856548652455946 
5.979999999999402, -0.5855262159094503 
5.9899999999993785, -0.5856056153671162 
5.999999999999355, -0.5858748459576772 
6.009999999999332, -0.5863229492251001 
6.019999999999309, -0.5869469895313304 
6.029999999999285, -0.5877520867737173 
6.039999999999262, -0.588749547033655 
6.049999999999239, -0.5899513693445017 
6.059999999999215, -0.5913594925116097 
6.069999999999192, -0.5929500974026034 
6.079999999999169, -0.5946581507773818 
6.089999999999145, -0.5963735323145163 
6.099999999999122, -0.5979601111850618 
6.109999999999099, -0.5992949618100674 
6.1199999999990755, -0.600305018116233 
6.129999999999052, -0.6009775403869997 
6.139999999999029, -0.6013431945554353 
6.149999999999006, -0.6014492596013266 
6.159999999998982, -0.6013385546848462 
6.169999999998959, -0.6010381482455955 
6.179999999998936, -0.6005545638276908 
6.189999999998912, -0.5998708717897488 
6.199999999998889, -0.5989419873765671 
6.209999999998866, -0.5976848748140035 
6.2199999999988425, -0.5959590812189616 
6.229999999998819, -0.5935302097926614 
6.239999999998796, -0.5900090055584244 
6.2499999999987725, -0.5847819398480758 
6.259999999998749, -0.5770399190181021 
6.269999999998726, -0.5661466266893159 
6.279999999998703, -0.5524131475249328 
6.289999999998679, -0.5375440112892789 
6.299999999998656, -0.523846607976855 
6.309999999998633, -0.5128850418950864 
6.319999999998609, -0.5049977159199357 
6.329999999998586, -0.4997269893481507 
6.339999999998563, -0.4963804117593723 
6.3499999999985395, -0.49433692259986517 
6.359999999998516, -0.4931342035517793 
6.369999999998493, -0.49245737726736155 
6.37999999999847, -0.49210177890123824 
6.389999999998446, -0.49193782473329983 
6.399999999998423, -0.4918848089457888 
6.4099999999984, -0.4918932455538876 
6.419999999998376, -0.4919338089623463 
6.429999999998353, -0.4919910932913799 
6.43999999999833, -0.49206077964235256 
6.449999999998306, -0.4921488022350832 
6.459999999998283, -0.49227067393482804 
6.46999999999826, -0.4924487590797872 
6.4799999999982365, -0.4927058390631271 
6.489999999998213, -0.49305523719325617 
6.49999999999819, -0.4934904220247237 
6.509999999998167, -0.49397913809438626 
6.519999999998143, -0.49446709022625956 
6.52999999999812, -0.49489206514052186 
6.539999999998097, -0.4952020458443037 
6.549999999998073, -0.49536706213495024 
6.55999999999805, -0.4953794074164544 
6.569999999998027, -0.49524532075205496 
6.5799999999980034, -0.49497471700132556 
6.58999999999798, -0.49457313054761337 
6.599999999997957, -0.49403632227322525 
6.6099999999979335, -0.4933458216997345 
6.61999999999791, -0.49246264123393385 
6.629999999997887, -0.4913148864100455 
6.639999999997864, -0.48977138311112245 
6.64999999999784, -0.4875874443495869 
6.659999999997817, -0.4843085799928337 
6.669999999997794, -0.47916090640171305 
6.67999999999777, -0.4711142165563282 
6.689999999997747, -0.45947634595742315 
6.699999999997724, -0.4449209757643384 
6.7099999999977005, -0.42968749644904286 
6.719999999997677, -0.41620970344593466 
6.729999999997654, -0.4057319319357349 
6.7399999999976306, -0.39824737472680044 
6.749999999997607, -0.3931552049452144 
6.759999999997584, -0.38977908715600484 
6.769999999997561, -0.3875732047482946 
6.779999999997537, -0.3861508158140258 
6.789999999997514, -0.38525377699576635 
6.799999999997491, -0.3847150210177753 
6.809999999997467, -0.38442899264550995 
6.819999999997444, -0.3843315310997789 
6.829999999997421, -0.38438725994973916 
6.8399999999973975, -0.38458235757523357 
6.849999999997374, -0.3849210644534933 
6.859999999997351, -0.38542459943772867 
6.869999999997328, -0.38613103398211257 
6.879999999997304, -0.38709402557895844 
6.889999999997281, -0.388377177949084 
6.899999999997258, -0.39003954537381913 
6.909999999997234, -0.3921080802943037 
6.919999999997211, -0.3945390430978878 
6.929999999997188, -0.39718690050389843 
6.939999999997164, -0.39981574274052095 
6.949999999997141, -0.40217157690518246 
6.959999999997118, -0.40407598461434474 
6.9699999999970945, -0.4054715409287543 
6.979999999997071, -0.4063979166363093 
6.989999999997048, -0.4069374545404309 
6.999999999997025, -0.40717144739717953 
7.009999999997001, -0.40715857335817074 
7.019999999996978, -0.40692811545633506 
7.029999999996955, -0.4064785112435777 
7.039999999996931, -0.40577595925969945 
7.049999999996908, -0.40475246697545203 
7.059999999996885, -0.40330785561930255 
7.0699999999968615, -0.4013266558372708 
7.079999999996838, -0.3987237619055655 
7.089999999996815, -0.39551705318393243 
7.0999999999967915, -0.3918832369204495 
7.109999999996768, -0.3881299647955313 
7.119999999996745, -0.38457986594651417 
7.129999999996722, -0.3814548541499235 
7.139999999996698, -0.3788392594701025 
7.149999999996675, -0.3767133761104629 
7.159999999996652, -0.375006498567018 
7.169999999996628, -0.3736368422088113 
7.179999999996605, -0.37253266655335476 
7.189999999996582, -0.37164034383960737 
7.1999999999965585, -0.3709259014427159 
7.209999999996535, -0.3703744777704304 
7.219999999996512, -0.36999029938676953 
7.229999999996489, -0.3697987558582295 
7.239999999996465, -0.36985181763642067 
7.249999999996442, -0.37023824052187293 
7.259999999996419, -0.3711004961991783 
7.269999999996395, -0.37266059350401404 
7.279999999996372, -0.37525514891111744 
7.289999999996349, -0.37937118308020595 
7.299999999996325, -0.38564671747419055 
7.309999999996302, -0.3947411260449468 
7.319999999996279, -0.4069252041628991 
7.3299999999962555, -0.4214044889124441 
7.339999999996232, -0.4360228717888438 
7.349999999996209, -0.4482707757906067 
7.359999999996186, -0.45691716941446625 
7.369999999996162, -0.46234180520702595 
7.379999999996139, -0.4655818030260037 
7.389999999996116, -0.46752788397663975 
7.399999999996092, -0.4687310559845976 
7.409999999996069, -0.4694909104791936 
7.419999999996046, -0.46996576188746664 
7.4299999999960225, -0.47024062746167655 
7.439999999995999, -0.4703614855257466 
7.449999999995976, -0.470351516220813 
7.4599999999959525, -0.47021914075490967 
7.469999999995929, -0.46996311233881904 
7.479999999995906, -0.46957772493973915 
7.489999999995883, -0.46905992663050916 
7.499999999995859, -0.4684181949793362 
7.509999999995836, -0.4676799088175264 
7.519999999995813, -0.466891694937425 
7.529999999995789, -0.46610964781764264 
7.539999999995766, -0.46538329168942383 
7.549999999995743, -0.46474198758744645 
7.5599999999957195, -0.46419017268596613 
7.569999999995696, -0.4637117603577881 
7.579999999995673, -0.4632798694295617 
7.58999999999565, -0.4628670895994634 
7.599999999995626, -0.4624526648981865 
7.609999999995603, -0.46202541182518253 
7.61999999999558, -0.4615836158887031 
7.629999999995556, -0.46113425594038776 
7.639999999995533, -0.4606936585448692 
7.64999999999551, -0.46029107298811994 
7.659999999995486, -0.4599764697839646 
7.669999999995463, -0.4598341745977984 
7.67999999999544, -0.4600041254008187 
7.6899999999954165, -0.4607107241476359 
7.699999999995393, -0.4622904945307411 
7.70999999999537, -0.4651835513868662 
7.719999999995347, -0.4698011354216803 
7.729999999995323, -0.47614858346237093 
7.7399999999953, -0.48328694191362465 
7.749999999995277, -0.4893256901169424 
7.759999999995253, -0.49265730054216245 
7.76999999999523, -0.49330221318169815 
7.779999999995207, -0.49252715265578917 
7.789999999995183, -0.49151903290770366 
7.79999999999516, -0.4908095508708093 
7.809999999995137, -0.4904624443667581 
7.8199999999951135, -0.4903715694690659 
7.82999999999509, -0.49041759656507 
7.839999999995067, -0.49051402062645366 
7.849999999995044, -0.49060765081018926 
7.85999999999502, -0.4906679563357807 
7.869999999994997, -0.4906771412872377 
7.879999999994974, -0.4906235957561111 
7.88999999999495, -0.490498761575047 
7.899999999994927, -0.49029710727380593 
7.909999999994904, -0.4900188009253311 
7.9199999999948805, -0.4896738561172696 
7.929999999994857, -0.4892850299257428 
7.939999999994834, -0.488886028634096 
7.9499999999948106, -0.48851354972181493 
7.959999999994787, -0.4881958426771275 
7.969999999994764, -0.48794326641158864 
7.979999999994741, -0.48774536751658004 
7.989999999994717, -0.48757559457848176 
7.999999999994694, -0.4874011696326055 
8.00999999999467, -0.4871933322988055 
8.019999999994647, -0.48693356101929625 
8.029999999994624, -0.4866144762731892 
8.0399999999946, -0.486237394952395 
8.049999999994577, -0.48580957067731595 
8.059999999994554, -0.48534332076917874 
8.06999999999453, -0.48485816798087134 
8.079999999994508, -0.4843867498125952 
8.089999999994484, -0.48398538619649195 
8.099999999994461, -0.4837498203022726 
8.109999999994438, -0.4838333209765843 
8.119999999994414, -0.48445247164404054 
8.129999999994391, -0.48583688517128987 
8.139999999994368, -0.488039249694889 
8.149999999994344, -0.49056478870498754 
8.159999999994321, -0.49212223231722546 
8.169999999994298, -0.491239311039456 
8.179999999994275, -0.487667935136601 
8.189999999994251, -0.4827623444230622 
8.199999999994228, -0.4781828542902093 
8.209999999994205, -0.47477632079316107 
8.219999999994181, -0.4725900180450213 
8.229999999994158, -0.4713290600373098 
8.239999999994135, -0.4706681986088269 
8.249999999994111, -0.4703599320806854 
8.259999999994088, -0.4702417833964213 
8.269999999994065, -0.4702145663227627 
8.279999999994041, -0.47021981858053996 
8.289999999994018, -0.47022339564277926 
8.299999999993995, -0.47020525672157376 
8.309999999993972, -0.47015409845126543 
8.319999999993948, -0.47006564705598314 
8.329999999993925, -0.4699435177886234 
8.339999999993902, -0.46980104268174794 
8.349999999993878, -0.4696616265791655 
8.359999999993855, -0.46955515857490715 
8.369999999993832, -0.46950982479581677 
8.379999999993808, -0.46954165232385076 
8.389999999993785, -0.4696461660950499 
8.399999999993762, -0.46979643797993964 
8.409999999993738, -0.4699495598741351 
8.419999999993715, -0.47005939182046097 
8.429999999993692, -0.4700893047807342 
8.439999999993669, -0.47001859025308484 
8.449999999993645, -0.46984098078169484 
8.459999999993622, -0.4695585572899327 
8.469999999993599, -0.46917523301074543 
8.479999999993575, -0.46869198243166627 
8.489999999993552, -0.4681038002760161 
8.499999999993529, -0.4673970893096054 
8.509999999993505, -0.46654503653281276 
8.519999999993482, -0.46549588962837546 
8.529999999993459, -0.4641426213052604 
8.539999999993436, -0.4622514280910154 
8.549999999993412, -0.4593247178033061 
8.559999999993389, -0.454447206435994 
8.569999999993366, -0.4464131665263483 
8.579999999993342, -0.4345978123485275 
8.589999999993319, -0.42013374499901446 
8.599999999993296, -0.40564910733324344 
8.609999999993272, -0.3934416439665649 
8.619999999993249, -0.3843409245401171 
8.629999999993226, -0.3780460354706191 
8.639999999993202, -0.3738649915949116 
8.64999999999318, -0.3711446007048311 
8.659999999993156, -0.36939659721506324 
8.669999999993133, -0.36828992483302125 
8.67999999999311, -0.3676101608985448 
8.689999999993086, -0.3672220644013501 
8.699999999993063, -0.3670427907349034 
8.70999999999304, -0.36702468244440417 
8.719999999993016, -0.36714506906279487 
8.729999999992993, -0.36740092598772367 
8.73999999999297, -0.3678068049170359 
8.749999999992946, -0.3683946369052263 
8.759999999992923, -0.36921366786727516 
8.7699999999929, -0.3703278749753197 
8.779999999992876, -0.3718068150304964 
8.789999999992853, -0.37370470645322296 
8.79999999999283, -0.37602466596935336 
8.809999999992806, -0.3786765411730099 
8.819999999992783, -0.3814583700985069 
8.82999999999276, -0.38409878642012146 
8.839999999992736, -0.3863548054871952 
8.849999999992713, -0.38809662439535614 
8.85999999999269, -0.3893191550302521 
8.869999999992666, -0.3900937047140118 
8.879999999992643, -0.39051160696043097 
8.88999999999262, -0.39064959441839536 
8.899999999992596, -0.390556516069835 
8.909999999992573, -0.39025076298200634 
8.91999999999255, -0.38972037107963425 
8.929999999992527, -0.38892289741849484 
8.939999999992503, -0.3877869619141873 
8.94999999999248, -0.3862224475515509 
8.959999999992457, -0.384150092155759 
8.969999999992433, -0.381554686320834 
8.97999999999241, -0.3785392431728237 
8.989999999992387, -0.3753290912344271 
8.999999999992363, -0.37219889014173296 
9.00999999999234, -0.36937036239413784 
9.019999999992317, -0.36695580254782234 
9.029999999992294, -0.3649669600980817 
9.03999999999227, -0.3633558085476947 
9.049999999992247, -0.3620530108192948 
9.059999999992224, -0.3609917908570969 
9.0699999999922, -0.3601189979694277 
9.079999999992177, -0.35939859392806967 
9.089999999992154, -0.35881191988820615 
9.09999999999213, -0.3583576507281059 
9.109999999992107, -0.3580533327121921 
9.119999999992084, -0.3579399624109559 
9.12999999999206, -0.35809118169996496 
9.139999999992037, -0.3586292193521284 
9.149999999992014, -0.359750279120422 
9.15999999999199, -0.3617611495190416 
9.169999999991967, -0.36512160461754345 
9.179999999991944, -0.3704613379350137 
9.18999999999192, -0.37847612436449485 
9.199999999991897, -0.38952468937693224 
9.209999999991874, -0.40286784694444727 
9.21999999999185, -0.41621618185554066 
9.229999999991827, -0.42682098314731887 
9.239999999991804, -0.43349480025148984 
9.24999999999178, -0.4369946964875428 
9.259999999991757, -0.43869166950623023 
9.269999999991734, -0.43956614311143094 
9.27999999999171, -0.44009590096436196 
9.289999999991688, -0.44046621663861363 
9.299999999991664, -0.4407389911279516 
9.309999999991641, -0.4409333481617027 
9.319999999991618, -0.4410553618968763 
9.329999999991594, -0.4411069302771581 
9.339999999991571, -0.4410878203451361 
9.349999999991548, -0.44099635269528326 
9.359999999991524, -0.4408308305431959 
9.369999999991501, -0.4405925400370593 
9.379999999991478, -0.44029012489879876 
9.389999999991455, -0.43994363409898146 
9.399999999991431, -0.43958517532209934 
9.409999999991408, -0.43925365969404373 
9.419999999991385, -0.4389843549543482 
9.429999999991361, -0.43879754558426276 
9.439999999991338, -0.4386914133866747 
9.449999999991315, -0.43864223839318744 
9.459999999991291, -0.4386119872369892 
9.469999999991268, -0.43856012143535034 
9.479999999991245, -0.4384541852130293 
9.489999999991221, -0.4382746925970459 
9.499999999991198, -0.43801378523198287 
9.509999999991175, -0.4376704786288962 
9.519999999991152, -0.4372456646957598 
9.529999999991128, -0.43673841542830394 
9.539999999991105, -0.43614344244933834 
9.549999999991082, -0.4354483352186017 
9.559999999991058, -0.4346275276723965 
9.569999999991035, -0.4336259190906106 
9.579999999991012, -0.43231609570654345 
9.589999999990988, -0.43040019829663284 
9.599999999990965, -0.42723752432186657 
9.609999999990942, -0.4217099402327028 
9.619999999990918, -0.4125612784579416 
9.629999999990895, -0.3995907894099945 
9.639999999990872, -0.38463662951278327 
9.649999999990849, -0.37056006990654283 
9.659999999990825, -0.3592626951549597 
9.669999999990802, -0.3510951416157416 
9.679999999990779, -0.3455251245744116 
9.689999999990755, -0.3418316969206422 
9.699999999990732, -0.339412225472494 
9.709999999990709, -0.3378395053457441 
9.719999999990685, -0.3368316721483438 
9.729999999990662, -0.3362093503053979 
9.739999999990639, -0.335861650302355 
9.749999999990616, -0.33572341644558035 
9.759999999990592, -0.3357613819461983 
9.769999999990569, -0.33596665555872807 
9.779999999990546, -0.33635165310556847 
9.789999999990522, -0.33695010842927403 
9.799999999990499, -0.3378188009725155 
9.809999999990476, -0.3390388679107915 
9.819999999990452, -0.34071264938334245 
9.829999999990429, -0.3429486739960511 
9.839999999990406, -0.345824244878853 
9.849999999990382, -0.3493200583403785 
9.85999999999036, -0.3532489748554235 
9.869999999990336, -0.3572460922715129 
9.879999999990313, -0.3608811456126029 
9.88999999999029, -0.3638390406469171 
9.899999999990266, -0.366020155009309 
9.909999999990243, -0.36749997514313126 
9.91999999999022, -0.3684266889655854 
9.929999999990196, -0.3689438545285646 
9.939999999990173, -0.3691584541872662 
9.94999999999015, -0.36913675751834296 
9.959999999990126, -0.3689097425255362 
9.969999999990103, -0.36847940624727626 
9.97999999999008, -0.36782450296684976 
9.989999999990056, -0.36690840845584755 
9.999999999990033, -0.3656939350714692 
10.00999999999001, -0.36416816408287467 
10.019999999989986, -0.3623710197575798 
10.029999999989963, -0.36040790317037247 
10.03999999998994, -0.3584276194283522 
10.049999999989916, -0.35657346601168016 
10.059999999989893, -0.3549404646190582 
10.06999999998987, -0.35356255139062787 
10.079999999989846, -0.35242565482908267 
10.089999999989823, -0.35148962447353804 
10.0999999999898, -0.35070702341268234 
10.109999999989776, -0.35003510356807777 
10.119999999989753, -0.34944162843127546 
10.12999999998973, -0.34890656884158644 
10.139999999989707, -0.3484219304356425 
10.149999999989683, -0.34799171718400806 
10.15999999998966, -0.34763359013264916 
10.169999999989637, -0.34738348155848187 
10.179999999989613, -0.3473043878095996 
10.18999999998959, -0.3475003438737012 
10.199999999989567, -0.3481344592089834 
10.209999999989543, -0.3494408575388222 
10.21999999998952, -0.3516928100134088 
10.229999999989497, -0.35503079565306583 
10.239999999989474, -0.35901684463909966 
10.24999999998945, -0.36205939843243296 
10.259999999989427, -0.3617224404698649 
10.269999999989404, -0.35680351399276705 
10.27999999998938, -0.34890925663576916 
10.289999999989357, -0.3408644877045293 
10.299999999989334, -0.33441134072870293 
10.30999999998931, -0.32987331745406157 
10.319999999989287, -0.3268944433312603 
10.329999999989264, -0.3250058925838279 
10.33999999998924, -0.323832348974255 
10.349999999989217, -0.32311794449800996 
10.359999999989194, -0.32270012527935654 
10.36999999998917, -0.3224797964324534 
10.379999999989147, -0.3223993874356392 
10.389999999989124, -0.3224290792194756 
10.3999999999891, -0.3225591656223458 
10.409999999989077, -0.322796667447001 
10.419999999989054, -0.3231647021855068 
10.42999999998903, -0.3237031354069989 
10.439999999989007, -0.3244685828358649 
10.449999999988984, -0.32553089235688576 
10.45999999998896, -0.3269618704172233 
10.469999999988937, -0.32881114315674664 
10.479999999988914, -0.33106757829249217 
10.48999999998889, -0.33361926801855823 
10.499999999988868, -0.33624703076474566 
10.509999999988844, -0.3386834083057581 
10.519999999988821, -0.3407136872551988 
10.529999999988798, -0.3422435912162316 
10.539999999988774, -0.3432911180330196 
10.549999999988751, -0.34393283846001943 
10.559999999988728, -0.34425366973505556 
10.569999999988704, -0.34431985579090607 
10.579999999988681, -0.3441701585496667 
10.589999999988658, -0.34381520012326605 
10.599999999988635, -0.3432389975670717 
10.609999999988611, -0.34240183684188685 
10.619999999988588, -0.34124800365275515 
10.629999999988565, -0.3397248342411877 
10.639999999988541, -0.3378168208729144 
10.649999999988518, -0.335583911190488 
10.659999999988495, -0.3331736419373051 
10.669999999988471, -0.3307827157472255 
10.679999999988448, -0.3285871734245355 
10.689999999988425, -0.32669111518270466 
10.699999999988401, -0.32512013708664744 
10.709999999988378, -0.32384524985636753 
10.719999999988355, -0.32281218493823954 
10.729999999988332, -0.321962863560868 
10.739999999988308, -0.3212472961548801 
10.749999999988285, -0.32062847360138846 
10.759999999988262, -0.3200832437027598 
10.769999999988238, -0.31960168149193674 
10.779999999988215, -0.3191868840629873 
10.789999999988192, -0.318856618114343 
10.799999999988168, -0.3186479709506786 
10.809999999988145, -0.31862604798139105 
10.819999999988122, -0.3188971316063758 
10.829999999988098, -0.3196232192218814 
10.839999999988075, -0.3210219329427416 
10.849999999988052, -0.32329974788924465 
10.859999999988029, -0.3264014153930276 
10.869999999988005, -0.3294701516479754 
10.879999999987982, -0.3304005939515064 
10.889999999987959, -0.32680763828414866 
10.899999999987935, -0.3185651830667061 
10.909999999987912, -0.30840180835643033 
10.919999999987889, -0.29925931656538424 
10.929999999987865, -0.29238691421344687 
10.939999999987842, -0.2876885581207182 
10.949999999987819, -0.2846165343661798 
10.959999999987796, -0.2826449177557994 
10.969999999987772, -0.2813917952791572 
10.979999999987749, -0.28060782401455203 
10.989999999987726, -0.280138377410562 
10.999999999987702, -0.2798915623723851 
11.009999999987679, -0.27981701589683344 
11.019999999987656, -0.27989355681580197 
11.029999999987632, -0.2801231695037998 
11.039999999987609, -0.28052946823822655 
11.049999999987586, -0.2811593103186612 
11.059999999987562, -0.28208616031034234 
11.06999999998754, -0.28341277925996994 
11.079999999987516, -0.2852681041000509 
11.089999999987493, -0.28778810412900646 
11.09999999998747, -0.29106542987373046 
11.109999999987446, -0.2950609499849284 
11.119999999987423, -0.2995144220719135 
11.1299999999874, -0.303954540871212 
11.139999999987376, -0.3078747808284595 
11.149999999987353, -0.31095986296309497 
11.15999999998733, -0.3131650467254487 
11.169999999987306, -0.3146252737053054 
11.179999999987283, -0.31552613309683575 
11.18999999998726, -0.31602757581698576 
11.199999999987236, -0.3162417704277916 
11.209999999987213, -0.31623684891422466 
11.21999999998719, -0.3160470744121966 
11.229999999987166, -0.31568244913437515 
11.239999999987143, -0.3151375976250447 
11.24999999998712, -0.31440232904389187 
11.259999999987096, -0.3134758684032815 
11.269999999987073, -0.31238284009879724 
11.27999999998705, -0.3111828337043826 
11.289999999987026, -0.3099635906192121 
11.299999999987003, -0.30881743005714696 
11.30999999998698, -0.30781439747418726 
11.319999999986956, -0.3069873340986937 
11.329999999986933, -0.3063326130901531 
11.33999999998691, -0.3058205008360205 
11.349999999986887, -0.30540820018407566 
11.359999999986863, -0.30505151127000335 
11.36999999998684, -0.30471290598265477 
11.379999999986817, -0.30436495592056334 
11.389999999986793, -0.30398957361802315 
11.39999999998677, -0.30357471203990427 
11.409999999986747, -0.30311009113433174 
11.419999999986723, -0.30258236858991994 
11.4299999999867, -0.3019684652714402 
11.439999999986677, -0.3012232471670152 
11.449999999986654, -0.3002531990584459 
11.45999999998663, -0.298859998293365 
11.469999999986607, -0.29663294620470904 
11.479999999986584, -0.2928043478118211 
11.48999999998656, -0.2862505629069602 
11.499999999986537, -0.2760793777131957 
11.509999999986514, -0.2628272903280529 
11.51999999998649, -0.24879035632620733 
11.529999999986467, -0.2364569043070884 
11.539999999986444, -0.22697658598936896 
11.54999999998642, -0.22022583193326462 
11.559999999986397, -0.21557452304436747 
11.569999999986374, -0.2123905763850261 
11.57999999998635, -0.21019818728329814 
11.589999999986327, -0.20867749753844927 
11.599999999986304, -0.20762536762828124 
11.60999999998628, -0.2069192256822699 
11.619999999986257, -0.20649257706684385 
11.629999999986234, -0.20632134689674805 
11.63999999998621, -0.20641913591039543 
11.649999999986187, -0.2068406357369673 
11.659999999986164, -0.2076941366602881 
11.66999999998614, -0.2091657445004743 
11.679999999986117, -0.2115584457664336 
11.689999999986094, -0.21534379231896406 
11.69999999998607, -0.22119770628118976 
11.709999999986048, -0.22991299718979188 
11.719999999986024, -0.24194849275311703 
11.729999999986001, -0.2564705088521424 
11.739999999985978, -0.27073768212012445 
11.749999999985954, -0.28156267392487977 
11.759999999985931, -0.2878499503012276 
11.769999999985908, -0.2907410873453219 
11.779999999985884, -0.29184717353558415 
11.789999999985861, -0.2922153335821063 
11.799999999985838, -0.2923286037149619 
11.809999999985815, -0.29236732857790043 
11.819999999985791, -0.29238751664653273 
11.829999999985768, -0.29240227853162415 
11.839999999985745, -0.2924127835544942 
11.849999999985721, -0.2924188983563891 
11.859999999985698, -0.29242296531541856 
11.869999999985675, -0.292431928721818 
11.879999999985651, -0.2924595625936012 
11.889999999985628, -0.2925289397688391 
11.899999999985605, -0.2926742332386115 
11.909999999985581, -0.29294026317738064 
11.919999999985558, -0.2933781004249004 
11.929999999985535, -0.29403540561559954 
11.939999999985512, -0.2949408350406787 
11.949999999985488, -0.29608406436681256 
11.959999999985465, -0.29739917769414403 
11.969999999985442, -0.2987664951196177 
11.979999999985418, -0.3000433236986329 
11.989999999985395, -0.3011109010904565 
11.999999999985372, -0.3019064267991922 
12.009999999985348, -0.30242241936792336 
12.019999999985325, -0.3026837964115939 
12.029999999985302, -0.3027226990859645 
12.039999999985278, -0.3025614643733953 
12.049999999985255, -0.3022035044747269 
12.059999999985232, -0.30162831368369164 
12.069999999985209, -0.3007883646293449 
12.079999999985185, -0.2996096035001225 
12.089999999985162, -0.298002666029333 
12.099999999985139, -0.2958956589958934 
12.109999999985115, -0.2932907654788123 
12.119999999985092, -0.29031625476915934 
12.129999999985069, -0.28721847781802884 
12.139999999985045, -0.2842744606872834 
12.149999999985022, -0.28168740316653584 
12.159999999984999, -0.2795414401184781 
12.169999999984976, -0.2778228768293477 
12.179999999984952, -0.2764660174868627 
12.189999999984929, -0.275390637679923 
12.199999999984906, -0.27452301931209194 
12.209999999984882, -0.27380466249703916 
12.219999999984859, -0.2731941663303544 
12.229999999984836, -0.27266612020900866 
12.239999999984812, -0.27220943334392106 
12.249999999984789, -0.27182666106497655 
12.259999999984766, -0.27153534393899464 
12.269999999984742, -0.271371988017008 
12.27999999998472, -0.2713985887626839 
12.289999999984696, -0.2717088885088768 
12.299999999984673, -0.272422185553062 
12.30999999998465, -0.2736259913018599 
12.319999999984626, -0.27517571749908176 
12.329999999984603, -0.2762420446427896 
12.33999999998458, -0.27484093398808657 
12.349999999984556, -0.268543508267792 
12.359999999984533, -0.25707580622067594 
12.36999999998451, -0.24349988795444855 
12.379999999984486, -0.23140550570600343 
12.389999999984463, -0.22234485047231636 
12.39999999998444, -0.21613807447684472 
12.409999999984416, -0.2120382129516957 
12.419999999984393, -0.2093525621035733 
12.42999999998437, -0.2075898847928491 
12.439999999984346, -0.20643529589912046 
12.449999999984323, -0.20569672177556017 
12.4599999999843, -0.2052626813779382 
12.469999999984276, -0.20507570020953322 
12.479999999984253, -0.20511801347304695 
12.48999999998423, -0.20540633170152986 
12.499999999984206, -0.20599400445633465 
12.509999999984183, -0.20698034869806134 
12.51999999998416, -0.2085276387519089 
12.529999999984136, -0.21088494387802065 
12.539999999984113, -0.21441047976452693 
12.54999999998409, -0.21956100064359246 
12.559999999984067, -0.22676974014278595 
12.569999999984043, -0.2361065671411547 
12.57999999998402, -0.24679596852899516 
12.589999999983997, -0.2571650228501453 
12.599999999983973, -0.26554574214026344 
12.60999999998395, -0.27131274503384534 
12.619999999983927, -0.27486636687707067 
12.629999999983903, -0.27693929398237255 
12.63999999998388, -0.27813058652312983 
12.649999999983857, -0.27881455330780175 
12.659999999983834, -0.279200124229356 
12.66999999998381, -0.27939951309998806 
12.679999999983787, -0.2794728214951639 
12.689999999983764, -0.279452837643395 
12.69999999998374, -0.27935880649082767 
12.709999999983717, -0.27920515615862157 
12.719999999983694, -0.27900825425598547 
12.72999999998367, -0.2787919519359518 
12.739999999983647, -0.27859081497073274 
12.749999999983624, -0.27844912773091274 
12.7599999999836, -0.27841474123838955 
12.769999999983577, -0.2785289198927111 
12.779999999983554, -0.2788145915931418 
12.78999999998353, -0.2792655950417693 
12.799999999983507, -0.2798407085975353 
12.809999999983484, -0.2804680773462155 
12.81999999998346, -0.2810628299756805 
12.829999999983437, -0.2815510594989934 
12.839999999983414, -0.2818864310814486 
12.84999999998339, -0.28205128106309724 
12.859999999983367, -0.2820458120156758 
12.869999999983344, -0.2818739975406912 
12.87999999998332, -0.2815315208160531 
12.889999999983297, -0.2809961621887189 
12.899999999983274, -0.28021880220782364 
12.90999999998325, -0.2791141241791122 
12.919999999983228, -0.27755457632793756 
12.929999999983204, -0.27538053385631484 
12.939999999983181, -0.2724501490544569 
12.949999999983158, -0.2687415867512149 
12.959999999983134, -0.2644571392196077 
12.969999999983111, -0.2600110091334455 
12.979999999983088, -0.25585800346585846 
12.989999999983064, -0.25230242579510104 
12.999999999983041, -0.24943841896766114 
13.009999999983018, -0.2472104623414874 
13.019999999982995, -0.24549959301372054 
13.029999999982971, -0.24418095845456836 
13.039999999982948, -0.24314932498708677 
13.049999999982925, -0.24232576019136504 
13.059999999982901, -0.24165634469656488 
13.069999999982878, -0.2411087268445496 
13.079999999982855, -0.24066928008941418 
13.089999999982831, -0.24034227234760142 
13.099999999982808, -0.24015197650930964 
13.109999999982785, -0.24014851626025108 
13.119999999982761, -0.2404177745374549 
13.129999999982738, -0.24109296233166325 
13.139999999982715, -0.2423547128503884 
13.149999999982692, -0.244373971637953 
13.159999999982668, -0.2470821953080895 
13.169999999982645, -0.24961971784729844 
13.179999999982622, -0.24973799988279716 
13.189999999982598, -0.24463992828347486 
13.199999999982575, -0.23402164668623548 
13.209999999982552, -0.22120885974669796 
13.219999999982528, -0.20987284001245138 
13.229999999982505, -0.2014696467527007 
13.239999999982482, -0.19575915869062016 
13.249999999982458, -0.19200506920026442 
13.259999999982435, -0.18955220736379436 
13.269999999982412, -0.18794552776560783 
13.279999999982389, -0.18689739254934584 
13.289999999982365, -0.1862348066032819 
13.299999999982342, -0.18585984132184935 
13.309999999982319, -0.18572557767414535 
13.319999999982295, -0.18582399418807624 
13.329999999982272, -0.18618286809081214 
13.339999999982249, -0.1868704896221492 
13.349999999982225, -0.188008512515575 
13.359999999982202, -0.18979390898430643 
13.369999999982179, -0.19252869262393418 
13.379999999982156, -0.19664439689625124 
13.389999999982132, -0.20267351741187337 
13.399999999982109, -0.21105573295552343 
13.409999999982086, -0.22166144318836967 
13.419999999982062, -0.23325959960512668 
13.429999999982039, -0.24377782848949442 
13.439999999982016, -0.25163365441570285 
13.449999999981992, -0.25663962157257353 
13.459999999981969, -0.2595317983365991 
13.469999999981946, -0.26113956477996764 
13.479999999981922, -0.26203354422467323 
13.4899999999819, -0.26253563709607264 
13.499999999981876, -0.26281377255326643 
13.509999999981853, -0.2629542736014608 
13.51999999998183, -0.2630025293029047 
13.529999999981806, -0.26298399236158926 
13.539999999981783, -0.26291551447288264 
13.54999999998176, -0.2628126001354344 
13.559999999981736, -0.26269504207004213 
13.569999999981713, -0.26259126572653124 
13.57999999998169, -0.2625402573659097 
13.589999999981666, -0.26258955364321185 
13.599999999981643, -0.26278862696634564 
13.60999999998162, -0.2631781950361631 
13.619999999981596, -0.2637765941165228 
13.629999999981573, -0.26456569653053597 
13.63999999998155, -0.2654829150820694 
13.649999999981526, -0.2664291312092898 
13.659999999981503, -0.26729569886431387 
13.66999999998148, -0.26799730001513666 
13.679999999981456, -0.2684900365861108 
13.689999999981433, -0.2687671039460767 
13.69999999998141, -0.26884138944089553 
13.709999999981386, -0.2687276164787207 
13.719999999981363, -0.26842967658251665 
13.72999999998134, -0.2679325408432788 
13.739999999981316, -0.2671966068574625 
13.749999999981293, -0.26615447109744284 
13.75999999998127, -0.26471488423729295 
13.769999999981247, -0.26278457940355604 
13.779999999981223, -0.2603182094297963 
13.7899999999812, -0.25738451216206976 
13.799999999981177, -0.2541963238322188 
13.809999999981153, -0.25105156237467907 
13.81999999998113, -0.24821371601421105 
13.829999999981107, -0.24582670311160784 
13.839999999981083, -0.24391160887758195 
13.84999999998106, -0.24241256715717197 
13.859999999981037, -0.24124428098446354 
13.869999999981014, -0.2403216788217827 
13.87999999998099, -0.2395733823847282 
13.889999999980967, -0.23894563090543733 
13.899999999980944, -0.2384016009167476 
13.90999999998092, -0.2379190108813757 
13.919999999980897, -0.2374877009419468 
13.929999999980874, -0.23710810132665658 
13.93999999998085, -0.2367907600010069 
13.949999999980827, -0.23655591905186274 
13.959999999980804, -0.23642917884037518 
13.96999999998078, -0.23642111736313326 
13.979999999980757, -0.23645868045107124 
13.989999999980734, -0.23620256165569903 
13.99999999998071, -0.23469813630576755 
14.009999999980687, -0.23012223325504227 
14.019999999980664, -0.22062260194817385 
14.02999999998064, -0.20660996181136473 
14.039999999980617, -0.19142358222768793 
14.049999999980594, -0.17846018965430882 
14.05999999998057, -0.1689437381631914 
14.069999999980547, -0.16246536599367836 
14.079999999980524, -0.15816804011692454 
14.0899999999805, -0.1553163984906977 
14.099999999980477, -0.15340500791401995 
14.109999999980454, -0.15211527461230037 
14.11999999998043, -0.15125546521208733 
14.129999999980408, -0.15071691377072763 
14.139999999980384, -0.1504479253290023 
14.149999999980361, -0.1504413249002371 
14.159999999980338, -0.15073281549574002 
14.169999999980314, -0.151409768326286 
14.179999999980291, -0.15263263139919248 
14.189999999980268, -0.15467312389693028 
14.199999999980244, -0.15797131450576174 
14.209999999980221, -0.16319390961512387 
14.219999999980198, -0.17120087950320667 
14.229999999980175, -0.182654793788253 
14.239999999980151, -0.1969521148739632 
14.249999999980128, -0.21116428782078872 
14.259999999980105, -0.22140606864387902 
14.269999999980081, -0.22628146305546903 
14.279999999980058, -0.22740794533081193 
14.289999999980035, -0.22693978323348646 
14.299999999980011, -0.22612449048622593 
14.309999999979988, -0.225416489766892 
14.319999999979965, -0.2249054820026112 
14.329999999979941, -0.2245665773858722 
14.339999999979918, -0.22435640892430392 
14.349999999979895, -0.2242408336461627 
14.359999999979872, -0.22419978073819885 
14.369999999979848, -0.2242265711154034 
14.379999999979825, -0.2243272470672888 
14.389999999979802, -0.22452135619733693 
14.399999999979778, -0.2248442404741166 
14.409999999979755, -0.22535019761821434 
14.419999999979732, -0.22611515605116575 
14.429999999979708, -0.2272361903003021 
14.439999999979685, -0.2288225238962227 
14.449999999979662, -0.23096875524396726 
14.459999999979638, -0.2337013084524781 
14.469999999979615, -0.23690800008054516 
14.479999999979592, -0.24030398075650922 
14.489999999979569, -0.24350425232486073 
14.499999999979545, -0.24618567636017277 
14.509999999979522, -0.24820738152165198 
14.519999999979499, -0.2496017443677935 
14.529999999979475, -0.25048728082502525 
14.539999999979452, -0.25099135565577263 
14.549999999979429, -0.2512139365968719 
14.559999999979405, -0.2512205633077428 
14.569999999979382, -0.2510472574262173 
14.579999999979359, -0.25070833452416996 
14.589999999979335, -0.2502050102514558 
14.599999999979312, -0.24953581863337693 
14.609999999979289, -0.24870962949384298 
14.619999999979266, -0.24775860058638227 
14.629999999979242, -0.24674378442864145 
14.639999999979219, -0.24574637740092437 
14.649999999979196, -0.24484661740145772 
14.659999999979172, -0.2441022416743599 
14.669999999979149, -0.2435374077666367 
14.679999999979126, -0.24314341677203247 
14.689999999979102, -0.24288642757670295 
14.69999999997908, -0.24271805971358754 
14.709999999979056, -0.24258672250015928 
14.719999999979033, -0.2424472205797248 
14.72999999997901, -0.2422657906604667 
14.739999999978986, -0.2420194600095539 
14.749999999978963, -0.24169106288741 
14.75999999997894, -0.24126195527229927 
14.769999999978916, -0.24070316103913303 
14.779999999978893, -0.2399635953844664 
14.78999999997887, -0.23895213021176268 
14.799999999978846, -0.2375097798733222 
14.809999999978823, -0.23537379088268526 
14.8199999999788, -0.23215935023797302 
14.829999999978776, -0.22743745424762088 
14.839999999978753, -0.2210093759745096 
14.84999999997873, -0.2132787668401792 
14.859999999978706, -0.20526730004186913 
14.869999999978683, -0.19805859988485364 
14.87999999997866, -0.19224060940893462 
14.889999999978636, -0.18785445276536974 
14.899999999978613, -0.18465481656982846 
14.90999999997859, -0.18233898822851263 
14.919999999978566, -0.180649990055485 
14.929999999978543, -0.17939914344493457 
14.93999999997852, -0.17845812941157785 
14.949999999978496, -0.17774513920877233 
14.959999999978473, -0.1772134800102619 
14.96999999997845, -0.17684463595060562 
14.979999999978427, -0.17664610310119358 
14.989999999978403, -0.17665431976966156 
14.99999999997838, -0.17694340603366893 
15.009999999978357, -0.17764004217972806 
15.019999999978333, -0.17894041014751766 
15.02999999997831, -0.181106609192076 
15.039999999978287, -0.18436336441286777 
15.049999999978263, -0.18850584384559205 
15.05999999997824, -0.1920648043469605 
15.069999999978217, -0.19184075776283369 
15.079999999978194, -0.18510423588631503 
15.08999999997817, -0.17331172882723872 
15.099999999978147, -0.1609381121143471 
15.109999999978124, -0.15103051555730654 
15.1199999999781, -0.1441089458047794 
15.129999999978077, -0.13953671772629245 
15.139999999978054, -0.13655695649019278 
15.14999999997803, -0.13460718706487995 
15.159999999978007, -0.13332616615407247 
15.169999999977984, -0.13249626848164325 
15.17999999997796, -0.13199368473181566 
15.189999999977937, -0.13175707006531406 
15.199999999977914, -0.13177144542449035 
15.20999999997789, -0.1320637410209376 
15.219999999977867, -0.1327086667694277 
15.229999999977844, -0.13384614960522684 
15.23999999997782, -0.1357136659206789 
15.249999999977797, -0.1386959760806967 
15.259999999977774, -0.14338114398803742 
15.26999999997775, -0.15055683721550273 
15.279999999977727, -0.16094527697879177 
15.289999999977704, -0.1743791106118024 
15.29999999997768, -0.18875311291563923 
15.309999999977657, -0.20060814646303085 
15.319999999977634, -0.2079019304732602 
15.32999999997761, -0.2112765836604869 
15.339999999977588, -0.21244616245130796 
15.349999999977564, -0.21269085773089103 
15.359999999977541, -0.2126364388395538 
15.369999999977518, -0.21252199535205357 
15.379999999977494, -0.21242160109810074 
15.389999999977471, -0.21235167784296402 
15.399999999977448, -0.2123131178051172 
15.409999999977424, -0.21230621340078754 
15.419999999977401, -0.2123360987083205 
15.429999999977378, -0.2124156511519685 
15.439999999977355, -0.21256828662350227 
15.449999999977331, -0.2128311767085477 
15.459999999977308, -0.21325839710912367 
15.469999999977285, -0.21392269351682303 
15.479999999977261, -0.21491339058404518 
15.489999999977238, -0.21632573213703132 
15.499999999977215, -0.21823408475333736 
15.509999999977191, -0.22064362860767125 
15.519999999977168, -0.22343431180375156 
15.529999999977145, -0.2263455427831446 
15.539999999977121, -0.22905128042336945 
15.549999999977098, -0.23129431543021545 
15.559999999977075, -0.2329718364844587 
15.569999999977052, -0.23411757237030634 
15.579999999977028, -0.2348298734354309 
15.589999999977005, -0.23521158272731837 
15.599999999976982, -0.23534218585802522 
15.609999999976958, -0.23527229098069186 
15.619999999976935, -0.23502750293758753 
15.629999999976912, -0.2346152069769285 
15.639999999976888, -0.23403312362015144 
15.649999999976865, -0.23328068221210402 
15.659999999976842, -0.2323730466329667 
15.669999999976818, -0.23135319913080105 
15.679999999976795, -0.23029342533249003 
15.689999999976772, -0.22928091191472033 
15.699999999976749, -0.22839373558330317 
15.709999999976725, -0.22768120287293853 
15.719999999976702, -0.22715702000633523 
15.729999999976679, -0.22680332141096274 
15.739999999976655, -0.2265798458884464 
15.749999999976632, -0.2264348899610594 
15.759999999976609, -0.22631635549839216 
15.769999999976585, -0.22618041846981293 
15.779999999976562, -0.225995175810084 
15.789999999976539, -0.22573870236762153 
15.799999999976515, -0.2253931818515833 
15.809999999976492, -0.22493698208380186 
15.819999999976469, -0.2243349648567833 
15.829999999976446, -0.22352531859000724 
15.839999999976422, -0.2223999017739416 
15.849999999976399, -0.2207765696778151 
15.859999999976376, -0.21837272846997804 
15.869999999976352, -0.21482089978139757 
15.879999999976329, -0.20980961161668382 
15.889999999976306, -0.20338329894618226 
15.899999999976282, -0.19617028128807504 
15.90999999997626, -0.1891594840234533 
15.919999999976236, -0.18314773003265444 
15.929999999976213, -0.17843301511279655 
15.93999999997619, -0.17492091588117167 
15.949999999976166, -0.17235916982438065 
15.959999999976143, -0.17049075731975047 
15.96999999997612, -0.16911033313687132 
15.979999999976096, -0.16807066031752385 
15.989999999976073, -0.16727286839361255 
15.99999999997605, -0.16665500752874335 
16.009999999976028, -0.16618338635490398 
16.019999999976005, -0.16584766297208664 
16.02999999997598, -0.1656598137725718 
16.039999999975958, -0.1656570036179258 
16.049999999975935, -0.16590784644504597 
16.05999999997591, -0.16651841638306858 
16.069999999975888, -0.16762250476678398 
16.079999999975865, -0.16930524652196577 
16.08999999997584, -0.1713356978110545 
16.099999999975818, -0.17256759690775722 
16.109999999975795, -0.1704213438248531 
16.11999999997577, -0.16222779090990885 
16.129999999975748, -0.14871812477419302 
16.139999999975725, -0.13422903268533126 
16.1499999999757, -0.12237753723869901 
16.15999999997568, -0.1140226928414569 
16.169999999975655, -0.10849679475155767 
16.17999999997563, -0.1048970391070709 
16.18999999997561, -0.10253503837463854 
16.199999999975585, -0.10096640856129131 
16.20999999997556, -0.09992282053973385 
16.21999999997554, -0.0992498239311724 
16.229999999975515, -0.0988670777511792 
16.239999999975492, -0.09874731607814152 
16.24999999997547, -0.0989093065395745 
16.259999999975445, -0.09942290673895113 
16.269999999975422, -0.10042763620835189 
16.2799999999754, -0.10216916589532696 
16.289999999975375, -0.10505796342861247 
16.299999999975352, -0.10973780851152064 
16.30999999997533, -0.11707565783125509 
16.319999999975305, -0.12777383323575758 
16.329999999975282, -0.14113513697352878 
16.33999999997526, -0.1536421039675905 
16.349999999975235, -0.16067346924809228 
16.359999999975212, -0.16124341183588864 
16.36999999997519, -0.15828339718697276 
16.379999999975166, -0.15472817068746283 
16.389999999975142, -0.1518317520871861 
16.39999999997512, -0.14977391760627404 
16.409999999975096, -0.14838864555558992 
16.419999999975072, -0.14747889852164717 
16.42999999997505, -0.14689752085736246 
16.439999999975026, -0.14655107813851023 
16.449999999975002, -0.1463881248776784 
16.45999999997498, -0.14638925320817778 
16.469999999974956, -0.14656232284418005 
16.479999999974932, -0.1469430512716951 
16.48999999997491, -0.147600980973485 
16.499999999974886, -0.14865122153086005 
16.509999999974863, -0.1502719699953624 
16.51999999997484, -0.1527241520195197 
16.529999999974816, -0.15635657904576697 
16.539999999974793, -0.1615491550943078 
16.54999999997477, -0.16851012237640178 
16.559999999974746, -0.1769056928047821 
16.569999999974723, -0.1856238417604077 
16.5799999999747, -0.1932121745410297 
16.589999999974676, -0.19878763442209413 
16.599999999974653, -0.20238328816200335 
16.60999999997463, -0.20452589519827358 
16.619999999974606, -0.20575613847066188 
16.629999999974583, -0.2064500052849149 
16.63999999997456, -0.2068299774456984 
16.649999999974536, -0.20701956267763855 
16.659999999974513, -0.20708663386043225 
16.66999999997449, -0.2070698564266511 
16.679999999974466, -0.20699408279877454 
16.689999999974443, -0.2068801158010735 
16.69999999997442, -0.20675180929030632 
16.709999999974396, -0.20664129633230224 
16.719999999974373, -0.20659160747950733 
16.72999999997435, -0.20665549482897966 
16.739999999974327, -0.20688993448345633 
16.749999999974303, -0.2073464282626504 
16.75999999997428, -0.20805694043337697 
16.769999999974257, -0.20901599663852943 
16.779999999974233, -0.210164865280806 
16.78999999997421, -0.2113917604985079 
16.799999999974187, -0.21255938039270558 
16.809999999974163, -0.21354950419878088 
16.81999999997414, -0.21429530059173657 
16.829999999974117, -0.21478295271448836 
16.839999999974093, -0.21503113703754795 
16.84999999997407, -0.21506733603555522 
16.859999999974047, -0.2149116261083786 
16.869999999974024, -0.21456857935010465 
16.879999999974, -0.2140245767476668 
16.889999999973977, -0.21324941549783977 
16.899999999973954, -0.21220429099439225 
16.90999999997393, -0.2108601346943404 
16.919999999973907, -0.20922642116979592 
16.929999999973884, -0.2073776249017743 
16.93999999997386, -0.20545250176585253 
16.949999999973837, -0.2036140031921209 
16.959999999973814, -0.20199348766392627 
16.96999999997379, -0.20065760029638863 
16.979999999973767, -0.19961025709156155 
16.989999999973744, -0.198813811939044 
16.99999999997372, -0.19821107790252546 
17.009999999973697, -0.1977410473584539 
17.019999999973674, -0.197348495652459 
17.02999999997365, -0.19698876443574925 
17.039999999973627, -0.19662840326479708 
17.049999999973604, -0.19624245024205056 
17.05999999997358, -0.1958094022335238 
17.069999999973557, -0.19530437625964647 
17.079999999973534, -0.1946894632058906 
17.08999999997351, -0.19389800587938752 
17.099999999973488, -0.1928066652718078 
17.109999999973464, -0.19118776168499557 
17.11999999997344, -0.18864544068392272 
17.129999999973418, -0.18459255614090414 
17.139999999973394, -0.178434994404918 
17.14999999997337, -0.17010704391770318 
17.159999999973348, -0.16056173281669506 
17.169999999973324, -0.1513835219660316 
17.1799999999733, -0.14376187319651315 
17.189999999973278, -0.13802317048700039 
17.199999999973254, -0.1339175525457133 
17.20999999997323, -0.13102904850934355 
17.219999999973208, -0.1289872909282864 
17.229999999973185, -0.12752051291781558 
17.23999999997316, -0.12644554566218938 
17.249999999973138, -0.12564506227893657 
17.259999999973115, -0.12504839160606782 
17.26999999997309, -0.12461888920397157 
17.279999999973068, -0.12434736170545135 
17.289999999973045, -0.12425074400055244 
17.29999999997302, -0.12437544250699306 
17.309999999972998, -0.12480385816698743 
17.319999999972975, -0.12565721130940605 
17.32999999997295, -0.12706833032688597 
17.339999999972928, -0.12904430857046828 
17.349999999972905, -0.13105199715827706 
17.35999999997288, -0.13128066222512294 
17.36999999997286, -0.12661479192962385 
17.379999999972835, -0.1153998598838877 
17.38999999997281, -0.10054452248249282 
17.39999999997279, -0.08684960796862158 
17.409999999972765, -0.07666373982130231 
17.41999999997274, -0.0698318048079647 
17.42999999997272, -0.0654017329514027 
17.439999999972695, -0.06252373372436175 
17.449999999972672, -0.060625282794631405 
17.45999999997265, -0.05935648092339062 
17.469999999972625, -0.05851327024483666 
17.479999999972602, -0.05798387105006646 
17.48999999997258, -0.05771846192814293 
17.499999999972555, -0.05771588662860849 
17.509999999972532, -0.0580236529462191 
17.51999999997251, -0.0587510197178789 
17.529999999972485, -0.06009783603746329 
17.539999999972462, -0.06240091603076507 
17.54999999997244, -0.06618125418849469 
17.559999999972415, -0.07209306391995482 
17.569999999972392, -0.08044866862057048 
17.57999999997237, -0.08983940080471933 
17.589999999972346, -0.09586280554083373 
17.599999999972322, -0.09412036761365858 
17.6099999999723, -0.08590639154533139 
17.619999999972276, -0.0763338885588195 
17.629999999972252, -0.06862076580996573 
17.63999999997223, -0.06328251069606979 
17.649999999972206, -0.059781439761007346 
17.659999999972182, -0.057507403079019595 
17.66999999997216, -0.05602416536484682 
17.679999999972136, -0.05506062671281192 
17.689999999972112, -0.054460459285273786 
17.69999999997209, -0.05414336544023599 
17.709999999972066, -0.054083514140708076 
17.719999999972043, -0.05430231173280512 
17.72999999997202, -0.05487399416782336 
17.739999999971996, -0.05594584054861559 
17.749999999971973, -0.057778300002468475 
17.75999999997195, -0.06081081251441769 
17.769999999971926, -0.0657416546396278 
17.779999999971903, -0.07352365703194459 
17.78999999997188, -0.08493215863842632 
17.799999999971856, -0.09917774581334424 
17.809999999971833, -0.11243336309806448 
17.81999999997181, -0.12000462567776216 
17.829999999971786, -0.12121718436880129 
17.839999999971763, -0.11906356504658984 
17.84999999997174, -0.11626243700694656 
17.859999999971716, -0.11393350133234784 
17.869999999971693, -0.11225616740214654 
17.87999999997167, -0.11111367523357196 
17.889999999971646, -0.1103578954077565 
17.899999999971623, -0.10987785041344636 
17.9099999999716, -0.10960517460616921 
17.919999999971576, -0.1095067573852726 
17.929999999971553, -0.10957891689309754 
17.93999999997153, -0.10984638492854697 
17.949999999971507, -0.11036697765736185 
17.959999999971483, -0.11124295625805088 
17.96999999997146, -0.1126405484303586 
17.979999999971437, -0.11481782794173037 
17.989999999971413, -0.11815266932924598 
17.99999999997139, -0.1231337970080351 
18.009999999971367, -0.13021618381156327 
18.019999999971343, -0.1394078456992703 
18.02999999997132, -0.14972120025945806 
18.039999999971297, -0.15926627069461385 
18.049999999971273, -0.16645472698198108 
18.05999999997125, -0.17099620779696442 
18.069999999971227, -0.17354828349230028 
18.079999999971204, -0.1749018493067122 
18.08999999997118, -0.17560728004897083 
18.099999999971157, -0.17597298771009054 
18.109999999971134, -0.17615741132670296 
18.11999999997111, -0.17624097784571652 
18.129999999971087, -0.1762667357310068 
18.139999999971064, -0.17626141406536472 
18.14999999997104, -0.1762468801835006 
18.159999999971017, -0.17624744807305331 
18.169999999970994, -0.17629536418602895 
18.17999999997097, -0.17643490850719543 
18.189999999970947, -0.17672450234174109 
18.199999999970924, -0.1772357080516544 
18.2099999999709, -0.1780472667993061 
18.219999999970877, -0.17923051611000979 
18.229999999970854, -0.18082137920392566 
18.23999999997083, -0.18278053978229997 
18.249999999970807, -0.18496353350911338 
18.259999999970784, -0.18713994804269 
18.26999999997076, -0.1890741024870415 
18.279999999970737, -0.19061422672530987 
18.289999999970714, -0.19172244478130634 
18.29999999997069, -0.19244148467405345 
18.309999999970668, -0.19284363007861718 
18.319999999970644, -0.1929958284171403 
18.32999999997062, -0.19294550014241196 
18.339999999970598, -0.19271892797615217 
18.349999999970574, -0.1923253105864078 
18.35999999997055, -0.19176396409542146 
18.369999999970528, -0.1910348524036099 
18.379999999970504, -0.1901521566355246 
18.38999999997048, -0.1891567239918041 
18.399999999970458, -0.18811900240531906 
18.409999999970434, -0.1871264059272019 
18.41999999997041, -0.18626002870134184 
18.429999999970388, -0.18557426875667068 
18.439999999970365, -0.18508859659783247 
18.44999999997034, -0.18479004190138143 
18.459999999970318, -0.18464065667515123 
18.469999999970295, -0.1845869996675193 
18.47999999997027, -0.18457111815543087 
18.489999999970248, -0.18454114277555883 
18.499999999970225, -0.18445779657948008 
18.5099999999702, -0.18429450867837147 
18.519999999970178, -0.18403208710352592 
18.529999999970155, -0.18365048965151215 
18.53999999997013, -0.1831192623972892 
18.549999999970108, -0.18238642170055036 
18.559999999970085, -0.1813649031440765 
18.56999999997006, -0.17991826595903998 
18.57999999997004, -0.17785666148086415 
18.589999999970015, -0.17497190929998918 
18.59999999996999, -0.17114817889106768 
18.60999999996997, -0.16652522230639155 
18.619999999969945, -0.16156030580565897 
18.62999999996992, -0.1568463299097779 
18.6399999999699, -0.1528211242553956 
18.649999999969875, -0.14963682084234403 
18.659999999969852, -0.14722914351193034 
18.66999999996983, -0.14544280389999595 
18.679999999969805, -0.14411529554461433 
18.689999999969782, -0.14311099649883646 
18.69999999996976, -0.14232774115469815 
18.709999999969735, -0.14169304689148107 
18.719999999969712, -0.1411578410325972 
18.72999999996969, -0.14069036854431177 
18.739999999969665, -0.14027089779829224 
18.749999999969642, -0.139886807689331 
18.75999999996962, -0.13952631943676216 
18.769999999969595, -0.13916627210721272 
18.779999999969572, -0.1387426952242625 
18.78999999996955, -0.13807964499750067 
18.799999999969526, -0.13673819208369223 
18.809999999969502, -0.1337936940490263 
18.81999999996948, -0.12782786104158922 
18.829999999969456, -0.11783891413793038 
18.839999999969432, -0.10487515410130306 
18.84999999996941, -0.09188838226310264 
18.859999999969386, -0.08129604773910129 
18.869999999969362, -0.07369075213740962 
18.87999999996934, -0.06854420811708012 
18.889999999969316, -0.06511090201615417 
18.899999999969292, -0.06279719216715171 
18.90999999996927, -0.06120565969155656 
18.919999999969246, -0.060087790693049634 
18.929999999969223, -0.05929386049662152 
18.9399999999692, -0.05873843111431058 
18.949999999969176, -0.0583801870012479 
18.959999999969153, -0.058212235064221664 
18.96999999996913, -0.058260133339465156 
18.979999999969106, -0.05858573022861041 
18.989999999969083, -0.05929285571754258 
18.99999999996906, -0.06051964717725211 
19.009999999969036, -0.062364476731865015 
19.019999999969013, -0.06460307573963658 
19.02999999996899, -0.06600211166237348 
19.039999999968966, -0.06366435761394854 
19.049999999968943, -0.05465740646817939 
19.05999999996892, -0.04025614163392849 
19.069999999968896, -0.025600450874208296 
19.079999999968873, -0.01426319619954931 
19.08999999996885, -0.006626036592429449 
19.099999999968826, -0.0017276346976723487 
19.109999999968803, 0.0011909712142644823 
19.11999999996878, 0.00280260389770495 
19.129999999968756, 0.0037329251227182494 
19.139999999968733, 0.0042191038207615396 
19.14999999996871, 0.004393372566550193 
19.159999999968687, 0.004321331341110216 
19.169999999968663, 0.004020816481469384 
19.17999999996864, 0.0034675938266580503 
19.189999999968617, 0.0025912263332568733 
19.199999999968593, 0.0012646157818129197 
19.20999999996857, -0.0005636382267908036 
19.219999999968547, -0.00291995547657129 
19.229999999968523, -0.0060158968674109085 
19.2399999999685, -0.008685709531911317 
19.249999999968477, -0.007719147818182085 
19.259999999968453, 0.00047584117889166235 
19.26999999996843, 0.01429904000790867 
19.279999999968407, 0.028418064629437766 
19.289999999968384, 0.03902107243060099 
19.29999999996836, 0.04585964863404299 
19.309999999968337, 0.05000945416851207 
19.319999999968314, 0.052476409644269736 
19.32999999996829, 0.05392197030957271 
19.339999999968267, 0.054737641211455426 
19.349999999968244, 0.055146855761757416 
19.35999999996822, 0.055272922643934054 
19.369999999968197, 0.05517712679355043 
19.379999999968174, 0.054877935493258756 
19.38999999996815, 0.054359192082223826 
19.399999999968127, 0.053573871853830876 
19.409999999968104, 0.05245561257311156 
19.41999999996808, 0.050973710629387756 
19.429999999968057, 0.04932828660629052 
19.439999999968034, 0.04844670286848948 
19.44999999996801, 0.05060005278980116 
19.459999999967987, 0.05847846893733977 
19.469999999967964, 0.07149372649145358 
19.47999999996794, 0.08502754631319646 
19.489999999967917, 0.09541685986492537 
19.499999999967894, 0.10217718663089381 
19.50999999996787, 0.10627228168017958 
19.519999999967848, 0.10869071123219057 
19.529999999967824, 0.11010045329016885 
19.5399999999678, 0.11090231871265073 
19.549999999967778, 0.11133005525999787 
19.559999999967754, 0.11152061401293352 
19.56999999996773, 0.11155589786121649 
19.579999999967708, 0.11148781772788212 
19.589999999967684, 0.11135657114256495 
19.59999999996766, 0.11121138038375755 
19.609999999967638, 0.11114652949114871 
19.619999999967614, 0.11137254393408906 
19.62999999996759, 0.11233599850138509 
19.639999999967568, 0.11481286443926866 
19.649999999967545, 0.11965222285060968 
19.65999999996752, 0.12686520113447344 
19.669999999967498, 0.13498138224521397 
19.679999999967475, 0.14209106896925996 
19.68999999996745, 0.14727983188208227 
19.699999999967428, 0.15066461426216626 
19.709999999967405, 0.1527319241702616 
19.71999999996738, 0.15393291627408975 
19.729999999967358, 0.15458725842981305 
19.739999999967335, 0.15490420545133943 
19.74999999996731, 0.1550204024330275 
19.759999999967288, 0.15502832751259932 
19.769999999967265, 0.15499487724584252 
19.77999999996724, 0.1549744814702219 
19.78999999996722, 0.15502040304558057 
19.799999999967195, 0.1551962193247119 
19.80999999996717, 0.15558715868236708 
19.81999999996715, 0.15630600646677129 
19.829999999967125, 0.15747896486577403 
19.8399999999671, 0.15919040696798673 
19.84999999996708, 0.16138979311898966 
19.859999999967055, 0.16383464927579647 
19.869999999967032, 0.16616730371774222 
19.87999999996701, 0.16808799931276736 
19.889999999966985, 0.16946316366315056 
19.899999999966962, 0.1703040217606318 
19.90999999996694, 0.17069067048044712 
19.919999999966915, 0.17071682241652641 
19.929999999966892, 0.17047014080858025 
19.93999999996687, 0.17003255638146803 
19.949999999966845, 0.16948368537880987 
19.959999999966822, 0.16889878291315585 
19.9699999999668, 0.16834191352690336 
19.979999999966775, 0.1678602303329753 
19.989999999966752, 0.1674836951345848 
19.99999999996673, 0.16722949593967817 
20.009999999966706, 0.16710724150034317 
20.019999999966682, 0.16712119731502276 
20.02999999996666, 0.1672676645551 
20.039999999966636, 0.16752805271697513 
20.049999999966612, 0.16786137660358288 
20.05999999996659, 0.16820240912999038 
20.069999999966566, 0.16846961667053487 
20.079999999966542, 0.16857923450864926 
20.08999999996652, 0.16845575992358527 
20.099999999966496, 0.16803286450974403 
20.109999999966472, 0.1672492724942789 
20.11999999996645, 0.16605226904710663 
20.129999999966426, 0.16442168001471094 
20.139999999966403, 0.16241375871977284 
20.14999999996638, 0.1601934607647231 
20.159999999966356, 0.15800381062188648 
20.169999999966333, 0.15606852011989028 
20.17999999996631, 0.15450509043417654 
20.189999999966286, 0.1533157868835445 
20.199999999966263, 0.1524362802088866 
20.20999999996624, 0.15178578703984108 
20.219999999966216, 0.15129263999464956 
20.229999999966193, 0.1508992312256688 
20.23999999996617, 0.1505570771849932 
20.249999999966146, 0.15021887811314144 
20.259999999966123, 0.14983027146548936 
20.2699999999661, 0.14932147678334654 
20.279999999966076, 0.14859726941283952 
20.289999999966053, 0.14752243875367854 
20.29999999996603, 0.14590099209058804 
20.309999999966006, 0.14345655633085985 
20.319999999965983, 0.13985015171416731 
20.32999999996596, 0.13482307780257516 
20.339999999965936, 0.12854071479341997 
20.349999999965913, 0.12190257437107348 
20.35999999996589, 0.1161958545452482 
20.369999999965867, 0.11217798339599272 
20.379999999965843, 0.10973346971229758 
20.38999999996582, 0.10833672159298664 
20.399999999965797, 0.10751233510456186 
20.409999999965773, 0.10696245659621988 
20.41999999996575, 0.10652545408789918 
20.429999999965727, 0.10611386749160887 
20.439999999965703, 0.10567198679642073 
20.44999999996568, 0.10515035933256515 
20.459999999965657, 0.10448803767985035 
20.469999999965633, 0.10359495277683986 
20.47999999996561, 0.10232759594768674 
20.489999999965587, 0.10045027552925916 
20.499999999965564, 0.09757508807852708 
20.50999999996554, 0.09309211504982723 
20.519999999965517, 0.0861864602610515 
20.529999999965494, 0.07625330313514715 
20.53999999996547, 0.06405274097634327 
20.549999999965447, 0.05253748645309968 
20.559999999965424, 0.044810911414832 
20.5699999999654, 0.04122620630110921 
20.579999999965377, 0.04013683776381931 
20.589999999965354, 0.04003176948287353 
20.59999999996533, 0.04015368356789145 
20.609999999965307, 0.04022927269795505 
20.619999999965284, 0.040185591187269915 
20.62999999996526, 0.04001144902576682 
20.639999999965237, 0.03970402889981029 
20.649999999965214, 0.039248841722872345 
20.65999999996519, 0.038608851499173036 
20.669999999965167, 0.0377121933701252 
20.679999999965144, 0.03643191312887656 
20.68999999996512, 0.03455065054504862 
20.699999999965097, 0.03170216572907852 
20.709999999965074, 0.027290935416186636 
20.71999999996505, 0.020449202792988747 
20.729999999965028, 0.010282480104383563 
20.739999999965004, -0.0030062903531987103 
20.74999999996498, -0.016567651912629846 
20.759999999964958, -0.026571775619241754 
20.769999999964934, -0.03126651353313589 
20.77999999996491, -0.03224168402578826 
20.789999999964888, -0.03166781687292856 
20.799999999964864, -0.030760362428843453 
20.80999999996484, -0.02995400912509603 
20.819999999964818, -0.029342693026444176 
20.829999999964794, -0.028916451271312583 
20.83999999996477, -0.02864948686773503 
20.849999999964748, -0.028527102736958253 
20.859999999964725, -0.028553669024756912 
20.8699999999647, -0.028757468070026777 
20.879999999964678, -0.02919852938518584 
20.889999999964655, -0.029983125724367295 
20.89999999996463, -0.03128887087375158 
20.909999999964608, -0.03340438111318187 
20.919999999964585, -0.03678050757090646 
20.92999999996456, -0.04205590979870503 
20.939999999964538, -0.04991956647774854 
20.949999999964515, -0.06054407262668782 
20.95999999996449, -0.07263615966842701 
20.969999999964468, -0.08342530295521028 
20.979999999964445, -0.09071605418296844 
20.98999999996442, -0.09450568164565751 
20.9999999999644, -0.09606914269535456 
21.009999999964375, -0.09656304299488663 
21.01999999996435, -0.09663252744078 
21.02999999996433, -0.09656379858200645 
21.039999999964305, -0.09646964999995752 
21.04999999996428, -0.09639314369206514 
21.05999999996426, -0.09635395821754705 
21.069999999964235, -0.09636806396980485 
21.079999999964212, -0.09645718845729492 
21.08999999996419, -0.09665538271255929 
21.099999999964165, -0.09701585184661174 
21.109999999964142, -0.09761951195950111 
21.11999999996412, -0.09858575959766154 
21.129999999964095, -0.10008391312269391 
21.139999999964072, -0.1023373980563433 
21.14999999996405, -0.1055973346713589 
21.159999999964025, -0.11004149926926958 
21.169999999964002, -0.1155721500342258 
21.17999999996398, -0.12162814257438999 
21.189999999963955, -0.12730527448323206 
21.199999999963932, -0.13184785504234145 
21.20999999996391, -0.13502661141688038 
21.219999999963886, -0.13704909378158833 
21.229999999963862, -0.1382604952047333 
21.23999999996384, -0.1389542904451369 
21.249999999963816, -0.1393276323106189 
21.259999999963792, -0.1395000581772755 
21.26999999996377, -0.13954176035471638 
21.279999999963746, -0.13949528041056797 
21.289999999963722, -0.13939011218923636 
21.2999999999637, -0.13925284570541424 
21.309999999963676, -0.1391146547586519 
21.319999999963652, -0.13901641244142904 
21.32999999996363, -0.13901074513819273 
21.339999999963606, -0.13916042657436278 
21.349999999963583, -0.13953303892565566 
21.35999999996356, -0.14019118749702428 
21.369999999963536, -0.1411756975059854 
21.379999999963513, -0.14248033219126208 
21.38999999996349, -0.14402661429121505 
21.399999999963466, -0.145662211764142 
21.409999999963443, -0.1472022950879573 
21.41999999996342, -0.14849590300285032 
21.429999999963396, -0.1494693168975244 
21.439999999963373, -0.15012174090075917 
21.44999999996335, -0.15049240922085075 
21.459999999963326, -0.1506287748839249 
21.469999999963303, -0.15056851409730704 
21.47999999996328, -0.1503336225136306 
21.489999999963256, -0.14993166849930523 
21.499999999963233, -0.14936155940931126 
21.50999999996321, -0.1486234832499032 
21.519999999963186, -0.14773235140009758 
21.529999999963163, -0.14673031549148355 
21.53999999996314, -0.14568971205919423 
21.549999999963116, -0.1447002191140855 
21.559999999963093, -0.1438452857553842 
21.56999999996307, -0.14318171778873182 
21.579999999963047, -0.1427316102075776 
21.589999999963023, -0.14248460718446504 
21.599999999963, -0.14240423036126587 
21.609999999962977, -0.14243572005290067 
21.619999999962953, -0.14251623773949684 
21.62999999996293, -0.14258664142373867 
21.639999999962907, -0.1426005845674871 
21.649999999962883, -0.14252690735304824 
21.65999999996286, -0.14234521032663028 
21.669999999962837, -0.14203755067256854 
21.679999999962813, -0.14157903917637588 
21.68999999996279, -0.14092844012214345 
21.699999999962767, -0.14001931306709364 
21.709999999962744, -0.13875467028929964 
21.71999999996272, -0.13701469680465633 
21.729999999962697, -0.13469470181118753 
21.739999999962674, -0.13178260881750328 
21.74999999996265, -0.12843881274598623 
21.759999999962627, -0.12498896877389223 
21.769999999962604, -0.12179266956715877 
21.77999999996258, -0.11909152475140428 
21.789999999962557, -0.11695846443624265 
21.799999999962534, -0.11534450423543137 
21.80999999996251, -0.11414770912116996 
21.819999999962487, -0.11325914954303865 
21.829999999962464, -0.11258316898452603 
21.83999999996244, -0.11204310419273014 
21.849999999962417, -0.11158075175429513 
21.859999999962394, -0.11115307754831347 
21.86999999996237, -0.11072727758787373 
21.879999999962347, -0.1102744379365858 
21.889999999962324, -0.10976120705650368 
21.8999999999623, -0.10913736179274587 
21.909999999962277, -0.10831477451313305 
21.919999999962254, -0.10713100496546499 
21.92999999996223, -0.10529452093958742 
21.939999999962208, -0.10233876609064027 
21.949999999962184, -0.0976975868006977 
21.95999999996216, -0.09107727376028052 
21.969999999962138, -0.0829966804717074 
21.979999999962114, -0.07476856597788759 
21.98999999996209, -0.06765653190087208 
21.999999999962068, -0.06219347872380589 
22.009999999962044, -0.0582701823143296 
22.01999999996202, -0.055527517308875216 
22.029999999961998, -0.05360987717722919 
22.039999999961974, -0.05224558271925685 
22.04999999996195, -0.05124683109975423 
22.059999999961928, -0.050489202443992166 
22.069999999961905, -0.04989204995319828 
22.07999999996188, -0.04940393373171234 
22.089999999961858, -0.04899218832545911 
22.099999999961835, -0.04863451583115657 
22.10999999996181, -0.04830942471483096 
22.119999999961788, -0.047979343850732895 
22.129999999961765, -0.04755305874007699 
22.13999999996174, -0.0468016703661997 
22.149999999961718, -0.04520030605354856 
22.159999999961695, -0.041760653817842774 
22.16999999996167, -0.03525152025286661 
22.179999999961648, -0.025353482254112263 
22.189999999961625, -0.013791405035744535 
22.1999999999616, -0.0032306556163738966 
22.20999999996158, 0.00455975535403679 
22.219999999961555, 0.009703591706943914 
22.22999999996153, 0.012981109401300654 
22.23999999996151, 0.015015159932158167 
22.249999999961485, 0.01625528900961895 
22.25999999996146, 0.016992038046886197 
22.26999999996144, 0.017406337747132482 
22.279999999961415, 0.017609683700224612 
22.289999999961392, 0.01767055152905754 
22.29999999996137, 0.017631268086437012 
22.309999999961345, 0.017520175514394786 
22.319999999961322, 0.017364272317995907 
22.3299999999613, 0.017210534508065523 
22.339999999961275, 0.017172117501356096 
22.349999999961252, 0.01752755538789678 
22.35999999996123, 0.018889374098042408 
22.369999999961205, 0.022312253198501525 
22.379999999961182, 0.028845157502657974 
22.38999999996116, 0.03823127514020838 
22.399999999961135, 0.0483434658430848 
22.409999999961112, 0.056881017766619676 
22.41999999996109, 0.06298179256572525 
22.429999999961066, 0.06694960233500506 
22.439999999961042, 0.06941110788651905 
22.44999999996102, 0.07089763176135855 
22.459999999960996, 0.07177167563601859 
22.469999999960972, 0.07226381936603021 
22.47999999996095, 0.07251900416554581 
22.489999999960926, 0.0726300034829955 
22.499999999960902, 0.0726594342662432 
22.50999999996088, 0.07265553040978381 
22.519999999960856, 0.07266676373228646 
22.529999999960832, 0.07276088083786383 
22.53999999996081, 0.07305559846817769 
22.549999999960786, 0.0737674762022833 
22.559999999960763, 0.07526703627261004 
22.56999999996074, 0.07806020548447083 
22.579999999960716, 0.08252431672828431 
22.589999999960693, 0.08839789863206102 
22.59999999996067, 0.09462562452445925 
22.609999999960646, 0.10003667584198614 
22.619999999960623, 0.1040701266201626 
22.6299999999606, 0.10678030474367668 
22.639999999960576, 0.1084760526868969 
22.649999999960553, 0.10947089608089293 
22.65999999996053, 0.11000481585272517 
22.669999999960506, 0.11024603128786101 
22.679999999960483, 0.1103110984121282 
22.68999999996046, 0.11028256696734215 
22.699999999960436, 0.11022162311061927 
22.709999999960413, 0.11017796259445078 
22.71999999996039, 0.1101991935962656 
22.729999999960366, 0.1103410826971302 
22.739999999960343, 0.1106785501571484 
22.74999999996032, 0.11131400279651209 
22.759999999960296, 0.11237207565030956 
22.769999999960273, 0.11396069135542794 
22.77999999996025, 0.11608750073703866 
22.789999999960227, 0.11857705706717267 
22.799999999960203, 0.12109248821529686 
22.80999999996018, 0.12328898853781949 
22.819999999960157, 0.1249639604769029 
22.829999999960133, 0.1260819357308642 
22.83999999996011, 0.1267084688883239 
22.849999999960087, 0.12694177600282985 
22.859999999960063, 0.12687885602332466 
22.86999999996004, 0.1266078796387329 
22.879999999960017, 0.1262094935420825 
22.889999999959993, 0.12575658111575522 
22.89999999995997, 0.1253108662240977 
22.909999999959947, 0.12491992976579616 
22.919999999959924, 0.12461793592044194 
22.9299999999599, 0.12442997811723785 
22.939999999959877, 0.12437731284090954 
22.949999999959854, 0.12448015202281207 
22.95999999995983, 0.12475513593134194 
22.969999999959807, 0.12520582243909661 
22.979999999959784, 0.12580811345614168 
22.98999999995976, 0.1264990834604372 
22.999999999959737, 0.1271813083317883 
23.009999999959714, 0.12774595621967283 
23.01999999995969, 0.12810075657806183 
23.029999999959667, 0.1281843899830642 
23.039999999959644, 0.12796369058268225 
23.04999999995962, 0.12742554494031852 
23.059999999959597, 0.12657680178913705 
23.069999999959574, 0.1254557503189763 
23.07999999995955, 0.12414495794965053 
23.089999999959527, 0.1227665296916614 
23.099999999959504, 0.12145097623303355 
23.10999999995948, 0.1202971844357805 
23.119999999959457, 0.11935181522410124 
23.129999999959434, 0.11861640954848285 
23.13999999995941, 0.11806775664821749 
23.149999999959388, 0.11767525121808509 
23.159999999959364, 0.1174090949119319 
23.16999999995934, 0.11724064287325153 
23.179999999959318, 0.11713827602339286 
23.189999999959294, 0.11706204771871158 
23.19999999995927, 0.11695983025467993 
23.209999999959248, 0.11676636399561442 
23.219999999959224, 0.11640412502776856 
23.2299999999592, 0.11578307887501063 
23.239999999959178, 0.11479828250402761 
23.249999999959154, 0.11333137979209626 
23.25999999995913, 0.11127236326917851 
23.269999999959108, 0.10858186349174712 
23.279999999959085, 0.10538562792179204 
23.28999999995906, 0.10201825100538156 
23.299999999959038, 0.098909887828695 
23.309999999959015, 0.09636993995620628 
23.31999999995899, 0.09447388660612602 
23.329999999958968, 0.09312487282359268 
23.339999999958945, 0.0921712456023521 
23.34999999995892, 0.0914785059869091 
23.359999999958898, 0.09094836085296619 
23.369999999958875, 0.09051225835239847 
23.37999999995885, 0.09011863517461692 
23.389999999958828, 0.08972086754094326 
23.399999999958805, 0.08926694744471217 
23.40999999995878, 0.0886899374798866 
23.41999999995876, 0.08789745346022368 
23.429999999958735, 0.08675792958442038 
23.43999999995871, 0.08508281694794609 
23.44999999995869, 0.08261223484125173 
23.459999999958665, 0.07903608909206986 
23.46999999995864, 0.07412306253533021 
23.47999999995862, 0.06801387163109827 
23.489999999958595, 0.06148671222297882 
23.499999999958572, 0.05569616452445468 
23.50999999995855, 0.05140765328270044 
23.519999999958525, 0.04862745715951307 
23.529999999958502, 0.046931340678642415 
23.53999999995848, 0.04588000418512313 
23.549999999958455, 0.04517368406043988 
23.559999999958432, 0.04463900930576304 
23.56999999995841, 0.04417935516904982 
23.579999999958385, 0.04373605055583209 
23.589999999958362, 0.043264183833151226 
23.59999999995834, 0.042717012435965575 
23.609999999958315, 0.04203347119548059 
23.619999999958292, 0.04112471284692513 
23.62999999995827, 0.03985617635698649 
23.639999999958246, 0.038022391591233565 
23.649999999958222, 0.035317045729048105 
23.6599999999582, 0.03132267041176027 
23.669999999958176, 0.025600730215688716 
23.679999999958152, 0.018022778034152302 
23.68999999995813, 0.009304578373286234 
23.699999999958106, 0.0010674138749874314 
23.709999999958082, -0.004830521959480685 
23.71999999995806, -0.008370784972644233 
23.729999999958036, -0.010201618404531758 
23.739999999958012, -0.011042086808005966 
23.74999999995799, -0.011384848911581306 
23.759999999957966, -0.011498010462334885 
23.769999999957943, -0.011515357118686783 
23.77999999995792, -0.011505201144403404 
23.789999999957896, -0.011508873720630825 
23.799999999957873, -0.011561226434557117 
23.80999999995785, -0.011703184360236709 
23.819999999957826, -0.011992148607523529 
23.829999999957803, -0.012513694500587012 
23.83999999995778, -0.013397052995303627 
23.849999999957756, -0.01483557628288842 
23.859999999957733, -0.017107549581698887 
23.86999999995771, -0.02057296814432493 
23.879999999957686, -0.025578900548126317 
23.889999999957663, -0.03217819312755082 
23.89999999995764, -0.03973341400679796 
23.909999999957616, -0.046918837443549036 
23.919999999957593, -0.052510019870867376 
23.92999999995757, -0.05615645308286069 
23.939999999957546, -0.05824988898740169 
23.949999999957523, -0.059360224970422516 
23.9599999999575, -0.059919690236240206 
23.969999999957476, -0.060186503497002344 
23.979999999957453, -0.0603011167985528 
23.98999999995743, -0.06033979804822661 
23.999999999957407, -0.060348215777347294 
24.009999999957383, -0.060360642441095604 
24.01999999995736, -0.06041169795721363 
24.029999999957337, -0.06054491946629011 
24.039999999957313, -0.060820343501524585 
24.04999999995729, -0.0613221097858201 
24.059999999957267, -0.06216613528085592 
24.069999999957243, -0.0635053508186473 
24.07999999995722, -0.06552272171404452 
24.089999999957197, -0.06838899971133063 
24.099999999957173, -0.07215645389652739 
24.10999999995715, -0.07660741327850859 
24.119999999957127, -0.08120030199887864 
24.129999999957104, -0.08527945604534139 
24.13999999995708, -0.08842347034465699 
24.149999999957057, -0.09058437366553135 
24.159999999957034, -0.09195128317626353 
24.16999999995701, -0.09276277046682697 
24.179999999956987, -0.09321096480596369 
24.189999999956964, -0.09342509530303059 
24.19999999995694, -0.0934857940138376 
24.209999999956917, -0.09344333557226372 
24.219999999956894, -0.09333227352023002 
24.22999999995687, -0.09318235049062547 
24.239999999956847, -0.09302673832208079 
24.249999999956824, -0.09290786088873143 
24.2599999999568, -0.09288029921790383 
24.269999999956777, -0.09301042542185446 
24.279999999956754, -0.09337290874791909 
24.28999999995673, -0.09404329136437621 
24.299999999956707, -0.09508282070681867 
24.309999999956684, -0.09651056324562728 
24.31999999995666, -0.09826697153323255 
24.329999999956637, -0.1001947675310733 
24.339999999956614, -0.10207246031624768 
24.34999999995659, -0.10369688877320271 
24.359999999956568, -0.10495462753691176 
24.369999999956544, -0.10583175865090702 
24.37999999995652, -0.1063755071482652 
24.389999999956498, -0.10665057137448941 
24.399999999956474, -0.10671327153077818 
24.40999999995645, -0.10660308849333033 
24.419999999956428, -0.10634407711154828 
24.429999999956404, -0.10595094636402477 
24.43999999995638, -0.10543770184072823 
24.449999999956358, -0.10482747642713112 
24.459999999956334, -0.10416055696328681 
24.46999999995631, -0.10349594805451172 
24.479999999956288, -0.10290372247585573 
24.489999999956265, -0.10245125091189533 
24.49999999995624, -0.10219032673884657 
24.509999999956218, -0.1021492809697325 
24.519999999956195, -0.10232849444414929 
24.52999999995617, -0.1026969149446989 
24.539999999956148, -0.10319215249289773 
24.549999999956125, -0.10373021404951326 
24.5599999999561, -0.10422560662262262 
24.569999999956078, -0.10461211191871167 
24.579999999956055, -0.10485219689281655 
24.58999999995603, -0.10493233085227145 
24.599999999956008, -0.10485084153442956 
24.609999999955985, -0.10460591703024065 
24.61999999995596, -0.10418741396021539 
24.62999999995594, -0.10357334816843697 
24.639999999955915, -0.10273217140020999 
24.64999999995589, -0.10163360111138423 
24.65999999995587, -0.10027015821268241 
24.669999999955845, -0.09868391005879981 
24.67999999995582, -0.09697975371343771 
24.6899999999558, -0.09530514890178848 
24.699999999955775, -0.09380169904766793 
24.709999999955752, -0.09256196787805074 
24.71999999995573, -0.09161703105172929 
24.729999999955705, -0.0909495155081384 
24.739999999955682, -0.09051301747369327 
24.74999999995566, -0.0902469306710653 
24.759999999955635, -0.09008650386560783 
24.769999999955612, -0.08997083165762368 
24.77999999995559, -0.08984892666576177 
24.789999999955565, -0.08968197173933587 
24.799999999955542, -0.08944077189380098 
24.80999999995552, -0.0890994067376229 
24.819999999955495, -0.08862672905990676 
24.829999999955472, -0.08797667760380656 
24.83999999995545, -0.0870781295587799 
24.849999999955426, -0.08582742149366117 
24.859999999955402, -0.08409374412193744 
24.86999999995538, -0.08175713043240859 
24.879999999955356, -0.07879274855355864 
24.889999999955332, -0.07536381495549777 
24.89999999995531, -0.071819884269066 
24.909999999955286, -0.06855109520694447 
24.919999999955262, -0.06581605711068332 
24.92999999995524, -0.06368675964249304 
24.939999999955216, -0.06210437415918966 
24.949999999955192, -0.06095683291659222 
24.95999999995517, -0.06012768846475901 
24.969999999955146, -0.0595157521132873 
24.979999999955123, -0.059039564959669485 
24.9899999999551, -0.058636242988814 
24.999999999955076, -0.05825809835137652 
