t, s[1].omega / s[0].omega 
0, -1.2799968794611531 
0.009999999999999995, -1.2795249646715927 
0.019999999999999934, -1.2791085521768608 
0.029999999999999874, -1.2783545420520965 
0.04000000000000012, -1.2747035881292281 
0.050000000000000405, -1.2743063660343497 
0.06000000000000069, -1.2720517071926027 
0.07000000000000098, -1.2860475384369074 
0.08000000000000126, -1.286267917018862 
0.09000000000000155, -1.2865006972120903 
0.10000000000000184, -1.286869508346889 
0.11000000000000212, -1.2865605437838334 
0.12000000000000241, -1.28629814325718 
0.130000000000002, -1.2858107932159477 
0.1400000000000009, -1.2847949300261563 
0.1499999999999998, -1.2844242521542242 
0.1599999999999987, -1.2792381793555674 
0.1699999999999976, -1.2706605654694336 
0.1799999999999965, -1.2704994447982993 
0.1899999999999954, -1.273129620279254 
0.1999999999999943, -1.2756731142054585 
0.2099999999999932, -1.2754190124187739 
0.2199999999999921, -1.275429139639458 
0.229999999999991, -1.2752039465242806 
0.2399999999999899, -1.2747452172335747 
0.2499999999999888, -1.2744200697873551 
0.2599999999999877, -1.273084526023776 
0.2699999999999866, -1.2713574213289478 
0.2799999999999855, -1.2709047765631774 
0.2899999999999844, -1.2647429274237763 
0.2999999999999833, -1.2714579877871506 
0.3099999999999822, -1.271150652592644 
0.3199999999999811, -1.2726210731222458 
0.32999999999998, -1.2728673533623158 
0.3399999999999789, -1.2725812528795755 
0.3499999999999778, -1.2724014230209637 
0.35999999999997667, -1.2719131589771875 
0.36999999999997557, -1.2713494061561343 
0.37999999999997447, -1.270848596869787 
0.38999999999997337, -1.2661165020068952 
0.39999999999997227, -1.2646807498569839 
0.40999999999997117, -1.2637584925106333 
0.41999999999997006, -1.2755963719863994 
0.42999999999996896, -1.2771765449755832 
0.43999999999996786, -1.277060364055601 
0.44999999999996676, -1.2774885307739328 
0.45999999999996566, -1.2772667957914097 
0.46999999999996456, -1.2769534174644348 
0.47999999999996346, -1.2765908148928156 
0.48999999999996235, -1.2756060238617661 
0.49999999999996125, -1.2750475816596425 
0.5099999999999602, -1.2734275825556267 
0.519999999999959, -1.2605092879464386 
0.529999999999958, -1.260958832581907 
0.5399999999999568, -1.261309832277555 
0.5499999999999557, -1.2663523626514466 
0.5599999999999546, -1.2663474399576418 
0.5699999999999535, -1.266290222996743 
0.5799999999999524, -1.2662306149148241 
0.5899999999999513, -1.265834458618817 
0.5999999999999502, -1.2655080661462434 
0.6099999999999491, -1.2648439448288002 
0.619999999999948, -1.2630676149704907 
0.6299999999999469, -1.2627107717944823 
0.6399999999999458, -1.2570354737781795 
0.6499999999999447, -1.2516746483573722 
0.6599999999999436, -1.251697023651112 
0.6699999999999425, -1.2530330448795377 
0.6799999999999414, -1.2549540457124588 
0.6899999999999403, -1.2547288904048675 
0.6999999999999392, -1.254673175590942 
0.7099999999999381, -1.2544665550083216 
0.719999999999937, -1.2540030271545024 
0.7299999999999359, -1.2536882926213704 
0.7399999999999348, -1.252666474611473 
0.7499999999999337, -1.2507329294294856 
0.7599999999999326, -1.250419909857764 
0.7699999999999315, -1.2404864071898283 
0.7799999999999304, -1.2422423533621854 
0.7899999999999293, -1.242014727197138 
0.7999999999999282, -1.2440268435588124 
0.8099999999999271, -1.2453313279691258 
0.819999999999926, -1.2450725364315431 
0.8299999999999249, -1.2450583095787813 
0.8399999999999238, -1.244822682667925 
0.8499999999999227, -1.2443790787615006 
0.8599999999999216, -1.2440743099535696 
0.8699999999999205, -1.2429863674544488 
0.8799999999999194, -1.2415383597817038 
0.8899999999999183, -1.2411402401740241 
0.8999999999999172, -1.2278088552684425 
0.9099999999999161, -1.2271336238598702 
0.919999999999915, -1.226777849501435 
0.9299999999999139, -1.2306423318927415 
0.9399999999999128, -1.2323253249419293 
0.9499999999999117, -1.2320821838633236 
0.9599999999999106, -1.2322467785466744 
0.9699999999999095, -1.23209241734313 
0.9799999999999084, -1.2317292082372038 
0.9899999999999073, -1.2314619432883014 
0.9999999999999062, -1.2307232606329985 
1.0099999999999052, -1.2298612396951742 
1.019999999999904, -1.2294303868186285 
1.029999999999903, -1.2219618694812366 
1.039999999999902, -1.2188922261831212 
1.0499999999999008, -1.2183687755144341 
1.0599999999998997, -1.2276905818005266 
1.0699999999998986, -1.2315991893467109 
1.0799999999998975, -1.2313607604094183 
1.0899999999998964, -1.23211405074051 
1.0999999999998953, -1.2321587347658425 
1.1099999999998942, -1.2318705716985285 
1.119999999999893, -1.2316845940344858 
1.129999999999892, -1.2312106680975365 
1.1399999999998909, -1.2306557424372964 
1.1499999999998898, -1.2302465343890303 
1.1599999999998887, -1.2273568150820295 
1.1699999999998876, -1.2256954409770002 
1.1799999999998865, -1.224979602639336 
1.1899999999998854, -1.2244531287337215 
1.1999999999998843, -1.2289089211136812 
1.2099999999998832, -1.228627701493591 
1.219999999999882, -1.230880393443912 
1.229999999999881, -1.2312287389064325 
1.2399999999998799, -1.2310039169750735 
1.2499999999998788, -1.2309620245347612 
1.2599999999998777, -1.2306376514183255 
1.2699999999998766, -1.2302330816790417 
1.2799999999998755, -1.229872230177112 
1.2899999999998744, -1.2285334789225537 
1.2999999999998733, -1.2276206697203422 
1.3099999999998722, -1.226826043982106 
1.319999999999871, -1.2115279558998941 
1.32999999999987, -1.2120774532165843 
1.3399999999998689, -1.2115322400506798 
1.3499999999998678, -1.2190797907550368 
1.3599999999998666, -1.220189564223423 
1.3699999999998655, -1.2200433647531725 
1.3799999999998644, -1.2204548790234093 
1.3899999999998633, -1.220311609463826 
1.3999999999998622, -1.2200257686577223 
1.4099999999998611, -1.2197853777804442 
1.41999999999986, -1.21919775961534 
1.429999999999859, -1.2186615715103306 
1.4399999999998578, -1.2181216701969224 
1.4499999999998567, -1.2142332347857807 
1.4599999999998556, -1.2130930789859102 
1.4699999999998545, -1.2119928954579031 
1.4799999999998534, -1.2143185652663235 
1.4899999999998523, -1.2169493395548414 
1.4999999999998512, -1.216777093464863 
1.5099999999998501, -1.2193779833441525 
1.519999999999849, -1.2196209831338571 
1.529999999999848, -1.219441437048729 
1.5399999999998468, -1.2194411847538829 
1.5499999999998457, -1.2191352432726372 
1.5599999999998446, -1.2187798834071728 
1.5699999999998435, -1.2184267340531496 
1.5799999999998424, -1.2173605868451838 
1.5899999999998413, -1.2166716053928923 
1.5999999999998402, -1.2158247343702426 
1.6099999999998391, -1.2048941889573133 
1.619999999999838, -1.2045017647354006 
1.629999999999837, -1.2036115109753238 
1.6399999999998358, -1.2161619159645964 
1.6499999999998347, -1.2176063230449037 
1.6599999999998336, -1.2175296878131394 
1.6699999999998325, -1.218441831074433 
1.6799999999998314, -1.218383938714203 
1.6899999999998303, -1.218153077857822 
1.6999999999998292, -1.2179814276361538 
1.709999999999828, -1.2175302204807081 
1.719999999999827, -1.2170999672897695 
1.729999999999826, -1.2166203646378366 
1.7399999999998248, -1.2144888285559579 
1.7499999999998237, -1.2136585569095228 
1.7599999999998226, -1.2124151129397416 
1.7699999999998215, -1.1978119232037727 
1.7799999999998204, -1.199180312295135 
1.7899999999998193, -1.198814497902954 
1.7999999999998182, -1.2054618437360674 
1.809999999999817, -1.2061201858123476 
1.819999999999816, -1.2060250458585497 
1.8299999999998149, -1.2064096788934604 
1.8399999999998138, -1.2062462072672149 
1.8499999999998127, -1.2059815790762218 
1.8599999999998116, -1.2057508385291755 
1.8699999999998105, -1.2052034382154153 
1.8799999999998094, -1.2047232250139268 
1.8899999999998083, -1.2042013624915655 
1.8999999999998072, -1.2013483181423332 
1.909999999999806, -1.2003960620074057 
1.919999999999805, -1.1992362739884956 
1.9299999999998039, -1.1871429738080155 
1.9399999999998028, -1.1890508679389866 
1.9499999999998017, -1.188678704376963 
1.9599999999998006, -1.1947491942167714 
1.9699999999997995, -1.195538659117229 
1.9799999999997984, -1.1954138466734385 
1.9899999999997973, -1.1958392619645692 
1.9999999999997962, -1.1957181556024092 
2.0099999999998173, -1.1954552129524958 
2.0199999999998384, -1.1952587121066596 
2.0299999999998595, -1.1947794307952095 
2.0399999999998806, -1.194304692205124 
2.0499999999999017, -1.1938871995997493 
2.059999999999923, -1.19187872173395 
2.069999999999944, -1.1908055910855477 
2.079999999999965, -1.1900315975819262 
2.089999999999986, -1.1739929263606816 
2.100000000000007, -1.1744740216983975 
2.1100000000000283, -1.1738845884490445 
2.1200000000000494, -1.1835335359281787 
2.1300000000000705, -1.1857909987853879 
2.1400000000000916, -1.1855987018432517 
2.1500000000001127, -1.1866087349902767 
2.160000000000134, -1.186742166310762 
2.170000000000155, -1.1865053378168582 
2.180000000000176, -1.1864369828030552 
2.190000000000197, -1.1861346543461135 
2.2000000000002182, -1.185735969366909 
2.2100000000002393, -1.185446411492313 
2.2200000000002604, -1.1845450228536694 
2.2300000000002815, -1.183661031910123 
2.2400000000003026, -1.1832374345748835 
2.2500000000003237, -1.1773230656849105 
2.260000000000345, -1.1744137097178433 
2.270000000000366, -1.173917975088427 
2.280000000000387, -1.1765448321460061 
2.290000000000408, -1.1839458887859442 
2.3000000000004293, -1.1836354165499625 
2.3100000000004504, -1.1862837226082796 
2.3200000000004715, -1.1873822343239453 
2.3300000000004926, -1.1871516679517966 
2.3400000000005137, -1.1873425410087894 
2.3500000000005348, -1.1872541384020054 
2.360000000000556, -1.1869321373081687 
2.370000000000577, -1.1867278277270517 
2.380000000000598, -1.1862544082332893 
2.390000000000619, -1.1856196630409448 
2.4000000000006403, -1.1853055863846624 
2.4100000000006614, -1.183492542618835 
2.4200000000006825, -1.1813119954523348 
2.4300000000007036, -1.180984351040757 
2.4400000000007247, -1.1689732092165466 
2.450000000000746, -1.1655651814734822 
2.460000000000767, -1.1653164642310123 
2.470000000000788, -1.1703508988045612 
2.480000000000809, -1.176307729575018 
2.49000000000083, -1.176104425034502 
2.5000000000008513, -1.176867871114398 
2.5100000000008724, -1.177375281598239 
2.5200000000008935, -1.1771271395089908 
2.5300000000009146, -1.1770767484512672 
2.5400000000009357, -1.1768919267112483 
2.550000000000957, -1.1764970812299127 
2.560000000000978, -1.1762424528753217 
2.570000000000999, -1.1756804844822788 
2.58000000000102, -1.1747206461986093 
2.5900000000010412, -1.1744062394482593 
2.6000000000010624, -1.1723728245080047 
2.6100000000010835, -1.16778645424731 
2.6200000000011046, -1.1676151476240884 
2.6300000000011257, -1.1614891416897803 
2.6400000000011468, -1.1619717538726493 
2.650000000001168, -1.1620675942809413 
2.660000000001189, -1.163683513119283 
2.67000000000121, -1.1694288255258656 
2.680000000001231, -1.169403004051508 
2.6900000000012523, -1.169689089966855 
2.7000000000012734, -1.1701999975417179 
2.7100000000012945, -1.1699928446456993 
2.7200000000013156, -1.1698627710577603 
2.7300000000013367, -1.1697022787448588 
2.740000000001358, -1.1693037309916197 
2.750000000001379, -1.1690046132411929 
2.7600000000014, -1.1685544549211038 
2.770000000001421, -1.1675117943278277 
2.780000000001442, -1.1670754028549117 
2.7900000000014633, -1.1659645901067275 
2.8000000000014844, -1.1603226823868793 
2.8100000000015055, -1.1599626663530391 
2.8200000000015266, -1.1577362677207206 
2.8300000000015477, -1.1521236810277844 
2.840000000001569, -1.1532316740833768 
2.85000000000159, -1.1530451767827148 
2.860000000001611, -1.1610164614238243 
2.870000000001632, -1.1616675843341149 
2.8800000000016532, -1.1616594116653087 
2.8900000000016743, -1.162558425619154 
2.9000000000016954, -1.16254232289964 
2.9100000000017165, -1.1623622180103763 
2.9200000000017377, -1.1623169046430757 
2.9300000000017588, -1.1620231375420305 
2.94000000000178, -1.1616929003870102 
2.950000000001801, -1.161415533761218 
2.960000000001822, -1.1607078757951463 
2.970000000001843, -1.1601089739914867 
2.9800000000018643, -1.1596671295595844 
2.9900000000018854, -1.1567543285735806 
3.0000000000019065, -1.1553065059485446 
3.0100000000019276, -1.154689423811504 
3.0200000000019487, -1.1387143610572947 
3.03000000000197, -1.1382959020551864 
3.040000000001991, -1.137799396132998 
3.050000000002012, -1.1478269991835546 
3.060000000002033, -1.15320485657382 
3.070000000002054, -1.1529361502571476 
3.0800000000020753, -1.1548944552841311 
3.0900000000020964, -1.1557727391860506 
3.1000000000021175, -1.1555488235637565 
3.1100000000021386, -1.1557579650598204 
3.1200000000021597, -1.1557306166766554 
3.130000000002181, -1.1554354235947888 
3.140000000002202, -1.155278600565174 
3.150000000002223, -1.1549380637760414 
3.160000000002244, -1.1544342410197002 
3.1700000000022652, -1.1541623296997179 
3.1800000000022863, -1.1533278778819103 
3.1900000000023074, -1.1520249836400371 
3.2000000000023285, -1.15173657200868 
3.2100000000023496, -1.1486633589696629 
3.2200000000023707, -1.1429320579272637 
3.230000000002392, -1.1427885987624689 
3.240000000002413, -1.1365384672471857 
3.250000000002434, -1.1383580825043556 
3.260000000002455, -1.1384450802614199 
3.2700000000024763, -1.1401178467103703 
3.2800000000024974, -1.1478323057078326 
3.2900000000025185, -1.1478756181135172 
3.3000000000025396, -1.148303271667755 
3.3100000000025607, -1.149304241760934 
3.3200000000025818, -1.1491720805254042 
3.330000000002603, -1.149118642353841 
3.340000000002624, -1.1491209833889815 
3.350000000002645, -1.1488339335952789 
3.360000000002666, -1.1485925574831417 
3.3700000000026873, -1.1483190373968852 
3.3800000000027084, -1.14775352700912 
3.3900000000027295, -1.147361123296041 
3.4000000000027506, -1.1468520617315565 
3.4100000000027717, -1.1451383966428441 
3.420000000002793, -1.1444935195315977 
3.430000000002814, -1.1435607188187193 
3.440000000002835, -1.1344117581789421 
3.450000000002856, -1.133672297245853 
3.460000000002877, -1.132587960269714 
3.4700000000028983, -1.1307910920653192 
3.4800000000029194, -1.1337250583060872 
3.4900000000029405, -1.1332803600581474 
3.5000000000029616, -1.1408326513956402 
3.5100000000029827, -1.1426678884401222 
3.520000000003004, -1.1424758890070854 
3.530000000003025, -1.1436729246871182 
3.540000000003046, -1.143980306723595 
3.550000000003067, -1.1437659735055608 
3.5600000000030882, -1.1438530796571729 
3.5700000000031094, -1.1437128760955695 
3.5800000000031305, -1.1434034261129307 
3.5900000000031516, -1.1432228056991434 
3.6000000000031727, -1.142815371519839 
3.6100000000031938, -1.1422833070975877 
3.620000000003215, -1.1420097327783323 
3.630000000003236, -1.1410329547124565 
3.640000000003257, -1.1397287399940677 
3.650000000003278, -1.1394421893781987 
3.6600000000032993, -1.1359591788830674 
3.6700000000033204, -1.130906044907276 
3.6800000000033415, -1.130724656470595 
3.6900000000033626, -1.1227530506284285 
3.7000000000033837, -1.120175808283939 
3.710000000003405, -1.1201903236858737 
3.720000000003426, -1.1220798599919426 
3.730000000003447, -1.1334716387311137 
3.740000000003468, -1.1335399323948083 
3.750000000003489, -1.134274994794911 
3.7600000000035103, -1.1361904453186351 
3.7700000000035314, -1.1361249287096002 
3.7800000000035525, -1.1361880410049365 
3.7900000000035736, -1.1364255664501497 
3.8000000000035947, -1.1362177833614828 
3.810000000003616, -1.136045573580507 
3.820000000003637, -1.1358911570247725 
3.830000000003658, -1.1355125378705098 
3.840000000003679, -1.135197096307504 
3.8500000000037002, -1.1348599735050542 
3.8600000000037213, -1.1340517616465702 
3.8700000000037424, -1.1335392489155456 
3.8800000000037635, -1.1330040296113966 
3.8900000000037847, -1.1302940896236455 
3.9000000000038058, -1.1293149743178077 
3.910000000003827, -1.1285538487722353 
3.920000000003848, -1.1157257786777597 
3.930000000003869, -1.1144668263182709 
3.94000000000389, -1.1137955635996022 
3.9500000000039113, -1.1157545436619658 
3.9600000000039324, -1.121231211921728 
3.9700000000039535, -1.120852133871543 
3.9800000000039746, -1.1269798863453642 
3.9900000000039957, -1.1300109342006064 
4.000000000004016, -1.1297802132770867 
4.010000000003993, -1.1309528820283112 
4.02000000000397, -1.1315675775826557 
4.030000000003946, -1.1313444477092842 
4.040000000003923, -1.131483202134868 
4.0500000000039, -1.131464546599066 
4.0600000000038765, -1.131175846159563 
4.070000000003853, -1.1310305966138592 
4.08000000000383, -1.1307507998728852 
4.090000000003807, -1.1302949562020603 
4.100000000003783, -1.1300361389999938 
4.11000000000376, -1.1294742894910326 
4.120000000003737, -1.1284891269417605 
4.130000000003713, -1.1281708225490303 
4.14000000000369, -1.126938941944737 
4.150000000003667, -1.1236070892252181 
4.1600000000036434, -1.1233209658064587 
4.17000000000362, -1.120546468033365 
4.180000000003597, -1.1071433414827578 
4.1900000000035735, -1.1073270940518078 
4.20000000000355, -1.1052868850066866 
4.210000000003527, -1.1141190764920206 
4.220000000003504, -1.1152884164313859 
4.23000000000348, -1.115099756533874 
4.240000000003457, -1.1235380546677614 
4.250000000003434, -1.1244414331414023 
4.26000000000341, -1.1243980371694133 
4.270000000003387, -1.1259707454180523 
4.280000000003364, -1.126200282453115 
4.2900000000033405, -1.1260498928990557 
4.300000000003317, -1.126274174962022 
4.310000000003294, -1.1261724893728147 
4.320000000003271, -1.1259212158882064 
4.330000000003247, -1.1258040936272828 
4.340000000003224, -1.1254902755586325 
4.350000000003201, -1.1250984040288043 
4.360000000003177, -1.1248587990472014 
4.370000000003154, -1.1242265985803435 
4.380000000003131, -1.1234992643358876 
4.390000000003107, -1.1232107681301904 
4.400000000003084, -1.1216375745900955 
4.410000000003061, -1.1197354801438146 
4.4200000000030375, -1.1194664379790804 
4.430000000003014, -1.1143527384828917 
4.440000000002991, -1.1075422993124415 
4.450000000002968, -1.1074029636416582 
4.460000000002944, -1.1004736021620658 
4.470000000002921, -1.0999195601277156 
4.480000000002898, -1.1000047047680062 
4.490000000002874, -1.1010531855963275 
4.500000000002851, -1.114710200982455 
4.510000000002828, -1.114927437314535 
4.520000000002804, -1.115611719637957 
4.530000000002781, -1.1187431695871097 
4.540000000002758, -1.1188291129765544 
4.5500000000027345, -1.1189306213170145 
4.560000000002711, -1.1195348340300855 
4.570000000002688, -1.1194421175604963 
4.580000000002665, -1.1193125226285279 
4.590000000002641, -1.119316204090151 
4.600000000002618, -1.119070793004722 
4.610000000002595, -1.1188076602819028 
4.620000000002571, -1.1186079454595743 
4.630000000002548, -1.1181592363476505 
4.640000000002525, -1.1177376776115273 
4.6500000000025015, -1.1174345772213128 
4.660000000002478, -1.1164920926306043 
4.670000000002455, -1.1157153578553707 
4.6800000000024315, -1.1153498697914266 
4.690000000002408, -1.1126464604667379 
4.700000000002385, -1.1107120883650812 
4.710000000002362, -1.1103495347292849 
4.720000000002338, -1.1010052566681574 
4.730000000002315, -1.095608498544767 
4.740000000002292, -1.0953509710714058 
4.750000000002268, -1.0882688908187221 
4.760000000002245, -1.0935960958483104 
4.770000000002222, -1.0934891614780182 
4.7800000000021985, -1.0966638790421745 
4.790000000002175, -1.1079727953064833 
4.800000000002152, -1.1079677783722106 
4.810000000002129, -1.1091396363510984 
4.820000000002105, -1.1120103192514905 
4.830000000002082, -1.111977827504637 
4.840000000002059, -1.1122154744932926 
4.850000000002035, -1.112842954356861 
4.860000000002012, -1.1127145834901149 
4.870000000001989, -1.1126392556734122 
4.880000000001965, -1.1126702573817981 
4.890000000001942, -1.112427772514428 
4.900000000001919, -1.1122031025537786 
4.9100000000018955, -1.1120181235021127 
4.920000000001872, -1.1116084941934903 
4.930000000001849, -1.1112487168802043 
4.940000000001826, -1.1109482610025403 
4.950000000001802, -1.1101597381798942 
4.960000000001779, -1.1095560802699758 
4.970000000001756, -1.1091749846300054 
4.980000000001732, -1.1071895312272737 
4.990000000001709, -1.1059058505778612 
5.000000000001686, -1.1054954820592353 
5.0100000000016625, -1.09905157684606 
5.020000000001639, -1.0955591475096746 
5.030000000001616, -1.0952205404964728 
5.0400000000015925, -1.0822889690234507 
5.050000000001569, -1.0788295129194163 
5.060000000001546, -1.0786426221617302 
5.070000000001523, -1.0791654965831226 
5.080000000001499, -1.0930286775041105 
5.090000000001476, -1.0929960761995627 
5.100000000001453, -1.095272801991373 
5.110000000001429, -1.1026885000814186 
5.120000000001406, -1.102726012170932 
5.130000000001383, -1.1033949974152462 
5.1400000000013595, -1.1052927978237623 
5.150000000001336, -1.105271765077515 
5.160000000001313, -1.1053644868083028 
5.17000000000129, -1.1057981494257947 
5.180000000001266, -1.1056698547630104 
5.190000000001243, -1.1055429978953868 
5.20000000000122, -1.105531566456514 
5.210000000001196, -1.1052837017289343 
5.220000000001173, -1.1050300052539854 
5.23000000000115, -1.1048430039698074 
5.240000000001126, -1.1044252895684932 
5.250000000001103, -1.1040299701598053 
5.26000000000108, -1.103753103660146 
5.2700000000010565, -1.1029795845062778 
5.280000000001033, -1.102298518931242 
5.29000000000101, -1.1019758452119313 
5.300000000000987, -1.100223113999374 
5.310000000000963, -1.0987178542866722 
5.32000000000094, -1.0984038837228025 
5.330000000000917, -1.0936526091805405 
5.340000000000893, -1.089293101434656 
5.35000000000087, -1.0890676384051008 
5.360000000000847, -1.0796827522468277 
5.3700000000008234, -1.0708328940822418 
5.3800000000008, -1.0707892803036931 
5.390000000000777, -1.0672552784192784 
5.4000000000007535, -1.0767408521067707 
5.41000000000073, -1.0769785444466098 
5.420000000000707, -1.077427686904507 
5.430000000000684, -1.0912576234234774 
5.44000000000066, -1.0917376262501808 
5.450000000000637, -1.0920873307638697 
5.460000000000614, -1.0963825419454214 
5.47000000000059, -1.0967530359938404 
5.480000000000567, -1.09678470264987 
5.490000000000544, -1.0979236657048035 
5.5000000000005205, -1.0980455206458544 
5.510000000000497, -1.0979177154562236 
5.520000000000474, -1.0981641897505514 
5.5300000000004506, -1.0980880179978365 
5.540000000000427, -1.0978633015793158 
5.550000000000404, -1.0978066920476495 
5.560000000000381, -1.097574819478038 
5.570000000000357, -1.0972492612401543 
5.580000000000334, -1.0970665753579967 
5.590000000000311, -1.0966622979768486 
5.600000000000287, -1.0961595070796473 
5.610000000000264, -1.0959163250017976 
5.620000000000241, -1.0952310528373677 
5.6300000000002175, -1.0942953382577945 
5.640000000000194, -1.0940255137495307 
5.650000000000171, -1.092780628119667 
5.660000000000148, -1.0905180658757052 
5.670000000000124, -1.0902577766873358 
5.680000000000101, -1.0879980530769229 
5.690000000000078, -1.0811502911191575 
5.700000000000054, -1.0810031862564797 
5.710000000000031, -1.0781973175661805 
5.720000000000008, -1.0622513272149092 
5.729999999999984, -1.062585785172724 
5.739999999999961, -1.0609487907458532 
5.749999999999938, -1.0579503328531312 
5.7599999999999145, -1.059741290242682 
5.769999999999891, -1.0590059195126647 
5.779999999999868, -1.0728783130107158 
5.789999999999845, -1.0768739971396428 
5.799999999999821, -1.0765025552583378 
5.809999999999798, -1.0833088196861564 
5.819999999999775, -1.0863915950751681 
5.829999999999751, -1.0861531786557637 
5.839999999999728, -1.0881492281929837 
5.849999999999705, -1.0894710035478725 
5.8599999999996815, -1.089271875636454 
5.869999999999658, -1.0898222936995474 
5.879999999999635, -1.0902674847587568 
5.8899999999996115, -1.0900608442811077 
5.899999999999588, -1.090134936542058 
5.909999999999565, -1.090187933674429 
5.919999999999542, -1.0899378673938436 
5.929999999999518, -1.0898147600145789 
5.939999999999495, -1.0896702001572371 
5.949999999999472, -1.0893317024067442 
5.959999999999448, -1.0890933135043495 
5.969999999999425, -1.0888257363281966 
5.979999999999402, -1.0883097342431234 
5.9899999999993785, -1.0879554404527665 
5.999999999999355, -1.0875942061661639 
6.009999999999332, -1.0866761151111188 
6.019999999999309, -1.086120332813721 
6.029999999999285, -1.085692765948646 
6.039999999999262, -1.083746636433567 
6.049999999999239, -1.0826989625504189 
6.059999999999215, -1.082264530012094 
6.069999999999192, -1.0775738801131347 
6.079999999999169, -1.0751026855365728 
6.089999999999145, -1.074748276680886 
6.099999999999122, -1.0647542013024198 
6.109999999999099, -1.0588007191929087 
6.1199999999990755, -1.0585950411326899 
6.129999999999052, -1.0490601849136414 
6.139999999999029, -1.0433528381324584 
6.149999999999006, -1.0433596403021588 
6.159999999998982, -1.0400024827677752 
6.169999999998959, -1.0479007281340602 
6.179999999998936, -1.048277814564729 
6.189999999998912, -1.047547567613128 
6.199999999998889, -1.0647798371806736 
6.209999999998866, -1.0657671673527722 
6.2199999999988425, -1.0656061817848046 
6.229999999998819, -1.0750712270295626 
6.239999999998796, -1.0763259308412019 
6.2499999999987725, -1.076196683486396 
6.259999999998749, -1.079413499833482 
6.269999999998726, -1.0802695727044935 
6.279999999998703, -1.0801041963168299 
6.289999999998679, -1.0811323965129214 
6.299999999998656, -1.0815294355021807 
6.309999999998633, -1.0813302635942643 
6.319999999998609, -1.0816132055598606 
6.329999999998586, -1.0817063198313195 
6.339999999998563, -1.0814695314362563 
6.3499999999985395, -1.0814595497140442 
6.359999999998516, -1.081362472876057 
6.369999999998493, -1.0810675663437748 
6.37999999999847, -1.0809171703750153 
6.389999999998446, -1.0806871931495976 
6.399999999998423, -1.080286769420238 
6.4099999999984, -1.0800442088070392 
6.419999999998376, -1.0797036912961855 
6.429999999998353, -1.0790905465107496 
6.43999999999833, -1.0787486651974982 
6.449999999998306, -1.0783072211736433 
6.459999999998283, -1.0772195187752729 
6.46999999999826, -1.0767036298601793 
6.4799999999982365, -1.0761881921129013 
6.489999999998213, -1.0739548891691013 
6.49999999999819, -1.073030204856415 
6.509999999998167, -1.0725160879261697 
6.519999999998143, -1.0675322545869494 
6.52999999999812, -1.0655006939669454 
6.539999999998097, -1.0650879581136228 
6.549999999998073, -1.055270333487499 
6.55999999999805, -1.0504782041456282 
6.569999999998027, -1.0502252428282297 
6.5799999999980034, -1.0393886957792966 
6.58999999999798, -1.0315343148403937 
6.599999999997957, -1.0314805523042403 
6.6099999999979335, -1.0256516344789723 
6.61999999999791, -1.0201280491705302 
6.629999999997887, -1.0204011060997118 
6.639999999997864, -1.0178959684342523 
6.64999999999784, -1.0184772063726142 
6.659999999997817, -1.0194725156392124 
6.669999999997794, -1.0183235965369832 
6.67999999999777, -1.0255965626601597 
6.689999999997747, -1.0283819143068835 
6.699999999997724, -1.0277894841544841 
6.7099999999977005, -1.0390859112452422 
6.719999999997677, -1.04539748136705 
6.729999999997654, -1.0450606906440696 
6.7399999999976306, -1.0528035389656385 
6.749999999997607, -1.060450745090618 
6.759999999997584, -1.0602629552082852 
6.769999999997561, -1.06329446151115 
6.779999999997537, -1.067937972970232 
6.789999999997514, -1.0678525046421021 
6.799999999997491, -1.0688551211330428 
6.809999999997467, -1.0709633297345857 
6.819999999997444, -1.0709274874661536 
6.829999999997421, -1.0712005344264757 
6.8399999999973975, -1.0720613762816127 
6.849999999997374, -1.0720138676096254 
6.859999999997351, -1.0719982313676366 
6.869999999997328, -1.0722910900062117 
6.879999999997304, -1.0721879646925117 
6.889999999997281, -1.0720336525918615 
6.899999999997258, -1.0720587266005246 
6.909999999997234, -1.0718766273247322 
6.919999999997211, -1.0716303041611532 
6.929999999997188, -1.0715203270789688 
6.939999999997164, -1.0712414901671001 
6.949999999997141, -1.070898998583183 
6.959999999997118, -1.0707157363049067 
6.9699999999970945, -1.0703144047937987 
6.979999999997071, -1.0698229663104277 
6.989999999997048, -1.0695950201428635 
6.999999999997025, -1.0690311757429947 
7.009999999997001, -1.0682502364721835 
7.019999999996978, -1.0679838662328094 
7.029999999996955, -1.067211019295554 
7.039999999996931, -1.065790583903672 
7.049999999996908, -1.065464920821097 
7.059999999996885, -1.0644777174951399 
7.0699999999968615, -1.061545430734098 
7.079999999996838, -1.0610866879998349 
7.089999999996815, -1.0600270930701117 
7.0999999999967915, -1.0536707539411816 
7.109999999996768, -1.0528747743836173 
7.119999999996745, -1.0520181251065714 
7.129999999996722, -1.0400356479404025 
7.139999999996698, -1.0383844671281435 
7.149999999996675, -1.0378496800110542 
7.159999999996652, -1.0228098390873976 
7.169999999996628, -1.0191968100705167 
7.179999999996605, -1.0189212148811642 
7.189999999996582, -1.0074054484904 
7.1999999999965585, -0.9998240475164928 
7.209999999996535, -0.9997743639834694 
7.219999999996512, -0.9937384761583661 
7.229999999996489, -0.9799032229957043 
7.239999999996465, -0.9801027470955459 
7.249999999996442, -0.9777550825152981 
7.259999999996419, -0.9603695791591198 
7.269999999996395, -0.9602437218151422 
7.279999999996372, -0.959442788960569 
7.289999999996349, -0.9483867549759493 
7.299999999996325, -0.9458684776374554 
7.309999999996302, -0.9455798848471348 
7.319999999996279, -0.9416180791391441 
7.3299999999962555, -0.9381889054921525 
7.339999999996232, -0.9380239081705624 
7.349999999996209, -0.9367215908486474 
7.359999999996186, -0.9344639152842593 
7.369999999996162, -0.9341080353894342 
7.379999999996139, -0.9336121211035273 
7.389999999996116, -0.9324447647662308 
7.399999999996092, -0.9319112902253283 
7.409999999996069, -0.9316781527884194 
7.419999999996046, -0.9310766033040676 
7.4299999999960225, -0.9305811591093363 
7.439999999995999, -0.9304192035050802 
7.449999999995976, -0.9301026002899921 
7.4599999999959525, -0.9297278041883514 
7.469999999995929, -0.9295739694444919 
7.479999999995906, -0.9294353415505423 
7.489999999995883, -0.9291805832988251 
7.499999999995859, -0.9290344897736883 
7.509999999995836, -0.9290505459542355 
7.519999999995813, -0.9289466595195629 
7.529999999995789, -0.9287880172793496 
7.539999999995766, -0.9289926679754874 
7.549999999995743, -0.9291509179329658 
7.5599999999957195, -0.9289803569589963 
7.569999999995696, -0.9293823770890159 
7.579999999995673, -0.9301229420237771 
7.58999999999565, -0.930078900376259 
7.599999999995626, -0.9304323105326743 
7.609999999995603, -0.9326323018606926 
7.61999999999558, -0.9330988509175507 
7.629999999995556, -0.9330024285446862 
7.639999999995533, -0.9380722630143375 
7.64999999999551, -0.9405158500516904 
7.659999999995486, -0.9402639383013477 
7.669999999995463, -0.9464189097029241 
7.67999999999544, -0.9559133730288832 
7.6899999999954165, -0.9558993452113606 
7.699999999995393, -0.9566564283263762 
7.70999999999537, -0.9744935722722753 
7.719999999995347, -0.9750697210297923 
7.729999999995323, -0.9738591508553175 
7.7399999999953, -0.9856253533812765 
7.749999999995277, -0.9876066572671569 
7.759999999995253, -0.9868551740191149 
7.76999999999523, -0.9887520513446278 
7.779999999995207, -0.993089577909859 
7.789999999995183, -0.9927190344861127 
7.79999999999516, -0.9883135010934776 
7.809999999995137, -0.9935869723436428 
7.8199999999951135, -0.9934792917318572 
7.82999999999509, -0.9883781109234506 
7.839999999995067, -0.9892586191823973 
7.849999999995044, -0.9894868661882441 
7.85999999999502, -0.9865487761649626 
7.869999999994997, -0.978078580314078 
7.879999999994974, -0.9788347959606739 
7.88999999999495, -0.9775840664629227 
7.899999999994927, -0.959900188846532 
7.909999999994904, -0.9599445287057061 
7.9199999999948805, -0.9594671955610039 
7.929999999994857, -0.9465997554298347 
7.939999999994834, -0.9411079678366023 
7.9499999999948106, -0.9409542795155783 
7.959999999994787, -0.9370764459772222 
7.969999999994764, -0.9310621778650544 
7.979999999994741, -0.9308873266886536 
7.989999999994717, -0.9298240278524497 
7.999999999994694, -0.9268641009137256 
8.00999999999467, -0.9262472921149224 
8.019999999994647, -0.925876061873427 
8.029999999994624, -0.9246517941512189 
8.0399999999946, -0.9239148735488428 
8.049999999994577, -0.9237225067063325 
8.059999999994554, -0.9231728946142035 
8.06999999999453, -0.9226189322625199 
8.079999999994508, -0.922434414876757 
8.089999999994484, -0.9221746467248253 
8.099999999994461, -0.9218115915501152 
8.109999999994438, -0.9216216522594404 
8.119999999994414, -0.9215302847918453 
8.129999999994391, -0.9213257639101571 
8.139999999994368, -0.921145840275287 
8.149999999994344, -0.9212063937344348 
8.159999999994321, -0.9212046066680917 
8.169999999994298, -0.921022440816172 
8.179999999994275, -0.9212659667990462 
8.189999999994251, -0.9216580974169049 
8.199999999994228, -0.9215525673236845 
8.209999999994205, -0.921866278997457 
8.219999999994181, -0.9232603558876706 
8.229999999994158, -0.9235211032848032 
8.239999999994135, -0.9235139829398805 
8.249999999994111, -0.9273276838456123 
8.259999999994088, -0.9290694555907144 
8.269999999994065, -0.9288194041633321 
8.279999999994041, -0.9348547516463867 
8.289999999994018, -0.942936393229884 
8.299999999993995, -0.9428983382164394 
8.309999999993972, -0.9437760170627146 
8.319999999993948, -0.9615254766713948 
8.329999999993925, -0.9620835372880445 
8.339999999993902, -0.9606197169531538 
8.349999999993878, -0.9647039524339421 
8.359999999993855, -0.9664554369580847 
8.369999999993832, -0.9657001445172023 
8.379999999993808, -0.9512075732882718 
8.389999999993785, -0.9511310569362731 
8.399999999993762, -0.9508482849004023 
8.409999999993738, -0.9406370786565336 
8.419999999993715, -0.9316578208471405 
8.429999999993692, -0.9316057606608086 
8.439999999993669, -0.9290616268456896 
8.449999999993645, -0.9225124681299038 
8.459999999993622, -0.9221421240200417 
8.469999999993599, -0.9214721842392708 
8.479999999993575, -0.9190106769950889 
8.489999999993552, -0.9181379684782914 
8.499999999993529, -0.9178878291081949 
8.509999999993505, -0.9169744589946214 
8.519999999993482, -0.9162275769726796 
8.529999999993459, -0.9160449169296755 
8.539999999993436, -0.9156529646211273 
8.549999999993412, -0.915178188017801 
8.559999999993389, -0.9149750184262617 
8.569999999993366, -0.91481089587339 
8.579999999993342, -0.9145313403093422 
8.589999999993319, -0.9143405384409905 
8.599999999993296, -0.9143319320784071 
8.609999999993272, -0.9142396300237025 
8.619999999993249, -0.914056197312107 
8.629999999993226, -0.9142307599609647 
8.639999999993202, -0.9144558463617141 
8.64999999999318, -0.9143099121675986 
8.659999999993156, -0.9146430711168291 
8.669999999993133, -0.9156813909960898 
8.67999999999311, -0.9157992739720106 
8.689999999993086, -0.9159172370395481 
8.699999999993063, -0.9192865259736873 
8.70999999999304, -0.9205401152306264 
8.719999999993016, -0.9202817616261407 
8.729999999992993, -0.9271509762573421 
8.73999999999297, -0.9339710007754998 
8.749999999992946, -0.9338645195460378 
8.759999999992923, -0.935248709319567 
8.7699999999929, -0.9520411632774397 
8.779999999992876, -0.9524324544759314 
8.789999999992853, -0.9504382615993948 
8.79999999999283, -0.9459778438174522 
8.809999999992806, -0.9470870435784758 
8.819999999992783, -0.9462414057832235 
8.82999999999276, -0.928705490142031 
8.839999999992736, -0.9261856428669726 
8.849999999992713, -0.9259191475165649 
8.85999999999269, -0.9205895415623744 
8.869999999992666, -0.9155820648654671 
8.879999999992643, -0.9154445423383352 
8.88999999999262, -0.9142067196992409 
8.899999999992596, -0.911797778414803 
8.909999999992573, -0.911367150628837 
8.91999999999255, -0.9109762424827672 
8.929999999992527, -0.9100239057261854 
8.939999999992503, -0.9094939009844696 
8.94999999999248, -0.9093150331987754 
8.959999999992457, -0.908897088420531 
8.969999999992433, -0.9085006525896302 
8.97999999999241, -0.9083685648251442 
8.989999999992387, -0.9082017986282345 
8.999999999992363, -0.9079411588399069 
9.00999999999234, -0.9078439630254665 
9.019999999992317, -0.9078916876331461 
9.029999999992294, -0.9077944965515751 
9.03999999999227, -0.9076943994164419 
9.049999999992247, -0.9080877680119865 
9.059999999992224, -0.908360946301506 
9.0699999999922, -0.9082004523282781 
9.079999999992177, -0.9091440704522 
9.089999999992154, -0.9106752047993785 
9.09999999999213, -0.910658154090001 
9.109999999992107, -0.9115168530188599 
9.119999999992084, -0.9181745796470905 
9.12999999999206, -0.9190131012616317 
9.139999999992037, -0.9186054081684736 
9.149999999992014, -0.9337526250163933 
9.15999999999199, -0.9386700823942609 
9.169999999991967, -0.9383173413222778 
9.179999999991944, -0.9349476164201691 
9.18999999999192, -0.9393919235574268 
9.199999999991897, -0.9393580998526672 
9.209999999991874, -0.9336063943161484 
9.21999999999185, -0.9182746841260317 
9.229999999991827, -0.9183648952385379 
9.239999999991804, -0.9170623701787217 
9.24999999999178, -0.9095765090625784 
9.259999999991757, -0.9084393318395908 
9.269999999991734, -0.9080920223219966 
9.27999999999171, -0.9061421606942118 
9.289999999991688, -0.904862935514138 
9.299999999991664, -0.9046794696584556 
9.309999999991641, -0.9040587440973814 
9.319999999991618, -0.9033364247687423 
9.329999999991594, -0.9030987959079206 
9.339999999991571, -0.9028580905306898 
9.349999999991548, -0.9024827171227481 
9.359999999991524, -0.9022477085244881 
9.369999999991501, -0.9021783122204509 
9.379999999991478, -0.9020224397322262 
9.389999999991455, -0.9018214392597306 
9.399999999991431, -0.901913432114833 
9.409999999991408, -0.9020477454665742 
9.419999999991385, -0.9018954437565128 
9.429999999991361, -0.9021529134460493 
9.439999999991338, -0.903030305239197 
9.449999999991315, -0.9031506709261212 
9.459999999991291, -0.9032249388544442 
9.469999999991268, -0.9065182021643888 
9.479999999991245, -0.9079558780933358 
9.489999999991221, -0.9076982939048035 
9.499999999991198, -0.9146655300920541 
9.509999999991175, -0.9236619614789484 
9.519999999991152, -0.9236281521695382 
9.529999999991128, -0.9223785196449557 
9.539999999991105, -0.9330592706740188 
9.549999999991082, -0.9336167142972294 
9.559999999991058, -0.9318366461183154 
9.569999999991035, -0.9128889625371636 
9.579999999991012, -0.9125544251284926 
9.589999999990988, -0.9120671300811153 
9.599999999990965, -0.9054869005730107 
9.609999999990942, -0.9022621096331497 
9.619999999990918, -0.9020974549217224 
9.629999999990895, -0.9007153178583552 
9.639999999990872, -0.898958160614208 
9.649999999990849, -0.8986775103066119 
9.659999999990825, -0.8982653082237599 
9.669999999990802, -0.8975435641663869 
9.679999999990779, -0.8971786583393561 
9.689999999990755, -0.897016941264371 
9.699999999990732, -0.8966993246689983 
9.709999999990709, -0.8964126697880205 
9.719999999990685, -0.8963532307706803 
9.729999999990662, -0.8962812727988679 
9.739999999990639, -0.8960795980364258 
9.749999999990616, -0.8961215590009849 
9.759999999990592, -0.8964114407113619 
9.769999999990569, -0.8963968813919361 
9.779999999990546, -0.8964108602728464 
9.789999999990522, -0.8976734231151716 
9.799999999990499, -0.8983799889601449 
9.809999999990476, -0.8981918152153076 
9.819999999990452, -0.9015026861588709 
9.829999999990429, -0.9062301502276209 
9.839999999990406, -0.90622488216935 
9.849999999990382, -0.9071359581344581 
9.85999999999036, -0.9256190554788075 
9.869999999990336, -0.9264897118623859 
9.879999999990313, -0.9252216049012237 
9.88999999999029, -0.9130585247751543 
9.899999999990266, -0.9137980059264553 
9.909999999990243, -0.9133754299538827 
9.91999999999022, -0.9041545428290728 
9.929999999990196, -0.8989121699403556 
9.939999999990173, -0.8987862843412697 
9.94999999999015, -0.8971329262197507 
9.959999999990126, -0.8945533735350928 
9.969999999990103, -0.8942152582455621 
9.97999999999008, -0.8937853192557191 
9.989999999990056, -0.8928913341496647 
9.999999999990033, -0.8924388367723357 
10.00999999999001, -0.8922709911664486 
10.019999999989986, -0.8919152518643316 
10.029999999989963, -0.8915879331907469 
10.03999999998994, -0.8914995993247686 
10.049999999989916, -0.8914074984994275 
10.059999999989893, -0.8911999997376502 
10.06999999998987, -0.8911880988721007 
10.079999999989846, -0.8914306555939069 
10.089999999989823, -0.8914392074571958 
10.0999999999898, -0.8913865947840349 
10.109999999989776, -0.8924799051087196 
10.119999999989753, -0.8932898550780304 
10.12999999998973, -0.8931165335535503 
10.139999999989707, -0.8957039446463122 
10.149999999989683, -0.9011465664991085 
10.15999999998966, -0.9012809964251918 
10.169999999989637, -0.9012538253513778 
10.179999999989613, -0.9198550185660433 
10.18999999998959, -0.9213622536925483 
10.199999999989567, -0.9204786050532995 
10.209999999989543, -0.904614991712511 
10.21999999998952, -0.9038049562024337 
10.229999999989497, -0.9035430112027206 
10.239999999989474, -0.8976975206896428 
10.24999999998945, -0.8921600060824205 
10.259999999989427, -0.8920275176586693 
10.269999999989404, -0.8909934218742109 
10.27999999998938, -0.8890239084724698 
10.289999999989357, -0.8885710870082826 
10.299999999989334, -0.8882775216865738 
10.30999999998931, -0.8876205436935428 
10.319999999989287, -0.8871894501769866 
10.329999999989264, -0.8870568667095293 
10.33999999998924, -0.8868089078475277 
10.349999999989217, -0.8865270248994507 
10.359999999989194, -0.8864660195009884 
10.36999999998917, -0.8864838553839883 
10.379999999989147, -0.8863432739996361 
10.389999999989124, -0.8863387049517375 
10.3999999999891, -0.8868538311284402 
10.409999999989077, -0.8870887834401548 
10.419999999989054, -0.8869559346281596 
10.42999999998903, -0.8888118320086295 
10.439999999989007, -0.8908913371076878 
10.449999999988984, -0.8907976033628978 
10.45999999998896, -0.8929979266495212 
10.469999999988937, -0.9064838631075847 
10.479999999988914, -0.9071070364793331 
10.48999999998889, -0.905902284273851 
10.499999999988868, -0.9040120948331348 
10.509999999988844, -0.9056202380380148 
10.519999999988821, -0.9051446405682779 
10.529999999988798, -0.8942901998871278 
10.539999999988774, -0.8889918539544546 
10.549999999988751, -0.8888661314698505 
10.559999999988728, -0.8871538881817675 
10.569999999988704, -0.8846327449475425 
10.579999999988681, -0.8843068022583485 
10.589999999988658, -0.8838967449244295 
10.599999999988635, -0.8830888589507264 
10.609999999988611, -0.8826704097502214 
10.619999999988588, -0.8825194557918074 
10.629999999988565, -0.8822166394437337 
10.639999999988541, -0.8819266527686479 
10.649999999988518, -0.8818710744756305 
10.659999999988495, -0.8818455791252453 
10.669999999988471, -0.8816727424722512 
10.679999999988448, -0.8817166767363591 
10.689999999988425, -0.8821783424165176 
10.699999999988401, -0.8823029606076856 
10.709999999988378, -0.8822355201070574 
10.719999999988355, -0.8842639715285979 
10.729999999988332, -0.8858933692945956 
10.739999999988308, -0.8857250408031748 
10.749999999988285, -0.8894749589764385 
10.759999999988262, -0.9017677062334976 
10.769999999988238, -0.902072712980523 
10.779999999988215, -0.9003123038697916 
10.789999999988192, -0.896302453507663 
10.799999999988168, -0.8972856821110665 
10.809999999988145, -0.8966251381500203 
10.819999999988122, -0.8863041960156467 
10.829999999988098, -0.8828585583334903 
10.839999999988075, -0.8826872011425999 
10.849999999988052, -0.8810772955311272 
10.859999999988029, -0.8792529064990737 
10.869999999988005, -0.8789956493715301 
10.879999999987982, -0.8785994909916037 
10.889999999987959, -0.8779591596730542 
10.899999999987935, -0.8776348073787235 
10.909999999987912, -0.877504612242438 
10.919999999987889, -0.8772615363593533 
10.929999999987865, -0.8770247104994101 
10.939999999987842, -0.8770385379201979 
10.949999999987819, -0.8770974508381696 
10.959999999987796, -0.8769456516368758 
10.969999999987772, -0.8771282517718885 
10.979999999987749, -0.8779665746724987 
10.989999999987726, -0.878165892600575 
10.999999999987702, -0.8781328451639847 
11.009999999987679, -0.8822301514620768 
11.019999999987656, -0.8847233131732637 
11.029999999987632, -0.8845025611753407 
11.039999999987609, -0.8893280590140904 
11.049999999987586, -0.9046485233051232 
11.059999999987562, -0.904836956486307 
11.06999999998754, -0.9016351601264432 
11.079999999987516, -0.8834984964741506 
11.089999999987493, -0.8835112346213978 
11.09999999998747, -0.882856510702437 
11.109999999987446, -0.8778943622297732 
11.119999999987423, -0.8760731258219969 
11.1299999999874, -0.8758875104677578 
11.139999999987376, -0.8749634000906219 
11.149999999987353, -0.8740490597155525 
11.15999999998733, -0.8738306725248206 
11.169999999987306, -0.8735635625884411 
11.179999999987283, -0.8731836655247099 
11.18999999998726, -0.8729721979719377 
11.199999999987236, -0.8729331767317751 
11.209999999987213, -0.8728245765489375 
11.21999999998719, -0.8726537633907925 
11.229999999987166, -0.8728943777018129 
11.239999999987143, -0.873270634930206 
11.24999999998712, -0.8731667720547185 
11.259999999987096, -0.8737162440883269 
11.269999999987073, -0.8764003086343787 
11.27999999998705, -0.8769227676992708 
11.289999999987026, -0.8766896519964448 
11.299999999987003, -0.8895449281020071 
11.30999999998698, -0.8949852708268036 
11.319999999986956, -0.8947177222801015 
11.329999999986933, -0.8861334091033212 
11.33999999998691, -0.879652328749783 
11.349999999986887, -0.8797211375048917 
11.359999999986863, -0.8775909707201424 
11.36999999998684, -0.8708898375371589 
11.379999999986817, -0.8702642928112677 
11.389999999986793, -0.8698808163423379 
11.39999999998677, -0.8686048370761567 
11.409999999986747, -0.8678827110698432 
11.419999999986723, -0.8677248366459961 
11.4299999999867, -0.8673679308501357 
11.439999999986677, -0.8669976771794342 
11.449999999986654, -0.86687121400015 
11.45999999998663, -0.8668208099374901 
11.469999999986607, -0.8666647918915568 
11.479999999986584, -0.8665902925570895 
11.48999999998656, -0.8669652061694333 
11.499999999986537, -0.8672309851015947 
11.509999999986514, -0.8670781651471209 
11.51999999998649, -0.8685824970574186 
11.529999999986467, -0.8712829470410555 
11.539999999986444, -0.8713421131919213 
11.54999999998642, -0.8718905346122242 
11.559999999986397, -0.8899472954747895 
11.569999999986374, -0.891543756615599 
11.57999999998635, -0.8907377066001169 
11.589999999986327, -0.873209099405859 
11.599999999986304, -0.8705741825940282 
11.60999999998628, -0.8703859368729956 
11.619999999986257, -0.8673100389936133 
11.629999999986234, -0.8639340210290098 
11.63999999998621, -0.8637090114393611 
11.649999999986187, -0.8631895290420648 
11.659999999986164, -0.8623001803976988 
11.66999999998614, -0.8619191650060878 
11.679999999986117, -0.8617685308836475 
11.689999999986094, -0.8614827690932012 
11.69999999998607, -0.8612269080123601 
11.709999999986048, -0.8612192007915214 
11.719999999986024, -0.8612636211418677 
11.729999999986001, -0.8611183263538057 
11.739999999985978, -0.8612847436427278 
11.749999999985954, -0.8622146504899143 
11.759999999985931, -0.8625065672569991 
11.769999999985908, -0.8624014404279053 
11.779999999985884, -0.8676917030202365 
11.789999999985861, -0.8716368225568895 
11.799999999985838, -0.8714726981564292 
11.809999999985815, -0.8706155389381621 
11.819999999985791, -0.8775277985132952 
11.829999999985768, -0.8778349688674046 
11.839999999985745, -0.8759755990685528 
11.849999999985721, -0.8649614913582963 
11.859999999985698, -0.8639069207029738 
11.869999999985675, -0.8635778692597956 
11.879999999985651, -0.8619693906767573 
11.889999999985628, -0.8609334132674477 
11.899999999985605, -0.8607656289218966 
11.909999999985581, -0.8603865626765893 
11.919999999985558, -0.8599566324609372 
11.929999999985535, -0.8597814160758515 
11.939999999985512, -0.8597162665085071 
11.949999999985488, -0.8595647756254167 
11.959999999985465, -0.8594370361779718 
11.969999999985442, -0.8597360313661127 
11.979999999985418, -0.8600538014611513 
11.989999999985395, -0.8599107360300403 
11.999999999985372, -0.8609722603073214 
12.009999999985348, -0.8640912473662771 
12.019999999985325, -0.8643769225605533 
12.029999999985302, -0.8641736763614086 
12.039999999985278, -0.8818755998922124 
12.049999999985255, -0.8852009028622178 
12.059999999985232, -0.8847472804321912 
12.069999999985209, -0.8703975322459137 
12.079999999985185, -0.8633636086517309 
12.089999999985162, -0.8632886575053073 
12.099999999985139, -0.8615019672291726 
12.109999999985115, -0.8585321971512346 
12.119999999985092, -0.8581390682355028 
12.129999999985069, -0.8578030949926286 
12.139999999985045, -0.8571109504066959 
12.149999999985022, -0.8567078643191642 
12.159999999984999, -0.8565950777566371 
12.169999999984976, -0.8563978878577658 
12.179999999984952, -0.8561616530974316 
12.189999999984929, -0.8561773746845027 
12.199999999984906, -0.8563636513404514 
12.209999999984882, -0.8563096493172025 
12.219999999984859, -0.856387514997734 
12.229999999984836, -0.8579766801130544 
12.239999999984812, -0.858864279117192 
12.249999999984789, -0.8586435149149009 
12.259999999984766, -0.8648563767920384 
12.269999999984742, -0.8753015283942313 
12.27999999998472, -0.8753823843772591 
12.289999999984696, -0.8718725307009357 
12.299999999984673, -0.8560967218851127 
12.30999999998465, -0.8562665540892442 
12.319999999984626, -0.8555977419173251 
12.329999999984603, -0.8514339579304747 
12.33999999998458, -0.8499132844020886 
12.349999999984556, -0.8497425072264077 
12.359999999984533, -0.8490889197721636 
12.36999999998451, -0.8484649248398696 
12.379999999984486, -0.8482773319489111 
12.389999999984463, -0.8481265462061796 
12.39999999998444, -0.8478940858135837 
12.409999999984416, -0.8477634646922888 
12.419999999984393, -0.8479304921381908 
12.42999999998437, -0.8480660146693842 
12.439999999984346, -0.847917737955663 
12.449999999984323, -0.8488883569435725 
12.4599999999843, -0.8509806423394117 
12.469999999984276, -0.851096848034082 
12.479999999984253, -0.8513245725246825 
12.48999999998423, -0.8689464614135535 
12.499999999984206, -0.8713598486884009 
12.509999999984183, -0.8707906374059875 
12.51999999998416, -0.8551642914115495 
12.529999999984136, -0.8495204436988336 
12.539999999984113, -0.8494159887803765 
12.54999999998409, -0.8477510969546449 
12.559999999984067, -0.8454738740667969 
12.569999999984043, -0.8451363737622726 
12.57999999998402, -0.8448375253124564 
12.589999999983997, -0.8443061083488099 
12.599999999983973, -0.8439890062808146 
12.60999999998395, -0.843917372667709 
12.619999999983927, -0.8438054845550862 
12.629999999983903, -0.8436133348311174 
12.63999999998388, -0.8437576826207314 
12.649999999983857, -0.8442433730713382 
12.659999999983834, -0.844285078748072 
12.66999999998381, -0.8444130141650767 
12.679999999983787, -0.8486186216923577 
12.689999999983764, -0.8506600747686976 
12.69999999998374, -0.8503787751638011 
12.709999999983717, -0.8525087675610555 
12.719999999983694, -0.860558925014054 
12.72999999998367, -0.8606687561827299 
12.739999999983647, -0.858064444255575 
12.749999999983624, -0.8490964667022654 
12.7599999999836, -0.8484629335106784 
12.769999999983577, -0.8480919174285472 
12.779999999983554, -0.8468458051397701 
12.78999999998353, -0.8461380419726574 
12.799999999983507, -0.8459918926891415 
12.809999999983484, -0.8457023956656167 
12.81999999998346, -0.8453894064149622 
12.829999999983437, -0.8452959178816876 
12.839999999983414, -0.8453475440950097 
12.84999999998339, -0.8452811772561944 
12.859999999983367, -0.8452222915229541 
12.869999999983344, -0.8461001688208017 
12.87999999998332, -0.8469296869346022 
12.889999999983297, -0.8467791045858936 
12.899999999983274, -0.849630618171465 
12.90999999998325, -0.860055769424198 
12.919999999983228, -0.8604969868723286 
12.929999999983204, -0.8588821983305921 
12.939999999983181, -0.8423626397391301 
12.949999999983158, -0.8420912373345179 
12.959999999983134, -0.8417465320140617 
12.969999999983111, -0.838609237615298 
12.979999999983088, -0.8365832949956082 
12.989999999983064, -0.8364142396033961 
12.999999999983041, -0.8359606433439334 
13.009999999983018, -0.8354075579207982 
13.019999999982995, -0.835177353692322 
13.029999999982971, -0.8351011159883175 
13.039999999982948, -0.8349572589827876 
13.049999999982925, -0.8348015087230298 
13.059999999982901, -0.8350903176359563 
13.069999999982878, -0.8355628835618262 
13.079999999982855, -0.8354794506446734 
13.089999999982831, -0.8363011565164397 
13.099999999982808, -0.8420914900698886 
13.109999999982785, -0.8430985545135207 
13.119999999982761, -0.8424888033213364 
13.129999999982738, -0.8387271380913526 
13.139999999982715, -0.839645977674626 
13.149999999982692, -0.8395056868306073 
13.159999999982668, -0.8363741276839577 
13.169999999982645, -0.8324636853732695 
13.179999999982622, -0.8321855825598891 
13.189999999982598, -0.8317895993703849 
13.199999999982575, -0.8310899178791437 
13.209999999982552, -0.8307346779712652 
13.219999999982528, -0.830643118516644 
13.229999999982505, -0.830491089014946 
13.239999999982482, -0.8302915337529807 
13.249999999982458, -0.8304187190254201 
13.259999999982435, -0.8308500703540626 
13.269999999982412, -0.8308758066344444 
13.279999999982389, -0.8310294752248966 
13.289999999982365, -0.8356034571982476 
13.299999999982342, -0.837793150120876 
13.309999999982319, -0.8375058422728522 
13.319999999982295, -0.8348145653233529 
13.329999999982272, -0.8351323946616344 
13.339999999982249, -0.8352316481797065 
13.349999999982225, -0.8335109074625734 
13.359999999982202, -0.828789633233201 
13.369999999982179, -0.828103697025961 
13.379999999982156, -0.8278532492740245 
13.389999999982132, -0.8271967987596245 
13.399999999982109, -0.8267511372453984 
13.409999999982086, -0.826647344696425 
13.419999999982062, -0.8265370008475835 
13.429999999982039, -0.8263475371616267 
13.439999999982016, -0.82637452368445 
13.449999999981992, -0.8268758494700321 
13.459999999981969, -0.8271186263396834 
13.469999999981946, -0.826986489299109 
13.479999999981922, -0.8309805648221675 
13.4899999999819, -0.835964824409079 
13.499999999981876, -0.8359487335055742 
13.509999999981853, -0.8326252253651661 
13.51999999998183, -0.8203938990426405 
13.529999999981806, -0.8205999563858936 
13.539999999981783, -0.8199782544925465 
13.54999999998176, -0.8170200253581743 
13.559999999981736, -0.8158661422477542 
13.569999999981713, -0.8157169204236709 
13.57999999998169, -0.8153184189549717 
13.589999999981666, -0.8149370614433892 
13.599999999981643, -0.8148193808968148 
13.60999999998162, -0.8148424100574543 
13.619999999981596, -0.8147789632462029 
13.629999999981573, -0.8147114893915566 
13.63999999998155, -0.8157324262742075 
13.649999999981526, -0.8169252863314407 
13.659999999981503, -0.8168182863454373 
13.66999999998148, -0.8190419393343519 
13.679999999981456, -0.8373095643926695 
13.689999999981433, -0.8381274972990155 
13.69999999998141, -0.8369749741911967 
13.709999999981386, -0.8245994760776003 
13.719999999981363, -0.822358038513766 
13.72999999998134, -0.8221734771031718 
13.739999999981316, -0.8211437364000223 
13.749999999981293, -0.8202587342803856 
13.75999999998127, -0.8200606145628233 
13.769999999981247, -0.8198807000600196 
13.779999999981223, -0.8196293661268274 
13.7899999999812, -0.8194961683539775 
13.799999999981177, -0.8196778034972286 
13.809999999981153, -0.8198697032550888 
13.81999999998113, -0.8197272448529388 
13.829999999981107, -0.8209876409638557 
13.839999999981083, -0.8247127415765846 
13.84999999998106, -0.8250451401298298 
13.859999999981037, -0.8242288743882967 
13.869999999981014, -0.826262633223439 
13.87999999998099, -0.8276472339331448 
13.889999999980967, -0.8273434837111898 
13.899999999980944, -0.8234601494723703 
13.90999999998092, -0.8206357778771737 
13.919999999980897, -0.8204581434707494 
13.929999999980874, -0.8200211274612257 
13.93999999998085, -0.8194436530166859 
13.949999999980827, -0.8191889268518183 
13.959999999980804, -0.8191297183419832 
13.96999999998078, -0.8190224079081054 
13.979999999980757, -0.8188610158809317 
13.989999999980734, -0.8192048980025668 
13.99999999998071, -0.819950594188077 
14.009999999980687, -0.81996570123884 
14.019999999980664, -0.8204337181923234 
14.02999999998064, -0.8310498326715313 
14.039999999980617, -0.8334263745615725 
14.049999999980594, -0.8329627271463597 
14.05999999998057, -0.8185042285412539 
14.069999999980547, -0.8110181921761253 
14.079999999980524, -0.8109587427330998 
14.0899999999805, -0.8098872269191221 
14.099999999980477, -0.808328849116082 
14.109999999980454, -0.807947087685617 
14.11999999998043, -0.8077807691911787 
14.129999999980408, -0.8074915759630338 
14.139999999980384, -0.8072701959609684 
14.149999999980361, -0.807341436374584 
14.159999999980338, -0.8075498768336568 
14.169999999980314, -0.8074677255806006 
14.179999999980291, -0.8078768536861621 
14.189999999980268, -0.8116561191748312 
14.199999999980244, -0.8129176624502972 
14.209999999980221, -0.8125045330184353 
14.219999999980198, -0.807335474234025 
14.229999999980175, -0.8054861834268775 
14.239999999980151, -0.8054771880644522 
14.249999999980128, -0.8039135259163144 
14.259999999980105, -0.8013056825340229 
14.269999999980081, -0.800849290778619 
14.279999999980058, -0.8006491246160641 
14.289999999980035, -0.8002714310391277 
14.299999999980011, -0.8000064185407685 
14.309999999979988, -0.8000168802164582 
14.319999999979965, -0.8001302512115325 
14.329999999979941, -0.8000340502922357 
14.339999999979918, -0.8003323248815744 
14.349999999979895, -0.8030857104075889 
14.359999999979872, -0.8042268690097095 
14.369999999979848, -0.8038743073347274 
14.379999999979825, -0.8031594771954144 
14.389999999979802, -0.8042347732210017 
14.399999999979778, -0.8042681484437083 
14.409999999979755, -0.8026870843835724 
14.419999999979732, -0.7996495689296665 
14.429999999979708, -0.7991235599386377 
14.439999999979685, -0.7989257967340563 
14.449999999979662, -0.7985253626084349 
14.459999999979638, -0.7982400077241251 
14.469999999979615, -0.7982311544437977 
14.479999999979592, -0.7983277965782226 
14.489999999979569, -0.7982373936399965 
14.499999999979545, -0.7984615536865425 
14.509999999979522, -0.8009719090440784 
14.519999999979499, -0.8022044297783869 
14.529999999979475, -0.8018961931507593 
14.539999999979452, -0.8017659601928728 
14.549999999979429, -0.8035629011428005 
14.559999999979405, -0.803642554886058 
14.569999999979382, -0.8021983067652291 
14.579999999979359, -0.7990162589835181 
14.589999999979335, -0.7984147170476255 
14.599999999979312, -0.7982284986751421 
14.609999999979289, -0.7978279015540093 
14.619999999979266, -0.7975312261884677 
14.629999999979242, -0.7975113300733148 
14.639999999979219, -0.7976090391455065 
14.649999999979196, -0.7975313719326876 
14.659999999979172, -0.7976939275377638 
14.669999999979149, -0.800133561957696 
14.679999999979126, -0.8015358982447742 
14.689999999979102, -0.8012677144946577 
14.69999999997908, -0.8005486066946651 
14.709999999979056, -0.8017332257629849 
14.719999999979033, -0.8018604808891818 
14.72999999997901, -0.8006117458136802 
14.739999999978986, -0.7974984226972222 
14.749999999978963, -0.7968224406902943 
14.75999999997894, -0.7966522665413738 
14.769999999978916, -0.7962707066160583 
14.779999999978893, -0.7959727138810033 
14.78999999997887, -0.7959488385745935 
14.799999999978846, -0.7960667655733337 
14.809999999978823, -0.7960131126526665 
14.8199999999788, -0.7961197039859669 
14.829999999978776, -0.7987201815236478 
14.839999999978753, -0.8004694585265192 
14.84999999997873, -0.8002443516936136 
14.859999999978706, -0.7974218316532384 
14.869999999978683, -0.7940998377573981 
14.87999999997866, -0.794252622872993 
14.889999999978636, -0.7933024891829122 
14.899999999978613, -0.7907730568626598 
14.90999999997859, -0.7900700507544327 
14.919999999978566, -0.7899270056073111 
14.929999999978543, -0.7896187611390194 
14.93999999997852, -0.7893513710415011 
14.949999999978496, -0.7893527144697691 
14.959999999978473, -0.789579167154818 
14.96999999997845, -0.7896048776451373 
14.979999999978427, -0.7896302191163319 
14.989999999978403, -0.793676669496302 
14.99999999997838, -0.7969631092008511 
15.009999999978357, -0.7968191421783675 
15.019999999978333, -0.7901824187777134 
15.02999999997831, -0.7746538585458147 
15.039999999978287, -0.7745898042018691 
15.049999999978263, -0.7740809238242221 
15.05999999997824, -0.7728416385054964 
15.069999999978217, -0.7723072270214303 
15.079999999978194, -0.7722121569087798 
15.08999999997817, -0.7720836281493327 
15.099999999978147, -0.7719059519813513 
15.109999999978124, -0.7720366649968362 
15.1199999999781, -0.7729586940561224 
15.129999999978077, -0.7734256914601083 
15.139999999978054, -0.773177019418338 
15.14999999997803, -0.7830206195095637 
15.159999999978007, -0.7943635873457336 
15.169999999977984, -0.7944264107250847 
15.17999999997796, -0.7922313678018265 
15.189999999977937, -0.7873383355226372 
15.199999999977914, -0.786741928576526 
15.20999999997789, -0.7865252427559889 
15.219999999977867, -0.7860514784126634 
15.229999999977844, -0.7857325265812368 
15.23999999997782, -0.7857030912025806 
15.249999999977797, -0.7857755599840257 
15.259999999977774, -0.7856887910310512 
15.26999999997775, -0.7858722834431042 
15.279999999977727, -0.7884146668623129 
15.289999999977704, -0.7898628972019672 
15.29999999997768, -0.7895868988146019 
15.309999999977657, -0.7851581781182823 
15.319999999977634, -0.7798989605138872 
15.32999999997761, -0.7799827067169319 
15.339999999977588, -0.7790686522690998 
15.349999999977564, -0.7771546877830618 
15.359999999977541, -0.7766021578580227 
15.369999999977518, -0.7764787909541229 
15.379999999977494, -0.776251326242426 
15.389999999977471, -0.7760368189482344 
15.399999999977448, -0.7761372625487961 
15.409999999977424, -0.7766284384235904 
15.419999999977401, -0.7767585555164874 
15.429999999977378, -0.7767190717164586 
15.439999999977355, -0.7864828209085113 
15.449999999977331, -0.7928484320817988 
15.459999999977308, -0.7927286572504315 
15.469999999977285, -0.7873815778802995 
15.479999999977261, -0.7787666319141617 
15.489999999977238, -0.778460730774713 
15.499999999977215, -0.7781103038530003 
15.509999999977191, -0.7774335535418623 
15.519999999977168, -0.777080085645069 
15.529999999977145, -0.7770336514227187 
15.539999999977121, -0.777018908059727 
15.549999999977098, -0.7768826361494442 
15.559999999977075, -0.7771710550742097 
15.569999999977052, -0.7790975758522023 
15.579999999977028, -0.7798953250020358 
15.589999999977005, -0.7795314734010831 
15.599999999976982, -0.7796233593309696 
15.609999999976958, -0.7802438217396995 
15.619999999976935, -0.7802612643734406 
15.629999999976912, -0.7789387271381392 
15.639999999976888, -0.7767815536698602 
15.649999999976865, -0.7763239883050123 
15.659999999976842, -0.7761752825743516 
15.669999999976818, -0.7759110982193358 
15.679999999976795, -0.7756990694328834 
15.689999999976772, -0.7758158799251385 
15.699999999976749, -0.7762217093193949 
15.709999999976725, -0.7762487506393859 
15.719999999976702, -0.7764480430398821 
15.729999999976679, -0.7860179947473334 
15.739999999976655, -0.7899428302642306 
15.749999999976632, -0.7896898958327516 
15.759999999976609, -0.7817766670943113 
15.769999999976585, -0.7737479332132753 
15.779999999976562, -0.7735825465271796 
15.789999999976539, -0.7731461308814832 
15.799999999976515, -0.7724545609239584 
15.809999999976492, -0.7721408259071223 
15.819999999976469, -0.7721056808917415 
15.829999999976446, -0.7720848325078881 
15.839999999976422, -0.7719413370711928 
15.849999999976399, -0.7723873873215019 
15.859999999976376, -0.774522056579423 
15.869999999976352, -0.7751294630165358 
15.879999999976329, -0.7746407395085335 
15.889999999976306, -0.7705604578486184 
15.899999999976282, -0.7692357476224797 
15.90999999997626, -0.7691785822690579 
15.919999999976236, -0.7678941464186676 
15.929999999976213, -0.7663467485496666 
15.93999999997619, -0.7660120606131412 
15.949999999976166, -0.7658844249796571 
15.959999999976143, -0.7656874382176714 
15.96999999997612, -0.7655217910914065 
15.979999999976096, -0.7658087783917008 
15.989999999976073, -0.7665427097700015 
15.99999999997605, -0.766600950554293 
16.009999999976028, -0.7667767905913168 
16.019999999976005, -0.7844816526020162 
16.02999999997598, -0.7881594321159755 
16.039999999975958, -0.7878690435855824 
16.049999999975935, -0.7831498897950433 
16.05999999997591, -0.7796060853887767 
16.069999999975888, -0.7794146006503955 
16.079999999975865, -0.7790719071560234 
16.08999999997584, -0.7786171164090114 
16.099999999975818, -0.7783998717498691 
16.109999999975795, -0.7784358980757453 
16.11999999997577, -0.7785067223958158 
16.129999999975748, -0.7783723171574888 
16.139999999975725, -0.7792134547866536 
16.1499999999757, -0.7827681833236189 
16.15999999997568, -0.7833769839987529 
16.169999999975655, -0.7826045940874995 
16.17999999997563, -0.7671529759996488 
16.18999999997561, -0.7640443774210058 
16.199999999975585, -0.7639337476364081 
16.20999999997556, -0.7628744131088281 
16.21999999997554, -0.7618567509821469 
16.229999999975515, -0.7616119116624535 
16.239999999975492, -0.7615212050273659 
16.24999999997547, -0.761387813141901 
16.259999999975445, -0.7612611502638367 
16.269999999975422, -0.7618367185406197 
16.2799999999754, -0.7630709780958256 
16.289999999975375, -0.7631371483869979 
16.299999999975352, -0.7628991683331097 
16.30999999997533, -0.7735449039332537 
16.319999999975305, -0.7749313286797834 
16.329999999975282, -0.774628344892836 
16.33999999997526, -0.7721365355776131 
16.349999999975235, -0.7705468185094199 
16.359999999975212, -0.7703669330343502 
16.36999999997519, -0.7701451210816425 
16.379999999975166, -0.7698762513741755 
16.389999999975142, -0.7697593106824383 
16.39999999997512, -0.7700199348650159 
16.409999999975096, -0.7703699704115138 
16.419999999975072, -0.7702435745483013 
16.42999999997505, -0.7723504755015056 
16.439999999975026, -0.7843198246280386 
16.449999999975002, -0.7851976192061969 
16.45999999997498, -0.7841997384534373 
16.469999999974956, -0.7733995234988044 
16.479999999974932, -0.7708862231146127 
16.48999999997491, -0.770753036155851 
16.499999999974886, -0.7701864353195569 
16.509999999974863, -0.7696803888724169 
16.51999999997484, -0.7695281197618671 
16.529999999974816, -0.769544410534733 
16.539999999974793, -0.769519785729183 
16.54999999997477, -0.7694205079045882 
16.559999999974746, -0.7708181397270825 
16.569999999974723, -0.7734103292854754 
16.5799999999747, -0.7734935354517938 
16.589999999974676, -0.7716548801206166 
16.599999999974653, -0.756147162107116 
16.60999999997463, -0.7557342760072485 
16.619999999974606, -0.7554611167998014 
16.629999999974583, -0.7542453099250593 
16.63999999997456, -0.7535092075349764 
16.649999999974536, -0.7533748536623619 
16.659999999974513, -0.7532941207699588 
16.66999999997449, -0.753164520607109 
16.679999999974466, -0.7531487231825954 
16.689999999974443, -0.7542774057147136 
16.69999999997442, -0.7556239546318881 
16.709999999974396, -0.7555165153114293 
16.719999999974373, -0.7539794546747287 
16.72999999997435, -0.7476200037610414 
16.739999999974327, -0.7477746997420268 
16.749999999974303, -0.7473298774830534 
16.75999999997428, -0.7459304087352155 
16.769999999974257, -0.7452910464590825 
16.779999999974233, -0.7451928482587706 
16.78999999997421, -0.7451058155061874 
16.799999999974187, -0.7449637542574726 
16.809999999974163, -0.7450594979416522 
16.81999999997414, -0.7465384418176869 
16.829999999974117, -0.7477187870846581 
16.839999999974093, -0.747503834727723 
16.84999999997407, -0.7425674811647075 
16.859999999974047, -0.7313862742008856 
16.869999999974024, -0.731406794150362 
16.879999999974, -0.7309175457580122 
16.889999999973977, -0.7299505348918423 
16.899999999973954, -0.7295448687005496 
16.90999999997393, -0.7295027688714506 
16.919999999973907, -0.7295194507392847 
16.929999999973884, -0.7294151918518096 
16.93999999997386, -0.7297650508295502 
16.949999999973837, -0.7339564835687356 
16.959999999973814, -0.7359404920398831 
16.96999999997379, -0.7356321427354439 
16.979999999973767, -0.7267207009755666 
16.989999999973744, -0.7193187202550344 
16.99999999997372, -0.7191408540894434 
17.009999999973697, -0.7188361841648084 
17.019999999973674, -0.7184280261130392 
17.02999999997365, -0.7182336290704102 
17.039999999973627, -0.7183823407841011 
17.049999999973604, -0.7187677931331572 
17.05999999997358, -0.7187329717390109 
17.069999999973557, -0.7193472707499747 
17.079999999973534, -0.7379550163033594 
17.08999999997351, -0.7405599660814661 
17.099999999973488, -0.7402652864397469 
17.109999999973464, -0.7375938363923167 
17.11999999997344, -0.7359223785261759 
17.129999999973418, -0.7357345450828289 
17.139999999973394, -0.7355715087518624 
17.14999999997337, -0.7353729720020853 
17.159999999973348, -0.7352818976641653 
17.169999999973324, -0.735844525527706 
17.1799999999733, -0.7368067107688719 
17.189999999973278, -0.7367695191052944 
17.199999999973254, -0.7366207486278088 
17.20999999997323, -0.7404617023882901 
17.219999999973208, -0.7409229845346119 
17.229999999973185, -0.7405893154773727 
17.23999999997316, -0.7390565925118185 
17.249999999973138, -0.7382310291877999 
17.259999999973115, -0.7381010650003417 
17.26999999997309, -0.7380132153992421 
17.279999999973068, -0.737883640626712 
17.289999999973045, -0.7378810355066072 
17.29999999997302, -0.7391791661523804 
17.309999999972998, -0.7407600817446582 
17.319999999972975, -0.7406652624952069 
17.32999999997295, -0.7369712643584647 
17.339999999972928, -0.7205125850376504 
17.349999999972905, -0.7202944624951 
17.35999999997288, -0.7199838143665621 
17.36999999997286, -0.719196759123005 
17.379999999972835, -0.7187879493693133 
17.38999999997281, -0.7187478293533174 
17.39999999997279, -0.7188514768968245 
17.409999999972765, -0.7188294563397597 
17.41999999997274, -0.7189287833899435 
17.42999999997272, -0.7255479734643628 
17.439999999972695, -0.7306760097396733 
17.449999999972672, -0.7305871770215192 
17.45999999997265, -0.726967779368077 
17.469999999972625, -0.7219227996402502 
17.479999999972602, -0.7215041676132432 
17.48999999997258, -0.7213285086329841 
17.499999999972555, -0.7210440857977389 
17.509999999972532, -0.7208547169654221 
17.51999999997251, -0.7210670586568921 
17.529999999972485, -0.7217972913624094 
17.539999999972462, -0.7219467118720915 
17.54999999997244, -0.7216754824684614 
17.559999999972415, -0.7311418910270177 
17.569999999972392, -0.7330566973133608 
17.57999999997237, -0.7329502670310442 
17.589999999972346, -0.7316513694376675 
17.599999999972322, -0.7304640101663028 
17.6099999999723, -0.7302120428661197 
17.619999999972276, -0.7301411222830462 
17.629999999972252, -0.7300472638022317 
17.63999999997223, -0.7299256860837026 
17.649999999972206, -0.7307916312003983 
17.659999999972182, -0.7331971648188232 
17.66999999997216, -0.7334668865643421 
17.679999999972136, -0.7321607598077989 
17.689999999972112, -0.7131986672285806 
17.69999999997209, -0.7108251429293514 
17.709999999972066, -0.7106999783246493 
17.719999999972043, -0.710142052629583 
17.72999999997202, -0.7097155934038785 
17.739999999971996, -0.7096203980433332 
17.749999999971973, -0.7098011141328039 
17.75999999997195, -0.709984824133987 
17.769999999971926, -0.7098383232483054 
17.779999999971903, -0.7147837697195967 
17.78999999997188, -0.7297155228978984 
17.799999999971856, -0.7301301065121099 
17.809999999971833, -0.7291296766425599 
17.81999999997181, -0.7259183755848122 
17.829999999971786, -0.7250682805330559 
17.839999999971763, -0.7249633288517974 
17.84999999997174, -0.7247836617070483 
17.859999999971716, -0.724598588048605 
17.869999999971693, -0.7247159274516295 
17.87999999997167, -0.7258094060694642 
17.889999999971646, -0.7265557226711186 
17.899999999971623, -0.7262833541122832 
17.9099999999716, -0.7214556659224575 
17.919999999971576, -0.7127376020188047 
17.929999999971553, -0.7127559502119264 
17.93999999997153, -0.7122518969866435 
17.949999999971507, -0.7114467106239732 
17.959999999971483, -0.7111253515457466 
17.96999999997146, -0.7111296102320688 
17.979999999971437, -0.7112399163030826 
17.989999999971413, -0.7111610187367154 
17.99999999997139, -0.7117255276949128 
18.009999999971367, -0.7212629667464407 
18.019999999971343, -0.7241620371902945 
18.02999999997132, -0.723866372592892 
18.039999999971297, -0.7194833008348843 
18.049999999971273, -0.7165182649097377 
18.05999999997125, -0.7163047705793706 
18.069999999971227, -0.7161153932504567 
18.079999999971204, -0.7158836003914829 
18.08999999997118, -0.7157636033147333 
18.099999999971157, -0.7162217677293922 
18.109999999971134, -0.7172167945415743 
18.11999999997111, -0.7172523371484677 
18.129999999971087, -0.7165211816966195 
18.139999999971064, -0.7093914811209989 
18.14999999997104, -0.7089288863126585 
18.159999999971017, -0.7087379813477853 
18.169999999970994, -0.7078627459755346 
18.17999999997097, -0.7072978392698646 
18.189999999970947, -0.7071858486951884 
18.199999999970924, -0.7072602614118051 
18.2099999999709, -0.7073052446385796 
18.219999999970877, -0.707209362884521 
18.229999999970854, -0.711520508295803 
18.23999999997083, -0.7204761383162639 
18.249999999970807, -0.720710583258659 
18.259999999970784, -0.7191027234552682 
18.26999999997076, -0.7143752691741128 
18.279999999970737, -0.713531359861807 
18.289999999970714, -0.7134183951857285 
18.29999999997069, -0.713200792026996 
18.309999999970668, -0.713006240756991 
18.319999999970644, -0.7131520968249209 
18.32999999997062, -0.7142061887335982 
18.339999999970598, -0.7148257365137854 
18.349999999970574, -0.7145044519235877 
18.35999999997055, -0.7071942519004407 
18.369999999970528, -0.6981696161172457 
18.379999999970504, -0.6981542660325978 
18.38999999997048, -0.6976864089690175 
18.399999999970458, -0.697052957481651 
18.409999999970434, -0.69680219654307 
18.41999999997041, -0.6968708985283224 
18.429999999970388, -0.6971121200629588 
18.439999999970365, -0.6970596099709229 
18.44999999997034, -0.6977206550633168 
18.459999999970318, -0.7153384538531461 
18.469999999970295, -0.7182451523157932 
18.47999999997027, -0.7179891915149881 
18.489999999970248, -0.7157504021679746 
18.499999999970225, -0.714312240402819 
18.5099999999702, -0.7141184912889251 
18.519999999970178, -0.7140152732698555 
18.529999999970155, -0.7138877068053017 
18.53999999997013, -0.7138050112754484 
18.549999999970108, -0.7148588988931306 
18.559999999970085, -0.717079357419836 
18.56999999997006, -0.7171950090199138 
18.57999999997004, -0.7150026242768737 
18.589999999970015, -0.6971397124236907 
18.59999999996999, -0.6957187309328143 
18.60999999996997, -0.695574353570278 
18.619999999969945, -0.6951281122829616 
18.62999999996992, -0.6948187694526748 
18.6399999999699, -0.6948131442853756 
18.649999999969875, -0.6952235766550684 
18.659999999969852, -0.6955519674629312 
18.66999999996983, -0.6953386288419264 
18.679999999969805, -0.7004667441684673 
18.689999999969782, -0.7058724869672603 
18.69999999996976, -0.7060125228904761 
18.709999999969735, -0.7053884381572092 
18.719999999969712, -0.7042873926729196 
18.72999999996969, -0.7038937070572573 
18.739999999969665, -0.7038671012761226 
18.749999999969642, -0.7039165587897532 
18.75999999996962, -0.7038271506155177 
18.769999999969595, -0.7042984931983588 
18.779999999969572, -0.7117400037597288 
18.78999999996955, -0.7145914511711915 
18.799999999969526, -0.7143213956644063 
18.809999999969502, -0.7097843443425002 
18.81999999996948, -0.7064792313335229 
18.829999999969456, -0.7062452172041425 
18.839999999969432, -0.7060698066643901 
18.84999999996941, -0.7058517348591414 
18.859999999969386, -0.7057283155119786 
18.869999999969362, -0.706237409129058 
18.87999999996934, -0.7074913368005717 
18.889999999969316, -0.7076024596299935 
18.899999999969292, -0.7064370322849459 
18.90999999996927, -0.6890789990565155 
18.919999999969246, -0.6873110517211858 
18.929999999969223, -0.6871806703519979 
18.9399999999692, -0.6866289441586485 
18.949999999969176, -0.6862389548562602 
18.959999999969153, -0.6861752044454517 
18.96999999996913, -0.6864587238848885 
18.979999999969106, -0.6867621673143336 
18.989999999969083, -0.6865885299389236 
18.99999999996906, -0.6911535177983632 
19.009999999969036, -0.7015122004219942 
19.019999999969013, -0.7017738506169837 
19.02999999996899, -0.7012323576267789 
19.039999999968966, -0.7000365084872839 
19.049999999968943, -0.6995749944828041 
19.05999999996892, -0.6995327300699062 
19.069999999968896, -0.6995811508034803 
19.079999999968873, -0.6995139474940936 
19.08999999996885, -0.6997767405974147 
19.099999999968826, -0.7068964477827716 
19.109999999968803, -0.7109298368610735 
19.11999999996878, -0.7107703577225263 
19.129999999968756, -0.7072251067128911 
19.139999999968733, -0.7037439563002141 
19.14999999996871, -0.7034233473278966 
19.159999999968687, -0.7032785976865049 
19.169999999968663, -0.7030817098920347 
19.17999999996864, -0.702939764742977 
19.189999999968617, -0.7034278670552703 
19.199999999968593, -0.7049710720857761 
19.20999999996857, -0.7052413808482918 
19.219999999968547, -0.7042840200352946 
19.229999999968523, -0.6860093611542136 
19.2399999999685, -0.6826885320289164 
19.249999999968477, -0.6825946203959447 
19.259999999968453, -0.6821574847225478 
19.26999999996843, -0.6818025437535737 
19.279999999968407, -0.6817283857394177 
19.289999999968384, -0.6820888156995432 
19.29999999996836, -0.6825946579725876 
19.309999999968337, -0.6824593417196968 
19.319999999968314, -0.6826252587291683 
19.32999999996829, -0.6783999124555653 
19.339999999968267, -0.6784095271474682 
19.349999999968244, -0.6781147651704862 
19.35999999996822, -0.6774145751115117 
19.369999999968197, -0.6770675704619873 
19.379999999968174, -0.6770793337039812 
19.38999999996815, -0.6773816313070963 
19.399999999968127, -0.6775087942262971 
19.409999999968104, -0.6773392269755091 
19.41999999996808, -0.6887046597258979 
19.429999999968057, -0.6940709367925341 
19.439999999968034, -0.6940926405072549 
19.44999999996801, -0.6932639719767681 
19.459999999967987, -0.69228653159741 
19.469999999967964, -0.6919994158620543 
19.47999999996794, -0.6920093179043489 
19.489999999967917, -0.69209249029006 
19.499999999967894, -0.691985740201344 
19.50999999996787, -0.6931170797627932 
19.519999999967848, -0.7047671603517919 
19.529999999967824, -0.706632038118199 
19.5399999999678, -0.7062142071753673 
19.549999999967778, -0.7027573002898889 
19.559999999967754, -0.7010879032531365 
19.56999999996773, -0.700931393335105 
19.579999999967708, -0.7007994282620695 
19.589999999967684, -0.7006502701913194 
19.59999999996766, -0.7006011492689728 
19.609999999967638, -0.7017602895507848 
19.619999999967614, -0.7038452906498786 
19.62999999996759, -0.7038888470326351 
19.639999999967568, -0.7009276425250068 
19.649999999967545, -0.6852580799542825 
19.65999999996752, -0.6842014261659117 
19.669999999967498, -0.6840554627665986 
19.679999999967475, -0.6836917386524402 
19.68999999996745, -0.6834436705509479 
19.699999999967428, -0.6835184456016101 
19.709999999967405, -0.6842275669620298 
19.71999999996738, -0.6847140413676281 
19.729999999967358, -0.6844197858764767 
19.739999999967335, -0.6772587334446967 
19.74999999996731, -0.6667220537195016 
19.759999999967288, -0.6666705797121363 
19.769999999967265, -0.6663249479031054 
19.77999999996724, -0.6658740216697284 
19.78999999996722, -0.66568225342277 
19.799999999967195, -0.6658924060345398 
19.80999999996717, -0.666572395603644 
19.81999999996715, -0.6666705879700896 
19.829999999967125, -0.665981648702791 
19.8399999999671, -0.6513869456695015 
19.84999999996708, -0.6485998792584511 
19.859999999967055, -0.6485139015339795 
19.869999999967032, -0.6481143058624542 
19.87999999996701, -0.6478121460910922 
19.889999999966985, -0.6477810135721092 
19.899999999966962, -0.6484317919559554 
19.90999999996694, -0.6494260557497241 
19.919999999966915, -0.649338166122207 
19.929999999966892, -0.6447775562385848 
19.93999999996687, -0.6309224821525555 
19.949999999966845, -0.6302319516161848 
19.959999999966822, -0.630114134830238 
19.9699999999668, -0.629916244072612 
19.979999999966775, -0.6297645042568445 
19.989999999966752, -0.6301720837677898 
19.99999999996673, -0.6338567361716164 
20.009999999966706, -0.6356560261231358 
20.019999999966682, -0.6353781276566376 
20.02999999996666, -0.6321502583330043 
20.039999999966636, -0.6302766616846972 
20.049999999966612, -0.6300669806138471 
20.05999999996659, -0.6300528152060898 
20.069999999966566, -0.6300784382156551 
20.079999999966542, -0.6299628884554344 
20.08999999996652, -0.6332089076721693 
20.099999999966496, -0.6497715886267154 
20.109999999966472, -0.6504835479949849 
20.11999999996645, -0.6500616299487886 
20.129999999966426, -0.6488954934140251 
20.139999999966403, -0.6484204111331832 
20.14999999996638, -0.648393742220131 
20.159999999966356, -0.648606023053646 
20.169999999966333, -0.6487161287625555 
20.17999999996631, -0.648545438206045 
20.189999999966286, -0.6575512540618106 
20.199999999966263, -0.660554688856057 
20.20999999996624, -0.660593854204095 
20.219999999966216, -0.6600478344762386 
20.229999999966193, -0.6594134583958868 
20.23999999996617, -0.6591963749646679 
20.249999999966146, -0.6593311620937058 
20.259999999966123, -0.6597438485830637 
20.2699999999661, -0.6597374039954081 
20.279999999966076, -0.6596163198327709 
20.289999999966053, -0.659183052039323 
20.29999999996603, -0.6584784019187133 
20.309999999966006, -0.6583529878463689 
20.319999999965983, -0.6577670473008013 
20.32999999996596, -0.6573746227950863 
20.339999999965936, -0.6573202672212078 
20.349999999965913, -0.6576933539343731 
20.35999999996589, -0.6581646226046007 
20.369999999965867, -0.6579970906871905 
20.379999999965843, -0.6554463339736365 
20.38999999996582, -0.6416440985968219 
20.399999999965797, -0.6414254844953493 
20.409999999965773, -0.6412042348904999 
20.41999999996575, -0.6408151204824658 
20.429999999965727, -0.6406095655116109 
20.439999999965703, -0.6408341174631687 
20.44999999996568, -0.642058714134928 
20.459999999965657, -0.6426109332740355 
20.469999999965633, -0.6420919779846997 
20.47999999996561, -0.6312306327771902 
20.489999999965587, -0.6266357917849067 
20.499999999965564, -0.6264897629908488 
20.50999999996554, -0.6263453519912637 
20.519999999965517, -0.6262120190477088 
20.529999999965494, -0.6261423133512989 
20.53999999996547, -0.6280104983933122 
20.549999999965447, -0.6340144086225868 
20.559999999965424, -0.6344498312206004 
20.5699999999654, -0.6335657136929403 
20.579999999965377, -0.6310807518338248 
20.589999999965354, -0.6304113564877709 
20.59999999996533, -0.630363763322939 
20.609999999965307, -0.6304448152029906 
20.619999999965284, -0.6304479550817028 
20.62999999996526, -0.6304575363342396 
20.639999999965237, -0.6444441800371093 
20.649999999965214, -0.6512267708973857 
20.65999999996519, -0.6512439256797256 
20.669999999965167, -0.6505456195450868 
20.679999999965144, -0.6498400002332588 
20.68999999996512, -0.6496320986707712 
20.699999999965097, -0.6497654568978044 
20.709999999965074, -0.6501357507556036 
20.71999999996505, -0.6500946607923535 
20.729999999965028, -0.6501025446870652 
20.739999999965004, -0.6480974423397864 
20.74999999996498, -0.6474891992321391 
20.759999999964958, -0.6473484742292761 
20.769999999964934, -0.6468200020160246 
20.77999999996491, -0.6464885644838403 
20.789999999964888, -0.6464837195533614 
20.799999999964864, -0.6470389275101577 
20.80999999996484, -0.6476595565257587 
20.819999999964818, -0.6474646610914845 
20.829999999964794, -0.6404618433038131 
20.83999999996477, -0.6259743559657053 
20.849999999964748, -0.625632831578958 
20.859999999964725, -0.6254705468096337 
20.8699999999647, -0.6252386609011883 
20.879999999964678, -0.6250912002462731 
20.889999999964655, -0.625629706766202 
20.89999999996463, -0.6289234516608571 
20.909999999964608, -0.629997598100659 
20.919999999964585, -0.6295347320881136 
20.92999999996456, -0.6255846848869281 
20.939999999964538, -0.6239658849501224 
20.949999999964515, -0.6238186401712436 
20.95999999996449, -0.6238087050712833 
20.969999999964468, -0.6238209181598137 
20.979999999964445, -0.6237184259828985 
20.98999999996442, -0.6290636953394392 
20.9999999999644, -0.6442830822276554 
21.009999999964375, -0.6446594139242136 
21.01999999996435, -0.6441500826687294 
21.02999999996433, -0.6431498683943779 
21.039999999964305, -0.6427822899810625 
21.04999999996428, -0.6428094809751299 
21.05999999996426, -0.6431159380627047 
21.069999999964235, -0.6432150681764582 
21.079999999964212, -0.6429725498199759 
21.08999999996419, -0.643999524179893 
21.099999999964165, -0.6410729087108259 
21.109999999964142, -0.6410421551405749 
21.11999999996412, -0.6406085619991188 
21.129999999964095, -0.6402129981142619 
21.139999999964072, -0.6400975909477664 
21.14999999996405, -0.6405012282315931 
21.159999999964025, -0.6414481392199731 
21.169999999964002, -0.6414799024891754 
21.17999999996398, -0.6392731158435263 
21.189999999963955, -0.6230331429906533 
21.199999999963932, -0.6215874911227048 
21.20999999996391, -0.6214957550875323 
21.219999999963886, -0.6213020361618349 
21.229999999963862, -0.6211495904854948 
21.23999999996384, -0.6213451225226265 
21.249999999963816, -0.6248465365813748 
21.259999999963792, -0.6280906143039813 
21.26999999996377, -0.6280093672749741 
21.279999999963746, -0.6259501952337663 
21.289999999963722, -0.6240358564015372 
21.2999999999637, -0.6237258392299107 
21.309999999963676, -0.6237349914904275 
21.319999999963652, -0.623840980637954 
21.32999999996363, -0.6237489258768288 
21.339999999963606, -0.6250451930833538 
21.349999999963583, -0.6424060677202423 
21.35999999996356, -0.6433779315175883 
21.369999999963536, -0.643184444589112 
21.379999999963513, -0.6424176899661586 
21.38999999996349, -0.641989495111413 
21.399999999963466, -0.641949574193748 
21.409999999963443, -0.6423047944751311 
21.41999999996342, -0.6426915932539216 
21.429999999963396, -0.6424851386909352 
21.439999999963373, -0.638060660016323 
21.44999999996335, -0.6240632669809977 
21.459999999963326, -0.6238700942035535 
21.469999999963303, -0.6236626016071246 
21.47999999996328, -0.6233632368797024 
21.489999999963256, -0.6232027849146771 
21.499999999963233, -0.6236352960403521 
21.50999999996321, -0.6259361682576287 
21.519999999963186, -0.6267138270751909 
21.529999999963163, -0.6261585079481043 
21.53999999996314, -0.6207615745297734 
21.549999999963116, -0.6187877990174847 
21.559999999963093, -0.6186470186276892 
21.56999999996307, -0.6186089726693302 
21.579999999963047, -0.6185898232782053 
21.589999999963023, -0.6185055398964043 
21.599999999963, -0.623634968822148 
21.609999999962977, -0.6376832597242834 
21.619999999962953, -0.6380501321242198 
21.62999999996293, -0.6375001112375236 
21.639999999962907, -0.6364592041294449 
21.649999999962883, -0.6360940129240429 
21.65999999996286, -0.6361270046785169 
21.669999999962837, -0.6364482045416874 
21.679999999962813, -0.636551351384989 
21.68999999996279, -0.6362641303615957 
21.699999999962767, -0.632762147502382 
21.709999999962744, -0.6284638758257082 
21.71999999996272, -0.628423010023348 
21.729999999962697, -0.6280591901321552 
21.739999999962674, -0.627737566835557 
21.74999999996265, -0.6276519176550023 
21.759999999962627, -0.628276496758772 
21.769999999962604, -0.6297943925632666 
21.77999999996258, -0.6298981402710165 
21.789999999962557, -0.6278190631997307 
21.799999999962534, -0.6188036336857402 
21.80999999996251, -0.6176523795156582 
21.819999999962487, -0.6175775107162047 
21.829999999962464, -0.6174887098800705 
21.83999999996244, -0.6173896050448521 
21.849999999962417, -0.6176196637811787 
21.859999999962394, -0.6255437627152673 
21.86999999996237, -0.6314434887113521 
21.879999999962347, -0.6314154290962017 
21.889999999962324, -0.6302475088045304 
21.8999999999623, -0.6291915080101075 
21.909999999962277, -0.6289528395266131 
21.919999999962254, -0.6290374183372891 
21.92999999996223, -0.6293002871365942 
21.939999999962208, -0.6292337845429654 
21.949999999962184, -0.62958239687974 
21.95999999996216, -0.6291579703425297 
21.969999999962138, -0.6286205201910763 
21.979999999962114, -0.6284830746513547 
21.98999999996209, -0.6280256207022565 
21.999999999962068, -0.6277468631423018 
22.009999999962044, -0.6277945704163898 
22.01999999996202, -0.6286959307374085 
22.029999999961998, -0.6296854851885931 
22.039999999961974, -0.6295060014104077 
22.04999999996195, -0.6234857061771857 
22.059999999961928, -0.6160519864729437 
22.069999999961905, -0.6156417563747181 
22.07999999996188, -0.615551067868205 
22.089999999961858, -0.6154580853752892 
22.099999999961835, -0.6153400983635006 
22.10999999996181, -0.616395254823536 
22.119999999961788, -0.6264605871518054 
22.129999999961765, -0.6283495903151106 
22.13999999996174, -0.6280563010745908 
22.149999999961718, -0.6265291342113475 
22.159999999961695, -0.6257949932438475 
22.16999999996167, -0.6256941072199738 
22.179999999961648, -0.6258523538592364 
22.189999999961625, -0.6260561656003663 
22.1999999999616, -0.6258840765495242 
22.20999999996158, -0.6279042409739741 
22.219999999961555, -0.623501780883882 
22.22999999996153, -0.6234624476868695 
22.23999999996151, -0.6232099235135613 
22.249999999961485, -0.6228095375151149 
22.25999999996146, -0.6226166377345517 
22.26999999996144, -0.6228977848359503 
22.279999999961415, -0.6243853259060048 
22.289999999961392, -0.6249916077742154 
22.29999999996137, -0.6244318195167394 
22.309999999961345, -0.6166646445803119 
22.319999999961322, -0.6137741536770706 
22.3299999999613, -0.6136256874857553 
22.339999999961275, -0.6135494599398176 
22.349999999961252, -0.6134943105030015 
22.35999999996123, -0.6134175869629067 
22.369999999961205, -0.6172672022825733 
22.379999999961182, -0.6296555593294287 
22.38999999996116, -0.6301076580698899 
22.399999999961135, -0.6295425272288515 
22.409999999961112, -0.6283713052314716 
22.41999999996109, -0.6279698755640264 
22.429999999961066, -0.6279894280503723 
22.439999999961042, -0.6282982587510136 
22.44999999996102, -0.6284229116906633 
22.459999999960996, -0.6281182089156402 
22.469999999960972, -0.6221704218620568 
22.47999999996095, -0.6162527653361335 
22.489999999960926, -0.6162071159543423 
22.499999999960902, -0.6159066896948493 
22.50999999996088, -0.6156327551009733 
22.519999999960856, -0.6155515687003684 
22.529999999960832, -0.6163917259433646 
22.53999999996081, -0.6188010374045203 
22.549999999960786, -0.6190470434889553 
22.559999999960763, -0.6176786488589031 
22.56999999996074, -0.6127751171086742 
22.579999999960716, -0.6118315567900695 
22.589999999960693, -0.6117696125566768 
22.59999999996067, -0.6117802819198713 
22.609999999960646, -0.6117484543966631 
22.619999999960623, -0.6118201235314329 
22.6299999999606, -0.6252362728016093 
22.639999999960576, -0.6329661256454854 
22.649999999960553, -0.6329943951375412 
22.65999999996053, -0.6323384464872265 
22.669999999960506, -0.6316925596376927 
22.679999999960483, -0.6315041521506569 
22.68999999996046, -0.6316973826684843 
22.699999999960436, -0.6322471018562296 
22.709999999960413, -0.632258682037651 
22.71999999996039, -0.6310803408011298 
22.729999999960366, -0.6126953779691652 
22.739999999960343, -0.6107808476654459 
22.74999999996032, -0.6106917489506665 
22.759999999960296, -0.6104465546058893 
22.769999999960273, -0.6102703151893489 
22.77999999996025, -0.610388455782079 
22.789999999960227, -0.6130067536157576 
22.799999999960203, -0.6162210609713336 
22.80999999996018, -0.6161962678787305 
22.819999999960157, -0.6143255799492066 
22.829999999960133, -0.6122771806624723 
22.83999999996011, -0.6119237509556429 
22.849999999960087, -0.6119396835390166 
22.859999999960063, -0.6120888360076707 
22.86999999996004, -0.6120289645892322 
22.879999999960017, -0.6125431083504924 
22.889999999959993, -0.6213723991177256 
22.89999999995997, -0.6211933629642321 
22.909999999959947, -0.6210816447632346 
22.919999999959924, -0.6205965516349716 
22.9299999999599, -0.6202871308803217 
22.939999999959877, -0.6202911439650267 
22.949999999959854, -0.6210852571495222 
22.95999999995983, -0.622198009354917 
22.969999999959807, -0.6220906627197152 
22.979999999959784, -0.6175212971181566 
22.98999999995976, -0.6099174307450491 
22.999999999959737, -0.6093721775223397 
23.009999999959714, -0.6092993327341414 
23.01999999995969, -0.6092330190941283 
23.029999999959667, -0.6091236700765166 
23.039999999959644, -0.6099396657324124 
23.04999999995962, -0.6226249777195676 
23.059999999959597, -0.6255266154738813 
23.069999999959574, -0.625344796187476 
23.07999999995955, -0.6242027013758725 
23.089999999959527, -0.623543382544361 
23.099999999959504, -0.6234323429155298 
23.10999999995948, -0.6236457163444323 
23.119999999959457, -0.6239864824215453 
23.129999999959434, -0.6238404735611348 
23.13999999995941, -0.6219043354736329 
23.149999999959388, -0.6067892861130415 
23.159999999959364, -0.6063867582141509 
23.16999999995934, -0.6062310811075208 
23.179999999959318, -0.6059642906420557 
23.189999999959294, -0.6058015570029379 
23.19999999995927, -0.6061990985975166 
23.209999999959248, -0.6095840662056163 
23.219999999959224, -0.6112478836286768 
23.2299999999592, -0.6109712390462034 
23.239999999959178, -0.6083155296607732 
23.249999999959154, -0.6068976197238438 
23.25999999995913, -0.6067172965370531 
23.269999999959108, -0.6067758771128101 
23.279999999959085, -0.6069208274299536 
23.28999999995906, -0.6067912829359854 
23.299999999959038, -0.6091327474372776 
23.309999999959015, -0.6113212178389387 
23.31999999995899, -0.611255704628156 
23.329999999958968, -0.6110561138249093 
23.339999999958945, -0.6106473748170331 
23.34999999995892, -0.6104332971319458 
23.359999999958898, -0.6106428044384314 
23.369999999958875, -0.612264403340501 
23.37999999995885, -0.6133108158855349 
23.389999999958828, -0.6129961617483117 
23.399999999958805, -0.6081047752222747 
23.40999999995878, -0.6053067443352524 
23.41999999995876, -0.6050788683831438 
23.429999999958735, -0.6050529742465195 
23.43999999995871, -0.6050773931279219 
23.44999999995869, -0.6049632421143246 
23.459999999958665, -0.6079916709213787 
23.46999999995864, -0.6255489111645806 
23.47999999995862, -0.6261803911109812 
23.489999999958595, -0.6258936888013973 
23.499999999958572, -0.6251523970021783 
23.50999999995855, -0.6248115995192104 
23.519999999958525, -0.6248530691534059 
23.529999999958502, -0.6254129782926949 
23.53999999995848, -0.6258324280302991 
23.549999999958455, -0.6255048211452501 
23.559999999958432, -0.6142580114729702 
23.56999999995841, -0.6049771398411558 
23.579999999958385, -0.6047830818214938 
23.589999999958362, -0.604635779028035 
23.59999999995834, -0.6044880537660242 
23.609999999958315, -0.6043832949647611 
23.619999999958292, -0.6057702361742167 
23.62999999995827, -0.6133033256410737 
23.639999999958246, -0.6142524154918981 
23.649999999958222, -0.6137735316779085 
23.6599999999582, -0.6120676065382253 
23.669999999958176, -0.6114439739583984 
23.679999999958152, -0.6113946353346242 
23.68999999995813, -0.6116105461480442 
23.699999999958106, -0.6118000359356854 
23.709999999958082, -0.6115665724503933 
23.71999999995806, -0.607711048551719 
23.729999999958036, -0.5969433526770673 
23.739999999958012, -0.5968362341351848 
23.74999999995799, -0.5966306822639291 
23.759999999957966, -0.5963992462392324 
23.769999999957943, -0.5962793213048446 
23.77999999995792, -0.5971482652207458 
23.789999999957896, -0.6018749752311185 
23.799999999957873, -0.6028085497817578 
23.80999999995785, -0.602308914342744 
23.819999999957826, -0.6001151377735396 
23.829999999957803, -0.5993363538470547 
23.83999999995778, -0.5992640298122079 
23.849999999957756, -0.59944097829931 
23.859999999957733, -0.5996333251925821 
23.86999999995771, -0.5994207036787762 
23.879999999957686, -0.5955939332830815 
23.889999999957663, -0.5830321722754997 
23.89999999995764, -0.5828562183615377 
23.909999999957616, -0.5826907642661623 
23.919999999957593, -0.5825012887851589 
23.92999999995757, -0.5823811432059846 
23.939999999957546, -0.5833838461950897 
23.949999999957523, -0.5910665183331019 
23.9599999999575, -0.5925583698290289 
23.969999999957476, -0.5922459622951769 
23.979999999957453, -0.590945139945466 
23.98999999995743, -0.5903858077516937 
23.999999999957407, -0.5903408497711944 
24.009999999957383, -0.5907104324123423 
24.01999999995736, -0.5911798866238672 
24.029999999957337, -0.5909788301552479 
24.039999999957313, -0.5837079089515997 
24.04999999995729, -0.5735097999018859 
24.059999999957267, -0.5730990676476363 
24.069999999957243, -0.5730274404120013 
24.07999999995722, -0.5729844161447002 
24.089999999957197, -0.5728830171091538 
24.099999999957173, -0.5741134017571031 
24.10999999995715, -0.5922859076008542 
24.119999999957127, -0.593744373478239 
24.129999999957104, -0.5936059073027959 
24.13999999995708, -0.593044141997201 
24.149999999957057, -0.5927281380052484 
24.159999999957034, -0.592754308282212 
24.16999999995701, -0.5937187591173415 
24.179999999956987, -0.5950805233498337 
24.189999999956964, -0.5949915387673798 
24.19999999995694, -0.5917458852588514 
24.209999999956917, -0.5878064661758318 
24.219999999956894, -0.5873677723282599 
24.22999999995687, -0.5873540612512044 
24.239999999956847, -0.5874427142630988 
24.249999999956824, -0.5873792350242627 
24.2599999999568, -0.5878845836633261 
24.269999999956777, -0.5956910786576154 
24.279999999956754, -0.5950562828725031 
24.28999999995673, -0.5949699769535797 
24.299999999956707, -0.5945966587446023 
24.309999999956684, -0.5943539127615421 
24.31999999995666, -0.5943970298195541 
24.329999999956637, -0.5959271709788465 
24.339999999956614, -0.5983853330321821 
24.34999999995659, -0.5983967054224856 
24.359999999956568, -0.5964784970890326 
24.369999999956544, -0.59396085683247 
24.37999999995652, -0.59354204726416 
24.389999999956498, -0.5935555240239266 
24.399999999956474, -0.5937343402593056 
24.40999999995645, -0.5937157156550127 
24.419999999956428, -0.5936367824074438 
24.429999999956404, -0.5882271939165756 
24.43999999995638, -0.5857177061154334 
24.449999999956358, -0.5856519323525101 
24.459999999956334, -0.5853839117770195 
24.46999999995631, -0.5851954705711563 
24.479999999956288, -0.5852332679520792 
24.489999999956265, -0.5877018139830827 
24.49999999995624, -0.5924323558425192 
24.509999999956218, -0.5925721510896174 
24.519999999956195, -0.5915296698808307 
24.52999999995617, -0.5901094717180803 
24.539999999956148, -0.5897700674939091 
24.549999999956125, -0.5898437384816618 
24.5599999999561, -0.5902561586087092 
24.569999999956078, -0.5903576160208701 
24.579999999956055, -0.5896161498674609 
24.58999999995603, -0.5731262208738215 
24.599999999956008, -0.5694694164129911 
24.609999999955985, -0.5693861353336866 
24.61999999995596, -0.5692757650685036 
24.62999999995594, -0.5692028680191679 
24.639999999955915, -0.5691710902025351 
24.64999999995589, -0.5757820901547837 
24.65999999995587, -0.5890309964520771 
24.669999999955845, -0.5892653488593561 
24.67999999995582, -0.5888655738949887 
24.6899999999558, -0.5883164523615134 
24.699999999955775, -0.588114955820268 
24.709999999955752, -0.5883987173845665 
24.71999999995573, -0.589854927567087 
24.729999999955705, -0.590397196085159 
24.739999999955682, -0.5897820774621778 
24.74999999995566, -0.5844093875056293 
24.759999999955635, -0.582691768817418 
24.769999999955612, -0.582567788212103 
24.77999999995559, -0.5826029052510102 
24.789999999955565, -0.5826829079526653 
24.799999999955542, -0.5825381918989282 
24.80999999995552, -0.5865362945244416 
24.819999999955495, -0.5846442340212991 
24.829999999955472, -0.5845782977212691 
24.83999999995545, -0.5843763863123298 
24.849999999955426, -0.5840909661266077 
24.859999999955402, -0.5839416895964962 
24.86999999995538, -0.5844986735778596 
24.879999999955356, -0.5887251721648223 
24.889999999955332, -0.5902095810176334 
24.89999999995531, -0.5898939158760289 
24.909999999955286, -0.5879723849628541 
24.919999999955262, -0.5871142365602081 
24.92999999995524, -0.5870073004687448 
24.939999999955216, -0.5872131369364092 
24.949999999955192, -0.5875504905302945 
24.95999999995517, -0.5873917126212636 
24.969999999955146, -0.5822283634448521 
24.979999999955123, -0.5668069231927143 
24.9899999999551, -0.5662783280137841 
24.999999999955076, -0.5661917435181502 
