t, s[1].omega / s[0].omega 
0, -1.1019980447148756 
0.009999999999999995, -1.1016903839519703 
0.019999999999999934, -1.1012956201375708 
0.029999999999999874, -1.101123039457358 
0.04000000000000012, -1.1009037498907486 
0.050000000000000405, -1.1003277571503596 
0.06000000000000069, -1.099570735900634 
0.07000000000000098, -1.099198622692908 
0.08000000000000126, -1.0989511192019759 
0.09000000000000155, -1.097936254769697 
0.10000000000000184, -1.0961536692277205 
0.11000000000000212, -1.0952818713823478 
0.12000000000000241, -1.0950855432403541 
0.130000000000002, -1.0936599705316246 
0.1400000000000009, -1.0886330543362968 
0.1499999999999998, -1.0858952982626688 
0.1599999999999987, -1.0858102640197056 
0.1699999999999976, -1.084623774045734 
0.1799999999999965, -1.07238744471149 
0.1899999999999954, -1.0619256050280774 
0.1999999999999943, -1.0621025410188671 
0.2099999999999932, -1.061542163847663 
0.2199999999999921, -1.0504389301757895 
0.229999999999991, -1.025004032905199 
0.2399999999999899, -1.025861060236401 
0.2499999999999888, -1.0257118914458236 
0.2599999999999877, -1.0222867031162668 
0.2699999999999866, -0.9957428029480677 
0.2799999999999855, -0.995350637587931 
0.2899999999999844, -0.9956729613675964 
0.2999999999999833, -0.9947698683477153 
0.3099999999999822, -0.9786699978527602 
0.3199999999999811, -0.959950741788259 
0.32999999999998, -0.9609631516150549 
0.3399999999999789, -0.960767984771601 
0.3499999999999778, -0.9569387791804492 
0.35999999999997667, -0.9305720556036955 
0.36999999999997557, -0.9242354586523 
0.37999999999997447, -0.9243808661011766 
0.38999999999997337, -0.9237399967767875 
0.39999999999997227, -0.9179721877599193 
0.40999999999997117, -0.9094522476082323 
0.41999999999997006, -0.9081906759432394 
0.42999999999996896, -0.9080821504253268 
0.43999999999996786, -0.9071174918160668 
0.44999999999996676, -0.9045594769198824 
0.45999999999996566, -0.9026839797373861 
0.46999999999996456, -0.9023397271037964 
0.47999999999996346, -0.9021370248368743 
0.48999999999996235, -0.901427123306886 
0.49999999999996125, -0.9005403919504508 
0.5099999999999602, -0.8999728896708783 
0.519999999999959, -0.8998445331605643 
0.529999999999958, -0.899669633718565 
0.5399999999999568, -0.8993262854111681 
0.5499999999999557, -0.8989523750168309 
0.5599999999999546, -0.8987691232474115 
0.5699999999999535, -0.8988041538389554 
0.5799999999999524, -0.8988159608877963 
0.5899999999999513, -0.8986987527279715 
0.5999999999999502, -0.8984992039373453 
0.6099999999999491, -0.8986410395259369 
0.619999999999948, -0.8990939303832716 
0.6299999999999469, -0.8994872552436501 
0.6399999999999458, -0.8994425296783346 
0.6499999999999447, -0.8993783550695792 
0.6599999999999436, -0.9004743014925548 
0.6699999999999425, -0.9024215995602648 
0.6799999999999414, -0.9032773692242655 
0.6899999999999403, -0.9031561986910417 
0.6999999999999392, -0.9035293958334042 
0.7099999999999381, -0.9096928875294477 
0.719999999999937, -0.9159814671015281 
0.7299999999999359, -0.9166731243033093 
0.7399999999999348, -0.916332553717945 
0.7499999999999337, -0.9188674325012643 
0.7599999999999326, -0.9453767781097898 
0.7699999999999315, -0.9518656593548962 
0.7799999999999304, -0.9519368607380312 
0.7899999999999293, -0.9508530327567399 
0.7999999999999282, -0.9580977078815414 
0.8099999999999271, -0.9791221991782659 
0.819999999999926, -0.9804465477548115 
0.8299999999999249, -0.9800589028147138 
0.8399999999999238, -0.975749951503632 
0.8499999999999227, -0.9813713544635075 
0.8599999999999216, -0.9866084324679605 
0.8699999999999205, -0.9866729134962449 
0.8799999999999194, -0.9850957674237205 
0.8899999999999183, -0.9710826627135563 
0.8999999999999172, -0.9732379584784421 
0.9099999999999161, -0.9741847754429223 
0.919999999999915, -0.9737561471258142 
0.9299999999999139, -0.9659031063551731 
0.9399999999999128, -0.9379207128791683 
0.9499999999999117, -0.9380721121515607 
0.9599999999999106, -0.9381242180482811 
0.9699999999999095, -0.936672318766202 
0.9799999999999084, -0.921264183615221 
0.9899999999999073, -0.9085590698543279 
0.9999999999999062, -0.9083798643933257 
1.0099999999999052, -0.9081400841791196 
1.019999999999904, -0.9058943162654357 
1.029999999999903, -0.9006126360875251 
1.039999999999902, -0.8983190071599478 
1.0499999999999008, -0.8981728054050246 
1.0599999999998997, -0.8977808167235485 
1.0699999999998986, -0.8964987492603564 
1.0799999999998975, -0.8951558288324513 
1.0899999999998964, -0.8945739066426863 
1.0999999999998953, -0.8944586825979551 
1.1099999999998942, -0.8941279259125339 
1.119999999999893, -0.8936010031037455 
1.129999999999892, -0.8931371665282861 
1.1399999999998909, -0.8929641717849519 
1.1499999999998898, -0.8929390499176888 
1.1599999999998887, -0.8928251618627746 
1.1699999999998876, -0.8926041535199689 
1.1799999999998865, -0.8924138591739815 
1.1899999999998854, -0.8925442372106672 
1.1999999999998843, -0.8928359127556966 
1.2099999999998832, -0.893015267268281 
1.219999999999882, -0.892879553602084 
1.229999999999881, -0.8929385640881489 
1.2399999999998799, -0.8939393900137329 
1.2499999999998788, -0.8952979216369019 
1.2599999999998777, -0.895729053491443 
1.2699999999998766, -0.8955501663806348 
1.2799999999998755, -0.8964890466940226 
1.2899999999998744, -0.9021205117082668 
1.2999999999998733, -0.9061488525204736 
1.3099999999998722, -0.9064423028384154 
1.319999999999871, -0.9060470049193907 
1.32999999999987, -0.911894284095459 
1.3399999999998689, -0.9364215558202204 
1.3499999999998678, -0.9401470444216317 
1.3599999999998666, -0.9400553380742098 
1.3699999999998655, -0.9385670712473467 
1.3799999999998644, -0.9490666305554681 
1.3899999999998633, -0.9640739292336933 
1.3999999999998622, -0.9648077191668725 
1.4099999999998611, -0.964237615863853 
1.41999999999986, -0.9558283889492146 
1.429999999999859, -0.9437845138222394 
1.4399999999998578, -0.9459530001139531 
1.4499999999998567, -0.9459204687376016 
1.4599999999998556, -0.9437730080375288 
1.4699999999998545, -0.9197132013671561 
1.4799999999998534, -0.9073945095595393 
1.4899999999998523, -0.9075934721579082 
1.4999999999998512, -0.9072403898677743 
1.5099999999998501, -0.9036414267363561 
1.519999999999849, -0.895683322317236 
1.529999999999848, -0.8933657251137084 
1.5399999999998468, -0.893279230338051 
1.5499999999998457, -0.8927387482164911 
1.5599999999998446, -0.8910036037016335 
1.5699999999998435, -0.8893560945562287 
1.5799999999998424, -0.888801167264292 
1.5899999999998413, -0.8886778680114976 
1.5999999999998402, -0.8882590095580416 
1.6099999999998391, -0.8876396751204176 
1.619999999999838, -0.887139670701241 
1.629999999999837, -0.88697600472698 
1.6399999999998358, -0.8869261123151683 
1.6499999999998347, -0.886770777491129 
1.6599999999998336, -0.8865217736585259 
1.6699999999998325, -0.8863409759359728 
1.6799999999998314, -0.8864713197452789 
1.6899999999998303, -0.8867330465598887 
1.6999999999998292, -0.8868708483919809 
1.709999999999828, -0.8867203858930156 
1.719999999999827, -0.8868288718134288 
1.729999999999826, -0.8878706169460842 
1.7399999999998248, -0.8892048606265073 
1.7499999999998237, -0.8895761007782617 
1.7599999999998226, -0.8893882557688074 
1.7699999999998215, -0.8905694876041657 
1.7799999999998204, -0.8969149388605038 
1.7899999999998193, -0.9009580855259101 
1.7999999999998182, -0.9011962630252397 
1.809999999999817, -0.9007501344406053 
1.819999999999816, -0.9077487263577337 
1.8299999999998149, -0.9347514021384902 
1.8399999999998138, -0.9380939020903561 
1.8499999999998127, -0.9379672867331552 
1.8599999999998116, -0.9360075657796174 
1.8699999999998105, -0.9379191934342651 
1.8799999999998094, -0.9475530129302356 
1.8899999999998083, -0.9481578590138754 
1.8999999999998072, -0.9475448741747737 
1.909999999999806, -0.9363270321681503 
1.919999999999805, -0.9088371797908045 
1.9299999999998039, -0.9087843806632425 
1.9399999999998028, -0.9087583272285229 
1.9499999999998017, -0.9071497458207013 
1.9599999999998006, -0.8967628034423718 
1.9699999999997995, -0.889580848731181 
1.9799999999997984, -0.8892543040793188 
1.9899999999997973, -0.889017442313869 
1.9999999999997962, -0.8875368099347194 
2.0099999999998173, -0.8850687158255816 
2.0199999999998384, -0.8837906599389869 
2.0299999999998595, -0.883616921372648 
2.0399999999998806, -0.8833400222295789 
2.0499999999999017, -0.8826688921591797 
2.059999999999923, -0.8820002560850588 
2.069999999999944, -0.8816406618821729 
2.079999999999965, -0.8815765880128326 
2.089999999999986, -0.8814437679416215 
2.100000000000007, -0.8812103828055241 
2.1100000000000283, -0.8809413293531572 
2.1200000000000494, -0.8809106734160927 
2.1300000000000705, -0.8811138900606733 
2.1400000000000916, -0.8813248335325696 
2.1500000000001127, -0.8812857898997339 
2.160000000000134, -0.8811513065107305 
2.170000000000155, -0.881727770656122 
2.180000000000176, -0.8830544961543805 
2.190000000000197, -0.8839732738316848 
2.2000000000002182, -0.8839499146380789 
2.2100000000002393, -0.8839477844796275 
2.2200000000002604, -0.8879553789953584 
2.2300000000002815, -0.8949942149606661 
2.2400000000003026, -0.8964779866567827 
2.2500000000003237, -0.8962899806983058 
2.260000000000345, -0.8962457008616053 
2.270000000000366, -0.9201620801422314 
2.280000000000387, -0.934734171546682 
2.290000000000408, -0.9352870830728148 
2.3000000000004293, -0.9346453993535533 
2.3100000000004504, -0.927956683924229 
2.3200000000004715, -0.9264500277491139 
2.3300000000004926, -0.9288813866622857 
2.3400000000005137, -0.9288258394944919 
2.3500000000005348, -0.9265301102620355 
2.360000000000556, -0.9032044723021055 
2.370000000000577, -0.8916339186635939 
2.380000000000598, -0.8917472172258266 
2.390000000000619, -0.891412651508713 
2.4000000000006403, -0.8884945150983026 
2.4100000000006614, -0.8828199606798239 
2.4200000000006825, -0.8808590450547626 
2.4300000000007036, -0.8807425993395379 
2.4400000000007247, -0.8803115832172462 
2.450000000000746, -0.8791127446371181 
2.460000000000767, -0.8779804944232149 
2.470000000000788, -0.8775043069750192 
2.480000000000809, -0.8774034870419177 
2.49000000000083, -0.8771288612298968 
2.5000000000008513, -0.8767243057420953 
2.5100000000008724, -0.8763619602883995 
2.5200000000008935, -0.8762570697664805 
2.5300000000009146, -0.8763137779933247 
2.5400000000009357, -0.8763314513377638 
2.550000000000957, -0.87619733540518 
2.560000000000978, -0.8760564774672881 
2.570000000000999, -0.8763975056623627 
2.58000000000102, -0.8771098751752128 
2.5900000000010412, -0.8776147485670334 
2.6000000000010624, -0.8775382174571672 
2.6100000000010835, -0.8776182429060103 
2.6200000000011046, -0.8801118087034975 
2.6300000000011257, -0.8840323671468543 
2.6400000000011468, -0.8850580395689532 
2.650000000001168, -0.8848673006259902 
2.660000000001189, -0.885495553807182 
2.67000000000121, -0.9045616397360235 
2.680000000001231, -0.9165706878396384 
2.6900000000012523, -0.9171101838598698 
2.7000000000012734, -0.9165138384678719 
2.7100000000012945, -0.912667688242142 
2.7200000000013156, -0.920727303701435 
2.7300000000013367, -0.9237935729843747 
2.740000000001358, -0.9237608088832792 
2.750000000001379, -0.9216258119417761 
2.7600000000014, -0.8979465696112806 
2.770000000001421, -0.8851726440848876 
2.780000000001442, -0.8852959637911115 
2.7900000000014633, -0.884992934142385 
2.8000000000014844, -0.882272558731857 
2.8100000000015055, -0.8767104980143036 
2.8200000000015266, -0.8746364635850915 
2.8300000000015477, -0.8745060258205168 
2.840000000001569, -0.8741227840641408 
2.85000000000159, -0.8730342799720416 
2.860000000001611, -0.8719786404520352 
2.870000000001632, -0.8714959687285355 
2.8800000000016532, -0.8714011023784006 
2.8900000000016743, -0.8711726149204666 
2.9000000000016954, -0.8708217608029184 
2.9100000000017165, -0.8704868602255434 
2.9200000000017377, -0.8703916493727014 
2.9300000000017588, -0.8704917360547615 
2.94000000000178, -0.8705826249350153 
2.950000000001801, -0.870500491851768 
2.960000000001822, -0.8703538373848286 
2.970000000001843, -0.870764663115091 
2.9800000000018643, -0.8717472301761255 
2.9900000000018854, -0.8725141535035259 
3.0000000000019065, -0.8725000309491361 
3.0100000000019276, -0.8724704598585546 
3.0200000000019487, -0.8756759288269245 
3.03000000000197, -0.8819982811195928 
3.040000000001991, -0.8836646188959566 
3.050000000002012, -0.8835229827129044 
3.060000000002033, -0.8832212387384252 
3.070000000002054, -0.9047273751307481 
3.0800000000020753, -0.9224392288319856 
3.0900000000020964, -0.9232338920942438 
3.1000000000021175, -0.9227187620883178 
3.1100000000021386, -0.915154902391509 
3.1200000000021597, -0.8964200298047721 
3.130000000002181, -0.8975745078487647 
3.140000000002202, -0.8976228952029514 
3.150000000002223, -0.8962539374900296 
3.160000000002244, -0.8847890562142907 
3.1700000000022652, -0.8752026365895577 
3.1800000000022863, -0.8747135200521609 
3.1900000000023074, -0.8745340756263466 
3.2000000000023285, -0.8732528712442211 
3.2100000000023496, -0.8708366756237085 
3.2200000000023707, -0.8694355042827957 
3.230000000002392, -0.8692070549985138 
3.240000000002413, -0.8689986096710717 
3.250000000002434, -0.8684465861680458 
3.260000000002455, -0.8678607383362829 
3.2700000000024763, -0.8675009215920604 
3.2800000000024974, -0.8674465714931578 
3.2900000000025185, -0.8673989274171366 
3.3000000000025396, -0.8672663538460313 
3.3100000000025607, -0.867039439931666 
3.3200000000025818, -0.8670150698789736 
3.330000000002603, -0.8673683105675217 
3.340000000002624, -0.8678478104349632 
3.350000000002645, -0.8679927944011918 
3.360000000002666, -0.8678316734492496 
3.3700000000026873, -0.8684832181107458 
3.3800000000027084, -0.8711700494725901 
3.3900000000027295, -0.8734954063819336 
3.4000000000027506, -0.8737358875454923 
3.4100000000027717, -0.8734361162671134 
3.420000000002793, -0.878093035935655 
3.430000000002814, -0.8988283960074455 
3.440000000002835, -0.903246758906839 
3.450000000002856, -0.9032394335162176 
3.460000000002877, -0.9018338555290766 
3.4700000000028983, -0.8965843176125948 
3.4800000000029194, -0.9017197432498226 
3.4900000000029405, -0.9027097886817146 
3.5000000000029616, -0.9023873262131854 
3.5100000000029827, -0.8971638011861535 
3.520000000003004, -0.8762698820802849 
3.530000000003025, -0.8719223655088434 
3.540000000003046, -0.8719383705837342 
3.550000000003067, -0.871380306168215 
3.5600000000030882, -0.8687581065273969 
3.5700000000031094, -0.8659446180957647 
3.5800000000031305, -0.8650940581600852 
3.5900000000031516, -0.8649792644222887 
3.6000000000031727, -0.8645563346181563 
3.6100000000031938, -0.8638354506999236 
3.620000000003215, -0.8632443851976397 
3.630000000003236, -0.8630153590805232 
3.640000000003257, -0.8629767125738754 
3.650000000003278, -0.8628549376244696 
3.6600000000032993, -0.862646725389856 
3.6700000000033204, -0.8624415224173222 
3.6800000000033415, -0.8625652368218201 
3.6900000000033626, -0.8629489868780881 
3.7000000000033837, -0.8632950013921584 
3.710000000003405, -0.8632422611629409 
3.720000000003426, -0.8632005585369946 
3.730000000003447, -0.8646249751909983 
3.740000000003468, -0.8674623421264852 
3.750000000003489, -0.8686985730806518 
3.7600000000035103, -0.86860616121681 
3.7700000000035314, -0.8686633470043668 
3.7800000000035525, -0.8815713066230207 
3.7900000000035736, -0.8972815682315338 
3.8000000000035947, -0.8984846197832779 
3.810000000003616, -0.8981358995108137 
3.820000000003637, -0.8944223108738032 
3.830000000003658, -0.8877263572818607 
3.840000000003679, -0.8905895996837258 
3.8500000000037002, -0.8908031515898976 
3.8600000000037213, -0.8898870060428048 
3.8700000000037424, -0.8795686254509851 
3.8800000000037635, -0.8664248627996913 
3.8900000000037847, -0.8653955896783115 
3.9000000000038058, -0.8652924010937382 
3.910000000003827, -0.8643046961623182 
3.920000000003848, -0.8619485500374401 
3.930000000003869, -0.8603293952551079 
3.94000000000389, -0.8599811726407693 
3.9500000000039113, -0.8598318303671411 
3.9600000000039324, -0.8593729329027804 
3.9700000000039535, -0.8588290741427361 
3.9800000000039746, -0.8584444714856547 
3.9900000000039957, -0.8583692452716173 
4.000000000004016, -0.858376843551897 
4.010000000003993, -0.8583212296355752 
4.02000000000397, -0.8581365546089921 
4.030000000003946, -0.8580601781712631 
4.040000000003923, -0.8584780343212852 
4.0500000000039, -0.8591956596079195 
4.0600000000038765, -0.8595888881756539 
4.070000000003853, -0.8594601237218579 
4.08000000000383, -0.8597987814015675 
4.090000000003807, -0.8635096720133664 
4.100000000003783, -0.8681407172343949 
4.11000000000376, -0.8689209796733058 
4.120000000003737, -0.868638489971054 
4.130000000003713, -0.8696015757374435 
4.14000000000369, -0.8982727454960661 
4.150000000003667, -0.908608431888155 
4.1600000000036434, -0.908907477343024 
4.17000000000362, -0.9079949936033 
4.180000000003597, -0.8930164584975473 
4.1900000000035735, -0.8710277553047475 
4.20000000000355, -0.8714006179805485 
4.210000000003527, -0.8713110203578897 
4.220000000003504, -0.8695496091684417 
4.23000000000348, -0.8622493718165307 
4.240000000003457, -0.8579521127519028 
4.250000000003434, -0.8576098089770793 
4.26000000000341, -0.8573978622149103 
4.270000000003387, -0.8564790925439891 
4.280000000003364, -0.855289833583989 
4.2900000000033405, -0.8545809019024504 
4.300000000003317, -0.8544280598422667 
4.310000000003294, -0.8542933902006956 
4.320000000003271, -0.8540130689457653 
4.330000000003247, -0.8536958901331066 
4.340000000003224, -0.8535209666259151 
4.350000000003201, -0.8536361833507651 
4.360000000003177, -0.8538576635362107 
4.370000000003154, -0.8539629255167476 
4.380000000003131, -0.853809935846755 
4.390000000003107, -0.8540031563925761 
4.400000000003084, -0.8554126020391121 
4.410000000003061, -0.8572740445758232 
4.4200000000030375, -0.8577599247786978 
4.430000000003014, -0.8575458651437936 
4.440000000002991, -0.8590382899806784 
4.450000000002968, -0.873969968977315 
4.460000000002944, -0.8821927748787584 
4.470000000002921, -0.8825688526597422 
4.480000000002898, -0.881894490288011 
4.490000000002874, -0.8761563937787785 
4.500000000002851, -0.872808813383814 
4.510000000002828, -0.874632320967656 
4.520000000002804, -0.8746079373423843 
4.530000000002781, -0.8728919031590211 
4.540000000002758, -0.8616214734664055 
4.5500000000027345, -0.8541475407256627 
4.560000000002711, -0.8537486799129858 
4.570000000002688, -0.8535560771693645 
4.580000000002665, -0.8524637588100332 
4.590000000002641, -0.8507862465313162 
4.600000000002618, -0.8498021299384324 
4.610000000002595, -0.8496021216064563 
4.620000000002571, -0.8494484688528227 
4.630000000002548, -0.8490944881128156 
4.640000000002525, -0.8487132559345514 
4.6500000000025015, -0.8484744985930626 
4.660000000002478, -0.8485179986959135 
4.670000000002455, -0.84865705724451 
4.6800000000024315, -0.8487254593662288 
4.690000000002408, -0.8485743289597727 
4.700000000002385, -0.8486522458268737 
4.710000000002362, -0.8496889331359143 
4.720000000002338, -0.8512587308855357 
4.730000000002315, -0.8518235127272119 
4.740000000002292, -0.851650558853509 
4.750000000002268, -0.8524913727083523 
4.760000000002245, -0.8640683970123425 
4.770000000002222, -0.8734248327757737 
4.7800000000021985, -0.8740610372237357 
4.790000000002175, -0.8735721994625474 
4.800000000002152, -0.8692532651051434 
4.810000000002129, -0.8643624542214625 
4.820000000002105, -0.8665003930050047 
4.830000000002082, -0.8665955457588129 
4.840000000002059, -0.8654612031503317 
4.850000000002035, -0.8566069567295846 
4.860000000002012, -0.8483629519076126 
4.870000000001989, -0.847571306163571 
4.880000000001965, -0.8474450757408812 
4.890000000001942, -0.8466329489626099 
4.900000000001919, -0.8451845255769888 
4.9100000000018955, -0.8442027159892601 
4.920000000001872, -0.843936277300361 
4.930000000001849, -0.8438322585242357 
4.940000000001826, -0.8435624628817112 
4.950000000001802, -0.8432392878929934 
4.960000000001779, -0.8429947169432274 
4.970000000001756, -0.8430445054019942 
4.980000000001732, -0.8432694949909768 
4.990000000001709, -0.8434664900224321 
5.000000000001686, -0.8433767887393774 
5.0100000000016625, -0.8433542361390531 
5.020000000001639, -0.8445660414812316 
5.030000000001616, -0.8469628022539919 
5.0400000000015925, -0.8480942567147564 
5.050000000001569, -0.8480061748608658 
5.060000000001546, -0.8480111504103962 
5.070000000001523, -0.8615899876853729 
5.080000000001499, -0.879844142861264 
5.090000000001476, -0.8812384429625743 
5.100000000001453, -0.8809268504139403 
5.110000000001429, -0.8762195849294223 
5.120000000001406, -0.8483643688647641 
5.130000000001383, -0.8453042719813838 
5.1400000000013595, -0.8455092655336272 
5.150000000001336, -0.8449346668405695 
5.160000000001313, -0.8410211525418998 
5.17000000000129, -0.8361442729566958 
5.180000000001266, -0.834882420678817 
5.190000000001243, -0.8347789206640908 
5.20000000000122, -0.8343812080970222 
5.210000000001196, -0.833613371159171 
5.220000000001173, -0.8329786230107057 
5.23000000000115, -0.8327020846856921 
5.240000000001126, -0.832681457008831 
5.250000000001103, -0.8326300647805753 
5.26000000000108, -0.8325046973623716 
5.2700000000010565, -0.8323082770233792 
5.280000000001033, -0.8324489957724774 
5.29000000000101, -0.8331198408446095 
5.300000000000987, -0.8339504202373419 
5.310000000000963, -0.8341335165068147 
5.32000000000094, -0.8339538302642457 
5.330000000000917, -0.8357054236456362 
5.340000000000893, -0.8446270636441835 
5.35000000000087, -0.8496368132647656 
5.360000000000847, -0.8498818125822496 
5.3700000000008234, -0.8491781933270786 
5.3800000000008, -0.845001059643277 
5.390000000000777, -0.8439203982965554 
5.4000000000007535, -0.8455115876720881 
5.41000000000073, -0.8454853326775481 
5.420000000000707, -0.8439528269298932 
5.430000000000684, -0.8361660993955926 
5.44000000000066, -0.8309565833794827 
5.450000000000637, -0.8304399211798815 
5.460000000000614, -0.8302880365639773 
5.47000000000059, -0.8295856527911208 
5.480000000000567, -0.8286190507850058 
5.490000000000544, -0.8279816781495744 
5.5000000000005205, -0.8278066097578473 
5.510000000000497, -0.8277589765612353 
5.520000000000474, -0.8276328276725821 
5.5300000000004506, -0.8274336836512461 
5.540000000000427, -0.8272784418121278 
5.550000000000404, -0.8275419640374628 
5.560000000000381, -0.8281864711952829 
5.570000000000357, -0.8287520229178665 
5.580000000000334, -0.8287275323080536 
5.590000000000311, -0.8286951992973077 
5.600000000000287, -0.8320965315814116 
5.610000000000264, -0.84032558154645 
5.620000000000241, -0.8426818732204687 
5.6300000000002175, -0.8426091688335847 
5.640000000000194, -0.8413139395952808 
5.650000000000171, -0.8381420361108649 
5.660000000000148, -0.8404709445917351 
5.670000000000124, -0.8413017228755847 
5.680000000000101, -0.8410501953870486 
5.690000000000078, -0.8380338772545559 
5.700000000000054, -0.8298432086101275 
5.710000000000031, -0.8267334094239944 
5.720000000000008, -0.8265538895905438 
5.729999999999984, -0.8262910223379932 
5.739999999999961, -0.8254660194546405 
5.749999999999938, -0.8246233742949978 
5.7599999999999145, -0.8241541071077031 
5.769999999999891, -0.8240720716798462 
5.779999999999868, -0.8240211744848985 
5.789999999999845, -0.8239064539436884 
5.799999999999821, -0.8237038964648876 
5.809999999999798, -0.8236551631367834 
5.819999999999775, -0.8241254099918466 
5.829999999999751, -0.8249667806192881 
5.839999999999728, -0.8254413031067009 
5.849999999999705, -0.8253205679849163 
5.8599999999996815, -0.825670974766058 
5.869999999999658, -0.8324121882251427 
5.879999999999635, -0.8417181934086893 
5.8899999999996115, -0.8429268270845572 
5.899999999999588, -0.8426455807998335 
5.909999999999565, -0.8394743427813629 
5.919999999999542, -0.8213761155155015 
5.929999999999518, -0.8192289000075781 
5.939999999999495, -0.8195130958642898 
5.949999999999472, -0.8190504536629086 
5.959999999999448, -0.8158719196389422 
5.969999999999425, -0.8116447353527866 
5.979999999999402, -0.810286578253863 
5.9899999999993785, -0.8101629958034384 
5.999999999999355, -0.8098943159294004 
6.009999999999332, -0.8093625110703243 
6.019999999999309, -0.8088931755973583 
6.029999999999285, -0.8086585364327686 
6.039999999999262, -0.808706609677293 
6.049999999999239, -0.8088395784612703 
6.059999999999215, -0.8089105701016327 
6.069999999999192, -0.8087661147409486 
6.079999999999169, -0.8089308394294751 
6.089999999999145, -0.8105863182834181 
6.099999999999122, -0.8132997153905566 
6.109999999999099, -0.8141706003943862 
6.1199999999990755, -0.8139892437118773 
6.129999999999052, -0.8139609410676015 
6.139999999999029, -0.8369595745518327 
6.149999999999006, -0.8536882388554141 
6.159999999998982, -0.8544791448500819 
6.169999999998959, -0.8540392975662374 
6.179999999998936, -0.8473672162424851 
6.189999999998912, -0.8280244423402358 
6.199999999998889, -0.8246169542277804 
6.209999999998866, -0.8245926207167041 
6.2199999999988425, -0.8241241937971746 
6.229999999998819, -0.8225835672768331 
6.239999999998796, -0.8211691578740566 
6.2499999999987725, -0.8205905176042237 
6.259999999998749, -0.8204991794399614 
6.269999999998726, -0.82032229097791 
6.279999999998703, -0.8200505764132828 
6.289999999998679, -0.8197719020706402 
6.299999999998656, -0.8197074436194184 
6.309999999998633, -0.8199740559770295 
6.319999999998609, -0.820400173969421 
6.329999999998586, -0.8205814260864528 
6.339999999998563, -0.8204290074751623 
6.3499999999985395, -0.8210311671412589 
6.359999999998516, -0.8251363287026767 
6.369999999998493, -0.8296953165155675 
6.37999999999847, -0.8303224819916646 
6.389999999998446, -0.8299672930681373 
6.399999999998423, -0.8291154062206199 
6.4099999999984, -0.8430767006442431 
6.419999999998376, -0.8481526061298702 
6.429999999998353, -0.8483981721618157 
6.43999999999833, -0.8475967463487758 
6.449999999998306, -0.840035949299371 
6.459999999998283, -0.8305381514256621 
6.46999999999826, -0.8291925754067527 
6.4799999999982365, -0.8291082971662239 
6.489999999998213, -0.8285296618250457 
6.49999999999819, -0.8273501562429152 
6.509999999998167, -0.8264552099091791 
6.519999999998143, -0.8261286106524881 
6.52999999999812, -0.8260696080037863 
6.539999999998097, -0.8259208496400533 
6.549999999998073, -0.8257083301990226 
6.55999999999805, -0.8254855809984931 
6.569999999998027, -0.8255694625483826 
6.5799999999980034, -0.826021137936597 
6.58999999999798, -0.8265763585279232 
6.599999999997957, -0.8266722919559246 
6.6099999999979335, -0.8265206141485079 
6.61999999999791, -0.8280806964185553 
6.629999999997887, -0.8344404783361219 
6.639999999997864, -0.8382607239522069 
6.64999999999784, -0.8384582867072063 
6.659999999997817, -0.8377981985196727 
6.669999999997794, -0.837211228274309 
6.67999999999777, -0.8463417002084646 
6.689999999997747, -0.8484441803681054 
6.699999999997724, -0.8484113987973964 
6.7099999999977005, -0.8467287166688936 
6.719999999997677, -0.8372776844133545 
6.729999999997654, -0.8311649778852584 
6.7399999999976306, -0.8306865075716668 
6.749999999997607, -0.8305245346527507 
6.759999999997584, -0.8297316774931852 
6.769999999997561, -0.8286228551997081 
6.779999999997537, -0.827916128041185 
6.789999999997514, -0.827731662431611 
6.799999999997491, -0.8276635633506466 
6.809999999997467, -0.827498815116087 
6.819999999997444, -0.8272728308104462 
6.829999999997421, -0.8271080191077212 
6.8399999999973975, -0.8273270306243852 
6.849999999997374, -0.8278641058571945 
6.859999999997351, -0.8283334783127667 
6.869999999997328, -0.8282900700647267 
6.879999999997304, -0.8282858360689437 
6.889999999997281, -0.8312545967784388 
6.899999999997258, -0.8379967422994359 
6.909999999997234, -0.8400638785680306 
6.919999999997211, -0.8399798493446582 
6.929999999997188, -0.8388719345065134 
6.939999999997164, -0.8429540821920732 
6.949999999997141, -0.8517552045831223 
6.959999999997118, -0.8527097001686649 
6.9699999999970945, -0.8524300866656767 
6.979999999997071, -0.8487050569139852 
6.989999999997048, -0.83727894747415 
6.999999999997025, -0.8335795981336008 
7.009999999997001, -0.8334582805493203 
7.019999999996978, -0.833136957190716 
7.029999999996955, -0.8320432153273125 
7.039999999996931, -0.8309221919512424 
7.049999999996908, -0.8303576753752095 
7.059999999996885, -0.8302583541751273 
7.0699999999968615, -0.8301345562105308 
7.079999999996838, -0.8299170678777354 
7.089999999996815, -0.8296588368373523 
7.0999999999967915, -0.8295785711340765 
7.109999999996768, -0.8298623920355616 
7.119999999996745, -0.8303399756910926 
7.129999999996722, -0.8305816628535253 
7.139999999996698, -0.8304378748446107 
7.149999999996675, -0.8308867294617562 
7.159999999996652, -0.8346524222787037 
7.169999999996628, -0.8392899528908123 
7.179999999996605, -0.8400391536378529 
7.189999999996582, -0.8397338210206271 
7.1999999999965585, -0.8394707427267388 
7.209999999996535, -0.8617306936304676 
7.219999999996512, -0.8699767294535273 
7.229999999996489, -0.8702994255223124 
7.239999999996465, -0.8695070168029743 
7.249999999996442, -0.8590908186158731 
7.259999999996419, -0.8428846116445571 
7.269999999996395, -0.8414217682987485 
7.279999999996372, -0.8413570090194111 
7.289999999996349, -0.8405810069809397 
7.299999999996325, -0.8386191888718719 
7.309999999996302, -0.8371568946440917 
7.319999999996279, -0.8367379637413421 
7.3299999999962555, -0.8366348808186613 
7.339999999996232, -0.8363324697137191 
7.349999999996209, -0.8359488948973474 
7.359999999996186, -0.8356359896450426 
7.369999999996162, -0.8355971035169198 
7.379999999996139, -0.8357525525072698 
7.389999999996116, -0.8359223428174202 
7.399999999996092, -0.8358720948549366 
7.409999999996069, -0.835759900727464 
7.419999999996046, -0.8365606496619921 
7.4299999999960225, -0.8386424892141203 
7.439999999995999, -0.8401191848196157 
7.449999999995976, -0.8401669478801469 
7.4599999999959525, -0.8399132935943063 
7.469999999995929, -0.8480634549943304 
7.479999999995906, -0.8710117917830971 
7.489999999995883, -0.8740241143269951 
7.499999999995859, -0.8739116695357505 
7.509999999995836, -0.8714288751540796 
7.519999999995813, -0.84444132367953 
7.529999999995789, -0.8335805643330358 
7.539999999995766, -0.8338511616039147 
7.549999999995743, -0.8335636249303991 
7.5599999999957195, -0.8312744241163158 
7.569999999995696, -0.8272620563526863 
7.579999999995673, -0.8255797006681892 
7.58999999999565, -0.8254010688685116 
7.599999999995626, -0.8251739014632595 
7.609999999995603, -0.824625819619665 
7.61999999999558, -0.8240971697943617 
7.629999999995556, -0.8237930522129981 
7.639999999995533, -0.8237867178132199 
7.64999999999551, -0.8238518175712862 
7.659999999995486, -0.8238688973214446 
7.669999999995463, -0.8237139702326496 
7.67999999999544, -0.823761001099297 
7.6899999999954165, -0.8247274887614694 
7.699999999995393, -0.826376638417921 
7.70999999999537, -0.8270877025327323 
7.719999999995347, -0.8269447308957496 
7.729999999995323, -0.8273446701562915 
7.7399999999953, -0.8421239013671542 
7.749999999995277, -0.857491282406646 
7.759999999995253, -0.8585349710877631 
7.76999999999523, -0.8581553799147311 
7.779999999995207, -0.851930893798836 
7.789999999995183, -0.8202158202739861 
7.79999999999516, -0.8161613966951891 
7.809999999995137, -0.8162690646843238 
7.8199999999951135, -0.8157568015526176 
7.82999999999509, -0.8133458399402743 
7.839999999995067, -0.8108500858145896 
7.849999999995044, -0.8099762844598292 
7.85999999999502, -0.8098664133641341 
7.869999999994997, -0.8096352540133523 
7.879999999994974, -0.8092513156504217 
7.88999999999495, -0.8089013216315298 
7.899999999994927, -0.808758954821445 
7.909999999994904, -0.8089101507220855 
7.9199999999948805, -0.8091947985831832 
7.929999999994857, -0.8093499196911214 
7.939999999994834, -0.8092089888824933 
7.9499999999948106, -0.8095523139316976 
7.959999999994787, -0.8125123584555229 
7.969999999994764, -0.8167502729310631 
7.979999999994741, -0.8176340632930678 
7.989999999994717, -0.8173811580466414 
7.999999999994694, -0.8163995190628859 
8.00999999999467, -0.828163946547686 
8.019999999994647, -0.8347503037128314 
8.029999999994624, -0.8352048097152507 
8.0399999999946, -0.8346966813927943 
8.049999999994577, -0.8296192646989343 
8.059999999994554, -0.8210314133867138 
8.06999999999453, -0.8190314898063965 
8.079999999994508, -0.8189399794716634 
8.089999999994484, -0.8185563119824142 
8.099999999994461, -0.8176582244513461 
8.109999999994438, -0.8168910175254939 
8.119999999994414, -0.816532214503557 
8.129999999994391, -0.8164925631643531 
8.139999999994368, -0.8164430158229838 
8.149999999994344, -0.8163351315595444 
8.159999999994321, -0.8161385189743389 
8.169999999994298, -0.8162054972349975 
8.179999999994275, -0.8168891528499381 
8.189999999994251, -0.8179301629856941 
8.199999999994228, -0.8183237987613489 
8.209999999994205, -0.8181503487325544 
8.219999999994181, -0.8191026661864703 
8.229999999994158, -0.8309760734153496 
8.239999999994135, -0.8410156045826069 
8.249999999994111, -0.8417152362990191 
8.259999999994088, -0.8412422132346681 
8.269999999994065, -0.8338961235514601 
8.279999999994041, -0.8034814005343808 
8.289999999994018, -0.8008803122764228 
8.299999999993995, -0.8009676299692298 
8.309999999993972, -0.8003971187903826 
8.319999999993948, -0.7980597885320627 
8.329999999993925, -0.7959027474257997 
8.339999999993902, -0.7951588422740026 
8.349999999993878, -0.795060234288554 
8.359999999993855, -0.7948643193960963 
8.369999999993832, -0.7945632894411669 
8.379999999993808, -0.794274631619785 
8.389999999993785, -0.7941871314824276 
8.399999999993762, -0.7944599884407811 
8.409999999993738, -0.7949685686920627 
8.419999999993715, -0.7952731141059943 
8.429999999993692, -0.7951454161107655 
8.439999999993669, -0.7955305409005935 
8.449999999993645, -0.8014596084304588 
8.459999999993622, -0.8103905645753912 
8.469999999993599, -0.8117079579671281 
8.479999999993575, -0.8114607220056069 
8.489999999993552, -0.8078833606727771 
8.499999999993529, -0.7779639368462037 
8.509999999993505, -0.7696120874869116 
8.519999999993482, -0.7697181169428705 
8.529999999993459, -0.7694470429864071 
8.539999999993436, -0.7680990834355217 
8.549999999993412, -0.7665105878331319 
8.559999999993389, -0.7657288474710607 
8.569999999993366, -0.7655745938845713 
8.579999999993342, -0.7655281862684506 
8.589999999993319, -0.7654348704888488 
8.599999999993296, -0.7652840576201417 
8.609999999993272, -0.765162353041608 
8.619999999993249, -0.7656721585875265 
8.629999999993226, -0.7672251664276415 
8.639999999993202, -0.768788933002681 
8.64999999999318, -0.7689691175954859 
8.659999999993156, -0.7685856005941109 
8.669999999993133, -0.7716742211883622 
8.67999999999311, -0.7963914016098287 
8.689999999993086, -0.800549381526411 
8.699999999993063, -0.8006842551194011 
8.70999999999304, -0.7997724454484894 
8.719999999993016, -0.7942604329417732 
8.729999999992993, -0.7892553420711288 
8.73999999999297, -0.7882798548046738 
8.749999999992946, -0.7881864676010982 
8.759999999992923, -0.7878350762294317 
8.7699999999929, -0.7872903579285416 
8.779999999992876, -0.7868629247027102 
8.789999999992853, -0.7867027949770993 
8.79999999999283, -0.7868124971142725 
8.809999999992806, -0.7870259467524764 
8.819999999992783, -0.7871323179063536 
8.82999999999276, -0.7869885099160794 
8.839999999992736, -0.7873823776051547 
8.849999999992713, -0.7905983045646815 
8.85999999999269, -0.7953133427880703 
8.869999999992666, -0.7962605947071787 
8.879999999992643, -0.7960050173016479 
8.88999999999262, -0.7936962078503731 
8.899999999992596, -0.7784638224850521 
8.909999999992573, -0.7745186002759683 
8.91999999999255, -0.7748043978130501 
8.929999999992527, -0.7744859523465825 
8.939999999992503, -0.7726089739173299 
8.94999999999248, -0.7702157016029605 
8.959999999992457, -0.7691715048078636 
8.969999999992433, -0.7690023493372988 
8.97999999999241, -0.7689003678357111 
8.989999999992387, -0.7686992228351328 
8.999999999992363, -0.7684765531489278 
9.00999999999234, -0.7683335388156695 
9.019999999992317, -0.7686571277270303 
9.029999999992294, -0.7695668579470464 
9.03999999999227, -0.7705103038052711 
9.049999999992247, -0.7705978052008104 
9.059999999992224, -0.7703485798224072 
9.0699999999922, -0.7756215572267913 
9.079999999992177, -0.8047639675573512 
9.089999999992154, -0.8105167673560111 
9.09999999999213, -0.8106304788855979 
9.109999999992107, -0.8094282052745392 
9.119999999992084, -0.7983182735786878 
9.12999999999206, -0.787995238038856 
9.139999999992037, -0.7869840884126891 
9.149999999992014, -0.7868964283204585 
9.15999999999199, -0.7863590761218975 
9.169999999991967, -0.7854678949982083 
9.179999999991944, -0.7848365905295539 
9.18999999999192, -0.7846044832676665 
9.199999999991897, -0.7846223306546694 
9.209999999991874, -0.7846593344846413 
9.21999999999185, -0.7846302792810451 
9.229999999991827, -0.7844706338308995 
9.239999999991804, -0.7847813431940953 
9.24999999999178, -0.7865182114590203 
9.259999999991757, -0.7889907639516076 
9.269999999991734, -0.789602018518995 
9.27999999999171, -0.7893484985345797 
9.289999999991688, -0.7892826153464572 
9.299999999991664, -0.8096585656499491 
9.309999999991641, -0.8185320115717846 
9.319999999991618, -0.8190105088953441 
9.329999999991594, -0.8185176822799336 
9.339999999991571, -0.8137571242479117 
9.349999999991548, -0.8059044502871314 
9.359999999991524, -0.8039291656385923 
9.369999999991501, -0.8038243301903865 
9.379999999991478, -0.8035010958430281 
9.389999999991455, -0.8027718017228768 
9.399999999991431, -0.8021436305111266 
9.409999999991408, -0.8018301546434922 
9.419999999991385, -0.8018225797561106 
9.429999999991361, -0.801866679768771 
9.439999999991338, -0.8018679024514053 
9.449999999991315, -0.8017117424532682 
9.459999999991291, -0.8018024644954561 
9.469999999991268, -0.8029749476953224 
9.479999999991245, -0.8050329728502721 
9.489999999991221, -0.8058674760024949 
9.499999999991198, -0.8057212523973223 
9.509999999991175, -0.805772327776206 
9.519999999991152, -0.82621811128609 
9.529999999991128, -0.8461681592009225 
9.539999999991105, -0.8472393444067101 
9.549999999991082, -0.8468870890459528 
9.559999999991058, -0.8412774588485057 
9.569999999991035, -0.8202430242802164 
9.579999999991012, -0.8157035992847763 
9.589999999990988, -0.8156777013113108 
9.599999999990965, -0.8152919125827673 
9.609999999990942, -0.8138846936815579 
9.619999999990918, -0.8124884871125443 
9.629999999990895, -0.8118579168408285 
9.639999999990872, -0.8117563915951989 
9.649999999990849, -0.811621654174279 
9.659999999990825, -0.8113961135360119 
9.669999999990802, -0.8111408771516906 
9.679999999990779, -0.8110619980672436 
9.689999999990755, -0.8113786478272293 
9.699999999990732, -0.811954086689965 
9.709999999990709, -0.812291899986635 
9.719999999990685, -0.8121651068419574 
9.729999999990662, -0.8125351868997852 
9.739999999990639, -0.8179188537728213 
9.749999999990616, -0.825677651987119 
9.759999999990592, -0.8268636875014865 
9.769999999990569, -0.8266008919780911 
9.779999999990546, -0.8236671242958638 
9.789999999990522, -0.8041284420059467 
9.799999999990499, -0.8004016008232107 
9.809999999990476, -0.8006823066574383 
9.819999999990452, -0.8002994958784463 
9.829999999990429, -0.7978790446159292 
9.839999999990406, -0.7946998939198453 
9.849999999990382, -0.7934781326551303 
9.85999999999036, -0.7933294077080725 
9.869999999990336, -0.793146807957122 
9.879999999990313, -0.7927867026767093 
9.88999999999029, -0.7924437326098361 
9.899999999990266, -0.7922598854835722 
9.909999999990243, -0.7924042363593015 
9.91999999999022, -0.7927698110594578 
9.929999999990196, -0.7930903027115073 
9.939999999990173, -0.7930148957347529 
9.94999999999015, -0.7930738150829976 
9.959999999990126, -0.7964385850351801 
9.969999999990103, -0.8043050526773672 
9.97999999999008, -0.8065598525684351 
9.989999999990056, -0.8064860915396447 
9.999999999990033, -0.8047970679081504 
10.00999999999001, -0.7835306251848865 
10.019999999989986, -0.7682750784544073 
10.029999999989963, -0.768361570950689 
10.03999999998994, -0.7682205127651954 
10.049999999989916, -0.7671021455848644 
10.059999999989893, -0.7652228187525285 
10.06999999998987, -0.7641658140999003 
10.079999999989846, -0.7638971658905384 
10.089999999989823, -0.7638513978717308 
10.0999999999898, -0.7637462069685437 
10.109999999989776, -0.7636045158739924 
10.119999999989753, -0.7634337988702735 
10.12999999998973, -0.7637096266764231 
10.139999999989707, -0.7649253732650938 
10.149999999989683, -0.7666217552548228 
10.15999999998966, -0.767045477407886 
10.169999999989637, -0.7667814183505639 
10.179999999989613, -0.7674360052810107 
10.18999999998959, -0.7916284311613151 
10.199999999989567, -0.8004439846160493 
10.209999999989543, -0.8008808675050317 
10.21999999998952, -0.8003798312855086 
10.229999999989497, -0.7960856120545856 
10.239999999989474, -0.7897821045505746 
10.24999999998945, -0.788062264361427 
10.259999999989427, -0.7879434528106788 
10.269999999989404, -0.7876775928340852 
10.27999999998938, -0.7871258621894036 
10.289999999989357, -0.7866480138037731 
10.299999999989334, -0.7864029157611914 
10.30999999998931, -0.7864588117870595 
10.319999999989287, -0.786646809121922 
10.329999999989264, -0.7868057419858864 
10.33999999998924, -0.7866979205840836 
10.349999999989217, -0.7867874203702163 
10.359999999989194, -0.7890560331356717 
10.36999999998917, -0.7939351111057804 
10.379999999989147, -0.7956588776215818 
10.389999999989124, -0.7955727588697102 
10.3999999999891, -0.7942614226028273 
10.409999999989077, -0.7837815260644435 
10.419999999989054, -0.7754570225436932 
10.42999999998903, -0.7758914125189156 
10.439999999989007, -0.7757385403275595 
10.449999999988984, -0.774338483722195 
10.45999999998896, -0.7716786352902547 
10.469999999988937, -0.7702613671866754 
10.479999999988914, -0.7699616650196114 
10.48999999998889, -0.7698813853618771 
10.499999999988868, -0.7696829550256381 
10.509999999988844, -0.7694587511050035 
10.519999999988821, -0.769260558510635 
10.529999999988798, -0.769430296241239 
10.539999999988774, -0.770160391384897 
10.549999999988751, -0.771165650758747 
10.559999999988728, -0.771420562319706 
10.569999999988704, -0.771196272753654 
10.579999999988681, -0.7732219148015564 
10.589999999988658, -0.7984241321841873 
10.599999999988635, -0.809700354932237 
10.609999999988611, -0.8101463936847001 
10.619999999988588, -0.8095124267549326 
10.629999999988565, -0.8014841291793809 
10.639999999988541, -0.7873309820504104 
10.649999999988518, -0.7850958313864368 
10.659999999988495, -0.785033412020512 
10.669999999988471, -0.7846389128473651 
10.679999999988448, -0.7837355816638258 
10.689999999988425, -0.7830039347112147 
10.699999999988401, -0.7826656824347492 
10.709999999988378, -0.7826509062742827 
10.719999999988355, -0.7826857370528109 
10.729999999988332, -0.7826897538636612 
10.739999999988308, -0.782541022670151 
10.749999999988285, -0.7826303015802372 
10.759999999988262, -0.7839776919287264 
10.769999999988238, -0.7865886809759007 
10.779999999988215, -0.7876963736312291 
10.789999999988192, -0.7875823920651779 
10.799999999988168, -0.7869736622833193 
10.809999999988145, -0.7992650806784014 
10.819999999988122, -0.8130186124590936 
10.829999999988098, -0.8140705897612158 
10.839999999988075, -0.8138441881783839 
10.849999999988052, -0.8110930216267841 
10.859999999988029, -0.8036339360257259 
10.869999999988005, -0.8005930812031218 
10.879999999987982, -0.800352693304681 
10.889999999987959, -0.8001553028879068 
10.899999999987935, -0.7995568450885479 
10.909999999987912, -0.7989433845775711 
10.919999999987889, -0.7985679092982162 
10.929999999987865, -0.7985211855247246 
10.939999999987842, -0.7986026250986482 
10.949999999987819, -0.7986803406913485 
10.959999999987796, -0.7985819879145263 
10.969999999987772, -0.7985216882809473 
10.979999999987749, -0.7995312649648841 
10.989999999987726, -0.8020638568882833 
10.999999999987702, -0.8036892646480646 
11.009999999987679, -0.8037197393709279 
11.019999999987656, -0.8032388869181105 
11.029999999987632, -0.8122987881803236 
11.039999999987609, -0.8388112879626695 
11.049999999987586, -0.8412888296779073 
11.059999999987562, -0.8411957725930599 
11.06999999998754, -0.8389190630723153 
11.079999999987516, -0.825505237988095 
11.089999999987493, -0.8184765544060508 
11.09999999998747, -0.8181496315689968 
11.109999999987446, -0.8179604686950027 
11.119999999987423, -0.8170554313518026 
11.1299999999874, -0.8158674513689991 
11.139999999987376, -0.8151595041922778 
11.149999999987353, -0.8149909069632919 
11.15999999998733, -0.8149244821834714 
11.169999999987306, -0.8147717922036791 
11.179999999987283, -0.8145595630462483 
11.18999999998726, -0.8144125624461328 
11.199999999987236, -0.8146918848683943 
11.209999999987213, -0.8153674943498024 
11.21999999998719, -0.8159613870320546 
11.229999999987166, -0.8159399982592571 
11.239999999987143, -0.815898250163156 
11.24999999998712, -0.8200045813440026 
11.259999999987096, -0.8306750865298926 
11.269999999987073, -0.8334055294857377 
11.27999999998705, -0.8333463250560719 
11.289999999987026, -0.8317006022990179 
11.299999999987003, -0.8128169431457942 
11.30999999998698, -0.8004442524305836 
11.319999999986956, -0.8007834848631191 
11.329999999986933, -0.8006047443211438 
11.33999999998691, -0.7990015667245626 
11.349999999986887, -0.7958638052702831 
11.359999999986863, -0.7942497507195108 
11.36999999998684, -0.7939714796037268 
11.379999999986817, -0.793849029914022 
11.389999999986793, -0.793533276743156 
11.39999999998677, -0.7931964725353647 
11.409999999986747, -0.7929556283728466 
11.419999999986723, -0.7930302724847665 
11.4299999999867, -0.7933796816612799 
11.439999999986677, -0.7937959985742444 
11.449999999986654, -0.7938207773562 
11.45999999998663, -0.7937034048148839 
11.469999999986607, -0.795810275911613 
11.479999999986584, -0.803941030306386 
11.48999999998656, -0.8080392973003709 
11.499999999986537, -0.8081999782991057 
11.509999999986514, -0.8073043636797629 
11.51999999998649, -0.7937954954570856 
11.529999999986467, -0.7690752763671281 
11.539999999986444, -0.7684429370201408 
11.54999999998642, -0.7684216263598317 
11.559999999986397, -0.7676719486525845 
11.569999999986374, -0.7658411945939242 
11.57999999998635, -0.7645804153576302 
11.589999999986327, -0.7641603315337872 
11.599999999986304, -0.7641101948716581 
11.60999999998628, -0.7640236876933594 
11.619999999986257, -0.7639048001928558 
11.629999999986234, -0.7637207377328271 
11.63999999998621, -0.7638215834629294 
11.649999999986187, -0.7648109117279773 
11.659999999986164, -0.7666199716434643 
11.66999999998614, -0.7674051925736668 
11.679999999986117, -0.7672609936925492 
11.689999999986094, -0.7669386674937827 
11.69999999998607, -0.7835411296380521 
11.709999999986048, -0.7987033371728746 
11.719999999986024, -0.7996887321982712 
11.729999999986001, -0.7994470251777263 
11.739999999985978, -0.7967292227156884 
11.749999999985954, -0.7901631441123862 
11.759999999985931, -0.7875123737704643 
11.769999999985908, -0.7872674306941665 
11.779999999985884, -0.7870911539693691 
11.789999999985861, -0.7865957951053272 
11.799999999985838, -0.7860994794838075 
11.809999999985815, -0.7857869768973106 
11.819999999985791, -0.7857855200743146 
11.829999999985768, -0.785967094625145 
11.839999999985745, -0.7861838166306039 
11.849999999985721, -0.7861464452438311 
11.859999999985698, -0.7860647652166881 
11.869999999985675, -0.7876112237213272 
11.879999999985651, -0.7926032836223994 
11.889999999985628, -0.7955624155712371 
11.899999999985605, -0.7956919862963326 
11.909999999985581, -0.7949044188328404 
11.919999999985558, -0.7867756253304066 
11.929999999985535, -0.7698543834405098 
11.939999999985512, -0.7698621271759523 
11.949999999985488, -0.7698542847448246 
11.959999999985465, -0.7690144292767398 
11.969999999985442, -0.7667158757297077 
11.979999999985418, -0.7651373094885672 
11.989999999985395, -0.7646588641355659 
11.999999999985372, -0.7645943818281562 
12.009999999985348, -0.7644611067511314 
12.019999999985325, -0.7642896120801607 
12.029999999985302, -0.7640851525065443 
12.039999999985278, -0.7641475185152894 
12.049999999985255, -0.7649015225915365 
12.059999999985232, -0.7662732197540234 
12.069999999985209, -0.7669198657439427 
12.079999999985185, -0.7667774694482978 
12.089999999985162, -0.766819013786161 
12.099999999985139, -0.7865746682135439 
12.109999999985115, -0.8072486698041563 
12.119999999985092, -0.808430681983543 
12.129999999985069, -0.8081698502927519 
12.139999999985045, -0.8047356444977855 
12.149999999985022, -0.7945485291097587 
12.159999999984999, -0.7909432861806104 
12.169999999984976, -0.7907390592940966 
12.179999999984952, -0.7905244682000124 
12.189999999984929, -0.7898600216296643 
12.199999999984906, -0.789192301614264 
12.209999999984882, -0.7887982684419692 
12.219999999984859, -0.7887460498700531 
12.229999999984836, -0.7888220403051944 
12.239999999984812, -0.7889000066294064 
12.249999999984789, -0.7888075167793304 
12.259999999984766, -0.788742665701683 
12.269999999984742, -0.7897998425741056 
12.27999999998472, -0.7926394539630716 
12.289999999984696, -0.7945232295111024 
12.299999999984673, -0.7945898450290464 
12.30999999998465, -0.7940113433011708 
12.319999999984626, -0.7985750605727371 
12.329999999984603, -0.8154949890251796 
12.33999999998458, -0.8175812573331598 
12.349999999984556, -0.8175400079476817 
12.359999999984533, -0.8159585844885506 
12.36999999998451, -0.8088453509192143 
12.379999999984486, -0.8043792911210529 
12.389999999984463, -0.8038480835167361 
12.39999999998444, -0.8037180561066488 
12.409999999984416, -0.8031895795779813 
12.419999999984393, -0.8025138138094056 
12.42999999998437, -0.8020473682442425 
12.439999999984346, -0.8019205793852652 
12.449999999984323, -0.8019754559654426 
12.4599999999843, -0.8020385688625494 
12.469999999984276, -0.80197499072957 
12.479999999984253, -0.8018390480515937 
12.48999999998423, -0.8024268644727778 
12.499999999984206, -0.8043669875421714 
12.509999999984183, -0.8062242957927639 
12.51999999998416, -0.8064358297713066 
12.529999999984136, -0.8060802372009607 
12.539999999984113, -0.8103765137836004 
12.54999999998409, -0.8418818538867111 
12.559999999984067, -0.8475614168609533 
12.569999999984043, -0.8476610430594778 
12.57999999998402, -0.8463470266886294 
12.589999999983997, -0.8322240037409047 
12.599999999983973, -0.8190771610564092 
12.60999999998395, -0.8183230752088686 
12.619999999983927, -0.8182124156109178 
12.629999999983903, -0.8173766037671506 
12.63999999998388, -0.8158439284278999 
12.649999999983857, -0.8148335364355414 
12.659999999983834, -0.8145455126490315 
12.66999999998381, -0.8144704958616449 
12.679999999983787, -0.8142776201307028 
12.689999999983764, -0.8140345229681847 
12.69999999998374, -0.8138202380758972 
12.709999999983717, -0.8139367994266492 
12.719999999983694, -0.8143990882277932 
12.72999999998367, -0.8149334849721713 
12.739999999983647, -0.8149895270425542 
12.749999999983624, -0.8148553355781292 
12.7599999999836, -0.816920768965393 
12.769999999983577, -0.82469463107089 
12.779999999983554, -0.8285294294833615 
12.78999999998353, -0.8286656356821169 
12.799999999983507, -0.8278123908533009 
12.809999999983484, -0.8200902438331372 
12.81999999998346, -0.809347120743298 
12.829999999983437, -0.8100490905063916 
12.839999999983414, -0.8099999461455945 
12.84999999998339, -0.8087238753083401 
12.859999999983367, -0.80453062308459 
12.869999999983344, -0.8018393494248787 
12.87999999998332, -0.8013472142531113 
12.889999999983297, -0.8012345587121023 
12.899999999983274, -0.8008587249697094 
12.90999999998325, -0.8004002335543249 
12.919999999983228, -0.8000559047182929 
12.929999999983204, -0.7999963227625039 
12.939999999983181, -0.8001630893959903 
12.949999999983158, -0.8003958301479352 
12.959999999983134, -0.8004176676830141 
12.969999999983111, -0.800278936515668 
12.979999999983088, -0.8011855479545604 
12.989999999983064, -0.8048896647997433 
12.999999999983041, -0.8081150813791255 
13.009999999983018, -0.808429525109693 
13.019999999982995, -0.8079474483595597 
13.029999999982971, -0.8072314763851911 
13.039999999982948, -0.8148608358977228 
13.049999999982925, -0.8172921214426276 
13.059999999982901, -0.8173962356576462 
13.069999999982878, -0.8164522326679506 
13.079999999982855, -0.8110695985479971 
13.089999999982831, -0.8063031438111845 
13.099999999982808, -0.8054147071504969 
13.109999999982785, -0.8053154131793641 
13.119999999982761, -0.8049050368571021 
13.129999999982738, -0.8042747021948486 
13.139999999982715, -0.8037922515260275 
13.149999999982692, -0.8036153454412028 
13.159999999982668, -0.8036729098819833 
13.169999999982645, -0.8037661353379008 
13.179999999982622, -0.8037576108455008 
13.189999999982598, -0.8036004103851749 
13.199999999982575, -0.8039956184192898 
13.209999999982552, -0.8058574774390631 
13.219999999982528, -0.8081410649128367 
13.229999999982505, -0.8085875626634884 
13.239999999982482, -0.8082960819052984 
13.249999999982458, -0.809769424128996 
13.259999999982435, -0.8393528453162293 
13.269999999982412, -0.8489052685560118 
13.279999999982389, -0.8492287217726182 
13.289999999982365, -0.8484325395074267 
13.299999999982342, -0.8381022646945568 
13.309999999982319, -0.8222856702765172 
13.319999999982295, -0.8206932267951967 
13.329999999982272, -0.820634161203018 
13.339999999982249, -0.8199889296194951 
13.349999999982225, -0.8184746468469025 
13.359999999982202, -0.8173306083643326 
13.369999999982179, -0.8169350901622995 
13.379999999982156, -0.8168628729269313 
13.389999999982132, -0.8166826785512157 
13.399999999982109, -0.8164393657978394 
13.409999999982086, -0.8161970725598522 
13.419999999982062, -0.8162345957087759 
13.429999999982039, -0.8166252612078831 
13.439999999982016, -0.817152740604008 
13.449999999981992, -0.817282519852436 
13.459999999981969, -0.8171225583156639 
13.469999999981946, -0.8183898395021454 
13.479999999981922, -0.824770995018413 
13.4899999999819, -0.8294182727365134 
13.499999999981876, -0.8297534711017434 
13.509999999981853, -0.8291800862190353 
13.51999999998183, -0.825392580612691 
13.529999999981806, -0.8203867277612665 
13.539999999981783, -0.8216967406435396 
13.54999999998176, -0.821753330092616 
13.559999999981736, -0.8207316568333345 
13.569999999981713, -0.8156749987605524 
13.57999999998169, -0.8115694201848224 
13.589999999981666, -0.8108163706156069 
13.599999999981643, -0.8107105407929 
13.60999999998162, -0.8102836821610243 
13.619999999981596, -0.8096661041206973 
13.629999999981573, -0.8092001395292128 
13.63999999998155, -0.8090436242436841 
13.649999999981526, -0.8091024616950127 
13.659999999981503, -0.8091832812333786 
13.66999999998148, -0.8091491610627496 
13.679999999981456, -0.8089952770938048 
13.689999999981433, -0.8094470394211076 
13.69999999998141, -0.8112093314968042 
13.709999999981386, -0.8131450713583034 
13.719999999981363, -0.8134546196290567 
13.72999999998134, -0.8131480550053659 
13.739999999981316, -0.8161060412561337 
13.749999999981293, -0.8463828445440216 
13.75999999998127, -0.8542155280491804 
13.769999999981247, -0.8544183491672446 
13.779999999981223, -0.8533684705092834 
13.7899999999812, -0.838805175216712 
13.799999999981177, -0.8204812458111269 
13.809999999981153, -0.8194953945037624 
13.81999999998113, -0.8194170141499035 
13.829999999981107, -0.8185734015245529 
13.839999999981083, -0.8166999591440671 
13.84999999998106, -0.8154132557211506 
13.859999999981037, -0.8150474625004624 
13.869999999981014, -0.8149611894219342 
13.87999999998099, -0.8147279257072139 
13.889999999980967, -0.8144388784936613 
13.899999999980944, -0.8141877248999473 
13.90999999998092, -0.8142282124075325 
13.919999999980897, -0.8145635751658061 
13.929999999980874, -0.8149854498965869 
13.93999999998085, -0.8150436634327597 
13.949999999980827, -0.8149046712172262 
13.959999999980804, -0.8163262954892796 
13.96999999998078, -0.8219018595471578 
13.979999999980757, -0.8255044202876779 
13.989999999980734, -0.8257135891165887 
13.99999999998071, -0.8250735847110541 
14.009999999980687, -0.8232596866695668 
14.019999999980664, -0.8267360358264372 
14.02999999998064, -0.8284906066343034 
14.039999999980617, -0.828490456231013 
14.049999999980594, -0.827156611832939 
14.05999999998057, -0.8206906609101378 
14.069999999980547, -0.8161091103526127 
14.079999999980524, -0.8154973706855235 
14.0899999999805, -0.8153724076241847 
14.099999999980477, -0.8148333825980799 
14.109999999980454, -0.8140962788020216 
14.11999999998043, -0.8135780555776019 
14.129999999980408, -0.8134214781653091 
14.139999999980384, -0.8134411181783525 
14.149999999980361, -0.8134421334399152 
14.159999999980338, -0.8133393779240363 
14.169999999980314, -0.8131934185675442 
14.179999999980291, -0.8136219305618323 
14.189999999980268, -0.8149123603295293 
14.199999999980244, -0.8161755688089705 
14.209999999980221, -0.81631204422171 
14.219999999980198, -0.8160635871731917 
14.229999999980175, -0.820738210764842 
14.239999999980151, -0.8437932748469091 
14.249999999980128, -0.8491221784235304 
14.259999999980105, -0.8491940913315537 
14.269999999980081, -0.8477795631123802 
14.279999999980058, -0.8272157214418585 
14.289999999980035, -0.8076133478950355 
14.299999999980011, -0.8072805800786005 
14.309999999979988, -0.8071671098564516 
14.319999999979965, -0.806087245527686 
14.329999999979941, -0.8038942494221348 
14.339999999979918, -0.8025533475269093 
14.349999999979895, -0.8022312454565337 
14.359999999979872, -0.802139242904232 
14.369999999979848, -0.8018964180514837 
14.379999999979825, -0.8016127524504582 
14.389999999979802, -0.8013793237485274 
14.399999999979778, -0.801459759210647 
14.409999999979755, -0.8018656150639463 
14.419999999979732, -0.8023708223330976 
14.429999999979708, -0.8024439422741415 
14.439999999979685, -0.8022980817910054 
14.449999999979662, -0.8041881199482157 
14.459999999979638, -0.8125667851051894 
14.469999999979615, -0.8172309713581662 
14.479999999979592, -0.8174554280495604 
14.489999999979569, -0.8166724814341613 
14.499999999979545, -0.8055999781538515 
14.509999999979522, -0.7816325014304003 
14.519999999979499, -0.7811103946508327 
14.529999999979475, -0.7811098392487813 
14.539999999979452, -0.780318462945307 
14.549999999979429, -0.7780574718612728 
14.559999999979405, -0.7764352822833389 
14.569999999979382, -0.7759347587161448 
14.579999999979359, -0.7758634682394642 
14.589999999979335, -0.7757068970733011 
14.599999999979312, -0.7755015901176534 
14.609999999979289, -0.7752789614898227 
14.619999999979266, -0.7753133489033759 
14.629999999979242, -0.7759005344302263 
14.639999999979219, -0.7769221919982078 
14.649999999979196, -0.7774028729685253 
14.659999999979172, -0.7772509870420539 
14.669999999979149, -0.7777397829351587 
14.679999999979126, -0.7947964848644598 
14.689999999979102, -0.8130544077627335 
14.69999999997908, -0.8142140373071577 
14.709999999979056, -0.8138971116430869 
14.719999999979033, -0.8090196837679721 
14.72999999997901, -0.7907548174638168 
14.739999999978986, -0.7859428451213071 
14.749999999978963, -0.7858420285206607 
14.75999999997894, -0.7855682609022385 
14.769999999978916, -0.7846476439855926 
14.779999999978893, -0.7837374741406924 
14.78999999997887, -0.7832513527892182 
14.799999999978846, -0.7831704723751837 
14.809999999978823, -0.7831786214010973 
14.8199999999788, -0.7831666928169787 
14.829999999978776, -0.78303541072955 
14.839999999978753, -0.7829749956524562 
14.84999999997873, -0.7838024058670833 
14.859999999978706, -0.7858672172523902 
14.869999999978683, -0.7873244614364255 
14.87999999997866, -0.7873612545736149 
14.889999999978636, -0.7869037861424077 
14.899999999978613, -0.7949427990963223 
14.90999999997859, -0.8207925435787939 
14.919999999978566, -0.8233982324823402 
14.929999999978543, -0.8233470607050027 
14.93999999997852, -0.8215317062081527 
14.949999999978496, -0.8119021586176203 
14.959999999978473, -0.8061020785309057 
14.96999999997845, -0.8056075919488588 
14.979999999978427, -0.8054637776438678 
14.989999999978403, -0.8048202167547742 
14.99999999997838, -0.8039785226910965 
15.009999999978357, -0.803425416843869 
15.019999999978333, -0.8032719341315188 
15.02999999997831, -0.8032807941862418 
15.039999999978287, -0.8032662786886332 
15.049999999978263, -0.8031543994857674 
15.05999999997824, -0.8030159934823572 
15.069999999978217, -0.8034799412590886 
15.079999999978194, -0.8048628783365289 
15.08999999997817, -0.8062045136523871 
15.099999999978147, -0.8063459393539083 
15.109999999978124, -0.8060660073938748 
15.1199999999781, -0.811128712994881 
15.129999999978077, -0.8385806133938476 
15.139999999978054, -0.8441259857251998 
15.14999999997803, -0.8442039103915985 
15.159999999978007, -0.8427837119227927 
15.169999999977984, -0.8246801308834575 
15.17999999997796, -0.8080437938968481 
15.189999999977937, -0.8074607954916341 
15.199999999977914, -0.807350207704533 
15.20999999997789, -0.806429410446701 
15.219999999977867, -0.8047015409220044 
15.229999999977844, -0.8036032628962246 
15.23999999997782, -0.8033042696362159 
15.249999999977797, -0.80322981725083 
15.259999999977774, -0.8030399205049127 
15.26999999997775, -0.8028048998537392 
15.279999999977727, -0.8025936133307671 
15.289999999977704, -0.8027198620347552 
15.29999999997768, -0.8032439628852461 
15.309999999977657, -0.8038877256411403 
15.319999999977634, -0.8039961052327284 
15.32999999997761, -0.8038310391046993 
15.339999999977588, -0.8060212096119533 
15.349999999977564, -0.8169234158302368 
15.359999999977541, -0.82238130084268 
15.369999999977518, -0.8226143696922879 
15.379999999977494, -0.8217777668621391 
15.389999999977471, -0.8084320186174851 
15.399999999977448, -0.7819939143065979 
15.409999999977424, -0.7811427474775104 
15.419999999977401, -0.7811296733755462 
15.429999999977378, -0.7803766675222743 
15.439999999977355, -0.7783815668457484 
15.449999999977331, -0.7769585558316011 
15.459999999977308, -0.7764976126393598 
15.469999999977285, -0.7764331431133259 
15.479999999977261, -0.7762994049138451 
15.489999999977238, -0.7761215935993998 
15.499999999977215, -0.7759113275561941 
15.509999999977191, -0.7759695449052074 
15.519999999977168, -0.776646603854962 
15.529999999977145, -0.7778106370977618 
15.539999999977121, -0.7783302329413113 
15.549999999977098, -0.7781723898272619 
15.559999999977075, -0.778627414901243 
15.569999999977052, -0.7977381516271912 
15.579999999977028, -0.8165582295956151 
15.589999999977005, -0.8176449967286571 
15.599999999976982, -0.8173133242619222 
15.609999999976958, -0.8123655294132692 
15.619999999976935, -0.7954765741715423 
15.629999999976912, -0.7910930192925522 
15.639999999976888, -0.7909940359392962 
15.649999999976865, -0.7907078921000683 
15.659999999976842, -0.7897773311734507 
15.669999999976818, -0.7888711364398824 
15.679999999976795, -0.7883925706984368 
15.689999999976772, -0.7883157783366542 
15.699999999976749, -0.7883130637661339 
15.709999999976725, -0.788282453474841 
15.719999999976702, -0.7881369094447993 
15.729999999976679, -0.7880891444048063 
15.739999999976655, -0.7888781273107089 
15.749999999976632, -0.790699280736927 
15.759999999976609, -0.7919154332862623 
15.769999999976585, -0.7919086735410035 
15.779999999976562, -0.7915564100170516 
15.789999999976539, -0.8025180534303796 
15.799999999976515, -0.8307053665557989 
15.809999999976492, -0.8332325754821834 
15.819999999976469, -0.8331291001646388 
15.829999999976446, -0.8307378658001914 
15.839999999976422, -0.8165073531311478 
15.849999999976399, -0.809321703146624 
15.859999999976376, -0.8089998336459182 
15.869999999976352, -0.8088155215294349 
15.879999999976329, -0.8079506292573727 
15.889999999976306, -0.8068387427045034 
15.899999999976282, -0.806172658344381 
15.90999999997626, -0.8060100988433929 
15.919999999976236, -0.805966008484862 
15.929999999976213, -0.805857289960657 
15.93999999997619, -0.8056787984761635 
15.949999999976166, -0.8055413635617807 
15.959999999976143, -0.8058971039597606 
15.96999999997612, -0.8068077234086295 
15.979999999976096, -0.8076403240211779 
15.989999999976073, -0.8076719545110296 
15.99999999997605, -0.8075256217664367 
16.009999999976028, -0.8126886034519445 
16.019999999976005, -0.8301620730148704 
16.02999999997598, -0.8340206623997857 
16.039999999975958, -0.8340167851403192 
16.049999999975935, -0.8323218333701518 
16.05999999997591, -0.8093035009771108 
16.069999999975888, -0.7915816150839997 
16.079999999975865, -0.7913842958750009 
16.08999999997584, -0.7912523070108519 
16.099999999975818, -0.7901860926394092 
16.109999999975795, -0.7882938763753032 
16.11999999997577, -0.7871783437088117 
16.129999999975748, -0.7868975990011503 
16.139999999975725, -0.7868287616678306 
16.1499999999757, -0.786659549420957 
16.15999999997568, -0.7864520070799343 
16.169999999975655, -0.7862588514153773 
16.17999999997563, -0.786440690430585 
16.18999999997561, -0.7871502945617014 
16.199999999975585, -0.7880533830942984 
16.20999999997556, -0.7882416389020109 
16.21999999997554, -0.7880308389656357 
16.229999999975515, -0.7905564386594391 
16.239999999975492, -0.810390998694739 
16.24999999997547, -0.8188720945912941 
16.259999999975445, -0.8191941028003014 
16.269999999975422, -0.8183950579482262 
16.2799999999754, -0.8062196889722114 
16.289999999975375, -0.7851219144767734 
16.299999999975352, -0.7832887360954526 
16.30999999997533, -0.7832528309158621 
16.319999999975305, -0.7827121324368296 
16.329999999975282, -0.7814610544519881 
16.33999999997526, -0.7805175867885263 
16.349999999975235, -0.7801409221145703 
16.359999999975212, -0.7801043619573692 
16.36999999997519, -0.7800637466380308 
16.379999999975166, -0.7799852399661151 
16.389999999975142, -0.7798098359753196 
16.39999999997512, -0.779913066190167 
16.409999999975096, -0.7809532959507502 
16.419999999975072, -0.782791196291664 
16.42999999997505, -0.7835540336113156 
16.439999999975026, -0.7834023552440798 
16.449999999975002, -0.7833327700547801 
16.45999999997498, -0.8037850991300386 
16.469999999974956, -0.8227720448906011 
16.479999999974932, -0.8238083385606803 
16.48999999997491, -0.8235010273175981 
16.499999999974886, -0.8193998105342617 
16.509999999974863, -0.8074088225164427 
16.51999999997484, -0.8037567486047602 
16.529999999974816, -0.803618408715892 
16.539999999974793, -0.8033454716897495 
16.54999999997477, -0.8024967395999648 
16.559999999974746, -0.8016640536398651 
16.569999999974723, -0.8012114596183972 
16.5799999999747, -0.8011401720748617 
16.589999999974676, -0.8011321414803816 
16.599999999974653, -0.8010866443737196 
16.60999999997463, -0.8009265317736047 
16.619999999974606, -0.8008892107917016 
16.629999999974583, -0.8016058848508595 
16.63999999997456, -0.8030983385721728 
16.649999999974536, -0.8040229183302875 
16.659999999974513, -0.8039646241423077 
16.66999999997449, -0.8038598246912462 
16.679999999974466, -0.8159871163109375 
16.689999999974443, -0.8395036455055243 
16.69999999997442, -0.8416330068253665 
16.709999999974396, -0.8414535065886849 
16.719999999974373, -0.8380764154679825 
16.72999999997435, -0.8140842007882763 
16.739999999974327, -0.8053722120198188 
16.749999999974303, -0.8053016117975954 
16.75999999997428, -0.8050490332337943 
16.769999999974257, -0.8037991393689818 
16.779999999974233, -0.8022379967451351 
16.78999999997421, -0.8014271352952883 
16.799999999974187, -0.8012679343365006 
16.809999999974163, -0.8011739487825875 
16.81999999997414, -0.8009815642817835 
16.829999999974117, -0.800748794252903 
16.839999999974093, -0.8006083865557618 
16.84999999997407, -0.8008906918896889 
16.859999999974047, -0.801566727344807 
16.869999999974024, -0.8021607834700445 
16.879999999974, -0.8021366887963195 
16.889999999973977, -0.8020911047440811 
16.899999999973954, -0.8069368776549638 
16.90999999997393, -0.8202237091459775 
16.919999999973907, -0.8232527956940691 
16.929999999973884, -0.8232039368507988 
16.93999999997386, -0.8213481694174721 
16.949999999973837, -0.7970352070048464 
16.959999999973814, -0.7804415802898799 
16.96999999997379, -0.7803500361410296 
16.979999999973767, -0.780206801336303 
16.989999999973744, -0.7791310517505928 
16.99999999997372, -0.7773480531336155 
17.009999999973697, -0.776323431614829 
17.019999999973674, -0.776063187165599 
17.02999999997365, -0.7760093892192006 
17.039999999973627, -0.7758817833253735 
17.049999999973604, -0.7757144252368093 
17.05999999997358, -0.7755387774601641 
17.069999999973557, -0.7757906560795518 
17.079999999973534, -0.7767755242951409 
17.08999999997351, -0.7780531030873076 
17.099999999973488, -0.7783367167163647 
17.109999999973464, -0.7780824139168413 
17.11999999997344, -0.7802830325145184 
17.129999999973418, -0.8090726211504978 
17.139999999973394, -0.8193372520595024 
17.14999999997337, -0.8197027655178217 
17.159999999973348, -0.8189900969677355 
17.169999999973324, -0.8105465869281091 
17.1799999999733, -0.7975213892841669 
17.189999999973278, -0.7956442807459236 
17.199999999973254, -0.795580539430963 
17.20999999997323, -0.7951293733734339 
17.219999999973208, -0.7941461804613689 
17.229999999973185, -0.7933722361025015 
17.23999999997316, -0.7930375668873219 
17.249999999973138, -0.7930146033327753 
17.259999999973115, -0.7930012132019619 
17.26999999997309, -0.7929425408289911 
17.279999999973068, -0.7927696100474344 
17.289999999973045, -0.7928903506826972 
17.29999999997302, -0.7939549647427434 
17.309999999972998, -0.795719230333131 
17.319999999972975, -0.7963885941338513 
17.32999999997295, -0.7962168333589045 
17.339999999972928, -0.7965264933467323 
17.349999999972905, -0.818722933385687 
17.35999999997288, -0.8368815051517148 
17.36999999997286, -0.8377905867047196 
17.379999999972835, -0.8373971423512507 
17.38999999997281, -0.8314486765362317 
17.39999999997279, -0.8127576787528947 
17.409999999972765, -0.8088664958912166 
17.41999999997274, -0.8088217864929116 
17.42999999997272, -0.8084425785344242 
17.439999999972695, -0.8072078521452383 
17.449999999972672, -0.8060447180687156 
17.45999999997265, -0.8055030004402584 
17.469999999972625, -0.8054170207695702 
17.479999999972602, -0.805320978148365 
17.48999999997258, -0.8051577435582545 
17.499999999972555, -0.8049383909027492 
17.509999999972532, -0.8048972706905351 
17.51999999997251, -0.8053575479312223 
17.529999999972485, -0.8061992828051319 
17.539999999972462, -0.8066828069935709 
17.54999999997244, -0.8065637704608004 
17.559999999972415, -0.806897217441512 
17.569999999972392, -0.8154522763242831 
17.57999999997237, -0.8278583851187825 
17.589999999972346, -0.829268703249764 
17.599999999972322, -0.8290061368516124 
17.6099999999723, -0.8248875813527785 
17.619999999972276, -0.7939336599625058 
17.629999999972252, -0.786329483376831 
17.63999999997223, -0.7864303589082374 
17.649999999972206, -0.7861181957139096 
17.659999999972182, -0.784583996274026 
17.66999999997216, -0.7827986447907106 
17.679999999972136, -0.7819647108390092 
17.689999999972112, -0.7818189725454407 
17.69999999997209, -0.7817270299203601 
17.709999999972066, -0.781551725788256 
17.719999999972043, -0.7813388018997918 
17.72999999997202, -0.7812172013724984 
17.739999999971996, -0.781587738228497 
17.749999999971973, -0.7825130673778442 
17.75999999997195, -0.7833495581165711 
17.769999999971926, -0.7833724917118795 
17.779999999971903, -0.7831901864492153 
17.78999999997188, -0.7898747666360881 
17.799999999971856, -0.8144560262735422 
17.809999999971833, -0.8186210195849001 
17.81999999997181, -0.8186280733140845 
17.829999999971786, -0.8169183198564836 
17.839999999971763, -0.8001071918094524 
17.84999999997174, -0.7879057104299865 
17.859999999971716, -0.787313690732041 
17.869999999971693, -0.7871962161088368 
17.87999999997167, -0.7864602858577111 
17.889999999971646, -0.7853258312805333 
17.899999999971623, -0.784596664508931 
17.9099999999716, -0.7843718160535925 
17.919999999971576, -0.784360171490084 
17.929999999971553, -0.7843237716048785 
17.93999999997153, -0.7842242033301249 
17.949999999971507, -0.7840622513519488 
17.959999999971483, -0.7843998240363452 
17.96999999997146, -0.7857759194522199 
17.979999999971437, -0.7875046483616995 
17.989999999971413, -0.7878621217552897 
17.99999999997139, -0.78757948745126 
18.009999999971367, -0.78935096440878 
18.019999999971343, -0.8191411994303318 
18.02999999997132, -0.8286184702527096 
18.039999999971297, -0.8289559509044513 
18.049999999971273, -0.8282241561752295 
18.05999999997125, -0.8200505463307898 
18.069999999971227, -0.8081174436294505 
18.079999999971204, -0.8063963467920153 
18.08999999997118, -0.8063281384560586 
18.099999999971157, -0.8058415961021754 
18.109999999971134, -0.8047942829918824 
18.11999999997111, -0.8039759396347421 
18.129999999971087, -0.8036369917589484 
18.139999999971064, -0.8036025794823615 
18.14999999997104, -0.80354559666668 
18.159999999971017, -0.8034350552266576 
18.169999999970994, -0.8032442022293838 
18.17999999997097, -0.8033597799065569 
18.189999999970947, -0.804172745686328 
18.199999999970924, -0.8053923467374312 
18.2099999999709, -0.8058123893662973 
18.219999999970877, -0.8056227004183434 
18.229999999970854, -0.8067102470607105 
18.23999999997083, -0.8241100886207624 
18.249999999970807, -0.8366424750240957 
18.259999999970784, -0.8373162819134353 
18.26999999997076, -0.8368051620030619 
18.279999999970737, -0.8281402696386022 
18.289999999970714, -0.7999038877019375 
18.29999999997069, -0.7966573257370305 
18.309999999970668, -0.7966782219516888 
18.319999999970644, -0.7961810112678126 
18.32999999997062, -0.7945417304757881 
18.339999999970598, -0.7931081513240299 
18.349999999970574, -0.7925335833429883 
18.35999999997055, -0.7924500210756755 
18.369999999970528, -0.7923250621224036 
18.379999999970504, -0.7921340132003175 
18.38999999997048, -0.7919065117407443 
18.399999999970458, -0.7918770037319715 
18.409999999970434, -0.7923488979776431 
18.41999999997041, -0.7932185926212382 
18.429999999970388, -0.7937132258410154 
18.439999999970365, -0.7935923095193764 
18.44999999997034, -0.7939184133369811 
18.459999999970318, -0.8044459618887716 
18.469999999970295, -0.8196943203567094 
18.47999999997027, -0.8211877853716224 
18.489999999970248, -0.8209327513535926 
18.499999999970225, -0.816634820479574 
18.5099999999702, -0.7891137333112402 
18.519999999970178, -0.7814826727971315 
18.529999999970155, -0.7814589620475507 
18.53999999997013, -0.7811906329093855 
18.549999999970108, -0.7800321749093458 
18.559999999970085, -0.778746940783444 
18.56999999997006, -0.7780855290980484 
18.57999999997004, -0.7779551171094411 
18.589999999970015, -0.7779172840272975 
18.59999999996999, -0.7778369103031371 
18.60999999996997, -0.7776829987721646 
18.619999999969945, -0.777578836016369 
18.62999999996992, -0.7781336080704636 
18.6399999999699, -0.7796295140855133 
18.649999999969875, -0.7809505394063658 
18.659999999969852, -0.7810420223082398 
18.66999999996983, -0.7806881459595609 
18.679999999969805, -0.7870740062214325 
18.689999999969782, -0.8179040654823029 
18.69999999996976, -0.8220705918853473 
18.709999999969735, -0.8221088537102182 
18.719999999969712, -0.8206719990666708 
18.72999999996969, -0.8102321205218371 
18.739999999969665, -0.802281641276343 
18.749999999969642, -0.8015544475424032 
18.75999999996962, -0.8014406141113372 
18.769999999969595, -0.8008275402756561 
18.779999999969572, -0.7999055413930665 
18.78999999996955, -0.7992759233026595 
18.799999999969526, -0.7990716254928975 
18.809999999969502, -0.7990718606691918 
18.81999999996948, -0.7990516713521707 
18.829999999969456, -0.7989539673039302 
18.839999999969432, -0.7987932601943615 
18.84999999996941, -0.7991416343827861 
18.859999999969386, -0.8004266448897775 
18.869999999969362, -0.8019172531211414 
18.87999999996934, -0.8021824577674743 
18.889999999969316, -0.8019098581590619 
18.899999999969292, -0.8048796147418403 
18.90999999996927, -0.8328875944565259 
18.919999999969246, -0.8412457751798735 
18.929999999969223, -0.8414878504965465 
18.9399999999692, -0.8405333448388826 
18.949999999969176, -0.8271369997528618 
18.959999999969153, -0.8086228330760807 
18.96999999996913, -0.8073550081997213 
18.979999999969106, -0.8072933739056808 
18.989999999969083, -0.8065859051940604 
18.99999999996906, -0.8050157914530394 
19.009999999969036, -0.8038927654465249 
19.019999999969013, -0.8035208307045033 
19.02999999996899, -0.8034566931056416 
19.039999999968966, -0.803300675719241 
19.049999999968943, -0.8030913909080247 
19.05999999996892, -0.8028702028287553 
19.069999999968896, -0.802950710426323 
19.079999999968873, -0.8034804392207465 
19.08999999996885, -0.8042211044607779 
19.099999999968826, -0.8044354380979997 
19.109999999968803, -0.8042556137237229 
19.11999999996878, -0.8057350913950451 
19.129999999968756, -0.8168538820504168 
19.139999999968733, -0.8244432991665236 
19.14999999996871, -0.8249047519505621 
19.159999999968687, -0.8243056095737228 
19.169999999968663, -0.8145456512570814 
19.17999999996864, -0.7844275878074928 
19.189999999968617, -0.7823191394734136 
19.199999999968593, -0.7823563134893121 
19.20999999996857, -0.7817796382423401 
19.219999999968547, -0.7799415547656708 
19.229999999968523, -0.7784413501729551 
19.2399999999685, -0.7778833922886232 
19.249999999968477, -0.7778073574717213 
19.259999999968453, -0.7776919312827076 
19.26999999996843, -0.777523987483536 
19.279999999968407, -0.7773133090897889 
19.289999999968384, -0.7773092023089083 
19.29999999996836, -0.7779100504049419 
19.309999999968337, -0.7790660266542583 
19.319999999968314, -0.7797245203626479 
19.32999999996829, -0.7796175345938154 
19.339999999968267, -0.7796993611997851 
19.349999999968244, -0.7946102073687445 
19.35999999996822, -0.8171973949212004 
19.369999999968197, -0.8188811663095283 
19.379999999968174, -0.81866425740629 
19.38999999996815, -0.8150692521977724 
19.399999999968127, -0.797888989848421 
19.409999999968104, -0.7918490970820145 
19.41999999996808, -0.7916747693788245 
19.429999999968057, -0.7914484214344712 
19.439999999968034, -0.7905645984223703 
19.44999999996801, -0.7895909542813836 
19.459999999967987, -0.7890410047817356 
19.469999999967964, -0.7889271927110991 
19.47999999996794, -0.7889212759353192 
19.489999999967917, -0.7888867149425064 
19.499999999967894, -0.7887522090518072 
19.50999999996787, -0.7886548808345932 
19.519999999967848, -0.7892808327722417 
19.529999999967824, -0.7909234404700045 
19.5399999999678, -0.7922745863223458 
19.549999999967778, -0.7923472434383969 
19.559999999967754, -0.7920005548867002 
19.56999999996773, -0.7994286300037219 
19.579999999967708, -0.8300849879829172 
19.589999999967684, -0.8339393215460352 
19.59999999996766, -0.8339340451455887 
19.609999999967638, -0.8321892577068148 
19.619999999967614, -0.8182828039361202 
19.62999999996759, -0.8088060309421528 
19.639999999967568, -0.8082718639673945 
19.649999999967545, -0.8081327729116581 
19.65999999996752, -0.8073379578393649 
19.669999999967498, -0.8061469393363663 
19.679999999967475, -0.8053886018771226 
19.68999999996745, -0.8051741801858096 
19.699999999967428, -0.805130730579743 
19.709999999967405, -0.8050185423886824 
19.71999999996738, -0.8048452212113801 
19.729999999967358, -0.8046772547097687 
19.739999999967335, -0.8049451058326577 
19.74999999996731, -0.8057695333831988 
19.759999999967288, -0.806655746676488 
19.769999999967265, -0.8067608095729306 
19.77999999996724, -0.8065702664277237 
19.78999999996722, -0.8101621258781094 
19.799999999967195, -0.8271453324506911 
19.80999999996717, -0.8325224874761471 
19.81999999996715, -0.8326438766243808 
19.829999999967125, -0.8314638925101674 
19.8399999999671, -0.8129704046274092 
19.84999999996708, -0.7905119063675333 
19.859999999967055, -0.7899316218088128 
19.869999999967032, -0.7898589361031662 
19.87999999996701, -0.7889828214741715 
19.889999999966985, -0.7871097671763857 
19.899999999966962, -0.7858874389153926 
19.90999999996694, -0.7855288478190284 
19.919999999966915, -0.7854664977102647 
19.929999999966892, -0.7853146041475751 
19.93999999996687, -0.7851204399375856 
19.949999999966845, -0.7849132330375626 
19.959999999966822, -0.785033038752261 
19.9699999999668, -0.7857108658642842 
19.979999999966775, -0.786698694891268 
19.989999999966752, -0.7870063733771971 
19.99999999996673, -0.7868072113811837 
20.009999999966706, -0.7882684154106765 
20.019999999966682, -0.8073357035966388 
20.02999999996666, -0.819243083834484 
20.039999999966636, -0.8198247380513105 
20.049999999966612, -0.8192713132995436 
20.05999999996659, -0.8105773528970545 
20.069999999966566, -0.7885471994497618 
20.079999999966542, -0.7855453104209701 
20.08999999996652, -0.7855212740824365 
20.099999999966496, -0.7850940651627897 
20.109999999966472, -0.7839129263256285 
20.11999999996645, -0.7829200046060397 
20.129999999966426, -0.7824755004193712 
20.139999999966403, -0.782420757696385 
20.14999999996638, -0.7823862659470926 
20.159999999966356, -0.7823164038782119 
20.169999999966333, -0.7821459226177268 
20.17999999996631, -0.7821695235576749 
20.189999999966286, -0.7830536446353751 
20.199999999966263, -0.7848130072658637 
20.20999999996624, -0.7857461485771954 
20.219999999966216, -0.7856556633360212 
20.229999999966193, -0.7854213794201653 
20.23999999996617, -0.8014297787788582 
20.249999999966146, -0.8253844422525892 
20.259999999966123, -0.8269774922136703 
20.2699999999661, -0.8267707041656452 
20.279999999966076, -0.8235153666632181 
20.289999999966053, -0.8100912198628889 
20.29999999996603, -0.8050058693391279 
20.309999999966006, -0.804804567338167 
20.319999999965983, -0.8045757063201096 
20.32999999996596, -0.8037145959827703 
20.339999999965936, -0.8027673040594764 
20.349999999965913, -0.8022263247605543 
20.35999999996589, -0.8021158617560097 
20.369999999965867, -0.8020922967461888 
20.379999999965843, -0.8020240441564086 
20.38999999996582, -0.8018620088224662 
20.399999999965797, -0.8017718252508682 
20.409999999965773, -0.8023104361537551 
20.41999999996575, -0.8035513205239507 
20.429999999965727, -0.8044960943622809 
20.439999999965703, -0.8044900243891363 
20.44999999996568, -0.8043344590400765 
20.459999999965657, -0.8126875149900832 
20.469999999965633, -0.8354741707710511 
20.47999999996561, -0.8385212432335528 
20.489999999965587, -0.838432212903306 
20.499999999965564, -0.8360216729181725 
20.50999999996554, -0.8121380142462841 
20.519999999965517, -0.7997728192491694 
20.529999999965494, -0.7996189215163573 
20.53999999996547, -0.7994310170596122 
20.549999999965447, -0.7982979095532354 
20.559999999965424, -0.7966418792399885 
20.5699999999654, -0.7957170362547439 
20.579999999965377, -0.7955072204590431 
20.589999999965354, -0.7954306848850082 
20.59999999996533, -0.7952555412620694 
20.609999999965307, -0.795038835911969 
20.619999999965284, -0.7948697444458004 
20.62999999996526, -0.7951123798597296 
20.639999999965237, -0.7958230757332145 
20.649999999965214, -0.7965752870576505 
20.65999999996519, -0.7966408890625553 
20.669999999965167, -0.7964752653173938 
20.679999999965144, -0.8003326385347563 
20.68999999996512, -0.8170183682144079 
20.699999999965097, -0.8220345944850376 
20.709999999965074, -0.8221342894640489 
20.71999999996505, -0.8208795792879561 
20.729999999965028, -0.8021776798887326 
20.739999999965004, -0.781418395276262 
20.74999999996498, -0.7807051251889626 
20.759999999964958, -0.7806297729263258 
20.769999999964934, -0.7798526408848694 
20.77999999996491, -0.7783383172040412 
20.789999999964888, -0.777343720722464 
20.799999999964864, -0.7770238054818643 
20.80999999996484, -0.7769856450798766 
20.819999999964818, -0.7769036853841345 
20.829999999964794, -0.776780239164041 
20.83999999996477, -0.7765985949930457 
20.849999999964748, -0.7767874148426932 
20.859999999964725, -0.7778358924400688 
20.8699999999647, -0.7794208403704301 
20.879999999964678, -0.7799145368094555 
20.889999999964655, -0.7796977783166281 
20.89999999996463, -0.7804077141202049 
20.909999999964608, -0.806499754551019 
20.919999999964585, -0.8208601795160984 
20.92999999996456, -0.8214938442199962 
20.939999999964538, -0.8210205343283177 
20.949999999964515, -0.8151989217567246 
20.95999999996449, -0.8029471116014311 
20.969999999964468, -0.8002857105668444 
20.979999999964445, -0.8002028361244655 
20.98999999996442, -0.7998521940701983 
20.9999999999644, -0.7989483195029796 
21.009999999964375, -0.7981587533888771 
21.01999999996435, -0.7977710895183938 
21.02999999996433, -0.7977300438797477 
21.039999999964305, -0.7977230695710348 
21.04999999996428, -0.7976764329111932 
21.05999999996426, -0.7975087139745348 
21.069999999964235, -0.7975452386628435 
21.079999999964212, -0.7984428004788009 
21.08999999996419, -0.8001054801776689 
21.099999999964165, -0.8009116334566267 
21.109999999964142, -0.800793149673739 
21.11999999996412, -0.800843519719673 
21.129999999964095, -0.8179860276628643 
21.139999999964072, -0.8395447506686337 
21.14999999996405, -0.8409245132345704 
21.159999999964025, -0.8406399682207917 
21.169999999964002, -0.835930398507336 
21.17999999996398, -0.8137827702106382 
21.189999999963955, -0.8080065078806675 
21.199999999963932, -0.8079650535442864 
21.20999999996391, -0.8076425169394775 
21.219999999963886, -0.8063534290815599 
21.229999999963862, -0.8049795159671865 
21.23999999996384, -0.8043107894698114 
21.249999999963816, -0.8041940908475381 
21.259999999963792, -0.8040920554562617 
21.26999999996377, -0.8039061436480769 
21.279999999963746, -0.8036752047052145 
21.289999999963722, -0.8035801777081457 
21.2999999999637, -0.8039361193952661 
21.309999999963676, -0.8046633704671595 
21.319999999963652, -0.8051800139968599 
21.32999999996363, -0.80509853177676 
21.339999999963606, -0.805223879930858 
21.349999999963583, -0.8115609438978965 
21.35999999996356, -0.8238433776480283 
21.369999999963536, -0.8258287868994847 
21.379999999963513, -0.8256638248194293 
21.38999999996349, -0.8228776407592585 
21.399999999963466, -0.7944874727992453 
21.409999999963443, -0.7832826204972808 
21.41999999996342, -0.7833769235305482 
21.429999999963396, -0.7831475513630948 
21.439999999963373, -0.7817847356675822 
21.44999999996335, -0.7799087260674014 
21.459999999963326, -0.7789527299122966 
21.469999999963303, -0.7787579349844698 
21.47999999996328, -0.7786826747071421 
21.489999999963256, -0.7785203937163189 
21.499999999963233, -0.7783209798890716 
21.50999999996321, -0.7781669254775031 
21.519999999963186, -0.7784767603630032 
21.529999999963163, -0.7794030283571672 
21.53999999996314, -0.7804057885234184 
21.549999999963116, -0.7805270439256442 
21.559999999963093, -0.7802817709416265 
21.56999999996307, -0.7847151893137199 
21.579999999963047, -0.8119324127223192 
21.589999999963023, -0.8184122784883484 
21.599999999963, -0.8185624982424631 
21.609999999962977, -0.817431178899076 
21.619999999962953, -0.8047468655211532 
21.62999999996293, -0.7913065355128925 
21.639999999962907, -0.7901972369093216 
21.649999999962883, -0.7901185448230957 
21.65999999996286, -0.7895247773852542 
21.669999999962837, -0.7884453937131056 
21.679999999962813, -0.7876849980207161 
21.68999999996279, -0.7874072241063311 
21.699999999962767, -0.7873939553968944 
21.709999999962744, -0.787369024844904 
21.71999999996272, -0.7872906072993767 
21.729999999962697, -0.7871188047290181 
21.739999999962674, -0.7873473782522635 
21.74999999996265, -0.7885900152234065 
21.759999999962627, -0.7903934657445912 
21.769999999962604, -0.7909037066043795 
21.77999999996258, -0.7906740621693452 
21.789999999962557, -0.7914840077108898 
21.799999999962534, -0.8183823054685584 
21.80999999996251, -0.8318373680017923 
21.819999999962487, -0.8323993747237715 
21.829999999962464, -0.8318615434090048 
21.83999999996244, -0.8248591579795401 
21.849999999962417, -0.8104389099086061 
21.859999999962394, -0.8079036634713512 
21.86999999996237, -0.807845590718902 
21.879999999962347, -0.8074180766625166 
21.889999999962324, -0.8063069308922821 
21.8999999999623, -0.8053649979443572 
21.909999999962277, -0.8049441371560976 
21.919999999962254, -0.8048881528798504 
21.92999999996223, -0.8048154506381016 
21.939999999962208, -0.8046886040852483 
21.949999999962184, -0.8044871738946389 
21.95999999996216, -0.8045211930704014 
21.969999999962138, -0.8051606745499652 
21.979999999962114, -0.8062211180013428 
21.98999999996209, -0.8066956924015266 
21.999999999962068, -0.806541609213964 
22.009999999962044, -0.8071681653514123 
22.01999999996202, -0.8199733662297822 
22.029999999961998, -0.8332626829247014 
22.039999999961974, -0.8342579325506388 
22.04999999996195, -0.8338827643239978 
22.059999999961928, -0.8276620915280313 
22.069999999961905, -0.7968550760448905 
22.07999999996188, -0.7918489389532067 
22.089999999961858, -0.7919061203552177 
22.099999999961835, -0.7915048261181944 
22.10999999996181, -0.7899064806829095 
22.119999999961788, -0.7883201991363491 
22.129999999961765, -0.787631222182671 
22.13999999996174, -0.7875240462273132 
22.149999999961718, -0.7874162660513501 
22.159999999961695, -0.787234324261011 
22.16999999996167, -0.7870126692023167 
22.179999999961648, -0.7869357049280332 
22.189999999961625, -0.7873659352669987 
22.1999999999616, -0.7882754409446302 
22.20999999996158, -0.7889312024400773 
22.219999999961555, -0.7888694578695032 
22.22999999996153, -0.7888740081878336 
22.23999999996151, -0.7978704604274433 
22.249999999961485, -0.8176990952984334 
22.25999999996146, -0.820167840239051 
22.26999999996144, -0.8200377979961602 
22.279999999961415, -0.8172738480852131 
22.289999999961392, -0.7946944161610229 
22.29999999996137, -0.7844474940785245 
22.309999999961345, -0.7842412225302267 
22.319999999961322, -0.7840570829545651 
22.3299999999613, -0.7831148581548176 
22.339999999961275, -0.7818931270332247 
22.349999999961252, -0.7811907344257633 
22.35999999996123, -0.7810177062965751 
22.369999999961205, -0.7809955005956261 
22.379999999961182, -0.780936063746667 
22.38999999996116, -0.7808063935247326 
22.399999999961135, -0.7806675111657827 
22.409999999961112, -0.7811195793508354 
22.41999999996109, -0.7825670729309764 
22.429999999961066, -0.7840927821887929 
22.439999999961042, -0.7842966915181198 
22.44999999996102, -0.7839669731969093 
22.459999999960996, -0.787673583201896 
22.469999999960972, -0.8189736498163792 
22.47999999996095, -0.8252253571408457 
22.489999999960926, -0.8253862654023396 
22.499999999960902, -0.8243450503903874 
22.50999999996088, -0.8148069421071631 
22.519999999960856, -0.8049867766573501 
22.529999999960832, -0.80387720615098 
22.53999999996081, -0.8037895095622111 
22.549999999960786, -0.8032326776665526 
22.559999999960763, -0.8022442175125716 
22.56999999996074, -0.8015286457873451 
22.579999999960716, -0.8012640927425767 
22.589999999960693, -0.8012484945518222 
22.59999999996067, -0.8012088430082862 
22.609999999960646, -0.8011073013706115 
22.619999999960623, -0.8009297060525344 
22.6299999999606, -0.8011537715548133 
22.639999999960576, -0.802188520637612 
22.649999999960553, -0.8035608175284964 
22.65999999996053, -0.8039039078820248 
22.669999999960506, -0.8036733977336723 
22.679999999960483, -0.8055451256676198 
22.68999999996046, -0.8286598279792895 
22.699999999960436, -0.8393476689533867 
22.709999999960413, -0.8397639398978288 
22.71999999996039, -0.8390561275038666 
22.729999999960366, -0.8276508655344227 
22.739999999960343, -0.8041669762231756 
22.74999999996032, -0.8021688398797434 
22.759999999960296, -0.8021472021797021 
22.769999999960273, -0.8015406237892765 
22.77999999996025, -0.7999156085343553 
22.789999999960227, -0.7986482723634857 
22.799999999960203, -0.7981859515989707 
22.80999999996018, -0.7981169192201631 
22.819999999960157, -0.7979747887669192 
22.829999999960133, -0.7977743914208622 
22.83999999996011, -0.7975467273477829 
22.849999999960087, -0.7975735720478976 
22.859999999960063, -0.7980804660112573 
22.86999999996004, -0.7988904613496903 
22.879999999960017, -0.7992288935308329 
22.889999999959993, -0.7990649039868178 
22.89999999995997, -0.7999202480676096 
22.909999999959947, -0.8111906775587736 
22.919999999959924, -0.8220215351413002 
22.9299999999599, -0.822858691957676 
22.939999999959877, -0.822445678771092 
22.949999999959854, -0.8156508735877004 
22.95999999995983, -0.7847328442725046 
22.969999999959807, -0.7801741239539891 
22.979999999959784, -0.7802211057411974 
22.98999999995976, -0.7798233286182438 
22.999999999959737, -0.7783679792756844 
23.009999999959714, -0.7769950326185 
23.01999999995969, -0.7763841433665456 
23.029999999959667, -0.7762893640968725 
23.039999999959644, -0.77622145218213 
23.04999999995962, -0.7761058777122618 
23.059999999959597, -0.7759235537235973 
23.069999999959574, -0.7758700038838503 
23.07999999995955, -0.7764937389495759 
23.089999999959527, -0.7779070741286475 
23.099999999959504, -0.7789144990885535 
23.10999999995948, -0.7788964697867605 
23.119999999959457, -0.7786161390328108 
23.129999999959434, -0.7895271908604218 
23.13999999995941, -0.8180858567334438 
23.149999999959388, -0.8207640891919074 
23.159999999959364, -0.8206788644131603 
23.16999999995934, -0.8184927786330319 
23.179999999959318, -0.8058928021049933 
23.189999999959294, -0.7991138709080546 
23.19999999995927, -0.7987054506595624 
23.209999999959248, -0.7985472803673471 
23.219999999959224, -0.7978263257750037 
23.2299999999592, -0.7969046280568594 
23.239999999959178, -0.7963247005281922 
23.249999999959154, -0.7961715689399322 
23.25999999995913, -0.7961736411396595 
23.269999999959108, -0.7961503631087311 
23.279999999959085, -0.7960347108938883 
23.28999999995906, -0.7959000186628665 
23.299999999959038, -0.796384054709666 
23.309999999959015, -0.7978392975455812 
23.31999999995899, -0.7992574371899711 
23.329999999958968, -0.7994106180785547 
23.339999999958945, -0.7991049560133726 
23.34999999995892, -0.8041274496312485 
23.359999999958898, -0.8342167416606123 
23.369999999958875, -0.8398976207706397 
23.37999999995885, -0.8399881946709697 
23.389999999958828, -0.8386315802057513 
23.399999999958805, -0.8233047639759152 
23.40999999995878, -0.8091826950351185 
23.41999999995876, -0.8084423942708476 
23.429999999958735, -0.808336408784753 
23.43999999995871, -0.807525072540352 
23.44999999995869, -0.8060575535011792 
23.459999999958665, -0.8050928736534424 
23.46999999995864, -0.8048070634029216 
23.47999999995862, -0.8047460789437119 
23.489999999958595, -0.8045918146979599 
23.499999999958572, -0.8043874066279817 
23.50999999995855, -0.8041872754650898 
23.519999999958525, -0.8043425851759723 
23.529999999958502, -0.8049550685285036 
23.53999999995848, -0.805703617234651 
23.549999999958455, -0.8058391864372016 
23.559999999958432, -0.805659704428132 
23.56999999995841, -0.8079938971204726 
23.579999999958385, -0.8206689679351026 
23.589999999958362, -0.8266678506605731 
23.59999999995834, -0.8269098838964698 
23.609999999958315, -0.8260552118756976 
23.619999999958292, -0.8120194134435604 
23.62999999995827, -0.785315313918513 
23.639999999958246, -0.7843641359504778 
23.649999999958222, -0.784345407132022 
23.6599999999582, -0.7835948216575058 
23.669999999958176, -0.781640032296298 
23.679999999958152, -0.7802457121599689 
23.68999999995813, -0.7797937702772693 
23.699999999958106, -0.779729006891031 
23.709999999958082, -0.7795908419247779 
23.71999999995806, -0.7794071547142352 
23.729999999958036, -0.7791941905976373 
23.739999999958012, -0.7792538846671833 
23.74999999995799, -0.7799050093181522 
23.759999999957966, -0.7809970641277207 
23.769999999957943, -0.7814674956920589 
23.77999999995792, -0.7813031048001997 
23.789999999957896, -0.7819156343252963 
23.799999999957873, -0.8002354460007123 
23.80999999995785, -0.8174535286863774 
23.819999999957826, -0.8184614157586643 
23.829999999957803, -0.8181003189360463 
23.83999999995778, -0.8125554811770809 
23.849999999957756, -0.793396224534506 
23.859999999957733, -0.7889865915219352 
23.86999999995771, -0.7889166430166856 
23.879999999957686, -0.7886070970976121 
23.889999999957663, -0.7876034637398878 
23.89999999995764, -0.7866442251411089 
23.909999999957616, -0.786154158944468 
23.919999999957593, -0.7860771596257156 
23.92999999995757, -0.7860637987132479 
23.939999999957546, -0.7860197473328655 
23.949999999957523, -0.7858675594041723 
23.9599999999575, -0.7858255865852236 
23.969999999957476, -0.7866055603178272 
23.979999999957453, -0.7883779762638251 
23.98999999995743, -0.7895472089415587 
23.999999999957407, -0.7895314672276994 
24.009999999957383, -0.789188953476088 
24.01999999995736, -0.8005410870308023 
24.029999999957337, -0.8284328417265797 
24.039999999957313, -0.8308686204386028 
24.04999999995729, -0.8307589832078797 
24.059999999957267, -0.8283394399791152 
24.069999999957243, -0.8145576203101988 
24.07999999995722, -0.8077027859507354 
24.089999999957197, -0.8073800569565649 
24.099999999957173, -0.8071963120704049 
24.10999999995715, -0.8063573845196149 
24.119999999957127, -0.8052967886127119 
24.129999999957104, -0.8046583990235158 
24.13999999995708, -0.8045023892911511 
24.149999999957057, -0.8044670729650747 
24.159999999957034, -0.8043748926190906 
24.16999999995701, -0.8042072825328015 
24.179999999956987, -0.8040748929260652 
24.189999999956964, -0.8044644859297403 
24.19999999995694, -0.8054680679940803 
24.209999999956917, -0.8063788347715583 
24.219999999956894, -0.8064213180664539 
24.22999999995687, -0.80624917743551 
24.239999999956847, -0.8118011590890137 
24.249999999956824, -0.8315305365289581 
24.2599999999568, -0.8355770205403049 
24.269999999956777, -0.8355770823794704 
24.279999999956754, -0.8338564473631832 
24.28999999995673, -0.811292452508045 
24.299999999956707, -0.7941864012783328 
24.309999999956684, -0.7939183124875225 
24.31999999995666, -0.7937857050386904 
24.329999999956637, -0.7927535583696216 
24.339999999956614, -0.7909552407801894 
24.34999999995659, -0.7898845905575006 
24.359999999956568, -0.7896107294052019 
24.369999999956544, -0.7895433406316152 
24.37999999995652, -0.7893778510186947 
24.389999999956498, -0.7891721208396281 
24.399999999956474, -0.7889806911598966 
24.40999999995645, -0.7891675867125015 
24.419999999956428, -0.7898753904374686 
24.429999999956404, -0.7907586056731036 
24.43999999995638, -0.7909317712712701 
24.449999999956358, -0.7907244598816897 
24.459999999956334, -0.7933626196858207 
24.46999999995631, -0.812330746917041 
24.479999999956288, -0.8202388700990073 
24.489999999956265, -0.8205310917904225 
24.49999999995624, -0.8196905453676083 
24.509999999956218, -0.8066211601321723 
24.519999999956195, -0.7845777370258232 
24.52999999995617, -0.7829054737284384 
24.539999999956148, -0.7828698152278105 
24.549999999956125, -0.782295094448976 
24.5599999999561, -0.7809742713583273 
24.569999999956078, -0.7799952665454782 
24.579999999956055, -0.7796170310256917 
24.58999999995603, -0.77957818280447 
24.599999999956008, -0.779526000691197 
24.609999999955985, -0.7794350965379344 
24.61999999995596, -0.7792559352816576 
24.62999999995594, -0.779364042800164 
24.639999999955915, -0.7803706334808501 
24.64999999995589, -0.7821171362007238 
24.65999999995587, -0.7828286381356742 
24.669999999955845, -0.7826693309481132 
24.67999999995582, -0.7827067132854315 
24.6899999999558, -0.8039985014688713 
24.699999999955775, -0.8228393499319022 
24.709999999955752, -0.8238373536747413 
24.71999999995573, -0.8235126680621319 
24.729999999955705, -0.8191581225028302 
24.739999999955682, -0.8066090325378069 
24.74999999995566, -0.8029826433255712 
24.759999999955635, -0.8028574975786398 
24.769999999955612, -0.802573464980689 
24.77999999995559, -0.8016999533867276 
24.789999999955565, -0.800853639154486 
24.799999999955542, -0.8004008336046542 
24.80999999995552, -0.8003310270365827 
24.819999999955495, -0.8003190509049769 
24.829999999955472, -0.8002686198789869 
24.83999999995545, -0.8001056958378691 
24.849999999955426, -0.8000736306645707 
24.859999999955402, -0.8007940503779191 
24.86999999995538, -0.8022768042493567 
24.879999999955356, -0.803180024162658 
24.889999999955332, -0.8031155610503373 
24.89999999995531, -0.8030275111347013 
24.909999999955286, -0.8154871300877458 
24.919999999955262, -0.8387972060411658 
24.92999999995524, -0.8408522771906244 
24.939999999955216, -0.8406646349554155 
24.949999999955192, -0.837191915491804 
24.95999999995517, -0.8133318311579492 
24.969999999955146, -0.8049008025041373 
24.979999999955123, -0.8048314218690862 
24.9899999999551, -0.8045748568156067 
24.999999999955076, -0.8033309193263676 
