t, s[1].omega / s[0].omega 
0, -1.7798314557059776 
0.009999999999999995, -1.7678204283879109 
0.019999999999999934, -1.7702816222714681 
0.029999999999999874, -1.7796596176477646 
0.04000000000000012, -1.786743440184209 
0.050000000000000405, -1.7903844324302203 
0.06000000000000069, -1.791931017610824 
0.07000000000000098, -1.7923941195155861 
0.08000000000000126, -1.7922811515006984 
0.09000000000000155, -1.791852136916884 
0.10000000000000184, -1.7913262854247507 
0.11000000000000212, -1.7909730954939718 
0.12000000000000241, -1.7909891409074798 
0.130000000000002, -1.7913228232640819 
0.1400000000000009, -1.791771953442606 
0.1499999999999998, -1.7921621082226065 
0.1599999999999987, -1.7923693395952935 
0.1699999999999976, -1.7922885325349234 
0.1799999999999965, -1.7918049495760235 
0.1899999999999954, -1.790749867352186 
0.1999999999999943, -1.788842069786155 
0.2099999999999932, -1.7856282285367484 
0.2199999999999921, -1.780478527476537 
0.229999999999991, -1.7728940147052945 
0.2399999999999899, -1.763687073467978 
0.2499999999999888, -1.7563215004934314 
0.2599999999999877, -1.7540080348853617 
0.2699999999999866, -1.7551787925396876 
0.2799999999999855, -1.756779507354501 
0.2899999999999844, -1.7576969494488057 
0.2999999999999833, -1.7579521065886397 
0.3099999999999822, -1.7577231778954725 
0.3199999999999811, -1.757120263553722 
0.32999999999998, -1.756281930416291 
0.3399999999999789, -1.7556320317526368 
0.3499999999999778, -1.7559527727116833 
0.35999999999997667, -1.7576401323180129 
0.36999999999997557, -1.760071480974314 
0.37999999999997447, -1.7623645915969781 
0.38999999999997337, -1.7640945398532488 
0.39999999999997227, -1.7652002403226656 
0.40999999999997117, -1.7657389273495951 
0.41999999999997006, -1.7657728437229543 
0.42999999999996896, -1.7653367715905923 
0.43999999999996786, -1.7644328460487348 
0.44999999999996676, -1.763036997355421 
0.45999999999996566, -1.7611235374174008 
0.46999999999996456, -1.7587403506208852 
0.47999999999996346, -1.7561796721503284 
0.48999999999996235, -1.7540986063657023 
0.49999999999996125, -1.7530892162850733 
0.5099999999999602, -1.7529850168558714 
0.519999999999959, -1.7531455418501753 
0.529999999999958, -1.7531344976899708 
0.5399999999999568, -1.7527753404252877 
0.5499999999999557, -1.7519297303285106 
0.5599999999999546, -1.7503617405176009 
0.5699999999999535, -1.7478520299317175 
0.5799999999999524, -1.7451005642411335 
0.5899999999999513, -1.7453569847654276 
0.5999999999999502, -1.752026675237163 
0.6099999999999491, -1.762486853793778 
0.619999999999948, -1.7716455361875625 
0.6299999999999469, -1.7777133846055668 
0.6399999999999458, -1.7811991048093911 
0.6499999999999447, -1.7829799514661286 
0.6599999999999436, -1.7837020010211369 
0.6699999999999425, -1.7837590594041124 
0.6799999999999414, -1.7833795068134948 
0.6899999999999403, -1.782709151803968 
0.6999999999999392, -1.7818699995985448 
0.7099999999999381, -1.7809845088007434 
0.719999999999937, -1.7801860527248319 
0.7299999999999359, -1.7796215090481617 
0.7399999999999348, -1.7793571399915895 
0.7499999999999337, -1.7792679796359099 
0.7599999999999326, -1.7791228132132448 
0.7699999999999315, -1.7787078670775447 
0.7799999999999304, -1.7777839935780082 
0.7899999999999293, -1.7759107404931167 
0.7999999999999282, -1.7721687696476311 
0.8099999999999271, -1.7649258104330368 
0.819999999999926, -1.7529539720140028 
0.8299999999999249, -1.7409365863237205 
0.8399999999999238, -1.741262310066182 
0.8499999999999227, -1.7543336119033217 
0.8599999999999216, -1.7674096294418742 
0.8699999999999205, -1.7751823707081738 
0.8799999999999194, -1.7789310493278805 
0.8899999999999183, -1.7805115119346262 
0.8999999999999172, -1.7809949578559663 
0.9099999999999161, -1.780898085761287 
0.919999999999915, -1.7804860004318204 
0.9299999999999139, -1.7799627139734195 
0.9399999999999128, -1.779541180177197 
0.9499999999999117, -1.7793633425730797 
0.9599999999999106, -1.7794129249721045 
0.9699999999999095, -1.779584093124963 
0.9799999999999084, -1.7797602793948855 
0.9899999999999073, -1.7798160651266184 
0.9999999999999062, -1.7796187375538293 
1.0099999999999052, -1.7790154159433016 
1.019999999999904, -1.7777727480333823 
1.029999999999903, -1.7754788756399797 
1.039999999999902, -1.7714252349438648 
1.0499999999999008, -1.7645695535288481 
1.0599999999998997, -1.754071335780066 
1.0699999999998986, -1.741417188724121 
1.0799999999998975, -1.7323294728893424 
1.0899999999998964, -1.7308349926995263 
1.0999999999998953, -1.7334339845616706 
1.1099999999998942, -1.7359313392946045 
1.119999999999893, -1.7372890471805753 
1.129999999999892, -1.7377663769163294 
1.1399999999998909, -1.7376818411319477 
1.1499999999998898, -1.7372177637983295 
1.1599999999998887, -1.736528476825086 
1.1699999999998876, -1.735937761819697 
1.1799999999998865, -1.7360006656272091 
1.1899999999998854, -1.7370450748951307 
1.1999999999998843, -1.7387186845986584 
1.2099999999998832, -1.7404046482284758 
1.219999999999882, -1.7417386226013278 
1.229999999999881, -1.7426133366797327 
1.2399999999998799, -1.743024846603116 
1.2499999999998788, -1.7429855662844838 
1.2599999999998777, -1.7424912817587423 
1.2699999999998766, -1.7415097584829013 
1.2799999999998755, -1.739980405679559 
1.2899999999998744, -1.7378319423711441 
1.2999999999998733, -1.7350537402089592 
1.3099999999998722, -1.7318875824943565 
1.319999999999871, -1.7290560783102875 
1.32999999999987, -1.7274424279027212 
1.3399999999998689, -1.7271240329076545 
1.3499999999998678, -1.7273609909853072 
1.3599999999998666, -1.7275243707651722 
1.3699999999998655, -1.7273723974713235 
1.3799999999998644, -1.7268078290655815 
1.3899999999998633, -1.725688994033034 
1.3999999999998622, -1.7238302667610845 
1.4099999999998611, -1.72145121334101 
1.41999999999986, -1.7204078079871057 
1.429999999999859, -1.7240258886160729 
1.4399999999998578, -1.7323813153938983 
1.4499999999998567, -1.7413796123440424 
1.4599999999998556, -1.7481594727344938 
1.4699999999998545, -1.7524271859166052 
1.4799999999998534, -1.7548221806184308 
1.4899999999998523, -1.7559806230940336 
1.4999999999998512, -1.7563402891792699 
1.5099999999998501, -1.7561702896598845 
1.519999999999849, -1.7556356624890412 
1.529999999999848, -1.7548565341833844 
1.5399999999998468, -1.7539473197167417 
1.5499999999998457, -1.753032263612699 
1.5599999999998446, -1.752259201200903 
1.5699999999998435, -1.7517720688621197 
1.5799999999998424, -1.7515792893088478 
1.5899999999998413, -1.751500995700616 
1.5999999999998402, -1.75130471839846 
1.6099999999998391, -1.7507859499670289 
1.619999999999838, -1.7496814157237648 
1.629999999999837, -1.7474751120597627 
1.6399999999998358, -1.7431148293974938 
1.6499999999998347, -1.734887789503135 
1.6599999999998336, -1.7220946935099786 
1.6699999999998325, -1.7109201858964702 
1.6799999999998314, -1.7131683913708478 
1.6899999999998303, -1.7265159359960331 
1.6999999999998292, -1.7387999365891929 
1.709999999999828, -1.745946650414695 
1.719999999999827, -1.749381891875938 
1.729999999999826, -1.7508229365456316 
1.7399999999998248, -1.7512451343569702 
1.7499999999998237, -1.7511212599130321 
1.7599999999998226, -1.7506998545295598 
1.7699999999998215, -1.750182989429004 
1.7799999999998204, -1.7497905257368025 
1.7899999999998193, -1.7496711010160495 
1.7999999999998182, -1.749801025317936 
1.809999999999817, -1.75005422193212 
1.819999999999816, -1.7503011984967702 
1.8299999999998149, -1.750419838656771 
1.8399999999998138, -1.7502897120379703 
1.8499999999998127, -1.7497788984062488 
1.8599999999998116, -1.7486986611893134 
1.8699999999998105, -1.7467350952568927 
1.8799999999998094, -1.7433746382115298 
1.8899999999998083, -1.7378799551289614 
1.8999999999998072, -1.7295717950350364 
1.909999999999806, -1.7190314450864865 
1.919999999999805, -1.7098257098014542 
1.9299999999998039, -1.7061619604305185 
1.9399999999998028, -1.7071485494031928 
1.9499999999998017, -1.7091436258032355 
1.9599999999998006, -1.7104591515154923 
1.9699999999997995, -1.7109941229234784 
1.9799999999997984, -1.7109693855569854 
1.9899999999997973, -1.710536771336118 
1.9999999999997962, -1.7098005866447585 
2.0099999999998173, -1.7090038223022332 
2.0199999999998384, -1.708748480292663 
2.0299999999998595, -1.7097273211827058 
2.0399999999998806, -1.7118744779480946 
2.0499999999999017, -1.714370231351794 
2.059999999999923, -1.7165216817121973 
2.069999999999944, -1.718079035337335 
2.079999999999965, -1.7190380849126137 
2.089999999999986, -1.7194605303796877 
2.100000000000007, -1.7194032621221216 
2.1100000000000283, -1.7188993851204137 
2.1200000000000494, -1.7179574126491168 
2.1300000000000705, -1.7165709485395542 
2.1400000000000916, -1.7147461472590624 
2.1500000000001127, -1.7125715042319585 
2.160000000000134, -1.7103478704861483 
2.170000000000155, -1.708625181710484 
2.180000000000176, -1.7078115977535364 
2.190000000000197, -1.7077110783498601 
2.2000000000002182, -1.707802806428218 
2.2100000000002393, -1.707727048415035 
2.2200000000002604, -1.707310570031434 
2.2300000000002815, -1.7063843042327254 
2.2400000000003026, -1.7046400580083563 
2.2500000000003237, -1.701651293164744 
2.260000000000345, -1.6976143131900603 
2.270000000000366, -1.695555231579632 
2.280000000000387, -1.7010259749485634 
2.290000000000408, -1.7136366613040377 
2.3000000000004293, -1.7263731802155395 
2.3100000000004504, -1.735208381734847 
2.3200000000004715, -1.7403102156194077 
2.3300000000004926, -1.7429460492461657 
2.3400000000005137, -1.7441256282110398 
2.3500000000005348, -1.7444574434773343 
2.360000000000556, -1.7442789970074244 
2.370000000000577, -1.7437881276417684 
2.380000000000598, -1.7431351628538447 
2.390000000000619, -1.7424603166225634 
2.4000000000006403, -1.7418773420339821 
2.4100000000006614, -1.7414623060568128 
2.4200000000006825, -1.7412502890979755 
2.4300000000007036, -1.741184812171743 
2.4400000000007247, -1.7411102820047375 
2.450000000000746, -1.7408445038892733 
2.460000000000767, -1.7401948157696978 
2.470000000000788, -1.7388654185794448 
2.480000000000809, -1.7362775612967851 
2.49000000000083, -1.7313033241463323 
2.5000000000008513, -1.7221053450560917 
2.5100000000008724, -1.7072871972706334 
2.5200000000008935, -1.690595128391194 
2.5300000000009146, -1.6828683263661222 
2.5400000000009357, -1.6873191669114178 
2.550000000000957, -1.6950420968155129 
2.560000000000978, -1.7003399721266852 
2.570000000000999, -1.7030331301152066 
2.58000000000102, -1.704158889462705 
2.5900000000010412, -1.704436450854112 
2.6000000000010624, -1.7042329388064394 
2.6100000000010835, -1.7037527247843858 
2.6200000000011046, -1.7032082431802629 
2.6300000000011257, -1.7029086711817705 
2.6400000000011468, -1.7031168837430326 
2.650000000001168, -1.7037907110151889 
2.660000000001189, -1.7046455409238639 
2.67000000000121, -1.705421511401335 
2.680000000001231, -1.705971599902917 
2.6900000000012523, -1.7062163275585291 
2.7000000000012734, -1.706098094569893 
2.7100000000012945, -1.705551166478267 
2.7200000000013156, -1.7044797184352654 
2.7300000000013367, -1.7027442076608992 
2.740000000001358, -1.7001628519346306 
2.750000000001379, -1.69656254390222 
2.7600000000014, -1.6919788196868786 
2.770000000001421, -1.687089335607639 
2.780000000001442, -1.6833785286344676 
2.7900000000014633, -1.6819173169498651 
2.8000000000014844, -1.6820856938747482 
2.8100000000015055, -1.6826378194160925 
2.8200000000015266, -1.6829367842625964 
2.8300000000015477, -1.6828459979399457 
2.840000000001569, -1.6823442415477274 
2.85000000000159, -1.6813702393984968 
2.860000000001611, -1.679886646488662 
2.870000000001632, -1.678301982924303 
2.8800000000016532, -1.6781896161662946 
2.8900000000016743, -1.6815514643355212 
2.9000000000016954, -1.6879215974766943 
2.9100000000017165, -1.694625948039214 
2.9200000000017377, -1.6998722574150982 
2.9300000000017588, -1.7033740966107704 
2.94000000000178, -1.7054631376696434 
2.950000000001801, -1.7065335047043668 
2.960000000001822, -1.706888521447112 
2.970000000001843, -1.7067333211429159 
2.9800000000018643, -1.7062030225565823 
2.9900000000018854, -1.7053984983495305 
3.0000000000019065, -1.7044183106107458 
3.0100000000019276, -1.7033793402414752 
3.0200000000019487, -1.7024352848071154 
3.03000000000197, -1.7017644822338327 
3.040000000001991, -1.7014470337464769 
3.050000000002012, -1.7013533312157532 
3.060000000002033, -1.701244292041396 
3.070000000002054, -1.700909380938897 
3.0800000000020753, -1.7001432792964954 
3.0900000000020964, -1.698603745115065 
3.1000000000021175, -1.6955918231264566 
3.1100000000021386, -1.6897944972866994 
3.1200000000021597, -1.6795793204220062 
3.130000000002181, -1.6660284852998646 
3.140000000002202, -1.658166496405281 
3.150000000002223, -1.6646169621312707 
3.160000000002244, -1.6782297403502384 
3.1700000000022652, -1.6889563076843654 
3.1800000000022863, -1.694932436887083 
3.1900000000023074, -1.6977758037950632 
3.2000000000023285, -1.6989458194099654 
3.2100000000023496, -1.6992431635889886 
3.2200000000023707, -1.6990597585554432 
3.230000000002392, -1.6986143802377889 
3.240000000002413, -1.6981070992778045 
3.250000000002434, -1.6977696193627199 
3.260000000002455, -1.697758508751716 
3.2700000000024763, -1.6980357817685996 
3.2800000000024974, -1.6984424901232145 
3.2900000000025185, -1.698825506362907 
3.3000000000025396, -1.6990635489101755 
3.3100000000025607, -1.699053359745704 
3.3200000000025818, -1.6986933608838872 
3.330000000002603, -1.6978540419465737 
3.340000000002624, -1.696341158571006 
3.350000000002645, -1.693864110906874 
3.360000000002666, -1.690031336837426 
3.3700000000026873, -1.6844584927238035 
3.3800000000027084, -1.6772199162841503 
3.3900000000027295, -1.669747558308504 
3.4000000000027506, -1.6647871479880152 
3.4100000000027717, -1.6635740593634918 
3.420000000002793, -1.664423414223289 
3.430000000002814, -1.6654472370482563 
3.440000000002835, -1.6659938502242617 
3.450000000002856, -1.6660459070710396 
3.460000000002877, -1.6656767577046245 
3.4700000000028983, -1.6649119655363087 
3.4800000000029194, -1.663814436572587 
3.4900000000029405, -1.662798354925068 
3.5000000000029616, -1.6629641803086006 
3.5100000000029827, -1.6653936499790156 
3.520000000003004, -1.669616594922036 
3.530000000003025, -1.674058415498855 
3.540000000003046, -1.6776613616388754 
3.550000000003067, -1.6801828198516422 
3.5600000000030882, -1.6817502686837482 
3.5700000000031094, -1.6825608723039367 
3.5800000000031305, -1.6827827655588166 
3.5900000000031516, -1.6825385833398383 
3.6000000000031727, -1.6819138001505969 
3.6100000000031938, -1.680975057402207 
3.620000000003215, -1.6797945044188505 
3.630000000003236, -1.67847940146592 
3.640000000003257, -1.6772108348230916 
3.650000000003278, -1.6762422756601563 
3.6600000000032993, -1.6757418196939071 
3.6700000000033204, -1.6756052648616606 
3.6800000000033415, -1.6755514027869538 
3.6900000000033626, -1.6753341187107396 
3.7000000000033837, -1.6747654941251398 
3.710000000003405, -1.6735905929263197 
3.720000000003426, -1.6713045549106649 
3.730000000003447, -1.6669423976381612 
3.740000000003468, -1.6592087524958654 
3.750000000003489, -1.6485558975757761 
3.7600000000035103, -1.641910358424857 
3.7700000000035314, -1.6484399876461686 
3.7800000000035525, -1.6637966166253388 
3.7900000000035736, -1.677124763023573 
3.8000000000035947, -1.6850580125233854 
3.810000000003616, -1.689038389716485 
3.820000000003637, -1.690818134817561 
3.830000000003658, -1.6914465641254683 
3.840000000003679, -1.6914533384560166 
3.8500000000037002, -1.6911098737040788 
3.8600000000037213, -1.6906060204082436 
3.8700000000037424, -1.69014346091327 
3.8800000000037635, -1.6899054951768524 
3.8900000000037847, -1.6899438710103643 
3.9000000000038058, -1.690170894437696 
3.910000000003827, -1.6904583567459568 
3.920000000003848, -1.6906843045069042 
3.930000000003869, -1.6907326828316258 
3.94000000000389, -1.6904909204125214 
3.9500000000039113, -1.6898286285210904 
3.9600000000039324, -1.6885553540954792 
3.9700000000039535, -1.6863733985832983 
3.9800000000039746, -1.682844013777754 
3.9900000000039957, -1.6774278502953859 
4.000000000004016, -1.6698069791435937 
4.010000000003993, -1.6608221576171434 
4.02000000000397, -1.653353667913897 
4.030000000003946, -1.650228897352363 
4.040000000003923, -1.6506693031859474 
4.0500000000039, -1.6520569099284468 
4.0600000000038765, -1.6530381880561602 
4.070000000003853, -1.6534230743972906 
4.08000000000383, -1.653323949251455 
4.090000000003807, -1.6528244238044052 
4.100000000003783, -1.6519685924865588 
4.11000000000376, -1.6509326984174362 
4.120000000003737, -1.6503589117306745 
4.130000000003713, -1.6513378530685625 
4.14000000000369, -1.6542926676853873 
4.150000000003667, -1.6582453447138732 
4.1600000000036434, -1.661934239387018 
4.17000000000362, -1.6647657869800034 
4.180000000003597, -1.666682260417648 
4.1900000000035735, -1.6678152289725723 
4.20000000000355, -1.6683162047543365 
4.210000000003527, -1.6683079786617234 
4.220000000003504, -1.6678792760766368 
4.23000000000348, -1.6670940815037454 
4.240000000003457, -1.6660095485791537 
4.250000000003434, -1.6647010516185283 
4.26000000000341, -1.663297616730502 
4.270000000003387, -1.6620214132548217 
4.280000000003364, -1.661140841253485 
4.2900000000033405, -1.660756414621393 
4.300000000003317, -1.660677846838166 
4.310000000003294, -1.660608678670748 
4.320000000003271, -1.6603251192379354 
4.330000000003247, -1.659641832420851 
4.340000000003224, -1.6582686621595346 
4.350000000003201, -1.6556230662539881 
4.360000000003177, -1.6506522185256554 
4.370000000003154, -1.6422222949620704 
4.380000000003131, -1.6318837299919733 
4.390000000003107, -1.6279314425366398 
4.400000000003084, -1.6374092853726334 
4.410000000003061, -1.653157189396333 
4.4200000000030375, -1.6655195160912626 
4.430000000003014, -1.672605953542888 
4.440000000002991, -1.67610864445822 
4.450000000002968, -1.677647980308538 
4.460000000002944, -1.678154799666514 
4.470000000002921, -1.6780967014421635 
4.480000000002898, -1.67772007761477 
4.490000000002874, -1.6772108550287197 
4.500000000002851, -1.6767727164889954 
4.510000000002828, -1.6765798719130587 
4.520000000002804, -1.676664999096459 
4.530000000002781, -1.6769280345910698 
4.540000000002758, -1.677237200255251 
4.5500000000027345, -1.6774705862474832 
4.560000000002711, -1.6775150097604297 
4.570000000002688, -1.677261850599106 
4.580000000002665, -1.676584929062042 
4.590000000002641, -1.675301775315425 
4.600000000002618, -1.6731337969757205 
4.610000000002595, -1.6696825125080348 
4.620000000002571, -1.664477366815655 
4.630000000002548, -1.6572754257002202 
4.640000000002525, -1.6488821641838718 
4.6500000000025015, -1.6418814864082336 
4.660000000002478, -1.6388114832922134 
4.670000000002455, -1.6390571333539363 
4.6800000000024315, -1.6402736378753424 
4.690000000002408, -1.6411670864162216 
4.700000000002385, -1.641513719326356 
4.710000000002362, -1.6413952016363536 
4.720000000002338, -1.640875719306895 
4.730000000002315, -1.6399794091579676 
4.740000000002292, -1.6388542934971337 
4.750000000002268, -1.6381384894924433 
4.760000000002245, -1.6390507410284099 
4.770000000002222, -1.6422381299184259 
4.7800000000021985, -1.646720056470811 
4.790000000002175, -1.6510052375371391 
4.800000000002152, -1.6543321239939712 
4.810000000002129, -1.6566063761026668 
4.820000000002105, -1.657984835879983 
4.830000000002082, -1.6586564274773903 
4.840000000002059, -1.6587768445049467 
4.850000000002035, -1.6584602299364295 
4.860000000002012, -1.6577892257039397 
4.870000000001989, -1.6568339073326954 
4.880000000001965, -1.6556749736730043 
4.890000000001942, -1.654429193711767 
4.900000000001919, -1.6532777600246775 
4.9100000000018955, -1.6524444764601338 
4.920000000001872, -1.6520407133181745 
4.930000000001849, -1.6519333049873253 
4.940000000001826, -1.6518606363666173 
4.950000000001802, -1.6516012736160293 
4.960000000001779, -1.65096973514972 
4.970000000001756, -1.6496916839090374 
4.980000000001732, -1.6472198928182515 
4.990000000001709, -1.6425054547671596 
5.000000000001686, -1.6340497532966676 
5.0100000000016625, -1.6217365133769057 
5.020000000001639, -1.611628605598672 
5.030000000001616, -1.6138452354159658 
5.0400000000015925, -1.6267667026680974 
5.050000000001569, -1.6396335780832172 
5.060000000001546, -1.6477272926340034 
5.070000000001523, -1.6518886307130998 
5.080000000001499, -1.653783287772138 
5.090000000001476, -1.6544825318511998 
5.100000000001453, -1.6545362640384371 
5.110000000001429, -1.654221910454329 
5.120000000001406, -1.6537268147169506 
5.130000000001383, -1.6532618813255948 
5.1400000000013595, -1.6530564475857266 
5.150000000001336, -1.6532148104569402 
5.160000000001313, -1.6536404448741773 
5.17000000000129, -1.6541525155798809 
5.180000000001266, -1.6545980614571494 
5.190000000001243, -1.6548640495933564 
5.20000000000122, -1.6548604305127363 
5.210000000001196, -1.6545014231627064 
5.220000000001173, -1.6536812529683682 
5.23000000000115, -1.6522513392770726 
5.240000000001126, -1.6500071125109002 
5.250000000001103, -1.6466987649909963 
5.26000000000108, -1.642119083770804 
5.2700000000010565, -1.6363953182976594 
5.280000000001033, -1.630515988271695 
5.29000000000101, -1.6263170765600914 
5.300000000000987, -1.6248371858210664 
5.310000000000963, -1.625151246706464 
5.32000000000094, -1.625842518029378 
5.330000000000917, -1.6262477560550963 
5.340000000000893, -1.6262464437667028 
5.35000000000087, -1.62584288880177 
5.360000000000847, -1.6250021089679632 
5.3700000000008234, -1.6236760396432128 
5.3800000000008, -1.6220895494635261 
5.390000000000777, -1.6213742229759347 
5.4000000000007535, -1.623536656871417 
5.41000000000073, -1.6291889759752702 
5.420000000000707, -1.6362628510676918 
5.430000000000684, -1.6424614581307733 
5.44000000000066, -1.6469375912159336 
5.450000000000637, -1.6498092373407176 
5.460000000000614, -1.6514568092855728 
5.47000000000059, -1.6522317538343998 
5.480000000000567, -1.6523933041355803 
5.490000000000544, -1.6521179578061094 
5.5000000000005205, -1.6515291000331733 
5.510000000000497, -1.650730777435874 
5.520000000000474, -1.6498313172725563 
5.5300000000004506, -1.6489495071091003 
5.540000000000427, -1.6482156835920605 
5.550000000000404, -1.6477451156078815 
5.560000000000381, -1.6475464491826977 
5.570000000000357, -1.6474778004599429 
5.580000000000334, -1.647338361691519 
5.590000000000311, -1.6469462449771357 
5.600000000000287, -1.646097378823086 
5.610000000000264, -1.6444399235164453 
5.620000000000241, -1.6412808370110672 
5.6300000000002175, -1.6353419666408118 
5.640000000000194, -1.6248145227552755 
5.650000000000171, -1.6091280387387652 
5.660000000000148, -1.593533919909112 
5.670000000000124, -1.5881072431949812 
5.680000000000101, -1.5938341233892828 
5.690000000000078, -1.602114751765977 
5.700000000000054, -1.6078688583729757 
5.710000000000031, -1.610927272585008 
5.720000000000008, -1.6123053106803926 
5.729999999999984, -1.6127527182319277 
5.739999999999961, -1.612667879777721 
5.749999999999938, -1.6122575474720846 
5.7599999999999145, -1.6116917872660523 
5.769999999999891, -1.6112321162779009 
5.779999999999868, -1.611225527895699 
5.789999999999845, -1.6118537446107954 
5.799999999999821, -1.6129388768304362 
5.809999999999798, -1.6141321083163536 
5.819999999999775, -1.6151706416356941 
5.829999999999751, -1.615923240272263 
5.839999999999728, -1.6163343815907028 
5.849999999999705, -1.6163776183807392 
5.8599999999996815, -1.6160302326546578 
5.869999999999658, -1.6152609196742518 
5.879999999999635, -1.6140263298346547 
5.8899999999996115, -1.6122770207038752 
5.899999999999588, -1.6099827121693788 
5.909999999999565, -1.6072028969831014 
5.919999999999542, -1.6042258040071662 
5.929999999999518, -1.601662428348512 
5.939999999999495, -1.600145153881692 
5.949999999999472, -1.599714622287928 
5.959999999999448, -1.5998271840625369 
5.969999999999425, -1.5999563749369845 
5.979999999999402, -1.5998464058772706 
5.9899999999993785, -1.5993767880692276 
5.999999999999355, -1.5983928783764516 
6.009999999999332, -1.5966009759336095 
6.019999999999309, -1.5935982092217407 
6.029999999999285, -1.5894683131841254 
6.039999999999262, -1.586601031748623 
6.049999999999239, -1.5903053686050497 
6.059999999999215, -1.6023953239397688 
6.069999999999192, -1.6170273780667042 
6.079999999999169, -1.6284995559185678 
6.089999999999145, -1.6356688966792823 
6.099999999999122, -1.6396208988933871 
6.109999999999099, -1.6415863154953456 
6.1199999999990755, -1.6423980895669683 
6.129999999999052, -1.6425374915834197 
6.139999999999029, -1.6422737043085107 
6.149999999999006, -1.6417804861263892 
6.159999999998982, -1.641212721782502 
6.169999999998959, -1.6407199681267255 
6.179999999998936, -1.6403991363641963 
6.189999999998912, -1.6402667896145484 
6.199999999998889, -1.6402834604939263 
6.209999999998866, -1.6403651056830633 
6.2199999999988425, -1.6403887474556278 
6.229999999998819, -1.6402199962411426 
6.239999999998796, -1.6397176821782427 
6.2499999999987725, -1.6386922050812616 
6.259999999998749, -1.636837068525886 
6.269999999998726, -1.6336537867388699 
6.279999999998703, -1.6284122100137064 
6.289999999998679, -1.6203111893641844 
6.299999999998656, -1.6092678458355902 
6.309999999998633, -1.597537189449457 
6.319999999998609, -1.5897268103039182 
6.329999999998586, -1.5880089495503829 
6.339999999998563, -1.5896675067622392 
6.3499999999985395, -1.5916113572323327 
6.359999999998516, -1.5928067571662183 
6.369999999998493, -1.5932871466236633 
6.37999999999847, -1.593251620859273 
6.389999999998446, -1.5928221933473714 
6.399999999998423, -1.5920647236502066 
6.4099999999984, -1.5911349237200576 
6.419999999998376, -1.5905376763078931 
6.429999999998353, -1.5911700415060015 
6.43999999999833, -1.5935595916792544 
6.449999999998306, -1.5971069193924983 
6.459999999998283, -1.600711400432123 
6.46999999999826, -1.6036835944013403 
6.4799999999982365, -1.605837556146393 
6.489999999998213, -1.6072290918447663 
6.49999999999819, -1.6079774769688981 
6.509999999998167, -1.6081976349594533 
6.519999999998143, -1.6079825565611283 
6.52999999999812, -1.6074041282670475 
6.539999999998097, -1.6065235203231911 
6.549999999998073, -1.6054084419618317 
6.55999999999805, -1.6041539099966449 
6.569999999998027, -1.6029064318802877 
6.5799999999980034, -1.6018724339589383 
6.58999999999798, -1.6012345164327932 
6.599999999997957, -1.6009885647917586 
6.6099999999979335, -1.600928345475157 
6.61999999999791, -1.6008106526645673 
6.629999999997887, -1.6004483119300237 
6.639999999997864, -1.599652451850472 
6.64999999999784, -1.5981007760585024 
6.659999999997817, -1.5951526215872034 
6.669999999997794, -1.5896300552884175 
6.67999999999777, -1.5799390485362423 
6.689999999997747, -1.5659546421516788 
6.699999999997724, -1.553413267891251 
6.7099999999977005, -1.55201476702474 
6.719999999997677, -1.561585036201126 
6.729999999997654, -1.5727495262619973 
6.7399999999976306, -1.5803079198427887 
6.749999999997607, -1.5843699962090032 
6.759999999997584, -1.5862825312791164 
6.769999999997561, -1.587022797496396 
6.779999999997537, -1.5871157625700134 
6.789999999997514, -1.5868261792662035 
6.799999999997491, -1.5863245522388276 
6.809999999997467, -1.5858154142780418 
6.819999999997444, -1.5855846675699827 
6.829999999997421, -1.5858612275628554 
6.8399999999973975, -1.5866109721954913 
6.849999999997374, -1.5875810295883945 
6.859999999997351, -1.5885157051461314 
6.869999999997328, -1.5892551831818398 
6.879999999997304, -1.589714739111476 
6.889999999997281, -1.5898469518800533 
6.899999999997258, -1.5896162913566352 
6.909999999997234, -1.5889839197114521 
6.919999999997211, -1.587900852082797 
6.929999999997188, -1.5863091397794666 
6.939999999997164, -1.5841559315984008 
6.949999999997141, -1.5814381684460466 
6.959999999997118, -1.578309156517601 
6.9699999999970945, -1.5752289309237404 
6.979999999997071, -1.5729180926587991 
6.989999999997048, -1.5718285665518668 
6.999999999997025, -1.5716866367648805 
7.009999999997001, -1.5718687906904214 
7.019999999996978, -1.5719473545430334 
7.029999999996955, -1.571742283610104 
7.039999999996931, -1.5711444328010078 
7.049999999996908, -1.5699712665428243 
7.059999999996885, -1.5678873837557403 
7.0699999999968615, -1.5645041729034648 
7.079999999996838, -1.5601863730383503 
7.089999999996815, -1.5579906213837034 
7.0999999999967915, -1.5632974693832082 
7.109999999996768, -1.576621849631228 
7.119999999996745, -1.5914762960608102 
7.129999999996722, -1.60269522508259 
7.139999999996698, -1.6095826731277127 
7.149999999996675, -1.6133394802834844 
7.159999999996652, -1.6151886016218278 
7.169999999996628, -1.6159363730768366 
7.179999999996605, -1.61604364930622 
7.189999999996582, -1.6157681865133757 
7.1999999999965585, -1.6152802684629564 
7.209999999996535, -1.6147376724837166 
7.219999999996512, -1.6142951353208534 
7.229999999996489, -1.614048612753884 
7.239999999996465, -1.6140012146946912 
7.249999999996442, -1.61409492371649 
7.259999999996419, -1.6142377858053574 
7.269999999996395, -1.6143128732974739 
7.279999999996372, -1.614197460604218 
7.289999999996349, -1.6137663618975027 
7.299999999996325, -1.6128614790964932 
7.309999999996302, -1.6112445806586255 
7.319999999996279, -1.6085527323427082 
7.3299999999962555, -1.604282811948756 
7.339999999996232, -1.5978895631846497 
7.349999999996209, -1.589218686183027 
7.359999999996186, -1.5794746094204304 
7.369999999996162, -1.5717243281833697 
7.379999999996139, -1.5684965220313933 
7.389999999996116, -1.5688391700853874 
7.399999999996092, -1.5702186165926864 
7.409999999996069, -1.5712697329934693 
7.419999999996046, -1.5717470940688079 
7.4299999999960225, -1.5717412232617889 
7.439999999995999, -1.5713338976924318 
7.449999999995976, -1.5705467978602998 
7.4599999999959525, -1.5694362603862664 
7.469999999995929, -1.5683736830452761 
7.479999999995906, -1.5683869535235389 
7.489999999995883, -1.570703404064493 
7.499999999995859, -1.5752656514442864 
7.509999999995836, -1.5805806142808496 
7.519999999995813, -1.5852625992064722 
7.529999999995789, -1.5887765837684966 
7.539999999995766, -1.5911431916485232 
7.549999999995743, -1.5925661640168032 
7.5599999999957195, -1.5932615453083876 
7.569999999995696, -1.5934070733920707 
7.579999999995673, -1.5931364673489845 
7.58999999999565, -1.5925511963326227 
7.599999999995626, -1.5917409597464844 
7.609999999995603, -1.5908029184189842 
7.61999999999558, -1.5898500403014617 
7.629999999995556, -1.5890123051113725 
7.639999999995533, -1.5884188365031011 
7.64999999999551, -1.588122136232438 
7.659999999995486, -1.5880279973127782 
7.669999999995463, -1.5879490300510246 
7.67999999999544, -1.587703106812285 
7.6899999999954165, -1.5871201618498363 
7.699999999995393, -1.5859603358756682 
7.70999999999537, -1.5837798678808483 
7.719999999995347, -1.579745176392779 
7.729999999995323, -1.572468721934918 
7.7399999999953, -1.5603546094072585 
7.749999999995277, -1.5437218105224155 
7.759999999995253, -1.5283650810630254 
7.76999999999523, -1.5225682087261707 
7.779999999995207, -1.5262328304807515 
7.789999999995183, -1.5324167708429228 
7.79999999999516, -1.5369758447790354 
7.809999999995137, -1.539506432084957 
7.8199999999951135, -1.5406745498226386 
7.82999999999509, -1.5410409126455524 
7.839999999995067, -1.5409188136808774 
7.849999999995044, -1.5404703077734867 
7.85999999999502, -1.5398312927853046 
7.869999999994997, -1.5392549091755394 
7.879999999994974, -1.539184843997049 
7.88999999999495, -1.5400249018264662 
7.899999999994927, -1.5417241731085976 
7.909999999994904, -1.5438022673830267 
7.9199999999948805, -1.5457744772059439 
7.929999999994857, -1.547378069748658 
7.939999999994834, -1.5485282448925317 
7.9499999999948106, -1.549223863990178 
7.959999999994787, -1.549491626140685 
7.969999999994764, -1.5493623721280199 
7.979999999994741, -1.5488633289031948 
7.989999999994717, -1.548018555628757 
7.999999999994694, -1.5468562939929753 
8.00999999999467, -1.5454247618839356 
8.019999999994647, -1.5438190057099825 
8.029999999994624, -1.5422174401863378 
8.0399999999946, -1.5408870504741645 
8.049999999994577, -1.5400624760318755 
8.059999999994554, -1.539744752209271 
8.06999999999453, -1.5396942560135018 
8.079999999994508, -1.539634413351924 
8.089999999994484, -1.5393705573221925 
8.099999999994461, -1.5387419183690783 
8.109999999994438, -1.537505022101049 
8.119999999994414, -1.5351844304030975 
8.129999999994391, -1.5308854771894287 
8.139999999994368, -1.5232396523610827 
8.149999999994344, -1.5113239586787657 
8.159999999994321, -1.4978719717263815 
8.169999999994298, -1.491295214053244 
8.179999999994275, -1.4968695775692058 
8.189999999994251, -1.508565967922486 
8.199999999994228, -1.5185581123694882 
8.209999999994205, -1.5246724081908507 
8.219999999994181, -1.5278538332052725 
8.229999999994158, -1.5293186327339794 
8.239999999994135, -1.5298374726756163 
8.249999999994111, -1.5298146365378877 
8.259999999994088, -1.5294595006789176 
8.269999999994065, -1.5289258939553887 
8.279999999994041, -1.5284269692328247 
8.289999999994018, -1.5282710962570978 
8.299999999993995, -1.5287064106030277 
8.309999999993972, -1.5296957098159552 
8.319999999993948, -1.5309538085709415 
8.329999999993925, -1.5321831078017738 
8.339999999993902, -1.5331980100595877 
8.349999999993878, -1.5339097403647457 
8.359999999993855, -1.5342815760566269 
8.369999999993832, -1.5342985048413003 
8.379999999993808, -1.5339511789500526 
8.389999999993785, -1.5332292650089343 
8.399999999993762, -1.532121484367017 
8.409999999993738, -1.5306228607002748 
8.419999999993715, -1.5287541433693925 
8.429999999993692, -1.526602955314114 
8.439999999993669, -1.5243885398956103 
8.449999999993645, -1.5224880214368965 
8.459999999993622, -1.5212731885196664 
8.469999999993599, -1.5207989675080806 
8.479999999993575, -1.5207597893487146 
8.489999999993552, -1.5207865066152348 
8.499999999993529, -1.5206429424955776 
8.509999999993505, -1.5201835644062647 
8.519999999993482, -1.5192299783775818 
8.529999999993459, -1.5174405060951976 
8.539999999993436, -1.5141682685517701 
8.549999999993412, -1.5084279537599001 
8.559999999993389, -1.4996192740584706 
8.569999999993366, -1.4901444143899778 
8.579999999993342, -1.4874088159592376 
8.589999999993319, -1.4964723130786524 
8.599999999993296, -1.5115650123903859 
8.609999999993272, -1.5243670186799483 
8.619999999993249, -1.532340053318682 
8.629999999993226, -1.5365876279596002 
8.639999999993202, -1.5386282412685923 
8.64999999999318, -1.5394599616168247 
8.659999999993156, -1.53962019122825 
8.669999999993133, -1.5393854182138331 
8.67999999999311, -1.5389263988193551 
8.689999999993086, -1.5384218457743857 
8.699999999993063, -1.5381101877012253 
8.70999999999304, -1.5382062343564948 
8.719999999993016, -1.5387375390081408 
8.729999999992993, -1.5395318883565279 
8.73999999999297, -1.540368968893323 
8.749999999992946, -1.541085080984316 
8.759999999992923, -1.541579079105326 
8.7699999999929, -1.5417888172377567 
8.779999999992876, -1.5416705703636526 
8.789999999992853, -1.5411843442007973 
8.79999999999283, -1.540285929040907 
8.809999999992806, -1.5389258830155672 
8.819999999992783, -1.5370569022348934 
8.82999999999276, -1.5346580495356543 
8.839999999992736, -1.5317953891328173 
8.849999999992713, -1.5287327522202478 
8.85999999999269, -1.5260091639073383 
8.869999999992666, -1.5242261851711332 
8.879999999992643, -1.5235392029599035 
8.88999999999262, -1.5235309476714431 
8.899999999992596, -1.523673984801184 
8.909999999992573, -1.5236590249677673 
8.91999999999255, -1.523345488451991 
8.929999999992527, -1.522607576041088 
8.939999999992503, -1.5212108350197937 
8.94999999999248, -1.518721866250561 
8.959999999992457, -1.514568339765394 
8.969999999992433, -1.5088028539853389 
8.97999999999241, -1.504257416964368 
8.989999999992387, -1.5071915358299335 
8.999999999992363, -1.5201208490209812 
9.00999999999234, -1.5366534604634556 
9.019999999992317, -1.5498617767045555 
9.029999999992294, -1.5580884858058088 
9.03999999999227, -1.5625652862351773 
9.049999999992247, -1.564777065731079 
9.059999999992224, -1.5657170649679861 
9.0699999999922, -1.565941021216673 
9.079999999992177, -1.5657460295052945 
9.089999999992154, -1.5653139460118388 
9.09999999999213, -1.5648109100308458 
9.109999999992107, -1.5644248440265447 
9.119999999992084, -1.564305249971799 
9.12999999999206, -1.564471224800801 
9.139999999992037, -1.5648236496002135 
9.149999999992014, -1.565230179879527 
9.15999999999199, -1.56557008533365 
9.169999999991967, -1.5657400587720007 
9.179999999991944, -1.5656516135285516 
9.18999999999192, -1.5652190400339214 
9.199999999991897, -1.5643413241333985 
9.209999999991874, -1.5628887348904654 
9.21999999999185, -1.5607006608498213 
9.229999999991827, -1.5576036589820441 
9.239999999991804, -1.553480281851613 
9.24999999999178, -1.548454047329033 
9.259999999991757, -1.543201560351547 
9.269999999991734, -1.5390104383965484 
9.27999999999171, -1.5369053340241756 
9.289999999991688, -1.5366054413728547 
9.299999999991664, -1.5370374509355398 
9.309999999991641, -1.5374347946786964 
9.319999999991618, -1.5375295704201042 
9.329999999991594, -1.5372642470456155 
9.339999999991571, -1.5365824100663983 
9.349999999991548, -1.5353503992676414 
9.359999999991524, -1.5334014754077712 
9.369999999991501, -1.530899807897958 
9.379999999991478, -1.5293027159199073 
9.389999999991455, -1.5317990312828271 
9.399999999991431, -1.5402468906514826 
9.409999999991408, -1.5518789155788977 
9.419999999991385, -1.562446027067335 
9.429999999991361, -1.570036829386638 
9.439999999991338, -1.5747894023614075 
9.449999999991315, -1.577481537946189 
9.459999999991291, -1.578832051395213 
9.469999999991268, -1.579341859466792 
9.479999999991245, -1.5793236533978903 
9.489999999991221, -1.5789717467019604 
9.499999999991198, -1.5784295324522029 
9.509999999991175, -1.5778348068674652 
9.519999999991152, -1.5773186749696702 
9.529999999991128, -1.576966828689312 
9.539999999991105, -1.5768015838933942 
9.549999999991082, -1.5767932544111478 
9.559999999991058, -1.5768610954616877 
9.569999999991035, -1.5768839412690918 
9.579999999991012, -1.5767316344510722 
9.589999999990988, -1.5762720178141683 
9.599999999990965, -1.5753372731954025 
9.609999999990942, -1.5736708107762647 
9.619999999990918, -1.570875311815049 
9.629999999990895, -1.5663911174469498 
9.639999999990872, -1.559594665017356 
9.649999999990849, -1.5502415180183051 
9.659999999990825, -1.5394677817106042 
9.669999999990802, -1.5304452364251677 
9.679999999990779, -1.5261764252005707 
9.689999999990755, -1.5261274682333261 
9.699999999990732, -1.5275997760354305 
9.709999999990709, -1.5288793867745205 
9.719999999990685, -1.5295610402728554 
9.729999999990662, -1.5297181193044065 
9.739999999990639, -1.529457476955337 
9.749999999990616, -1.5288188126378741 
9.759999999990592, -1.5278170781436382 
9.769999999990569, -1.526624564060949 
9.779999999990546, -1.5259305390314046 
9.789999999990522, -1.5270376855830503 
9.799999999990499, -1.530791638660071 
9.809999999990476, -1.5363601512118916 
9.819999999990452, -1.542045607876345 
9.829999999990429, -1.5467342741714512 
9.839999999990406, -1.5501306157901786 
9.849999999990382, -1.5523579822348712 
9.85999999999036, -1.5536545610673635 
9.869999999990336, -1.5542486968976195 
9.879999999990313, -1.5543234471546343 
9.88999999999029, -1.5540158987377075 
9.899999999990266, -1.5534326579101236 
9.909999999990243, -1.5526722540485427 
9.91999999999022, -1.551840535682947 
9.929999999990196, -1.5510484534984803 
9.939999999990173, -1.5504015796700314 
9.94999999999015, -1.5499813146054895 
9.959999999990126, -1.5497955345606091 
9.969999999990103, -1.549744369221632 
9.97999999999008, -1.5496670311512415 
9.989999999990056, -1.5494060867507227 
9.999999999990033, -1.5488035849123278 
10.00999999999001, -1.5476354067058211 
10.019999999989986, -1.5455125644112113 
10.029999999989963, -1.5417618249553753 
10.03999999998994, -1.5353449945577151 
10.049999999989916, -1.5250793294998357 
10.059999999989893, -1.510778382530413 
10.06999999998987, -1.4954442064487052 
10.079999999989846, -1.4851381481327417 
10.089999999989823, -1.4828687042811817 
10.0999999999898, -1.4853531344990871 
10.109999999989776, -1.4884243397620032 
10.119999999989753, -1.490498921416569 
10.12999999998973, -1.491563451685241 
10.139999999989707, -1.4919274085543421 
10.149999999989683, -1.491818176625625 
10.15999999998966, -1.49134927347387 
10.169999999989637, -1.4905890141161626 
10.179999999989613, -1.489701058947224 
10.18999999998959, -1.4891608057776158 
10.199999999989567, -1.4897919949015814 
10.209999999989543, -1.492172245035888 
10.21999999998952, -1.4959183504372164 
10.229999999989497, -1.5000138236083043 
10.239999999989474, -1.5036447718388994 
10.24999999998945, -1.5064727071480981 
10.259999999989427, -1.5084687309883926 
10.269999999989404, -1.5097283503562324 
10.27999999998938, -1.510377030638009 
10.289999999989357, -1.5105338857035044 
10.299999999989334, -1.5103004903555963 
10.30999999998931, -1.5097623616795446 
10.319999999989287, -1.5089996435323167 
10.329999999989264, -1.5081009147536482 
10.33999999998924, -1.507169733773317 
10.349999999989217, -1.506321107395219 
10.359999999989194, -1.5056691132081828 
10.36999999998917, -1.5052857232394958 
10.379999999989147, -1.5051388457896278 
10.389999999989124, -1.5050918056872158 
10.3999999999891, -1.5049772163706923 
10.409999999989077, -1.5046444766343 
10.419999999989054, -1.5039329637154673 
10.42999999998903, -1.5025992953660205 
10.439999999989007, -1.5002213329806409 
10.449999999988984, -1.496092832587777 
10.45999999998896, -1.4891866734963282 
10.469999999988937, -1.4784612361082028 
10.479999999988914, -1.4640250410684854 
10.48999999998889, -1.4489789006293814 
10.499999999988868, -1.4388298316573145 
10.509999999988844, -1.4361441383092932 
10.519999999988821, -1.438058727629351 
10.529999999988798, -1.4408031583355596 
10.539999999988774, -1.4427721616577907 
10.549999999988751, -1.4438315645039403 
10.559999999988728, -1.4442224645568351 
10.569999999988704, -1.4441462727930197 
10.579999999988681, -1.443702960776214 
10.589999999988658, -1.4429330002239902 
10.599999999988635, -1.4419265256593896 
10.609999999988611, -1.4410447682988887 
10.619999999988588, -1.4411424355030011 
10.629999999988565, -1.4432516363605532 
10.639999999988541, -1.447554970491281 
10.649999999988518, -1.4530164827127703 
10.659999999988495, -1.4583208705380326 
10.669999999988471, -1.4626939797740677 
10.679999999988448, -1.4659260665884037 
10.689999999988425, -1.4681034296748707 
10.699999999988401, -1.4694127754793367 
10.709999999988378, -1.4700495705796337 
10.719999999988355, -1.4701824984507668 
10.729999999988332, -1.4699452678264882 
10.739999999988308, -1.4694453378179588 
10.749999999988285, -1.4687822708130636 
10.759999999988262, -1.4680621445386035 
10.769999999988238, -1.4673926513350535 
10.779999999988215, -1.46686284243402 
10.789999999988192, -1.4665268807291072 
10.799999999988168, -1.4663884732952357 
10.809999999988145, -1.4663837635383854 
10.819999999988122, -1.4663949614590126 
10.829999999988098, -1.4662918015002484 
10.839999999988075, -1.4659507677732015 
10.849999999988052, -1.465234282201001 
10.859999999988029, -1.4639507211824245 
10.869999999988005, -1.4618168632765252 
10.879999999987982, -1.4584413194470047 
10.889999999987959, -1.4533632051210708 
10.899999999987935, -1.4462192916275256 
10.909999999987912, -1.4371517415696942 
10.919999999987889, -1.4274151565499045 
10.929999999987865, -1.4194339345600717 
10.939999999987842, -1.4152014819902736 
10.949999999987819, -1.4144084663412864 
10.959999999987796, -1.415210658141335 
10.969999999987772, -1.4161762774431386 
10.979999999987749, -1.4167804648766047 
10.989999999987726, -1.41696293628785 
10.999999999987702, -1.4167632108584467 
11.009999999987679, -1.4161809886098315 
11.019999999987656, -1.415146477493026 
11.029999999987632, -1.4135674764984845 
11.039999999987609, -1.4115595022542355 
11.049999999987586, -1.4100257918370247 
11.059999999987562, -1.4111675607621816 
11.06999999998754, -1.4172325897556404 
11.079999999987516, -1.4276745344303532 
11.089999999987493, -1.4392090824882668 
11.09999999998747, -1.4489372148379351 
11.109999999987446, -1.4558617526716304 
11.119999999987423, -1.4602609697499926 
11.1299999999874, -1.4628047371519979 
11.139999999987376, -1.464112182362519 
11.149999999987353, -1.4646302638004376 
11.15999999998733, -1.464647368198566 
11.169999999987306, -1.4643470180642988 
11.179999999987283, -1.4638665563258297 
11.18999999998726, -1.4633432658762744 
11.199999999987236, -1.4629219359687118 
11.209999999987213, -1.4627103719691308 
11.21999999998719, -1.4627314956317043 
11.229999999987166, -1.4629313926164618 
11.239999999987143, -1.4632183222880255 
11.24999999998712, -1.4634878851443633 
11.259999999987096, -1.4636380081295655 
11.269999999987073, -1.4635781558301093 
11.27999999998705, -1.4632252528848795 
11.289999999987026, -1.4624913486407127 
11.299999999987003, -1.461274878598116 
11.30999999998698, -1.4594616405932608 
11.319999999986956, -1.4569376215042091 
11.329999999986933, -1.453621548055517 
11.33999999998691, -1.4495398703293065 
11.349999999986887, -1.4449686114688 
11.359999999986863, -1.4405769456621347 
11.36999999998684, -1.4372837836745753 
11.379999999986817, -1.4356248129060432 
11.389999999986793, -1.4352862726458668 
11.39999999998677, -1.4355191723407126 
11.409999999986747, -1.435766860126894 
11.419999999986723, -1.4357895588860143 
11.4299999999867, -1.435498106151019 
11.439999999986677, -1.434800736071979 
11.449999999986654, -1.4335081836365178 
11.45999999998663, -1.4312725870836878 
11.469999999986607, -1.4276389128447622 
11.479999999986584, -1.422576326803577 
11.48999999998656, -1.4180089361519874 
11.499999999986537, -1.4189118540024235 
11.509999999986514, -1.429188421804919 
11.51999999998649, -1.4454810339234387 
11.529999999986467, -1.4607415728376016 
11.539999999986444, -1.4714001315404326 
11.54999999998642, -1.4776983748767 
11.559999999986397, -1.4810573344124156 
11.569999999986374, -1.4826823019333255 
11.57999999998635, -1.4833226152140262 
11.589999999986327, -1.4833922083181221 
11.599999999986304, -1.4831181184848183 
11.60999999998628, -1.4826555392842307 
11.619999999986257, -1.4821721133982468 
11.629999999986234, -1.481875033860704 
11.63999999998621, -1.4819346701119618 
11.649999999986187, -1.4823681796872887 
11.659999999986164, -1.4830407521190536 
11.66999999998614, -1.4837744615198067 
11.679999999986117, -1.4844244702281522 
11.689999999986094, -1.4848903289575828 
11.69999999998607, -1.4851045773714526 
11.709999999986048, -1.4850191451432193 
11.719999999986024, -1.4845937103173288 
11.729999999986001, -1.483788985894064 
11.739999999985978, -1.4825657952602693 
11.749999999985954, -1.4808902957813093 
11.759999999985931, -1.478749668272712 
11.769999999985908, -1.476189128877346 
11.779999999985884, -1.4733814410860557 
11.789999999985861, -1.4706994745903592 
11.799999999985838, -1.4686511969211211 
11.809999999985815, -1.4675550687988355 
11.819999999985791, -1.4672588333385066 
11.829999999985768, -1.4673211006597637 
11.839999999985745, -1.467371362815197 
11.849999999985721, -1.4672118106019818 
11.859999999985698, -1.4667199355881082 
11.869999999985675, -1.4657255953666175 
11.879999999985651, -1.4638961720527839 
11.889999999985628, -1.4606190532717656 
11.899999999985605, -1.4550063532134425 
11.909999999985581, -1.4465984861670573 
11.919999999985558, -1.4376483570026353 
11.929999999985535, -1.434797107573428 
11.939999999985512, -1.4430316045501796 
11.949999999985488, -1.4578338402497524 
11.959999999985465, -1.4712141749012662 
11.969999999985442, -1.4799866182206713 
11.979999999985418, -1.4848525083454924 
11.989999999985395, -1.487288127610982 
11.999999999985372, -1.488361092286666 
12.009999999985348, -1.4886736565622107 
12.019999999985325, -1.4885383329850808 
12.029999999985302, -1.4881307459251067 
12.039999999985278, -1.4876063781695035 
12.049999999985255, -1.4871850684984227 
12.059999999985232, -1.4871382410506575 
12.069999999985209, -1.4876269189090852 
12.079999999985185, -1.4885621820119601 
12.089999999985162, -1.489691721080652 
12.099999999985139, -1.4907774300592502 
12.109999999985115, -1.4916679627036136 
12.119999999985092, -1.4922833026442153 
12.129999999985069, -1.492584282243053 
12.139999999985045, -1.492551004337813 
12.149999999985022, -1.4921705851521427 
12.159999999984999, -1.4914320639874172 
12.169999999984976, -1.4903269301178899 
12.179999999984952, -1.4888558990297684 
12.189999999984929, -1.4870457860606825 
12.199999999984906, -1.4849829282185758 
12.209999999984882, -1.48286303908428 
12.219999999984859, -1.4810118139941122 
12.229999999984836, -1.479763362151499 
12.239999999984812, -1.479206176005175 
12.249999999984789, -1.4791046336862432 
12.259999999984766, -1.4791207981870598 
12.269999999984742, -1.4790125508130347 
12.27999999998472, -1.4786295118006723 
12.289999999984696, -1.4778115539336687 
12.299999999984673, -1.476269972374127 
12.30999999998465, -1.4734443121467828 
12.319999999984626, -1.4683564097316668 
12.329999999984603, -1.4597595021725704 
12.33999999998458, -1.4475336632022355 
12.349999999984556, -1.435794157609319 
12.359999999984533, -1.4325332946597322 
12.36999999998451, -1.4402210258778267 
12.379999999984486, -1.452090494556902 
12.389999999984463, -1.4616672973435658 
12.39999999998444, -1.4675051625068836 
12.409999999984416, -1.4705840011165388 
12.419999999984393, -1.4720302720890386 
12.42999999998437, -1.472560724634251 
12.439999999984346, -1.472557055801755 
12.449999999984323, -1.4722164553617199 
12.4599999999843, -1.4716764068799777 
12.469999999984276, -1.4711276470329562 
12.479999999984253, -1.470883751756125 
12.48999999998423, -1.4712798851626618 
12.499999999984206, -1.4724039911160454 
12.509999999984183, -1.4740007893452152 
12.51999999998416, -1.4756935399508218 
12.529999999984136, -1.4772047959975554 
12.539999999984113, -1.4783950755465889 
12.54999999998409, -1.4792140668271372 
12.559999999984067, -1.479654605096416 
12.569999999984043, -1.479726943317852 
12.57999999998402, -1.4794471230428938 
12.589999999983997, -1.4788333281041384 
12.599999999983973, -1.4779076217705174 
12.60999999998395, -1.4767033056910537 
12.619999999983927, -1.4752788164339004 
12.629999999983903, -1.4737381783209538 
12.63999999998388, -1.4722522968773317 
12.649999999983857, -1.4710466339346724 
12.659999999983834, -1.4702977545380436 
12.66999999998381, -1.4699911469248306 
12.679999999983787, -1.4699253009153401 
12.689999999983764, -1.4698625868763282 
12.69999999998374, -1.469624097444313 
12.709999999983717, -1.4690602634525765 
12.719999999983694, -1.4679613653951658 
12.72999999998367, -1.4659401389621523 
12.739999999983647, -1.4622771082481698 
12.749999999983624, -1.4557761809951815 
12.7599999999836, -1.4449584245361358 
12.769999999983577, -1.4294559832997504 
12.779999999983554, -1.4128478729442542 
12.78999999998353, -1.4025623082798138 
12.799999999983507, -1.4022796030107134 
12.809999999983484, -1.407766430573877 
12.81999999998346, -1.4135052796645207 
12.829999999983437, -1.4173894833124012 
12.839999999983414, -1.4195409461436594 
12.84999999998339, -1.420550571717107 
12.859999999983367, -1.4208638067091868 
12.869999999983344, -1.4207283791038043 
12.87999999998332, -1.4202666049651553 
12.889999999983297, -1.41956668456169 
12.899999999983274, -1.4188099953920397 
12.90999999998325, -1.418424297545336 
12.919999999983228, -1.4190624948786383 
12.929999999983204, -1.4211558072244688 
12.939999999983181, -1.4244361702174426 
12.949999999983158, -1.4281409905360058 
12.959999999983134, -1.4315857679865183 
12.969999999983111, -1.4344149308778742 
12.979999999983088, -1.4365311175564097 
12.989999999983064, -1.437967509746224 
12.999999999983041, -1.438808279812085 
13.009999999983018, -1.4391510532773648 
13.019999999982995, -1.4390900778294584 
13.029999999982971, -1.4387102940562 
13.039999999982948, -1.4380906527934254 
13.049999999982925, -1.4373142419710063 
13.059999999982901, -1.4364762669892661 
13.069999999982878, -1.4356799860492795 
13.079999999982855, -1.4350228431929417 
13.089999999982831, -1.43457777130074 
13.099999999982808, -1.4343618676174812 
13.109999999982785, -1.434309671648809 
13.119999999982761, -1.434293982614272 
13.129999999982738, -1.4341772266127757 
13.139999999982715, -1.4338327735445184 
13.149999999982692, -1.4331213077689973 
13.159999999982668, -1.4318463807623938 
13.169999999982645, -1.4297105679765707 
13.179999999982622, -1.4262911300115355 
13.189999999982598, -1.4210730323041694 
13.199999999982575, -1.4136169462343458 
13.209999999982552, -1.4039741982141822 
13.219999999982528, -1.3933210475674573 
13.229999999982505, -1.3841340515459943 
13.239999999982482, -1.3787497848846875 
13.249999999982458, -1.3772770138041042 
13.259999999982435, -1.3779142914761324 
13.269999999982412, -1.3789822247878163 
13.279999999982389, -1.3797529123759236 
13.289999999982365, -1.3800924942205857 
13.299999999982342, -1.3800392682939733 
13.309999999982319, -1.3796171858450585 
13.319999999982295, -1.378782364235239 
13.329999999982272, -1.3774295852130312 
13.339999999982249, -1.3754994397888185 
13.349999999982225, -1.3733512259385865 
13.359999999982202, -1.3724596447693778 
13.369999999982179, -1.3754911208193215 
13.379999999982156, -1.3841003537651424 
13.389999999982132, -1.3964501374702964 
13.399999999982109, -1.4087471996591274 
13.409999999982086, -1.4184529728439959 
13.419999999982062, -1.4250437229096975 
13.429999999982039, -1.4290731570641162 
13.439999999982016, -1.4313187037189719 
13.449999999981992, -1.4324184294487687 
13.459999999981969, -1.4328036215883806 
13.469999999981946, -1.4327411633702574 
13.479999999981922, -1.4324001912130242 
13.4899999999819, -1.4319158747705518 
13.499999999981876, -1.431435131038976 
13.509999999981853, -1.4311151968360725 
13.51999999998183, -1.431063375541298 
13.529999999981806, -1.431281120170849 
13.539999999981783, -1.4316819405930736 
13.54999999998176, -1.432148673397905 
13.559999999981736, -1.4325691237499911 
13.569999999981713, -1.4328482436145191 
13.57999999998169, -1.4329103432296395 
13.589999999981666, -1.4326936169570013 
13.599999999981643, -1.4321417556967044 
13.60999999998162, -1.4311992458393166 
13.619999999981596, -1.4298125081957906 
13.629999999981573, -1.4279368008644149 
13.63999999998155, -1.4255523440236613 
13.649999999981526, -1.4226997786724234 
13.659999999981503, -1.4195457767009363 
13.66999999998148, -1.416456292152413 
13.679999999981456, -1.4139593922073737 
13.689999999981433, -1.4124614122331258 
13.69999999998141, -1.4119190889638613 
13.709999999981386, -1.411913825878251 
13.719999999981363, -1.412017893352261 
13.72999999998134, -1.411980601139668 
13.739999999981316, -1.4116734902826913 
13.749999999981293, -1.410973739774574 
13.75999999998127, -1.409659284808629 
13.769999999981247, -1.407298791139128 
13.779999999981223, -1.403141975040145 
13.7899999999812, -1.39620164925936 
13.799999999981177, -1.386168981143523 
13.809999999981153, -1.3757381457391145 
13.81999999998113, -1.371497215252598 
13.829999999981107, -1.3777307502698748 
13.839999999981083, -1.3902384887017363 
13.84999999998106, -1.4019613289996415 
13.859999999981037, -1.4098753258891932 
13.869999999981014, -1.4143768129335732 
13.87999999998099, -1.416679919112498 
13.889999999980967, -1.4177169036943815 
13.899999999980944, -1.4180296807192128 
13.90999999998092, -1.4179012683244636 
13.919999999980897, -1.4174840492583027 
13.929999999980874, -1.4169065665191949 
13.93999999998085, -1.4163773555038996 
13.949999999980827, -1.4162394183555613 
13.959999999980804, -1.4168437180098787 
13.96999999998078, -1.4182680984499307 
13.979999999980757, -1.4202282274104263 
13.989999999980734, -1.4223086328726438 
13.99999999998071, -1.4241961874675653 
14.009999999980687, -1.4257298269892869 
14.019999999980664, -1.4268526186592962 
14.02999999998064, -1.4275612369902648 
14.039999999980617, -1.4278765051872406 
14.049999999980594, -1.4278295977600912 
14.05999999998057, -1.4274565129891728 
14.069999999980547, -1.4267973579481465 
14.079999999980524, -1.4259002419128008 
14.0899999999805, -1.4248292609047828 
14.099999999980477, -1.4236728649486312 
14.109999999980454, -1.4225480186951736 
14.11999999998043, -1.4215933741363054 
14.129999999980408, -1.4209312153533582 
14.139999999980384, -1.4205939598019264 
14.149999999980361, -1.4204853109483155 
14.159999999980338, -1.420435807512563 
14.169999999980314, -1.4202832324417825 
14.179999999980291, -1.419889915926314 
14.189999999980268, -1.4190999960890736 
14.199999999980244, -1.417671375806495 
14.209999999980221, -1.4151974130441978 
14.219999999980198, -1.411035523210029 
14.229999999980175, -1.4043162098610937 
14.239999999980151, -1.39422632045524 
14.249999999980128, -1.380845186454002 
14.259999999980105, -1.3663549335428182 
14.269999999980081, -1.3549169322536236 
14.279999999980058, -1.3495139299510082 
14.289999999980035, -1.3491902793827255 
14.299999999980011, -1.3509452055702524 
14.309999999979988, -1.3527261469486238 
14.319999999979965, -1.3538910694984891 
14.329999999979941, -1.354449898067291 
14.339999999979918, -1.3545396766225357 
14.349999999979895, -1.354249567307551 
14.359999999979872, -1.3535933327525547 
14.369999999979848, -1.3525343979515423 
14.379999999979825, -1.3510838885688856 
14.389999999979802, -1.3495720590397635 
14.399999999979778, -1.349095875642185 
14.409999999979755, -1.3515282867915217 
14.419999999979732, -1.358116406813204 
14.429999999979708, -1.367829863343265 
14.439999999979685, -1.378079289354008 
14.449999999979662, -1.3867795792934454 
14.459999999979638, -1.3931635267296576 
14.469999999979615, -1.397378003305135 
14.479999999979592, -1.3999145265617914 
14.489999999979569, -1.4012784179796958 
14.499999999979545, -1.4018649108020997 
14.509999999979522, -1.4019450334598493 
14.519999999979499, -1.401697158506057 
14.529999999979475, -1.4012528231757484 
14.539999999979452, -1.4007400350554364 
14.549999999979429, -1.400301755762098 
14.559999999979405, -1.4000661080531478 
14.569999999979382, -1.400089297240322 
14.579999999979359, -1.4003368583417433 
14.589999999979335, -1.4007183498680156 
14.599999999979312, -1.4011270807482297 
14.609999999979289, -1.4014612522332703 
14.619999999979266, -1.4016341875493226 
14.629999999979242, -1.4015757893572507 
14.639999999979219, -1.4012264965812242 
14.649999999979196, -1.4005308820634288 
14.659999999979172, -1.3994361308524854 
14.669999999979149, -1.3978957497291202 
14.679999999979126, -1.395878450161087 
14.689999999979102, -1.3933865809594512 
14.69999999997908, -1.3904934441804568 
14.709999999979056, -1.3874036768405624 
14.719999999979033, -1.3845002040472545 
14.72999999997901, -1.382262962613719 
14.739999999978986, -1.3809885018176247 
14.749999999978963, -1.380556462782268 
14.75999999997894, -1.3805642243281762 
14.769999999978916, -1.380638749456688 
14.779999999978893, -1.3805632070042715 
14.78999999997887, -1.3802161304401108 
14.799999999978846, -1.379467579671803 
14.809999999978823, -1.3780811702670202 
14.8199999999788, -1.3756024045494324 
14.829999999978776, -1.3712321266223737 
14.839999999978753, -1.3638332314341262 
14.84999999997873, -1.3526036200342735 
14.859999999978706, -1.3390974794784953 
14.869999999978683, -1.328946073519628 
14.87999999997866, -1.3280050575616982 
14.889999999978636, -1.335319701279189 
14.899999999978613, -1.3448015099009047 
14.90999999997859, -1.3522133505167693 
14.919999999978566, -1.3568012278967316 
14.929999999978543, -1.3592915337739067 
14.93999999997852, -1.3604889955973622 
14.949999999978496, -1.360921775402863 
14.959999999978473, -1.360878205559452 
14.96999999997845, -1.3605029717172967 
14.979999999978427, -1.3598858685478403 
14.989999999978403, -1.3591642291941644 
14.99999999997838, -1.3586518124918179 
15.009999999978357, -1.3588901867791727 
15.019999999978333, -1.360401572577458 
15.02999999997831, -1.3632297121076262 
15.039999999978287, -1.3668440800870245 
15.049999999978263, -1.3705459166206908 
15.05999999997824, -1.3738383592960615 
15.069999999978217, -1.376491375321701 
15.079999999978194, -1.3784542801406918 
15.08999999997817, -1.3797686668138593 
15.099999999978147, -1.380517179190351 
15.109999999978124, -1.3807961530084447 
15.1199999999781, -1.3807002484557462 
15.129999999978077, -1.3803162643794742 
15.139999999978054, -1.3797267321194684 
15.14999999997803, -1.379019729698922 
15.159999999978007, -1.3782938957223105 
15.169999999977984, -1.377648132300561 
15.17999999997796, -1.377161197216536 
15.189999999977937, -1.3768748444587064 
15.199999999977914, -1.3767803022515266 
15.20999999997789, -1.3768110548138484 
15.219999999977867, -1.3768599057295507 
15.229999999977844, -1.3768122205137936 
15.23999999997782, -1.3765624134045091 
15.249999999977797, -1.376003767899846 
15.259999999977774, -1.3750079060929865 
15.26999999997775, -1.3734114338585444 
15.279999999977727, -1.3710200496357894 
15.289999999977704, -1.3676365590235409 
15.29999999997768, -1.3631212188599755 
15.309999999977657, -1.3575021601523691 
15.319999999977634, -1.3511486788680198 
15.32999999997761, -1.344922988821987 
15.339999999977588, -1.3400104743387737 
15.349999999977564, -1.3372129296724304 
15.359999999977541, -1.336328763152119 
15.369999999977518, -1.33647831218282 
15.379999999977494, -1.3368763797128027 
15.389999999977471, -1.3371319705789457 
15.399999999977448, -1.3371163349180253 
15.409999999977424, -1.3367788053876475 
15.419999999977401, -1.3360350769914535 
15.429999999977378, -1.3346980587021002 
15.439999999977355, -1.3324221175684694 
15.449999999977331, -1.328711087867879 
15.459999999977308, -1.3232354489667961 
15.469999999977285, -1.3169155245497177 
15.479999999977261, -1.313402139044009 
15.489999999977238, -1.3177585732966306 
15.499999999977215, -1.330705258895686 
15.509999999977191, -1.3467029417388494 
15.519999999977168, -1.3599891688227805 
15.529999999977145, -1.3687367065877936 
15.539999999977121, -1.3737632240299928 
15.549999999977098, -1.3764026099781097 
15.559999999977075, -1.377651467660968 
15.569999999977052, -1.3781016909233403 
15.579999999977028, -1.3780722467443731 
15.589999999977005, -1.3777355364431492 
15.599999999976982, -1.377216666065531 
15.609999999976958, -1.3766831160561976 
15.619999999976935, -1.3764054427054289 
15.629999999976912, -1.3767003050930233 
15.639999999976888, -1.3777259854701078 
15.649999999976865, -1.3793407984179873 
15.659999999976842, -1.3812149407926266 
15.669999999976818, -1.3830379592708597 
15.679999999976795, -1.3846136147760189 
15.689999999976772, -1.3858475183814245 
15.699999999976749, -1.3867076582707112 
15.709999999976725, -1.3871949225161675 
15.719999999976702, -1.387327068343969 
15.729999999976679, -1.3871312919543621 
15.739999999976655, -1.386641430038464 
15.749999999976632, -1.3858986613577096 
15.759999999976609, -1.3849561069243355 
15.769999999976585, -1.3838857532444142 
15.779999999976562, -1.382782943603908 
15.789999999976539, -1.3817640550434598 
15.799999999976515, -1.3809509766928183 
15.809999999976492, -1.380428960702878 
15.819999999976469, -1.3801900627928254 
15.829999999976446, -1.3801233648716043 
15.839999999976422, -1.3800733329527612 
15.849999999976399, -1.3798975053652918 
15.859999999976376, -1.3794694924916664 
15.869999999976352, -1.3786403895759305 
15.879999999976329, -1.377186928918323 
15.889999999976306, -1.3747623358700671 
15.899999999976282, -1.3708710296595257 
15.90999999997626, -1.3649189993917406 
15.919999999976236, -1.3564355326695838 
15.929999999976213, -1.3455663179358988 
15.93999999997619, -1.3337165829527808 
15.949999999976166, -1.3235675679935708 
15.959999999976143, -1.3174991827516938 
15.96999999997612, -1.315616743466296 
15.979999999976096, -1.316113520762277 
15.989999999976073, -1.3172238310273903 
15.99999999997605, -1.3181092457750538 
16.009999999976028, -1.3185743791144495 
16.019999999976005, -1.3186443671361483 
16.02999999997598, -1.3183553246573188 
16.039999999975958, -1.3176840268508772 
16.049999999975935, -1.31652958178516 
16.05999999997591, -1.3147387541025568 
16.069999999975888, -1.3122687987920933 
16.079999999975865, -1.3096872642793158 
16.08999999997584, -1.3089590414558248 
16.099999999975818, -1.3132430411240312 
16.109999999975795, -1.3241070915439672 
16.11999999997577, -1.3389904325710582 
16.129999999975748, -1.353338640835633 
16.139999999975725, -1.364308771371397 
16.1499999999757, -1.3715086001694101 
16.15999999997568, -1.3757663448223527 
16.169999999975655, -1.378074099196502 
16.17999999997563, -1.3791838926691562 
16.18999999997561, -1.3795718887356194 
16.199999999975585, -1.3795160675405294 
16.20999999997556, -1.3791837120894634 
16.21999999997554, -1.3787074803002042 
16.229999999975515, -1.378245631715546 
16.239999999975492, -1.3779970133333894 
16.24999999997547, -1.3781318309182562 
16.259999999975445, -1.378684699828098 
16.269999999975422, -1.379537252746518 
16.2799999999754, -1.38050680187405 
16.289999999975375, -1.3814316853533986 
16.299999999975352, -1.3821989005042747 
16.30999999997533, -1.3827382870650833 
16.319999999975305, -1.3830094499119645 
16.329999999975282, -1.38299035090988 
16.33999999997526, -1.3826699250480916 
16.349999999975235, -1.382044839491317 
16.359999999975212, -1.3811197482951976 
16.36999999997519, -1.379911194552372 
16.379999999975166, -1.378456233661075 
16.389999999975142, -1.376826429312587 
16.39999999997512, -1.375145221062901 
16.409999999975096, -1.3735964939769034 
16.419999999975072, -1.3723899078028001 
16.42999999997505, -1.3716571061472091 
16.439999999975026, -1.3713523408924433 
16.449999999975002, -1.3712826223983572 
16.45999999997498, -1.3712330258275638 
16.469999999974956, -1.3710402591548887 
16.479999999974932, -1.370572955800012 
16.48999999997491, -1.3696668572740278 
16.499999999974886, -1.3680450928296986 
16.509999999974863, -1.3652242435733744 
16.51999999997484, -1.3604234191159985 
16.529999999974816, -1.3525831038882548 
16.539999999974793, -1.3407751742365985 
16.54999999997477, -1.325338797805522 
16.559999999974746, -1.309242287416864 
16.569999999974723, -1.2973280993097434 
16.5799999999747, -1.2923547579553454 
16.589999999974676, -1.2926975897425848 
16.599999999974653, -1.295010102319776 
16.60999999997463, -1.297190235167163 
16.619999999974606, -1.2986275399596037 
16.629999999974583, -1.2993733964691854 
16.63999999997456, -1.2996028852067876 
16.649999999974536, -1.2994376921397903 
16.659999999974513, -1.29891851774536 
16.66999999997449, -1.298020684103129 
16.679999999974466, -1.296707714299909 
16.689999999974443, -1.2950920627411466 
16.69999999997442, -1.2937958347972178 
16.709999999974396, -1.2943358935534905 
16.719999999974373, -1.2986767405837985 
16.72999999997435, -1.3074602119496173 
16.739999999974327, -1.3188964133506649 
16.749999999974303, -1.3301466570015648 
16.75999999997428, -1.3392785937226737 
16.769999999974257, -1.3457558501125202 
16.779999999974233, -1.3499068237412866 
16.78999999997421, -1.3523368863507161 
16.799999999974187, -1.3536069213903514 
16.809999999974163, -1.3541291925221293 
16.81999999997414, -1.354173251135223 
16.829999999974117, -1.353911075253156 
16.839999999974093, -1.3534704827346131 
16.84999999997407, -1.3529837726053087 
16.859999999974047, -1.3526104445509968 
16.869999999974024, -1.3525039020626524 
16.879999999974, -1.3527358767504556 
16.889999999973977, -1.3532591837121806 
16.899999999973954, -1.3539497875384918 
16.90999999997393, -1.3546714837688913 
16.919999999973907, -1.35531059291733 
16.929999999973884, -1.355783607976338 
16.93999999997386, -1.3560336689065924 
16.949999999973837, -1.3560233703865094 
16.959999999973814, -1.355728167143171 
16.96999999997379, -1.3551327056005076 
16.979999999973767, -1.354230189444848 
16.989999999973744, -1.3530246610746046 
16.99999999997372, -1.3515372630429205 
17.009999999973697, -1.3498181117775552 
17.019999999973674, -1.347964057608053 
17.02999999997365, -1.3461364300790768 
17.039999999973627, -1.3445547550758905 
17.049999999973604, -1.3434257507912253 
17.05999999997358, -1.3428189957339265 
17.069999999973557, -1.3426109669939552 
17.079999999973534, -1.3425750537754255 
17.08999999997351, -1.3425064627252268 
17.099999999973488, -1.34225958237383 
17.109999999973464, -1.3417070561917976 
17.11999999997344, -1.340671784004111 
17.129999999973418, -1.3388489814256352 
17.139999999973394, -1.3357171898140847 
17.14999999997337, -1.330467032997698 
17.159999999973348, -1.3220733478547255 
17.169999999973324, -1.3097840176685949 
17.1799999999733, -1.2942399065667598 
17.189999999973278, -1.2785307843729687 
17.199999999973254, -1.2671043810850566 
17.20999999997323, -1.2622064743424357 
17.219999999973208, -1.2622360598279079 
17.229999999973185, -1.2641822346220546 
17.23999999997316, -1.2661200664123344 
17.249999999973138, -1.267436086023386 
17.259999999973115, -1.268131971478861 
17.26999999997309, -1.2683454350523422 
17.279999999973068, -1.2681773965964243 
17.289999999973045, -1.2676551576382473 
17.29999999997302, -1.2667354508581568 
17.309999999972998, -1.265335475176364 
17.319999999972975, -1.2634510421336242 
17.32999999997295, -1.2614853491257023 
17.339999999972928, -1.260790947128681 
17.349999999972905, -1.2637460780857026 
17.35999999997288, -1.272182017466116 
17.36999999997286, -1.2851270738032863 
17.379999999972835, -1.2991601623970674 
17.38999999997281, -1.3111354944154787 
17.39999999997279, -1.3197833930218568 
17.409999999972765, -1.325334444939809 
17.41999999997274, -1.328589035941766 
17.42999999997272, -1.3303300295718632 
17.439999999972695, -1.3311270646623983 
17.449999999972672, -1.3313402899353437 
17.45999999997265, -1.3311845943534366 
17.469999999972625, -1.3307990121512867 
17.479999999972602, -1.3303103301241574 
17.48999999997258, -1.3298826255459275 
17.499999999972555, -1.3297189470786404 
17.509999999972532, -1.329982748425214 
17.51999999997251, -1.330695145792013 
17.529999999972485, -1.3317257650951573 
17.539999999972462, -1.332882292050774 
17.54999999997244, -1.3339953387388104 
17.559999999972415, -1.3349476221733294 
17.569999999972392, -1.3356685555451762 
17.57999999997237, -1.3361204013956254 
17.589999999972346, -1.3362863079194898 
17.599999999972322, -1.3361626497405783 
17.6099999999723, -1.3357554001406473 
17.619999999972276, -1.3350795362909134 
17.629999999972252, -1.334161083763203 
17.63999999997223, -1.3330420366577773 
17.649999999972206, -1.3317874174140274 
17.659999999972182, -1.3304914991126962 
17.66999999997216, -1.3292781121120443 
17.679999999972136, -1.3282846514877777 
17.689999999972112, -1.3276153415722083 
17.69999999997209, -1.3272784657846912 
17.709999999972066, -1.3271699742937104 
17.719999999972043, -1.327130411865852 
17.72999999997202, -1.327011161179108 
17.739999999971996, -1.3266893318586455 
17.749999999971973, -1.3260377251387614 
17.75999999997195, -1.3248792589139695 
17.769999999971926, -1.3229430674081986 
17.779999999971903, -1.3198370690846037 
17.78999999997188, -1.3150689651278067 
17.799999999971856, -1.3081718905294564 
17.809999999971833, -1.2989964337766513 
17.81999999997181, -1.2881568841705986 
17.829999999971786, -1.2773476069346403 
17.839999999971763, -1.268870645188916 
17.84999999997174, -1.264167541339928 
17.859999999971716, -1.262793670250788 
17.869999999971693, -1.2631836644679684 
17.87999999997167, -1.264017118570497 
17.889999999971646, -1.2646752948725442 
17.899999999971623, -1.2649956753041531 
17.9099999999716, -1.2649749438670486 
17.919999999971576, -1.2646144191940625 
17.929999999971553, -1.263855989868744 
17.93999999997153, -1.2625475947974312 
17.949999999971507, -1.2604259232444561 
17.959999999971483, -1.2571816612287834 
17.96999999997146, -1.2528112226514705 
17.979999999971437, -1.2485040511987824 
17.989999999971413, -1.2475177902271197 
17.99999999997139, -1.253755322953233 
18.009999999971367, -1.2674941762736704 
18.019999999971343, -1.2840536442246093 
18.02999999997132, -1.2982484767622449 
18.039999999971297, -1.308031678983393 
18.049999999971273, -1.31391330881836 
18.05999999997125, -1.3171451151146725 
18.069999999971227, -1.3187750365867412 
18.079999999971204, -1.3194701055561238 
18.08999999997118, -1.319606104845639 
18.099999999971157, -1.3193848098361531 
18.109999999971134, -1.3189275951019777 
18.11999999997111, -1.318357901964122 
18.129999999971087, -1.3178821687054798 
18.139999999971064, -1.317823707846869 
18.14999999997104, -1.3185122729871177 
18.159999999971017, -1.3200536561029799 
18.169999999970994, -1.3222292999300391 
18.17999999997097, -1.3246532693166455 
18.189999999970947, -1.3269836699521345 
18.199999999970924, -1.3290076071745998 
18.2099999999709, -1.3306238078975714 
18.219999999970877, -1.3318012346511625 
18.229999999970854, -1.3325487769805877 
18.23999999997083, -1.33289848923588 
18.249999999970807, -1.3328962220407632 
18.259999999970784, -1.3325955288616413 
18.26999999997076, -1.33205504102573 
18.279999999970737, -1.3313408865979195 
18.289999999970714, -1.3305319116592766 
18.29999999997069, -1.3297199942682965 
18.309999999970668, -1.3289995026286576 
18.319999999970644, -1.328449705917356 
18.32999999997062, -1.328115462523428 
18.339999999970598, -1.3279870854233597 
18.349999999970574, -1.327993330559877 
18.35999999997055, -1.3280241963880137 
18.369999999970528, -1.3279659613290786 
18.379999999970504, -1.3277159462112933 
18.38999999997048, -1.3271720252648491 
18.399999999970458, -1.3262140421262398 
18.409999999970434, -1.324693427232495 
18.41999999997041, -1.3224400418558098 
18.429999999970388, -1.3192899519845105 
18.439999999970365, -1.3151356754343793 
18.44999999997034, -1.3100046432588481 
18.459999999970318, -1.3041727813476367 
18.469999999970295, -1.2982746292355627 
18.47999999997027, -1.293245351384258 
18.489999999970248, -1.2898994275302598 
18.499999999970225, -1.288375107356835 
18.5099999999702, -1.2881031412320068 
18.519999999970178, -1.2883439280131828 
18.529999999970155, -1.288608950454891 
18.53999999997013, -1.2886842276788322 
18.549999999970108, -1.2884876712104176 
18.559999999970085, -1.2879475876548399 
18.56999999997006, -1.2869225062842 
18.57999999997004, -1.2851283840578132 
18.589999999970015, -1.2820562481010191 
18.59999999996999, -1.2769386890019085 
18.60999999996997, -1.2690209296897517 
18.619999999969945, -1.258624203828703 
18.62999999996992, -1.2488168433829132 
18.6399999999699, -1.2449440024762277 
18.649999999969875, -1.2497151483040636 
18.659999999969852, -1.2598561654799907 
18.66999999996983, -1.2700195293710088 
18.679999999969805, -1.2774280036567662 
18.689999999969782, -1.2819667193414104 
18.69999999996976, -1.2844642569706701 
18.709999999969735, -1.285700374374938 
18.719999999969712, -1.2861802295954123 
18.72999999996969, -1.2861830046618148 
18.739999999969665, -1.2858477055947728 
18.749999999969642, -1.2852469681157723 
18.75999999996962, -1.284468346706389 
18.769999999969595, -1.2837350935249348 
18.779999999969572, -1.283539548521626 
18.78999999996955, -1.2846010406170487 
18.799999999969526, -1.287444233208011 
18.809999999969502, -1.2919028789809583 
18.81999999996948, -1.2971810719648267 
18.829999999969456, -1.3023847018687786 
18.839999999969432, -1.3069082893485637 
18.84999999996941, -1.3104845556227596 
18.859999999969386, -1.3130820026450727 
18.869999999969362, -1.3147998744869145 
18.87999999996934, -1.3157945677357659 
18.889999999969316, -1.316231129160092 
18.899999999969292, -1.3162553734712201 
18.90999999996927, -1.3159861119983964 
18.919999999969246, -1.3155244875912582 
18.929999999969223, -1.3149719737235879 
18.9399999999692, -1.314441425072995 
18.949999999969176, -1.3140438853840553 
18.959999999969153, -1.3138539390216761 
18.96999999996913, -1.3138847367705222 
18.979999999969106, -1.3140932211398277 
18.989999999969083, -1.3144010634485859 
18.99999999996906, -1.3147149772588775 
19.009999999969036, -1.3149442022085647 
19.019999999969013, -1.3150113890835757 
19.02999999996899, -1.314853490281771 
19.039999999968966, -1.3144174951056131 
19.049999999968943, -1.3136579995263717 
19.05999999996892, -1.3125388513701053 
19.069999999968896, -1.311037440584681 
19.079999999968873, -1.3091511166570675 
19.08999999996885, -1.3069085385374868 
19.099999999968826, -1.3043903165506234 
19.109999999968803, -1.3017584799053785 
19.11999999996878, -1.2992753951042053 
19.129999999968756, -1.2972609079158375 
19.139999999968733, -1.2959487770844331 
19.14999999996871, -1.2953321155573057 
19.159999999968687, -1.2951755718241074 
19.169999999968663, -1.2951855869850353 
19.17999999996864, -1.295143183656029 
19.189999999968617, -1.294911472743801 
19.199999999968593, -1.2943756879499166 
19.20999999996857, -1.2933713866671614 
19.219999999968547, -1.2916075430110168 
19.229999999968523, -1.2885755205963982 
19.2399999999685, -1.2834653492699628 
19.249999999968477, -1.2752077314830235 
19.259999999968453, -1.262919272244206 
19.26999999996843, -1.2470031614195674 
19.279999999968407, -1.2303081952043602 
19.289999999968384, -1.2173524749204883 
19.29999999996836, -1.2109654970284183 
19.309999999968337, -1.210156614796832 
19.319999999968314, -1.2119624134867109 
19.32999999996829, -1.2141237107753513 
19.339999999968267, -1.2157418153874637 
19.349999999968244, -1.2167018946595818 
19.35999999996822, -1.217127749448939 
19.369999999968197, -1.2171437960605185 
19.379999999968174, -1.216809714201943 
19.38999999996815, -1.2161109641441052 
19.399999999968127, -1.2149635791626447 
19.409999999968104, -1.2132466163792046 
19.41999999996808, -1.2109370544947795 
19.429999999968057, -1.208483583926588 
19.439999999968034, -1.207413870406707 
19.44999999996801, -1.2104397209749473 
19.459999999967987, -1.2197580930636138 
19.469999999967964, -1.2344266856264674 
19.47999999996794, -1.2504910004970644 
19.489999999967917, -1.2641389802598462 
19.499999999967894, -1.273834245110777 
19.50999999996787, -1.2799230551907033 
19.519999999967848, -1.283422872958509 
19.529999999967824, -1.2852745665009324 
19.5399999999678, -1.2861287425329306 
19.549999999967778, -1.2863777929491944 
19.559999999967754, -1.2862438842567783 
19.56999999996773, -1.2858598708826856 
19.579999999967708, -1.2853403204880736 
19.589999999967684, -1.2848490485713733 
19.59999999996766, -1.2846384789349035 
19.609999999967638, -1.2849943923353269 
19.619999999967614, -1.2860731668717216 
19.62999999996759, -1.2877809334612422 
19.639999999967568, -1.2898379820182613 
19.649999999967545, -1.2919418968574539 
19.65999999996752, -1.293870099386173 
19.669999999967498, -1.295493178530587 
19.679999999967475, -1.296750077711374 
19.68999999996745, -1.2976226545590481 
19.699999999967428, -1.2981197284395485 
19.709999999967405, -1.298268433101533 
19.71999999996738, -1.298108684912401 
19.729999999967358, -1.2976891981184395 
19.739999999967335, -1.2970665380197326 
19.74999999996731, -1.2963082047631906 
19.759999999967288, -1.2954959413951121 
19.769999999967265, -1.294721672569262 
19.77999999996724, -1.29407323882427 
19.78999999996722, -1.2936158358086878 
19.799999999967195, -1.29337395538226 
19.80999999996717, -1.2933172142938718 
19.81999999996715, -1.2933636144727054 
19.829999999967125, -1.2934061054368224 
19.8399999999671, -1.2933408319400699 
19.84999999996708, -1.2930749208458518 
19.859999999967055, -1.2925165417020434 
19.869999999967032, -1.2915630402342326 
19.87999999996701, -1.2900990870448212 
19.889999999966985, -1.2880088702548376 
19.899999999966962, -1.285200268693817 
19.90999999996694, -1.2816378395265395 
19.919999999966915, -1.2773872756694826 
19.929999999966892, -1.2726769400968243 
19.93999999996687, -1.2679563014430308 
19.949999999966845, -1.2638618631475675 
19.959999999966822, -1.2609757318053467 
19.9699999999668, -1.2594710549891928 
19.979999999966775, -1.2590181202852617 
19.989999999966752, -1.259080618621082 
19.99999999996673, -1.2592389078075927 
20.009999999966706, -1.259269919951006 
20.019999999966682, -1.2590674711641865 
20.02999999996666, -1.2585440843121964 
20.039999999966636, -1.2575533338430969 
20.049999999966612, -1.25581358938256 
20.05999999996659, -1.2528113648557588 
20.069999999966566, -1.2477025072706183 
20.079999999966542, -1.2393540781456842 
20.08999999996652, -1.2269017598468892 
20.099999999966496, -1.2111649856867204 
20.109999999966472, -1.1959286960418598 
20.11999999996645, -1.1862887914296802 
20.129999999966426, -1.1842485539716912 
20.139999999966403, -1.1873201828087785 
20.14999999996638, -1.1917863235363175 
20.159999999966356, -1.1955044159231192 
20.169999999966333, -1.1979681633233585 
20.17999999996631, -1.199381695271168 
20.189999999966286, -1.200061954548096 
20.199999999966263, -1.2002419164534437 
20.20999999996624, -1.20004777111717 
20.219999999966216, -1.1995186421891946 
20.229999999966193, -1.1986315756026658 
20.23999999996617, -1.1973449989943883 
20.249999999966146, -1.1957152273161689 
20.259999999966123, -1.1941685571845053 
20.2699999999661, -1.1938942989478212 
20.279999999966076, -1.19686455164958 
20.289999999966053, -1.2047011981594224 
20.29999999996603, -1.2169385949585136 
20.309999999966006, -1.2308923989490503 
20.319999999965983, -1.2435540093549982 
20.32999999996596, -1.2532568406702835 
20.339999999965936, -1.2598203964252268 
20.349999999965913, -1.263857658479113 
20.35999999996589, -1.2661402982070606 
20.369999999965867, -1.2672964420611883 
20.379999999965843, -1.2677494070893975 
20.38999999996582, -1.26775758755011 
20.399999999965797, -1.26747671487633 
20.409999999965773, -1.2670207129934468 
20.41999999996575, -1.2665199745456104 
20.429999999965727, -1.2661655796761102 
20.439999999965703, -1.2661969894860852 
20.44999999996568, -1.2668001510695412 
20.459999999965657, -1.267986575160186 
20.469999999965633, -1.269585061322873 
20.47999999996561, -1.2713492770395889 
20.489999999965587, -1.2730633158381655 
20.499999999965564, -1.2745807252945929 
20.50999999996554, -1.2758174838785208 
20.519999999965517, -1.2767329926370212 
20.529999999965494, -1.2773148270289933 
20.53999999996547, -1.2775699474585027 
20.549999999965447, -1.2775201404014502 
20.559999999965424, -1.2771990596388527 
20.5699999999654, -1.2766504251241184 
20.579999999965377, -1.2759288051489666 
20.589999999965354, -1.2751027965419541 
20.59999999996533, -1.2742559172279393 
20.609999999965307, -1.2734791807358736 
20.619999999965284, -1.2728553679478902 
20.62999999996526, -1.272440111289392 
20.639999999965237, -1.2722429196852223 
20.649999999965214, -1.2722162165503395 
20.65999999996519, -1.2722671584304508 
20.669999999965167, -1.2722881486442958 
20.679999999965144, -1.2721800757793629 
20.68999999996512, -1.2718538382977957 
20.699999999965097, -1.2712190308366795 
20.709999999965074, -1.2701750483034364 
20.71999999996505, -1.2686137523240126 
20.729999999965028, -1.266435093014714 
20.739999999965004, -1.263571639277478 
20.74999999996498, -1.2600183465281738 
20.759999999964958, -1.2558704256051372 
20.769999999964934, -1.2513730546237347 
20.77999999996491, -1.2469602403534 
20.789999999964888, -1.2432035240970378 
20.799999999964864, -1.240588746674135 
20.80999999996484, -1.239226892062383 
20.819999999964818, -1.2388037423948859 
20.829999999964794, -1.2388409883836302 
20.83999999996477, -1.238964125877216 
20.849999999964748, -1.238967263431594 
20.859999999964725, -1.238744884052817 
20.8699999999647, -1.2382051329769561 
20.879999999964678, -1.2371976865762029 
20.889999999964655, -1.235440837712316 
20.89999999996463, -1.2324299227292992 
20.909999999964608, -1.227344203480681 
20.919999999964585, -1.2190726847214268 
20.92999999996456, -1.2066620151612182 
20.939999999964538, -1.19048068860731 
20.949999999964515, -1.1734589394884387 
20.95999999996449, -1.160275156616725 
20.969999999964468, -1.1538985087849596 
20.979999999964445, -1.1533999991366444 
20.98999999996442, -1.1557333020358191 
20.9999999999644, -1.158462608924363 
21.009999999964375, -1.1605607661376651 
21.01999999996435, -1.1618795675183335 
21.02999999996433, -1.162566298569827 
21.039999999964305, -1.1627860318643666 
21.04999999996428, -1.1626401363131418 
21.05999999996426, -1.1621546724494398 
21.069999999964235, -1.1612821724483522 
21.079999999964212, -1.1599072955396923 
21.08999999996419, -1.1578839961929102 
21.099999999964165, -1.1551866302531169 
21.109999999964142, -1.1523062069722152 
21.11999999996412, -1.1508561201677137 
21.129999999964095, -1.1536459826332128 
21.139999999964072, -1.162993219886021 
21.14999999996405, -1.1780686975332884 
21.159999999964025, -1.1948265869608092 
21.169999999964002, -1.2091682860365798 
21.17999999996398, -1.2193610510305661 
21.189999999963955, -1.225744545914055 
21.199999999963932, -1.2294094930126815 
21.20999999996391, -1.2313599519880953 
21.219999999963886, -1.2322810100068218 
21.229999999963862, -1.232579160758363 
21.23999999996384, -1.2324777598240244 
21.249999999963816, -1.232098878096774 
21.259999999963792, -1.2315318652548588 
21.26999999996377, -1.2309077858332915 
21.279999999963746, -1.2304824371306948 
21.289999999963722, -1.230668041206554 
21.2999999999637, -1.2318994073281375 
21.309999999963676, -1.2343505511582036 
21.319999999963652, -1.23777492725856 
21.32999999996363, -1.241655814661609 
21.339999999963606, -1.2454790053984681 
21.349999999963583, -1.2488856369440668 
21.35999999996356, -1.2516843872569525 
21.369999999963536, -1.253809753238412 
21.379999999963513, -1.255280977236563 
21.38999999996349, -1.2561707849051107 
21.399999999963466, -1.2565787788480167 
21.409999999963443, -1.2566091485767916 
21.41999999996342, -1.2563577977076765 
21.429999999963396, -1.2559124011705696 
21.439999999963373, -1.2553625772682602 
21.44999999996335, -1.2548096286885875 
21.459999999963326, -1.2543607440713547 
21.469999999963303, -1.2541023337410948 
21.47999999996328, -1.2540708648063337 
21.489999999963256, -1.2542455447768057 
21.499999999963233, -1.2545627651495939 
21.50999999996321, -1.2549366984277985 
21.519999999963186, -1.2552781151502956 
21.529999999963163, -1.2555082981318622 
21.53999999996314, -1.2555646804543688 
21.549999999963116, -1.2553996599777135 
21.559999999963093, -1.2549779443475688 
21.56999999996307, -1.2542757136859146 
21.579999999963047, -1.253281381267982 
21.589999999963023, -1.2519971330304798 
21.599999999963, -1.2504420844463104 
21.609999999962977, -1.248658911886141 
21.619999999962953, -1.2467246166650867 
21.62999999996293, -1.2447623782289141 
21.639999999962907, -1.2429438142152347 
21.649999999962883, -1.241460515560213 
21.65999999996286, -1.240450902576191 
21.669999999962837, -1.2399200471770941 
21.679999999962813, -1.2397327278942423 
21.68999999996279, -1.2396937483263537 
21.699999999962767, -1.2396314407907034 
21.709999999962744, -1.2394196693374995 
21.71999999996272, -1.2389499285092667 
21.729999999962697, -1.2380873201158162 
21.739999999962674, -1.2366273346063505 
21.74999999996265, -1.2342616455138995 
21.759999999962627, -1.2305722034704978 
21.769999999962604, -1.2250931994721064 
21.77999999996258, -1.217486291611292 
21.789999999962557, -1.2078349283451066 
21.799999999962534, -1.1969554249887313 
21.80999999996251, -1.1864520775700167 
21.819999999962487, -1.1781764141187163 
21.829999999962464, -1.1732013823118068 
21.83999999996244, -1.1712237338674287 
21.849999999962417, -1.171061351127166 
21.859999999962394, -1.1715806686561332 
21.86999999996237, -1.1721317751120355 
21.879999999962347, -1.1724652596622687 
21.889999999962324, -1.1725198073373373 
21.8999999999623, -1.1722768662279555 
21.909999999962277, -1.1716858207308278 
21.919999999962254, -1.1706163614406757 
21.92999999996223, -1.1688062129841619 
21.939999999962208, -1.1657951547312795 
21.949999999962184, -1.1608839156927064 
21.95999999996216, -1.153270608963648 
21.969999999962138, -1.1426638060407903 
21.979999999962114, -1.1304431965168444 
21.98999999996209, -1.1202129713257105 
21.999999999962068, -1.115803817540088 
22.009999999962044, -1.1179023213140618 
22.01999999996202, -1.123710036262118 
22.029999999961998, -1.1298856572304317 
22.039999999961974, -1.1346808874867316 
22.04999999996195, -1.1378288834120958 
22.059999999961928, -1.1396786216268964 
22.069999999961905, -1.1406440778266307 
22.07999999996188, -1.1410254912446773 
22.089999999961858, -1.1409969080885927 
22.099999999961835, -1.1406333940788858 
22.10999999996181, -1.1399364307356254 
22.119999999961788, -1.1388578983895024 
22.129999999961765, -1.1373502199636234 
22.13999999996174, -1.1355040830573095 
22.149999999961718, -1.1338498764900566 
22.159999999961695, -1.1337524549996572 
22.16999999996167, -1.1373687422058958 
22.179999999961648, -1.1464211420570736 
22.189999999961625, -1.1603616000129156 
22.1999999999616, -1.1761669621113788 
22.20999999996158, -1.1903897994133847 
22.219999999961555, -1.201133630071213 
22.22999999996153, -1.2082712943049267 
22.23999999996151, -1.2125888767262563 
22.249999999961485, -1.2150055195843925 
22.25999999996146, -1.2162331526772023 
22.26999999996144, -1.2167319669073522 
22.279999999961415, -1.2167716446830121 
22.289999999961392, -1.2165047408383851 
22.29999999996137, -1.2160308189667068 
22.309999999961345, -1.21545955247807 
22.319999999961322, -1.2149786219197707 
22.3299999999613, -1.214895294181503 
22.339999999961275, -1.215573213163287 
22.349999999961252, -1.2172381263332093 
22.35999999996123, -1.219808472869152 
22.369999999961205, -1.2229367701139267 
22.379999999961182, -1.2262032084075458 
22.38999999996116, -1.229269163560886 
22.399999999961135, -1.2319205910849216 
22.409999999961112, -1.234048998080651 
22.41999999996109, -1.2356221653418955 
22.429999999961066, -1.2366622433394805 
22.439999999961042, -1.2372284192926997 
22.44999999996102, -1.2373996917567331 
22.459999999960996, -1.237259688314568 
22.469999999960972, -1.2368891033593767 
22.47999999996095, -1.2363684307562424 
22.489999999960926, -1.2357866660339485 
22.499999999960902, -1.2352444059433512 
22.50999999996088, -1.234839653193529 
22.519999999960856, -1.2346397773882059 
22.529999999960832, -1.23466077927014 
22.53999999996081, -1.2348681016015415 
22.549999999960786, -1.235191926938468 
22.559999999960763, -1.2355459598511294 
22.56999999996074, -1.2358449327447658 
22.579999999960716, -1.2360162732978073 
22.589999999960693, -1.2360033163523432 
22.59999999996067, -1.235763438325527 
22.609999999960646, -1.2352661754445502 
22.619999999960623, -1.234493123869683 
22.6299999999606, -1.2334387620189573 
22.639999999960576, -1.232111810109656 
22.649999999960553, -1.2305384343238672 
22.65999999996053, -1.2287688584294498 
22.669999999960506, -1.2268870461255086 
22.679999999960483, -1.2250192329953056 
22.68999999996046, -1.2233303095771437 
22.699999999960436, -1.221990266035096 
22.709999999960413, -1.2211054821222158 
22.71999999996039, -1.2206561434378065 
22.729999999960366, -1.2205042044145327 
22.739999999960343, -1.2204688498788807 
22.74999999996032, -1.2203944373223958 
22.759999999960296, -1.2201639342204111 
22.769999999960273, -1.2196721976151985 
22.77999999996025, -1.2187878190114854 
22.789999999960227, -1.217318842724074 
22.799999999960203, -1.2149923510569383 
22.80999999996018, -1.211466021461173 
22.819999999960157, -1.2063979527567885 
22.829999999960133, -1.1995911852405319 
22.83999999996011, -1.1911940465149686 
22.849999999960087, -1.181882320181948 
22.859999999960063, -1.1728720865121909 
22.86999999996004, -1.1655687631016989 
22.879999999960017, -1.1608797661989383 
22.889999999959993, -1.1587204454134326 
22.89999999995997, -1.1582458055839011 
22.909999999959947, -1.1585175657498676 
22.919999999959924, -1.1589234894397502 
22.9299999999599, -1.1591866435364548 
22.939999999959877, -1.1592131162769168 
22.949999999959854, -1.1589627569956578 
22.95999999995983, -1.158372695353704 
22.969999999959807, -1.1573048012160259 
22.979999999959784, -1.1554876349556855 
22.98999999995976, -1.1524389410567042 
22.999999999959737, -1.1473919112909932 
23.009999999959714, -1.1393443746013445 
23.01999999995969, -1.1275038015048544 
23.029999999959667, -1.1123425900384114 
23.039999999959644, -1.096606586370299 
23.04999999995962, -1.0844788420241114 
23.059999999959597, -1.0786178386614789 
23.069999999959574, -1.0783100653172 
23.07999999995955, -1.080860055050311 
23.089999999959527, -1.0839277147528428 
23.099999999959504, -1.086403145298548 
23.10999999995948, -1.0880579254807823 
23.119999999959457, -1.0890152330160325 
23.129999999959434, -1.0894531206966263 
23.13999999995941, -1.0895006808327756 
23.149999999959388, -1.089216821440845 
23.159999999959364, -1.0885887258517597 
23.16999999995934, -1.0875266059227908 
23.179999999959318, -1.0858529758417947 
23.189999999959294, -1.08330694917225 
23.19999999995927, -1.079627700038481 
23.209999999959248, -1.0748422162086648 
23.219999999959224, -1.0698371437901106 
23.2299999999592, -1.0668419439187966 
23.239999999959178, -1.0687321102582559 
23.249999999959154, -1.0767308354459477 
23.25999999995913, -1.0887939055345657 
23.269999999959108, -1.101122823855191 
23.279999999959085, -1.1109906291433198 
23.28999999995906, -1.1177133765268834 
23.299999999959038, -1.1218376597497104 
23.309999999959015, -1.124183563115213 
23.31999999995899, -1.1254088012654786 
23.329999999958968, -1.1259367721372433 
23.339999999958945, -1.1260072831002572 
23.34999999995892, -1.1257376052539474 
23.359999999958898, -1.1251675211747878 
23.369999999958875, -1.1242970296813544 
23.37999999995885, -1.123143935310955 
23.389999999958828, -1.12186618972409 
23.399999999958805, -1.1209838538362442 
23.40999999995878, -1.1216054639768673 
23.41999999995876, -1.1252838757888766 
23.429999999958735, -1.1331328116315418 
23.43999999995871, -1.1447140029020986 
23.44999999995869, -1.157964043644257 
23.459999999958665, -1.1704010531585483 
23.46999999995864, -1.180383812178627 
23.47999999995862, -1.187468338138124 
23.489999999958595, -1.1920291259566156 
23.499999999958572, -1.1947308560860201 
23.50999999995855, -1.1961900530638097 
23.519999999958525, -1.1968559625749147 
23.529999999958502, -1.1970158554200307 
23.53999999995848, -1.1968421977983208 
23.549999999958455, -1.1964452843705131 
23.559999999958432, -1.1959262666997597 
23.56999999995841, -1.1954327389143165 
23.579999999958385, -1.1951993356326243 
23.589999999958362, -1.1955214527308944 
23.59999999995834, -1.1966276163034997 
23.609999999958315, -1.1985329314666566 
23.619999999958292, -1.2010214963130539 
23.62999999995827, -1.2037688450305069 
23.639999999958246, -1.206475439533829 
23.649999999958222, -1.2089264534715825 
23.6599999999582, -1.2109915348464477 
23.669999999958176, -1.2126055782517604 
23.679999999958152, -1.2137525367699367 
23.68999999995813, -1.2144546310296402 
23.699999999958106, -1.2147619593617045 
23.709999999958082, -1.2147402686218622 
23.71999999995806, -1.2144604367189824 
23.729999999958036, -1.2139948813896866 
23.739999999958012, -1.2134218962319083 
23.74999999995799, -1.2128316500130438 
23.759999999957966, -1.212322348818911 
23.769999999957943, -1.2119801531837051 
23.77999999995792, -1.2118532665057613 
23.789999999957896, -1.2119393286077789 
23.799999999957873, -1.2121915283738192 
23.80999999995785, -1.2125345343849796 
23.819999999957826, -1.2128827228303114 
23.829999999957803, -1.2131560869149034 
23.83999999995778, -1.2132890524631164 
23.849999999957756, -1.213231718129355 
23.859999999957733, -1.2129479198287247 
23.86999999995771, -1.2124139664582405 
23.879999999957686, -1.2116185747901866 
23.889999999957663, -1.2105631762419085 
23.89999999995764, -1.2092629080861959 
23.909999999957616, -1.2077497303040747 
23.919999999957593, -1.2060784622054341 
23.92999999995757, -1.2043343203987251 
23.939999999957546, -1.202637290051851 
23.949999999957523, -1.2011340172148253 
23.9599999999575, -1.1999648822747573 
23.969999999957476, -1.1992069695921654 
23.979999999957453, -1.198828796950767 
23.98999999995743, -1.1987033089258605 
23.999999999957407, -1.1986705986284005 
24.009999999957383, -1.1985914949923469 
24.01999999995736, -1.198357474977741 
24.029999999957337, -1.1978688487338451 
24.039999999957313, -1.1970049128033353 
24.04999999995729, -1.1956008518640124 
24.059999999957267, -1.193441906419192 
24.069999999957243, -1.1902872459120781 
24.07999999995722, -1.185932556609665 
24.089999999957197, -1.1803052021262948 
24.099999999957173, -1.1735689597951486 
24.10999999995715, -1.1662054380891962 
24.119999999957127, -1.1590160727194028 
24.129999999957104, -1.1529501995538047 
24.13999999995708, -1.1487245289743429 
24.149999999957057, -1.1464546582987742 
24.159999999957034, -1.1456615248617203 
24.16999999995701, -1.1456541899516597 
24.179999999956987, -1.145890439260203 
24.189999999956964, -1.1460733322249488 
24.19999999995694, -1.1460736030566019 
24.209999999956917, -1.1458266289600905 
24.219999999956894, -1.145258117784823 
24.22999999995687, -1.1442293360882445 
24.239999999956847, -1.1424796597585039 
24.249999999956824, -1.1395537853003215 
24.2599999999568, -1.134731206236856 
24.269999999956777, -1.127048784792934 
24.279999999956754, -1.1156180559930777 
24.28999999995673, -1.1004156843057855 
24.299999999956707, -1.0832018793591072 
24.309999999956684, -1.067394444535556 
24.31999999995666, -1.0562048422986643 
24.329999999956637, -1.0505968865936566 
24.339999999956614, -1.049223061117514 
24.34999999995659, -1.0499864951690068 
24.359999999956568, -1.0513330437854607 
24.369999999956544, -1.0525165385269903 
24.37999999995652, -1.0533165179781223 
24.389999999956498, -1.0537333495688643 
24.399999999956474, -1.0538169587592459 
24.40999999995645, -1.0535949966040632 
24.419999999956428, -1.0530431725122136 
24.429999999956404, -1.052062153474535 
24.43999999995638, -1.050442969591869 
24.449999999956358, -1.0478145697015595 
24.459999999956334, -1.0435880966167579 
24.46999999995631, -1.0369668993434265 
24.479999999956288, -1.0271868690836705 
24.489999999956265, -1.0141695400271455 
24.49999999995624, -0.9993727181099418 
24.509999999956218, -0.9858219693212351 
24.519999999956195, -0.9765110222092053 
24.52999999995617, -0.9724269922862865 
24.539999999956148, -0.9723302268661722 
24.549999999956125, -0.9741763712378051 
24.5599999999561, -0.976407026670176 
24.569999999956078, -0.9782729175702467 
24.579999999956055, -0.9795787204319308 
24.58999999995603, -0.9803701933139395 
24.599999999956008, -0.9807487902370268 
24.609999999955985, -0.9807944638006381 
24.61999999995596, -0.9805403168768461 
24.62999999995594, -0.9799614672827481 
24.639999999955915, -0.978958946843534 
24.64999999995589, -0.9773285781109283 
24.65999999995587, -0.9747106298340535 
24.669999999955845, -0.97053058053106 
24.67999999995582, -0.9639832788242961 
24.6899999999558, -0.9541918303668417 
24.699999999955775, -0.9407115950728386 
24.709999999955752, -0.9243014101276147 
24.71999999995573, -0.9072692222626462 
24.729999999955705, -0.8925906303112517 
24.739999999955682, -0.8822746505576559 
24.74999999995566, -0.8765134279090155 
24.759999999955635, -0.8741786763638991 
24.769999999955612, -0.8738213464870507 
24.77999999995559, -0.8743174813215836 
24.789999999955565, -0.8750133133294165 
24.799999999955542, -0.8756093715762298 
24.80999999995552, -0.8760022411851534 
24.819999999955495, -0.876171084643263 
24.829999999955472, -0.8761140961993498 
24.83999999995545, -0.8758157351083747 
24.849999999955426, -0.8752270628937234 
24.859999999955402, -0.8742487004366983 
24.86999999995538, -0.8727136059637408 
24.879999999955356, -0.8703771364210555 
24.889999999955332, -0.8669366085106909 
24.89999999995531, -0.8621121709244244 
24.909999999955286, -0.8557953109130706 
24.919999999955262, -0.8481946272287434 
24.92999999995524, -0.8398544904960392 
24.939999999955216, -0.8315013986683206 
24.949999999955192, -0.8238207695694489 
24.95999999995517, -0.8172983127093033 
24.969999999955146, -0.8121688676522186 
24.979999999955123, -0.8084403990731346 
24.9899999999551, -0.8059531222710723 
24.999999999955076, -0.8044509223132928 
