t, s[1].omega / s[0].omega 
0, -1.7399999868268659 
0.009999999999999995, -1.7397658213900145 
0.019999999999999934, -1.7390829918356452 
0.029999999999999874, -1.7379520700656304 
0.04000000000000012, -1.736364641225618 
0.050000000000000405, -1.7343473458921181 
0.06000000000000069, -1.7320680254531928 
0.07000000000000098, -1.7299740877667316 
0.08000000000000126, -1.728653257640838 
0.09000000000000155, -1.7282520544264977 
0.10000000000000184, -1.7283197825793999 
0.11000000000000212, -1.7283637926779267 
0.12000000000000241, -1.7281332990013094 
0.130000000000002, -1.7274812962794566 
0.1400000000000009, -1.7261844900527148 
0.1499999999999998, -1.72387331863523 
0.1599999999999987, -1.7203853912614353 
0.1699999999999976, -1.717391620509995 
0.1799999999999965, -1.7198293940305658 
0.1899999999999954, -1.730059680715609 
0.1999999999999943, -1.7426141823452095 
0.2099999999999932, -1.7522161537704242 
0.2199999999999921, -1.7580642971175133 
0.229999999999991, -1.761212780532535 
0.2399999999999899, -1.7627101824349336 
0.2499999999999888, -1.7632328759280724 
0.2599999999999877, -1.763165898561884 
0.2699999999999866, -1.7627287578799489 
0.2799999999999855, -1.7620727563818448 
0.2899999999999844, -1.7613343355240025 
0.2999999999999833, -1.7606367775648202 
0.3099999999999822, -1.7600821920177914 
0.3199999999999811, -1.7597475930120932 
0.32999999999998, -1.7596186117582093 
0.3399999999999789, -1.759547980057664 
0.3499999999999778, -1.7593374976122522 
0.35999999999997667, -1.7587913500462924 
0.36999999999997557, -1.7576384210417928 
0.37999999999997447, -1.7553494555973916 
0.38999999999997337, -1.7508493561904583 
0.39999999999997227, -1.7422814624578848 
0.40999999999997117, -1.7280869211596552 
0.41999999999997006, -1.7122000426319655 
0.42999999999996896, -1.7066010068326656 
0.43999999999996786, -1.7141703340340233 
0.44999999999996676, -1.7241725015687344 
0.45999999999996566, -1.7305976660577052 
0.46999999999996456, -1.7337757042232922 
0.47999999999996346, -1.7351077611696488 
0.48999999999996235, -1.7354790606785742 
0.49999999999996125, -1.73532723260492 
0.5099999999999602, -1.7348855317377552 
0.519999999999959, -1.7343643343830237 
0.529999999999958, -1.734028927997807 
0.5399999999999568, -1.7340793308423215 
0.5499999999999557, -1.7344735221302248 
0.5599999999999546, -1.735005351368546 
0.5699999999999535, -1.7354875203302211 
0.5799999999999524, -1.7357928255299988 
0.5899999999999513, -1.7358249249314999 
0.5999999999999502, -1.7354912196109833 
0.6099999999999491, -1.7346707991614985 
0.619999999999948, -1.7331779904256552 
0.6299999999999469, -1.7307308490458826 
0.6399999999999458, -1.7269471756450947 
0.6499999999999447, -1.72146528431301 
0.6599999999999436, -1.7144478468074098 
0.6699999999999425, -1.7075158860304551 
0.6799999999999414, -1.703395361897071 
0.6899999999999403, -1.7028046767176164 
0.6999999999999392, -1.7037909769936204 
0.7099999999999381, -1.7047030467011322 
0.719999999999937, -1.7050999631508137 
0.7299999999999359, -1.7050181668856197 
0.7399999999999348, -1.704522954077401 
0.7499999999999337, -1.7036431052465844 
0.7599999999999326, -1.7025386044294049 
0.7699999999999315, -1.7018860530585092 
0.7799999999999304, -1.702895277637764 
0.7899999999999293, -1.7060020430702398 
0.7999999999999282, -1.7100533726244282 
0.8099999999999271, -1.7136974269378338 
0.819999999999926, -1.716388326307418 
0.8299999999999249, -1.7181328218996685 
0.8399999999999238, -1.7190968766914085 
0.8499999999999227, -1.7194419332363737 
0.8599999999999216, -1.719287234432017 
0.8699999999999205, -1.718711558080799 
0.8799999999999194, -1.7177675540140087 
0.8899999999999183, -1.716504917916763 
0.8999999999999172, -1.7150064125615478 
0.9099999999999161, -1.7134484719608511 
0.919999999999915, -1.712145422950646 
0.9299999999999139, -1.7113973563027514 
0.9399999999999128, -1.71117896524446 
0.9499999999999117, -1.7111631597798294 
0.9599999999999106, -1.7110359347140338 
0.9699999999999095, -1.7105965000487298 
0.9799999999999084, -1.7096333355827862 
0.9899999999999073, -1.7077493138230957 
0.9999999999999062, -1.7042132446623668 
1.0099999999999052, -1.6982524863025614 
1.019999999999904, -1.6913074840942666 
1.029999999999903, -1.6905976973745591 
1.039999999999902, -1.7019888882759502 
1.0499999999999008, -1.718308288012907 
1.0599999999998997, -1.730741219920089 
1.0699999999998986, -1.737874938090571 
1.0799999999998975, -1.7414446316710024 
1.0899999999998964, -1.7430344197138996 
1.0999999999998953, -1.7435633024881891 
1.1099999999998942, -1.7435034764923898 
1.119999999999893, -1.7431070758891807 
1.129999999999892, -1.7425536233917207 
1.1399999999998909, -1.7420141907307412 
1.1499999999998898, -1.7416192684981204 
1.1599999999998887, -1.7414095524786297 
1.1699999999998876, -1.7413598061927693 
1.1799999999998865, -1.741399098098857 
1.1899999999998854, -1.741402624443666 
1.1999999999998843, -1.7412192867519685 
1.2099999999998832, -1.7406848534326727 
1.219999999999882, -1.7395648503001957 
1.229999999999881, -1.7374379410959044 
1.2399999999998799, -1.7335326866821053 
1.2499999999998788, -1.726593424279692 
1.2599999999998777, -1.7152525559759755 
1.2699999999998766, -1.7002297741642365 
1.2799999999998755, -1.687684368279885 
1.2899999999998744, -1.6843867041051364 
1.2999999999998733, -1.6876984626069251 
1.3099999999998722, -1.6915661809501663 
1.319999999999871, -1.6939084426624178 
1.32999999999987, -1.6949625230355 
1.3399999999998689, -1.695229653871913 
1.3499999999998678, -1.6950147587085855 
1.3599999999998666, -1.6944871413466536 
1.3699999999998655, -1.6938386322811045 
1.3799999999998644, -1.6934413462358298 
1.3899999999998633, -1.6937563573665375 
1.3999999999998622, -1.694875493104319 
1.4099999999998611, -1.696384941990117 
1.41999999999986, -1.6978121577765752 
1.429999999999859, -1.6989096054828257 
1.4399999999998578, -1.6995998862065071 
1.4499999999998567, -1.699870023111984 
1.4599999999998556, -1.6997162235103063 
1.4699999999998545, -1.6991208137144866 
1.4799999999998534, -1.6980437342636876 
1.4899999999998523, -1.6964242028829914 
1.4999999999998512, -1.6942014827811203 
1.5099999999998501, -1.6913885109537925 
1.519999999999849, -1.6882501394810447 
1.529999999999848, -1.6854836325919156 
1.5399999999998468, -1.6838914008987587 
1.5499999999998457, -1.683534499593731 
1.5599999999998446, -1.683734783337125 
1.5699999999998435, -1.6838926056419232 
1.5799999999998424, -1.6837591303576527 
1.5899999999998413, -1.6832295644707187 
1.5999999999998402, -1.6821562158686916 
1.6099999999998391, -1.6803013980462258 
1.619999999999838, -1.6776246161081736 
1.629999999999837, -1.6754230066569042 
1.6399999999998358, -1.677327094423357 
1.6499999999998347, -1.685521692376168 
1.6599999999998336, -1.6964247779322847 
1.6699999999998325, -1.7055391692792896 
1.6799999999998314, -1.7115604733999803 
1.6899999999998303, -1.71505634679339 
1.6999999999998292, -1.7168712388733531 
1.709999999999828, -1.717634155683561 
1.719999999999827, -1.717737641550827 
1.729999999999826, -1.7174149773234102 
1.7399999999998248, -1.7168186134140442 
1.7499999999998237, -1.7160777661239393 
1.7599999999998226, -1.7153177383593081 
1.7699999999998215, -1.7146511842219705 
1.7799999999998204, -1.7141756964576156 
1.7899999999998193, -1.7139377994070053 
1.7999999999998182, -1.7138591890216184 
1.809999999999817, -1.7137605096883004 
1.819999999999816, -1.7134526053696828 
1.8299999999998149, -1.712736749788387 
1.8399999999998138, -1.711294556271011 
1.8499999999998127, -1.7084937174231896 
1.8599999999998116, -1.7031128025690503 
1.8699999999998105, -1.6932564197059456 
1.8799999999998094, -1.6779056441941713 
1.8899999999998083, -1.662028877591292 
1.8999999999998072, -1.6566924119559943 
1.909999999999806, -1.6630958033602627 
1.919999999999805, -1.6716481741050182 
1.9299999999998039, -1.6772549779032673 
1.9399999999998028, -1.6800878694483319 
1.9499999999998017, -1.681288805018508 
1.9599999999998006, -1.6816122967859108 
1.9699999999997995, -1.6814412641478225 
1.9799999999997984, -1.6809839900057266 
1.9899999999997973, -1.6804418582157326 
1.9999999999997962, -1.6801042912996955 
2.0099999999998173, -1.6802396877630232 
2.0199999999998384, -1.6808483735532878 
2.0299999999998595, -1.6816769623466237 
2.0399999999998806, -1.6824645495150512 
2.0499999999999017, -1.683052923846151 
2.059999999999923, -1.6833551119881023 
2.069999999999944, -1.683311986761159 
2.079999999999965, -1.682863024667748 
2.089999999999986, -1.6819250700888198 
2.100000000000007, -1.6803792051348783 
2.1100000000000283, -1.678069813085525 
2.1200000000000494, -1.6748374875507666 
2.1300000000000705, -1.6706555228518607 
2.1400000000000916, -1.665964300379029 
2.1500000000001127, -1.661962072254029 
2.160000000000134, -1.6598973560713257 
2.170000000000155, -1.6596627475970263 
2.180000000000176, -1.6601305147841323 
2.190000000000197, -1.6604961043629605 
2.2000000000002182, -1.6605120674026455 
2.2100000000002393, -1.6601340300067389 
2.2200000000002604, -1.659301007490304 
2.2300000000002815, -1.6579102698796564 
2.2400000000003026, -1.6560645046438207 
2.2500000000003237, -1.6548162573395782 
2.260000000000345, -1.6565491186825099 
2.270000000000366, -1.662506464106918 
2.280000000000387, -1.6704425691644844 
2.290000000000408, -1.6774360420600618 
2.3000000000004293, -1.6823954881630367 
2.3100000000004504, -1.6854969739583439 
2.3200000000004715, -1.6872305895914461 
2.3300000000004926, -1.6880244036994232 
2.3400000000005137, -1.6881784758195586 
2.3500000000005348, -1.687887822776337 
2.360000000000556, -1.6872840496313533 
2.370000000000577, -1.686476437127456 
2.380000000000598, -1.6855773940544274 
2.390000000000619, -1.6847090610561732 
2.4000000000006403, -1.6840067561779453 
2.4100000000006614, -1.6835824832666098 
2.4200000000006825, -1.683419304789762 
2.4300000000007036, -1.6833478168762954 
2.4400000000007247, -1.683159521590775 
2.450000000000746, -1.6826668360633772 
2.460000000000767, -1.681631376573122 
2.470000000000788, -1.6796057347582845 
2.480000000000809, -1.6756935524316603 
2.49000000000083, -1.668311472696875 
2.5000000000008513, -1.6557373199014591 
2.5100000000008724, -1.6396537169713503 
2.5200000000008935, -1.6295913842119827 
2.5300000000009146, -1.6331110077023971 
2.5400000000009357, -1.6433087061045435 
2.550000000000957, -1.651569592110172 
2.560000000000978, -1.656210760079876 
2.570000000000999, -1.6584075103717655 
2.58000000000102, -1.6592687259308732 
2.5900000000010412, -1.6594103779037817 
2.6000000000010624, -1.6591383048548731 
2.6100000000010835, -1.6586410784783912 
2.6200000000011046, -1.6581351047693225 
2.6300000000011257, -1.6579075287376253 
2.6400000000011468, -1.6581554430683532 
2.650000000001168, -1.6588002371512025 
2.660000000001189, -1.6595885520263693 
2.67000000000121, -1.6603003072872582 
2.680000000001231, -1.6608031255892732 
2.6900000000012523, -1.6610177481507518 
2.7000000000012734, -1.660884386329164 
2.7100000000012945, -1.6603381126597667 
2.7200000000013156, -1.6592906957400235 
2.7300000000013367, -1.6576208685155442 
2.740000000001358, -1.6551783996194764 
2.750000000001379, -1.6518269465811115 
2.7600000000014, -1.6475960576906434 
2.770000000001421, -1.6430081728863448 
2.780000000001442, -1.639266931825 
2.7900000000014633, -1.6374483933947501 
2.8000000000014844, -1.6372981781930283 
2.8100000000015055, -1.6377407608204462 
2.8200000000015266, -1.6380607209780678 
2.8300000000015477, -1.6380394838387882 
2.840000000001569, -1.6376281231364433 
2.85000000000159, -1.6367510762192157 
2.860000000001611, -1.6352811586234197 
2.870000000001632, -1.6332770042417415 
2.8800000000016532, -1.6317575860468607 
2.8900000000016743, -1.6332816095908196 
2.9000000000016954, -1.6395478912223787 
2.9100000000017165, -1.6483794010120465 
2.9200000000017377, -1.656383581270449 
2.9300000000017588, -1.662124601028055 
2.94000000000178, -1.6657317400616065 
2.950000000001801, -1.66776922076613 
2.960000000001822, -1.6687461209668846 
2.970000000001843, -1.6690202529181613 
2.9800000000018643, -1.6688218579858893 
2.9900000000018854, -1.6683021595409346 
3.0000000000019065, -1.6675811829447924 
3.0100000000019276, -1.666777168550079 
3.0200000000019487, -1.6660074924904165 
3.03000000000197, -1.665382758083198 
3.040000000001991, -1.6649911991969977 
3.050000000002012, -1.664830980069676 
3.060000000002033, -1.6647706926376937 
3.070000000002054, -1.6646229938232238 
3.0800000000020753, -1.6642100560668016 
3.0900000000020964, -1.6633219449587515 
3.1000000000021175, -1.661592529742204 
3.1100000000021386, -1.6583068898918243 
3.1200000000021597, -1.6521638495817257 
3.130000000002181, -1.6413538982036342 
3.140000000002202, -1.6253600221882043 
3.150000000002223, -1.609466397741733 
3.160000000002244, -1.6035034592001014 
3.1700000000022652, -1.6082261336895225 
3.1800000000022863, -1.6154201172329958 
3.1900000000023074, -1.6204043291365307 
3.2000000000023285, -1.6230227002740123 
3.2100000000023496, -1.624165225157571 
3.2200000000023707, -1.6244813845071018 
3.230000000002392, -1.6243137899493845 
3.240000000002413, -1.623847197019605 
3.250000000002434, -1.6232616566801377 
3.260000000002455, -1.6228565403630977 
3.2700000000024763, -1.6229980375984714 
3.2800000000024974, -1.6238116951811992 
3.2900000000025185, -1.6250372675807998 
3.3000000000025396, -1.6262978009543445 
3.3100000000025607, -1.6273455391017173 
3.3200000000025818, -1.628070144724624 
3.330000000002603, -1.6284305416437683 
3.340000000002624, -1.6284083017687763 
3.350000000002645, -1.6279842383420313 
3.360000000002666, -1.6271280657441243 
3.3700000000026873, -1.6257968800586131 
3.3800000000027084, -1.6239444866887311 
3.3900000000027295, -1.6215551715554084 
3.4000000000027506, -1.6187324129850773 
3.4100000000027717, -1.6158498149858254 
3.420000000002793, -1.6135765263073398 
3.430000000002814, -1.6124293649206496 
3.440000000002835, -1.612234544938434 
3.450000000002856, -1.6123933615277846 
3.460000000002877, -1.6124606063403655 
3.4700000000028983, -1.6122424427809765 
3.4800000000029194, -1.611621115189184 
3.4900000000029405, -1.6104024777011028 
3.5000000000029616, -1.6082409778436453 
3.5100000000029827, -1.6048045720127295 
3.520000000003004, -1.600809116691917 
3.530000000003025, -1.600001142741305 
3.540000000003046, -1.607308362742271 
3.550000000003067, -1.6210998629401527 
3.5600000000030882, -1.634549224509889 
3.5700000000031094, -1.6439657196425697 
3.5800000000031305, -1.6495103655283867 
3.5900000000031516, -1.6524439388708738 
3.6000000000031727, -1.6538179542951865 
3.6100000000031938, -1.6542864036852343 
3.620000000003215, -1.6542179163847197 
3.630000000003236, -1.653826411346183 
3.640000000003257, -1.6532698126845322 
3.650000000003278, -1.6527008564577355 
3.6600000000032993, -1.6522495921165685 
3.6700000000033204, -1.651978211670772 
3.6800000000033415, -1.6518829855504182 
3.6900000000033626, -1.6519114668423298 
3.7000000000033837, -1.651958384867373 
3.710000000003405, -1.651886540984418 
3.720000000003426, -1.651554239348863 
3.730000000003447, -1.6507943276621906 
3.740000000003468, -1.6493477369746508 
3.750000000003489, -1.6467736519495506 
3.7600000000035103, -1.642360814038924 
3.7700000000035314, -1.6351480545409214 
3.7800000000035525, -1.6244359539643909 
3.7900000000035736, -1.611409190591317 
3.8000000000035947, -1.6006718906009432 
3.810000000003616, -1.5966609388235296 
3.820000000003637, -1.5979455495471542 
3.830000000003658, -1.6004332265737324 
3.840000000003679, -1.6021832277081143 
3.8500000000037002, -1.6030327528139594 
3.8600000000037213, -1.6032381206550532 
3.8700000000037424, -1.6029957009474838 
3.8800000000037635, -1.6024070628788691 
3.8900000000037847, -1.6015844197545601 
3.9000000000038058, -1.6008579970716856 
3.910000000003827, -1.6009260629682642 
3.920000000003848, -1.6024352242480575 
3.930000000003869, -1.605185666435879 
3.94000000000389, -1.6082885212913862 
3.9500000000039113, -1.6110115343629865 
3.9600000000039324, -1.613070415457304 
3.9700000000039535, -1.614451315309665 
3.9800000000039746, -1.615231135254589 
3.9900000000039957, -1.6154975538458807 
4.000000000004016, -1.6153244112340457 
4.010000000003993, -1.6147682972557706 
4.02000000000397, -1.613874969079739 
4.030000000003946, -1.6126939613780835 
4.040000000003923, -1.6113016097678023 
4.0500000000039, -1.609835126818752 
4.0600000000038765, -1.608523481202867 
4.070000000003853, -1.6076263045771568 
4.08000000000383, -1.6072298487367962 
4.090000000003807, -1.6071464728764582 
4.100000000003783, -1.6070896682315627 
4.11000000000376, -1.6068414136326425 
4.120000000003737, -1.6062283083649262 
4.130000000003713, -1.6049963907442752 
4.14000000000369, -1.602643640403643 
4.150000000003667, -1.5982196689919477 
4.1600000000036434, -1.5903639804316199 
4.17000000000362, -1.5788148296337825 
4.180000000003597, -1.5685742053684575 
4.1900000000035735, -1.569258015533118 
4.20000000000355, -1.5813729288126666 
4.210000000003527, -1.5950093862934018 
4.220000000003504, -1.6042496738189336 
4.23000000000348, -1.60924224164459 
4.240000000003457, -1.611628366846683 
4.250000000003434, -1.6126081061498667 
4.26000000000341, -1.6128297729193406 
4.270000000003387, -1.6126186672887368 
4.280000000003364, -1.6121662372869625 
4.2900000000033405, -1.6116616799012242 
4.300000000003317, -1.6113436787554558 
4.310000000003294, -1.6114028504203806 
4.320000000003271, -1.6118303148505546 
4.330000000003247, -1.6124490442644526 
4.340000000003224, -1.613067377677649 
4.350000000003201, -1.6135476199098122 
4.360000000003177, -1.6137956833391531 
4.370000000003154, -1.6137400376511881 
4.380000000003131, -1.6133118807601794 
4.390000000003107, -1.6124272770381232 
4.400000000003084, -1.6109762013442885 
4.410000000003061, -1.6088223307525227 
4.4200000000030375, -1.6058255818302807 
4.430000000003014, -1.6019279381065317 
4.440000000002991, -1.5973727370927966 
4.450000000002968, -1.5929952201487487 
4.460000000002944, -1.5900208131527758 
4.470000000002921, -1.5889652955972342 
4.480000000002898, -1.5891213774843562 
4.490000000002874, -1.589535776098812 
4.500000000002851, -1.5897330671002747 
4.510000000002828, -1.589585471887498 
4.520000000002804, -1.5890393336199138 
4.530000000002781, -1.5879820660344974 
4.540000000002758, -1.5862437405665184 
4.5500000000027345, -1.5838812666443183 
4.560000000002711, -1.5820777605771978 
4.570000000002688, -1.5838319050268461 
4.580000000002665, -1.5912503497210184 
4.590000000002641, -1.6018916715434148 
4.600000000002618, -1.611633422364913 
4.610000000002595, -1.6186193688762895 
4.620000000002571, -1.6229807379487866 
4.630000000002548, -1.625438714484074 
4.640000000002525, -1.626649367390519 
4.6500000000025015, -1.6270675246496853 
4.660000000002478, -1.6269783013829522 
4.670000000002455, -1.6265617933252412 
4.6800000000024315, -1.6259544997298438 
4.690000000002408, -1.625287434767115 
4.700000000002385, -1.624681840591793 
4.710000000002362, -1.6242233454657478 
4.720000000002338, -1.6239549040261416 
4.730000000002315, -1.623863332222649 
4.740000000002292, -1.6238547698755679 
4.750000000002268, -1.6237817369284682 
4.760000000002245, -1.6234915945099204 
4.770000000002222, -1.6228174792254648 
4.7800000000021985, -1.621508630812961 
4.790000000002175, -1.619124746803699 
4.800000000002152, -1.6149115526688707 
4.810000000002129, -1.6077490320874 
4.820000000002105, -1.5965559320157978 
4.830000000002082, -1.5819494409646597 
4.840000000002059, -1.5685607165583169 
4.850000000002035, -1.5624202967015213 
4.860000000002012, -1.5633932588064583 
4.870000000001989, -1.5666249477913587 
4.880000000001965, -1.5691551229881755 
4.890000000001942, -1.5705324265442089 
4.900000000001919, -1.5710697392592492 
4.9100000000018955, -1.571060921215799 
4.920000000001872, -1.5706666167807088 
4.930000000001849, -1.5699845279748499 
4.940000000001826, -1.5691972624692616 
4.950000000001802, -1.5687661006777547 
4.960000000001779, -1.5693802084788975 
4.970000000001756, -1.571347116074986 
4.980000000001732, -1.574160971855518 
4.990000000001709, -1.5770156055620184 
5.000000000001686, -1.579403280844661 
5.0100000000016625, -1.581163776057937 
5.020000000001639, -1.5823117267298403 
5.030000000001616, -1.5829158075219518 
5.0400000000015925, -1.5830490674941 
5.050000000001569, -1.5827738291262863 
5.060000000001546, -1.5821405743735022 
5.070000000001523, -1.5811950573600804 
5.080000000001499, -1.5799929238055 
5.090000000001476, -1.5786211591845636 
5.100000000001453, -1.5772266457354012 
5.110000000001429, -1.5760311483266958 
5.120000000001406, -1.5752526125241078 
5.130000000001383, -1.5749261983485896 
5.1400000000013595, -1.5748555189898295 
5.150000000001336, -1.574780018231697 
5.160000000001313, -1.57450155866184 
5.17000000000129, -1.573848994707576 
5.180000000001266, -1.5725603003078799 
5.190000000001243, -1.5701211049592456 
5.20000000000122, -1.5655577630818 
5.210000000001196, -1.557388276810531 
5.220000000001173, -1.544727606787846 
5.23000000000115, -1.530977609618609 
5.240000000001126, -1.5253784881219283 
5.250000000001103, -1.532155821560469 
5.26000000000108, -1.5438097245698885 
5.2700000000010565, -1.5529723770062713 
5.280000000001033, -1.5582972451241877 
5.29000000000101, -1.5609609624809062 
5.300000000000987, -1.5621211583604568 
5.310000000000963, -1.5624587124030673 
5.32000000000094, -1.5623206167875643 
5.330000000000917, -1.5618955035680662 
5.340000000000893, -1.5613528957803497 
5.35000000000087, -1.5609428891266655 
5.360000000000847, -1.5609643956338783 
5.3700000000008234, -1.5615512998362295 
5.3800000000008, -1.5625424973346187 
5.390000000000777, -1.5636432695545297 
5.4000000000007535, -1.5646227326761255 
5.41000000000073, -1.565353432466589 
5.420000000000707, -1.5657732876662895 
5.430000000000684, -1.5658499799490602 
5.44000000000066, -1.5655595690011161 
5.450000000000637, -1.5648754548133754 
5.460000000000614, -1.5637651347920078 
5.47000000000059, -1.5621945575026097 
5.480000000000567, -1.56014556132147 
5.490000000000544, -1.5576615248266255 
5.5000000000005205, -1.55493891430451 
5.510000000000497, -1.5524186133965399 
5.520000000000474, -1.5506623039277128 
5.5300000000004506, -1.5499055146540686 
5.540000000000427, -1.5498321801384631 
5.550000000000404, -1.5499438134493704 
5.560000000000381, -1.5499178030659662 
5.570000000000357, -1.5495987981449764 
5.580000000000334, -1.5488504459495935 
5.590000000000311, -1.5474238533010145 
5.600000000000287, -1.5448561061754806 
5.610000000000264, -1.5405280610882737 
5.620000000000241, -1.5345014695725294 
5.6300000000002175, -1.529892900771121 
5.640000000000194, -1.533347609243805 
5.650000000000171, -1.5468756639708219 
5.660000000000148, -1.5632902747875475 
5.670000000000124, -1.5758775141120949 
5.680000000000101, -1.5834868635953672 
5.690000000000078, -1.587534087745253 
5.700000000000054, -1.5894833515684588 
5.710000000000031, -1.5902668009142595 
5.720000000000008, -1.5903938816042724 
5.729999999999984, -1.590137192886219 
5.739999999999961, -1.5896730569751394 
5.749999999999938, -1.5891732241357337 
5.7599999999999145, -1.5888215809054278 
5.769999999999891, -1.58873666192325 
5.779999999999868, -1.5889028813703803 
5.789999999999845, -1.5892142788633883 
5.799999999999821, -1.5895482846444078 
5.809999999999798, -1.589790034575772 
5.819999999999775, -1.5898360048996083 
5.829999999999751, -1.5895910099927169 
5.839999999999728, -1.5889508190010713 
5.849999999999705, -1.5877789718765296 
5.8599999999996815, -1.5858904622373438 
5.869999999999658, -1.5830517063263252 
5.879999999999635, -1.57901987243516 
5.8899999999996115, -1.5736899843087613 
5.899999999999588, -1.5674530614512572 
5.909999999999565, -1.5616070648177656 
5.919999999999542, -1.5578893353785637 
5.929999999999518, -1.5568029567209651 
5.939999999999495, -1.5572068015300413 
5.949999999999472, -1.557854306955115 
5.959999999999448, -1.558213326275454 
5.969999999999425, -1.5581879783669261 
5.979999999999402, -1.5577731285921592 
5.9899999999993785, -1.5569163803787156 
5.999999999999355, -1.5555223535213574 
6.009999999999332, -1.553666085445947 
6.019999999999309, -1.5522200788011868 
6.029999999999285, -1.5533856269467698 
6.039999999999262, -1.5590217141713203 
6.049999999999239, -1.5677988350151812 
6.059999999999215, -1.5765233954333648 
6.069999999999192, -1.5832756468982563 
6.079999999999169, -1.5877959322354553 
6.089999999999145, -1.5905264761195799 
6.099999999999122, -1.591994482136238 
6.109999999999099, -1.5926156223066965 
6.1199999999990755, -1.5926742458175425 
6.129999999999052, -1.5923567325653845 
6.139999999999029, -1.5917974286649659 
6.149999999999006, -1.5911185131034233 
6.159999999998982, -1.5904424524532854 
6.169999999998959, -1.5898732602789651 
6.179999999998936, -1.5894797576112605 
6.189999999998912, -1.5892859278101963 
6.199999999998889, -1.5892425287032172 
6.209999999998866, -1.589224595603604 
6.2199999999988425, -1.5890811592628722 
6.229999999998819, -1.5886636313300335 
6.239999999998796, -1.587790283934977 
6.2499999999987725, -1.5861682518339284 
6.259999999998749, -1.5832935025840214 
6.269999999998726, -1.5783573759277165 
6.279999999998703, -1.570296711140112 
6.289999999998679, -1.558413261120116 
6.299999999998656, -1.5441108227574634 
6.309999999998633, -1.532280802046328 
6.319999999998609, -1.5275535702348164 
6.329999999998586, -1.5286756395951244 
6.339999999998563, -1.53140837541475 
6.3499999999985395, -1.5334893198149406 
6.359999999998516, -1.5346048473167664 
6.369999999998493, -1.535003721330255 
6.37999999999847, -1.5349131428229439 
6.389999999998446, -1.5344518849158684 
6.399999999998423, -1.533691382147272 
6.4099999999984, -1.5328043528087878 
6.419999999998376, -1.532292842899094 
6.429999999998353, -1.5329931272539303 
6.43999999999833, -1.535396320502291 
6.449999999998306, -1.5389866329209545 
6.459999999998283, -1.5427397017067783 
6.46999999999826, -1.5459441806631624 
6.4799999999982365, -1.5483569230183702 
6.489999999998213, -1.5499946120328318 
6.49999999999819, -1.5509616702801392 
6.509999999998167, -1.5513742059897644 
6.519999999998143, -1.5513349166768735 
6.52999999999812, -1.5509283651810652 
6.539999999998097, -1.5502267719221037 
6.549999999998073, -1.5493032561402251 
6.55999999999805, -1.548246543561194 
6.569999999998027, -1.5471711210026935 
6.5799999999980034, -1.546221354742049 
6.58999999999798, -1.5455449010808509 
6.599999999997957, -1.5452020102166208 
6.6099999999979335, -1.5450938698775758 
6.61999999999791, -1.5450255653033416 
6.629999999997887, -1.544812344838594 
6.639999999997864, -1.544292207196812 
6.64999999999784, -1.5432519751690907 
6.659999999997817, -1.5413080431862096 
6.669999999997794, -1.5377432145985483 
6.67999999999777, -1.531340471287473 
6.689999999997747, -1.5205368593677562 
6.699999999997724, -1.504855949802583 
6.7099999999977005, -1.488086110034056 
6.719999999997677, -1.4782003957148404 
6.729999999997654, -1.4785150602736314 
6.7399999999976306, -1.4838934881528023 
6.749999999997607, -1.4889449888175244 
6.759999999997584, -1.4921081587651033 
6.769999999997561, -1.493730477594912 
6.779999999997537, -1.49439043999693 
6.789999999997514, -1.4944662565291575 
6.799999999997491, -1.4941544331450192 
6.809999999997467, -1.4935668403741693 
6.819999999997444, -1.4928548315781867 
6.829999999997421, -1.4923596657706184 
6.8399999999973975, -1.4926329402419705 
6.849999999997374, -1.494072007328399 
6.859999999997351, -1.4964774576488835 
6.869999999997328, -1.4992192647367815 
6.879999999997304, -1.5017441185807723 
6.889999999997281, -1.50377912984908 
6.899999999997258, -1.5052548454398738 
6.909999999997234, -1.5061947051447901 
6.919999999997211, -1.5066529548492977 
6.929999999997188, -1.5066889398596783 
6.939999999997164, -1.5063584099388585 
6.949999999997141, -1.5057131580498626 
6.959999999997118, -1.5048073172696954 
6.9699999999970945, -1.5037089774667771 
6.979999999997071, -1.5025129681209173 
6.989999999997048, -1.501351295813001 
6.999999999997025, -1.5003889667128016 
7.009999999997001, -1.4997656506710113 
7.019999999996978, -1.49948978272552 
7.029999999996955, -1.4994129938781797 
7.039999999996931, -1.4993320427855943 
7.049999999996908, -1.4990751443775452 
7.059999999996885, -1.4984861297181031 
7.0699999999968615, -1.4973437176373954 
7.079999999996838, -1.4952473703332168 
7.089999999996815, -1.4914687264831425 
7.0999999999967915, -1.4848226017846067 
7.109999999996768, -1.4738715498790365 
7.119999999996745, -1.4582571511259663 
7.129999999996722, -1.4413687993527096 
7.139999999996698, -1.4302829308339713 
7.149999999996675, -1.4286192542513856 
7.159999999996652, -1.4325654355846493 
7.169999999996628, -1.437064512833529 
7.179999999996605, -1.4401419350900249 
7.189999999996582, -1.441821520612652 
7.1999999999965585, -1.4425597741479206 
7.209999999996535, -1.4427048196967642 
7.219999999996512, -1.442445476231676 
7.229999999996489, -1.441874257016071 
7.239999999996465, -1.4410851226396322 
7.249999999996442, -1.4403292443463056 
7.259999999996419, -1.4401731798712052 
7.269999999996395, -1.4413467379921252 
7.279999999996372, -1.4441101485788255 
7.289999999996349, -1.4478962862113103 
7.299999999996325, -1.4518090541860487 
7.309999999996302, -1.4552201974731602 
7.319999999996279, -1.4578797608350333 
7.3299999999962555, -1.4597699737307672 
7.339999999996232, -1.4609712763499523 
7.349999999996209, -1.4615932937129548 
7.359999999996186, -1.4617452618737476 
7.369999999996162, -1.4615245714279075 
7.379999999996139, -1.4610163906942468 
7.389999999996116, -1.4603024562385416 
7.399999999996092, -1.459472914342828 
7.409999999996069, -1.4586297637512262 
7.419999999996046, -1.457877637944082 
7.4299999999960225, -1.4573086864815181 
7.439999999995999, -1.456975723360557 
7.449999999995976, -1.456852562205405 
7.4599999999959525, -1.456828675819944 
7.469999999995929, -1.4567590344085815 
7.479999999995906, -1.4565073742780514 
7.489999999995883, -1.4559372234425825 
7.499999999995859, -1.454866073605594 
7.509999999995836, -1.4530085848881837 
7.519999999995813, -1.4499264823960385 
7.529999999995789, -1.4450199097928995 
7.539999999995766, -1.4376497650121454 
7.549999999995743, -1.4275589562565583 
7.5599999999957195, -1.4156928502137762 
7.569999999995696, -1.4047843599160799 
7.579999999995673, -1.398000202967101 
7.58999999999565, -1.3960247957436747 
7.599999999995626, -1.3968140330988557 
7.609999999995603, -1.3982037331614003 
7.61999999999558, -1.3992345761194365 
7.629999999995556, -1.3997459325437687 
7.639999999995533, -1.3998116332690151 
7.64999999999551, -1.3994967981527826 
7.659999999995486, -1.398798998508115 
7.669999999995463, -1.3976636841532313 
7.67999999999544, -1.3960935320963275 
7.6899999999954165, -1.3944757468129427 
7.699999999995393, -1.394110242084434 
7.70999999999537, -1.3970864153692737 
7.719999999995347, -1.4044250658151545 
7.729999999995323, -1.414479759856834 
7.7399999999953, -1.42439650567567 
7.749999999995277, -1.432342127757747 
7.759999999995253, -1.4379001907667424 
7.76999999999523, -1.4414178603910526 
7.779999999995207, -1.44343939757253 
7.789999999995183, -1.444446918597594 
7.79999999999516, -1.4447908998040644 
7.809999999995137, -1.4447035276366649 
7.8199999999951135, -1.44434101496969 
7.82999999999509, -1.443831325598505 
7.839999999995067, -1.4433085856060965 
7.849999999995044, -1.4429082983613175 
7.85999999999502, -1.442720742913204 
7.869999999994997, -1.4427552361294933 
7.879999999994974, -1.4429549701580078 
7.88999999999495, -1.4432296923132397 
7.899999999994927, -1.443476496819189 
7.909999999994904, -1.4435954897839056 
7.9199999999948805, -1.4434984278114737 
7.929999999994857, -1.4431035549684503 
7.939999999994834, -1.4423241431368359 
7.9499999999948106, -1.441062025455947 
7.959999999994787, -1.4392108411727436 
7.969999999994764, -1.4366703263562588 
7.979999999994741, -1.4333787617768305 
7.989999999994717, -1.4293834999917607 
7.999999999994694, -1.4249673258321145 
8.00999999999467, -1.4207644668613906 
8.019999999994647, -1.4176135263623866 
8.029999999994624, -1.415993779073991 
8.0399999999946, -1.4156211451520189 
8.049999999994577, -1.4158091983935988 
8.059999999994554, -1.416030589997217 
8.06999999999453, -1.416045332951742 
8.079999999994508, -1.4157573880141245 
8.089999999994484, -1.4150705054365837 
8.099999999994461, -1.4137915393845621 
8.109999999994438, -1.4115546072160474 
8.119999999994414, -1.407814809583273 
8.129999999994391, -1.4022140715988365 
8.139999999994368, -1.3959340416011183 
8.149999999994344, -1.39345378878336 
8.159999999994321, -1.400159633986303 
8.169999999994298, -1.4150881720306048 
8.179999999994275, -1.431141081354585 
8.189999999994251, -1.4431593314835651 
8.199999999994228, -1.4504988969567139 
8.209999999994205, -1.4544849013494903 
8.219999999994181, -1.4564608266199073 
8.229999999994158, -1.457300746128522 
8.239999999994135, -1.4574908936015465 
8.249999999994111, -1.457289953633987 
8.259999999994088, -1.4568563027476578 
8.269999999994065, -1.4563465073965065 
8.279999999994041, -1.4559769073471398 
8.289999999994018, -1.4559859717660872 
8.299999999993995, -1.4564852573358258 
8.309999999993972, -1.45737014652021 
8.319999999993948, -1.4584154556129028 
8.329999999993925, -1.4594156873577775 
8.339999999993902, -1.460235926059122 
8.349999999993878, -1.4607996551125806 
8.359999999993855, -1.4610659682320783 
8.369999999993832, -1.4610124005220337 
8.379999999993808, -1.4606246605851338 
8.389999999993785, -1.4598923510745963 
8.399999999993762, -1.4588096030451292 
8.409999999993738, -1.457381175221581 
8.419999999993715, -1.4556370047492249 
8.429999999993692, -1.4536596859696433 
8.439999999993669, -1.4516241343458307 
8.449999999993645, -1.4498157514153638 
8.459999999993622, -1.4485397013647003 
8.469999999993599, -1.4479100961590665 
8.479999999993575, -1.4477494571105805 
8.489999999993552, -1.4477504593401342 
8.499999999993529, -1.447668375128346 
8.509999999993505, -1.447347301724553 
8.519999999993482, -1.446639381952453 
8.529999999993459, -1.4452984906067663 
8.539999999993436, -1.4428509914996865 
8.549999999993412, -1.4384355633681762 
8.559999999993389, -1.430745297687674 
8.569999999993366, -1.4186553686206373 
8.579999999993342, -1.403494074885185 
8.589999999993319, -1.391405216706576 
8.599999999993296, -1.3891442653915815 
8.609999999993272, -1.395626797622312 
8.619999999993249, -1.4042053746581673 
8.629999999993226, -1.4106885325678504 
8.639999999993202, -1.4145437166584849 
8.64999999999318, -1.4165423215357897 
8.659999999993156, -1.4174274083700589 
8.669999999993133, -1.4176554068785872 
8.67999999999311, -1.4174649752970359 
8.689999999993086, -1.4169807898400015 
8.699999999993063, -1.4163165357771794 
8.70999999999304, -1.4156990254627781 
8.719999999993016, -1.415562761861499 
8.729999999992993, -1.4164145944312678 
8.73999999999297, -1.4184196612842004 
8.749999999992946, -1.4211988197341552 
8.759999999992923, -1.4241446436821106 
8.7699999999929, -1.4267991199716654 
8.779999999992876, -1.4289441814446313 
8.789999999992853, -1.430524021337456 
8.79999999999283, -1.4315617727422867 
8.809999999992806, -1.4321125448374685 
8.819999999992783, -1.432241841205018 
8.82999999999276, -1.4320159883331685 
8.839999999992736, -1.4314994170711952 
8.849999999992713, -1.4307585682336625 
8.85999999999269, -1.4298704327642862 
8.869999999992666, -1.428928382382203 
8.879999999992643, -1.428038896996029 
8.88999999999262, -1.427309829223241 
8.899999999992596, -1.426824038952758 
8.909999999992573, -1.426592631464991 
8.91999999999255, -1.426529381596262 
8.929999999992527, -1.4264899380359921 
8.939999999992503, -1.426330636223909 
8.94999999999248, -1.4259210114119067 
8.959999999992457, -1.4251090497804264 
8.969999999992433, -1.4236675827355705 
8.97999999999241, -1.4212404734946893 
8.989999999992387, -1.4173103187017353 
8.999999999992363, -1.411243702634592 
9.00999999999234, -1.402531550238146 
9.019999999992317, -1.3913706672997976 
9.029999999992294, -1.3794457833272051 
9.03999999999227, -1.369836826532024 
9.049999999992247, -1.3648745119164336 
9.059999999992224, -1.364038536699425 
9.0699999999922, -1.3650887548622035 
9.079999999992177, -1.3663362504001633 
9.089999999992154, -1.3671680179381451 
9.09999999999213, -1.3675243737105969 
9.109999999992107, -1.3674748816508386 
9.119999999992084, -1.367056794982027 
9.12999999999206, -1.3662375045118031 
9.139999999992037, -1.3649323733382897 
9.149999999992014, -1.3631225097366693 
9.15999999999199, -1.3612198855658528 
9.169999999991967, -1.3606802140194116 
9.179999999991944, -1.3639398397850733 
9.18999999999192, -1.3723492637769814 
9.199999999991897, -1.3841268765769572 
9.209999999991874, -1.395841543821997 
9.21999999999185, -1.4051841522397561 
9.229999999991827, -1.4116262346617914 
9.239999999991804, -1.4156302794287732 
9.24999999999178, -1.4178988254770721 
9.259999999991757, -1.4190315191413583 
9.269999999991734, -1.4194458915917758 
9.27999999999171, -1.419406047467008 
9.289999999991688, -1.4190807564542571 
9.299999999991664, -1.4186028162742506 
9.309999999991641, -1.4181143280376458 
9.319999999991618, -1.4177704079666147 
9.329999999991594, -1.4176854145329172 
9.339999999991571, -1.4178741651061897 
9.349999999991548, -1.4182600864676955 
9.359999999991524, -1.4187292002943528 
9.369999999991501, -1.4191687486704414 
9.379999999991478, -1.419481860236514 
9.389999999991455, -1.4195913243667473 
9.399999999991431, -1.4194355048642762 
9.409999999991408, -1.4189605020201566 
9.419999999991385, -1.4181151178228537 
9.429999999991361, -1.416851187754799 
9.439999999991338, -1.4151289693933116 
9.449999999991315, -1.4129296625252117 
9.459999999991291, -1.4102826751483335 
9.469999999991268, -1.4073175429950235 
9.479999999991245, -1.4043305070693062 
9.489999999991221, -1.4017842833396181 
9.499999999991198, -1.400107097509488 
9.509999999991175, -1.3993734165973977 
9.519999999991152, -1.399259657456284 
9.529999999991128, -1.3993441751126883 
9.539999999991105, -1.3993432531035601 
9.549999999991082, -1.3991081501582667 
9.559999999991058, -1.3985217088528978 
9.569999999991035, -1.3973945188091297 
9.579999999991012, -1.3953578220244185 
9.589999999990988, -1.3917369532870167 
9.599999999990965, -1.3854962533477426 
9.609999999990942, -1.375689968928021 
9.619999999990918, -1.3632298369929563 
9.629999999990895, -1.3531561529004699 
9.639999999990872, -1.352049222211906 
9.649999999990849, -1.36012471181024 
9.659999999990825, -1.3710507219117745 
9.669999999990802, -1.379747089071743 
9.679999999990779, -1.385152515199544 
9.689999999990755, -1.3880881875339122 
9.699999999990732, -1.3895150915068963 
9.709999999990709, -1.3900683835323497 
9.719999999990685, -1.390096343280082 
9.729999999990662, -1.3897767319457817 
9.739999999990639, -1.3892186943480742 
9.749999999990616, -1.3885665287261069 
9.759999999990592, -1.3881118956928173 
9.769999999990569, -1.388313321708739 
9.779999999990546, -1.3895559929784407 
9.789999999990522, -1.3918001271970666 
9.799999999990499, -1.3945849763481555 
9.809999999990476, -1.3973788369719728 
9.819999999990452, -1.3998297186951631 
9.829999999990429, -1.4017814594719726 
9.839999999990406, -1.4031994759232012 
9.849999999990382, -1.4041087520396172 
9.85999999999036, -1.4045604069051534 
9.869999999990336, -1.4046156692965717 
9.879999999990313, -1.4043380288667768 
9.88999999999029, -1.4037911304014894 
9.899999999990266, -1.4030429325828189 
9.909999999990243, -1.4021733877084546 
9.91999999999022, -1.4012775454352753 
9.929999999990196, -1.4004584610432558 
9.939999999990173, -1.3998123343347886 
9.94999999999015, -1.3994030488856564 
9.959999999990126, -1.3992249278873972 
9.969999999990103, -1.3991887448462959 
9.97999999999008, -1.3991595025926382 
9.989999999990056, -1.3990046261399391 
9.999999999990033, -1.3986022163177874 
10.00999999999001, -1.3978119308357706 
10.019999999989986, -1.396434008610512 
10.029999999989963, -1.3941750843482834 
10.03999999998994, -1.3906397305312657 
10.049999999989916, -1.3853823716239038 
10.059999999989893, -1.3780787804890957 
10.06999999998987, -1.3688847011969585 
10.079999999989846, -1.3589157286678606 
10.089999999989823, -1.3503048963819417 
10.0999999999898, -1.3450308015480288 
10.109999999989776, -1.3432764598689109 
10.119999999989753, -1.34358348980381 
10.12999999998973, -1.344451337030023 
10.139999999989707, -1.3451407394259294 
10.149999999989683, -1.3454630177394606 
10.15999999998966, -1.3454203625996208 
10.169999999989637, -1.345019308669491 
10.179999999989613, -1.3442023516708796 
10.18999999998959, -1.3428278758313432 
10.199999999989567, -1.3407123814572903 
10.209999999989543, -1.3378785928972916 
10.21999999998952, -1.3352491968429638 
10.229999999989497, -1.3354707956431502 
10.239999999989474, -1.3418923374614216 
10.24999999998945, -1.3548179255124715 
10.259999999989427, -1.370197948912889 
10.269999999989404, -1.3835166134040784 
10.27999999998938, -1.3929146256104654 
10.289999999989357, -1.3987260649152666 
10.299999999989334, -1.4019985934160104 
10.30999999998931, -1.40367539423663 
10.319999999989287, -1.4043949010690358 
10.329999999989264, -1.4045381561348056 
10.33999999998924, -1.4043249227219965 
10.349999999989217, -1.4039008913432394 
10.359999999989194, -1.4034095785187772 
10.36999999998917, -1.4030332943629367 
10.379999999989147, -1.402960934903164 
10.389999999989124, -1.4032852636518367 
10.3999999999891, -1.403942756381749 
10.409999999989077, -1.4047720056967088 
10.419999999989054, -1.4056077330175267 
10.42999999998903, -1.406324732230146 
10.439999999989007, -1.4068396228829583 
10.449999999988984, -1.4071001242154464 
10.45999999998896, -1.4070736336845235 
10.469999999988937, -1.40673875799263 
10.479999999988914, -1.4060811107616975 
10.48999999998889, -1.405093032700762 
10.499999999988868, -1.4037772806578865 
10.509999999988844, -1.4021564368708492 
10.519999999988821, -1.4002908074385378 
10.529999999988798, -1.3983056458983847 
10.539999999988774, -1.396414912000302 
10.549999999988751, -1.3948931364191244 
10.559999999988728, -1.3939431419514876 
10.569999999988704, -1.393543086788204 
10.579999999988681, -1.3934652686887998 
10.589999999988658, -1.3934461872355695 
10.599999999988635, -1.393295929353461 
10.609999999988611, -1.3928793140232991 
10.619999999988588, -1.3920385478953199 
10.629999999988565, -1.3904997377640558 
10.639999999988541, -1.3877563617903002 
10.649999999988518, -1.3829335302712322 
10.659999999988495, -1.3747573206327102 
10.669999999988471, -1.3620590759860876 
10.679999999988448, -1.3454387048003151 
10.689999999988425, -1.3292333698534369 
10.699999999988401, -1.3196699677751265 
10.709999999988378, -1.3186794342784969 
10.719999999988355, -1.3225087897475623 
10.729999999988332, -1.3268921479919218 
10.739999999988308, -1.3300490924653217 
10.749999999988285, -1.3318921320560093 
10.759999999988262, -1.3327943444605395 
10.769999999988238, -1.3330819434033527 
10.779999999988215, -1.3329456095852017 
10.789999999988192, -1.3324697828152456 
10.799999999988168, -1.3316870412511115 
10.809999999988145, -1.330671946757487 
10.819999999988122, -1.329724974468461 
10.829999999988098, -1.3296008646410793 
10.839999999988075, -1.3314111223373237 
10.849999999988052, -1.3358183451865502 
10.859999999988029, -1.3422493299477654 
10.869999999988005, -1.3492815465246506 
10.879999999987982, -1.3556516363945503 
10.889999999987959, -1.3607259874036557 
10.899999999987935, -1.3643921423665561 
10.909999999987912, -1.36681273426358 
10.919999999987889, -1.368247076303369 
10.929999999987865, -1.3689527436816376 
10.939999999987842, -1.3691418164602458 
10.949999999987819, -1.3689733047517127 
10.959999999987796, -1.3685686383471634 
10.969999999987772, -1.3680379800715876 
10.979999999987749, -1.3675005838501844 
10.989999999987726, -1.3670778052484216 
10.999999999987702, -1.3668560696893342 
11.009999999987679, -1.3668554731126792 
11.019999999987656, -1.3670344296912749 
11.029999999987632, -1.367313555822739 
11.039999999987609, -1.367596508954907 
11.049999999987586, -1.3677875628420044 
11.059999999987562, -1.3678032147833783 
11.06999999998754, -1.367572222074346 
11.079999999987516, -1.3670290153071432 
11.089999999987493, -1.3661096165661089 
11.09999999998747, -1.3647538351797979 
11.109999999987446, -1.3629127250749242 
11.119999999987423, -1.3605613284304183 
11.1299999999874, -1.3577222085769174 
11.139999999987376, -1.354508886173567 
11.149999999987353, -1.3511857533006097 
11.15999999998733, -1.3481893368842737 
11.169999999987306, -1.3459942291408908 
11.179999999987283, -1.3448171911622104 
11.18999999998726, -1.3444564996812276 
11.199999999987236, -1.344490194288722 
11.209999999987213, -1.3445651208001583 
11.21999999998719, -1.3444832697876157 
11.229999999987166, -1.34413148641751 
11.239999999987143, -1.3433839639101626 
11.24999999998712, -1.342011827237163 
11.259999999987096, -1.3395786321350793 
11.269999999987073, -1.3353158130356182 
11.27999999998705, -1.328087352637907 
11.289999999987026, -1.3168564563665912 
11.299999999987003, -1.3022928922004153 
11.30999999998698, -1.2887238632850992 
11.319999999986956, -1.2822962837596408 
11.329999999986933, -1.2846906229729664 
11.33999999998691, -1.2916347224164446 
11.349999999986887, -1.2983892425831232 
11.359999999986863, -1.3030905424492742 
11.36999999998684, -1.3058503684761613 
11.379999999986817, -1.3072822783379219 
11.389999999986793, -1.307889959696388 
11.39999999998677, -1.3079761510729493 
11.409999999986747, -1.3076941587280568 
11.419999999986723, -1.3071132381718953 
11.4299999999867, -1.306292956474098 
11.439999999986677, -1.3054043274895313 
11.449999999986654, -1.3049071642214252 
11.45999999998663, -1.3056171884010481 
11.469999999986607, -1.308321813002347 
11.479999999986584, -1.3130675469628101 
11.48999999998656, -1.3189946460547861 
11.499999999986537, -1.32496450704862 
11.509999999986514, -1.3301665485121208 
11.51999999998649, -1.3342483101753757 
11.529999999986467, -1.3371802834057058 
11.539999999986444, -1.339100871885557 
11.54999999998642, -1.3402108412445437 
11.559999999986397, -1.3407105867360163 
11.569999999986374, -1.3407690451937033 
11.57999999998635, -1.3405180853873329 
11.589999999986327, -1.3400656932695703 
11.599999999986304, -1.3395176409419292 
11.60999999998628, -1.3389907004681256 
11.619999999986257, -1.3385987964173973 
11.629999999986234, -1.3384160934460305 
11.63999999998621, -1.338452153718952 
11.649999999986187, -1.3386599016458112 
11.659999999986164, -1.3389580697967949 
11.66999999998614, -1.3392513439998444 
11.679999999986117, -1.3394476089974983 
11.689999999986094, -1.3394681750120403 
11.69999999998607, -1.3392473428888378 
11.709999999986048, -1.3387270722481601 
11.719999999986024, -1.3378544263730912 
11.729999999986001, -1.3365840677180425 
11.739999999985978, -1.3348842962808503 
11.749999999985954, -1.3327465354421413 
11.759999999985931, -1.3302024462821553 
11.769999999985908, -1.3273547594822268 
11.779999999985884, -1.324418911461542 
11.789999999985861, -1.3217391566331076 
11.799999999985838, -1.3196999984922033 
11.809999999985815, -1.3185126074718214 
11.819999999985791, -1.3180629265731394 
11.829999999985768, -1.3180191022545564 
11.839999999985745, -1.318061196305715 
11.849999999985721, -1.3179865027679998 
11.859999999985698, -1.3176730257524334 
11.869999999985675, -1.3169984991662518 
11.879999999985651, -1.3157583304294687 
11.889999999985628, -1.3135722672245527 
11.899999999985605, -1.3097683275439471 
11.909999999985581, -1.3032975569244443 
11.919999999985558, -1.2929194026265662 
11.929999999985535, -1.2781457504284526 
11.939999999985512, -1.2610137166919373 
11.949999999985488, -1.2466196537472178 
11.959999999985465, -1.2395742514547377 
11.969999999985442, -1.2396908636761765 
11.979999999985418, -1.243211818804673 
11.989999999985395, -1.2469206822857237 
11.999999999985372, -1.2495894715671487 
12.009999999985348, -1.2511776245485557 
12.019999999985325, -1.2519690839910083 
12.029999999985302, -1.2522161696649559 
12.039999999985278, -1.252066731313045 
12.049999999985255, -1.2515762626561444 
12.059999999985232, -1.2507374257663426 
12.069999999985209, -1.2495349945619245 
12.079999999985185, -1.248084642103761 
12.089999999985162, -1.2469254702123447 
12.099999999985139, -1.2473413459064857 
12.109999999985115, -1.251088826582842 
12.119999999985092, -1.2590432472312996 
12.129999999985069, -1.270020423632943 
12.139999999985045, -1.2815066119640934 
12.149999999985022, -1.2913836759668447 
12.159999999984999, -1.2987513402503799 
12.169999999984976, -1.303686477823064 
12.179999999984952, -1.3067062775207183 
12.189999999984929, -1.308384324966712 
12.199999999984906, -1.3091806063519789 
12.209999999984882, -1.3094102740841205 
12.219999999984859, -1.3092739995270573 
12.229999999984836, -1.3089066538322927 
12.239999999984812, -1.3084282335379553 
12.249999999984789, -1.3079852421049138 
12.259999999984766, -1.3077546282787256 
12.269999999984742, -1.3078846267769615 
12.27999999998472, -1.3084117794774643 
12.289999999984696, -1.3092441357360651 
12.299999999984673, -1.3102248732132278 
12.30999999998465, -1.3112026242153625 
12.319999999984626, -1.3120627272486396 
12.329999999984603, -1.3127292317047523 
12.33999999998458, -1.3131566211747818 
12.349999999984556, -1.3133204353830314 
12.359999999984533, -1.313210264800865 
12.36999999998451, -1.31282598204099 
12.379999999984486, -1.3121767780087554 
12.389999999984463, -1.3112826259274564 
12.39999999998444, -1.3101783446084616 
12.409999999984416, -1.3089200026073189 
12.419999999984393, -1.3075915115132266 
12.42999999998437, -1.3063070846660332 
12.439999999984346, -1.30520156552948 
12.449999999984323, -1.3043951890301773 
12.4599999999843, -1.3039339420988512 
12.469999999984276, -1.3037522677020763 
12.479999999984253, -1.3037056536576128 
12.48999999998423, -1.3036398897879196 
12.499999999984206, -1.303427032446215 
12.509999999984183, -1.3029515661170543 
12.51999999998416, -1.302072379564199 
12.529999999984136, -1.3005827420488318 
12.539999999984113, -1.2981815961805823 
12.54999999998409, -1.294476021857708 
12.559999999984067, -1.2890491066617262 
12.569999999984043, -1.281632753039023 
12.57999999998402, -1.2723999868084812 
12.589999999983997, -1.2622878584394033 
12.599999999983973, -1.2530228940256791 
12.60999999998395, -1.246401844388963 
12.619999999983927, -1.2431033860014253 
12.629999999983903, -1.2423378997309018 
12.63999999998388, -1.2427627300685342 
12.649999999983857, -1.243414033811542 
12.659999999983834, -1.243873178894542 
12.66999999998381, -1.2440315253422847 
12.679999999983787, -1.2438748932707013 
12.689999999983764, -1.243372573599125 
12.69999999998374, -1.2424215835094057 
12.709999999983717, -1.2408024483635502 
12.719999999983694, -1.2381425309066212 
12.72999999998367, -1.2339605083424166 
12.739999999983647, -1.2280212663921868 
12.749999999983624, -1.2213038288340206 
12.7599999999836, -1.2170769193263973 
12.769999999983577, -1.2196916304382674 
12.779999999983554, -1.2301943916437477 
12.78999999998353, -1.244433831094163 
12.799999999983507, -1.2572073839008555 
12.809999999983484, -1.2661884413937368 
12.81999999998346, -1.2716387136668903 
12.829999999983437, -1.2746502531584707 
12.839999999983414, -1.2761749851368387 
12.84999999998339, -1.276823459229068 
12.859999999983367, -1.2769374513478282 
12.869999999983344, -1.2766941152335411 
12.87999999998332, -1.2761891390656293 
12.889999999983297, -1.2755144750783542 
12.899999999983274, -1.2748569752598906 
12.90999999998325, -1.274600484024581 
12.919999999983228, -1.2753016272357753 
12.929999999983204, -1.2773944692669077 
12.939999999983181, -1.2808187119397503 
12.949999999983158, -1.2850196624360786 
12.959999999983134, -1.289312165025333 
12.969999999983111, -1.293186043772949 
12.979999999983088, -1.2963739450258311 
12.989999999983064, -1.2987923535588486 
12.999999999983041, -1.3004704551376665 
13.009999999983018, -1.3014992984791927 
13.019999999982995, -1.3019962422564266 
13.029999999982971, -1.3020795399615521 
13.039999999982948, -1.3018547652335752 
13.049999999982925, -1.3014152241856105 
13.059999999982901, -1.300853185417353 
13.069999999982878, -1.3002709693802397 
13.079999999982855, -1.299776029198395 
13.089999999982831, -1.29945485891281 
13.099999999982808, -1.2993453889144846 
13.109999999982785, -1.2994307930379712 
13.119999999982761, -1.2996514082222976 
13.129999999982738, -1.2999216441011954 
13.139999999982715, -1.3001486912836488 
13.149999999982692, -1.3002482328344984 
13.159999999982668, -1.3001498401552 
13.169999999982645, -1.2997938578010033 
13.179999999982622, -1.2991278589419226 
13.189999999982598, -1.2981074329086 
13.199999999982575, -1.2967006292091008 
13.209999999982552, -1.2948941167013728 
13.219999999982528, -1.2927020856168632 
13.229999999982505, -1.2901821684576922 
13.239999999982482, -1.2874613850963563 
13.249999999982458, -1.2847632623658671 
13.259999999982435, -1.2823992888165243 
13.269999999982412, -1.2806700024194058 
13.279999999982389, -1.2796950350221574 
13.289999999982365, -1.279331760416425 
13.299999999982342, -1.2792887582246073 
13.309999999982319, -1.2792992740457743 
13.319999999982295, -1.2791894826727894 
13.329999999982272, -1.2788439220887657 
13.339999999982249, -1.2781382723423493 
13.349999999982225, -1.2768694899166875 
13.359999999982202, -1.2746779590466244 
13.369999999982179, -1.2709603243231125 
13.379999999982156, -1.2648227439655904 
13.389999999982132, -1.25523898009251 
13.399999999982109, -1.2416900398745179 
13.409999999982086, -1.2253133976093167 
13.419999999982062, -1.2095340768932754 
13.429999999982039, -1.1984374543272711 
13.439999999982016, -1.1936342987974347 
13.449999999981992, -1.1934422285258992 
13.459999999981969, -1.1951417609614157 
13.469999999981946, -1.1969619610069668 
13.479999999981922, -1.198269465086275 
13.4899999999819, -1.1990101118029564 
13.499999999981876, -1.1992883466943038 
13.509999999981853, -1.1991946048390982 
13.51999999998183, -1.1987567869773186 
13.529999999981806, -1.1979287739205946 
13.539999999981783, -1.1965881670248302 
13.54999999998176, -1.194562629638052 
13.559999999981736, -1.1917689888523855 
13.569999999981713, -1.1886225147667038 
13.57999999998169, -1.1867314624742025 
13.589999999981666, -1.189088112003915 
13.599999999981643, -1.1982553678920755 
13.60999999998162, -1.213359627697344 
13.619999999981596, -1.2300694794088536 
13.629999999981573, -1.2441660610448992 
13.63999999998155, -1.2540219997503708 
13.649999999981526, -1.2601003198052134 
13.659999999981503, -1.2635381412317845 
13.66999999998148, -1.2653333655892822 
13.679999999981456, -1.266149820883419 
13.689999999981433, -1.2663753199500776 
13.69999999998141, -1.2662223127311074 
13.709999999981386, -1.2658123171098359 
13.719999999981363, -1.2652489426972626 
13.72999999998134, -1.264694868044067 
13.739999999981316, -1.2644360768450726 
13.749999999981293, -1.2648514975208434 
13.75999999998127, -1.2662205573957148 
13.769999999981247, -1.2685069926997596 
13.779999999981223, -1.271368479632404 
13.7899999999812, -1.2743711270487477 
13.799999999981177, -1.2771718509202084 
13.809999999981153, -1.2795666329561393 
13.81999999998113, -1.2814622864017444 
13.829999999981107, -1.2828379138868868 
13.839999999981083, -1.2837184249622182 
13.84999999998106, -1.2841576103766947 
13.859999999981037, -1.2842247066976595 
13.869999999981014, -1.2839936688680391 
13.87999999998099, -1.2835385926291771 
13.889999999980967, -1.2829371462456254 
13.899999999980944, -1.282277284991587 
13.90999999998092, -1.2816561336194747 
13.919999999980897, -1.281163450573884 
13.929999999980874, -1.280858161722787 
13.93999999998085, -1.280754270687872 
13.949999999980827, -1.2808195557840656 
13.959999999980804, -1.2809831580452238 
13.96999999998078, -1.2811529553293164 
13.979999999980757, -1.2812367407633665 
13.989999999980734, -1.2811538038817198 
13.99999999998071, -1.2808337344620835 
14.009999999980687, -1.2802112140144892 
14.019999999980664, -1.27922529113187 
14.02999999998064, -1.2778248739708276 
14.039999999980617, -1.2759775166877005 
14.049999999980594, -1.2736794743265585 
14.05999999998057, -1.270969703383157 
14.069999999980547, -1.2679531875493941 
14.079999999980524, -1.2648322228337467 
14.0899999999805, -1.2619203968678367 
14.099999999980477, -1.2595819789055913 
14.109999999980454, -1.2580664847010359 
14.11999999998043, -1.257350163711925 
14.129999999980408, -1.2571653904768745 
14.139999999980384, -1.2571893289979978 
14.149999999980361, -1.2571853881550366 
14.159999999980338, -1.2570126761284357 
14.169999999980314, -1.2565664290847998 
14.179999999980291, -1.2557092254729123 
14.189999999980268, -1.254202235380501 
14.199999999980244, -1.2516261526515977 
14.209999999980221, -1.2473001533912227 
14.219999999980198, -1.240274502242995 
14.229999999980175, -1.2295944906871479 
14.239999999980151, -1.2150816366957964 
14.249999999980128, -1.1984352752145002 
14.259999999980105, -1.1833693695648422 
14.269999999980081, -1.1734945881011474 
14.279999999980058, -1.1696130257453075 
14.289999999980035, -1.169737793535143 
14.299999999980011, -1.1713724327522967 
14.309999999979988, -1.1730248197446622 
14.319999999979965, -1.1741896373718246 
14.329999999979941, -1.1748351384930305 
14.339999999979918, -1.1750528439209644 
14.349999999979895, -1.1749158928001635 
14.359999999979872, -1.1744368551427449 
14.369999999979848, -1.1735533337234207 
14.379999999979825, -1.1721176642450977 
14.389999999979802, -1.1699061489561626 
14.399999999979778, -1.1667227332863668 
14.409999999979755, -1.162757142709038 
14.419999999979732, -1.159296168779127 
14.429999999979708, -1.159211724278131 
14.439999999979685, -1.1656576423053795 
14.449999999979662, -1.1788865833400552 
14.459999999979638, -1.195104876297441 
14.469999999979615, -1.2096264735465594 
14.479999999979592, -1.2201302692006435 
14.489999999979569, -1.2267325807590788 
14.499999999979545, -1.2305172204415156 
14.509999999979522, -1.232528794021721 
14.519999999979499, -1.2334822357273585 
14.529999999979475, -1.2337984212703093 
14.539999999979452, -1.2337048527144014 
14.549999999979429, -1.2333206269684247 
14.559999999979405, -1.2327257539342977 
14.569999999979382, -1.2320385299180938 
14.579999999979359, -1.2315138055023742 
14.589999999979335, -1.2316092706312052 
14.599999999979312, -1.2328747588583358 
14.609999999979289, -1.2356129126853708 
14.619999999979266, -1.2396064850435942 
14.629999999979242, -1.2442372993427369 
14.639999999979219, -1.2488395726619932 
14.649999999979196, -1.252936528488482 
14.659999999979172, -1.2562791482856557 
14.669999999979149, -1.2587940108548656 
14.679999999979126, -1.2605228863578306 
14.689999999979102, -1.2615737315689743 
14.69999999997908, -1.262080638373058 
14.709999999979056, -1.2621740711707774 
14.719999999979033, -1.2619664094613443 
14.72999999997901, -1.261554204458906 
14.739999999978986, -1.2610321703336413 
14.749999999978963, -1.2605069482861175 
14.75999999997894, -1.2600934257529735 
14.769999999978916, -1.2598855821321961 
14.779999999978893, -1.2599217811568841 
14.78999999997887, -1.2601757293424107 
14.799999999978846, -1.2605755184043719 
14.809999999978823, -1.261029435121295 
14.8199999999788, -1.261446114456977 
14.829999999978776, -1.261747352106357 
14.839999999978753, -1.2618727837309989 
14.84999999997873, -1.26177831750493 
14.859999999978706, -1.2614330196461512 
14.869999999978683, -1.2608174422414016 
14.87999999997866, -1.2599234914727322 
14.889999999978636, -1.2587554628856688 
14.899999999978613, -1.257333075554758 
14.90999999997859, -1.255697840438478 
14.919999999978566, -1.2539228371329207 
14.929999999978543, -1.2521228764361672 
14.93999999997852, -1.2504558344957033 
14.949999999978496, -1.249096887452107 
14.959999999978473, -1.248172679387406 
14.96999999997845, -1.2476879002303394 
14.979999999978427, -1.2475172307696163 
14.989999999978403, -1.2474778188354034 
14.99999999997838, -1.2474062971220385 
15.009999999978357, -1.247179368596004 
15.019999999978333, -1.2466873545697486 
15.02999999997831, -1.2457921823950393 
15.039999999978287, -1.244286816343209 
15.049999999978263, -1.2418659065284054 
15.05999999997824, -1.2381278758124856 
15.069999999978217, -1.2326449263389416 
15.079999999978194, -1.225137295848355 
15.08999999997817, -1.215748480876846 
15.099999999978147, -1.205321416545563 
15.109999999978124, -1.1954191074815659 
15.1199999999781, -1.187774825051323 
15.129999999978077, -1.1833121402146594 
15.139999999978054, -1.1816383972798485 
15.14999999997803, -1.1815892739730338 
15.159999999978007, -1.1821086538403704 
15.169999999977984, -1.1826149204815262 
15.17999999997796, -1.1828934346057307 
15.189999999977937, -1.182892049087783 
15.199999999977914, -1.1825874626573485 
15.20999999997789, -1.1819155532706462 
15.219999999977867, -1.1807228352210448 
15.229999999977844, -1.1787100846655727 
15.23999999997782, -1.1753656960335874 
15.249999999977797, -1.1699475661041845 
15.259999999977774, -1.161709546190759 
15.26999999997775, -1.1506900335604269 
15.279999999977727, -1.1389282153937665 
15.289999999977704, -1.1304978784797495 
15.29999999997768, -1.1286927567541836 
15.309999999977657, -1.1329434485636625 
15.319999999977634, -1.1397552467931404 
15.32999999997761, -1.1460298868751013 
15.339999999977588, -1.1505475589424103 
15.349999999977564, -1.1533727754397372 
15.359999999977541, -1.1549663268330521 
15.369999999977518, -1.1557491400596889 
15.379999999977494, -1.1559988633401115 
15.389999999977471, -1.1558654756596805 
15.399999999977448, -1.155405502241881 
15.409999999977424, -1.154610958049125 
15.419999999977401, -1.1534452952147898 
15.429999999977378, -1.151927560602593 
15.439999999977355, -1.15033397667814 
15.449999999977331, -1.1495401157808849 
15.459999999977308, -1.1512354797201105 
15.469999999977285, -1.1573312083399008 
15.479999999977261, -1.1683901473494118 
15.489999999977238, -1.1826050808903532 
15.499999999977215, -1.1968380511159535 
15.509999999977191, -1.2086140657956101 
15.519999999977168, -1.217049991226307 
15.529999999977145, -1.2224756050030736 
15.539999999977121, -1.2256808683219014 
15.549999999977098, -1.2274203044222134 
15.559999999977075, -1.2282412998520138 
15.569999999977052, -1.2284891872373922 
15.579999999977028, -1.2283669131921042 
15.589999999977005, -1.2279980848775192 
15.599999999976982, -1.2274863556937687 
15.609999999976958, -1.2269758429574902 
15.619999999976935, -1.2266976377839354 
15.629999999976912, -1.2269480780237907 
15.639999999976888, -1.2279574706006642 
15.649999999976865, -1.2297357538262021 
15.659999999976842, -1.2320580909166832 
15.669999999976818, -1.234599091501598 
15.679999999976795, -1.237070604943192 
15.689999999976772, -1.2392762316576118 
15.699999999976749, -1.241104276125395 
15.709999999976725, -1.242504132011606 
15.719999999976702, -1.2434678408741209 
15.729999999976679, -1.2440187959234432 
15.739999999976655, -1.2442027887265328 
15.749999999976632, -1.2440787352628155 
15.759999999976609, -1.2437113571968808 
15.769999999976585, -1.2431697303255862 
15.779999999976562, -1.2425316826479136 
15.789999999976539, -1.2418870673355125 
15.799999999976515, -1.2413297391213418 
15.809999999976492, -1.2409366146578134 
15.819999999976469, -1.2407467333261895 
15.829999999976446, -1.2407530301231058 
15.839999999976422, -1.2409063531400348 
15.849999999976399, -1.2411280202479325 
15.859999999976376, -1.2413287586582684 
15.869999999976352, -1.2414258024028633 
15.879999999976329, -1.2413497811620524 
15.889999999976306, -1.2410431018047694 
15.899999999976282, -1.2404574407411892 
15.90999999997626, -1.2395548574252475 
15.919999999976236, -1.2383116955143734 
15.929999999976213, -1.2367227464043649 
15.93999999997619, -1.2348055849003867 
15.949999999976166, -1.232607938340451 
15.959999999976143, -1.2302206597642888 
15.96999999997612, -1.227793579228776 
15.979999999976096, -1.225539659370802 
15.989999999976073, -1.2236986120275286 
15.99999999997605, -1.2224433111116648 
16.009999999976028, -1.2217805902413996 
16.019999999976005, -1.2215470417072485 
16.02999999997598, -1.2215114336934119 
16.039999999975958, -1.2214771577425583 
16.049999999975935, -1.2213088989326817 
16.05999999997591, -1.2209011206324305 
16.069999999975888, -1.2201292708002525 
16.079999999975865, -1.2188012411969011 
16.08999999997584, -1.2166129525124574 
16.099999999975818, -1.2131222294858408 
16.109999999975795, -1.2077829731954084 
16.11999999997577, -1.200105945699379 
16.129999999975748, -1.1899866022942045 
16.139999999975725, -1.1781117073664775 
16.1499999999757, -1.1661341521975532 
16.15999999997568, -1.1561907960228524 
16.169999999975655, -1.1497740277963602 
16.17999999997563, -1.1468791176449935 
16.18999999997561, -1.1463308351864765 
16.199999999975585, -1.1468050933520502 
16.20999999997556, -1.1474578974503697 
16.21999999997554, -1.147930576986487 
16.229999999975515, -1.1481258170881605 
16.239999999975492, -1.1480296616396548 
16.24999999997547, -1.147618626534587 
16.259999999975445, -1.1468104308279474 
16.269999999975422, -1.1454203432306382 
16.2799999999754, -1.143103408969243 
16.289999999975375, -1.1392896407068618 
16.299999999975352, -1.1331849821160527 
16.30999999997533, -1.1240430747040062 
16.319999999975305, -1.1119773810420108 
16.329999999975282, -1.0990504006480202 
16.33999999997526, -1.0891093080057435 
16.349999999975235, -1.0852060146904026 
16.359999999975212, -1.0870518584870883 
16.36999999997519, -1.0917956062037288 
16.379999999975166, -1.0966998222861373 
16.389999999975142, -1.1004749917287655 
16.39999999997512, -1.1029553040556457 
16.409999999975096, -1.1044109485378983 
16.419999999975072, -1.1051518400501974 
16.42999999997505, -1.105400584585829 
16.439999999975026, -1.1052808413771855 
16.449999999975002, -1.1048325401960708 
16.45999999997498, -1.1040240412202071 
16.469999999974956, -1.1027607294516153 
16.479999999974932, -1.1009121279200167 
16.48999999997491, -1.0984159363065544 
16.499999999974886, -1.0955593144454654 
16.509999999974863, -1.0934703866626037 
16.51999999997484, -1.094428827606643 
16.529999999974816, -1.1010140413405693 
16.539999999974793, -1.1138534053852878 
16.54999999997477, -1.1302536489971882 
16.559999999974746, -1.1459715977690659 
16.569999999974723, -1.1581656211860785 
16.5799999999747, -1.166312957824266 
16.589999999974676, -1.1712331332441284 
16.599999999974653, -1.1739936942740772 
16.60999999997463, -1.1754239037190772 
16.619999999974606, -1.1760506533135513 
16.629999999974583, -1.1761742678081326 
16.63999999997456, -1.175953037567679 
16.649999999974536, -1.1754684324278348 
16.659999999974513, -1.174783628425551 
16.66999999997449, -1.1740206573262661 
16.679999999974466, -1.1734698998775879 
16.689999999974443, -1.1736782307739084 
16.69999999997442, -1.1753526835678376 
16.709999999974396, -1.1789747436587716 
16.719999999974373, -1.184397314180581 
16.72999999997435, -1.1908657181164908 
16.739999999974327, -1.1974293670885616 
16.749999999974303, -1.203326458002221 
16.75999999997428, -1.2081274239000244 
16.769999999974257, -1.211706046377286 
16.779999999974233, -1.214148526908467 
16.78999999997421, -1.2156537438580044 
16.799999999974187, -1.2164484430177724 
16.809999999974163, -1.2167330787921284 
16.81999999997414, -1.2166622100416746 
16.829999999974117, -1.216351687888535 
16.839999999974093, -1.2159015938834186 
16.84999999997407, -1.2154237232863927 
16.859999999974047, -1.2150565110280414 
16.869999999974024, -1.2149452712175317 
16.879999999974, -1.2151870097678341 
16.889999999973977, -1.215783223695685 
16.899999999973954, -1.2166459354790236 
16.90999999997393, -1.2176452503083433 
16.919999999973907, -1.2186546219430028 
16.929999999973884, -1.2195731094811317 
16.93999999997386, -1.2203296282613552 
16.949999999973837, -1.220878769472311 
16.959999999973814, -1.2211944502437335 
16.96999999997379, -1.2212647902453615 
16.979999999973767, -1.2210894173603073 
16.989999999973744, -1.2206788417312675 
16.99999999997372, -1.2200550620745352 
17.009999999973697, -1.2192531406710323 
17.019999999973674, -1.2183237832602725 
17.02999999997365, -1.21733540088537 
17.039999999973627, -1.216371871140736 
17.049999999973604, -1.2155228735579486 
17.05999999997358, -1.214866962149287 
17.069999999973557, -1.2144494028911013 
17.079999999973534, -1.2142614191707284 
17.08999999997351, -1.2142366348395237 
17.099999999973488, -1.2142735099098942 
17.109999999973464, -1.2142668839710167 
17.11999999997344, -1.214124362680394 
17.129999999973418, -1.2137631366111261 
17.139999999973394, -1.21309958239169 
17.14999999997337, -1.2120444944785642 
17.159999999973348, -1.2105099014514875 
17.169999999973324, -1.208425965772999 
17.1799999999733, -1.205761377275254 
17.189999999973278, -1.2025419203409806 
17.199999999973254, -1.198868902405962 
17.20999999997323, -1.1949417760987866 
17.219999999973208, -1.191075618606852 
17.229999999973185, -1.187674742859256 
17.23999999997316, -1.185114265509892 
17.249999999973138, -1.1835583274077914 
17.259999999973115, -1.1828684858596876 
17.26999999997309, -1.1827116440787235 
17.279999999973068, -1.182755080983889 
17.289999999973045, -1.1827726900474096 
17.29999999997302, -1.1826345753079957 
17.309999999972998, -1.1822485853548133 
17.319999999972975, -1.1815009912298702 
17.32999999997295, -1.1802022782246535 
17.339999999972928, -1.1780307853158738 
17.349999999972905, -1.1744804316294406 
17.35999999997288, -1.168858114444938 
17.36999999997286, -1.160433976484542 
17.379999999972835, -1.1488580741398047 
17.38999999997281, -1.1347772130221756 
17.39999999997279, -1.1201786962183635 
17.409999999972765, -1.107789633677864 
17.41999999997274, -1.0995892373051022 
17.42999999997272, -1.09571246006146 
17.439999999972695, -1.0948224430625264 
17.449999999972672, -1.095324536796912 
17.45999999997265, -1.0961531416111892 
17.469999999972625, -1.0968291180252894 
17.479999999972602, -1.097214650186075 
17.48999999997258, -1.097299837790737 
17.499999999972555, -1.0970890305757228 
17.509999999972532, -1.0965479745698083 
17.51999999997251, -1.0955691944436816 
17.529999999972485, -1.0939298407434266 
17.539999999972462, -1.0912313650212968 
17.54999999997244, -1.086836345292892 
17.559999999972415, -1.079884182496275 
17.569999999972392, -1.0695839216225755 
17.57999999997237, -1.0559938202195718 
17.589999999972346, -1.040971047792974 
17.599999999972322, -1.028002724947558 
17.6099999999723, -1.0201210093186694 
17.619999999972276, -1.0177818571391726 
17.629999999972252, -1.01911718364397 
17.63999999997223, -1.0218180305203988 
17.649999999972206, -1.0244148574184824 
17.659999999972182, -1.0263598766927102 
17.66999999997216, -1.0276157235576762 
17.679999999972136, -1.0283128609039636 
17.689999999972112, -1.0285859189293087 
17.69999999997209, -1.028520144158543 
17.709999999972066, -1.0281390811125923 
17.719999999972043, -1.0273975903663661 
17.72999999997202, -1.026165025325014 
17.739999999971996, -1.0241935836849412 
17.749999999971973, -1.0210789105511633 
17.75999999997195, -1.0162508777262698 
17.769999999971926, -1.009095687310097 
17.779999999971903, -0.9993622778750927 
17.78999999997188, -0.9878439207300298 
17.799999999971856, -0.9767536514149293 
17.809999999971833, -0.9688681350910222 
17.81999999997181, -0.9656990587028211 
17.829999999971786, -0.9665694938961715 
17.839999999971763, -0.9695347835694171 
17.84999999997174, -0.9728451745881351 
17.859999999971716, -0.9755869485503235 
17.869999999971693, -0.9775265735611756 
17.87999999997167, -0.978751397775018 
17.889999999971646, -0.9794265741609312 
17.899999999971623, -0.9796907750911226 
17.9099999999716, -0.9796266675959252 
17.919999999971576, -0.9792560658064675 
17.929999999971553, -0.9785347118838924 
17.93999999997153, -0.9773352867304705 
17.949999999971507, -0.9754128955697314 
17.959999999971483, -0.9723538535411957 
17.96999999997146, -0.9675296454260935 
17.979999999971437, -0.9601313415398292 
17.989999999971413, -0.9494368960926642 
17.99999999997139, -0.9354338447138243 
18.009999999971367, -0.9195221505960982 
18.019999999971343, -0.904431458149426 
18.02999999997132, -0.8928661483213551 
18.039999999971297, -0.8859693584261745 
18.049999999971273, -0.8830881804579411 
18.05999999997125, -0.8827196809739203 
18.069999999971227, -0.8834848317915963 
18.079999999971204, -0.8845192232100489 
18.08999999997118, -0.8854185582355163 
18.099999999971157, -0.8860511688820323 
18.109999999971134, -0.8864049579391899 
18.11999999997111, -0.8864999413949223 
18.129999999971087, -0.8863460471185002 
18.139999999971064, -0.8859218569315829 
18.14999999997104, -0.8851582730677455 
18.159999999971017, -0.8839189395955392 
18.169999999970994, -0.881976899523176 
18.17999999997097, -0.8789997045452933 
18.189999999970947, -0.8745765162801092 
18.199999999970924, -0.8683362028325924 
18.2099999999709, -0.8601669894814155 
18.219999999970877, -0.8504270324581548 
18.229999999970854, -0.8399502789319457 
18.23999999997083, -0.8297848747461295 
18.249999999970807, -0.8208409084338003 
18.259999999970784, -0.8136648830753718 
18.26999999997076, -0.8084020135636694 
18.279999999970737, -0.804883470475936 
18.289999999970714, -0.8027597267186326 
18.29999999997069, -0.8016274587931903 
18.309999999970668, -0.8011207590641888 
18.319999999970644, -0.8009563459951332 
18.32999999997062, -0.8009394243333847 
18.339999999970598, -0.8009464225113035 
18.349999999970574, -0.8009004174433834 
18.35999999997055, -0.8007490543319736 
18.369999999970528, -0.8004490553521 
18.379999999970504, -0.7999586329566892 
18.38999999997048, -0.7992385273000038 
18.399999999970458, -0.7982613738271572 
18.409999999970434, -0.7970253509654692 
18.41999999997041, -0.7955630967924116 
18.429999999970388, -0.7939373502060221 
18.439999999970365, -0.7922241622647095 
18.44999999997034, -0.7904943987871464 
18.459999999970318, -0.7888038583223184 
18.469999999970295, -0.7871938122575646 
18.47999999997027, -0.7856970556538332 
18.489999999970248, -0.7843437988959071 
18.499999999970225, -0.7831642813159168 
18.5099999999702, -0.782187570536146 
18.519999999970178, -0.7814375676227627 
18.529999999970155, -0.7809280303477741 
18.53999999997013, -0.7806586829709141 
18.549999999970108, -0.7806140919191011 
18.559999999970085, -0.7807659224686457 
18.56999999997006, -0.7810778477922451 
18.57999999997004, -0.7815114420880104 
18.589999999970015, -0.7820312994384733 
18.59999999996999, -0.7826081815745178 
18.60999999996997, -0.7832195901059463 
18.619999999969945, -0.7838474751026789 
18.62999999996992, -0.7844733126360894 
18.6399999999699, -0.7850722190631478 
18.649999999969875, -0.7856096726995134 
18.659999999969852, -0.7860445917625466 
18.66999999996983, -0.7863390048730288 
18.679999999969805, -0.7864691757437003 
18.689999999969782, -0.7864313559588071 
18.69999999996976, -0.7862398978460484 
18.709999999969735, -0.7859215052049471 
18.719999999969712, -0.7855112368584929 
18.72999999996969, -0.7850536692521024 
18.739999999969665, -0.7846097253363611 
18.749999999969642, -0.7842676022892029 
18.75999999996962, -0.7841543581526567 
18.769999999969595, -0.7844426102244382 
18.779999999969572, -0.7853456537227557 
18.78999999996955, -0.7870962215050541 
18.799999999969526, -0.7899093107914175 
18.809999999969502, -0.7939345202307599 
18.81999999996948, -0.7992041426745257 
18.829999999969456, -0.8055819965826357 
18.839999999969432, -0.8127245071856946 
18.84999999996941, -0.820085721139783 
18.859999999969386, -0.8270109698347763 
18.869999999969362, -0.8329218571875581 
18.87999999996934, -0.8374989131667313 
18.889999999969316, -0.8407346494177446 
18.899999999969292, -0.8428375861986857 
18.90999999996927, -0.844086928375587 
18.919999999969246, -0.8447315802721084 
18.929999999969223, -0.8449523247995533 
18.9399999999692, -0.8448623428528128 
18.949999999969176, -0.8445207101799689 
18.959999999969153, -0.8439467503196983 
18.96999999996913, -0.843133833120006 
18.979999999969106, -0.8420683697729485 
18.989999999969083, -0.8407663945691896 
18.99999999996906, -0.8393463826252573 
19.009999999969036, -0.8381537914414949 
19.019999999969013, -0.8379150121571403 
19.02999999996899, -0.8397964062035108 
19.039999999968966, -0.8451215478086971 
19.049999999968943, -0.8545945039190039 
19.05999999996892, -0.8674466706845946 
19.069999999968896, -0.8814679344625997 
19.079999999968873, -0.8942027496873048 
19.08999999996885, -0.9041930019195457 
19.099999999968826, -0.9112235386889072 
19.109999999968803, -0.9158086317666747 
19.11999999996878, -0.918638885829959 
19.129999999968756, -0.9202979750780909 
19.139999999968733, -0.9211939753760184 
19.14999999996871, -0.9215818107562095 
19.159999999968687, -0.9216032925137639 
19.169999999968663, -0.9213173841519756 
19.17999999996864, -0.9207144261447414 
19.189999999968617, -0.919713985037167 
19.199999999968593, -0.9181464803200974 
19.20999999996857, -0.9157201163622991 
19.219999999968547, -0.9119837575317454 
19.229999999968523, -0.9063234621274141 
19.2399999999685, -0.8980804626862691 
19.249999999968477, -0.8869090575658249 
19.259999999968453, -0.8733542968879083 
19.26999999996843, -0.8592060707800107 
19.279999999968407, -0.8469448152293794 
19.289999999968384, -0.8383969894309822 
19.29999999996836, -0.8338367687046346 
19.309999999968337, -0.8322951629198467 
19.319999999968314, -0.8324602630806053 
19.32999999996829, -0.8333053417153493 
19.339999999968267, -0.8342404796963387 
19.349999999968244, -0.8350068094181331 
19.35999999996822, -0.8355274055201279 
19.369999999968197, -0.8358004784070072 
19.379999999968174, -0.8358403849690328 
19.38999999996815, -0.8356484460028819 
19.399999999968127, -0.8351969197106792 
19.409999999968104, -0.8344161048667216 
19.41999999996808, -0.8331810223652882 
19.429999999968057, -0.8313018379730103 
19.439999999968034, -0.8285334500432867 
19.44999999996801, -0.8246297373764045 
19.459999999967987, -0.819455834862427 
19.469999999967964, -0.8131164287996011 
19.47999999996794, -0.8060000877018295 
19.489999999967917, -0.7986785388911976 
19.499999999967894, -0.7917256664906425 
19.50999999996787, -0.7855764696555025 
19.519999999967848, -0.7804781255995583 
19.529999999967824, -0.7765068062273018 
19.5399999999678, -0.7736083136561702 
19.549999999967778, -0.7716409441985034 
19.559999999967754, -0.7704156994783617 
19.56999999996773, -0.7697323781045686 
19.579999999967708, -0.7694077974742316 
19.589999999967684, -0.7692922103156781 
19.59999999996766, -0.7692733607071728 
19.609999999967638, -0.7692715365213594 
19.619999999967614, -0.7692306936675437 
19.62999999996759, -0.7691101461244814 
19.639999999967568, -0.7688797390252502 
19.649999999967545, -0.7685196055363963 
19.65999999996752, -0.7680233431575514 
19.669999999967498, -0.7674009327119224 
19.679999999967475, -0.7666769854811376 
19.68999999996745, -0.7658830667446874 
19.699999999967428, -0.7650480003398179 
19.709999999967405, -0.7641919819500963 
19.71999999996738, -0.763327148895716 
19.729999999967358, -0.7624626999266171 
19.739999999967335, -0.7616108136021185 
19.74999999996731, -0.7607908126807134 
19.759999999967288, -0.7600309904403149 
19.769999999967265, -0.7593684189980192 
19.77999999996724, -0.7588468975761558 
19.78999999996722, -0.7585129891278324 
19.799999999967195, -0.7584105218527348 
19.80999999996717, -0.7585747949434263 
19.81999999996715, -0.7590282554318426 
19.829999999967125, -0.7597789991150193 
19.8399999999671, -0.7608221798122038 
19.84999999996708, -0.762142942214515 
19.859999999967055, -0.7637184923795999 
19.869999999967032, -0.7655167706246135 
19.87999999996701, -0.7674902559519096 
19.889999999966985, -0.7695663394769976 
19.899999999966962, -0.7716405463720497 
19.90999999996694, -0.7735827540987982 
19.919999999966915, -0.7752625663517396 
19.929999999966892, -0.776585018694487 
19.93999999996687, -0.7775145242153674 
19.949999999966845, -0.7780719169174259 
19.959999999966822, -0.778311111986225 
19.9699999999668, -0.7782935495163337 
19.979999999966775, -0.7780726272691454 
19.989999999966752, -0.7776900397487048 
19.99999999996673, -0.7771816676479949 
20.009999999966706, -0.7765920601044687 
20.019999999966682, -0.7759997725175614 
20.02999999996666, -0.7755578470247706 
20.039999999966636, -0.7755514510566275 
20.049999999966612, -0.7764634459728017 
20.05999999996659, -0.7790138296351626 
20.069999999966566, -0.7841034654573871 
20.079999999966542, -0.7925710268068704 
20.08999999996652, -0.8047274301479682 
20.099999999966496, -0.8198419966102117 
20.109999999966472, -0.8360412178424259 
20.11999999996645, -0.8509964959561127 
20.129999999966426, -0.8630195823443392 
20.139999999966403, -0.8716329138880775 
20.14999999996638, -0.8772917755780799 
20.159999999966356, -0.8807862137824966 
20.169999999966333, -0.8828365112274632 
20.17999999996631, -0.8839608799615561 
20.189999999966286, -0.8844879636247877 
20.199999999966263, -0.8846071450874033 
20.20999999996624, -0.8844117082073844 
20.219999999966216, -0.8839246006291537 
20.229999999966193, -0.8831079492913851 
20.23999999996617, -0.8818595168578469 
20.249999999966146, -0.8800002880268345 
20.259999999966123, -0.8772623009381663 
20.2699999999661, -0.8732986567477606 
20.279999999966076, -0.8677574862121405 
20.289999999966053, -0.8604686867872019 
20.29999999996603, -0.8517356274060072 
20.309999999966006, -0.842564952268871 
20.319999999965983, -0.8345120198369198 
20.32999999996596, -0.8289843210210117 
20.339999999965936, -0.8264548616886055 
20.349999999965913, -0.8263354929219018 
20.35999999996589, -0.8275558836581409 
20.369999999965867, -0.8291891106849659 
20.379999999965843, -0.8306952414721446 
20.38999999996582, -0.831861534343694 
20.399999999965797, -0.8326578881008062 
20.409999999965773, -0.8331244772758069 
20.41999999996575, -0.8333102290775871 
20.429999999965727, -0.8332449794662418 
20.439999999965703, -0.8329265934835851 
20.44999999996568, -0.8323110853455077 
20.459999999965657, -0.8312998076008528 
20.469999999965633, -0.8297233832803593 
20.47999999996561, -0.8273310207915021 
20.489999999965587, -0.8238088796613996 
20.499999999965564, -0.8188630116262245 
20.50999999996554, -0.8123779249558385 
20.519999999965517, -0.8045766398413796 
20.529999999965494, -0.796039905991629 
20.53999999996547, -0.7875291042825256 
20.549999999965447, -0.7797359269124539 
20.559999999965424, -0.7731203012567491 
20.5699999999654, -0.7678799980061415 
20.579999999965377, -0.7639996565038867 
20.589999999965354, -0.7613221007348107 
20.59999999996533, -0.7596151556519537 
20.609999999965307, -0.7586263916864847 
20.619999999965284, -0.7581228151696311 
20.62999999996526, -0.7579134327175752 
20.639999999965237, -0.7578555453803523 
20.649999999965214, -0.757849283660234 
20.65999999996519, -0.7578265308038848 
20.669999999965167, -0.757739565386841 
20.679999999965144, -0.7575528985171701 
20.68999999996512, -0.7572400557266012 
20.699999999965097, -0.7567853533332374 
20.709999999965074, -0.7561883698230634 
20.71999999996505, -0.7554664587296147 
20.729999999965028, -0.7546510168760727 
20.739999999965004, -0.7537778305374042 
20.74999999996498, -0.7528770047759027 
20.759999999964958, -0.7519683096728997 
20.769999999964934, -0.7510633124480347 
20.77999999996491, -0.7501713300677739 
20.789999999964888, -0.7493053449544007 
20.799999999964864, -0.7484857714932942 
20.80999999996484, -0.7477418406263945 
20.819999999964818, -0.7471110068051514 
20.829999999964794, -0.7466365521935198 
20.83999999996477, -0.7463634630512092 
20.849999999964748, -0.7463331422296886 
20.859999999964725, -0.7465782564930709 
20.8699999999647, -0.7471192932015049 
20.879999999964678, -0.747963801120894 
20.889999999964655, -0.7491080227382036 
20.89999999996463, -0.7505392960298239 
20.909999999964608, -0.7522367609753722 
20.919999999964585, -0.7541679330846135 
20.92999999996456, -0.7562801559706516 
20.939999999964538, -0.7584896252538263 
20.949999999964515, -0.7606762488377996 
20.95999999996449, -0.762695620707688 
20.969999999964468, -0.7644117536424461 
20.979999999964445, -0.7657358445422844 
20.98999999996442, -0.766645864268441 
20.9999999999644, -0.7671759050120388 
21.009999999964375, -0.767387981572216 
21.01999999996435, -0.7673460680413839 
21.02999999996433, -0.7671023000587553 
21.039999999964305, -0.7666950084259804 
21.04999999996428, -0.7661555222289089 
21.05999999996426, -0.765523138937241 
21.069999999964235, -0.7648714333456783 
21.079999999964212, -0.7643516984191865 
21.08999999996419, -0.7642577287413327 
21.099999999964165, -0.7651044283552049 
21.109999999964142, -0.7676827877924495 
21.11999999996412, -0.7730045322841759 
21.129999999964095, -0.7820121458683351 
21.139999999964072, -0.7950026596666249 
21.14999999996405, -0.8110200522326074 
21.159999999964025, -0.8278469042984661 
21.169999999964002, -0.84296593242175 
21.17999999996398, -0.854791457514081 
21.189999999963955, -0.8630800364127005 
21.199999999963932, -0.8684518946733052 
21.20999999996391, -0.8717491408944991 
21.219999999963886, -0.8736817078620891 
21.229999999963862, -0.874741758128066 
21.23999999996384, -0.87523552232193 
21.249999999963816, -0.8753367558945463 
21.259999999963792, -0.8751275708190986 
21.26999999996377, -0.8746205804117985 
21.279999999963746, -0.8737638193791284 
21.289999999963722, -0.8724299437590662 
21.2999999999637, -0.8703905448435227 
21.309999999963676, -0.8672798087352579 
21.319999999963652, -0.8625663343759709 
21.32999999996363, -0.8555871586772088 
21.339999999963606, -0.8457481084438427 
21.349999999963583, -0.8329818793924728 
21.35999999996356, -0.8183030808590562 
21.369999999963536, -0.8038524803506124 
21.379999999963513, -0.7919589286670534 
21.38999999996349, -0.7838882805069982 
21.399999999963466, -0.7794653036959495 
21.409999999963443, -0.7776637263502708 
21.41999999996342, -0.7773587664300646 
21.429999999963396, -0.7777195646000135 
21.439999999963373, -0.778260673395321 
21.44999999996335, -0.7787472971651646 
21.459999999963326, -0.7790865210400492 
21.469999999963303, -0.779249920418939 
21.47999999996328, -0.7792283014925199 
21.489999999963256, -0.7790071495740408 
21.499999999963233, -0.7785526621936014 
21.50999999996321, -0.7778030192070362 
21.519999999963186, -0.7766650538710466 
21.529999999963163, -0.7750223661846026 
21.53999999996314, -0.772764276633749 
21.549999999963116, -0.7698375366264953 
21.559999999963093, -0.7662993048975524 
21.56999999996307, -0.7623304017761419 
21.579999999963047, -0.7581884006006631 
21.589999999963023, -0.7541308169401386 
21.599999999963, -0.7503584252753586 
21.609999999962977, -0.7469992874940845 
21.619999999962953, -0.7441202863823678 
21.62999999996293, -0.7417453327997805 
21.639999999962907, -0.7398687557943664 
21.649999999962883, -0.7384622986639735 
21.65999999996286, -0.7374788335832537 
21.669999999962837, -0.7368562953049286 
21.679999999962813, -0.7365235350180961 
21.68999999996279, -0.7364075772342411 
21.699999999962767, -0.7364404516324996 
21.709999999962744, -0.7365639239959682 
21.71999999996272, -0.73673162686382 
21.729999999962697, -0.7369092926444019 
21.739999999962674, -0.7370741988237437 
21.74999999996265, -0.7372143215655524 
21.759999999962627, -0.7373265416859215 
21.769999999962604, -0.7374127009878658 
21.77999999996258, -0.7374734625795683 
21.789999999962557, -0.7375023576944016 
21.799999999962534, -0.7374837793212548 
21.80999999996251, -0.7373969445262448 
21.819999999962487, -0.7372238143459204 
21.829999999962464, -0.7369562333347865 
21.83999999996244, -0.7365989035586022 
21.849999999962417, -0.736168734645749 
21.859999999962394, -0.7356936929297384 
21.86999999996237, -0.7352139104756078 
21.879999999962347, -0.7347859023669459 
21.889999999962324, -0.7344888712776928 
21.8999999999623, -0.7344307036752366 
21.909999999962277, -0.7347504525299385 
21.919999999962254, -0.735614251109858 
21.92999999996223, -0.737203002211854 
21.939999999962208, -0.7396920608982058 
21.949999999962184, -0.7432236314905529 
21.95999999996216, -0.7478707303340837 
21.969999999962138, -0.7535900366270606 
21.979999999962114, -0.7601674635610731 
21.98999999996209, -0.7671825700720478 
21.999999999962068, -0.7740454778427807 
22.009999999962044, -0.7801452049140336 
22.01999999996202, -0.7850544286085006 
22.029999999961998, -0.7886493869982855 
22.039999999961974, -0.7910659169643248 
22.04999999996195, -0.7925604009118121 
22.059999999961928, -0.7933886053926329 
22.069999999961905, -0.7937480638564715 
22.07999999996188, -0.7937680762071906 
22.089999999961858, -0.7935190829743676 
22.099999999961835, -0.7930242784589414 
22.10999999996181, -0.7922674812073074 
22.119999999961788, -0.79119749259414 
22.129999999961765, -0.7897329268844095 
22.13999999996174, -0.7877753789227737 
22.149999999961718, -0.7852425455835834 
22.159999999961695, -0.782130013147785 
22.16999999996167, -0.7785869390464364 
22.179999999961648, -0.7749463665413809 
22.189999999961625, -0.7716497669343125 
22.1999999999616, -0.7691232108499146 
22.20999999996158, -0.767716963538437 
22.219999999961555, -0.7676174046107306 
22.22999999996153, -0.7686778869600475 
22.23999999996151, -0.7704320674578785 
22.249999999961485, -0.7723504575236999 
22.25999999996146, -0.7740648520829578 
22.26999999996144, -0.7754130525870713 
22.279999999961415, -0.776374015265705 
22.289999999961392, -0.7769903943197332 
22.29999999996137, -0.7773172537384968 
22.309999999961345, -0.7773962286261887 
22.319999999961322, -0.7772439089452563 
22.3299999999613, -0.7768451178547976 
22.339999999961275, -0.7761459291941624 
22.349999999961252, -0.775045486445836 
22.35999999996123, -0.7733913587587813 
22.369999999961205, -0.7709915859270348 
22.379999999961182, -0.7676628629473947 
22.38999999996116, -0.7633214269001257 
22.399999999961135, -0.7580777280019567 
22.409999999961112, -0.7522559697336889 
22.41999999996109, -0.7463009926344959 
22.429999999961066, -0.7406356118260845 
22.439999999961042, -0.7355635412172624 
22.44999999996102, -0.7312493081079169 
22.459999999960996, -0.727745022017359 
22.469999999960972, -0.7250265723117465 
22.47999999996095, -0.7230218927465886 
22.489999999960926, -0.7216301615417418 
22.499999999960902, -0.7207360780358902 
22.50999999996088, -0.7202221103850487 
22.519999999960856, -0.7199788694667062 
22.529999999960832, -0.7199123152382265 
22.53999999996081, -0.7199469051015681 
22.549999999960786, -0.7200251570567213 
22.559999999960763, -0.72010523759916 
22.56999999996074, -0.7201584473537842 
22.579999999960716, -0.7201677928473474 
22.589999999960693, -0.720127429916976 
22.59999999996067, -0.7200413023218262 
22.609999999960646, -0.7199190676861618 
22.619999999960623, -0.7197693446873974 
22.6299999999606, -0.7195932548044583 
22.639999999960576, -0.7193822637714937 
22.649999999960553, -0.7191219452582178 
22.65999999996053, -0.718799326633871 
22.669999999960506, -0.7184094706934684 
22.679999999960483, -0.7179585972529922 
22.68999999996046, -0.7174644001037402 
22.699999999960436, -0.7169560865494433 
22.709999999960413, -0.7164761366787401 
22.71999999996039, -0.7160841148788044 
22.729999999960366, -0.7158613374188356 
22.739999999960343, -0.71591425465413 
22.74999999996032, -0.7163741990441318 
22.759999999960296, -0.7173918246249966 
22.769999999960273, -0.7191258278034695 
22.77999999996025, -0.7217262917045167 
22.789999999960227, -0.7253119363556322 
22.799999999960203, -0.7299378687002537 
22.80999999996018, -0.7355497112308004 
22.819999999960157, -0.7419289302610428 
22.829999999960133, -0.7486591170219545 
22.83999999996011, -0.7551693616328051 
22.849999999960087, -0.7608876252528947 
22.859999999960063, -0.7654368511268543 
22.86999999996004, -0.7687334087428694 
22.879999999960017, -0.770928082876087 
22.889999999959993, -0.7722698779082733 
22.89999999995997, -0.7729970514105394 
22.909999999959947, -0.7732891771904253 
22.919999999959924, -0.7732609396143771 
22.9299999999599, -0.7729713869837804 
22.939999999959877, -0.7724337016404111 
22.949999999959854, -0.7716202921309588 
22.95999999995983, -0.7704629181199498 
22.969999999959807, -0.768850084311439 
22.979999999959784, -0.7666263132489981 
22.98999999995976, -0.7636003698144668 
22.999999999959737, -0.7595694557616479 
23.009999999959714, -0.7543619292404535 
23.01999999995969, -0.7479069012024333 
23.029999999959667, -0.7403775645114877 
23.039999999959644, -0.7324202105315568 
23.04999999995962, -0.7251825524270699 
23.059999999959597, -0.7197846718727241 
23.069999999959574, -0.7166427892676395 
23.07999999995955, -0.7153921466825622 
23.089999999959527, -0.7153298115079261 
23.099999999959504, -0.7158251498655834 
23.10999999995948, -0.7164695684421933 
23.119999999959457, -0.7170524285578879 
23.129999999959434, -0.7174875570563733 
23.13999999995941, -0.7177504228259465 
23.149999999959388, -0.7178382759403692 
23.159999999959364, -0.7177479175274094 
23.16999999995934, -0.7174635874209768 
23.179999999959318, -0.7169501892195564 
23.189999999959294, -0.7161508793376876 
23.19999999995927, -0.7149920343793652 
23.209999999959248, -0.7134011696474178 
23.219999999959224, -0.7113398369324381 
23.2299999999592, -0.7088398745467737 
23.239999999959178, -0.7060170020801816 
23.249999999959154, -0.7030439326522868 
23.25999999995913, -0.7000978191130053 
23.269999999959108, -0.69731697971227 
23.279999999959085, -0.6947868449010801 
23.28999999995906, -0.6925492317962961 
23.299999999959038, -0.6906192333805972 
23.309999999959015, -0.6889989273257717 
23.31999999995899, -0.6876846853491109 
23.329999999958968, -0.6866692386483093 
23.339999999958945, -0.6859409583704408 
23.34999999995892, -0.6854825904968906 
23.359999999958898, -0.68527093037013 
23.369999999958875, -0.6852780380849468 
23.37999999995885, -0.6854738003419476 
23.389999999958828, -0.6858291353311483 
23.399999999958805, -0.6863190017085004 
23.40999999995878, -0.6869244705268562 
23.41999999995876, -0.6876331592207794 
23.429999999958735, -0.6884371736168692 
23.43999999995871, -0.6893277194489213 
23.44999999995869, -0.6902865646474534 
23.459999999958665, -0.6912771013824791 
23.46999999995864, -0.6922407867099146 
23.47999999995862, -0.6931048030795227 
23.489999999958595, -0.6938005730251486 
23.499999999958572, -0.6942833746801651 
23.50999999995855, -0.694540927653108 
23.519999999958525, -0.6945876955226 
23.529999999958502, -0.6944520184506124 
23.53999999995848, -0.6941651354720373 
23.549999999958455, -0.6937567342664918 
23.559999999958432, -0.6932577820291732 
23.56999999995841, -0.6927107628358518 
23.579999999958385, -0.6921889248424792 
23.589999999958362, -0.6918278108328053 
23.59999999995834, -0.6918722030235253 
23.609999999958315, -0.6927364151442401 
23.619999999958292, -0.6950599091486694 
23.62999999995827, -0.6997065678807765 
23.639999999958246, -0.7076081784548143 
23.649999999958222, -0.719342700085319 
23.6599999999582, -0.7345066084163215 
23.669999999958176, -0.7513586550004618 
23.679999999958152, -0.7673803520222793 
23.68999999995813, -0.780553548307301 
23.699999999958106, -0.7901767705831626 
23.709999999958082, -0.7966379335480442 
23.71999999995806, -0.8007434846311632 
23.729999999958036, -0.8032538053001461 
23.739999999958012, -0.8047277868911774 
23.74999999995799, -0.8055295794032331 
23.759999999957966, -0.8058785704862516 
23.769999999957943, -0.8058940743148991 
23.77999999995792, -0.8056232730707787 
23.789999999957896, -0.8050524941381555 
23.799999999957873, -0.8041030375544255 
23.80999999995785, -0.8026113217320698 
23.819999999957826, -0.8002935996786474 
23.829999999957803, -0.7967044705186302 
23.83999999995778, -0.7912271236412429 
23.849999999957756, -0.7831842248644045 
23.859999999957733, -0.7721717366107562 
23.86999999995771, -0.7585421703309774 
23.879999999957686, -0.7436184920132571 
23.889999999957663, -0.7292465693548124 
23.89999999995764, -0.7169716282893328 
23.909999999957616, -0.7075291075538661 
23.919999999957593, -0.7008891985910324 
23.92999999995757, -0.69658082646613 
23.939999999957546, -0.6939974488111786 
23.949999999957523, -0.6925788316522724 
23.9599999999575, -0.6918842514730834 
23.969999999957476, -0.6916009314459711 
23.979999999957453, -0.6915228545395118 
23.98999999995743, -0.6915211947806307 
23.999999999957407, -0.6915170027291173 
24.009999999957383, -0.6914602008065902 
24.01999999995736, -0.6913156308407062 
24.029999999957337, -0.691055807139227 
24.039999999957313, -0.6906598965559385 
24.04999999995729, -0.6901178316481876 
24.059999999957267, -0.6894364222360265 
24.069999999957243, -0.6886420181939179 
24.07999999995722, -0.687775200467772 
24.089999999957197, -0.6868786757267766 
24.099999999957173, -0.6859852942076471 
24.10999999995715, -0.6851128559733559 
24.119999999957127, -0.6842669482014287 
24.129999999957104, -0.6834482319174715 
24.13999999995708, -0.682659706875171 
24.149999999957057, -0.6819115408680629 
24.159999999957034, -0.6812234317818496 
24.16999999995701, -0.6806254923021668 
24.179999999956987, -0.6801583450900675 
24.189999999956964, -0.6798724352988927 
24.19999999995694, -0.6798262656784236 
24.209999999956917, -0.6800835093258119 
24.219999999956894, -0.6807094692205646 
24.22999999995687, -0.6817676308157484 
24.239999999956847, -0.6833166442381462 
24.249999999956824, -0.685406816148703 
24.2599999999568, -0.688073354124849 
24.269999999956777, -0.6913220681899601 
24.279999999956754, -0.6951040618467939 
24.28999999995673, -0.6992828535082706 
24.299999999956707, -0.7036127755277519 
24.309999999956684, -0.7077618125999737 
24.31999999995666, -0.7113970257989225 
24.329999999956637, -0.7142946047359955 
24.339999999956614, -0.7163974188142239 
24.34999999995659, -0.7177858333753918 
24.359999999956568, -0.7186025773480413 
24.369999999956544, -0.7189885580190728 
24.37999999995652, -0.7190511252279007 
24.389999999956498, -0.7188565616444763 
24.399999999956474, -0.7184325804162791 
24.40999999995645, -0.7177717428691966 
24.419999999956428, -0.7168320605523395 
24.429999999956404, -0.715534001876365 
24.43999999995638, -0.7137544000792222 
24.449999999956358, -0.7113178818181713 
24.459999999956334, -0.707984997710235 
24.46999999995631, -0.7034356793507661 
24.479999999956288, -0.6972666889513194 
24.489999999956265, -0.6891020462695499 
24.49999999995624, -0.6789806568030459 
24.509999999956218, -0.6678623400591136 
24.519999999956195, -0.6574942385490187 
24.52999999995617, -0.649399883323164 
24.539999999956148, -0.6440691982906016 
24.549999999956125, -0.641086149269398 
24.5599999999561, -0.639700887865233 
24.569999999956078, -0.6392381307079532 
24.579999999956055, -0.6392297684908972 
24.58999999995603, -0.6393964503537154 
24.599999999956008, -0.6395876757728901 
24.609999999955985, -0.6397278685771516 
24.61999999995596, -0.6397792789354071 
24.62999999995594, -0.6397193915283361 
24.639999999955915, -0.6395283027196828 
24.64999999995589, -0.6391829820923485 
24.65999999995587, -0.6386574588876988 
24.669999999955845, -0.6379292581757412 
24.67999999995582, -0.636991286020573 
24.6899999999558, -0.6358641074040458 
24.699999999955775, -0.6345995071251902 
24.709999999955752, -0.6332692973534326 
24.71999999995573, -0.6319443012240538 
24.729999999955705, -0.6306763428005456 
24.739999999955682, -0.6294922442499024 
24.74999999995566, -0.6283991050042946 
24.759999999955635, -0.6273945171985983 
24.769999999955612, -0.6264759604758873 
24.77999999995559, -0.6256468747436372 
24.789999999955565, -0.624919604605811 
24.799999999955542, -0.6243164458478783 
24.80999999995552, -0.6238698183901865 
24.819999999955495, -0.6236220214911368 
24.829999999955472, -0.6236246798630953 
24.83999999995545, -0.6239379706654583 
24.849999999955426, -0.6246298307074105 
24.859999999955402, -0.6257752639285743 
24.86999999995538, -0.6274552785806337 
24.879999999955356, -0.629753620864637 
24.889999999955332, -0.6327472847778881 
24.89999999995531, -0.6364844718773398 
24.909999999955286, -0.6409441332331557 
24.919999999955262, -0.6459810401219916 
24.92999999995524, -0.651285433150758 
24.939999999955216, -0.6564119223405737 
24.949999999955192, -0.6609080646989431 
24.95999999995517, -0.6644784167277925 
24.969999999955146, -0.6670611998991058 
24.979999999955123, -0.6687755718378695 
24.9899999999551, -0.6698127465045743 
24.999999999955076, -0.6703528009190781 
