t, s[1].omega / s[0].omega 
0, -1.4599950139609352 
0.009999999999999995, -1.4592901581508497 
0.019999999999999934, -1.4585397823024078 
0.029999999999999874, -1.4533899025856707 
0.04000000000000012, -1.45314195161188 
0.050000000000000405, -1.4530848762656428 
0.06000000000000069, -1.4525127523503494 
0.07000000000000098, -1.451857323652138 
0.08000000000000126, -1.4464396629598018 
0.09000000000000155, -1.4461257430155021 
0.10000000000000184, -1.4466724992031248 
0.11000000000000212, -1.4462036497490645 
0.12000000000000241, -1.4456523345680123 
0.130000000000002, -1.4432305340500526 
0.1400000000000009, -1.4427138550766716 
0.1499999999999998, -1.4450366181023584 
0.1599999999999987, -1.4446771142701045 
0.1699999999999976, -1.4442210710343177 
0.1799999999999965, -1.4430402668767808 
0.1899999999999954, -1.4423813933214344 
0.1999999999999943, -1.4479626091960953 
0.2099999999999932, -1.4477638589927013 
0.2199999999999921, -1.4474290867621442 
0.229999999999991, -1.4466802827929812 
0.2399999999999899, -1.446026045629959 
0.2499999999999888, -1.4428411087436368 
0.2599999999999877, -1.4428179109632848 
0.2699999999999866, -1.4427236484774981 
0.2799999999999855, -1.4421723594732334 
0.2899999999999844, -1.4415908000462485 
0.2999999999999833, -1.4358174440873464 
0.3099999999999822, -1.4356674525932038 
0.3199999999999811, -1.4362376435993212 
0.32999999999998, -1.4358387289925187 
0.3399999999999789, -1.4353420747004235 
0.3499999999999778, -1.4333054321553313 
0.35999999999997667, -1.4327350359109239 
0.36999999999997557, -1.4356011891225038 
0.37999999999997447, -1.435476999072972 
0.38999999999997337, -1.435076012531763 
0.39999999999997227, -1.4341836032541906 
0.40999999999997117, -1.4335488939301904 
0.41999999999997006, -1.4368382511622149 
0.42999999999996896, -1.4374931685707468 
0.43999999999996786, -1.4372519037924985 
0.44999999999996676, -1.436684586720308 
0.45999999999996566, -1.4361102923596962 
0.46999999999996456, -1.4283761234236612 
0.47999999999996346, -1.4288477384077976 
0.48999999999996235, -1.429020141483917 
0.49999999999996125, -1.428667686313832 
0.5099999999999602, -1.4281706173761466 
0.519999999999959, -1.4259743902502968 
0.529999999999958, -1.4250316488520263 
0.5399999999999568, -1.4267599782217024 
0.5499999999999557, -1.4269832006221634 
0.5599999999999546, -1.426568636280263 
0.5699999999999535, -1.4257712925501214 
0.5799999999999524, -1.4250216900183634 
0.5899999999999513, -1.4263006740137367 
0.5999999999999502, -1.4296202879142341 
0.6099999999999491, -1.4293363402540717 
0.619999999999948, -1.4288592253187062 
0.6299999999999469, -1.4282685788316776 
0.6399999999999458, -1.422711992420319 
0.6499999999999447, -1.4210356176436332 
0.6599999999999436, -1.421097557453265 
0.6699999999999425, -1.4209742096714892 
0.6799999999999414, -1.4204816373623974 
0.6899999999999403, -1.4193193567622628 
0.6999999999999392, -1.4177822770260196 
0.7099999999999381, -1.4186661947780028 
0.719999999999937, -1.4206647528957814 
0.7299999999999359, -1.4202544943172826 
0.7399999999999348, -1.419703034539999 
0.7499999999999337, -1.4189059726165978 
0.7599999999999326, -1.415248930660096 
0.7699999999999315, -1.4188444420925144 
0.7799999999999304, -1.4185507074430828 
0.7899999999999293, -1.4183032960694073 
0.7999999999999282, -1.4177332408439918 
0.8099999999999271, -1.4165146412866894 
0.819999999999926, -1.4126192593236566 
0.8299999999999249, -1.4124008967499606 
0.8399999999999238, -1.4133934462812423 
0.8499999999999227, -1.4129401355190352 
0.8599999999999216, -1.4123849248037088 
0.8699999999999205, -1.411151843773134 
0.8799999999999194, -1.4100236295239341 
0.8899999999999183, -1.4166934130289428 
0.8999999999999172, -1.416338273745187 
0.9099999999999161, -1.4160388263539538 
0.919999999999915, -1.4153762453495617 
0.9299999999999139, -1.4145827180946886 
0.9399999999999128, -1.4078146824206692 
0.9499999999999117, -1.4075085212454432 
0.9599999999999106, -1.407973387423439 
0.9699999999999095, -1.407525252023122 
0.9799999999999084, -1.4070190981152162 
0.9899999999999073, -1.4051487364050932 
0.9999999999999062, -1.4045946758816341 
1.0099999999999052, -1.4091317721479064 
1.019999999999904, -1.4089693792382012 
1.029999999999903, -1.408645892770406 
1.039999999999902, -1.4079537876373394 
1.0499999999999008, -1.4073723783621652 
1.0599999999998997, -1.400020063606602 
1.0699999999998986, -1.4005468592623465 
1.0799999999998975, -1.400722287360596 
1.0899999999998964, -1.4003591702863527 
1.0999999999998953, -1.3998854005935624 
1.1099999999998942, -1.398088250702368 
1.119999999999893, -1.3972203284875226 
1.129999999999892, -1.400127818097573 
1.1399999999998909, -1.4009273558084763 
1.1499999999998898, -1.4005804429749122 
1.1599999999998887, -1.40001017631347 
1.1699999999998876, -1.3993788027721124 
1.1799999999998865, -1.392371472115277 
1.1899999999998854, -1.392349304960987 
1.1999999999998843, -1.3923384539764703 
1.2099999999998832, -1.3922346814541302 
1.219999999999882, -1.391757177012771 
1.229999999999881, -1.390848216644487 
1.2399999999998799, -1.389378082875857 
1.2499999999998788, -1.3891835077468897 
1.2599999999998777, -1.394133493353139 
1.2699999999998766, -1.393767663884758 
1.2799999999998755, -1.3933856977575003 
1.2899999999998744, -1.3927247136667162 
1.2999999999998733, -1.3914047772872693 
1.3099999999998722, -1.3852020627288242 
1.319999999999871, -1.3848883790403133 
1.32999999999987, -1.3855341429994212 
1.3399999999998689, -1.3850951208895645 
1.3499999999998678, -1.3846015298753083 
1.3599999999998666, -1.383285687382449 
1.3699999999998655, -1.3825848965910812 
1.3799999999998644, -1.3886764426286557 
1.3899999999998633, -1.3884935340254625 
1.3999999999998622, -1.3883377198149294 
1.4099999999998611, -1.3878024818885013 
1.41999999999986, -1.3872724758209332 
1.429999999999859, -1.3827056812644367 
1.4399999999998578, -1.3824080453621768 
1.4499999999998567, -1.3840038393566092 
1.4599999999998556, -1.3838968922117636 
1.4699999999998545, -1.3835193762085578 
1.4799999999998534, -1.3827701727196415 
1.4899999999998523, -1.382133840986634 
1.4999999999998512, -1.3762394937934723 
1.5099999999998501, -1.3789482630502727 
1.519999999999849, -1.3789263225324493 
1.529999999999848, -1.3786845180562672 
1.5399999999998468, -1.3782111626840385 
1.5499999999998457, -1.3771063486662298 
1.5599999999998446, -1.375692621689583 
1.5699999999998435, -1.376218225773195 
1.5799999999998424, -1.380612398787407 
1.5899999999998413, -1.3802689127446404 
1.5999999999998402, -1.3798980066528557 
1.6099999999998391, -1.3792798593011373 
1.619999999999838, -1.377963681685987 
1.629999999999837, -1.372690203763095 
1.6399999999998358, -1.3723794740016855 
1.6499999999998347, -1.3735613036677727 
1.6599999999998336, -1.3731528420233698 
1.6699999999998325, -1.3727123259133729 
1.6799999999998314, -1.3717358307869434 
1.6899999999998303, -1.3710243419568577 
1.6999999999998292, -1.3697495797923802 
1.709999999999828, -1.3696325014035695 
1.719999999999827, -1.3697783827632422 
1.729999999999826, -1.3693579712688715 
1.7399999999998248, -1.368896929305345 
1.7499999999998237, -1.3671285612795596 
1.7599999999998226, -1.3665032065503568 
1.7699999999998215, -1.3713016491180932 
1.7799999999998204, -1.3721533502190024 
1.7899999999998193, -1.371915637355164 
1.7999999999998182, -1.3714580148251567 
1.809999999999817, -1.370930569910857 
1.819999999999816, -1.3678349112129295 
1.8299999999998149, -1.36576275181422 
1.8399999999998138, -1.3665448492168748 
1.8499999999998127, -1.367448122684229 
1.8599999999998116, -1.3670635640615805 
1.8699999999998105, -1.3665665901028212 
1.8799999999998094, -1.3658358818906906 
1.8899999999998083, -1.363520290250987 
1.8999999999998072, -1.3582610009804343 
1.909999999999806, -1.3580139951671408 
1.919999999999805, -1.358498928735441 
1.9299999999998039, -1.3580700370533367 
1.9399999999998028, -1.3575966530862578 
1.9499999999998017, -1.3564500930793042 
1.9599999999998006, -1.3557504913405813 
1.9699999999997995, -1.3577585586496397 
1.9799999999997984, -1.3576600918756034 
1.9899999999997973, -1.357763002343828 
1.9999999999997962, -1.357349667467999 
2.0099999999998173, -1.3568985390292345 
2.0199999999998384, -1.3552540507091055 
2.0299999999998595, -1.3545851313194945 
2.0399999999998806, -1.3592615231926684 
2.0499999999999017, -1.3607377902810227 
2.059999999999923, -1.360535077515976 
2.069999999999944, -1.3601441265936054 
2.079999999999965, -1.3596380398238592 
2.089999999999986, -1.3578430916604194 
2.100000000000007, -1.3557957555784192 
2.1100000000000283, -1.3564943546363994 
2.1200000000000494, -1.35901965658021 
2.1300000000000705, -1.3586654966264842 
2.1400000000000916, -1.3582827182880186 
2.1500000000001127, -1.3576474286636062 
2.160000000000134, -1.3565362110358476 
2.170000000000155, -1.350960468757529 
2.180000000000176, -1.3505756107776696 
2.190000000000197, -1.3522343979843696 
2.2000000000002182, -1.3518735021010104 
2.2100000000002393, -1.3515059405676528 
2.2200000000002604, -1.3507310638034926 
2.2300000000002815, -1.3501665969792094 
2.2400000000003026, -1.3420240313034932 
2.2500000000003237, -1.3422318768076698 
2.260000000000345, -1.3429733398304162 
2.270000000000366, -1.342789046836257 
2.280000000000387, -1.342414615935157 
2.290000000000408, -1.3417023189090977 
2.3000000000004293, -1.3410471519391358 
2.3100000000004504, -1.3336943775467958 
2.3200000000004715, -1.334162023540878 
2.3300000000004926, -1.3342714808917078 
2.3400000000005137, -1.3344949974849558 
2.3500000000005348, -1.334087465406862 
2.360000000000556, -1.3335758623995306 
2.370000000000577, -1.332700769422611 
2.380000000000598, -1.3313343317324222 
2.390000000000619, -1.325681607109598 
2.4000000000006403, -1.3253756755029995 
2.4100000000006614, -1.3261479272478947 
2.4200000000006825, -1.3257899129508506 
2.4300000000007036, -1.3254178424094634 
2.4400000000007247, -1.3246021385193274 
2.450000000000746, -1.3240705907473953 
2.460000000000767, -1.3152780436301104 
2.470000000000788, -1.3158535499625883 
2.480000000000809, -1.3166625155922806 
2.49000000000083, -1.3167726411741192 
2.5000000000008513, -1.3164287247861528 
2.5100000000008724, -1.3159284599836618 
2.5200000000008935, -1.31530616187268 
2.5300000000009146, -1.31316635211131 
2.5400000000009357, -1.3083672741903363 
2.550000000000957, -1.3081372105923013 
2.560000000000978, -1.310644302376966 
2.570000000000999, -1.3103104251159636 
2.58000000000102, -1.310043846822231 
2.5900000000010412, -1.3094821685326272 
2.6000000000010624, -1.3089801337771207 
2.6100000000010835, -1.3054880238435247 
2.6200000000011046, -1.305092117955126 
2.6300000000011257, -1.309917516169866 
2.6400000000011468, -1.3105810175555492 
2.650000000001168, -1.3104341118390876 
2.660000000001189, -1.3100959450552871 
2.67000000000121, -1.3096451197159418 
2.680000000001231, -1.3086490724831739 
2.6900000000012523, -1.3073348485075071 
2.7000000000012734, -1.3052555897498581 
2.7100000000012945, -1.3129628493236118 
2.7200000000013156, -1.3127066862820687 
2.7300000000013367, -1.3128144962205874 
2.740000000001358, -1.3123891789520548 
2.750000000001379, -1.3119468973225683 
2.7600000000014, -1.3108033845816536 
2.770000000001421, -1.310255761334856 
2.780000000001442, -1.3053686826078417 
2.7900000000014633, -1.305787094371851 
2.8000000000014844, -1.3063717501042778 
2.8100000000015055, -1.3062329668720605 
2.8200000000015266, -1.305884932655981 
2.8300000000015477, -1.3053084550251581 
2.840000000001569, -1.3046886473777055 
2.85000000000159, -1.3013833542615119 
2.860000000001611, -1.2970880033484922 
2.870000000001632, -1.2971080704732556 
2.8800000000016532, -1.2993108058868927 
2.8900000000016743, -1.2989797537761698 
2.9000000000016954, -1.2987183592243725 
2.9100000000017165, -1.298175599076799 
2.9200000000017377, -1.2976714987177587 
2.9300000000017588, -1.294797182318397 
2.94000000000178, -1.29437531825212 
2.950000000001801, -1.3004419553863176 
2.960000000001822, -1.3011944604025676 
2.970000000001843, -1.3011576012381214 
2.9800000000018643, -1.3008797126127911 
2.9900000000018854, -1.3004638446057977 
3.0000000000019065, -1.2996938337081045 
3.0100000000019276, -1.2987273745277144 
3.0200000000019487, -1.2954643741328358 
3.03000000000197, -1.2950661531574221 
3.040000000001991, -1.2948401689914373 
3.050000000002012, -1.2955574720853786 
3.060000000002033, -1.2951957414839348 
3.070000000002054, -1.2948519564442968 
3.0800000000020753, -1.294158898615602 
3.0900000000020964, -1.2936604909306038 
3.1000000000021175, -1.2876155561937523 
3.1100000000021386, -1.287372367756056 
3.1200000000021597, -1.2901693888048662 
3.130000000002181, -1.2909737669025614 
3.140000000002202, -1.2907592399509495 
3.150000000002223, -1.29044491756292 
3.160000000002244, -1.289979549864099 
3.1700000000022652, -1.2891941494010846 
3.1800000000022863, -1.2876698862287903 
3.1900000000023074, -1.2862782633152126 
3.2000000000023285, -1.2913159589611218 
3.2100000000023496, -1.2910481788800847 
3.2200000000023707, -1.2914899485382028 
3.230000000002392, -1.2911474598390718 
3.240000000002413, -1.2907966171460894 
3.250000000002434, -1.2900621373541394 
3.260000000002455, -1.2895404800744137 
3.2700000000024763, -1.2827388597720955 
3.2800000000024974, -1.2818189569208973 
3.2900000000025185, -1.2831043459320894 
3.3000000000025396, -1.2845246523254128 
3.3100000000025607, -1.2842441128764743 
3.3200000000025818, -1.2839728529456966 
3.330000000002603, -1.2834785925020746 
3.340000000002624, -1.282887709899796 
3.350000000002645, -1.2810165002316964 
3.360000000002666, -1.2803921727373404 
3.3700000000026873, -1.2847895019406839 
3.3800000000027084, -1.2848474012979763 
3.3900000000027295, -1.2852527250203891 
3.4000000000027506, -1.285019649043389 
3.4100000000027717, -1.2846775877251817 
3.420000000002793, -1.2840791929957127 
3.430000000002814, -1.2834858046694568 
3.440000000002835, -1.2803022872469598 
3.450000000002856, -1.2765008165392953 
3.460000000002877, -1.2765166468333022 
3.4700000000028983, -1.2800331307653046 
3.4800000000029194, -1.2797327051906506 
3.4900000000029405, -1.2795861962840978 
3.5000000000029616, -1.2791275924152958 
3.5100000000029827, -1.2786932390243306 
3.520000000003004, -1.277207485555776 
3.530000000003025, -1.2766959968108793 
3.540000000003046, -1.2728237978727297 
3.550000000003067, -1.274613551518399 
3.5600000000030882, -1.2750944704745586 
3.5700000000031094, -1.2752760644008683 
3.5800000000031305, -1.2749472261142571 
3.5900000000031516, -1.2745481906970884 
3.6000000000031727, -1.2739667594385669 
3.6100000000031938, -1.2731283810855967 
3.620000000003215, -1.2698057258562396 
3.630000000003236, -1.2691973543312804 
3.640000000003257, -1.2765123164971912 
3.650000000003278, -1.2764250774757997 
3.6600000000032993, -1.2765478796357708 
3.6700000000033204, -1.2762348719569372 
3.6800000000033415, -1.2758684088560068 
3.6900000000033626, -1.2751473719005058 
3.7000000000033837, -1.2744976741697216 
3.710000000003405, -1.2699626349727662 
3.720000000003426, -1.2659715049646858 
3.730000000003447, -1.2660445676583152 
3.740000000003468, -1.2686366625512797 
3.750000000003489, -1.2683339490130603 
3.7600000000035103, -1.2681675281812481 
3.7700000000035314, -1.2677085521612241 
3.7800000000035525, -1.267284572387858 
3.7900000000035736, -1.2658437221577041 
3.8000000000035947, -1.265319309600928 
3.810000000003616, -1.2589569590439527 
3.820000000003637, -1.2609037906767044 
3.830000000003658, -1.2615008215274666 
3.840000000003679, -1.261975860095741 
3.8500000000037002, -1.2616695804362834 
3.8600000000037213, -1.2613484038142253 
3.8700000000037424, -1.2608256587266835 
3.8800000000037635, -1.2602378402233227 
3.8900000000037847, -1.258079905093787 
3.9000000000038058, -1.2575532911256109 
3.910000000003827, -1.2610440477583509 
3.920000000003848, -1.2613718030571073 
3.930000000003869, -1.261936778849708 
3.94000000000389, -1.2618490194987912 
3.9500000000039113, -1.2615442624462228 
3.9600000000039324, -1.2610975062529695 
3.9700000000039535, -1.2605615172527258 
3.9800000000039746, -1.2594153643932087 
3.9900000000039957, -1.256802453060417 
4.000000000004016, -1.255806493791174 
4.010000000003993, -1.2640311644488247 
4.02000000000397, -1.2638002350108024 
4.030000000003946, -1.2641497592261395 
4.040000000003923, -1.2638417701340567 
4.0500000000039, -1.2635158928828283 
4.0600000000038765, -1.2628964229287178 
4.070000000003853, -1.2623763913636552 
4.08000000000383, -1.2591326921465953 
4.090000000003807, -1.2567829472782346 
4.100000000003783, -1.2571301649868305 
4.11000000000376, -1.2627714633894345 
4.120000000003737, -1.2625208779135642 
4.130000000003713, -1.2625592335053657 
4.14000000000369, -1.2621635815674603 
4.150000000003667, -1.2617841489161694 
4.1600000000036434, -1.2609195221884533 
4.17000000000362, -1.2604358666391857 
4.180000000003597, -1.2529202443375924 
4.1900000000035735, -1.2526495292007382 
4.20000000000355, -1.254984528965768 
4.210000000003527, -1.2566747420842972 
4.220000000003504, -1.2564800074545344 
4.23000000000348, -1.2563188916490613 
4.240000000003457, -1.255899784573931 
4.250000000003434, -1.2554343467014724 
4.26000000000341, -1.2544330859488377 
4.270000000003387, -1.2538444874072956 
4.280000000003364, -1.245311565497246 
4.2900000000033405, -1.2452871181821898 
4.300000000003317, -1.2483156299664473 
4.310000000003294, -1.2487865805470517 
4.320000000003271, -1.2486582859996884 
4.330000000003247, -1.2484140620456583 
4.340000000003224, -1.2480134902214122 
4.350000000003201, -1.2474648720319137 
4.360000000003177, -1.2465698769054474 
4.370000000003154, -1.2455910090637414 
4.380000000003131, -1.2380645868669737 
4.390000000003107, -1.237737650992186 
4.400000000003084, -1.242099532868927 
4.410000000003061, -1.2421794479231638 
4.4200000000030375, -1.242170495288136 
4.430000000003014, -1.2419089640825187 
4.440000000002991, -1.2415468781884933 
4.450000000002968, -1.2409862501895441 
4.460000000002944, -1.2402917990666307 
4.470000000002921, -1.238906081388451 
4.480000000002898, -1.2338770814994304 
4.490000000002874, -1.2332855176167967 
4.500000000002851, -1.2402851723438406 
4.510000000002828, -1.2401717771439484 
4.520000000002804, -1.240390230520118 
4.530000000002781, -1.240135696537813 
4.540000000002758, -1.2398173047132117 
4.5500000000027345, -1.2392939787481934 
4.560000000002711, -1.2387489719417184 
4.570000000002688, -1.237265355263324 
4.580000000002665, -1.2345214881098625 
4.590000000002641, -1.2333998643966173 
4.600000000002618, -1.2418542361116978 
4.610000000002595, -1.2416146478920347 
4.620000000002571, -1.2421964264814604 
4.630000000002548, -1.241933476456881 
4.640000000002525, -1.2416597071671431 
4.6500000000025015, -1.241169654831971 
4.660000000002478, -1.2407087091951021 
4.670000000002455, -1.239257676289614 
4.6800000000024315, -1.2377150704171138 
4.690000000002408, -1.2352328505470827 
4.700000000002385, -1.2405777972400769 
4.710000000002362, -1.2403223298162098 
4.720000000002338, -1.2413670765699256 
4.730000000002315, -1.2410809676510897 
4.740000000002292, -1.2408566605288849 
4.750000000002268, -1.240395734654741 
4.760000000002245, -1.2399830810253967 
4.770000000002222, -1.2386826007718859 
4.7800000000021985, -1.2377671167675013 
4.790000000002175, -1.232432996719694 
4.800000000002152, -1.2322071216958435 
4.810000000002129, -1.2321137253696817 
4.820000000002105, -1.2340027991068232 
4.830000000002082, -1.2337159142624625 
4.840000000002059, -1.233586402589178 
4.850000000002035, -1.2331776652082491 
4.860000000002012, -1.2328052151660875 
4.870000000001989, -1.2318759776835941 
4.880000000001965, -1.2312794913970941 
4.890000000001942, -1.225791557872874 
4.900000000001919, -1.222742283857222 
4.9100000000018955, -1.2229284361386525 
4.920000000001872, -1.2278098030826032 
4.930000000001849, -1.2275554154000228 
4.940000000001826, -1.2276950487121738 
4.950000000001802, -1.2273502883203462 
4.960000000001779, -1.2270374263727017 
4.970000000001756, -1.2264297807837676 
4.980000000001732, -1.2259708605224922 
4.990000000001709, -1.223627752990426 
5.000000000001686, -1.2221387702878588 
5.0100000000016625, -1.2200287248933535 
5.020000000001639, -1.227789519883364 
5.030000000001616, -1.2276025788404135 
5.0400000000015925, -1.2285411411130716 
5.050000000001569, -1.228243336795258 
5.060000000001546, -1.2280335597099812 
5.070000000001523, -1.227585471924251 
5.080000000001499, -1.2271921273844402 
5.090000000001476, -1.226054166308562 
5.100000000001453, -1.2252956121486183 
5.110000000001429, -1.219709286491995 
5.120000000001406, -1.2160690869013673 
5.130000000001383, -1.2159580229153715 
5.1400000000013595, -1.219694218918985 
5.150000000001336, -1.219434423212062 
5.160000000001313, -1.2195024005227948 
5.17000000000129, -1.2191675116138785 
5.180000000001266, -1.2188509971325971 
5.190000000001243, -1.218255766470561 
5.20000000000122, -1.2177609918199865 
5.210000000001196, -1.21585401632574 
5.220000000001173, -1.2138150496216253 
5.23000000000115, -1.2119021401950232 
5.240000000001126, -1.2187756632067586 
5.250000000001103, -1.2185058689029828 
5.26000000000108, -1.2197342212676476 
5.2700000000010565, -1.2195023917443162 
5.280000000001033, -1.219331428660128 
5.29000000000101, -1.218949119695986 
5.300000000000987, -1.2185649094388253 
5.310000000000963, -1.2177892120819158 
5.32000000000094, -1.2169807215829527 
5.330000000000917, -1.2147967497897791 
5.340000000000893, -1.2085660854500564 
5.35000000000087, -1.2080081162917735 
5.360000000000847, -1.214670215938903 
5.3700000000008234, -1.2145416114175926 
5.3800000000008, -1.2148494990988776 
5.390000000000777, -1.2146412645989528 
5.4000000000007535, -1.2143614181804576 
5.41000000000073, -1.2139364480293993 
5.420000000000707, -1.2134571539566466 
5.430000000000684, -1.2126313537768898 
5.44000000000066, -1.211029035985431 
5.450000000000637, -1.2100337868278908 
5.460000000000614, -1.2030830961660723 
5.47000000000059, -1.2029200602602055 
5.480000000000567, -1.206022303684493 
5.490000000000544, -1.2062601870768812 
5.5000000000005205, -1.2062410771820038 
5.510000000000497, -1.2060743015825137 
5.520000000000474, -1.205736073207984 
5.5300000000004506, -1.205334629772305 
5.540000000000427, -1.2047374377153102 
5.550000000000404, -1.2041663290101312 
5.560000000000381, -1.2016692514077216 
5.570000000000357, -1.2012524273891687 
5.580000000000334, -1.1962614963306313 
5.590000000000311, -1.1972725129699648 
5.600000000000287, -1.198846114424238 
5.610000000000264, -1.1999541025083356 
5.620000000000241, -1.1997821862105962 
5.6300000000002175, -1.1997273986289811 
5.640000000000194, -1.1993665198723993 
5.650000000000171, -1.1990386117104757 
5.660000000000148, -1.1984212375772532 
5.670000000000124, -1.1980082131671996 
5.680000000000101, -1.195823876071122 
5.690000000000078, -1.195120702854474 
5.700000000000054, -1.1880224757003532 
5.710000000000031, -1.1889308814053958 
5.720000000000008, -1.1890756730326122 
5.729999999999984, -1.1923217508438615 
5.739999999999961, -1.1920718313664622 
5.749999999999938, -1.1922270735236202 
5.7599999999999145, -1.1919265580398992 
5.769999999999891, -1.1916573322662594 
5.779999999999868, -1.1911882645864593 
5.789999999999845, -1.190756845857793 
5.799999999999821, -1.1898041333735503 
5.809999999999798, -1.1886109153509747 
5.819999999999775, -1.1870343491105928 
5.829999999999751, -1.1788428580039965 
5.839999999999728, -1.178465715989261 
5.849999999999705, -1.18506874182314 
5.8599999999996815, -1.1853233698452321 
5.869999999999658, -1.1857185595288422 
5.879999999999635, -1.185742635664031 
5.8899999999996115, -1.1854935470948413 
5.899999999999588, -1.1852255685402027 
5.909999999999565, -1.1848024985169117 
5.919999999999542, -1.184384781947366 
5.929999999999518, -1.1834638644828264 
5.939999999999495, -1.1830283791304343 
5.949999999999472, -1.178427046767499 
5.959999999999448, -1.1778747669719336 
5.969999999999425, -1.1770361588984564 
5.979999999999402, -1.1825811867376779 
5.9899999999993785, -1.182751784321071 
5.999999999999355, -1.1844775988428897 
6.009999999999332, -1.1842184135748197 
6.019999999999309, -1.1842320034400977 
6.029999999999285, -1.1839051888785277 
6.039999999999262, -1.1836159481158706 
6.049999999999239, -1.183102261961829 
6.059999999999215, -1.1826532601103532 
6.069999999999192, -1.1815863872972383 
6.079999999999169, -1.1802264093737191 
6.089999999999145, -1.1786878477674017 
6.099999999999122, -1.1702735633589787 
6.109999999999099, -1.169935863177016 
6.1199999999990755, -1.1764097274044165 
6.129999999999052, -1.1767674408678286 
6.139999999999029, -1.1771784638017242 
6.149999999999006, -1.1772724207849565 
6.159999999998982, -1.1770314429094442 
6.169999999998959, -1.1768020785431075 
6.179999999998936, -1.1763981182694254 
6.189999999998912, -1.1760241556540256 
6.199999999998889, -1.1752377206202742 
6.209999999998866, -1.174824267410179 
6.2199999999988425, -1.1718226502788323 
6.229999999998819, -1.1710300194890335 
6.239999999998796, -1.1650030260725988 
6.2499999999987725, -1.1664110254203517 
6.259999999998749, -1.1663172922808875 
6.269999999998726, -1.1704737452887508 
6.279999999998703, -1.170247103460366 
6.289999999998679, -1.1706001394177676 
6.299999999998656, -1.1703826529600603 
6.309999999998633, -1.1701690914362755 
6.319999999998609, -1.1698257940952046 
6.329999999998586, -1.1694376331234593 
6.339999999998563, -1.168912409294455 
6.3499999999985395, -1.168102718726464 
6.359999999998516, -1.1674886970126221 
6.369999999998493, -1.1636118511610265 
6.37999999999847, -1.1632791904865198 
6.389999999998446, -1.1589248909902738 
6.399999999998423, -1.1605911054834517 
6.4099999999984, -1.1620924028947328 
6.419999999998376, -1.1646258868767552 
6.429999999998353, -1.1644635275577198 
6.43999999999833, -1.1647871193854524 
6.449999999998306, -1.1644977678444912 
6.459999999998283, -1.1643126741276038 
6.46999999999826, -1.163930079915011 
6.4799999999982365, -1.1635898701882117 
6.489999999998213, -1.1629680274217291 
6.49999999999819, -1.1623600534215914 
6.509999999998167, -1.1613026186160218 
6.519999999998143, -1.1586829322129883 
6.52999999999812, -1.1580080193245343 
6.539999999998097, -1.1501521487472715 
6.549999999998073, -1.1502726177356666 
6.55999999999805, -1.1548311696443836 
6.569999999998027, -1.1565318879216395 
6.5799999999980034, -1.156693248303447 
6.58999999999798, -1.1571608870846495 
6.599999999997957, -1.156897964110153 
6.6099999999979335, -1.1567905497078539 
6.61999999999791, -1.1564369778224621 
6.629999999997887, -1.1561461244038405 
6.639999999997864, -1.1556111403133016 
6.64999999999784, -1.1551854006144442 
6.659999999997817, -1.1542005713222245 
6.669999999997794, -1.1530584384926716 
6.67999999999777, -1.1517816439026323 
6.689999999997747, -1.144700854428959 
6.699999999997724, -1.1443339472794474 
6.7099999999977005, -1.1511832166397282 
6.719999999997677, -1.1520697054441522 
6.729999999997654, -1.153441622478537 
6.7399999999976306, -1.1544725395334325 
6.749999999997607, -1.1543386540921219 
6.759999999997584, -1.1544505452241058 
6.769999999997561, -1.154144900926498 
6.779999999997537, -1.1539313823600938 
6.789999999997514, -1.1535191375859102 
6.799999999997491, -1.1531830204206603 
6.809999999997467, -1.1524999215290648 
6.819999999997444, -1.1519253803186433 
6.829999999997421, -1.1507055361238294 
6.8399999999973975, -1.1483410129911622 
6.849999999997374, -1.1475080142087961 
6.859999999997351, -1.138443580478805 
6.869999999997328, -1.1384129315660272 
6.879999999997304, -1.144514601809011 
6.889999999997281, -1.1463480254217964 
6.899999999997258, -1.146733929070335 
6.909999999997234, -1.1475204240575625 
6.919999999997211, -1.147288456787829 
6.929999999997188, -1.1472990395407383 
6.939999999997164, -1.1469854831215909 
6.949999999997141, -1.1467425126439765 
6.959999999997118, -1.1463155268062182 
6.9699999999970945, -1.1459420910269678 
6.979999999997071, -1.1452795451154687 
6.989999999997048, -1.144511934143433 
6.999999999997025, -1.1436671822988536 
7.009999999997001, -1.140249352526343 
7.019999999996978, -1.1398383239615297 
7.029999999996955, -1.1307755308498821 
7.039999999996931, -1.1313508950847861 
7.049999999996908, -1.134635230599439 
7.059999999996885, -1.1391134715893187 
7.0699999999968615, -1.1391041582707964 
7.079999999996838, -1.1403331610353813 
7.089999999996815, -1.1400939944017714 
7.0999999999967915, -1.14016344809715 
7.109999999996768, -1.1399120802409208 
7.119999999996745, -1.139674621964244 
7.129999999996722, -1.1393284885500865 
7.139999999996698, -1.138933960283392 
7.149999999996675, -1.1384750427724548 
7.159999999996652, -1.1376967945755707 
7.169999999996628, -1.1372508856909516 
7.179999999996605, -1.1347035429632413 
7.189999999996582, -1.134264847940106 
7.1999999999965585, -1.1260033935366096 
7.209999999996535, -1.1241692472961817 
7.219999999996512, -1.1232081771156561 
7.229999999996489, -1.1328501612581732 
7.239999999996465, -1.1325735607884602 
7.249999999996442, -1.135336098804866 
7.259999999996419, -1.1353425909221477 
7.269999999996395, -1.1355641163379047 
7.279999999996372, -1.13554754729445 
7.289999999996349, -1.1353210840844123 
7.299999999996325, -1.1351260710435038 
7.309999999996302, -1.134760842133128 
7.319999999996279, -1.1344574117292188 
7.3299999999962555, -1.1338936356504943 
7.339999999996232, -1.1335287069628295 
7.349999999996209, -1.1324540118270718 
7.359999999996186, -1.1317298438042256 
7.369999999996162, -1.1298908069153943 
7.379999999996139, -1.1260680295226237 
7.389999999996116, -1.1253005023341789 
7.399999999996092, -1.1196500560430922 
7.409999999996069, -1.1197490189235815 
7.419999999996046, -1.1251322544451725 
7.4299999999960225, -1.1273695231704628 
7.439999999995999, -1.1276862992456087 
7.449999999995976, -1.1287868276137891 
7.4599999999959525, -1.1285585368058708 
7.469999999995929, -1.1287036039352434 
7.479999999995906, -1.1284418333465942 
7.489999999995883, -1.1282529682151827 
7.499999999995859, -1.127928334603155 
7.509999999995836, -1.1275890257578847 
7.519999999995813, -1.127160625144942 
7.529999999995789, -1.1265730288846802 
7.539999999995766, -1.126118894230638 
7.549999999995743, -1.1246074948543372 
7.5599999999957195, -1.1242141675469075 
7.569999999995696, -1.1193929039291193 
7.579999999995673, -1.1181117116159156 
7.58999999999565, -1.1140047745546018 
7.599999999995626, -1.1122131530382955 
7.609999999995603, -1.1117309473122012 
7.61999999999558, -1.1199344920092118 
7.629999999995556, -1.1200215032431284 
7.639999999995533, -1.1213614786156672 
7.64999999999551, -1.121828062385907 
7.659999999995486, -1.121778060742426 
7.669999999995463, -1.1219007594343913 
7.67999999999544, -1.1216252189838947 
7.6899999999954165, -1.1214802997812665 
7.699999999995393, -1.1211357329667708 
7.70999999999537, -1.1208594650391677 
7.719999999995347, -1.1203980830221458 
7.729999999995323, -1.1199759627916215 
7.7399999999953, -1.1193712772844768 
7.749999999995277, -1.1184303409112066 
7.759999999995253, -1.1179029520219825 
7.76999999999523, -1.114599608357243 
7.779999999995207, -1.1142433932172242 
7.789999999995183, -1.1050273038554075 
7.79999999999516, -1.1038208750331577 
7.809999999995137, -1.1024299489404474 
7.8199999999951135, -1.111156064521113 
7.82999999999509, -1.1108394696186101 
7.839999999995067, -1.1153362515143022 
7.849999999995044, -1.1154646627786082 
7.85999999999502, -1.1160490090155257 
7.869999999994997, -1.116308922355543 
7.879999999994974, -1.1161560192547324 
7.88999999999495, -1.1161518988840076 
7.899999999994927, -1.1158542127717626 
7.909999999994904, -1.115660291347902 
7.9199999999948805, -1.1152885334492983 
7.929999999994857, -1.1149869128198884 
7.939999999994834, -1.1144882793976902 
7.9499999999948106, -1.1140022410842279 
7.959999999994787, -1.1134006488109178 
7.969999999994764, -1.1122095611055893 
7.979999999994741, -1.1117621840568273 
7.989999999994717, -1.1077425458180024 
7.999999999994694, -1.1073002043386884 
8.00999999999467, -1.0991525355965437 
8.019999999994647, -1.096664176305222 
8.029999999994624, -1.0955230022556899 
8.0399999999946, -1.1045899334703244 
8.049999999994577, -1.10436603176125 
8.059999999994554, -1.1086442671986163 
8.06999999999453, -1.1091511004438732 
8.079999999994508, -1.1096145276562528 
8.089999999994484, -1.1101234633850583 
8.099999999994461, -1.1099367591865754 
8.109999999994438, -1.1100265424222662 
8.119999999994414, -1.109748648300733 
8.129999999994391, -1.1095866272315464 
8.139999999994368, -1.1092663538258016 
8.149999999994344, -1.1089679002313817 
8.159999999994321, -1.10856841102325 
8.169999999994298, -1.1080887974442715 
8.179999999994275, -1.1076590520861291 
8.189999999994251, -1.1066789533485961 
8.199999999994228, -1.1063064563333787 
8.209999999994205, -1.1039908365160773 
8.219999999994181, -1.1031916022044492 
8.229999999994158, -1.0996683948776032 
8.239999999994135, -1.0944602457148993 
8.249999999994111, -1.093596666839802 
8.259999999994088, -1.0912908601102713 
8.269999999994065, -1.091363878208668 
8.279999999994041, -1.0974483740902685 
8.289999999994018, -1.1002084183355096 
8.299999999993995, -1.1006695189470126 
8.309999999993972, -1.1028555243653182 
8.319999999993948, -1.1026435059297306 
8.329999999993925, -1.103245013359764 
8.339999999993902, -1.1030925495690431 
8.349999999993878, -1.1030503162564111 
8.359999999993855, -1.1028974568253926 
8.369999999993832, -1.1026350984194182 
8.379999999993808, -1.1024034833210619 
8.389999999993785, -1.1020231010615245 
8.399999999993762, -1.1017356546347066 
8.409999999993738, -1.1011962214456528 
8.419999999993715, -1.1008342770237145 
8.429999999993692, -1.1000693409016309 
8.439999999993669, -1.0993395316116323 
8.449999999993645, -1.0985548322461312 
8.459999999993622, -1.096150032302796 
8.469999999993599, -1.0957588161252396 
8.479999999993575, -1.0881610836343056 
8.489999999993552, -1.08768773656175 
8.499999999993529, -1.0818595928672095 
8.509999999993505, -1.0812139669244947 
8.519999999993482, -1.0805467734477834 
8.529999999993459, -1.0906145454027392 
8.539999999993436, -1.0906020342137983 
8.549999999993412, -1.0938555373990169 
8.559999999993389, -1.094899164786616 
8.569999999993366, -1.0951442270849099 
8.579999999993342, -1.0959537549469902 
8.589999999993319, -1.0957366112359515 
8.599999999993296, -1.0959448866962676 
8.609999999993272, -1.09572487335416 
8.619999999993249, -1.095598477867644 
8.629999999993226, -1.0953681151029107 
8.639999999993202, -1.0950799748301847 
8.64999999999318, -1.0947971688674045 
8.659999999993156, -1.094375049142473 
8.669999999993133, -1.0940665410463164 
8.67999999999311, -1.0934355281446353 
8.689999999993086, -1.0930588833634076 
8.699999999993063, -1.0921605841450546 
8.70999999999304, -1.0913302671080136 
8.719999999993016, -1.0904853267758303 
8.729999999992993, -1.0876306090993322 
8.73999999999297, -1.0872590105493791 
8.749999999992946, -1.0790884254848034 
8.759999999992923, -1.0785791675665786 
8.7699999999929, -1.0731272329774708 
8.779999999992876, -1.0716406926359707 
8.789999999992853, -1.0709725150913116 
8.79999999999283, -1.0807190879330255 
8.809999999992806, -1.080815405428015 
8.819999999992783, -1.0847156921632541 
8.82999999999276, -1.086442497670453 
8.839999999992736, -1.0867076141787222 
8.849999999992713, -1.0881063163885258 
8.85999999999269, -1.0878932493456888 
8.869999999992666, -1.0883334356627121 
8.879999999992643, -1.0881876725252029 
8.88999999999262, -1.0881262057182814 
8.899999999992596, -1.0879936404400024 
8.909999999992573, -1.087733533737382 
8.91999999999255, -1.0875350523029292 
8.929999999992527, -1.0871785138186747 
8.939999999992503, -1.0869208241977453 
8.94999999999248, -1.086468503975644 
8.959999999992457, -1.086119873427772 
8.969999999992433, -1.085577610428823 
8.97999999999241, -1.0849497177995515 
8.989999999992387, -1.084462517619624 
8.999999999992363, -1.083028614037904 
9.00999999999234, -1.0826671927934206 
9.019999999992317, -1.0797328132963553 
9.029999999992294, -1.0786794527207046 
9.03999999999227, -1.0758915498654087 
9.049999999992247, -1.0696881574516366 
9.059999999992224, -1.0691111074604307 
9.0699999999922, -1.0605642269892086 
9.079999999992177, -1.060854780317345 
9.089999999992154, -1.0622484136089863 
9.09999999999213, -1.0682698807173914 
9.109999999992107, -1.068017034637453 
9.119999999992084, -1.0760739769556957 
9.12999999999206, -1.0759330839053043 
9.139999999992037, -1.078507186242738 
9.149999999992014, -1.0790713942163317 
9.15999999999199, -1.079354590606182 
9.169999999991967, -1.080005284739169 
9.179999999991944, -1.079803691004328 
9.18999999999192, -1.080048532917397 
9.199999999991897, -1.0798369563406853 
9.209999999991874, -1.079756398815578 
9.21999999999185, -1.0795662604468008 
9.229999999991827, -1.0793110877253556 
9.239999999991804, -1.0790853147261892 
9.24999999999178, -1.0787232022150488 
9.259999999991757, -1.0784613311008757 
9.269999999991734, -1.077996293592707 
9.27999999999171, -1.077664530833961 
9.289999999991688, -1.0771092376722353 
9.299999999991664, -1.076532004517569 
9.309999999991641, -1.0760283278623228 
9.319999999991618, -1.074777525520683 
9.329999999991594, -1.0744228510716196 
9.339999999991571, -1.0720186807486451 
9.349999999991548, -1.0711966345528403 
9.359999999991524, -1.0687414691056645 
9.369999999991501, -1.0643458446397616 
9.379999999991478, -1.0636950706708406 
9.389999999991455, -1.0529437150091394 
9.399999999991431, -1.0529652361791286 
9.409999999991408, -1.0472203662866628 
9.419999999991385, -1.0489591306313208 
9.429999999991361, -1.0480263747929235 
9.439999999991338, -1.0574666227851217 
9.449999999991315, -1.0573302492972247 
9.459999999991291, -1.0640605643134944 
9.469999999991268, -1.0657235560983627 
9.479999999991245, -1.0666055665556713 
9.489999999991221, -1.069440699755622 
9.499999999991198, -1.0692452687129919 
9.509999999991175, -1.0706280489427948 
9.519999999991152, -1.0705745701682363 
9.529999999991128, -1.07083715404476 
9.539999999991105, -1.070954939221826 
9.549999999991082, -1.0707936814803534 
9.559999999991058, -1.0708341206637018 
9.569999999991035, -1.0705700709300683 
9.579999999991012, -1.0704598506200707 
9.589999999990988, -1.0701941780754909 
9.599999999990965, -1.0699540340441718 
9.609999999990942, -1.0696741568374104 
9.619999999990918, -1.069313363715964 
9.629999999990895, -1.0690262803476225 
9.639999999990872, -1.0685326539482072 
9.649999999990849, -1.0682256768382703 
9.659999999990825, -1.0676057355425346 
9.669999999990802, -1.0671136607257088 
9.679999999990779, -1.0665102706406793 
9.689999999990755, -1.0654481521184125 
9.699999999990732, -1.0650609835510716 
9.709999999990709, -1.0629118635549546 
9.719999999990685, -1.0624007129883275 
9.729999999990662, -1.0597760444833753 
9.739999999990639, -1.0572501391677083 
9.749999999990616, -1.0562440333184724 
9.759999999990592, -1.0478961214079567 
9.769999999990569, -1.0477108637514947 
9.779999999990546, -1.0373194100945655 
9.789999999990522, -1.0366811298997427 
9.799999999990499, -1.034222563296296 
9.809999999990476, -1.0317636647351516 
9.819999999990452, -1.0314480588475547 
9.829999999990429, -1.0351931950875677 
9.839999999990406, -1.0365192539829124 
9.849999999990382, -1.0377069385444948 
9.85999999999036, -1.0466860089647454 
9.869999999990336, -1.0463161043625209 
9.879999999990313, -1.0541535533158604 
9.88999999999029, -1.0543690017670195 
9.899999999990266, -1.0567355046426508 
9.909999999990243, -1.0584485023180072 
9.91999999999022, -1.0585167293788713 
9.929999999990196, -1.0601426562498155 
9.939999999990173, -1.0599557904304793 
9.94999999999015, -1.0605897485070648 
9.959999999990126, -1.0606251518984702 
9.969999999990103, -1.06062433299274 
9.97999999999008, -1.0607333467730677 
9.989999999990056, -1.0605043354865593 
9.999999999990033, -1.0605022232697863 
10.00999999999001, -1.0602536419111912 
10.019999999989986, -1.0601025600112899 
10.029999999989963, -1.059870332534103 
10.03999999998994, -1.0595927848282314 
10.049999999989916, -1.059353466662903 
10.059999999989893, -1.0589799116292633 
10.06999999998987, -1.0587253625984059 
10.079999999989846, -1.0582804250463524 
10.089999999989823, -1.057945556245255 
10.0999999999898, -1.0574819734964123 
10.109999999989776, -1.0569296730349773 
10.119999999989753, -1.0565518853629203 
10.12999999998973, -1.0556335253738185 
10.139999999989707, -1.0552805848525406 
10.149999999989683, -1.0541090748040183 
10.15999999998966, -1.0532961422478606 
10.169999999989637, -1.0524198783814283 
10.179999999989613, -1.0501078570735807 
10.18999999998959, -1.0497484340629364 
10.199999999989567, -1.0453222413652468 
10.209999999989543, -1.0445876345280958 
10.21999999998952, -1.0411321637655901 
10.229999999989497, -1.0361058989116114 
10.239999999989474, -1.0354314535464324 
10.24999999998945, -1.0247553713965314 
10.259999999989427, -1.0247096419347907 
10.269999999989404, -1.0162735123246065 
10.27999999998938, -1.0135172478460952 
10.289999999989357, -1.0122615680748583 
10.299999999989334, -1.0034377062708666 
10.30999999998931, -1.0033870785407406 
10.319999999989287, -0.9942507399951716 
10.329999999989264, -0.99402177808946 
10.33999999998924, -0.9920857231750352 
10.349999999989217, -0.9832522445045538 
10.359999999989194, -0.98308306416383 
10.36999999998917, -0.9721042978287961 
10.379999999989147, -0.9711826825515514 
10.389999999989124, -0.9689445256181394 
10.3999999999891, -0.9603030847992929 
10.409999999989077, -0.9600645024166473 
10.419999999989054, -0.9541425079808513 
10.42999999998903, -0.9528856252719428 
10.439999999989007, -0.9516574815575226 
10.449999999988984, -0.9486049371226997 
10.45999999998896, -0.9483334369825388 
10.469999999988937, -0.946607394882715 
10.479999999988914, -0.9458902731121905 
10.48999999998889, -0.9453232218222647 
10.499999999988868, -0.9443328471617474 
10.509999999988844, -0.9440677571569828 
10.519999999988821, -0.9434311104815475 
10.529999999988798, -0.9430185246393329 
10.539999999988774, -0.9427023905360068 
10.549999999988751, -0.942251673197855 
10.559999999988728, -0.9420358261326143 
10.569999999988704, -0.9417147126577265 
10.579999999988681, -0.9414471958587283 
10.589999999988658, -0.9412737797023907 
10.599999999988635, -0.9410002316023687 
10.609999999988611, -0.9408882147004066 
10.619999999988588, -0.9407379769301093 
10.629999999988565, -0.9405693201316307 
10.639999999988541, -0.9406186610405165 
10.649999999988518, -0.9404360555382032 
10.659999999988495, -0.9405865420248779 
10.669999999988471, -0.9407160337263681 
10.679999999988448, -0.9406446263484292 
10.689999999988425, -0.9414632510582874 
10.699999999988401, -0.9413890283952675 
10.709999999988378, -0.9424560651357053 
10.719999999988355, -0.9435821311387537 
10.729999999988332, -0.9435218361884464 
10.739999999988308, -0.9480384505758117 
10.749999999988285, -0.9481720391891324 
10.759999999988262, -0.9523520489412908 
10.769999999988238, -0.9573327610770139 
10.779999999988215, -0.9568518920755558 
10.789999999988192, -0.9679238310577819 
10.799999999988168, -0.9681605549131083 
10.809999999988145, -0.9688821394644012 
10.819999999988122, -0.9735829743091493 
10.829999999988098, -0.9725661582993302 
10.839999999988075, -0.9692499575413517 
10.849999999988052, -0.9693162929155129 
10.859999999988029, -0.9601026754064059 
10.869999999988005, -0.9579905571939253 
10.879999999987982, -0.9567921655043099 
10.889999999987959, -0.9470342120159755 
10.899999999987935, -0.9468832019295975 
10.909999999987912, -0.9427713282695187 
10.919999999987889, -0.9406531186792944 
10.929999999987865, -0.9399998600196366 
10.939999999987842, -0.9375071132222671 
10.949999999987819, -0.9371994484454077 
10.959999999987796, -0.9361783195211917 
10.969999999987772, -0.9354114584581704 
10.979999999987749, -0.9350682956155295 
10.989999999987726, -0.9343606794833926 
10.999999999987702, -0.934083034024573 
11.009999999987679, -0.9336841059862585 
11.019999999987656, -0.9333100007236278 
11.029999999987632, -0.9331021721117713 
11.039999999987609, -0.9327773681710841 
11.049999999987586, -0.9325915706691207 
11.059999999987562, -0.9324123287360563 
11.06999999998754, -0.9321807032619072 
11.079999999987516, -0.9321461776387933 
11.089999999987493, -0.9319776029419536 
11.09999999998747, -0.9319600617781962 
11.109999999987446, -0.9320879491601443 
11.119999999987423, -0.9319202234812475 
11.1299999999874, -0.9325061645918837 
11.139999999987376, -0.9325851309532819 
11.149999999987353, -0.9330293752735879 
11.15999999998733, -0.9345352239670007 
11.169999999987306, -0.9343436367004461 
11.179999999987283, -0.9384479597794441 
11.18999999998726, -0.9393931156991162 
11.199999999987236, -0.9404843288418414 
11.209999999987213, -0.9495281984709446 
11.21999999998719, -0.9492552877412194 
11.229999999987166, -0.9564911079855637 
11.239999999987143, -0.9582285791973298 
11.24999999998712, -0.9554501855555836 
11.259999999987096, -0.9532278214473785 
11.269999999987073, -0.9529113021233119 
11.27999999998705, -0.9412970118079936 
11.289999999987026, -0.9408192604626354 
11.299999999987003, -0.9384559034288055 
11.30999999998698, -0.9331254145907989 
11.319999999986956, -0.9328458033927265 
11.329999999986933, -0.9301449767525596 
11.33999999998691, -0.9293805945856389 
11.349999999986887, -0.928701788919815 
11.359999999986863, -0.9275768877031718 
11.36999999998684, -0.9273192949946876 
11.379999999986817, -0.9266763472990717 
11.389999999986793, -0.9262801146348285 
11.39999999998677, -0.9259871261390608 
11.409999999986747, -0.9255825243740502 
11.419999999986723, -0.9253896655235899 
11.4299999999867, -0.9251258274037389 
11.439999999986677, -0.9248961450922615 
11.449999999986654, -0.9247946502075289 
11.45999999998663, -0.9245717014683302 
11.469999999986607, -0.9245559159327167 
11.479999999986584, -0.924541555688963 
11.48999999998656, -0.9244217526946136 
11.499999999986537, -0.924855406669321 
11.509999999986514, -0.9247719460521381 
11.51999999998649, -0.925428276024481 
11.529999999986467, -0.926362345993262 
11.539999999986444, -0.9262398399670907 
11.54999999998642, -0.9303711221429021 
11.559999999986397, -0.9306910265964737 
11.569999999986374, -0.9338418389363813 
11.57999999998635, -0.9410586327206855 
11.589999999986327, -0.9405685581555316 
11.599999999986304, -0.9467798009383445 
11.60999999998628, -0.9473946554506941 
11.619999999986257, -0.9415455640747825 
11.629999999986234, -0.9369559759857601 
11.63999999998621, -0.9364157786665144 
11.649999999986187, -0.9274019455810681 
11.659999999986164, -0.9270124958837164 
11.66999999998614, -0.9250744462021335 
11.679999999986117, -0.9227102455863492 
11.689999999986094, -0.9223903154382608 
11.69999999998607, -0.9209959951942094 
11.709999999986048, -0.9205499127067626 
11.719999999986024, -0.9200611541908581 
11.729999999986001, -0.9194700153620171 
11.739999999985978, -0.9192442446906041 
11.749999999985954, -0.9188477358947735 
11.759999999985931, -0.9185841028262001 
11.769999999985908, -0.9183871591802895 
11.779999999985884, -0.9181144836715176 
11.789999999985861, -0.9180226956822171 
11.799999999985838, -0.9178806237415343 
11.809999999985815, -0.9177572664568798 
11.819999999985791, -0.9179070232190758 
11.829999999985768, -0.9177459769775119 
11.839999999985745, -0.9181773148230743 
11.849999999985721, -0.918556494724396 
11.859999999985698, -0.918566787026891 
11.869999999985675, -0.9210157120766923 
11.879999999985651, -0.9210568134824164 
11.889999999985628, -0.9246930288417998 
11.899999999985605, -0.9290177384399654 
11.909999999985581, -0.9285072542378343 
11.919999999985558, -0.9384327706802619 
11.929999999985535, -0.9387783167285301 
11.939999999985512, -0.9321320499736008 
11.949999999985488, -0.9295988356247877 
11.959999999985465, -0.9288854942272341 
11.969999999985442, -0.9200008328787116 
11.979999999985418, -0.9197228980766627 
11.989999999985395, -0.917735034484828 
11.999999999985372, -0.9158191514067524 
12.009999999985348, -0.915480958736303 
12.019999999985325, -0.9142859690075262 
12.029999999985302, -0.9139059699744947 
12.039999999985278, -0.913459568984977 
12.049999999985255, -0.9129668347372516 
12.059999999985232, -0.912758296997642 
12.069999999985209, -0.9124193892203378 
12.079999999985185, -0.9121962407532931 
12.089999999985162, -0.9120440859010425 
12.099999999985139, -0.9118060626196823 
12.109999999985115, -0.9117886145966911 
12.119999999985092, -0.9117087905780976 
12.129999999985069, -0.9116500592169657 
12.139999999985045, -0.9120493130747621 
12.149999999985022, -0.9119127228240671 
12.159999999984999, -0.912905854411985 
12.169999999984976, -0.913741308191181 
12.179999999984952, -0.9137670334884531 
12.189999999984929, -0.9194898894399314 
12.199999999984906, -0.9196140536336979 
12.209999999984882, -0.924470120619455 
12.219999999984859, -0.9310007505840825 
12.229999999984836, -0.930141223133535 
12.239999999984812, -0.9224392034137909 
12.249999999984789, -0.9225511374844074 
12.259999999984766, -0.9171527179562557 
12.269999999984742, -0.9131451021879987 
12.27999999998472, -0.9126562146822136 
12.289999999984696, -0.9098682950496775 
12.299999999984673, -0.9094566872759579 
12.30999999998465, -0.9087134029014343 
12.319999999984626, -0.9079494636456629 
12.329999999984603, -0.9077024016775289 
12.33999999998458, -0.9072107590699366 
12.349999999984556, -0.9069385137685168 
12.359999999984533, -0.9067056099254609 
12.36999999998451, -0.9064196995763559 
12.379999999984486, -0.9063169205663816 
12.389999999984463, -0.9061542689833569 
12.39999999998444, -0.9060443441044139 
12.409999999984416, -0.9061865595622837 
12.419999999984393, -0.9060236461503125 
12.42999999998437, -0.9065561500205523 
12.439999999984346, -0.9069825457916911 
12.449999999984323, -0.9070429995962406 
12.4599999999843, -0.910412753955689 
12.469999999984276, -0.9104731115182761 
12.479999999984253, -0.9155109905512566 
12.48999999998423, -0.9214590723877373 
12.499999999984206, -0.9207133835562347 
12.509999999984183, -0.9186691766945065 
12.51999999998416, -0.9188841581661404 
12.529999999984136, -0.9128268181991065 
12.539999999984113, -0.9081171503999319 
12.54999999998409, -0.9076364445283324 
12.559999999984067, -0.9045239775561075 
12.569999999984043, -0.904085035961784 
12.57999999998402, -0.9033409219855589 
12.589999999983997, -0.9025437904197988 
12.599999999983973, -0.902303030416668 
12.60999999998395, -0.9018223899175178 
12.619999999983927, -0.901548057778775 
12.629999999983903, -0.9013303758277958 
12.63999999998388, -0.901052946835164 
12.649999999983857, -0.900963545320285 
12.659999999983834, -0.9008271022386153 
12.66999999998381, -0.9007229532460334 
12.679999999983787, -0.9009465114539063 
12.689999999983764, -0.9008046063434051 
12.69999999998374, -0.9014868512439872 
12.709999999983717, -0.9021774514636272 
12.719999999983694, -0.9021475464222537 
12.72999999998367, -0.9072363643007257 
12.739999999983647, -0.907463637378482 
12.749999999983624, -0.911040956207931 
12.7599999999836, -0.9186384272008176 
12.769999999983577, -0.9179652873431245 
12.779999999983554, -0.9067742069687237 
12.78999999998353, -0.9068126852105785 
12.799999999983507, -0.9036929371447078 
12.809999999983484, -0.9002418207153795 
12.81999999998346, -0.8999134854082598 
12.829999999983437, -0.8983129352745051 
12.839999999983414, -0.8978563011726569 
12.84999999998339, -0.8974036730757577 
12.859999999983367, -0.8968615615825497 
12.869999999983344, -0.8966582167711279 
12.87999999998332, -0.896338107913739 
12.889999999983297, -0.8961118413327563 
12.899999999983274, -0.8959978509055526 
12.90999999998325, -0.8957806574458016 
12.919999999983228, -0.8958143074521139 
12.929999999983204, -0.8958501150108068 
12.939999999983181, -0.8957807720007492 
12.949999999983158, -0.8966845732440907 
12.959999999983134, -0.8966834547660307 
12.969999999983111, -0.8984105655115855 
12.979999999983088, -0.9013345061426333 
12.989999999983064, -0.9009836469165995 
12.999999999983041, -0.9119994735268845 
13.009999999983018, -0.9128089034154927 
13.019999999982995, -0.9076113726771292 
13.029999999982971, -0.901112548183355 
13.039999999982948, -0.9007399862684348 
13.049999999982925, -0.8955267386905493 
13.059999999982901, -0.8948203491824016 
13.069999999982878, -0.8940076260323024 
13.079999999982855, -0.8928355652587672 
13.089999999982831, -0.8925980023989448 
13.099999999982808, -0.8920622387367301 
13.109999999982785, -0.8917296251425828 
13.119999999982761, -0.8915164002948304 
13.129999999982738, -0.8912242382210698 
13.139999999982715, -0.8911128542546868 
13.149999999982692, -0.8910007068229852 
13.159999999982668, -0.8908552786641158 
13.169999999982645, -0.8911133810627939 
13.179999999982622, -0.891039198765058 
13.189999999982598, -0.8916041665525487 
13.199999999982575, -0.8928058299540141 
13.209999999982552, -0.89260618365275 
13.219999999982528, -0.8994892337173191 
13.229999999982505, -0.9005263107462056 
13.239999999982482, -0.8993400637745658 
13.249999999982458, -0.9031861077417644 
13.259999999982435, -0.9029030214547662 
13.269999999982412, -0.8935635921807377 
13.279999999982389, -0.8925013283097253 
13.289999999982365, -0.891475714145258 
13.299999999982342, -0.889371893305189 
13.309999999982319, -0.8891281106056291 
13.319999999982295, -0.8884115960876647 
13.329999999982272, -0.88796746484471 
13.339999999982249, -0.8877239930736383 
13.349999999982225, -0.8873717782220185 
13.359999999982202, -0.8872101201272244 
13.369999999982179, -0.8870558044288934 
13.379999999982156, -0.8868683151757877 
13.389999999982132, -0.8869804950934886 
13.399999999982109, -0.8869014407225849 
13.409999999982086, -0.887157946878748 
13.419999999982062, -0.8880562494094572 
13.429999999982039, -0.8878809198610524 
13.439999999982016, -0.8924193491321932 
13.449999999981992, -0.893818587765751 
13.459999999981969, -0.8933309023840594 
13.469999999981946, -0.9016242653626784 
13.479999999981922, -0.9014956249951421 
13.4899999999819, -0.8916640757933751 
13.499999999981876, -0.8897180352722529 
13.509999999981853, -0.8888694845860142 
13.51999999998183, -0.8862206337212806 
13.529999999981806, -0.885951716669827 
13.539999999981783, -0.8852349997022285 
13.54999999998176, -0.8847053845495042 
13.559999999981736, -0.8844761425022012 
13.569999999981713, -0.8841123078640674 
13.57999999998169, -0.8839274406833516 
13.589999999981666, -0.883783369666803 
13.599999999981643, -0.883578167253053 
13.60999999998162, -0.8836733272606233 
13.619999999981596, -0.8836419508669467 
13.629999999981573, -0.8837754022906704 
13.63999999998155, -0.884836573672863 
13.649999999981526, -0.8847036110281232 
13.659999999981503, -0.8888345445772267 
13.66999999998148, -0.8913285588521696 
13.679999999981456, -0.8905867581667795 
13.689999999981433, -0.8956866666330779 
13.69999999998141, -0.8957658343536962 
13.709999999981386, -0.8888684554232505 
13.719999999981363, -0.885403255807156 
13.72999999998134, -0.8848918514713892 
13.739999999981316, -0.8827314960937154 
13.749999999981293, -0.8823740211751099 
13.75999999998127, -0.8818370657766923 
13.769999999981247, -0.8813186138609139 
13.779999999981223, -0.881122679263401 
13.7899999999812, -0.8808127376309568 
13.799999999981177, -0.8806252034471647 
13.809999999981153, -0.8805426398194925 
13.81999999998113, -0.8803460914471672 
13.829999999981107, -0.8805142974860887 
13.839999999981083, -0.8806377253598423 
13.84999999998106, -0.8806745410651624 
13.859999999981037, -0.8826079392036945 
13.869999999981014, -0.8826436724504125 
13.87999999998099, -0.8869355873868602 
13.889999999980967, -0.8930531304019369 
13.899999999980944, -0.8924037720149789 
13.90999999998092, -0.8837356580439321 
13.919999999980897, -0.8838678640036822 
13.929999999980874, -0.8811036223209425 
13.93999999998085, -0.8779210649533232 
13.949999999980827, -0.8776420027943884 
13.959999999980804, -0.8765124726252631 
13.96999999998078, -0.8760927707099063 
13.979999999980757, -0.875774217692507 
13.989999999980734, -0.8753842659719913 
13.99999999998071, -0.875228606507201 
14.009999999980687, -0.8750350365282421 
14.019999999980664, -0.8748735215360622 
14.02999999998064, -0.8749710595462308 
14.039999999980617, -0.8748465709333323 
14.049999999980594, -0.875281355027076 
14.05999999998057, -0.8761022308233889 
14.069999999980547, -0.8759321482643647 
14.079999999980524, -0.8822945316311668 
14.0899999999805, -0.8832113504916658 
14.099999999980477, -0.8813948999445337 
14.109999999980454, -0.8818328577736083 
14.11999999998043, -0.8815736136962705 
14.129999999980408, -0.8752954236702668 
14.139999999980384, -0.8741847785290376 
14.149999999980361, -0.8735212570582563 
14.159999999980338, -0.8723134863589667 
14.169999999980314, -0.872076183399719 
14.179999999980291, -0.8716465221700976 
14.189999999980268, -0.871324941189363 
14.199999999980244, -0.8711753796492326 
14.209999999980221, -0.8709446538050579 
14.219999999980198, -0.8708856090472666 
14.229999999980175, -0.870946889369078 
14.239999999980151, -0.8707967635308349 
14.249999999980128, -0.8716987430653014 
14.259999999980105, -0.872026344856474 
14.269999999980081, -0.8727206511565373 
14.279999999980058, -0.8794940965654651 
14.289999999980035, -0.8793812237159121 
14.299999999980011, -0.8749142645837993 
14.309999999979988, -0.8753274781355306 
14.319999999979965, -0.8742404864169199 
14.329999999979941, -0.8689783445747123 
14.339999999979918, -0.8687221417915085 
14.349999999979895, -0.867808175746631 
14.359999999979872, -0.8671215579812632 
14.369999999979848, -0.8668936534552278 
14.379999999979825, -0.8665060380068169 
14.389999999979802, -0.8663065473205839 
14.399999999979778, -0.8661775450662347 
14.409999999979755, -0.8659747534320109 
14.419999999979732, -0.866105191422622 
14.429999999979708, -0.8661684278904593 
14.439999999979685, -0.8662588850964316 
14.449999999979662, -0.8681700484321542 
14.459999999979638, -0.8681703115839338 
14.469999999979615, -0.8734102390353781 
14.479999999979592, -0.8798199727933391 
14.489999999979569, -0.8790752208097753 
14.499999999979545, -0.8669035731592641 
14.509999999979522, -0.8667848440225672 
14.519999999979499, -0.8650731597545535 
14.529999999979475, -0.8632488014029956 
14.539999999979452, -0.8630051450661609 
14.549999999979429, -0.862350212258724 
14.559999999979405, -0.8620295462665463 
14.569999999979382, -0.8618191136608409 
14.579999999979359, -0.8615497762371795 
14.589999999979335, -0.8614857972232604 
14.599999999979312, -0.8614378072973454 
14.609999999979289, -0.861341629827239 
14.619999999979266, -0.8620567796701187 
14.629999999979242, -0.8621089975536685 
14.639999999979219, -0.8637290331051278 
14.649999999979196, -0.8684162000292865 
14.659999999979172, -0.8680882994455598 
14.669999999979149, -0.8648413179526918 
14.679999999979126, -0.8653702828418696 
14.689999999979102, -0.8635975665443143 
14.69999999997908, -0.8594579970648141 
14.709999999979056, -0.8592397772200112 
14.719999999979033, -0.8583681070268876 
14.72999999997901, -0.857873564398461 
14.739999999978986, -0.8576483105661021 
14.749999999978963, -0.8573218892130052 
14.75999999997894, -0.8571832110057764 
14.769999999978916, -0.857102628883314 
14.779999999978893, -0.8569375351651931 
14.78999999997887, -0.8573263785657472 
14.799999999978846, -0.8574601675041449 
14.809999999978823, -0.8579321291752232 
14.8199999999788, -0.8619590907250148 
14.829999999978776, -0.8618739365451386 
14.839999999978753, -0.8632817041625271 
14.84999999997873, -0.8655081196577286 
14.859999999978706, -0.8645270263750261 
14.869999999978683, -0.8584126420478119 
14.87999999997866, -0.8581316074578007 
14.889999999978636, -0.8572691292800412 
14.899999999978613, -0.8565529891963214 
14.90999999997859, -0.8563431560720584 
14.919999999978566, -0.8559870397835567 
14.929999999978543, -0.855791795319607 
14.93999999997852, -0.8557044070215168 
14.949999999978496, -0.8555161162457039 
14.959999999978473, -0.8557361105725254 
14.96999999997845, -0.8559620656422853 
14.979999999978427, -0.8559809899840898 
14.989999999978403, -0.8596035854111167 
14.99999999997838, -0.8598519429454095 
15.009999999978357, -0.8607562602216599 
15.019999999978333, -0.8660293279720657 
15.02999999997831, -0.8655921741882997 
15.039999999978287, -0.8586703985982512 
15.049999999978263, -0.8579979015807685 
15.05999999997824, -0.8572822797174994 
15.069999999978217, -0.8563219567587648 
15.079999999978194, -0.8561109243152504 
15.08999999997817, -0.8557483023244881 
15.099999999978147, -0.8554962626891099 
15.109999999978124, -0.8554030397211858 
15.1199999999781, -0.8552181632964925 
15.129999999978077, -0.8553027352024536 
15.139999999978054, -0.855595069544985 
15.14999999997803, -0.8554580961426447 
15.159999999978007, -0.8583549847827587 
15.169999999977984, -0.8591692674809177 
15.17999999997796, -0.8589746456550761 
15.189999999977937, -0.8669631255525567 
15.199999999977914, -0.8668297018551695 
15.20999999997789, -0.8601757477477925 
15.219999999977867, -0.8583992654785003 
15.229999999977844, -0.8578778818548897 
15.23999999997782, -0.8566811186279563 
15.249999999977797, -0.8564192380800772 
15.259999999977774, -0.8560667322290523 
15.26999999997775, -0.8557575806980948 
15.279999999977727, -0.855650424221831 
15.289999999977704, -0.8554781533647086 
15.29999999997768, -0.855446909307097 
15.309999999977657, -0.8557495491179717 
15.319999999977634, -0.8556082331648254 
15.32999999997761, -0.8574908013769391 
15.339999999977588, -0.8589641806865699 
15.349999999977564, -0.8585586328361042 
15.359999999977541, -0.8683490894966711 
15.369999999977518, -0.868584176797844 
15.379999999977494, -0.8631677145883464 
15.389999999977471, -0.8591349074947314 
15.399999999977448, -0.8587902396489859 
15.409999999977424, -0.8573879447192355 
15.419999999977401, -0.857000112688459 
15.429999999977378, -0.8566681029906767 
15.439999999977355, -0.8562991041839696 
15.449999999977331, -0.8561655679845918 
15.459999999977308, -0.8560003714090572 
15.469999999977285, -0.8558787378002172 
15.479999999977261, -0.8561234896257242 
15.489999999977238, -0.8560381219542017 
15.499999999977215, -0.8569974003947124 
15.509999999977191, -0.8588445344821387 
15.519999999977168, -0.8585456366988259 
15.529999999977145, -0.8691137490671113 
15.539999999977121, -0.8703001626849008 
15.549999999977098, -0.866917620432008 
15.559999999977075, -0.8594211357669759 
15.569999999977052, -0.8592060711370428 
15.579999999977028, -0.8576584600732329 
15.589999999977005, -0.8570323279935683 
15.599999999976982, -0.8567322020096377 
15.609999999976958, -0.8562973981138331 
15.619999999976935, -0.8561237538091557 
15.629999999976912, -0.8559578207390978 
15.639999999976888, -0.8557753908761605 
15.649999999976865, -0.8559281293054571 
15.659999999976842, -0.8559063327565497 
15.669999999976818, -0.8562732424667885 
15.679999999976795, -0.8581430801395024 
15.689999999976772, -0.8579880815038151 
15.699999999976749, -0.8665726568718534 
15.709999999976725, -0.8702385811301044 
15.719999999976702, -0.8687301546177647 
15.729999999976679, -0.8581660860584159 
15.739999999976655, -0.858014643082282 
15.749999999976632, -0.8565195759556514 
15.759999999976609, -0.8555124511328513 
15.769999999976585, -0.8552596684378422 
15.779999999976562, -0.8547755781646466 
15.789999999976539, -0.854548989436601 
15.799999999976515, -0.854388448671308 
15.809999999976492, -0.8541740319128768 
15.819999999976469, -0.8542508747201407 
15.829999999976446, -0.8542954595935249 
15.839999999976422, -0.8543439683116941 
15.849999999976399, -0.8562014194438993 
15.859999999976376, -0.8562564545322113 
15.869999999976352, -0.860750959770752 
15.879999999976329, -0.8684136720088191 
15.889999999976306, -0.8678274370195935 
15.899999999976282, -0.8565051047681682 
15.90999999997626, -0.8561185379528594 
15.919999999976236, -0.8550072637781331 
15.929999999976213, -0.8536222354034672 
15.93999999997619, -0.8534037812239859 
15.949999999976166, -0.852933541017018 
15.959999999976143, -0.8526495693967312 
15.96999999997612, -0.8525086893891138 
15.979999999976096, -0.8522924804757191 
15.989999999976073, -0.8523132036813581 
15.99999999997605, -0.8524476869648047 
16.009999999976028, -0.8523338678623169 
16.019999999976005, -0.85423813076095 
16.02999999997598, -0.8547112949114442 
16.039999999975958, -0.8556612694078195 
16.049999999975935, -0.8666644436235968 
16.05999999997591, -0.8664800101191775 
16.069999999975888, -0.8571763851024058 
16.079999999975865, -0.8554970156776738 
16.08999999997584, -0.854847594809617 
16.099999999975818, -0.8533505986167368 
16.109999999975795, -0.8530948478270918 
16.11999999997577, -0.8526931247062158 
16.129999999975748, -0.8523641548905648 
16.139999999975725, -0.8522411078858569 
16.1499999999757, -0.8520499933526346 
16.15999999997568, -0.8520094555240888 
16.169999999975655, -0.8522457530589408 
16.17999999997563, -0.8520992574137198 
16.18999999997561, -0.8538142326418613 
16.199999999975585, -0.8550568653944075 
16.20999999997556, -0.8547284606346223 
16.21999999997554, -0.8654236587540597 
16.229999999975515, -0.8656246241204781 
16.239999999975492, -0.8598789898229877 
16.24999999997547, -0.8559614681665466 
16.259999999975445, -0.8556067798484692 
16.269999999975422, -0.8542245080715218 
16.2799999999754, -0.8538499544299003 
16.289999999975375, -0.8535239481298843 
16.299999999975352, -0.8531675613010379 
16.30999999997533, -0.8530421348652087 
16.319999999975305, -0.8528876854207987 
16.329999999975282, -0.8527777487816612 
16.33999999997526, -0.8530776175658353 
16.349999999975235, -0.8530034003879646 
16.359999999975212, -0.8541633254517916 
16.36999999997519, -0.8564085136900662 
16.379999999975166, -0.8560739391081 
16.389999999975142, -0.8641336246704656 
16.39999999997512, -0.865151440924559 
16.409999999975096, -0.8623074999036917 
16.419999999975072, -0.8564300310758964 
16.42999999997505, -0.8562144867457447 
16.439999999975026, -0.8550252463912199 
16.449999999975002, -0.8544836593901121 
16.45999999997498, -0.8542212384981822 
16.469999999974956, -0.8538512832438387 
16.479999999974932, -0.8537004796063535 
16.48999999997491, -0.8535796207439377 
16.499999999974886, -0.8534141308312582 
16.509999999974863, -0.8537055551127322 
16.51999999997484, -0.8537587228350157 
16.529999999974816, -0.8542749214092429 
16.539999999974793, -0.8573961739997997 
16.54999999997477, -0.8572595192433929 
16.559999999974746, -0.8619086849933267 
16.569999999974723, -0.8646663780980365 
16.5799999999747, -0.8634686783817583 
16.589999999974676, -0.8566163950225607 
16.599999999974653, -0.8563779864256578 
16.60999999997463, -0.8554166821360157 
16.619999999974606, -0.8546886784373958 
16.629999999974583, -0.8544715005209352 
16.63999999997456, -0.8541027382210996 
16.649999999974536, -0.8539107324365693 
16.659999999974513, -0.8538149542961219 
16.66999999997449, -0.8536259643160004 
16.679999999974466, -0.8538497660723363 
16.689999999974443, -0.854048383715276 
16.69999999997442, -0.8541091534456742 
16.709999999974396, -0.8577064280682429 
16.719999999974373, -0.8578944215845943 
16.72999999997435, -0.8589391148491439 
16.739999999974327, -0.8636781879250602 
16.749999999974303, -0.8631957372154302 
16.75999999997428, -0.8565630378000028 
16.769999999974257, -0.8559655871405817 
16.779999999974233, -0.8552567660765639 
16.78999999997421, -0.8543682514200333 
16.799999999974187, -0.8541622435841537 
16.809999999974163, -0.8538151146959952 
16.81999999997414, -0.853577831294467 
16.829999999974117, -0.8534989971818586 
16.839999999974093, -0.8533212495502025 
16.84999999997407, -0.853449546882617 
16.859999999974047, -0.8537997192103375 
16.869999999974024, -0.8536633062799737 
16.879999999974, -0.8572570934042606 
16.889999999973977, -0.8581373569773223 
16.899999999973954, -0.8573340814813364 
16.90999999997393, -0.8611060677759064 
16.919999999973907, -0.8609552794011026 
16.929999999973884, -0.8557964727577686 
16.93999999997386, -0.8543266277395917 
16.949999999973837, -0.8538673899438416 
16.959999999973814, -0.8529364917532506 
16.96999999997379, -0.8526913346505444 
16.979999999973767, -0.8523933087863279 
16.989999999973744, -0.8521240210091103 
16.99999999997372, -0.8520584848069583 
17.009999999973697, -0.8519251846062328 
17.019999999973674, -0.8519556193839 
17.02999999997365, -0.85250407708824 
17.039999999973627, -0.852373333889187 
17.049999999973604, -0.8556371183161383 
17.05999999997358, -0.8581180704112727 
17.069999999973557, -0.8573156552843194 
17.079999999973534, -0.8539460573730911 
17.08999999997351, -0.8540554331811688 
17.099999999973488, -0.8512900670914484 
17.109999999973464, -0.8490484356418821 
17.11999999997344, -0.848781462212054 
17.129999999973418, -0.8480388274936734 
17.139999999973394, -0.8477301442326828 
17.14999999997337, -0.8475159591658967 
17.159999999973348, -0.8472563629284899 
17.169999999973324, -0.8472183339411149 
17.1799999999733, -0.8471963463351593 
17.189999999973278, -0.8471324647863442 
17.199999999973254, -0.8482082911255556 
17.20999999997323, -0.8483199600733957 
17.219999999973208, -0.850764676134252 
17.229999999973185, -0.8586267504351931 
17.23999999997316, -0.8582765061782451 
17.249999999973138, -0.8462320393475989 
17.259999999973115, -0.8454940887480844 
17.26999999997309, -0.8445632429479462 
17.279999999973068, -0.8428726669111304 
17.289999999973045, -0.8426472883563224 
17.29999999997302, -0.8422124095494978 
17.309999999972998, -0.8419031283063638 
17.319999999972975, -0.8417858001801004 
17.32999999997295, -0.8415966416809292 
17.339999999972928, -0.8416082038262033 
17.349999999972905, -0.8419014889218748 
17.35999999997288, -0.8417528268542389 
17.36999999997286, -0.8444366516256482 
17.379999999972835, -0.8458778728887856 
17.38999999997281, -0.845087156585603 
17.39999999997279, -0.8464686153865988 
17.409999999972765, -0.8465124906444124 
17.41999999997274, -0.8432425985155798 
17.42999999997272, -0.8412725056217648 
17.439999999972695, -0.8409818670156484 
17.449999999972672, -0.8402706651443832 
17.45999999997265, -0.8399969074706964 
17.469999999972625, -0.8397935929085907 
17.479999999972602, -0.8395546577525073 
17.48999999997258, -0.8395630494059774 
17.499999999972555, -0.8395752404315262 
17.509999999972532, -0.8395653329755758 
17.51999999997251, -0.8411942679438325 
17.529999999972485, -0.8413280669272473 
17.539999999972462, -0.8444925827264631 
17.54999999997244, -0.8535576887565096 
17.559999999972415, -0.8531573944656905 
17.569999999972392, -0.8441545967343045 
17.57999999997237, -0.8433577553977254 
17.589999999972346, -0.8426475232154967 
17.599999999972322, -0.8416001583381028 
17.6099999999723, -0.8413895367703597 
17.619999999972276, -0.8410547081598644 
17.629999999972252, -0.8408084646626299 
17.63999999997223, -0.8407501032172121 
17.649999999972206, -0.8406009613526528 
17.659999999972182, -0.8407405010079814 
17.66999999997216, -0.8413369397297444 
17.679999999972136, -0.8411744342499042 
17.689999999972112, -0.8466316195215429 
17.69999999997209, -0.848790309754058 
17.709999999972066, -0.8471461975361759 
17.719999999972043, -0.8365420358476967 
17.72999999997202, -0.8364627300980069 
17.739999999971996, -0.834669786933457 
17.749999999971973, -0.8335872547094261 
17.75999999997195, -0.833346183966155 
17.769999999971926, -0.8329006846617204 
17.779999999971903, -0.8326955555747254 
17.78999999997188, -0.8325846751479304 
17.799999999971856, -0.8323983759764286 
17.809999999971833, -0.8326383644018035 
17.81999999997181, -0.8328982751471997 
17.829999999971786, -0.8329194881344123 
17.839999999971763, -0.8383983703805148 
17.84999999997174, -0.838790604565173 
17.859999999971716, -0.8337516543849958 
17.869999999971693, -0.8277264245054063 
17.87999999997167, -0.8274452139678588 
17.889999999971646, -0.8253339152589367 
17.899999999971623, -0.8247670187328742 
17.9099999999716, -0.8244667086404145 
17.919999999971576, -0.8240869677353954 
17.929999999971553, -0.8239579525674623 
17.93999999997153, -0.823862839069995 
17.949999999971507, -0.8237285552058391 
17.959999999971483, -0.8243089120943866 
17.96999999997146, -0.8244985145024537 
17.979999999971437, -0.825391350930705 
17.989999999971413, -0.8339623249235761 
17.99999999997139, -0.833880770607007 
18.009999999971367, -0.8243250118454704 
18.019999999971343, -0.8216646055914754 
18.02999999997132, -0.821210629078849 
18.039999999971297, -0.8200154774170179 
18.049999999971273, -0.8197369098964098 
18.05999999997125, -0.8194767116769591 
18.069999999971227, -0.8192202420106678 
18.079999999971204, -0.8192056785118594 
18.08999999997118, -0.8191798044939121 
18.099999999971157, -0.8192125100186671 
18.109999999971134, -0.8209226354634703 
18.11999999997111, -0.8210348233884778 
18.129999999971087, -0.8235669042908113 
18.139999999971064, -0.8304911387540941 
18.14999999997104, -0.8301196120657636 
18.159999999971017, -0.8252387283170559 
18.169999999970994, -0.8245114411062863 
18.17999999997097, -0.8240693953481907 
18.189999999970947, -0.8234949056745688 
18.199999999970924, -0.82332277029046 
18.2099999999709, -0.8231347457976891 
18.219999999970877, -0.822969327635456 
18.229999999970854, -0.823172312806416 
18.23999999997083, -0.8231818413601839 
18.249999999970807, -0.8238207831589358 
18.259999999970784, -0.8274794434330391 
18.26999999997076, -0.827347223094459 
18.279999999970737, -0.8204209066266165 
18.289999999970714, -0.8193968543168696 
18.29999999997069, -0.8187534726003901 
18.309999999970668, -0.8166044880959347 
18.319999999970644, -0.8163017720983022 
18.32999999997062, -0.8159531944080245 
18.339999999970598, -0.8156366350979771 
18.349999999970574, -0.8155588330405088 
18.35999999997055, -0.8154608825161737 
18.369999999970528, -0.8154484327891146 
18.379999999970504, -0.8163885788075218 
18.38999999997048, -0.8164173786118104 
18.399999999970458, -0.8201674971761606 
18.409999999970434, -0.8286430100703663 
18.41999999997041, -0.8282363278903224 
18.429999999970388, -0.8205513983166011 
18.439999999970365, -0.819750698683311 
18.44999999997034, -0.8192162946991491 
18.459999999970318, -0.8184917658614854 
18.469999999970295, -0.8183061300394341 
18.47999999997027, -0.8180859157306665 
18.489999999970248, -0.8179040200316835 
18.499999999970225, -0.8180329222385634 
18.5099999999702, -0.8180160245282837 
18.519999999970178, -0.8185224569277884 
18.529999999970155, -0.8215474483338714 
18.53999999997013, -0.8214328185288512 
18.549999999970108, -0.8166770389912769 
18.559999999970085, -0.8160719817138659 
18.56999999997006, -0.8154515431466556 
18.57999999997004, -0.8131663109792939 
18.589999999970015, -0.8128455474606838 
18.59999999996999, -0.8125012764300953 
18.60999999996997, -0.8121805860654719 
18.619999999969945, -0.8121028696001613 
18.62999999996992, -0.812014664997873 
18.6399999999699, -0.8119904831851378 
18.649999999969875, -0.8130123649444672 
18.659999999969852, -0.8130879589344773 
18.66999999996983, -0.8162602547955736 
18.679999999969805, -0.8255224225758381 
18.689999999969782, -0.8251864767679801 
18.69999999996976, -0.818774374661989 
18.709999999969735, -0.8178606762041404 
18.719999999969712, -0.8174008752548301 
18.72999999996969, -0.8167467259385454 
18.739999999969665, -0.8165626724981987 
18.749999999969642, -0.816369796919024 
18.75999999996962, -0.8161931006394598 
18.769999999969595, -0.8163782685613186 
18.779999999969572, -0.8164159141871205 
18.78999999996955, -0.8169114152913608 
18.799999999969526, -0.8210646456114422 
18.809999999969502, -0.8210164017265769 
18.81999999996948, -0.8125332344614977 
18.829999999969456, -0.809815839323164 
18.839999999969432, -0.8093481185489242 
18.84999999996941, -0.8076796077728292 
18.859999999969386, -0.8073479437941805 
18.869999999969362, -0.8070738235902731 
18.87999999996934, -0.806795893775364 
18.889999999969316, -0.8067606200041209 
18.899999999969292, -0.8067495048331361 
18.90999999996927, -0.8067226578271794 
18.919999999969246, -0.8086077606114046 
18.929999999969223, -0.8089023700891691 
18.9399999999692, -0.8086636004443661 
18.949999999969176, -0.8113592200818204 
18.959999999969153, -0.8111546557041963 
18.96999999996913, -0.8084510819509317 
18.979999999969106, -0.8076509939611785 
18.989999999969083, -0.8073731105793318 
18.99999999996906, -0.8069776668680293 
19.009999999969036, -0.8068376981750057 
19.019999999969013, -0.8067779730363559 
19.02999999996899, -0.8066299286054619 
19.039999999968966, -0.8073828964481584 
19.049999999968943, -0.8078945877019612 
19.05999999996892, -0.8078976173512469 
19.069999999968896, -0.8198351009025532 
19.079999999968873, -0.8200231629290488 
19.08999999996885, -0.8161625550487217 
19.099999999968826, -0.8134883344141507 
19.109999999968803, -0.8132410321315979 
19.11999999996878, -0.8126011966330969 
19.129999999968756, -0.812330191912004 
19.139999999968733, -0.8121893562709366 
19.14999999996871, -0.8119908905429325 
19.159999999968687, -0.8121228183286043 
19.169999999968663, -0.8124181133257163 
19.17999999996864, -0.8123048638185388 
19.189999999968617, -0.8183281389664794 
19.199999999968593, -0.8194219352552471 
19.20999999996857, -0.816193466706944 
19.219999999968547, -0.8063635118655158 
19.229999999968523, -0.8062066800936858 
19.2399999999685, -0.8051255826374775 
19.249999999968477, -0.8045773872287154 
19.259999999968453, -0.8043979545187209 
19.26999999996843, -0.8041433438757901 
19.279999999968407, -0.8040712221209846 
19.289999999968384, -0.8042211984171637 
19.29999999996836, -0.8040850635132336 
19.309999999968337, -0.8062934739962893 
19.319999999968314, -0.8083059638989243 
19.32999999996829, -0.8075181000366373 
19.339999999968267, -0.7964240425674256 
19.349999999968244, -0.7963315048799148 
19.35999999996822, -0.7953392958649651 
19.369999999968197, -0.7943837877477802 
19.379999999968174, -0.7942110096722985 
19.38999999996815, -0.7939536304030407 
19.399999999968127, -0.7937957656277979 
19.409999999968104, -0.7939400961116976 
19.41999999996808, -0.7938961936292979 
19.429999999968057, -0.7948774373754514 
19.439999999968034, -0.7989074630481218 
19.44999999996801, -0.7987120423742258 
19.459999999967987, -0.7875538999462314 
19.469999999967964, -0.7856089758900157 
19.47999999996794, -0.7851654913740266 
19.489999999967917, -0.7842598578507229 
19.499999999967894, -0.7840331008564979 
19.50999999996787, -0.7838649036984658 
19.519999999967848, -0.7836789580049263 
19.529999999967824, -0.7839204698883228 
19.5399999999678, -0.784209970226972 
19.549999999967778, -0.7841899229802228 
19.559999999967754, -0.7945886768678826 
19.56999999996773, -0.7952097270016788 
19.579999999967708, -0.7920069170084431 
19.589999999967684, -0.7880341325581404 
19.59999999996766, -0.7878433427080985 
19.609999999967638, -0.7873075168114775 
19.619999999967614, -0.7870228698467628 
19.62999999996759, -0.7869456346731251 
19.639999999967568, -0.7868038582587386 
19.649999999967545, -0.7870256675103124 
19.65999999996752, -0.7880792693320726 
19.669999999967498, -0.7879274378532368 
19.679999999967475, -0.7940861005901644 
19.68999999996745, -0.7967633345918829 
19.699999999967428, -0.7960477128260427 
19.709999999967405, -0.7931906104171156 
19.71999999996738, -0.7928671673066557 
19.729999999967358, -0.7925340177916964 
19.739999999967335, -0.7922284761685889 
19.74999999996731, -0.7921761559564379 
19.759999999967288, -0.7921389046849182 
19.769999999967265, -0.7921278224456019 
19.77999999996724, -0.7940033667903736 
19.78999999996722, -0.7942909691366861 
19.799999999967195, -0.7928483097630223 
19.80999999996717, -0.7908667257522569 
19.81999999996715, -0.7906846365145666 
19.829999999967125, -0.7889394380485565 
19.8399999999671, -0.7883177469090923 
19.84999999996708, -0.7881121671552165 
19.859999999967055, -0.7878334573513737 
19.869999999967032, -0.7877647510391972 
19.87999999996701, -0.7878904077115797 
19.889999999966985, -0.7877546302219107 
19.899999999966962, -0.7904194027622221 
19.90999999996694, -0.7925472250993439 
19.919999999966915, -0.7915858083042918 
19.929999999966892, -0.7794206257872835 
19.93999999996687, -0.7791937496810956 
19.949999999966845, -0.7784996518055769 
19.959999999966822, -0.7778730673197821 
19.9699999999668, -0.777732345093951 
19.979999999966775, -0.7775685168609705 
19.989999999966752, -0.7774696221265286 
19.99999999996673, -0.7780287103395244 
20.009999999966706, -0.7781550366176821 
20.019999999966682, -0.7796366390618678 
20.02999999996666, -0.7906559788874159 
20.039999999966636, -0.7905426538774463 
20.049999999966612, -0.7869605621914415 
20.05999999996659, -0.78574875132072 
20.069999999966566, -0.7854989054191845 
20.079999999966542, -0.7850955511247568 
20.08999999996652, -0.7849450998240585 
20.099999999966496, -0.7849323847679357 
20.109999999966472, -0.7847888622723546 
20.11999999996645, -0.7858249135842743 
20.129999999966426, -0.7870945888389905 
20.139999999966403, -0.7865871347805434 
20.14999999996638, -0.7809160187737175 
20.159999999966356, -0.7809534895663077 
20.169999999966333, -0.7799965286644992 
20.17999999996631, -0.7789056240481493 
20.189999999966286, -0.778731687533919 
20.199999999966263, -0.7784992370954396 
20.20999999996624, -0.7783379985388842 
20.219999999966216, -0.7785552254578627 
20.229999999966193, -0.778609565295417 
20.23999999996617, -0.7794163215336823 
20.249999999966146, -0.787134947416584 
20.259999999966123, -0.7871231033859288 
20.2699999999661, -0.7810210804135804 
20.279999999966076, -0.7785356971354283 
20.289999999966053, -0.7782744926874885 
20.29999999996603, -0.7777232859768239 
20.309999999966006, -0.7775141789393797 
20.319999999965983, -0.777446558059025 
20.32999999996596, -0.777294474519313 
20.339999999965936, -0.7778548890973934 
20.349999999965913, -0.7789138457187449 
20.35999999996589, -0.7785930617014376 
20.369999999965867, -0.77910479405875 
20.379999999965843, -0.7794425512822986 
20.38999999996582, -0.778538934088491 
20.399999999965797, -0.7770840511176229 
20.409999999965773, -0.7768829302162901 
20.41999999996575, -0.7766360718658812 
20.429999999965727, -0.7764413678587758 
20.439999999965703, -0.7765820748654437 
20.44999999996568, -0.7766626434244664 
20.459999999965657, -0.7770026040960205 
20.469999999965633, -0.7840918180611388 
20.47999999996561, -0.784283210290246 
20.489999999965587, -0.7788447811719575 
20.499999999965564, -0.7750177228508959 
20.50999999996554, -0.7748005944375352 
20.519999999965517, -0.7742289491031096 
20.529999999965494, -0.7739811001731183 
20.53999999996547, -0.7739148971923905 
20.549999999965447, -0.7737731017181556 
20.559999999965424, -0.7741855945589488 
20.5699999999654, -0.7754723591494601 
20.579999999965377, -0.7752477857645018 
20.589999999965354, -0.772789610723391 
20.59999999996533, -0.7726979216525377 
20.609999999965307, -0.7720894876159025 
20.619999999965284, -0.7707300076505594 
20.62999999996526, -0.7704889666858088 
20.639999999965237, -0.7702867520497118 
20.649999999965214, -0.7700900776650145 
20.65999999996519, -0.7702736693257303 
20.669999999965167, -0.7705176183664239 
20.679999999965144, -0.7704956101361807 
20.68999999996512, -0.7809858556237967 
20.699999999965097, -0.7816817395384731 
20.709999999965074, -0.7790673794853463 
20.71999999996505, -0.775707482268597 
20.729999999965028, -0.7755243785176362 
20.739999999965004, -0.7750946558489736 
20.74999999996498, -0.7748468816161473 
20.759999999964958, -0.774828089901448 
20.769999999964934, -0.774740195031559 
20.77999999996491, -0.775110283918077 
20.789999999964888, -0.7774197123292994 
20.799999999964864, -0.777341680339962 
20.80999999996484, -0.7685579118462862 
20.819999999964818, -0.7652396232884993 
20.829999999964794, -0.7649008460604755 
20.83999999996477, -0.7639590843130973 
20.849999999964748, -0.7636897743280581 
20.859999999964725, -0.7635609490980202 
20.8699999999647, -0.763387683185419 
20.879999999964678, -0.7636976664973874 
20.889999999964655, -0.7644079159849916 
20.89999999996463, -0.7641599558090924 
20.909999999964608, -0.7706250326627286 
20.919999999964585, -0.7715317654712446 
20.92999999996456, -0.7706384503578487 
20.939999999964538, -0.7689517589082145 
20.949999999964515, -0.7687358436319124 
20.95999999996449, -0.7684935240651293 
20.969999999964468, -0.7682929004958995 
20.979999999964445, -0.7684371594741741 
20.98999999996442, -0.7685691117941343 
20.9999999999644, -0.7687436674741498 
21.009999999964375, -0.7774419095408835 
21.01999999996435, -0.7778268020444912 
21.02999999996433, -0.7741349346853541 
21.039999999964305, -0.7706741542387556 
21.04999999996428, -0.7704862924218485 
21.05999999996426, -0.7700235073859755 
21.069999999964235, -0.7697888211995811 
21.079999999964212, -0.7697687493036143 
21.08999999996419, -0.7696658108250302 
21.099999999964165, -0.7701631683115396 
21.109999999964142, -0.7724200954666788 
21.11999999996412, -0.7722726504294316 
21.129999999964095, -0.7620743050755003 
21.139999999964072, -0.7595336508308748 
21.14999999996405, -0.7591698225834629 
21.159999999964025, -0.7583520616800363 
21.169999999964002, -0.7581233776296499 
21.17999999996398, -0.7580172519730927 
21.189999999963955, -0.7578578641648543 
21.199999999963932, -0.7583588160097414 
21.20999999996391, -0.7592897381222099 
21.219999999963886, -0.7589525244503434 
21.229999999963862, -0.7554424987073396 
21.23999999996384, -0.7554082198054862 
21.249999999963816, -0.7547329868896206 
21.259999999963792, -0.7537645754643555 
21.26999999996377, -0.7535857848730004 
21.279999999963746, -0.753435939618453 
21.289999999963722, -0.7532867149684781 
21.2999999999637, -0.7538361445677737 
21.309999999963676, -0.7543267298879099 
21.319999999963652, -0.7539854036074121 
21.32999999996363, -0.7572465862297857 
21.339999999963606, -0.7573895159731252 
21.349999999963583, -0.7563121877716293 
21.35999999996356, -0.7553778383327834 
21.369999999963536, -0.7552281127198389 
21.379999999963513, -0.7550398373814151 
21.38999999996349, -0.7549292073012174 
21.399999999963466, -0.7554479878819417 
21.409999999963443, -0.7556247882160226 
21.41999999996342, -0.7563506277972721 
21.429999999963396, -0.7660250906842676 
21.439999999963373, -0.765992208111979 
21.44999999996335, -0.7640947837005353 
21.459999999963326, -0.7631862047398715 
21.469999999963303, -0.7630149413618939 
21.47999999996328, -0.7627602878464869 
21.489999999963256, -0.762677184026471 
21.499999999963233, -0.7629549796080857 
21.50999999996321, -0.7628905506176868 
21.519999999963186, -0.7662057649696558 
21.529999999963163, -0.7733610156548139 
21.53999999996314, -0.773020477114084 
21.549999999963116, -0.768079631682625 
21.559999999963093, -0.7672739114924747 
21.56999999996307, -0.7669848344009667 
21.579999999963047, -0.7666203928898488 
21.589999999963023, -0.7665241602883444 
21.599999999963, -0.7665574897032301 
21.609999999962977, -0.7664281320287873 
21.619999999962953, -0.7687457353435574 
21.62999999996293, -0.7704427807833077 
21.639999999962907, -0.7693595750692602 
21.649999999962883, -0.7578112669216405 
21.65999999996286, -0.7575561561872689 
21.669999999962837, -0.7570119004229239 
21.679999999962813, -0.7565450168778718 
21.68999999996279, -0.7564442146438218 
21.699999999962767, -0.7563659427867798 
21.709999999962744, -0.7563078219901117 
21.71999999996272, -0.7579663497860487 
21.729999999962697, -0.7584774994923406 
21.739999999962674, -0.7561508284735999 
21.74999999996265, -0.745854407538867 
21.759999999962627, -0.7457415904459668 
21.769999999962604, -0.7450220452495474 
21.77999999996258, -0.7446085006090147 
21.789999999962557, -0.744525976448899 
21.799999999962534, -0.7444278938940232 
21.80999999996251, -0.7445118088838245 
21.819999999962487, -0.7465607547687072 
21.829999999962464, -0.7467658565338349 
21.83999999996244, -0.741189426088025 
21.849999999962417, -0.7334707464394132 
21.859999999962394, -0.7333069790276787 
21.86999999996237, -0.7327353115115681 
21.879999999962347, -0.7324679818342834 
21.889999999962324, -0.7324574529205522 
21.8999999999623, -0.7323994965912983 
21.909999999962277, -0.732882968972574 
21.919999999962254, -0.7375871869655228 
21.92999999996223, -0.737658659237252 
21.939999999962208, -0.7328396851231395 
21.949999999962184, -0.7302565691553102 
21.95999999996216, -0.730079907527773 
21.969999999962138, -0.7297452899657305 
21.979999999962114, -0.7296037924140595 
21.98999999996209, -0.7297988044533361 
21.999999999962068, -0.729800857306627 
22.009999999962044, -0.7315666128042795 
22.01999999996202, -0.7419974487729467 
22.029999999961998, -0.7419133584021897 
22.039999999961974, -0.7396315658318651 
22.04999999996195, -0.7387609100395126 
22.059999999961928, -0.738601204774513 
22.069999999961905, -0.7383786044488241 
22.07999999996188, -0.7383468270307152 
22.089999999961858, -0.7388695793403196 
22.099999999961835, -0.7388547530974392 
22.10999999996181, -0.7420627139276541 
22.119999999961788, -0.7477987849139941 
22.129999999961765, -0.7475682405488971 
22.13999999996174, -0.7460066439150786 
22.149999999961718, -0.7455351137870224 
22.159999999961695, -0.7453882023518149 
22.16999999996167, -0.7451999919721165 
22.179999999961648, -0.7453015131374052 
22.189999999961625, -0.7460387212262599 
22.1999999999616, -0.7459223289813469 
22.20999999996158, -0.7485542355231372 
22.219999999961555, -0.7496370364133983 
22.22999999996153, -0.749247626550706 
22.23999999996151, -0.7479295113411012 
22.249999999961485, -0.7476211522320746 
22.25999999996146, -0.7474774024927621 
22.26999999996144, -0.7473001528753505 
22.279999999961415, -0.7475711337307492 
22.289999999961392, -0.7483334886971766 
22.29999999996137, -0.7480970412550366 
22.309999999961345, -0.7487568305985819 
22.319999999961322, -0.7489436211415735 
22.3299999999613, -0.748366977400408 
22.339999999961275, -0.7472707985401837 
22.349999999961252, -0.7470591929734003 
22.35999999996123, -0.7469190191828778 
22.369999999961205, -0.7467582018175059 
22.379999999961182, -0.7472597646845478 
22.38999999996116, -0.7479572797101457 
22.399999999961135, -0.7475625089455676 
22.409999999961112, -0.7446171732323786 
22.41999999996109, -0.7446420429930154 
22.429999999961066, -0.7439340984438079 
22.439999999961042, -0.7431300287167741 
22.44999999996102, -0.7429806824730799 
22.459999999960996, -0.742860893044147 
22.469999999960972, -0.7427390465041049 
22.47999999996095, -0.7436934151151703 
22.489999999960926, -0.7443622458548044 
22.499999999960902, -0.7434098024630187 
22.50999999996088, -0.7330816616870484 
22.519999999960856, -0.7329755022295389 
22.529999999960832, -0.7323565682692015 
22.53999999996081, -0.7318786793856886 
22.549999999960786, -0.7317923735184225 
22.559999999960763, -0.7317437054602223 
22.56999999996074, -0.7316996001654821 
22.579999999960716, -0.7345552655410204 
22.589999999960693, -0.7354370443756253 
22.59999999996067, -0.7330708159328928 
22.609999999960646, -0.7257518598157578 
22.619999999960623, -0.7255681545225341 
22.6299999999606, -0.725199726653387 
22.639999999960576, -0.7249493808892875 
22.649999999960553, -0.7250092266084585 
22.65999999996053, -0.7251206085822491 
22.669999999960506, -0.7251575823020553 
22.679999999960483, -0.7359070719456969 
22.68999999996046, -0.7366424586202422 
22.699999999960436, -0.7351127861754007 
22.709999999960413, -0.7333249542383734 
22.71999999996039, -0.7331579483965044 
22.729999999960366, -0.7329436420996154 
22.739999999960343, -0.7327961925795563 
22.74999999996032, -0.7332083372146476 
22.759999999960296, -0.7335121315921538 
22.769999999960273, -0.7333377640979946 
22.77999999996025, -0.7378436375936037 
22.789999999960227, -0.7379307007255866 
22.799999999960203, -0.7369553951040899 
22.80999999996018, -0.7362286284102516 
22.819999999960157, -0.7361043170022776 
22.829999999960133, -0.7359726251536863 
22.83999999996011, -0.7359089253778255 
22.849999999960087, -0.7371058200208499 
22.859999999960063, -0.7375219526431894 
22.86999999996004, -0.7354039353074455 
22.879999999960017, -0.7249057961533173 
22.889999999959993, -0.7247944834058004 
22.89999999995997, -0.7242053408173138 
22.909999999959947, -0.723853072899294 
22.919999999959924, -0.7238158271273369 
22.9299999999599, -0.7237966750364301 
22.939999999959877, -0.7238940945870869 
22.949999999959854, -0.7291162143551927 
22.95999999995983, -0.7297136329180821 
22.969999999959807, -0.7270380053254191 
22.979999999959784, -0.7236147583452268 
22.98999999995976, -0.7234504195844184 
22.999999999959737, -0.7231675575850941 
23.009999999959714, -0.722994234908561 
23.01999999995969, -0.7232366387227142 
23.029999999959667, -0.7234300301674162 
23.039999999959644, -0.7235287247213568 
23.04999999995962, -0.7336513074519432 
23.059999999959597, -0.7338326052023055 
23.069999999959574, -0.73270447221763 
23.07999999995955, -0.7318458500440925 
23.089999999959527, -0.7317143978964674 
23.099999999959504, -0.7315691852923618 
23.10999999995948, -0.7314925005807001 
23.119999999959457, -0.732543200051122 
23.129999999959434, -0.7329628781167333 
23.13999999995941, -0.731165815496149 
23.149999999959388, -0.7206462551299736 
23.159999999959364, -0.7205390620006165 
23.16999999995934, -0.7199671540554109 
23.179999999959318, -0.7196118857966508 
23.189999999959294, -0.7195781903146622 
23.19999999995927, -0.7195772190962175 
23.209999999959248, -0.7196354144190779 
23.219999999959224, -0.7256413983654488 
23.2299999999592, -0.7264219149849848 
23.239999999959178, -0.7242931509637945 
23.249999999959154, -0.7212995959968855 
23.25999999995913, -0.7211281250363808 
23.269999999959108, -0.7208782926191217 
23.279999999959085, -0.7207112786401121 
23.28999999995906, -0.72102189555873 
23.299999999959038, -0.7213174948747246 
23.309999999959015, -0.7211145390744074 
23.31999999995899, -0.7253685945521297 
23.329999999958968, -0.7254908397353348 
23.339999999958945, -0.7246789707200874 
23.34999999995892, -0.7239975807334593 
23.359999999958898, -0.723881500756067 
23.369999999958875, -0.723795176707315 
23.37999999995885, -0.7237164556325254 
23.389999999958828, -0.7256422203894664 
23.399999999958805, -0.726559135030899 
23.40999999995878, -0.7247397298016817 
23.41999999995876, -0.7157239838656144 
23.429999999958735, -0.7155107441015587 
23.43999999995871, -0.7151530398992753 
23.44999999995869, -0.7148892000729856 
23.459999999958665, -0.7149430676690728 
23.46999999995864, -0.7151139055911455 
23.47999999995862, -0.7150140369259458 
23.489999999958595, -0.7265688626431344 
23.499999999958572, -0.7277259877468467 
23.50999999995855, -0.7267635836247059 
23.519999999958525, -0.7253421105613993 
23.529999999958502, -0.7251600350627981 
23.53999999995848, -0.725006909066911 
23.549999999958455, -0.7248621153030089 
23.559999999958432, -0.7255309495763785 
23.56999999995841, -0.726279133582035 
23.579999999958385, -0.7256313867081055 
23.589999999958362, -0.7140201716795173 
23.59999999995834, -0.7137293888235153 
23.609999999958315, -0.7132795353920607 
23.619999999958292, -0.7128576359266531 
23.62999999995827, -0.7127913600714157 
23.639999999958246, -0.7128556791993602 
23.649999999958222, -0.7127401335828724 
23.6599999999582, -0.7189426772003435 
23.669999999958176, -0.7219151671147209 
23.679999999958152, -0.7211055462378022 
23.68999999995813, -0.7183420022078962 
23.699999999958106, -0.7180452620829522 
23.709999999958082, -0.7178590691453568 
23.71999999995806, -0.7176749787841591 
23.729999999958036, -0.717963288185637 
23.739999999958012, -0.7186802409206549 
23.74999999995799, -0.7183936271408529 
23.759999999957966, -0.710257752809168 
23.769999999957943, -0.7093860067017935 
23.77999999995792, -0.7090068793295277 
23.789999999957896, -0.7084657198836412 
23.799999999957873, -0.7083374056297131 
23.80999999995785, -0.7083896279590278 
23.819999999957826, -0.7082769163285512 
23.829999999957803, -0.7117945256939486 
23.83999999995778, -0.7171924557374324 
23.849999999957756, -0.7168200285026054 
23.859999999957733, -0.7139734575419694 
23.86999999995771, -0.7134519399114431 
23.879999999957686, -0.7132922824198089 
23.889999999957663, -0.7131046933611855 
23.89999999995764, -0.7132571967276103 
23.909999999957616, -0.7142246284312957 
23.919999999957593, -0.7141218158563534 
23.92999999995757, -0.7056945111203387 
23.939999999957546, -0.7017610922846835 
23.949999999957523, -0.7015396691820188 
23.9599999999575, -0.7010486864656713 
23.969999999957476, -0.7008805622260043 
23.979999999957453, -0.7009938044832619 
23.98999999995743, -0.70096943355712 
23.999999999957407, -0.7027898741657099 
24.009999999957383, -0.7133539669815793 
24.01999999995736, -0.7132953665456326 
24.029999999957337, -0.7117475565611858 
24.039999999957313, -0.7110983287650069 
24.04999999995729, -0.7109883287297774 
24.059999999957267, -0.7108561867831584 
24.069999999957243, -0.7109167298363633 
24.07999999995722, -0.7128037501718254 
24.089999999957197, -0.7130768369749163 
24.099999999957173, -0.7085373345531671 
24.10999999995715, -0.7020311061240452 
24.119999999957127, -0.7018846941949818 
24.129999999957104, -0.7015407596722476 
24.13999999995708, -0.7013540012661653 
24.149999999957057, -0.7015574529483045 
24.159999999957034, -0.7017468610291666 
24.16999999995701, -0.7017077344309861 
24.179999999956987, -0.7080630544118337 
24.189999999956964, -0.7081875489792884 
24.19999999995694, -0.7074421617990606 
24.209999999956917, -0.7068506356698105 
24.219999999956894, -0.7067565486161158 
24.22999999995687, -0.7067234778438842 
24.239999999956847, -0.7066465700265391 
24.249999999956824, -0.7104433794665327 
24.2599999999568, -0.7121089758389145 
24.269999999956777, -0.7108686779224527 
24.279999999956754, -0.7068651223839212 
24.28999999995673, -0.7066037802832327 
24.299999999956707, -0.7063889781277632 
24.309999999956684, -0.7062017567673118 
24.31999999995666, -0.7064888637349674 
24.329999999956637, -0.7071243334352667 
24.339999999956614, -0.7067999160803666 
24.34999999995659, -0.6973692042795778 
24.359999999956568, -0.6965653934582504 
24.369999999956544, -0.6962129544834883 
24.37999999995652, -0.695765253335766 
24.389999999956498, -0.6956740876583515 
24.399999999956474, -0.6958157675274873 
24.40999999995645, -0.695711637686931 
24.419999999956428, -0.7015421891275715 
24.429999999956404, -0.7083867422371235 
24.43999999995638, -0.7080883446672315 
24.449999999956358, -0.7066237924531467 
24.459999999956334, -0.7062543161081235 
24.46999999995631, -0.70616130613342 
24.479999999956288, -0.7060331698624858 
24.489999999956265, -0.7064469117040812 
24.49999999995624, -0.7089938670104892 
24.509999999956218, -0.7089535100342558 
24.519999999956195, -0.7028897140224162 
24.52999999995617, -0.7004337835245918 
24.539999999956148, -0.7002681294120577 
24.549999999956125, -0.6999876582162524 
24.5599999999561, -0.6998959224539877 
24.569999999956078, -0.7003478094226215 
24.579999999956055, -0.7004640119698677 
24.58999999995603, -0.6999641412358218 
24.599999999956008, -0.6959288421297151 
24.609999999955985, -0.6958451048877248 
24.61999999995596, -0.6952421735246811 
24.62999999995594, -0.6949221554455777 
24.639999999955915, -0.6949278691363444 
24.64999999995589, -0.6949760831286 
24.65999999995587, -0.6950556292022215 
24.669999999955845, -0.705792271078931 
24.67999999995582, -0.7065348247521375 
24.6899999999558, -0.7054139738699966 
24.699999999955775, -0.7041941176135696 
24.709999999955752, -0.7040455335401473 
24.71999999995573, -0.703931080365149 
24.729999999955705, -0.7038154217991294 
24.739999999955682, -0.7052204688261087 
24.74999999995566, -0.706489205287458 
24.759999999955635, -0.705529634560201 
24.769999999955612, -0.6973900738456099 
24.77999999995559, -0.696993344031343 
24.789999999955565, -0.6967340381776018 
24.799999999955542, -0.6964979095211336 
24.80999999995552, -0.6966056080337425 
24.819999999955495, -0.6970976101203202 
24.829999999955472, -0.6969024936464082 
24.83999999995545, -0.6928555750346773 
24.849999999955426, -0.6915338596856515 
24.859999999955402, -0.6912296052162404 
24.86999999995538, -0.6906959036267658 
24.879999999955356, -0.6905544284587897 
24.889999999955332, -0.690666896596601 
24.89999999995531, -0.6906037647186427 
24.909999999955286, -0.6938097544553102 
24.919999999955262, -0.7031990955884734 
24.92999999995524, -0.7030485339307374 
24.939999999955216, -0.7016772591494421 
24.949999999955192, -0.7012042834471283 
24.95999999995517, -0.7011194108422462 
24.969999999955146, -0.7010153476694789 
24.979999999955123, -0.7012347009436981 
24.9899999999551, -0.7044711066718193 
24.999999999955076, -0.7046930967711047 
