t, s[1].omega / s[0].omega 
0, -0.009997846291459637 
0.009999999999999995, -0.01004758419112865 
0.019999999999999934, -0.01061157374588428 
0.029999999999999874, -0.011642467016836931 
0.04000000000000012, -0.013024876842167748 
0.050000000000000405, -0.014565571151875572 
0.06000000000000069, -0.016036247537021306 
0.07000000000000098, -0.017248129391175798 
0.08000000000000126, -0.01809873494887742 
0.09000000000000155, -0.018562694699055002 
0.10000000000000184, -0.018651263344074357 
0.11000000000000212, -0.0183748147156198 
0.12000000000000241, -0.017723222749301826 
0.130000000000002, -0.016666251368599547 
0.1400000000000009, -0.015175904463971632 
0.1499999999999998, -0.013271167617704948 
0.1599999999999987, -0.01106731885741372 
0.1699999999999976, -0.008785150321341391 
0.1799999999999965, -0.0066887628478405 
0.1899999999999954, -0.004991473875314107 
0.1999999999999943, -0.003806812367186353 
0.2099999999999932, -0.0031657470649790534 
0.2199999999999921, -0.003057938979384322 
0.229999999999991, -0.003453625002808962 
0.2399999999999899, -0.0042936284185530705 
0.2499999999999888, -0.005463295787999678 
0.2599999999999877, -0.0067845087230527 
0.2699999999999866, -0.008051569531156228 
0.2799999999999855, -0.00909317262795129 
0.2899999999999844, -0.00981141976333233 
0.2999999999999833, -0.01017432021285266 
0.3099999999999822, -0.010181154093418809 
0.3199999999999811, -0.009829195638062874 
0.32999999999998, -0.009095633724046804 
0.3399999999999789, -0.00793870603491877 
0.3499999999999778, -0.006322389989613946 
0.35999999999997667, -0.004266052675702637 
0.36999999999997557, -0.0018980288379820466 
0.37999999999997447, 0.000441884384334958 
0.38999999999997337, 0.0022275957893136498 
0.39999999999997227, 0.003579218089569073 
0.40999999999997117, 0.004389387948183848 
0.41999999999997006, 0.004638070561554167 
0.42999999999996896, 0.004345890322773936 
0.43999999999996786, 0.003550540532257235 
0.44999999999996676, 0.0023165552085765285 
0.45999999999996566, 0.0007607453453746407 
0.46999999999996456, -0.00070158275078931 
0.47999999999996346, -0.0019122094084253205 
0.48999999999996235, -0.0029024629774612705 
0.49999999999996125, -0.003577397765505974 
0.5099999999999602, -0.0039045842814267296 
0.519999999999959, -0.003880675069964873 
0.529999999999958, -0.00349960969043961 
0.5399999999999568, -0.0027357145021720164 
0.5499999999999557, -0.001546106393589262 
0.5599999999999546, 0.0000803656540591168 
0.5699999999999535, 0.0017264122891147385 
0.5799999999999524, 0.003667741752264417 
0.5899999999999513, 0.005655211825560536 
0.5999999999999502, 0.007407558744778711 
0.6099999999999491, 0.008713554841588842 
0.619999999999948, 0.009473650506525974 
0.6299999999999469, 0.009671478855208618 
0.6399999999999458, 0.009327559006210354 
0.6499999999999447, 0.008478289327096962 
0.6599999999999436, 0.007188475035972216 
0.6699999999999425, 0.005578310000549621 
0.6799999999999414, 0.0038295716234533505 
0.6899999999999403, 0.002147315454646133 
0.6999999999999392, 0.0006982946098293856 
0.7099999999999381, -0.0002453436851990541 
0.719999999999937, -0.0005778047897111811 
0.7299999999999359, -0.0005556661772798607 
0.7399999999999348, -0.00017583008665856897 
0.7499999999999337, 0.0002735898463965501 
0.7599999999999326, 0.001014694357708507 
0.7699999999999315, 0.0021988806849728678 
0.7799999999999304, 0.00379072565998542 
0.7899999999999293, 0.00564740384491595 
0.7999999999999282, 0.0075247091094052445 
0.8099999999999271, 0.009155506896679677 
0.819999999999926, 0.010343125982464434 
0.8299999999999249, 0.010995015691676425 
0.8399999999999238, 0.011093316953476744 
0.8499999999999227, 0.010652501717979383 
0.8599999999999216, 0.009703220389425315 
0.8699999999999205, 0.008308984562124491 
0.8799999999999194, 0.006595339498699259 
0.8899999999999183, 0.004754103240585389 
0.8999999999999172, 0.002999135077927755 
0.9099999999999161, 0.0014997552047449512 
0.919999999999915, 0.0003450752503982525 
0.9299999999999139, -0.00017557582343605429 
0.9399999999999128, -0.00016562224281332618 
0.9499999999999117, 0.000020351246625436716 
0.9599999999999106, 0.0003294391681090636 
0.9699999999999095, 0.0010452700210571888 
0.9799999999999084, 0.0021847812493519516 
0.9899999999999073, 0.0037041051262550633 
0.9999999999999062, 0.005457827676137913 
1.0099999999999052, 0.007209704578951227 
1.019999999999904, 0.008708244597471236 
1.029999999999903, 0.00977064955545418 
1.039999999999902, 0.01030956351441309 
1.0499999999999008, 0.010303990444763909 
1.0599999999998997, 0.00976145738525798 
1.0699999999998986, 0.008706876705197913 
1.0799999999998975, 0.007203398205602974 
1.0899999999998964, 0.005383417032652985 
1.0999999999998953, 0.0034499163478609617 
1.1099999999998942, 0.0016254207262734477 
1.119999999999893, 0.00008057145228211639 
1.129999999999892, -0.0006898934063751652 
1.1399999999998909, -0.001055494321765772 
1.1499999999998898, -0.0010537486720554243 
1.1599999999998887, -0.0006915178355310322 
1.1699999999998876, 0.00002533353681598583 
1.1799999999998865, 0.0007221258286721842 
1.1899999999998854, 0.0018262943828255764 
1.1999999999998843, 0.003286887513432298 
1.2099999999998832, 0.004956267441460037 
1.219999999999882, 0.006604632261235319 
1.229999999999881, 0.007993146580140996 
1.2399999999998799, 0.008950161998060773 
1.2499999999998788, 0.00939239635962794 
1.2599999999998777, 0.009296177116395484 
1.2699999999998766, 0.008663420680268766 
1.2799999999998755, 0.007514895374733331 
1.2899999999998744, 0.005914775288260591 
1.2999999999998733, 0.0040029108179862535 
1.3099999999998722, 0.001992767351221068 
1.319999999999871, 0.00011381312913676705 
1.32999999999987, -0.0010574706223923608 
1.3399999999998689, -0.001819007446504796 
1.3499999999998678, -0.0021914674902886603 
1.3599999999998666, -0.0021919995822176188 
1.3699999999998655, -0.001831104573122645 
1.3799999999998644, -0.0010997862301102442 
1.3899999999998633, 0.000017594870547516708 
1.3999999999998622, 0.0010989314281506302 
1.4099999999998611, 0.002518232675785247 
1.41999999999986, 0.004125522540665777 
1.429999999999859, 0.005695460228931198 
1.4399999999998578, 0.006998783867060462 
1.4499999999998567, 0.007872561999235897 
1.4599999999998556, 0.008236910616386723 
1.4699999999998545, 0.008066384403262216 
1.4799999999998534, 0.007359025373335083 
1.4899999999998523, 0.0061333323249199 
1.4999999999998512, 0.004455833755625685 
1.5099999999998501, 0.002473830046001384 
1.519999999999849, 0.00040954356296350546 
1.529999999999848, -0.0011581076972328461 
1.5399999999998468, -0.0023156016119017797 
1.5499999999998457, -0.0030811392039246793 
1.5599999999998446, -0.003451160843405688 
1.5699999999998435, -0.0034465091441285406 
1.5799999999998424, -0.003079872076740499 
1.5899999999998413, -0.0023440917041689306 
1.5999999999998402, -0.00122113736732109 
1.6099999999998391, 0.00021358349227802704 
1.619999999999838, 0.0016116779587099193 
1.629999999999837, 0.003181355232581215 
1.6399999999998358, 0.004699431885583498 
1.6499999999998347, 0.005943250593209786 
1.6599999999998336, 0.006756599138894449 
1.6699999999998325, 0.007062779145543738 
1.6799999999998314, 0.006835818226250153 
1.6899999999998303, 0.00607182974938651 
1.6999999999998292, 0.0047889525509337855 
1.709999999999828, 0.0030571306852051026 
1.719999999999827, 0.0010304778768040685 
1.729999999999826, -0.0008394122939283236 
1.7399999999998248, -0.002327813603451946 
1.7499999999998237, -0.0034838366390300196 
1.7599999999998226, -0.004240577926741336 
1.7699999999998215, -0.004598799496707281 
1.7799999999998204, -0.004581444811393333 
1.7899999999998193, -0.004201846912689889 
1.7999999999998182, -0.003453227334493997 
1.809999999999817, -0.0023188422241817953 
1.819999999999816, -0.0008023021576884692 
1.8299999999998149, 0.0007935363780477997 
1.8399999999998138, 0.0023481539846346693 
1.8499999999998127, 0.0038381742813277985 
1.8599999999998116, 0.0050450932253037414 
1.8699999999998105, 0.005817996783840999 
1.8799999999998094, 0.006083485060773284 
1.8899999999998083, 0.00581633321984506 
1.8999999999998072, 0.005012501983920059 
1.909999999999806, 0.003691381528876456 
1.919999999999805, 0.0019270033564720702 
1.9299999999998039, -0.000098170871286125 
1.9399999999998028, -0.0017610046301600045 
1.9499999999998017, -0.003241560691109104 
1.9599999999998006, -0.004381277677429281 
1.9699999999997995, -0.00511861069181367 
1.9799999999997984, -0.005457352955747364 
1.9899999999997973, -0.005421092390192262 
1.9999999999997962, -0.005022486215606846 
2.0099999999998173, -0.004253949498491213 
2.0199999999998384, -0.00309895475529921 
2.0299999999998595, -0.0015633755663158656 
2.0399999999998806, 0.00021991718519263009 
2.0499999999999017, 0.0017768544694934298 
2.059999999999923, 0.0032567081528959924 
2.069999999999944, 0.004443429506773065 
2.079999999999965, 0.005190560843125322 
2.089999999999986, 0.005428253329307395 
2.100000000000007, 0.005133057168531517 
2.1100000000000283, 0.004302102075561339 
2.1200000000000494, 0.0029571440361188914 
2.1300000000000705, 0.0011766124505614135 
2.1400000000000916, -0.0006952403559837751 
2.1500000000001127, -0.002347568869207431 
2.160000000000134, -0.003806746521191417 
2.170000000000155, -0.00492015166874967 
2.180000000000176, -0.005631098166279441 
2.190000000000197, -0.005945360518890421 
2.2000000000002182, -0.005886108412214338 
2.2100000000002393, -0.005464421299366005 
2.2200000000002604, -0.004671148075390758 
2.2300000000002815, -0.003489357079432128 
2.2400000000003026, -0.0019268284978070742 
2.2500000000003237, -0.00005919686167742341 
2.260000000000345, 0.0015236459180663997 
2.270000000000366, 0.003003812768645855 
2.280000000000387, 0.004179914321142152 
2.290000000000408, 0.004909601149121592 
2.3000000000004293, 0.005126808081179638 
2.3100000000004504, 0.004810480016063254 
2.3200000000004715, 0.003959662217272201 
2.3300000000004926, 0.002599060230734431 
2.3400000000005137, 0.00081156573815689 
2.3500000000005348, -0.0009759709132725269 
2.360000000000556, -0.0026092095540618753 
2.370000000000577, -0.004040260924363582 
2.380000000000598, -0.005122646036842862 
2.390000000000619, -0.005804086577310726 
2.4000000000006403, -0.006091680734219556 
2.4100000000006614, -0.0060076033351219894 
2.4200000000006825, -0.0055609229359887625 
2.4300000000007036, -0.004740612654965792 
2.4400000000007247, -0.003529160432819395 
2.450000000000746, -0.0019362709956871216 
2.460000000000767, -0.00004235481363424461 
2.470000000000788, 0.001553362256281335 
2.480000000000809, 0.003037225357211625 
2.49000000000083, 0.0042056484710794395 
2.5000000000008513, 0.00492039384979495 
2.5100000000008724, 0.00511929307960182 
2.5200000000008935, 0.0047838768484992685 
2.5300000000009146, 0.003915326772128815 
2.5400000000009357, 0.002541456113760713 
2.550000000000957, 0.0007495720816323424 
2.560000000000978, -0.0010166062639721523 
2.570000000000999, -0.0026288592521962447 
2.58000000000102, -0.00403068109713337 
2.5900000000010412, -0.005081624467926051 
2.6000000000010624, -0.0057335108874449385 
2.6100000000010835, -0.005994485967269834 
2.6200000000011046, -0.005885573887253923 
2.6300000000011257, -0.005413788213677236 
2.6400000000011468, -0.004566282036947125 
2.650000000001168, -0.0033251329847402518 
2.660000000001189, -0.0017022467513902045 
2.67000000000121, 0.00016969702984308152 
2.680000000001231, 0.001770800586179512 
2.6900000000012523, 0.003256358658393335 
2.7000000000012734, 0.0044151580675508405 
2.7100000000012945, 0.0051132638872946334 
2.7200000000013156, 0.005292364454393094 
2.7300000000013367, 0.0049364269645932515 
2.740000000001358, 0.004048622865905586 
2.750000000001379, 0.0026597758897841843 
2.7600000000014, 0.0008615551730274106 
2.770000000001421, -0.0009218009639270847 
2.780000000001442, -0.0025154507170823837 
2.7900000000014633, -0.00389043120481734 
2.8000000000014844, -0.00491209186340955 
2.8100000000015055, -0.005536197384759202 
2.8200000000015266, -0.005771933512146554 
2.8300000000015477, -0.005639289246196546 
2.840000000001569, -0.005143421571075695 
2.85000000000159, -0.004269942788848252 
2.860000000001611, -0.003000891278760592 
2.870000000001632, -0.0013507721298167737 
2.8800000000016532, 0.0004625656632290923 
2.8900000000016743, 0.0020736845955111587 
2.9000000000016954, 0.0035559176802685147 
2.9100000000017165, 0.004700521373832267 
2.9200000000017377, 0.0053780982075762665 
2.9300000000017588, 0.005534021778378081 
2.94000000000178, 0.0051543469921120294 
2.950000000001801, 0.00424390822992461 
2.960000000001822, 0.0028363486162529487 
2.970000000001843, 0.0010276930767908756 
2.9800000000018643, -0.0007916652275184342 
2.9900000000018854, -0.002370898542061789 
3.0000000000019065, -0.003722801421541235 
3.0100000000019276, -0.004718293521931153 
3.0200000000019487, -0.005317037214153375 
3.03000000000197, -0.005529385026378942 
3.040000000001991, -0.005374522380506877 
3.050000000002012, -0.00485604357998152 
3.060000000002033, -0.003958380938532649 
3.070000000002054, -0.0026639645869007272 
3.0800000000020753, -0.0009903022457972278 
3.0900000000020964, 0.0007565723388690205 
3.1000000000021175, 0.002371930629233456 
3.1100000000021386, 0.003845047192958489 
3.1200000000021597, 0.004970331787986891 
3.130000000002181, 0.005623102852061185 
3.140000000002202, 0.005752168119233729 
3.150000000002223, 0.00534526496701993 
3.160000000002244, 0.004408547988907577 
3.1700000000022652, 0.0029783176343295983 
3.1800000000022863, 0.0011550107279565429 
3.1900000000023074, -0.0006929766974215738 
3.2000000000023285, -0.002261804031932403 
3.2100000000023496, -0.0035941350395503058 
3.2200000000023707, -0.004566305445087352 
3.230000000002392, -0.005141878367693957 
3.240000000002413, -0.005332513838525811 
3.250000000002434, -0.005156816553797075 
3.260000000002455, -0.004617092547005845 
3.2700000000024763, -0.0036969270094603934 
3.2800000000024974, -0.0023795292043921933 
3.2900000000025185, -0.0006857452628761373 
3.3000000000025396, 0.001004708714128165 
3.3100000000025607, 0.0026191983287609326 
3.3200000000025818, 0.004078225058377132 
3.330000000002603, 0.005179916467325204 
3.340000000002624, 0.005804390960638612 
3.350000000002645, 0.005903620857403384 
3.360000000002666, 0.005466669694177362 
3.3700000000026873, 0.004500754805802736 
3.3800000000027084, 0.0030447593494283874 
3.3900000000027295, 0.0012036330122085922 
3.4000000000027506, -0.0006586062400708405 
3.4100000000027717, -0.0022198372498646846 
3.420000000002793, -0.0035350363013081205 
3.430000000002814, -0.0044858809470717615 
3.440000000002835, -0.005039835492583867 
3.450000000002856, -0.00520995268694145 
3.460000000002877, -0.005014405169657942 
3.4700000000028983, -0.004454407486003929 
3.4800000000029194, -0.0035129485679890487 
3.4900000000029405, -0.0021743135993354396 
3.5000000000029616, -0.0004629333192777129 
3.5100000000029827, 0.0011867014048894888 
3.520000000003004, 0.002796657550159675 
3.530000000003025, 0.004238155071279301 
3.540000000003046, 0.005313427344395933 
3.550000000003067, 0.005907387426683593 
3.5600000000030882, 0.005974928683144739 
3.5700000000031094, 0.005506186646915748 
3.5800000000031305, 0.004509310271159094 
3.5900000000031516, 0.0030257912495016076 
3.6000000000031727, 0.0011652114008523712 
3.6100000000031938, -0.0006952704454228297 
3.620000000003215, -0.0022501662583157968 
3.630000000003236, -0.0035493674941992426 
3.640000000003257, -0.004479878359016315 
3.650000000003278, -0.005013027675922757 
3.6600000000032993, -0.0051632601175583956 
3.6700000000033204, -0.004948367923608964 
3.6800000000033415, -0.004368575398010633 
3.6900000000033626, -0.003406429418358643 
3.7000000000033837, -0.0020474895206375526 
3.710000000003405, -0.0003199362934296397 
3.720000000003426, 0.0013015262733229855 
3.730000000003447, 0.002904901508464784 
3.740000000003468, 0.004327077211236865 
3.750000000003489, 0.005374609858040924 
3.7600000000035103, 0.005937139166305857 
3.7700000000035314, 0.005972287850906385 
3.7800000000035525, 0.0054711253602873705 
3.7900000000035736, 0.004442727178178826 
3.8000000000035947, 0.0029313043072637644 
3.810000000003616, 0.0010511810012221751 
3.820000000003637, -0.0007899482524822504 
3.830000000003658, -0.0023383218637166177 
3.840000000003679, -0.0036214792942148486 
3.8500000000037002, -0.004531763363318881 
3.8600000000037213, -0.00504427612259808 
3.8700000000037424, -0.005174765346289816 
3.8800000000037635, -0.004940603838136324 
3.8900000000037847, -0.004341040999388189 
3.9000000000038058, -0.003358251882911587 
3.910000000003827, -0.0019791889953639724 
3.920000000003848, -0.00023589278859182275 
3.930000000003869, 0.0013741754044928403 
3.94000000000389, 0.002970274654181107 
3.9500000000039113, 0.004372659577343 
3.9600000000039324, 0.005392302975258121 
3.9700000000039535, 0.005923475488118848 
3.9800000000039746, 0.005926395134734931 
3.9900000000039957, 0.0053930234785217026 
4.000000000004016, 0.004333449060698568 
4.010000000003993, 0.0027947613123203317 
4.02000000000397, 0.0008961077967256827 
4.030000000003946, -0.0009157132854754821 
4.040000000003923, -0.0024564369878078843 
4.0500000000039, -0.003722769899760016 
4.0600000000038765, -0.004612400118766139 
4.070000000003853, -0.0051040616436746275 
4.08000000000383, -0.005214655167327255 
4.090000000003807, -0.004961038010837101 
4.100000000003783, -0.004341449362927892 
4.11000000000376, -0.0033377166362974233 
4.120000000003737, -0.0019382650883295611 
4.130000000003713, -0.00017908535810535345 
4.14000000000369, 0.0014239644906778178 
4.150000000003667, 0.0030128234013423023 
4.1600000000036434, 0.004395645620823523 
4.17000000000362, 0.00538785266885167 
4.180000000003597, 0.005888245522535165 
4.1900000000035735, 0.005859542951086757 
4.20000000000355, 0.005294612313717156 
4.210000000003527, 0.004204688715981007 
4.220000000003504, 0.0026399152953051797 
4.23000000000348, 0.0007243119069017102 
4.240000000003457, -0.0010564398747225537 
4.250000000003434, -0.0025879557996103123 
4.26000000000341, -0.0038363655286354817 
4.270000000003387, -0.004704690170671065 
4.280000000003364, -0.005175122704086405 
4.2900000000033405, -0.005265536702082044 
4.300000000003317, -0.004992152803445957 
4.310000000003294, -0.004352142966179683 
4.320000000003271, -0.00332699228252942 
4.330000000003247, -0.0019066646381397782 
4.340000000003224, -0.00013118748485528914 
4.350000000003201, 0.0014651731677842975 
4.360000000003177, 0.003047150777259669 
4.370000000003154, 0.004410932840813419 
4.380000000003131, 0.0053763990418973315 
4.390000000003107, 0.0058467855466750925 
4.400000000003084, 0.005787241824317878 
4.410000000003061, 0.00519158258804753 
4.4200000000030375, 0.0040723416659726765 
4.430000000003014, 0.002482888796922384 
4.440000000002991, 0.000552135582968721 
4.450000000002968, -0.0011912552820757423 
4.460000000002944, -0.0027119049136833675 
4.470000000002921, -0.003941246624805967 
4.480000000002898, -0.004787594425500103 
4.490000000002874, -0.005236407726372879 
4.500000000002851, -0.005306344194661553 
4.510000000002828, -0.005012864004872183 
4.520000000002804, -0.004352015830176506 
4.530000000002781, -0.0033049526730148334 
4.540000000002758, -0.0018632524373518855 
4.5500000000027345, -0.00007107741206200847 
4.560000000002711, 0.0015188799549958822 
4.570000000002688, 0.0030942621598198427 
4.580000000002665, 0.004439429090488661 
4.590000000002641, 0.005378737515200058 
4.600000000002618, 0.005819774059951647 
4.610000000002595, 0.005730054435055458 
4.620000000002571, 0.005104379220182772 
4.630000000002548, 0.003956720843704531 
4.640000000002525, 0.0023438283749855657 
4.6500000000025015, 0.00039950481784221427 
4.660000000002478, -0.0013135844574638839 
4.670000000002455, -0.002821988596935066 
4.6800000000024315, -0.004031361916437417 
4.690000000002408, -0.004855248013694843 
4.700000000002385, -0.005282183967015462 
4.710000000002362, -0.005331440980048766 
4.720000000002338, -0.005017616384072252 
4.730000000002315, -0.004335601226624622 
4.740000000002292, -0.003266249891687602 
4.750000000002268, -0.0018028528062284798 
4.760000000002245, 0.000005454800251590599 
4.770000000002222, 0.0015853664840108708 
4.7800000000021985, 0.0031541208936015077 
4.790000000002175, 0.0044807892398496816 
4.800000000002152, 0.00539424388002089 
4.810000000002129, 0.005806340419845351 
4.820000000002105, 0.0056868870856823395 
4.830000000002082, 0.005031692251209374 
4.840000000002059, 0.0038562875986070124 
4.850000000002035, 0.0022209364766014685 
4.860000000002012, 0.0002643243129583004 
4.870000000001989, -0.0014171274768879831 
4.880000000001965, -0.002912224951351242 
4.890000000001942, -0.004100998289170279 
4.900000000001919, -0.004902139144177959 
4.9100000000018955, -0.005307082829635551 
4.920000000001872, -0.005335565880840972 
4.930000000001849, -0.005001245008956699 
4.940000000001826, -0.004297844174993357 
4.950000000001802, -0.0032059790398627926 
4.960000000001779, -0.0017207759396480782 
4.970000000001756, 0.00008246097589311025 
4.980000000001732, 0.0016686801357744777 
4.990000000001709, 0.003230401474863559 
5.000000000001686, 0.004538330882581535 
5.0100000000016625, 0.0054259139895271435 
5.020000000001639, 0.005809193005698378 
5.030000000001616, 0.005660179973853512 
5.0400000000015925, 0.004975690705597098 
5.050000000001569, 0.00377291354355202 
5.060000000001546, 0.002115743655582858 
5.070000000001523, 0.0001477385305209735 
5.080000000001499, -0.0015069559403437936 
5.090000000001476, -0.0029880538449379764 
5.100000000001453, -0.004155889963968564 
5.110000000001429, -0.004934213969871291 
5.120000000001406, -0.00531719801469669 
5.130000000001383, -0.0053249232724761975 
5.1400000000013595, -0.004970054986063907 
5.150000000001336, -0.004245165861629466 
5.160000000001313, -0.0031307174639927876 
5.17000000000129, -0.0016238153763619481 
5.180000000001266, 0.00016958192744200186 
5.190000000001243, 0.001761431249066954 
5.20000000000122, 0.003315398147368233 
5.210000000001196, 0.004604063131784396 
5.220000000001173, 0.005465511082225952 
5.23000000000115, 0.005819881107244007 
5.240000000001126, 0.005641286186121021 
5.250000000001103, 0.004927533737273416 
5.26000000000108, 0.003697552964977467 
5.2700000000010565, 0.002018980025140053 
5.280000000001033, 0.000040234678990990936 
5.29000000000101, -0.0015884694562060195 
5.300000000000987, -0.003055098565131843 
5.310000000000963, -0.00420183555725585 
5.32000000000094, -0.004957393594140743 
5.330000000000917, -0.005318533218389368 
5.340000000000893, -0.005305577935273873 
5.35000000000087, -0.004930167992238142 
5.360000000000847, -0.0041837566740964 
5.3700000000008234, -0.0030467513280229715 
5.3800000000008, -0.0015183906056767246 
5.390000000000777, 0.0002645911053225492 
5.4000000000007535, 0.0018612123103094729 
5.41000000000073, 0.0034065326922704748 
5.420000000000707, 0.004675259786168738 
5.430000000000684, 0.005510181071420224 
5.44000000000066, 0.005835434975895743 
5.450000000000637, 0.0056271250456622285 
5.460000000000614, 0.004884028153968452 
5.47000000000059, 0.0036268932850589087 
5.480000000000567, 0.0019272021215889109 
5.490000000000544, -0.000049421724820542236 
5.5000000000005205, -0.0016668582861278374 
5.510000000000497, -0.00311868370236051 
5.520000000000474, -0.00424426230286624 
5.5300000000004506, -0.004977173666634312 
5.540000000000427, -0.005316627660517691 
5.550000000000404, -0.005283100358847907 
5.560000000000381, -0.004887184839719645 
5.570000000000357, -0.004119257106323927 
5.580000000000334, -0.0029597796220836325 
5.590000000000311, -0.0014102826557895066 
5.600000000000287, 0.0003616094577681228 
5.610000000000264, 0.0019620502132093876 
5.620000000000241, 0.0034977594163638466 
5.6300000000002175, 0.0047458245616881075 
5.640000000000194, 0.005553788523463168 
5.650000000000171, 0.00584968308171307 
5.660000000000148, 0.005611489877509778 
5.670000000000124, 0.004838935037144934 
5.680000000000101, 0.003554668973835605 
5.690000000000078, 0.0018341227927405463 
5.700000000000054, -0.00013044676239699774 
5.710000000000031, -0.001744100365465024 
5.720000000000008, -0.003180817885846195 
5.729999999999984, -0.0042852014795592645 
5.739999999999961, -0.004995596450885039 
5.749999999999938, -0.005313526258568114 
5.7599999999999145, -0.005259535037652285 
5.769999999999891, -0.004843151193278583 
5.779999999999868, -0.004053719958699955 
5.789999999999845, -0.00287187222571765 
5.799999999999821, -0.0013015886407064608 
5.809999999999798, 0.0004585114566316863 
5.819999999999775, 0.002061805314420912 
5.829999999999751, 0.0035869465689472775 
5.839999999999728, 0.0048136467177616535 
5.849999999999705, 0.005594242591921927 
5.8599999999996815, 0.005860547069447736 
5.869999999999658, 0.005592310153291112 
5.879999999999635, 0.004790193860677269 
5.8899999999996115, 0.0034788375091945206 
5.899999999999588, 0.001737724804713546 
5.909999999999565, -0.00021282745796496674 
5.919999999999542, -0.001822175943037984 
5.929999999999518, -0.003243475679375963 
5.939999999999495, -0.0043266217867733775 
5.949999999999472, -0.0050146207197472184 
5.959999999999448, -0.005311175035283852 
5.969999999999425, -0.0052368149724188766 
5.979999999999402, -0.004799988772720532 
5.9899999999993785, -0.003989059179337515 
5.999999999999355, -0.00278494009853877 
6.009999999999332, -0.0011942190183064807 
6.019999999999309, 0.0005519413471046775 
6.029999999999285, 0.0021571514966315626 
6.039999999999262, 0.0036708217206838046 
6.049999999999239, 0.004875517297651286 
6.059999999999215, 0.005628391470918613 
6.069999999999192, 0.005864921284118047 
6.079999999999169, 0.005566521535695668 
6.089999999999145, 0.00473478741660197 
6.099999999999122, 0.0033964432181832404 
6.109999999999099, 0.0016351277631575368 
6.1199999999990755, -0.0003022743091278178 
6.129999999999052, -0.0019067297287671836 
6.139999999999029, -0.003312249123169115 
6.149999999999006, -0.004374071110071456 
6.159999999998982, -0.005039754803482238 
6.169999999998959, -0.005315046028496557 
6.179999999998936, -0.0052203779627000005 
6.189999999998912, -0.004763100894804596 
6.199999999998889, -0.003930640164156712 
6.209999999998866, -0.002704302887614929 
6.2199999999988425, -0.001093432318480853 
6.229999999998819, 0.0006410884888328046 
6.239999999998796, 0.0022473973660806818 
6.2499999999987725, 0.0037488342186926373 
6.259999999998749, 0.0049310249771911995 
6.269999999998726, 0.0056559440862954 
6.279999999998703, 0.00586261519728449 
6.289999999998679, 0.005534026648226843 
6.299999999998656, 0.004672720300475263 
6.309999999998633, 0.003307612958605516 
6.319999999998609, 0.0015265987814157438 
6.329999999998586, -0.0003925671805946731 
6.339999999998563, -0.0019914267041101492 
6.3499999999985395, -0.0033807202699353625 
6.359999999998516, -0.004421072299805971 
6.369999999998493, -0.0050644766196330775 
6.37999999999847, -0.005318580623931611 
6.389999999998446, -0.005203633686172159 
6.399999999998423, -0.004725867915000004 
6.4099999999984, -0.0038718151601978995 
6.419999999998376, -0.00262328576189018 
6.429999999998353, -0.000992525964637856 
6.43999999999833, 0.0007283304158774489 
6.449999999998306, 0.002334972292130928 
6.459999999998283, 0.003823479570544712 
6.46999999999826, 0.004982730605145659 
6.4799999999982365, 0.005679513572559635 
6.489999999998213, 0.005856280799533526 
6.49999999999819, 0.0054975109429618915 
6.509999999998167, 0.00460671568360972 
6.519999999998143, 0.003215116972412587 
6.52999999999812, 0.0014149592103741475 
6.539999999998097, -0.0004866574086804478 
6.549999999998073, -0.0020791942390560782 
6.55999999999805, -0.0034518038140374284 
6.569999999998027, -0.004470529238913385 
6.5799999999980034, -0.005091676194608486 
6.58999999999798, -0.005324652111254572 
6.599999999997957, -0.005189437145727494 
6.6099999999979335, -0.004691125688394976 
6.61999999999791, -0.003815400252052171 
6.629999999997887, -0.002544683906662543 
6.639999999997864, -0.0008942693391048204 
6.64999999999784, 0.0008167503888386665 
6.659999999997817, 0.0024230160743176675 
6.669999999997794, 0.0038979660248265277 
6.67999999999777, 0.00503390774037697 
6.689999999997747, 0.005702424707234991 
6.699999999997724, 0.0058492808446050735 
6.7099999999977005, 0.005460370401220546 
6.719999999997677, 0.0045402074063787285 
6.729999999997654, 0.0031224357588721646 
6.7399999999976306, 0.0013037384535625144 
6.749999999997607, -0.000580979420648265 
6.759999999997584, -0.0021664518981043407 
6.769999999997561, -0.0035219194841705297 
6.779999999997537, -0.004518864408411517 
6.789999999997514, -0.005117774859676903 
6.799999999997491, -0.005329676825788824 
6.809999999997467, -0.00517419826203174 
6.819999999997444, -0.004655279202733659 
6.829999999997421, -0.003757800629963279 
6.8399999999973975, -0.0024649118422419266 
6.849999999997374, -0.000795096168632392 
6.859999999997351, 0.000902626681019307 
6.869999999997328, 0.0025077995473226245 
6.879999999997304, 0.003968574161488267 
6.889999999997281, 0.005080853799216803 
6.899999999997258, 0.005720989000406046 
6.909999999997234, 0.005837937080961486 
6.919999999997211, 0.005418938733289521 
6.929999999997188, 0.004469550115133919 
6.939999999997164, 0.003025957330000449 
6.949999999997141, 0.0011893643188073315 
6.959999999997118, -0.0006747132057812629 
6.9699999999970945, -0.0022523658064083334 
6.979999999997071, -0.0035902320575266163 
6.989999999997048, -0.004565242167123013 
6.999999999997025, -0.005141932072930096 
7.009999999997001, -0.005332805350156367 
7.019999999996978, -0.005157056966120772 
7.029999999996955, -0.0046174581269821015 
7.039999999996931, -0.0036981385237616305 
7.049999999996908, -0.0023830893987286713 
7.059999999996885, -0.0006941275930922744 
7.0699999999968615, 0.0009912007284103087 
7.079999999996838, 0.0025945763925824803 
7.089999999996815, 0.004040577830131986 
7.0999999999967915, 0.005128860226809011 
7.109999999996768, 0.005740505279532104 
7.119999999996745, 0.005827546312277462 
7.129999999996722, 0.00537850672060507 
7.139999999996698, 0.004400029373169969 
7.149999999996675, 0.0029309626092510056 
7.159999999996652, 0.0010771053667830081 
7.169999999996628, -0.0007669811882830558 
7.179999999996605, -0.0023361048188290474 
7.189999999996582, -0.0036559582265871166 
7.1999999999965585, -0.004608915470312505 
7.209999999996535, -0.005163422538741405 
7.219999999996512, -0.005333323986321236 
7.229999999996489, -0.005137307106745712 
7.239999999996465, -0.004576965750959559 
7.249999999996442, -0.00363573481475981 
7.259999999996419, -0.0022985689940573403 
7.269999999996395, -0.0005907622817219618 
7.279999999996372, 0.0010801159100650066 
7.289999999996349, 0.002680949452753386 
7.299999999996325, 0.004111554995763507 
7.309999999996302, 0.005175488266157735 
7.319999999996279, 0.005758518133335305 
7.3299999999962555, 0.005815634998863718 
7.339999999996232, 0.0053365844295747995 
7.349999999996209, 0.004329144608508771 
7.359999999996186, 0.0028349466713402426 
7.369999999996162, 0.0009644518057846576 
7.379999999996139, -0.0008603087002499458 
7.389999999996116, -0.0024202214815721547 
7.399999999996092, -0.003721678905076174 
7.409999999996069, -0.004652484192643399 
7.419999999996046, -0.005184853698672701 
7.4299999999960225, -0.0053338400275773756 
7.439999999995999, -0.005117552551508162 
7.449999999995976, -0.004536402954520375 
7.4599999999959525, -0.0035731912552679997 
7.469999999995929, -0.002213959401060218 
7.479999999995906, -0.00048761946708427795 
7.489999999995883, 0.001169655595735329 
7.499999999995859, 0.002767212518296398 
7.509999999995836, 0.004181822319543741 
7.519999999995813, 0.005221078170812546 
7.529999999995789, 0.005775383903555257 
7.539999999995766, 0.005802568993904162 
7.549999999995743, 0.0052935469469362435 
7.5599999999957195, 0.004257286257373989 
7.569999999995696, 0.002738322645378695 
7.579999999995673, 0.0008518386884126397 
7.58999999999565, -0.0009498927500220234 
7.599999999995626, -0.0024999245494424912 
7.609999999995603, -0.003782623322550513 
7.61999999999558, -0.00469119424466285 
7.629999999995556, -0.00520148034312074 
7.639999999995533, -0.0053296117112339786 
7.64999999999551, -0.005093053822026341 
7.659999999995486, -0.004491036253356736 
7.669999999995463, -0.00350579002105311 
7.67999999999544, -0.002124574011291386 
7.6899999999954165, -0.00038006007699892296 
7.699999999995393, 0.0012600452847364779 
7.70999999999537, 0.002853547336740577 
7.719999999995347, 0.0042515312008692034 
7.729999999995323, 0.005265756765199815 
7.7399999999953, 0.005791203435889745 
7.749999999995277, 0.005788420645241892 
7.759999999995253, 0.005249438143427073 
7.76999999999523, 0.004184472236183795 
7.779999999995207, 0.0026410837387793908 
7.789999999995183, 0.0007392282829619487 
7.79999999999516, -0.0010401755065107422 
7.809999999995137, -0.00257970739207027 
7.8199999999951135, -0.0038433295635970735 
7.82999999999509, -0.004729612807933436 
7.839999999995067, -0.005217883732372155 
7.849999999995044, -0.005325225032299761 
7.85999999999502, -0.005068398027466566 
7.869999999994997, -0.004445454886894458 
7.879999999994974, -0.0034381275264560745 
7.88999999999495, -0.0020350236074390027 
7.899999999994927, -0.00027271238199625373 
7.909999999994904, 0.0013510072681339588 
7.9199999999948805, 0.0029396823883274022 
7.929999999994857, 0.004320429055925826 
7.939999999994834, 0.005309291130990225 
7.9499999999948106, 0.005805756473891133 
7.959999999994787, 0.0057729766004110715 
7.969999999994764, 0.005204052005450639 
7.979999999994741, 0.004110510332997625 
7.989999999994717, 0.002543058622877946 
7.999999999994694, 0.0006264687242187565 
8.00999999999467, -0.0011313023974531531 
8.019999999994647, -0.002659723308534077 
8.029999999994624, -0.0039039629889209343 
8.0399999999946, -0.004767911949696453 
8.049999999994577, -0.005234235414893629 
8.059999999994554, -0.005320846498467373 
8.06999999999453, -0.0050437454249520385 
8.079999999994508, -0.004399814731987298 
8.089999999994484, -0.0033703603962610415 
8.099999999994461, -0.0019454727555940996 
8.109999999994438, -0.0001657526312712643 
8.119999999994414, 0.0014423605332460298 
8.129999999994391, 0.0030254477141818084 
8.139999999994368, 0.004388368841857811 
8.149999999994344, 0.005351556680668264 
8.159999999994321, 0.005818933263281488 
8.169999999994298, 0.005756136219871325 
8.179999999994275, 0.005157297877249225 
8.189999999994251, 0.004035326821728764 
8.199999999994228, 0.002444197647288771 
8.209999999994205, 0.0005135324352726484 
8.219999999994181, -0.001220386741816883 
8.229999999994158, -0.0027370949485361574 
8.239999999994135, -0.003961661134747158 
8.249999999994111, -0.0048032392978686386 
8.259999999994088, -0.005247686130513377 
8.269999999994065, -0.005313625731717452 
8.279999999994041, -0.005016244088405355 
8.289999999994018, -0.004351266005649249 
8.299999999993995, -0.0032996495437065793 
8.309999999993972, -0.0018531055355848068 
8.319999999993948, -0.00005639841066276475 
8.329999999993925, 0.001532496263202949 
8.339999999993902, 0.0031092186804105503 
8.349999999993878, 0.0044537238442132025 
8.359999999993855, 0.005390927583034833 
8.369999999993832, 0.0058291049164897555 
8.379999999993808, 0.005736264538263701 
8.389999999993785, 0.005107536765955311 
8.399999999993762, 0.003957285434415781 
8.409999999993738, 0.0023428734201569558 
8.419999999993715, 0.00039879822205831413 
8.429999999993692, -0.0013119621954952132 
8.439999999993669, -0.0028163706671627373 
8.449999999993645, -0.004020985734356259 
8.459999999993622, -0.004840161321254528 
8.469999999993599, -0.005262798582398551 
8.479999999993575, -0.005308116615261213 
8.489999999993552, -0.00499043704684256 
8.499999999993529, -0.004304340887204378 
8.509999999993505, -0.003230517688078708 
8.519999999993482, -0.001762435792965486 
8.529999999993459, 0.00004140465477380104 
8.539999999993436, 0.001624211573676207 
8.549999999993412, 0.0031938372160039245 
8.559999999993389, 0.004519387135637208 
8.569999999993366, 0.005430340596464437 
8.579999999993342, 0.005839239021492614 
8.589999999993319, 0.005716351515286301 
8.599999999993296, 0.005057780877071325 
8.609999999993272, 0.003879426959340144 
8.619999999993249, 0.0022421606096091856 
8.629999999993226, 0.00028536888121669763 
8.639999999993202, -0.0013985571782138958 
8.64999999999318, -0.002890090719625597 
8.659999999993156, -0.004074495972533549 
8.669999999993133, -0.004871251992583564 
8.67999999999311, -0.005272155011685347 
8.689999999993086, -0.005296906084386953 
8.699999999993063, -0.0049589169663124735 
8.70999999999304, -0.004251644605402143 
8.719999999993016, -0.0031555968171774586 
8.729999999992993, -0.001666143061737186 
8.73999999999297, 0.00012764265462240505 
8.749999999992946, 0.001715966868062499 
8.759999999992923, 0.003277704586222962 
8.7699999999929, 0.004583715687277381 
8.779999999992876, 0.005468115191172162 
8.789999999992853, 0.005847618122781552 
8.79999999999283, 0.005694642504321756 
8.809999999992806, 0.005006240030125524 
8.819999999992783, 0.0037999287917332295 
8.82999999999276, 0.0021402046441303005 
8.839999999992736, 0.00017135053570827314 
8.849999999992713, -0.0014893812304933728 
8.85999999999269, -0.0029675122501425966 
8.869999999992666, -0.004131483910740684 
8.879999999992643, -0.004905821057207842 
8.88999999999262, -0.005285069242784017 
8.899999999992596, -0.0052893043648186075 
8.909999999992573, -0.00493098722320265 
8.91999999999255, -0.004202473062477635 
8.929999999992527, -0.003084175805309959 
8.939999999992503, -0.001573507250072911 
8.94999999999248, 0.000211222516821614 
8.959999999992457, 0.0018043573827149074 
8.969999999992433, 0.003357479907879872 
8.97999999999241, 0.004643442387970391 
8.989999999992387, 0.005501051980529196 
8.999999999992363, 0.005851099177376904 
9.00999999999234, 0.005668045655567698 
9.019999999992317, 0.004949879847106193 
9.029999999992294, 0.0037158301012005434 
9.03999999999227, 0.0020341348222382696 
9.049999999992247, 0.00005396610939003653 
9.059999999992224, -0.0015784152919244108 
9.0699999999922, -0.0030425673225741496 
9.079999999992177, -0.004185850711673648 
9.089999999992154, -0.004937746400265973 
9.09999999999213, -0.0052953987128255605 
9.109999999992107, -0.005279150093590834 
9.119999999992084, -0.004900469382041873 
9.12999999999206, -0.004150633609946824 
9.139999999992037, -0.003010053002341299 
9.149999999992014, -0.001478324448712953 
9.15999999999199, 0.00029834738848922817 
9.169999999991967, 0.0018955909559426887 
9.179999999991944, 0.003439385418451952 
9.18999999999192, 0.004704806154183823 
9.199999999991897, 0.005535398529817355 
9.209999999991874, 0.00585592732813613 
9.21999999999185, 0.005642796290840183 
9.229999999991827, 0.004894923520452318 
9.239999999991804, 0.0036333416906129713 
9.24999999999178, 0.0019301445284191268 
9.259999999991757, -0.000048270782092968144 
9.269999999991734, -0.0016653640856951577 
9.27999999999171, -0.0031150179489222917 
9.289999999991688, -0.004237406311026399 
9.299999999991664, -0.004966869534591925 
9.309999999991641, -0.005303002903712767 
9.319999999991618, -0.005266313610915763 
9.329999999991594, -0.004867244090252902 
9.339999999991571, -0.004096023157994682 
9.349999999991548, -0.0029331541878918387 
9.359999999991524, -0.0013805657300231923 
9.369999999991501, 0.00038462963807131404 
9.379999999991478, 0.0019852289251104213 
9.389999999991455, 0.0035189495098433125 
9.399999999991431, 0.004763317331258555 
9.409999999991408, 0.0055666518810147956 
9.419999999991385, 0.005857585708663138 
9.429999999991361, 0.0056143644449545265 
9.439999999991338, 0.004836833424137714 
9.449999999991315, 0.0035479273429373376 
9.459999999991291, 0.0018237056121736118 
9.469999999991268, -0.00014133674712410075 
9.479999999991245, -0.0017547567576779981 
9.489999999991221, -0.003189406009122395 
9.499999999991198, -0.00429070184262658 
9.509999999991175, -0.004997742163006964 
9.519999999991152, -0.005312426838656408 
9.529999999991128, -0.005255329360481077 
9.539999999991105, -0.004835833823592028 
9.549999999991082, -0.004043152493362465 
9.559999999991058, -0.0028579796017725078 
9.569999999991035, -0.001284719709238636 
9.579999999991012, 0.00047286845725076187 
9.589999999990988, 0.0020761072901451716 
9.599999999990965, 0.0035990592178288304 
9.609999999990942, 0.004821915975405807 
9.619999999990918, 0.005597794605532071 
9.629999999990895, 0.005859086706512948 
9.639999999990872, 0.005585785969506233 
9.649999999990849, 0.004778671100859327 
9.659999999990825, 0.003462681603888456 
9.669999999990802, 0.001717948993370886 
9.679999999990779, -0.0002300675539204384 
9.689999999990755, -0.0018390709705218555 
9.699999999990732, -0.0032582224490934086 
9.709999999990709, -0.004338245229377601 
9.719999999990685, -0.005022883989239867 
9.729999999990662, -0.005316196274050619 
9.739999999990639, -0.00523872689468924 
9.749999999990616, -0.004798774416412837 
9.759999999990592, -0.0039845723270119145 
9.769999999990569, -0.002777110879357964 
9.779999999990546, -0.0011834202346542992 
9.789999999990522, 0.00056164052820059 
9.799999999990499, 0.0021667350249538753 
9.809999999990476, 0.0036781709420962184 
9.819999999990452, 0.004879018670770325 
9.829999999990429, 0.005627207705960219 
9.839999999990406, 0.005858775421131069 
9.849999999990382, 0.005555370149988036 
9.85999999999036, 0.004718712354680165 
9.869999999990336, 0.003375849867152795 
9.879999999990313, 0.0016110883828606571 
9.88999999999029, -0.00032355746621859263 
9.899999999990266, -0.0019274495468049858 
9.909999999990243, -0.0033306543287169566 
9.91999999999022, -0.0043892531076041115 
9.929999999990196, -0.00505152459534709 
9.939999999990173, -0.005323541902937217 
9.94999999999015, -0.0052257318107246774 
9.959999999990126, -0.004765283975086387 
9.969999999990103, -0.003929493057477454 
9.97999999999008, -0.0026997508910711 
9.989999999990056, -0.0010858588237697947 
9.999999999990033, 0.0006475937502372303 
10.00999999999001, 0.0022538087105888572 
10.019999999989986, 0.0037530498955795993 
10.029999999989963, 0.004931464088903178 
10.03999999998994, 0.005651794310031476 
10.049999999989916, 0.00585360884548691 
10.059999999989893, 0.005520125677587261 
10.06999999998987, 0.004654027070913584 
10.079999999989846, 0.003284580649145159 
10.089999999989823, 0.0015003649930829688 
10.0999999999898, -0.00041575469566298724 
10.109999999989776, -0.00201377301335011 
10.119999999989753, -0.0034005402172955224 
10.12999999998973, -0.0044375366935804576 
10.139999999989707, -0.005077453452113462 
10.149999999989683, -0.005328233614354112 
10.15999999998966, -0.005210095926121332 
10.169999999989637, -0.004729098141127137 
10.179999999989613, -0.003871637619149377 
10.18999999998959, -0.002619615891136795 
10.199999999989567, -0.0009857516941491735 
10.209999999989543, 0.0007370107652095285 
10.21999999998952, 0.00234361716345993 
10.229999999989497, 0.0038299995452878064 
10.239999999989474, 0.004985569424580209 
10.24999999998945, 0.005677875680514542 
10.259999999989427, 0.005849901949393743 
10.269999999989404, 0.005486355375543659 
10.27999999998938, 0.004590904583419695 
10.289999999989357, 0.0031951487714130464 
10.299999999989334, 0.0013920311046231872 
10.30999999998931, -0.0005062614026285444 
10.319999999989287, -0.0020977003457875875 
10.329999999989264, -0.0034675969947674844 
10.33999999998924, -0.004482857917468515 
10.349999999989217, -0.005100460828678251 
10.359999999989194, -0.005330077819234979 
10.36999999998917, -0.005191636428189154 
10.379999999989147, -0.004690046130012111 
10.389999999989124, -0.003810855272091793 
10.3999999999891, -0.0025365897200022424 
10.409999999989077, -0.0008830338930161474 
10.419999999989054, 0.0008255372564499846 
10.42999999998903, 0.0024317568544376233 
10.439999999989007, 0.003904585674108045 
10.449999999988984, 0.00503688206568111 
10.45999999998896, 0.005700983597219993 
10.469999999988937, 0.005843170381773947 
10.479999999988914, 0.005449560777316254 
10.48999999998889, 0.0045248389062879 
10.499999999988868, 0.0031030495932977626 
10.509999999988844, 0.0012815875001591954 
10.519999999988821, -0.0005995777541563352 
10.529999999988798, -0.0021837433829402226 
10.539999999988774, -0.003536351760465125 
10.549999999988751, -0.004529752804061587 
10.559999999988728, -0.005125082390022874 
10.569999999988704, -0.005333603163000349 
10.579999999988681, -0.005174871714015835 
10.589999999988658, -0.004652635273113383 
10.599999999988635, -0.0037516431686378006 
10.609999999988611, -0.0024551607878217263 
10.619999999988588, -0.0007821828978194967 
10.629999999988565, 0.0009159848858472746 
10.639999999988541, 0.0025210776322505853 
10.649999999988518, 0.003979708049526529 
10.659999999988495, 0.005088349826267497 
10.669999999988471, 0.005724102028550776 
10.679999999988448, 0.005836423025487549 
10.689999999988425, 0.005412771809274927 
10.699999999988401, 0.004458885070641351 
10.709999999988378, 0.003011370209145388 
10.719999999988355, 0.0011721533420214398 
10.729999999988332, -0.0006882064283037666 
10.739999999988308, -0.0022644092544480262 
10.749999999988285, -0.003599329741875541 
10.759999999988262, -0.004570764348023037 
10.769999999988238, -0.0051438723717688924 
10.779999999988215, -0.00533136984425823 
10.789999999988192, -0.00515236680616081 
10.799999999988168, -0.004609439511875217 
10.809999999988145, -0.003686595025648428 
10.819999999988122, -0.002367961008224973 
10.829999999988098, -0.0006758907406298331 
10.839999999988075, 0.00100686779541382 
10.849999999988052, 0.002610026830682728 
10.859999999988029, 0.004053763114219613 
10.869999999988005, 0.005138328998869767 
10.879999999987982, 0.005745549816681303 
10.889999999987959, 0.0058279409002907605 
10.899999999987935, 0.0053742323605052685 
10.909999999987912, 0.00439125253015858 
10.919999999987889, 0.002918287874563957 
10.929999999987865, 0.001061870004138533 
10.939999999987842, -0.0007813193770053413 
10.949999999987819, -0.0023489204438937464 
10.959999999987796, -0.0036657958319441333 
10.969999999987772, -0.004615183220806848 
10.979999999987749, -0.005166131211487405 
10.989999999987726, -0.005332677743459855 
10.999999999987702, -0.005133416043199673 
11.009999999987679, -0.0045697460624101426 
11.019999999987656, -0.003624991238960909 
11.029999999987632, -0.002284263876956684 
11.039999999987609, -0.0005734180545838346 
11.049999999987586, 0.0010947693147820383 
11.059999999987562, 0.002695241505896305 
11.06999999998754, 0.00412345845834808 
11.079999999987516, 0.005183598041120765 
11.089999999987493, 0.0057621657036590265 
11.09999999998747, 0.005814614172765641 
11.109999999987446, 0.005330885080026997 
11.119999999987423, 0.004318948780025455 
11.1299999999874, 0.002820892787799654 
11.139999999987376, 0.0009479209771516246 
11.149999999987353, -0.000872927742655352 
11.15999999998733, -0.002431228797104656 
11.169999999987306, -0.003729665427510253 
11.179999999987283, -0.004656899747610824 
11.18999999998726, -0.005185728281258955 
11.199999999987236, -0.005331377100287212 
11.209999999987213, -0.005111852083489207 
11.21999999998719, -0.004527372229775719 
11.229999999987166, -0.0035606379374973672 
11.239999999987143, -0.0021978709460282555 
11.24999999998712, -0.0004685675631490517 
11.259999999987096, 0.001185886987868407 
11.269999999987073, 0.0027829285232901734 
11.27999999998705, 0.0041950170046219076 
11.289999999987026, 0.005230392038970329 
11.299999999987003, 0.005780186248260978 
11.30999999998698, 0.005802671452555327 
11.319999999986956, 0.005288946217081651 
11.329999999986933, 0.004248177115253636 
11.33999999998691, 0.0027253732398764764 
11.349999999986887, 0.0008364686816123285 
11.359999999986863, -0.0009627279652260323 
11.36999999998684, -0.0025110883069371192 
11.379999999986817, -0.003790746775117682 
11.389999999986793, -0.00469576154593218 
11.39999999998677, -0.005202534782516016 
11.409999999986747, -0.0053273525354003825 
11.419999999986723, -0.00508756956215564 
11.4299999999867, -0.004482225745962042 
11.439999999986677, -0.003493465784363309 
11.449999999986654, -0.0021087514019948834 
11.45999999998663, -0.0003613621242539752 
11.469999999986607, 0.0012757813784689887 
11.479999999986584, 0.002868606303183086 
11.48999999998656, 0.004263933068848415 
11.499999999986537, 0.005274190443547939 
11.509999999986514, 0.005795076931060596 
11.51999999998649, 0.005787563849339138 
11.529999999986467, 0.005243855769215152 
11.539999999986444, 0.004174374286249253 
11.54999999998642, 0.0026271714309600023 
11.559999999986397, 0.0007229624663888649 
11.569999999986374, -0.0010552721264415368 
11.57999999998635, -0.0025930623836496487 
11.589999999986327, -0.0038536154795303854 
11.599999999986304, -0.004736348920435169 
11.60999999998628, -0.00522112725211661 
11.619999999986257, -0.00532517144506908 
11.629999999986234, -0.0050651243805058446 
11.63999999998621, -0.004438850652100174 
11.649999999986187, -0.003428007937988974 
11.659999999986164, -0.0020214280964590894 
11.66999999998614, -0.00025630926204131294 
11.679999999986117, 0.0013672411531977745 
11.689999999986094, 0.0029551090188996445 
11.69999999998607, 0.004333094749685779 
11.709999999986048, 0.005317929381331879 
11.719999999986024, 0.005809808818467126 
11.729999999986001, 0.005772287591093747 
11.739999999985978, 0.005198633677112178 
11.749999999985954, 0.004100589828784224 
11.759999999985931, 0.0025293729836998774 
11.769999999985908, 0.0006105207669141871 
11.779999999985884, -0.0011430665094690564 
11.789999999985861, -0.0026696641390375384 
11.799999999985838, -0.00391080147524842 
11.809999999985815, -0.004771206200711711 
11.819999999985791, -0.005234058174324024 
11.829999999985768, -0.005317390481061699 
11.839999999985745, -0.005037077651201306 
11.849999999985721, -0.004389818218021915 
11.859999999985698, -0.003356858525603682 
11.869999999985675, -0.0019285376421113662 
11.879999999985651, -0.00014610866069424063 
11.889999999985628, 0.0014587757570588894 
11.899999999985605, 0.003040886791690423 
11.909999999985581, 0.004400908215487389 
11.919999999985558, 0.0053599789535508065 
11.929999999985535, 0.00582271684360753 
11.939999999985512, 0.005755141896631184 
11.949999999985488, 0.0051515447731768985 
11.959999999985465, 0.004025057413448609 
11.969999999985442, 0.002430181903530323 
11.979999999985418, 0.0004973120664440025 
11.989999999985395, -0.001235255424741989 
11.999999999985372, -0.002750084880403855 
12.009999999985348, -0.0039715323637450175 
12.019999999985325, -0.004809580476838705 
12.029999999985302, -0.0052505798769355155 
12.039999999985278, -0.005313258763114726 
12.049999999985255, -0.005012671479764613 
12.059999999985232, -0.004344362503949217 
12.069999999985209, -0.0032892438143725133 
12.079999999985185, -0.0018392971111608962 
12.089999999985162, -0.00003995879283582503 
12.099999999985139, 0.0015470393379792891 
12.109999999985115, 0.003122655832695157 
12.119999999985092, 0.004464164124092087 
12.129999999985069, 0.005397200059364751 
12.139999999985045, 0.005830720568011699 
12.149999999985022, 0.005733098261449318 
12.159999999984999, 0.005099616896917925 
12.169999999984976, 0.00394487621472484 
12.179999999984952, 0.0023267861510885657 
12.189999999984929, 0.0003806193580946424 
12.199999999984906, -0.0013257550674169647 
12.209999999984882, -0.002828187653191366 
12.219999999984859, -0.004029638089637528 
12.229999999984836, -0.0048452776147620375 
12.239999999984812, -0.005264477442949349 
12.249999999984789, -0.005306542305203926 
12.259999999984766, -0.004985654444392714 
12.269999999984742, -0.004296217210591306 
12.27999999998472, -0.0032188874040160456 
12.289999999984696, -0.0017474267462655462 
12.299999999984673, 0.00005461258922023393 
12.30999999998465, 0.0016383139802386114 
12.319999999984626, 0.0032067109716837896 
12.329999999984603, 0.004529173928873765 
12.33999999998458, 0.005435913997920189 
12.349999999984556, 0.005840140001414215 
12.359999999984533, 0.005712467229330261 
12.36999999998451, 0.005049148100765432 
12.379999999984486, 0.0038663315024043974 
12.389999999984463, 0.00222545431964401 
12.39999999998444, 0.00026668040211913133 
12.409999999984416, -0.0014134650574251912 
12.419999999984393, -0.0029029314546895266 
12.42999999998437, -0.004084129951711155 
12.439999999984346, -0.004877345076726559 
12.449999999984323, -0.005274819813743935 
12.4599999999843, -0.005296323215470383 
12.469999999984276, -0.004955120384374491 
12.479999999984253, -0.00424449333193731 
12.48999999998423, -0.0031449301258575897 
12.499999999984206, -0.0016521151832746763 
12.509999999984183, 0.00013980724867178012 
12.51999999998416, 0.0017289255390308227 
12.529999999984136, 0.0032893312927018323 
12.539999999984113, 0.004592186000834799 
12.54999999998409, 0.005472345319295259 
12.559999999984067, 0.005847176342700444 
12.569999999984043, 0.005689427045938536 
12.57999999998402, 0.004996297463209551 
12.589999999983997, 0.0037855700699318687 
12.599999999983973, 0.002122326111178558 
12.60999999998395, 0.00015162450755804155 
12.619999999983927, -0.0015044563132770269 
12.629999999983903, -0.00298041225176465 
12.63999999998388, -0.004141123212409515 
12.649999999983857, -0.0049119058867244676 
12.659999999983834, -0.0052877279554777775 
12.66999999998381, -0.005288714836701502 
12.679999999983787, -0.004927172782387321 
12.689999999983764, -0.004195284369551746 
12.69999999998374, -0.003073456514960522 
12.709999999983717, -0.0015594372852447992 
12.719999999983694, 0.000226282116366377 
12.72999999998367, 0.0018201194823350801 
12.739999999983647, 0.0033718143522298545 
12.749999999983624, 0.00465455578357345 
12.7599999999836, 0.005507899135009138 
12.769999999983577, 0.005853271833138822 
12.779999999983554, 0.005665450106112689 
12.78999999998353, 0.004942569808492168 
12.799999999983507, 0.003704138359559259 
12.809999999983484, 0.002018997205712847 
12.81999999998346, 0.00003709193518512011 
12.829999999983437, -0.0015905242301475224 
12.839999999983414, -0.0030524234949550234 
12.84999999998339, -0.004192418553466954 
12.859999999983367, -0.004940766519632377 
12.869999999983344, -0.0052950102024902305 
12.87999999998332, -0.005275525592374857 
12.889999999983297, -0.004893622145857136 
12.899999999983274, -0.0041404100769508985 
12.90999999998325, -0.0029963095308729445 
12.919999999983228, -0.001461278851167007 
12.929999999983204, 0.0003133708699370694 
12.939999999983181, 0.0019111678010437776 
12.949999999983158, 0.0034533842810386683 
12.959999999983134, 0.004715472289829159 
12.969999999983111, 0.005541733436321113 
12.979999999983088, 0.00585755230230213 
12.989999999983064, 0.005639629156628801 
12.999999999983041, 0.004887026374855372 
13.009999999983018, 0.003621069018363874 
13.019999999982995, 0.0019144710659316944 
13.029999999982971, -0.00006269210573575381 
13.039999999982948, -0.001679292150884116 
13.049999999982925, -0.0031266358475909965 
13.059999999982901, -0.004245721173589206 
13.069999999982878, -0.004971649923415838 
13.079999999982855, -0.005304394397327574 
13.089999999982831, -0.005264481259133232 
13.099999999982808, -0.004862189733265928 
13.109999999982785, -0.004087587798888308 
13.119999999982761, -0.0029212049258943644 
13.129999999982738, -0.0013653543858391693 
13.139999999982715, 0.0003984558934460267 
13.149999999982692, 0.0019994820798805634 
13.159999999982668, 0.003531501868602111 
13.169999999982645, 0.0047724535868199506 
13.179999999982622, 0.005571417504760028 
13.189999999982598, 0.005857628352043382 
13.199999999982575, 0.005609612430986842 
13.209999999982552, 0.0048273594680487055 
13.219999999982528, 0.0035341126046299805 
13.229999999982505, 0.0018065690480645578 
13.239999999982482, -0.00015564978286446222 
13.249999999982458, -0.0017684566258936055 
13.259999999982435, -0.0032007143321122326 
13.269999999982412, -0.004298675431258453 
13.279999999982389, -0.005002182388919898 
13.289999999982365, -0.005313488770670403 
13.299999999982342, -0.005253172111161474 
13.309999999982319, -0.0048304485102409495 
13.319999999982295, -0.004034374806202016 
13.329999999982272, -0.0028456873068912563 
13.339999999982249, -0.0012691984495386405 
13.349999999982225, 0.00048619599013225226 
13.359999999982202, 0.002089745220029229 
13.369999999982179, 0.0036108856177521397 
13.379999999982156, 0.004830254693484995 
13.389999999982132, 0.0056017327266369545 
13.399999999982109, 0.005858295713079997 
13.409999999982086, 0.005580203435164148 
13.419999999982062, 0.004768380690040038 
13.429999999982039, 0.0034480923728434426 
13.439999999982016, 0.0017001246147657092 
13.449999999981992, -0.0002449444375722829 
13.459999999981969, -0.0018532116506199858 
13.469999999981946, -0.0032698887682144503 
13.479999999981922, -0.004346543863358181 
13.4899999999819, -0.005027648456375168 
13.499999999981876, -0.005317590506268673 
13.509999999981853, -0.005236903705228203 
13.51999999998183, -0.0047937139749068625 
13.529999999981806, -0.003976104805646295 
13.539999999981783, -0.0027651243950745715 
13.54999999998176, -0.0011682333497809523 
13.559999999981736, 0.0005745586109321257 
13.569999999981713, 0.0021798572011149943 
13.57999999998169, 0.0036893836028035034 
13.589999999981666, 0.004886684858292837 
13.599999999981643, 0.005630454047474859 
13.60999999998162, 0.0058572950525978594 
13.619999999981596, 0.005549109132310715 
13.629999999981573, 0.004707766335190463 
13.63999999998155, 0.0033606579334640127 
13.649999999981526, 0.0015927603711012477 
13.659999999981503, -0.00033880271404469655 
13.66999999998148, -0.001941827501414312 
13.679999999981456, -0.0033424702100919275 
13.689999999981433, -0.004397664970680094 
13.69999999998141, -0.0050563984135216615 
13.709999999981386, -0.005325050433123172 
13.719999999981363, -0.005224021523178056 
13.72999999998134, -0.004760324072568467 
13.739999999981316, -0.003921108242762586 
13.749999999981293, -0.0026878397750091073 
13.75999999998127, -0.0010707727777101213 
13.769999999981247, 0.0006632466256119525 
13.779999999981223, 0.0022695633743258477 
13.7899999999812, 0.003766800194206012 
13.799999999981177, 0.004941610027186244 
13.809999999981153, 0.005657498955478535 
13.81999999998113, 0.005854584139664724 
13.829999999981107, 0.00551632391578886 
13.839999999981083, 0.004645553710370039 
13.84999999998106, 0.003271901801777438 
13.859999999981037, 0.0014846319948925077 
13.869999999981014, -0.0004282926620762023 
13.87999999998099, -0.0020253398500294445 
13.889999999980967, -0.0034094842725390885 
13.899999999980944, -0.004443063067769251 
13.90999999998092, -0.005079455122164142 
13.919999999980897, -0.005326888127219453 
13.929999999980874, -0.005205541892001385 
13.93999999998085, -0.004721295264189024 
13.949999999980827, -0.0038604101528194484 
13.959999999980804, -0.0026048819918033346 
13.96999999998078, -0.0009679078003281907 
13.979999999980757, 0.0007523926704371341 
13.989999999980734, 0.0023589447407382233 
13.99999999998071, 0.0038431789022043547 
14.009999999980687, 0.004995045414471105 
14.019999999980664, 0.005682855086719979 
14.02999999998064, 0.005850120558869537 
14.039999999980617, 0.005481774419971957 
14.049999999980594, 0.004581640309810805 
14.05999999998057, 0.003181694425476217 
14.069999999980547, 0.0013755794744153972 
14.079999999980524, -0.0005194302310894223 
14.0899999999805, -0.0021098162054470912 
14.099999999980477, -0.0034770463596263805 
14.109999999980454, -0.004488886765372997 
14.11999999998043, -0.005102983938825628 
14.129999999980408, -0.005329274248256522 
14.139999999980384, -0.005187635277211052 
14.149999999980361, -0.004682796923735499 
14.159999999980338, -0.0038001815105057615 
14.169999999980314, -0.0025224284897133347 
14.179999999980291, -0.0008658246020206116 
14.189999999980268, 0.0008401700522109423 
14.199999999980244, 0.0024461915342630395 
14.209999999980221, 0.00391674383860759 
14.219999999980198, 0.0050452535599407496 
14.229999999980175, 0.005704816764965659 
14.239999999980151, 0.005842222728006252 
14.249999999980128, 0.005443802045058441 
14.259999999980105, 0.004514397862618505 
14.269999999980081, 0.003088449723886022 
14.279999999980058, 0.001264065462500165 
14.289999999980035, -0.0006137113651073667 
14.299999999980011, -0.00219672733380277 
14.309999999979988, -0.003546614112012369 
14.319999999979965, -0.004536582858533591 
14.329999999979941, -0.0051284182265774764 
14.339999999979918, -0.005333626273781823 
14.349999999979895, -0.0051717021177981925 
14.359999999979872, -0.00464621217949064 
14.369999999979848, -0.003741788589849781 
14.379999999979825, -0.0024418292965581213 
14.389999999979802, -0.0007658543042148314 
14.399999999979778, 0.0009296375356182841 
14.409999999979755, 0.0025344080529665623 
14.419999999979732, 0.0039906559294432455 
14.429999999979708, 0.005095448988966458 
14.439999999979685, 0.005726639214159528 
14.449999999979662, 0.005834174822896712 
14.459999999979638, 0.005405716072958103 
14.469999999979615, 0.004447165216304237 
14.479999999979592, 0.0029955435166690446 
14.489999999979569, 0.0011535028351903117 
14.499999999979545, -0.0007033405678275787 
14.509999999979522, -0.002278278685874764 
14.519999999979499, -0.0036104085910969724 
14.529999999979475, -0.00457838852457213 
14.539999999979452, -0.005148005308234026 
14.549999999979429, -0.005332196673163488 
14.559999999979405, -0.005149998946984406 
14.569999999979382, -0.004603805616378486 
14.579999999979359, -0.0036775146648924868 
14.589999999979335, -0.0023554045276864533 
14.599999999979312, -0.0006603755734368479 
14.609999999979289, 0.001019624221636969 
14.619999999979266, 0.002622357823113659 
14.629999999979242, 0.004063628350658475 
14.639999999979219, 0.005144304641984328 
14.649999999979196, 0.005746957536296128 
14.659999999979172, 0.005824573709102679 
14.669999999979149, 0.005366075886638895 
14.679999999979126, 0.004378466922992388 
14.689999999979102, 0.002901467438543117 
14.69999999997908, 0.0010423459626057573 
14.709999999979056, -0.0007971789164754915 
14.719999999979033, -0.0023633844060202383 
14.72999999997901, -0.0036773888398510444 
14.739999999978986, -0.004623290697694955 
14.749999999978963, -0.005170743544676546 
14.75999999997894, -0.005333984544062426 
14.769999999978916, -0.005131520410381629 
14.779999999978893, -0.004564565854105965 
14.78999999997887, -0.003616342903970763 
14.799999999978846, -0.0022721324156223664 
14.809999999978823, -0.0005583566715938651 
14.8199999999788, 0.0011099077143071957 
14.829999999978776, 0.0027098634271959486 
14.839999999978753, 0.0041355420187012305 
14.84999999997873, 0.005191758182157367 
14.859999999978706, 0.005765754876156737 
14.869999999978683, 0.005813438514484172 
14.87999999997866, 0.005324935782146818 
14.889999999978636, 0.004308400880292209 
14.899999999978613, 0.002806374912475877 
14.90999999997859, 0.0009308079158647011 
14.919999999978566, -0.0008862458868842222 
14.929999999978543, -0.002443042303942003 
14.93999999997852, -0.0037385491658541844 
14.949999999978496, -0.004662284978102378 
14.959999999978473, -0.005187628055426751 
14.96999999997845, -0.005329982651481624 
14.979999999978427, -0.005107257624613048 
14.989999999978403, -0.004519487048089397 
14.99999999997838, -0.0035492810125432365 
15.009999999978357, -0.0021830513550605236 
15.019999999978333, -0.00045088619042855244 
15.02999999997831, 0.0012006190461779308 
15.039999999978287, 0.002797004249409163 
15.049999999978263, 0.004206438581939602 
15.05999999997824, 0.005237820506303513 
15.069999999978217, 0.005783010988735826 
15.079999999978194, 0.005800715773737018 
15.08999999997817, 0.005282208972841095 
15.099999999978147, 0.004236849012112716 
15.109999999978124, 0.002710117347540896 
15.1199999999781, 0.0008187032875018732 
15.129999999978077, -0.000976590211389328 
15.139999999978054, -0.0025233564307629813 
15.14999999997803, -0.003800040915987065 
15.159999999978007, -0.004701553094682389 
15.169999999977984, -0.005204854942347478 
15.17999999997796, -0.005326391447383315 
15.189999999977937, -0.005083411223488294 
15.199999999977914, -0.004474770316813798 
15.20999999997789, -0.0034825344559476492 
15.219999999977867, -0.0020943765206751837 
15.229999999977844, -0.0003441897340392732 
15.23999999997782, 0.0012898932246428172 
15.249999999977797, 0.002881934245246823 
15.259999999977774, 0.0042745054044974725 
15.26999999997775, 0.005280713452595868 
15.279999999977727, 0.005796974587434563 
15.289999999977704, 0.005784674937797097 
15.29999999997768, 0.00523618693727658 
15.309999999977657, 0.004162133882626477 
15.319999999977634, 0.002611059610351566 
15.32999999997761, 0.0007044421580421844 
15.339999999977588, -0.0010697674878938147 
15.349999999977564, -0.00260586398782664 
15.359999999977541, -0.0038633915689798674 
15.369999999977518, -0.004742612499963801 
15.379999999977494, -0.005223928367698728 
15.389999999977471, -0.005324699515589478 
15.399999999977448, -0.005061453309180046 
15.409999999977424, -0.004431871317389572 
15.419999999977401, -0.0034175433213574137 
15.429999999977378, -0.002007532986113578 
15.439999999977355, -0.00023967307917079216 
15.449999999977331, 0.0013807165640097965 
15.459999999977308, 0.0029676874320601443 
15.469999999977285, 0.004342832031357534 
15.479999999977261, 0.005323575624739119 
15.489999999977238, 0.005810819950307791 
15.499999999977215, 0.005768516151245955 
15.509999999977191, 0.0051900943492258905 
15.519999999977168, 0.004087510672084847 
15.529999999977145, 0.0025124937765135633 
15.539999999977121, 0.0005913498261831232 
15.549999999977098, -0.001158077273475505 
15.559999999977075, -0.0026828718758468125 
15.569999999977052, -0.003920925471622688 
15.579999999977028, -0.004777802505792739 
15.589999999977005, -0.005237196264117147 
15.599999999976982, -0.005317259326094684 
15.609999999976958, -0.005033741129684849 
15.619999999976935, -0.004383157798065687 
15.629999999976912, -0.0033466986997189537 
15.639999999976888, -0.0019149550957720432 
15.649999999976865, -0.00012983482155840462 
15.659999999976842, 0.001471797992427519 
15.669999999976818, 0.0030529113205378915 
15.679999999976795, 0.004410019561633332 
15.689999999976772, 0.00536496952620296 
15.699999999976749, 0.005823072054326455 
15.709999999976725, 0.0057507265078968 
15.719999999976702, 0.005142381755924937 
15.729999999976679, 0.004011396318206336 
15.739999999976655, 0.002412804072291033 
15.749999999976632, 0.0004777712263738513 
15.759999999976609, -0.0012504915820122247 
15.769999999976585, -0.0027634030726404425 
15.779999999976562, -0.003981705213253266 
15.789999999976539, -0.004816207737067531 
15.799999999976515, -0.005253750411199963 
15.809999999976492, -0.005313160976092123 
15.819999999976469, -0.0050093591679262325 
15.829999999976446, -0.00433770776015509 
15.839999999976422, -0.0032790728497332925 
15.849999999976399, -0.0018257087747424652 
15.859999999976376, -0.0000237261816272009 
15.869999999976352, 0.001561386579183309 
15.879999999976329, 0.003135909125523406 
15.889999999976306, 0.004474436261439734 
15.899999999976282, 0.005403323806867449 
15.90999999997626, 0.00583220842782361 
15.919999999976236, 0.005729825471876756 
15.929999999976213, 0.0050916137743641865 
15.93999999997619, 0.003932413088931155 
15.949999999976166, 0.0023106843542588513 
15.959999999976143, 0.0003624746617048 
15.96999999997612, -0.001339463514218856 
15.979999999976096, -0.002839878524900261 
15.989999999976073, -0.004038136263054501 
15.99999999997605, -0.004850223322427181 
16.009999999976028, -0.005265975797729308 
16.019999999976005, -0.00530477934483821 
16.02999999997598, -0.004980673808080643 
16.039999999975958, -0.004287883530207545 
16.049999999975935, -0.003207032876355977 
16.05999999997591, -0.001732178896132514 
16.069999999975888, 0.00006807180746678753 
16.079999999975865, 0.0016526778325911596 
16.08999999997584, 0.00321985683087611 
16.099999999975818, 0.004539246962621689 
16.109999999975795, 0.005441791210590348 
16.11999999997577, 0.005841363673452841 
16.129999999975748, 0.0057089246866701086 
16.139999999975725, 0.00504087786453892 
16.1499999999757, 0.0038536250284196723 
16.15999999997568, 0.0022091727109104313 
16.169999999975655, 0.00024846055634427093 
16.17999999997563, -0.0014278596895448774 
16.18999999997561, -0.002915223050968052 
16.199999999975585, -0.004093191782956186 
16.20999999997556, -0.004882853505902218 
16.21999999997554, -0.005276892917042857 
16.229999999975515, -0.005295142789326495 
16.239999999975492, -0.004950719077959744 
16.24999999997547, -0.004236728094164655 
16.259999999975445, -0.0031336391454338123 
16.269999999975422, -0.0016374542089793414 
16.2799999999754, 0.0001526095388916277 
16.289999999975375, 0.00174252248521186 
16.299999999975352, 0.0033015966570100483 
16.30999999997533, 0.004601299133043872 
16.319999999975305, 0.00547722666537838 
16.329999999975282, 0.005847396252277955 
16.33999999997526, 0.005684884220687932 
16.349999999975235, 0.004987039819345839 
16.359999999975212, 0.0037719130713559776 
16.36999999997519, 0.0021051737107141487 
16.379999999975166, 0.00013265571444914185 
16.389999999975142, -0.0015187429841122112 
16.39999999997512, -0.0029925003400996042 
16.409999999975096, -0.00414993765672797 
16.419999999975072, -0.004917160829370425 
16.42999999997505, -0.005289555209110349 
16.439999999975026, -0.005287292373094785 
16.449999999975002, -0.004922522497243694 
16.45999999997498, -0.004187255724277836 
16.469999999974956, -0.0030618940094943 
16.479999999974932, -0.0015445252246176603 
16.48999999997491, 0.0002392686844320019 
16.499999999974886, 0.0018337955092472863 
16.509999999974863, 0.003384051824851436 
16.51999999997484, 0.0046635684606497795 
16.529999999974816, 0.005512649244357097 
16.539999999974793, 0.005853355682975138 
16.54999999997477, 0.005660776505094971 
16.559999999974746, 0.004933195968410585 
16.569999999974723, 0.003690404304670258 
16.5799999999747, 0.0020018496596926018 
16.589999999974676, 0.000018250010100038335 
16.599999999974653, -0.0016045567946227125 
16.60999999997463, -0.0030641666864537646 
16.619999999974606, -0.004200848564385426 
16.629999999974583, -0.004945633608012384 
16.63999999997456, -0.005296458382736583 
16.649999999974536, -0.005273728186932835 
16.659999999974513, -0.004888590220222895 
16.66999999997449, -0.004131986286770279 
16.679999999974466, -0.0029843461715287328 
16.689999999974443, -0.0014459907017078176 
16.69999999997442, 0.00032666126765161133 
16.709999999974396, 0.0019250378648026922 
16.719999999974373, 0.0034657063577813846 
16.72999999997435, 0.004724495942786632 
16.739999999974327, 0.005546462530194598 
16.749999999974303, 0.005857608312045855 
16.75999999997428, 0.005634930565797344 
16.769999999974257, 0.0048776399572439426 
16.779999999974233, 0.003607360004678443 
16.78999999997421, 0.001897428986323901 
16.799999999974187, -0.00007840293115664909 
16.809999999974163, -0.0016944311206025808 
16.81999999997414, -0.0031393995008746367 
16.829999999974117, -0.004255135423725539 
16.839999999974093, -0.00497749899069848 
16.84999999997407, -0.005306832827026851 
16.859999999974047, -0.005263676772097538 
16.869999999974024, -0.004858142084569947 
16.879999999974, -0.004080132574632767 
16.889999999973977, -0.0029102019293595744 
16.899999999973954, -0.0013510480037241535 
16.90999999997393, 0.00041142468228687334 
16.919999999973907, 0.002012930109297228 
16.929999999973884, 0.0035433051628282848 
16.93999999997386, 0.004780898441834514 
16.949999999973837, 0.005575547979344413 
16.959999999973814, 0.005857089247074462 
16.96999999997379, 0.0056043314318347335 
16.979999999973767, 0.0048174144597009656 
16.989999999973744, 0.003519897091325145 
16.99999999997372, 0.001789118144037196 
17.009999999973697, -0.0001701796984567087 
17.019999999973674, -0.0017822790493156175 
17.02999999997365, -0.003212068184421881 
17.039999999973627, -0.004306639956167099 
17.049999999973604, -0.005006577265837203 
17.05999999997358, -0.005314479609242962 
17.069999999973557, -0.005250921403862502 
17.079999999973534, -0.00482494535762612 
17.08999999997351, -0.004025449102579816 
17.099999999973488, -0.002833208913282548 
17.109999999973464, -0.0012534450259629058 
17.11999999997344, 0.0004998081143485774 
17.129999999973418, 0.002103724564073566 
17.139999999973394, 0.0036231128554911835 
17.14999999997337, 0.004839053812541967 
17.159999999973348, 0.005606188076268918 
17.169999999973324, 0.005858075027263782 
17.1799999999733, 0.005575243097450258 
17.189999999973278, 0.0047587690143306854 
17.199999999973254, 0.003434249881409107 
17.20999999997323, 0.001683129602859043 
17.219999999973208, -0.00026035366204051074 
17.229999999973185, -0.0018677969865471395 
17.23999999997316, -0.003281928758475884 
17.249999999973138, -0.004355166275275866 
17.259999999973115, -0.005032703634834506 
17.26999999997309, -0.005319251766104055 
17.279999999973068, -0.0052353265241719986 
17.289999999973045, -0.004788876172926085 
17.29999999997302, -0.0039678307371967 
17.309999999972998, -0.0027532945178071113 
17.319999999972975, -0.001153158669091132 
17.32999999997295, 0.0005874148649072424 
17.339999999972928, 0.002192972196000593 
17.349999999972905, 0.0037006465003924147 
17.35999999997288, 0.00489445914553787 
17.36999999997286, 0.005633863971768689 
17.379999999972835, 0.005856030436135073 
17.38999999997281, 0.0055431153930477215 
17.39999999997279, 0.004697144414318409 
17.409999999972765, 0.0033458589990376314 
17.41999999997274, 0.0015749091795876173 
17.42999999997272, -0.0003534785947695941 
17.439999999972695, -0.0019555489676921405 
17.449999999972672, -0.0033535606265532405 
17.45999999997265, -0.004405303923500909 
17.469999999972625, -0.005060468460100798 
17.479999999972602, -0.005325733307266752 
17.48999999997258, -0.005221466130819084 
17.499999999972555, -0.004754497412313064 
17.509999999972532, -0.003911829910844223 
17.51999999997251, -0.002675002214426893 
17.529999999972485, -0.001054722142477054 
17.539999999972462, 0.0006769989593050664 
17.54999999997244, 0.002283463265884792 
17.559999999972415, 0.0037787458597717803 
17.569999999972392, 0.004950004047137318 
17.57999999997237, 0.005661504030519705 
17.589999999972346, 0.005853910616095345 
17.599999999972322, 0.005510925060718488 
17.6099999999723, 0.0046355420866910435 
17.619999999972276, 0.0032577577394263236 
17.629999999972252, 0.0014675239070036272 
17.63999999997223, -0.00044210535348295795 
17.649999999972206, -0.0020380860281473856 
17.659999999972182, -0.0034195308986111296 
17.66999999997216, -0.004449637679699747 
17.679999999972136, -0.005082468194968519 
17.689999999972112, -0.005326526762259819 
17.69999999997209, -0.005201947070189385 
17.709999999972066, -0.0047144234681379005 
17.719999999972043, -0.003850078216331567 
17.72999999997202, -0.0025909979978232293 
17.739999999971996, -0.0009508575307678532 
17.749999999971973, 0.0007670464739037721 
17.75999999997195, 0.0023736164327716565 
17.769999999971926, 0.0038557779406634754 
17.779999999971903, 0.005004015824863507 
17.78999999997188, 0.005687399365959325 
17.799999999971856, 0.0058499700973704116 
17.809999999971833, 0.005476890403134149 
17.81999999997181, 0.004572146653175209 
17.829999999971786, 0.0031680998586292876 
17.839999999971763, 0.00135909444471132 
17.84999999997174, -0.0005354232234251754 
17.859999999971716, -0.002124646380182091 
17.869999999971693, -0.00348912063911515 
17.87999999997167, -0.004497475880544795 
17.889999999971646, -0.005108022162298647 
17.899999999971623, -0.005330951405066854 
17.9099999999716, -0.0051860830011150084 
17.919999999971576, -0.0046779603809696205 
17.929999999971553, -0.003791874052957795 
17.93999999997153, -0.002510572594443412 
17.949999999971507, -0.000850842931500865 
17.959999999971483, 0.0008541217299167765 
17.96999999997146, 0.002460048269411641 
17.979999999971437, 0.003928430312240048 
17.989999999971413, 0.005053255715852046 
17.99999999997139, 0.005708374897078175 
18.009999999971367, 0.005841087493566389 
18.019999999971343, 0.0054379430073885964 
18.02999999997132, 0.004503953632322432 
18.039999999971297, 0.003073962754631374 
18.049999999971273, 0.0012467928842955069 
18.05999999997125, -0.0006274500195284476 
18.069999999971227, -0.002209182403075444 
18.079999999971204, -0.0035562414870179437 
18.08999999997118, -0.004542702800463176 
18.099999999971157, -0.005130992425561395 
18.109999999971134, -0.005332849275690975 
18.11999999997111, -0.005167697555600245 
18.129999999971087, -0.004638915391937966 
18.139999999971064, -0.0037310119174209753 
18.14999999997104, -0.002427513804864864 
18.159999999971017, -0.0007484653719931085 
18.169999999970994, 0.00094443888621696 
18.17999999997097, 0.0025489826316876124 
18.189999999970947, 0.004002944368077512 
18.199999999970924, 0.005103980176037302 
18.2099999999709, 0.005730691683879978 
18.219999999970877, 0.005833518321008378 
18.229999999970854, 0.005400327631766858 
18.23999999997083, 0.0044371962045300535 
18.249999999970807, 0.0029815668652565753 
18.259999999970784, 0.0011368178764930687 
18.26999999997076, -0.0007178413367251913 
18.279999999970737, -0.002291404819709231 
18.289999999970714, -0.003620658688808473 
18.29999999997069, -0.004585124732553683 
18.309999999970668, -0.005151210339794295 
18.319999999970644, -0.005332065767146621 
18.32999999997062, -0.005146645814017931 
18.339999999970598, -0.004597155327364823 
18.349999999970574, -0.0036673790627588044 
18.35999999997055, -0.002341744064822442 
18.369999999970528, -0.0006436981032462493 
18.379999999970504, 0.0010336085068861226 
18.38999999997048, 0.0026359863750364284 
18.399999999970458, 0.0040748616911893375 
18.409999999970434, 0.005151716184885332 
18.41999999997041, 0.005749863663525557 
18.429999999970388, 0.005822762764690112 
18.439999999970365, 0.0053595332541469505 
18.44999999997034, 0.004367359485508278 
18.459999999970318, 0.0028864025480733625 
18.469999999970295, 0.0010246682703683385 
18.47999999997027, -0.0008110972624585024 
18.489999999970248, -0.0023758233228601718 
18.499999999970225, -0.0036868942561709486 
18.5099999999702, -0.004629269471608727 
18.519999999970178, -0.005173200864374209 
18.529999999970155, -0.005333117146983399 
18.53999999997013, -0.005127432616957287 
18.549999999970108, -0.004557172953501077 
18.559999999970085, -0.0036054569576915605 
18.56999999997006, -0.0022577343587521334 
18.57999999997004, -0.0005409978621573121 
18.589999999970015, 0.001124467918582191 
18.59999999996999, 0.0027239402697972095 
18.60999999996997, 0.004147116709002405 
18.619999999969945, 0.005199447808366784 
18.62999999996992, 0.005768911751646491 
18.6399999999699, 0.005811867826716588 
18.649999999969875, 0.005318630197407076 
18.659999999969852, 0.004297542172402186 
18.66999999996983, 0.0027916038686684754 
18.679999999969805, 0.0009135121476503569 
18.689999999969782, -0.0008996713886047327 
18.69999999996976, -0.0024548959672372273 
18.709999999969735, -0.0037474229635395067 
18.719999999969712, -0.004667627390319974 
18.72999999996969, -0.005189463706813288 
18.739999999969665, -0.005328507867257909 
18.749999999969642, -0.005102566709281946 
18.75999999996962, -0.0045114860945454725 
18.769999999969595, -0.003537784116808758 
18.779999999969572, -0.0021680627851301667 
18.78999999996955, -0.0004330036091730599 
18.799999999969526, 0.0012155862598514466 
18.809999999969502, 0.002811350829132325 
18.81999999996948, 0.004218168993445676 
18.829999999969456, 0.005245596954884181 
18.839999999969432, 0.0057862218849909835 
18.84999999996941, 0.0057991829243537575 
18.859999999969386, 0.005275932331626253 
18.869999999969362, 0.004226025572919137 
18.87999999996934, 0.002695421531359792 
18.889999999969316, 0.0008015648856795996 
18.899999999969292, -0.0009926613143740885 
18.90999999996927, -0.002537769289613659 
18.919999999969246, -0.00381143102127977 
18.929999999969223, -0.004709407610039027 
18.9399999999692, -0.005209215669541719 
18.949999999969176, -0.00532745295711333 
18.959999999969153, -0.005081256914057221 
18.96999999996913, -0.004469296049845869 
18.979999999969106, -0.00347355463224013 
18.989999999969083, -0.0020819156459865864 
18.99999999996906, -0.0003288864689250449 
19.009999999969036, 0.0013036399890620147 
19.019999999969013, 0.0028949516753737055 
19.02999999996899, 0.004284824081407251 
19.039999999968966, 0.005287039202015551 
19.049999999968943, 0.005798728541883807 
19.05999999996892, 0.005781693531339094 
19.069999999968896, 0.0052284787262193416 
19.079999999968873, 0.0041499159251869346 
19.08999999996885, 0.0025950466081253354 
19.099999999968826, 0.0006861108942304051 
19.109999999968803, -0.00108398026081912 
19.11999999996878, -0.0026183012142342406 
19.129999999968756, -0.003872742521276426 
19.139999999968733, -0.004748410423843597 
19.14999999996871, -0.005226236755518112 
19.159999999968687, -0.005323713761937477 
19.169999999968663, -0.005057247451420636 
19.17999999996864, -0.004424332315600332 
19.189999999968617, -0.003406487853215915 
19.199999999968593, -0.0019930090756751892 
19.20999999996857, -0.00022236477499014981 
19.219999999968547, 0.0013949108989794626 
19.229999999968523, 0.0029810339231876566 
19.2399999999685, 0.004353387852751266 
19.249999999968477, 0.005330090021343096 
19.259999999968453, 0.005812745976901653 
19.26999999996843, 0.005765703924717534 
19.279999999968407, 0.005182559918227712 
19.289999999968384, 0.004075489481049981 
19.29999999996836, 0.0024967379940399434 
19.309999999968337, 0.000573379077490858 
19.319999999968314, -0.0011732625778277397 
19.32999999996829, -0.002696186117733532 
19.339999999968267, -0.003931106295198222 
19.349999999968244, -0.004784423141949902 
19.35999999996822, -0.005240337139875805 
19.369999999968197, -0.005317113823698718 
19.379999999968174, -0.005030372597578729 
19.38999999996815, -0.004376443907605639 
19.399999999968127, -0.003336458472399567 
19.409999999968104, -0.0019012598701715604 
19.41999999996808, -0.00011341226960898248 
19.429999999968057, 0.0014850073104810259 
19.439999999968034, 0.0030651634874102164 
19.44999999996801, 0.004419401166602249 
19.459999999967987, 0.005370273326524467 
19.469999999967964, 0.005823781774371939 
19.47999999996794, 0.005746705420042104 
19.489999999967917, 0.005133654814111373 
19.499999999967894, 0.003998220787107701 
19.50999999996787, 0.0023959737419423557 
19.519999999967848, 0.00045885094955715145 
19.529999999967824, -0.0012650328345232627 
19.5399999999678, -0.002775963529276522 
19.549999999967778, -0.003991075757649325 
19.559999999967754, -0.004822004444514025 
19.56999999996773, -0.005256072125215403 
19.579999999967708, -0.005312199869126407 
19.589999999967684, -0.005005168384874923 
19.59999999996766, -0.004330156133259149 
19.609999999967638, -0.0032679824838064814 
19.619999999967614, -0.0018111754618331984 
19.62999999996759, -0.00000652220246371472 
19.639999999967568, 0.0015767311295594715 
19.649999999967545, 0.0031501861972283523 
19.65999999996752, 0.004485760526980811 
19.669999999967498, 0.005410529214622642 
19.679999999967475, 0.005834806820086634 
19.68999999996745, 0.005727691047481428 
19.699999999967428, 0.005084778209354262 
19.709999999967405, 0.003921152585002685 
19.71999999996738, 0.00229582995277494 
19.729999999967358, 0.00034563058252512426 
19.739999999967335, -0.0013518180177772617 
19.74999999996731, -0.0028501723069214334 
19.759999999967288, -0.0040452090695865545 
19.769999999967265, -0.004853727756404233 
19.77999999996724, -0.005266023774575275 
19.78999999996722, -0.005301558863330122 
19.799999999967195, -0.004974227558773072 
19.80999999996717, -0.004278074179816946 
19.81999999996715, -0.003193691541254274 
19.829999999967125, -0.0017154347170242393 
19.8399999999671, 0.0000830322136317872 
19.84999999996708, 0.0016685427652535488 
19.859999999967055, 0.0032345022973951096 
19.869999999967032, 0.004550821037048621 
19.87999999996701, 0.005449174757887923 
19.889999999966985, 0.00584410088972065 
19.899999999966962, 0.005706903017993951 
19.90999999996694, 0.005034136330292276 
19.919999999966915, 0.0038424581785054305 
19.929999999966892, 0.0021944475722850765 
19.93999999996687, 0.0002318194397626374 
19.949999999966845, -0.0014428326771819564 
19.959999999966822, -0.0029280752379123856 
19.9699999999668, -0.0041028047472113655 
19.979999999966775, -0.004888909993588101 
19.989999999966752, -0.005279513566337845 
19.99999999996673, -0.0052945089759435385 
20.009999999966706, -0.004946861624670297 
20.019999999966682, -0.004229502230579699 
20.02999999996666, -0.0031228830041402774 
20.039999999966636, -0.001623326459638501 
20.049999999966612, 0.00016632810110841812 
20.05999999996659, 0.0017570265774711064 
20.069999999966566, 0.0033147590872646426 
20.079999999966542, 0.004611303370861231 
20.08999999996652, 0.00548299837040263 
20.099999999966496, 0.005848508767789079 
20.109999999966472, 0.0056812370625073105 
20.11999999996645, 0.004978681775805717 
20.129999999966426, 0.003759162886690664 
20.139999999966403, 0.00208894137422474 
20.14999999996638, 0.00011462577069760028 
20.159999999966356, -0.001532071916600778 
20.169999999966333, -0.003003618062809994 
20.17999999996631, -0.004157777430089311 
20.189999999966286, -0.0049214424956049736 
20.199999999966263, -0.005290412411656819 
20.20999999996624, -0.00528490233610194 
20.219999999966216, -0.0049169056446898745 
20.229999999966193, -0.004178261102419363 
20.23999999996617, -0.003049368605318692 
20.249999999966146, -0.0015286601191490373 
20.259999999966123, 0.0002531884212229464 
20.2699999999661, 0.001848376436781975 
20.279999999966076, 0.0033971644597650223 
20.289999999966053, 0.0046734320863114015 
20.29999999996603, 0.005518233499333645 
20.309999999966006, 0.005854261706223949 
20.319999999965983, 0.005656914689782983 
20.32999999996596, 0.004924623872956181 
20.339999999965936, 0.0036774636130294533 
20.349999999965913, 0.001985491069173696 
20.35999999996589, 1.967440056730601e-7 
20.369999999965867, -0.0016192531916122718 
20.379999999965843, -0.0030765755680222952 
20.38999999996582, -0.004209950227429393 
20.399999999965797, -0.004951180390564787 
20.409999999965773, -0.0052985936923872845 
20.41999999996575, -0.00527262327713213 
20.429999999965727, -0.004884254169802161 
20.439999999965703, -0.004124261323354711 
20.44999999996568, -0.0029730872695808925 
20.459999999965657, -0.0014314194077839786 
20.469999999965633, 0.0003392131110631388 
20.47999999996561, 0.0019381409466715828 
20.489999999965587, 0.003477233673054153 
20.499999999965564, 0.004732704276011774 
20.50999999996554, 0.005550364076389532 
20.519999999965517, 0.0058568299047979345 
20.529999999965494, 0.005629393060680857 
20.53999999996547, 0.004867412043070004 
20.549999999965447, 0.0035928110893493764 
20.559999999965424, 0.0018795555916101205 
20.5699999999654, -0.00009347663092070812 
20.579999999965377, -0.0017089174566907411 
20.589999999965354, -0.0031515011252428184 
20.59999999996533, -0.004263885760943999 
20.609999999965307, -0.0049826869563163395 
20.619999999965284, -0.005308614043895536 
20.62999999996526, -0.005262217825553464 
20.639999999965237, -0.004853441175560881 
20.649999999965214, -0.00407202503928617 
20.65999999996519, -0.0028985504155589295 
20.669999999965167, -0.0013361040207518654 
20.679999999965144, 0.0004271901693645063 
20.68999999996512, 0.0020291448098794787 
20.699999999965097, 0.0035578425980297146 
20.709999999965074, 0.004792049396133041 
20.71999999996505, 0.005582362837242931 
20.729999999965028, 0.005859216551821188 
20.739999999965004, 0.00560169919827733 
20.74999999996498, 0.004810099157123349 
20.759999999964958, 0.003508291350448145 
20.769999999964934, 0.0017742578486256166 
20.77999999996491, -0.00018213714687794575 
20.789999999964888, -0.0017935482282794256 
20.799999999964864, -0.003220890778384073 
20.80999999996484, -0.004312096778018056 
20.819999999964818, -0.005008486662214986 
20.829999999964794, -0.0053130039292868 
20.83999999996477, -0.005246220089717866 
20.849999999964748, -0.004817006747986323 
20.859999999964725, -0.0040141066736759734 
20.8699999999647, -0.0028183425714747015 
20.879999999964678, -0.0012353497281015855 
20.889999999964655, 0.0005156950952693304 
20.89999999996463, 0.002119896001623641 
20.909999999964608, 0.0036374467012674017 
20.919999999964585, 0.004849883352394552 
20.92999999996456, 0.0056126105208525665 
20.939999999964538, 0.005859766896087229 
20.949999999964515, 0.005572142877638106 
20.95999999996449, 0.004750961809329933 
20.969999999964468, 0.003422150972548938 
20.979999999964445, 0.0016678134040976212 
20.98999999996442, -0.0002741496686036975 
20.9999999999644, -0.0018808326117763087 
21.009999999964375, -0.003292477684622436 
21.01999999996435, -0.004362348590002315 
21.02999999996433, -0.00503636039053558 
21.039999999964305, -0.005319547758589413 
21.04999999996428, -0.005232411769222679 
21.05999999996426, -0.004782727906937737 
21.069999999964235, -0.003958279481129678 
21.079999999964212, -0.00274023553919912 
21.08999999996419, -0.0011369263749899498 
21.099999999964165, 0.0006020574095138945 
21.109999999964142, 0.0022077566202362807 
21.11999999996412, 0.0037134599614805225 
21.129999999964095, 0.004903678036961644 
21.139999999964072, 0.005638629631477822 
21.14999999996405, 0.005856044448329505 
21.159999999964025, 0.005538326122572363 
21.169999999964002, 0.004687648299229782 
21.17999999996398, 0.003332099295009821 
21.189999999963955, 0.001558004198694359 
21.199999999963932, -0.0003673027384301438 
21.20999999996391, -0.001968508637598238 
21.219999999963886, -0.003363969301443376 
21.229999999963862, -0.004412327773779157 
21.23999999996384, -0.005063976028565046 
21.249999999963816, -0.00532589483814541 
21.259999999963792, -0.005218423843937958 
21.26999999996377, -0.004748218049373831 
21.279999999963746, -0.0039021409808582324 
21.289999999963722, -0.0026618139378461717 
21.2999999999637, -0.0010384076050252412 
21.309999999963676, 0.0006908991776559219 
21.319999999963652, 0.0022973761311439853 
21.32999999996363, 0.003790570026815073 
21.339999999963606, 0.004958158399279372 
21.349999999963583, 0.005665171273724908 
21.35999999996356, 0.005852814710187257 
21.369999999963536, 0.005505023142109101 
21.379999999963513, 0.004624942686155403 
21.38999999996349, 0.003242933885722553 
21.399999999963466, 0.0014496387860479494 
21.409999999963443, -0.0004567919014405694 
21.41999999996342, -0.0020517962448900603 
21.429999999963396, -0.0034306201289004017 
21.439999999963373, -0.0044573190748599025 
21.44999999996335, -0.005086637956582882 
21.459999999963326, -0.005327360610877652 
21.469999999963303, -0.005199579391955743 
21.47999999996328, -0.00470881024586619 
21.489999999963256, -0.003841043321283266 
21.499999999963233, -0.002578465432323534 
21.50999999996321, -0.0009352368449834844 
21.519999999963186, 0.0007801676935613151 
21.529999999963163, 0.00238663811260616 
21.53999999996314, 0.003866612821918208 
21.549999999963116, 0.005011124567252743 
21.559999999963093, 0.005690003128345817 
21.56999999996307, 0.005847812593090937 
21.579999999963047, 0.005469936887019489 
21.589999999963023, 0.0045605194015623084 
21.599999999963, 0.003152304679402447 
21.609999999962977, 0.0013403415152273856 
21.619999999962953, -0.0005508413088619778 
21.62999999996293, -0.002138961472336277 
21.639999999962907, -0.0035007340381084323 
21.649999999962883, -0.0045056504362687155 
21.65999999996286, -0.005112683203114769 
21.669999999962837, -0.005332280911473861 
21.679999999962813, -0.005184207844102792 
21.68999999996279, -0.004672825659635481 
21.699999999962767, -0.003783299473480002 
21.709999999962744, -0.0024984950099204164 
21.71999999996272, -0.0008357067148004318 
21.729999999962697, 0.0008695910612194874 
21.739999999962674, 0.002475317684235592 
21.74999999996265, 0.003941425680432977 
21.759999999962627, 0.005062476375909445 
21.769999999962604, 0.005713076403576136 
21.77999999996258, 0.005841029877723697 
21.789999999962557, 0.00543309731642428 
21.799999999962534, 0.004494454122474013 
21.80999999996251, 0.003060345684007765 
21.819999999962487, 0.0012303113614262884 
21.829999999962464, -0.0006404762432867186 
21.83999999996244, -0.002220999195333428 
21.849999999962417, -0.0035652965400898343 
21.859999999962394, -0.004548305497972123 
21.86999999996237, -0.005133093077727804 
21.879999999962347, -0.0053316331546725704 
21.889999999962324, -0.005163283167881612 
21.8999999999623, -0.004631238700694771 
21.909999999962277, -0.003719893405504373 
21.919999999962254, -0.0024129117355695404 
21.92999999996223, -0.0007308701622693933 
21.939999999962208, 0.0009593406731073202 
21.949999999962184, 0.002563537503600225 
21.95999999996216, 0.00401509657697659 
21.969999999962138, 0.005112274948707464 
21.979999999962114, 0.005734425144138578 
21.98999999996209, 0.005832470976468176 
21.999999999962068, 0.005394478666156622 
22.009999999962044, 0.004426693031747893 
22.01999999996202, 0.0029669768514408814 
22.029999999961998, 0.0011194375203883657 
22.039999999961974, -0.0007316644339870693 
22.04999999996195, -0.0023039284145687736 
22.059999999961928, -0.003630372707438753 
22.069999999961905, -0.004591380060642038 
22.07999999996188, -0.005153978144304628 
22.089999999961858, -0.005331532070470895 
22.099999999961835, -0.0051429194384160345 
22.10999999996181, -0.004590162374955673 
22.119999999961788, -0.0036569401032426575 
22.129999999961765, -0.002327837433334297 
22.13999999996174, -0.0006268571769031648 
22.149999999961718, 0.0010476481490598777 
22.159999999961695, 0.002649548753536256 
22.16999999996167, 0.004085911973081611 
22.179999999961648, 0.0051588446434532986 
22.189999999961625, 0.00575240418653572 
22.1999999999616, 0.005820514065649482 
22.20999999996158, 0.005352482459159091 
22.219999999961555, 0.004355669273661833 
22.22999999996153, 0.002870674700704646 
22.23999999996151, 0.001006244810017248 
22.249999999961485, -0.0008258419921320367 
22.25999999996146, -0.0023891626808999933 
22.26999999996144, -0.003697364312613103 
22.279999999961415, -0.004636265307996551 
22.289999999961392, -0.0051767161278400975 
22.29999999996137, -0.005333339554226844 
22.309999999961345, -0.005124461663014205 
22.319999999961322, -0.004550924624152826 
22.3299999999613, -0.0035957510425613593 
22.339999999961275, -0.0022445676997598922 
22.349999999961252, -0.0005249441564233861 
22.35999999996123, 0.001137628038192502 
22.369999999961205, 0.0027365124453707502 
22.379999999961182, 0.0041570888093753686 
22.38999999996116, 0.005205453531498628 
22.399999999961135, 0.005770319486454681 
22.409999999961112, 0.005808492120029838 
22.41999999996109, 0.005310466032216058 
22.429999999961066, 0.004284769724828699 
22.439999999961042, 0.0027748625527373497 
22.44999999996102, 0.0008941911785379453 
22.459999999960996, -0.0009151727534819498 
22.469999999960972, -0.002468870993952561 
22.47999999996095, -0.0037584580117778683 
22.489999999960926, -0.004675164391889357 
22.499999999960902, -0.005193520257013323 
22.50999999996088, -0.005329274158884211 
22.519999999960856, -0.005100133161330713 
22.529999999960832, -0.004505758319963124 
22.53999999996081, -0.0035285804134570983 
22.549999999960786, -0.0021553972982320023 
22.559999999960763, -0.000417488298380765 
22.56999999996074, 0.0012281289771766276 
22.579999999960716, 0.0028232115865030527 
22.589999999960693, 0.004227359600646491 
22.59999999996067, 0.005250792794512601 
22.609999999960646, 0.005786822821301555 
22.619999999960623, 0.005795017253706205 
22.6299999999606, 0.0052670028623662025 
22.639999999960576, 0.0042125318621023655 
22.649999999960553, 0.002678043063381182 
22.65999999996053, 0.0007817387403455855 
22.669999999960506, -0.0010085134481061617 
22.679999999960483, -0.0025519647707796305 
22.68999999996046, -0.0038226098243491257 
22.699999999960436, -0.004717060077320007 
22.709999999960413, -0.005213383856100879 
22.71999999996039, -0.005328329683518113 
22.729999999960366, -0.005078923525379925 
22.739999999960343, -0.004463647691521548 
22.74999999996032, -0.0034644080177347485 
22.759999999960296, -0.0020693021191760044 
22.769999999960273, -0.0003134556659027714 
22.77999999996025, 0.0013189312644260264 
22.789999999960227, 0.002909471651789924 
22.799999999960203, 0.004296606726199482 
22.80999999996018, 0.005294798525292757 
22.819999999960157, 0.005801892596177137 
22.829999999960133, 0.005780101711993934 
22.83999999996011, 0.0052221395057135776 
22.849999999960087, 0.00413904575043726 
22.859999999960063, 0.002580361177461946 
22.86999999996004, 0.0006690894402219353 
22.879999999960017, -0.0010968996770618715 
22.889999999959993, -0.002629462896696687 
22.89999999995997, -0.003880837858923413 
22.909999999959947, -0.004752972776508211 
22.919999999959924, -0.005227327288182137 
22.9299999999599, -0.005321524645906092 
22.939999999959877, -0.005051850525759726 
22.949999999959854, -0.004415615167477004 
22.95999999995983, -0.003394272519186398 
22.969999999959807, -0.0019773551847841317 
22.979999999959784, -0.00020397311271721429 
22.98999999995976, 0.001410126195186731 
22.999999999959737, 0.0029953323945156865 
23.009999999959714, 0.0043648320058416335 
23.01999999995969, 0.005337440649111333 
23.029999999959667, 0.005815466110057134 
23.039999999959644, 0.005763648323764462 
23.04999999995962, 0.005175744539634439 
23.059999999959597, 0.004064147740552145 
23.069999999959574, 0.0024816210513082387 
23.07999999995955, 0.0005560076751709587 
23.089999999959527, -0.0011864331592853052 
23.099999999959504, -0.0027075232653287354 
23.10999999995948, -0.0039393462340296 
23.119999999959457, -0.004789135260513025 
23.129999999959434, -0.005241596434364684 
23.13999999995941, -0.0053151087625859005 
23.149999999959388, -0.005025164188550528 
23.159999999959364, -0.004367911952534966 
23.16999999995934, -0.0033244306510077986 
23.179999999959318, -0.0018858241192387347 
23.189999999959294, -0.00009531876787362292 
23.19999999995927, 0.0014997975579072113 
23.209999999959248, 0.00307889817411851 
23.219999999959224, 0.004430173477376809 
23.2299999999592, 0.005376890447674785 
23.239999999959178, 0.0058257400431286155 
23.249999999959154, 0.005743873819113681 
23.25999999995913, 0.005126057125783907 
23.269999999959108, 0.003986109186684485 
23.279999999959085, 0.0023801369884237167 
23.28999999995906, 0.0004408519116102943 
23.299999999959038, -0.001278723440620627 
23.309999999959015, -0.0027877388456832323 
23.31999999995899, -0.003999718558453455 
23.329999999958968, -0.004827120679909503 
23.339999999958945, -0.005257750719703228 
23.34999999995892, -0.005310625662915841 
23.359999999958898, -0.005000391605519432 
23.369999999958875, -0.004322048766385448 
23.37999999995885, -0.003256377714069271 
23.389999999958828, -0.0017961890350787397 
23.399999999958805, 0.00001032124251509297 
23.40999999995878, 0.0015908802472027327 
23.41999999995876, 0.0031631537305111144 
23.429999999958735, 0.004495671834834178 
23.43999999995871, 0.005416236594114341 
23.44999999995869, 0.005835837580675705 
23.459999999958665, 0.00572392701694748 
23.46999999995864, 0.005076251517258628 
23.47999999995862, 0.003908136391625681 
23.489999999958595, 0.002279153142241297 
23.499999999958572, 0.0003268987791022297 
23.50999999995855, -0.0013661209200137936 
23.519999999958525, -0.002862468639781308 
23.529999999958502, -0.004054330696831093 
23.53999999995848, -0.004859318440111819 
23.549999999958455, -0.005268186961825804 
23.559999999958432, -0.005300476092077385 
23.56999999995841, -0.004969938362023755 
23.579999999958385, -0.00427044255003154 
23.589999999958362, -0.0031825557319694357 
23.59999999995834, -0.001700937374378458 
23.609999999958315, 0.00009568734576942518 
23.619999999958292, 0.0016820308006277398 
23.62999999995827, 0.0032466977272606057 
23.639999999958246, 0.004559882350585178 
23.649999999958222, 0.005453997551421325 
23.6599999999582, 0.005844240816610535 
23.669999999958176, 0.00570225331278924 
23.679999999958152, 0.005024738059690265 
23.68999999995813, 0.003828607767461395 
23.699999999958106, 0.0021770164281835172 
23.709999999958082, 0.00021245619411823172 
23.71999999995806, -0.001457633622579834 
23.729999999958036, -0.002940769159277128 
23.739999999958012, -0.004112275275076641 
23.74999999995799, -0.0048948399644069785 
23.759999999957966, -0.005282021496259519 
23.769999999957943, -0.0052937733588657105 
23.77999999995792, -0.0049429113320930106 
23.789999999957896, -0.0042221930833696245 
23.799999999957873, -0.003112057975275318 
23.80999999995785, -0.0016091543950920843 
23.819999999957826, 0.00018005268097676268 
23.829999999957803, 0.0017714872536642244 
23.83999999995778, 0.003327826702544131 
23.849999999957756, 0.0046211688402501925 
23.859999999957733, 0.0054885979375532785 
23.86999999995771, 0.005849423481653644 
23.879999999957686, 0.005677369647737197 
23.889999999957663, 0.004970081567012799 
23.89999999995764, 0.0037461494856697907 
23.909999999957616, 0.002072427847549718 
23.919999999957593, 0.00009630087945819808 
23.92999999995757, -0.001545707472302597 
23.939999999957546, -0.0030150552239648397 
23.949999999957523, -0.004165951373971919 
23.9599999999575, -0.004926073083889491 
23.969999999957476, -0.0052916311814834955 
23.979999999957453, -0.005282883670059177 
23.98999999995743, -0.004911667988830864 
23.999999999957407, -0.0041696539186311735 
24.009999999957383, -0.0030372433061008628 
24.01999999995736, -0.0015132171752306974 
24.029999999957337, 0.0002666514967647056 
24.039999999957313, 0.0018624567027382736 
24.04999999995729, 0.003409731792804465 
24.059999999957267, 0.0046827136184966 
24.069999999957243, 0.005523208995150039 
24.07999999995722, 0.005854539341166323 
24.089999999957197, 0.005652407828904077 
24.099999999957173, 0.004915391152198621 
24.10999999995715, 0.0036638488560610492 
24.119999999957127, 0.0019684496320325575 
24.129999999957104, -0.000014909539794650744 
24.13999999995708, -0.0016331848231271738 
24.149999999957057, -0.0030882253742154585 
24.159999999957034, -0.004218302678745653 
24.16999999995701, -0.004955989540612238 
24.179999999956987, -0.005300001945947098 
24.189999999956964, -0.005270799715273167 
24.19999999995694, -0.0048792063240584395 
24.209999999956917, -0.004115832231219976 
24.219999999956894, -0.002961136883114346 
24.22999999995687, -0.0014161794784519153 
24.239999999956847, 0.00035239732924562583 
24.249999999956824, 0.0019518297799475664 
24.2599999999568, 0.0034892988535239625 
24.269999999956777, 0.004741409958440251 
24.279999999956754, 0.00555473214067541 
24.28999999995673, 0.005856493740655716 
24.299999999956707, 0.0056242758149284535 
24.309999999956684, 0.004857582386112056 
24.31999999995666, 0.003578638932921914 
24.329999999956637, 0.0018620400756848149 
24.339999999956614, -0.00010820794180388244 
24.34999999995659, -0.0017230757513740959 
24.359999999956568, -0.0031632906061868997 
24.369999999956544, -0.004272341434447173 
24.37999999995652, -0.004987597093433282 
24.389999999956498, -0.005310131656833036 
24.399999999956474, -0.005260506545574931 
24.40999999995645, -0.004848497602380937 
24.419999999956428, -0.004063685910433693 
24.429999999956404, -0.0028866845076589804 
24.43999999995638, -0.0013209744869757166 
24.449999999956358, 0.0004401912499854126 
24.459999999956334, 0.0020425433650494316 
24.46999999995631, 0.0035695146819539544 
24.479999999956288, 0.004800296741914874 
24.489999999956265, 0.005586248019175374 
24.49999999995624, 0.005858396411659726 
24.509999999956218, 0.005596105953077279 
24.519999999956195, 0.004799812255370655 
24.52999999995617, 0.003493708451363437 
24.539999999956148, 0.0017564229436759632 
24.549999999956125, -0.00019705857781824958 
24.5599999999561, -0.0018077677360611103 
24.569999999956078, -0.003232653177414297 
24.579999999956055, -0.004320488363695852 
24.58999999995603, -0.005013329487512477 
24.599999999956008, -0.005314461035693764 
24.609999999955985, -0.005244449356135586 
24.61999999995596, -0.0048119938415864 
24.62999999995594, -0.00400568236292685 
24.639999999955915, -0.002806385149661173 
24.64999999995589, -0.0012201544300035518 
24.65999999995587, 0.000528689722841929 
24.669999999955845, 0.0021331834390053745 
24.67999999995582, 0.0036489095591889045 
24.6899999999558, 0.0048578615312370645 
24.699999999955775, 0.005616206129214392 
24.709999999955752, 0.005858658767706655 
24.71999999995573, 0.0055662717295020155 
24.729999999955705, 0.004740418482581069 
24.739999999955682, 0.0034073621241964953 
24.74999999995566, 0.0016498683742283953 
24.759999999955635, -0.0002905023616481326 
24.769999999955612, -0.0018963535191796276 
24.77999999995559, -0.0033054531796545745 
24.789999999955565, -0.004371915778370773 
24.799999999955542, -0.005042373984104304 
24.80999999995552, -0.0053221799085590975 
24.819999999955495, -0.005231814016163776 
24.829999999955472, -0.00477887449956941 
24.83999999995545, -0.0039509946092894455 
24.849999999955426, -0.0027294060493898843 
24.859999999955402, -0.0011228777533018616 
24.86999999995538, 0.0006145701794720215 
24.879999999955356, 0.0022204719535810604 
24.889999999955332, 0.0037242699536794133 
24.89999999995531, 0.004910960745580251 
24.909999999955286, 0.005641524445440955 
24.919999999955262, 0.005854250016566347 
24.92999999995524, 0.005531791304507909 
24.939999999955216, 0.004676477269246853 
24.949999999955192, 0.0033167511446405284 
24.95999999995517, 0.001539616369128571 
24.969999999955146, -0.0003824924258236466 
24.979999999955123, -0.001982721733254775 
24.9899999999551, -0.003375540041531392 
24.999999999955076, -0.004420447992971881 
