t, s[1].omega / s[0].omega 
0, -1.5499947960629956 
0.009999999999999995, -1.549207950613625 
0.019999999999999934, -1.548509053032962 
0.029999999999999874, -1.5526735312470377 
0.04000000000000012, -1.552689245770077 
0.050000000000000405, -1.5523026895923326 
0.06000000000000069, -1.551313976273844 
0.07000000000000098, -1.5506034024812017 
0.08000000000000126, -1.553871695462976 
0.09000000000000155, -1.554334844548901 
0.10000000000000184, -1.5538594675665265 
0.11000000000000212, -1.5526047694231573 
0.12000000000000241, -1.5513351199791903 
0.130000000000002, -1.5519299939799152 
0.1400000000000009, -1.5522997512944003 
0.1499999999999998, -1.5517582628434872 
0.1599999999999987, -1.5503634760236273 
0.1699999999999976, -1.5471450134990063 
0.1799999999999965, -1.5468959515725909 
0.1899999999999954, -1.5470077950008785 
0.1999999999999943, -1.5464004629941583 
0.2099999999999932, -1.5453547486969557 
0.2199999999999921, -1.538971502419562 
0.229999999999991, -1.5386148802968465 
0.2399999999999899, -1.5385226692752363 
0.2499999999999888, -1.5378559902886104 
0.2599999999999877, -1.537187109787563 
0.2699999999999866, -1.5335512708184598 
0.2799999999999855, -1.5337818255456794 
0.2899999999999844, -1.53352708640594 
0.2999999999999833, -1.5328435114313168 
0.3099999999999822, -1.5321940734265806 
0.3199999999999811, -1.5334407274058777 
0.32999999999998, -1.5361982449746332 
0.3399999999999789, -1.5358143777261943 
0.3499999999999778, -1.5351501617089003 
0.35999999999997667, -1.5342838421306284 
0.36999999999997557, -1.5342204043683774 
0.37999999999997447, -1.5392076387060019 
0.38999999999997337, -1.5387460400602544 
0.39999999999997227, -1.5381200409462255 
0.40999999999997117, -1.5367641302538593 
0.41999999999997006, -1.536032560532429 
0.42999999999996896, -1.5392475891712114 
0.43999999999996786, -1.5387773068131838 
0.44999999999996676, -1.5382091371472748 
0.45999999999996566, -1.5358555226175683 
0.46999999999996456, -1.5353605617305528 
0.47999999999996346, -1.5366834994538576 
0.48999999999996235, -1.5362780082326284 
0.49999999999996125, -1.535747514613797 
0.5099999999999602, -1.5318959228924836 
0.519999999999959, -1.5313761051966794 
0.529999999999958, -1.531715686682898 
0.5399999999999568, -1.531409417390856 
0.5499999999999557, -1.5308576657426958 
0.5599999999999546, -1.5269849118169705 
0.5699999999999535, -1.5244152526734547 
0.5799999999999524, -1.5242704548117183 
0.5899999999999513, -1.5240721611966683 
0.5999999999999502, -1.5234611519850112 
0.6099999999999491, -1.5217002950038765 
0.619999999999948, -1.5158721048152768 
0.6299999999999469, -1.5155119208008945 
0.6399999999999458, -1.5154169635855048 
0.6499999999999447, -1.5147724213163614 
0.6599999999999436, -1.514052560264818 
0.6699999999999425, -1.5073709328343061 
0.6799999999999414, -1.5073536663660518 
0.6899999999999403, -1.5072551393840072 
0.6999999999999392, -1.5066840750404018 
0.7099999999999381, -1.5060998798878693 
0.719999999999937, -1.4977509978090884 
0.7299999999999359, -1.500031629433524 
0.7399999999999348, -1.4998196537007382 
0.7499999999999337, -1.4994046324699348 
0.7599999999999326, -1.4987665563043486 
0.7699999999999315, -1.495244054307223 
0.7799999999999304, -1.4924409844482207 
0.7899999999999293, -1.492102799197352 
0.7999999999999282, -1.4919116327593616 
0.8099999999999271, -1.4912574181989555 
0.819999999999926, -1.4904819752293719 
0.8299999999999249, -1.4834630065971057 
0.8399999999999238, -1.4833617184609116 
0.8499999999999227, -1.4833636917377038 
0.8599999999999216, -1.4828498860367556 
0.8699999999999205, -1.482301706202008 
0.8799999999999194, -1.4745787867970375 
0.8899999999999183, -1.474541089426821 
0.8999999999999172, -1.4745061005806546 
0.9099999999999161, -1.474295428791418 
0.919999999999915, -1.4737423734600235 
0.9299999999999139, -1.472347000398919 
0.9399999999999128, -1.4675891258170257 
0.9499999999999117, -1.4672341113063652 
0.9599999999999106, -1.4678172114341408 
0.9699999999999095, -1.4673364859417266 
0.9799999999999084, -1.4668085245689007 
0.9899999999999073, -1.4633289244053926 
0.9999999999999062, -1.4629439837447 
1.0099999999999052, -1.4641934735496684 
1.019999999999904, -1.464127777613696 
1.029999999999903, -1.4636801335273761 
1.039999999999902, -1.462608793804652 
1.0499999999999008, -1.4612025325503664 
1.0599999999998997, -1.4613219132292004 
1.0699999999998986, -1.4643240468372911 
1.0799999999998975, -1.4638965133409705 
1.0899999999998964, -1.463412833289322 
1.0999999999998953, -1.462161875498612 
1.1099999999998942, -1.4615074076601828 
1.119999999999893, -1.4676100181612357 
1.129999999999892, -1.46757640109146 
1.1399999999998909, -1.4672521273766739 
1.1499999999998898, -1.4665263559542028 
1.1599999999998887, -1.465855682947403 
1.1699999999998876, -1.4639328644511442 
1.1799999999998865, -1.4698028271290537 
1.1899999999998854, -1.4694790993495095 
1.1999999999998843, -1.4690823639819817 
1.2099999999998832, -1.4683666619027884 
1.219999999999882, -1.4669346968353714 
1.229999999999881, -1.4635162226653744 
1.2399999999998799, -1.4632080008896207 
1.2499999999998788, -1.4631521157697585 
1.2599999999998777, -1.4625898758821962 
1.2699999999998766, -1.46204704685555 
1.2799999999998755, -1.4538695973571987 
1.2899999999998744, -1.454277031228979 
1.2999999999998733, -1.4544141248686817 
1.3099999999998722, -1.4542136726544888 
1.319999999999871, -1.4537029084775406 
1.32999999999987, -1.452418971488675 
1.3399999999998689, -1.4492226547338685 
1.3499999999998678, -1.4488697141876596 
1.3599999999998666, -1.4502746469916812 
1.3699999999998655, -1.449844977986451 
1.3799999999998644, -1.4493736975171032 
1.3899999999998633, -1.4475766388933229 
1.3999999999998622, -1.4470310241132969 
1.4099999999998611, -1.450612737062906 
1.41999999999986, -1.4511104555685124 
1.429999999999859, -1.450738693331534 
1.4399999999998578, -1.450091909488505 
1.4499999999998567, -1.4492297542310808 
1.4599999999998556, -1.4467282678633877 
1.4699999999998545, -1.4547898036790121 
1.4799999999998534, -1.4544268972307521 
1.4899999999998523, -1.4541407080956759 
1.4999999999998512, -1.4534251911091276 
1.5099999999998501, -1.4528067107716114 
1.519999999999849, -1.4462324790042629 
1.529999999999848, -1.446746254239415 
1.5399999999998468, -1.4467460521181252 
1.5499999999998457, -1.446357208211102 
1.5599999999998446, -1.4458312415261034 
1.5699999999998435, -1.4431721454626771 
1.5799999999998424, -1.4396125196889182 
1.5899999999998413, -1.4394909915568521 
1.5999999999998402, -1.440121003535942 
1.6099999999998391, -1.4396554821331728 
1.619999999999838, -1.4391259231996463 
1.629999999999837, -1.4368970245178327 
1.6399999999998358, -1.4364290458203859 
1.6499999999998347, -1.4398187760980976 
1.6599999999998336, -1.4399252470631005 
1.6699999999998325, -1.4395609050518914 
1.6799999999998314, -1.438857305227942 
1.6899999999998303, -1.438038822066792 
1.6999999999998292, -1.435225444655867 
1.709999999999828, -1.4433858028491475 
1.719999999999827, -1.4430374352444806 
1.729999999999826, -1.4427684909980354 
1.7399999999998248, -1.4420939139611522 
1.7499999999998237, -1.441459551508282 
1.7599999999998226, -1.4332301379218133 
1.7699999999998215, -1.4335126676169148 
1.7799999999998204, -1.4336960088972368 
1.7899999999998193, -1.43337248814916 
1.7999999999998182, -1.432885074869542 
1.809999999999817, -1.4311732847965395 
1.819999999999816, -1.428673673104191 
1.8299999999998149, -1.4285854116160475 
1.8399999999998138, -1.4303021564072966 
1.8499999999998127, -1.429883594686101 
1.8599999999998116, -1.429434676756822 
1.8699999999998105, -1.4281166647794596 
1.8799999999998094, -1.4275713028626338 
1.8899999999998083, -1.4333612411999472 
1.8999999999998072, -1.4341714991878807 
1.909999999999806, -1.4338960941798036 
1.919999999999805, -1.4333957953289906 
1.9299999999998039, -1.432744454272527 
1.9399999999998028, -1.4294433667432642 
1.9499999999998017, -1.4255524696099127 
1.9599999999998006, -1.4252414801571667 
1.9699999999997995, -1.4253746190430434 
1.9799999999997984, -1.4248788466938291 
1.9899999999997973, -1.4243730648392419 
1.9999999999997962, -1.4205617778405104 
2.0099999999998173, -1.4201119804778195 
2.0199999999998384, -1.421576987304585 
2.0299999999998595, -1.4219010817992186 
2.0399999999998806, -1.421497912855176 
2.0499999999999017, -1.4208691284037922 
2.059999999999923, -1.4197843045929597 
2.069999999999944, -1.4183895093210384 
2.079999999999965, -1.42614073560682 
2.089999999999986, -1.42584653418472 
2.100000000000007, -1.4256502148767047 
2.1100000000000283, -1.4250535843631496 
2.1200000000000494, -1.424522634879532 
2.1300000000000705, -1.4158970673229454 
2.1400000000000916, -1.4161242000022862 
2.1500000000001127, -1.41622170657061 
2.160000000000134, -1.4162515343469904 
2.170000000000155, -1.415774870484211 
2.180000000000176, -1.4150984228071697 
2.190000000000197, -1.4127948720037384 
2.2000000000002182, -1.4122286596128089 
2.2100000000002393, -1.4164278739629166 
2.2200000000002604, -1.416287517749004 
2.2300000000002815, -1.4159693111623226 
2.2400000000003026, -1.4152938135933377 
2.2500000000003237, -1.4146341518528098 
2.260000000000345, -1.4085800522126437 
2.270000000000366, -1.4123338385167348 
2.280000000000387, -1.412076005446652 
2.290000000000408, -1.412019003533521 
2.3000000000004293, -1.4114919752224973 
2.3100000000004504, -1.4109337804131656 
2.3200000000004715, -1.406614344343564 
2.3300000000004926, -1.406341091617447 
2.3400000000005137, -1.408078560649731 
2.3500000000005348, -1.408214936727094 
2.360000000000556, -1.4078345273254569 
2.370000000000577, -1.407197789504575 
2.380000000000598, -1.4062522536898032 
2.390000000000619, -1.4043154373093014 
2.4000000000006403, -1.4107866627761758 
2.4100000000006614, -1.410479818077818 
2.4200000000006825, -1.4103915483943372 
2.4300000000007036, -1.4098667089508867 
2.4400000000007247, -1.4093698714859042 
2.450000000000746, -1.4040694439947967 
2.460000000000767, -1.403045835261823 
2.470000000000788, -1.4035701208884186 
2.480000000000809, -1.4040873511267646 
2.49000000000083, -1.403664427771347 
2.5000000000008513, -1.4031403387688646 
2.5100000000008724, -1.4018425924451012 
2.5200000000008935, -1.4011818905882545 
2.5300000000009146, -1.4079814105019683 
2.5400000000009357, -1.4081413475793911 
2.550000000000957, -1.4079766490271126 
2.560000000000978, -1.4075156615355948 
2.570000000000999, -1.4069716114089472 
2.58000000000102, -1.4039920748315355 
2.5900000000010412, -1.3995062624924557 
2.6000000000010624, -1.399287054825341 
2.6100000000010835, -1.400213822430056 
2.6200000000011046, -1.3998035239630926 
2.6300000000011257, -1.399377462214289 
2.6400000000011468, -1.3980082861237808 
2.650000000001168, -1.3974300253809997 
2.660000000001189, -1.4016987424218692 
2.67000000000121, -1.404396453746696 
2.680000000001231, -1.4041359010442318 
2.6900000000012523, -1.4037899017774587 
2.7000000000012734, -1.4031795905098001 
2.7100000000012945, -1.402194405305029 
2.7200000000013156, -1.3953296173066354 
2.7300000000013367, -1.3950369141046361 
2.740000000001358, -1.3960664904263473 
2.750000000001379, -1.3958040861729502 
2.7600000000014, -1.3954097125233151 
2.770000000001421, -1.3944710947906118 
2.780000000001442, -1.3935035746296622 
2.7900000000014633, -1.3918356935821161 
2.8000000000014844, -1.400390594221822 
2.8100000000015055, -1.400061259350738 
2.8200000000015266, -1.3998722618343535 
2.8300000000015477, -1.3992897270767355 
2.840000000001569, -1.3987722819725557 
2.85000000000159, -1.3919905359772204 
2.860000000001611, -1.3918849301997696 
2.870000000001632, -1.3926664645112694 
2.8800000000016532, -1.3929183178566058 
2.8900000000016743, -1.3925109867498562 
2.9000000000016954, -1.3919476374346231 
2.9100000000017165, -1.3907852532177816 
2.9200000000017377, -1.3899040098930964 
2.9300000000017588, -1.396073893203331 
2.94000000000178, -1.3960228614386916 
2.950000000001801, -1.3959533870213194 
2.960000000001822, -1.3955196845048783 
2.970000000001843, -1.3950228563340665 
2.9800000000018643, -1.3925956767958783 
2.9900000000018854, -1.3895683456663743 
3.0000000000019065, -1.389460955698187 
3.0100000000019276, -1.3913100012080917 
3.0200000000019487, -1.3909287393993017 
3.03000000000197, -1.3905517278044397 
3.040000000001991, -1.3896011310729666 
3.050000000002012, -1.389056876589063 
3.060000000002033, -1.385826718192129 
3.070000000002054, -1.3891342634137582 
3.0800000000020753, -1.3890324564331578 
3.0900000000020964, -1.3888704123091307 
3.1000000000021175, -1.3883694936461577 
3.1100000000021386, -1.3876828111014596 
3.1200000000021597, -1.3846363533671875 
3.130000000002181, -1.3841911216325458 
3.140000000002202, -1.3879751964742413 
3.150000000002223, -1.3880115272501101 
3.160000000002244, -1.3877170060744288 
3.1700000000022652, -1.387170623952898 
3.1800000000022863, -1.3865182841417316 
3.1900000000023074, -1.3834748355467215 
3.2000000000023285, -1.37799110097024 
3.2100000000023496, -1.3776767579883031 
3.2200000000023707, -1.3782571540801714 
3.230000000002392, -1.37787170420452 
3.240000000002413, -1.3774659428267815 
3.250000000002434, -1.3761773943123574 
3.260000000002455, -1.3753846279593023 
3.2700000000024763, -1.3759747975157972 
3.2800000000024974, -1.3825814632025746 
3.2900000000025185, -1.382291528052033 
3.3000000000025396, -1.3820934083291971 
3.3100000000025607, -1.3815334758474673 
3.3200000000025818, -1.3809939115669465 
3.330000000002603, -1.3758140736030022 
3.340000000002624, -1.3755930222183412 
3.350000000002645, -1.3773019501840094 
3.360000000002666, -1.3777350678318965 
3.3700000000026873, -1.3773796460626155 
3.3800000000027084, -1.376894265810471 
3.3900000000027295, -1.3760674951669214 
3.4000000000027506, -1.3750529744279463 
3.4100000000027717, -1.3691804758785064 
3.420000000002793, -1.3690862421880312 
3.430000000002814, -1.3694993704856526 
3.440000000002835, -1.369232400536075 
3.450000000002856, -1.3688225607650428 
3.460000000002877, -1.3679239578521825 
3.4700000000028983, -1.3666599174181393 
3.4800000000029194, -1.365132585711637 
3.4900000000029405, -1.3738582556075534 
3.5000000000029616, -1.3735711192094975 
3.5100000000029827, -1.3734954490937612 
3.520000000003004, -1.3730189081836641 
3.530000000003025, -1.3725536983535833 
3.540000000003046, -1.3696675830756213 
3.550000000003067, -1.3678540840808648 
3.5600000000030882, -1.3683105506171995 
3.5700000000031094, -1.3708416877609237 
3.5800000000031305, -1.3704825942133834 
3.5900000000031516, -1.3701592139766234 
3.6000000000031727, -1.369431407170367 
3.6100000000031938, -1.3689228715698065 
3.620000000003215, -1.3592478576992064 
3.630000000003236, -1.3599478849705096 
3.640000000003257, -1.360318102569923 
3.650000000003278, -1.3606184288989875 
3.6600000000032993, -1.3602157673610291 
3.6700000000033204, -1.3597505294246428 
3.6800000000033415, -1.3586311322905087 
3.6900000000033626, -1.3580788297539357 
3.7000000000033837, -1.3570022078915287 
3.710000000003405, -1.358036558337595 
3.720000000003426, -1.358140049571863 
3.730000000003447, -1.3579841821614937 
3.740000000003468, -1.3575432118241852 
3.750000000003489, -1.3568881375087773 
3.7600000000035103, -1.355177570680979 
3.7700000000035314, -1.354519164833302 
3.7800000000035525, -1.3621138627762615 
3.7900000000035736, -1.36229249433175 
3.8000000000035947, -1.3622082630243255 
3.810000000003616, -1.3618488817727832 
3.820000000003637, -1.3613634432819042 
3.830000000003658, -1.3601721597764933 
3.840000000003679, -1.3572864252777612 
3.8500000000037002, -1.356655622939994 
3.8600000000037213, -1.3614126650674887 
3.8700000000037424, -1.3612028901494413 
3.8800000000037635, -1.3609771245520625 
3.8900000000037847, -1.3604541770546854 
3.9000000000038058, -1.359923654345328 
3.910000000003827, -1.356760828965968 
3.920000000003848, -1.3524444727712566 
3.930000000003869, -1.3521871708617637 
3.94000000000389, -1.35408459607025 
3.9500000000039113, -1.3537524000347865 
3.9600000000039324, -1.3534388570714198 
3.9700000000039535, -1.3527287783501247 
3.9800000000039746, -1.35217492739237 
3.9900000000039957, -1.344908558390523 
4.000000000004016, -1.3430598553243667 
4.010000000003993, -1.3429779845737355 
4.02000000000397, -1.3438059194061212 
4.030000000003946, -1.3434322134274568 
4.040000000003923, -1.34307518074942 
4.0500000000039, -1.3421940202146527 
4.0600000000038765, -1.34164823366326 
4.070000000003853, -1.332815963654173 
4.08000000000383, -1.3343899847388065 
4.090000000003807, -1.3343582257859048 
4.100000000003783, -1.3348956809948218 
4.11000000000376, -1.3345111710147812 
4.120000000003737, -1.3341415421079317 
4.130000000003713, -1.3332020380416232 
4.14000000000369, -1.3326731930845255 
4.150000000003667, -1.3235989334067904 
4.1600000000036434, -1.3254610666383508 
4.17000000000362, -1.3254737644692218 
4.180000000003597, -1.326064758523375 
4.1900000000035735, -1.3256900304435695 
4.20000000000355, -1.325337103539625 
4.210000000003527, -1.3244874746998956 
4.220000000003504, -1.323973148234377 
4.23000000000348, -1.3150164807050861 
4.240000000003457, -1.3146325774109044 
4.250000000003434, -1.314698078063567 
4.26000000000341, -1.3157851454426672 
4.270000000003387, -1.3154398146158321 
4.280000000003364, -1.3151409542579975 
4.2900000000033405, -1.3144781089906366 
4.300000000003317, -1.3139864106868375 
4.310000000003294, -1.3089269254831086 
4.320000000003271, -1.3059767028579683 
4.330000000003247, -1.3059269152259725 
4.340000000003224, -1.3088220465001472 
4.350000000003201, -1.3085239063145124 
4.360000000003177, -1.308331561807192 
4.370000000003154, -1.307842604724618 
4.380000000003131, -1.3073896490134127 
4.390000000003107, -1.3054683971211685 
4.400000000003084, -1.303127854347498 
4.410000000003061, -1.302304204836684 
4.4200000000030375, -1.3099153235378038 
4.430000000003014, -1.3096910471639829 
4.440000000002991, -1.3096880480642117 
4.450000000002968, -1.309328258292748 
4.460000000002944, -1.3089168509307758 
4.470000000002921, -1.3079718731626226 
4.480000000002898, -1.3065162958869962 
4.490000000002874, -1.305270957223772 
4.500000000002851, -1.31203987128632 
4.510000000002828, -1.3119322354967433 
4.520000000002804, -1.3122360590283597 
4.530000000002781, -1.312009050269976 
4.540000000002758, -1.3116358651232538 
4.5500000000027345, -1.3110168011545265 
4.560000000002711, -1.3100097913486735 
4.570000000002688, -1.309015529609591 
4.580000000002665, -1.3025651054759944 
4.590000000002641, -1.302595351773195 
4.600000000002618, -1.3034944621762599 
4.610000000002595, -1.3035304302813284 
4.620000000002571, -1.303208644125133 
4.630000000002548, -1.302787043688454 
4.640000000002525, -1.3020823916681115 
4.6500000000025015, -1.3014491129019605 
4.660000000002478, -1.2941221145872552 
4.670000000002455, -1.294064399472728 
4.6800000000024315, -1.2966790473131034 
4.690000000002408, -1.2978102256811987 
4.700000000002385, -1.2975582425351615 
4.710000000002362, -1.297330664818782 
4.720000000002338, -1.2968264166959453 
4.730000000002315, -1.2963771827072663 
4.740000000002292, -1.29396770543018 
4.750000000002268, -1.2933929728766718 
4.760000000002245, -1.2949617629231323 
4.770000000002222, -1.3014723018135261 
4.7800000000021985, -1.3012827055392089 
4.790000000002175, -1.3014423346504356 
4.800000000002152, -1.3010519894447101 
4.810000000002129, -1.3006893963303985 
4.820000000002105, -1.2997137817301887 
4.830000000002082, -1.2990881384624984 
4.840000000002059, -1.292703290729234 
4.850000000002035, -1.2908313504099174 
4.860000000002012, -1.2905835695591417 
4.870000000001989, -1.29201237439077 
4.880000000001965, -1.2917403473314188 
4.890000000001942, -1.2914920197379967 
4.900000000001919, -1.2909872527123238 
4.9100000000018955, -1.2904713748939796 
4.920000000001872, -1.2889324590941857 
4.930000000001849, -1.2850972978031632 
4.940000000001826, -1.2845007881543058 
4.950000000001802, -1.2912611374060592 
4.960000000001779, -1.291346032544378 
4.970000000001756, -1.2913203226041996 
4.980000000001732, -1.2910680391702203 
4.990000000001709, -1.2906502681982042 
5.000000000001686, -1.2900695847737094 
5.0100000000016625, -1.2886535283011826 
5.020000000001639, -1.2881205274294336 
5.030000000001616, -1.2837935415533792 
5.0400000000015925, -1.2849150785804717 
5.050000000001569, -1.2854252338694427 
5.060000000001546, -1.2857874834548433 
5.070000000001523, -1.285451503854591 
5.080000000001499, -1.28513015389831 
5.090000000001476, -1.2844761519889998 
5.100000000001453, -1.2840349308780263 
5.110000000001429, -1.2794123674423052 
5.120000000001406, -1.2782670210633953 
5.130000000001383, -1.279045790738219 
5.1400000000013595, -1.28462371157122 
5.150000000001336, -1.2843464106307538 
5.160000000001313, -1.28437408212462 
5.17000000000129, -1.2839935408708392 
5.180000000001266, -1.2836256847263054 
5.190000000001243, -1.282703482540586 
5.20000000000122, -1.2817755261254902 
5.210000000001196, -1.279385925918861 
5.220000000001173, -1.2748405846266941 
5.23000000000115, -1.2745741906977561 
5.240000000001126, -1.2760195514043378 
5.250000000001103, -1.2759728474771979 
5.26000000000108, -1.2757227146837742 
5.2700000000010565, -1.2753495287872698 
5.280000000001033, -1.2748036422619367 
5.29000000000101, -1.274178225958778 
5.300000000000987, -1.2708329017816902 
5.310000000000963, -1.2704969055402604 
5.32000000000094, -1.2762781983682707 
5.330000000000917, -1.2791969651964068 
5.340000000000893, -1.2791469947097323 
5.35000000000087, -1.2792707955038403 
5.360000000000847, -1.278892397608315 
5.3700000000008234, -1.2785454276492116 
5.3800000000008, -1.2777104010432934 
5.390000000000777, -1.2772125296908137 
5.4000000000007535, -1.271317384657525 
5.41000000000073, -1.267925496523613 
5.420000000000707, -1.2676832493508967 
5.430000000000684, -1.271532066757954 
5.44000000000066, -1.2712995661174868 
5.450000000000637, -1.27122582061822 
5.460000000000614, -1.2708740395449083 
5.47000000000059, -1.2704707417948213 
5.480000000000567, -1.2697176732644657 
5.490000000000544, -1.2683470947773092 
5.5000000000005205, -1.2675656832649005 
5.510000000000497, -1.2625484499479218 
5.520000000000474, -1.2629062337212076 
5.5300000000004506, -1.2639103866773402 
5.540000000000427, -1.2643239058806062 
5.550000000000404, -1.2640362484590406 
5.560000000000381, -1.2637705598338604 
5.570000000000357, -1.2632398787400312 
5.580000000000334, -1.2628276020050069 
5.590000000000311, -1.2605719548298975 
5.600000000000287, -1.2597353371090163 
5.610000000000264, -1.2569639674441118 
5.620000000000241, -1.2655935336619597 
5.6300000000002175, -1.2653324573881128 
5.640000000000194, -1.2660864030428007 
5.650000000000171, -1.2658296663324202 
5.660000000000148, -1.265561132783328 
5.670000000000124, -1.265075391800415 
5.680000000000101, -1.2645161954534232 
5.690000000000078, -1.2635101718464532 
5.700000000000054, -1.2593923397931812 
5.710000000000031, -1.2589994213574638 
5.720000000000008, -1.2664910519642982 
5.729999999999984, -1.267609122518276 
5.739999999999961, -1.2676404504185474 
5.749999999999938, -1.267648892152347 
5.7599999999999145, -1.2672737443342135 
5.769999999999891, -1.2669106841753908 
5.779999999999868, -1.26607289087812 
5.789999999999845, -1.2656223807679918 
5.799999999999821, -1.2593357588322276 
5.809999999999798, -1.2572287164249583 
5.819999999999775, -1.2572079523972617 
5.829999999999751, -1.2622675422517393 
5.839999999999728, -1.2620141216634164 
5.849999999999705, -1.2620498719222897 
5.8599999999996815, -1.261729477780048 
5.869999999999658, -1.2613670295362562 
5.879999999999635, -1.2607163152125922 
5.8899999999996115, -1.2597438340079106 
5.899999999999588, -1.2588703272224744 
5.909999999999565, -1.2489909582647656 
5.919999999999542, -1.2490555139714163 
5.929999999999518, -1.2515144349705614 
5.939999999999495, -1.2525711211175592 
5.949999999999472, -1.25235840483657 
5.959999999999448, -1.2522386016735307 
5.969999999999425, -1.2518189015932288 
5.979999999999402, -1.25145769873715 
5.9899999999993785, -1.2504012892338228 
5.999999999999355, -1.2497722340410988 
6.009999999999332, -1.2451372817621564 
6.019999999999309, -1.2392629616764468 
6.029999999999285, -1.238845511500213 
6.039999999999262, -1.2427620351832727 
6.049999999999239, -1.2427503638029898 
6.059999999999215, -1.2427031598615277 
6.069999999999192, -1.2424866450676946 
6.079999999999169, -1.2420984922868992 
6.089999999999145, -1.241660268226235 
6.099999999999122, -1.2406509014127283 
6.109999999999099, -1.2402227947811315 
6.1199999999990755, -1.232057723998572 
6.129999999999052, -1.2311581425046745 
6.139999999999029, -1.231607577484713 
6.149999999999006, -1.23734418310678 
6.159999999998982, -1.2370898260619574 
6.169999999998959, -1.2372977750187537 
6.179999999998936, -1.2370330352971197 
6.189999999998912, -1.2367244269850939 
6.199999999998889, -1.2362373993738185 
6.209999999998866, -1.2355608870027324 
6.2199999999988425, -1.2349093726285787 
6.229999999998819, -1.2299152254969978 
6.239999999998796, -1.2296676254604106 
6.2499999999987725, -1.2341824498794634 
6.259999999998749, -1.2389413346948799 
6.269999999998726, -1.238852486356109 
6.279999999998703, -1.239358711005632 
6.289999999998679, -1.2390500149915622 
6.299999999998656, -1.2388076653472395 
6.309999999998633, -1.238318073869679 
6.319999999998609, -1.2378522106457035 
6.329999999998586, -1.236780701842472 
6.339999999998563, -1.2343861817010682 
6.3499999999985395, -1.23377518525991 
6.359999999998516, -1.23684120145573 
6.369999999998493, -1.2376625389719267 
6.37999999999847, -1.2383235095713643 
6.389999999998446, -1.2388581129414484 
6.399999999998423, -1.2385678671483675 
6.4099999999984, -1.238360688446708 
6.419999999998376, -1.2378901393591262 
6.429999999998353, -1.2375157778152328 
6.43999999999833, -1.2362508200980673 
6.449999999998306, -1.2352287021085342 
6.459999999998283, -1.23281156851684 
6.46999999999826, -1.2268037432642005 
6.4799999999982365, -1.22656128142553 
6.489999999998213, -1.229168970846505 
6.49999999999819, -1.2295018457860643 
6.509999999998167, -1.229359614039704 
6.519999999998143, -1.2292113257779216 
6.52999999999812, -1.228812116658081 
6.539999999998097, -1.2284572670590426 
6.549999999998073, -1.2275483776002905 
6.55999999999805, -1.2270638462470322 
6.569999999998027, -1.2230529983687184 
6.5799999999980034, -1.2190379999835177 
6.58999999999798, -1.2183228287296084 
6.599999999997957, -1.2269909409005972 
6.6099999999979335, -1.2270032963495592 
6.61999999999791, -1.2273262658965982 
6.629999999997887, -1.227298374195822 
6.639999999997864, -1.226991239187539 
6.64999999999784, -1.2266752931251725 
6.659999999997817, -1.2260930170776563 
6.669999999997794, -1.2256974831727372 
6.67999999999777, -1.2234533451703646 
6.689999999997747, -1.2224960345609406 
6.699999999997724, -1.2187827620560308 
6.7099999999977005, -1.221729338760535 
6.719999999997677, -1.2214305257985716 
6.729999999997654, -1.2233988427428313 
6.7399999999976306, -1.2234250413659882 
6.749999999997607, -1.2232799879509295 
6.759999999997584, -1.2230579284161023 
6.769999999997561, -1.2226467772694773 
6.779999999997537, -1.222255711304768 
6.789999999997514, -1.221213771938468 
6.799999999997491, -1.2207693779121707 
6.809999999997467, -1.215195693733383 
6.819999999997444, -1.2120459212827723 
6.829999999997421, -1.2113672722693105 
6.8399999999973975, -1.219965749017788 
6.849999999997374, -1.2198604276140772 
6.859999999997351, -1.2202519539840604 
6.869999999997328, -1.220193593566162 
6.879999999997304, -1.21990414395309 
6.889999999997281, -1.219590991453116 
6.899999999997258, -1.2190392065975524 
6.909999999997234, -1.2186456577053189 
6.919999999997211, -1.2166821849209308 
6.929999999997188, -1.215902457795292 
6.939999999997164, -1.2111166270967817 
6.949999999997141, -1.2090422950329778 
6.959999999997118, -1.2086944006054925 
6.9699999999970945, -1.211870798040312 
6.979999999997071, -1.2119896901127118 
6.989999999997048, -1.2119425395407704 
6.999999999997025, -1.2118197765978165 
7.009999999997001, -1.2114585803339875 
7.019999999996978, -1.2111275624069144 
7.029999999996955, -1.2104150087365106 
7.039999999996931, -1.2099996039380745 
7.049999999996908, -1.2075407747538656 
7.059999999996885, -1.2054009197141609 
7.0699999999968615, -1.2040369999477316 
7.079999999996838, -1.2102970934005495 
7.089999999996815, -1.2102864005016094 
7.0999999999967915, -1.211583839212604 
7.109999999996768, -1.211965670019452 
7.119999999996745, -1.2117492241099868 
7.129999999996722, -1.2116034158511177 
7.139999999996698, -1.2112000204660767 
7.149999999996675, -1.2108717417560801 
7.159999999996652, -1.2100494715993964 
7.169999999996628, -1.2094502647939376 
7.179999999996605, -1.2074975718037453 
7.189999999996582, -1.202144925994036 
7.1999999999965585, -1.2016832918124227 
7.209999999996535, -1.2104662917074653 
7.219999999996512, -1.2115455296673687 
7.229999999996489, -1.211870562909263 
7.239999999996465, -1.2123271402187499 
7.249999999996442, -1.2120338684683534 
7.259999999996419, -1.2118519978980016 
7.269999999996395, -1.2114234961727732 
7.279999999996372, -1.2110609411871822 
7.289999999996349, -1.210211925158939 
7.299999999996325, -1.2091784003527497 
7.309999999996302, -1.208206047162461 
7.319999999996279, -1.1985127148897778 
7.3299999999962555, -1.1984930030754515 
7.339999999996232, -1.203038963403387 
7.349999999996209, -1.206070596150336 
7.359999999996186, -1.2059559255909613 
7.369999999996162, -1.206379528171281 
7.379999999996139, -1.2060929064021173 
7.389999999996116, -1.205881464326212 
7.399999999996092, -1.2054710302170681 
7.409999999996069, -1.2050347508979011 
7.419999999996046, -1.204386330178687 
7.4299999999960225, -1.2028096695756327 
7.439999999995999, -1.2023823409116197 
7.449999999995976, -1.1912084761096429 
7.4599999999959525, -1.1914512365261198 
7.469999999995929, -1.1921932003184967 
7.479999999995906, -1.1981361831589696 
7.489999999995883, -1.1978957594034865 
7.499999999995859, -1.1983603554208269 
7.509999999995836, -1.1982007502029897 
7.519999999995813, -1.1979605698042424 
7.529999999995789, -1.1976460042877735 
7.539999999995766, -1.1971627760925734 
7.549999999995743, -1.196763170381133 
7.5599999999957195, -1.1953440493334062 
7.569999999995696, -1.1948321441015926 
7.579999999995673, -1.1895790268414228 
7.58999999999565, -1.1844141766287164 
7.599999999995626, -1.1838046357409802 
7.609999999995603, -1.1925857043684642 
7.61999999999558, -1.1928338958747655 
7.629999999995556, -1.1932708454631848 
7.639999999995533, -1.1935182629880352 
7.64999999999551, -1.1932454529932994 
7.659999999995486, -1.1930675919446847 
7.669999999995463, -1.1926512573372308 
7.67999999999544, -1.1923183855067645 
7.6899999999954165, -1.1915485421771048 
7.699999999995393, -1.1907627697351828 
7.70999999999537, -1.1897600681517349 
7.719999999995347, -1.1833838925858087 
7.729999999995323, -1.183178401900918 
7.7399999999953, -1.1880025668856835 
7.749999999995277, -1.1925785033516045 
7.759999999995253, -1.1926067832674274 
7.76999999999523, -1.1939657463007731 
7.779999999995207, -1.1937290871940773 
7.789999999995183, -1.1936669773494222 
7.79999999999516, -1.1933898787077908 
7.809999999995137, -1.193043002729398 
7.8199999999951135, -1.1926143112637217 
7.82999999999509, -1.1918300084899165 
7.839999999995067, -1.191427129384534 
7.849999999995044, -1.1878375455935775 
7.85999999999502, -1.1868445417898983 
7.869999999994997, -1.1835505820466532 
7.879999999994974, -1.1879670380019753 
7.88999999999495, -1.1876828964809498 
7.899999999994927, -1.190315984311782 
7.909999999994904, -1.1905835319621259 
7.9199999999948805, -1.1905160621436919 
7.929999999994857, -1.1904748978938546 
7.939999999994834, -1.1901339745668214 
7.9499999999948106, -1.189860866916354 
7.959999999994787, -1.1893025955108232 
7.969999999994764, -1.1888857782667106 
7.979999999994741, -1.1877596966434547 
7.989999999994717, -1.1860153938702716 
7.999999999994694, -1.1853106183181843 
8.00999999999467, -1.17448219015676 
8.019999999994647, -1.1748965334991357 
8.029999999994624, -1.1774176100840412 
8.0399999999946, -1.1815676878454722 
8.049999999994577, -1.1813579727333205 
8.059999999994554, -1.1819390578500955 
8.06999999999453, -1.1817385643241218 
8.079999999994508, -1.1815556248751844 
8.089999999994484, -1.1812627527076442 
8.099999999994461, -1.1808475500713 
8.109999999994438, -1.1804567184957726 
8.119999999994414, -1.1794583668550713 
8.129999999994391, -1.1790436553700423 
8.139999999994368, -1.1756759124372422 
8.149999999994344, -1.172924954674874 
8.159999999994321, -1.1717827854974736 
8.169999999994298, -1.177590429966247 
8.179999999994275, -1.1777466587795447 
8.189999999994251, -1.1794455420546526 
8.199999999994228, -1.1804451013957082 
8.209999999994205, -1.1802576191829737 
8.219999999994181, -1.180342971994894 
8.229999999994158, -1.1800359648310095 
8.239999999994135, -1.1797896049671879 
8.249999999994111, -1.1793520943098437 
8.259999999994088, -1.1788732084336662 
8.269999999994065, -1.178299988920124 
8.279999999994041, -1.1765733608271554 
8.289999999994018, -1.1762013524062447 
8.299999999993995, -1.1671869830650665 
8.309999999993972, -1.1655171846107457 
8.319999999993948, -1.1647852940769088 
8.329999999993925, -1.1751121582512878 
8.339999999993902, -1.175000513199139 
8.349999999993878, -1.1759859177689918 
8.359999999993855, -1.1762236947926332 
8.369999999993832, -1.1760264169523147 
8.379999999993808, -1.1759228683804877 
8.389999999993785, -1.1755611658682117 
8.399999999993762, -1.1752784033256969 
8.409999999993738, -1.1747017457898452 
8.419999999993715, -1.1741873917471257 
8.429999999993692, -1.1733415412756032 
8.439999999993669, -1.170885564168836 
8.449999999993645, -1.1705122094862224 
8.459999999993622, -1.1590637226356535 
8.469999999993599, -1.1597170883061243 
8.479999999993575, -1.15984894042599 
8.489999999993552, -1.1673431586325809 
8.499999999993529, -1.1671483637384301 
8.509999999993505, -1.1679225818682646 
8.519999999993482, -1.1679778387279514 
8.529999999993459, -1.1677848025494664 
8.539999999993436, -1.1676346652187792 
8.549999999993412, -1.167260912329227 
8.559999999993389, -1.166973274498244 
8.569999999993366, -1.1663611770232358 
8.579999999993342, -1.1658657356179485 
8.589999999993319, -1.1649414333420915 
8.599999999993296, -1.1626102050865414 
8.609999999993272, -1.162210399661866 
8.619999999993249, -1.1504659185717694 
8.629999999993226, -1.1508220922747812 
8.639999999993202, -1.1509166454436583 
8.64999999999318, -1.159881343817295 
8.659999999993156, -1.1596741517569862 
8.669999999993133, -1.1607909688841265 
8.67999999999311, -1.1609323058755485 
8.689999999993086, -1.160781189754806 
8.699999999993063, -1.1607035124487066 
8.70999999999304, -1.1603634579679913 
8.719999999993016, -1.1601082841114294 
8.729999999992993, -1.1596087116464449 
8.73999999999297, -1.1591709773138832 
8.749999999992946, -1.158475236282688 
8.759999999992923, -1.156944488266233 
8.7699999999929, -1.1565490289975255 
8.779999999992876, -1.1484380654515032 
8.789999999992853, -1.1474870070046916 
8.79999999999283, -1.1458462756410515 
8.809999999992806, -1.1561413859095968 
8.819999999992783, -1.1559373332589897 
8.82999999999276, -1.1583075388589454 
8.839999999992736, -1.1588446248476718 
8.849999999992713, -1.1587739795539986 
8.85999999999269, -1.158913767881226 
8.869999999992666, -1.158619357729431 
8.879999999992643, -1.1584301154004943 
8.88999999999262, -1.1580545211542845 
8.899999999992596, -1.157676924735322 
8.909999999992573, -1.1571827921606612 
8.91999999999255, -1.1562301868500204 
8.929999999992527, -1.1558513534262556 
8.939999999992503, -1.1522437373068695 
8.94999999999248, -1.1510445853123359 
8.959999999992457, -1.1482490217029433 
8.969999999992433, -1.1435100044332107 
8.97999999999241, -1.1433128526663685 
8.989999999992387, -1.1488536461711254 
8.999999999992363, -1.1506045178353816 
9.00999999999234, -1.1506599481093214 
9.019999999992317, -1.1514807000840626 
9.029999999992294, -1.1512450646608705 
9.03999999999227, -1.1512110049186128 
9.049999999992247, -1.150982602679655 
9.059999999992224, -1.1506760156965272 
9.0699999999922, -1.1503568408027034 
9.079999999992177, -1.1498012237329636 
9.089999999992154, -1.149462597377263 
9.09999999999213, -1.1483041860954968 
9.109999999992107, -1.147469332114688 
9.119999999992084, -1.1461916034871875 
9.12999999999206, -1.1397427852691493 
9.139999999992037, -1.139520293075849 
9.149999999992014, -1.1376212488254858 
9.15999999999199, -1.1418796916399672 
9.169999999991967, -1.1417960414963864 
9.179999999991944, -1.1466702925951942 
9.18999999999192, -1.1465748428652518 
9.199999999991897, -1.1470399233193924 
9.209999999991874, -1.1471692153788313 
9.21999999999185, -1.146943089682346 
9.229999999991827, -1.1468353071083257 
9.239999999991804, -1.1464907985885482 
9.24999999999178, -1.1462238590780316 
9.259999999991757, -1.1457489687104283 
9.269999999991734, -1.1452350015647035 
9.27999999999171, -1.1447259377382315 
9.289999999991688, -1.143074074965313 
9.299999999991664, -1.1426944430876234 
9.309999999991641, -1.1376571484375908 
9.319999999991618, -1.134380667973464 
9.329999999991594, -1.1333393031784225 
9.339999999991571, -1.1373327172248064 
9.349999999991548, -1.1376490114665496 
9.359999999991524, -1.140095777003413 
9.369999999991501, -1.1426628207655967 
9.379999999991478, -1.1424828903770878 
9.389999999991455, -1.1431613480318743 
9.399999999991431, -1.143001528455777 
9.409999999991408, -1.142890698994775 
9.419999999991385, -1.1427073890881367 
9.429999999991361, -1.1423674126308636 
9.439999999991338, -1.1420924114853541 
9.449999999991315, -1.1415496484248118 
9.459999999991291, -1.1411806369376283 
9.469999999991268, -1.140335003045559 
9.479999999991245, -1.1391888537618542 
9.489999999991221, -1.1386430301982533 
9.499999999991198, -1.1324407887965777 
9.509999999991175, -1.1320491926353575 
9.519999999991152, -1.1270133169750471 
9.529999999991128, -1.1286627969780283 
9.539999999991105, -1.128283919883877 
9.549999999991082, -1.1349312690159459 
9.559999999991058, -1.1357034470382177 
9.569999999991035, -1.1360425784347403 
9.579999999991012, -1.1368653993538638 
9.589999999990988, -1.136625070444503 
9.599999999990965, -1.136686846474669 
9.609999999990942, -1.1364724325944313 
9.619999999990918, -1.1362200036678256 
9.629999999990895, -1.13593857791559 
9.639999999990872, -1.135487163553029 
9.649999999990849, -1.1351762309167241 
9.659999999990825, -1.1343746072498972 
9.669999999990802, -1.133822261556023 
9.679999999990779, -1.1328197861839642 
9.689999999990755, -1.1300504273836631 
9.699999999990732, -1.129707308856278 
9.709999999990709, -1.1187246863068538 
9.719999999990685, -1.1179271276853144 
9.729999999990662, -1.1167388965149092 
9.739999999990639, -1.127883629428464 
9.749999999990616, -1.1278161225649674 
9.759999999990592, -1.1303855333235093 
9.769999999990569, -1.1316078317200255 
9.779999999990546, -1.1315148834313014 
9.789999999990522, -1.1320275910087017 
9.799999999990499, -1.1318093629759554 
9.809999999990476, -1.1317228554138126 
9.819999999990452, -1.1315132852148673 
9.829999999990429, -1.1311929159652871 
9.839999999990406, -1.1309141962594913 
9.849999999990382, -1.1303944615358406 
9.85999999999036, -1.1300596674539964 
9.869999999990336, -1.1292493119080478 
9.879999999990313, -1.1283627950181194 
9.88999999999029, -1.1277542720638465 
9.899999999990266, -1.1235040271268046 
9.909999999990243, -1.1231433521546976 
9.91999999999022, -1.1158512914907202 
9.929999999990196, -1.1113537763585704 
9.939999999990173, -1.1108041632212204 
9.94999999999015, -1.1212096993663758 
9.959999999990126, -1.1221433938685674 
9.969999999990103, -1.12314533674923 
9.97999999999008, -1.12539882116262 
9.989999999990056, -1.1251786030041608 
9.999999999990033, -1.1256884376227314 
10.00999999999001, -1.1256137697333963 
10.019999999989986, -1.1254588192009942 
10.029999999989963, -1.1253324833218774 
10.03999999998994, -1.124999483144436 
10.049999999989916, -1.1247649483053566 
10.059999999989893, -1.1243196555154782 
10.06999999998987, -1.1239262198514512 
10.079999999989846, -1.1234107405695661 
10.089999999989823, -1.122410141543838 
10.0999999999898, -1.122058558803061 
10.109999999989776, -1.1193780141785834 
10.119999999989753, -1.118122501964968 
10.12999999998973, -1.1163603807039897 
10.139999999989707, -1.1060472578472889 
10.149999999989683, -1.1059406197760433 
10.15999999998966, -1.1082444386963521 
10.169999999989637, -1.114083095068482 
10.179999999989613, -1.1138532106681305 
10.18999999998959, -1.119257334752405 
10.199999999989567, -1.1193099894326661 
10.209999999989543, -1.1199081182207384 
10.21999999998952, -1.1203792444079057 
10.229999999989497, -1.1201681652685416 
10.239999999989474, -1.1202543677089076 
10.24999999998945, -1.1200118196618176 
10.259999999989427, -1.1198100812390883 
10.269999999989404, -1.1195381739323589 
10.27999999998938, -1.1191461364106954 
10.289999999989357, -1.1188493615731985 
10.299999999989334, -1.1182018815417387 
10.30999999998931, -1.117791552737785 
10.319999999989287, -1.1169412686570859 
10.329999999989264, -1.1155164112775007 
10.33999999998924, -1.1151025882610623 
10.349999999989217, -1.1095028617212677 
10.359999999989194, -1.1086221472286832 
10.36999999998917, -1.1052679329270114 
10.379999999989147, -1.0981404410822553 
10.389999999989124, -1.0979222211461752 
10.3999999999891, -1.1057490374161612 
10.409999999989077, -1.1092611294719665 
10.419999999989054, -1.1093626364937663 
10.42999999998903, -1.112934206262591 
10.439999999989007, -1.1128243911902724 
10.449999999988984, -1.1133564425215159 
10.45999999998896, -1.1135828028794155 
10.469999999988937, -1.113387562374814 
10.479999999988914, -1.1134110801032238 
10.48999999998889, -1.1131401830554115 
10.499999999988868, -1.1129418144845995 
10.509999999988844, -1.112644715673783 
10.519999999988821, -1.1122577819138417 
10.529999999988798, -1.1119486864180836 
10.539999999988774, -1.1112892909760816 
10.549999999988751, -1.1109081655340363 
10.559999999988728, -1.1100138015939431 
10.569999999988704, -1.1087473048762349 
10.579999999988681, -1.108291806789867 
10.589999999988658, -1.1033484494332007 
10.599999999988635, -1.1026710283307462 
10.609999999988611, -1.0986785027858483 
10.619999999988588, -1.0902588955678267 
10.629999999988565, -1.0899660694659445 
10.639999999988541, -1.0963800242566306 
10.649999999988518, -1.0995881709131605 
10.659999999988495, -1.0997486347798886 
10.669999999988471, -1.1055299722485106 
10.679999999988448, -1.1054265221681576 
10.689999999988425, -1.1064433899989052 
10.699999999988401, -1.106933709171693 
10.709999999988378, -1.1067843891749027 
10.719999999988355, -1.107011195552029 
10.729999999988332, -1.106786236141196 
10.739999999988308, -1.1066590522550768 
10.749999999988285, -1.1064500120020182 
10.759999999988262, -1.1061251741452283 
10.769999999988238, -1.1058760930888059 
10.779999999988215, -1.1054054677102418 
10.789999999988192, -1.1050737958466537 
10.799999999988168, -1.1044967640261567 
10.809999999988145, -1.1037133013346345 
10.819999999988122, -1.1033256880433164 
10.829999999988098, -1.10125544914001 
10.839999999988075, -1.100602660251529 
10.849999999988052, -1.098436491664187 
10.859999999988029, -1.092784469820882 
10.869999999988005, -1.0924625764720044 
10.879999999987982, -1.0811652084944943 
10.889999999987959, -1.0818320577968157 
10.899999999987935, -1.0807862285605214 
10.909999999987912, -1.092247888751106 
10.919999999987889, -1.0922636020405236 
10.929999999987865, -1.0957604758959343 
10.939999999987842, -1.0983381277719653 
10.949999999987819, -1.0982171358218171 
10.959999999987796, -1.0997342027695645 
10.969999999987772, -1.0996782098489448 
10.979999999987749, -1.0998062030977265 
10.989999999987726, -1.0999188282959882 
10.999999999987702, -1.0996732745866082 
11.009999999987679, -1.0996136748163423 
11.019999999987656, -1.099344908011209 
11.029999999987632, -1.0991026093406118 
11.039999999987609, -1.0988149153896194 
11.049999999987586, -1.0983892314475603 
11.059999999987562, -1.098106738625527 
11.06999999998754, -1.0974734914261148 
11.079999999987516, -1.0970101502916134 
11.089999999987493, -1.0963780409229225 
11.09999999998747, -1.0949766639227394 
11.109999999987446, -1.0946446081133023 
11.119999999987423, -1.0915247769608827 
11.1299999999874, -1.0899167825292784 
11.139999999987376, -1.0886512593384223 
11.149999999987353, -1.0781597287332274 
11.15999999998733, -1.0781162713476709 
11.169999999987306, -1.0723065380457109 
11.179999999987283, -1.0749418401761663 
11.18999999998726, -1.074419392333816 
11.199999999987236, -1.0852506585644115 
11.209999999987213, -1.0862060731534433 
11.21999999998719, -1.0873724902914819 
11.229999999987166, -1.0910768850591663 
11.239999999987143, -1.0908653059341653 
11.24999999998712, -1.0920612045352602 
11.259999999987096, -1.0922936860120758 
11.269999999987073, -1.092242220659671 
11.27999999998705, -1.0924826835076507 
11.289999999987026, -1.0922439706152105 
11.299999999987003, -1.092183134548294 
11.30999999998698, -1.0919917776283588 
11.319999999986956, -1.0917149754619095 
11.329999999986933, -1.0914990316561366 
11.33999999998691, -1.091102110805434 
11.349999999986887, -1.090825806294804 
11.359999999986863, -1.0903586660011297 
11.36999999998684, -1.0898202323771569 
11.379999999986817, -1.089453618645564 
11.389999999986793, -1.088347744588613 
11.39999999998677, -1.087896842549067 
11.409999999986747, -1.0866308292712077 
11.419999999986723, -1.0844918074288517 
11.4299999999867, -1.0840984006010996 
11.439999999986677, -1.0772562840007238 
11.449999999986654, -1.0762210317888161 
11.45999999998663, -1.0736360582756577 
11.469999999986607, -1.0635378279649992 
11.479999999986584, -1.063423333174715 
11.48999999998656, -1.0628143268383627 
11.499999999986537, -1.0677241888723292 
11.509999999986514, -1.0671944420582917 
11.51999999998649, -1.0779523840262202 
11.529999999986467, -1.0783464465571608 
11.539999999986444, -1.080044549395969 
11.54999999998642, -1.0828977933059685 
11.559999999986397, -1.0826877163541082 
11.569999999986374, -1.0839974559380852 
11.57999999998635, -1.084130176825999 
11.589999999986327, -1.0841533075740992 
11.599999999986304, -1.0844160038046817 
11.60999999998628, -1.0841783875267503 
11.619999999986257, -1.08416784336232 
11.629999999986234, -1.0839915537544118 
11.63999999998621, -1.0837465755734477 
11.649999999986187, -1.0835594086349043 
11.659999999986164, -1.083200813247338 
11.66999999998614, -1.0829550349704087 
11.679999999986117, -1.0825493708767442 
11.689999999986094, -1.082102694515817 
11.69999999998607, -1.0817621136896642 
11.709999999986048, -1.0809604963445172 
11.719999999986024, -1.0805759925899516 
11.729999999986001, -1.0796640117152498 
11.739999999985978, -1.0783678370621412 
11.749999999985954, -1.0779749208337674 
11.759999999985931, -1.0744881240527604 
11.769999999985908, -1.0736388333772051 
11.779999999985884, -1.0715026699007648 
11.789999999985861, -1.0638138043504208 
11.799999999985838, -1.0635988312128002 
11.809999999985815, -1.052435733397598 
11.819999999985791, -1.0515263288577865 
11.829999999985768, -1.0504943639067394 
11.839999999985745, -1.0530291455059033 
11.849999999985721, -1.0534597357799598 
11.859999999985698, -1.0555577141786638 
11.869999999985675, -1.0653248482928728 
11.879999999985651, -1.0650146134799452 
11.889999999985628, -1.0710750227773282 
11.899999999985605, -1.0721539516897425 
11.909999999985581, -1.0725485137108988 
11.919999999985558, -1.074778786176122 
11.929999999985535, -1.0746111106700948 
11.939999999985512, -1.075282716317508 
11.949999999985488, -1.075544123900229 
11.959999999985465, -1.0754057977472842 
11.969999999985442, -1.0756260127114958 
11.979999999985418, -1.0754211231426016 
11.989999999985395, -1.0753386419635296 
11.999999999985372, -1.0752059919879469 
12.009999999985348, -1.0749245784174741 
12.019999999985325, -1.074758574889048 
12.029999999985302, -1.0744251769298356 
12.039999999985278, -1.0741508304077076 
12.049999999985255, -1.0738203862772495 
12.059999999985232, -1.0733445608897756 
12.069999999985209, -1.0730649931602765 
12.079999999985185, -1.0724129995635023 
12.089999999985162, -1.0719188311481198 
12.099999999985139, -1.071391382926456 
12.109999999985115, -1.0701315874774064 
12.119999999985092, -1.0698004992994292 
12.129999999985069, -1.0680253721341118 
12.139999999985045, -1.066507990829376 
12.149999999985022, -1.065873373193432 
12.159999999984999, -1.0601067962597035 
12.169999999984976, -1.059705737860986 
12.179999999984952, -1.055415184515814 
12.189999999984929, -1.0478680671674565 
12.199999999984906, -1.0475228472853493 
12.209999999984882, -1.0357374427741972 
12.219999999984859, -1.0360970866815196 
12.229999999984836, -1.034482012780204 
12.239999999984812, -1.034346658809481 
12.249999999984789, -1.0344695306251441 
12.259999999984766, -1.0358690911348964 
12.269999999984742, -1.0440257472155854 
12.27999999998472, -1.0435883034549318 
12.289999999984696, -1.0540831298944655 
12.299999999984673, -1.0553274415457357 
12.30999999998465, -1.0562230428933017 
12.319999999984626, -1.0618421815679235 
12.329999999984603, -1.0616715932518737 
12.33999999998458, -1.0637486815726616 
12.349999999984556, -1.064648555097012 
12.359999999984533, -1.0646157187408654 
12.36999999998451, -1.065666767481187 
12.379999999984486, -1.0655546402725067 
12.389999999984463, -1.0657453352852808 
12.39999999998444, -1.0659066950480445 
12.409999999984416, -1.0656916366655398 
12.419999999984393, -1.0657557801573674 
12.42999999998437, -1.0655648992293287 
12.439999999984346, -1.0653965532712324 
12.449999999984323, -1.0652506616200192 
12.4599999999843, -1.0649420813712676 
12.469999999984276, -1.0647576627082498 
12.479999999984253, -1.0644310493477915 
12.48999999998423, -1.0641082965236854 
12.499999999984206, -1.063816901597506 
12.509999999984183, -1.063316982245231 
12.51999999998416, -1.0630284429794732 
12.529999999984136, -1.0624703667751687 
12.539999999984113, -1.0618697515779296 
12.54999999998409, -1.061507461914733 
12.559999999984067, -1.0603776307968837 
12.569999999984043, -1.0599215269772944 
12.57999999998402, -1.0589283313171616 
12.589999999983997, -1.0571614779995557 
12.599999999983973, -1.056833646013739 
12.60999999998395, -1.0534056043476119 
12.619999999983927, -1.0521310400205064 
12.629999999983903, -1.0508888158893732 
12.63999999998388, -1.0436045412506059 
12.649999999983857, -1.0434272022129352 
12.659999999983834, -1.0362258082843185 
12.66999999998381, -1.0309755592602967 
12.679999999983787, -1.0304040055298351 
12.689999999983764, -1.0175431428851733 
12.69999999998374, -1.0177783420278836 
12.709999999983717, -1.0148325085609782 
12.719999999983694, -1.0069349463582704 
12.72999999998367, -1.0068518114362541 
12.739999999983647, -0.9981916667804499 
12.749999999983624, -0.9977355489458098 
12.7599999999836, -0.9970427117128013 
12.769999999983577, -0.9869009436375116 
12.779999999983554, -0.9874276412980099 
12.78999999998353, -0.9842133118894894 
12.799999999983507, -0.9743749036591225 
12.809999999983484, -0.9742862971292273 
12.81999999998346, -0.9649117674460751 
12.829999999983437, -0.9604588031789919 
12.839999999983414, -0.9599316933798595 
12.84999999998339, -0.9509045216067569 
12.859999999983367, -0.9500705848042839 
12.869999999983344, -0.9488091432309735 
12.87999999998332, -0.9443275060159363 
12.889999999983297, -0.9440700349340656 
12.899999999983274, -0.942566203402335 
12.90999999998325, -0.9409385363970989 
12.919999999983228, -0.9406740412848403 
12.929999999983204, -0.9395499530906682 
12.939999999983181, -0.9389239289344232 
12.949999999983158, -0.9385905827455513 
12.959999999983134, -0.9378873805194322 
12.969999999983111, -0.9375790561838349 
12.979999999983088, -0.9372429334350519 
12.989999999983064, -0.9368067094779404 
12.999999999983041, -0.9366131780332347 
13.009999999983018, -0.9363334551876619 
13.019999999982995, -0.9360465139107388 
13.029999999982971, -0.9359258859025532 
13.039999999982948, -0.9357090975376438 
13.049999999982925, -0.9355416249170061 
13.059999999982901, -0.9355273637076943 
13.069999999982878, -0.9353419389588301 
13.079999999982855, -0.9353574552748429 
13.089999999982831, -0.935506889022353 
13.099999999982808, -0.9353287133694995 
13.109999999982785, -0.935772038564033 
13.119999999982761, -0.936083164187479 
13.129999999982738, -0.9359933380871731 
13.139999999982715, -0.9375569845862342 
13.149999999982692, -0.9378479883582239 
13.159999999982668, -0.9383570158758958 
13.169999999982645, -0.9422479642444693 
13.179999999982622, -0.9422426408018953 
13.189999999982598, -0.945921652619484 
13.199999999982575, -0.9519472858553688 
13.209999999982552, -0.9516238216502513 
13.219999999982528, -0.9621900791977246 
13.229999999982505, -0.9651006988552516 
13.239999999982482, -0.964119077976788 
13.249999999982458, -0.9715986611937399 
13.259999999982435, -0.9719288569406921 
13.269999999982412, -0.9676202907735235 
13.279999999982389, -0.9672499037867055 
13.289999999982365, -0.966968701541386 
13.299999999982342, -0.9546280821154451 
13.309999999982319, -0.9536010821414688 
13.319999999982295, -0.952594479270458 
13.329999999982272, -0.9417009106060273 
13.339999999982249, -0.941450521099163 
13.349999999982225, -0.9394033136704046 
13.359999999982202, -0.9351585083734483 
13.369999999982179, -0.9349404745314105 
13.379999999982156, -0.9331807621625747 
13.389999999982132, -0.9319124191873253 
13.399999999982109, -0.9316060413919972 
13.409999999982086, -0.9305481279460935 
13.419999999982062, -0.9300729974076307 
13.429999999982039, -0.9297228360995199 
13.439999999982016, -0.929133387173684 
13.449999999981992, -0.9288836809016029 
13.459999999981969, -0.9285765810193364 
13.469999999981946, -0.9282198715949573 
13.479999999981922, -0.9280649498990404 
13.4899999999819, -0.9278363693518594 
13.499999999981876, -0.9276086229670911 
13.509999999981853, -0.9275574857808376 
13.51999999998183, -0.9273909398079611 
13.529999999981806, -0.9273062226880173 
13.539999999981783, -0.9274491476123341 
13.54999999998176, -0.927296502128932 
13.559999999981736, -0.9275461810557738 
13.569999999981713, -0.9280067327011707 
13.57999999998169, -0.9278400082427705 
13.589999999981666, -0.9291852655019979 
13.599999999981643, -0.9299549011202403 
13.60999999998162, -0.9299023850674248 
13.619999999981596, -0.9347569178208156 
13.629999999981573, -0.9353111408417037 
13.63999999998155, -0.9362786279524933 
13.649999999981526, -0.9470484596558832 
13.659999999981503, -0.947013053608892 
13.66999999998148, -0.9501922122014388 
13.679999999981456, -0.9572926902212329 
13.689999999981433, -0.9567842409089405 
13.69999999998141, -0.9498166232641125 
13.709999999981386, -0.9506551046269522 
13.719999999981363, -0.948685538376751 
13.72999999998134, -0.9363054665583321 
13.739999999981316, -0.9362610716000391 
13.749999999981293, -0.9326627572039254 
13.75999999998127, -0.9282649018332029 
13.769999999981247, -0.9280113056216968 
13.779999999981223, -0.9256772773171714 
13.7899999999812, -0.9245877369994894 
13.799999999981177, -0.9242024209905383 
13.809999999981153, -0.9230663769467382 
13.81999999998113, -0.9226729966243619 
13.829999999981107, -0.9222811163603246 
13.839999999981083, -0.9217207992145173 
13.84999999998106, -0.921501586394921 
13.859999999981037, -0.9211937819825036 
13.869999999981014, -0.9208710902295973 
13.87999999998099, -0.9207376299962204 
13.889999999980967, -0.9205250106032852 
13.899999999980944, -0.9203354482358097 
13.90999999998092, -0.9203334463851623 
13.919999999980897, -0.9201816422008259 
13.929999999980874, -0.9201775905802342 
13.93999999998085, -0.920447891147537 
13.949999999980827, -0.9202993122146735 
13.959999999980804, -0.9208465973427622 
13.96999999998078, -0.921582494133954 
13.979999999980757, -0.9214125811665057 
13.989999999980734, -0.9241627762703718 
13.99999999998071, -0.925290261518482 
14.009999999980687, -0.9252331003493004 
14.019999999980664, -0.9347919947432296 
14.02999999998064, -0.9353333409675102 
14.039999999980617, -0.9355113008153546 
14.049999999980594, -0.9466261252005198 
14.05999999998057, -0.9464981207217527 
14.069999999980547, -0.9383832369648063 
14.079999999980524, -0.9378924904597236 
14.0899999999805, -0.9372723238812498 
14.099999999980477, -0.9255575324338453 
14.109999999980454, -0.9249222073884784 
14.11999999998043, -0.9236462633040107 
14.129999999980408, -0.9193739551140679 
14.139999999980384, -0.9191084341228619 
14.149999999980361, -0.9179856791779457 
14.159999999980338, -0.9167499187947189 
14.169999999980314, -0.9165151237994503 
14.179999999980291, -0.9158247320002267 
14.189999999980268, -0.9153495773343333 
14.199999999980244, -0.9151203090562463 
14.209999999980221, -0.914714276681923 
14.219999999980198, -0.9144727370879381 
14.229999999980175, -0.9143014502990752 
14.239999999980151, -0.9140363094953052 
14.249999999980128, -0.9139430040157049 
14.259999999980105, -0.9138877954112334 
14.269999999980081, -0.9136938953657345 
14.279999999980058, -0.9138729614762089 
14.289999999980035, -0.9139719940650011 
14.299999999980011, -0.9138878540484136 
14.309999999979988, -0.9149055208254089 
14.319999999979965, -0.9151012578943161 
14.329999999979941, -0.915549203641199 
14.339999999979918, -0.9191737234896166 
14.349999999979895, -0.919208530336024 
14.359999999979872, -0.9228455314666371 
14.369999999979848, -0.9309900720495702 
14.379999999979825, -0.930698761431391 
14.389999999979802, -0.9339866801185986 
14.399999999979778, -0.9369256873297729 
14.409999999979755, -0.9358529805835665 
14.419999999979732, -0.9223930220550093 
14.429999999979708, -0.9224306591834815 
14.439999999979685, -0.9199966216788763 
14.449999999979662, -0.9142314074967652 
14.459999999979638, -0.9140381976446935 
14.469999999979615, -0.9123290077872251 
14.479999999979592, -0.9109853549796469 
14.489999999979569, -0.9107216541982639 
14.499999999979545, -0.9098664904610574 
14.509999999979522, -0.9094083499830657 
14.519999999979499, -0.9091430796179962 
14.529999999979475, -0.908702224234169 
14.539999999979452, -0.9084766924264018 
14.549999999979429, -0.9082835888746554 
14.559999999979405, -0.9080138746364431 
14.569999999979382, -0.9079344189036717 
14.579999999979359, -0.907862223163303 
14.589999999979335, -0.9076812028838213 
14.599999999979312, -0.9078984928269739 
14.609999999979289, -0.907970066513166 
14.619999999979266, -0.9079499645503676 
14.629999999979242, -0.9091423157037066 
14.639999999979219, -0.9092793847670639 
14.649999999979196, -0.9100801704458841 
14.659999999979172, -0.9143930456884369 
14.669999999979149, -0.9143479339539349 
14.679999999979126, -0.9196263896907397 
14.689999999979102, -0.9278735320916223 
14.69999999997908, -0.9274740931099177 
14.709999999979056, -0.9228329853575824 
14.719999999979033, -0.9239335721142807 
14.72999999997901, -0.9226089918142582 
14.739999999978986, -0.9111797996051915 
14.749999999978963, -0.9109924520346842 
14.75999999997894, -0.9092383386905111 
14.769999999978916, -0.906302079978237 
14.779999999978893, -0.9060795233415576 
14.78999999997887, -0.9050592963001142 
14.799999999978846, -0.9042789037629377 
14.809999999978823, -0.9040438419232502 
14.8199999999788, -0.9035178200149411 
14.829999999978776, -0.903192515964149 
14.839999999978753, -0.9029991751549438 
14.84999999997873, -0.9027002482549369 
14.859999999978706, -0.9025485975941852 
14.869999999978683, -0.9024712336961248 
14.87999999997866, -0.9022664013348181 
14.889999999978636, -0.9023478150795106 
14.899999999978613, -0.9024844131407523 
14.90999999997859, -0.902333770990853 
14.919999999978566, -0.9032174121198477 
14.929999999978543, -0.9036625740190918 
14.93999999997852, -0.90369105268369 
14.949999999978496, -0.908173645570952 
14.959999999978473, -0.9086625206824569 
14.96999999997845, -0.9095014266823931 
14.979999999978427, -0.9221881925780858 
14.989999999978403, -0.922180426337529 
14.99999999997838, -0.9157728466061799 
15.009999999978357, -0.9143961260993686 
15.019999999978333, -0.9140000844079358 
15.02999999997831, -0.9050821920261399 
15.039999999978287, -0.9036437248659125 
15.049999999978263, -0.9029630877445979 
15.05999999997824, -0.9003734580712854 
15.069999999978217, -0.8999709944849136 
15.079999999978194, -0.8993973077577125 
15.08999999997817, -0.8986118607833085 
15.099999999978147, -0.8983903845625852 
15.109999999978124, -0.8980248809147348 
15.1199999999781, -0.8976793680727617 
15.129999999978077, -0.8975434238063025 
15.139999999978054, -0.8973316825343458 
15.14999999997803, -0.8971542007160006 
15.159999999978007, -0.8971931381173414 
15.169999999977984, -0.8970780801888611 
15.17999999997796, -0.8971324707208389 
15.189999999977937, -0.8976821690890567 
15.199999999977914, -0.8975853282004965 
15.20999999997789, -0.8986655269640064 
15.219999999977867, -0.9006744354416222 
15.229999999977844, -0.9004678622046983 
15.23999999997782, -0.9079881334831752 
15.249999999977797, -0.9119186952274002 
15.259999999977774, -0.9112342978813892 
15.26999999997775, -0.9111508707144808 
15.279999999977727, -0.9118925140860218 
15.289999999977704, -0.9093517814750942 
15.29999999997768, -0.8993621540083306 
15.309999999977657, -0.899228815817994 
15.319999999977634, -0.8972435081935236 
15.32999999997761, -0.8952839024120702 
15.339999999977588, -0.8950509204717657 
15.349999999977564, -0.8941756107524732 
15.359999999977541, -0.8936389751355943 
15.369999999977518, -0.8934096944051073 
15.379999999977494, -0.8929986829175888 
15.389999999977471, -0.892761301051473 
15.399999999977448, -0.8926170460484081 
15.409999999977424, -0.8923800618191832 
15.419999999977401, -0.8923242193099047 
15.429999999977378, -0.8923695628126915 
15.439999999977355, -0.8921972645923811 
15.449999999977331, -0.89262171959811 
15.459999999977308, -0.8930541270456714 
15.469999999977285, -0.8929244036692907 
15.479999999977261, -0.8958826054896412 
15.489999999977238, -0.8968500026618955 
15.499999999977215, -0.8967687256985188 
15.509999999977191, -0.9096229241416335 
15.519999999977168, -0.9101164639415894 
15.529999999977145, -0.9062469832393467 
15.539999999977121, -0.900587714669956 
15.549999999977098, -0.9004646274198254 
15.559999999977075, -0.8948982106860173 
15.569999999977052, -0.891846555999672 
15.579999999977028, -0.8915187006749667 
15.589999999977005, -0.889758312787239 
15.599999999976982, -0.8891254474896573 
15.609999999976958, -0.8887915283821938 
15.619999999976935, -0.8881828328568253 
15.629999999976912, -0.8879263378426981 
15.639999999976888, -0.8876963318819283 
15.649999999976865, -0.8874023313898587 
15.659999999976842, -0.8873040842002138 
15.669999999976818, -0.8872253674288475 
15.679999999976795, -0.8870440833295139 
15.689999999976772, -0.8872828693948055 
15.699999999976749, -0.8874298079470551 
15.709999999976725, -0.8873801029782116 
15.719999999976702, -0.8891886179906203 
15.729999999976679, -0.8895875308069185 
15.739999999976655, -0.8901280089313812 
15.749999999976632, -0.8994738819290977 
15.759999999976609, -0.8996592666031371 
15.769999999976585, -0.8972000405457083 
15.779999999976562, -0.8987708164150036 
15.789999999976539, -0.8985539055010634 
15.799999999976515, -0.8905865594788962 
15.809999999976492, -0.8879316202045862 
15.819999999976469, -0.8875027996071784 
15.829999999976446, -0.8853646019475269 
15.839999999976422, -0.8848003624449384 
15.849999999976399, -0.8844112100954832 
15.859999999976376, -0.8837672055351923 
15.869999999976352, -0.8835288253822852 
15.879999999976329, -0.8832802984761665 
15.889999999976306, -0.8829869169789547 
15.899999999976282, -0.88289820394263 
15.90999999997626, -0.8828094493812614 
15.919999999976236, -0.8826406694156613 
15.929999999976213, -0.8829149814365094 
15.93999999997619, -0.8830398648554709 
15.949999999976166, -0.8830508595092974 
15.959999999976143, -0.8851126806438894 
15.96999999997612, -0.8854391658039769 
15.979999999976096, -0.886316626839769 
15.989999999976073, -0.8967514627105976 
15.99999999997605, -0.89683226910343 
16.009999999976028, -0.8918454488458153 
16.019999999976005, -0.8897605153330544 
16.02999999997598, -0.8894913176720095 
16.039999999975958, -0.883270950468868 
16.049999999975935, -0.8813898971620134 
16.05999999997591, -0.880972553952607 
16.069999999975888, -0.8794602386293121 
16.079999999975865, -0.8790124689421069 
16.08999999997584, -0.8786781871679143 
16.099999999975818, -0.8781913385227464 
16.109999999975795, -0.8779921411310799 
16.11999999997577, -0.8778037616820089 
16.129999999975748, -0.8775610760532038 
16.139999999975725, -0.8775474936972217 
16.1499999999757, -0.8775524662547066 
16.15999999997568, -0.8774103335789363 
16.169999999975655, -0.8780599699780713 
16.17999999997563, -0.878391243352039 
16.18999999997561, -0.8784381457306117 
16.199999999975585, -0.8832485391446777 
16.20999999997556, -0.8838281044997239 
16.21999999997554, -0.883706494259224 
16.229999999975515, -0.8949088997144524 
16.239999999975492, -0.8949703758708234 
16.24999999997547, -0.8876222915093623 
16.259999999975445, -0.8811092468849211 
16.269999999975422, -0.8808587642691263 
16.2799999999754, -0.8783337657436723 
16.289999999975375, -0.8772772599148564 
16.299999999975352, -0.8769709248986951 
16.30999999997533, -0.8762322160267446 
16.319999999975305, -0.8759052621133615 
16.329999999975282, -0.875683125994658 
16.33999999997526, -0.8753727273825824 
16.349999999975235, -0.8752440434418385 
16.359999999975212, -0.8751854841911517 
16.36999999997519, -0.8749988837377131 
16.379999999975166, -0.8752087995916343 
16.389999999975142, -0.875503367332931 
16.39999999997512, -0.8753618873105689 
16.409999999975096, -0.8775340155758478 
16.419999999975072, -0.8786235436542583 
16.42999999997505, -0.8783894992875004 
16.439999999975026, -0.8913753467868414 
16.449999999975002, -0.8923464726530205 
16.45999999997498, -0.8893472845640291 
16.469999999974956, -0.8777912325630118 
16.479999999974932, -0.8777457695608907 
16.48999999997491, -0.8751516406275852 
16.499999999974886, -0.8726905642608331 
16.509999999974863, -0.8724710522545177 
16.51999999997484, -0.8716177547372083 
16.529999999974816, -0.871090935011787 
16.539999999974793, -0.870891449374291 
16.54999999997477, -0.8705483506785962 
16.559999999974746, -0.8703403464429043 
16.569999999974723, -0.8702712013567748 
16.5799999999747, -0.8700951879551824 
16.589999999974676, -0.8701296407419574 
16.599999999974653, -0.8704731233266154 
16.60999999997463, -0.8703466969819923 
16.619999999974606, -0.8715323642658105 
16.629999999974583, -0.8734577447185753 
16.63999999997456, -0.8732269719227717 
16.649999999974536, -0.8829590154377092 
16.659999999974513, -0.8873593947376155 
16.66999999997449, -0.8865324429775931 
16.679999999974466, -0.8725172648483102 
16.689999999974443, -0.8722952175568812 
16.69999999997442, -0.8711154504116762 
16.709999999974396, -0.8680076946663231 
16.719999999974373, -0.8677282585076521 
16.72999999997435, -0.8671329920541804 
16.739999999974327, -0.8665017932051446 
16.749999999974303, -0.8663189685896308 
16.75999999997428, -0.8660416134388107 
16.769999999974257, -0.8657915717348572 
16.779999999974233, -0.865754677483454 
16.78999999997421, -0.8656640700195601 
16.799999999974187, -0.8655868296592938 
16.809999999974163, -0.8661478860546369 
16.81999999997414, -0.8662398504363366 
16.829999999974117, -0.8667285623002579 
16.839999999974093, -0.8710291373104186 
16.84999999997407, -0.8711521639069923 
16.859999999974047, -0.8723364596070247 
16.869999999974024, -0.8810335675546513 
16.879999999974, -0.8808581517055262 
16.889999999973977, -0.8724281762128033 
16.899999999973954, -0.8691930388356243 
16.90999999997393, -0.86883273096493 
16.919999999973907, -0.866986186639184 
16.929999999973884, -0.8663940596888146 
16.93999999997386, -0.8660873950443114 
16.949999999973837, -0.8655755569390727 
16.959999999973814, -0.8653522651924954 
16.96999999997379, -0.8651874357343065 
16.979999999973767, -0.8649524645716583 
16.989999999973744, -0.8649407409426043 
16.99999999997372, -0.865026580344497 
17.009999999973697, -0.8648706269310547 
17.019999999973674, -0.8657053057818384 
17.02999999997365, -0.8664684151177716 
17.039999999973627, -0.866292749556184 
17.049999999973604, -0.8744080034229591 
17.05999999997358, -0.876243521907227 
17.069999999973557, -0.8749597263260147 
17.079999999973534, -0.8665792071027095 
17.08999999997351, -0.866738233410597 
17.099999999973488, -0.8646313990309368 
17.109999999973464, -0.8609194307434797 
17.11999999997344, -0.8607132483727469 
17.129999999973418, -0.8599505082381047 
17.139999999973394, -0.859316856431939 
17.14999999997337, -0.8591388042973418 
17.159999999973348, -0.8588346890336171 
17.169999999973324, -0.858602909938119 
17.1799999999733, -0.8585706860571779 
17.189999999973278, -0.8584586475463624 
17.199999999973254, -0.858442041341056 
17.20999999997323, -0.8590640998545556 
17.219999999973208, -0.8590906192238076 
17.229999999973185, -0.860035127892887 
17.23999999997316, -0.8648768335870934 
17.249999999973138, -0.864864297228276 
17.259999999973115, -0.8644679239156348 
17.26999999997309, -0.8679033143537898 
17.279999999973068, -0.8676278586537328 
17.289999999973045, -0.8613393886567443 
17.29999999997302, -0.8594848523713083 
17.309999999972998, -0.8591178320872644 
17.319999999972975, -0.8579401314200824 
17.32999999997295, -0.8575320742363742 
17.339999999972928, -0.8572774392048099 
17.349999999972905, -0.856917436956812 
17.35999999997288, -0.8567629749709236 
17.36999999997286, -0.856686987851058 
17.379999999972835, -0.8565014607294064 
17.38999999997281, -0.8566830095722224 
17.39999999997279, -0.8570472016071216 
17.409999999972765, -0.8568935683975556 
17.41999999997274, -0.8595130804202611 
17.42999999997272, -0.8614328903666935 
17.439999999972695, -0.861005352568411 
17.449999999972672, -0.8695371537910165 
17.45999999997265, -0.8709598924038315 
17.469999999972625, -0.8693615885731297 
17.479999999972602, -0.8605948657803729 
17.48999999997258, -0.8603356304811709 
17.499999999972555, -0.8594067742033624 
17.509999999972532, -0.8582114219427596 
17.51999999997251, -0.8579993307674662 
17.529999999972485, -0.8576132343264061 
17.539999999972462, -0.8572737423828112 
17.54999999997244, -0.8571663096197542 
17.559999999972415, -0.857016777122113 
17.569999999972392, -0.8568754200563808 
17.57999999997237, -0.8571392313883289 
17.589999999972346, -0.8571978154670663 
17.599999999972322, -0.8573679732066697 
17.6099999999723, -0.8601069495286687 
17.619999999972276, -0.860360269020116 
17.629999999972252, -0.8614502962339148 
17.63999999997223, -0.8740833739137169 
17.649999999972206, -0.8740709051108676 
17.659999999972182, -0.8662814547939381 
17.66999999997216, -0.8607723000715457 
17.679999999972136, -0.8605170133680543 
17.689999999972112, -0.8586654981441005 
17.69999999997209, -0.8578703316985254 
17.709999999972066, -0.8576147741916572 
17.719999999972043, -0.8571137971671406 
17.72999999997202, -0.8568593759670008 
17.739999999971996, -0.8567241509549692 
17.749999999971973, -0.8565077694397228 
17.75999999997195, -0.8564828946216642 
17.769999999971926, -0.8566667189985999 
17.779999999971903, -0.8565293711399499 
17.78999999997188, -0.8574217651740597 
17.799999999971856, -0.8589227047730028 
17.809999999971833, -0.8587091018101038 
17.81999999997181, -0.8679890284842198 
17.829999999971786, -0.8727018475837485 
17.839999999971763, -0.8719635481320974 
17.84999999997174, -0.8580784840045919 
17.859999999971716, -0.8575715835005263 
17.869999999971693, -0.8566911669834111 
17.87999999997167, -0.8544074633973908 
17.889999999971646, -0.8540968242254637 
17.899999999971623, -0.8536652015715605 
17.9099999999716, -0.8531838801645198 
17.919999999971576, -0.8530244341208608 
17.929999999971553, -0.8528438919588163 
17.93999999997153, -0.8526381676890893 
17.949999999971507, -0.8527299677576503 
17.959999999971483, -0.8528040236663783 
17.96999999997146, -0.8527277537780349 
17.979999999971437, -0.8544123054397287 
17.989999999971413, -0.8550020331515648 
17.99999999997139, -0.8550170845305408 
18.009999999971367, -0.8683410862755243 
18.019999999971343, -0.8688995472478692 
18.02999999997132, -0.8647688939816687 
18.039999999971297, -0.854143000526119 
18.049999999971273, -0.8540251559117418 
18.05999999997125, -0.8523739130287068 
18.069999999971227, -0.8510687839253763 
18.079999999971204, -0.850865872476116 
18.08999999997118, -0.8503763649163725 
18.099999999971157, -0.8500471868561106 
18.109999999971134, -0.8499287204166784 
18.11999999997111, -0.8497398141119065 
18.129999999971087, -0.8496411209745718 
18.139999999971064, -0.8498809880111875 
18.14999999997104, -0.8498434697730707 
18.159999999971017, -0.8503054750955709 
18.169999999970994, -0.8528177990537035 
18.17999999997097, -0.8528294287248553 
18.189999999970947, -0.8561497821235304 
18.199999999970924, -0.8663703210205448 
18.2099999999709, -0.8661593423329494 
18.219999999970877, -0.8572399364065794 
18.229999999970854, -0.8542851248956227 
18.23999999997083, -0.8539296901927431 
18.249999999970807, -0.8523561979821948 
18.259999999970784, -0.8518313341270278 
18.26999999997076, -0.8515655528097645 
18.279999999970737, -0.8511527859390995 
18.289999999970714, -0.8509653037926116 
18.29999999997069, -0.8508680043558144 
18.309999999970668, -0.8506765891186375 
18.319999999970644, -0.8507817023646352 
18.32999999997062, -0.8511194191115582 
18.339999999970598, -0.8509724190490361 
18.349999999970574, -0.8530527452106424 
18.35999999997055, -0.8552724484972546 
18.369999999970528, -0.8549237925578337 
18.379999999970504, -0.8620000063021618 
18.38999999997048, -0.864100044660743 
18.399999999970458, -0.8630498017426436 
18.409999999970434, -0.8549670012542251 
18.41999999997041, -0.8545185687934176 
18.429999999970388, -0.8538144264862796 
18.439999999970365, -0.8527084199969941 
18.44999999997034, -0.8524737597354715 
18.459999999970318, -0.8521549221818593 
18.469999999970295, -0.8518340752871999 
18.47999999997027, -0.8517426684536556 
18.489999999970248, -0.8516497480893666 
18.499999999970225, -0.8514982493023956 
18.5099999999702, -0.8518951375565696 
18.519999999970178, -0.8521330997924045 
18.529999999970155, -0.8521459681237274 
18.53999999997013, -0.8567326414733695 
18.549999999970108, -0.8575080811218359 
18.559999999970085, -0.8565263506433624 
18.56999999997006, -0.8594310273209037 
18.57999999997004, -0.8595843155998493 
18.589999999970015, -0.8563759308878237 
18.59999999996999, -0.8522296609667516 
18.60999999996997, -0.8520384704881804 
18.619999999969945, -0.8511558458198705 
18.62999999996992, -0.8505393207080757 
18.6399999999699, -0.8503612396738269 
18.649999999969875, -0.8500536656520417 
18.659999999969852, -0.8498421464580411 
18.66999999996983, -0.8498274165494433 
18.679999999969805, -0.8497182465051493 
18.689999999969782, -0.8497612955774868 
18.69999999996976, -0.8505579381145979 
18.709999999969735, -0.850579448133784 
18.719999999969712, -0.8520574810034375 
18.72999999996969, -0.8587319123280156 
18.739999999969665, -0.8586790054148681 
18.749999999969642, -0.8518209154879524 
18.75999999996962, -0.8483408559138826 
18.769999999969595, -0.8480623606688852 
18.779999999969572, -0.8448097019568143 
18.78999999996955, -0.843687058872235 
18.799999999969526, -0.8434050174922239 
18.809999999969502, -0.8427775854903429 
18.81999999996948, -0.8424894591899376 
18.829999999969456, -0.8423377384579203 
18.839999999969432, -0.8421117545808222 
18.84999999996941, -0.8420678771813056 
18.859999999969386, -0.8422490549320056 
18.869999999969362, -0.8421264804318306 
18.87999999996934, -0.8430196041088854 
18.889999999969316, -0.8449514199711481 
18.899999999969292, -0.8447688615213381 
18.90999999996927, -0.8525077255999317 
18.919999999969246, -0.858407813992422 
18.929999999969223, -0.8578924168481757 
18.9399999999692, -0.8484779377232243 
18.949999999969176, -0.8473061044173289 
18.959999999969153, -0.8467933887557426 
18.96999999996913, -0.8455019642375666 
18.979999999969106, -0.8451696623913733 
18.989999999969083, -0.8448938975568867 
18.99999999996906, -0.844553783452589 
19.009999999969036, -0.8444352833861112 
19.019999999969013, -0.8443807293976858 
19.02999999996899, -0.8442086542178038 
19.039999999968966, -0.8445612715934494 
19.049999999968943, -0.8450544758738143 
19.05999999996892, -0.8448933755423972 
19.069999999968896, -0.8500543108746161 
19.079999999968873, -0.8525028619179464 
19.08999999996885, -0.8517434916576766 
19.099999999968826, -0.8420666275729488 
19.109999999968803, -0.8421866109003643 
19.11999999996878, -0.8410508960505119 
19.129999999968756, -0.8380662418461948 
19.139999999968733, -0.8377709292297505 
19.14999999996871, -0.8373186134826337 
19.159999999968687, -0.836833374556309 
19.169999999968663, -0.8366822054750824 
19.17999999996864, -0.8365233975807543 
19.189999999968617, -0.8363321434440085 
19.199999999968593, -0.8364976095274227 
19.20999999996857, -0.8366760597881839 
19.219999999968547, -0.8365829817162214 
19.229999999968523, -0.8396198826862409 
19.2399999999685, -0.8407924729310364 
19.249999999968477, -0.8401408449998798 
19.259999999968453, -0.8435287295097257 
19.26999999996843, -0.8440055511501203 
19.279999999968407, -0.8421682633278625 
19.289999999968384, -0.8378172261300065 
19.29999999996836, -0.8375852566269583 
19.309999999968337, -0.8369767632865927 
19.319999999968314, -0.8363939325793345 
19.32999999996829, -0.8362336446229529 
19.339999999968267, -0.8360191567112922 
19.349999999968244, -0.8358161435016672 
19.35999999996822, -0.8359034056340177 
19.369999999968197, -0.8359583945521127 
19.379999999968174, -0.8359164634202789 
19.38999999996815, -0.8379672456979528 
19.399999999968127, -0.838600493326433 
19.409999999968104, -0.8383853571597149 
19.41999999996808, -0.8509328061187492 
19.429999999968057, -0.8513821846860009 
19.439999999968034, -0.8482007534775565 
19.44999999996801, -0.8417286625868442 
19.459999999967987, -0.8415554914794384 
19.469999999967964, -0.8406430167969753 
19.47999999996794, -0.8398953665775882 
19.489999999967917, -0.839720258428308 
19.499999999967894, -0.8394214344542661 
19.50999999996787, -0.839191260045689 
19.519999999967848, -0.8391850725813289 
19.529999999967824, -0.8391199645572515 
19.5399999999678, -0.8391050756447964 
19.549999999967778, -0.8401381860084962 
19.559999999967754, -0.8403485313846253 
19.56999999996773, -0.8410657632619579 
19.579999999967708, -0.8518697791258906 
19.589999999967684, -0.8520942010400294 
19.59999999996766, -0.8460609603454764 
19.609999999967638, -0.8369241963428055 
19.619999999967614, -0.8367744453750529 
19.62999999996759, -0.8351737861315058 
19.639999999967568, -0.8341750526509948 
19.649999999967545, -0.8339804541855969 
19.65999999996752, -0.8335806305921538 
19.669999999967498, -0.833324442426187 
19.679999999967475, -0.8332641086548829 
19.68999999996745, -0.8331361408523803 
19.699999999967428, -0.8331280582971218 
19.709999999967405, -0.8338017859840099 
19.71999999996738, -0.8338648282343375 
19.729999999967358, -0.8349384123290893 
19.739999999967335, -0.8427116963108271 
19.74999999996731, -0.8427922645250738 
19.759999999967288, -0.8356383286865742 
19.769999999967265, -0.8277840772603502 
19.77999999996724, -0.8276096731234633 
19.78999999996722, -0.825839135329082 
19.799999999967195, -0.8248946535885738 
19.80999999996717, -0.8246989123428526 
19.81999999996715, -0.8243131247823896 
19.829999999967125, -0.8240796269065989 
19.8399999999671, -0.8240425165366968 
19.84999999996708, -0.823931757148648 
19.859999999967055, -0.8239748914566482 
19.869999999967032, -0.8249244396044054 
19.87999999996701, -0.8250247280223804 
19.889999999966985, -0.8263856953744436 
19.899999999966962, -0.8376702509562791 
19.90999999996694, -0.837745713736074 
19.919999999966915, -0.831023450145202 
19.929999999966892, -0.8244322186729336 
19.93999999996687, -0.8242496750452443 
19.949999999966845, -0.823095118552938 
19.959999999966822, -0.8224313933849798 
19.9699999999668, -0.8222601757910093 
19.979999999966775, -0.8219708147248044 
19.989999999966752, -0.8217868973772361 
19.99999999996673, -0.8218413059952959 
20.009999999966706, -0.8217939857482038 
20.019999999966682, -0.8219283485179127 
20.02999999996666, -0.8238294203929472 
20.039999999966636, -0.8240553395711583 
20.049999999966612, -0.8246731679895996 
20.05999999996659, -0.83607698252715 
20.069999999966566, -0.8361373794158592 
20.079999999966542, -0.8321544429017611 
20.08999999996652, -0.828486452640284 
20.099999999966496, -0.8282961727644726 
20.109999999966472, -0.8275443707083336 
20.11999999996645, -0.8270648265265912 
20.129999999966426, -0.8269195285759452 
20.139999999966403, -0.826697516890981 
20.14999999996638, -0.8265512506937631 
20.159999999966356, -0.8267187363020031 
20.169999999966333, -0.8267272900082882 
20.17999999996631, -0.826953367411924 
20.189999999966286, -0.8299982682040064 
20.199999999966263, -0.8302853171619191 
20.20999999996624, -0.8296104440454922 
20.219999999966216, -0.8333009221810924 
20.229999999966193, -0.8333060022921308 
20.23999999996617, -0.8303525838363478 
20.249999999966146, -0.8278773214883784 
20.259999999966123, -0.8276839264359668 
20.2699999999661, -0.82708733593124 
20.279999999966076, -0.8266955883199294 
20.289999999966053, -0.8265735854574806 
20.29999999996603, -0.8263931851349794 
20.309999999966006, -0.8262784018659229 
20.319999999965983, -0.8265804625386775 
20.32999999996596, -0.8266423319017995 
20.339999999965936, -0.8269769931572305 
20.349999999965913, -0.8317115760510689 
20.35999999996589, -0.8320462529210297 
20.369999999965867, -0.8292721356397665 
20.379999999965843, -0.8226479013019785 
20.38999999996582, -0.8226008625745578 
20.399999999965797, -0.8206737688319357 
20.409999999965773, -0.8191407975639714 
20.41999999996575, -0.8189557643563784 
20.429999999965727, -0.8185391431266511 
20.439999999965703, -0.8182455184524717 
20.44999999996568, -0.8181836142007927 
20.459999999965657, -0.8180881762501482 
20.469999999965633, -0.8180235286586031 
20.47999999996561, -0.8188430449155797 
20.489999999965587, -0.819127438759448 
20.499999999965564, -0.8193863157983992 
20.50999999996554, -0.8316258138400401 
20.519999999965517, -0.8321773208251582 
20.529999999965494, -0.8286113674380525 
20.53999999996547, -0.8198015678182987 
20.549999999965447, -0.8196513120128631 
20.559999999965424, -0.8187671440219755 
20.5699999999654, -0.8180118289664868 
20.579999999965377, -0.8178476926473376 
20.589999999965354, -0.8176017738535318 
20.59999999996533, -0.8173944721951861 
20.609999999965307, -0.8174711405247129 
20.619999999965284, -0.8175279419369964 
20.62999999996526, -0.8174895584809743 
20.639999999965237, -0.8200166302923929 
20.649999999965214, -0.8208550709628885 
20.65999999996519, -0.8201433957350337 
20.669999999965167, -0.8214648689562967 
20.679999999965144, -0.8217772063939207 
20.68999999996512, -0.8202207878633028 
20.699999999965097, -0.8173513423919104 
20.709999999965074, -0.8171189321218496 
20.71999999996505, -0.8166897897150543 
20.729999999965028, -0.8162910223687672 
20.739999999965004, -0.8161807875436804 
20.74999999996498, -0.8160832145968036 
20.759999999964958, -0.8159298414971748 
20.769999999964934, -0.8164017036848678 
20.77999999996491, -0.8168601560753913 
20.789999999964888, -0.8167119442645073 
20.799999999964864, -0.8261020193911297 
20.80999999996484, -0.828350502907016 
20.819999999964818, -0.8270861433908903 
20.829999999964794, -0.815036883242197 
20.83999999996477, -0.814664976194193 
20.849999999964748, -0.8140015300998538 
20.859999999964725, -0.8130028459502654 
20.8699999999647, -0.8127794362134615 
20.879999999964678, -0.8125592652125295 
20.889999999964655, -0.8123179556333121 
20.89999999996463, -0.812334704305562 
20.909999999964608, -0.8124770961614669 
20.919999999964585, -0.812336687996458 
20.92999999996456, -0.8143024750133612 
20.939999999964538, -0.8163598199331331 
20.949999999964515, -0.8159715542065885 
20.95999999996449, -0.8101019165231345 
20.969999999964468, -0.8100466733629995 
20.979999999964445, -0.8094590350784251 
20.98999999996442, -0.8070702441598476 
20.9999999999644, -0.8066006042384068 
21.009999999964375, -0.8063360387983698 
21.01999999996435, -0.8059818083206451 
21.02999999996433, -0.8058536479040517 
21.039999999964305, -0.8058686309682308 
21.04999999996428, -0.8057349764648755 
21.05999999996426, -0.8062586574245473 
21.069999999964235, -0.8078241070702097 
21.079999999964212, -0.8077133680969176 
21.08999999996419, -0.8118122192728662 
21.099999999964165, -0.8177551637936334 
21.109999999964142, -0.8174909984212543 
21.11999999996412, -0.8134842421704453 
21.129999999964095, -0.8121391821226841 
21.139999999964072, -0.8118960607160531 
21.14999999996405, -0.8113567678065348 
21.159999999964025, -0.811091495474013 
21.169999999964002, -0.8110066520362311 
21.17999999996398, -0.8108544193133999 
21.189999999963955, -0.8108882439347415 
21.199999999963932, -0.8115869799917993 
21.20999999996391, -0.8116202672488093 
21.219999999963886, -0.8132523315626707 
21.229999999963862, -0.8234968940945948 
21.23999999996384, -0.8235336769944057 
21.249999999963816, -0.8168412710418067 
21.259999999963792, -0.810995885922371 
21.26999999996377, -0.8108145611751736 
21.279999999963746, -0.8098682096814452 
21.289999999963722, -0.8093175285368717 
21.2999999999637, -0.8091705090239918 
21.309999999963676, -0.8089453287530979 
21.319999999963652, -0.8088000969258317 
21.32999999996363, -0.8089988598010412 
21.339999999963606, -0.8090549293728561 
21.349999999963583, -0.8092554446578178 
21.35999999996356, -0.8138804264492667 
21.369999999963536, -0.8144226109765136 
21.379999999963513, -0.8118376285281215 
21.38999999996349, -0.8003463286747823 
21.399999999963466, -0.8003051510901722 
21.409999999963443, -0.7991694764911004 
21.41999999996342, -0.798049701134852 
21.429999999963396, -0.7978727341607383 
21.439999999963373, -0.7976139832698507 
21.44999999996335, -0.7973871511264522 
21.459999999963326, -0.7974457358551351 
21.469999999963303, -0.7975616187263078 
21.47999999996328, -0.7974529248812363 
21.489999999963256, -0.8005850272012098 
21.499999999963233, -0.8023972065308413 
21.50999999996321, -0.8016946124682076 
21.519999999963186, -0.7880718370638516 
21.529999999963163, -0.787573343388291 
21.53999999996314, -0.787000384517828 
21.549999999963116, -0.7857892062425427 
21.559999999963093, -0.7855023809934618 
21.56999999996307, -0.7853260040862811 
21.579999999963047, -0.7851061091357683 
21.589999999963023, -0.7851322906178935 
21.599999999963, -0.7855019052744544 
21.609999999962977, -0.7854182854349294 
21.619999999962953, -0.7880232226679443 
21.62999999996293, -0.7955907943223683 
21.639999999962907, -0.7954761858410317 
21.649999999962883, -0.7882138836436917 
21.65999999996286, -0.7844999491488295 
21.669999999962837, -0.784303801548477 
21.679999999962813, -0.7836325626116535 
21.68999999996279, -0.7832702787864001 
21.699999999962767, -0.7831828213981683 
21.709999999962744, -0.7830622165046004 
21.71999999996272, -0.7830080416757895 
21.729999999962697, -0.7839128299797372 
21.739999999962674, -0.7842926180093059 
21.74999999996265, -0.7841656485367375 
21.759999999962627, -0.7963298207338899 
21.769999999962604, -0.7969121690922619 
21.77999999996258, -0.7953690339442561 
21.789999999962557, -0.7922085796922551 
21.799999999962534, -0.7919575321297475 
21.80999999996251, -0.7915994248750945 
21.819999999962487, -0.7912523033345918 
21.829999999962464, -0.791174354752952 
21.83999999996244, -0.791177613362018 
21.849999999962417, -0.791035771579877 
21.859999999962394, -0.7920809254107074 
21.86999999996237, -0.7935692424959377 
21.879999999962347, -0.7932874372896828 
21.889999999962324, -0.7918741937431294 
21.8999999999623, -0.7921688891232487 
21.909999999962277, -0.7917345212657815 
21.919999999962254, -0.7895668829547791 
21.92999999996223, -0.7890105658498974 
21.939999999962208, -0.7888037442896417 
21.949999999962184, -0.7885041812600768 
21.95999999996216, -0.7883879241921862 
21.969999999962138, -0.7885173623859637 
21.979999999962114, -0.7884602314587384 
21.98999999996209, -0.7890935825100376 
21.999999999962068, -0.793202787123443 
22.009999999962044, -0.793330668414591 
22.01999999996202, -0.7876065372973129 
22.029999999961998, -0.7778475791250254 
22.039999999961974, -0.7777319361103134 
22.04999999996195, -0.7768043708798094 
22.059999999961928, -0.7761709487062448 
22.069999999961905, -0.7760413506664026 
22.07999999996188, -0.7758808500407499 
22.089999999961858, -0.7757344758926533 
22.099999999961835, -0.7761621878548332 
22.10999999996181, -0.7766041118820899 
22.119999999961788, -0.7764148442600582 
22.129999999961765, -0.7888604036858484 
22.13999999996174, -0.7913413828357457 
22.149999999961718, -0.790479804592415 
22.159999999961695, -0.7858203405068424 
22.16999999996167, -0.7852937855874226 
22.179999999961648, -0.7849825417330042 
22.189999999961625, -0.7845702382223034 
22.1999999999616, -0.7844300705785343 
22.20999999996158, -0.7844342686097933 
22.219999999961555, -0.7843085069971434 
22.22999999996153, -0.7848635435352901 
22.23999999996151, -0.7868681592692712 
22.249999999961485, -0.7868123844340287 
22.25999999996146, -0.7837360514957646 
22.26999999996144, -0.7807248224984846 
22.279999999961415, -0.780566722849679 
22.289999999961392, -0.7790347777099134 
22.29999999996137, -0.7782484276474131 
22.309999999961345, -0.778099041670791 
22.319999999961322, -0.777862006819875 
22.3299999999613, -0.7777084049989866 
22.339999999961275, -0.7779411158334698 
22.349999999961252, -0.7781011499889907 
22.35999999996123, -0.7781312162509532 
22.369999999961205, -0.7868499026696998 
22.379999999961182, -0.7882464657613856 
22.38999999996116, -0.7866296585658928 
22.399999999961135, -0.7782845412298028 
22.409999999961112, -0.7779329893591578 
22.41999999996109, -0.77749367539317 
22.429999999961066, -0.7769831659369792 
22.439999999961042, -0.7768388366657276 
22.44999999996102, -0.7767866277798724 
22.459999999960996, -0.7766381939424699 
22.469999999960972, -0.7771700459324342 
22.47999999996095, -0.7785698516581518 
22.489999999960926, -0.7784330676602979 
22.499999999960902, -0.7783288309895582 
22.50999999996088, -0.7787129123240767 
22.519999999960856, -0.7784893218919747 
22.529999999960832, -0.7766723754990685 
22.53999999996081, -0.7759221848915281 
22.549999999960786, -0.7757643120531129 
22.559999999960763, -0.7755113969496693 
22.56999999996074, -0.7753715077689277 
22.579999999960716, -0.7755993255583435 
22.589999999960693, -0.7757057209375211 
22.59999999996067, -0.7758746706188008 
22.609999999960646, -0.784413140301359 
22.619999999960623, -0.7853672492782595 
22.6299999999606, -0.7832336981112478 
22.639999999960576, -0.7751790827773073 
22.649999999960553, -0.774915340475801 
22.65999999996053, -0.7744520549609712 
22.669999999960506, -0.7739729900914302 
22.679999999960483, -0.7738485105493926 
22.68999999996046, -0.7738044794614145 
22.699999999960436, -0.7736581611078985 
22.709999999960413, -0.774352488129119 
22.71999999996039, -0.7758405081140054 
22.729999999960366, -0.775656110087263 
22.739999999960343, -0.7722577602019773 
22.74999999996032, -0.7707937905128406 
22.759999999960296, -0.7705385195758507 
22.769999999960273, -0.7690484285509835 
22.77999999996025, -0.7684678134792693 
22.789999999960227, -0.7683266942568975 
22.799999999960203, -0.7681196152691977 
22.80999999996018, -0.7680227178866296 
22.819999999960157, -0.7684439647618467 
22.829999999960133, -0.7686347043202746 
22.83999999996011, -0.7687943560742753 
22.849999999960087, -0.7821080979530097 
22.859999999960063, -0.7829305473173371 
22.86999999996004, -0.7811974443006734 
22.879999999960017, -0.7769796527731406 
22.889999999959993, -0.7767127103944269 
22.89999999995997, -0.7763564456426723 
22.909999999959947, -0.7760038982411754 
22.919999999959924, -0.7759272890516159 
22.9299999999599, -0.7759653960827975 
22.939999999959877, -0.7758305948148384 
22.949999999959854, -0.7771075716006192 
22.95999999995983, -0.7795051651528478 
22.969999999959807, -0.7792808485513834 
22.979999999959784, -0.7681803768412863 
22.98999999995976, -0.764473408165824 
22.999999999959737, -0.7642272596100785 
23.009999999959714, -0.7632526332992897 
23.01999999995969, -0.7628412392258139 
23.029999999959667, -0.7627388438968373 
23.039999999959644, -0.762598185981601 
23.04999999995962, -0.7625594443422131 
23.059999999959597, -0.7634938218657065 
23.069999999959574, -0.7638820507439258 
23.07999999995955, -0.7635290972922357 
23.089999999959527, -0.7685116997507773 
23.099999999959504, -0.7688414675616893 
23.10999999995948, -0.7678708459692914 
23.119999999959457, -0.766256761941374 
23.129999999959434, -0.766014729724929 
23.13999999995941, -0.7658116174206069 
23.149999999959388, -0.765591428861022 
23.159999999959364, -0.7656636040566799 
23.16999999995934, -0.7660671848525249 
23.179999999959318, -0.7659605851860651 
23.189999999959294, -0.7703279313744182 
23.19999999995927, -0.7793013457647227 
23.209999999959248, -0.7791310930604027 
23.219999999959224, -0.774513771585541 
23.2299999999592, -0.7725603107139202 
23.239999999959178, -0.7723754598807377 
23.249999999959154, -0.7719446457939649 
23.25999999995913, -0.7717010083279834 
23.269999999959108, -0.7717074985445508 
23.279999999959085, -0.7716913155057997 
23.28999999995906, -0.7717125392145352 
23.299999999959038, -0.7746461039097516 
23.309999999959015, -0.7755548258430083 
23.31999999995899, -0.774196379603742 
23.329999999958968, -0.7601524952586483 
23.339999999958945, -0.7598967086323883 
23.34999999995892, -0.7593457980867114 
23.359999999958898, -0.7586197964879441 
23.369999999958875, -0.7584374680478727 
23.37999999995885, -0.7583548602528141 
23.389999999958828, -0.7582047863161416 
23.399999999958805, -0.7585878120919578 
23.40999999995878, -0.7600292174627358 
23.41999999995876, -0.7599775721265387 
23.429999999958735, -0.7569629411828614 
23.43999999995871, -0.752558944842392 
23.44999999995869, -0.7524369118290691 
23.459999999958665, -0.7513655547655007 
23.46999999995864, -0.750754202406579 
23.47999999995862, -0.7506415875822594 
23.489999999958595, -0.7505126539067895 
23.499999999958572, -0.750392711682624 
23.50999999995855, -0.751171967007029 
23.519999999958525, -0.7519701096262457 
23.529999999958502, -0.7516006203251431 
23.53999999995848, -0.7473179716136887 
23.549999999958455, -0.7469776035695472 
23.559999999958432, -0.7465638502920818 
23.56999999995841, -0.7454401390160932 
23.579999999958385, -0.7451115603587755 
23.589999999958362, -0.7450126348133087 
23.59999999995834, -0.7448723002857355 
23.609999999958315, -0.744949024546847 
23.619999999958292, -0.7463255060590536 
23.62999999995827, -0.746626029784025 
23.639999999958246, -0.7451968089692982 
23.649999999958222, -0.7351251466195283 
23.6599999999582, -0.7350752790537334 
23.669999999958176, -0.7344410186197786 
23.679999999958152, -0.7337861164644853 
23.68999999995813, -0.7336454349124124 
23.699999999958106, -0.7336085133884146 
23.709999999958082, -0.7334794194605454 
23.71999999995806, -0.7343129324222704 
23.729999999958036, -0.7371849949978524 
23.739999999958012, -0.7371412492164452 
23.74999999995799, -0.7298315539628321 
23.759999999957966, -0.7241277202751303 
23.769999999957943, -0.7239888031055248 
23.77999999995792, -0.7235534448421634 
23.789999999957896, -0.7232774811078295 
23.799999999957873, -0.7233102724497732 
23.80999999995785, -0.7234674618328693 
23.819999999957826, -0.723334322032731 
23.829999999957803, -0.730394407073753 
23.83999999995778, -0.7360214897673165 
23.849999999957756, -0.7356817682917824 
23.859999999957733, -0.7325247470532293 
23.86999999995771, -0.7316565976192931 
23.879999999957686, -0.7315065404669496 
23.889999999957663, -0.7312784994218612 
23.89999999995764, -0.7311760812601041 
23.909999999957616, -0.7316550552429418 
23.919999999957593, -0.7319860828219226 
23.92999999995757, -0.7317294698922925 
23.939999999957546, -0.7383406824134381 
23.949999999957523, -0.7388496414913467 
23.9599999999575, -0.7382290026274996 
23.969999999957476, -0.7369569511636092 
23.979999999957453, -0.7366808249259762 
23.98999999995743, -0.7365699396992811 
23.999999999957407, -0.736417647658627 
24.009999999957383, -0.7365888968184724 
24.01999999995736, -0.7380247839566803 
24.029999999957337, -0.7381810419910871 
24.039999999957313, -0.73551742697319 
24.04999999995729, -0.7244783557159906 
24.059999999957267, -0.7244030734615796 
24.069999999957243, -0.7238070743080649 
24.07999999995722, -0.7233116335044762 
24.089999999957197, -0.7232201291756454 
24.099999999957173, -0.7232472465002288 
24.10999999995715, -0.7231273146068524 
24.119999999957127, -0.724930061153455 
24.129999999957104, -0.7297503168580145 
24.13999999995708, -0.7296491952474734 
24.149999999957057, -0.7247414744486164 
24.159999999957034, -0.7222058736374594 
24.16999999995701, -0.7220609662393158 
24.179999999956987, -0.7217626094241841 
24.189999999956964, -0.7215699183711535 
24.19999999995694, -0.7217654224299714 
24.209999999956917, -0.7221237547386564 
24.219999999956894, -0.7219330309404142 
24.22999999995687, -0.7314956575552757 
24.239999999956847, -0.7345494023095857 
24.249999999956824, -0.7342077783258122 
24.2599999999568, -0.7326105881123433 
24.269999999956777, -0.7321199851792289 
24.279999999956754, -0.7320085747140099 
24.28999999995673, -0.7318615372789739 
24.299999999956707, -0.73183565623419 
24.309999999956684, -0.7329961653723963 
24.31999999995666, -0.7335509610482066 
24.329999999956637, -0.7326705860516857 
24.339999999956614, -0.7198260876221692 
24.34999999995659, -0.7194852397250039 
24.359999999956568, -0.7190671238571404 
24.369999999956544, -0.7184894100490754 
24.37999999995652, -0.7183297494977621 
24.389999999956498, -0.718372108362757 
24.399999999956474, -0.718312731638332 
24.40999999995645, -0.7189945625310921 
24.419999999956428, -0.7261767775466745 
24.429999999956404, -0.7265570092761543 
24.43999999995638, -0.7242267629466934 
24.449999999956358, -0.72075449815736 
24.459999999956334, -0.7205469409163506 
24.46999999995631, -0.7203114471376283 
24.479999999956288, -0.7200950208490468 
24.489999999956265, -0.7202178700375838 
24.49999999995624, -0.7208208946255062 
24.509999999956218, -0.7207460510142923 
24.519999999956195, -0.7225467965645092 
24.52999999995617, -0.7245142745390585 
24.539999999956148, -0.7244303495949803 
24.549999999956125, -0.7234284806704591 
24.5599999999561, -0.7228373392615152 
24.569999999956078, -0.7227432795067606 
24.579999999956055, -0.7226813651071936 
24.58999999995603, -0.7225621466483627 
24.599999999956008, -0.7241055352161309 
24.609999999955985, -0.7262790167292713 
24.61999999995596, -0.7259593578406758 
24.62999999995594, -0.7165289527055723 
24.639999999955915, -0.7142656528975772 
24.64999999995589, -0.7140873591317585 
24.65999999995587, -0.7137126038289935 
24.669999999955845, -0.7135322495194262 
24.67999999995582, -0.7137060154199122 
24.6899999999558, -0.7139057901085503 
24.699999999955775, -0.7137822387257432 
24.709999999955752, -0.7264993269844724 
24.71999999995573, -0.7284781491799831 
24.729999999955705, -0.7279335633905465 
24.739999999955682, -0.7262151924258572 
24.74999999995566, -0.7258323926825746 
24.759999999955635, -0.7257156058887001 
24.769999999955612, -0.7255634557162585 
24.77999999995559, -0.7256254905599155 
24.789999999955565, -0.7270086580078275 
24.799999999955542, -0.7273785985254329 
24.80999999995552, -0.7256911623617982 
24.819999999955495, -0.712179119775261 
24.829999999955472, -0.7119800535036203 
24.83999999995545, -0.7115526499890481 
24.849999999955426, -0.7111032101921861 
24.859999999955402, -0.7110059499254956 
24.86999999995538, -0.7111275190241149 
24.879999999955356, -0.7110667917826153 
24.889999999955332, -0.7126057785916436 
24.89999999995531, -0.723130576454298 
24.909999999955286, -0.7232909038276669 
24.919999999955262, -0.7213465228179736 
24.92999999995524, -0.7195625663678088 
24.939999999955216, -0.7193991695827913 
24.949999999955192, -0.7192202227684845 
24.95999999995517, -0.7190482885314445 
24.969999999955146, -0.7193936498359444 
24.979999999955123, -0.7203883582176251 
24.9899999999551, -0.7202589927404112 
24.999999999955076, -0.7136727031137325 
