t, s[1].omega / s[0].omega 
0, -0.9399895670234504 
0.009999999999999995, -0.9388790273890837 
0.019999999999999934, -0.9376585188257346 
0.029999999999999874, -0.9363635253658451 
0.04000000000000012, -0.9350318442132884 
0.050000000000000405, -0.9337065551234378 
0.06000000000000069, -0.932438071869831 
0.07000000000000098, -0.9312828052400051 
0.08000000000000126, -0.9302973446073752 
0.09000000000000155, -0.9295288191346772 
0.10000000000000184, -0.9290040604753195 
0.11000000000000212, -0.9287216350871297 
0.12000000000000241, -0.9286506356727908 
0.130000000000002, -0.9287375029586163 
0.1400000000000009, -0.9289180331227664 
0.1499999999999998, -0.9291292344177882 
0.1599999999999987, -0.929317046008373 
0.1699999999999976, -0.929439505455646 
0.1799999999999965, -0.9294672881599387 
0.1899999999999954, -0.9293831952776689 
0.1999999999999943, -0.9291805705131685 
0.2099999999999932, -0.9288601662714925 
0.2199999999999921, -0.9284263812742053 
0.229999999999991, -0.9278851344170178 
0.2399999999999899, -0.9272448066920941 
0.2499999999999888, -0.9265194093052787 
0.2599999999999877, -0.9257319453297198 
0.2699999999999866, -0.9249165634860974 
0.2799999999999855, -0.9241189213082064 
0.2899999999999844, -0.9233939669365261 
0.2999999999999833, -0.9228000192976227 
0.3099999999999822, -0.9223891529967112 
0.3199999999999811, -0.9221963547253876 
0.32999999999998, -0.9222315864773707 
0.3399999999999789, -0.9224780180371152 
0.3499999999999778, -0.9228969013397326 
0.35999999999997667, -0.9234368131183383 
0.36999999999997557, -0.9240436648783021 
0.37999999999997447, -0.9246683212470627 
0.38999999999997337, -0.9252702948905223 
0.39999999999997227, -0.9258176327821032 
0.40999999999997117, -0.9262841635998985 
0.41999999999997006, -0.9266460972751906 
0.42999999999996896, -0.9268805789477735 
0.43999999999996786, -0.9269680281762399 
0.44999999999996676, -0.92689735731767 
0.45999999999996566, -0.9266706380291666 
0.46999999999996456, -0.9263044820557955 
0.47999999999996346, -0.9258287621560044 
0.48999999999996235, -0.9252854968293805 
0.49999999999996125, -0.924729566821472 
0.5099999999999602, -0.9242297448340665 
0.519999999999959, -0.923865990795564 
0.529999999999958, -0.9237194929121546 
0.5399999999999568, -0.9238564235414021 
0.5499999999999557, -0.924312065852015 
0.5599999999999546, -0.9250833297188663 
0.5699999999999535, -0.9261326812183082 
0.5799999999999524, -0.9273997900346036 
0.5899999999999513, -0.9288142653812471 
0.5999999999999502, -0.9303043490998218 
0.6099999999999491, -0.9317998287563185 
0.619999999999948, -0.9332308323803404 
0.6299999999999469, -0.9345267950991568 
0.6399999999999458, -0.9356204585358355 
0.6499999999999447, -0.9364583814634748 
0.6599999999999436, -0.9370129896931874 
0.6699999999999425, -0.9372877881020729 
0.6799999999999414, -0.9373120861706423 
0.6899999999999403, -0.9371300166848592 
0.6999999999999392, -0.9367920186318024 
0.7099999999999381, -0.9363538136047234 
0.719999999999937, -0.9358829258408973 
0.7299999999999359, -0.9354687342187622 
0.7399999999999348, -0.9352285338801701 
0.7499999999999337, -0.9353002959585878 
0.7599999999999326, -0.9358173241087364 
0.7699999999999315, -0.9368724422760973 
0.7799999999999304, -0.9384902250333964 
0.7899999999999293, -0.9406219003310486 
0.7999999999999282, -0.9431611088388685 
0.8099999999999271, -0.9459664994278688 
0.819999999999926, -0.9488788930772273 
0.8299999999999249, -0.9517310843460782 
0.8399999999999238, -0.9543575355723402 
0.8499999999999227, -0.9566125119030808 
0.8599999999999216, -0.9583960103943087 
0.8699999999999205, -0.9596736944198689 
0.8799999999999194, -0.9604755003466117 
0.8899999999999183, -0.9608729277253438 
0.8999999999999172, -0.9609504331681877 
0.9099999999999161, -0.9607862524481477 
0.919999999999915, -0.9604480510619468 
0.9299999999999139, -0.9600015842110988 
0.9399999999999128, -0.9595286993041535 
0.9499999999999117, -0.9591494918941246 
0.9599999999999106, -0.9590378984126957 
0.9699999999999095, -0.9594133276607024 
0.9799999999999084, -0.9604953738392412 
0.9899999999999073, -0.9624330964821513 
0.9999999999999062, -0.9652469826623717 
1.0099999999999052, -0.968816843368332 
1.019999999999904, -0.9729134198971309 
1.029999999999903, -0.9772458247966627 
1.039999999999902, -0.9815039220621472 
1.0499999999999008, -0.9853960877923319 
1.0599999999998997, -0.9886907533618828 
1.0699999999998986, -0.9912565296382712 
1.0799999999998975, -0.9930789138783235 
1.0899999999998964, -0.9942384924998409 
1.0999999999998953, -0.994863305909926 
1.1099999999998942, -0.9950837136454928 
1.119999999999893, -0.9950078853451958 
1.129999999999892, -0.9947188485750642 
1.1399999999998909, -0.9942868301718896 
1.1499999999998898, -0.9937920541013598 
1.1599999999998887, -0.9933542177641475 
1.1699999999998876, -0.99315877733909 
1.1799999999998865, -0.9934580092843281 
1.1899999999998854, -0.9945225661288012 
1.1999999999998843, -0.9965482847882283 
1.2099999999998832, -0.9995692778238532 
1.219999999999882, -1.0034346679828456 
1.229999999999881, -1.0078547398159785 
1.2399999999998799, -1.0124745752947946 
1.2499999999998788, -1.0169378187329685 
1.2599999999998777, -1.0209348530568207 
1.2699999999998766, -1.0242440480188928 
1.2799999999998755, -1.0267624094970182 
1.2899999999998744, -1.0285078689700546 
1.2999999999998733, -1.0295856806601962 
1.3099999999998722, -1.030136845597652 
1.319999999999871, -1.0302957203732714 
1.32999999999987, -1.0301705879006287 
1.3399999999998689, -1.0298453523508033 
1.3499999999998678, -1.0293956077260036 
1.3599999999998666, -1.0289138231448232 
1.3699999999998655, -1.028536880283979 
1.3799999999998644, -1.0284601438996352 
1.3899999999998633, -1.0289139941587808 
1.3999999999998622, -1.0300935545154268 
1.4099999999998611, -1.0320754363453548 
1.41999999999986, -1.0347804432421357 
1.429999999999859, -1.038005038224717 
1.4399999999998578, -1.041487818587536 
1.4499999999998567, -1.04496617283055 
1.4599999999998556, -1.0482078114379143 
1.4699999999998545, -1.0510276617159562 
1.4799999999998534, -1.0533028051924036 
1.4899999999998523, -1.054984826058075 
1.4999999999998512, -1.0560984270637488 
1.5099999999998501, -1.056720677877762 
1.519999999999849, -1.0569503276114725 
1.529999999999848, -1.0568830825963555 
1.5399999999998468, -1.0566020590115028 
1.5499999999998457, -1.0561833750133858 
1.5599999999998446, -1.0557120022156692 
1.5699999999998435, -1.0552996274063458 
1.5799999999998424, -1.0550906815961478 
1.5899999999998413, -1.055240856005359 
1.5999999999998402, -1.055867946693227 
1.6099999999998391, -1.0570036900449107 
1.619999999999838, -1.05858247209965 
1.629999999999837, -1.0604716018548639 
1.6399999999998358, -1.0625157418397113 
1.6499999999998347, -1.0645689906418991 
1.6599999999998336, -1.0665079920578173 
1.6699999999998325, -1.0682333166136435 
1.6799999999998314, -1.0696688641678458 
1.6899999999998303, -1.0707648088239827 
1.6999999999998292, -1.071502734883664 
1.709999999999828, -1.0718968872361327 
1.719999999999827, -1.0719875662533176 
1.729999999999826, -1.071829741997838 
1.7399999999998248, -1.071484237844111 
1.7499999999998237, -1.071016586074257 
1.7599999999998226, -1.0705028043191027 
1.7699999999998215, -1.070035338560365 
1.7799999999998204, -1.0697188100540849 
1.7899999999998193, -1.069649148986216 
1.7999999999998182, -1.069883773417287 
1.809999999999817, -1.070422482553195 
1.819999999999816, -1.0712118230342504 
1.8299999999998149, -1.0721667159382358 
1.8399999999998138, -1.0731943186182653 
1.8499999999998127, -1.074210477560889 
1.8599999999998116, -1.0751469891194365 
1.8699999999998105, -1.0759519817420717 
1.8799999999998094, -1.0765870354479006 
1.8899999999998083, -1.0770245398363634 
1.8999999999998072, -1.0772474725938959 
1.909999999999806, -1.077251404410228 
1.919999999999805, -1.077046469831118 
1.9299999999998039, -1.0766573775426371 
1.9399999999998028, -1.0761220782046739 
1.9499999999998017, -1.0754912548913769 
1.9599999999998006, -1.0748289503085593 
1.9699999999997995, -1.07421084220454 
1.9799999999997984, -1.0737152958398286 
1.9899999999997973, -1.0734068568590613 
1.9999999999997962, -1.0733193526827747 
2.0099999999998173, -1.073447654479634 
2.0199999999998384, -1.073751151564137 
2.0299999999998595, -1.0741657074561537 
2.0399999999998806, -1.0746187978474349 
2.0499999999999017, -1.0750426554948207 
2.059999999999923, -1.0753820061110142 
2.069999999999944, -1.075596316479007 
2.079999999999965, -1.0756587552436465 
2.089999999999986, -1.075553909855008 
2.100000000000007, -1.0752753930439005 
2.1100000000000283, -1.0748242721251435 
2.1200000000000494, -1.0742091286170752 
2.1300000000000705, -1.073447736328286 
2.1400000000000916, -1.0725695342962844 
2.1500000000001127, -1.0716178735097996 
2.160000000000134, -1.0706506693328899 
2.170000000000155, -1.0697372759387462 
2.180000000000176, -1.068949700348311 
2.190000000000197, -1.068348847296137 
2.2000000000002182, -1.0679695616859957 
2.2100000000002393, -1.0678097608855266 
2.2200000000002604, -1.0678289923367135 
2.2300000000002815, -1.0679588390904615 
2.2400000000003026, -1.0681205638423592 
2.2500000000003237, -1.0682405239913715 
2.260000000000345, -1.068257500471693 
2.270000000000366, -1.0681236042446727 
2.280000000000387, -1.0678037432235337 
2.290000000000408, -1.067276421770766 
2.3000000000004293, -1.0665349361355445 
2.3100000000004504, -1.065586823111789 
2.3200000000004715, -1.0644514441055912 
2.3300000000004926, -1.0631579559574007 
2.3400000000005137, -1.061745733858124 
2.3500000000005348, -1.0602670133097165 
2.360000000000556, -1.0587893262525025 
2.370000000000577, -1.0573943341759207 
2.380000000000598, -1.0561699242380038 
2.390000000000619, -1.055194087675723 
2.4000000000006403, -1.0545130878495226 
2.4100000000006614, -1.0541230035267835 
2.4200000000006825, -1.0539673452957312 
2.4300000000007036, -1.0539550825428532 
2.4400000000007247, -1.053987499719184 
2.450000000000746, -1.0539770486505735 
2.460000000000767, -1.0538517933633524 
2.470000000000788, -1.0535511000365194 
2.480000000000809, -1.0530216146653657 
2.49000000000083, -1.052219089809468 
2.5000000000008513, -1.0511158321967364 
2.5100000000008724, -1.0497085952122442 
2.5200000000008935, -1.0480211046928367 
2.5300000000009146, -1.0461002757976696 
2.5400000000009357, -1.0440106992895923 
2.550000000000957, -1.0418322420389918 
2.560000000000978, -1.0396610380758606 
2.570000000000999, -1.0376093530640154 
2.58000000000102, -1.035797671340794 
2.5900000000010412, -1.0343340262323986 
2.6000000000010624, -1.033283075018891 
2.6100000000010835, -1.0326397489747845 
2.6200000000011046, -1.032327563038841 
2.6300000000011257, -1.0322265206046257 
2.6400000000011468, -1.0322115066787985 
2.650000000001168, -1.0321769966065504 
2.660000000001189, -1.0320404919731274 
2.67000000000121, -1.0317330801718163 
2.680000000001231, -1.0311890295921013 
2.6900000000012523, -1.0303426611143391 
2.7000000000012734, -1.0291358284028824 
2.7100000000012945, -1.0275334570438883 
2.7200000000013156, -1.0255384785933717 
2.7300000000013367, -1.0231967387785386 
2.740000000001358, -1.0205903150359679 
2.750000000001379, -1.0178266939835723 
2.7600000000014, -1.0150315833396972 
2.770000000001421, -1.0123455992567534 
2.780000000001442, -1.0099177467429408 
2.7900000000014633, -1.007887124513209 
2.8000000000014844, -1.0063510058751124 
2.8100000000015055, -1.0053315672716923 
2.8200000000015266, -1.004764275501201 
2.8300000000015477, -1.004521201329069 
2.840000000001569, -1.00445539014294 
2.85000000000159, -1.004437532656969 
2.860000000001611, -1.0043686566273076 
2.870000000001632, -1.0041731143192405 
2.8800000000016532, -1.0037847067538588 
2.8900000000016743, -1.0031364765579183 
2.9000000000016954, -1.0021602307929602 
2.9100000000017165, -1.0007977353395847 
2.9200000000017377, -0.9990195491258532 
2.9300000000017588, -0.9968409170952505 
2.94000000000178, -0.9943243849840838 
2.950000000001801, -0.9915688905354607 
2.960000000001822, -0.988695055977422 
2.970000000001843, -0.9858354995157761 
2.9800000000018643, -0.9831300492202211 
2.9900000000018854, -0.9807185742336584 
3.0000000000019065, -0.9787239409414003 
3.0100000000019276, -0.9772247870699033 
3.0200000000019487, -0.9762296103798848 
3.03000000000197, -0.9756705699945076 
3.040000000001991, -0.9754258147445476 
3.050000000002012, -0.9753578961731412 
3.060000000002033, -0.9753452118489365 
3.070000000002054, -0.9752935274408104 
3.0800000000020753, -0.9751308874141389 
3.0900000000020964, -0.9747965386333901 
3.1000000000021175, -0.9742330349131951 
3.1100000000021386, -0.97338670421769 
3.1200000000021597, -0.9722172730860834 
3.130000000002181, -0.9707118433162274 
3.140000000002202, -0.9688939763957846 
3.150000000002223, -0.9668210967031732 
3.160000000002244, -0.964572662302946 
3.1700000000022652, -0.9622380998309167 
3.1800000000022863, -0.9599108141304248 
3.1900000000023074, -0.9576872458619473 
3.2000000000023285, -0.9556653306787813 
3.2100000000023496, -0.9539369123436222 
3.2200000000023707, -0.9525724128974163 
3.230000000002392, -0.9516020788097274 
3.240000000002413, -0.9510037547836733 
3.250000000002434, -0.9507067295842774 
3.260000000002455, -0.9506117220145333 
3.2700000000024763, -0.9506158554924925 
3.2800000000024974, -0.9506297873978475 
3.2900000000025185, -0.9505824536190264 
3.3000000000025396, -0.950417632885625 
3.3100000000025607, -0.9500894250332044 
3.3200000000025818, -0.9495617129022913 
3.330000000002603, -0.9488125101091228 
3.340000000002624, -0.9478396940089571 
3.350000000002645, -0.946662673165308 
3.360000000002666, -0.945317534015288 
3.3700000000026873, -0.943848895978675 
3.3800000000027084, -0.9423040712002086 
3.3900000000027295, -0.9407321580217323 
3.4000000000027506, -0.9391863325721133 
3.4100000000027717, -0.9377256184805152 
3.420000000002793, -0.9364129795629503 
3.430000000002814, -0.9353083595771876 
3.440000000002835, -0.9344575782460061 
3.450000000002856, -0.9338804859168345 
3.460000000002877, -0.9335635808361173 
3.4700000000028983, -0.9334615777445432 
3.4800000000029194, -0.933508128017867 
3.4900000000029405, -0.9336305552695476 
3.5000000000029616, -0.9337618715194107 
3.5100000000029827, -0.9338467606988894 
3.520000000003004, -0.9338428645421143 
3.530000000003025, -0.9337205909995587 
3.540000000003046, -0.9334632521931734 
3.550000000003067, -0.9330667998333071 
3.5600000000030882, -0.9325375117808825 
3.5700000000031094, -0.931887745152182 
3.5800000000031305, -0.9311322238109702 
3.5900000000031516, -0.9302872973326469 
3.6000000000031727, -0.9293732504369894 
3.6100000000031938, -0.9284177539373488 
3.620000000003215, -0.9274583887358672 
3.630000000003236, -0.9265428279526071 
3.640000000003257, -0.9257256272371572 
3.650000000003278, -0.9250611203744897 
3.6600000000032993, -0.9245934645693377 
3.6700000000033204, -0.9243468242216304 
3.6800000000033415, -0.9243194108204145 
3.6900000000033626, -0.924483846369677 
3.7000000000033837, -0.9247937494227004 
3.710000000003405, -0.9251938682827785 
3.720000000003426, -0.925629936388105 
3.730000000003447, -0.9260554052166116 
3.740000000003468, -0.9264343076691717 
3.750000000003489, -0.9267409350386103 
3.7600000000035103, -0.9269573076880719 
3.7700000000035314, -0.9270696391779966 
3.7800000000035525, -0.9270657155939134 
3.7900000000035736, -0.926935168841711 
3.8000000000035947, -0.9266728209142986 
3.810000000003616, -0.9262828971850443 
3.820000000003637, -0.9257816334142431 
3.830000000003658, -0.9251979066194511 
3.840000000003679, -0.9245732598643988 
3.8500000000037002, -0.9239619742488021 
3.8600000000037213, -0.9234295618304683 
3.8700000000037424, -0.9230468043738311 
3.8800000000037635, -0.9228782456053514 
3.8900000000037847, -0.9229682783203359 
3.9000000000038058, -0.9233310164243514 
3.910000000003827, -0.92394867440071 
3.920000000003848, -0.9247783475243823 
3.930000000003869, -0.9257631082067752 
3.94000000000389, -0.9268425254675444 
3.9500000000039113, -0.9279592710048721 
3.9600000000039324, -0.9290608043285303 
3.9700000000039535, -0.9300973968381605 
3.9800000000039746, -0.9310196602667157 
3.9900000000039957, -0.9317795045033886 
4.000000000004016, -0.9323365239846886 
4.010000000003993, -0.9326671555214656 
4.02000000000397, -0.9327704885384437 
4.030000000003946, -0.9326668438502643 
4.040000000003923, -0.9323914004257844 
4.0500000000039, -0.9319887493103272 
4.0600000000038765, -0.9315126008829194 
4.070000000003853, -0.9310306052845199 
4.08000000000383, -0.9306301075990756 
4.090000000003807, -0.9304178648352195 
4.100000000003783, -0.9305074643701186 
4.11000000000376, -0.9309949249000468 
4.120000000003737, -0.9319328660958484 
4.130000000003713, -0.9333171313379223 
4.14000000000369, -0.9350915730538143 
4.150000000003667, -0.9371646082416367 
4.1600000000036434, -0.9394262603112621 
4.17000000000362, -0.941758463342188 
4.180000000003597, -0.9440388881150177 
4.1900000000035735, -0.9461444673680324 
4.20000000000355, -0.9479619355675316 
4.210000000003527, -0.9494066631530433 
4.220000000003504, -0.9504406491544731 
4.23000000000348, -0.9510765855774324 
4.240000000003457, -0.9513644372679341 
4.250000000003434, -0.951370290574701 
4.26000000000341, -0.9511603687952801 
4.270000000003387, -0.9507966827834832 
4.280000000003364, -0.9503441306466549 
4.2900000000033405, -0.9498856995562734 
4.300000000003317, -0.9495397386879121 
4.310000000003294, -0.9494684171236711 
4.320000000003271, -0.949863271936984 
4.330000000003247, -0.9509019045893572 
4.340000000003224, -0.9526914135406654 
4.350000000003201, -0.9552299159532055 
4.360000000003177, -0.9584060282783765 
4.370000000003154, -0.9620277774170901 
4.380000000003131, -0.9658579470811173 
4.390000000003107, -0.9696423997698037 
4.400000000003084, -0.973135138202295 
4.410000000003061, -0.9761298227046409 
4.4200000000030375, -0.9784958655478997 
4.430000000003014, -0.9802003038105166 
4.440000000002991, -0.9812976798328451 
4.450000000002968, -0.9818929982721901 
4.460000000002944, -0.9821011805576705 
4.470000000002921, -0.9820220333312075 
4.480000000002898, -0.9817347861544532 
4.490000000002874, -0.9813078309100753 
4.500000000002851, -0.9808191100526141 
4.510000000002828, -0.980383200200642 
4.520000000002804, -0.9801759537657325 
4.530000000002781, -0.980437011684635 
4.540000000002758, -0.9814279869170098 
4.5500000000027345, -0.9833483601297027 
4.560000000002711, -0.9862521805386522 
4.570000000002688, -0.9900182803578585 
4.580000000002665, -0.9943846364373904 
4.590000000002641, -0.9990129554569371 
4.600000000002618, -1.0035489615658997 
4.610000000002595, -1.0076711597626695 
4.620000000002571, -1.0111357477786658 
4.630000000002548, -1.0138141883166276 
4.640000000002525, -1.0157037800970852 
4.6500000000025015, -1.0168992213701036 
4.660000000002478, -1.0175405315757367 
4.670000000002455, -1.017766428821819 
4.6800000000024315, -1.0176903592555153 
4.690000000002408, -1.0173989162959862 
4.700000000002385, -1.016965716339918 
4.710000000002362, -1.0164754596051981 
4.720000000002338, -1.016053297297406 
4.730000000002315, -1.015887256130066 
4.740000000002292, -1.016219891550296 
4.750000000002268, -1.0172892871720591 
4.760000000002245, -1.0192367315353326 
4.770000000002222, -1.022040007385947 
4.7800000000021985, -1.0255181324290104 
4.790000000002175, -1.029392836434814 
4.800000000002152, -1.0333579039979344 
4.810000000002129, -1.037126902287446 
4.820000000002105, -1.0404623471256387 
4.830000000002082, -1.0431992976125195 
4.840000000002059, -1.0452639085558735 
4.850000000002035, -1.0466742162608262 
4.860000000002012, -1.0475157872460723 
4.870000000001989, -1.0479033887703815 
4.880000000001965, -1.0479486039926094 
4.890000000001942, -1.047745136901712 
4.900000000001919, -1.0473718702075516 
4.9100000000018955, -1.0469086350657142 
4.920000000001872, -1.0464582173901338 
4.930000000001849, -1.046163542827121 
4.940000000001826, -1.046201906108028 
4.950000000001802, -1.046742568372948 
4.960000000001779, -1.0478823763521201 
4.970000000001756, -1.0496032394017396 
4.980000000001732, -1.0517822711976863 
4.990000000001709, -1.054239803340075 
5.000000000001686, -1.0567878749822888 
5.0100000000016625, -1.0592577817121736 
5.020000000001639, -1.0615090683381552 
5.030000000001616, -1.0634321987087734 
5.0400000000015925, -1.064953720298211 
5.050000000001569, -1.0660433633834017 
5.060000000001546, -1.0667154246768018 
5.070000000001523, -1.0670190290788544 
5.080000000001499, -1.0670211886679617 
5.090000000001476, -1.0667924444898156 
5.100000000001453, -1.0664022609383559 
5.110000000001429, -1.0659248118533027 
5.120000000001406, -1.0654498337782328 
5.130000000001383, -1.0650881215659758 
5.1400000000013595, -1.0649596033572621 
5.150000000001336, -1.0651614345059301 
5.160000000001313, -1.0657330738586976 
5.17000000000129, -1.0666434562117038 
5.180000000001266, -1.0678076067221283 
5.190000000001243, -1.0691171622091147 
5.20000000000122, -1.070466085512397 
5.210000000001196, -1.071764037926476 
5.220000000001173, -1.072939300826782 
5.23000000000115, -1.0739364394571282 
5.240000000001126, -1.074713776032939 
5.250000000001103, -1.0752437518591922 
5.26000000000108, -1.0755158309917432 
5.2700000000010565, -1.0755386467583625 
5.280000000001033, -1.0753385693174988 
5.29000000000101, -1.0749556526525055 
5.300000000000987, -1.0744407598505956 
5.310000000000963, -1.0738562258420437 
5.32000000000094, -1.0732776982867263 
5.330000000000917, -1.0727906757824908 
5.340000000000893, -1.072476566166411 
5.35000000000087, -1.0723916780403293 
5.360000000000847, -1.0725510537957754 
5.3700000000008234, -1.0729266595814626 
5.3800000000008, -1.0734587482008986 
5.390000000000777, -1.0740726819142423 
5.4000000000007535, -1.0746943458718392 
5.41000000000073, -1.0752603559545546 
5.420000000000707, -1.0757221762252995 
5.430000000000684, -1.0760456413460386 
5.44000000000066, -1.076208304628144 
5.450000000000637, -1.0761967102460357 
5.460000000000614, -1.076005053968203 
5.47000000000059, -1.075635770403783 
5.480000000000567, -1.075101363785542 
5.490000000000544, -1.0744263222847865 
5.5000000000005205, -1.0736486262145815 
5.510000000000497, -1.0728206427292402 
5.520000000000474, -1.0720078695666504 
5.5300000000004506, -1.071282704564365 
5.540000000000427, -1.0707121444326746 
5.550000000000404, -1.0703426849482054 
5.560000000000381, -1.0701883077917693 
5.570000000000357, -1.0702262413416326 
5.580000000000334, -1.0704024999434043 
5.590000000000311, -1.0706455808324433 
5.600000000000287, -1.0708822575876973 
5.610000000000264, -1.071048658360393 
5.620000000000241, -1.071094557053622 
5.6300000000002175, -1.0709836562020798 
5.640000000000194, -1.07069308419137 
5.650000000000171, -1.0702128533696973 
5.660000000000148, -1.0695444934028573 
5.670000000000124, -1.0686989657280281 
5.680000000000101, -1.0676953998938314 
5.690000000000078, -1.066561962145266 
5.700000000000054, -1.065338540018836 
5.710000000000031, -1.06407943011805 
5.720000000000008, -1.062853435819042 
5.729999999999984, -1.0617387920976298 
5.739999999999961, -1.060811513884182 
5.749999999999938, -1.0601282204301303 
5.7599999999999145, -1.0597082511024685 
5.769999999999891, -1.059523997065103 
5.779999999999868, -1.0595074049041826 
5.789999999999845, -1.0595703483399708 
5.799999999999821, -1.0596260052428026 
5.809999999999798, -1.0596001282841945 
5.819999999999775, -1.0594318106812781 
5.829999999999751, -1.0590706300445092 
5.839999999999728, -1.0584765305638255 
5.849999999999705, -1.05762393912303 
5.8599999999996815, -1.0565068276193643 
5.869999999999658, -1.0551402791720215 
5.879999999999635, -1.0535575768235286 
5.8899999999996115, -1.0518061641846317 
5.899999999999588, -1.049946294902287 
5.909999999999565, -1.04805281788838 
5.919999999999542, -1.0462168382987438 
5.929999999999518, -1.0445421632407341 
5.939999999999495, -1.0431318520017208 
5.949999999999472, -1.0420639468643484 
5.959999999999448, -1.0413641427997746 
5.969999999999425, -1.040992106871558 
5.979999999999402, -1.0408541913111395 
5.9899999999993785, -1.0408354421822026 
5.999999999999355, -1.0408290106280507 
6.009999999999332, -1.0407480267833833 
6.019999999999309, -1.040521801591451 
6.029999999999285, -1.04008693243829 
6.039999999999262, -1.0393827480309823 
6.049999999999239, -1.0383556637980549 
6.059999999999215, -1.0369711387990137 
6.069999999999192, -1.0352262324547976 
6.079999999999169, -1.0331545411182481 
6.089999999999145, -1.0308214633517967 
6.099999999999122, -1.0283156436270944 
6.109999999999099, -1.0257435065854121 
6.1199999999990755, -1.0232277873268736 
6.129999999999052, -1.0209043240950364 
6.139999999999029, -1.0189089038480499 
6.149999999999006, -1.017349881289461 
6.159999999998982, -1.0162738627099746 
6.169999999998959, -1.0156449665261544 
6.179999999998936, -1.0153563189550276 
6.189999999998912, -1.015268941266634 
6.199999999998889, -1.0152516365775495 
6.209999999998866, -1.015200230477753 
6.2199999999988425, -1.0150350910273986 
6.229999999998819, -1.0146885427122874 
6.239999999998796, -1.0140937839603144 
6.2499999999987725, -1.0131824891924526 
6.259999999998749, -1.011893903772236 
6.269999999998726, -1.0101925134517018 
6.279999999998703, -1.0080847186053967 
6.289999999998679, -1.0056238916804112 
6.299999999998656, -1.002901917356255 
6.309999999998633, -1.0000356443916416 
6.319999999998609, -0.9971573002974831 
6.329999999998586, -0.994409700025353 
6.339999999998563, -0.9919392940609427 
6.3499999999985395, -0.9898788471378897 
6.359999999998516, -0.9883183097916841 
6.369999999998493, -0.9872752947174744 
6.37999999999847, -0.9866855630923708 
6.389999999998446, -0.9864249523394546 
6.399999999998423, -0.9863504743549824 
6.4099999999984, -0.9863350104983108 
6.419999999998376, -0.9862804151897893 
6.429999999998353, -0.9861121322848415 
6.43999999999833, -0.9857668462032032 
6.449999999998306, -0.9851831328249249 
6.459999999998283, -0.9843008952092335 
6.46999999999826, -0.9830711578090916 
6.4799999999982365, -0.9814721051835262 
6.489999999998213, -0.9795216448309771 
6.49999999999819, -0.9772777066327644 
6.509999999998167, -0.974826919671624 
6.519999999998143, -0.9722708977755768 
6.52999999999812, -0.9697180783061704 
6.539999999998097, -0.9672811145396567 
6.549999999998073, -0.9650737998276886 
6.55999999999805, -0.9632010587816942 
6.569999999998027, -0.961740040256694 
6.5799999999980034, -0.9607182236874463 
6.58999999999798, -0.9601013474345693 
6.599999999997957, -0.9598018719142987 
6.6099999999979335, -0.959705330056819 
6.61999999999791, -0.9596991513964808 
6.629999999997887, -0.9596895412455181 
6.639999999997864, -0.9596035394461147 
6.64999999999784, -0.9593827618774163 
6.659999999997817, -0.9589771508844607 
6.669999999997794, -0.9583442336817262 
6.67999999999777, -0.9574549912127415 
6.689999999997747, -0.9563025236473484 
6.699999999997724, -0.9549066599987709 
6.7099999999977005, -0.9533101908537622 
6.719999999997677, -0.9515693585023699 
6.729999999997654, -0.9497454506435764 
6.7399999999976306, -0.9479017817934766 
6.749999999997607, -0.9461049050348578 
6.759999999997584, -0.9444257870351226 
6.769999999997561, -0.9429369266146927 
6.779999999997537, -0.9417035752731465 
6.789999999997514, -0.9407703479268795 
6.799999999997491, -0.9401480524911822 
6.809999999997467, -0.9398077356456174 
6.819999999997444, -0.9396867008228416 
6.829999999997421, -0.9397043190785066 
6.8399999999973975, -0.939779360426136 
6.849999999997374, -0.9398411860091066 
6.859999999997351, -0.9398331128890666 
6.869999999997328, -0.9397114582764141 
6.879999999997304, -0.9394446963182734 
6.889999999997281, -0.9390146213003954 
6.899999999997258, -0.9384179811140099 
6.909999999997234, -0.9376655750008862 
6.919999999997211, -0.9367778488886505 
6.929999999997188, -0.9357795443079313 
6.939999999997164, -0.9346969684335361 
6.949999999997141, -0.9335590621195753 
6.959999999997118, -0.9324005748853713 
6.9699999999970945, -0.9312646671571099 
6.979999999997071, -0.9302027719045727 
6.989999999997048, -0.9292704636759529 
6.999999999997025, -0.9285193323334641 
7.009999999997001, -0.9279866209010699 
7.019999999996978, -0.9276859938672608 
7.029999999996955, -0.9276031714958972 
7.039999999996931, -0.9276986752437063 
7.049999999996908, -0.9279168518449193 
7.059999999996885, -0.9281973523484522 
7.0699999999968615, -0.9284846683269059 
7.079999999996838, -0.9287335459274486 
7.089999999996815, -0.9289107862001236 
7.0999999999967915, -0.9289948313760232 
7.109999999996768, -0.9289738122486153 
7.119999999996745, -0.9288422943430579 
7.129999999996722, -0.928597855280563 
7.139999999996698, -0.9282395545877618 
7.149999999996675, -0.9277694459194412 
7.159999999996652, -0.9271960511066479 
7.169999999996628, -0.9265376409080016 
7.179999999996605, -0.9258241620156212 
7.189999999996582, -0.9250978811551521 
7.1999999999965585, -0.9244125075509645 
7.209999999996535, -0.9238293588018328 
7.219999999996512, -0.9234091990298964 
7.229999999996489, -0.9232007456653152 
7.239999999996465, -0.923229855544396 
7.249999999996442, -0.9234940708041437 
7.259999999996419, -0.9239646484484847 
7.269999999996395, -0.9245946002500522 
7.279999999996372, -0.9253290958636805 
7.289999999996349, -0.9261144933954588 
7.299999999996325, -0.9269036248658431 
7.309999999996302, -0.9276567873162713 
7.319999999996279, -0.9283394708102526 
7.3299999999962555, -0.9289191219725532 
7.339999999996232, -0.9293639994228627 
7.349999999996209, -0.929646285445641 
7.359999999996186, -0.9297484512830284 
7.369999999996162, -0.9296687530228036 
7.379999999996139, -0.9294223349348426 
7.389999999996116, -0.9290385439027391 
7.399999999996092, -0.9285582209443446 
7.409999999996069, -0.9280339548964542 
7.419999999996046, -0.9275327840679031 
7.4299999999960225, -0.927137277793191 
7.439999999995999, -0.926939621188273 
7.449999999995976, -0.9270263029930135 
7.4599999999959525, -0.9274578994248863 
7.469999999995929, -0.9282538699883324 
7.479999999995906, -0.9293901127021144 
7.489999999995883, -0.9308087051089077 
7.499999999995859, -0.9324326210089671 
7.509999999995836, -0.9341778223567356 
7.519999999995813, -0.9359590296936855 
7.529999999995789, -0.9376901726733555 
7.539999999995766, -0.9392841865305412 
7.549999999995743, -0.9406579514545511 
7.5599999999957195, -0.941744642870056 
7.569999999995696, -0.9425082038891084 
7.579999999995673, -0.9429499687198524 
7.58999999999565, -0.9431024108433738 
7.599999999995626, -0.9430151751906474 
7.609999999995603, -0.9427431949734725 
7.61999999999558, -0.9423432904258032 
7.629999999995556, -0.9418800380247483 
7.639999999995533, -0.941437658477547 
7.64999999999551, -0.941131170844869 
7.659999999995486, -0.9411065580163062 
7.669999999995463, -0.9415205751411438 
7.67999999999544, -0.9425017904532229 
7.6899999999954165, -0.9441106985603309 
7.699999999995393, -0.9463211643855194 
7.70999999999537, -0.9490300888134342 
7.719999999995347, -0.9520827824602967 
7.729999999995323, -0.9552970057711789 
7.7399999999953, -0.9584788728486828 
7.749999999995277, -0.9614362896545297 
7.759999999995253, -0.9639995878059742 
7.76999999999523, -0.9660502851422843 
7.779999999995207, -0.9675440270359316 
7.789999999995183, -0.9685102853270833 
7.79999999999516, -0.9690274131463642 
7.809999999995137, -0.9691897209073159 
7.8199999999951135, -0.9690842845647927 
7.82999999999509, -0.9687840672702939 
7.839999999995067, -0.9683553462427937 
7.849999999995044, -0.967875523312536 
7.85999999999502, -0.967456835397417 
7.869999999994997, -0.9672666294957468 
7.879999999994974, -0.967526577524713 
7.88999999999495, -0.9684732436145543 
7.899999999994927, -0.9702846030085315 
7.909999999994904, -0.9730100283390236 
7.9199999999948805, -0.9765460437945869 
7.929999999994857, -0.9806646090859015 
7.939999999994834, -0.9850656311242579 
7.9499999999948106, -0.9894260925303762 
7.959999999994787, -0.9934412516509283 
7.969999999994764, -0.9968663401072128 
7.979999999994741, -0.9995567837791836 
7.989999999994717, -1.0014871681530182 
7.999999999994694, -1.0027323405322288 
8.00999999999467, -1.0034204018888742 
8.019999999994647, -1.0036855526388846 
8.029999999994624, -1.0036408268988084 
8.0399999999946, -1.0033731392077165 
8.049999999994577, -1.0029545011899468 
8.059999999994554, -1.0024640871768324 
8.06999999999453, -1.002017120256793 
8.079999999994508, -1.0017910208687135 
8.089999999994484, -1.00202743259995 
8.099999999994461, -1.0029861220659335 
8.109999999994438, -1.0048549883399978 
8.119999999994414, -1.007666377780304 
8.129999999994391, -1.0112763384672978 
8.139999999994368, -1.015411697579451 
8.149999999994344, -1.0197421166764198 
8.159999999994321, -1.023939302937153 
8.169999999994298, -1.0277179867876676 
8.179999999994275, -1.0308695298761674 
8.189999999994251, -1.0332889220697832 
8.199999999994228, -1.0349805392967761 
8.209999999994205, -1.0360326315340733 
8.219999999994181, -1.0365725040641096 
8.229999999994158, -1.0367264263996598 
8.239999999994135, -1.036599282727439 
8.249999999994111, -1.0362744769283263 
8.259999999994088, -1.0358283975118316 
8.269999999994065, -1.0353538238141566 
8.279999999994041, -1.0349845002461464 
8.289999999994018, -1.0349047859613667 
8.299999999993995, -1.035322920038659 
8.309999999993972, -1.0364041453759976 
8.319999999993948, -1.0381996778755131 
8.329999999993925, -1.040623062254188 
8.339999999993902, -1.0434862692408915 
8.349999999993878, -1.046560245751297 
8.359999999993855, -1.0496216518693413 
8.369999999993832, -1.0524757257801454 
8.379999999993808, -1.054966402254798 
8.389999999993785, -1.0569860453754414 
8.399999999993762, -1.0584859170758498 
8.409999999993738, -1.0594782111035053 
8.419999999993715, -1.0600225282629399 
8.429999999993692, -1.0602018855349908 
8.439999999993669, -1.0601012664942544 
8.449999999993645, -1.0597982367029042 
8.459999999993622, -1.0593671173922088 
8.469999999993599, -1.0588924842986591 
8.479999999993575, -1.0584833526456223 
8.489999999993552, -1.0582744763241974 
8.499999999993529, -1.058402269342761 
8.509999999993505, -1.058960053568042 
8.519999999993482, -1.059960973934459 
8.529999999993459, -1.061336019827275 
8.539999999993436, -1.0629645632666642 
8.549999999993412, -1.0647121581879435 
8.559999999993389, -1.0664557682333242 
8.569999999993366, -1.068093109058345 
8.579999999993342, -1.0695424667858802 
8.589999999993319, -1.0707408042775588 
8.599999999993296, -1.0716450383731346 
8.609999999993272, -1.072236231955835 
8.619999999993249, -1.0725220675710427 
8.629999999993226, -1.072533498682596 
8.639999999993202, -1.0723168431633932 
8.64999999999318, -1.0719269776881635 
8.659999999993156, -1.071426276136417 
8.669999999993133, -1.0708887965889153 
8.67999999999311, -1.0704034323707856 
8.689999999993086, -1.0700670062764648 
8.699999999993063, -1.0699634738796013 
8.70999999999304, -1.0701383078837163 
8.719999999993016, -1.0705848882513085 
8.729999999992993, -1.071250929571024 
8.73999999999297, -1.0720578374076133 
8.749999999992946, -1.072921049474713 
8.759999999992923, -1.0737642986297304 
8.7699999999929, -1.074526266820954 
8.779999999992876, -1.0751611575406683 
8.789999999992853, -1.075636045777647 
8.79999999999283, -1.0759279864922469 
8.809999999992806, -1.076023002025162 
8.819999999992783, -1.0759173395544055 
8.82999999999276, -1.075619526693472 
8.839999999992736, -1.0751514459785976 
8.849999999992713, -1.0745483270355582 
8.85999999999269, -1.0738588972986618 
8.869999999992666, -1.0731455989343157 
8.879999999992643, -1.0724817848828858 
8.88999999999262, -1.071942137358874 
8.899999999992596, -1.0715869375525657 
8.909999999992573, -1.07144681565809 
8.91999999999255, -1.0715153161741138 
8.929999999992527, -1.0717517551402964 
8.939999999992503, -1.0720923132624207 
8.94999999999248, -1.0724649279438956 
8.959999999992457, -1.0728024276658554 
8.969999999992433, -1.0730500709279849 
8.97999999999241, -1.0731676529656675 
8.989999999992387, -1.0731287189430216 
8.999999999992363, -1.0729187914431209 
9.00999999999234, -1.0725332367878955 
9.019999999992317, -1.071975370850843 
9.029999999992294, -1.071255853748479 
9.03999999999227, -1.0703939329378493 
9.049999999992247, -1.069419992035586 
9.059999999992224, -1.068378145610465 
9.0699999999922, -1.0673271357981766 
9.079999999992177, -1.0663372721165607 
9.089999999992154, -1.0654816706455443 
9.09999999999213, -1.0648223395380403 
9.109999999992107, -1.0643944857195629 
9.119999999992084, -1.0641946401378366 
9.12999999999206, -1.0641791230015265 
9.139999999992037, -1.064275714584697 
9.149999999992014, -1.0644027226391046 
9.15999999999199, -1.064484699257192 
9.169999999991967, -1.0644590306289 
9.179999999991944, -1.0642759756887559 
9.18999999999192, -1.063897878128303 
9.199999999991897, -1.0633005694201003 
9.209999999991874, -1.062475721824272 
9.21999999999185, -1.0614312347240094 
9.229999999991827, -1.060188859553974 
9.239999999991804, -1.0587813911031623 
9.24999999999178, -1.0572521934178347 
9.259999999991757, -1.0556574139956225 
9.269999999991734, -1.0540685122345048 
9.27999999999171, -1.0525713557734135 
9.289999999991688, -1.0512582333320992 
9.299999999991664, -1.0502108549088347 
9.309999999991641, -1.049477007640352 
9.319999999991618, -1.0490510809805522 
9.329999999991594, -1.0488723180762614 
9.339999999991571, -1.0488447974403545 
9.349999999991548, -1.048865990807884 
9.359999999991524, -1.0488460490200955 
9.369999999991501, -1.0487116396300844 
9.379999999991478, -1.0484006559177967 
9.389999999991455, -1.0478573295780431 
9.399999999991431, -1.0470337200841546 
9.409999999991408, -1.0458977736017785 
9.419999999991385, -1.044442755469641 
9.429999999991361, -1.0426913462782081 
9.439999999991338, -1.0406922928307594 
9.449999999991315, -1.038513976575906 
9.459999999991291, -1.0362406313938737 
9.469999999991268, -1.033972449942703 
9.479999999991245, -1.0318253432897246 
9.489999999991221, -1.029923397714346 
9.499999999991198, -1.0283785431401944 
9.509999999991175, -1.0272594572451756 
9.519999999991152, -1.0265642973661633 
9.529999999991128, -1.0262177635816954 
9.539999999991105, -1.0260985059989411 
9.549999999991082, -1.0260784052026495 
9.559999999991058, -1.0260488943345327 
9.569999999991035, -1.0259255811760413 
9.579999999991012, -1.0256390384604774 
9.589999999990988, -1.025123794594546 
9.599999999990965, -1.0243140930799117 
9.609999999990942, -1.023150243295061 
9.619999999990918, -1.021593762696288 
9.629999999990895, -1.0196431509568031 
9.639999999990872, -1.017340283437994 
9.649999999990849, -1.0147644669634837 
9.659999999990825, -1.0120209663531434 
9.669999999990802, -1.0092325809715301 
9.679999999990779, -1.0065358695089777 
9.689999999990755, -1.0040758580878548 
9.699999999990732, -1.0019906883224374 
9.709999999990709, -1.0003829310615102 
9.719999999990685, -0.999286882883869 
9.729999999990662, -0.9986528059973507 
9.739999999990639, -0.998363735534908 
9.749999999990616, -0.9982762973788291 
9.759999999990592, -0.9982589936199731 
9.769999999990569, -0.998209016547899 
9.779999999990546, -0.9980484685261471 
9.789999999990522, -0.997711672078115 
9.799999999990499, -0.9971344965843171 
9.809999999990476, -0.9962523085352908 
9.819999999990452, -0.9950089762330812 
9.829999999990429, -0.9933737853856094 
9.839999999990406, -0.9913567571630738 
9.849999999990382, -0.98901216362974 
9.85999999999036, -0.9864288392410551 
9.869999999990336, -0.9837159483716128 
9.879999999990313, -0.9809932937888162 
9.88999999999029, -0.978387295168751 
9.899999999990266, -0.9760265257243754 
9.909999999990243, -0.9740294114860294 
9.91999999999022, -0.9724817178218862 
9.929999999990196, -0.9714111666324973 
9.939999999990173, -0.9707748692978203 
9.94999999999015, -0.9704716534544658 
9.959999999990126, -0.9703741773012411 
9.969999999990103, -0.970361381541804 
9.97999999999008, -0.9703353270738709 
9.989999999990056, -0.9702209902776833 
9.999999999990033, -0.9699574939544015 
10.00999999999001, -0.9694901316641078 
10.019999999989986, -0.9687691260723822 
10.029999999989963, -0.9677566709536565 
10.03999999998994, -0.966438552379099 
10.049999999989916, -0.9648323545283051 
10.059999999989893, -0.9629857621938356 
10.06999999998987, -0.9609663473301762 
10.079999999989846, -0.95885062450891 
10.089999999989823, -0.9567185451146274 
10.0999999999898, -0.9546531852070548 
10.109999999989776, -0.9527408772838577 
10.119999999989753, -0.9510667183715347 
10.12999999998973, -0.9497030338367661 
10.139999999989707, -0.9486928413836765 
10.149999999989683, -0.9480354265429176 
10.15999999998966, -0.9476832225698676 
10.169999999989637, -0.9475540613090734 
10.179999999989613, -0.9475527433831417 
10.18999999998959, -0.9475902306402342 
10.199999999989567, -0.9475928705153256 
10.209999999989543, -0.9475024552074338 
10.21999999998952, -0.9472728642824271 
10.229999999989497, -0.9468686884384299 
10.239999999989474, -0.9462677489613152 
10.24999999998945, -0.9454652397201737 
10.259999999989427, -0.9444749967407843 
10.269999999989404, -0.9433254613986891 
10.27999999998938, -0.9420527098525181 
10.289999999989357, -0.9406953563099488 
10.299999999989334, -0.939293895853648 
10.30999999998931, -0.9378931993817666 
10.319999999989287, -0.9365449215830255 
10.329999999989264, -0.9353068927374839 
10.33999999998924, -0.9342379447059133 
10.349999999989217, -0.9333884570128108 
10.359999999989194, -0.9327890168110082 
10.36999999998917, -0.9324413734832092 
10.379999999989147, -0.9323161257026846 
10.389999999989124, -0.9323590935346265 
10.3999999999891, -0.932503769612279 
10.409999999989077, -0.9326840795453402 
10.419999999989054, -0.9328428028375292 
10.42999999998903, -0.9329349638990696 
10.439999999989007, -0.9329283877146466 
10.449999999988984, -0.9328034814524099 
10.45999999998896, -0.9325523804930068 
10.469999999988937, -0.9321764959996482 
10.479999999988914, -0.9316826375060743 
10.48999999998889, -0.9310798104608586 
10.499999999988868, -0.9303788269337583 
10.509999999988844, -0.9295947549737781 
10.519999999988821, -0.9287503865028098 
10.529999999988798, -0.9278788888285115 
10.539999999988774, -0.9270245924381705 
10.549999999988751, -0.9262410298963324 
10.559999999988728, -0.9255852623271489 
10.569999999988704, -0.9251085769252452 
10.579999999988681, -0.9248458591540253 
10.589999999988658, -0.9248075361528955 
10.599999999988635, -0.9249773546675211 
10.609999999988611, -0.9253167800189486 
10.619999999988588, -0.9257740734245266 
10.629999999988565, -0.9262945009509005 
10.639999999988541, -0.9268283589168057 
10.649999999988518, -0.9273351753578357 
10.659999999988495, -0.9277841809650832 
10.669999999988471, -0.9281520406347685 
10.679999999988448, -0.9284193607112341 
10.689999999988425, -0.9285681627481376 
10.699999999988401, -0.9285824581208258 
10.709999999988378, -0.928452117900118 
10.719999999988355, -0.9281775668929979 
10.729999999988332, -0.9277723789388974 
10.739999999988308, -0.9272632950861421 
10.749999999988285, -0.9266895926529001 
10.759999999988262, -0.9261033778104213 
10.769999999988238, -0.9255697529154103 
10.779999999988215, -0.9251634855922815 
10.789999999988192, -0.9249592959530417 
10.799999999988168, -0.9250169372688521 
10.809999999988145, -0.9253671324451378 
10.819999999988122, -0.926005309591565 
10.829999999988098, -0.9268955647359018 
10.839999999988075, -0.9279815434475764 
10.849999999988052, -0.9291984704125313 
10.859999999988029, -0.9304817300220687 
10.869999999988005, -0.9317701328930065 
10.879999999987982, -0.933004805607443 
10.889999999987959, -0.9341270051125093 
10.899999999987935, -0.935079275137699 
10.909999999987912, -0.9358125422599451 
10.919999999987889, -0.9362966292602396 
10.929999999987865, -0.9365272948568604 
10.939999999987842, -0.9365248045374953 
10.949999999987819, -0.936326047989781 
10.959999999987796, -0.9359769275437445 
10.969999999987772, -0.9355304161423896 
10.979999999987749, -0.9350512089612737 
10.989999999987726, -0.9346235396043557 
10.999999999987702, -0.934355261580398 
11.009999999987679, -0.9343700975796846 
11.019999999987656, -0.9347846338522814 
11.029999999987632, -0.9356776026792749 
11.039999999987609, -0.9370674846431102 
11.049999999987586, -0.9389100516878249 
11.059999999987562, -0.941113334568725 
11.06999999998754, -0.9435577182558458 
11.079999999987516, -0.9461105691012428 
11.089999999987493, -0.94863322876044 
11.09999999998747, -0.950986075697759 
11.109999999987446, -0.9530399084897196 
11.119999999987423, -0.9546962489588957 
11.1299999999874, -0.9559077129895875 
11.139999999987376, -0.9566838976253162 
11.149999999987353, -0.9570774947265688 
11.15999999998733, -0.9571604767176278 
11.169999999987306, -0.9570048846872572 
11.179999999987283, -0.9566760073450681 
11.18999999998726, -0.956238104340964 
11.199999999987236, -0.955769484858034 
11.209999999987213, -0.9553816971844247 
11.21999999998719, -0.9552328994552941 
11.229999999987166, -0.9555202657005907 
11.239999999987143, -0.9564406630120826 
11.24999999998712, -0.9581298015346226 
11.259999999987096, -0.9606123683555253 
11.269999999987073, -0.9637913699148541 
11.27999999998705, -0.9674748083407853 
11.289999999987026, -0.9714155060068516 
11.299999999987003, -0.9753451400338735 
11.30999999998698, -0.9790025049568326 
11.319999999986956, -0.9821658156164886 
11.329999999986933, -0.9846896566589216 
11.33999999998691, -0.9865294165886009 
11.349999999986887, -0.98773397059521 
11.359999999986863, -0.9884090286579547 
11.36999999998684, -0.988674264628399 
11.379999999986817, -0.9886351749528632 
11.389999999986793, -0.9883752914713483 
11.39999999998677, -0.9879645547056034 
11.409999999986747, -0.9874788863739244 
11.419999999986723, -0.9870270278311197 
11.4299999999867, -0.9867763264477389 
11.439999999986677, -0.9869586488178943 
11.449999999986654, -0.9878332470710334 
11.45999999998663, -0.9896051889171229 
11.469999999986607, -0.9923400452167984 
11.479999999986584, -0.9959298608906343 
11.48999999998656, -1.000125251009487 
11.499999999986537, -1.0046003615197936 
11.509999999986514, -1.0090132737334232 
11.51999999998649, -1.0130521538488064 
11.529999999986467, -1.0164756978178346 
11.539999999986444, -1.0191483914431394 
11.54999999998642, -1.0210540709175293 
11.559999999986397, -1.0222738531402966 
11.569999999986374, -1.0229387742561382 
11.57999999998635, -1.0231838653344285 
11.589999999986327, -1.0231223666729279 
11.599999999986304, -1.0228420280099317 
11.60999999998628, -1.0224174081714965 
11.619999999986257, -1.0219326306630914 
11.629999999986234, -1.0215091929840874 
11.63999999998621, -1.0213265556570965 
11.649999999986187, -1.021612850645944 
11.659999999986164, -1.0225880981744198 
11.66999999998614, -1.0243783895615142 
11.679999999986117, -1.0269571009783003 
11.689999999986094, -1.0301536866770742 
11.69999999998607, -1.0337130998101962 
11.709999999986048, -1.037359289060799 
11.719999999986024, -1.0408362219973144 
11.729999999986001, -1.0439304856793563 
11.739999999985978, -1.0464892443575915 
11.749999999985954, -1.0484365827773716 
11.759999999985931, -1.0497776749912755 
11.769999999985908, -1.0505816085084672 
11.779999999985884, -1.0509493007115416 
11.789999999985861, -1.0509835957408669 
11.799999999985838, -1.0507740113700044 
11.809999999985815, -1.0503981052756435 
11.819999999985791, -1.0499353593703848 
11.829999999985768, -1.049486903006178 
11.839999999985745, -1.0491897007319322 
11.849999999985721, -1.049208222144376 
11.859999999985698, -1.049693138200143 
11.869999999985675, -1.0507238177326557 
11.879999999985651, -1.0522747664548344 
11.889999999985628, -1.0542297116955883 
11.899999999985605, -1.0564263656720374 
11.909999999985581, -1.0586987154773926 
11.919999999985558, -1.0608997727536058 
11.929999999985535, -1.0629078341230154 
11.939999999985512, -1.0646270724343219 
11.949999999985488, -1.0659906213142225 
11.959999999985465, -1.0669667210309204 
11.969999999985442, -1.0675617425385973 
11.979999999985418, -1.0678142677879126 
11.989999999985395, -1.0677818976560258 
11.999999999985372, -1.0675287811377698 
12.009999999985348, -1.0671209370352113 
12.019999999985325, -1.066630718892029 
12.029999999985302, -1.066145587772893 
12.039999999985278, -1.0657712647027435 
12.049999999985255, -1.0656186363080735 
12.059999999985232, -1.0657738209871108 
12.069999999985209, -1.0662681030613483 
12.079999999985185, -1.0670691127396468 
12.089999999985162, -1.0680973313946072 
12.099999999985139, -1.069253391389068 
12.109999999985115, -1.070440647117356 
12.119999999985092, -1.0715771168957624 
12.129999999985069, -1.0725982805481102 
12.139999999985045, -1.0734548786046587 
12.149999999985022, -1.0741100435451316 
12.159999999984999, -1.074538793946521 
12.169999999984976, -1.074730231835694 
12.179999999984952, -1.0746899836505777 
12.189999999984929, -1.074440123520747 
12.199999999984906, -1.0740166723728768 
12.209999999984882, -1.0734675321240918 
12.219999999984859, -1.0728529046623512 
12.229999999984836, -1.072246155990038 
12.239999999984812, -1.0717294320079858 
12.249999999984789, -1.0713798620658237 
12.259999999984766, -1.0712500839515058 
12.269999999984742, -1.0713537774041595 
12.27999999998472, -1.0716640849524164 
12.289999999984696, -1.0721237355300226 
12.299999999984673, -1.0726605428244438 
12.30999999998465, -1.0732022646629944 
12.319999999984626, -1.073686833710485 
12.329999999984603, -1.0740666987877563 
12.33999999998458, -1.0743086586065862 
12.349999999984556, -1.0743915042693162 
12.359999999984533, -1.0743033125835342 
12.36999999998451, -1.0740397065722114 
12.379999999984486, -1.0736038775402577 
12.389999999984463, -1.0730081679340036 
12.39999999998444, -1.0722762416987295 
12.409999999984416, -1.071445057160661 
12.419999999984393, -1.070566039573882 
12.42999999998437, -1.0697038626147284 
12.439999999984346, -1.0689303108471202 
12.449999999984323, -1.0683123169384061 
12.4599999999843, -1.0678970963594885 
12.469999999984276, -1.0676997200429397 
12.479999999984253, -1.067697986739242 
12.48999999998423, -1.067837473839354 
12.499999999984206, -1.0680455454256985 
12.509999999984183, -1.0682477088155875 
12.51999999998416, -1.068378879100702 
12.529999999984136, -1.0683874808335787 
12.539999999984113, -1.0682355884645987 
12.54999999998409, -1.0678986764068326 
12.559999999984067, -1.0673656870170858 
12.569999999984043, -1.0666381871347175 
12.57999999998402, -1.0657282584503318 
12.589999999983997, -1.0646566795364727 
12.599999999983973, -1.0634531787764525 
12.60999999998395, -1.062158856726493 
12.619999999983927, -1.0608290230186106 
12.629999999983903, -1.0595336913020417 
12.63999999998388, -1.0583529263308917 
12.649999999983857, -1.0573653147611897 
12.659999999983834, -1.0566302721244323 
12.66999999998381, -1.0561690824418555 
12.679999999983787, -1.0559543220084637 
12.689999999983764, -1.055916384494325 
12.69999999998374, -1.0559647442493258 
12.709999999983717, -1.0560103003553594 
12.719999999983694, -1.0559770247850668 
12.72999999998367, -1.0558024500885193 
12.739999999983647, -1.0554342210237972 
12.749999999983624, -1.0548295566521528 
12.7599999999836, -1.053959585023209 
12.769999999983577, -1.052815367003967 
12.779999999983554, -1.051410585574403 
12.78999999998353, -1.0497790386732522 
12.799999999983507, -1.0479700187630645 
12.809999999983484, -1.0460459856059265 
12.81999999998346, -1.0440837349221601 
12.829999999983437, -1.0421761060023886 
12.839999999983414, -1.04042896949113 
12.84999999998339, -1.038948402913475 
12.859999999983367, -1.037816608404238 
12.869999999983344, -1.0370638557039935 
12.87999999998332, -1.0366532228858532 
12.889999999983297, -1.036491918565979 
12.899999999983274, -1.036463322745887 
12.90999999998325, -1.0364578076885742 
12.919999999983228, -1.0363861563102634 
12.929999999983204, -1.0361764382285075 
12.939999999983181, -1.0357647892039235 
12.949999999983158, -1.0350898926380532 
12.959999999983134, -1.0340962972287726 
12.969999999983111, -1.032745994882427 
12.979999999983088, -1.0310317475250954 
12.989999999983064, -1.028983460990539 
12.999999999983041, -1.026664293339288 
13.009999999983018, -1.0241616573908412 
13.019999999982995, -1.021580634344018 
13.029999999982971, -1.019041862578749 
13.039999999982948, -1.01667895906347 
13.049999999982925, -1.0146273720338315 
13.059999999982901, -1.0129995221023471 
13.069999999982878, -1.0118514195413526 
13.079999999982855, -1.0111592621398215 
13.089999999982831, -1.0108257266931104 
13.099999999982808, -1.0107153114147662 
13.109999999982785, -1.0106949967786447 
13.119999999982761, -1.0106569194637878 
13.129999999982738, -1.0105188830969238 
13.139999999982715, -1.0102129471717833 
13.149999999982692, -1.0096739415471359 
13.159999999982668, -1.008835653630102 
13.169999999982645, -1.0076380470830093 
13.179999999982622, -1.006043456277442 
13.189999999982598, -1.0040531255189866 
13.199999999982575, -1.0017134394059677 
13.209999999982552, -0.9991086842550105 
13.219999999982528, -0.9963477116338133 
13.229999999982505, -0.9935539146444274 
13.239999999982482, -0.9908606550387585 
13.249999999982458, -0.9884063297746634 
13.259999999982435, -0.986320981234052 
13.269999999982412, -0.984701215493927 
13.279999999982389, -0.9835811670232616 
13.289999999982365, -0.9829174618022807 
13.299999999982342, -0.9826025254078159 
13.309999999982319, -0.9825005290867109 
13.319999999982295, -0.9824834357479796 
13.329999999982272, -0.9824490087748767 
13.339999999982249, -0.9823196323655015 
13.349999999982225, -0.982031751694552 
13.359999999982202, -0.981526243770432 
13.369999999982179, -0.9807462276727348 
13.379999999982156, -0.9796445409158112 
13.389999999982132, -0.9781977484350153 
13.399999999982109, -0.9764180985031942 
13.409999999982086, -0.9743548388302352 
13.419999999982062, -0.9720844025234714 
13.429999999982039, -0.9696975183675038 
13.439999999982016, -0.9672912143551384 
13.449999999981992, -0.9649666742198638 
13.459999999981969, -0.9628278852679705 
13.469999999981946, -0.9609748845247232 
13.479999999981922, -0.959488589733545 
13.4899999999819, -0.9584104628904064 
13.499999999981876, -0.9577271203279067 
13.509999999981853, -0.9573712929567527 
13.51999999998183, -0.9572413895928943 
13.529999999981806, -0.9572287325635338 
13.539999999981783, -0.9572376858870936 
13.54999999998176, -0.9571921462297037 
13.559999999981736, -0.9570320701998408 
13.569999999981713, -0.9567077505392968 
13.57999999998169, -0.9561779344925115 
13.589999999981666, -0.9554138101987275 
13.599999999981643, -0.9544061327492741 
13.60999999998162, -0.953169534132925 
13.619999999981596, -0.9517396759191665 
13.629999999981573, -0.9501649313123043 
13.63999999998155, -0.9484986084660347 
13.649999999981526, -0.946796023555828 
13.659999999981503, -0.9451158461784713 
13.66999999998148, -0.943521982745048 
13.679999999981456, -0.9420821798239535 
13.689999999981433, -0.9408612716089617 
13.69999999998141, -0.939909546233101 
13.709999999981386, -0.9392496924610384 
13.719999999981363, -0.938868226559401 
13.72999999998134, -0.9387168434082124 
13.739999999981316, -0.9387242174487047 
13.749999999981293, -0.9388123826601367 
13.75999999998127, -0.9389098544776898 
13.769999999981247, -0.9389576965188352 
13.779999999981223, -0.9389102191767591 
13.7899999999812, -0.9387342945980611 
13.799999999981177, -0.9384097773418333 
13.809999999981153, -0.9379304233421711 
13.81999999998113, -0.9373029143272464 
13.829999999981107, -0.9365429388045461 
13.839999999981083, -0.9356703591035685 
13.84999999998106, -0.9347066904146951 
13.859999999981037, -0.9336761488674299 
13.869999999981014, -0.932608839788357 
13.87999999998099, -0.9315436510001426 
13.889999999980967, -0.9305288518228725 
13.899999999980944, -0.9296190842332621 
13.90999999998092, -0.9288683115697088 
13.919999999980897, -0.9283198673180214 
13.929999999980874, -0.9279965553201782 
13.93999999998085, -0.9278945252989217 
13.949999999980827, -0.9279836302860452 
13.959999999980804, -0.9282143955399148 
13.96999999998078, -0.9285287639041526 
13.979999999980757, -0.9288703767202531 
13.989999999980734, -0.9291913900959508 
13.99999999998071, -0.9294553689989016 
14.009999999980687, -0.9296373166628472 
14.019999999980664, -0.9297217735751214 
14.02999999998064, -0.929699572984768 
14.039999999980617, -0.9295644874775968 
14.049999999980594, -0.9293117887816302 
14.05999999998057, -0.9289398886099534 
14.069999999980547, -0.9284539728869223 
14.079999999980524, -0.9278693286025005 
14.0899999999805, -0.9272131382200387 
14.099999999980477, -0.9265251088196903 
14.109999999980454, -0.9258572010828218 
14.11999999998043, -0.9252711710437532 
14.129999999980408, -0.9248318821824156 
14.139999999980384, -0.9245961587463778 
14.149999999980361, -0.9246004898222946 
14.159999999980338, -0.9248528988869349 
14.169999999980314, -0.925332518436474 
14.179999999980291, -0.9259963787791508 
14.189999999980268, -0.9267898690645076 
14.199999999980244, -0.9276567035992788 
14.209999999980221, -0.928545431806287 
14.219999999980198, -0.9294114412046831 
14.229999999980175, -0.9302152376277496 
14.239999999980151, -0.9309193205449139 
14.249999999980128, -0.9314869335510115 
14.259999999980105, -0.9318852321087204 
14.269999999980081, -0.9320921591876499 
14.279999999980058, -0.9321026976724054 
14.289999999980035, -0.9319302945175012 
14.299999999980011, -0.9316036128312613 
14.309999999979988, -0.9311626960887212 
14.319999999979965, -0.9306583790954596 
14.329999999979941, -0.9301553022094359 
14.339999999979918, -0.9297349249925047 
14.349999999979895, -0.9294926289842586 
14.359999999979872, -0.9295245643767085 
14.369999999979848, -0.9299064246109493 
14.379999999979825, -0.9306738200232569 
14.389999999979802, -0.9318146687441468 
14.399999999979778, -0.9332761467500748 
14.409999999979755, -0.9349797993183758 
14.419999999979732, -0.9368358519072764 
14.429999999979708, -0.938751305038234 
14.439999999979685, -0.9406318352479689 
14.449999999979662, -0.9423820059107462 
14.459999999979638, -0.943910087827831 
14.469999999979615, -0.9451406924340995 
14.479999999979592, -0.9460305405422854 
14.489999999979569, -0.946576778669981 
14.499999999979545, -0.9468113657151728 
14.509999999979522, -0.9467860184906598 
14.519999999979499, -0.9465582325578911 
14.529999999979475, -0.9461858854118969 
14.539999999979452, -0.9457319029080379 
14.549999999979429, -0.9452762419062584 
14.559999999979405, -0.9449291232913117 
14.569999999979382, -0.9448354997652355 
14.579999999979359, -0.9451596103817851 
14.589999999979335, -0.9460472288282583 
14.599999999979312, -0.9475808292257115 
14.609999999979289, -0.9497526605015955 
14.619999999979266, -0.9524686054791113 
14.629999999979242, -0.955573347937516 
14.639999999979219, -0.9588778915116517 
14.649999999979196, -0.9621790202398481 
14.659999999979172, -0.9652743082799689 
14.669999999979149, -0.9679826833795218 
14.679999999979126, -0.970173452103781 
14.689999999979102, -0.9717913592792659 
14.69999999997908, -0.9728592474506422 
14.709999999979056, -0.9734543514575089 
14.719999999979033, -0.9736739557291679 
14.72999999997901, -0.9736095064073366 
14.739999999978986, -0.9733373543362784 
14.749999999978963, -0.9729245982810903 
14.75999999997894, -0.9724459599932149 
14.769999999978916, -0.9720074187754328 
14.779999999978893, -0.971768216708101 
14.78999999997887, -0.9719443603647561 
14.799999999978846, -0.9727744740082166 
14.809999999978823, -0.9744483232774457 
14.8199999999788, -0.9770328091996093 
14.829999999978776, -0.9804408921257467 
14.839999999978753, -0.9844559238696243 
14.84999999997873, -0.9887846623293159 
14.859999999978706, -0.9931082128366745 
14.869999999978683, -0.997123010582668 
14.87999999997866, -1.0005802222636444 
14.889999999978636, -1.003324822417466 
14.899999999978613, -1.0053174418554947 
14.90999999997859, -1.0066209019161243 
14.919999999978566, -1.0073568224953142 
14.929999999978543, -1.0076582728587595 
14.93999999997852, -1.0076401095349108 
14.949999999978496, -1.0073916004979626 
14.959999999978473, -1.0069859481614336 
14.96999999997845, -1.0065011208090564 
14.979999999978427, -1.0060477029152035 
14.989999999978403, -1.0057946244990281 
14.99999999997838, -1.0059724654141151 
15.009999999978357, -1.0068309563874331 
15.019999999978333, -1.0085535769885865 
15.02999999997831, -1.0111767120091797 
15.039999999978287, -1.0145686461194476 
15.049999999978263, -1.018474346423874 
15.05999999997824, -1.022584623516941 
15.069999999978217, -1.026591923879329 
15.079999999978194, -1.030226784860489 
15.08999999997817, -1.0332866641816267 
15.099999999978147, -1.035660984396538 
15.109999999978124, -1.0373402682557926 
15.1199999999781, -1.038397460532278 
15.129999999978077, -1.038948540378078 
15.139999999978054, -1.0391138505908457 
15.14999999997803, -1.038996320269853 
15.159999999978007, -1.0386792435286636 
15.169999999977984, -1.038238910871739 
15.17999999997796, -1.0377663883952362 
15.189999999977937, -1.0373904558209754 
15.199999999977914, -1.0372861566274991 
15.20999999997789, -1.03764906061694 
15.219999999977867, -1.0386326471484284 
15.229999999977844, -1.040283122105802 
15.23999999997782, -1.042519124496089 
15.249999999977797, -1.0451664949499786 
15.259999999977774, -1.0480147022751027 
15.26999999997775, -1.0508596202935807 
15.279999999977727, -1.053523496666243 
15.289999999977704, -1.0558624756025519 
15.29999999997768, -1.0577738355475341 
15.309999999977657, -1.0592055014952333 
15.319999999977634, -1.0601601867863077 
15.32999999997761, -1.0606862283711986 
15.339999999977588, -1.0608574310510903 
15.349999999977564, -1.0607530685952842 
15.359999999977541, -1.06044788170579 
15.369999999977518, -1.0600147411499865 
15.379999999977494, -1.0595364587581146 
15.389999999977471, -1.0591183937669475 
15.399999999977448, -1.0588888834616261 
15.409999999977424, -1.0589761455865412 
15.419999999977401, -1.0594667589771951 
15.429999999977378, -1.0603721611084862 
15.439999999977355, -1.061627705745026 
15.449999999977331, -1.0631211549589978 
15.459999999977308, -1.0647275230640925 
15.469999999977285, -1.0663324769739866 
15.479999999977261, -1.0678412010841094 
15.489999999977238, -1.0691781660502415 
15.499999999977215, -1.0702847604623709 
15.509999999977191, -1.071119609852518 
15.519999999977168, -1.0716621362230474 
15.529999999977145, -1.0719156253575033 
15.539999999977121, -1.0719055951948822 
15.549999999977098, -1.0716736043631518 
15.559999999977075, -1.071271172740119 
15.569999999977052, -1.0707583680263892 
15.579999999977028, -1.0702070791528748 
15.589999999977005, -1.0697033578077328 
15.599999999976982, -1.069340488223221 
15.609999999976958, -1.06919931083613 
15.619999999976935, -1.0693242426333 
15.629999999976912, -1.0697103960511107 
15.639999999976888, -1.070309130212777 
15.649999999976865, -1.071045767113965 
15.659999999976842, -1.0718387939473772 
15.669999999976818, -1.0726139206814396 
15.679999999976795, -1.0733111143296195 
15.689999999976772, -1.0738856620847952 
15.699999999976749, -1.0743058066480748 
15.709999999976725, -1.0745497496425034 
15.719999999976702, -1.074604162152541 
15.729999999976679, -1.0744649404186069 
15.739999999976655, -1.0741391913010314 
15.749999999976632, -1.073646749304194 
15.759999999976609, -1.073020724864001 
15.769999999976585, -1.0723079138481801 
15.779999999976562, -1.0715689860433675 
15.789999999976539, -1.0708757359638599 
15.799999999976515, -1.0703019437533496 
15.809999999976492, -1.0699082813880116 
15.819999999976469, -1.0697272500949473 
15.829999999976446, -1.069755083568744 
15.839999999976422, -1.0699534784106242 
15.849999999976399, -1.0702598838021706 
15.859999999976376, -1.0706023074993793 
15.869999999976352, -1.0709128379044486 
15.879999999976329, -1.0711355975760966 
15.889999999976306, -1.07122911481687 
15.899999999976282, -1.071165766902586 
15.90999999997626, -1.0709302948820572 
15.919999999976236, -1.070517864426939 
15.929999999976213, -1.0699320430907966 
15.93999999997619, -1.0691837750403177 
15.949999999976166, -1.0682922267372603 
15.959999999976143, -1.0672872153860973 
15.96999999997612, -1.0662119625841304 
15.979999999976096, -1.0651243433933082 
15.989999999976073, -1.0640943431787546 
15.99999999997605, -1.0631958672206854 
16.009999999976028, -1.0624931159482542 
16.019999999976005, -1.0620245413983533 
16.02999999997598, -1.0617899683429672 
16.039999999975958, -1.0617478862626002 
16.049999999975935, -1.061826507540797 
16.05999999997591, -1.0619431341653889 
16.069999999975888, -1.062020673524261 
16.079999999975865, -1.0619948040117324 
16.08999999997584, -1.0618140495237856 
16.099999999975818, -1.0614387387549462 
16.109999999975795, -1.060842361112469 
16.11999999997577, -1.0600143521086827 
16.129999999975748, -1.0589611267719665 
16.139999999975725, -1.0577039786339761 
16.1499999999757, -1.0562759113260023 
16.15999999997568, -1.0547205092439325 
16.169999999975655, -1.0530937335126493 
16.17999999997563, -1.051466553252245 
16.18999999997561, -1.0499246457744693 
16.199999999975585, -1.0485612984622592 
16.20999999997556, -1.0474611885392564 
16.21999999997554, -1.0466770910513508 
16.229999999975515, -1.046209154654472 
16.239999999975492, -1.0460009481601547 
16.24999999997547, -1.045957877258093 
16.259999999975445, -1.0459760887519003 
16.269999999975422, -1.045963426792744 
16.2799999999754, -1.0458447097310484 
16.289999999975375, -1.0455567903467378 
16.299999999975352, -1.04504306349187 
16.30999999997533, -1.0442540071816337 
16.319999999975305, -1.043154709222818 
16.329999999975282, -1.0417347135093096 
16.33999999997526, -1.0400132099163284 
16.349999999975235, -1.0380364691142672 
16.359999999975212, -1.0358712115671365 
16.36999999997519, -1.0335999920527972 
16.379999999975166, -1.0313207352340974 
16.389999999975142, -1.0291468698406177 
16.39999999997512, -1.0272013108922131 
16.409999999975096, -1.0255983699136062 
16.419999999975072, -1.024414140824001 
16.42999999997505, -1.0236578833985883 
16.439999999975026, -1.0232646692360237 
16.449999999975002, -1.0231185060418149 
16.45999999997498, -1.023090981604017 
16.469999999974956, -1.0230703249429518 
16.479999999974932, -1.0229692005332836 
16.48999999997491, -1.0227170997269661 
16.499999999974886, -1.022249222123548 
16.509999999974863, -1.0215010023090811 
16.51999999997484, -1.0204127593982206 
16.529999999974816, -1.018943533100068 
16.539999999974793, -1.0170868293785678 
16.54999999997477, -1.014878239183437 
16.559999999974746, -1.012390760090071 
16.569999999974723, -1.009723539267009 
16.5799999999747, -1.006992878696333 
16.589999999974676, -1.0043283227651045 
16.599999999974653, -1.0018687710363732 
16.60999999997463, -0.9997503102943854 
16.619999999974606, -0.9980811258373308 
16.629999999974583, -0.9969096470663892 
16.63999999997456, -0.9962043455202346 
16.649999999974536, -0.9958628959446034 
16.659999999974513, -0.9957480823293894 
16.66999999997449, -0.9957271283178125 
16.679999999974466, -0.995693020938574 
16.689999999974443, -0.9955646486353584 
16.69999999997442, -0.9952757366664985 
16.709999999974396, -0.9947638479918106 
16.719999999974373, -0.9939667843992079 
16.72999999997435, -0.9928294544472578 
16.739999999974327, -0.9913189975679082 
16.749999999974303, -0.9894397382183499 
16.75999999997428, -0.9872379068328014 
16.769999999974257, -0.9847935007817806 
16.779999999974233, -0.9822067117514305 
16.78999999997421, -0.979588115068162 
16.799999999974187, -0.977054870740516 
16.809999999974163, -0.9747278636367153 
16.81999999997414, -0.9727225797936357 
16.829999999974117, -0.97113006983895 
16.839999999974093, -0.9699924970693308 
16.84999999997407, -0.9692865474566569 
16.859999999974047, -0.9689282764906568 
16.869999999974024, -0.9687995643044444 
16.879999999974, -0.9687804063529264 
16.889999999973977, -0.9687696342525725 
16.899999999973954, -0.9686888314613817 
16.90999999997393, -0.9684756987089417 
16.919999999973907, -0.9680761300350765 
16.929999999973884, -0.9674416480011899 
16.93999999997386, -0.9665345670984907 
16.949999999973837, -0.9653381732724743 
16.959999999973814, -0.9638648041247164 
16.96999999997379, -0.962155274627688 
16.979999999973767, -0.9602699448905725 
16.989999999973744, -0.9582782913174827 
16.99999999997372, -0.9562532770658839 
17.009999999973697, -0.9542710424880718 
17.019999999973674, -0.9524118002336319 
17.02999999997365, -0.9507570418875335 
17.039999999973627, -0.9493802264614095 
17.049999999973604, -0.9483318215614132 
17.05999999997358, -0.9476241500908253 
17.069999999973557, -0.9472245393181165 
17.079999999973534, -0.9470626280709504 
17.08999999997351, -0.9470490196064002 
17.099999999973488, -0.947095098061469 
17.109999999973464, -0.9471249988785957 
17.11999999997344, -0.9470781713503627 
17.129999999973418, -0.9469070348579761 
17.139999999973394, -0.9465752191556716 
17.14999999997337, -0.946059073478285 
17.159999999973348, -0.9453510751548782 
17.169999999973324, -0.944461185678801 
17.1799999999733, -0.9434135054738217 
17.189999999973278, -0.9422398978060569 
17.199999999973254, -0.9409749841266313 
17.20999999997323, -0.939655278028017 
17.219999999973208, -0.9383216003935226 
17.229999999973185, -0.9370218171718383 
17.23999999997316, -0.9358110254823078 
17.249999999973138, -0.9347474694657738 
17.259999999973115, -0.9338840765769699 
17.26999999997309, -0.9332574693528326 
17.279999999973068, -0.932878133655343 
17.289999999973045, -0.9327260814346465 
17.29999999997302, -0.9327547012463325 
17.309999999972998, -0.9329015528413336 
17.319999999972975, -0.9331011751680703 
17.32999999997295, -0.9332947964036011 
17.339999999972928, -0.9334350927574894 
17.349999999972905, -0.9334874325378942 
17.35999999997288, -0.9334297125542295 
17.36999999997286, -0.9332514028653524 
17.379999999972835, -0.9329511686433568 
17.38999999997281, -0.9325331668100455 
17.39999999997279, -0.9320038834600164 
17.409999999972765, -0.9313716276907194 
17.41999999997274, -0.9306488731099201 
17.42999999997272, -0.9298557216710245 
17.439999999972695, -0.9290226659094009 
17.449999999972672, -0.9281917116980136 
17.45999999997265, -0.927415134405565 
17.469999999972625, -0.9267507843604565 
17.479999999972602, -0.9262534727322589 
17.48999999997258, -0.9259641321101002 
17.499999999972555, -0.9259005564970325 
17.509999999972532, -0.9260534926640387 
17.51999999997251, -0.9263895493235109 
17.529999999972485, -0.9268594793301199 
17.539999999972462, -0.9274084707260452 
17.54999999997244, -0.9279849185734603 
17.559999999972415, -0.9285455554271692 
17.569999999972392, -0.9290566359983495 
17.57999999997237, -0.9294920473738839 
17.589999999972346, -0.9298298949381503 
17.599999999972322, -0.9300498142958217 
17.6099999999723, -0.9301333055086403 
17.619999999972276, -0.9300675666622222 
17.629999999972252, -0.9298504652716014 
17.63999999997223, -0.9294934349854678 
17.649999999972206, -0.929021440435131 
17.659999999972182, -0.9284719742264814 
17.66999999997216, -0.9278951637282702 
17.679999999972136, -0.9273545079303049 
17.689999999972112, -0.9269249746482642 
17.69999999997209, -0.9266848346409071 
17.709999999972066, -0.9267010901326346 
17.719999999972043, -0.9270138135451058 
17.72999999997202, -0.9276271140352976 
17.739999999971996, -0.9285108236498057 
17.749999999971973, -0.9296106291009897 
17.75999999997195, -0.9308607247770032 
17.769999999971926, -0.9321936484113378 
17.779999999971903, -0.9335447527209333 
17.78999999997188, -0.934851822231791 
17.799999999971856, -0.9360529533939328 
17.809999999971833, -0.937087253624133 
17.81999999997181, -0.93790151981467 
17.829999999971786, -0.9384610606777095 
17.839999999971763, -0.9387578083712615 
17.84999999997174, -0.9388098470945311 
17.859999999971716, -0.9386534915019418 
17.869999999971693, -0.9383346586413358 
17.87999999997167, -0.9379056407764296 
17.889999999971646, -0.9374289628635635 
17.899999999971623, -0.9369855133221872 
17.9099999999716, -0.9366804514041404 
17.919999999971576, -0.9366383985181128 
17.929999999971553, -0.9369826861417412 
17.93999999997153, -0.9378039293480727 
17.949999999971507, -0.9391337167014353 
17.959999999971483, -0.9409376790451981 
17.96999999997146, -0.9431283513227683 
17.979999999971437, -0.9455860645822514 
17.989999999971413, -0.9481757164588964 
17.99999999997139, -0.9507554455958316 
18.009999999971367, -0.9531819556696712 
18.019999999971343, -0.9553209757026975 
18.02999999997132, -0.9570668441271316 
18.039999999971297, -0.9583638846093508 
18.049999999971273, -0.9592148353225974 
18.05999999997125, -0.9596689965631082 
18.069999999971227, -0.9597983864906631 
18.079999999971204, -0.9596768633065309 
18.08999999997118, -0.9593712982119837 
18.099999999971157, -0.9589457121186848 
18.109999999971134, -0.9584753967187376 
18.11999999997111, -0.9580661357547985 
18.129999999971087, -0.9578693688547937 
18.139999999971064, -0.9580784468878765 
18.14999999997104, -0.958893460270769 
18.159999999971017, -0.9604613499598698 
18.169999999970994, -0.9628222688052539 
18.17999999997097, -0.9658933939033105 
18.189999999970947, -0.9694925949463077 
18.199999999970924, -0.9733786843414214 
18.2099999999709, -0.9772868538466742 
18.219999999970877, -0.9809567298931701 
18.229999999970854, -0.984162689054281 
18.23999999997083, -0.986749613465884 
18.249999999970807, -0.9886596416104556 
18.259999999970784, -0.9899298330710069 
18.26999999997076, -0.9906592443548993 
18.279999999970737, -0.9909662151714569 
18.289999999970714, -0.9909579869327325 
18.29999999997069, -0.9907204094985783 
18.309999999970668, -0.9903244576965265 
18.319999999970644, -0.9898444634683091 
18.32999999997062, -0.9893840018616127 
18.339999999970598, -0.9891017286565921 
18.349999999970574, -0.9892195533286998 
18.35999999997055, -0.9899901939224331 
18.369999999970528, -0.9916202129381471 
18.379999999970504, -0.9941855583307861 
18.38999999997048, -0.9975942193615384 
18.399999999970458, -1.0016141985913232 
18.409999999970434, -1.005936088195586 
18.41999999997041, -1.0102320072319362 
18.429999999970388, -1.014199215456687 
18.439999999970365, -1.0175970856876393 
18.44999999997034, -1.020281005078966 
18.459999999970318, -1.0222194432556262 
18.469999999970295, -1.0234785322363253 
18.47999999997027, -1.0241796041785916 
18.489999999970248, -1.0244539038121148 
18.499999999970225, -1.0244146537282197 
18.5099999999702, -1.0241507952169737 
18.519999999970178, -1.0237373160047551 
18.529999999970155, -1.0232565061438894 
18.53999999997013, -1.0228246302250983 
18.549999999970108, -1.0226124154437453 
18.559999999970085, -1.0228379432340533 
18.56999999997006, -1.023714444375219 
18.57999999997004, -1.0253688375932728 
18.589999999970015, -1.0277836972185848 
18.59999999996999, -1.030803063017433 
18.60999999996997, -1.0341880730148318 
18.619999999969945, -1.0376779552306528 
18.62999999996992, -1.041029399476916 
18.6399999999699, -1.044037091551449 
18.649999999969875, -1.0465492854811398 
18.659999999969852, -1.0484834237435903 
18.66999999996983, -1.049832986290558 
18.679999999969805, -1.0506551812041107 
18.689999999969782, -1.0510425812281672 
18.69999999996976, -1.0510939518031062 
18.709999999969735, -1.0508975677709897 
18.719999999969712, -1.0505305798696063 
18.72999999996969, -1.0500711638434306 
18.739999999969665, -1.0496170377224465 
18.749999999969642, -1.0492994513091112 
18.75999999996962, -1.0492764425059464 
18.769999999969595, -1.0496947864184452 
18.779999999969572, -1.050635306283954 
18.78999999996955, -1.0520792504372942 
18.799999999969526, -1.0539196670121689 
18.809999999969502, -1.056003308773386 
18.81999999996948, -1.0581716271647739 
18.829999999969456, -1.0602835317496078 
18.839999999969432, -1.062221820334882 
18.84999999996941, -1.0638932778237966 
18.859999999969386, -1.0652307396192708 
18.869999999969362, -1.0661987479508226 
18.87999999996934, -1.0667975955291058 
18.889999999969316, -1.0670595580500624 
18.899999999969292, -1.067037481652633 
18.90999999996927, -1.0667926831022754 
18.919999999969246, -1.0663894457974767 
18.929999999969223, -1.0658982925863179 
18.9399999999692, -1.0654039879933497 
18.949999999969176, -1.0650089719442535 
18.959999999969153, -1.064821789543778 
18.96999999996913, -1.064929023138172 
18.979999999969106, -1.0653657514572585 
18.989999999969083, -1.0661052750266842 
18.99999999996906, -1.06707343413049 
19.009999999969036, -1.0681745511467036 
19.019999999969013, -1.069313887865364 
19.02999999996899, -1.0704102236655013 
19.039999999968966, -1.0713993939836823 
19.049999999968943, -1.0722324821810574 
19.05999999996892, -1.0728728089747013 
19.069999999968896, -1.0732949000910401 
19.079999999968873, -1.0734862582211022 
19.08999999996885, -1.073449952832703 
19.099999999968826, -1.0732052037586302 
19.109999999968803, -1.0727854709006903 
19.11999999996878, -1.072236464662416 
19.129999999968756, -1.071616286105371 
19.139999999968733, -1.070996239731306 
19.14999999996871, -1.0704570781355878 
19.159999999968687, -1.070076276759534 
19.169999999968663, -1.069909127384711 
19.17999999996864, -1.069973625372696 
19.189999999968617, -1.0702474053721998 
19.199999999968593, -1.0706765089222443 
19.20999999996857, -1.0711902633436337 
19.219999999968547, -1.0717163038127537 
19.229999999968523, -1.0721914346674866 
19.2399999999685, -1.0725666426645961 
19.249999999968477, -1.0728073917647751 
19.259999999968453, -1.0728914897734223 
19.26999999996843, -1.072806380395092 
19.279999999968407, -1.0725471715834405 
19.289999999968384, -1.0721163152754882 
19.29999999996836, -1.071524972416086 
19.309999999968337, -1.0707951930398862 
19.319999999968314, -1.0699620264825591 
19.32999999996829, -1.0690749092520935 
19.339999999968267, -1.0681968869344014 
19.349999999968244, -1.0673992157888146 
19.35999999996822, -1.0667501125523418 
19.369999999968197, -1.0663000420725195 
19.379999999968174, -1.06606865346424 
19.38999999996815, -1.0660384090485706 
19.399999999968127, -1.0661582472308317 
19.409999999968104, -1.0663567740163997 
19.41999999996808, -1.0665588499126069 
19.429999999968057, -1.066697757047578 
19.439999999968034, -1.0667200579473768 
19.44999999996801, -1.0665859740126005 
19.459999999967987, -1.0662691062182468 
19.469999999967964, -1.0657565910957085 
19.47999999996794, -1.0650485008487534 
19.489999999967917, -1.0641558362129877 
19.499999999967894, -1.0630984704625452 
19.50999999996787, -1.0619049844909105 
19.519999999967848, -1.0606148149721806 
19.529999999967824, -1.0592811793987458 
19.5399999999678, -1.05797209291783 
19.549999999967778, -1.0567666106898872 
19.559999999967754, -1.0557443396557502 
19.56999999996773, -1.054968495354562 
19.579999999967708, -1.054466698262385 
19.589999999967684, -1.0542185952441305 
19.59999999996766, -1.0541597251387569 
19.609999999967638, -1.0542012512799026 
19.619999999967614, -1.0542529941750576 
19.62999999996759, -1.0542369248545727 
19.639999999967568, -1.0540889655616827 
19.649999999967545, -1.0537556648377537 
19.65999999996752, -1.0531929896258911 
19.669999999967498, -1.0523699956948391 
19.679999999967475, -1.051274831160192 
19.68999999996745, -1.049918041712531 
19.699999999967428, -1.0483306494390046 
19.709999999967405, -1.0465594965386127 
19.71999999996738, -1.0446643774585254 
19.729999999967358, -1.0427187741064117 
19.739999999967335, -1.0408117948347224 
19.74999999996731, -1.0390463383603197 
19.759999999967288, -1.037528317640405 
19.769999999967265, -1.0363446754148484 
19.77999999996724, -1.0355355883303707 
19.78999999996722, -1.0350760708291202 
19.799999999967195, -1.0348822583919397 
19.80999999996717, -1.034840563550096 
19.81999999996715, -1.0348397286587674 
19.829999999967125, -1.0347875386599599 
19.8399999999671, -1.0346101707506334 
19.84999999996708, -1.034243579888151 
19.859999999967055, -1.033627116289139 
19.869999999967032, -1.0327052877476288 
19.87999999996701, -1.0314379990361462 
19.889999999966985, -1.0298136310949038 
19.899999999966962, -1.0278563708577066 
19.90999999996694, -1.025623493673657 
19.919999999966915, -1.0231967020589074 
19.929999999966892, -1.0206750857133606 
19.93999999996687, -1.0181727545879968 
19.949999999966845, -1.0158172359887714 
19.959999999966822, -1.0137409690820884 
19.9699999999668, -1.012059940848361 
19.979999999966775, -1.0108420228562005 
19.989999999966752, -1.0100805380940148 
19.99999999996673, -1.0096934503495585 
20.009999999966706, -1.0095528987272224 
20.019999999966682, -1.0095256808728441 
20.02999999996666, -1.0094999942022147 
20.039999999966636, -1.0093901010482678 
20.049999999966612, -1.009126886908881 
20.05999999996659, -1.0086462544891615 
20.069999999966566, -1.007883874098015 
20.079999999966542, -1.006780349728904 
20.08999999996652, -1.0052956691964738 
20.099999999966496, -1.0034253902540315 
20.109999999966472, -1.001208117385204 
20.11999999996645, -0.998719903942597 
20.129999999966426, -0.9960616176061767 
20.139999999966403, -0.9933487079899168 
20.14999999996638, -0.9907066733740969 
20.159999999966356, -0.9882675391596608 
20.169999999966333, -0.9861594828613425 
20.17999999996631, -0.9844850626666861 
20.189999999966286, -0.9832928773463167 
20.199999999966263, -0.9825582677449823 
20.20999999996624, -0.9821892058539758 
20.219999999966216, -0.9820571346266858 
20.229999999966193, -0.9820335546649112 
20.23999999996617, -0.9820122300736378 
20.249999999966146, -0.9819119593359588 
20.259999999966123, -0.9816678017190906 
20.2699999999661, -0.9812212429814708 
20.279999999966076, -0.980516571551559 
20.289999999966053, -0.9795064491276854 
20.29999999996603, -0.9781645058411049 
20.309999999966006, -0.9764973095329397 
20.319999999965983, -0.974547066785529 
20.32999999996596, -0.9723833107660969 
20.339999999965936, -0.9700905250357336 
20.349999999965913, -0.9677598398093762 
20.35999999996589, -0.9654867335185559 
20.369999999965867, -0.9633704598155848 
20.379999999965843, -0.9615091452587257 
20.38999999996582, -0.959986879361403 
20.399999999965797, -0.9588544830530706 
20.409999999965773, -0.9581123429268323 
20.41999999996575, -0.9577067689820264 
20.429999999965727, -0.9575449409293746 
20.439999999965703, -0.9575206777567249 
20.44999999996568, -0.9575365296015438 
20.459999999965657, -0.957513346420963 
20.469999999965633, -0.9573888402796523 
20.47999999996561, -0.9571122483975655 
20.489999999965587, -0.9566416439226092 
20.499999999965564, -0.95594673295699 
20.50999999996554, -0.9550152843179365 
20.519999999965517, -0.9538577634516269 
20.529999999965494, -0.9525054981209717 
20.53999999996547, -0.9510031310938659 
20.549999999965447, -0.9494008461933362 
20.559999999965424, -0.9477509985744913 
20.5699999999654, -0.9461092059733757 
20.579999999965377, -0.9445365309548264 
20.589999999965354, -0.9430989346473867 
20.59999999996533, -0.9418616642301949 
20.609999999965307, -0.9408785619409542 
20.619999999965284, -0.9401790816703303 
20.62999999996526, -0.9397583703025086 
20.639999999965237, -0.9395761295213296 
20.649999999965214, -0.9395661286260053 
20.65999999996519, -0.9396518933223078 
20.669999999965167, -0.9397608302995799 
20.679999999965144, -0.9398318632170476 
20.68999999996512, -0.9398171490859719 
20.699999999965097, -0.9396815571705115 
20.709999999965074, -0.9394028028006703 
20.71999999996505, -0.938972221149972 
20.729999999965028, -0.9383940525268242 
20.739999999965004, -0.9376819208738357 
20.74999999996498, -0.9368540927013317 
20.759999999964958, -0.9359306655906037 
20.769999999964934, -0.9349342555191864 
20.77999999996491, -0.9338930539538225 
20.789999999964888, -0.9328439032260425 
20.799999999964864, -0.931833367706701 
20.80999999996484, -0.9309154163488836 
20.819999999964818, -0.9301450624040184 
20.829999999964794, -0.9295687371189103 
20.83999999996477, -0.9292140608527818 
20.849999999964748, -0.9290827336590788 
20.859999999964725, -0.9291495612847159 
20.8699999999647, -0.9293682803393024 
20.879999999964678, -0.9296818607551656 
20.889999999964655, -0.9300331512148683 
20.89999999996463, -0.930372474074075 
20.909999999964608, -0.9306612157355877 
20.919999999964585, -0.9308722799876599 
20.92999999996456, -0.9309884322805868 
20.939999999964538, -0.9309991899849329 
20.949999999964515, -0.9308973982620925 
20.95999999996449, -0.9306774704619254 
20.969999999964468, -0.9303366754945881 
20.979999999964445, -0.9298786656872136 
20.98999999996442, -0.9293169482398476 
20.9999999999644, -0.9286768412383781 
21.009999999964375, -0.9279961822018917 
21.01999999996435, -0.9273252541657762 
21.02999999996433, -0.9267248850838895 
21.039999999964305, -0.9262605773205943 
21.04999999996428, -0.925991897031212 
21.05999999996426, -0.9259598679894093 
21.069999999964235, -0.926177684656327 
21.079999999964212, -0.926628900184182 
21.08999999996419, -0.9272732761068895 
21.099999999964165, -0.9280570340796487 
21.109999999964142, -0.9289232323788799 
21.11999999996412, -0.9298190066795374 
21.129999999964095, -0.9306983075625086 
21.139999999964072, -0.9315206636244652 
21.14999999996405, -0.9322480972865179 
21.159999999964025, -0.93284341643951 
21.169999999964002, -0.9332726947439116 
21.17999999996398, -0.9335118154876627 
21.189999999963955, -0.9335531219532998 
21.199999999963932, -0.933407626929197 
21.20999999996391, -0.9331022039200739 
21.219999999963886, -0.9326755139829832 
21.229999999963862, -0.9321768137250566 
21.23999999996384, -0.9316685903144878 
21.249999999963816, -0.9312299151276523 
21.259999999963792, -0.9309547255130461 
21.26999999996377, -0.9309401343729482 
21.279999999963746, -0.9312658303585162 
21.289999999963722, -0.931973490818196 
21.2999999999637, -0.9330571629567237 
21.309999999963676, -0.934468532975594 
21.319999999963652, -0.9361315860004421 
21.32999999996363, -0.9379575671221317 
21.339999999963606, -0.9398541259399188 
21.349999999963583, -0.9417279198129223 
21.35999999996356, -0.9434846297593253 
21.369999999963536, -0.9450326226067081 
21.379999999963513, -0.9462942541869841 
21.38999999996349, -0.9472214896557365 
21.399999999963466, -0.9478057860577813 
21.409999999963443, -0.9480745905993105 
21.41999999996342, -0.9480772991303035 
21.429999999963396, -0.9478707702899319 
21.439999999963373, -0.9475126231681795 
21.44999999996335, -0.9470645910756277 
21.459999999963326, -0.9466036431459777 
21.469999999963303, -0.9462352201408326 
21.47999999996328, -0.9460990364048142 
21.489999999963256, -0.9463562137780827 
21.499999999963233, -0.9471539860396048 
21.50999999996321, -0.9485812487841276 
21.519999999963186, -0.9506395449634952 
21.529999999963163, -0.9532441997572562 
21.53999999996314, -0.9562481355445882 
21.549999999963116, -0.9594695958651664 
21.559999999963093, -0.9627119827169045 
21.56999999996307, -0.9657779226408533 
21.579999999963047, -0.968487384836696 
21.589999999963023, -0.9707046341999892 
21.599999999963, -0.9723642210405872 
21.609999999962977, -0.9734777555849661 
21.619999999962953, -0.974114396486058 
21.62999999996293, -0.9743679180829894 
21.639999999962907, -0.9743295792823273 
21.649999999962883, -0.9740767283426515 
21.65999999996286, -0.9736767637186168 
21.669999999962837, -0.9732025550938147 
21.679999999962813, -0.972755056521555 
21.68999999996279, -0.972485296193352 
21.699999999962767, -0.9725999353726087 
21.709999999962744, -0.9733314462722289 
21.71999999996272, -0.9748709999247624 
21.729999999962697, -0.9772954861152877 
21.739999999962674, -0.9805334679765496 
21.74999999996265, -0.9843854372529366 
21.759999999962627, -0.9885742390618957 
21.769999999962604, -0.9927945067764815 
21.77999999996258, -0.9967513501192725 
21.789999999962557, -1.0001964587448837 
21.799999999962534, -1.0029656071885633 
21.80999999996251, -1.005003655594503 
21.819999999962487, -1.0063577643907489 
21.829999999962464, -1.0071393070160155 
21.83999999996244, -1.0074774421647497 
21.849999999962417, -1.0074872413009737 
21.859999999962394, -1.0072595242256912 
21.86999999996237, -1.0068682141950882 
21.879999999962347, -1.0063895552158288 
21.889999999962324, -1.0059287676262598 
21.8999999999623, -1.0056457205639675 
21.909999999962277, -1.0057607870983067 
21.919999999962254, -1.006517809013106 
21.92999999996223, -1.0081039241133523 
21.939999999962208, -1.010569070886729 
21.949999999962184, -1.013800055495639 
21.95999999996216, -1.0175596716316961 
21.969999999962138, -1.021552977152209 
21.979999999962114, -1.0254822346953034 
21.98999999996209, -1.0290822267769204 
21.999999999962068, -1.032147296632146 
22.009999999962044, -1.034556205619633 
22.01999999996202, -1.036284726493562 
22.029999999961998, -1.0373925539855042 
22.039999999961974, -1.0379877027768873 
22.04999999996195, -1.0381879163159355 
22.059999999961928, -1.0380966201756157 
22.069999999961905, -1.0377981217996815 
22.07999999996188, -1.0373682317154 
22.089999999961858, -1.0368947114535882 
22.099999999961835, -1.0365000170530174 
22.10999999996181, -1.0363519224215145 
22.119999999961788, -1.0366424356027806 
22.129999999961765, -1.037529621379658 
22.13999999996174, -1.039072160176438 
22.149999999961718, -1.0412036817264607 
22.159999999961695, -1.0437619204047976 
22.16999999996167, -1.0465432485718105 
22.179999999961648, -1.0493466051069684 
22.189999999961625, -1.051994949410619 
22.1999999999616, -1.0543430072832036 
22.20999999996158, -1.0562837821949294 
22.219999999961555, -1.0577579453425683 
22.22999999996153, -1.0587596281766483 
22.23999999996151, -1.0593299392910736 
22.249999999961485, -1.0595385272339615 
22.25999999996146, -1.0594633125944735 
22.26999999996144, -1.0591788755473774 
22.279999999961415, -1.0587573229552423 
22.289999999961392, -1.0582789607160838 
22.29999999996137, -1.0578451556126385 
22.309999999961345, -1.0575810233748821 
22.319999999961322, -1.0576158344956734 
22.3299999999613, -1.0580433101377344 
22.339999999961275, -1.0588857871218897 
22.349999999961252, -1.060088477092839 
22.35999999996123, -1.0615447467508035 
22.369999999961205, -1.0631309304319496 
22.379999999961182, -1.0647314583451735 
22.38999999996116, -1.0662494244684693 
22.399999999961135, -1.0676072157226006 
22.409999999961112, -1.0687441026600948 
22.41999999996109, -1.0696160337899827 
22.429999999961066, -1.0701989079590293 
22.439999999961042, -1.0704921059205166 
22.44999999996102, -1.0705177910039363 
22.459999999960996, -1.0703152606874533 
22.469999999960972, -1.0699345319025875 
22.47999999996095, -1.0694340707192842 
22.489999999960926, -1.068883557012281 
22.499999999960902, -1.0683668860740925 
22.50999999996088, -1.0679771396615345 
22.519999999960856, -1.067798708342326 
22.529999999960832, -1.0678830304754077 
22.53999999996081, -1.0682331268045746 
22.549999999960786, -1.0688063427606243 
22.559999999960763, -1.069530842118059 
22.56999999996074, -1.070325134939364 
22.579999999960716, -1.0711131579411262 
22.589999999960693, -1.0718323914796901 
22.59999999996067, -1.0724357084326945 
22.609999999960646, -1.072889352713515 
22.619999999960623, -1.073169883122653 
22.6299999999606, -1.0732623889569946 
22.639999999960576, -1.0731609760806609 
22.649999999960553, -1.0728707221991427 
22.65999999996053, -1.072409342494955 
22.669999999960506, -1.0718077971269555 
22.679999999960483, -1.0711106153694152 
22.68999999996046, -1.0703762320756585 
22.699999999960436, -1.0696750464528948 
22.709999999960413, -1.0690815285423652 
22.71999999996039, -1.0686598194805812 
22.729999999960366, -1.0684480666996055 
22.739999999960343, -1.0684488112146797 
22.74999999996032, -1.0686291331972286 
22.759999999960296, -1.0689297592470524 
22.769999999960273, -1.0692794444214826 
22.77999999996025, -1.0696090356487156 
22.789999999960227, -1.0698604795745532 
22.799999999960203, -1.0699900093140449 
22.80999999996018, -1.0699678881413899 
22.819999999960157, -1.069776946403019 
22.829999999960133, -1.0694106280876565 
22.83999999996011, -1.068870907111786 
22.849999999960087, -1.0681670789359907 
22.859999999960063, -1.0673163628933957 
22.86999999996004, -1.066346162110396 
22.879999999960017, -1.0652968426911718 
22.889999999959993, -1.064223350055265 
22.89999999995997, -1.0631934753995227 
22.909999999959947, -1.0622807397251344 
22.919999999959924, -1.0615516814227681 
22.9299999999599, -1.061050134541039 
22.939999999959877, -1.0607835854242929 
22.949999999959854, -1.0607182881038155 
22.95999999995983, -1.0607876713226627 
22.969999999959807, -1.0609105474213716 
22.979999999959784, -1.0610086652263324 
22.98999999995976, -1.0610157469988541 
22.999999999959737, -1.0608786724664927 
23.009999999959714, -1.0605564056051497 
23.01999999995969, -1.0600207840269844 
23.029999999959667, -1.0592589654577547 
23.039999999959644, -1.0582746250377346 
23.04999999995962, -1.0570861829861906 
23.059999999959597, -1.0557236673567272 
23.069999999959574, -1.0542272716842525 
23.07999999995955, -1.05264884734366 
23.089999999959527, -1.0510546535319454 
23.099999999959504, -1.0495258767327627 
23.10999999995948, -1.0481531573460208 
23.119999999959457, -1.0470225543839806 
23.129999999959434, -1.0461938836017963 
23.13999999995941, -1.0456790672775935 
23.149999999959388, -1.0454339066809304 
23.159999999959364, -1.045371605101677 
23.16999999995934, -1.045390110169763 
23.179999999959318, -1.0453953380415937 
23.189999999959294, -1.045309701526462 
23.19999999995927, -1.0450689625021423 
23.209999999959248, -1.0446166472498315 
23.219999999959224, -1.0439033337780423 
23.2299999999592, -1.042892776117987 
23.239999999959178, -1.0415711330168191 
23.249999999959154, -1.039952631475575 
23.25999999995913, -1.0380779083670117 
23.269999999959108, -1.036007792877704 
23.279999999959085, -1.0338184398827326 
23.28999999995906, -1.0316006145313603 
23.299999999959038, -1.0294604551552904 
23.309999999959015, -1.027515568405869 
23.31999999995899, -1.0258803664843164 
23.329999999958968, -1.0246393885848393 
23.339999999958945, -1.0238178573229255 
23.34999999995892, -1.0233683191711727 
23.359999999958898, -1.0231864438644818 
23.369999999958875, -1.0231468940478172 
23.37999999995885, -1.0231352363753365 
23.389999999958828, -1.023060363872359 
23.399999999958805, -1.0228498209654744 
23.40999999995878, -1.022439215391005 
23.41999999995876, -1.0217655917368527 
23.429999999958735, -1.0207700921014917 
23.43999999995871, -1.0194099234003302 
23.44999999995869, -1.0176734517330623 
23.459999999958665, -1.0155887755481332 
23.46999999995864, -1.013220625981678 
23.47999999995862, -1.010659960996333 
23.489999999958595, -1.0080148959804016 
23.499999999958572, -1.005406797720227 
23.50999999995855, -1.0029676577272444 
23.519999999958525, -1.0008308711346414 
23.529999999958502, -0.9991097032996616 
23.53999999995848, -0.9978666667908375 
23.549999999958455, -0.9970893988321008 
23.559999999958432, -0.996692070303749 
23.56999999995841, -0.9965454717704084 
23.579999999958385, -0.9965165245101426 
23.589999999958362, -0.9964939742332757 
23.59999999995834, -0.9963928002880393 
23.609999999958315, -0.9961451150971679 
23.619999999958292, -0.995688993274779 
23.62999999995827, -0.9949634003173664 
23.639999999958246, -0.993913053073339 
23.649999999958222, -0.9925019704507774 
23.6599999999582, -0.9907283430879593 
23.669999999958176, -0.9886307617071626 
23.679999999958152, -0.9862818728260846 
23.68999999995813, -0.9837755348508835 
23.699999999958106, -0.981216711505903 
23.709999999958082, -0.9787174471964019 
23.71999999995806, -0.9763948095831511 
23.729999999958036, -0.974363751565561 
23.739999999958012, -0.9727203445309229 
23.74999999995799, -0.971517954211445 
23.759999999957966, -0.9707479035989014 
23.769999999957943, -0.9703389988054235 
23.77999999995792, -0.9701797317291557 
23.789999999957896, -0.9701503048107638 
23.799999999957873, -0.9701462773062082 
23.80999999995785, -0.9700857045594289 
23.819999999957826, -0.9699041515284363 
23.829999999957803, -0.9695467085601326 
23.83999999995778, -0.9689643064374132 
23.849999999957756, -0.9681175066685738 
23.859999999957733, -0.9669859535965577 
23.86999999995771, -0.9655769932563825 
23.879999999957686, -0.9639265320815358 
23.889999999957663, -0.9620912226441254 
23.89999999995764, -0.9601380701020767 
23.909999999957616, -0.9581381430955007 
23.919999999957593, -0.9561657896409297 
23.92999999995757, -0.9542997589694429 
23.939999999957546, -0.9526213072964402 
23.949999999957523, -0.9512060431113571 
23.9599999999575, -0.9501096714179511 
23.969999999957476, -0.9493522698439005 
23.979999999957453, -0.9489093260478068 
23.98999999995743, -0.9487163886457921 
23.999999999957407, -0.94868626271615 
24.009999999957383, -0.9487293757087562 
24.01999999995736, -0.9487674509642423 
24.029999999957337, -0.9487375140697882 
24.039999999957313, -0.9485900167261432 
24.04999999995729, -0.9482867292588552 
24.059999999957267, -0.9478017065521623 
24.069999999957243, -0.9471246017708204 
24.07999999995722, -0.9462625906918765 
24.089999999957197, -0.945237791111517 
24.099999999957173, -0.9440811407835987 
24.10999999995715, -0.942826964280855 
24.119999999957127, -0.9415114621557317 
24.129999999957104, -0.9401747863028425 
24.13999999995708, -0.9388639128970029 
24.149999999957057, -0.9376333270403157 
24.159999999957034, -0.9365415821704959 
24.16999999995701, -0.9356433503699769 
24.179999999956987, -0.9349785230807518 
24.189999999956964, -0.9345618469888402 
24.19999999995694, -0.9343775091321662 
24.209999999956917, -0.9343818175495866 
24.219999999956894, -0.9345133624063363 
24.22999999995687, -0.9347060185485135 
24.239999999956847, -0.9348993637620708 
24.249999999956824, -0.9350440927463721 
24.2599999999568, -0.9351035789475162 
24.269999999956777, -0.9350538303521277 
24.279999999956754, -0.9348827328565612 
24.28999999995673, -0.934587985777885 
24.299999999956707, -0.9341735404436557 
24.309999999956684, -0.9336461566038057 
24.31999999995666, -0.9330143409644032 
24.329999999956637, -0.9322902673211523 
24.339999999956614, -0.9314931775373028 
24.34999999995659, -0.9306523379362808 
24.359999999956568, -0.9298084419236645 
24.369999999956544, -0.9290127056678761 
24.37999999995652, -0.9283225999059187 
24.389999999956498, -0.9277936293331569 
24.399999999956474, -0.9274685902200629 
24.40999999995645, -0.9273679390655628 
24.419999999956428, -0.927485157294563 
24.429999999956404, -0.9277889134937182 
24.43999999995638, -0.9282309116017533 
24.449999999956358, -0.9287562012555293 
24.459999999956334, -0.9293123211898152 
24.46999999995631, -0.9298549365534869 
24.479999999956288, -0.9303495054002863 
24.489999999956265, -0.9307697571198691 
24.49999999995624, -0.9310943940168632 
24.509999999956218, -0.9313040887026265 
24.519999999956195, -0.9313811170728569 
24.52999999995617, -0.9313125350128493 
24.539999999956148, -0.9310950337875132 
24.549999999956125, -0.9307382833959942 
24.5599999999561, -0.9302654288746117 
24.569999999956078, -0.929712274578679 
24.579999999956055, -0.9291272454689038 
24.58999999995603, -0.9285719753927524 
24.599999999956008, -0.9281195728478459 
24.609999999955985, -0.9278469958811902 
24.61999999995596, -0.9278210910534203 
24.62999999995594, -0.9280831478184197 
24.639999999955915, -0.9286394789683714 
24.64999999995589, -0.9294623783310587 
24.65999999995587, -0.9304996580296019 
24.669999999955845, -0.9316871539530744 
24.67999999995582, -0.9329588707483156 
24.6899999999558, -0.9342519973024073 
24.699999999955775, -0.9355069360716597 
24.709999999955752, -0.9366650341986908 
24.71999999995573, -0.937668316525482 
24.729999999955705, -0.9384647267942615 
24.739999999955682, -0.9390180709868916 
24.74999999995566, -0.9393166679791053 
24.759999999955635, -0.939374475116 
24.769999999955612, -0.9392245512261624 
24.77999999995559, -0.9389107644527248 
24.789999999955565, -0.9384839908909723 
24.799999999955542, -0.938005053125462 
24.80999999995552, -0.9375520711939235 
24.819999999955495, -0.9372261152693173 
24.829999999955472, -0.9371469944920756 
24.83999999995545, -0.937433941202792 
24.849999999955426, -0.9381757964915302 
24.859999999955402, -0.939405522471357 
24.86999999995538, -0.9410929358119111 
24.879999999955356, -0.9431566418342744 
24.889999999955332, -0.9454842309777941 
24.89999999995531, -0.9479488531917424 
24.909999999955286, -0.9504176897785699 
24.919999999955262, -0.9527561713939917 
24.92999999995524, -0.9548360122641408 
24.939999999955216, -0.9565521103317932 
24.949999999955192, -0.9578432706527676 
24.95999999995517, -0.9587031743506282 
24.969999999955146, -0.9591724895854042 
24.979999999955123, -0.9593175612872941 
24.9899999999551, -0.9592096595307392 
24.999999999955076, -0.9589148367180387 
