t, s[1].omega / s[0].omega 
0, -1.409997093976322 
0.009999999999999995, -1.4094853419584197 
0.019999999999999934, -1.4087553539139934 
0.029999999999999874, -1.4084552827862429 
0.04000000000000012, -1.4060831612556042 
0.050000000000000405, -1.3841439022748454 
0.06000000000000069, -1.3859539126953628 
0.07000000000000098, -1.3857179550566558 
0.08000000000000126, -1.3866026984906807 
0.09000000000000155, -1.3886273386167196 
0.10000000000000184, -1.3887919519296132 
0.11000000000000212, -1.3884503601804785 
0.12000000000000241, -1.3882379108339207 
0.130000000000002, -1.387818770690019 
0.1400000000000009, -1.3862420046953132 
0.1499999999999998, -1.3841428356690304 
0.1599999999999987, -1.3839608818320728 
0.1699999999999976, -1.3815958170137932 
0.1799999999999965, -1.3979048808877392 
0.1899999999999954, -1.404911419261123 
0.1999999999999943, -1.4047430775086729 
0.2099999999999932, -1.4048214021865368 
0.2199999999999921, -1.4049859642794036 
0.229999999999991, -1.404688441466874 
0.2399999999999899, -1.4040468367306471 
0.2499999999999888, -1.403673367517024 
0.2599999999999877, -1.402877090882325 
0.2699999999999866, -1.3917418914992687 
0.2799999999999855, -1.3842782965284282 
0.2899999999999844, -1.3844851614952085 
0.2999999999999833, -1.3842605665581873 
0.3099999999999822, -1.3878585911796124 
0.3199999999999811, -1.3888272633506196 
0.32999999999998, -1.3885734005387314 
0.3399999999999789, -1.3883473076820358 
0.3499999999999778, -1.3881227649758243 
0.35999999999997667, -1.3872798134425672 
0.36999999999997557, -1.3854111408408853 
0.37999999999997447, -1.384945578295529 
0.38999999999997337, -1.3840702628135684 
0.39999999999997227, -1.3784029459731004 
0.40999999999997117, -1.3987742543410764 
0.41999999999997006, -1.3991887090360808 
0.42999999999996896, -1.3990356070419274 
0.43999999999996786, -1.3995424364445515 
0.44999999999996676, -1.399520468566443 
0.45999999999996566, -1.3990623146128527 
0.46999999999996456, -1.3985983440538436 
0.47999999999996346, -1.3982397047714348 
0.48999999999996235, -1.395169271037152 
0.49999999999996125, -1.3847510274949262 
0.5099999999999602, -1.3850960728610382 
0.519999999999959, -1.3845430245089576 
0.529999999999958, -1.3883520593931096 
0.5399999999999568, -1.3918649511249181 
0.5499999999999557, -1.3919198314113954 
0.5599999999999546, -1.3916582099777337 
0.5699999999999535, -1.3915504691866385 
0.5799999999999524, -1.391112084442404 
0.5899999999999513, -1.3899498845421867 
0.5999999999999502, -1.3890139502700742 
0.6099999999999491, -1.3886566246582663 
0.619999999999948, -1.3809080930542568 
0.6299999999999469, -1.3830605755614984 
0.6399999999999458, -1.3859513527064837 
0.6499999999999447, -1.3856441847593666 
0.6599999999999436, -1.3863731907339136 
0.6699999999999425, -1.3868554938419175 
0.6799999999999414, -1.3866368956172501 
0.6899999999999403, -1.386199237601362 
0.6999999999999392, -1.385936593689414 
0.7099999999999381, -1.385058846121824 
0.719999999999937, -1.3805348783746478 
0.7299999999999359, -1.3781661099917477 
0.7399999999999348, -1.3779545330479877 
0.7499999999999337, -1.3775147052867702 
0.7599999999999326, -1.3907468957186129 
0.7699999999999315, -1.3924091193464834 
0.7799999999999304, -1.392143930291445 
0.7899999999999293, -1.3921516629876556 
0.7999999999999282, -1.3920370840266587 
0.8099999999999271, -1.3914888742924023 
0.819999999999926, -1.3905976004435359 
0.8299999999999249, -1.3902839091108075 
0.8399999999999238, -1.388732187299401 
0.8499999999999227, -1.3654196261994132 
0.8599999999999216, -1.3665043309431055 
0.8699999999999205, -1.3664938330621643 
0.8799999999999194, -1.3667269826600394 
0.8899999999999183, -1.3690243968201163 
0.8999999999999172, -1.3694663567375345 
0.9099999999999161, -1.36916134447018 
0.919999999999915, -1.3689337843270601 
0.9299999999999139, -1.3686585440225212 
0.9399999999999128, -1.3676274437968172 
0.9499999999999117, -1.3655876043031685 
0.9599999999999106, -1.3652404675145375 
0.9699999999999095, -1.364161241036436 
0.9799999999999084, -1.3593403689188663 
0.9899999999999073, -1.3781105915058856 
0.9999999999999062, -1.378410714816713 
1.0099999999999052, -1.3783027061537627 
1.019999999999904, -1.3789682645351218 
1.029999999999903, -1.3790243866040135 
1.039999999999902, -1.3786218964319619 
1.0499999999999008, -1.3782163000286838 
1.0599999999998997, -1.3778893470965432 
1.0699999999998986, -1.3758386883000011 
1.0799999999998975, -1.3693261127165892 
1.0899999999998964, -1.3691018845629872 
1.0999999999998953, -1.368486414833216 
1.1099999999998942, -1.3736792229619277 
1.119999999999893, -1.3819313410873626 
1.129999999999892, -1.3822345151554953 
1.1399999999998909, -1.3820035777872768 
1.1499999999998898, -1.3820465802239044 
1.1599999999998887, -1.3817996855498842 
1.1699999999998876, -1.3811016681097794 
1.1799999999998865, -1.3803722956370827 
1.1899999999998854, -1.380052395703146 
1.1999999999998843, -1.3757518455300781 
1.2099999999998832, -1.3541289984147928 
1.219999999999882, -1.3563771872975259 
1.229999999999881, -1.3560434798917564 
1.2399999999998799, -1.3575287352084537 
1.2499999999998788, -1.3597861091460763 
1.2599999999998777, -1.3599413772420965 
1.2699999999998766, -1.3596331113673181 
1.2799999999998755, -1.3594832928521954 
1.2899999999998744, -1.359125086231049 
1.2999999999998733, -1.3580280494750059 
1.3099999999998722, -1.3566392720990212 
1.319999999999871, -1.3564023959086524 
1.32999999999987, -1.3537205263805492 
1.3399999999998689, -1.3403575269874037 
1.3499999999998678, -1.3491543401354928 
1.3599999999998666, -1.349054649553668 
1.3699999999998655, -1.3493818150375647 
1.3799999999998644, -1.3506890833552094 
1.3899999999998633, -1.3508656694199759 
1.3999999999998622, -1.3505261112357396 
1.4099999999998611, -1.3502740466372647 
1.41999999999986, -1.3499601948592939 
1.429999999999859, -1.3487202183690943 
1.4399999999998578, -1.3463389988271017 
1.4499999999998567, -1.3460320520257982 
1.4599999999998556, -1.3449624891871517 
1.4699999999998545, -1.3415635483033035 
1.4799999999998534, -1.360934607044597 
1.4899999999998523, -1.3612903164531238 
1.4999999999998512, -1.361162496758066 
1.5099999999998501, -1.3619247036738147 
1.519999999999849, -1.362063601893617 
1.529999999999848, -1.361706756074146 
1.5399999999998468, -1.3613222981304307 
1.5499999999998457, -1.361038110764359 
1.5599999999998446, -1.3595991740477145 
1.5699999999998435, -1.3549416794021183 
1.5799999999998424, -1.3542577745152897 
1.5899999999998413, -1.3537319301237842 
1.5999999999998402, -1.356253014255762 
1.6099999999998391, -1.3728837514305796 
1.619999999999838, -1.3736901568665523 
1.629999999999837, -1.3734431308801642 
1.6399999999998358, -1.3736573219026684 
1.6499999999998347, -1.3735909577299972 
1.6599999999998336, -1.3731157960417717 
1.6699999999998325, -1.372501334342614 
1.6799999999998314, -1.3722145936523515 
1.6899999999998303, -1.3702645991998799 
1.6999999999998292, -1.3565468485519743 
1.709999999999828, -1.3556507754279208 
1.719999999999827, -1.3553893824920793 
1.729999999999826, -1.3566192457412847 
1.7399999999998248, -1.3622273938161316 
1.7499999999998237, -1.3629135147727092 
1.7599999999998226, -1.3626355030969788 
1.7699999999998215, -1.3625668610050414 
1.7799999999998204, -1.3623657315995945 
1.7899999999998193, -1.3616916737293223 
1.7999999999998182, -1.3606554774499342 
1.809999999999817, -1.3603597382970896 
1.819999999999816, -1.358811660662894 
1.8299999999998149, -1.3349109807800066 
1.8399999999998138, -1.3357242906059843 
1.8499999999998127, -1.3357903560283244 
1.8599999999998116, -1.3358582144089997 
1.8699999999998105, -1.3388500690728355 
1.8799999999998094, -1.3396413371914977 
1.8899999999998083, -1.3393956242466634 
1.8999999999998072, -1.3392081593812482 
1.909999999999806, -1.3390396508690272 
1.919999999999805, -1.3384157016430158 
1.9299999999998039, -1.33715702100165 
1.9399999999998028, -1.336632332487095 
1.9499999999998017, -1.336022276773958 
1.9599999999998006, -1.3220638377113558 
1.9699999999997995, -1.3112744235917118 
1.9799999999997984, -1.3124181552183294 
1.9899999999997973, -1.312005979708868 
1.9999999999997962, -1.314610156545211 
2.0099999999998173, -1.316577055524275 
2.0199999999998384, -1.316596668177798 
2.0299999999998595, -1.316347226670384 
2.0399999999998806, -1.3162833745642029 
2.0499999999999017, -1.3159805815380827 
2.059999999999923, -1.3152101437452943 
2.069999999999944, -1.3143721834902105 
2.079999999999965, -1.314110712491531 
2.089999999999986, -1.3117870523712627 
2.100000000000007, -1.2927288705503692 
2.1100000000000283, -1.291794941247102 
2.1200000000000494, -1.2916559717700353 
2.1300000000000705, -1.2919404461773791 
2.1400000000000916, -1.3002406012704346 
2.1500000000001127, -1.3019762399168924 
2.160000000000134, -1.3017699819723934 
2.170000000000155, -1.3017938926131138 
2.180000000000176, -1.3018800352301205 
2.190000000000197, -1.3016191757008915 
2.2000000000002182, -1.301068457248097 
2.2100000000002393, -1.300700521580614 
2.2200000000002604, -1.3002843395457608 
2.2300000000002815, -1.297567861446353 
2.2400000000003026, -1.2918821626797306 
2.2500000000003237, -1.291756465702608 
2.260000000000345, -1.2910080211555526 
2.270000000000366, -1.2949595491412542 
2.280000000000387, -1.315185060608609 
2.290000000000408, -1.3159381049400618 
2.3000000000004293, -1.315711632125446 
2.3100000000004504, -1.3163708442774296 
2.3200000000004715, -1.3166512447843344 
2.3300000000004926, -1.3163986970200974 
2.3400000000005137, -1.3160146662252699 
2.3500000000005348, -1.3157969164568544 
2.360000000000556, -1.315102428570464 
2.370000000000577, -1.3127792010136592 
2.380000000000598, -1.3111089501190327 
2.390000000000619, -1.310893514995183 
2.4000000000006403, -1.306853656672162 
2.4100000000006614, -1.3143926901347747 
2.4200000000006825, -1.3213246181980955 
2.4300000000007036, -1.3211503924157582 
2.4400000000007247, -1.321603101057965 
2.450000000000746, -1.3227624364633337 
2.460000000000767, -1.3229001329974142 
2.470000000000788, -1.3225698869964189 
2.480000000000809, -1.3223468601434034 
2.49000000000083, -1.3220601877088927 
2.5000000000008513, -1.3210376112638749 
2.5100000000008724, -1.3191992680537377 
2.5200000000008935, -1.3188439343590495 
2.5300000000009146, -1.317899673525068 
2.5400000000009357, -1.298850685060961 
2.550000000000957, -1.3050489014276507 
2.560000000000978, -1.305712335252622 
2.570000000000999, -1.305416718059481 
2.58000000000102, -1.30766421876022 
2.5900000000010412, -1.3088531074408094 
2.6000000000010624, -1.3087453155284015 
2.6100000000010835, -1.3085021846646865 
2.6200000000011046, -1.3084030928892816 
2.6300000000011257, -1.308015191541791 
2.6400000000011468, -1.30710245692851 
2.650000000001168, -1.3062771081612914 
2.660000000001189, -1.3059999097200108 
2.67000000000121, -1.30275260189671 
2.680000000001231, -1.2816292983878357 
2.6900000000012523, -1.2821267089383106 
2.7000000000012734, -1.2819114001953207 
2.7100000000012945, -1.282735315650957 
2.7200000000013156, -1.2908394271244243 
2.7300000000013367, -1.2922870896192349 
2.740000000001358, -1.2920642301051892 
2.750000000001379, -1.2921330721240403 
2.7600000000014, -1.2922326200360754 
2.770000000001421, -1.2919802310422943 
2.780000000001442, -1.2914582768036305 
2.7900000000014633, -1.29112311812055 
2.8000000000014844, -1.2907024273240704 
2.8100000000015055, -1.288312394561931 
2.8200000000015266, -1.2837813842116133 
2.8300000000015477, -1.283599258018554 
2.840000000001569, -1.282775780844423 
2.85000000000159, -1.282340256775783 
2.860000000001611, -1.3053887920950318 
2.870000000001632, -1.3062039186195245 
2.8800000000016532, -1.305963424610792 
2.8900000000016743, -1.3069641740737619 
2.9000000000016954, -1.3074866642564353 
2.9100000000017165, -1.3073038242418493 
2.9200000000017377, -1.3069771759748259 
2.9300000000017588, -1.3067974297452456 
2.94000000000178, -1.3062679348611934 
2.950000000001801, -1.304789003818464 
2.960000000001822, -1.3034979122917412 
2.970000000001843, -1.3032649108751677 
2.9800000000018643, -1.2996588152327984 
2.9900000000018854, -1.2772910492270784 
3.0000000000019065, -1.2826468516946568 
3.0100000000019276, -1.282528688371832 
3.0200000000019487, -1.2830295586888267 
3.03000000000197, -1.2866828941484523 
3.040000000001991, -1.2875781555511236 
3.050000000002012, -1.2873534298774532 
3.060000000002033, -1.2872724285866404 
3.070000000002054, -1.2872287833574716 
3.0800000000020753, -1.2868611009997646 
3.0900000000020964, -1.2861691101485502 
3.1000000000021175, -1.2857352625830707 
3.1100000000021386, -1.2853234693731272 
3.1200000000021597, -1.2818725052041426 
3.130000000002181, -1.273479491461044 
3.140000000002202, -1.273438484335235 
3.150000000002223, -1.2728572737536796 
3.160000000002244, -1.2760031254170763 
3.1700000000022652, -1.295549692808045 
3.1800000000022863, -1.2966614454673027 
3.1900000000023074, -1.296409289700087 
3.2000000000023285, -1.2969941207517932 
3.2100000000023496, -1.2973631483520143 
3.2200000000023707, -1.2971797690704312 
3.230000000002392, -1.296802729578236 
3.240000000002413, -1.2965942060629092 
3.250000000002434, -1.2961003782338385 
3.260000000002455, -1.2944729602104377 
3.2700000000024763, -1.2926681270518157 
3.2800000000024974, -1.2924807580280258 
3.2900000000025185, -1.2903397974632471 
3.3000000000025396, -1.2698269311105277 
3.3100000000025607, -1.2781903978359117 
3.3200000000025818, -1.2782984228338488 
3.330000000002603, -1.2782828915922713 
3.340000000002624, -1.2815305172714988 
3.350000000002645, -1.2827137002878302 
3.360000000002666, -1.2825524702112354 
3.3700000000026873, -1.2824061621761658 
3.3800000000027084, -1.2823833402973153 
3.3900000000027295, -1.2820719264374532 
3.4000000000027506, -1.2814081505958743 
3.4100000000027717, -1.2808653899686142 
3.420000000002793, -1.2805639926625705 
3.430000000002814, -1.278215176572207 
3.440000000002835, -1.269358691371976 
3.450000000002856, -1.268507673773337 
3.460000000002877, -1.2681707891719947 
3.4700000000028983, -1.2671622914817275 
3.4800000000029194, -1.289879527508653 
3.4900000000029405, -1.2924581005253333 
3.5000000000029616, -1.2922156911735512 
3.5100000000029827, -1.292665426892323 
3.520000000003004, -1.2932256837855072 
3.530000000003025, -1.29316565942532 
3.540000000003046, -1.29280082733326 
3.550000000003067, -1.2925747696403949 
3.5600000000030882, -1.2922347511812922 
3.5700000000031094, -1.2910421617060253 
3.5800000000031305, -1.2891454812843797 
3.5900000000031516, -1.2888499575186916 
3.6000000000031727, -1.2878252383528836 
3.6100000000031938, -1.2668729082738066 
3.620000000003215, -1.2661596471520102 
3.630000000003236, -1.2668115547790708 
3.640000000003257, -1.2663977675578921 
3.650000000003278, -1.2700984188151814 
3.6600000000032993, -1.2726456722357415 
3.6700000000033204, -1.2727101832198298 
3.6800000000033415, -1.2725153936707503 
3.6900000000033626, -1.2726029477403176 
3.7000000000033837, -1.272473946988328 
3.710000000003405, -1.2720141295288714 
3.720000000003426, -1.2714682054036428 
3.730000000003447, -1.2712285723982022 
3.740000000003468, -1.270247670217146 
3.750000000003489, -1.2659439414640365 
3.7600000000035103, -1.2633750474957104 
3.7700000000035314, -1.2632510732457383 
3.7800000000035525, -1.2605031953090595 
3.7900000000035736, -1.272841271363046 
3.8000000000035947, -1.2829369609848584 
3.810000000003616, -1.2829044456462841 
3.820000000003637, -1.2830992958729044 
3.830000000003658, -1.2846520792149767 
3.840000000003679, -1.2850894496196106 
3.8500000000037002, -1.284836559377513 
3.8600000000037213, -1.2846356244711914 
3.8700000000037424, -1.2844893721249266 
3.8800000000037635, -1.2839549769005694 
3.8900000000037847, -1.2829024972367302 
3.9000000000038058, -1.2822990403689098 
3.910000000003827, -1.281911643847075 
3.920000000003848, -1.2765977416440726 
3.930000000003869, -1.2593585652914843 
3.94000000000389, -1.2600629333118718 
3.9500000000039113, -1.259664122219713 
3.9600000000039324, -1.2621860671842056 
3.9700000000039535, -1.2738375708952918 
3.9800000000039746, -1.275088441669632 
3.9900000000039957, -1.2748469235135598 
4.000000000004016, -1.2751494791071534 
4.010000000003993, -1.2754169150316972 
4.02000000000397, -1.2752468380728428 
4.030000000003946, -1.2748384306167895 
4.040000000003923, -1.2745947594416132 
4.0500000000039, -1.2742062102184497 
4.0600000000038765, -1.2727634584676142 
4.070000000003853, -1.270572439991939 
4.08000000000383, -1.2703082477357168 
4.090000000003807, -1.2692831566045792 
4.100000000003783, -1.2485900527564433 
4.11000000000376, -1.248089455493356 
4.120000000003737, -1.248818282154103 
4.130000000003713, -1.2483715352306402 
4.14000000000369, -1.252370264859675 
4.150000000003667, -1.2556470648752438 
4.1600000000036434, -1.2558177196619769 
4.17000000000362, -1.2556209086400947 
4.180000000003597, -1.25579726301863 
4.1900000000035735, -1.2557784749351053 
4.20000000000355, -1.2554274920050623 
4.210000000003527, -1.2549591859863085 
4.220000000003504, -1.254734387469616 
4.23000000000348, -1.2540951448477327 
4.240000000003457, -1.2517973584633908 
4.250000000003434, -1.2496094585676116 
4.26000000000341, -1.249462279566259 
4.270000000003387, -1.2475112914245408 
4.280000000003364, -1.2244890195442713 
4.2900000000033405, -1.2306619257836975 
4.300000000003317, -1.2309185230653452 
4.310000000003294, -1.2305771812264104 
4.320000000003271, -1.2358655826755969 
4.330000000003247, -1.238766203828801 
4.340000000003224, -1.2388020348452673 
4.350000000003201, -1.2386748414458555 
4.360000000003177, -1.2389538432236513 
4.370000000003154, -1.238977113063269 
4.380000000003131, -1.238657007684451 
4.390000000003107, -1.2382738675054499 
4.400000000003084, -1.238081547636461 
4.410000000003061, -1.237494277468992 
4.4200000000030375, -1.235899341294238 
4.430000000003014, -1.2345064437159476 
4.440000000002991, -1.2343098191355515 
4.450000000002968, -1.232229712537693 
4.460000000002944, -1.209365316387174 
4.470000000002921, -1.2060980273972317 
4.480000000002898, -1.2062173664678326 
4.490000000002874, -1.2053094626502232 
4.500000000002851, -1.218189208597112 
4.510000000002828, -1.2257027260065407 
4.520000000002804, -1.2258545936294623 
4.530000000002781, -1.2257751415133733 
4.540000000002758, -1.2267398295867693 
4.5500000000027345, -1.2272154024856983 
4.560000000002711, -1.2270527358813805 
4.570000000002688, -1.226804581741035 
4.580000000002665, -1.2267200991143712 
4.590000000002641, -1.2264201835508883 
4.600000000002618, -1.2257391150168198 
4.610000000002595, -1.2250093060451066 
4.620000000002571, -1.2247783167567867 
4.630000000002548, -1.2237343816184207 
4.640000000002525, -1.2183264934407974 
4.6500000000025015, -1.214707125120243 
4.660000000002478, -1.214670208853278 
4.670000000002455, -1.2128263467741067 
4.6800000000024315, -1.209007278561771 
4.690000000002408, -1.2242244344689666 
4.700000000002385, -1.2245560314651038 
4.710000000002362, -1.2243120439250417 
4.720000000002338, -1.2277290613153726 
4.730000000002315, -1.2297821326247227 
4.740000000002292, -1.2298090116720233 
4.750000000002268, -1.2296450152352638 
4.760000000002245, -1.2298142932138887 
4.770000000002222, -1.229780700784854 
4.7800000000021985, -1.2294333920353595 
4.790000000002175, -1.229003089682958 
4.800000000002152, -1.2287992552476485 
4.810000000002129, -1.2282212412685836 
4.820000000002105, -1.2264839898299458 
4.830000000002082, -1.2247990963428277 
4.840000000002059, -1.224616311889857 
4.850000000002035, -1.2229894170369882 
4.860000000002012, -1.2009316542100414 
4.870000000001989, -1.195228415429751 
4.880000000001965, -1.1955134308198268 
4.890000000001942, -1.1946556460893567 
4.900000000001919, -1.2056386411007263 
4.9100000000018955, -1.2158260226387516 
4.920000000001872, -1.2162101446080709 
4.930000000001849, -1.2160354602076062 
4.940000000001826, -1.217087881964993 
4.950000000001802, -1.2177887176692885 
4.960000000001779, -1.217720179355151 
4.970000000001756, -1.2174681378480015 
4.980000000001732, -1.2174150622938724 
4.990000000001709, -1.2172161778334405 
5.000000000001686, -1.2166864901817815 
5.0100000000016625, -1.2160180302755246 
5.020000000001639, -1.2157653768415801 
5.030000000001616, -1.2151202641181549 
5.0400000000015925, -1.2120263003762173 
5.050000000001569, -1.2084756539432435 
5.060000000001546, -1.2083644414135184 
5.070000000001523, -1.207282003140065 
5.080000000001499, -1.1874693293522467 
5.090000000001476, -1.1883475169601798 
5.100000000001453, -1.1892675745124983 
5.110000000001429, -1.1887644532662367 
5.120000000001406, -1.1936573137954456 
5.130000000001383, -1.2011646934742475 
5.1400000000013595, -1.2018734991167503 
5.150000000001336, -1.2016479013063481 
5.160000000001313, -1.20221377030388 
5.17000000000129, -1.2027793176591177 
5.180000000001266, -1.2027700361968479 
5.190000000001243, -1.2024800344027058 
5.20000000000122, -1.202365892819422 
5.210000000001196, -1.2022054421894393 
5.220000000001173, -1.20170870438776 
5.23000000000115, -1.2009678265769668 
5.240000000001126, -1.2006104076976583 
5.250000000001103, -1.2002167028815756 
5.26000000000108, -1.1979820381435249 
5.2700000000010565, -1.1936517618287228 
5.280000000001033, -1.1931374054894601 
5.29000000000101, -1.1926756440207262 
5.300000000000987, -1.1825382656637877 
5.310000000000963, -1.1641779748832166 
5.32000000000094, -1.166620513355929 
5.330000000000917, -1.1663489072000361 
5.340000000000893, -1.1672579017646445 
5.35000000000087, -1.1824408303968679 
5.360000000000847, -1.185530399797492 
5.3700000000008234, -1.1853852712199888 
5.3800000000008, -1.185725053778133 
5.390000000000777, -1.187088480728215 
5.4000000000007535, -1.1875892413136562 
5.41000000000073, -1.1873963510561032 
5.420000000000707, -1.1872831055425936 
5.430000000000684, -1.1873212467183067 
5.44000000000066, -1.1871400733129576 
5.450000000000637, -1.1866997483237187 
5.460000000000614, -1.186288049930244 
5.47000000000059, -1.1860953489224382 
5.480000000000567, -1.1854161013750582 
5.490000000000544, -1.1837648719541474 
5.5000000000005205, -1.182501282564997 
5.510000000000497, -1.1823115031598792 
5.520000000000474, -1.180651770691641 
5.5300000000004506, -1.167452345703565 
5.540000000000427, -1.161881345915857 
5.550000000000404, -1.161987150755162 
5.560000000000381, -1.1605930818752936 
5.570000000000357, -1.1637318540779462 
5.580000000000334, -1.1835924623813945 
5.590000000000311, -1.184237153058715 
5.600000000000287, -1.1838785171447077 
5.610000000000264, -1.187335667656744 
5.620000000000241, -1.1907524512461451 
5.6300000000002175, -1.1910796824124557 
5.640000000000194, -1.19087665005866 
5.650000000000171, -1.1912321833897552 
5.660000000000148, -1.1915064968773472 
5.670000000000124, -1.1913824235347055 
5.680000000000101, -1.1910589929534967 
5.690000000000078, -1.190908351884273 
5.700000000000054, -1.1906885023870266 
5.710000000000031, -1.190069946430517 
5.720000000000008, -1.189188833437517 
5.729999999999984, -1.1888295422673127 
5.739999999999961, -1.188398512838446 
5.749999999999938, -1.185680397264424 
5.7599999999999145, -1.18051930202692 
5.769999999999891, -1.180061429199203 
5.779999999999868, -1.1796022070951897 
5.789999999999845, -1.1695651288999094 
5.799999999999821, -1.1522462464945165 
5.809999999999798, -1.1548530297591264 
5.819999999999775, -1.154602230601592 
5.829999999999751, -1.1551588869848963 
5.839999999999728, -1.1717041716758831 
5.849999999999705, -1.1753970837162677 
5.8599999999996815, -1.175281760738276 
5.869999999999658, -1.1755873453469776 
5.879999999999635, -1.1772715699100782 
5.8899999999996115, -1.1779722355578397 
5.899999999999588, -1.177818781792476 
5.909999999999565, -1.1777173016357028 
5.919999999999542, -1.1778312449767072 
5.929999999999518, -1.1777411035802292 
5.939999999999495, -1.1773823181194978 
5.949999999999472, -1.1770132944536023 
5.959999999999448, -1.176845922091886 
5.969999999999425, -1.1763538665087272 
5.979999999999402, -1.1752229711562105 
5.9899999999993785, -1.1741499151363142 
5.999999999999355, -1.1739401666177187 
6.009999999999332, -1.172901634538623 
6.019999999999309, -1.1663238178581457 
6.029999999999285, -1.1610670196846882 
6.039999999999262, -1.1611012407948855 
6.049999999999239, -1.1599908001980646 
6.059999999999215, -1.1426068868708523 
6.069999999999192, -1.1469338340449546 
6.079999999999169, -1.148022951374607 
6.089999999999145, -1.1475350243255196 
6.099999999999122, -1.1521456273594368 
6.109999999999099, -1.164715502197938 
6.1199999999990755, -1.1661117482968557 
6.129999999999052, -1.165875633441798 
6.139999999999029, -1.1666882080959822 
6.149999999999006, -1.168154368816089 
6.159999999998982, -1.168536715044359 
6.169999999998959, -1.1683155885876364 
6.179999999998936, -1.1683191909745365 
6.189999999998912, -1.1684216839705848 
6.199999999998889, -1.1682794716904454 
6.209999999998866, -1.1678987663069789 
6.2199999999988425, -1.1676064417865186 
6.229999999998819, -1.16743478191178 
6.239999999998796, -1.166858570468794 
6.2499999999987725, -1.165787057178374 
6.259999999998749, -1.1650356566348243 
6.269999999998726, -1.16481744249395 
6.279999999998703, -1.1633738716211652 
6.289999999998679, -1.1576568125621172 
6.299999999998656, -1.1549569272317108 
6.309999999998633, -1.1548732529010262 
6.319999999998609, -1.1527959060114197 
6.329999999998586, -1.1260787592588843 
6.339999999998563, -1.1241045900842335 
6.3499999999985395, -1.1245044410898333 
6.359999999998516, -1.1236739147262302 
6.369999999998493, -1.1328182225492032 
6.37999999999847, -1.1529479898376662 
6.389999999998446, -1.1540227025156364 
6.399999999998423, -1.1537159374733523 
6.4099999999984, -1.1557632135798184 
6.419999999998376, -1.1589155860590523 
6.429999999998353, -1.1595011595984361 
6.43999999999833, -1.1592877942078323 
6.449999999998306, -1.159555670491701 
6.459999999998283, -1.159966921041376 
6.46999999999826, -1.15999317290387 
6.4799999999982365, -1.1597100614889306 
6.489999999998213, -1.159558802925833 
6.49999999999819, -1.159471230761172 
6.509999999998167, -1.1591214406489887 
6.519999999998143, -1.1585263231845115 
6.52999999999812, -1.1580849502325532 
6.539999999998097, -1.1578711723867081 
6.549999999998073, -1.1569645799335153 
6.55999999999805, -1.1548765603596174 
6.569999999998027, -1.153642070640237 
6.5799999999980034, -1.1534562729511826 
6.58999999999798, -1.1515723557918418 
6.599999999997957, -1.1389171609933428 
6.6099999999979335, -1.1340467879542995 
6.61999999999791, -1.1341108490670806 
6.629999999997887, -1.132610142559402 
6.639999999997864, -1.1194869123274593 
6.64999999999784, -1.1306709240487915 
6.659999999997817, -1.1314577398504688 
6.669999999997794, -1.130919686524991 
6.67999999999777, -1.1368028875580962 
6.689999999997747, -1.1493603393082243 
6.699999999997724, -1.1505726999660744 
6.7099999999977005, -1.1503250316133595 
6.719999999997677, -1.1513728242039232 
6.729999999997654, -1.1532042691823274 
6.7399999999976306, -1.1536771872449305 
6.749999999997607, -1.153467053806857 
6.759999999997584, -1.1535458715149634 
6.769999999997561, -1.153768541126156 
6.779999999997537, -1.1537235971751147 
6.789999999997514, -1.1534092714830475 
6.799999999997491, -1.1531789929027818 
6.809999999997467, -1.1530600324617526 
6.819999999997444, -1.1526582096468472 
6.829999999997421, -1.1519439585577158 
6.8399999999973975, -1.1513615306188296 
6.849999999997374, -1.1511586357861496 
6.859999999997351, -1.150269015613323 
6.869999999997328, -1.14767335664958 
6.879999999997304, -1.145815439626575 
6.889999999997281, -1.1456680673924517 
6.899999999997258, -1.144285574393111 
6.909999999997234, -1.1304673775940683 
6.919999999997211, -1.1219012373578998 
6.929999999997188, -1.1221412333590652 
6.939999999997164, -1.121246976188504 
6.949999999997141, -1.1111286621260719 
6.959999999997118, -1.124449667591529 
6.9699999999970945, -1.1261266528548963 
6.979999999997071, -1.1257421178372362 
6.989999999997048, -1.128538292648631 
6.999999999997025, -1.1426288119066514 
7.009999999997001, -1.1448903846377314 
7.019999999996978, -1.1447028133810149 
7.029999999996955, -1.1453075845034473 
7.039999999996931, -1.1473650130046054 
7.049999999996908, -1.148146314682401 
7.059999999996885, -1.1479913390913128 
7.0699999999968615, -1.1479822598351392 
7.079999999996838, -1.1482677502381238 
7.089999999996815, -1.1483225908287047 
7.0999999999967915, -1.14806298682457 
7.109999999996768, -1.1478039273747378 
7.119999999996745, -1.1477130291281163 
7.129999999996722, -1.147426403004104 
7.139999999996698, -1.1468353210566236 
7.149999999996675, -1.1462170185571325 
7.159999999996652, -1.1460066129602913 
7.169999999996628, -1.1454519483323098 
7.179999999996605, -1.1436399674026365 
7.189999999996582, -1.1416264314182984 
7.1999999999965585, -1.1413751764222542 
7.209999999996535, -1.140688907412578 
7.219999999996512, -1.133597771543966 
7.229999999996489, -1.1229506555627917 
7.239999999996465, -1.1229726308642474 
7.249999999996442, -1.122505266355765 
7.259999999996419, -1.1131362410992103 
7.269999999996395, -1.102311020767503 
7.279999999996372, -1.1054939959170433 
7.289999999996349, -1.1053162837912704 
7.299999999996325, -1.1045648222763034 
7.309999999996302, -1.1266885287023627 
7.319999999996279, -1.1341996471556974 
7.3299999999962555, -1.134250438664025 
7.339999999996232, -1.1342484169613571 
7.349999999996209, -1.1381127551424195 
7.359999999996186, -1.1405381669440244 
7.369999999996162, -1.1406437410808465 
7.379999999996139, -1.1405178026601144 
7.389999999996116, -1.1411483358732162 
7.399999999996092, -1.1416316760212872 
7.409999999996069, -1.1415846181840945 
7.419999999996046, -1.1413435020634162 
7.4299999999960225, -1.1413393361745245 
7.439999999995999, -1.1412868832220906 
7.449999999995976, -1.1409903616305037 
7.4599999999959525, -1.1405436720984599 
7.469999999995929, -1.1403021618247762 
7.479999999995906, -1.1400633399519842 
7.489999999995883, -1.1393133071804573 
7.499999999995859, -1.1381759863161323 
7.509999999995836, -1.1376461371905675 
7.519999999995813, -1.1373689794711006 
7.529999999995789, -1.1355609730140626 
7.539999999995766, -1.1308959432490777 
7.549999999995743, -1.1294395848503833 
7.5599999999957195, -1.1292606038311332 
7.569999999995696, -1.1263223305816128 
7.579999999995673, -1.103187531210149 
7.58999999999565, -1.0991986434633005 
7.599999999995626, -1.099313396922688 
7.609999999995603, -1.0978738590357988 
7.61999999999558, -1.0912876805718483 
7.629999999995556, -1.1066044187879023 
7.639999999995533, -1.107505798915921 
7.64999999999551, -1.1069951357428807 
7.659999999995486, -1.1121840932624012 
7.669999999995463, -1.1279312318544261 
7.67999999999544, -1.1296493878721254 
7.6899999999954165, -1.1294099344059763 
7.699999999995393, -1.1304956175616558 
7.70999999999537, -1.133401414212646 
7.719999999995347, -1.1343179099699787 
7.729999999995323, -1.134152141053779 
7.7399999999953, -1.1342730469110822 
7.749999999995277, -1.1347961995554285 
7.759999999995253, -1.1349940747601701 
7.76999999999523, -1.1347831649138709 
7.779999999995207, -1.1346062670321106 
7.789999999995183, -1.1346033064240824 
7.79999999999516, -1.1344356931557587 
7.809999999995137, -1.1340302349529645 
7.8199999999951135, -1.1336014379594037 
7.82999999999509, -1.1334300768302108 
7.839999999995067, -1.133028034805859 
7.849999999995044, -1.1320512255126463 
7.85999999999502, -1.1309646848201396 
7.869999999994997, -1.130695542815764 
7.879999999994974, -1.1301594224224865 
7.88999999999495, -1.1272694335351676 
7.899999999994927, -1.123094409245943 
7.909999999994904, -1.122696976874689 
7.9199999999948805, -1.1222485075960231 
7.929999999994857, -1.1150875749831761 
7.939999999994834, -1.0945151064542813 
7.9499999999948106, -1.09440726316091 
7.959999999994787, -1.0942102328678731 
7.969999999994764, -1.0902478601092995 
7.979999999994741, -1.0819615173197978 
7.989999999994717, -1.089219689209372 
7.999999999994694, -1.0893629176836344 
8.00999999999467, -1.0884386109121391 
8.019999999994647, -1.102615506325375 
8.029999999994624, -1.1184075347772562 
8.0399999999946, -1.1190788225937693 
8.049999999994577, -1.1187530912990609 
8.059999999994554, -1.1218126324971915 
8.06999999999453, -1.1262260143451817 
8.079999999994508, -1.1269329526214407 
8.089999999994484, -1.126720350373944 
8.099999999994461, -1.1272746211551343 
8.109999999994438, -1.1282082346458955 
8.119999999994414, -1.1284829278894524 
8.129999999994391, -1.128266881379253 
8.139999999994368, -1.1282481702914497 
8.149999999994344, -1.128373008569046 
8.159999999994321, -1.1282912248974175 
8.169999999994298, -1.1279677843704856 
8.179999999994275, -1.1276979614026261 
8.189999999994251, -1.1275864221758494 
8.199999999994228, -1.127235836031721 
8.209999999994205, -1.1265771366034065 
8.219999999994181, -1.1259560501782524 
8.229999999994158, -1.125759915097321 
8.239999999994135, -1.125172472757349 
8.249999999994111, -1.1234200640211998 
8.259999999994088, -1.1216195407212228 
8.269999999994065, -1.121379366623742 
8.279999999994041, -1.1207187041477515 
8.289999999994018, -1.11534207070352 
8.299999999993995, -1.1075226337193866 
8.309999999993972, -1.1073067738066695 
8.319999999993948, -1.1068667448249156 
8.329999999993925, -1.0980810869558162 
8.339999999993902, -1.0716177810769003 
8.349999999993878, -1.0726776384333934 
8.359999999993855, -1.0725422078743334 
8.369999999993832, -1.0697129658024804 
8.379999999993808, -1.073368210662134 
8.389999999993785, -1.084389572670029 
8.399999999993762, -1.0846626819052492 
8.409999999993738, -1.0839222658375993 
8.419999999993715, -1.0949658290104913 
8.429999999993692, -1.1108313762934245 
8.439999999993669, -1.111759069806086 
8.449999999993645, -1.1114499598156813 
8.459999999993622, -1.1138171742980205 
8.469999999993599, -1.1182044702708689 
8.479999999993575, -1.1191151250938383 
8.489999999993552, -1.118916427048751 
8.499999999993529, -1.1193482013238458 
8.509999999993505, -1.1203408321366086 
8.519999999993482, -1.1207185563932454 
8.529999999993459, -1.1205300638521711 
8.539999999993436, -1.120480372362287 
8.549999999993412, -1.12064553225644 
8.559999999993389, -1.1206285585139655 
8.569999999993366, -1.1203495132178338 
8.579999999993342, -1.1200743693287272 
8.589999999993319, -1.1199826583707826 
8.599999999993296, -1.1197209450653212 
8.609999999993272, -1.119177007387332 
8.619999999993249, -1.1185883127090417 
8.629999999993226, -1.1183744398946647 
8.639999999993202, -1.1179632191814162 
8.64999999999318, -1.116718126989545 
8.659999999993156, -1.1151731875879414 
8.669999999993133, -1.1148023774695281 
8.67999999999311, -1.1143839104235072 
8.689999999993086, -1.1114250132135575 
8.699999999993063, -1.1056126003362257 
8.70999999999304, -1.104777479366377 
8.719999999993016, -1.104509137679165 
8.729999999992993, -1.1000807659174725 
8.73999999999297, -1.076987491423108 
8.749999999992946, -1.0749149484990879 
8.759999999992923, -1.0749114125465242 
8.7699999999929, -1.0728747090764519 
8.779999999992876, -1.0524089987418153 
8.789999999992853, -1.0551775524922542 
8.79999999999283, -1.0557984968260539 
8.809999999992806, -1.0551254897546716 
8.819999999992783, -1.0545816447598344 
8.82999999999276, -1.081592730563329 
8.839999999992736, -1.084322268787454 
8.849999999992713, -1.0840644844476683 
8.85999999999269, -1.0850147652474855 
8.869999999992666, -1.1014019624792886 
8.879999999992643, -1.1058881297645804 
8.88999999999262, -1.1058530675896159 
8.899999999992596, -1.1060104759133027 
8.909999999992573, -1.1095967701260265 
8.91999999999255, -1.1117930550372497 
8.929999999992527, -1.1118811592343139 
8.939999999992503, -1.1117715902707024 
8.94999999999248, -1.1125612527479884 
8.959999999992457, -1.113241376237111 
8.969999999992433, -1.1132758163583933 
8.97999999999241, -1.113060506988418 
8.989999999992387, -1.113157326574535 
8.999999999992363, -1.1132588818203297 
9.00999999999234, -1.1131187214453777 
9.019999999992317, -1.112791024859854 
9.029999999992294, -1.1126194558965004 
9.03999999999227, -1.1125063557333545 
9.049999999992247, -1.1121311675317844 
9.059999999992224, -1.1115443865706438 
9.0699999999922, -1.111123250800317 
9.079999999992177, -1.1109409378687505 
9.089999999992154, -1.1102733060108771 
9.09999999999213, -1.1089283192803916 
9.109999999992107, -1.1079096222661406 
9.119999999992084, -1.107724518038196 
9.12999999999206, -1.1068347950953255 
9.139999999992037, -1.1030717329928887 
9.149999999992014, -1.099717147558653 
9.15999999999199, -1.0995681540943345 
9.169999999991967, -1.0988356750489878 
9.179999999991944, -1.0897053275561848 
9.18999999999192, -1.0758196645996627 
9.199999999991897, -1.0758662034307 
9.209999999991874, -1.0755087354158295 
9.21999999999185, -1.0683117123857353 
9.229999999991827, -1.0410096612543378 
9.239999999991804, -1.0424904302580698 
9.24999999999178, -1.0424759247180606 
9.259999999991757, -1.0404324136599592 
9.269999999991734, -1.0305816680191553 
9.27999999999171, -1.0397031086429935 
9.289999999991688, -1.0403520255776557 
9.299999999991664, -1.039702644783129 
9.309999999991641, -1.0397312910192056 
9.319999999991618, -1.067397662502748 
9.329999999991594, -1.070335225674026 
9.339999999991571, -1.070099927384532 
9.349999999991548, -1.0705916175960415 
9.359999999991524, -1.0893093896301511 
9.369999999991501, -1.095019438207293 
9.379999999991478, -1.0950419880932778 
9.389999999991455, -1.0950526288085884 
9.399999999991431, -1.0996183807950364 
9.409999999991408, -1.1028152726642704 
9.419999999991385, -1.1030287155429839 
9.429999999991361, -1.102877021348546 
9.439999999991338, -1.1039329106456475 
9.449999999991315, -1.1050285002702158 
9.459999999991291, -1.1052129064089882 
9.469999999991268, -1.1050047598085573 
9.479999999991245, -1.1051882635124677 
9.489999999991221, -1.1054653422123877 
9.499999999991198, -1.1054616166671636 
9.509999999991175, -1.1051921866591858 
9.519999999991152, -1.1050640517951356 
9.529999999991128, -1.1050409542954474 
9.539999999991105, -1.1048238206231837 
9.549999999991082, -1.1044047155771188 
9.559999999991058, -1.1040495114266113 
9.569999999991035, -1.1039083877641052 
9.579999999991012, -1.1034985696888548 
9.589999999990988, -1.102697247411413 
9.599999999990965, -1.1019287797473123 
9.609999999990942, -1.1017175130200083 
9.619999999990918, -1.1011994891781092 
9.629999999990895, -1.099448563646388 
9.639999999990872, -1.097401335043338 
9.649999999990849, -1.0970519072493135 
9.659999999990825, -1.0966065777430527 
9.669999999990802, -1.093045346483826 
9.679999999990779, -1.0859649961758988 
9.689999999990755, -1.0850916136439028 
9.699999999990732, -1.0848483695230027 
9.709999999990709, -1.0808328551238449 
9.719999999990685, -1.0584762130054768 
9.729999999990662, -1.0554677135788522 
9.739999999990639, -1.0555069614694492 
9.749999999990616, -1.0538281951331334 
9.759999999990592, -1.0295093329941591 
9.769999999990569, -1.02129004590316 
9.779999999990546, -1.021984835914865 
9.789999999990522, -1.0214556717703724 
9.799999999990499, -1.012201237839151 
9.809999999990476, -0.9972756646229072 
9.819999999990452, -0.9997192831092584 
9.829999999990429, -0.9996485038551383 
9.839999999990406, -0.9971710635385995 
9.849999999990382, -0.9749265950307616 
9.85999999999036, -0.9740971283099034 
9.869999999990336, -0.9746365327095138 
9.879999999990313, -0.9740161561158495 
9.88999999999029, -0.9624098909605737 
9.899999999990266, -0.9352106155283579 
9.909999999990243, -0.9353276678219493 
9.91999999999022, -0.9352742000096604 
9.929999999990196, -0.9333168202879024 
9.939999999990173, -0.9186636375167885 
9.94999999999015, -0.9099450708843213 
9.959999999990126, -0.9098400014635896 
9.969999999990103, -0.9095221835032954 
9.97999999999008, -0.9071218858692071 
9.989999999990056, -0.9027458198509449 
9.999999999990033, -0.9010621099470604 
10.00999999999001, -0.9009367584590247 
10.019999999989986, -0.9004872777039403 
10.029999999989963, -0.8992601527620447 
10.03999999998994, -0.8980906498918882 
10.049999999989916, -0.8976229727749055 
10.059999999989893, -0.8975090199449642 
10.06999999998987, -0.8971636184436289 
10.079999999989846, -0.8966616242312125 
10.089999999989823, -0.8962364755765775 
10.0999999999898, -0.8961029489823652 
10.109999999989776, -0.8960804991325613 
10.119999999989753, -0.8959659691114461 
10.12999999998973, -0.895739114258006 
10.139999999989707, -0.8955771111492985 
10.149999999989683, -0.8957429295895931 
10.15999999998966, -0.896042109552712 
10.169999999989637, -0.8961897563199803 
10.179999999989613, -0.8960352011750748 
10.18999999998959, -0.8961710043557531 
10.199999999989567, -0.897231336747908 
10.209999999989543, -0.898503833802305 
10.21999999998952, -0.898816861569628 
10.229999999989497, -0.8986287443329878 
10.239999999989474, -0.8998929960233777 
10.24999999998945, -0.9053696218843404 
10.259999999989427, -0.9086130037576269 
10.269999999989404, -0.9087694779567794 
10.27999999998938, -0.9083939624752158 
10.289999999989357, -0.9161922042230146 
10.299999999989334, -0.9374716493501613 
10.30999999998931, -0.9401195686353933 
10.319999999989287, -0.9399490908652055 
10.329999999989264, -0.9385316609313605 
10.33999999998924, -0.956668607174234 
10.349999999989217, -0.970536408985985 
10.359999999989194, -0.9710479776464187 
10.36999999998917, -0.9703370625014238 
10.379999999989147, -0.9632006520854868 
10.389999999989124, -0.9670919142961787 
10.3999999999891, -0.9696385459270161 
10.409999999989077, -0.9695066150360361 
10.419999999989054, -0.9664711010173841 
10.42999999998903, -0.9393802398563176 
10.439999999989007, -0.9353821529104096 
10.449999999988984, -0.9357824748979606 
10.45999999998896, -0.9351774890792847 
10.469999999988937, -0.9261691484528073 
10.479999999988914, -0.9066903162095 
10.48999999998889, -0.9051006469344058 
10.499999999988868, -0.9050473538172056 
10.509999999988844, -0.9038817906066406 
10.519999999988821, -0.8991137365708577 
10.529999999988798, -0.8954890577553988 
10.539999999988774, -0.8950433278323603 
10.549999999988751, -0.8948426887666977 
10.559999999988728, -0.8938948408046344 
10.569999999988704, -0.892505123611199 
10.579999999988681, -0.8916469315845666 
10.589999999988658, -0.8914725097501539 
10.599999999988635, -0.8912655094402281 
10.609999999988611, -0.8908049766256858 
10.619999999988588, -0.890322200868065 
10.629999999988565, -0.8900445897385785 
10.639999999988541, -0.8900212801968346 
10.649999999988518, -0.8899706194162642 
10.659999999988495, -0.889818811084863 
10.669999999988471, -0.8895871612696131 
10.679999999988448, -0.8896140733110622 
10.689999999988425, -0.88993344766868 
10.699999999988401, -0.8902680619504529 
10.709999999988378, -0.8902661083349378 
10.719999999988355, -0.8901348195436688 
10.729999999988332, -0.8908695090603401 
10.739999999988308, -0.8925574384587404 
10.749999999988285, -0.8936295630492996 
10.759999999988262, -0.8936050173535145 
10.769999999988238, -0.8936072301460284 
10.779999999988215, -0.898244707183055 
10.789999999988192, -0.9058989587908189 
10.799999999988168, -0.9073130668568166 
10.809999999988145, -0.9071026026073338 
10.819999999988122, -0.907260563484984 
10.829999999988098, -0.931825628667595 
10.839999999988075, -0.9448569554904581 
10.849999999988052, -0.9453128985719483 
10.859999999988029, -0.9446192869397741 
10.869999999988005, -0.9410531301396892 
10.879999999987982, -0.9542736873296854 
10.889999999987959, -0.9571239105375878 
10.899999999987935, -0.9570035407718808 
10.909999999987912, -0.954121745130141 
10.919999999987889, -0.9268279398973579 
10.929999999987865, -0.9214283537001218 
10.939999999987842, -0.9218388598709951 
10.949999999987819, -0.9213039100637759 
10.959999999987796, -0.9140703603844681 
10.969999999987772, -0.8979885236396442 
10.979999999987749, -0.8959391748155437 
10.989999999987726, -0.8958933275022393 
10.999999999987702, -0.8949891960381042 
11.009999999987679, -0.8916281755764923 
11.019999999987656, -0.8888309546004374 
11.029999999987632, -0.888305346015201 
11.039999999987609, -0.888143916025792 
11.049999999987586, -0.8874540312552099 
11.059999999987562, -0.8864521748630284 
11.06999999998754, -0.8857564186514643 
11.079999999987516, -0.8855757128386614 
11.089999999987493, -0.8854404455578236 
11.09999999998747, -0.885127854645122 
11.109999999987446, -0.8847637220811426 
11.119999999987423, -0.8845354936941711 
11.1299999999874, -0.8845693017657509 
11.139999999987376, -0.8846448107440278 
11.149999999987353, -0.8846174595439158 
11.15999999998733, -0.8844260886212213 
11.169999999987306, -0.8845043578342844 
11.179999999987283, -0.8851011118728166 
11.18999999998726, -0.8858103515401177 
11.199999999987236, -0.8859693977724001 
11.209999999987213, -0.885804953849048 
11.21999999998719, -0.8868137718162197 
11.229999999987166, -0.8902551628885299 
11.239999999987143, -0.8925229355003992 
11.24999999998712, -0.8926384123287653 
11.259999999987096, -0.892358191999502 
11.269999999987073, -0.8991533142452385 
11.27999999998705, -0.9169774216602846 
11.289999999987026, -0.9196504877752252 
11.299999999987003, -0.9195054003679543 
11.30999999998698, -0.9180895085812741 
11.319999999986956, -0.932085820777516 
11.329999999986933, -0.9461332857815884 
11.33999999998691, -0.9467771762238885 
11.349999999986887, -0.9461725171326371 
11.359999999986863, -0.9358983482092226 
11.36999999998684, -0.912637040366658 
11.379999999986817, -0.9134157533552443 
11.389999999986793, -0.9134011556371879 
11.39999999998677, -0.9116915253727434 
11.409999999986747, -0.8983097523623749 
11.419999999986723, -0.889107840394835 
11.4299999999867, -0.8888508509544898 
11.439999999986677, -0.8886093467184006 
11.449999999986654, -0.8868925893195084 
11.45999999998663, -0.8837612258860349 
11.469999999986607, -0.8822208879776711 
11.479999999986584, -0.8820455350908712 
11.48999999998656, -0.881749950045963 
11.499999999986537, -0.8809751934223593 
11.509999999986514, -0.8801954842692544 
11.51999999998649, -0.879781783710059 
11.529999999986467, -0.8797020655443679 
11.539999999986444, -0.8795402968809352 
11.54999999998642, -0.8792691620162008 
11.559999999986397, -0.8789747259991316 
11.569999999986374, -0.8789065467717674 
11.57999999998635, -0.8790605980202643 
11.589999999986327, -0.8792217756302798 
11.599999999986304, -0.8791744576839152 
11.60999999998628, -0.8790260541096264 
11.619999999986257, -0.8794838713394304 
11.629999999986234, -0.8806086974264902 
11.63999999998621, -0.8814756763066607 
11.649999999986187, -0.8814760904852359 
11.659999999986164, -0.8814266122183131 
11.66999999998614, -0.8846456676754243 
11.679999999986117, -0.8910307680123134 
11.689999999986094, -0.8927173168205134 
11.69999999998607, -0.8925783226399314 
11.709999999986048, -0.8923922686830189 
11.719999999986024, -0.9131400047448265 
11.729999999986001, -0.9302692534156157 
11.739999999985978, -0.9310644161048998 
11.749999999985954, -0.9305563111076358 
11.759999999985931, -0.9250667863796223 
11.769999999985908, -0.9221292463372119 
11.779999999985884, -0.9251255942048618 
11.789999999985861, -0.9251637784222456 
11.799999999985838, -0.9235047657894473 
11.809999999985815, -0.9035531785048216 
11.819999999985791, -0.8887972309954139 
11.829999999985768, -0.8887741315260436 
11.839999999985745, -0.8885382028944109 
11.849999999985721, -0.8862830746940915 
11.859999999985698, -0.8810111664415234 
11.869999999985675, -0.8786797645270717 
11.879999999985651, -0.8785126095620004 
11.889999999985628, -0.878182515494405 
11.899999999985605, -0.8771423695211042 
11.909999999985581, -0.8760522785121593 
11.919999999985558, -0.8755086731979126 
11.929999999985535, -0.8754049797922347 
11.939999999985512, -0.8751873854547808 
11.949999999985488, -0.8748272990721903 
11.959999999985465, -0.8744720859404304 
11.969999999985442, -0.8743409512658987 
11.979999999985418, -0.8744185990633982 
11.989999999985395, -0.874489787252109 
11.999999999985372, -0.8744110186486058 
12.009999999985348, -0.874243410861873 
12.019999999985325, -0.8745463908254968 
12.029999999985302, -0.8753698304691288 
12.039999999985278, -0.8760911754041082 
12.049999999985255, -0.8761073717345759 
12.059999999985232, -0.8760269634838028 
12.069999999985209, -0.8783508229176438 
12.079999999985185, -0.8834886328011676 
12.089999999985162, -0.8852826709435319 
12.099999999985139, -0.8851972175733568 
12.109999999985115, -0.8849708184906041 
12.119999999985092, -0.9017516016323899 
12.129999999985069, -0.920933444988291 
12.139999999985045, -0.9220737396818128 
12.149999999985022, -0.9216835266761767 
12.159999999984999, -0.917266187232405 
12.169999999984976, -0.9113219375888553 
12.179999999984952, -0.9145838616538753 
12.189999999984929, -0.9147361959617301 
12.199999999984906, -0.9135770608372499 
12.209999999984882, -0.8986382117132952 
12.219999999984859, -0.8822170128960418 
12.229999999984836, -0.8817473622393643 
12.239999999984812, -0.8815996845128454 
12.249999999984789, -0.8800577691247402 
12.259999999984766, -0.8760234757569269 
12.269999999984742, -0.8736993241597641 
12.27999999998472, -0.8734256361969082 
12.289999999984696, -0.8731949324269553 
12.299999999984673, -0.8724192787944732 
12.30999999998465, -0.8715288418780167 
12.319999999984626, -0.8709952678067411 
12.329999999984603, -0.8708835755472141 
12.33999999998458, -0.8707496484050534 
12.349999999984556, -0.8704913126586985 
12.359999999984533, -0.8701894692636828 
12.36999999998451, -0.8700605678874933 
12.379999999984486, -0.8702021667475628 
12.389999999984463, -0.8704057338897723 
12.39999999998444, -0.8704432859636728 
12.409999999984416, -0.8702750286033684 
12.419999999984393, -0.8705826167829078 
12.42999999998437, -0.8718231091988108 
12.439999999984346, -0.8731132381477292 
12.449999999984323, -0.8733153452553357 
12.4599999999843, -0.8731171742539872 
12.469999999984276, -0.8755137963748629 
12.479999999984253, -0.8848499755456029 
12.48999999998423, -0.8886054207035966 
12.499999999984206, -0.8886787713288575 
12.509999999984183, -0.8879613772645848 
12.51999999998416, -0.8975358106520998 
12.529999999984136, -0.9233539504340347 
12.539999999984113, -0.9253371110711146 
12.54999999998409, -0.925099201980535 
12.559999999984067, -0.9209115044799753 
12.569999999984043, -0.8912182263246557 
12.57999999998402, -0.8871537716530591 
12.589999999983997, -0.887407862667214 
12.599999999983973, -0.8868019654750733 
12.60999999998395, -0.8811479451917995 
12.619999999983927, -0.8724896724229672 
12.629999999983903, -0.8709323878567065 
12.63999999998388, -0.8708468833908504 
12.649999999983857, -0.870188826015723 
12.659999999983834, -0.8685626919625715 
12.66999999998381, -0.8672524356540554 
12.679999999983787, -0.8668439557894602 
12.689999999983764, -0.8667296260808273 
12.69999999998374, -0.8663830769408245 
12.709999999983717, -0.8659313326972405 
12.719999999983694, -0.8655701327943763 
12.72999999998367, -0.8654908429141089 
12.739999999983647, -0.8655401066490092 
12.749999999983624, -0.8655422501132343 
12.7599999999836, -0.8653918867034879 
12.769999999983577, -0.8652844971865847 
12.779999999983554, -0.8657069295481108 
12.78999999998353, -0.8665126541073789 
12.799999999983507, -0.8670279530203756 
12.809999999983484, -0.8669337064244177 
12.81999999998346, -0.8671001149329334 
12.829999999983437, -0.8705038664018362 
12.839999999983414, -0.875537070103557 
12.84999999998339, -0.8765911997270186 
12.859999999983367, -0.8763673690975755 
12.869999999983344, -0.8767506913143913 
12.87999999998332, -0.9022623541776255 
12.889999999983297, -0.9154963379250772 
12.899999999983274, -0.9159769303772237 
12.90999999998325, -0.9152822572492142 
12.919999999983228, -0.9050153211755987 
12.929999999983204, -0.8867297419469662 
12.939999999983181, -0.8877088129653046 
12.949999999983158, -0.8876797094148089 
12.959999999983134, -0.8860054224183304 
12.969999999983111, -0.8754315361687871 
12.979999999983088, -0.8683060506412833 
12.989999999983064, -0.8679267061537442 
12.999999999983041, -0.8677202637832643 
13.009999999983018, -0.866520424879756 
13.019999999982995, -0.864622631448858 
13.029999999982971, -0.8635389343222996 
13.039999999982948, -0.8633430026487996 
13.049999999982925, -0.8631514022541418 
13.059999999982901, -0.8627018095625427 
13.069999999982878, -0.8622331680538752 
13.079999999982855, -0.8619492207333487 
13.089999999982831, -0.8619413996290745 
13.099999999982808, -0.8619677524135433 
13.109999999982785, -0.8619149583825716 
13.119999999982761, -0.8617222011641851 
13.129999999982738, -0.8617657410041178 
13.139999999982715, -0.8623517403081185 
13.149999999982692, -0.8631468200721627 
13.159999999982668, -0.8634042513841973 
13.169999999982645, -0.8632346665198408 
13.179999999982622, -0.8641453642503356 
13.189999999982598, -0.8690191859765218 
13.199999999982575, -0.8728926246785611 
13.209999999982552, -0.8732307497671387 
13.219999999982528, -0.8728117112312626 
13.229999999982505, -0.877158378771397 
13.239999999982482, -0.9080840410544858 
13.249999999982458, -0.9131606658406531 
13.259999999982435, -0.9131659956766035 
13.269999999982412, -0.9114163020541087 
13.279999999982389, -0.8894184249646939 
13.289999999982365, -0.8779116227435029 
13.299999999982342, -0.8784640343783848 
13.309999999982319, -0.8781948756334017 
13.319999999982295, -0.8749516594555553 
13.329999999982272, -0.8657864708472186 
13.339999999982249, -0.862552266590447 
13.349999999982225, -0.862431902954882 
13.359999999982202, -0.8620672170023963 
13.369999999982179, -0.8607924162355605 
13.379999999982156, -0.8594546086133017 
13.389999999982132, -0.8588315926475558 
13.399999999982109, -0.8587231618473183 
13.409999999982086, -0.8585024649941548 
13.419999999982062, -0.8581343689280035 
13.429999999982039, -0.8577767856062726 
13.439999999982016, -0.8576370807525832 
13.449999999981992, -0.8577302694287169 
13.459999999981969, -0.8578484836426985 
13.469999999981946, -0.8578216079534955 
13.479999999981922, -0.857654136339157 
13.4899999999819, -0.8579849537705199 
13.499999999981876, -0.8591160372726445 
13.509999999981853, -0.8602491819887009 
13.51999999998183, -0.8603945466654007 
13.529999999981806, -0.8602092724313353 
13.539999999981783, -0.8630024520528474 
13.54999999998176, -0.8731514456260355 
13.559999999981736, -0.8768301854570766 
13.569999999981713, -0.8768781755119 
13.57999999998169, -0.8760004201594317 
13.589999999981666, -0.8816415789387976 
13.599999999981643, -0.9004226975955447 
13.60999999998162, -0.9020968978660246 
13.619999999981596, -0.901868053854427 
13.629999999981573, -0.8976882108664095 
13.63999999998155, -0.8714240952920839 
13.649999999981526, -0.8646263581230416 
13.659999999981503, -0.8647093452098559 
13.66999999998148, -0.8642608180794046 
13.679999999981456, -0.8615643203787131 
13.689999999981433, -0.8580277115207902 
13.69999999998141, -0.856838855123886 
13.709999999981386, -0.8567211610147768 
13.719999999981363, -0.8563539854585906 
13.72999999998134, -0.8556152289915826 
13.739999999981316, -0.8549713796812007 
13.749999999981293, -0.8546780565788118 
13.75999999998127, -0.8546399989628464 
13.769999999981247, -0.8545437334932051 
13.779999999981223, -0.8543655828296576 
13.7899999999812, -0.8541438787623329 
13.799999999981177, -0.8542174693756299 
13.809999999981153, -0.8546325277650169 
13.81999999998113, -0.8551052291098897 
13.829999999981107, -0.8551582178344935 
13.839999999981083, -0.8550228051341022 
13.84999999998106, -0.8562352200905957 
13.859999999981037, -0.8598920491140238 
13.869999999981014, -0.8621289584682615 
13.87999999998099, -0.8622120905901235 
13.889999999980967, -0.8618264070822147 
13.899999999980944, -0.8710456076603876 
13.90999999998092, -0.8974922346789449 
13.919999999980897, -0.900341237462601 
13.929999999980874, -0.9001970844521068 
13.93999999998085, -0.8974528075713863 
13.949999999980827, -0.8721571435025887 
13.959999999980804, -0.8657017127164429 
13.96999999998078, -0.866092851699854 
13.979999999980757, -0.865694188976646 
13.989999999980734, -0.8618180913338502 
13.99999999998071, -0.8543256566149342 
14.009999999980687, -0.8521691423730047 
14.019999999980664, -0.8520670964874435 
14.02999999998064, -0.8516591729170542 
14.039999999980617, -0.8505626734394277 
14.049999999980594, -0.849558795513919 
14.05999999998057, -0.849106310964332 
14.069999999980547, -0.8490254151266456 
14.079999999980524, -0.8488513274597749 
14.0899999999805, -0.8485830405054057 
14.099999999980477, -0.848302951540486 
14.109999999980454, -0.8482569853016736 
14.11999999998043, -0.848482569338932 
14.129999999980408, -0.8487756808963695 
14.139999999980384, -0.8488202140459624 
14.149999999980361, -0.8486687641637314 
14.159999999980338, -0.8493341627857973 
14.169999999980314, -0.8516449811678183 
14.179999999980291, -0.853629609678068 
14.189999999980268, -0.8538211382383417 
14.199999999980244, -0.853519487114123 
14.209999999980221, -0.8586596806732436 
14.219999999980198, -0.8820579269721269 
14.229999999980175, -0.8866993027421455 
14.239999999980151, -0.8867055029066282 
14.249999999980128, -0.885121412334322 
14.259999999980105, -0.866211467031604 
14.269999999980081, -0.8550437219117497 
14.279999999980058, -0.8556227350277924 
14.289999999980035, -0.8554016429608056 
14.299999999980011, -0.8528310522168588 
14.309999999979988, -0.8458041303943167 
14.319999999979965, -0.8428143308574301 
14.329999999979941, -0.8426150989766157 
14.339999999979918, -0.8423525322124786 
14.349999999979895, -0.8414925636732239 
14.359999999979872, -0.840578158830537 
14.369999999979848, -0.8400655503473654 
14.379999999979825, -0.8399682975884548 
14.389999999979802, -0.8398759096594963 
14.399999999979778, -0.8396952850516476 
14.409999999979755, -0.8394523561151698 
14.419999999979732, -0.8393707628647733 
14.429999999979708, -0.8396709297424892 
14.439999999979685, -0.8401748363503286 
14.449999999979662, -0.8404360053054644 
14.459999999979638, -0.8402946042051983 
14.469999999979615, -0.8406951894214701 
14.479999999979592, -0.8441239848996869 
14.489999999979569, -0.8483968208177075 
14.499999999979545, -0.849137106593861 
14.509999999979522, -0.8488492051737435 
14.519999999979499, -0.8493297561992451 
14.529999999979475, -0.8773518629443372 
14.539999999979452, -0.8877449340191029 
14.549999999979429, -0.8880898645114481 
14.559999999979405, -0.887261442471608 
14.569999999979382, -0.8736154038341332 
14.579999999979359, -0.849603320005658 
14.589999999979335, -0.8485728604134694 
14.599999999979312, -0.8485213214211726 
14.609999999979289, -0.8474885303070836 
14.619999999979266, -0.8442581328086343 
14.629999999979242, -0.8419360180687877 
14.639999999979219, -0.8414593619245228 
14.649999999979196, -0.8413291190685135 
14.659999999979172, -0.8408743213690444 
14.669999999979149, -0.8402924373974272 
14.679999999979126, -0.839863794230431 
14.689999999979102, -0.839752230205826 
14.69999999997908, -0.8397812583577308 
14.709999999979056, -0.839774683920057 
14.719999999979033, -0.8396393673748666 
14.72999999997901, -0.8395158352153709 
14.739999999978986, -0.8399553654558497 
14.749999999978963, -0.8409573952808426 
14.75999999997894, -0.8417362149778645 
14.769999999978916, -0.8417181157567966 
14.779999999978893, -0.8416789720077326 
14.78999999997887, -0.8463638272629669 
14.799999999978846, -0.856917153723049 
14.809999999978823, -0.8592065641165522 
14.8199999999788, -0.8590900307392101 
14.829999999978776, -0.8575189391706083 
14.839999999978753, -0.8537483429617421 
14.84999999997873, -0.8568213895212154 
14.859999999978706, -0.8575397591603728 
14.869999999978683, -0.8572065763857063 
14.87999999997866, -0.8531625128021243 
14.889999999978636, -0.8427031401701123 
14.899999999978613, -0.8396062918056592 
14.90999999997859, -0.8395031500084709 
14.919999999978566, -0.8391428871232391 
14.929999999978543, -0.8380069804068702 
14.93999999997852, -0.836894009535874 
14.949999999978496, -0.8363591238273212 
14.959999999978473, -0.836267369499008 
14.96999999997845, -0.836121861527547 
14.979999999978427, -0.8358795745439191 
14.989999999978403, -0.8356079960461769 
14.99999999997838, -0.8355355129590327 
15.009999999978357, -0.8357911034916303 
15.019999999978333, -0.8361889787946754 
15.02999999997831, -0.8363514361226128 
15.039999999978287, -0.8361975059775736 
15.049999999978263, -0.8367237605306719 
15.05999999997824, -0.8398419649153651 
15.069999999978217, -0.8432689255907649 
15.079999999978194, -0.8437905557896391 
15.08999999997817, -0.8434652331052015 
15.099999999978147, -0.8450965409003631 
15.109999999978124, -0.875445634132343 
15.1199999999781, -0.8840135139501918 
15.129999999978077, -0.8842447776729886 
15.139999999978054, -0.8832236910498925 
15.14999999997803, -0.8670203896576613 
15.159999999978007, -0.8446397171735867 
15.169999999977984, -0.8440211108867095 
15.17999999997796, -0.8439372448992242 
15.189999999977937, -0.8427739902054554 
15.199999999977914, -0.8395608407290108 
15.20999999997789, -0.8374431231594773 
15.219999999977867, -0.8370384227963086 
15.229999999977844, -0.8369008036353989 
15.23999999997782, -0.836450114993888 
15.249999999977797, -0.8359070057445012 
15.259999999977774, -0.8355163091800822 
15.26999999997775, -0.8354339885228591 
15.279999999977727, -0.8354858759088817 
15.289999999977704, -0.8355100518465836 
15.29999999997768, -0.8353852077481606 
15.309999999977657, -0.8352842464458875 
15.319999999977634, -0.8358461543065752 
15.32999999997761, -0.8370880604835872 
15.339999999977588, -0.8379765149367663 
15.349999999977564, -0.8379519265177946 
15.359999999977541, -0.8379060200665077 
15.369999999977518, -0.8442341350667035 
15.379999999977494, -0.8579888256859926 
15.389999999977471, -0.8602934550783428 
15.399999999977448, -0.8601502903870981 
15.409999999977424, -0.857970055329822 
15.419999999977401, -0.8403655166621479 
15.429999999977378, -0.8353939465864832 
15.439999999977355, -0.8358605152859824 
15.449999999977331, -0.8355397263888761 
15.459999999977308, -0.8325937506565878 
15.469999999977285, -0.8268969345085128 
15.479999999977261, -0.8248081715418707 
15.489999999977238, -0.8246485956343523 
15.499999999977215, -0.8243838110517372 
15.509999999977191, -0.8237023559734573 
15.519999999977168, -0.8230533303991842 
15.529999999977145, -0.8226933579487797 
15.539999999977121, -0.822655250726255 
15.549999999977098, -0.8226603201179894 
15.559999999977075, -0.8226141745920379 
15.569999999977052, -0.8224387628899061 
15.579999999977028, -0.8224544147181225 
15.589999999977005, -0.8231793023674242 
15.599999999976982, -0.8244173165745899 
15.609999999976958, -0.8250070332490789 
15.619999999976935, -0.8248710294415841 
15.629999999976912, -0.8253079276977063 
15.639999999976888, -0.8362990367954624 
15.649999999976865, -0.8491466496563612 
15.659999999976842, -0.8502705500554968 
15.669999999976818, -0.8499324352925802 
15.679999999976795, -0.8449032336641406 
15.689999999976772, -0.8147343295312547 
15.699999999976749, -0.8103800839023624 
15.709999999976725, -0.8105403568971137 
15.719999999976702, -0.8100786691806982 
15.729999999976679, -0.8076493496476657 
15.739999999976655, -0.8049070222811792 
15.749999999976632, -0.8039054244935219 
15.759999999976609, -0.8037833121865154 
15.769999999976585, -0.8035728583982888 
15.779999999976562, -0.8031971684608082 
15.789999999976539, -0.8028475333935098 
15.799999999976515, -0.802684655736667 
15.809999999976492, -0.8028318327206923 
15.819999999976469, -0.8031463117759727 
15.829999999976446, -0.803365981946255 
15.839999999976422, -0.8032474012576476 
15.849999999976399, -0.8034532648506452 
15.859999999976376, -0.8065258244466744 
15.869999999976352, -0.8119299797022268 
15.879999999976329, -0.8132871779555533 
15.889999999976306, -0.8131138721748946 
15.899999999976282, -0.8115585501480893 
15.90999999997626, -0.806440861656028 
15.919999999976236, -0.8058931733149506 
15.929999999976213, -0.8064225276085721 
15.93999999997619, -0.8061337823445325 
15.949999999976166, -0.803647821370097 
15.959999999976143, -0.7991392719071947 
15.96999999997612, -0.7973030447167685 
15.979999999976096, -0.7971007515266267 
15.989999999976073, -0.7969177933122605 
15.99999999997605, -0.7964717167331812 
16.009999999976028, -0.7960370502378143 
16.019999999976005, -0.7957706152532228 
16.02999999997598, -0.7958105996572995 
16.039999999975958, -0.7960249432961188 
16.049999999975935, -0.7962458037071747 
16.05999999997591, -0.7961807711669172 
16.069999999975888, -0.7961505918126155 
16.079999999975865, -0.797965155190083 
16.08999999997584, -0.8027586328371962 
16.099999999975818, -0.8050499666326729 
16.109999999975795, -0.8050706848748218 
16.11999999997577, -0.8041726946127997 
16.129999999975748, -0.8005378546223687 
16.139999999975725, -0.7975721910013209 
16.1499999999757, -0.7984533575333698 
16.15999999997568, -0.7983677711268331 
16.169999999975655, -0.7969448690890544 
16.17999999997563, -0.7928393791072398 
16.18999999997561, -0.7904200617283629 
16.199999999975585, -0.789984293582714 
16.20999999997556, -0.789875320317797 
16.21999999997554, -0.789536277582332 
16.229999999975515, -0.7891414339342107 
16.239999999975492, -0.7888403699489116 
16.24999999997547, -0.7888240898826904 
16.259999999975445, -0.7890786902105107 
16.269999999975422, -0.7894469645676179 
16.2799999999754, -0.7895336491452281 
16.289999999975375, -0.7893829068506778 
16.299999999975352, -0.7905465276584331 
16.30999999997533, -0.7968887592203445 
16.319999999975305, -0.8021772940110397 
16.329999999975282, -0.8026290906892886 
16.33999999997526, -0.802103861630821 
16.349999999975235, -0.7947909161702434 
16.359999999975212, -0.7658538279351625 
16.36999999997519, -0.7634124507684009 
16.379999999975166, -0.7634858271361019 
16.389999999975142, -0.762999050544323 
16.39999999997512, -0.7613476613689143 
16.409999999975096, -0.7599350823031915 
16.419999999975072, -0.7593568135711255 
16.42999999997505, -0.7592772671134368 
16.439999999975026, -0.7592235004503469 
16.449999999975002, -0.7591394272757459 
16.45999999997498, -0.7589769759105637 
16.469999999974956, -0.7589466480995838 
16.479999999974932, -0.7597814800379221 
16.48999999997491, -0.7618186745623294 
16.499999999974886, -0.7632261386323395 
16.509999999974863, -0.7632498156052924 
16.51999999997484, -0.7626714154976607 
16.529999999974816, -0.7662215833436617 
16.539999999974793, -0.7752663766337169 
16.54999999997477, -0.7766713931185404 
16.559999999974746, -0.7766543802901199 
16.569999999974723, -0.7755347389016448 
16.5799999999747, -0.7719060906873858 
16.589999999974676, -0.769522016574875 
16.599999999974653, -0.7689732443924101 
16.60999999997463, -0.768889562867081 
16.619999999974606, -0.7686559552100778 
16.629999999974583, -0.768366126633154 
16.63999999997456, -0.7681084795547523 
16.649999999974536, -0.7681100602763133 
16.659999999974513, -0.7685449524478328 
16.66999999997449, -0.769304359897178 
16.679999999974466, -0.7696743994902369 
16.689999999974443, -0.7695231220068084 
16.69999999997442, -0.7701296816342219 
16.709999999974396, -0.7842974125878455 
16.719999999974373, -0.800608350994995 
16.72999999997435, -0.8018170548920908 
16.739999999974327, -0.8015172102867136 
16.749999999974303, -0.7968582819226493 
16.75999999997428, -0.7780458892093812 
16.769999999974257, -0.7727812098483315 
16.779999999974233, -0.7726505859270097 
16.78999999997421, -0.7724135930852792 
16.799999999974187, -0.7716019089959621 
16.809999999974163, -0.77078530115483 
16.81999999997414, -0.7703284364059395 
16.829999999974117, -0.7702522386975976 
16.839999999974093, -0.7703126743990963 
16.84999999997407, -0.7703871279362047 
16.859999999974047, -0.7703132071305214 
16.869999999974024, -0.7702208204612743 
16.879999999974, -0.7712412734601994 
16.889999999973977, -0.7745884090386513 
16.899999999973954, -0.7772167964486577 
16.90999999997393, -0.7774181668485733 
16.919999999973907, -0.7768214910990227 
16.929999999973884, -0.7721272496146366 
16.93999999997386, -0.7568661800454973 
16.949999999973837, -0.7565147843641206 
16.959999999973814, -0.7565741808374477 
16.96999999997379, -0.7559408358938071 
16.979999999973767, -0.7539356772718603 
16.989999999973744, -0.7523899269966663 
16.99999999997372, -0.7518343619880031 
17.009999999973697, -0.751765987238343 
17.019999999973674, -0.7516930786251134 
17.02999999997365, -0.7515915561435871 
17.039999999973627, -0.7514200534183223 
17.049999999973604, -0.7514255261875483 
17.05999999997358, -0.7523421095941848 
17.069999999973557, -0.7544672174516197 
17.079999999973534, -0.7557873454212236 
17.08999999997351, -0.7557734042052364 
17.099999999973488, -0.7550889435606669 
17.109999999973464, -0.756013252919589 
17.11999999997344, -0.7558435328142649 
17.129999999973418, -0.756617160102705 
17.139999999973394, -0.7565777518333527 
17.14999999997337, -0.7555751213457694 
17.159999999973348, -0.7530446004344866 
17.169999999973324, -0.7514569267790031 
17.1799999999733, -0.7510146749548083 
17.189999999973278, -0.7509569134550315 
17.199999999973254, -0.7508363954941648 
17.20999999997323, -0.7506885724373545 
17.219999999973208, -0.7504984356856917 
17.229999999973185, -0.7505982915733316 
17.23999999997316, -0.7515649974778866 
17.249999999973138, -0.7533915930001112 
17.259999999973115, -0.7542197864643424 
17.26999999997309, -0.754086776005657 
17.279999999973068, -0.7535196676977569 
17.289999999973045, -0.763331257595595 
17.29999999997302, -0.7713261959694664 
17.309999999972998, -0.7721704485815509 
17.319999999972975, -0.7719978598624395 
17.32999999997295, -0.770255194767142 
17.339999999972928, -0.7666168211398933 
17.349999999972905, -0.7648166198533016 
17.35999999997288, -0.7644994294383766 
17.36999999997286, -0.7644032382162737 
17.379999999972835, -0.764153656892075 
17.38999999997281, -0.7638854495657882 
17.39999999997279, -0.7636682742372854 
17.409999999972765, -0.7637910693031672 
17.41999999997274, -0.764392506077056 
17.42999999997272, -0.7652587706473024 
17.439999999972695, -0.7655034499518324 
17.449999999972672, -0.7652959997525032 
17.45999999997265, -0.76705875112825 
17.469999999972625, -0.7897344796815964 
17.479999999972602, -0.8019687465177373 
17.48999999997258, -0.8025120027474913 
17.499999999972555, -0.8019612881661276 
17.509999999972532, -0.7948069908975746 
17.51999999997251, -0.7804148328629733 
17.529999999972485, -0.7777686152695468 
17.539999999972462, -0.7776959510755491 
17.54999999997244, -0.7773601391388433 
17.559999999972415, -0.7765420450582105 
17.569999999972392, -0.7758511703722908 
17.57999999997237, -0.7755074077657332 
17.589999999972346, -0.7754952851043199 
17.599999999972322, -0.7755731081687106 
17.6099999999723, -0.7756399768952446 
17.619999999972276, -0.7755221773977057 
17.629999999972252, -0.7755498753023354 
17.63999999997223, -0.7770786171750391 
17.649999999972206, -0.7806770827840761 
17.659999999972182, -0.7824325117202527 
17.66999999997216, -0.7824108013071559 
17.679999999972136, -0.7814834373421621 
17.689999999972112, -0.7768923738685382 
17.69999999997209, -0.770525341141628 
17.709999999972066, -0.7711075146671869 
17.719999999972043, -0.7710261405414444 
17.72999999997202, -0.7698587344081669 
17.739999999971996, -0.7671183214921309 
17.749999999971973, -0.7654892306597748 
17.75999999997195, -0.765090975684445 
17.769999999971926, -0.7650204580113404 
17.779999999971903, -0.7648425891139498 
17.78999999997188, -0.7646323358847339 
17.799999999971856, -0.7644211846672712 
17.809999999971833, -0.7645253800412456 
17.81999999997181, -0.7652366621780113 
17.829999999971786, -0.7663885375016478 
17.839999999971763, -0.7668267279675361 
17.84999999997174, -0.766639805684713 
17.859999999971716, -0.7673371053178545 
17.869999999971693, -0.7904587417388914 
17.87999999997167, -0.8076280035326991 
17.889999999971646, -0.808479862878275 
17.899999999971623, -0.8081021582272424 
17.9099999999716, -0.8032309727658459 
17.919999999971576, -0.7908459391481999 
17.929999999971553, -0.7875586553782674 
17.93999999997153, -0.7874358369752406 
17.949999999971507, -0.7871650634238566 
17.959999999971483, -0.7864020958741231 
17.96999999997146, -0.785692176691647 
17.979999999971437, -0.7853053906026412 
17.989999999971413, -0.7852652336317312 
17.99999999997139, -0.7853251694651014 
18.009999999971367, -0.7853760457979939 
18.019999999971343, -0.7852619690174325 
18.02999999997132, -0.7852335090320526 
18.039999999971297, -0.7863700308609752 
18.049999999971273, -0.789150611970164 
18.05999999997125, -0.7908114585595069 
18.069999999971227, -0.7908270701479627 
18.079999999971204, -0.790211502254857 
18.08999999997118, -0.7959515797904965 
18.099999999971157, -0.8115427019814084 
18.109999999971134, -0.8133026283000011 
18.11999999997111, -0.8132272632577234 
18.129999999971087, -0.8115108116167037 
18.139999999971064, -0.8047333425747514 
18.14999999997104, -0.8007822786881642 
18.159999999971017, -0.8003089012615768 
18.169999999970994, -0.800175343252336 
18.17999999997097, -0.799668731397868 
18.189999999970947, -0.7990499002987903 
18.199999999970924, -0.7986227863295593 
18.2099999999709, -0.798519275691942 
18.219999999970877, -0.7986016400041143 
18.229999999970854, -0.7987071925507352 
18.23999999997083, -0.7986648669689006 
18.249999999970807, -0.7985326186386728 
18.259999999970784, -0.7992291448662048 
18.26999999997076, -0.8016437434569678 
18.279999999970737, -0.8038888838569763 
18.289999999970714, -0.8041362138630997 
18.29999999997069, -0.803730752239503 
18.309999999970668, -0.8066813149915386 
18.319999999970644, -0.8344475508632361 
18.32999999997062, -0.8394011262768907 
18.339999999970598, -0.8395156598548446 
18.349999999970574, -0.8383551778203217 
18.35999999997055, -0.8283375844201462 
18.369999999970528, -0.8188526793370058 
18.379999999970504, -0.8179236482639484 
18.38999999997048, -0.8178218687077002 
18.399999999970458, -0.8171641301551921 
18.409999999970434, -0.816010169349787 
18.41999999997041, -0.8151993050945349 
18.429999999970388, -0.8149288270584131 
18.439999999970365, -0.814883022982332 
18.44999999997034, -0.8147634252855526 
18.459999999970318, -0.8145836788007682 
18.469999999970295, -0.814387906321485 
18.47999999997027, -0.8145539500921294 
18.489999999970248, -0.8151967281847365 
18.499999999970225, -0.8159654901412678 
18.5099999999702, -0.816102288865013 
18.519999999970178, -0.8159252972322079 
18.529999999970155, -0.8181539696039466 
18.53999999997013, -0.8293903603492008 
18.549999999970108, -0.8348513358807106 
18.559999999970085, -0.8350759922796722 
18.56999999997006, -0.8342435700604353 
18.57999999997004, -0.8222726837648396 
18.589999999970015, -0.7992051320332354 
18.59999999996999, -0.7989689559597338 
18.60999999996997, -0.7989533860250274 
18.619999999969945, -0.7980206666605062 
18.62999999996992, -0.7951802209313121 
18.6399999999699, -0.7931700843328312 
18.649999999969875, -0.7926456478796567 
18.659999999969852, -0.7925574694601915 
18.66999999996983, -0.7923093489042983 
18.679999999969805, -0.7919913997872482 
18.689999999969782, -0.7917128012190074 
18.69999999996976, -0.7916933073397595 
18.709999999969735, -0.7920126897276685 
18.719999999969712, -0.7925167284136224 
18.72999999996969, -0.7927126906493105 
18.739999999969665, -0.7925539068564099 
18.749999999969642, -0.7934485277941695 
18.75999999996962, -0.8009507612644371 
18.769999999969595, -0.8084856926208621 
18.779999999969572, -0.8092166663566959 
18.78999999996955, -0.8088046492315258 
18.799999999969526, -0.8026188695223537 
18.809999999969502, -0.7709307885125241 
18.81999999996948, -0.7664263031767458 
18.829999999969456, -0.7665048585038693 
18.839999999969432, -0.7661228406392561 
18.84999999996941, -0.7646783146513747 
18.859999999969386, -0.7633028756697392 
18.869999999969362, -0.7626818094303011 
18.87999999996934, -0.7625825856188346 
18.889999999969316, -0.7625429496306575 
18.899999999969292, -0.7624727068054177 
18.90999999996927, -0.7623227759630914 
18.919999999969246, -0.7622539176451116 
18.929999999969223, -0.7629968137861141 
18.9399999999692, -0.7649804979295246 
18.949999999969176, -0.7665582819980885 
18.959999999969153, -0.7666458872161408 
18.96999999996913, -0.7661334716782875 
18.979999999969106, -0.7690362963726863 
18.989999999969083, -0.7814488190297628 
18.99999999996906, -0.7833520585860471 
19.009999999969036, -0.7833882476680232 
19.019999999969013, -0.7823848861178309 
19.02999999996899, -0.7784160409669162 
19.039999999968966, -0.7755050784693024 
19.049999999968943, -0.774831480418535 
19.05999999996892, -0.7747428081888064 
19.069999999968896, -0.7744845250045999 
19.079999999968873, -0.7741400172916308 
19.08999999996885, -0.7738456798320746 
19.099999999968826, -0.7737913734742244 
19.109999999968803, -0.7741005653768628 
19.11999999996878, -0.7746622328978645 
19.129999999968756, -0.7749702085547292 
19.139999999968733, -0.7748321863146167 
19.14999999996871, -0.7753444661734199 
19.159999999968687, -0.784428731731408 
19.169999999968663, -0.7970457182778511 
19.17999999996864, -0.7983984258938143 
19.189999999968617, -0.7981365437623392 
19.199999999968593, -0.7938291048482127 
19.20999999996857, -0.7687759544577291 
19.219999999968547, -0.7614415695439581 
19.229999999968523, -0.7613356095147465 
19.2399999999685, -0.7611149495680666 
19.249999999968477, -0.7602451135229353 
19.259999999968453, -0.7593159045252538 
19.26999999996843, -0.7587985110377209 
19.279999999968407, -0.7586939669793927 
19.289999999968384, -0.7587484034026786 
19.29999999996836, -0.758828371401696 
19.309999999968337, -0.7587803404894566 
19.319999999968314, -0.7586612883119986 
19.32999999996829, -0.7595681976898572 
19.339999999968267, -0.7632580778568313 
19.349999999968244, -0.7667390400175818 
19.35999999996822, -0.7671128069205083 
19.369999999968197, -0.7666095980250707 
19.379999999968174, -0.759979321903142 
19.38999999996815, -0.7303174670097351 
19.399999999968127, -0.7270266589830675 
19.409999999968104, -0.7270838011799964 
19.41999999996808, -0.7267191258896476 
19.429999999968057, -0.7256163978026421 
19.439999999968034, -0.7246955519908818 
19.44999999996801, -0.7242625807794908 
19.459999999967987, -0.7242227100828821 
19.469999999967964, -0.7243350852140091 
19.47999999996794, -0.7245086364203598 
19.489999999967917, -0.7244868447680936 
19.499999999967894, -0.7243847630842251 
19.50999999996787, -0.7262482242326118 
19.519999999967848, -0.7359229881940933 
19.529999999967824, -0.7422903301312617 
19.5399999999678, -0.7426778940700763 
19.549999999967778, -0.7420440353263448 
19.559999999967754, -0.7339791764695784 
19.56999999996773, -0.7201112105670167 
19.579999999967708, -0.7176530512870836 
19.589999999967684, -0.7175526816294843 
19.59999999996766, -0.7173323812488858 
19.609999999967638, -0.7168775961036081 
19.619999999967614, -0.7165046949870528 
19.62999999996759, -0.7163054119568102 
19.639999999967568, -0.7164813104805883 
19.649999999967545, -0.7171054411264066 
19.65999999996752, -0.7179365701828718 
19.669999999967498, -0.7180906738254439 
19.679999999967475, -0.717821874443804 
19.68999999996745, -0.7204079607260822 
19.699999999967428, -0.7486434354340824 
19.709999999967405, -0.7551756662531343 
19.71999999996738, -0.7554825535889844 
19.729999999967358, -0.7549645329945763 
19.739999999967335, -0.7519367866136066 
19.74999999996731, -0.7486644894161544 
19.759999999967288, -0.7475757148770973 
19.769999999967265, -0.7474464223842926 
19.77999999996724, -0.7473152010124166 
19.78999999996722, -0.7470901117861986 
19.799999999967195, -0.7468618797450043 
19.80999999996717, -0.7467451702818921 
19.81999999996715, -0.7471476209720678 
19.829999999967125, -0.7482539003012125 
19.8399999999671, -0.7493597931310431 
19.84999999996708, -0.749457324656569 
19.859999999967055, -0.7491105296850673 
19.869999999967032, -0.7539313392717505 
19.87999999996701, -0.7819860646531359 
19.889999999966985, -0.7861118917542351 
19.899999999966962, -0.7862287539103192 
19.90999999996694, -0.7853000914964967 
19.919999999966915, -0.780202724070283 
19.929999999966892, -0.7758352159591448 
19.93999999996687, -0.7749143628449138 
19.949999999966845, -0.774822793459218 
19.959999999966822, -0.7745277937675084 
19.9699999999668, -0.774087874841182 
19.979999999966775, -0.7737299954919654 
19.989999999966752, -0.7736072918040908 
19.99999999996673, -0.7737998772448254 
20.009999999966706, -0.7741864400321478 
20.019999999966682, -0.774439072698322 
20.02999999996666, -0.7743160298766861 
20.039999999966636, -0.7746479068433045 
20.049999999966612, -0.7803146699368346 
20.05999999996659, -0.7901223807664756 
20.069999999966566, -0.7917472519282563 
20.079999999966542, -0.7915573172191591 
20.08999999996652, -0.7883809905711029 
20.099999999966496, -0.7607645416776319 
20.109999999966472, -0.7500889832129042 
20.11999999996645, -0.74995542883646 
20.129999999966426, -0.749779665082759 
20.139999999966403, -0.7489384835535594 
20.14999999996638, -0.7479322686501554 
20.159999999966356, -0.7473562170849712 
20.169999999966333, -0.7472136104333168 
20.17999999996631, -0.7472718094340528 
20.189999999966286, -0.747377104318556 
20.199999999966263, -0.7473786771906301 
20.20999999996624, -0.7472379835290965 
20.219999999966216, -0.7479590118042382 
20.229999999966193, -0.7521714850578057 
20.23999999996617, -0.7573094996838617 
20.249999999966146, -0.7580358971517946 
20.259999999966123, -0.7576804823241203 
20.2699999999661, -0.7522917211346667 
20.279999999966076, -0.7221800073369445 
20.289999999966053, -0.7156383807391808 
20.29999999996603, -0.7155772695942307 
20.309999999966006, -0.7153652768507801 
20.319999999965983, -0.7146579935429511 
20.32999999996596, -0.7139941584329575 
20.339999999965936, -0.7136254843594795 
20.349999999965913, -0.7136012517255155 
20.35999999996589, -0.7138483902937343 
20.369999999965867, -0.7142822023316392 
20.379999999965843, -0.7144424291682707 
20.38999999996582, -0.7142724034002215 
20.399999999965797, -0.715545898639264 
20.409999999965773, -0.7350299246506264 
20.41999999996575, -0.7506893101184092 
20.429999999965727, -0.7515532230398296 
20.439999999965703, -0.7512238659281512 
20.44999999996568, -0.7477802743970143 
20.459999999965657, -0.7408869172299091 
20.469999999965633, -0.7385367641076119 
20.47999999996561, -0.738305616678693 
20.489999999965587, -0.7381722443116359 
20.499999999965564, -0.7378489877837362 
20.50999999996554, -0.7375420375743338 
20.519999999965517, -0.7373321184699517 
20.529999999965494, -0.7374862477313482 
20.53999999996547, -0.7381444077347676 
20.549999999965447, -0.7390965693694775 
20.559999999965424, -0.739348027587281 
20.5699999999654, -0.7391109320962285 
20.579999999965377, -0.7407787700981562 
20.589999999965354, -0.7694915170482317 
20.59999999996533, -0.7806689108189945 
20.609999999965307, -0.7811496556159105 
20.619999999965284, -0.7806674429915585 
20.62999999996526, -0.7765320946549219 
20.639999999965237, -0.7704379985202378 
20.649999999965214, -0.7686841639761903 
20.65999999996519, -0.7685474814054045 
20.669999999965167, -0.7683344691628575 
20.679999999965144, -0.7678927788107942 
20.68999999996512, -0.7675005754984031 
20.699999999965097, -0.7672874940162009 
20.709999999965074, -0.7674034500825359 
20.71999999996505, -0.7677653945986757 
20.729999999965028, -0.7681488110545148 
20.739999999965004, -0.7681219266635296 
20.74999999996498, -0.7680647870177758 
20.759999999964958, -0.7716217040450305 
20.769999999964934, -0.7840083797909189 
20.77999999996491, -0.7880765089715877 
20.789999999964888, -0.7881514209953817 
20.799999999964864, -0.7868568592652648 
20.80999999996484, -0.7694460903003529 
20.819999999964818, -0.7514950996112054 
20.829999999964794, -0.7504683785205619 
20.83999999996477, -0.7504041991925499 
20.849999999964748, -0.7498631514529521 
20.859999999964725, -0.7489331316054338 
20.8699999999647, -0.74829784148417 
20.879999999964678, -0.7480562477009832 
20.889999999964655, -0.7481035300702902 
20.89999999996463, -0.7482423032232531 
20.909999999964608, -0.7483455273003389 
20.919999999964585, -0.7482196082040877 
20.92999999996456, -0.7484452728236738 
20.939999999964538, -0.7518146236666626 
20.949999999964515, -0.7589297297178645 
20.95999999996449, -0.7608123988143635 
20.969999999964468, -0.7607064003156485 
20.979999999964445, -0.7584994039780835 
20.98999999996442, -0.7347719317878688 
20.9999999999644, -0.7210874346800965 
21.009999999964375, -0.7206098404085458 
21.01999999996435, -0.7205098639916699 
21.02999999996433, -0.7199596684852063 
21.039999999964305, -0.7192480988637004 
21.04999999996428, -0.7187966801120677 
21.05999999996426, -0.7186699733697511 
21.069999999964235, -0.7188472893216133 
21.079999999964212, -0.7192408799539176 
21.08999999996419, -0.7195256885756139 
21.099999999964165, -0.7194117135578323 
21.109999999964142, -0.7196713433244109 
21.11999999996412, -0.7305416441190958 
21.129999999964095, -0.7522600374872134 
21.139999999964072, -0.7545189895645771 
21.14999999996405, -0.7544153260869212 
21.159999999964025, -0.7523818638828575 
21.169999999964002, -0.744348317902838 
21.17999999996398, -0.7402465457060793 
21.189999999963955, -0.7397285423342965 
21.199999999963932, -0.7396331941957286 
21.20999999996391, -0.7393156378256085 
21.219999999963886, -0.7389560457222188 
21.229999999963862, -0.7386811505413063 
21.23999999996384, -0.7386846368828142 
21.249999999963816, -0.7391218382758465 
21.259999999963792, -0.7399352746219889 
21.26999999996377, -0.7403585587197657 
21.279999999963746, -0.7402125314356168 
21.289999999963722, -0.7405486130794657 
21.2999999999637, -0.759393028895966 
21.309999999963676, -0.781022853286776 
21.319999999963652, -0.7823421480481718 
21.32999999996363, -0.7821187842727169 
21.339999999963606, -0.7792407811650569 
21.349999999963583, -0.7709687514264264 
21.35999999996356, -0.7676539376829215 
21.369999999963536, -0.7673621282489248 
21.379999999963513, -0.7672101358519917 
21.38999999996349, -0.7667508324245321 
21.399999999963466, -0.7662799825826219 
21.409999999963443, -0.7659709681623088 
21.41999999996342, -0.7659715211766791 
21.429999999963396, -0.7662228088469694 
21.439999999963373, -0.7665834248594868 
21.44999999996335, -0.7666486065388115 
21.459999999963326, -0.766502277669095 
21.469999999963303, -0.7680790778784052 
21.47999999996328, -0.7772223328865366 
21.489999999963256, -0.7837469222281701 
21.499999999963233, -0.7841817421922218 
21.50999999996321, -0.7835815630810113 
21.519999999963186, -0.773763589018515 
21.529999999963163, -0.7476566923916469 
21.53999999996314, -0.7445329966841314 
21.549999999963116, -0.7445144735849718 
21.559999999963093, -0.7441588532840283 
21.56999999996307, -0.7432497575388369 
21.579999999963047, -0.7425120385526252 
21.589999999963023, -0.7421559841672162 
21.599999999963, -0.7421496645006129 
21.609999999962977, -0.742284324068101 
21.619999999962953, -0.7424559481170323 
21.62999999996293, -0.7424004392092062 
21.639999999962907, -0.742349907097681 
21.649999999962883, -0.7445372982093028 
21.65999999996286, -0.7527347567710212 
21.669999999962837, -0.7569506715418579 
21.679999999962813, -0.7571320523837833 
21.68999999996279, -0.7562040919851775 
21.699999999962767, -0.7428686954312274 
21.709999999962744, -0.7238221330471624 
21.71999999996272, -0.7219794482302235 
21.729999999962697, -0.7219309088450568 
21.739999999962674, -0.7215849467083277 
21.74999999996265, -0.72094062749387 
21.759999999962627, -0.7204634889584649 
21.769999999962604, -0.7202506765008744 
21.77999999996258, -0.7203775441900617 
21.789999999962557, -0.7207806357479487 
21.799999999962534, -0.7212436239488861 
21.80999999996251, -0.7212454878580675 
21.819999999962487, -0.7211024149173728 
21.829999999962464, -0.7264454139840474 
21.83999999996244, -0.7537020048399854 
21.849999999962417, -0.7596229104734002 
21.859999999962394, -0.7597793949416656 
21.86999999996237, -0.7588434886264402 
21.879999999962347, -0.7526690098924284 
21.889999999962324, -0.747117604508024 
21.8999999999623, -0.7460172864934984 
21.909999999962277, -0.7459287846563644 
21.919999999962254, -0.7456805496690802 
21.92999999996223, -0.7453015808836174 
21.939999999962208, -0.7449873566825 
21.949999999962184, -0.7448744549714795 
21.95999999996216, -0.7451605670369942 
21.969999999962138, -0.7458303290123033 
21.979999999962114, -0.7464024831184785 
21.98999999996209, -0.7463596015919415 
21.999999999962068, -0.7462646418433018 
22.009999999962044, -0.7552213215507931 
22.01999999996202, -0.7821766920162376 
22.029999999961998, -0.7855970544342292 
22.039999999961974, -0.7855787612388793 
22.04999999996195, -0.783921388710253 
22.059999999961928, -0.7741957658156042 
22.069999999961905, -0.7679290876409949 
22.07999999996188, -0.7672489329152342 
22.089999999961858, -0.7671470929960588 
22.099999999961835, -0.7667054267125113 
22.10999999996181, -0.7661216475612804 
22.119999999961788, -0.7657073285104805 
22.129999999961765, -0.7655892620453248 
22.13999999996174, -0.7657360987914773 
22.149999999961718, -0.7660068759198037 
22.159999999961695, -0.7661345002181469 
22.16999999996167, -0.7659896746367324 
22.179999999961648, -0.7665770920229101 
22.189999999961625, -0.7719376057505385 
22.1999999999616, -0.7792856111856113 
22.20999999996158, -0.7803442705875114 
22.219999999961555, -0.7800600635681392 
22.22999999996153, -0.7756975791630297 
22.23999999996151, -0.7458969441197303 
22.249999999961485, -0.7378603595180443 
22.25999999996146, -0.7378048559086821 
22.26999999996144, -0.737591924678637 
22.279999999961415, -0.73675095869144 
22.289999999961392, -0.7358754366755963 
22.29999999996137, -0.7353928422215904 
22.309999999961345, -0.7353016313139074 
22.319999999961322, -0.7354113726688336 
22.3299999999613, -0.7356026316465767 
22.339999999961275, -0.7356385713513774 
22.349999999961252, -0.7354983980600193 
22.35999999996123, -0.7365736731090426 
22.369999999961205, -0.7439618978966778 
22.379999999961182, -0.7515308230967734 
22.38999999996116, -0.7522565106454379 
22.399999999961135, -0.7518519001458522 
22.409999999961112, -0.7457721155220111 
22.41999999996109, -0.7263484222068787 
22.429999999961066, -0.7220031562956072 
22.439999999961042, -0.7218624629500633 
22.44999999996102, -0.72166840310211 
22.459999999960996, -0.7211333918699736 
22.469999999960972, -0.7206540146346734 
22.47999999996095, -0.7203733591286232 
22.489999999960926, -0.7204252093696731 
22.499999999960902, -0.7208166621537512 
22.50999999996088, -0.7214373882355332 
22.519999999960856, -0.721625704322409 
22.529999999960832, -0.7214264355135526 
22.53999999996081, -0.72308470872575 
22.549999999960786, -0.7489846876920762 
22.559999999960763, -0.7627175809510541 
22.56999999996074, -0.7633362895073905 
22.579999999960716, -0.762926856961787 
22.589999999960693, -0.7592077099929712 
22.59999999996067, -0.7531574859089776 
22.609999999960646, -0.7512427685686034 
22.619999999960623, -0.75106798024148 
22.6299999999606, -0.7509052716737028 
22.639999999960576, -0.7505501375300576 
22.649999999960553, -0.7502225106226783 
22.65999999996053, -0.7500231445436688 
22.669999999960506, -0.7501880134144544 
22.679999999960483, -0.7507528895505192 
22.68999999996046, -0.7514529828444534 
22.699999999960436, -0.7515549614823072 
22.709999999960413, -0.7513468549550816 
22.71999999996039, -0.7548715724024951 
22.729999999960366, -0.7806927527009699 
22.739999999960343, -0.7888323045471274 
22.74999999996032, -0.7891028500638472 
22.759999999960296, -0.7882913152261225 
22.769999999960273, -0.7801871073415859 
22.77999999996025, -0.7701066655104223 
22.789999999960227, -0.7685014462100347 
22.799999999960203, -0.76842400954543 
22.80999999996018, -0.768071864761547 
22.819999999960157, -0.767412368471642 
22.829999999960133, -0.7668959289510139 
22.83999999996011, -0.7666626923014029 
22.849999999960087, -0.7667293289605561 
22.859999999960063, -0.7669265512661843 
22.86999999996004, -0.7670932223766627 
22.879999999960017, -0.7669851727758649 
22.889999999959993, -0.7671154768735385 
22.89999999995997, -0.7701403220066773 
22.909999999959947, -0.7769851289452777 
22.919999999959924, -0.7790619275113466 
22.9299999999599, -0.778987623835681 
22.939999999959877, -0.7771854632725428 
22.949999999959854, -0.7532708377787253 
22.95999999995983, -0.7359102375108844 
22.969999999959807, -0.7355765929368072 
22.979999999959784, -0.7354763303550654 
22.98999999995976, -0.7347668387058847 
22.999999999959737, -0.7337157918253038 
23.009999999959714, -0.7330723957223569 
23.01999999995969, -0.7328660160042546 
23.029999999959667, -0.7329267132819994 
23.039999999959644, -0.7330768367175157 
23.04999999995962, -0.7331731047794133 
23.059999999959597, -0.7330403419215948 
23.069999999959574, -0.7334055320702061 
23.07999999995955, -0.7381160491253738 
23.089999999959527, -0.7471448456686343 
23.099999999959504, -0.7489025858236332 
23.10999999995948, -0.7487561536831463 
23.119999999959457, -0.746038571896831 
23.129999999959434, -0.7273673880298092 
23.13999999995941, -0.7188250777478336 
23.149999999959388, -0.718349048331927 
23.159999999959364, -0.7182427614726186 
23.16999999995934, -0.717796892738404 
23.179999999959318, -0.7172856449381212 
23.189999999959294, -0.7169448570093602 
23.19999999995927, -0.7168941532312446 
23.209999999959248, -0.717211916753065 
23.219999999959224, -0.71786394306736 
23.2299999999592, -0.7182728858754522 
23.239999999959178, -0.7181500407813347 
23.249999999959154, -0.7182957298895553 
23.25999999995913, -0.7348408340047194 
23.269999999959108, -0.7590342721361297 
23.279999999959085, -0.7606737377980705 
23.28999999995906, -0.7605402051083429 
23.299999999959038, -0.7586381060098166 
23.309999999959015, -0.753261866115684 
23.31999999995899, -0.7505859648420589 
23.329999999958968, -0.7501710241772143 
23.339999999958945, -0.7500759043140366 
23.34999999995892, -0.7497992364235286 
23.359999999958898, -0.7494980519059895 
23.369999999958875, -0.7492556693850577 
23.37999999995885, -0.7493167487778918 
23.389999999958828, -0.7498541225971297 
23.399999999958805, -0.7507538246375718 
23.40999999995878, -0.751120638952928 
23.41999999995876, -0.7509410725869471 
23.429999999958735, -0.7517004504755667 
23.43999999995871, -0.7738005636539328 
23.44999999995869, -0.7915194552688115 
23.459999999958665, -0.7924401250843963 
23.46999999995864, -0.7921019706127602 
23.47999999995862, -0.787979172986093 
23.489999999958595, -0.7778298881455114 
23.499999999958572, -0.7747193129922738 
23.50999999995855, -0.7745450291809525 
23.519999999958525, -0.7743304848822703 
23.529999999958502, -0.773740935096942 
23.53999999995848, -0.7731832898918259 
23.549999999958455, -0.7728566802693667 
23.559999999958432, -0.7728519720003943 
23.56999999995841, -0.7730198413644185 
23.579999999958385, -0.7732255597074426 
23.589999999958362, -0.7731864150486462 
23.59999999995834, -0.7731075493662402 
23.609999999958315, -0.7747782371646335 
23.619999999958292, -0.7805436831097092 
23.62999999995827, -0.7839563077014304 
23.639999999958246, -0.7841219854316093 
23.649999999958222, -0.7833009819253614 
23.6599999999582, -0.7707952940290748 
23.669999999958176, -0.7439453754817251 
23.679999999958152, -0.742732528551598 
23.68999999995813, -0.7427317753898136 
23.699999999958106, -0.7421689762430783 
23.709999999958082, -0.740852007961043 
23.71999999995806, -0.739911767613766 
23.729999999958036, -0.73953681620207 
23.739999999958012, -0.7395208165910335 
23.74999999995799, -0.7395716701138831 
23.759999999957966, -0.7396237998583133 
23.769999999957943, -0.7395072565987364 
23.77999999995792, -0.7395666964879853 
23.789999999957896, -0.7416255630079525 
23.799999999957873, -0.7471754698635151 
23.80999999995785, -0.7496456544953666 
23.819999999957826, -0.7496714417417464 
23.829999999957803, -0.7483858928796511 
23.83999999995778, -0.7295732362872146 
23.849999999957756, -0.7094137475201546 
23.859999999957733, -0.7083018020076227 
23.86999999995771, -0.7082513939470729 
23.879999999957686, -0.7078264234878782 
23.889999999957663, -0.7071465808382262 
23.89999999995764, -0.7066831326580858 
23.909999999957616, -0.706507267346191 
23.919999999957593, -0.7066767653880297 
23.92999999995757, -0.7071489666035808 
23.939999999957546, -0.7076412939207477 
23.949999999957523, -0.7076223091843532 
23.9599999999575, -0.7074591125124083 
23.969999999957476, -0.7148823334824214 
23.979999999957453, -0.7457452206547618 
23.98999999995743, -0.7499824344736225 
23.999999999957407, -0.7500743715130005 
24.009999999957383, -0.7491251615366177 
24.01999999995736, -0.7447685214515233 
24.029999999957337, -0.7414497975521527 
24.039999999957313, -0.7406490590622699 
24.04999999995729, -0.7405648782282336 
24.059999999957267, -0.740382618468163 
24.069999999957243, -0.7401349007231117 
24.07999999995722, -0.739898702192478 
24.089999999957197, -0.7398555848742621 
24.099999999957173, -0.7403852012272246 
24.10999999995715, -0.7415946632229107 
24.119999999957127, -0.7424909864420562 
24.129999999957104, -0.7424641190601783 
24.13999999995708, -0.742084280617234 
24.149999999957057, -0.7512592657185111 
24.159999999957034, -0.7730078574135298 
24.16999999995701, -0.7750139639365085 
24.179999999956987, -0.7749843669471184 
24.189999999956964, -0.7736906455146892 
24.19999999995694, -0.7691959677496585 
24.209999999956917, -0.7663656650929374 
24.219999999956894, -0.765805265883052 
24.22999999995687, -0.7657165671029117 
24.239999999956847, -0.7654474712205632 
24.249999999956824, -0.7651186451470245 
24.2599999999568, -0.7648442908155536 
24.269999999956777, -0.764832649810258 
24.279999999956754, -0.7652163129327471 
24.28999999995673, -0.7658875991435461 
24.299999999956707, -0.7662147273874194 
24.309999999956684, -0.7660627627186863 
24.31999999995666, -0.7667205452938968 
24.329999999956637, -0.779919162380553 
24.339999999956614, -0.7952535620776804 
24.34999999995659, -0.7964466525680636 
24.359999999956568, -0.796146291788739 
24.369999999956544, -0.7914850845382987 
24.37999999995652, -0.7726291383318573 
24.389999999956498, -0.7673384370527466 
24.399999999956474, -0.7671990509249035 
24.40999999995645, -0.7669715533094946 
24.419999999956428, -0.7662003327850697 
24.429999999956404, -0.7654281553002642 
24.43999999995638, -0.7649912350286089 
24.449999999956358, -0.764922611588079 
24.459999999956334, -0.7650073602770248 
24.46999999995631, -0.7651221953241222 
24.479999999956288, -0.7650725807197087 
24.489999999956265, -0.7649707503948696 
24.49999999995624, -0.7661034471079343 
24.509999999956218, -0.7702862998842167 
24.519999999956195, -0.7735948650022471 
24.52999999995617, -0.7738616536315278 
24.539999999956148, -0.7732503580259519 
24.549999999956125, -0.7650443583734833 
24.5599999999561, -0.7371920940807691 
24.569999999956078, -0.7351840744052466 
24.579999999956055, -0.7352274124727576 
24.58999999995603, -0.7347682113291524 
24.599999999956008, -0.7334994296667424 
24.609999999955985, -0.7325120515365889 
24.61999999995596, -0.7320840105474233 
24.62999999995594, -0.7320501558246084 
24.639999999955915, -0.7321192391336686 
24.64999999995589, -0.7322140810571445 
24.65999999995587, -0.7321349964045192 
24.669999999955845, -0.7320995105525353 
24.67999999995582, -0.7339914040304837 
24.6899999999558, -0.740794320958023 
24.699999999955775, -0.7446570529362142 
24.709999999955752, -0.744843712409887 
24.71999999995573, -0.7439550332411776 
24.729999999955705, -0.7311119594320127 
24.739999999955682, -0.7120891919049798 
24.74999999995566, -0.7101001995200852 
24.759999999955635, -0.710047820993579 
24.769999999955612, -0.7097433358080666 
24.77999999995559, -0.7091787976776228 
24.789999999955565, -0.70875572667369 
24.799999999955542, -0.7085621391270561 
24.80999999995552, -0.7087342523992282 
24.819999999955495, -0.7092865993182305 
24.829999999955472, -0.7099624185722935 
24.83999999995545, -0.7100356876741359 
24.849999999955426, -0.7097779493068013 
24.859999999955402, -0.7140370730608608 
24.86999999995538, -0.7442641486842339 
24.879999999955356, -0.7497021140350973 
24.889999999955332, -0.7499174070117592 
24.89999999995531, -0.7492816269326117 
24.909999999955286, -0.7460140546793681 
24.919999999955262, -0.7429662062244845 
24.92999999995524, -0.7420280198802534 
24.939999999955216, -0.7419213588400799 
24.949999999955192, -0.7417879090126154 
24.95999999995517, -0.7415818651323549 
24.969999999955146, -0.7413668241467886 
24.979999999955123, -0.7412827726860606 
24.9899999999551, -0.7417946541653251 
24.999999999955076, -0.743136127890692 
