t, s[1].omega / s[0].omega 
0, -0.9599977081040626 
0.009999999999999995, -0.9597121348927101 
0.019999999999999934, -0.9595535349103435 
0.029999999999999874, -0.959381216754907 
0.04000000000000012, -0.9591556963414042 
0.050000000000000405, -0.95910416184642 
0.06000000000000069, -0.958897047268126 
0.07000000000000098, -0.9588512298757549 
0.08000000000000126, -0.9588313509048438 
0.09000000000000155, -0.9586598610040756 
0.10000000000000184, -0.9588659716621611 
0.11000000000000212, -0.9587398705661818 
0.12000000000000241, -0.9589185091417953 
0.130000000000002, -0.9592073006610974 
0.1400000000000009, -0.9590761840898897 
0.1499999999999998, -0.9599559662813826 
0.1599999999999987, -0.959952338868695 
0.1699999999999976, -0.9606533832485501 
0.1799999999999965, -0.9617315884000952 
0.1899999999999954, -0.9615968216408636 
0.1999999999999943, -0.9644006975036079 
0.2099999999999932, -0.9645910538075708 
0.2199999999999921, -0.9665065850435067 
0.229999999999991, -0.9696042799970077 
0.2399999999999899, -0.9693673488138952 
0.2499999999999888, -0.976426516028106 
0.2599999999999877, -0.9767837386253502 
0.2699999999999866, -0.98039196215376 
0.2799999999999855, -0.9862284129208541 
0.2899999999999844, -0.9858404566661375 
0.2999999999999833, -0.9961246806690667 
0.3099999999999822, -0.9963965918824891 
0.3199999999999811, -1.001247088666909 
0.32999999999998, -1.00693357639358 
0.3399999999999789, -1.0065719376957034 
0.3499999999999778, -1.016651197614569 
0.35999999999997667, -1.0166786362523321 
0.36999999999997557, -1.0223207397399516 
0.37999999999997447, -1.0254030456685563 
0.38999999999997337, -1.0256404728276218 
0.39999999999997227, -1.03178892471041 
0.40999999999997117, -1.0316148344815248 
0.41999999999997006, -1.035128204364959 
0.42999999999996896, -1.035973985946869 
0.43999999999996786, -1.0365867605444288 
0.44999999999996676, -1.0385505207336103 
0.45999999999996566, -1.0383563243514191 
0.46999999999996456, -1.039764162756628 
0.47999999999996346, -1.0398118131876792 
0.48999999999996235, -1.0401758560826153 
0.49999999999996125, -1.0405979798525526 
0.5099999999999602, -1.040451518724049 
0.519999999999959, -1.0408522391843678 
0.529999999999958, -1.0406697481018812 
0.5399999999999568, -1.0407666299006921 
0.5499999999999557, -1.0407197128559356 
0.5599999999999546, -1.0405600184419583 
0.5699999999999535, -1.040550819988393 
0.5799999999999524, -1.0402953508288875 
0.5899999999999513, -1.040213232601288 
0.5999999999999502, -1.03998503710589 
0.6099999999999491, -1.0397827486410771 
0.619999999999948, -1.0395860849907237 
0.6299999999999469, -1.0392829696431132 
0.6399999999999458, -1.0390869238771092 
0.6499999999999447, -1.0387457497446848 
0.6599999999999436, -1.0385005051954106 
0.6699999999999425, -1.038166967661305 
0.6799999999999414, -1.0378099609308682 
0.6899999999999403, -1.0375179293196335 
0.6999999999999392, -1.0370454226563952 
0.7099999999999381, -1.0367668968700672 
0.719999999999937, -1.036249623233712 
0.7299999999999359, -1.0358390020504193 
0.7399999999999348, -1.0353995120607347 
0.7499999999999337, -1.0347263210668771 
0.7599999999999326, -1.0344117605848375 
0.7699999999999315, -1.0335355929531052 
0.7799999999999304, -1.0330967767722383 
0.7899999999999293, -1.0323367500691003 
0.7999999999999282, -1.031379137842281 
0.8099999999999271, -1.030962552188355 
0.819999999999926, -1.0293393718168782 
0.8299999999999249, -1.0289432007991335 
0.8399999999999238, -1.0274113369924294 
0.8499999999999227, -1.0261378732142052 
0.8599999999999216, -1.0254400881412458 
0.8699999999999205, -1.0225364002439599 
0.8799999999999194, -1.0222278152536362 
0.8899999999999183, -1.0190615475845568 
0.8999999999999172, -1.017690487459138 
0.9099999999999161, -1.016402799536322 
0.919999999999915, -1.0120839711412906 
0.9299999999999139, -1.0117844469108332 
0.9399999999999128, -1.0065702656494577 
0.9499999999999117, -1.0055266914464747 
0.9599999999999106, -1.0034684262439295 
0.9699999999999095, -0.9987023522309938 
0.9799999999999084, -0.9983387988156143 
0.9899999999999073, -0.9925187231426204 
0.9999999999999062, -0.9918195181592814 
1.0099999999999052, -0.9894789638783423 
1.019999999999904, -0.9856675539460843 
1.029999999999903, -0.9852511632476235 
1.039999999999902, -0.9808031587692672 
1.0499999999999008, -0.9802502426087244 
1.0599999999998997, -0.9784020685016966 
1.0699999999998986, -0.9760341858968998 
1.0799999999998975, -0.9756208357358944 
1.0899999999998964, -0.9730329991875456 
1.0999999999998953, -0.9725593727647579 
1.1099999999998942, -0.971379948552978 
1.119999999999893, -0.9700524288715393 
1.129999999999892, -0.9696834701689457 
1.1399999999998909, -0.9683120077688621 
1.1499999999998898, -0.9679121725385841 
1.1599999999998887, -0.9671853748015805 
1.1699999999998876, -0.9664109381181615 
1.1799999999998865, -0.966096373179861 
1.1899999999998854, -0.9653320648957862 
1.1999999999998843, -0.9649995798038566 
1.2099999999998832, -0.9645271062662437 
1.219999999999882, -0.964028176182387 
1.229999999999881, -0.9637665816786587 
1.2399999999998799, -0.9632909044764693 
1.2499999999998788, -0.9630187286298169 
1.2599999999998777, -0.9626949261565505 
1.2699999999998766, -0.9623405162394632 
1.2799999999998755, -0.9621370946682384 
1.2899999999998744, -0.9618094483325678 
1.2999999999998733, -0.961598597670489 
1.3099999999998722, -0.9613842805952089 
1.319999999999871, -0.9611140737535836 
1.32999999999987, -0.9609945033574039 
1.3399999999998689, -0.9607600918364062 
1.3499999999998678, -0.9606273391501051 
1.3599999999998666, -0.9605358937964781 
1.3699999999998655, -0.9603211511978667 
1.3799999999998644, -0.9603592158642489 
1.3899999999998633, -0.9602105728437367 
1.3999999999998622, -0.9602039035021042 
1.4099999999998611, -0.9603256303366466 
1.41999999999986, -0.9601485798993132 
1.429999999999859, -0.9605493467056677 
1.4399999999998578, -0.9605214594503728 
1.4499999999998567, -0.9607614731387226 
1.4599999999998556, -0.9613758101408544 
1.4699999999998545, -0.9612115864589406 
1.4799999999998534, -0.9625715184054202 
1.4899999999998523, -0.9627559757444031 
1.4999999999998512, -0.9635271258288571 
1.5099999999998501, -0.9654392060917109 
1.519999999999849, -0.965238860423596 
1.529999999999848, -0.9691242660295196 
1.5399999999998468, -0.9696350974958614 
1.5499999999998457, -0.9713627782235763 
1.5599999999998446, -0.9761573162917268 
1.5699999999998435, -0.9758664642893621 
1.5799999999998424, -0.9838965492412802 
1.5899999999998413, -0.9845928464133717 
1.5999999999998402, -0.9872492286132358 
1.6099999999998391, -0.9944646865663632 
1.619999999999838, -0.9940821470516644 
1.629999999999837, -1.0039815503468483 
1.6399999999998358, -1.0044507976668458 
1.6499999999998347, -1.0082708883660874 
1.6599999999998336, -1.0142788000057363 
1.6699999999998325, -1.0139667532831471 
1.6799999999998314, -1.0225401458460905 
1.6899999999998303, -1.0226380638149084 
1.6999999999998292, -1.0266713440621706 
1.709999999999828, -1.0293468114289268 
1.719999999999827, -1.0294944910130266 
1.729999999999826, -1.0337743488154398 
1.7399999999998248, -1.0336253416367711 
1.7499999999998237, -1.0358744781409241 
1.7599999999998226, -1.0365269286249295 
1.7699999999998215, -1.0368730431088669 
1.7799999999998204, -1.0381806014927741 
1.7899999999998193, -1.0379858498947576 
1.7999999999998182, -1.0388830066998034 
1.809999999999817, -1.0388878250175828 
1.819999999999816, -1.0390728619372072 
1.8299999999998149, -1.0393353184465146 
1.8399999999998138, -1.0391592226869317 
1.8499999999998127, -1.0393919547748607 
1.8599999999998116, -1.039197750766716 
1.8699999999998105, -1.0392050328109255 
1.8799999999998094, -1.03911445028908 
1.8899999999998083, -1.0389225512364522 
1.8999999999998072, -1.0388580601798638 
1.909999999999806, -1.0385894811602296 
1.919999999999805, -1.038466770958147 
1.9299999999998039, -1.0382191372937088 
1.9399999999998028, -1.0379916225298742 
1.9499999999998017, -1.0377718637711777 
1.9599999999998006, -1.0374489960128974 
1.9699999999997995, -1.0372358048321721 
1.9799999999997984, -1.0368736604509001 
1.9899999999997973, -1.0366105645306012 
1.9999999999997962, -1.0362594352458958 
2.0099999999998173, -1.0358752035308803 
2.0199999999998384, -1.0355769535728412 
2.0299999999998595, -1.0350695531785898 
2.0399999999998806, -1.034780824748677 
2.0499999999999017, -1.0342388822640376 
2.059999999999923, -1.0337923655635577 
2.069999999999944, -1.0333540973955309 
2.079999999999965, -1.032619294927963 
2.089999999999986, -1.0323075131145107 
2.100000000000007, -1.0313911557799404 
2.1100000000000283, -1.0309071467058888 
2.1200000000000494, -1.0301663014839189 
2.1300000000000705, -1.0291054360410765 
2.1400000000000916, -1.028720615602232 
2.1500000000001127, -1.0270412831269744 
2.160000000000134, -1.0265966756670672 
2.170000000000155, -1.025163102420534 
2.180000000000176, -1.0237302393296275 
2.190000000000197, -1.023135563062362 
2.2000000000002182, -1.0201884563891523 
2.2100000000002393, -1.019855798836294 
2.2200000000002604, -1.0170482594310786 
2.2300000000002815, -1.0154331553586051 
2.2400000000003026, -1.0144209420191812 
2.2500000000003237, -1.0101397906070988 
2.260000000000345, -1.009864528188947 
2.270000000000366, -1.0054062195344167 
2.280000000000387, -1.004042285775631 
2.290000000000408, -1.0025066144792714 
2.3000000000004293, -0.9978220660927 
2.3100000000004504, -0.9975209501866786 
2.3200000000004715, -0.9925826036699511 
2.3300000000004926, -0.9916052094186476 
2.3400000000005137, -0.9898515815153975 
2.3500000000005348, -0.9860701403917811 
2.360000000000556, -0.9857300080315604 
2.370000000000577, -0.9818919412018352 
2.380000000000598, -0.981163880164544 
2.390000000000619, -0.9796977578582596 
2.4000000000006403, -0.9772988264894747 
2.4100000000006614, -0.976948557771902 
2.4200000000006825, -0.9746144964793559 
2.4300000000007036, -0.9740477224257151 
2.4400000000007247, -0.9730361643443279 
2.450000000000746, -0.9716607587073318 
2.460000000000767, -0.9713298697967984 
2.470000000000788, -0.9700266102600735 
2.480000000000809, -0.9695794404552913 
2.49000000000083, -0.9689126160065487 
2.5000000000008513, -0.9681008335343648 
2.5100000000008724, -0.9678039226694429 
2.5200000000008935, -0.9670477248638433 
2.5300000000009146, -0.9666895501368975 
2.5400000000009357, -0.9662353766160108 
2.550000000000957, -0.9657116368916842 
2.560000000000978, -0.9654551976480812 
2.570000000000999, -0.9649737791219561 
2.58000000000102, -0.9646846747304401 
2.5900000000010412, -0.9643638712693062 
2.6000000000010624, -0.9639924584631074 
2.6100000000010835, -0.963785909509955 
2.6200000000011046, -0.9634515283711158 
2.6300000000011257, -0.9632246510127493 
2.6400000000011468, -0.9630059996458962 
2.650000000001168, -0.9627222896442876 
2.660000000001189, -0.9625895109315686 
2.67000000000121, -0.9623500489040585 
2.680000000001231, -0.9621940365419088 
2.6900000000012523, -0.9620892159469191 
2.7000000000012734, -0.9618615590995936 
2.7100000000012945, -0.9618628694458561 
2.7200000000013156, -0.9617102827397035 
2.7300000000013367, -0.9616578656485495 
2.740000000001358, -0.9617422727483999 
2.750000000001379, -0.9615520373566864 
2.7600000000014, -0.9618443773874308 
2.770000000001421, -0.9618108094370617 
2.780000000001442, -0.9619439482896306 
2.7900000000014633, -0.9624427791933788 
2.8000000000014844, -0.9622696853926578 
2.8100000000015055, -0.9632857666096578 
2.8200000000015266, -0.9634598927406466 
2.8300000000015477, -0.9639649789239314 
2.840000000001569, -0.9655105434800495 
2.85000000000159, -0.9653199085172033 
2.860000000001611, -0.9682089902643695 
2.870000000001632, -0.9687316996933878 
2.8800000000016532, -0.9699136770898832 
2.8900000000016743, -0.9739086691115315 
2.9000000000016954, -0.9736567302293784 
2.9100000000017165, -0.9801687430921475 
2.9200000000017377, -0.9810075907384522 
2.9300000000017588, -0.9829589124147406 
2.94000000000178, -0.9899121518537032 
2.950000000001801, -0.9895782906035187 
2.960000000001822, -0.9987399744465324 
2.970000000001843, -0.999446659205113 
2.9800000000018643, -1.0023258926492886 
2.9900000000018854, -1.0091387564587018 
3.0000000000019065, -1.008788947034454 
3.0100000000019276, -1.0175203440512988 
3.0200000000019487, -1.0178053593662357 
3.03000000000197, -1.02145374981731 
3.040000000001991, -1.0251634925375144 
3.050000000002012, -1.025096235392063 
3.060000000002033, -1.0303060838566491 
3.070000000002054, -1.030244932970415 
3.0800000000020753, -1.0327232919160791 
3.0900000000020964, -1.033837102789454 
3.1000000000021175, -1.0340874737638688 
3.1100000000021386, -1.0359705771228855 
3.1200000000021597, -1.035780083609432 
3.130000000002181, -1.036913511550196 
3.140000000002202, -1.037075108111298 
3.150000000002223, -1.037273078645976 
3.160000000002244, -1.037759650139849 
3.1700000000022652, -1.0375705785545397 
3.1800000000022863, -1.0379500856824473 
3.1900000000023074, -1.0378117351304947 
3.2000000000023285, -1.0378554021267643 
3.2100000000023496, -1.037859702007019 
3.2200000000023707, -1.0376682707772127 
3.230000000002392, -1.0376845239005574 
3.240000000002413, -1.0374400649175262 
3.250000000002434, -1.0373540082702408 
3.260000000002455, -1.0371606036758245 
3.2700000000024763, -1.0369415569716423 
3.2800000000024974, -1.0367775095335265 
3.2900000000025185, -1.036475430103431 
3.3000000000025396, -1.0362952145639095 
3.3100000000025607, -1.0359829734178736 
3.3200000000025818, -1.035729836382301 
3.330000000002603, -1.0354410779691985 
3.340000000002624, -1.0350806520396372 
3.350000000002645, -1.034825586011804 
3.360000000002666, -1.0343915662945966 
3.3700000000026873, -1.0341101624008262 
3.3800000000027084, -1.0336759006156113 
3.3900000000027295, -1.0332511145648133 
3.4000000000027506, -1.032899662548076 
3.4100000000027717, -1.0322858846543748 
3.420000000002793, -1.031986833462017 
3.430000000002814, -1.031302675105606 
3.440000000002835, -1.030821832304067 
3.450000000002856, -1.030285030080783 
3.460000000002877, -1.0294007866845076 
3.4700000000028983, -1.029072549243509 
3.4800000000029194, -1.027892495558327 
3.4900000000029405, -1.027400095838027 
3.5000000000029616, -1.0264623681796197 
3.5100000000029827, -1.025230131640964 
3.520000000003004, -1.0247981305508955 
3.530000000003025, -1.022708405879943 
3.540000000003046, -1.0222921945728425 
3.550000000003067, -1.0205159223752767 
3.5600000000030882, -1.018966678071779 
3.5700000000031094, -1.018287642790779 
3.5800000000031305, -1.0149646108207466 
3.5900000000031516, -1.0146561102294183 
3.6000000000031727, -1.0115330190851426 
3.6100000000031938, -1.009955505765879 
3.620000000003215, -1.0088737881730039 
3.630000000003236, -1.0046386933734326 
3.640000000003257, -1.00436196058736 
3.650000000003278, -1.0001314200544105 
3.6600000000032993, -0.9988696432601731 
3.6700000000033204, -0.9974141367389739 
3.6800000000033415, -0.9933251536191346 
3.6900000000033626, -0.9930209578950274 
3.7000000000033837, -0.9889388903873384 
3.710000000003405, -0.988018687830043 
3.720000000003426, -0.9865325943289177 
3.730000000003447, -0.9835054685097352 
3.740000000003468, -0.9831734343438163 
3.750000000003489, -0.9802349312923515 
3.7600000000035103, -0.9795459569312017 
3.7700000000035314, -0.978362287068477 
3.7800000000035525, -0.9764831942318327 
3.7900000000035736, -0.9761486539143976 
3.8000000000035947, -0.9743650113470634 
3.810000000003616, -0.9738339935034642 
3.820000000003637, -0.9730038999358408 
3.830000000003658, -0.9718900127064342 
3.840000000003679, -0.9715753160311229 
3.8500000000037002, -0.9705315098206851 
3.8600000000037213, -0.9701126462197058 
3.8700000000037424, -0.9695411426365432 
3.8800000000037635, -0.9688481058070616 
3.8900000000037847, -0.9685652111724213 
3.9000000000038058, -0.9679219941414553 
3.910000000003827, -0.9675844564821003 
3.920000000003848, -0.9671793023322722 
3.930000000003869, -0.9667099594883395 
3.94000000000389, -0.9664665240800026 
3.9500000000039113, -0.96603565324512 
3.9600000000039324, -0.9657624469289844 
3.9700000000039535, -0.9654702736860228 
3.9800000000039746, -0.9651252067458602 
3.9900000000039957, -0.9649334217305124 
4.000000000004016, -0.9646245297230892 
4.010000000003993, -0.9644121347808171 
4.02000000000397, -0.9642160506486419 
4.030000000003946, -0.963946150356413 
4.040000000003923, -0.9638341747359276 
4.0500000000039, -0.9636111213057097 
4.0600000000038765, -0.9634716787795864 
4.070000000003853, -0.9633930538092332 
4.08000000000383, -0.9631732210839219 
4.090000000003807, -0.9632091804855039 
4.100000000003783, -0.9630711905272551 
4.11000000000376, -0.9630423285425352 
4.120000000003737, -0.9631669898977188 
4.130000000003713, -0.962981063847821 
4.14000000000369, -0.9633379599343912 
4.150000000003667, -0.963319997255478 
4.1600000000036434, -0.9634922920762772 
4.17000000000362, -0.9640598713433952 
4.180000000003597, -0.9638879499936205 
4.1900000000035735, -0.9650278129146237 
4.20000000000355, -0.9652134466980895 
4.210000000003527, -0.9657877216550207 
4.220000000003504, -0.9674315311626157 
4.23000000000348, -0.9672386718923749 
4.240000000003457, -0.9703111731612009 
4.250000000003434, -0.9708108321511043 
4.26000000000341, -0.9721095572630294 
4.270000000003387, -0.9760809967406441 
4.280000000003364, -0.9758244852634173 
4.2900000000033405, -0.9823506243093874 
4.300000000003317, -0.9830859329350988 
4.310000000003294, -0.9852545956711102 
4.320000000003271, -0.9917217398114028 
4.330000000003247, -0.9913883742263723 
4.340000000003224, -1.0002684552645442 
4.350000000003201, -1.000843283672569 
4.360000000003177, -1.004014551277044 
4.370000000003154, -1.0100365836069625 
4.380000000003131, -1.0097224411104673 
4.390000000003107, -1.0178827335133513 
4.400000000003084, -1.0180779903075683 
4.410000000003061, -1.0217024426635504 
4.4200000000030375, -1.0248213504087633 
4.430000000003014, -1.024831727080445 
4.440000000002991, -1.0295164833154618 
4.450000000002968, -1.029419634629793 
4.460000000002944, -1.031781320473928 
4.470000000002921, -1.0327137657984031 
4.480000000002898, -1.0329981387878457 
4.490000000002874, -1.0346983444836877 
4.500000000002851, -1.0345042831398445 
4.510000000002828, -1.0355948147221792 
4.520000000002804, -1.0357151033509087 
4.530000000002781, -1.035923816131107 
4.540000000002758, -1.0363710731593898 
4.5500000000027345, -1.0361870933369242 
4.560000000002711, -1.0365585035304106 
4.570000000002688, -1.0364113386493115 
4.580000000002665, -1.0364631901015795 
4.590000000002641, -1.036461382382466 
4.600000000002618, -1.0362756688722232 
4.610000000002595, -1.0362948545138104 
4.620000000002571, -1.0360505761962702 
4.630000000002548, -1.035972022921257 
4.640000000002525, -1.0357803293401848 
4.6500000000025015, -1.035567815758851 
4.660000000002478, -1.035409279570617 
4.670000000002455, -1.0351119514197467 
4.6800000000024315, -1.0349385066761578 
4.690000000002408, -1.0346327738366699 
4.700000000002385, -1.0343871165705434 
4.710000000002362, -1.034106769618638 
4.720000000002338, -1.0337566692376419 
4.730000000002315, -1.0335084037316902 
4.740000000002292, -1.0330906613733557 
4.750000000002268, -1.0328168769875767 
4.760000000002245, -1.0324013147210447 
4.770000000002222, -1.0319944177281388 
4.7800000000021985, -1.0316547841079518 
4.790000000002175, -1.0310801765601252 
4.800000000002152, -1.0307871976064904 
4.810000000002129, -1.0301538135006765 
4.820000000002105, -1.029698507129442 
4.830000000002082, -1.0291945271280354 
4.840000000002059, -1.0283937060258783 
4.850000000002035, -1.0280714659054093 
4.860000000002012, -1.0270300543037685 
4.870000000001989, -1.026562735115037 
4.880000000001965, -1.0257236567117256 
4.890000000001942, -1.0246416458942917 
4.900000000001919, -1.0242268060583928 
4.9100000000018955, -1.0224626160580053 
4.920000000001872, -1.0220528315319921 
4.930000000001849, -1.0205408255550774 
4.940000000001826, -1.019201410779138 
4.950000000001802, -1.0185692073361448 
4.960000000001779, -1.0158117555227877 
4.970000000001756, -1.0154918494197136 
4.980000000001732, -1.012876038208792 
4.990000000001709, -1.0114839654914367 
5.000000000001686, -1.0104838013170614 
5.0100000000016625, -1.006893536434659 
5.020000000001639, -1.0066057139466158 
5.030000000001616, -1.0029119364462222 
5.0400000000015925, -1.00175296447916 
5.050000000001569, -1.000357868787847 
5.060000000001546, -0.9966899340149075 
5.070000000001523, -0.9963752943157583 
5.080000000001499, -0.9925004762179316 
5.090000000001476, -0.9916413421634959 
5.100000000001453, -0.9901133803807826 
5.110000000001429, -0.9871837476691966 
5.120000000001406, -0.9868353608860577 
5.130000000001383, -0.9837676585002955 
5.1400000000013595, -0.9831179485225093 
5.150000000001336, -0.9818103543131743 
5.160000000001313, -0.9798581810799252 
5.17000000000129, -0.979500959442343 
5.180000000001266, -0.9774943876840751 
5.190000000001243, -0.9769809110682398 
5.20000000000122, -0.9760222564423807 
5.210000000001196, -0.9748117912570908 
5.220000000001173, -0.9744726011688701 
5.23000000000115, -0.9732530284429732 
5.240000000001126, -0.9728360694060662 
5.250000000001103, -0.9721665317522927 
5.26000000000108, -0.971399479829348 
5.2700000000010565, -0.9710933784031233 
5.280000000001033, -0.9703373026621575 
5.29000000000101, -0.9699927765731365 
5.300000000000987, -0.9695184338365906 
5.310000000000963, -0.9689982768788384 
5.32000000000094, -0.9687319950761704 
5.330000000000917, -0.9682303869105565 
5.340000000000893, -0.967944572372961 
5.35000000000087, -0.9675997021397826 
5.360000000000847, -0.9672197399585691 
5.3700000000008234, -0.9670005040187919 
5.3800000000008, -0.9666423819248315 
5.390000000000777, -0.9664116003283547 
5.4000000000007535, -0.9661644520560272 
5.41000000000073, -0.9658699031254636 
5.420000000000707, -0.9657147720609748 
5.430000000000684, -0.9654475413755135 
5.44000000000066, -0.9652801560518964 
5.450000000000637, -0.9651304701838176 
5.460000000000614, -0.9648935684948907 
5.47000000000059, -0.964844246875779 
5.480000000000567, -0.9646497521617234 
5.490000000000544, -0.9645732458727293 
5.5000000000005205, -0.9645610875714178 
5.510000000000497, -0.9643670141669696 
5.520000000000474, -0.964525444817621 
5.5300000000004506, -0.9644114813292833 
5.540000000000427, -0.9644921620805716 
5.550000000000404, -0.9647360448759359 
5.560000000000381, -0.9645723602860531 
5.570000000000357, -0.9651981641038483 
5.580000000000334, -0.9652002681661674 
5.590000000000311, -0.9655931166087649 
5.600000000000287, -0.9663990420022769 
5.610000000000264, -0.9662423617556554 
5.620000000000241, -0.9680026515778579 
5.6300000000002175, -0.9681814901260037 
5.640000000000194, -0.9692229302361188 
5.650000000000171, -0.9712991382876757 
5.660000000000148, -0.9711035906229333 
5.670000000000124, -0.9753726756043853 
5.680000000000101, -0.9757473673936747 
5.690000000000078, -0.9779119424607018 
5.700000000000054, -0.9821352603149851 
5.710000000000031, -0.9818582252119036 
5.720000000000008, -0.9894266080438288 
5.729999999999984, -0.9898259136274538 
5.739999999999961, -0.9932413672206245 
5.749999999999938, -0.9986012653311297 
5.7599999999999145, -0.9982900714952192 
5.769999999999891, -1.0070041872115467 
5.779999999999868, -1.0071935184360388 
5.789999999999845, -1.0115235196266141 
5.799999999999821, -1.0153837265578984 
5.809999999999798, -1.0153122054522195 
5.819999999999775, -1.0219809609665869 
5.829999999999751, -1.0219188386473235 
5.839999999999728, -1.0255361064178616 
5.849999999999705, -1.0271074810950631 
5.8599999999996815, -1.0274779837695458 
5.869999999999658, -1.0305787132033981 
5.879999999999635, -1.0303874538597289 
5.8899999999996115, -1.0323518896513821 
5.899999999999588, -1.0327211680757538 
5.909999999999565, -1.033130203894596 
5.919999999999542, -1.034128788452634 
5.929999999999518, -1.0339483779960434 
5.939999999999495, -1.0347697592898675 
5.949999999999472, -1.034711888832824 
5.959999999999448, -1.0349286175021184 
5.969999999999425, -1.035134936998235 
5.979999999999402, -1.0349791975866607 
5.9899999999993785, -1.0352103364635865 
5.999999999999355, -1.0350064396630376 
6.009999999999332, -1.0350416323038052 
6.019999999999309, -1.0349474905744653 
6.029999999999285, -1.0347761200139662 
6.039999999999262, -1.0347278817001904 
6.049999999999239, -1.0344669961888138 
6.059999999999215, -1.0343688953972865 
6.069999999999192, -1.034132887753308 
6.079999999999169, -1.0339278067470103 
6.089999999999145, -1.0337291998415057 
6.099999999999122, -1.033427187875698 
6.109999999999099, -1.0332358897059157 
6.1199999999990755, -1.0329026718248888 
6.129999999999052, -1.0326630774308743 
6.139999999999029, -1.032347661055634 
6.149999999999006, -1.0320015823293063 
6.159999999998982, -1.0317297724377767 
6.169999999998959, -1.0312912755364163 
6.179999999998936, -1.031023719008674 
6.189999999998912, -1.0305672941662956 
6.199999999998889, -1.030179067728939 
6.209999999998866, -1.0297988505552136 
6.2199999999988425, -1.0292176172974823 
6.229999999998819, -1.0289235620185553 
6.239999999998796, -1.028239077000356 
6.2499999999987725, -1.0278245995206097 
6.259999999998749, -1.0272519368077098 
6.269999999998726, -1.0264881226188953 
6.279999999998703, -1.0261378161971628 
6.289999999998679, -1.0250536903352865 
6.299999999998656, -1.0246514659011192 
6.309999999998633, -1.0237062662104375 
6.319999999998609, -1.022749039145173 
6.329999999998586, -1.0222594065361075 
6.339999999998563, -1.020547594028626 
6.3499999999985395, -1.0202000252979655 
6.359999999998516, -1.0185649736915698 
6.369999999998493, -1.0174820064398513 
6.37999999999847, -1.0167137111952116 
6.389999999998446, -1.014253150636578 
6.399999999998423, -1.0139470821764707 
6.4099999999984, -1.0112992686809315 
6.419999999998376, -1.0102742603150954 
6.429999999998353, -1.0090765462642532 
6.43999999999833, -1.0060880758123716 
6.449999999998306, -1.0057629148895741 
6.459999999998283, -1.0022429536622124 
6.46999999999826, -1.0014374605399328 
6.4799999999982365, -0.9998247454931096 
6.489999999998213, -0.9968956988011373 
6.49999999999819, -0.9965156035502112 
6.509999999998167, -0.9929199481238837 
6.519999999998143, -0.9923201407547114 
6.52999999999812, -0.9906069177342383 
6.539999999998097, -0.9882772220336505 
6.549999999998073, -0.9878545920643131 
6.55999999999805, -0.9849800562358094 
6.569999999998027, -0.9845016695997296 
6.5799999999980034, -0.9830529179975165 
6.58999999999798, -0.981448965197227 
6.599999999997957, -0.9810242016704445 
6.6099999999979335, -0.9790849404606338 
6.61999999999791, -0.9786774784977618 
6.629999999997887, -0.9776154737543996 
6.639999999997864, -0.9765678568145509 
6.64999999999784, -0.9761764735552957 
6.659999999997817, -0.9749578905162981 
6.669999999997794, -0.9746020947133732 
6.67999999999777, -0.9738605593428022 
6.689999999997747, -0.9731613259740629 
6.699999999997724, -0.9728189213121287 
6.7099999999977005, -0.9720441850546424 
6.719999999997677, -0.9717328863452892 
6.729999999997654, -0.9712094016921765 
6.7399999999976306, -0.9707151313544684 
6.749999999997607, -0.9704243872926825 
6.759999999997584, -0.9699020258527429 
6.769999999997561, -0.9696333535299989 
6.779999999997537, -0.9692530057885911 
6.789999999997514, -0.9688818745427303 
6.799999999997491, -0.9686444887877229 
6.809999999997467, -0.9682664583703258 
6.819999999997444, -0.9680440628706103 
6.829999999997421, -0.9677660767223408 
6.8399999999973975, -0.9674748537531371 
6.849999999997374, -0.9673012712040031 
6.859999999997351, -0.9670119261390484 
6.869999999997328, -0.9668485656095969 
6.879999999997304, -0.9666615681412841 
6.889999999997281, -0.9664291255114624 
6.899999999997258, -0.9663504388867361 
6.909999999997234, -0.9661242587582517 
6.919999999997211, -0.9660503066825735 
6.929999999997188, -0.9659740668872916 
6.939999999997164, -0.9657922342998846 
6.949999999997141, -0.9658861371445323 
6.959999999997118, -0.9657165395903643 
6.9699999999970945, -0.9658007772818392 
6.979999999997071, -0.9659046198654032 
6.989999999997048, -0.9657722309841417 
6.999999999997025, -0.9662312974591984 
7.009999999997001, -0.9661262584832964 
7.019999999996978, -0.9665289384139303 
7.029999999996955, -0.9669852434795171 
7.039999999996931, -0.9668988789078105 
7.049999999996908, -0.9682056523155675 
7.059999999996885, -0.9681822556365932 
7.0699999999968615, -0.9692783293148747 
7.079999999996838, -0.9704679718512762 
7.089999999996815, -0.9704011064741302 
7.0999999999967915, -0.9736206105849293 
7.109999999996768, -0.9736788585951347 
7.119999999996745, -0.976176017048372 
7.129999999996722, -0.9786422518178393 
7.139999999996698, -0.9785384990694367 
7.149999999996675, -0.9848405326948988 
7.159999999996652, -0.9849105846961648 
7.169999999996628, -0.9892863560739491 
7.179999999996605, -0.9927289331423904 
7.189999999996582, -0.9926255448162606 
7.1999999999965585, -1.0008697307515952 
7.209999999996535, -1.0008395969185797 
7.219999999996512, -1.0063761711988795 
7.229999999996489, -1.0091539844587925 
7.239999999996465, -1.0093945151997026 
7.249999999996442, -1.0164407621489318 
7.259999999996419, -1.0162739479187017 
7.269999999996395, -1.0211122541442283 
7.279999999996372, -1.0224007726909337 
7.289999999996349, -1.023190093038834 
7.299999999996325, -1.0268522122823054 
7.309999999996302, -1.0266349216222936 
7.319999999996279, -1.0294442743926258 
7.3299999999962555, -1.0297645988148463 
7.339999999996232, -1.0305300650378015 
7.349999999996209, -1.0317923503389879 
7.359999999996186, -1.0316467126081494 
7.369999999996162, -1.0328741943359523 
7.379999999996139, -1.0328059552674704 
7.389999999996116, -1.033247886819845 
7.399999999996092, -1.0335508332392094 
7.409999999996069, -1.0334546685493518 
7.419999999996046, -1.0338567598216486 
7.4299999999960225, -1.0336578213029632 
7.439999999995999, -1.0338219211381374 
7.449999999995976, -1.0337677970833268 
7.4599999999959525, -1.0336532518058057 
7.469999999995929, -1.0336813222526444 
7.479999999995906, -1.0334397160387678 
7.489999999995883, -1.0334130586587786 
7.499999999995859, -1.0332038500211933 
7.509999999995836, -1.033045966641945 
7.519999999995813, -1.0328907989340574 
7.529999999995789, -1.0326208097669938 
7.539999999995766, -1.0324708602753558 
7.549999999995743, -1.0321722951140646 
7.5599999999957195, -1.0319697873913938 
7.569999999995696, -1.031695159444828 
7.579999999995673, -1.0313934106816565 
7.58999999999565, -1.03115185045375 
7.599999999995626, -1.030773649158489 
7.609999999995603, -1.0305328031641654 
7.61999999999558, -1.0301410281252839 
7.629999999995556, -1.02980868124946 
7.639999999995533, -1.0294670204718324 
7.64999999999551, -1.028993223403323 
7.659999999995486, -1.028715111109096 
7.669999999995463, -1.02816120048417 
7.67999999999544, -1.0278089865309592 
7.6899999999954165, -1.0273148409284296 
7.699999999995393, -1.0267282217865499 
7.70999999999537, -1.0263880531905176 
7.719999999995347, -1.0255752479815239 
7.729999999995323, -1.0252258188011683 
7.7399999999953, -1.0244613885527072 
7.749999999995277, -1.0237632834759356 
7.759999999995253, -1.0232920966066654 
7.76999999999523, -1.0220885589449982 
7.779999999995207, -1.0217624580301088 
7.789999999995183, -1.0205108241395668 
7.79999999999516, -1.019744239130194 
7.809999999995137, -1.0190167918558193 
7.8199999999951135, -1.0173308476647762 
7.82999999999509, -1.0170099968982973 
7.839999999995067, -1.0149884684117187 
7.849999999995044, -1.0142597401031794 
7.85999999999502, -1.0131022942163166 
7.869999999994997, -1.0109978696232391 
7.879999999994974, -1.0106255871688985 
7.88999999999495, -1.007735197978171 
7.899999999994927, -1.0071526409406355 
7.909999999994904, -1.0054606048036572 
7.9199999999948805, -1.003233103558797 
7.929999999994857, -1.002763618771712 
7.939999999994834, -0.9994005849991849 
7.9499999999948106, -0.9989659877206319 
7.959999999994787, -0.9969239829460064 
7.969999999994764, -0.9949614322897103 
7.979999999994741, -0.994398995677671 
7.989999999994717, -0.9912828496415124 
7.999999999994694, -0.9909280805812131 
8.00999999999467, -0.9889723317536749 
8.019999999994647, -0.9874780529413294 
8.029999999994624, -0.9868817891632158 
8.0399999999946, -0.9845055689434458 
8.049999999994577, -0.9841815281846783 
8.059999999994554, -0.9826320958891162 
8.06999999999453, -0.9815767716258167 
8.079999999994508, -0.9810190677907406 
8.089999999994484, -0.9794169760674084 
8.099999999994461, -0.979108001657006 
8.109999999994438, -0.9780044765038504 
8.119999999994414, -0.97726513239434 
8.129999999994391, -0.9767859721113125 
8.139999999994368, -0.9757480713539995 
8.149999999994344, -0.9754551943577192 
8.159999999994321, -0.9746918918199636 
8.169999999994298, -0.9741559448878451 
8.179999999994275, -0.9737604728614457 
8.189999999994251, -0.9730715765566567 
8.199999999994228, -0.9728008839301233 
8.209999999994205, -0.9722629507424994 
8.219999999994181, -0.9718557008439386 
8.229999999994158, -0.9715348872670041 
8.239999999994135, -0.9710503912038502 
8.249999999994111, -0.9708096944253846 
8.259999999994088, -0.9704173761373551 
8.269999999994065, -0.9700959932090572 
8.279999999994041, -0.9698428733921916 
8.289999999994018, -0.9694792518731554 
8.299999999993995, -0.9692797777880378 
8.309999999993972, -0.9689883984463779 
8.319999999993948, -0.9687315001045906 
8.329999999993925, -0.9685504308928043 
8.339999999993902, -0.9682620904187123 
8.349999999993878, -0.968123959660684 
8.359999999993855, -0.967916441762656 
8.369999999993832, -0.9677176163014475 
8.379999999993808, -0.9676340962057534 
8.389999999993785, -0.967396633989958 
8.399999999993762, -0.9673607259580949 
8.409999999993738, -0.9672452295344939 
8.419999999993715, -0.9671113856454592 
8.429999999993692, -0.9671934628982545 
8.439999999993669, -0.9669935997963053 
8.449999999993645, -0.9671493301532758 
8.459999999993622, -0.9671668481927169 
8.469999999993599, -0.9671211905408815 
8.479999999993575, -0.9675343550289716 
8.489999999993552, -0.9673634554516461 
8.499999999993529, -0.9679181381721123 
8.509999999993505, -0.9681648622748253 
8.519999999993482, -0.9682525682151126 
8.529999999993459, -0.9693940134754196 
8.539999999993436, -0.9692423176911695 
8.549999999993412, -0.9706811252935444 
8.559999999993389, -0.9713360017733957 
8.569999999993366, -0.9716185603728363 
8.579999999993342, -0.9743345498300868 
8.589999999993319, -0.9741836773174353 
8.599999999993296, -0.977433177076486 
8.609999999993272, -0.9786671227913584 
8.619999999993249, -0.9791838272649727 
8.629999999993226, -0.9844439947638219 
8.639999999993202, -0.9842611018009144 
8.64999999999318, -0.9899357139636216 
8.659999999993156, -0.9914713140878791 
8.669999999993133, -0.992317363910766 
8.67999999999311, -0.9992381457356501 
8.689999999993086, -0.9989936573779513 
8.699999999993063, -1.0058402707058818 
8.70999999999304, -1.006965971223473 
8.719999999993016, -1.0084742202966852 
8.729999999992993, -1.014165684625892 
8.73999999999297, -1.0138959056310328 
8.749999999992946, -1.0195684156786027 
8.759999999992923, -1.0200235871127736 
8.7699999999929, -1.021866380731074 
8.779999999992876, -1.0246759682921405 
8.789999999992853, -1.0245344476939737 
8.79999999999283, -1.0277215982362837 
8.809999999992806, -1.0277360464979035 
8.819999999992783, -1.0290617566545668 
8.82999999999276, -1.0299912039380594 
8.839999999992736, -1.0300148878111712 
8.849999999992713, -1.0313298263973718 
8.85999999999269, -1.0311645732526322 
8.869999999992666, -1.0318673114402628 
8.879999999992643, -1.0320460288522249 
8.88999999999262, -1.0320850130856472 
8.899999999992596, -1.0324951368741546 
8.909999999992573, -1.0322876552037068 
8.91999999999255, -1.032561193977749 
8.929999999992527, -1.0324556128141353 
8.939999999992503, -1.0324287540508272 
8.94999999999248, -1.0324526297470602 
8.959999999992457, -1.032235465125577 
8.969999999992433, -1.0322511949345587 
8.97999999999241, -1.0320250473652548 
8.989999999992387, -1.0319220278101762 
8.999999999992363, -1.031762151137081 
9.00999999999234, -1.0315268147099317 
9.019999999992317, -1.0313920567661625 
9.029999999992294, -1.0311002294687772 
9.03999999999227, -1.0309307567877675 
9.049999999992247, -1.0306568607889997 
9.059999999992224, -1.0303965391746046 
9.0699999999922, -1.0301567732156682 
9.079999999992177, -1.029808536952372 
9.089999999992154, -1.029584395854967 
9.09999999999213, -1.029208040697668 
9.109999999992107, -1.0289241929842188 
9.119999999992084, -1.0285792730335448 
9.12999999999206, -1.0281696251224801 
9.139999999992037, -1.0278890749070553 
9.149999999992014, -1.027384301421366 
9.15999999999199, -1.0270853624332574 
9.169999999991967, -1.026595394343588 
9.179999999991944, -1.0261242854622619 
9.18999999999192, -1.0257568794889647 
9.199999999991897, -1.0250695904169946 
9.209999999991874, -1.0247656045408835 
9.21999999999185, -1.0240388278178982 
9.229999999991827, -1.0235213144337039 
9.239999999991804, -1.022996595845029 
9.24999999999178, -1.022068950300225 
9.259999999991757, -1.0217523218833828 
9.269999999991734, -1.0206291283808433 
9.27999999999171, -1.0201063576477687 
9.289999999991688, -1.0192988014208246 
9.299999999991664, -1.0181101654565463 
9.309999999991641, -1.0177368968221367 
9.319999999991618, -1.0160245112169612 
9.329999999991594, -1.0155601052016443 
9.339999999991571, -1.0142898207252542 
9.349999999991548, -1.0129020580978136 
9.359999999991524, -1.0124031710930275 
9.369999999991501, -1.0100323684486 
9.379999999991478, -1.0096612673619096 
9.389999999991455, -1.007793536417419 
9.399999999991431, -1.0063783063807608 
9.409999999991408, -1.0056958463321577 
9.419999999991385, -1.0029053250746462 
9.429999999991361, -1.0025974815540746 
9.439999999991338, -1.0002593283440413 
9.449999999991315, -0.9990172607887198 
9.459999999991291, -0.9981586662040673 
9.469999999991268, -0.9954403532526603 
9.479999999991245, -0.9951474445787508 
9.489999999991221, -0.992771223182093 
9.499999999991198, -0.991791681875904 
9.509999999991175, -0.9908615638592874 
9.519999999991152, -0.9886416444480378 
9.529999999991128, -0.9883406883634549 
9.539999999991105, -0.9863474155405901 
9.549999999991082, -0.9856036796421522 
9.559999999991058, -0.9847401537509005 
9.569999999991035, -0.9831413509585641 
9.579999999991012, -0.9828336414744718 
9.589999999990988, -0.9813677705274018 
9.599999999990965, -0.9807974541336215 
9.609999999990942, -0.9800791294532663 
9.619999999990918, -0.97898975472733 
9.629999999990895, -0.9786867482500399 
9.639999999990872, -0.9776716435523091 
9.649999999990849, -0.9772212165380528 
9.659999999990825, -0.9766547101157864 
9.669999999990802, -0.9759082921047754 
9.679999999990779, -0.9756218942603514 
9.689999999990755, -0.9749202197064633 
9.699999999990732, -0.974553513676323 
9.709999999990709, -0.9741127871297395 
9.719999999990685, -0.97357965355658 
9.729999999990662, -0.973319468699673 
9.739999999990639, -0.9728181347623232 
9.749999999990616, -0.9725140004594104 
9.759999999990592, -0.9721713763793374 
9.769999999990569, -0.9717697498086869 
9.779999999990546, -0.9715451476000027 
9.789999999990522, -0.9711710741217414 
9.799999999990499, -0.9709201709145832 
9.809999999990476, -0.970658961064639 
9.819999999990452, -0.9703414098282787 
9.829999999990429, -0.9701663448165082 
9.839999999990406, -0.9698784479966194 
9.849999999990382, -0.9696819920117603 
9.85999999999036, -0.9695013299064997 
9.869999999990336, -0.9692413173973676 
9.879999999990313, -0.9691426537290164 
9.88999999999029, -0.9689223904802929 
9.899999999990266, -0.9687943265511998 
9.909999999990243, -0.9687156368335496 
9.91999999999022, -0.9684984145319462 
9.929999999990196, -0.9685330539193949 
9.939999999990173, -0.9683793552382398 
9.94999999999015, -0.9683546805604059 
9.959999999990126, -0.9684384428121545 
9.969999999990103, -0.9682545943771137 
9.97999999999008, -0.9685498370895329 
9.989999999990056, -0.9684785744446023 
9.999999999990033, -0.9686345550335715 
10.00999999999001, -0.9690220094139326 
10.019999999989986, -0.9688608088756748 
10.029999999989963, -0.9697113020959948 
10.03999999998994, -0.9697555488718671 
10.049999999989916, -0.9702582909332673 
10.059999999989893, -0.9712597323162895 
10.06999999998987, -0.9711005556654961 
10.079999999989846, -0.9731560853696486 
10.089999999989823, -0.9733501402796657 
10.0999999999898, -0.9745189476895023 
10.109999999989776, -0.9766915224140408 
10.119999999989753, -0.9765009292400864 
10.12999999998973, -0.9807837116982787 
10.139999999989707, -0.9810945785069628 
10.149999999989683, -0.983326962285208 
10.15999999998966, -0.9870147416743258 
10.169999999989637, -0.9867765114745336 
10.179999999989613, -0.9934693322737457 
10.18999999998959, -0.9937359373979505 
10.199999999989567, -0.9971201340131218 
10.209999999989543, -1.0012052035195018 
10.21999999998952, -1.0010060177083848 
10.229999999989497, -1.0081884005679782 
10.239999999989474, -1.008262548688024 
10.24999999998945, -1.0121683039545608 
10.259999999989427, -1.0148881684783904 
10.269999999989404, -1.014982606518505 
10.27999999998938, -1.0201558160187905 
10.289999999989357, -1.0200388044260957 
10.299999999989334, -1.0231119874029995 
10.30999999998931, -1.024226346591938 
10.319999999989287, -1.024652396653087 
10.329999999989264, -1.0271164499184182 
10.33999999998924, -1.026919554581717 
10.349999999989217, -1.0286706700933104 
10.359999999989194, -1.0289353502406278 
10.36999999998917, -1.0293496435603686 
10.379999999989147, -1.0302233323219203 
10.389999999989124, -1.0300515309894025 
10.3999999999891, -1.0308473180927498 
10.409999999989077, -1.030773830090627 
10.419999999989054, -1.0310112809751324 
10.42999999998903, -1.0312164818067056 
10.439999999989007, -1.0310715480256532 
10.449999999988984, -1.0313312371327759 
10.45999999998896, -1.0311307573205017 
10.469999999988937, -1.0311969031929478 
10.479999999988914, -1.0311214685464025 
10.48999999998889, -1.0309658798864796 
10.499999999988868, -1.0309520809297132 
10.509999999988844, -1.0307012931662014 
10.519999999988821, -1.0306353561407786 
10.529999999988798, -1.0304219884212404 
10.539999999988774, -1.0302370849495024 
10.549999999988751, -1.0300724192467041 
10.559999999988728, -1.0297888668139905 
10.569999999988704, -1.0296280745159856 
10.579999999988681, -1.0293266011427085 
10.589999999988658, -1.0291092492779264 
10.599999999988635, -1.0288369253687855 
10.609999999988611, -1.0285200896845668 
10.619999999988588, -1.0282835250126685 
10.629999999988565, -1.0279013505322168 
10.639999999988541, -1.0276553430143462 
10.649999999988518, -1.0272746507916453 
10.659999999988495, -1.0269259463524043 
10.669999999988471, -1.0266056268250923 
10.679999999988448, -1.0261278848561342 
10.689999999988425, -1.0258562635801445 
10.699999999988401, -1.025331328613855 
10.709999999988378, -1.0249599660574737 
10.719999999988355, -1.0245172848003825 
10.729999999988332, -1.0239259209301437 
10.739999999988308, -1.0236164398910619 
10.749999999988285, -1.0228735064478909 
10.759999999988262, -1.0224994224119142 
10.769999999988238, -1.0218559910404479 
10.779999999988215, -1.02114848142435 
10.789999999988192, -1.0207595947090138 
10.799999999988168, -1.019697404214703 
10.809999999988145, -1.0193467166795636 
10.819999999988122, -1.0183708623891148 
10.829999999988098, -1.0175752268035507 
10.839999999988075, -1.01703381565899 
10.849999999988052, -1.0155765379000945 
10.859999999988029, -1.0152569304953636 
10.869999999988005, -1.0137817610970608 
10.879999999987982, -1.0129710639283513 
10.889999999987959, -1.0121829802679985 
10.899999999987935, -1.0103645311989087 
10.909999999987912, -1.0100468820395485 
10.919999999987889, -1.007984765032563 
10.929999999987865, -1.0072587838074232 
10.939999999987842, -1.006154960111998 
10.949999999987819, -1.004166724474692 
10.959999999987796, -1.0038097902127714 
10.969999999987772, -1.0013266405570618 
10.979999999987749, -1.000740957877541 
10.989999999987726, -0.9993698000688992 
10.999999999987702, -0.9974978183598363 
11.009999999987679, -0.9970826044853494 
11.019999999987656, -0.9945889978073083 
11.029999999987632, -0.994124373926382 
11.039999999987609, -0.9926829850761106 
11.049999999987586, -0.9911435871228831 
11.059999999987562, -0.9906846496846529 
11.06999999998754, -0.9885698423713679 
11.079999999987516, -0.98818063427767 
11.089999999987493, -0.9868896049584274 
11.09999999998747, -0.9857327052975744 
11.109999999987446, -0.9852670216843585 
11.119999999987423, -0.9836823691580846 
11.1299999999874, -0.9833369746818672 
11.139999999987376, -0.982304583567987 
11.149999999987353, -0.9814643304174527 
11.15999999998733, -0.9810278058228035 
11.169999999987306, -0.9799140585188499 
11.179999999987283, -0.9795987328665398 
11.18999999998726, -0.9788187115549916 
11.199999999987236, -0.9782020032992322 
11.209999999987213, -0.9778145698300165 
11.21999999998719, -0.9770387124379215 
11.229999999987166, -0.9767500121545162 
11.239999999987143, -0.9761678513236505 
11.24999999998712, -0.9756996148130254 
11.259999999987096, -0.9753669239928261 
11.269999999987073, -0.9748105435678425 
11.27999999998705, -0.9745501771694881 
11.289999999987026, -0.9741105083406643 
11.299999999987003, -0.9737415336350501 
11.30999999998698, -0.9734637538264667 
11.319999999986956, -0.9730456828336018 
11.329999999986933, -0.9728191737416211 
11.33999999998691, -0.9724824281977317 
11.349999999986887, -0.9721841214012934 
11.359999999986863, -0.9719640258837327 
11.36999999998684, -0.9716344972771208 
11.379999999986817, -0.9714528209388712 
11.389999999986793, -0.9711973285319802 
11.39999999998677, -0.9709557408087329 
11.409999999986747, -0.9708058459856671 
11.419999999986723, -0.970535896539438 
11.4299999999867, -0.9704204821072805 
11.439999999986677, -0.9702418521655226 
11.449999999986654, -0.9700543776549404 
11.45999999998663, -0.9700072455144241 
11.469999999986607, -0.9697804102335688 
11.479999999986584, -0.9697745180502916 
11.48999999998656, -0.9696879205266206 
11.499999999986537, -0.9695632102796562 
11.509999999986514, -0.9696931319437032 
11.51999999998649, -0.9694997172677564 
11.529999999986467, -0.9696947166270661 
11.539999999986444, -0.9697436297621834 
11.54999999998642, -0.9697048765405721 
11.559999999986397, -0.9701780462520546 
11.569999999986374, -0.9700105816263752 
11.57999999998635, -0.9706073767303879 
11.589999999986327, -0.9708808524114418 
11.599999999986304, -0.9709711834549852 
11.60999999998628, -0.9721524110066474 
11.619999999986257, -0.9720006350491937 
11.629999999986234, -0.9734343079371085 
11.63999999998621, -0.9740763649534572 
11.649999999986187, -0.9743576187656244 
11.659999999986164, -0.9769367213078712 
11.66999999998614, -0.9767814227289481 
11.679999999986117, -0.9798042620743187 
11.689999999986094, -0.9809133945126857 
11.69999999998607, -0.9814501427061967 
11.709999999986048, -0.9860957885592546 
11.719999999986024, -0.9859071010922262 
11.729999999986001, -0.9909771418646619 
11.739999999985978, -0.9922895659058467 
11.749999999985954, -0.9932035125289805 
11.759999999985931, -0.9991395603486771 
11.769999999985908, -0.9988965862159075 
11.779999999985884, -1.0049904917105814 
11.789999999985861, -1.0059474002345659 
11.799999999985838, -1.0074534641157318 
11.809999999985815, -1.012363357205025 
11.819999999985791, -1.0121079502075079 
11.829999999985768, -1.017249681344135 
11.839999999985745, -1.0176432598961223 
11.849999999985721, -1.0194055340344277 
11.859999999985698, -1.0219719867418728 
11.869999999985675, -1.0218403014013886 
11.879999999985651, -1.02490255592619 
11.889999999985628, -1.0249103001002042 
11.899999999985605, -1.0262365561446412 
11.909999999985581, -1.0271695072818419 
11.919999999985558, -1.0271961166937404 
11.929999999985535, -1.0285697048676707 
11.939999999985512, -1.0284083834710853 
11.949999999985488, -1.0291658480844443 
11.959999999985465, -1.0293788895599956 
11.969999999985442, -1.0294327416838984 
11.979999999985418, -1.029914045162193 
11.989999999985395, -1.029709905462619 
11.999999999985372, -1.0300448524822128 
12.009999999985348, -1.0299652581180652 
12.019999999985325, -1.029962424839889 
12.029999999985302, -1.0300367971977111 
12.039999999985278, -1.029826322074856 
12.049999999985255, -1.0298922157871202 
12.059999999985232, -1.0296847964277418 
12.069999999985209, -1.0296085630535152 
12.079999999985185, -1.0294855079695078 
12.089999999985162, -1.029262343154585 
12.099999999985139, -1.0291667274900755 
12.109999999985115, -1.0288935149352716 
12.119999999985092, -1.028749918360897 
12.129999999985069, -1.028510202430435 
12.139999999985045, -1.028266183463196 
12.149999999985022, -1.0280633652614752 
12.159999999984999, -1.027741131477178 
12.169999999984976, -1.0275414959634914 
12.179999999984952, -1.027209600716561 
12.189999999984929, -1.0269437728739812 
12.199999999984906, -1.026647265370681 
12.209999999984882, -1.0262755053636876 
12.219999999984859, -1.0260243046532063 
12.229999999984836, -1.0255932153706688 
12.239999999984812, -1.0253104802443658 
12.249999999984789, -1.024903531314928 
12.259999999984766, -1.0244824773892336 
12.269999999984742, -1.024165456275472 
12.27999999998472, -1.0236064908536955 
12.289999999984696, -1.0233146172200902 
12.299999999984673, -1.0227497691738558 
12.30999999998465, -1.0222888908843124 
12.319999999984626, -1.021866504224339 
12.329999999984603, -1.0211445531206844 
12.33999999998458, -1.020843736574463 
12.349999999984556, -1.0200369065975305 
12.359999999984533, -1.0195597697542627 
12.36999999998451, -1.0189625904707094 
12.379999999984486, -1.0180613566198764 
12.389999999984463, -1.0177289438682848 
12.39999999998444, -1.0165688591504136 
12.409999999984416, -1.0161146826820906 
12.419999999984393, -1.015241166554524 
12.42999999998437, -1.0141867376505564 
12.439999999984346, -1.0137759565910016 
12.449999999984323, -1.0121822605153907 
12.4599999999843, -1.0117874684168646 
12.469999999984276, -1.0105305396038593 
12.479999999984253, -1.0094055981134218 
12.48999999998423, -1.008863474386532 
12.499999999984206, -1.006886975545485 
12.509999999984183, -1.0065531063167568 
12.51999999998416, -1.0048879007350358 
12.529999999984136, -1.003816427054385 
12.539999999984113, -1.003113377965628 
12.54999999998409, -1.0009790072666593 
12.559999999984067, -1.0006749291124706 
12.569999999984043, -0.9987549667001121 
12.57999999998402, -0.9978376066609487 
12.589999999983997, -0.9970028375599935 
12.599999999983973, -0.9950124915248502 
12.60999999998395, -0.9947082921462947 
12.619999999983927, -0.9928221719843795 
12.629999999983903, -0.9920856452604051 
12.63999999998388, -0.9912108862049307 
12.649999999983857, -0.9895770752464982 
12.659999999983834, -0.9892621724220929 
12.66999999998381, -0.9876547954180468 
12.679999999983787, -0.9870712137220342 
12.689999999983764, -0.986258352694689 
12.69999999998374, -0.985027264575635 
12.709999999983717, -0.9847071045712393 
12.719999999983694, -0.9834664994274095 
12.72999999998367, -0.9829953805901678 
12.739999999983647, -0.9823026840755753 
12.749999999983624, -0.9814074822771501 
12.7599999999836, -0.9810940990047483 
12.769999999983577, -0.9801826524398232 
12.779999999983554, -0.9797916301509837 
12.78999999998353, -0.9792283320373653 
12.799999999983507, -0.9785735185034558 
12.809999999983484, -0.9782784929009671 
12.81999999998346, -0.9776133119394479 
12.829999999983437, -0.9772814521540729 
12.839999999983414, -0.9768312685542728 
12.84999999998339, -0.9763375126446644 
12.859999999983367, -0.976069847281393 
12.869999999983344, -0.975573764347138 
12.87999999998332, -0.975289737562395 
12.889999999983297, -0.9749318228119583 
12.899999999983274, -0.9745450467394947 
12.90999999998325, -0.9743129137114503 
12.919999999983228, -0.9739302858135075 
12.929999999983204, -0.9736906763796366 
12.939999999983181, -0.9734101759032181 
12.949999999983158, -0.9730969226070761 
12.959999999983134, -0.9729116328655201 
12.969999999983111, -0.9726073446909659 
12.979999999983088, -0.972416645198132 
12.989999999983064, -0.97220931440369 
12.999999999983041, -0.9719503816471632 
13.009999999983018, -0.9718326887027433 
13.019999999982995, -0.9715871551010064 
13.029999999982971, -0.9714604821285852 
13.039999999982948, -0.9713367624433927 
13.049999999982925, -0.9711224863294807 
13.059999999982901, -0.9711142460699728 
13.069999999982878, -0.9709192437675441 
13.079999999982855, -0.9708900458723752 
13.089999999982831, -0.9708832333560707 
13.099999999982808, -0.9707104076428107 
13.109999999982785, -0.9708995908133562 
13.119999999982761, -0.9707556679048724 
13.129999999982738, -0.9708940758991663 
13.139999999982715, -0.9710783744065944 
13.149999999982692, -0.9709475530902962 
13.159999999982668, -0.9715240496411114 
13.169999999982645, -0.9714379515728844 
13.179999999982622, -0.9718919627689527 
13.189999999982598, -0.9724170021081094 
13.199999999982575, -0.972327876971567 
13.209999999982552, -0.9736932599636704 
13.219999999982528, -0.9736702963231042 
13.229999999982505, -0.9747417772605645 
13.239999999982482, -0.9758661603686412 
13.249999999982458, -0.9758101255170728 
13.259999999982435, -0.9786735563855805 
13.269999999982412, -0.9786968809643811 
13.279999999982389, -0.9808772319324284 
13.289999999982365, -0.9828423692179299 
13.299999999982342, -0.9828105058046341 
13.309999999982319, -0.9877679593176021 
13.319999999982295, -0.9877770486355664 
13.329999999982272, -0.991397810759823 
13.339999999982249, -0.9938816305384089 
13.349999999982225, -0.9939422909676513 
13.359999999982202, -1.000211422507536 
13.369999999982179, -1.000133468794222 
13.379999999982156, -1.004662149931581 
13.389999999982132, -1.0066725358382733 
13.399999999982109, -1.0070577464314776 
13.409999999982086, -1.0124945667246572 
13.419999999982062, -1.0123137762528391 
13.429999999982039, -1.0163850367275933 
13.439999999982016, -1.0174029929871256 
13.449999999981992, -1.018180424610543 
13.459999999981969, -1.0213204750089768 
13.469999999981946, -1.0211083552451823 
13.479999999981922, -1.0237675878836083 
13.4899999999819, -1.0240646799999544 
13.499999999981876, -1.0248449402953803 
13.509999999981853, -1.0261453836186651 
13.51999999998183, -1.0259997228585576 
13.529999999981806, -1.0273613343867984 
13.539999999981783, -1.0273148248944428 
13.54999999998176, -1.0278389319849757 
13.559999999981736, -1.0282439681164053 
13.569999999981713, -1.0281592905652774 
13.57999999998169, -1.0287164546694785 
13.589999999981666, -1.0285352101439222 
13.599999999981643, -1.0287982444466266 
13.60999999998162, -1.02881867597332 
13.619999999981596, -1.0287338133847777 
13.629999999981573, -1.0288743260641018 
13.63999999998155, -1.0286483694522779 
13.649999999981526, -1.0287108885804868 
13.659999999981503, -1.0285548105241955 
13.66999999998148, -1.0284364657745297 
13.679999999981456, -1.0283632157509912 
13.689999999981433, -1.0281168198008843 
13.69999999998141, -1.028040197661667 
13.709999999981386, -1.0277902539250365 
13.719999999981363, -1.0276302108607311 
13.72999999998134, -1.0274305181248127 
13.739999999981316, -1.027163187975522 
13.749999999981293, -1.0269899656109873 
13.75999999998127, -1.0266758054439822 
13.769999999981247, -1.026476041769788 
13.779999999981223, -1.0261801947484712 
13.7899999999812, -1.0258903785529616 
13.799999999981177, -1.0256364382660035 
13.809999999981153, -1.0252617047668025 
13.81999999998113, -1.0250266414432385 
13.829999999981107, -1.024633583821127 
13.839999999981083, -1.0243247184116426 
13.84999999998106, -1.0239811911317929 
13.859999999981037, -1.0235409750733298 
13.869999999981014, -1.0232676546896033 
13.87999999998099, -1.0227528526047993 
13.889999999980967, -1.0224338254589713 
13.899999999980944, -1.021968477200365 
13.90999999998092, -1.0214632757879922 
13.919999999980897, -1.0211310707580732 
13.929999999980874, -1.0204526451245575 
13.93999999998085, -1.0201357696858186 
13.949999999980827, -1.0194892795184647 
13.959999999980804, -1.0189326276924697 
13.96999999998078, -1.0184991512944095 
13.979999999980757, -1.0176163834327505 
13.989999999980734, -1.0173070737936507 
13.99999999998071, -1.0163923099847483 
14.009999999980687, -1.015815300477221 
14.019999999980664, -1.0152179616846313 
14.02999999998064, -1.0141232835241434 
14.039999999980617, -1.0138058577377758 
14.049999999980594, -1.0125322513896264 
14.05999999998057, -1.0119827388652056 
14.069999999980547, -1.0111489876556337 
14.079999999980524, -1.0098941734357463 
14.0899999999805, -1.0095340380045976 
14.099999999980477, -1.0078766784287692 
14.109999999980454, -1.007398352915643 
14.11999999998043, -1.0062824476759387 
14.129999999980408, -1.004980011630017 
14.139999999980384, -1.0045441563631483 
14.149999999980361, -1.002619294237319 
14.159999999980338, -1.0022217419311161 
14.169999999980314, -1.000865326255065 
14.179999999980291, -0.999651155872609 
14.189999999980268, -0.9991293470092398 
14.199999999980244, -0.9971782203483945 
14.209999999980221, -0.99683808901319 
14.219999999980198, -0.9953905826125273 
14.229999999980175, -0.9943599722824543 
14.239999999980151, -0.9937762874163317 
14.249999999980128, -0.9920408313878857 
14.259999999980105, -0.991729584311729 
14.269999999980081, -0.990375289579918 
14.279999999980058, -0.9895510023837687 
14.289999999980035, -0.9889551280775603 
14.299999999980011, -0.9875621309406362 
14.309999999979988, -0.9872633212529743 
14.319999999979965, -0.9861228743320413 
14.329999999979941, -0.9854767923144396 
14.339999999979918, -0.9849177418252605 
14.349999999979895, -0.9838662910550563 
14.359999999979872, -0.9835758490042613 
14.369999999979848, -0.9826770708159007 
14.379999999979825, -0.9821660041574014 
14.389999999979802, -0.981672384574946 
14.399999999979778, -0.9808942368964423 
14.409999999979755, -0.9806152093340048 
14.419999999979732, -0.9799267057184227 
14.429999999979708, -0.9795130141961778 
14.439999999979685, -0.9790925557106481 
14.449999999979662, -0.9785095822966412 
14.459999999979638, -0.9782479773193208 
14.469999999979615, -0.9777204388646025 
14.479999999979592, -0.9773778470792671 
14.489999999979569, -0.9770271461178452 
14.499999999979545, -0.9765769553004757 
14.509999999979522, -0.9763402045171674 
14.519999999979499, -0.9759294861067328 
14.529999999979475, -0.9756425196379063 
14.539999999979452, -0.9753564191256892 
14.549999999979429, -0.9749961552396077 
14.559999999979405, -0.9747940164833752 
14.569999999979382, -0.9744684976760736 
14.579999999979359, -0.97423086951437 
14.589999999979335, -0.9740087630225038 
14.599999999979312, -0.973711106706333 
14.609999999979289, -0.9735589154751787 
14.619999999979266, -0.973299691005992 
14.629999999979242, -0.9731139089776981 
14.639999999979219, -0.9729648290007615 
14.649999999979196, -0.9727130602721621 
14.659999999979172, -0.9726384635279823 
14.669999999979149, -0.9724379071231785 
14.679999999979126, -0.9723174099713453 
14.689999999979102, -0.9722672055929257 
14.69999999997908, -0.9720511485374422 
14.709999999979056, -0.9721080919808306 
14.719999999979033, -0.9719691473618084 
14.72999999997901, -0.9719449912340712 
14.739999999978986, -0.9720503785449155 
14.749999999978963, -0.9718629590722355 
14.75999999997894, -0.9721620375834726 
14.769999999978916, -0.9720984770139703 
14.779999999978893, -0.9722348657182593 
14.78999999997887, -0.9726119635422961 
14.799999999978846, -0.9724454172945947 
14.809999999978823, -0.9732180155824569 
14.8199999999788, -0.9732527918768991 
14.829999999978776, -0.9736782971863378 
14.839999999978753, -0.9745511123896698 
14.84999999997873, -0.9743924464070878 
14.859999999978706, -0.9760959325785624 
14.869999999978683, -0.9762468816298708 
14.87999999997866, -0.9771971761018335 
14.889999999978636, -0.9789183340775762 
14.899999999978613, -0.978748320493279 
14.90999999997859, -0.9820635250916161 
14.919999999978566, -0.9823001759430544 
14.929999999978543, -0.9840950222150285 
14.93999999997852, -0.9868810127930316 
14.949999999978496, -0.986692508235194 
14.959999999978473, -0.9918888381579015 
14.96999999997845, -0.9920972384688483 
14.979999999978427, -0.9948926067779065 
14.989999999978403, -0.9981265975395572 
14.99999999997838, -0.9979816907540112 
15.009999999978357, -1.0039470997467783 
15.019999999978333, -1.0040087550282935 
15.02999999997831, -1.0073999560433715 
15.039999999978287, -1.0098459560695803 
15.049999999978263, -1.009924660949215 
15.05999999997824, -1.0147552796921135 
15.069999999978217, -1.0146523542627919 
15.079999999978194, -1.0176483405710146 
15.08999999997817, -1.018854811760243 
15.099999999978147, -1.019238518263571 
15.109999999978124, -1.021974588613954 
15.1199999999781, -1.0217833635269384 
15.129999999978077, -1.0237622851159558 
15.139999999978054, -1.0241464917074319 
15.14999999997803, -1.024600232535477 
15.159999999978007, -1.025769387351031 
15.169999999977984, -1.0255884652154714 
15.17999999997796, -1.0266465986195663 
15.189999999977937, -1.026644952110287 
15.199999999977914, -1.0269697105155853 
15.20999999997789, -1.0273545485476838 
15.219999999977867, -1.0272122312981513 
15.229999999977844, -1.0276654412733512 
15.23999999997782, -1.0275018149231787 
15.249999999977797, -1.027661292256541 
15.259999999977774, -1.0276896783479283 
15.26999999997775, -1.027555001256251 
15.279999999977727, -1.0276670864835686 
15.289999999977704, -1.027439289485107 
15.29999999997768, -1.0274561067226335 
15.309999999977657, -1.0273106814561077 
15.319999999977634, -1.0271570052319572 
15.32999999997761, -1.0270806424524335 
15.339999999977588, -1.0268226458523355 
15.349999999977564, -1.0267303186384116 
15.359999999977541, -1.026486386861167 
15.369999999977518, -1.026303905728561 
15.379999999977494, -1.0261097654112012 
15.389999999977471, -1.0258269922784133 
15.399999999977448, -1.0256534073782368 
15.409999999977424, -1.025339417407493 
15.419999999977401, -1.0251274127364889 
15.429999999977378, -1.0248405051816616 
15.439999999977355, -1.024532863858298 
15.449999999977331, -1.024289394878463 
15.459999999977308, -1.0239095095432897 
15.469999999977285, -1.0236710225294252 
15.479999999977261, -1.0232896574940604 
15.489999999977238, -1.0229605952126941 
15.499999999977215, -1.0226392463231682 
15.509999999977191, -1.022187089920221 
15.519999999977168, -1.0219221849452846 
15.529999999977145, -1.0214241970233846 
15.539999999977121, -1.0210824335825648 
15.549999999977098, -1.0206565104249892 
15.559999999977075, -1.0201286971233103 
15.569999999977052, -1.019824954154255 
15.579999999977028, -1.0191714442866273 
15.589999999977005, -1.0188308206227363 
15.599999999976982, -1.018253671039399 
15.609999999976958, -1.01765951537502 
15.619999999976935, -1.017286673968551 
15.629999999976912, -1.0164352026303534 
15.639999999976888, -1.0161091953321482 
15.649999999976865, -1.0153145245489923 
15.659999999976842, -1.0146802775320016 
15.669999999976818, -1.0141930805999455 
15.679999999976795, -1.0131263971828253 
15.689999999976772, -1.012815069313679 
15.699999999976749, -1.011732901543535 
15.709999999976725, -1.011102217083421 
15.719999999976702, -1.0104499161993938 
15.729999999976679, -1.009205881457718 
15.739999999976655, -1.008889101862333 
15.749999999976632, -1.0074913179194973 
15.759999999976609, -1.006913726765126 
15.769999999976585, -1.0060618763914255 
15.779999999976562, -1.0047388752862425 
15.789999999976539, -1.0043885366000072 
15.799999999976515, -1.0027456555270737 
15.809999999976492, -1.0022510690810391 
15.819999999976469, -1.0012164735909115 
15.829999999976446, -0.999943320528387 
15.839999999976422, -0.9995420711098644 
15.849999999976399, -0.9978276296388637 
15.859999999976376, -0.9974126246810199 
15.869999999976352, -0.996281434819682 
15.879999999976329, -0.9951639139694262 
15.889999999976306, -0.9947156086422637 
15.899999999976282, -0.9931280023652226 
15.90999999997626, -0.9927697616810492 
15.919999999976236, -0.9916645835666887 
15.929999999976213, -0.990747717977093 
15.93999999997619, -0.9902759934701846 
15.949999999976166, -0.9889446740205555 
15.959999999976143, -0.9886213145804045 
15.96999999997612, -0.9876406097809483 
15.979999999976096, -0.9869137902351093 
15.989999999976073, -0.9864499854765392 
15.99999999997605, -0.9854049193566923 
16.009999999976028, -0.985103838049131 
16.019999999976005, -0.9842897803411053 
16.02999999997598, -0.9837160251249285 
16.039999999975958, -0.9832854871464184 
16.049999999975935, -0.9824892094255745 
16.05999999997591, -0.9822061773653264 
16.069999999975888, -0.9815541428866525 
16.079999999975865, -0.9810942960084255 
16.08999999997584, -0.9807107413926228 
16.099999999975818, -0.9801035222531728 
16.109999999975795, -0.9798396170821735 
16.11999999997577, -0.9793229463412799 
16.129999999975748, -0.97894629965672 
16.139999999975725, -0.9786143834791767 
16.1499999999757, -0.9781414971883888 
16.15999999997568, -0.977901090489537 
16.169999999975655, -0.9774899354573302 
16.17999999997563, -0.9771761513169114 
16.18999999997561, -0.9768970299372963 
16.199999999975585, -0.97651747462724 
16.20999999997556, -0.9763080038069317 
16.21999999997554, -0.9759783486968912 
16.229999999975515, -0.97571638124634 
16.239999999975492, -0.9754929771689194 
16.24999999997547, -0.9751788803757646 
16.259999999975445, -0.97501259996436 
16.269999999975422, -0.9747491110893666 
16.2799999999754, -0.974536205547425 
16.289999999975375, -0.9743781071541507 
16.299999999975352, -0.9741114069239158 
16.30999999997533, -0.9740098582640419 
16.319999999975305, -0.9738064240643747 
16.329999999975282, -0.9736486421961646 
16.33999999997526, -0.973578529430556 
16.349999999975235, -0.9733475652046889 
16.359999999975212, -0.9733510714272134 
16.36999999997519, -0.9732113342740971 
16.379999999975166, -0.9731268561851386 
16.389999999975142, -0.9731919645839683 
16.39999999997512, -0.9729884255887635 
16.409999999975096, -0.9731762452878615 
16.419999999975072, -0.9731150134330436 
16.42999999997505, -0.9731423926858982 
16.439999999975026, -0.9734369890445006 
16.449999999975002, -0.9732528223845328 
16.45999999997498, -0.9737854453893249 
16.469999999974956, -0.973829737041118 
16.479999999974932, -0.9740447163437058 
16.48999999997491, -0.9747505116964376 
16.499999999974886, -0.9745745190297964 
16.509999999974863, -0.9757705976665019 
16.51999999997484, -0.9759527464949371 
16.529999999974816, -0.9764946170097548 
16.539999999974793, -0.9779225868104844 
16.54999999997477, -0.977738411490103 
16.559999999974746, -0.98013660725302 
16.569999999974723, -0.9804594886306314 
16.5799999999747, -0.9815431739693308 
16.589999999974676, -0.984030618174976 
16.599999999974653, -0.9838229395706717 
16.60999999997463, -0.9879185175810534 
16.619999999974606, -0.9882916239900299 
16.629999999974583, -0.9901288361326986 
16.63999999997456, -0.9934994880067162 
16.649999999974536, -0.99328059959293 
16.659999999974513, -0.9986787646269443 
16.66999999997449, -0.9989367801507232 
16.679999999974466, -1.0015080967081356 
16.689999999974443, -1.0046686272484766 
16.69999999997442, -1.0045301835264966 
16.709999999974396, -1.0097265489114047 
16.719999999974373, -1.0097774630242942 
16.72999999997435, -1.0125333504411695 
16.739999999974327, -1.014499536647915 
16.749999999974303, -1.0145954955435212 
16.75999999997428, -1.0181866199318539 
16.769999999974257, -1.0180666968271241 
16.779999999974233, -1.020240187094742 
16.78999999997421, -1.021080904812389 
16.799999999974187, -1.0213848461356052 
16.809999999974163, -1.0232206991852106 
16.81999999997414, -1.0230299716022653 
16.829999999974117, -1.0243835334799534 
16.839999999974093, -1.0246020318373175 
16.84999999997407, -1.024910264882261 
16.859999999974047, -1.0256571309446119 
16.869999999974024, -1.0254778385038696 
16.879999999974, -1.0261745356392369 
16.889999999973977, -1.0261094883723922 
16.899999999973954, -1.0263074801648604 
16.90999999997393, -1.0265211182103096 
16.919999999973907, -1.0263651168949066 
16.929999999973884, -1.0266378690456892 
16.93999999997386, -1.0264500658533786 
16.949999999973837, -1.026521824201267 
16.959999999973814, -1.026478711887638 
16.96999999997379, -1.026321897252568 
16.979999999973767, -1.0263482699095303 
16.989999999973744, -1.0261075404028208 
16.99999999997372, -1.0260692225961097 
17.009999999973697, -1.0258896363572447 
17.019999999973674, -1.0257143856546882 
17.02999999997365, -1.0255946806242098 
17.039999999973627, -1.0253243914988428 
17.049999999973604, -1.0251994702872318 
17.05999999997358, -1.0249344777155913 
17.069999999973557, -1.0247346066410423 
17.079999999973534, -1.02451432511258 
17.08999999997351, -1.0242182034644605 
17.099999999973488, -1.0240249805603552 
17.109999999973464, -1.0236928449176168 
17.11999999997344, -1.0234685358990698 
17.129999999973418, -1.0231612986482812 
17.139999999973394, -1.0228404541502125 
17.14999999997337, -1.0225833502437034 
17.159999999973348, -1.0221843993391013 
17.169999999973324, -1.0219383588462356 
17.1799999999733, -1.021537423006325 
17.189999999973278, -1.021196724771884 
17.199999999973254, -1.0208642209675123 
17.20999999997323, -1.0203922029116228 
17.219999999973208, -1.020123543952457 
17.229999999973185, -1.0196058531105388 
17.23999999997316, -1.0192550497284838 
17.249999999973138, -1.0188205484557677 
17.259999999973115, -1.018274486084813 
17.26999999997309, -1.0179707258266697 
17.279999999973068, -1.0173014574002819 
17.289999999973045, -1.0169546188982033 
17.29999999997302, -1.016376659853602 
17.309999999972998, -1.0157688263151126 
17.319999999972975, -1.015402674866007 
17.32999999997295, -1.0145492434644527 
17.339999999972928, -1.0142193428852495 
17.349999999972905, -1.0134451577607584 
17.35999999997288, -1.012803392347273 
17.36999999997286, -1.0123374390709377 
17.379999999972835, -1.0112951196170596 
17.38999999997281, -1.0109830230177346 
17.39999999997279, -1.0099656865328066 
17.409999999972765, -1.0093312982211249 
17.41999999997274, -1.008728394051401 
17.42999999997272, -1.0075424595185565 
17.439999999972695, -1.0072319950287565 
17.449999999972672, -1.0059662893024301 
17.45999999997265, -1.0053826847420897 
17.469999999972625, -1.0046237490089875 
17.479999999972602, -1.0033869064344223 
17.48999999997258, -1.0030550734877075 
17.499999999972555, -1.0016120968682516 
17.509999999972532, -1.0011053546066042 
17.51999999997251, -1.0002115245434904 
17.529999999972485, -0.9990330088710611 
17.539999999972462, -0.9986650380661717 
17.54999999997244, -0.9971842254755029 
17.559999999972415, -0.9967536942749374 
17.569999999972392, -0.9957926102447675 
17.57999999997237, -0.9947563272142168 
17.589999999972346, -0.9943536012037594 
17.599999999972322, -0.992983299629909 
17.6099999999723, -0.9926115529733414 
17.619999999972276, -0.9916720098563468 
17.629999999972252, -0.9908122215207926 
17.63999999997223, -0.9903909360592075 
17.649999999972206, -0.9892262388658563 
17.659999999972182, -0.9888944031006816 
17.66999999997216, -0.9880476791281684 
17.679999999972136, -0.9873553708616408 
17.689999999972112, -0.9869382547712511 
17.69999999997209, -0.9860028639370134 
17.709999999972066, -0.9856983679213511 
17.719999999972043, -0.9849780600901292 
17.72999999997202, -0.9844231008053695 
17.739999999971996, -0.9840301012989708 
17.749999999971973, -0.9832983623148908 
17.75999999997195, -0.983015570787016 
17.769999999971926, -0.9824226080959034 
17.779999999971903, -0.9819722863911066 
17.78999999997188, -0.9816160598289917 
17.799999999971856, -0.9810439160570277 
17.809999999971833, -0.9807823392137699 
17.81999999997181, -0.9803004127038779 
17.829999999971786, -0.9799282827635839 
17.839999999971763, -0.9796151545882377 
17.84999999997174, -0.9791601710663093 
17.859999999971716, -0.9789229943438448 
17.869999999971693, -0.978531599699863 
17.87999999997167, -0.9782196431978976 
17.889999999971646, -0.9779532389943204 
17.899999999971623, -0.9775821710660926 
17.9099999999716, -0.977376046748942 
17.919999999971576, -0.9770577386413274 
17.929999999971553, -0.9767959197788246 
17.93999999997153, -0.9765812843633279 
17.949999999971507, -0.9762706163253286 
17.959999999971483, -0.9761071282018827 
17.96999999997146, -0.975850575572286 
17.979999999971437, -0.9756362611591214 
17.989999999971413, -0.975484225758901 
17.99999999997139, -0.9752181646177681 
18.009999999971367, -0.9751177281419225 
18.019999999971343, -0.9749189091987318 
18.02999999997132, -0.9747574553362243 
18.039999999971297, -0.9746905678952389 
18.049999999971273, -0.9744585752906988 
18.05999999997125, -0.9744587517449134 
18.069999999971227, -0.9743219258991639 
18.079999999971204, -0.9742295507539186 
18.08999999997118, -0.9742923144975778 
18.099999999971157, -0.974086695156766 
18.109999999971134, -0.9742594965748982 
18.11999999997111, -0.9741986329643862 
18.129999999971087, -0.9742093734781783 
18.139999999971064, -0.9744874082848692 
18.14999999997104, -0.9743007787564235 
18.159999999971017, -0.9747878944436157 
18.169999999970994, -0.9748274424883407 
18.17999999997097, -0.9750070739559025 
18.189999999970947, -0.9756599546267717 
18.199999999970924, -0.9754824679489353 
18.2099999999709, -0.9765575764767283 
18.219999999970877, -0.9767263118768827 
18.229999999970854, -0.9771944058373498 
18.23999999997083, -0.9784882113446268 
18.249999999970807, -0.9783058587555417 
18.259999999970784, -0.980427633522512 
18.26999999997076, -0.9807296380612747 
18.279999999970737, -0.9816737396653255 
18.289999999970714, -0.983904580359235 
18.29999999997069, -0.9837038149747239 
18.309999999970668, -0.9873328000688693 
18.319999999970644, -0.9876925460509052 
18.32999999997062, -0.9893152461992143 
18.339999999970598, -0.992394084708324 
18.349999999970574, -0.9921828804200261 
18.35999999997055, -0.9971060845790258 
18.369999999970528, -0.9973731725289972 
18.379999999970504, -0.9997045772213915 
18.38999999997048, -1.0027486519889823 
18.399999999970458, -1.0026000218673352 
18.409999999970434, -1.0075829667289553 
18.41999999997041, -1.0076573259296322 
18.429999999970388, -1.01027842830818 
18.439999999970365, -1.0123240921344425 
18.44999999997034, -1.0123779247113336 
18.459999999970318, -1.016064593636115 
18.469999999970295, -1.0159649335618486 
18.47999999997027, -1.0181687415542755 
18.489999999970248, -1.0191256946306886 
18.499999999970225, -1.0193974706881437 
18.5099999999702, -1.0214301541244613 
18.519999999970178, -1.0212449829532642 
18.529999999970155, -1.022706208190439 
18.53999999997013, -1.0230013444679469 
18.549999999970108, -1.0233156240200798 
18.559999999970085, -1.0242083670436521 
18.56999999997006, -1.0240237724762193 
18.57999999997004, -1.0248295153705718 
18.589999999970015, -1.024805763365358 
18.59999999996999, -1.0250311355506765 
18.60999999996997, -1.0253301756773863 
18.619999999969945, -1.0251715315963619 
18.62999999996992, -1.0255260104677784 
18.6399999999699, -1.0253588636687672 
18.649999999969875, -1.0254637621841167 
18.659999999969852, -1.0254705588418518 
18.66999999996983, -1.0253182371526721 
18.679999999969805, -1.0253996787795292 
18.689999999969782, -1.0251701342875914 
18.69999999996976, -1.025163641334709 
18.709999999969735, -1.0250163673327892 
18.719999999969712, -1.0248504131692902 
18.72999999996969, -1.024769622970698 
18.739999999969665, -1.0245088981975956 
18.749999999969642, -1.0244116107837655 
18.75999999996962, -1.0241716328855976 
18.769999999969595, -1.0239833138115677 
18.779999999969572, -1.0237955038937252 
18.78999999996955, -1.0235107105383194 
18.799999999969526, -1.0233423321431598 
18.809999999969502, -1.0230351186293976 
18.81999999996948, -1.022822836794791 
18.829999999969456, -1.0225494573321339 
18.839999999969432, -1.0222416784450827 
18.84999999996941, -1.0220114963933087 
18.859999999969386, -1.021643164218718 
18.869999999969362, -1.0214088254645937 
18.87999999996934, -1.0210510862105164 
18.889999999969316, -1.0207236793667827 
18.899999999969292, -1.020427106790521 
18.90999999996927, -1.0199946443535441 
18.919999999969246, -1.019739248768655 
18.929999999969223, -1.0192838899511965 
18.9399999999692, -1.0189442065945709 
18.949999999969176, -1.018563792137866 
18.959999999969153, -1.0180655416761997 
18.96999999996913, -1.0177824606959303 
18.979999999969106, -1.017205521044202 
18.989999999969083, -1.01686466188843 
18.99999999996906, -1.016371469491661 
19.009999999969036, -1.015815372978567 
19.019999999969013, -1.0154858454391575 
19.02999999996899, -1.0147612782283586 
19.039999999968966, -1.014431304589062 
19.049999999968943, -1.013787175386109 
19.05999999996892, -1.0131935634943277 
19.069999999968896, -1.012788848974536 
19.079999999968873, -1.0119057913929916 
19.08999999996885, -1.0115921277468898 
19.099999999968826, -1.01075876314656 
19.109999999968803, -1.0101590079134795 
19.11999999996878, -1.0096477975304103 
19.129999999968756, -1.0086295375707055 
19.139999999968733, -1.0083239269030022 
19.14999999996871, -1.0072841364559368 
19.159999999968687, -1.0067145543203182 
19.169999999968663, -1.0060744635392491 
19.17999999996864, -1.0049832723035443 
19.189999999968617, -1.0046670104899305 
19.199999999968593, -1.003451712052659 
19.20999999996857, -1.0029408233843142 
19.219999999968547, -1.0021740287322012 
19.229999999968523, -1.0010945336792845 
19.2399999999685, -1.0007502696938768 
19.249999999968477, -0.9994475826393593 
19.259999999968453, -0.9990047087920566 
19.26999999996843, -0.9981489856739848 
19.279999999968407, -0.9971587959007245 
19.289999999968384, -0.996780397312622 
19.29999999996836, -0.9955081097388994 
19.309999999968337, -0.9951244990193918 
19.319999999968314, -0.9942455683118386 
19.32999999996829, -0.9933908180679332 
19.339999999968267, -0.9929861610895571 
19.349999999968244, -0.9918439714412378 
19.35999999996822, -0.9915037059600907 
19.369999999968197, -0.9906697132272666 
19.379999999968174, -0.9899597688212542 
19.38999999996815, -0.9895466914047203 
19.399999999968127, -0.9885849937192872 
19.409999999968104, -0.9882744670287696 
19.41999999996808, -0.9875320734877515 
19.429999999968057, -0.9869512908230188 
19.439999999968034, -0.9865498187963587 
19.44999999996801, -0.9857708242621996 
19.459999999967987, -0.9854821895375627 
19.469999999967964, -0.9848494270587506 
19.47999999996794, -0.9843728200803529 
19.489999999967917, -0.9839987773934015 
19.499999999967894, -0.9833765691820507 
19.50999999996787, -0.9831073296070227 
19.519999999967848, -0.9825806826406177 
19.529999999967824, -0.9821844605882714 
19.5399999999678, -0.9818475225936587 
19.549999999967778, -0.9813478990409227 
19.559999999967754, -0.9810995407162814 
19.56999999996773, -0.9806650309745846 
19.579999999967708, -0.9803310649944595 
19.589999999967684, -0.9800364777056183 
19.59999999996766, -0.979628310318085 
19.609999999967638, -0.9794054982206222 
19.619999999967614, -0.9790472436325178 
19.62999999996759, -0.9787640241187606 
19.639999999967568, -0.9785158375697399 
19.649999999967545, -0.9781749811849276 
19.65999999996752, -0.9779859431641219 
19.669999999967498, -0.9776909225620629 
19.679999999967475, -0.9774534119162003 
19.68999999996745, -0.9772580315448516 
19.699999999967428, -0.9769672986160488 
19.709999999967405, -0.976825871532426 
19.71999999996738, -0.9765860534053965 
19.729999999967358, -0.9763959076820843 
19.739999999967335, -0.9762661450023574 
19.74999999996731, -0.9760138625775447 
19.759999999967288, -0.9759441645850189 
19.769999999967265, -0.975757442834386 
19.77999999996724, -0.9756246280539513 
19.78999999996722, -0.9755855257011797 
19.799999999967195, -0.9753637982315361 
19.80999999996717, -0.9754097918748185 
19.81999999996715, -0.9752806615948509 
19.829999999967125, -0.9752277517300052 
19.8399999999671, -0.9753265323135977 
19.84999999996708, -0.9751294473149897 
19.859999999967055, -0.9753741700815627 
19.869999999967032, -0.9753141910204735 
19.87999999996701, -0.9753856006319285 
19.889999999966985, -0.9757090439840473 
19.899999999966962, -0.9755306672620518 
19.90999999996694, -0.9761329560349016 
19.919999999966915, -0.9761591438885474 
19.929999999966892, -0.9764385718733619 
19.93999999996687, -0.9771381914217317 
19.949999999966845, -0.9769704366406434 
19.959999999966822, -0.9782205097289142 
19.9699999999668, -0.9783455830446149 
19.979999999966775, -0.9789810811514084 
19.989999999966752, -0.9802810460876844 
19.99999999996673, -0.9801133552100583 
20.009999999966706, -0.9824459891137052 
20.019999999966682, -0.9826516510592969 
20.02999999996666, -0.9838612777732394 
20.039999999966636, -0.9859391290271933 
20.049999999966612, -0.9857668388021085 
20.05999999996659, -0.9895033646595193 
20.069999999966566, -0.989711462783516 
20.079999999966542, -0.9916854371754582 
20.08999999996652, -0.9943052033035801 
20.099999999966496, -0.9941582418271537 
20.109999999966472, -0.9988954742636938 
20.11999999996645, -0.99900053799768 
20.129999999966426, -1.0016440692912145 
20.139999999966403, -1.0040106574405094 
20.14999999996638, -1.0039938215668565 
20.159999999966356, -1.0085008103941402 
20.169999999966333, -1.0084551220495706 
20.17999999996631, -1.0111983441969692 
20.189999999966286, -1.0126775715335914 
20.199999999966263, -1.0129091627865112 
20.20999999996624, -1.0160692836763097 
20.219999999966216, -1.0159083925128873 
20.229999999966193, -1.01809131467227 
20.23999999996617, -1.0187384948126295 
20.249999999966146, -1.0191443415069907 
20.259999999966123, -1.0208285727811592 
20.2699999999661, -1.0206347140291336 
20.279999999966076, -1.0220411570156451 
20.289999999966053, -1.0221979980273725 
20.29999999996603, -1.0225827379260606 
20.309999999966006, -1.0233068788863189 
20.319999999965983, -1.0231432825014126 
20.32999999996596, -1.0239009713968952 
20.339999999965936, -1.0238187888361974 
20.349999999965913, -1.024079998818038 
20.35999999996589, -1.0243044571659705 
20.369999999965867, -1.024170948595726 
20.379999999965843, -1.0244952126024771 
20.38999999996582, -1.0243063419803036 
20.399999999965797, -1.0244299065388813 
20.409999999965773, -1.0244022400564654 
20.41999999996575, -1.0242705164241512 
20.429999999965727, -1.0243361266279432 
20.439999999965703, -1.0241026550580916 
20.44999999996568, -1.0241055721023224 
20.459999999965657, -1.0239416426442152 
20.469999999965633, -1.023792272571072 
20.47999999996561, -1.0237031666670169 
20.489999999965587, -1.0234469173091318 
20.499999999965564, -1.0233545979071483 
20.50999999996554, -1.0231078480116786 
20.519999999965517, -1.0229332573969 
20.529999999965494, -1.0227409106560432 
20.53999999996547, -1.022465582150959 
20.549999999965447, -1.0222996427469322 
20.559999999965424, -1.0219931821959911 
20.5699999999654, -1.0217922649729507 
20.579999999965377, -1.0215176639199814 
20.589999999965354, -1.021223903197787 
20.59999999996533, -1.0209942316620662 
20.609999999965307, -1.0206346452575248 
20.619999999965284, -1.0204091554747334 
20.62999999996526, -1.0200554681216867 
20.639999999965237, -1.0197464757137968 
20.649999999965214, -1.01945000046246 
20.65999999996519, -1.0190370316619608 
20.669999999965167, -1.018786933416123 
20.679999999965144, -1.0183453308045423 
20.68999999996512, -1.018027461466266 
20.699999999965097, -1.0176502190832966 
20.709999999965074, -1.017185828826201 
20.71999999996505, -1.016903559890057 
20.729999999965028, -1.01635763732754 
20.739999999965004, -1.0160396189230119 
20.74999999996498, -1.0155586760344737 
20.759999999964958, -1.0150527020212572 
20.769999999964934, -1.014720646626874 
20.77999999996491, -1.0140546268480772 
20.789999999964888, -1.0137444139014777 
20.799999999964864, -1.0131306843046655 
20.80999999996484, -1.0126017476495164 
20.819999999964818, -1.0121951220169167 
20.829999999964794, -1.0114071566793592 
20.83999999996477, -1.0111056790506612 
20.849999999964748, -1.0103319616151392 
20.859999999964725, -1.0098054695339982 
20.8699999999647, -1.0092986862004152 
20.879999999964678, -1.008412637195081 
20.889999999964655, -1.0081096514573904 
20.89999999996463, -1.007166703056759 
20.909999999964608, -1.0066695824500946 
20.919999999964585, -1.006045467117744 
20.92999999996456, -1.0051112231364283 
20.939999999964538, -1.0047894313362482 
20.949999999964515, -1.0037045460676068 
20.95999999996449, -1.0032561214290376 
20.969999999964468, -1.0025178179436887 
20.979999999964445, -1.0015981473720796 
20.98999999996442, -1.0012428959737478 
20.9999999999644, -1.0000852189559302 
21.009999999964375, -0.9996901159176349 
21.01999999996435, -0.9988692892166637 
21.02999999996433, -0.9980202955266291 
21.039999999964305, -0.9976274647206987 
21.04999999996428, -0.9964885635127257 
21.05999999996426, -0.9961384612279537 
21.069999999964235, -0.9952901275455217 
21.079999999964212, -0.9945457505749352 
21.08999999996419, -0.9941241561198065 
21.099999999964165, -0.993084390634632 
21.109999999964142, -0.9927662411188533 
21.11999999996412, -0.9919500568484279 
21.129999999964095, -0.9913185607975606 
21.139999999964072, -0.990886465729107 
21.14999999996405, -0.9899910691189677 
21.159999999964025, -0.9896942067558365 
21.169999999964002, -0.98895489266812 
21.17999999996398, -0.9884262845326259 
21.189999999963955, -0.9880042960194746 
21.199999999963932, -0.9872613258824543 
21.20999999996391, -0.9869801635888192 
21.219999999963886, -0.9863390581777239 
21.229999999963862, -0.9858956942941202 
21.23999999996384, -0.9855005279447775 
21.249999999963816, -0.9848937545827828 
21.259999999963792, -0.9846274175594115 
21.26999999996377, -0.9840858007618114 
21.279999999963746, -0.983710161783158 
21.289999999963722, -0.9833522973213984 
21.2999999999637, -0.9828560937111689 
21.309999999963676, -0.9826071435412187 
21.319999999963652, -0.9821546766247276 
21.32999999996363, -0.9818331411825755 
21.339999999963606, -0.9815180129287346 
21.349999999963583, -0.9811071464229134 
21.35999999996356, -0.9808807130698307 
21.369999999963536, -0.9805031809100775 
21.379999999963513, -0.9802272224481585 
21.38999999996349, -0.9799580371746907 
21.399999999963466, -0.9796119192075674 
21.409999999963443, -0.979415854241547 
21.41999999996342, -0.9791000696288845 
21.429999999963396, -0.9788665332678989 
21.439999999963373, -0.9786473835850221 
21.44999999996335, -0.9783509183620928 
21.459999999963326, -0.9781973456684476 
21.469999999963303, -0.9779335143993716 
21.47999999996328, -0.9777451500335529 
21.489999999963256, -0.9775842218384772 
21.499999999963233, -0.9773272052132281 
21.50999999996321, -0.9772360972930483 
21.519999999963186, -0.9770186584601334 
21.529999999963163, -0.9768858387971724 
21.53999999996314, -0.9767993692467951 
21.549999999963116, -0.9765755133532854 
21.559999999963093, -0.9765817657679357 
21.56999999996307, -0.9764095096597233 
21.579999999963047, -0.9763543420609123 
21.589999999963023, -0.9763726056951519 
21.599999999963, -0.9761785838632164 
21.609999999962977, -0.9763456988425021 
21.619999999962953, -0.9762213738157854 
21.62999999996293, -0.9762863623287317 
21.639999999962907, -0.9764633522857193 
21.649999999962883, -0.976297864451291 
21.65999999996286, -0.9767435005748917 
21.669999999962837, -0.976672151545393 
21.679999999962813, -0.9769370115490726 
21.68999999996279, -0.9773640666986881 
21.699999999962767, -0.9772268083859018 
21.709999999962744, -0.9781634870104926 
21.71999999996272, -0.9781472304797212 
21.729999999962697, -0.9787564046889732 
21.739999999962674, -0.9795692102652491 
21.74999999996265, -0.9794603899496247 
21.759999999962627, -0.9812256162964156 
21.769999999962604, -0.981252023361703 
21.77999999996258, -0.9824366900054985 
21.789999999962557, -0.9837667204838114 
21.799999999962534, -0.9836916236629033 
21.80999999996251, -0.9866389490591797 
21.819999999962487, -0.9866682225232333 
21.829999999962464, -0.9886811494897401 
21.83999999996244, -0.9904664692109604 
21.849999999962417, -0.990457168254764 
21.859999999962394, -0.9945284774905351 
21.86999999996237, -0.9945028098600557 
21.879999999962347, -0.9973544337155065 
21.889999999962324, -0.9991495586090086 
21.8999999999623, -0.9993023498057061 
21.909999999962277, -1.0036400144698387 
21.919999999962254, -1.0035235883360851 
21.92999999996223, -1.006712687641752 
21.939999999962208, -1.0079846277502627 
21.949999999962184, -1.00841521609436 
21.95999999996216, -1.0118438497953843 
21.969999999962138, -1.0116541997300708 
21.979999999962114, -1.0144153480441123 
21.98999999996209, -1.015037033533197 
21.999999999962068, -1.0156772050911236 
22.009999999962044, -1.0177040471512973 
22.01999999996202, -1.0175088912110604 
22.029999999961998, -1.0194182921208648 
22.039999999961974, -1.0195872328362912 
22.04999999996195, -1.0202056325702789 
22.059999999961928, -1.0211543693663154 
22.069999999961905, -1.0210155489879702 
22.07999999996188, -1.0221116931331107 
22.089999999961858, -1.022040410285919 
22.099999999961835, -1.0224940874279167 
22.10999999996181, -1.0228376242193362 
22.119999999961788, -1.0227489928641602 
22.129999999961765, -1.0232715525160347 
22.13999999996174, -1.0230920778288242 
22.149999999961718, -1.0233576928109334 
22.159999999961695, -1.0233920368796734 
22.16999999996167, -1.023312244247656 
22.179999999961648, -1.0234898509635746 
22.189999999961625, -1.0232700364573644 
22.1999999999616, -1.0233715971537627 
22.20999999996158, -1.0232439584704562 
22.219999999961555, -1.0231443692290512 
22.22999999996153, -1.0231220591427164 
22.23999999996151, -1.0228865744621 
22.249999999961485, -1.0228609431524807 
22.25999999996146, -1.0226419118185317 
22.26999999996144, -1.0225109880431602 
22.279999999961415, -1.0223647989866345 
22.289999999961392, -1.0221167454371058 
22.29999999996137, -1.0219974218239969 
22.309999999961345, -1.0217203833500932 
22.319999999961322, -1.021555598263834 
22.3299999999613, -1.0213213512432224 
22.339999999961275, -1.0210593691947654 
22.349999999961252, -1.0208668077271317 
22.35999999996123, -1.0205450680369792 
22.369999999961205, -1.020348146236711 
22.379999999961182, -1.0200398012274112 
22.38999999996116, -1.019764631255099 
22.399999999961135, -1.0195050728542552 
22.409999999961112, -1.0191422729623674 
22.41999999996109, -1.0189147469773523 
22.429999999961066, -1.0185333185395051 
22.439999999961042, -1.018248386402244 
22.44999999996102, -1.0179168605400721 
22.459999999960996, -1.0175157620268545 
22.469999999960972, -1.0172537013779719 
22.47999999996095, -1.0167922283449475 
22.489999999960926, -1.0165028199619912 
22.499999999960902, -1.0160859544697498 
22.50999999996088, -1.0156538767883458 
22.519999999960856, -1.0153450874214143 
22.529999999960832, -1.0147946012041718 
22.53999999996081, -1.0145055998124102 
22.549999999960786, -1.0139839840628115 
22.559999999960763, -1.013533968591145 
22.56999999996074, -1.013159493597876 
22.579999999960716, -1.0125179712620231 
22.589999999960693, -1.012229315189497 
22.59999999996067, -1.011582134688763 
22.609999999960646, -1.0111317151504364 
22.619999999960623, -1.0106700532845094 
22.6299999999606, -1.0099510090126234 
22.639999999960576, -1.0096539441016197 
22.649999999960553, -1.0088686160039295 
22.65999999996053, -1.0084368381606321 
22.669999999960506, -1.0078699449574235 
22.679999999960483, -1.0071044829577334 
22.68999999996046, -1.0067834749080613 
22.699999999960436, -1.00586911955194 
22.709999999960413, -1.0054708936779888 
22.71999999996039, -1.004792745778044 
22.729999999960366, -1.004023178350927 
22.739999999960343, -1.003663151876094 
22.74999999996032, -1.0026597251932727 
22.759999999960296, -1.0023000441256271 
22.769999999960273, -1.0015255929815423 
22.77999999996025, -1.0007941278192698 
22.789999999960227, -1.000388058698645 
22.799999999960203, -0.9993607458250556 
22.80999999996018, -0.999034070639686 
22.819999999960157, -0.9982018084371134 
22.829999999960133, -0.9975393759782046 
22.83999999996011, -0.9970925474619008 
22.849999999960087, -0.996111226763012 
22.859999999960063, -0.9958068371448094 
22.86999999996004, -0.9949697990996486 
22.879999999960017, -0.9943902162177026 
22.889999999959993, -0.9939194334366693 
22.89999999995997, -0.9930363774503528 
22.909999999959947, -0.9927447737796421 
22.919999999959924, -0.9919538442222062 
22.9299999999599, -0.991455600594879 
22.939999999959877, -0.9909835489984392 
22.949999999959854, -0.9902229068804298 
22.95999999995983, -0.9899391952525456 
22.969999999959807, -0.9892291483659654 
22.979999999959784, -0.9888019092848045 
22.98999999995976, -0.9883499104174779 
22.999999999959737, -0.987711146791275 
23.009999999959714, -0.9874352399815209 
23.01999999995969, -0.9868204093846281 
23.029999999959667, -0.986451528713645 
23.039999999959644, -0.9860347834981399 
23.04999999995962, -0.9855029799780124 
23.059999999959597, -0.9852382485177279 
23.069999999959574, -0.9847166228627097 
23.07999999995955, -0.9843952326920353 
23.089999999959527, -0.9840220338902719 
23.099999999959504, -0.9835775767848861 
23.10999999995948, -0.9833294317795239 
23.119999999959457, -0.982889922938614 
23.129999999959434, -0.9826087355038281 
23.13999999995941, -0.9822824181233161 
23.149999999959388, -0.9819069533129741 
23.159999999959364, -0.9816822158589151 
23.16999999995934, -0.9813109422941554 
23.179999999959318, -0.9810668653313961 
23.189999999959294, -0.980788677364364 
23.19999999995927, -0.9804676776494538 
23.209999999959248, -0.9802750857730707 
23.219999999959224, -0.9799592006877343 
23.2299999999592, -0.9797537924520864 
23.239999999959178, -0.9795256718250482 
23.249999999959154, -0.9792490559629924 
23.25999999995913, -0.9791010923146212 
23.269999999959108, -0.978830449425656 
23.279999999959085, -0.9786710169061442 
23.28999999995906, -0.9784981664761326 
23.299999999959038, -0.9782601881033489 
23.309999999959015, -0.978176678625179 
23.31999999995899, -0.9779441323468939 
23.329999999958968, -0.9778463354657188 
23.339999999958945, -0.9777400349503348 
23.34999999995892, -0.9775391833653353 
23.359999999958898, -0.9775538420574998 
23.369999999958875, -0.9773547831941052 
23.37999999995885, -0.9773481373721457 
23.389999999958828, -0.9773294654247074 
23.399999999958805, -0.9771687967700934 
23.40999999995878, -0.9773410668521552 
23.41999999995876, -0.9771723753984297 
23.429999999958735, -0.9773112065786717 
23.43999999995871, -0.97741612771107 
23.44999999995869, -0.9773042884632555 
23.459999999958665, -0.977739858500176 
23.46999999995864, -0.9775980214343508 
23.47999999995862, -0.9779818672663195 
23.489999999958595, -0.9782661740790695 
23.499999999958572, -0.9782192801302398 
23.50999999995855, -0.9790993064493471 
23.519999999958525, -0.9789772505753828 
23.529999999958502, -0.9797821691160657 
23.53999999995848, -0.9803167773882828 
23.549999999958455, -0.9803613750984959 
23.559999999958432, -0.9819558981254737 
23.56999999995841, -0.9818390336621868 
23.579999999958385, -0.9833354774982707 
23.589999999958362, -0.9841637275398789 
23.59999999995834, -0.9843426158981688 
23.609999999958315, -0.9869102674595628 
23.619999999958292, -0.9867756732870994 
23.62999999995827, -0.9892294405299065 
23.639999999958246, -0.9902617097373854 
23.649999999958222, -0.990647461729954 
23.6599999999582, -0.9940970518447141 
23.669999999958176, -0.9939228922923168 
23.679999999958152, -0.9972715767762487 
23.68999999995813, -0.9982317533868306 
23.699999999958106, -0.9989270175452785 
23.709999999958082, -1.0025191731832477 
23.71999999995806, -1.0023060475187624 
23.729999999958036, -1.0059218499904705 
23.739999999958012, -1.0065447950802062 
23.74999999995799, -1.0075656019857477 
23.759999999957966, -1.0103412279522546 
23.769999999957943, -1.010135270039246 
23.77999999995792, -1.0131878618136303 
23.789999999957896, -1.013433674905069 
23.799999999957873, -1.014556626042135 
23.80999999995785, -1.016166648980721 
23.819999999957826, -1.0160440608083565 
23.829999999957803, -1.0181010598610856 
23.83999999995778, -1.018085105975227 
23.849999999957756, -1.019030439605877 
23.859999999957733, -1.0197620323653085 
23.86999999995771, -1.0197417247870713 
23.879999999957686, -1.0208844280130165 
23.889999999957663, -1.0207332709426833 
23.89999999995764, -1.0213890891340793 
23.909999999957616, -1.0216233028666417 
23.919999999957593, -1.0216463823620971 
23.92999999995757, -1.022175609482157 
23.939999999957546, -1.0219761499009645 
23.949999999957523, -1.0223561111085946 
23.9599999999575, -1.0223326987631178 
23.969999999957476, -1.0223403898759924 
23.979999999957453, -1.0225144915933844 
23.98999999995743, -1.0223071368801775 
23.999999999957407, -1.0224680440607476 
24.009999999957383, -1.0223104869329533 
24.01999999995736, -1.0222755585723982 
24.029999999957337, -1.0222477391173308 
24.039999999957313, -1.022038516916088 
24.04999999995729, -1.0220427660320495 
24.059999999957267, -1.0218128767682417 
24.069999999957243, -1.021727759132163 
24.07999999995722, -1.0215769076650631 
24.089999999957197, -1.0213602818478438 
24.099999999957173, -1.0212555542370976 
24.10999999995715, -1.0209826411290395 
24.119999999957127, -1.0208487802650874 
24.129999999957104, -1.020613417159892 
24.13999999995708, -1.0203851592761546 
24.149999999957057, -1.0201987873722145 
24.159999999957034, -1.019894100816573 
24.16999999995701, -1.0197165327766005 
24.179999999956987, -1.0194140134079113 
24.189999999956964, -1.0191733015737645 
24.19999999995694, -1.0189161967267337 
24.209999999956917, -1.0185836483735737 
24.219999999956894, -1.018365384605887 
24.22999999995687, -1.0180009967664112 
24.239999999956847, -1.0177494240887177 
24.249999999956824, -1.017421365065402 
24.2599999999568, -1.0170650547883293 
24.269999999956777, -1.0168027200159204 
24.279999999956754, -1.0163751574720763 
24.28999999995673, -1.016115255839117 
24.299999999956707, -1.015708456990636 
24.309999999956684, -1.0153356696933211 
24.31999999995666, -1.0150188262754107 
24.329999999956637, -1.0145262774030814 
24.339999999956614, -1.0142585638887918 
24.34999999995659, -1.013760522961326 
24.359999999956568, -1.0133816398037554 
24.369999999956544, -1.012994997402375 
24.37999999995652, -1.0124419708234584 
24.389999999956498, -1.0121611825833408 
24.399999999956474, -1.0115592040324328 
24.40999999995645, -1.0111864294644175 
24.419999999956428, -1.0107131630489783 
24.429999999956404, -1.0101146598766617 
24.43999999995638, -1.0098086573323064 
24.449999999956358, -1.0090976537676812 
24.459999999956334, -1.0087422836231612 
24.46999999995631, -1.0081687218474888 
24.479999999956288, -1.007549205275784 
24.489999999956265, -1.0072026515387473 
24.49999999995624, -1.0063944905219562 
24.509999999956218, -1.0060626191233697 
24.519999999956195, -1.0053851723973672 
24.52999999995617, -1.00477351414713 
24.539999999956148, -1.004374210357847 
24.549999999956125, -1.0035024780443007 
24.5599999999561, -1.003192086517443 
24.569999999956078, -1.0024245414108601 
24.579999999956055, -1.0018473124655123 
24.58999999995603, -1.0013920081669823 
24.599999999956008, -1.0005063482662004 
24.609999999955985, -1.0002090367017775 
24.61999999995596, -0.9993851007416635 
24.62999999995594, -0.9988603846275067 
24.639999999955915, -0.9983580118760712 
24.64999999995589, -0.9975097310137063 
24.65999999995587, -0.9972160011476677 
24.669999999955845, -0.9963828730733786 
24.67999999995582, -0.9959173722927435 
24.6899999999558, -0.9953879572690927 
24.699999999955775, -0.9946156232332264 
24.709999999955752, -0.9943196226187486 
24.71999999995573, -0.9935245934776652 
24.729999999955705, -0.9931153742229477 
24.739999999955682, -0.9925844495738754 
24.74999999995566, -0.9919071306249054 
24.759999999955635, -0.9916084602048336 
24.769999999955612, -0.9908862134241483 
24.77999999995559, -0.990525259273238 
24.789999999955565, -0.9900166420719184 
24.799999999955542, -0.9894358564586901 
24.80999999995552, -0.9891387394141284 
24.819999999955495, -0.9885058534968207 
24.829999999955472, -0.9881844486373388 
24.83999999995545, -0.9877151965365879 
24.849999999955426, -0.987221528781008 
24.859999999955402, -0.9869327647276998 
24.86999999995538, -0.9863899242063843 
24.879999999955356, -0.986101327693729 
24.889999999955332, -0.9856805081917618 
24.89999999995531, -0.9852603421477053 
24.909999999955286, -0.9849874474344528 
24.919999999955262, -0.9845255067547293 
24.92999999995524, -0.9842660635758265 
24.939999999955216, -0.9838964120471094 
24.949999999955192, -0.9835365241702718 
24.95999999995517, -0.9832868986108453 
24.969999999955146, -0.982892820297106 
24.979999999955123, -0.9826623104695695 
24.9899999999551, -0.9823430116208711 
24.999999999955076, -0.9820329372799624 
