t, s[1].omega / s[0].omega 
0, -0.9599932082066626 
0.009999999999999995, -0.9592481501383331 
0.019999999999999934, -0.9583723282300218 
0.029999999999999874, -0.9573644184813385 
0.04000000000000012, -0.956222138909793 
0.050000000000000405, -0.9549425813557808 
0.06000000000000069, -0.9535226385655206 
0.07000000000000098, -0.9519594906790423 
0.08000000000000126, -0.9502511129164072 
0.09000000000000155, -0.9483967683946377 
0.10000000000000184, -0.946397456024334 
0.11000000000000212, -0.944256292088721 
0.12000000000000241, -0.9419788137398049 
0.130000000000002, -0.9395732015160504 
0.1400000000000009, -0.9370504246345271 
0.1499999999999998, -0.9344243163496646 
0.1599999999999987, -0.9317115869263133 
0.1699999999999976, -0.9289317792627689 
0.1799999999999965, -0.9261071679639357 
0.1899999999999954, -0.9232625980345979 
0.1999999999999943, -0.9204252556866835 
0.2099999999999932, -0.9176243621622321 
0.2199999999999921, -0.9148907826878128 
0.229999999999991, -0.9122565468896053 
0.2399999999999899, -0.9097542838294216 
0.2499999999999888, -0.9074165833544411 
0.2599999999999877, -0.9052753043705934 
0.2699999999999866, -0.9033608584534416 
0.2799999999999855, -0.9017015024986695 
0.2899999999999844, -0.9003226758622813 
0.2999999999999833, -0.8992464152248308 
0.3099999999999822, -0.8984908745160298 
0.3199999999999811, -0.8980699685942619 
0.32999999999998, -0.897993149388925 
0.3399999999999789, -0.8982653134445564 
0.3499999999999778, -0.8988868316548154 
0.35999999999997667, -0.8998536864059847 
0.36999999999997557, -0.9011576987318649 
0.37999999999997447, -0.90278682816976 
0.38999999999997337, -0.9047255300624584 
0.39999999999997227, -0.9069551580586085 
0.40999999999997117, -0.9094544024873799 
0.41999999999997006, -0.9121997572976711 
0.42999999999996896, -0.9151660089020729 
0.43999999999996786, -0.9183267395201512 
0.44999999999996676, -0.9216548358160526 
0.45999999999996566, -0.9251229913506094 
0.46999999999996456, -0.9287041892591092 
0.47999999999996346, -0.9323721501602306 
0.48999999999996235, -0.9361017299227247 
0.49999999999996125, -0.9398692526410936 
0.5099999999999602, -0.943652765876958 
0.519999999999959, -0.9474322076871821 
0.529999999999958, -0.9511894779776224 
0.5399999999999568, -0.9549084101905476 
0.5499999999999557, -0.958574643285091 
0.5599999999999546, -0.9621753985273573 
0.5699999999999535, -0.9656991708916473 
0.5799999999999524, -0.9691353508855607 
0.5899999999999513, -0.9724737991190998 
0.5999999999999502, -0.9757044024217176 
0.6099999999999491, -0.9788166459706095 
0.619999999999948, -0.9817992397222759 
0.6299999999999469, -0.9846398383617884 
0.6399999999999458, -0.9873248910353141 
0.6499999999999447, -0.989839649668598 
0.6599999999999436, -0.9921683526031999 
0.6699999999999425, -0.9942945842654177 
0.6799999999999414, -0.99620179316597 
0.6899999999999403, -0.997873932102617 
0.6999999999999392, -0.9992961689563431 
0.7099999999999381, -1.0004556069041692 
0.719999999999937, -1.0013419514844328 
0.7299999999999359, -1.0019480696144845 
0.7399999999999348, -1.0022704014411359 
0.7499999999999337, -1.002309207125357 
0.7599999999999326, -1.0020686534818082 
0.7699999999999315, -1.0015567657133153 
0.7799999999999304, -1.0007852838968272 
0.7899999999999293, -0.9997694703625943 
0.7999999999999282, -0.9985279122474603 
0.8099999999999271, -0.9970823543009537 
0.819999999999926, -0.9954575824384604 
0.8299999999999249, -0.9936813609630968 
0.8399999999999238, -0.9917844082438957 
0.8499999999999227, -0.9898003791903189 
0.8599999999999216, -0.9877658101157826 
0.8699999999999205, -0.9857199743184424 
0.8799999999999194, -0.9837045964238569 
0.8899999999999183, -0.9817633812579605 
0.8999999999999172, -0.9799413289837626 
0.9099999999999161, -0.9782838315101845 
0.919999999999915, -0.9768355734060619 
0.9299999999999139, -0.9756392899596887 
0.9399999999999128, -0.9747344608790998 
0.9499999999999117, -0.9741560355812022 
0.9599999999999106, -0.97393329121061 
0.9699999999999095, -0.9740889156446791 
0.9799999999999084, -0.9746383856518563 
0.9899999999999073, -0.9755896786259755 
0.9999999999999062, -0.9769433204236595 
1.0099999999999052, -0.9786927379929756 
1.019999999999904, -0.9808248591911978 
1.029999999999903, -0.983320887044154 
1.039999999999902, -0.9861571727638518 
1.0499999999999008, -0.9893061196799834 
1.0599999999998997, -0.9927370655367975 
1.0699999999998986, -0.9964171091326451 
1.0799999999998975, -1.0003118649413927 
1.0899999999998964, -1.0043861430452572 
1.0999999999998953, -1.0086045597987694 
1.1099999999998942, -1.0129320870581158 
1.119999999999893, -1.0173345457317795 
1.129999999999892, -1.0217790447462187 
1.1399999999998909, -1.026234361310751 
1.1499999999998898, -1.0306712542729413 
1.1599999999998887, -1.0350627003818678 
1.1699999999998876, -1.0393840437175401 
1.1799999999998865, -1.04361305114596 
1.1899999999998854, -1.0477298708721194 
1.1999999999998843, -1.0517168963926191 
1.2099999999998832, -1.055558543907842 
1.219999999999882, -1.0592409571905887 
1.229999999999881, -1.062751659737239 
1.2399999999998799, -1.0660791794069213 
1.2499999999998788, -1.0692126751877256 
1.2599999999998777, -1.072141598541012 
1.2699999999998766, -1.0748554221800615 
1.2799999999998755, -1.0773434664012864 
1.2899999999998744, -1.0795948467311647 
1.2999999999998733, -1.0815985566910513 
1.3099999999998722, -1.0833436865835582 
1.319999999999871, -1.0848197647567042 
1.32999999999987, -1.0860171938107746 
1.3399999999998689, -1.0869277430012585 
1.3499999999998678, -1.0875450518299632 
1.3599999999998666, -1.087865099974948 
1.3699999999998655, -1.0878866055865493 
1.3799999999998644, -1.0876113264789893 
1.3899999999998633, -1.0870442545319337 
1.3999999999998622, -1.086193709584163 
1.4099999999998611, -1.0850713521021222 
1.41999999999986, -1.0836921414426752 
1.429999999999859, -1.0820742672592318 
1.4399999999998578, -1.0802390755262374 
1.4499999999998567, -1.0782109990273419 
1.4599999999998556, -1.0760174871729886 
1.4699999999998545, -1.0736889144899222 
1.4799999999998534, -1.0712584341096512 
1.4899999999998523, -1.0687617350174838 
1.4999999999998512, -1.0662366621366142 
1.5099999999998501, -1.0637226679354694 
1.519999999999849, -1.0612600830407637 
1.529999999999848, -1.058889219222493 
1.5399999999998468, -1.0566493469512015 
1.5499999999998457, -1.0545776158237739 
1.5599999999998446, -1.052708003420582 
1.5699999999998435, -1.0510703816975453 
1.5799999999998424, -1.0496897777121847 
1.5899999999998413, -1.0485858789689364 
1.5999999999998402, -1.0477727982530582 
1.6099999999998391, -1.0472590762414222 
1.619999999999838, -1.047047870545981 
1.629999999999837, -1.0471372634506806 
1.6399999999998358, -1.047520620264891 
1.6499999999998347, -1.0481869446792216 
1.6599999999998336, -1.0491212019755378 
1.6699999999998325, -1.050304608510145 
1.6799999999998314, -1.0517149094272753 
1.6899999999998303, -1.053326680511308 
1.6999999999998292, -1.0551116917466765 
1.709999999999828, -1.0570393601463626 
1.719999999999827, -1.0590773012616799 
1.729999999999826, -1.061191967768594 
1.7399999999998248, -1.0633493451023004 
1.7499999999998237, -1.065515662468192 
1.7599999999998226, -1.0676580746433986 
1.7699999999998215, -1.0697452752993948 
1.7799999999998204, -1.0717480136798574 
1.7899999999998193, -1.0736394999360992 
1.7999999999998182, -1.075395696912052 
1.809999999999817, -1.0769955052543723 
1.819999999999816, -1.0784208533217856 
1.8299999999998149, -1.0796567037623865 
1.8399999999998138, -1.0806909861435765 
1.8499999999998127, -1.0815144615274792 
1.8599999999998116, -1.0821205222585921 
1.8699999999998105, -1.0825049298725373 
1.8799999999998094, -1.082665496555221 
1.8899999999998083, -1.0826017206824392 
1.8999999999998072, -1.0823143935517707 
1.909999999999806, -1.0818052008806267 
1.919999999999805, -1.081076347298313 
1.9299999999998039, -1.080130233550046 
1.9399999999998028, -1.0789692137498486 
1.9499999999998017, -1.0775954538517896 
1.9599999999998006, -1.0760109033839345 
1.9699999999997995, -1.0742173817759826 
1.9799999999997984, -1.0722167699241298 
1.9899999999997973, -1.0700112885134383 
1.9999999999997962, -1.0676038382345743 
2.0099999999998173, -1.0649983739947504 
2.0199999999998384, -1.0622002854797357 
2.0299999999998595, -1.0592167593116355 
2.0399999999998806, -1.0560571024760703 
2.0499999999999017, -1.052733011432303 
2.059999999999923, -1.049258775320524 
2.069999999999944, -1.0456514043436724 
2.079999999999965, -1.0419306757276912 
2.089999999999986, -1.0381190902322464 
2.100000000000007, -1.034241732957358 
2.1100000000000283, -1.0303260342007603 
2.1200000000000494, -1.0264014300975517 
2.1300000000000705, -1.0224989288339228 
2.1400000000000916, -1.0186505957060392 
2.1500000000001127, -1.014888977807569 
2.160000000000134, -1.0112464948754725 
2.170000000000155, -1.0077548250926798 
2.180000000000176, -1.00444431238321 
2.190000000000197, -1.0013434149924334 
2.2000000000002182, -0.9984782052476245 
2.2100000000002393, -0.995871919723186 
2.2200000000002604, -0.9935445504569963 
2.2300000000002815, -0.9915124639495543 
2.2400000000003026, -0.9897880369360299 
2.2500000000003237, -0.9883793062814844 
2.260000000000345, -0.9872896430410694 
2.270000000000366, -0.9865174746189236 
2.280000000000387, -0.9860560902847694 
2.290000000000408, -0.9858935706030844 
2.3000000000004293, -0.9860128783576558 
2.3100000000004504, -0.9863921369528847 
2.3200000000004715, -0.9870051037486713 
2.3300000000004926, -0.9878218237606761 
2.3400000000005137, -0.988809427951839 
2.3500000000005348, -0.9899330241074603 
2.360000000000556, -0.9911566200088944 
2.370000000000577, -0.9924440194599998 
2.380000000000598, -0.9937596408707751 
2.390000000000619, -0.9950692231585685 
2.4000000000006403, -0.9963404013909642 
2.4100000000006614, -0.9975431514850305 
2.4200000000006825, -0.998650116617896 
2.4300000000007036, -0.9996368360485293 
2.4400000000007247, -1.0004818992301932 
2.450000000000746, -1.001167044926502 
2.460000000000767, -1.0016772179122526 
2.470000000000788, -1.0020005866917077 
2.480000000000809, -1.0021285166965346 
2.49000000000083, -1.0020554867360327 
2.5000000000008513, -1.0017789337300667 
2.5100000000008724, -1.0012990128716406 
2.5200000000008935, -1.0006182672728423 
2.5300000000009146, -0.9997412117468334 
2.5400000000009357, -0.9986738477228402 
2.550000000000957, -0.9974231379867118 
2.560000000000978, -0.9959964786742416 
2.570000000000999, -0.9944012099978263 
2.58000000000102, -0.9926442057742411 
2.5900000000010412, -0.9907315751878767 
2.6000000000010624, -0.9886684994956514 
2.6100000000010835, -0.9864592132523128 
2.6200000000011046, -0.9841071260088057 
2.6300000000011257, -0.9816150680932411 
2.6400000000011468, -0.9789856344437035 
2.650000000001168, -0.97622159443003 
2.660000000001189, -0.9733263334942108 
2.67000000000121, -0.9703042939820548 
2.680000000001231, -0.9671613869458988 
2.6900000000012523, -0.9639053528306156 
2.7000000000012734, -0.9605460555503116 
2.7100000000012945, -0.957095700389356 
2.7200000000013156, -0.9535689706422359 
2.7300000000013367, -0.9499830806565406 
2.740000000001358, -0.9463577441815691 
2.750000000001379, -0.942715057269527 
2.7600000000014, -0.9390792952467689 
2.770000000001421, -0.9354766242562346 
2.780000000001442, -0.931934730106142 
2.7900000000014633, -0.928482370779921 
2.8000000000014844, -0.9251488636503187 
2.8100000000015055, -0.9219635234851272 
2.8200000000015266, -0.9189550717900308 
2.8300000000015477, -0.9161510409607297 
2.840000000001569, -0.9135771974084064 
2.85000000000159, -0.9112570060122133 
2.860000000001611, -0.9092111541986692 
2.870000000001632, -0.9074571483933357 
2.8800000000016532, -0.9060089895915885 
2.8900000000016743, -0.904876929470021 
2.9000000000016954, -0.9040673047148711 
2.9100000000017165, -0.903582445558968 
2.9200000000017377, -0.9034206548401194 
2.9300000000017588, -0.9035762556622248 
2.94000000000178, -0.9040397080432394 
2.950000000001801, -0.9047977967433797 
2.960000000001822, -0.9058338929002681 
2.970000000001843, -0.9071282906397861 
2.9800000000018643, -0.9086586164617818 
2.9900000000018854, -0.9104003043960675 
3.0000000000019065, -0.9123271245414538 
3.0100000000019276, -0.9144117476586359 
3.0200000000019487, -0.9166263249216916 
3.03000000000197, -0.9189430603725168 
3.040000000001991, -0.9213347542558071 
3.050000000002012, -0.9237752979659868 
3.060000000002033, -0.9262401051729819 
3.070000000002054, -0.928706467987864 
3.0800000000020753, -0.9311538309908067 
3.0900000000020964, -0.933563979009745 
3.1000000000021175, -0.9359211365053886 
3.1100000000021386, -0.9382119774813147 
3.1200000000021597, -0.940425545526021 
3.130000000002181, -0.9425530846232051 
3.140000000002202, -0.9445877834385931 
3.150000000002223, -0.9465244393849666 
3.160000000002244, -0.9483590539733998 
3.1700000000022652, -0.9500883774060818 
3.1800000000022863, -0.9517094272510399 
3.1900000000023074, -0.9532190122606935 
3.2000000000023285, -0.9546132967552534 
3.2100000000023496, -0.9558874424056895 
3.2200000000023707, -0.9570353619396135 
3.230000000002392, -0.9580496129166373 
3.240000000002413, -0.9589214494645227 
3.250000000002434, -0.9596410364944037 
3.260000000002455, -0.9601978157578517 
3.2700000000024763, -0.9605809980046829 
3.2800000000024974, -0.960780142585649 
3.2900000000025185, -0.9607857772214572 
3.3000000000025396, -0.9605900079531898 
3.3100000000025607, -0.9601870732014324 
3.3200000000025818, -0.9595738058842964 
3.330000000002603, -0.9587499819585 
3.340000000002624, -0.9577185499505837 
3.350000000002645, -0.956485751131064 
3.360000000002666, -0.9550611513920632 
3.3700000000026873, -0.9534576119251363 
3.3800000000027084, -0.9516912258896847 
3.3900000000027295, -0.9497812429284189 
3.4000000000027506, -0.9477499939687763 
3.4100000000027717, -0.9456228170714194 
3.420000000002793, -0.9434279731215026 
3.430000000002814, -0.9411965297819544 
3.440000000002835, -0.9389621849619908 
3.450000000002856, -0.9367609983567072 
3.460000000002877, -0.934631002175525 
3.4700000000028983, -0.932611670199328 
3.4800000000029194, -0.9307432372732853 
3.4900000000029405, -0.9290658779457204 
3.5000000000029616, -0.9276187711398093 
3.5100000000029827, -0.9264390948885717 
3.520000000003004, -0.9255610085179604 
3.530000000003025, -0.925014686836537 
3.540000000003046, -0.9248254703790633 
3.550000000003067, -0.925013187322929 
3.5600000000030882, -0.9255916875116905 
3.5700000000031094, -0.9265686094382714 
3.5800000000031305, -0.9279453801411109 
3.5900000000031516, -0.9297174289107814 
3.6000000000031727, -0.9318745810976233 
3.6100000000031938, -0.9344015897254043 
3.620000000003215, -0.9372787603782721 
3.630000000003236, -0.9404826280955009 
3.640000000003257, -0.9439866520881194 
3.650000000003278, -0.9477619029010484 
3.6600000000032993, -0.9517777251917559 
3.6700000000033204, -0.9560023660698318 
3.6800000000033415, -0.9604035631357403 
3.6900000000033626, -0.9649490879073229 
3.7000000000033837, -0.9696072397730142 
3.710000000003405, -0.9743472838679679 
3.720000000003426, -0.9791398243276348 
3.730000000003447, -0.983957103081579 
3.740000000003468, -0.9887732142737223 
3.750000000003489, -0.9935642257861806 
3.7600000000035103, -0.9983082021998501 
3.7700000000035314, -1.0029851276875799 
3.7800000000035525, -1.0075767325800729 
3.7900000000035736, -1.0120662334211108 
3.8000000000035947, -1.0164380029485132 
3.810000000003616, -1.0206771932143515 
3.820000000003637, -1.0247693414435397 
3.830000000003658, -1.028699993475127 
3.840000000003679, -1.0324543828093047 
3.8500000000037002, -1.0360172033903698 
3.8600000000037213, -1.039372510382659 
3.8700000000037424, -1.0425037747662267 
3.8800000000037635, -1.0453941046106832 
3.8900000000037847, -1.0480266292249831 
3.9000000000038058, -1.0503850238149848 
3.910000000003827, -1.052454134440329 
3.920000000003848, -1.0542206490480421 
3.930000000003869, -1.0556737531046787 
3.94000000000389, -1.056805709846986 
3.9500000000039113, -1.0576123158140494 
3.9600000000039324, -1.058093200591483 
3.9700000000039535, -1.0582519623767899 
3.9800000000039746, -1.058096153874709 
3.9900000000039957, -1.0576371519815917 
4.000000000004016, -1.0568899565092824 
4.010000000003993, -1.0558729661816766 
4.02000000000397, -1.0546077743439304 
4.030000000003946, -1.0531190136837063 
4.040000000003923, -1.0514342611010243 
4.0500000000039, -1.0495839934103568 
4.0600000000038765, -1.0476015646211398 
4.070000000003853, -1.0455231588445268 
4.08000000000383, -1.0433876619928777 
4.090000000003807, -1.0412363926914598 
4.100000000003783, -1.0391126399770012 
4.11000000000376, -1.0370609731393816 
4.120000000003737, -1.0351263165546791 
4.130000000003713, -1.03335281654243 
4.14000000000369, -1.0317825630138118 
4.150000000003667, -1.0304542593425574 
4.1600000000036434, -1.0294019527432847 
4.17000000000362, -1.0286539393823255 
4.180000000003597, -1.0282319416563659 
4.1900000000035735, -1.0281506219117256 
4.20000000000355, -1.0284174535911004 
4.210000000003527, -1.029032926053778 
4.220000000003504, -1.029991021980454 
4.23000000000348, -1.0312798831339367 
4.240000000003457, -1.032882574427807 
4.250000000003434, -1.0347778667319387 
4.26000000000341, -1.0369409810934356 
4.270000000003387, -1.039344264527902 
4.280000000003364, -1.0419577934688589 
4.2900000000033405, -1.044749919977984 
4.300000000003317, -1.0476877850017476 
4.310000000003294, -1.0507378221836159 
4.320000000003271, -1.0538662672658257 
4.330000000003247, -1.0570396756506049 
4.340000000003224, -1.060225438225137 
4.350000000003201, -1.0633922762868748 
4.360000000003177, -1.0665106920708631 
4.370000000003154, -1.0695533520959977 
4.380000000003131, -1.0724953851455412 
4.390000000003107, -1.0753145833570081 
4.400000000003084, -1.0779915018236184 
4.410000000003061, -1.0805094580516181 
4.4200000000030375, -1.082854437092263 
4.430000000003014, -1.0850149113925434 
4.440000000002991, -1.0869815870212975 
4.450000000002968, -1.0887470906127745 
4.460000000002944, -1.0903056145324448 
4.470000000002921, -1.0916525413396125 
4.480000000002898, -1.0927840720363395 
4.490000000002874, -1.093696884949959 
4.500000000002851, -1.094387852415057 
4.510000000002828, -1.0948538399332026 
4.520000000002804, -1.0950916068890661 
4.530000000002781, -1.0950978194892966 
4.540000000002758, -1.0948691762782046 
4.5500000000027345, -1.0944026357694345 
4.560000000002711, -1.0936957260505569 
4.570000000002688, -1.092746909214627 
4.580000000002665, -1.091555970262585 
4.590000000002641, -1.0901244010989524 
4.600000000002618, -1.0884557549496312 
4.610000000002595, -1.0865559537092269 
4.620000000002571, -1.0844335385982442 
4.630000000002548, -1.0820998611986279 
4.640000000002525, -1.079569215921105 
4.6500000000025015, -1.0768589154626513 
4.660000000002478, -1.0739893080060139 
4.670000000002455, -1.070983729897169 
4.6800000000024315, -1.0678683821232113 
4.690000000002408, -1.0646721152378382 
4.700000000002385, -1.0614261074100482 
4.710000000002362, -1.0581634252787862 
4.720000000002338, -1.054918467411777 
4.730000000002315, -1.0517263041156282 
4.740000000002292, -1.0486219425070171 
4.750000000002268, -1.0456395586344134 
4.760000000002245, -1.042811745502625 
4.770000000002222, -1.0401688245626417 
4.7800000000021985, -1.037738257963208 
4.790000000002175, -1.0355441813616881 
4.800000000002152, -1.0336070562361246 
4.810000000002129, -1.0319434215117136 
4.820000000002105, -1.0305657118377805 
4.830000000002082, -1.0294821073941611 
4.840000000002059, -1.0286963884808162 
4.850000000002035, -1.0282077852989402 
4.860000000002012, -1.028010834816534 
4.870000000001989, -1.0280952766957852 
4.880000000001965, -1.0284460334049896 
4.890000000001942, -1.0290433219507649 
4.900000000001919, -1.0298629349489932 
4.9100000000018955, -1.0308767088522708 
4.920000000001872, -1.0320531714820176 
4.930000000001849, -1.0333583353694065 
4.940000000001826, -1.0347565834107515 
4.950000000001802, -1.0362115829882521 
4.960000000001779, -1.0376871654675948 
4.970000000001756, -1.0391481186756393 
4.980000000001732, -1.0405608573442386 
4.990000000001709, -1.0418939563357381 
5.000000000001686, -1.0431185496172986 
5.0100000000016625, -1.0442086112990023 
5.020000000001639, -1.0451411419350611 
5.030000000001616, -1.0458962835740657 
5.0400000000015925, -1.0464573818841072 
5.050000000001569, -1.0468110051089632 
5.060000000001546, -1.0469469201022261 
5.070000000001523, -1.0468580176911177 
5.080000000001499, -1.0465401751602088 
5.090000000001476, -1.0459920439440853 
5.100000000001453, -1.0452147558659513 
5.110000000001429, -1.0442115505442202 
5.120000000001406, -1.0429873380691335 
5.130000000001383, -1.041548222351572 
5.1400000000013595, -1.0399010192974676 
5.150000000001336, -1.0380528083354785 
5.160000000001313, -1.0360105549171708 
5.17000000000129, -1.0337808355662925 
5.180000000001266, -1.0313696869531053 
5.190000000001243, -1.0287825880024764 
5.20000000000122, -1.026024571127646 
5.210000000001196, -1.0231004470931444 
5.220000000001173, -1.0200151191123745 
5.23000000000115, -1.0167739563597882 
5.240000000001126, -1.0133831952747723 
5.250000000001103, -1.0098503384258315 
5.26000000000108, -1.0061845244280685 
5.2700000000010565, -1.002396847385905 
5.280000000001033, -0.9985006095196749 
5.29000000000101, -0.994511495241552 
5.300000000000987, -0.9904476585959908 
5.310000000000963, -0.9863297187406224 
5.32000000000094, -0.9821806604386765 
5.330000000000917, -0.9780256389515543 
5.340000000000893, -0.97389169177628 
5.35000000000087, -0.96980736359626 
5.360000000000847, -0.9658022554171021 
5.3700000000008234, -0.961906513537551 
5.3800000000008, -0.9581502778771138 
5.390000000000777, -0.9545631113377675 
5.4000000000007535, -0.9511734316728974 
5.41000000000073, -0.948007964638124 
5.420000000000707, -0.9450912324980225 
5.430000000000684, -0.9424450863141318 
5.44000000000066, -0.9400882852196185 
5.450000000000637, -0.9380361224361182 
5.460000000000614, -0.9363000970396124 
5.47000000000059, -0.9348876326681287 
5.480000000000567, -0.9338018489061157 
5.490000000000544, -0.9330413966852326 
5.5000000000005205, -0.9326003739913186 
5.510000000000497, -0.9324683407366366 
5.520000000000474, -0.9326304505520497 
5.5300000000004506, -0.9330677119691996 
5.540000000000427, -0.9337573824505575 
5.550000000000404, -0.9346734873358143 
5.560000000000381, -0.9357874439663998 
5.570000000000357, -0.9370687611509612 
5.580000000000334, -0.938485777546087 
5.590000000000311, -0.9400064005276221 
5.600000000000287, -0.9415988098604211 
5.610000000000264, -0.943232097160008 
5.620000000000241, -0.9448768213068276 
5.6300000000002175, -0.9465054698172433 
5.640000000000194, -0.9480928249481914 
5.650000000000171, -0.9496162396618311 
5.660000000000148, -0.9510558317641151 
5.670000000000124, -0.9523946045182067 
5.680000000000101, -0.9536184994389801 
5.690000000000078, -0.9547163829294495 
5.700000000000054, -0.9556799643430391 
5.710000000000031, -0.9565036403795246 
5.720000000000008, -0.9571842606018703 
5.729999999999984, -0.9577208119132378 
5.739999999999961, -0.9581140259682311 
5.749999999999938, -0.9583659218874501 
5.7599999999999145, -0.9584793058875621 
5.769999999999891, -0.9584572578177085 
5.779999999999868, -0.958302640456275 
5.789999999999845, -0.9580176695185437 
5.799999999999821, -0.9576035800304621 
5.809999999999798, -0.9570604181134793 
5.819999999999775, -0.9563869770162152 
5.829999999999751, -0.9555808836281591 
5.839999999999728, -0.9546388282360267 
5.849999999999705, -0.953556917578582 
5.8599999999996815, -0.9523311209012727 
5.869999999999658, -0.9509577720211202 
5.879999999999635, -0.9494340882144621 
5.8899999999996115, -0.9477586691953872 
5.899999999999588, -0.9459319459611059 
5.909999999999565, -0.9439565585470306 
5.919999999999542, -0.9418376520049289 
5.929999999999518, -0.9395830893400271 
5.939999999999495, -0.9372035871562653 
5.949999999999472, -0.9347127834028082 
5.959999999999448, -0.9321272466833777 
5.969999999999425, -0.9294664336071375 
5.979999999999402, -0.9267525957115708 
5.9899999999993785, -0.9240106319711808 
5.999999999999355, -0.921267878260585 
6.009999999999332, -0.9185538226073487 
6.019999999999309, -0.9158997354986155 
6.029999999999285, -0.9133382082240536 
6.039999999999262, -0.9109025989863706 
6.049999999999239, -0.9086263954565118 
6.059999999999215, -0.9065425122908639 
6.069999999999192, -0.904682551286797 
6.079999999999169, -0.9030760587549309 
6.089999999999145, -0.9017498180580061 
6.099999999999122, -0.9007272144031993 
6.109999999999099, -0.9000277039062158 
6.1199999999990755, -0.8996664104441474 
6.129999999999052, -0.8996538632414501 
6.139999999999029, -0.8999958771548187 
6.149999999999006, -0.9006935678604783 
6.159999999998982, -0.9017434868578973 
6.169999999998959, -0.9031378570544953 
6.179999999998936, -0.904864888686807 
6.189999999998912, -0.9069091568720379 
6.199999999998889, -0.9092520251798537 
6.209999999998866, -0.9118721031411012 
6.2199999999988425, -0.9147457285665002 
6.229999999998819, -0.9178474672599406 
6.239999999998796, -0.9211506229338913 
6.2499999999987725, -0.9246277490457716 
6.259999999998749, -0.928251152364949 
6.269999999998726, -0.9319933759882241 
6.279999999998703, -0.9358276478555099 
6.289999999998679, -0.9397282800173917 
6.299999999998656, -0.9436710041798491 
6.309999999998633, -0.9476332303876789 
6.319999999998609, -0.9515942179569146 
6.329999999998586, -0.9555351507447992 
6.339999999998563, -0.9594391124300279 
6.3499999999985395, -0.9632909616452581 
6.359999999998516, -0.9670771116187644 
6.369999999998493, -0.9707852245058539 
6.37999999999847, -0.9744038367799578 
6.389999999998446, -0.9779219386550569 
6.399999999998423, -0.9813285369997082 
6.4099999999984, -0.9846122367800338 
6.419999999998376, -0.9877608797318932 
6.429999999998353, -0.9907612796352663 
6.43999999999833, -0.9935990902801313 
6.449999999998306, -0.9962588343362953 
6.459999999998283, -0.9987241088021386 
6.46999999999826, -1.0009779662286316 
6.4799999999982365, -1.0030034521300828 
6.489999999998213, -1.0047842603998385 
6.49999999999819, -1.0063054531965907 
6.509999999998167, -1.0075541826734549 
6.519999999998143, -1.0085203513256193 
6.52999999999812, -1.009197156390074 
6.539999999998097, -1.0095814805279457 
6.549999999998073, -1.0096741130813156 
6.55999999999805, -1.0094798095150266 
6.569999999998027, -1.009007217047352 
6.5799999999980034, -1.0082687085481241 
6.58999999999798, -1.0072801726010754 
6.599999999997957, -1.0060608049077804 
6.6099999999979335, -1.0046329360948867 
6.61999999999791, -1.0030219155433941 
6.629999999997887, -1.0012560525560181 
6.639999999997864, -0.9993665974888996 
6.64999999999784, -0.9973877286815716 
6.659999999997817, -0.9953564981831771 
6.669999999997794, -0.9933126822355474 
6.67999999999777, -0.9912984827947404 
6.689999999997747, -0.9893580351128768 
6.699999999997724, -0.9875366937608894 
6.7099999999977005, -0.985880094379184 
6.719999999997677, -0.9844330182782546 
6.729999999997654, -0.9832381176587499 
6.7399999999976306, -0.9823345855790696 
6.749999999997607, -0.9817568717446512 
6.759999999997584, -0.9815335487938882 
6.769999999997561, -0.9816864223865044 
6.779999999997537, -0.9822299533812753 
6.789999999997514, -0.9831710258786788 
6.799999999997491, -0.9845090570133799 
6.809999999997467, -0.9862364097608266 
6.819999999997444, -0.9883390443176489 
6.829999999997421, -0.9907973302522678 
6.8399999999973975, -0.9935869412282506 
6.849999999997374, -0.9966797646673586 
6.859999999997351, -1.0000447763617564 
6.869999999997328, -1.0036488501212555 
6.879999999997304, -1.0074574907670277 
6.889999999997281, -1.0114354920994704 
6.899999999997258, -1.015547528491294 
6.909999999997234, -1.0197586897666153 
6.919999999997211, -1.0240349655702343 
6.929999999997188, -1.0283436797034045 
6.939999999997164, -1.0326538690921916 
6.949999999997141, -1.0369365978328626 
6.959999999997118, -1.0411651950172727 
6.9699999999970945, -1.0453154059021896 
6.979999999997071, -1.049365449018585 
6.989999999997048, -1.0532959763391185 
6.999999999997025, -1.0570899389747916 
7.009999999997001, -1.0607323665696522 
7.019999999996978, -1.0642100743052243 
7.029999999996955, -1.0675113169988601 
7.039999999996931, -1.0706254149099597 
7.049999999996908, -1.073542380112814 
7.059999999996885, -1.0762525750137408 
7.0699999999968615, -1.0787464350183038 
7.079999999996838, -1.0810142847679667 
7.089999999996815, -1.0830462712992142 
7.0999999999967915, -1.0848324279438042 
7.109999999996768, -1.0863628704377848 
7.119999999996745, -1.0876281128805512 
7.129999999996722, -1.0886194778042788 
7.139999999996698, -1.0893295638856402 
7.149999999996675, -1.0897527287998725 
7.159999999996652, -1.0898855447478393 
7.169999999996628, -1.089727190533221 
7.179999999996605, -1.0892797556729297 
7.189999999996582, -1.0885484466631636 
7.1999999999965585, -1.087541700268294 
7.209999999996535, -1.0862712205856881 
7.219999999996512, -1.0847519633302485 
7.229999999996489, -1.0830020910462925 
7.239999999996465, -1.0810429168549787 
7.249999999996442, -1.0788988431578814 
7.259999999996419, -1.076597287657586 
7.269999999996395, -1.0741685749290835 
7.279999999996372, -1.0716457605983698 
7.289999999996349, -1.0690643497880332 
7.299999999996325, -1.0664618740631822 
7.309999999996302, -1.063877302684122 
7.319999999996279, -1.061350283906974 
7.3299999999962555, -1.058920237745895 
7.339999999996232, -1.0566253485115271 
7.349999999996209, -1.054501527870955 
7.359999999996186, -1.0525814315257787 
7.369999999996162, -1.050893610939789 
7.379999999996139, -1.049461864982336 
7.389999999996116, -1.048304827690904 
7.399999999996092, -1.047435793629302 
7.409999999996069, -1.0468627492886486 
7.419999999996046, -1.0465885550456837 
7.4299999999960225, -1.0466112123820361 
7.439999999995999, -1.0469241567340848 
7.449999999995976, -1.0475165349449738 
7.4599999999959525, -1.0483734522270216 
7.469999999995929, -1.0494761997432822 
7.479999999995906, -1.0508024937105493 
7.489999999995883, -1.0523267657013713 
7.499999999995859, -1.0540205400709128 
7.509999999995836, -1.0558529199390017 
7.519999999995813, -1.0577911823050283 
7.529999999995789, -1.0598014613041022 
7.539999999995766, -1.0618494816189092 
7.549999999995743, -1.0639012952164075 
7.5599999999957195, -1.0659239749901004 
7.569999999995696, -1.0678862272394676 
7.579999999995673, -1.0697588981745363 
7.58999999999565, -1.0715153641102957 
7.599999999995626, -1.0731318074226361 
7.609999999995603, -1.0745873885210815 
7.61999999999558, -1.0758643273454433 
7.629999999995556, -1.076947906853986 
7.639999999995533, -1.0778264072445605 
7.64999999999551, -1.0784909752817753 
7.659999999995486, -1.0789354300364535 
7.669999999995463, -1.0791560059667156 
7.67999999999544, -1.0791510371163662 
7.6899999999954165, -1.0789205918623603 
7.699999999995393, -1.0784660748778494 
7.70999999999537, -1.0777898200655822 
7.719999999995347, -1.0768947033738558 
7.729999999995323, -1.0757838062236635 
7.7399999999953, -1.0744601580349558 
7.749999999995277, -1.072926580153886 
7.759999999995253, -1.0711856442266674 
7.76999999999523, -1.0692397471556485 
7.779999999995207, -1.0670912938573571 
7.789999999995183, -1.0647429696752422 
7.79999999999516, -1.0621980776610824 
7.809999999995137, -1.0594609126375563 
7.8199999999951135, -1.0565371439492528 
7.82999999999509, -1.0534341814639967 
7.839999999995067, -1.0501615036506224 
7.849999999995044, -1.0467309312466402 
7.85999999999502, -1.0431568341228545 
7.869999999994997, -1.0394562618636056 
7.879999999994974, -1.0356489902884494 
7.88999999999495, -1.0317574771625102 
7.899999999994927, -1.0278067215519735 
7.909999999994904, -1.0238240236030085 
7.9199999999948805, -1.0198386455894608 
7.929999999994857, -1.0158813809401628 
7.939999999994834, -1.0119840449559216 
7.9499999999948106, -1.0081789077528762 
7.959999999994787, -1.0044980949783597 
7.969999999994764, -1.0009729835276513 
7.979999999994741, -0.997633616983564 
7.989999999994717, -0.9945081589827972 
7.999999999994694, -0.991622393514162 
8.00999999999467, -0.9889992715242383 
8.019999999994647, -0.9866584957661974 
8.029999999994624, -0.9846161328493176 
8.0399999999946, -0.9828842441702452 
8.049999999994577, -0.9814705355964152 
8.059999999994554, -0.9803780376491782 
8.06999999999453, -0.9796048405268309 
8.079999999994508, -0.9791439181400268 
8.089999999994484, -0.9789830792937309 
8.099999999994461, -0.9791050803265162 
8.109999999994438, -0.9794879217574886 
8.119999999994414, -0.9801053335372265 
8.129999999994391, -0.9809274326295294 
8.139999999994368, -0.9819215168999071 
8.149999999994344, -0.9830529444640829 
8.159999999994321, -0.9842860404320564 
8.169999999994298, -0.9855849743373383 
8.179999999994275, -0.9869145606189876 
8.189999999994251, -0.9882409490171759 
8.199999999994228, -0.9895321885412638 
8.209999999994205, -0.99075866460862 
8.219999999994181, -0.9918934214459351 
8.229999999994158, -0.9929123892779786 
8.239999999994135, -0.9937945376938733 
8.249999999994111, -0.9945219734000637 
8.259999999994088, -0.9950799936843017 
8.269999999994065, -0.9954570982101083 
8.279999999994041, -0.9956449533521042 
8.289999999994018, -0.9956382971852846 
8.299999999993995, -0.995434771032964 
8.309999999993972, -0.9950346659877506 
8.319999999993948, -0.9944405799160827 
8.329999999993925, -0.9936569910125647 
8.339999999993902, -0.9926897660534011 
8.349999999993878, -0.9915456327719869 
8.359999999993855, -0.9902316540187696 
8.369999999993832, -0.9887547449446827 
8.379999999993808, -0.9871212726531986 
8.389999999993785, -0.9853367708859407 
8.399999999993762, -0.9834057914682391 
8.409999999993738, -0.9813319011112589 
8.419999999993715, -0.9791178186079514 
8.429999999993692, -0.9767656752196513 
8.439999999993669, -0.9742773715339201 
8.449999999993645, -0.9716549981917685 
8.459999999993622, -0.9689012859647955 
8.469999999993599, -0.9660200524479798 
8.479999999993575, -0.9630166173319282 
8.489999999993552, -0.9598981646650299 
8.499999999993529, -0.9566740374023533 
8.509999999993505, -0.9533559556749585 
8.519999999993482, -0.9499581547677685 
8.529999999993459, -0.9464974414397681 
8.539999999993436, -0.942993168162161 
8.549999999993412, -0.9394671247255489 
8.559999999993389, -0.935943346351015 
8.569999999993366, -0.9324478378069897 
8.579999999993342, -0.9290082147312092 
8.589999999993319, -0.9256532666372832 
8.599999999993296, -0.9224124507306495 
8.609999999993272, -0.9193153310154896 
8.619999999993249, -0.9163909822931454 
8.629999999993226, -0.9136673825055346 
8.639999999993202, -0.9111708186065699 
8.64999999999318, -0.908925330283195 
8.659999999993156, -0.9069522124505051 
8.669999999993133, -0.9052695920957401 
8.67999999999311, -0.9038920887273595 
8.689999999993086, -0.9028305615516294 
8.699999999993063, -0.9020919416004044 
8.70999999999304, -0.9016791440720441 
8.719999999993016, -0.901591055321852 
8.729999999992993, -0.9018225899193617 
8.73999999999297, -0.9023648152216649 
8.749999999992946, -0.9032051430176085 
8.759999999992923, -0.9043275890294902 
8.7699999999929, -0.9057131007349581 
8.779999999992876, -0.9073399518404753 
8.789999999992853, -0.9091841980309502 
8.79999999999283, -0.9112201839859476 
8.809999999992806, -0.9134210869854059 
8.819999999992783, -0.9157594786407206 
8.82999999999276, -0.9182078840909809 
8.839999999992736, -0.9207393177444829 
8.849999999992713, -0.9233277762421609 
8.85999999999269, -0.925948672317622 
8.869999999992666, -0.9285791969434285 
8.879999999992643, -0.9311986008652896 
8.88999999999262, -0.9337883897728101 
8.899999999992596, -0.9363324296754487 
8.909999999992573, -0.9388169606420166 
8.91999999999255, -0.941230518337966 
8.929999999992527, -0.943563764367066 
8.939999999992503, -0.9458092289131383 
8.94999999999248, -0.9479609730163442 
8.959999999992457, -0.9500141830922586 
8.969999999992433, -0.9519647166666924 
8.97999999999241, -0.9538086250018358 
8.989999999992387, -0.9555416842841762 
8.999999999992363, -0.957158971174466 
9.00999999999234, -0.9586545197175246 
9.019999999992317, -0.9600210940807319 
9.029999999992294, -0.9612501049603913 
9.03999999999227, -0.962331686917124 
9.049999999992247, -0.9632549401260508 
9.059999999992224, -0.9640083244234817 
9.0699999999922, -0.9645801780153802 
9.079999999992177, -0.9649593200370499 
9.089999999992154, -0.9651356875378061 
9.09999999999213, -0.9651009551089623 
9.109999999992107, -0.9648490899817859 
9.119999999992084, -0.964376806399213 
9.12999999999206, -0.9636838985334533 
9.139999999992037, -0.9627734483898318 
9.149999999992014, -0.9616519209304614 
9.15999999999199, -0.9603291704011592 
9.169999999991967, -0.9588183878297932 
9.179999999991944, -0.9571360193562009 
9.18999999999192, -0.9553016790551349 
9.199999999991897, -0.9533380696683016 
9.209999999991874, -0.9512709120811346 
9.21999999999185, -0.9491288715056748 
9.229999999991827, -0.946943457093484 
9.239999999991804, -0.9447488637786328 
9.24999999999178, -0.942581721868489 
9.259999999991757, -0.9404807221400204 
9.269999999991734, -0.9384860922625319 
9.27999999999171, -0.9366389138235525 
9.289999999991688, -0.934980286807408 
9.299999999991664, -0.9335503679503906 
9.309999999991641, -0.9323873282102503 
9.319999999991618, -0.931526289633461 
9.329999999991594, -0.9309983104864615 
9.339999999991571, -0.930829487844073 
9.349999999991548, -0.9310402384681044 
9.359999999991524, -0.931644802872301 
9.369999999991501, -0.9326509964350479 
9.379999999991478, -0.9340602086351196 
9.389999999991455, -0.9358676304602294 
9.399999999991431, -0.9380626737307309 
9.409999999991408, -0.9406295363382899 
9.419999999991385, -0.9435478646901072 
9.429999999991361, -0.9467934681237193 
9.439999999991338, -0.9503390478868851 
9.449999999991315, -0.9541549131608007 
9.459999999991291, -0.958209666307974 
9.469999999991268, -0.9624708473240331 
9.479999999991245, -0.9669055324159653 
9.489999999991221, -0.9714808835948967 
9.499999999991198, -0.9761646457243468 
9.509999999991175, -0.980925585590162 
9.519999999991152, -0.9857338653553331 
9.529999999991128, -0.9905613411808916 
9.539999999991105, -0.9953817774720419 
9.549999999991082, -1.0001709684353743 
9.559999999991058, -1.0049067614067613 
9.569999999991035, -1.0095689805478931 
9.579999999991012, -1.0141392547521855 
9.589999999990988, -1.0186007596649573 
9.599999999990965, -1.0229378902954405 
9.609999999990942, -1.0271358873821064 
9.619999999990918, -1.0311804469198755 
9.629999999990895, -1.035057347329947 
9.639999999990872, -1.038752131743512 
9.649999999990849, -1.0422498828022948 
9.659999999990825, -1.045535123379142 
9.669999999990802, -1.0485918681573194 
9.679999999990779, -1.051403838140811 
9.689999999990755, -1.0539548337788531 
9.699999999990732, -1.05622924427005 
9.709999999990709, -1.0582126533616936 
9.719999999990685, -1.0598924885970655 
9.729999999990662, -1.0612586542988334 
9.739999999990639, -1.0623040904699712 
9.749999999990616, -1.0630252105223887 
9.759999999990592, -1.0634221887316517 
9.769999999990569, -1.0634990903719133 
9.779999999990546, -1.0632638595137336 
9.789999999990522, -1.0627281974387761 
9.799999999990499, -1.0619073754760646 
9.809999999990476, -1.0608200282611362 
9.819999999990452, -1.0594879670652224 
9.829999999990429, -1.0579360393953097 
9.839999999990406, -1.0561920428661007 
9.849999999990382, -1.0542866811470604 
9.85999999999036, -1.0522535304471805 
9.869999999990336, -1.0501289693098441 
9.879999999990313, -1.0479520150831194 
9.88999999999029, -1.045764009607079 
9.899999999990266, -1.0436081060341589 
9.909999999990243, -1.0415285286626987 
9.91999999999022, -1.0395696068000801 
9.929999999990196, -1.0377746183809171 
9.939999999990173, -1.0361845137093857 
9.94999999999015, -1.0348366174513577 
9.959999999990126, -1.0337634213840448 
9.969999999990103, -1.032991577076853 
9.97999999999008, -1.0325411759406202 
9.989999999990056, -1.0324253675110362 
9.999999999990033, -1.0326503226023644 
10.00999999999001, -1.0332155050932879 
10.019999999989986, -1.0341141830887595 
10.029999999989963, -1.0353340928646424 
10.03999999998994, -1.0368581691789267 
10.049999999989916, -1.0386652709314403 
10.059999999989893, -1.0407308563164375 
10.06999999998987, -1.0430275895831251 
10.079999999989846, -1.0455258856809624 
10.089999999989823, -1.0481944146653315 
10.0999999999898, -1.051000592761721 
10.109999999989776, -1.053911082257075 
10.119999999989753, -1.056892310949152 
10.12999999998973, -1.05991100790282 
10.139999999989707, -1.0629347397825528 
10.149999999989683, -1.0659324239565806 
10.15999999998966, -1.0688747921125101 
10.169999999989637, -1.071734780825954 
10.179999999989613, -1.0744878317369024 
10.18999999998959, -1.0771120916115775 
10.199999999989567, -1.0795885097471074 
10.209999999989543, -1.0819008357818485 
10.21999999998952, -1.084035524748496 
10.229999999989497, -1.0859815586174792 
10.239999999989474, -1.0877301954710663 
10.24999999998945, -1.0892746596449396 
10.259999999989427, -1.0906097891312483 
10.269999999989404, -1.0917316601671985 
10.27999999998938, -1.0926372126097974 
10.289999999989357, -1.093323902434744 
10.299999999989334, -1.0937894084362132 
10.30999999998931, -1.0940314181211703 
10.319999999989287, -1.0940475125507696 
10.329999999989264, -1.093835161769478 
10.33999999998924, -1.0933918323853757 
10.349999999989217, -1.0927151982045822 
10.359999999989194, -1.0918034351847665 
10.36999999998917, -1.0906555748652798 
10.379999999989147, -1.0892718869354225 
10.389999999989124, -1.0876542621063408 
10.3999999999891, -1.0858065705273225 
10.409999999989077, -1.0837349774549536 
10.419999999989054, -1.0814482050768226 
10.42999999998903, -1.0789577355567899 
10.439999999989007, -1.0762779541044805 
10.449999999988984, -1.073426231485948 
10.45999999998896, -1.0704229430924133 
10.469999999988937, -1.0672914175509136 
10.479999999988914, -1.064057803619359 
10.48999999998889, -1.0607508417340716 
10.499999999988868, -1.0574015278059863 
10.509999999988844, -1.0540426626881811 
10.519999999988821, -1.0507082910134362 
10.529999999988798, -1.0474330463488664 
10.539999999988774, -1.044251433178898 
10.549999999988751, -1.0411970868066993 
10.559999999988728, -1.0383020567620465 
10.569999999988704, -1.035596155790647 
10.579999999988681, -1.0331064049750713 
10.589999999988658, -1.030856588194837 
10.599999999988635, -1.0288669099708836 
10.609999999988611, -1.027153734567153 
10.619999999988588, -1.0257293753447925 
10.629999999988565, -1.0246019043417034 
10.639999999988541, -1.023774962901015 
10.649999999988518, -1.0232475722654468 
10.659999999988495, -1.0230139637150362 
10.669999999988471, -1.0230634655001576 
10.679999999988448, -1.0233804935084456 
10.689999999988425, -1.0239446911799432 
10.699999999988401, -1.0247312512710371 
10.709999999988378, -1.025711430179871 
10.719999999988355, -1.0268532394528085 
10.729999999988332, -1.0281222745493053 
10.739999999988308, -1.029482623174488 
10.749999999988285, -1.030897787872859 
10.759999999988262, -1.0323315609291983 
10.769999999988238, -1.0337488022438888 
10.779999999988215, -1.0351160892311808 
10.789999999988192, -1.0364022276806286 
10.799999999988168, -1.0375786299969225 
10.809999999988145, -1.0386195794659907 
10.819999999988122, -1.0395024048319639 
10.829999999988098, -1.04020758862091 
10.839999999988075, -1.0407188266202505 
10.849999999988052, -1.041023046824583 
10.859999999988029, -1.0411103864627702 
10.869999999988005, -1.0409741178405176 
10.879999999987982, -1.040610509617661 
10.889999999987959, -1.0400186109310559 
10.899999999987935, -1.0391999515665278 
10.909999999987912, -1.0381581611717756 
10.919999999987889, -1.0368985223652685 
10.929999999987865, -1.0354274841079802 
10.939999999987842, -1.033752170481637 
10.949999999987819, -1.0318799242536743 
10.959999999987796, -1.0298179234506746 
10.969999999987772, -1.0275729028204004 
10.979999999987749, -1.0251510016727132 
10.989999999987726, -1.022557746884916 
10.999999999987702, -1.01979816677501 
11.009999999987679, -1.0168770198671677 
11.019999999987656, -1.0137991136509148 
11.029999999987632, -1.0105696830390223 
11.039999999987609, -1.0071947964991657 
11.049999999987586, -1.0036817593348752 
11.059999999987562, -1.0000394874529852 
11.06999999998754, -0.9962788300877764 
11.079999999987516, -0.9924128252910372 
11.089999999987493, -0.988456876729737 
11.09999999998747, -0.984428844053044 
11.109999999987446, -0.9803490418410252 
11.119999999987423, -0.9762401443379669 
11.1299999999874, -0.9721269953976658 
11.139999999987376, -0.9680363258727701 
11.149999999987353, -0.9639963843488712 
11.15999999998733, -0.9600364915396844 
11.169999999987306, -0.9561865332893855 
11.179999999987283, -0.9524764111418119 
11.18999999998726, -0.9489354719352391 
11.199999999987236, -0.9455919381766547 
11.209999999987213, -0.9424723588067686 
11.21999999998719, -0.9396010957400752 
11.229999999987166, -0.9369998561628889 
11.239999999987143, -0.9346872752608524 
11.24999999998712, -0.9326785501241395 
11.259999999987096, -0.9309851240205405 
11.269999999987073, -0.9296144214022559 
11.27999999998705, -0.9285696375440236 
11.289999999987026, -0.9278495915295234 
11.299999999987003, -0.9274486558891328 
11.30999999998698, -0.9273567789399326 
11.319999999986956, -0.927559615504949 
11.329999999986933, -0.9280387775753913 
11.33999999998691, -0.9287722088660573 
11.349999999986887, -0.9297346771801305 
11.359999999986863, -0.9308983677394775 
11.36999999998684, -0.9322335510762105 
11.379999999986817, -0.933709292436068 
11.389999999986793, -0.9352941670333507 
11.39999999998677, -0.9369569472124042 
11.409999999986747, -0.9386672330504593 
11.419999999986723, -0.9403960059383258 
11.4299999999867, -0.9421160935853177 
11.439999999986677, -0.9438025430886248 
11.449999999986654, -0.9454329048758843 
11.45999999998663, -0.9469874337080513 
11.469999999986607, -0.9484492134021779 
11.479999999986584, -0.9498042100146825 
11.48999999998656, -0.9510412549322467 
11.499999999986537, -0.9521519559593264 
11.509999999986514, -0.9531305324053528 
11.51999999998649, -0.9539735704429326 
11.529999999986467, -0.9546796982063489 
11.539999999986444, -0.9552491861349885 
11.54999999998642, -0.9556834861549264 
11.559999999986397, -0.9559847320955209 
11.569999999986374, -0.9561552316359947 
11.57999999998635, -0.9561969855065923 
11.589999999986327, -0.9561112714385815 
11.599999999986304, -0.9558983278599793 
11.60999999998628, -0.955557165621829 
11.619999999986257, -0.9550855257775518 
11.629999999986234, -0.9544799887785976 
11.63999999998621, -0.9537362268791808 
11.649999999986187, -0.9528493787124108 
11.659999999986164, -0.951814514537973 
11.66999999998614, -0.9506271539529935 
11.679999999986117, -0.9492837958024405 
11.689999999986094, -0.9477824228228517 
11.69999999998607, -0.946122950592422 
11.709999999986048, -0.944307600281992 
11.719999999986024, -0.9423411856472055 
11.729999999986001, -0.9402313147022798 
11.739999999985978, -0.9379885139060347 
11.749999999985954, -0.9356262864421152 
11.759999999985931, -0.9331611160557209 
11.769999999985908, -0.9306124244565589 
11.779999999985884, -0.9280024846426388 
11.789999999985861, -0.9253562861057921 
11.799999999985838, -0.9227013422714783 
11.809999999985815, -0.920067427044726 
11.819999999985791, -0.9174862269488617 
11.829999999985768, -0.9149908985103092 
11.839999999985745, -0.9126155271254164 
11.849999999985721, -0.9103944929042721 
11.859999999985698, -0.9083617596518719 
11.869999999985675, -0.9065501135898325 
11.879999999985651, -0.9049903869160605 
11.889999999985628, -0.9037107063376529 
11.899999999985605, -0.9027358073109861 
11.909999999985581, -0.9020864506446817 
11.919999999985558, -0.9017789699448843 
11.929999999985535, -0.9018249673971769 
11.939999999985512, -0.9022311633196783 
11.949999999985488, -0.9029993936064075 
11.959999999985465, -0.9041267401466654 
11.969999999985442, -0.905605773526548 
11.979999999985418, -0.9074248850571582 
11.989999999985395, -0.9095686860113525 
11.999999999985372, -0.9120184549529834 
12.009999999985348, -0.9147526180215392 
12.019999999985325, -0.9177472508345906 
12.029999999985302, -0.9209765934085432 
12.039999999985278, -0.9244135707180432 
12.049999999985255, -0.9280303112180476 
12.059999999985232, -0.9317986542248095 
12.069999999985209, -0.9356906351054705 
12.079999999985185, -0.939678935417578 
12.089999999985162, -0.9437372840104996 
12.099999999985139, -0.9478407949782954 
12.109999999985115, -0.9519662293373103 
12.119999999985092, -0.9560921693178513 
12.129999999985069, -0.960199097056925 
12.139999999985045, -0.9642693731244706 
12.149999999985022, -0.968287114647144 
12.159999999984999, -0.9722379778170211 
12.169999999984976, -0.9761088552972079 
12.179999999984952, -0.979887505377622 
12.189999999984929, -0.9835621364145356 
12.199999999984906, -0.987120976571326 
12.209999999984882, -0.990551864365931 
12.219999999984859, -0.9938418990216348 
12.229999999984836, -0.9969771900378388 
12.239999999984812, -0.9999427417835751 
12.249999999984789, -1.0027225006464788 
12.259999999984766, -1.0052995793107358 
12.269999999984742, -1.0076566558705022 
12.27999999998472, -1.0097765264314145 
12.289999999984696, -1.0116427712041365 
12.299999999984673, -1.0132404789737124 
12.30999999998465, -1.0145569662775356 
12.319999999984626, -1.0155824278293262 
12.329999999984603, -1.0163104643166945 
12.33999999998458, -1.016738451384784 
12.349999999984556, -1.0168677363443952 
12.359999999984533, -1.0167036727706635 
12.36999999998451, -1.0162555234549608 
12.379999999984486, -1.015536275782022 
12.389999999984463, -1.0145624186924986 
12.39999999998444, -1.0133537268103276 
12.409999999984416, -1.011933086331195 
12.419999999984393, -1.0103263810473349 
12.42999999998437, -1.0085624379541622 
12.439999999984346, -1.0066730127593748 
12.449999999984323, -1.0046927786181519 
12.4599999999843, -1.0026592686582043 
12.469999999984276, -1.000612716239149 
12.479999999984253, -0.9985957380252821 
12.48999999998423, -0.9966528149097941 
12.499999999984206, -0.9948295447343263 
12.509999999984183, -0.9931716673353711 
12.51999999998416, -0.9917238937878383 
12.529999999984136, -0.9905286033082281 
12.539999999984113, -0.989624497666665 
12.54999999998409, -0.9890453188015891 
12.559999999984067, -0.9888187367361734 
12.569999999984043, -0.9889655005655158 
12.57999999998402, -0.9894989171123498 
12.589999999983997, -0.9904246846772496 
12.599999999983973, -0.9917410698571144 
12.60999999998395, -0.9934393806812923 
12.619999999983927, -0.9955046649734738 
12.629999999983903, -0.9979165519793785 
12.63999999998388, -1.0006501579543068 
12.649999999983857, -1.0036769899086415 
12.659999999983834, -1.0069658016071308 
12.66999999998381, -1.0104833772020752 
12.679999999983787, -1.0141952361753512 
12.689999999983764, -1.0180662656783512 
12.69999999998374, -1.0220612918606908 
12.709999999983717, -1.0261456010765082 
12.719999999983694, -1.030285416893758 
12.72999999998367, -1.0344483320747655 
12.739999999983647, -1.0386036884402954 
12.749999999983624, -1.0427228933893893 
12.7599999999836, -1.0467796605437096 
12.769999999983577, -1.0507501634228857 
12.779999999983554, -1.0546130946079781 
12.78999999998353, -1.058349627702778 
12.799999999983507, -1.061943284851473 
12.809999999983484, -1.065379718158138 
12.81999999998346, -1.0686464188515337 
12.829999999983437, -1.0717323733204274 
12.839999999983414, -1.0746276900145322 
12.84999999998339, -1.0773232252751095 
12.859999999983367, -1.0798102388144442 
12.869999999983344, -1.082080110050659 
12.87999999998332, -1.0841241441021108 
12.889999999983297, -1.0859334904881024 
12.899999999983274, -1.087499188475776 
12.90999999998325, -1.0888123411880108 
12.919999999983228, -1.0898644073388577 
12.929999999983204, -1.090647586632766 
12.939999999983181, -1.0911552645515807 
12.949999999983158, -1.0913824763878386 
12.959999999983134, -1.0913263502387585 
12.969999999983111, -1.0909864944703331 
12.979999999983088, -1.0903653058791904 
12.989999999983064, -1.0894681883106494 
12.999999999983041, -1.0883036850722196 
13.009999999983018, -1.0868835393266134 
13.019999999982995, -1.0852227025751884 
13.029999999982971, -1.0833393112289535 
13.039999999982948, -1.0812546452358722 
13.049999999982925, -1.0789930720927203 
13.059999999982901, -1.076581966539016 
13.069999999982878, -1.0740515835951963 
13.079999999982855, -1.071434853317268 
13.089999999982831, -1.068767062368968 
13.099999999982808, -1.0660853921633962 
13.109999999982785, -1.0634282965067312 
13.119999999982761, -1.060834722247127 
13.129999999982738, -1.0583432013130132 
13.139999999982715, -1.0559908669772342 
13.149999999982692, -1.0538124656707455 
13.159999999982668, -1.0518394432167173 
13.169999999982645, -1.0500991780508813 
13.179999999982622, -1.0486144141237774 
13.189999999982598, -1.047402916518452 
13.199999999982575, -1.0464773398429748 
13.209999999982552, -1.0458452706842654 
13.219999999982528, -1.045509387337434 
13.229999999982505, -1.0454676763725248 
13.239999999982482, -1.045713656363239 
13.249999999982458, -1.0462365806651293 
13.259999999982435, -1.0470216173453082 
13.269999999982412, -1.0480500282318561 
13.279999999982389, -1.0492993845355565 
13.289999999982365, -1.0507438600196983 
13.299999999982342, -1.0523546339233631 
13.309999999982319, -1.0541004176070108 
13.319999999982295, -1.0559480962439471 
13.329999999982272, -1.0578634556255593 
13.339999999982249, -1.059811949221734 
13.349999999982225, -1.0617594548960816 
13.359999999982202, -1.0636729743774611 
13.369999999982179, -1.0655212396758862 
13.379999999982156, -1.067275205603848 
13.389999999982132, -1.0689084226055277 
13.399999999982109, -1.0703972960671675 
13.409999999982086, -1.0717212453509266 
13.419999999982062, -1.072862777626877 
13.429999999982039, -1.0738074891435487 
13.439999999982016, -1.074544001718277 
13.449999999981992, -1.075063837120432 
13.459999999981969, -1.0753612286454648 
13.469999999981946, -1.0754328688888368 
13.479999999981922, -1.0752775959733922 
13.4899999999819, -1.0748960267301184 
13.499999999981876, -1.074290153221379 
13.509999999981853, -1.0734629266847302 
13.51999999998183, -1.0724178585922801 
13.529999999981806, -1.0711586706098155 
13.539999999981783, -1.0696890230843499 
13.54999999998176, -1.0680123454340045 
13.559999999981736, -1.0661317823865886 
13.569999999981713, -1.0640502588797285 
13.57999999998169, -1.0617706552800277 
13.589999999981666, -1.0592960749741152 
13.599999999981643, -1.0566301795145172 
13.60999999998162, -1.053777562978182 
13.619999999981596, -1.0507441369821557 
13.629999999981573, -1.0475375002827112 
13.63999999998155, -1.0441672710414776 
13.649999999981526, -1.0406453645206422 
13.659999999981503, -1.0369862031752104 
13.66999999998148, -1.0332068492571538 
13.679999999981456, -1.0293270520848619 
13.689999999981433, -1.0253692035242568 
13.69999999998141, -1.0213581967702348 
13.709999999981386, -1.0173211860471143 
13.719999999981363, -1.013287248924153 
13.72999999998134, -1.0092869585838733 
13.739999999981316, -1.0053518799431376 
13.749999999981293, -1.0015140097891768 
13.75999999998127, -0.9978051855516354 
13.769999999981247, -0.9942564886416181 
13.779999999981223, -0.9908976657294148 
13.7899999999812, -0.9877565851498302 
13.799999999981177, -0.984858737111247 
13.809999999981153, -0.982226777644246 
13.81999999998113, -0.9798801096518613 
13.829999999981107, -0.9778344920419494 
13.839999999981083, -0.9761016707761271 
13.84999999998106, -0.9746890334365795 
13.859999999981037, -0.9735992998678041 
13.869999999981014, -0.9728302728132874 
13.87999999998099, -0.9723746810444867 
13.889999999980967, -0.9722201504674497 
13.899999999980944, -0.9723493344254295 
13.90999999998092, -0.9727402228654426 
13.919999999980897, -0.9733666329079227 
13.929999999980874, -0.9741988637371034 
13.93999999998085, -0.9752044803570848 
13.949999999980827, -0.9763491771315752 
13.959999999980804, -0.9775976655725016 
13.96999999998078, -0.9789145324061566 
13.979999999980757, -0.9802650226946024 
13.989999999980734, -0.9816157165507207 
13.99999999998071, -0.9829350838483462 
14.009999999980687, -0.9841939163370748 
14.019999999980664, -0.9853656483044075 
14.02999999998064, -0.9864265838732511 
14.039999999980617, -0.987356050708442 
14.049999999980594, -0.9881364968367096 
14.05999999998057, -0.9887535407499821 
14.069999999980547, -0.9891959767740619 
14.079999999980524, -0.9894557298763318 
14.0899999999805, -0.9895277485857974 
14.099999999980477, -0.9894098229968699 
14.109999999980454, -0.9891023176771997 
14.11999999998043, -0.9886078165151552 
14.129999999980408, -0.987930686980717 
14.139999999980384, -0.9870765830305502 
14.149999999980361, -0.9860519166956417 
14.159999999980338, -0.9848633361155302 
14.169999999980314, -0.9835172508922085 
14.179999999980291, -0.9820194434880702 
14.189999999980268, -0.9803747983012235 
14.199999999980244, -0.9785871691356578 
14.209999999980221, -0.9766593926744976 
14.219999999980198, -0.9745934420805428 
14.229999999980175, -0.9723907027070413 
14.239999999980151, -0.9700523424990812 
14.249999999980128, -0.9675797439231691 
14.259999999980105, -0.9649749625318103 
14.269999999980081, -0.962241179304899 
14.279999999980058, -0.9593831189174742 
14.289999999980035, -0.9564074128711203 
14.299999999980011, -0.9533228936341817 
14.309999999979988, -0.9501408123113839 
14.319999999979965, -0.946874977012884 
14.329999999979941, -0.943541811645164 
14.339999999979918, -0.9401603354904174 
14.349999999979895, -0.9367520633318147 
14.359999999979872, -0.9333408249479547 
14.369999999979848, -0.9299525025018351 
14.379999999979825, -0.9266146854459418 
14.389999999979802, -0.9233562454279038 
14.399999999979778, -0.9202068382014806 
14.409999999979755, -0.9171963451436651 
14.419999999979732, -0.9143542727116027 
14.429999999979708, -0.911709132949131 
14.439999999979685, -0.9092878309728604 
14.449999999979662, -0.9071150855674943 
14.459999999979638, -0.9052129064409193 
14.469999999979615, -0.9036001467328123 
14.479999999979592, -0.9022921429151955 
14.489999999979569, -0.9013004474255436 
14.499999999979545, -0.9006326533972011 
14.509999999979522, -0.9002923066037674 
14.519999999979499, -0.9002788976634051 
14.529999999979475, -0.9005879275686587 
14.539999999979452, -0.9012110411454046 
14.549999999979429, -0.9021362252102032 
14.559999999979405, -0.9033480700136156 
14.569999999979382, -0.9048280932134154 
14.579999999979359, -0.9065551246562933 
14.589999999979335, -0.9085057476545242 
14.599999999979312, -0.9106547886580488 
14.609999999979289, -0.9129758429883121 
14.619999999979266, -0.9154418204784277 
14.629999999979242, -0.9180254922119843 
14.639999999979219, -0.9207000185437302 
14.649999999979196, -0.92343943931395 
14.659999999979172, -0.926219109358665 
14.669999999979149, -0.9290160655300919 
14.679999999979126, -0.9318093148421708 
14.689999999979102, -0.9345800365006673 
14.69999999997908, -0.9373116931626551 
14.709999999979056, -0.9399900488081705 
14.719999999979033, -0.9426030924101348 
14.72999999997901, -0.945140868666206 
14.739999999978986, -0.9475952199482639 
14.749999999978963, -0.94995944771752 
14.75999999997894, -0.95222790702042 
14.769999999978916, -0.9543955540003473 
14.779999999978893, -0.9564574729218026 
14.78999999997887, -0.9584084150080372 
14.799999999978846, -0.960242385316577 
14.809999999978823, -0.9619523148623487 
14.8199999999788, -0.9635298524358139 
14.829999999978776, -0.9649653036487276 
14.839999999978753, -0.9662477337997231 
14.84999999997873, -0.9673652369383782 
14.859999999978706, -0.968305357434372 
14.869999999978683, -0.9690556344350993 
14.87999999997866, -0.9696042261929716 
14.889999999978636, -0.9699405626938087 
14.899999999978613, -0.9700559730843497 
14.90999999997859, -0.969944239766816 
14.919999999978566, -0.9696020430026505 
14.929999999978543, -0.9690292763968432 
14.93999999997852, -0.9682292317349527 
14.949999999978496, -0.9672086680791512 
14.959999999978473, -0.9659777920358115 
14.96999999997845, -0.9645501819532447 
14.979999999978427, -0.9629426880261032 
14.989999999978403, -0.9611753335739148 
14.99999999997838, -0.9592712316743892 
15.009999999978357, -0.9572565178676768 
15.019999999978333, -0.9551602859111579 
15.02999999997831, -0.9530145015349173 
15.039999999978287, -0.9508538605511568 
15.049999999978263, -0.9487155538975162 
15.05999999997824, -0.9466389042080482 
15.069999999978217, -0.9446648466984402 
15.079999999978194, -0.9428352411671655 
15.08999999997817, -0.941192020496904 
15.099999999978147, -0.9397762020105324 
15.109999999978124, -0.9386268084644118 
15.1199999999781, -0.9377797620856932 
15.129999999978077, -0.9372668248860907 
15.139999999978054, -0.9371146594469211 
15.14999999997803, -0.9373440758664142 
15.159999999978007, -0.9379695136853858 
15.169999999977984, -0.9389987849959388 
15.17999999997796, -0.9404330802310851 
15.189999999977937, -0.9422672152062993 
15.199999999977914, -0.9444900801385648 
15.20999999997789, -0.9470852406976319 
15.219999999977867, -0.9500316382171936 
15.229999999977844, -0.9533043401085632 
15.23999999997782, -0.9568753002724364 
15.249999999977797, -0.9607141003517008 
15.259999999977774, -0.9647886535269455 
15.26999999997775, -0.9690658613020576 
15.279999999977727, -0.9735122192929357 
15.289999999977704, -0.9780943702688393 
15.29999999997768, -0.9827796022193422 
15.309999999977657, -0.9875362871160426 
15.319999999977634, -0.9923342535206096 
15.32999999997761, -0.9971450843068267 
15.339999999977588, -1.001942330214922 
15.349999999977564, -1.0067016310510193 
15.359999999977541, -1.0114007390672926 
15.369999999977518, -1.0160194431924017 
15.379999999977494, -1.0205393980274193 
15.389999999977471, -1.024943867564664 
15.399999999977448, -1.0292174000941352 
15.409999999977424, -1.0333454573333294 
15.419999999977401, -1.0373140269106575 
15.429999999977378, -1.041109252229001 
15.439999999977355, -1.044717116550859 
15.449999999977331, -1.048123217932976 
15.459999999977308, -1.0513126675606115 
15.469999999977285, -1.0542701355974355 
15.479999999977261, -1.0569800559777618 
15.489999999977238, -1.0594269855257505 
15.499999999977215, -1.0615960951779164 
15.509999999977191, -1.0634737544574946 
15.519999999977168, -1.0650481576247837 
15.529999999977145, -1.0663099337895845 
15.539999999977121, -1.0672526854481426 
15.549999999977098, -1.0678734105771925 
15.559999999977075, -1.0681727809742456 
15.569999999977052, -1.0681552708329674 
15.579999999977028, -1.0678291506081772 
15.589999999977005, -1.0672063781789265 
15.599999999976982, -1.0663024292434748 
15.609999999976958, -1.0651361103514374 
15.619999999976935, -1.063729391157915 
15.629999999976912, -1.062107278852149 
15.639999999976888, -1.06029773961747 
15.649999999976865, -1.0583316522003803 
15.659999999976842, -1.0562427601102944 
15.669999999976818, -1.054067574492604 
15.679999999976795, -1.0518451719796629 
15.689999999976772, -1.0496168330642777 
15.699999999976749, -1.0474254781566645 
15.709999999976725, -1.0453148804719246 
15.719999999976702, -1.0433286652899691 
15.729999999976679, -1.041509139765007 
15.739999999976655, -1.0398960302921425 
15.749999999976632, -1.038525228600898 
15.759999999976609, -1.0374276572073653 
15.769999999976585, -1.0366283562118723 
15.779999999976562, -1.036145867205089 
15.789999999976539, -1.0359919509657478 
15.799999999976515, -1.0361716316108533 
15.809999999976492, -1.0366835199786415 
15.819999999976469, -1.0375203411534502 
15.829999999976446, -1.0386695798484804 
15.839999999976422, -1.040114163329038 
15.849999999976399, -1.0418331212009404 
15.859999999976376, -1.04380218849418 
15.869999999976352, -1.0459943458991374 
15.879999999976329, -1.0483803125117244 
15.889999999976306, -1.0509290180422184 
15.899999999976282, -1.0536080821076985 
15.90999999997626, -1.0563843197272014 
15.919999999976236, -1.0592242782109464 
15.929999999976213, -1.0620947957583589 
15.93999999997619, -1.064963560204023 
15.949999999976166, -1.0677996399537972 
15.959999999976143, -1.0705739588494714 
15.96999999997612, -1.0732596914396881 
15.979999999976096, -1.0758325628374545 
15.989999999976073, -1.078271045703631 
15.99999999997605, -1.0805564540776844 
16.009999999976028, -1.0826729388333685 
16.019999999976005, -1.0846073924697834 
16.02999999997598, -1.0863492724810162 
16.039999999975958, -1.0878903537248017 
16.049999999975935, -1.0892244219676372 
16.05999999997591, -1.090346923607962 
16.069999999975888, -1.0912545903444875 
16.079999999975865, -1.0919450615581385 
16.08999999997584, -1.0924165303347297 
16.099999999975818, -1.0926674402301602 
16.109999999975795, -1.092696258190567 
16.11999999997577, -1.092501344122891 
16.129999999975748, -1.0920809297473184 
16.139999999975725, -1.091433209458573 
16.1499999999757, -1.0905565353545035 
16.15999999997568, -1.0894496989449738 
16.169999999975655, -1.0881122748116439 
16.17999999997563, -1.0865449977061195 
16.18999999997561, -1.0847501446348295 
16.199999999975585, -1.082731896986253 
16.20999999997556, -1.0804966636001658 
16.21999999997554, -1.0780533522924416 
16.229999999975515, -1.0754135830915774 
16.239999999975492, -1.0725918400151107 
16.24999999997547, -1.06960555899557 
16.259999999975445, -1.0664751477887444 
16.269999999975422, -1.0632239304100464 
16.2799999999754, -1.0598780054744057 
16.289999999975375, -1.0564660065719609 
16.299999999975352, -1.0530187550096297 
16.30999999997533, -1.049568801632503 
16.319999999975305, -1.0461498646322562 
16.329999999975282, -1.0427961826418153 
16.33999999997526, -1.039541814383312 
16.349999999975235, -1.0364199246220875 
16.359999999975212, -1.0334620985251801 
16.36999999997519, -1.0306977213419564 
16.379999999975166, -1.0281534481191559 
16.389999999975142, -1.025852771430713 
16.39999999997512, -1.023815677832049 
16.409999999975096, -1.0220583703987765 
16.419999999975072, -1.0205930289741272 
16.42999999997505, -1.0194275834662103 
16.439999999975026, -1.018565488079946 
16.449999999975002, -1.018005502699505 
16.45999999997498, -1.0177415070065814 
16.469999999974956, -1.0177623880528084 
16.479999999974932, -1.0180520484638562 
16.48999999997491, -1.0185895778317875 
16.499999999974886, -1.019349614468452 
16.509999999974863, -1.0203029015650948 
16.51999999997484, -1.0214170158896323 
16.529999999974816, -1.0226572240488443 
16.539999999974793, -1.0239874058261826 
16.54999999997477, -1.025370978968855 
16.559999999974746, -1.0267717652990884 
16.569999999974723, -1.0281547520751473 
16.5799999999747, -1.029486721467164 
16.589999999974676, -1.0307367406637802 
16.599999999974653, -1.0318765217864105 
16.60999999997463, -1.0328806719188004 
16.619999999974606, -1.0337268580719559 
16.629999999974583, -1.0343959101048037 
16.63999999997456, -1.0348718779280985 
16.649999999974536, -1.0351420498780648 
16.659999999974513, -1.0351969294138748 
16.66999999997449, -1.0350301596304048 
16.679999999974466, -1.034638381362095 
16.689999999974443, -1.034021011940467 
16.69999999997442, -1.033179937961616 
16.709999999974396, -1.0321191256321074 
16.719999999974373, -1.0308441644065536 
16.72999999997435, -1.0293617712475422 
16.739999999974327, -1.0276792915475028 
16.749999999974303, -1.0258042367832343 
16.75999999997428, -1.0237438975300592 
16.769999999974257, -1.0215050638182712 
16.779999999974233, -1.0190938741566433 
16.78999999997421, -1.016515801641827 
16.799999999974187, -1.013775772367246 
16.809999999974163, -1.0108783996164492 
16.81999999997414, -1.0078283084153723 
16.829999999974117, -1.0046305196833902 
16.839999999974093, -1.0012908615950296 
16.84999999997407, -0.9978163773991842 
16.859999999974047, -0.9942157029624982 
16.869999999974024, -0.9904993926037828 
16.879999999974, -0.9866801772801888 
16.889999999973977, -0.9827731440328856 
16.899999999973954, -0.9787958293655582 
16.90999999997393, -0.9747682219330908 
16.919999999973907, -0.970712671961252 
16.929999999973884, -0.9666537068075851 
16.93999999997386, -0.9626177545934774 
16.949999999973837, -0.9586327812319493 
16.959999999973814, -0.9547278504029009 
16.96999999997379, -0.9509326206258435 
16.979999999973767, -0.9472767977672633 
16.989999999973744, -0.9437895642006725 
16.99999999997372, -0.9404990066704936 
17.009999999973697, -0.937431563355246 
17.019999999973674, -0.9346115068923523 
17.02999999997365, -0.932060474980565 
17.039999999973627, -0.9297970547720316 
17.049999999973604, -0.9278364228635088 
17.05999999997358, -0.9261900403233093 
17.069999999973557, -0.9248654023536129 
17.079999999973534, -0.923865844710117 
17.08999999997351, -0.9231904130352758 
17.099999999973488, -0.9228338054788949 
17.109999999973464, -0.9227864018914261 
17.11999999997344, -0.9230343932054961 
17.129999999973418, -0.9235600216436178 
17.139999999973394, -0.9243419361370697 
17.14999999997337, -0.9253556586310985 
17.159999999973348, -0.9265741472218926 
17.169999999973324, -0.9279684330525367 
17.1799999999733, -0.929508301215665 
17.189999999973278, -0.9311629827230129 
17.199999999973254, -0.932901825339476 
17.20999999997323, -0.9346949153879713 
17.219999999973208, -0.9365136294917384 
17.229999999973185, -0.9383311032086296 
17.23999999997316, -0.9401226111272554 
17.249999999973138, -0.9418658589750529 
17.259999999973115, -0.9435411918452403 
17.26999999997309, -0.945131723592696 
17.279999999973068, -0.9466233911879705 
17.289999999973045, -0.9480049352567149 
17.29999999997302, -0.9492678053689165 
17.309999999972998, -0.950405987121723 
17.319999999972975, -0.9514157486940721 
17.32999999997295, -0.9522953078804648 
17.339999999972928, -0.953044426545161 
17.349999999972905, -0.9536639472347983 
17.35999999997288, -0.9541552950816758 
17.36999999997286, -0.9545199755887019 
17.379999999972835, -0.9547591039262702 
17.38999999997281, -0.9548730028498688 
17.39999999997279, -0.9548609036669825 
17.409999999972765, -0.9547207778659158 
17.41999999997274, -0.9544493166803775 
17.42999999997272, -0.9540420631062586 
17.439999999972695, -0.9534936871743205 
17.449999999972672, -0.9527983822839651 
17.45999999997265, -0.9519503498047945 
17.469999999972625, -0.9509443324183766 
17.479999999972602, -0.9497761547737986 
17.48999999997258, -0.948443233202106 
17.499999999972555, -0.9469450238463847 
17.509999999972532, -0.9452833891817396 
17.51999999997251, -0.9434628745516302 
17.529999999972485, -0.9414908969416523 
17.539999999972462, -0.9393778559811867 
17.54999999997244, -0.9371371810146104 
17.559999999972415, -0.9347853277664652 
17.569999999972392, -0.9323417341978867 
17.57999999997237, -0.9298287387938831 
17.589999999972346, -0.927271457262475 
17.599999999972322, -0.9246976070702388 
17.6099999999723, -0.9221372648185775 
17.619999999972276, -0.9196225402568261 
17.629999999972252, -0.917187153308974 
17.63999999997223, -0.9148659068462576 
17.649999999972206, -0.9126940574279137 
17.659999999972182, -0.9107065976344086 
17.66999999997216, -0.908937475269325 
17.679999999972136, -0.9074187847526017 
17.689999999972112, -0.9061799727434642 
17.69999999997209, -0.9052471021598072 
17.709999999972066, -0.9046422157896598 
17.719999999972043, -0.9043828329848043 
17.72999999997202, -0.9044816016752667 
17.739999999971996, -0.904946114920191 
17.749999999971973, -0.905778888408411 
17.75999999997195, -0.9069774845477154 
17.769999999971926, -0.9085347613121969 
17.779999999971903, -0.9104392203931458 
17.78999999997188, -0.9126754291957937 
17.799999999971856, -0.9152244939880748 
17.809999999971833, -0.9180645658124038 
17.81999999997181, -0.9211713653242725 
17.829999999971786, -0.9245187164439295 
17.839999999971763, -0.9280790809319558 
17.84999999997174, -0.9318240865475911 
17.859999999971716, -0.9357250405861173 
17.869999999971693, -0.9397534188893039 
17.87999999997167, -0.9438813185695193 
17.889999999971646, -0.9480818613098063 
17.899999999971623, -0.9523295336377428 
17.9099999999716, -0.956600451225446 
17.919999999971576, -0.9608725360461832 
17.929999999971553, -0.9651255980071318 
17.93999999997153, -0.969341316342522 
17.949999999971507, -0.973503120498022 
17.959999999971483, -0.977595975423658 
17.96999999997146, -0.9816060820795951 
17.979999999971437, -0.9855205104228353 
17.989999999971413, -0.9893267888805533 
17.99999999997139, -0.9930124807800218 
18.009999999971367, -0.9965647835936307 
18.019999999971343, -0.9999701901708268 
18.02999999997132, -1.003214251296698 
18.039999999971297, -1.0062814749860605 
18.049999999971273, -1.0091553892914353 
18.05999999997125, -1.0118187820808544 
18.069999999971227, -1.0142541140717296 
18.079999999971204, -1.016444082190517 
18.08999999997118, -1.0183722917351075 
18.099999999971157, -1.02002398102176 
18.109999999971134, -1.0213867342382794 
18.11999999997111, -1.0224511192141645 
18.129999999971087, -1.0232111972521836 
18.139999999971064, -1.023664870587446 
18.14999999997104, -1.023814056242158 
18.159999999971017, -1.023664698790855 
18.169999999970994, -1.0232266545919904 
18.17999999997097, -1.0225134930824331 
18.189999999970947, -1.0215422650504302 
18.199999999970924, -1.0203332833798404 
18.2099999999709, -1.0189099499721102 
18.219999999970877, -1.0172986456467772 
18.229999999970854, -1.0155286803764707 
18.23999999997083, -1.0136322817797871 
18.249999999970807, -1.0116445827401057 
18.259999999970784, -1.0096035565051205 
18.26999999997076, -1.0075498416156057 
18.279999999970737, -1.0055264011666032 
18.289999999970714, -1.0035779722692855 
18.29999999997069, -1.001750282155158 
18.309999999970668, -1.0000890356296208 
18.319999999970644, -0.9986387112477425 
18.32999999997062, -0.9974412357514809 
18.339999999970598, -0.9965346321862515 
18.349999999970574, -0.9959517512391057 
18.35999999997055, -0.9957191939779325 
18.369999999970528, -0.9958565164960468 
18.379999999970504, -0.9963757755618479 
18.38999999997048, -0.9972814348103923 
18.399999999970458, -0.998570610580031 
18.409999999970434, -1.0002336024390248 
18.41999999997041, -1.0022546312614682 
18.429999999970388, -1.004612699984748 
18.439999999970365, -1.0072824982569597 
18.44999999997034, -1.0102352886752755 
18.459999999970318, -1.01343973421644 
18.469999999970295, -1.0168626484841436 
18.47999999997027, -1.0204696681982672 
18.489999999970248, -1.0242258583278514 
18.499999999970225, -1.0280962638425541 
18.5099999999702, -1.0320464194211394 
18.519999999970178, -1.036042821955318 
18.529999999970155, -1.0400533630283597 
18.53999999997013, -1.0440477120680105 
18.549999999970108, -1.0479976370607 
18.559999999970085, -1.0518772490585955 
18.56999999997006, -1.055663158863826 
18.57999999997004, -1.0593345384004371 
18.589999999970015, -1.0628730844566745 
18.59999999996999, -1.0662628879718583 
18.60999999996997, -1.0694902174514505 
18.619999999969945, -1.072543230290361 
18.62999999996992, -1.0754116307424486 
18.6399999999699, -1.0780862978790111 
18.649999999969875, -1.0805589107906142 
18.659999999969852, -1.0828216009113005 
18.66999999996983, -1.0848666619274 
18.679999999969805, -1.0866863455449955 
18.689999999969782, -1.088272765955622 
18.69999999996976, -1.089617927153616 
18.709999999969735, -1.0907138759301729 
18.719999999969712, -1.0915529706494793 
18.72999999996969, -1.0921282435702262 
18.739999999969665, -1.0924338245140588 
18.749999999969642, -1.0924653879272153 
18.75999999996962, -1.092220585026978 
18.769999999969595, -1.0916994279608543 
18.779999999969572, -1.090904602760621 
18.78999999996955, -1.0898417003464809 
18.799999999969526, -1.0885193673240934 
18.809999999969502, -1.0869493882027748 
18.81999999996948, -1.0851467159126285 
18.829999999969456, -1.0831294670958393 
18.839999999969432, -1.080918892781194 
18.84999999996941, -1.0785393250499664 
18.859999999969386, -1.0760180883844552 
18.869999999969362, -1.0733853533041224 
18.87999999996934, -1.0706739024871375 
18.889999999969316, -1.0679187783220703 
18.899999999969292, -1.0651567873176608 
18.90999999996927, -1.0624258511963882 
18.919999999969246, -1.0597642152076072 
18.929999999969223, -1.057209547781242 
18.9399999999692, -1.0547979872767728 
18.949999999969176, -1.052563206043629 
18.959999999969153, -1.050535565061965 
18.96999999996913, -1.0487414221963307 
18.979999999969106, -1.0472026349080836 
18.989999999969083, -1.045936268656529 
18.99999999996906, -1.044954491837538 
19.009999999969036, -1.0442646140044958 
19.019999999969013, -1.0438692117777986 
19.02999999996899, -1.043766288716244 
19.039999999968966, -1.0439494302807562 
19.049999999968943, -1.0444079384037797 
19.05999999996892, -1.0451269556295555 
19.069999999968896, -1.0460876095856884 
19.079999999968873, -1.0472672194179276 
19.08999999996885, -1.0486396042549624 
19.099999999968826, -1.0501755205481635 
19.109999999968803, -1.0518432339759047 
19.11999999996878, -1.053609208044872 
19.129999999968756, -1.0554388713214875 
19.139999999968733, -1.0572974128283066 
19.14999999996871, -1.059150552623445 
19.159999999968687, -1.060965241390167 
19.169999999968663, -1.0627102563025412 
19.17999999996864, -1.0643566766692498 
19.189999999968617, -1.0658782380573202 
19.199999999968593, -1.0672515748467586 
19.20999999996857, -1.0684563669825726 
19.219999999968547, -1.06947540709535 
19.229999999968523, -1.0702946004172718 
19.2399999999685, -1.0709029040613602 
19.249999999968477, -1.071292206527074 
19.259999999968453, -1.0714571447379369 
19.26999999996843, -1.0713948558096669 
19.279999999968407, -1.0711046644448319 
19.289999999968384, -1.0705877137042275 
19.29999999996836, -1.0698465554340197 
19.309999999968337, -1.0688847248790854 
19.319999999968314, -1.067706330036773 
19.32999999996829, -1.0663156886100782 
19.339999999968267, -1.0647170432948807 
19.349999999968244, -1.0629143797675968 
19.35999999996822, -1.060911362108648 
19.369999999968197, -1.0587113890223512 
19.379999999968174, -1.0563177628163336 
19.38999999996815, -1.053733953273872 
19.399999999968127, -1.0509639314788042 
19.409999999968104, -1.0480125449443878 
19.41999999996808, -1.0448859050260508 
19.429999999968057, -1.0415917599605948 
19.439999999968034, -1.0381398309736272 
19.44999999996801, -1.0345420936014664 
19.459999999967987, -1.0308129907037873 
19.469999999967964, -1.0269695670076948 
19.47999999996794, -1.0230315173453781 
19.489999999967917, -1.0190211424372575 
19.499999999967894, -1.014963207858855 
19.50999999996787, -1.0108847044830307 
19.519999999967848, -1.0068145127185095 
19.529999999967824, -1.0027829782734088 
19.5399999999678, -0.9988214133498586 
19.549999999967778, -0.9949615429893846 
19.559999999967754, -0.9912349203587065 
19.56999999996773, -0.9876723358767823 
19.579999999967708, -0.9843032426120698 
19.589999999967684, -0.9811552145945618 
19.59999999996766, -0.9782534468161675 
19.609999999967638, -0.9756202976857223 
19.619999999967614, -0.9732748687530342 
19.62999999996759, -0.9712326144484998 
19.639999999967568, -0.9695049773108038 
19.649999999967545, -0.9680990513464912 
19.65999999996752, -0.9670172861570138 
19.669999999967498, -0.9662572547056725 
19.679999999967475, -0.9658115151526793 
19.68999999996745, -0.9656675995170391 
19.699999999967428, -0.9658081575466435 
19.709999999967405, -0.9662112731180641 
19.71999999996738, -0.9668509543553829 
19.729999999967358, -0.9676977803172938 
19.739999999967335, -0.9687196700058783 
19.74999999996731, -0.9698827268167322 
19.759999999967288, -0.9711521056104077 
19.769999999967265, -0.9724928511118651 
19.77999999996724, -0.973870664569204 
19.78999999996722, -0.9752525685120867 
19.799999999967195, -0.9766074543406055 
19.80999999996717, -0.9779065115851368 
19.81999999996715, -0.9791235487322667 
19.829999999967125, -0.9802352220770222 
19.8399999999671, -0.9812211906803628 
19.84999999996708, -0.9820642126549589 
19.859999999967055, -0.9827501918986934 
19.869999999967032, -0.9832681767776302 
19.87999999996701, -0.9836103050759326 
19.889999999966985, -0.9837716846204428 
19.899999999966962, -0.9837501977593403 
19.90999999996694, -0.9835462210099504 
19.919999999966915, -0.983162258462613 
19.929999999966892, -0.9826024977875333 
19.93999999996687, -0.9818723090749658 
19.949999999966845, -0.980977717054391 
19.959999999966822, -0.9799248844485187 
19.9699999999668, -0.9787196468774938 
19.979999999966775, -0.9773671372569829 
19.989999999966752, -0.9758715303652375 
19.99999999996673, -0.9742359272874369 
20.009999999966706, -0.9724623863697054 
20.019999999966682, -0.970552093904882 
20.02999999996666, -0.9685056557173737 
20.039999999966636, -0.9663234815083844 
20.049999999966612, -0.9640062282055634 
20.05999999996659, -0.9615552670123381 
20.069999999966566, -0.958973141144585 
20.079999999966542, -0.9562639865793281 
20.08999999996652, -0.9534338952972733 
20.099999999966496, -0.9504912080621216 
20.109999999966472, -0.9474467304236909 
20.11999999996645, -0.9443138704000739 
20.129999999966426, -0.9411086987682507 
20.139999999966403, -0.9378499332431237 
20.14999999996638, -0.9345588467224816 
20.159999999966356, -0.9312590982000561 
20.169999999966333, -0.9279764839455525 
20.17999999996631, -0.9247386069867353 
20.189999999966286, -0.9215744652984346 
20.199999999966263, -0.9185139634127122 
20.20999999996624, -0.9155873579157491 
20.219999999966216, -0.9128246535798349 
20.229999999966193, -0.9102549725530517 
20.23999999996617, -0.9079059229701338 
20.249999999966146, -0.9058029947015626 
20.259999999966123, -0.9039690083463182 
20.2699999999661, -0.9024236391969782 
20.279999999966076, -0.9011830315079249 
20.289999999966053, -0.9002595111015206 
20.29999999996603, -0.8996613973990926 
20.309999999966006, -0.8993929104505608 
20.319999999965983, -0.8994541651507842 
20.32999999996596, -0.899841243736621 
20.339999999965936, -0.9005463384917083 
20.349999999965913, -0.9015579585754327 
20.35999999996589, -0.9028611970745175 
20.369999999965867, -0.9044380558381285 
20.379999999965843, -0.9062678257591998 
20.38999999996582, -0.9083275186762179 
20.399999999965797, -0.910592344205392 
20.409999999965773, -0.9130362211521492 
20.41999999996575, -0.915632309471172 
20.429999999965727, -0.9183535458160528 
20.439999999965703, -0.9211731641148251 
20.44999999996568, -0.9240651825737689 
20.459999999965657, -0.9270048399426399 
20.469999999965633, -0.9299689663776606 
20.47999999996561, -0.9329362772780571 
20.489999999965587, -0.9358875815389711 
20.499999999965564, -0.9388058984296476 
20.50999999996554, -0.9416764797131567 
20.519999999965517, -0.9444867358912977 
20.529999999965494, -0.9472260679995059 
20.53999999996547, -0.9498856096535033 
20.549999999965447, -0.9524578883990412 
20.559999999965424, -0.9549364208983468 
20.5699999999654, -0.9573152627945513 
20.579999999965377, -0.9595885405517692 
20.589999999965354, -0.961749998212289 
20.59999999996533, -0.9637925957465454 
20.609999999965307, -0.9657081964446073 
20.619999999965284, -0.9674873777849797 
20.62999999996526, -0.9691193929872944 
20.639999999965237, -0.9705922991200571 
20.649999999965214, -0.9718932529587346 
20.65999999996519, -0.973008959244145 
20.669999999965167, -0.9739262396821163 
20.679999999965144, -0.9746326774441858 
20.68999999996512, -0.9751172835115286 
20.699999999965097, -0.9753711297634341 
20.709999999965074, -0.9753878999001078 
20.71999999996505, -0.9751643222872274 
20.729999999965028, -0.9747004663866838 
20.739999999965004, -0.9739999034179194 
20.74999999996498, -0.9730697488869192 
20.759999999964958, -0.9719206167869197 
20.769999999964934, -0.9705665208924492 
20.77999999996491, -0.9690247572431906 
20.789999999964888, -0.9673157944561062 
20.799999999964864, -0.9654631865707758 
20.80999999996484, -0.9634935088104992 
20.819999999964818, -0.9614363020960386 
20.829999999964794, -0.9593239994025567 
20.83999999996477, -0.9571917978723677 
20.849999999964748, -0.9550774364358209 
20.859999999964725, -0.953020840589629 
20.8699999999647, -0.9510636044099102 
20.879999999964678, -0.9492482945402327 
20.889999999964655, -0.9476175805424245 
20.89999999996463, -0.9462132183669781 
20.909999999964608, -0.9450749356797091 
20.919999999964585, -0.9442392858463152 
20.92999999996456, -0.9437385482398073 
20.939999999964538, -0.9435997538819034 
20.949999999964515, -0.943843906521299 
20.95999999996449, -0.9444854512153961 
20.969999999964468, -0.9455320181533889 
20.979999999964445, -0.9469844428069982 
20.98999999996442, -0.9488370387702274 
20.9999999999644, -0.9510780804821627 
21.009999999964375, -0.9536904417174837 
21.01999999996435, -0.9566523328944252 
21.02999999996433, -0.9599380848789684 
21.039999999964305, -0.9635189368326812 
21.04999999996428, -0.9673637979475432 
21.05999999996426, -0.9714399649013459 
21.069999999964235, -0.9757137864479563 
21.079999999964212, -0.9801512725781839 
21.08999999996419, -0.9847186480140125 
21.099999999964165, -0.9893828491351475 
21.109999999964142, -0.9941119609923981 
21.11999999996412, -0.9988755881743283 
21.129999999964095, -1.0036451511021467 
21.139999999964072, -1.0083940985804107 
21.14999999996405, -1.013098028438309 
21.159999999964025, -1.0177347108107435 
21.169999999964002, -1.022284012766785 
21.17999999996398, -1.0267277282520348 
21.189999999963955, -1.0310493233260107 
21.199999999963932, -1.0352336131023392 
21.20999999996391, -1.0392663932409913 
21.219999999963886, -1.043134054772789 
21.229999999963862, -1.0468232157574477 
21.23999999996384, -1.0503204059310212 
21.249999999963816, -1.053611840170934 
21.259999999963792, -1.0566833124968893 
21.26999999996377, -1.05952023397937 
21.279999999963746, -1.0621078254774219 
21.289999999963722, -1.0644314604899194 
21.2999999999637, -1.0664771363468355 
21.309999999963676, -1.0682320359729554 
21.319999999963652, -1.0696851303435801 
21.32999999996363, -1.070827766071769 
21.339999999963606, -1.0716541849218841 
21.349999999963583, -1.0721619325316702 
21.35999999996356, -1.0723521306268373 
21.369999999963536, -1.0722296074552549 
21.379999999963513, -1.0718029012086174 
21.38999999996349, -1.0710841671197764 
21.399999999963466, -1.0700890279516309 
21.409999999963443, -1.0688364084038549 
21.41999999996342, -1.06734838676914 
21.429999999963396, -1.0656500834670515 
21.439999999963373, -1.063769588228578 
21.44999999996335, -1.061737908504286 
21.459999999963326, -1.0595889040773625 
21.469999999963303, -1.0573591597823435 
21.47999999996328, -1.0550877423222742 
21.489999999963256, -1.0528157905643294 
21.499999999963233, -1.0505859024953055 
21.50999999996321, -1.048441305774252 
21.519999999963186, -1.0464248300067889 
21.529999999963163, -1.0445777327906207 
21.53999999996314, -1.0429384619114697 
21.549999999963116, -1.0415414560755645 
21.559999999963093, -1.040416090861894 
21.56999999996307, -1.039585862828063 
21.579999999963047, -1.0390678746695214 
21.589999999963023, -1.0388726437718259 
21.599999999963, -1.0390042138245954 
21.609999999962977, -1.0394605132593766 
21.619999999962953, -1.0402338821282593 
21.62999999996293, -1.0413116840406302 
21.639999999962907, -1.0426769310632034 
21.649999999962883, -1.0443088725204683 
21.65999999996286, -1.0461835266487436 
21.669999999962837, -1.0482741599545147 
21.679999999962813, -1.0505517372155937 
21.68999999996279, -1.0529853722733027 
21.699999999962767, -1.0555428060807919 
21.709999999962744, -1.0581909265572569 
21.71999999996272, -1.0608963289662916 
21.729999999962697, -1.0636259004252773 
21.739999999962674, -1.0663474014640155 
21.74999999996265, -1.0690300132262651 
21.759999999962627, -1.0716448209181813 
21.769999999962604, -1.0741652108327295 
21.77999999996258, -1.076567167270895 
21.789999999962557, -1.0788294645108494 
21.799999999962534, -1.0809337559070153 
21.80999999996251, -1.082864566516558 
21.819999999962487, -1.0846091976331573 
21.829999999962464, -1.0861575522328657 
21.83999999996244, -1.087501890828326 
21.849999999962417, -1.088636528610959 
21.859999999962394, -1.0895574875305967 
21.86999999996237, -1.0902621209368522 
21.879999999962347, -1.0907487327897643 
21.889999999962324, -1.091016217060931 
21.8999999999623, -1.091063744564903 
21.909999999962277, -1.090890523148693 
21.919999999962254, -1.0904956525373022 
21.92999999996223, -1.089878087465602 
21.939999999962208, -1.0890367129366108 
21.949999999962184, -1.0879705249133418 
21.95999999996216, -1.086678900053942 
21.969999999962138, -1.0851619306985245 
21.979999999962114, -1.0834207972491787 
21.98999999996209, -1.081458149736121 
21.999999999962068, -1.0792784733637548 
22.009999999962044, -1.0768884181336187 
22.01999999996202, -1.0742970787686104 
22.029999999961998, -1.0715162165726109 
22.039999999961974, -1.0685604183407111 
22.04999999996195, -1.0654471884263004 
22.059999999961928, -1.0621969688170698 
22.069999999961905, -1.05883307957733 
22.07999999996188, -1.055381569801337 
22.089999999961858, -1.0518709689392856 
22.099999999961835, -1.0483319313117188 
22.10999999996181, -1.0447967733467498 
22.119999999961788, -1.0412989130042858 
22.129999999961765, -1.0378722323085336 
22.13999999996174, -1.034550394358098 
22.149999999961718, -1.0313661528318132 
22.159999999961695, -1.0283506926150727 
22.16999999996167, -1.025533033817556 
22.179999999961648, -1.0229395190283215 
22.189999999961625, -1.0205933878352935 
22.1999999999616, -1.0185144273034246 
22.20999999996158, -1.0167186763317249 
22.219999999961555, -1.015218158710438 
22.22999999996153, -1.0140206254957436 
22.23999999996151, -1.0131293008821407 
22.249999999961485, -1.012542643782335 
22.25999999996146, -1.0122541551181743 
22.26999999996144, -1.0122522734513597 
22.279999999961415, -1.0125204051602084 
22.289999999961392, -1.0130371281320936 
22.29999999996137, -1.0137765907730283 
22.309999999961345, -1.0147091044052683 
22.319999999961322, -1.0158019018403954 
22.3299999999613, -1.017020013429232 
22.339999999961275, -1.0183271985218898 
22.349999999961252, -1.0196868672844912 
22.35999999996123, -1.0210629350191904 
22.369999999961205, -1.0224205661591876 
22.379999999961182, -1.0237267842426965 
22.38999999996116, -1.0249509433578785 
22.399999999961135, -1.0260650723282636 
22.409999999961112, -1.02704411299619 
22.41999999996109, -1.0278660774942818 
22.429999999961066, -1.0285121468292397 
22.439999999961042, -1.0289667259320157 
22.44999999996102, -1.0292174607106725 
22.459999999960996, -1.0292552130019912 
22.469999999960972, -1.02907398195672 
22.47999999996095, -1.028670757112649 
22.489999999960926, -1.028045290180289 
22.499999999960902, -1.027199779308093 
22.50999999996088, -1.0261384701457645 
22.519999999960856, -1.0248671903495463 
22.529999999960832, -1.023392845795218 
22.53999999996081, -1.0217229153205893 
22.549999999960786, -1.0198649845877932 
22.559999999960763, -1.01782635790192 
22.56999999996074, -1.01561377988071 
22.579999999960716, -1.0132332879711958 
22.589999999960693, -1.010690203740714 
22.59999999996067, -1.0079892575826463 
22.609999999960646, -1.0051348297369094 
22.619999999960623, -1.0021312816591978 
22.6299999999606, -0.9989833465273603 
22.639999999960576, -0.9956965461708583 
22.649999999960553, -0.9922776034999482 
22.65999999996053, -0.9887348237073316 
22.669999999960506, -0.9850784229952239 
22.679999999960483, -0.9813207892337302 
22.68999999996046, -0.9774766639110565 
22.699999999960436, -0.973563238527987 
22.709999999960413, -0.9696001612165044 
22.71999999996039, -0.9656094512213798 
22.729999999960366, -0.9616153205987317 
22.739999999960343, -0.9576439046852463 
22.74999999996032, -0.9537229059866882 
22.759999999960296, -0.9498811601605192 
22.769999999960273, -0.9461481373367153 
22.77999999996025, -0.9425533963977012 
22.789999999960227, -0.9391260131287429 
22.799999999960203, -0.9358940045562039 
22.80999999996018, -0.9328837708608053 
22.819999999960157, -0.9301195730515384 
22.829999999960133, -0.927623059729262 
22.83999999996011, -0.9254128508013402 
22.849999999960087, -0.923504181149029 
22.859999999960063, -0.9219086040748707 
22.86999999996004, -0.92063375351126 
22.879999999960017, -0.9196831654751937 
22.889999999959993, -0.9190561624802366 
22.89999999995997, -0.9187478084271874 
22.909999999959947, -0.9187489445181337 
22.919999999959924, -0.9190463177121113 
22.9299999999599, -0.9196228113379105 
22.939999999959877, -0.9204577825371266 
22.949999999959854, -0.9215275037960329 
22.95999999995983, -0.9228056971245778 
22.969999999959807, -0.9242641409925928 
22.979999999959784, -0.9258733234702052 
22.98999999995976, -0.9276031113179193 
22.999999999959737, -0.9294234045926374 
23.009999999959714, -0.9313047495222828 
23.01999999995969, -0.9332188881499844 
23.029999999959667, -0.9351392303234108 
23.039999999959644, -0.9370412406328765 
23.04999999995962, -0.9389027386733689 
23.059999999959597, -0.9407041147149506 
23.069999999959574, -0.9424284642517315 
23.07999999995955, -0.9440616442694612 
23.089999999959527, -0.9455922522146868 
23.099999999959504, -0.9470115266553657 
23.10999999995948, -0.9483131676447433 
23.119999999959457, -0.9494930757839353 
23.129999999959434, -0.9505490124316212 
23.13999999995941, -0.9514801893480599 
23.149999999959388, -0.9522868035866967 
23.159999999959364, -0.9529695414658786 
23.16999999995934, -0.953529082514178 
23.179999999959318, -0.9539656389721366 
23.189999999959294, -0.9542785676506008 
23.19999999995927, -0.954466088094944 
23.209999999959248, -0.9545251340757666 
23.219999999959224, -0.9544513549830745 
23.2299999999592, -0.9542392708038374 
23.239999999959178, -0.9538825704627593 
23.249999999959154, -0.9533745301015243 
23.25999999995913, -0.9527085171152264 
23.269999999959108, -0.9518785390044376 
23.279999999959085, -0.9508797943802395 
23.28999999995906, -0.9497091870421931 
23.299999999959038, -0.9483657722766456 
23.309999999959015, -0.9468511158749183 
23.31999999995899, -0.9451695587551113 
23.329999999958968, -0.9433283912682283 
23.339999999958945, -0.9413379494099201 
23.34999999995892, -0.9392116490930481 
23.359999999958898, -0.9369659741031747 
23.369999999958875, -0.9346204289467845 
23.37999999995885, -0.9321974607433267 
23.389999999958828, -0.9297223462027533 
23.399999999958805, -0.9272230322468857 
23.40999999995878, -0.9247299134930883 
23.41999999995876, -0.9222755277953253 
23.429999999958735, -0.9198941530194189 
23.43999999995871, -0.9176212943193552 
23.44999999995869, -0.9154930608414293 
23.459999999958665, -0.9135454428477365 
23.46999999995864, -0.9118135130405667 
23.47999999995862, -0.9103305874185661 
23.489999999958595, -0.9091273893762296 
23.499999999958572, -0.9082312644484769 
23.50999999995855, -0.9076654913120389 
23.519999999958525, -0.9074487275233543 
23.529999999958502, -0.9075946170660636 
23.53999999995848, -0.908111572891242 
23.549999999958455, -0.9090027334076509 
23.559999999958432, -0.910266079382166 
23.56999999995841, -0.9118946885226017 
23.579999999958385, -0.9138770999612024 
23.589999999958362, -0.9161977599202763 
23.59999999995834, -0.9188375222654391 
23.609999999958315, -0.9217741821889993 
23.619999999958292, -0.9249830265007783 
23.62999999995827, -0.9284373886703231 
23.639999999958246, -0.9321091999887094 
23.649999999958222, -0.9359695296385576 
23.6599999999582, -0.9399891062174697 
23.669999999958176, -0.9441388118714676 
23.679999999958152, -0.9483901383690618 
23.68999999995813, -0.9527155928837481 
23.699999999958106, -0.9570890404934264 
23.709999999958082, -0.9614859707559407 
23.71999999995806, -0.9658836772626544 
23.729999999958036, -0.9702613417354945 
23.739999999958012, -0.9746000178855918 
23.74999999995799, -0.9788825147745214 
23.759999999957966, -0.9830931847284332 
23.769999999957943, -0.9872176268679123 
23.77999999995792, -0.9912423238715898 
23.789999999957896, -0.9951542363621968 
23.799999999957873, -0.9989403857304228 
23.80999999995785, -1.002587461489005 
23.819999999957826, -1.006081492380015 
23.829999999957803, -1.009407620379453 
23.83999999995778, -1.0125500125164963 
23.849999999957756, -1.015491936476666 
23.859999999957733, -1.0182160123410735 
23.86999999995771, -1.0207046354344909 
23.879999999957686, -1.0229405459839325 
23.889999999957663, -1.0249075028575418 
23.89999999995764, -1.0265910042615738 
23.909999999957616, -1.0279789909308739 
23.919999999957593, -1.0290624690807653 
23.92999999995757, -1.0298360015548242 
23.939999999957546, -1.0302980345953254 
23.949999999957523, -1.0304510511499427 
23.9599999999575, -1.0303015653114107 
23.969999999957476, -1.029859992131139 
23.979999999957453, -1.0291404394387351 
23.98999999995743, -1.0281604718324326 
23.999999999957407, -1.026940891779382 
24.009999999957383, -1.0255055702534288 
24.01999999995736, -1.0238813418503399 
24.029999999957337, -1.0220979594786637 
24.039999999957313, -1.0201880841165112 
24.04999999995729, -1.018187268162261 
24.059999999957267, -1.0161338788154086 
24.069999999957243, -1.0140689027257208 
24.07999999995722, -1.0120355765211528 
24.089999999957197, -1.010078800759406 
24.099999999957173, -1.0082443171655506 
24.10999999995715, -1.0065776588944653 
24.119999999957127, -1.0051229172980256 
24.129999999957104, -1.003921400976819 
24.13999999995708, -1.0030102876866862 
24.149999999957057, -1.0024213814609229 
24.159999999957034, -1.002180082672314 
24.16999999995701, -1.002304657481159 
24.179999999956987, -1.0028058585599129 
24.189999999956964, -1.00368690746508 
24.19999999995694, -1.004943808315651 
24.209999999956917, -1.0065659298660554 
24.219999999956894, -1.008536773787289 
24.22999999995687, -1.0108348429144685 
24.239999999956847, -1.0134345329264258 
24.249999999956824, -1.016306990275814 
24.2599999999568, -1.0194209026866727 
24.269999999956777, -1.022743210732409 
24.279999999956754, -1.0262397457170946 
24.28999999995673, -1.0298758081185888 
24.299999999956707, -1.03361670216832 
24.309999999956684, -1.03742823745412 
24.31999999995666, -1.0412772004707076 
24.329999999956637, -1.045131790694253 
24.339999999956614, -1.0489620093279808 
24.34999999995659, -1.05273998564311 
24.359999999956568, -1.0564402260289822 
24.369999999956544, -1.060039773840067 
24.37999999995652, -1.0635182728483168 
24.389999999956498, -1.0668579325555176 
24.399999999956474, -1.0700433990779785 
24.40999999995645, -1.0730615404689767 
24.419999999956428, -1.07590116018065 
24.429999999956404, -1.0785526569727362 
24.43999999995638, -1.081007653917227 
24.449999999956358, -1.0832586229271974 
24.459999999956334, -1.0852985338693903 
24.46999999995631, -1.0871205580365366 
24.479999999956288, -1.0887178538084832 
24.489999999956265, -1.0900834572289417 
24.49999999995624, -1.0912102919465012 
24.509999999956218, -1.0920913021018221 
24.519999999956195, -1.0927196994988477 
24.52999999995617, -1.0930893044804963 
24.539999999956148, -1.0931949502554956 
24.549999999956125, -1.093032914727912 
24.5599999999561, -1.092601343289406 
24.569999999956078, -1.091900630715486 
24.579999999956055, -1.090933739331978 
24.58999999995603, -1.089706442094322 
24.599999999956008, -1.0882274906952287 
24.609999999955985, -1.0865087178295771 
24.61999999995596, -1.0845650874065913 
24.62999999995594, -1.0824147058954192 
24.639999999955915, -1.0800788023703505 
24.64999999995589, -1.077581675537315 
24.65999999995587, -1.0749505952783918 
24.669999999955845, -1.0722156367307631 
24.67999999995582, -1.0694094193366936 
24.6899999999558, -1.0665667239044423 
24.699999999955775, -1.0637239687477407 
24.709999999955752, -1.0609185411847426 
24.71999999995573, -1.0581880010706386 
24.729999999955705, -1.055569194924111 
24.739999999955682, -1.0530973378079898 
24.74999999995566, -1.0508051306548618 
24.759999999955635, -1.048721979748875 
24.769999999955612, -1.0468733716897873 
24.77999999995559, -1.0452804336109043 
24.789999999955565, -1.043959679741208 
24.799999999955542, -1.042922918210519 
24.80999999995552, -1.042177272704706 
24.819999999955495, -1.0417252666163597 
24.829999999955472, -1.0415649239465727 
24.83999999995545, -1.041689859144762 
24.849999999955426, -1.0420893522335102 
24.859999999955402, -1.0427484294026863 
24.86999999995538, -1.0436479864819772 
24.879999999955356, -1.044764998894914 
24.889999999955332, -1.0460728554025691 
24.89999999995531, -1.0475418359529365 
24.909999999955286, -1.049139730714352 
24.919999999955262, -1.0508325737002386 
24.92999999995524, -1.0525854458398667 
24.939999999955216, -1.0543632927604956 
24.949999999955192, -1.0561317032127786 
24.95999999995517, -1.0578576036931118 
24.969999999955146, -1.0595098401786465 
24.979999999955123, -1.0610596349523922 
24.9899999999551, -1.0624809215042688 
24.999999999955076, -1.0637505708105937 
