t, s[1].omega / s[0].omega 
0, -0.27999559087310316 
0.009999999999999995, -0.2796366584533627 
0.019999999999999934, -0.2794272721934074 
0.029999999999999874, -0.27933069565078805 
0.04000000000000012, -0.279295478742939 
0.050000000000000405, -0.2792680531352997 
0.06000000000000069, -0.27920362879802113 
0.07000000000000098, -0.2790712124733019 
0.08000000000000126, -0.2788517368991824 
0.09000000000000155, -0.2785315782755387 
0.10000000000000184, -0.2780941529754445 
0.11000000000000212, -0.2775102935606658 
0.12000000000000241, -0.27672554058014204 
0.130000000000002, -0.27564026003466074 
0.1400000000000009, -0.2740774765927928 
0.1499999999999998, -0.27173830250212094 
0.1599999999999987, -0.2681708901234416 
0.1699999999999976, -0.2628441316570497 
0.1799999999999965, -0.2554632164874922 
0.1899999999999954, -0.24644629213182956 
0.1999999999999943, -0.23700304664980232 
0.2099999999999932, -0.22847042561669056 
0.2199999999999921, -0.2215910748033854 
0.229999999999991, -0.21642679939494253 
0.2399999999999899, -0.21268184397035075 
0.2499999999999888, -0.20999044011055873 
0.2599999999999877, -0.20804442248454577 
0.2699999999999866, -0.2066196644399208 
0.2799999999999855, -0.20556521417082818 
0.2899999999999844, -0.20478582865742867 
0.2999999999999833, -0.204228008278125 
0.3099999999999822, -0.20387176306973273 
0.3199999999999811, -0.203728405313602 
0.32999999999998, -0.20384493855145253 
0.3399999999999789, -0.2043167515097088 
0.3499999999999778, -0.2053117137150872 
0.35999999999997667, -0.20710879343255692 
0.36999999999997557, -0.21014638061662091 
0.37999999999997447, -0.2150376646581224 
0.38999999999997337, -0.22239351765461063 
0.39999999999997227, -0.23210051095848888 
0.40999999999997117, -0.24196592447940923 
0.41999999999997006, -0.24756905376356877 
0.42999999999996896, -0.24599653593528475 
0.43999999999996786, -0.23927425473756 
0.44999999999996676, -0.23156134048754823 
0.45999999999996566, -0.2252839659496456 
0.46999999999996456, -0.22088304607776554 
0.47999999999996346, -0.2179870533720349 
0.48999999999996235, -0.21612589240900254 
0.49999999999996125, -0.2149416405095678 
0.5099999999999602, -0.21420033095794105 
0.519999999999959, -0.2137594611418308 
0.529999999999958, -0.21353776441843894 
0.5399999999999568, -0.2134953879812108 
0.5499999999999557, -0.21362319900518095 
0.5599999999999546, -0.21393895981850913 
0.5699999999999535, -0.2144888776899497 
0.5799999999999524, -0.21535372826334095 
0.5899999999999513, -0.21665870593810732 
0.5999999999999502, -0.2185842928010739 
0.6099999999999491, -0.22136915833517307 
0.619999999999948, -0.22528156367079158 
0.6299999999999469, -0.23051645157819892 
0.6399999999999458, -0.2369900186461115 
0.6499999999999447, -0.24413345933566283 
0.6599999999999436, -0.25097416217915564 
0.6699999999999425, -0.25662238915674 
0.6799999999999414, -0.2607230762073252 
0.6899999999999403, -0.26343585165418826 
0.6999999999999392, -0.2651279502564925 
0.7099999999999381, -0.266140712941481 
0.719999999999937, -0.2667151691748831 
0.7299999999999359, -0.2670011755702988 
0.7399999999999348, -0.2670856104804901 
0.7499999999999337, -0.26701611892617827 
0.7599999999999326, -0.26681751563578154 
0.7699999999999315, -0.2665036408346454 
0.7799999999999304, -0.26608751504225875 
0.7899999999999293, -0.265590697506528 
0.7999999999999282, -0.2650499611183269 
0.8099999999999271, -0.2645175839442944 
0.819999999999926, -0.2640532887170388 
0.8299999999999249, -0.2637107143211139 
0.8399999999999238, -0.26352438991772253 
0.8499999999999227, -0.2635014160462741 
0.8599999999999216, -0.2636189330529826 
0.8699999999999205, -0.2638280220941452 
0.8799999999999194, -0.26406485608234653 
0.8899999999999183, -0.26426661109707317 
0.8999999999999172, -0.2643850454992612 
0.9099999999999161, -0.26439122901544515 
0.919999999999915, -0.26427093045999356 
0.9299999999999139, -0.26401495211488313 
0.9399999999999128, -0.26360841306531657 
0.9499999999999117, -0.26301990482984955 
0.9599999999999106, -0.26218885487216437 
0.9699999999999095, -0.26100885210031455 
0.9799999999999084, -0.25930785790164934 
0.9899999999999073, -0.2568380146330363 
0.9999999999999062, -0.2533129413336466 
1.0099999999999052, -0.2485481253631839 
1.019999999999904, -0.24268847873066793 
1.029999999999903, -0.23631677643189836 
1.039999999999902, -0.23022238129756406 
1.0499999999999008, -0.224999185340983 
1.0599999999998997, -0.22085816794133817 
1.0699999999998986, -0.21771983598889305 
1.0799999999998975, -0.21538489792861487 
1.0899999999998964, -0.21364697840080282 
1.0999999999998953, -0.21233733614492306 
1.1099999999998942, -0.21133257482973425 
1.119999999999893, -0.21054906091526523 
1.129999999999892, -0.20993507110012785 
1.1399999999998909, -0.2094647110432033 
1.1499999999998898, -0.20913501271284213 
1.1599999999998887, -0.20896697087154387 
1.1699999999998876, -0.2090113904476396 
1.1799999999998865, -0.20936052761127516 
1.1899999999998854, -0.21016501347933864 
1.1999999999998843, -0.21164717463846613 
1.2099999999998832, -0.21407124058653132 
1.219999999999882, -0.21754842656383194 
1.229999999999881, -0.22144281673683341 
1.2399999999998799, -0.2234201468141351 
1.2499999999998788, -0.21973045669383837 
1.2599999999998777, -0.208840490839905 
1.2699999999998766, -0.19424994357244282 
1.2799999999998755, -0.18087062113777713 
1.2899999999998744, -0.17091918467334047 
1.2999999999998733, -0.1642234712587553 
1.3099999999998722, -0.15987805556229617 
1.319999999999871, -0.15706980235522003 
1.32999999999987, -0.15524303003556333 
1.3399999999998689, -0.1540532299904156 
1.3499999999998678, -0.1532967529879111 
1.3599999999998666, -0.1528599651713936 
1.3699999999998655, -0.1526892788998949 
1.3799999999998644, -0.15277660218274108 
1.3899999999998633, -0.1531562902462733 
1.3999999999998622, -0.1539124245021918 
1.4099999999998611, -0.15519783248938912 
1.41999999999986, -0.15726816556116158 
1.429999999999859, -0.16053287058747776 
1.4399999999998578, -0.16560944854388324 
1.4499999999998567, -0.1733093822902998 
1.4599999999998556, -0.18435087982913595 
1.4699999999998545, -0.19852862740912666 
1.4799999999998534, -0.21373877179766124 
1.4899999999998523, -0.22661996766585318 
1.4999999999998512, -0.23513857587474432 
1.5099999999998501, -0.23973409450865849 
1.519999999999849, -0.24191454761589476 
1.529999999999848, -0.24289858670394135 
1.5399999999998468, -0.2433494313120615 
1.5499999999998457, -0.2435679037534209 
1.5599999999998446, -0.24368013835056726 
1.5699999999998435, -0.24373846673401736 
1.5799999999998424, -0.2437661837463055 
1.5899999999998413, -0.24377636235526992 
1.5999999999998402, -0.24378036419348154 
1.6099999999998391, -0.2437928287102627 
1.619999999999838, -0.24383570455898185 
1.629999999999837, -0.24394176617597765 
1.6399999999998358, -0.2441568084280347 
1.6499999999998347, -0.24453907151188137 
1.6599999999998336, -0.24515424916909576 
1.6699999999998325, -0.2460640637825474 
1.6799999999998314, -0.24730598507393625 
1.6899999999998303, -0.24886457289682845 
1.6999999999998292, -0.25064603131970514 
1.709999999999828, -0.2524812828343093 
1.719999999999827, -0.25417458349718536 
1.729999999999826, -0.2555738818632368 
1.7399999999998248, -0.2566120314544071 
1.7499999999998237, -0.2572972330719463 
1.7599999999998226, -0.25767601248866917 
1.7699999999998215, -0.2577994508767703 
1.7799999999998204, -0.2577042269031144 
1.7899999999998193, -0.2574053921369196 
1.7999999999998182, -0.25689519961620405 
1.809999999999817, -0.256145554228165 
1.819999999999816, -0.25511588667750884 
1.8299999999998149, -0.25377097137574456 
1.8399999999998138, -0.2521104429600922 
1.8499999999998127, -0.2501992353052896 
1.8599999999998116, -0.24817342414126448 
1.8699999999998105, -0.24620392969206767 
1.8799999999998094, -0.24443731060441354 
1.8899999999998083, -0.24295514380214916 
1.8999999999998072, -0.2417709884073635 
1.909999999999806, -0.2408512255543386 
1.919999999999805, -0.24013929584362365 
1.9299999999998039, -0.23957369454357144 
1.9399999999998028, -0.23909889597567804 
1.9499999999998017, -0.238670627032236 
1.9599999999998006, -0.23825671165293275 
1.9699999999997995, -0.23783476397448106 
1.9799999999997984, -0.23738809495222135 
1.9899999999997973, -0.23690057471484094 
1.9999999999997962, -0.2363497486363241 
2.0099999999998173, -0.2356951004312605 
2.0199999999998384, -0.23485402239894584 
2.0299999999998595, -0.23365037102129516 
2.0399999999998806, -0.2317126580074631 
2.0499999999999017, -0.22832040087496627 
2.059999999999923, -0.22234231694967804 
2.069999999999944, -0.21271509433044788 
2.079999999999965, -0.19970009906751823 
2.089999999999986, -0.18553952115352207 
2.100000000000007, -0.17295362961200264 
2.1100000000000283, -0.16329417281587544 
2.1200000000000494, -0.15647294544061613 
2.1300000000000705, -0.15181673751555905 
2.1400000000000916, -0.14864980721416265 
2.1500000000001127, -0.14647090333458487 
2.160000000000134, -0.14494843969858207 
2.170000000000155, -0.14387471371008062 
2.180000000000176, -0.14312578473015486 
2.190000000000197, -0.14263519663394014 
2.2000000000002182, -0.14237990347982266 
2.2100000000002393, -0.14237618278280817 
2.2200000000002604, -0.14268504429743403 
2.2300000000002815, -0.14342884876120252 
2.2400000000003026, -0.14482271803993602 
2.2500000000003237, -0.1472226431030929 
2.260000000000345, -0.15117355750340603 
2.270000000000366, -0.15736293448035138 
2.280000000000387, -0.16617931398854394 
2.290000000000408, -0.17642666631764295 
2.3000000000004293, -0.18397710616285293 
2.3100000000004504, -0.18407638295297593 
2.3200000000004715, -0.17695982618557538 
2.3300000000004926, -0.1674103031594992 
2.3400000000005137, -0.15919808851406905 
2.3500000000005348, -0.1533333031375148 
2.360000000000556, -0.14944788398536654 
2.370000000000577, -0.14693283813296165 
2.380000000000598, -0.14530999176117634 
2.390000000000619, -0.14426752802941264 
2.4000000000006403, -0.14361745418569088 
2.4100000000006614, -0.14325396474786922 
2.4200000000006825, -0.1431265269982511 
2.4300000000007036, -0.14322606845969765 
2.4400000000007247, -0.14358134507319037 
2.450000000000746, -0.1442642477117056 
2.460000000000767, -0.14540476063759614 
2.470000000000788, -0.14721764720560024 
2.480000000000809, -0.15004149839306372 
2.49000000000083, -0.15437870255607605 
2.5000000000008513, -0.16088226284689056 
2.5100000000008724, -0.17014189748931022 
2.5200000000008935, -0.18207715578785194 
2.5300000000009146, -0.19518829360638945 
2.5400000000009357, -0.20687138581504544 
2.550000000000957, -0.2152413135075748 
2.560000000000978, -0.22026196162376505 
2.570000000000999, -0.22296468823541532 
2.58000000000102, -0.2243621920068351 
2.5900000000010412, -0.22508911890225308 
2.6000000000010624, -0.2254755186268731 
2.6100000000010835, -0.2256814262352183 
2.6200000000011046, -0.22578425956396225 
2.6300000000011257, -0.22582349198232404 
2.6400000000011468, -0.22582216142294992 
2.650000000001168, -0.22579792655584835 
2.660000000001189, -0.22576995001726008 
2.67000000000121, -0.22576414664800507 
2.680000000001231, -0.22581715940415226 
2.6900000000012523, -0.2259781673742946 
2.7000000000012734, -0.22630722882810778 
2.7100000000012945, -0.22686896680074492 
2.7200000000013156, -0.2277201021206369 
2.7300000000013367, -0.22888900040342502 
2.740000000001358, -0.23034894446182794 
2.750000000001379, -0.23199821639726634 
2.7600000000014, -0.23367069643130672 
2.770000000001421, -0.23518698141825184 
2.780000000001442, -0.2364171593969831 
2.7900000000014633, -0.23731046718669818 
2.8000000000014844, -0.23788035122020806 
2.8100000000015055, -0.23816977055635702 
2.8200000000015266, -0.23822223368674825 
2.8300000000015477, -0.23806624070969562 
2.840000000001569, -0.23770960527463197 
2.85000000000159, -0.23713910725161774 
2.860000000001611, -0.2363243227195627 
2.870000000001632, -0.23522824540890905 
2.8800000000016532, -0.23382854735697461 
2.8900000000016743, -0.23214757263501165 
2.9000000000016954, -0.23027502522971127 
2.9100000000017165, -0.2283588449282687 
2.9200000000017377, -0.22655909876991914 
2.9300000000017588, -0.2249947347852029 
2.94000000000178, -0.22371819815061822 
2.950000000001801, -0.2227229135838713 
2.960000000001822, -0.22196548624751808 
2.970000000001843, -0.22138663805041187 
2.9800000000018643, -0.22092582586628637 
2.9900000000018854, -0.2205300588029926 
3.0000000000019065, -0.2201578706005026 
3.0100000000019276, -0.2197791012901425 
3.0200000000019487, -0.21937153670627585 
3.03000000000197, -0.21891558390185692 
3.040000000001991, -0.2183872735793269 
3.050000000002012, -0.2177480204240782 
3.060000000002033, -0.21692666836298038 
3.070000000002054, -0.21578495032022432 
3.0800000000020753, -0.21405324368625825 
3.0900000000020964, -0.21123337365189995 
3.1000000000021175, -0.20653640306034143 
3.1100000000021386, -0.19910161247170854 
3.1200000000021597, -0.18876395027468676 
3.130000000002181, -0.17681395965800645 
3.140000000002202, -0.16542824187209637 
3.150000000002223, -0.15615814831383767 
3.160000000002244, -0.1493354117607797 
3.1700000000022652, -0.1445571859596088 
3.1800000000022863, -0.14125724099388906 
3.1900000000023074, -0.13896286128364485 
3.2000000000023285, -0.13734148618504355 
3.2100000000023496, -0.13617605565840207 
3.2200000000023707, -0.13533145872272526 
3.230000000002392, -0.1347291839190265 
3.240000000002413, -0.1343318781767249 
3.250000000002434, -0.13413639696013616 
3.260000000002455, -0.1341744325619209 
3.2700000000024763, -0.13452105808290546 
3.2800000000024974, -0.135312271448986 
3.2900000000025185, -0.13677006682571183 
3.3000000000025396, -0.1392175738219183 
3.3100000000025607, -0.14300749228555729 
3.3200000000025818, -0.14813722901264853 
3.330000000002603, -0.15322176018581674 
3.340000000002624, -0.1544610957099534 
3.350000000002645, -0.14780770259253198 
3.360000000002666, -0.13437940291552447 
3.3700000000026873, -0.11988154177996593 
3.3800000000027084, -0.10837240997731126 
3.3900000000027295, -0.10049574208681807 
3.4000000000027506, -0.09539912664992076 
3.4100000000027717, -0.092131270497576 
3.420000000002793, -0.09001607662618925 
3.430000000002814, -0.08863430320810319 
3.440000000002835, -0.08774040008883875 
3.450000000002856, -0.08719831740892632 
3.460000000002877, -0.08694355333873172 
3.4700000000028983, -0.08696499683779314 
3.4800000000029194, -0.08730161146963186 
3.4900000000029405, -0.08805294300829307 
3.5000000000029616, -0.0894065972832527 
3.5100000000029827, -0.09168960802862187 
3.520000000003004, -0.09544934518300381 
3.530000000003025, -0.10154117219061216 
3.540000000003046, -0.11107454601017326 
3.550000000003067, -0.12475755423375479 
3.5600000000030882, -0.14113877482995163 
3.5700000000031094, -0.15540609418251472 
3.5800000000031305, -0.16286668021669068 
3.5900000000031516, -0.16378691241215768 
3.6000000000031727, -0.16162640083474195 
3.6100000000031938, -0.15900398879106928 
3.620000000003215, -0.15688716234489103 
3.630000000003236, -0.15539313030886964 
3.640000000003257, -0.1543944025950026 
3.650000000003278, -0.15374762549136214 
3.6600000000032993, -0.15334823017226418 
3.6700000000033204, -0.15313214861604835 
3.6800000000033415, -0.15306771964592014 
3.6900000000033626, -0.15314954980445225 
3.7000000000033837, -0.15339668906391593 
3.710000000003405, -0.153855385113851 
3.720000000003426, -0.1546065711747711 
3.730000000003447, -0.15577828379501885 
3.740000000003468, -0.15756197733724323 
3.750000000003489, -0.1602260781054321 
3.7600000000035103, -0.16410377729564274 
3.7700000000035314, -0.16950126037344687 
3.7800000000035525, -0.17646049816574236 
3.7900000000035736, -0.18443933804180157 
3.8000000000035947, -0.1922816549100827 
3.810000000003616, -0.19879959892212853 
3.820000000003637, -0.20346667385293427 
3.830000000003658, -0.20646875420016353 
3.840000000003679, -0.20828229618336805 
3.8500000000037002, -0.20934150013453895 
3.8600000000037213, -0.2099411943470805 
3.8700000000037424, -0.2102577191169154 
3.8800000000037635, -0.2103911957298875 
3.8900000000037847, -0.21039787024078213 
3.9000000000038058, -0.21031058854232693 
3.910000000003827, -0.21015187524590936 
3.920000000003848, -0.20994333147318275 
3.930000000003869, -0.20971290947385893 
3.94000000000389, -0.2094995416585149 
3.9500000000039113, -0.2093535241823107 
3.9600000000039324, -0.20933178314638817 
3.9700000000039535, -0.20948893520223622 
3.9800000000039746, -0.2098656891833627 
3.9900000000039957, -0.21047531641899736 
4.000000000004016, -0.21129008042871328 
4.010000000003993, -0.21223497665465163 
4.02000000000397, -0.21319965457843887 
4.030000000003946, -0.21406989017866374 
4.040000000003923, -0.21476150206946673 
4.0500000000039, -0.2152352368399746 
4.0600000000038765, -0.21548830326476728 
4.070000000003853, -0.21553485704585912 
4.08000000000383, -0.21538813162212506 
4.090000000003807, -0.21504873645171588 
4.100000000003783, -0.21449812817474156 
4.11000000000376, -0.21369598990514707 
4.120000000003737, -0.21258339202159537 
4.130000000003713, -0.2110978398762927 
4.14000000000369, -0.20920679684349902 
4.150000000003667, -0.20695383899287528 
4.1600000000036434, -0.2044858091735478 
4.17000000000362, -0.2020222113274582 
4.180000000003597, -0.19977404142650199 
4.1900000000035735, -0.19787268235744204 
4.20000000000355, -0.19635367310880775 
4.210000000003527, -0.1951834499811746 
4.220000000003504, -0.19429491333077725 
4.23000000000348, -0.19361300678050786 
4.240000000003457, -0.1930687403408285 
4.250000000003434, -0.1926054876420809 
4.26000000000341, -0.19218040425429184 
4.270000000003387, -0.19176248884888406 
4.280000000003364, -0.19132842187464416 
4.2900000000033405, -0.19085690320286042 
4.300000000003317, -0.19032106184696546 
4.310000000003294, -0.18967639766448796 
4.320000000003271, -0.18883814746040106 
4.330000000003247, -0.18763646043759113 
4.340000000003224, -0.18573424003321415 
4.350000000003201, -0.18251553441145693 
4.360000000003177, -0.17706934394386648 
4.370000000003154, -0.16860574877411688 
4.380000000003131, -0.15742764231379472 
4.390000000003107, -0.14538139729687174 
4.400000000003084, -0.13466497472561276 
4.410000000003061, -0.12638713300371687 
4.4200000000030375, -0.12049279555337797 
4.430000000003014, -0.11643429040663944 
4.440000000002991, -0.11364838651729123 
4.450000000002968, -0.11171015182155561 
4.460000000002944, -0.1103343563443934 
4.470000000002921, -0.1093396616199944 
4.480000000002898, -0.10861570297152616 
4.490000000002874, -0.10810083274891938 
4.500000000002851, -0.10776951813695061 
4.510000000002828, -0.10762747464769432 
4.520000000002804, -0.10771347757615657 
4.530000000002781, -0.10810731290412397 
4.540000000002758, -0.10894127655689882 
4.5500000000027345, -0.11040119167654447 
4.560000000002711, -0.1126622589947212 
4.570000000002688, -0.11560065678072673 
4.580000000002665, -0.11802217235803344 
4.590000000002641, -0.11674414655439999 
4.600000000002618, -0.10803036567710136 
4.610000000002595, -0.09256178396022632 
4.620000000002571, -0.07602078501560369 
4.630000000002548, -0.06291090973189004 
4.640000000002525, -0.054000909012006826 
4.6500000000025015, -0.0482871026112111 
4.660000000002478, -0.044647583620355924 
4.670000000002455, -0.04229410621654146 
4.6800000000024315, -0.04074404236457829 
4.690000000002408, -0.03971686676781377 
4.700000000002385, -0.03905636380167677 
4.710000000002362, -0.038685176128676044 
4.720000000002338, -0.038582614261375936 
4.730000000002315, -0.03877901915325431 
4.740000000002292, -0.03936460044114593 
4.750000000002268, -0.04051467413248016 
4.760000000002245, -0.04253449329643684 
4.770000000002222, -0.04591464088283727 
4.7800000000021985, -0.051320149172582985 
4.790000000002175, -0.05921024935448173 
4.800000000002152, -0.06846100342077613 
4.810000000002129, -0.07446036775526796 
4.820000000002105, -0.07148123759874518 
4.830000000002082, -0.06029214403801704 
4.840000000002059, -0.04744537927313922 
4.850000000002035, -0.03732463389658467 
4.860000000002012, -0.03051416961888024 
4.870000000001989, -0.026162876248782198 
4.880000000001965, -0.023393344302908996 
4.890000000001942, -0.021609268898820134 
4.900000000001919, -0.02045268002564582 
4.9100000000018955, -0.01972097823188931 
4.920000000001872, -0.01930917742009774 
4.930000000001849, -0.019178722042057155 
4.940000000001826, -0.019346047657425213 
4.950000000001802, -0.019887478712477893 
4.960000000001779, -0.020962069616322264 
4.970000000001756, -0.02285870194816317 
4.980000000001732, -0.026073461961896482 
4.990000000001709, -0.03139345622886798 
5.000000000001686, -0.03981568957711884 
5.0100000000016625, -0.05172067454054853 
5.020000000001639, -0.06463216288840404 
5.030000000001616, -0.07213616955863957 
5.0400000000015925, -0.0699289011890056 
5.050000000001569, -0.06156731604366785 
5.060000000001546, -0.05282957229388733 
5.070000000001523, -0.0462266483146032 
5.080000000001499, -0.04180025489474616 
5.090000000001476, -0.038936247442841236 
5.100000000001453, -0.03708787881909744 
5.110000000001429, -0.035893497805695306 
5.120000000001406, -0.035138161657647736 
5.130000000001383, -0.03470490872448477 
5.1400000000013595, -0.03454333114242929 
5.150000000001336, -0.03465531429454987 
5.160000000001313, -0.03509538448608814 
5.17000000000129, -0.035986280957381954 
5.180000000001266, -0.0375548781190163 
5.190000000001243, -0.040197681508577485 
5.20000000000122, -0.044580092806185766 
5.210000000001196, -0.051720378297428024 
5.220000000001173, -0.0627946449033325 
5.23000000000115, -0.07797548500380946 
5.240000000001126, -0.09415871166470594 
5.250000000001103, -0.1052812242848713 
5.26000000000108, -0.1083811979457003 
5.2700000000010565, -0.10626204701623701 
5.280000000001033, -0.10275760005483521 
5.29000000000101, -0.09971552655604872 
5.300000000000987, -0.09751263731729244 
5.310000000000963, -0.09601879337413605 
5.32000000000094, -0.09503324106681875 
5.330000000000917, -0.0944012876229228 
5.340000000000893, -0.09402535383517413 
5.35000000000087, -0.09385396499170354 
5.360000000000847, -0.09387200748905954 
5.3700000000008234, -0.09409713221376335 
5.3800000000008, -0.09458322258551285 
5.390000000000777, -0.0954320727996658 
5.4000000000007535, -0.09681566267175558 
5.41000000000073, -0.09901175271471285 
5.420000000000707, -0.10244979592022196 
5.430000000000684, -0.10773670970284266 
5.44000000000066, -0.11555306259620379 
5.450000000000637, -0.1261997848362328 
5.460000000000614, -0.13876051316575436 
5.47000000000059, -0.15082023613291984 
5.480000000000567, -0.15996298868400274 
5.490000000000544, -0.16555989795115236 
5.5000000000005205, -0.16850352567674218 
5.510000000000497, -0.16992989961092825 
5.520000000000474, -0.1706017328690098 
5.5300000000004506, -0.17091767126342122 
5.540000000000427, -0.1710652983031959 
5.550000000000404, -0.17113105516046365 
5.560000000000381, -0.17115710236834553 
5.570000000000357, -0.1711680340731176 
5.580000000000334, -0.17118389654134808 
5.590000000000311, -0.17122775812912622 
5.600000000000287, -0.17133135244071224 
5.610000000000264, -0.17153987055119913 
5.620000000000241, -0.17191566697058797 
5.6300000000002175, -0.1725398358104844 
5.640000000000194, -0.17350944130211662 
5.650000000000171, -0.17492541765928854 
5.660000000000148, -0.17686251152238608 
5.670000000000124, -0.17931578485411254 
5.680000000000101, -0.18214221255697655 
5.690000000000078, -0.1850545009983753 
5.700000000000054, -0.1877149515595047 
5.710000000000031, -0.18987839988215377 
5.720000000000008, -0.1914656551040413 
5.729999999999984, -0.19252878456070616 
5.739999999999961, -0.19317340486395057 
5.749999999999938, -0.19350183952321987 
5.7599999999999145, -0.19359007739846928 
5.769999999999891, -0.1934854174080213 
5.779999999999868, -0.19321220364305983 
5.789999999999845, -0.19278018272336342 
5.799999999999821, -0.19219470487939244 
5.809999999999798, -0.19146894372763446 
5.819999999999775, -0.19063589062372857 
5.829999999999751, -0.18975407682688553 
5.839999999999728, -0.18890089773229182 
5.849999999999705, -0.1881546748557889 
5.8599999999996815, -0.18757520611641815 
5.869999999999658, -0.18719225634784367 
5.879999999999635, -0.18700337560867802 
5.8899999999996115, -0.1869772859689967 
5.899999999999588, -0.18706077304452273 
5.909999999999565, -0.18718959146382946 
5.919999999999542, -0.18730199961008812 
5.929999999999518, -0.1873496974726509 
5.939999999999495, -0.18730119481308746 
5.949999999999472, -0.18713729271120674 
5.959999999999448, -0.18684206539556278 
5.969999999999425, -0.18639250571266147 
5.979999999999402, -0.1857477065062165 
5.9899999999993785, -0.18483701306130307 
5.999999999999355, -0.1835480611523585 
6.009999999999332, -0.18172240481056784 
6.019999999999309, -0.179180035775324 
6.029999999999285, -0.17580291916001797 
6.039999999999262, -0.17167070512945867 
6.049999999999239, -0.1671397796061432 
6.059999999999215, -0.16272898314726375 
6.069999999999192, -0.15887195926369135 
6.079999999999169, -0.1557629438760683 
6.089999999999145, -0.15338336165059124 
6.099999999999122, -0.1516076422877598 
6.109999999999099, -0.15028736837713852 
6.1199999999990755, -0.1492912073121951 
6.129999999999052, -0.14851627602230694 
6.139999999999029, -0.14788726639967031 
6.149999999999006, -0.14735165593263977 
6.159999999998982, -0.14687410563806702 
6.169999999998959, -0.14643097704322636 
6.179999999998936, -0.14600484569481292 
6.189999999998912, -0.1455776105984635 
6.199999999998889, -0.1451182287764527 
6.209999999998866, -0.1445554453255964 
6.2199999999988425, -0.14371465169688205 
6.229999999998819, -0.14218509700297996 
6.239999999998796, -0.13911417271278664 
6.2499999999987725, -0.1331475934621434 
6.259999999998749, -0.12315959187836736 
6.269999999998726, -0.10987096045042521 
6.279999999998703, -0.09613816011571388 
6.289999999998679, -0.08466639617724983 
6.299999999998656, -0.07632531575085554 
6.309999999998633, -0.070661034386352 
6.319999999998609, -0.06688923718694975 
6.329999999998586, -0.06435782029731982 
6.339999999998563, -0.06262348225986056 
6.3499999999985395, -0.06140701169396105 
6.359999999998516, -0.06053874927281675 
6.369999999998493, -0.05991973636241872 
6.37999999999847, -0.059498347589657344 
6.389999999998446, -0.059258158544409155 
6.399999999998423, -0.059213794987338496 
6.4099999999984, -0.059412490821424926 
6.419999999998376, -0.05993758627886342 
6.429999999998353, -0.06090084460942894 
6.43999999999833, -0.06237803517096283 
6.449999999998306, -0.0641600151497027 
6.459999999998283, -0.06510996863789088 
6.46999999999826, -0.06238649145616586 
6.4799999999982365, -0.05266350131581373 
6.489999999998213, -0.036674007663693484 
6.49999999999819, -0.01995997807371579 
6.509999999998167, -0.006906359073037949 
6.519999999998143, 0.0017384423169078361 
6.52999999999812, 0.006856457477832967 
6.539999999998097, 0.009934927757303851 
6.549999999998073, 0.011769116733373787 
6.55999999999805, 0.01283845688369534 
6.569999999998027, 0.013419851611751576 
6.5799999999980034, 0.013668813236123753 
6.58999999999798, 0.013666350794291019 
6.599999999997957, 0.01344299939930079 
6.6099999999979335, 0.0129884089289026 
6.61999999999791, 0.012251433157258278 
6.629999999997887, 0.011135760081199124 
6.639999999997864, 0.009505994007847128 
6.64999999999784, 0.007257802533843037 
6.659999999997817, 0.004609683901647911 
6.669999999997794, 0.002878335614628912 
6.67999999999777, 0.005348570212315965 
6.689999999997747, 0.015448098880782088 
6.699999999997724, 0.031427121677138806 
6.7099999999977005, 0.04701392119426205 
6.719999999997677, 0.058385537230092176 
6.729999999997654, 0.06556791430190852 
6.7399999999976306, 0.06986103280734862 
6.749999999997607, 0.07238725435748523 
6.759999999997584, 0.07386024694544883 
6.769999999997561, 0.07469512023885695 
6.779999999997537, 0.0751277424949568 
6.789999999997514, 0.07529049090547199 
6.799999999997491, 0.07525452878232677 
6.809999999997467, 0.07505270460966111 
6.819999999997444, 0.07469316576736165 
6.829999999997421, 0.07417305513123768 
6.8399999999973975, 0.07350892507939798 
6.849999999997374, 0.07282361244215846 
6.859999999997351, 0.07256992303974737 
6.869999999997328, 0.07393584615665345 
6.879999999997304, 0.07896287652713309 
6.889999999997281, 0.08896754302376911 
6.899999999997258, 0.10192306775829774 
6.909999999997234, 0.11375828213157166 
6.919999999997211, 0.1222854422038449 
6.929999999997188, 0.12768977153853206 
6.939999999997164, 0.13092729602365705 
6.949999999997141, 0.13282075073642646 
6.959999999997118, 0.13390632240626782 
6.9699999999970945, 0.13450674202977747 
6.979999999997071, 0.13481501543284496 
6.989999999997048, 0.1349500391469511 
6.999999999997025, 0.1349901214422928 
7.009999999997001, 0.13499482428136228 
7.019999999996978, 0.1350232974283553 
7.029999999996955, 0.135156036012648 
7.039999999996931, 0.1355266920459113 
7.049999999996908, 0.1363655185515256 
7.059999999996885, 0.13802937137112686 
7.0699999999968615, 0.14092660343761346 
7.079999999996838, 0.14521593766315488 
7.089999999996815, 0.15042899070684848 
7.0999999999967915, 0.15557481966413894 
7.109999999996768, 0.1597999205140162 
7.119999999996745, 0.16281394177595981 
7.129999999996722, 0.16475314496438836 
7.139999999996698, 0.1658895022360052 
7.149999999996675, 0.16647100126300923 
7.159999999996652, 0.16668381215518835 
7.169999999996628, 0.16666227156464422 
7.179999999996605, 0.16650571742376433 
7.189999999996582, 0.16629011227265184 
7.1999999999965585, 0.16607476276881142 
7.209999999996535, 0.16590741150941193 
7.219999999996512, 0.1658297908316098 
7.229999999996489, 0.16588346154762318 
7.239999999996465, 0.1661137360501754 
7.249999999996442, 0.1665676184965204 
7.259999999996419, 0.16728053589119582 
7.269999999996395, 0.16825004168895247 
7.279999999996372, 0.1694077306932007 
7.289999999996349, 0.17061599084491544 
7.299999999996325, 0.17170692964468798 
7.309999999996302, 0.17254055219502637 
7.319999999996279, 0.17303793449899502 
7.3299999999962555, 0.17317475460019138 
7.339999999996232, 0.17295721158490293 
7.349999999996209, 0.17240612451090284 
7.359999999996186, 0.17155854772524698 
7.369999999996162, 0.17048017815224578 
7.379999999996139, 0.16927172533517396 
7.389999999996116, 0.16805414552151748 
7.399999999996092, 0.16693623822892825 
7.409999999996069, 0.16598704178659002 
7.419999999996046, 0.16523048918574137 
7.4299999999960225, 0.16465852932405517 
7.439999999995999, 0.16424801314510135 
7.449999999995976, 0.16397142067080678 
7.4599999999959525, 0.1637996703198779 
7.469999999995929, 0.1636994569927616 
7.479999999995906, 0.16362853149000303 
7.489999999995883, 0.16353196169069226 
7.499999999995859, 0.16334082292336372 
7.509999999995836, 0.16297187822673415 
7.519999999995813, 0.16232456465165485 
7.529999999995789, 0.16127327003008368 
7.539999999995766, 0.15966074904162803 
7.549999999995743, 0.15731354472138306 
7.5599999999957195, 0.15411655606031838 
7.569999999995696, 0.15016378002698383 
7.579999999995673, 0.14588277854853007 
7.58999999999565, 0.14191347367684046 
7.599999999995626, 0.13874531301883106 
7.609999999995603, 0.13648906285475088 
7.61999999999558, 0.1349756351204899 
7.629999999995556, 0.1339631669308015 
7.639999999995533, 0.13325299839200586 
7.64999999999551, 0.13271058281536913 
7.659999999995486, 0.13224829666903273 
7.669999999995463, 0.1318033189747773 
7.67999999999544, 0.13131945160804895 
7.6899999999954165, 0.13073202083921415 
7.699999999995393, 0.12995235031446256 
7.70999999999537, 0.12884705848109534 
7.719999999995347, 0.12720602470512318 
7.729999999995323, 0.12469400189889365 
7.7399999999953, 0.12079745544442384 
7.749999999995277, 0.11484698551735642 
7.759999999995253, 0.10635137327599602 
7.76999999999523, 0.09586842232406939 
7.779999999995207, 0.0856217369039341 
7.789999999995183, 0.07809854025714554 
7.79999999999516, 0.07389866842536921 
7.809999999995137, 0.0719926208411447 
7.8199999999951135, 0.07121221357658743 
7.82999999999509, 0.07086241225993689 
7.839999999995067, 0.07062853489184202 
7.849999999995044, 0.07038471569219096 
7.85999999999502, 0.07007908550789314 
7.869999999994997, 0.06968043765800011 
7.879999999994974, 0.0691533091828557 
7.88999999999495, 0.06844204802072953 
7.899999999994927, 0.06745338356036072 
7.909999999994904, 0.06602949398611438 
7.9199999999948805, 0.06390217131712508 
7.929999999994857, 0.06061796970924108 
7.939999999994834, 0.05544177211275425 
7.9499999999948106, 0.047343725683591555 
7.959999999994787, 0.03545921456466285 
7.969999999994764, 0.020571302700714715 
7.979999999994741, 0.00642197173480462 
7.989999999994717, -0.0026710690956636045 
7.999999999994694, -0.00615713394615546 
8.00999999999467, -0.006574885701721977 
8.019999999994647, -0.005911492643980434 
8.029999999994624, -0.005089769317983511 
8.0399999999946, -0.004399482886444655 
8.049999999994577, -0.003891040777796293 
8.059999999994554, -0.003551133173055926 
8.06999999999453, -0.003363031677461137 
8.079999999994508, -0.003325107531784595 
8.089999999994484, -0.003458261707795409 
8.099999999994461, -0.0038137809647136 
8.109999999994438, -0.004487198965547364 
8.119999999994414, -0.00564334042468542 
8.129999999994391, -0.007559227251804497 
8.139999999994368, -0.010689883477230327 
8.149999999994344, -0.01573957481621431 
8.159999999994321, -0.023626383702572525 
8.169999999994298, -0.035008440236644546 
8.179999999994275, -0.04904501890689394 
8.189999999994251, -0.06252441021945648 
8.199999999994228, -0.07194895369231157 
8.209999999994205, -0.07665971451193371 
8.219999999994181, -0.07829841518413388 
8.229999999994158, -0.07855423368627028 
8.239999999994135, -0.07835198743442492 
8.249999999994111, -0.0780650887360256 
8.259999999994088, -0.07781580852865903 
8.269999999994065, -0.07763603607912647 
8.279999999994041, -0.07753292328189369 
8.289999999994018, -0.07751324405501955 
8.299999999993995, -0.0775932830881208 
8.309999999993972, -0.07780520644762734 
8.319999999993948, -0.07820441925546108 
8.329999999993925, -0.07888027188167238 
8.339999999993902, -0.07997182404027538 
8.349999999993878, -0.08168902271932534 
8.359999999993855, -0.08433325299699639 
8.369999999993832, -0.08829043284925855 
8.379999999993808, -0.09392631727533582 
8.389999999993785, -0.10128934228839319 
8.399999999993762, -0.10970198623531531 
8.409999999993738, -0.11776358907228332 
8.419999999993715, -0.12415794050036869 
8.429999999993692, -0.12846343792710294 
8.439999999993669, -0.13105110063790387 
8.449999999993645, -0.13251121560954665 
8.459999999993622, -0.13330989060176254 
8.469999999993599, -0.13373496936071438 
8.479999999993575, -0.13394720049199355 
8.489999999993552, -0.1340344136140581 
8.499999999993529, -0.13404680430520605 
8.509999999993505, -0.13401742332782515 
8.519999999993482, -0.1339745269260956 
8.529999999993459, -0.1339499715927869 
8.539999999993436, -0.1339854041146323 
8.549999999993412, -0.1341364348212071 
8.559999999993389, -0.1344743184111448 
8.569999999993366, -0.13508431324935122 
8.579999999993342, -0.13605837191387002 
8.589999999993319, -0.13747638561204645 
8.599999999993296, -0.13936885639634963 
8.609999999993272, -0.1416656926591814 
8.619999999993249, -0.1441664465167955 
8.629999999993226, -0.14658372170561135 
8.639999999993202, -0.14865700930323494 
8.64999999999318, -0.15024996350127431 
8.659999999993156, -0.151359050440599 
8.669999999993133, -0.1520570429588028 
8.67999999999311, -0.15243383423914225 
8.689999999993086, -0.15256422735056613 
8.699999999993063, -0.15249893036182557 
8.70999999999304, -0.15226714694564364 
8.719999999993016, -0.15188369582134506 
8.729999999992993, -0.15135845426853112 
8.73999999999297, -0.15070758220687724 
8.749999999992946, -0.14996439396040667 
8.759999999992923, -0.14918475026223868 
8.7699999999929, -0.14844178336769956 
8.779999999992876, -0.14781072998719597 
8.789999999992853, -0.14735187358497037 
8.79999999999283, -0.1470994808569628 
8.809999999992806, -0.14705776383940636 
8.819999999992783, -0.1472006254167714 
8.82999999999276, -0.14747447245796436 
8.839999999992736, -0.14780710762802085 
8.849999999992713, -0.14812348805925835 
8.85999999999269, -0.14836217965850992 
8.869999999992666, -0.1484837378266624 
8.879999999992643, -0.14846797642263762 
8.88999999999262, -0.14830413724364627 
8.899999999992596, -0.1479795336570101 
8.909999999992573, -0.14746963531236712 
8.91999999999255, -0.14673035796098793 
8.929999999992527, -0.14569406146345426 
8.939999999992503, -0.14427483773876984 
8.94999999999248, -0.14239381607702023 
8.959999999992457, -0.14003185807857524 
8.969999999992433, -0.13729022686148398 
8.97999999999241, -0.13440202080893265 
8.989999999992387, -0.13165422674811628 
8.999999999992363, -0.1292707573744655 
9.00999999999234, -0.1273498938961713 
9.019999999992317, -0.1258804280289859 
9.029999999992294, -0.12479118505224267 
9.03999999999227, -0.12399198420248085 
9.049999999992247, -0.12339572572452868 
9.059999999992224, -0.12292760085020862 
9.0699999999922, -0.12252789315769455 
9.079999999992177, -0.12215119850661885 
9.089999999992154, -0.12176289340776245 
9.09999999999213, -0.12133330359091543 
9.109999999992107, -0.12082963835673562 
9.119999999992084, -0.1202045244241163 
9.12999999999206, -0.11937797922542837 
9.139999999992037, -0.11820784540433801 
9.149999999992014, -0.11644626739899078 
9.15999999999199, -0.11370063302043813 
9.169999999991967, -0.10947868530680786 
9.179999999991944, -0.10345999176353193 
9.18999999999192, -0.09596015909824465 
9.199999999991897, -0.08805745164098525 
9.209999999991874, -0.0809749650414206 
9.21999999999185, -0.07537201883800501 
9.229999999991827, -0.07126839271633229 
9.239999999991804, -0.06836885990410316 
9.24999999999178, -0.0663338357274387 
9.259999999991757, -0.06488741568605308 
9.269999999991734, -0.06383220795946246 
9.27999999999171, -0.06303433108469274 
9.289999999991688, -0.062405269628673585 
9.299999999991664, -0.06188739106772605 
9.309999999991641, -0.06144320747787785 
9.319999999991618, -0.0610467679315451 
9.329999999991594, -0.06067461979407951 
9.339999999991571, -0.06029146918965648 
9.349999999991548, -0.05981995974067843 
9.359999999991524, -0.05907282989237037 
9.369999999991501, -0.057616015596956636 
9.379999999991478, -0.05457850995974624 
9.389999999991455, -0.04868105873632207 
9.399999999991431, -0.0391142886934847 
9.409999999991408, -0.027009942278870276 
9.419999999991385, -0.015157785363544502 
9.429999999991361, -0.005689827995192919 
9.439999999991338, 0.000913420021323689 
9.449999999991315, 0.004933373359314431 
9.459999999991291, 0.007440402667963021 
9.469999999991268, 0.008977574933771526 
9.479999999991245, 0.009902238589058811 
9.489999999991221, 0.010437684606271005 
9.499999999991198, 0.01072139320169525 
9.509999999991175, 0.01083763403509241 
9.519999999991152, 0.010837960433940452 
9.529999999991128, 0.010754860496656036 
9.539999999991105, 0.010613604866989161 
9.549999999991082, 0.01044911065489997 
9.559999999991058, 0.010341041538193266 
9.569999999991035, 0.010493584676817292 
9.579999999991012, 0.011395470820293116 
9.589999999990988, 0.0140230190290721 
9.599999999990965, 0.019711754727231134 
9.609999999990942, 0.029012256279330795 
9.619999999990918, 0.04028178230576271 
9.629999999990895, 0.0506441351279471 
9.639999999990872, 0.058411591220065694 
9.649999999990849, 0.06356679411491109 
9.659999999990825, 0.06678634858954903 
9.669999999990802, 0.0687386466393691 
9.679999999990779, 0.06989716971506595 
9.689999999990755, 0.07056364617976063 
9.699999999990732, 0.07092542387311572 
9.709999999990709, 0.07109992913261211 
9.719999999990685, 0.07116345959614255 
9.729999999990662, 0.07117026158885462 
9.739999999990639, 0.07116787112953418 
9.749999999990616, 0.07121452056537163 
9.759999999990592, 0.07140600378958625 
9.769999999990569, 0.07192147424804902 
9.779999999990546, 0.07309046974224198 
9.789999999990522, 0.07543549306029419 
9.799999999990499, 0.07952550199209607 
9.809999999990476, 0.08546278663338455 
9.819999999990452, 0.09238348875273054 
9.829999999990429, 0.09886353897493991 
9.839999999990406, 0.10393388672864656 
9.849999999990382, 0.10743714250308778 
9.85999999999036, 0.10967091840517695 
9.869999999990336, 0.11101149608838427 
9.879999999990313, 0.11176197422008931 
9.88999999999029, 0.11213536872310306 
9.899999999990266, 0.11227687402231416 
9.909999999990243, 0.11228701064883932 
9.91999999999022, 0.11223812150693568 
9.929999999990196, 0.11218614724172679 
9.939999999990173, 0.11218075761481305 
9.94999999999015, 0.11227593621545065 
9.959999999990126, 0.11254183126831088 
9.969999999990103, 0.1130762474359492 
9.97999999999008, 0.11400790474581195 
9.989999999990056, 0.11547245465893016 
9.999999999990033, 0.11753878061220475 
10.00999999999001, 0.12010310352271383 
10.019999999989986, 0.12285200552402993 
10.029999999989963, 0.12538604128447828 
10.03999999998994, 0.1274137597472486 
10.049999999989916, 0.12883661651743158 
10.059999999989893, 0.12969872986760173 
10.06999999998987, 0.13010178554375135 
10.079999999989846, 0.13015299309013242 
10.089999999989823, 0.12994926922074873 
10.0999999999898, 0.12957806213381867 
10.109999999989776, 0.12911935983427253 
10.119999999989753, 0.1286434695793245 
10.12999999998973, 0.12820694929105886 
10.139999999989707, 0.1278512634683956 
10.149999999989683, 0.12760589630061286 
10.15999999998966, 0.12749393666116354 
10.169999999989637, 0.12753655994911475 
10.179999999989613, 0.12775301322265306 
10.18999999998959, 0.12815362561599172 
10.199999999989567, 0.12872596389576133 
10.209999999989543, 0.12942024802784843 
10.21999999998952, 0.1301464548173192 
10.229999999989497, 0.13079191717686395 
10.239999999989474, 0.13125122418292506 
10.24999999998945, 0.1314478605801076 
10.259999999989427, 0.1313365012649074 
10.269999999989404, 0.13089401550801705 
10.27999999998938, 0.13011487800871196 
10.289999999989357, 0.1290201039054132 
10.299999999989334, 0.12767492634409972 
10.30999999998931, 0.12619606954562987 
10.319999999989287, 0.12472934189182949 
10.329999999989264, 0.12340377728736218 
10.33999999998924, 0.12229501334931996 
10.349999999989217, 0.12142110140158509 
10.359999999989194, 0.12076255585074955 
10.36999999998917, 0.12028533170408395 
10.379999999989147, 0.11995451092220513 
10.389999999989124, 0.1197378527578475 
10.3999999999891, 0.1196028505369466 
10.409999999989077, 0.11951113250069867 
10.419999999989054, 0.11941335714075456 
10.42999999998903, 0.11924666229986203 
10.439999999989007, 0.11893449642303226 
10.449999999988984, 0.11838612549371474 
10.45999999998896, 0.11749325180359478 
10.469999999988937, 0.11612665164514184 
10.479999999988914, 0.11414675201287508 
10.48999999998889, 0.11145357989470657 
10.499999999988868, 0.10809093267166958 
10.509999999988844, 0.1043479319101451 
10.519999999988821, 0.10071264765655422 
10.529999999988798, 0.09763198273331475 
10.539999999988774, 0.09529516797018033 
10.549999999988751, 0.09363932406580931 
10.559999999988728, 0.09249118215873643 
10.569999999988704, 0.09168032671540585 
10.579999999988681, 0.09107929959190576 
10.589999999988658, 0.09060122865233623 
10.599999999988635, 0.09018502047211045 
10.609999999988611, 0.08978059371756529 
10.619999999988588, 0.08933658972901284 
10.629999999988565, 0.08878961814432568 
10.639999999988541, 0.08805307435537796 
10.649999999988518, 0.08700284787359894 
10.659999999988495, 0.08545736189600321 
10.669999999988471, 0.08315431627741407 
10.679999999988448, 0.07974593166566632 
10.689999999988425, 0.07488027794729318 
10.699999999988401, 0.06847477696550171 
10.709999999988378, 0.061127368873690066 
10.719999999988355, 0.05413395931900946 
10.729999999988332, 0.048683772799230744 
10.739999999988308, 0.045082807505501636 
10.749999999988285, 0.04291861375153004 
10.759999999988262, 0.041633057269163866 
10.769999999988238, 0.04081806055522784 
10.779999999988215, 0.040236015531620546 
10.789999999988192, 0.03975884905065671 
10.799999999988168, 0.039314640564606 
10.809999999988145, 0.038854682507822466 
10.819999999988122, 0.03833383441673302 
10.829999999988098, 0.037696626753523164 
10.839999999988075, 0.0368638699305185 
10.849999999988052, 0.03571565120071672 
10.859999999988029, 0.03406683304367096 
10.869999999988005, 0.03163343847525396 
10.879999999987982, 0.02800175430659322 
10.889999999987959, 0.022657178622695128 
10.899999999987935, 0.015216440495463229 
10.909999999987912, 0.00598705358204263 
10.919999999987889, -0.003399749409914392 
10.929999999987865, -0.010888652488081952 
10.939999999987842, -0.015785283470582827 
10.949999999987819, -0.018451645946714397 
10.959999999987796, -0.019726988159027296 
10.969999999987772, -0.02027802365195417 
10.979999999987749, -0.020487273399915726 
10.989999999987726, -0.020546562716716652 
10.999999999987702, -0.020549921352812476 
11.009999999987679, -0.020548271158155072 
11.019999999987656, -0.020577781903818766 
11.029999999987632, -0.020675507383796664 
11.039999999987609, -0.02089039710733844 
11.049999999987586, -0.0212941144981215 
11.059999999987562, -0.021994527226450112 
11.06999999998754, -0.02315396305358059 
11.079999999987516, -0.025011593419666533 
11.089999999987493, -0.027897940789178937 
11.09999999998747, -0.032197876390508466 
11.109999999987446, -0.03817032654343009 
11.119999999987423, -0.045570721744826695 
11.1299999999874, -0.053359012928902674 
11.139999999987376, -0.06010590840976443 
11.149999999987353, -0.0649452957362355 
11.15999999998733, -0.06793831806184017 
11.169999999987306, -0.06962067577280293 
11.179999999987283, -0.07051606737091906 
11.18999999998726, -0.07097428468090465 
11.199999999987236, -0.07119536582229924 
11.209999999987213, -0.07128836279220672 
11.21999999998719, -0.07131491005604448 
11.229999999987166, -0.07131518356999626 
11.239999999987143, -0.07132318924279862 
11.24999999998712, -0.07137685302700636 
11.259999999987096, -0.07152586431013166 
11.269999999987073, -0.07183858170631197 
11.27999999998705, -0.07240844902510087 
11.289999999987026, -0.07335924835096834 
11.299999999987003, -0.07484482506362623 
11.30999999998698, -0.07703010003248419 
11.319999999986956, -0.08002967124661638 
11.329999999986933, -0.08379180253470181 
11.33999999998691, -0.08798884180817906 
11.349999999986887, -0.09206575359084096 
11.359999999986863, -0.09550019444126871 
11.36999999998684, -0.09805059976421157 
11.379999999986817, -0.09976698467758395 
11.389999999986793, -0.10083871051401945 
11.39999999998677, -0.1014612310905558 
11.409999999986747, -0.10178257137827104 
11.419999999986723, -0.10190045436826267 
11.4299999999867, -0.10187596271897745 
11.439999999986677, -0.10174829500975587 
11.449999999986654, -0.10154698877901688 
11.45999999998663, -0.10130174525429939 
11.469999999986607, -0.10104991667025127 
11.479999999986584, -0.10084071543252364 
11.48999999998656, -0.10073511618733529 
11.499999999986537, -0.10080173328589984 
11.509999999986514, -0.10110993341239796 
11.51999999998649, -0.10171981613666503 
11.529999999986467, -0.1026656680193273 
11.539999999986444, -0.10393112990234239 
11.54999999998642, -0.10542628645005019 
11.559999999986397, -0.10699155975640788 
11.569999999986374, -0.10844439806439492 
11.57999999998635, -0.10964445496548261 
11.589999999986327, -0.11052958633092624 
11.599999999986304, -0.11110537001594481 
11.60999999998628, -0.11141141255533768 
11.619999999986257, -0.11149199923848223 
11.629999999986234, -0.11138078882929088 
11.63999999998621, -0.111096897316975 
11.649999999986187, -0.11064788851441006 
11.659999999986164, -0.11003748196445211 
11.66999999998614, -0.10927710717870945 
11.679999999986117, -0.10839866640666793 
11.689999999986094, -0.10746195598364974 
11.69999999998607, -0.10654933966294064 
11.709999999986048, -0.1057475442835621 
11.719999999986024, -0.10512672663385299 
11.729999999986001, -0.10472787865938742 
11.739999999985978, -0.10456024817683404 
11.749999999985954, -0.10460319692291127 
11.759999999985931, -0.10480897121296884 
11.769999999985908, -0.10510879056028799 
11.779999999985884, -0.10542555641730862 
11.789999999985861, -0.10569030848141561 
11.799999999985838, -0.10585398528029062 
11.809999999985815, -0.10588867414641598 
11.819999999985791, -0.10577999302194278 
11.829999999985768, -0.10551618284974976 
11.839999999985745, -0.10507818328343374 
11.849999999985721, -0.10443252076097172 
11.859999999985698, -0.10352864075532213 
11.869999999985675, -0.10230490439727553 
11.879999999985651, -0.10071036003186622 
11.889999999985628, -0.09874513008730414 
11.899999999985605, -0.09650213399892252 
11.909999999985581, -0.09416950282790576 
11.919999999985558, -0.09197015343560642 
11.929999999985535, -0.09007710616575391 
11.939999999985512, -0.08856863270340229 
11.949999999985488, -0.0874390777101263 
11.959999999985465, -0.08663383583305076 
11.969999999985442, -0.08607888576919484 
11.979999999985418, -0.08569753435349305 
11.989999999985395, -0.08541897847423956 
11.999999999985372, -0.08518311873536617 
12.009999999985348, -0.08494245986783207 
12.019999999985325, -0.08466040814062334 
12.029999999985302, -0.08430598625948157 
12.039999999985278, -0.08384572090486582 
12.049999999985255, -0.08323305384056533 
12.059999999985232, -0.08239482271562236 
12.069999999985209, -0.08121519051684879 
12.079999999985185, -0.07952352816929416 
12.089999999985162, -0.07710866995854002 
12.099999999985139, -0.07380034133165685 
12.109999999985115, -0.06963091346210915 
12.119999999985092, -0.06496308264752512 
12.129999999985069, -0.06038646970861444 
12.139999999985045, -0.056413482376506674 
12.149999999985022, -0.053271676243450194 
12.159999999984999, -0.05093267749641391 
12.169999999984976, -0.049246026127270096 
12.179999999984952, -0.04804115760496212 
12.189999999984929, -0.04717091859005154 
12.199999999984906, -0.046520622502975326 
12.209999999984882, -0.04600462239998396 
12.219999999984859, -0.04556005374245285 
12.229999999984836, -0.045140081621896484 
12.239999999984812, -0.04470650533227356 
12.249999999984789, -0.04422089223221137 
12.259999999984766, -0.04363258499906535 
12.269999999984742, -0.04286046467437711 
12.27999999998472, -0.041764303794777545 
12.289999999984696, -0.04010580560185715 
12.299999999984673, -0.03752294313087705 
12.30999999998465, -0.03359924827009601 
12.319999999984626, -0.0281417675313074 
12.329999999984603, -0.021564236918824656 
12.33999999998458, -0.014872040048907614 
12.349999999984556, -0.009053230706578671 
12.359999999984533, -0.004553553035578724 
12.36999999998451, -0.0013114108470931416 
12.379999999984486, 0.0007490507461372223 
12.389999999984463, 0.0018824268614192636 
12.39999999998444, 0.002551066979838488 
12.409999999984416, 0.002918164687221702 
12.419999999984393, 0.0030971957790221142 
12.42999999998437, 0.003167034637027346 
12.439999999984346, 0.0031841197933894045 
12.449999999984323, 0.0031927923016879245 
12.4599999999843, 0.003235830510706874 
12.469999999984276, 0.0033678479560538656 
12.479999999984253, 0.0036755356848309183 
12.48999999998423, 0.004309574970343852 
12.499999999984206, 0.005527345232976199 
12.509999999984183, 0.0077163860350380935 
12.51999999998416, 0.01130134870758039 
12.529999999984136, 0.016419488087769826 
12.539999999984113, 0.022537891640428277 
12.54999999998409, 0.028579226983370808 
12.559999999984067, 0.03361168236412307 
12.569999999984043, 0.03730104667955088 
12.57999999998402, 0.039781646330630034 
12.589999999983997, 0.041350603943034664 
12.599999999983973, 0.04228850831769718 
12.60999999998395, 0.042808978184188023 
12.619999999983927, 0.04306345826118553 
12.629999999983903, 0.04315788118290419 
12.63999999998388, 0.043167385258420087 
12.649999999983857, 0.04314777176837517 
12.659999999983834, 0.04314555913121616 
12.66999999998381, 0.04320871422770841 
12.679999999983787, 0.043400141916853166 
12.689999999983764, 0.043815924873803966 
12.69999999998374, 0.044607656940524945 
12.709999999983717, 0.04599661809280311 
12.719999999983694, 0.04824033347228474 
12.72999999998367, 0.051492359976096004 
12.739999999983647, 0.05558009766751183 
12.749999999983624, 0.059934458227658124 
12.7599999999836, 0.0638700545370292 
12.769999999983577, 0.06696036967706151 
12.779999999983554, 0.06913380608176266 
12.78999999998353, 0.07052953151503973 
12.799999999983507, 0.07134174357706466 
12.809999999983484, 0.07174445313377582 
12.81999999998346, 0.07187454615487485 
12.829999999983437, 0.07183653829630952 
12.839999999983414, 0.07171036594650855 
12.84999999998339, 0.07155755404013366 
12.859999999983367, 0.07142675682870535 
12.869999999983344, 0.07136029257548035 
12.87999999998332, 0.07140223829311697 
12.889999999983297, 0.07160759390781554 
12.899999999983274, 0.07205053858089251 
12.90999999998325, 0.07282610715862023 
12.919999999983228, 0.07403316201302212 
12.929999999983204, 0.07572466526357799 
12.939999999983181, 0.07783422211437155 
12.949999999983158, 0.08013934693185222 
12.959999999983134, 0.08232965026005405 
12.969999999983111, 0.0841450353304187 
12.979999999983088, 0.08546324571659991 
12.989999999983064, 0.086286969645926 
12.999999999983041, 0.0866845845193082 
13.009999999983018, 0.08674354137789814 
13.019999999982995, 0.08655090366554347 
13.029999999982971, 0.0861897858029807 
13.039999999982948, 0.0857385466851957 
13.049999999982925, 0.08526708156036732 
13.059999999982901, 0.08483200417351686 
13.069999999982878, 0.08447500720682144 
13.079999999982855, 0.08422611599368673 
13.089999999982831, 0.08410995165241711 
13.099999999982808, 0.08415157590530772 
13.109999999982785, 0.08437851941032826 
13.119999999982761, 0.08481573718919826 
13.129999999982738, 0.08547123746816318 
13.139999999982715, 0.08631526850839513 
13.149999999982692, 0.08726598143343253 
13.159999999982668, 0.0881990593591248 
13.169999999982645, 0.08898318351137989 
13.179999999982622, 0.08951798349213491 
13.189999999982598, 0.08974946232832977 
13.199999999982575, 0.08966231886641993 
13.209999999982552, 0.08926669275686863 
13.219999999982528, 0.08859348447658708 
13.229999999982505, 0.08769889080585892 
13.239999999982482, 0.0866675653241012 
13.249999999982458, 0.08560239944835732 
13.259999999982435, 0.08460076728150687 
13.269999999982412, 0.08373179384454577 
13.279999999982389, 0.08302897546051209 
13.289999999982365, 0.08249831667622351 
13.299999999982342, 0.08213194759067458 
13.309999999982319, 0.08191836189861854 
13.319999999982295, 0.0818459912719596 
13.329999999982272, 0.08190051034386323 
13.339999999982249, 0.0820579457624831 
13.349999999982225, 0.08227727263006486 
13.359999999982202, 0.08249754631984141 
13.369999999982179, 0.08264296610037097 
13.379999999982156, 0.0826335354943611 
13.389999999982132, 0.08239425330098676 
13.399999999982109, 0.08185841048392277 
13.409999999982086, 0.08096904289243624 
13.419999999982062, 0.07968899928811614 
13.429999999982039, 0.07802728256127997 
13.439999999982016, 0.07607243162794552 
13.449999999981992, 0.07399962637617163 
13.459999999981969, 0.07202157469754183 
13.469999999981946, 0.07030651008868899 
13.479999999981922, 0.06892807313381408 
13.4899999999819, 0.06787580132765261 
13.499999999981876, 0.06709658148518179 
13.509999999981853, 0.06652970478727434 
13.51999999998183, 0.0661231141072675 
13.529999999981806, 0.06583546548954837 
13.539999999981783, 0.06563121465189578 
13.54999999998176, 0.06547344625440198 
13.559999999981736, 0.06531721877936206 
13.569999999981713, 0.06510521688715362 
13.57999999998169, 0.06476615247912182 
13.589999999981666, 0.0642143955981261 
13.599999999981643, 0.06334882083643603 
13.60999999998162, 0.062052653542456336 
13.619999999981596, 0.06020482293445802 
13.629999999981573, 0.05772203197725646 
13.63999999998155, 0.05464151730745361 
13.649999999981526, 0.051200824188184724 
13.659999999981503, 0.047806643774856966 
13.66999999998148, 0.04485221644122288 
13.679999999981456, 0.042535179471294676 
13.689999999981433, 0.040838066378418525 
13.69999999998141, 0.03963097209769599 
13.709999999981386, 0.038769780144981454 
13.719999999981363, 0.03813972098462068 
13.72999999998134, 0.037660205696534665 
13.739999999981316, 0.037275051789699164 
13.749999999981293, 0.036940433466736235 
13.75999999998127, 0.0366142890293968 
13.769999999981247, 0.036247715167551445 
13.779999999981223, 0.035778094046804224 
13.7899999999812, 0.03512319838184491 
13.799999999981177, 0.03417504506226492 
13.809999999981153, 0.032793644189755805 
13.81999999998113, 0.03080733316078939 
13.829999999981107, 0.028040247818533946 
13.839999999981083, 0.02439955873042912 
13.84999999998106, 0.02002432122960995 
13.859999999981037, 0.015379450594269478 
13.869999999981014, 0.011103470935180684 
13.87999999998099, 0.007661932644429695 
13.889999999980967, 0.00515590112426199 
13.899999999980944, 0.0034247039315454 
13.90999999998092, 0.0022371471184096754 
13.919999999980897, 0.0014000015555242161 
13.929999999980874, 0.0007809074211702776 
13.93999999998085, 0.00029528263289900524 
13.949999999980827, -7.055372895766438e-7 
13.959999999980804, -6.128634309471212e-7 
13.96999999998078, -5.429511178999271e-7 
13.979999999980757, -0.00000908181479637729 
13.989999999980734, -0.0001237116388698195 
13.99999999998071, -0.0004405752597358875 
14.009999999980687, -0.0010717341953530733 
14.019999999980664, -0.0021619377479585723 
14.02999999998064, -0.003884230538603456 
14.039999999980617, -0.0064040848380877684 
14.049999999980594, -0.009782595953821215 
14.05999999998057, -0.013831622824111784 
14.069999999980547, -0.01805291863272453 
14.079999999980524, -0.021826556562554326 
14.0899999999805, -0.024742386362908965 
14.099999999980477, -0.026742184125150687 
14.109999999980454, -0.027997134986630555 
14.11999999998043, -0.028730149550674898 
14.129999999980408, -0.029122935376137422 
14.139999999980384, -0.0292990784569035 
14.149999999980361, -0.029337356428531976 
14.159999999980338, -0.029289439737977187 
14.169999999980314, -0.029194448446585197 
14.179999999980291, -0.029089964300850764 
14.189999999980268, -0.029020345111451695 
14.199999999980244, -0.029042787334259457 
14.209999999980221, -0.029231418365514256 
14.219999999980198, -0.02967989433176322 
14.229999999980175, -0.030501895697657128 
14.239999999980151, -0.03182414157881032 
14.249999999980128, -0.033758275515534855 
14.259999999980105, -0.036335910431564214 
14.269999999980081, -0.03941964287924569 
14.279999999980058, -0.04266892604650979 
14.289999999980035, -0.045652585375197965 
14.299999999980011, -0.04805353518273448 
14.309999999979988, -0.04977954608492028 
14.319999999979965, -0.05091168795845188 
14.329999999979941, -0.05159365634823134 
14.339999999979918, -0.05195813784581652 
14.349999999979895, -0.05210286997878653 
14.359999999979872, -0.05209322106112822 
14.369999999979848, -0.05197283360185565 
14.379999999979825, -0.05177478980608463 
14.389999999979802, -0.051531389471985975 
14.399999999979778, -0.05128190053977997 
14.409999999979755, -0.05107730227315059 
14.419999999979732, -0.05098119913657164 
14.429999999979708, -0.05106738135072636 
14.439999999979685, -0.05141529312013672 
14.449999999979662, -0.05210248021491776 
14.459999999979638, -0.05318850165078052 
14.469999999979615, -0.05468401809147172 
14.479999999979592, -0.0565115959804765 
14.489999999979569, -0.05849047839730841 
14.499999999979545, -0.060382605509507525 
14.509999999979522, -0.06198532035412182 
14.519999999979499, -0.0631991747459127 
14.529999999979475, -0.06402590101330416 
14.539999999979452, -0.0645225481158079 
14.549999999979429, -0.06475757928390001 
14.559999999979405, -0.06478796162436012 
14.569999999979382, -0.06465359694959659 
14.579999999979359, -0.064380847313559 
14.589999999979335, -0.06399008441570028 
14.599999999979312, -0.0635049034085459 
14.609999999979289, -0.06296078411364843 
14.619999999979266, -0.06240975370473667 
14.629999999979242, -0.06191791093936054 
14.639999999979219, -0.061556359267578395 
14.649999999979196, -0.061390283837488846 
14.659999999979172, -0.06147030901281806 
14.669999999979149, -0.061825062627917815 
14.679999999979126, -0.06245085934134962 
14.689999999979102, -0.06329930907167018 
14.69999999997908, -0.06427380351739088 
14.709999999979056, -0.06524818330673553 
14.719999999979033, -0.06610441948184022 
14.72999999997901, -0.06676552153219778 
14.739999999978986, -0.06720326632300275 
14.749999999978963, -0.06742352854504573 
14.75999999997894, -0.06744548493332087 
14.769999999978916, -0.06728642310333101 
14.779999999978893, -0.06695492092006876 
14.78999999997887, -0.0664511474696031 
14.799999999978846, -0.06577321568588643 
14.809999999978823, -0.06492894051903748 
14.8199999999788, -0.06395001185853269 
14.829999999978776, -0.06290073085980026 
14.839999999978753, -0.06187203822173275 
14.84999999997873, -0.060960262208382035 
14.859999999978706, -0.06024293639109317 
14.869999999978683, -0.05976537143731305 
14.87999999997866, -0.059539723514423215 
14.889999999978636, -0.059548729245092615 
14.899999999978613, -0.059748337127718834 
14.90999999997859, -0.06007129577222792 
14.919999999978566, -0.060437167424508866 
14.929999999978543, -0.06076885217508519 
14.93999999997852, -0.06100764544703106 
14.949999999978496, -0.061118427293733436 
14.959999999978473, -0.06108417592103875 
14.96999999997845, -0.06089532637327601 
14.979999999978427, -0.06053965579251912 
14.989999999978403, -0.05999568740653275 
14.99999999997838, -0.05923134261367907 
15.009999999978357, -0.05821057915750374 
15.019999999978333, -0.05691149530797125 
15.02999999997831, -0.05535455291624776 
15.039999999978287, -0.053626067273742986 
15.049999999978263, -0.051871866694431015 
15.05999999997824, -0.05025289372290394 
15.069999999978217, -0.048891261043430556 
15.079999999978194, -0.04784395733326842 
15.08999999997817, -0.04711023582200022 
15.099999999978147, -0.04665244219438293 
15.109999999978124, -0.04641287744181005 
15.1199999999781, -0.046323734254105006 
15.129999999978077, -0.046314702626342664 
15.139999999978054, -0.04632110923801545 
15.14999999997803, -0.046290653438036566 
15.159999999978007, -0.04618524961982638 
15.169999999977984, -0.04597706482114915 
15.17999999997796, -0.04564076808444996 
15.189999999977937, -0.045144650903918615 
15.199999999977914, -0.04444267276189645 
15.20999999997789, -0.043470092693225035 
15.219999999977867, -0.04214861032669102 
15.229999999977844, -0.04041096381312685 
15.23999999997782, -0.0382503308995665 
15.249999999977797, -0.035773526236854605 
15.259999999977774, -0.03320417285113099 
15.26999999997775, -0.03080458199169222 
15.279999999977727, -0.028769970850203875 
15.289999999977704, -0.027178954371466075 
15.29999999997768, -0.02601437661902521 
15.309999999977657, -0.02520898879514613 
15.319999999977634, -0.02467941081327945 
15.32999999997761, -0.024342378757220413 
15.339999999977588, -0.02412135698289458 
15.349999999977564, -0.0239502800699154 
15.359999999977541, -0.02377580024077265 
15.369999999977518, -0.02355661938104363 
15.379999999977494, -0.02325909129610892 
15.389999999977471, -0.022849809894056737 
15.399999999977448, -0.022286436627381577 
15.409999999977424, -0.021508038554186516 
15.419999999977401, -0.020427735098671622 
15.429999999977378, -0.018935597856862753 
15.439999999977355, -0.016927392114234906 
15.449999999977331, -0.014371999659138563 
15.459999999977308, -0.011392658070029616 
15.469999999977285, -0.008279796451522846 
15.479999999977261, -0.005380048567092011 
15.489999999977238, -0.0029428337298414665 
15.499999999977215, -0.0010552322471870912 
15.509999999977191, 0.0002057068386238615 
15.519999999977168, 0.0007256777726432285 
15.529999999977145, 0.0009310635365391872 
15.539999999977121, 0.0009184286743695871 
15.549999999977098, 0.0007714851059611388 
15.559999999977075, 0.0005599871742592862 
15.569999999977052, 0.00033966012894627703 
15.579999999977028, 0.00015410222132635764 
15.589999999977005, 0.00003961694197873472 
15.599999999976982, 0.00003270231908474754 
15.609999999976958, 0.0001793067023437234 
15.619999999976935, 0.0005446231134723044 
15.629999999976912, 0.0012201960926389982 
15.639999999976888, 0.0023193656055340403 
15.649999999976865, 0.0039443736259547665 
15.659999999976842, 0.006113871101243328 
15.669999999976818, 0.00868294076595603 
15.679999999976795, 0.011343617618280333 
15.689999999976772, 0.013750198077248482 
15.699999999976749, 0.015670400136618377 
15.709999999976725, 0.01703611665772432 
15.719999999976702, 0.017895717883215624 
15.729999999976679, 0.018346264490484755 
15.739999999976655, 0.018491681694949323 
15.749999999976632, 0.01842710248594585 
15.759999999976609, 0.01823530128155593 
15.769999999976585, 0.017985767589283445 
15.779999999976562, 0.01773428781144565 
15.789999999976539, 0.017524473621361305 
15.799999999976515, 0.017392371033629804 
15.809999999976492, 0.01737372341811256 
15.819999999976469, 0.01751259420603505 
15.829999999976446, 0.017869505533802992 
15.839999999976422, 0.018525173204273004 
15.849999999976399, 0.019571076975730184 
15.859999999976376, 0.021074127403839425 
15.869999999976352, 0.023013911333843787 
15.879999999976329, 0.02523033854536926 
15.889999999976306, 0.02744913523701375 
15.899999999976282, 0.029394479001555552 
15.90999999997626, 0.03089712498606833 
15.919999999976236, 0.03191728647334242 
15.929999999976213, 0.03250108047780968 
15.93999999997619, 0.03272993639894294 
15.949999999976166, 0.03269184747955194 
15.959999999976143, 0.03247125674518694 
15.96999999997612, 0.03214588285643913 
15.979999999976096, 0.031783681553541665 
15.989999999976073, 0.031439838810382405 
15.99999999997605, 0.031156527818147272 
16.009999999976028, 0.030966783593485103 
16.019999999976005, 0.03090136823964274 
16.02999999997598, 0.03099631217371147 
16.039999999975958, 0.0312984381058155 
16.049999999975935, 0.03186485922879868 
16.05999999997591, 0.03275002085427905 
16.069999999975888, 0.033974730421196496 
16.079999999975865, 0.035484833685370844 
16.08999999997584, 0.03713162766086074 
16.099999999975818, 0.0387084408436597 
16.109999999975795, 0.04002896340786587 
16.11999999997577, 0.04098638527226301 
16.129999999975748, 0.041557988848463914 
16.139999999975725, 0.04177566934032898 
16.1499999999757, 0.04169692429810641 
16.15999999997568, 0.04139020938087361 
16.169999999975655, 0.04092998719248145 
16.17999999997563, 0.040392408668564375 
16.18999999997561, 0.03984773179520582 
16.199999999975585, 0.0393525181954255 
16.20999999997556, 0.03894670535922008 
16.21999999997554, 0.0386571056646544 
16.229999999975515, 0.03850468895759974 
16.239999999975492, 0.038511733276383096 
16.24999999997547, 0.03870554744493051 
16.259999999975445, 0.039115725491761476 
16.269999999975422, 0.039761908634566454 
16.2799999999754, 0.04063216535743659 
16.289999999975375, 0.04166171421179843 
16.299999999975352, 0.04273165970897587 
16.30999999997533, 0.04369943619837545 
16.319999999975305, 0.04444418467741139 
16.329999999975282, 0.04489517547874396 
16.33999999997526, 0.04503130602417414 
16.349999999975235, 0.04486601290139623 
16.359999999975212, 0.044435521074252846 
16.36999999997519, 0.043795705251611736 
16.379999999975166, 0.04302113198195305 
16.389999999975142, 0.04219746524127022 
16.39999999997512, 0.041405917498131835 
16.409999999975096, 0.04070809952534745 
16.419999999975072, 0.04014049526077143 
16.42999999997505, 0.03971965112487237 
16.439999999975026, 0.039452181498277485 
16.449999999975002, 0.039343277788278425 
16.45999999997498, 0.039400242975647794 
16.469999999974956, 0.03962962753910175 
16.479999999974932, 0.040027739582919206 
16.48999999997491, 0.040567040434467336 
16.499999999974886, 0.0411860758746983 
16.509999999974863, 0.04179318843214465 
16.51999999997484, 0.0422866024895786 
16.529999999974816, 0.04257925303787186 
16.539999999974793, 0.04261292737250678 
16.54999999997477, 0.0423584968077578 
16.559999999974746, 0.04181176933369771 
16.569999999974723, 0.04099483335638669 
16.5799999999747, 0.03996299083834336 
16.589999999974676, 0.03880662366658179 
16.599999999974653, 0.03763635816390698 
16.60999999997463, 0.036554063471675696 
16.619999999974606, 0.03562793013032155 
16.629999999974583, 0.03488673666030222 
16.63999999997456, 0.034331061368531555 
16.649999999974536, 0.03394915099508673 
16.659999999974513, 0.033728194151431044 
16.66999999997449, 0.033658273368519724 
16.679999999974466, 0.03372969182765091 
16.689999999974443, 0.03392540012451957 
16.69999999997442, 0.03421163586242945 
16.709999999974396, 0.03453216206916464 
16.719999999974373, 0.03481155635162567 
16.72999999997435, 0.03496759266302296 
16.739999999974327, 0.03492541642183939 
16.749999999974303, 0.03462575170968228 
16.75999999997428, 0.034027333662092034 
16.769999999974257, 0.03311126514788245 
16.779999999974233, 0.031893806022458324 
16.78999999997421, 0.030443005435480903 
16.799999999974187, 0.02888097633517133 
16.809999999974163, 0.02735563281259622 
16.81999999997414, 0.025992717442362277 
16.829999999974117, 0.024861925496107967 
16.839999999974093, 0.023976720249588197 
16.84999999997407, 0.02331647500465781 
16.859999999974047, 0.022849732357627446 
16.869999999974024, 0.022547721717245603 
16.879999999974, 0.02238785165453778 
16.889999999973977, 0.02235036010480284 
16.899999999973954, 0.022411147667926252 
16.90999999997393, 0.022533887433127862 
16.919999999973907, 0.02266535693658974 
16.929999999973884, 0.022737345626665295 
16.93999999997386, 0.02267463079078528 
16.949999999973837, 0.022404116475982915 
16.959999999973814, 0.021860841442100216 
16.96999999997379, 0.02099281817312711 
16.979999999973767, 0.019772242895178933 
16.989999999973744, 0.018217911774933038 
16.99999999997372, 0.016419085671681183 
17.009999999973697, 0.014533979961242265 
17.019999999973674, 0.012744385870336036 
17.02999999997365, 0.011190319150006836 
17.039999999973627, 0.00993372044520242 
17.049999999973604, 0.008968909272269095 
17.05999999997358, 0.008255843576259811 
17.069999999973557, 0.007748320839532313 
17.079999999973534, 0.007407617982052583 
17.08999999997351, 0.00720451471206289 
17.099999999973488, 0.007114755935751288 
17.109999999973464, 0.007111510173659072 
17.11999999997344, 0.007157684511741117 
17.129999999973418, 0.0072013336930334265 
17.139999999973394, 0.0071767553671351625 
17.14999999997337, 0.0070107159090549475 
17.159999999973348, 0.0066299083950574055 
17.169999999973324, 0.005966685695580222 
17.1799999999733, 0.0049657590210163164 
17.189999999973278, 0.003599234577431615 
17.199999999973254, 0.0018932809320844003 
17.20999999997323, -0.00003765094603537146 
17.219999999973208, -0.001600333106091777 
17.229999999973185, -0.0030298090497662303 
17.23999999997316, -0.0041889685745456155 
17.249999999973138, -0.005026652440864711 
17.259999999973115, -0.005559676190217707 
17.26999999997309, -0.005835634328748414 
17.279999999973068, -0.005904599124720371 
17.289999999973045, -0.005806798720780867 
17.29999999997302, -0.005571787579289687 
17.309999999972998, -0.0052237077258887946 
17.319999999972975, -0.004789206117568907 
17.32999999997295, -0.00430528970200863 
17.339999999972928, -0.003823928450978445 
17.349999999972905, -0.003410811890960843 
17.35999999997288, -0.0031388363646631307 
17.36999999997286, -0.003080270330882889 
17.379999999972835, -0.0033005883769189255 
17.38999999997281, -0.003851394766481625 
17.39999999997279, -0.004755543936093207 
17.409999999972765, -0.005982096767567093 
17.41999999997274, -0.007424972622643465 
17.42999999997272, -0.008913580173503976 
17.439999999972695, -0.010267019727338133 
17.449999999972672, -0.011358379671628189 
17.45999999997265, -0.012141534878924744 
17.469999999972625, -0.012632830050931517 
17.479999999972602, -0.012876344764298123 
17.48999999997258, -0.012917897193800182 
17.499999999972555, -0.012793829793109262 
17.509999999972532, -0.012530476042047756 
17.51999999997251, -0.01214950772736971 
17.529999999972485, -0.01167604800029404 
17.539999999972462, -0.011146785275712539 
17.54999999997244, -0.010614537930326028 
17.559999999972415, -0.010146293278435916 
17.569999999972392, -0.009815360007009813 
17.57999999997237, -0.009692190843016067 
17.589999999972346, -0.009837559445535656 
17.599999999972322, -0.010295991707853738 
17.6099999999723, -0.011083115435870644 
17.619999999972276, -0.012165022224898826 
17.629999999972252, -0.013442006088076965 
17.63999999997223, -0.014760139274959097 
17.649999999972206, -0.01595860926460842 
17.659999999972182, -0.01692392626691567 
17.66999999997216, -0.01761223758634556 
17.679999999972136, -0.018033969358918153 
17.689999999972112, -0.01822433009622418 
17.69999999997209, -0.018220666795660322 
17.709999999972066, -0.018052298322176405 
17.719999999972043, -0.017739935195286542 
17.72999999997202, -0.017300937580479493 
17.739999999971996, -0.016757756082438575 
17.749999999971973, -0.016146630753795993 
17.75999999997195, -0.015522273517865028 
17.769999999971926, -0.014954774882543802 
17.779999999971903, -0.014519461758099705 
17.78999999997188, -0.014285473733102808 
17.799999999971856, -0.014308095035962868 
17.809999999971833, -0.0146234054545853 
17.81999999997181, -0.01523917994477111 
17.829999999971786, -0.01611992080200991 
17.839999999971763, -0.01717587623361644 
17.84999999997174, -0.018274092674895034 
17.859999999971716, -0.019276759588455043 
17.869999999971693, -0.020084328281262644 
17.87999999997167, -0.020653860569845285 
17.889999999971646, -0.020987672168164863 
17.899999999971623, -0.021109817187839705 
17.9099999999716, -0.021047085077798778 
17.919999999971576, -0.020819888780868847 
17.929999999971553, -0.02044158604526911 
17.93999999997153, -0.019923730745887543 
17.949999999971507, -0.019285175812576133 
17.959999999971483, -0.018561865319578333 
17.96999999997146, -0.017811934935389448 
17.979999999971437, -0.01711112202322184 
17.989999999971413, -0.016539347310480082 
17.99999999997139, -0.016166156671355403 
18.009999999971367, -0.016042063225885868 
18.019999999971343, -0.01619493399224526 
18.02999999997132, -0.016624976137733557 
18.039999999971297, -0.01729535678687516 
18.049999999971273, -0.018125733749959842 
18.05999999997125, -0.019002253994283905 
18.069999999971227, -0.01980765695410681 
18.079999999971204, -0.020454735979612122 
18.08999999997118, -0.02090123304922924 
18.099999999971157, -0.02114184424673214 
18.109999999971134, -0.021189888266363748 
18.11999999997111, -0.02106157899571333 
18.129999999971087, -0.020767946240529498 
18.139999999971064, -0.02031418148871334 
18.14999999997104, -0.01970512586891265 
18.159999999971017, -0.018955476489381125 
18.169999999970994, -0.018101262362469193 
18.17999999997097, -0.01720573553989386 
18.189999999970947, -0.016352970272525198 
18.199999999970924, -0.01563024629288469 
18.2099999999709, -0.01510958735024783 
18.219999999970877, -0.014838062885562098 
18.229999999970854, -0.01483627710116871 
18.23999999997083, -0.015097458318738008 
18.249999999970807, -0.01558288570568372 
18.259999999970784, -0.01621885261311655 
18.26999999997076, -0.016905673298430866 
18.279999999970737, -0.0175415436166449 
18.289999999970714, -0.01804875487950594 
18.29999999997069, -0.018385759573230458 
18.309999999970668, -0.01854135685205121 
18.319999999970644, -0.018520105171760268 
18.32999999997062, -0.01832911368293571 
18.339999999970598, -0.017970854620064987 
18.349999999970574, -0.01744266872702415 
18.35999999997055, -0.016742731997991468 
18.369999999970528, -0.01588170889908764 
18.379999999970504, -0.014896314083698533 
18.38999999997048, -0.013856203714038473 
18.399999999970458, -0.012855501486417936 
18.409999999970434, -0.011990428137290971 
18.41999999997041, -0.011336672826561135 
18.429999999970388, -0.010938882908684226 
18.439999999970365, -0.010811485308576218 
18.44999999997034, -0.010941500969501538 
18.459999999970318, -0.011287682597554458 
18.469999999970295, -0.011779826974191946 
18.47999999997027, -0.012327057519123986 
18.489999999970248, -0.012837562197812244 
18.499999999970225, -0.013239989727419962 
18.5099999999702, -0.013493424352263894 
18.519999999970178, -0.013582722028286994 
18.529999999970155, -0.013506252212463255 
18.53999999997013, -0.013264372326390047 
18.549999999970108, -0.012852921804629464 
18.559999999970085, -0.01226298307338403 
18.56999999997006, -0.011487461650799356 
18.57999999997004, -0.010534210800054325 
18.589999999970015, -0.009441520203157876 
18.59999999996999, -0.008285703479776913 
18.60999999996997, -0.007170368270496591 
18.619999999969945, -0.006199612646280134 
18.62999999996992, -0.005452039750645948 
18.6399999999699, -0.004970123950603091 
18.649999999969875, -0.004763311580790925 
18.659999999969852, -0.004813660173576343 
18.66999999996983, -0.0050773126454290995 
18.679999999969805, -0.005485112268708188 
18.689999999969782, -0.005950462938752088 
18.69999999996976, -0.0063868172560038235 
18.709999999969735, -0.006726379394389662 
18.719999999969712, -0.006928757577424853 
18.72999999996969, -0.00697673690732976 
18.739999999969665, -0.006865213576771658 
18.749999999969642, -0.006590633725769667 
18.75999999996962, -0.006144989027728698 
18.769999999969595, -0.005515919516989877 
18.779999999969572, -0.004693903747229208 
18.78999999996955, -0.003686432746335496 
18.799999999969526, -0.0025344742730689794 
18.809999999969502, -0.0013197642725296071 
18.81999999996948, -0.00015185502958423852 
18.829999999969456, 0.00048585493658845363 
18.839999999969432, 0.000830166694319557 
18.84999999996941, 0.0009015548863818914 
18.859999999969386, 0.000694086689728765 
18.869999999969362, 0.0002288711439701762 
18.87999999996934, -0.00017487467083530538 
18.889999999969316, -0.0005578367528389642 
18.899999999969292, -0.0009971107141215267 
18.90999999996927, -0.0014079434223871023 
18.919999999969246, -0.001724217819331971 
18.929999999969223, -0.0019063479312444083 
18.9399999999692, -0.0019369114613125976 
18.949999999969176, -0.0018098946373609592 
18.959999999969153, -0.0015205500938842399 
18.96999999996913, -0.0010597704269980238 
18.979999999969106, -0.00041458687066111557 
18.989999999969083, 0.0002185059642981388 
18.99999999996906, 0.0008056055028562431 
19.009999999969036, 0.001533274165985436 
19.019999999969013, 0.0023169441954416425 
19.02999999996899, 0.0030458075732616627 
19.039999999968966, 0.00361311503371603 
19.049999999968943, 0.003942539118456122 
19.05999999996892, 0.003996554611811687 
19.069999999968896, 0.0037709965698758527 
19.079999999968873, 0.003288333733923319 
19.08999999996885, 0.0025958932996486316 
19.099999999968826, 0.0017648803922363065 
19.109999999968803, 0.000882028012961646 
19.11999999996878, 0.000032188045490078376 
19.129999999968756, -0.00030082043050850594 
19.139999999968733, -0.00047984049821273597 
19.14999999996871, -0.0005059908471986826 
19.159999999968687, -0.00037391521225049707 
19.169999999968663, -0.00007920583348434277 
19.17999999996864, 0.0000403008042792984 
19.189999999968617, 0.0002541671498847993 
19.199999999968593, 0.0006596152704164096 
19.20999999996857, 0.00124534717958891 
19.219999999968547, 0.0019651889994427413 
19.229999999968523, 0.00273315867312697 
19.2399999999685, 0.003439041170471719 
19.249999999968477, 0.0039784570718139 
19.259999999968453, 0.004277863613272771 
19.26999999996843, 0.004301753011371276 
19.279999999968407, 0.004047078473978871 
19.289999999968384, 0.0035371699460600933 
19.29999999996836, 0.00282057810131017 
19.309999999968337, 0.0019700676808229573 
19.319999999968314, 0.0010735661333379862 
19.32999999996829, 0.00021602857851450076 
19.339999999968267, -0.0002207523310037858 
19.349999999968244, -0.0003991386168853884 
19.35999999996822, -0.00042264732841181625 
19.369999999968197, -0.00028685802406428764 
19.379999999968174, 4.421291560792629e-7 
19.38999999996815, 0.00004424071063162183 
19.399999999968127, 0.0002615326944764021 
19.409999999968104, 0.0006681369835056719 
19.41999999996808, 0.0012505914865917533 
19.429999999968057, 0.0019604726533861676 
19.439999999968034, 0.002710662678108668 
19.44999999996801, 0.0033918219693853426 
19.459999999967987, 0.0039020655914397662 
19.469999999967964, 0.004170573659274314 
19.47999999996794, 0.004163715193247882 
19.489999999967917, 0.0038794645369773844 
19.499999999967894, 0.003342012262872079 
19.50999999996787, 0.0026012012217594815 
19.519999999967848, 0.0017314138440938768 
19.529999999967824, 0.0008217464167000761 
19.5399999999678, -0.00002032700378322338 
19.549999999967778, -0.00034079436320450906 
19.559999999967754, -0.0005180225946330984 
19.56999999996773, -0.000538475135486178 
19.579999999967708, -0.0003986367798204232 
19.589999999967684, -0.0000951964035322257 
19.59999999996766, 0.000047577228616340704 
19.609999999967638, 0.00026857680865170037 
19.619999999967614, 0.0006766452068375174 
19.62999999996759, 0.001256200840723903 
19.639999999967568, 0.0019566434365582545 
19.649999999967545, 0.002689793834566601 
19.65999999996752, 0.003347199691406113 
19.669999999967498, 0.0038293862122667976 
19.679999999967475, 0.004068125552153749 
19.68999999996745, 0.0040315729936374915 
19.699999999967428, 0.0037187206353075 
19.709999999967405, 0.0031546879682581865 
19.71999999996738, 0.002390690392653815 
19.729999999967358, 0.0015027494721225809 
19.739999999967335, 0.0005810608625683958 
19.74999999996731, -0.00014058908234872684 
19.759999999967288, -0.0004623398733951827 
19.769999999967265, -0.000637764556335352 
19.77999999996724, -0.0006546855239978654 
19.78999999996722, -0.0005104376169335426 
19.799999999967195, -0.00020218665445130473 
19.80999999996717, 0.000045650301966826766 
19.81999999996715, 0.00027063493039190204 
19.829999999967125, 0.0006804708480482925 
19.8399999999671, 0.0012574975528255917 
19.84999999996708, 0.0019490056970042295 
19.859999999967055, 0.002665823804866938 
19.869999999967032, 0.0033003970384062977 
19.87999999996701, 0.0037555823788444262 
19.889999999966985, 0.003965625175546087 
19.899999999966962, 0.0039003885184651027 
19.90999999996694, 0.0035598861592398257 
19.919999999966915, 0.002970235225428819 
19.929999999966892, 0.0021840971599017454 
19.93999999996687, 0.0012791419564763232 
19.949999999966845, 0.0003465839340604156 
19.959999999966822, -0.00026232452122500557 
19.9699999999668, -0.0005845213385646519 
19.979999999966775, -0.0007575118076376715 
19.989999999966752, -0.0007704378779318469 
19.99999999996673, -0.0006214265124102698 
20.009999999966706, -0.0003080683649410475 
20.019999999966682, 0.00003639088591488938 
20.02999999996666, 0.0002656479020654787 
20.039999999966636, 0.000677568254061271 
20.049999999966612, 0.0012524498532607972 
20.05999999996659, 0.001935536487889074 
20.069999999966566, 0.0026367268420908357 
20.079999999966542, 0.003249370386966732 
20.08999999996652, 0.0036785815528217482 
20.099999999966496, 0.0038609706837310917 
20.109999999966472, 0.0037680418523725855 
20.11999999996645, 0.0034008417895338232 
20.129999999966426, 0.002786554476604807 
20.139999999966403, 0.001979353565981991 
20.14999999996638, 0.001058553969478487 
20.159999999966356, 0.00011629658650833014 
20.169999999966333, -0.0003831918529206777 
20.17999999996631, -0.0007050043728228782 
20.189999999966286, -0.000874940815788091 
20.199999999966263, -0.0008834172860274827 
20.20999999996624, -0.0007292920160352737 
20.219999999966216, -0.00041052748830373994 
20.229999999966193, 0.000019940530534578585 
20.23999999996617, 0.00025377030441929024 
20.249999999966146, 0.0006681087398100012 
20.259999999966123, 0.0012412460731246295 
20.2699999999661, 0.0019164358352031906 
20.279999999966076, 0.002602702876695801 
20.289999999966053, 0.0031943046472710165 
20.29999999996603, 0.003598542880856699 
20.309999999966006, 0.0037542950441815776 
20.319999999965983, 0.0036346503503066592 
20.32999999996596, 0.003241706497569072 
20.339999999965936, 0.002603783220834706 
20.349999999965913, 0.001776624567644891 
20.35999999996589, 0.0008411741276198948 
20.369999999965867, -0.0000594629232447884 
20.379999999965843, -0.0005059062995260709 
20.38999999996582, -0.0008265165375735912 
20.399999999965797, -0.0009927924648475746 
20.409999999965773, -0.0009963738202150448 
20.41999999996575, -0.0008367870058572201 
20.429999999965727, -0.0005123126989123766 
20.439999999965703, -0.000016612247272880184 
20.44999999996568, 0.00023446062793820347 
20.459999999965657, 0.0006515721351565064 
20.469999999965633, 0.0012233888891941924 
20.47999999996561, 0.0018912253507439869 
20.489999999965587, 0.0025632822249207093 
20.499999999965564, 0.0031347254858293725 
20.50999999996554, 0.0035149778881148203 
20.519999999965517, 0.0036450958783887538 
20.529999999965494, 0.0034997083747379367 
20.53999999996547, 0.0030819882637586247 
20.549999999965447, 0.002421459137976234 
20.559999999965424, 0.0015754850267793632 
20.5699999999654, 0.0006266088317671419 
20.579999999965377, -0.00017816662557109596 
20.589999999965354, -0.0006264875790467429 
20.59999999996533, -0.0009450879185071408 
20.609999999965307, -0.0011071094175942584 
20.619999999965284, -0.0011053593318984356 
20.62999999996526, -0.0009399667695433976 
20.639999999965237, -0.0006094765299858842 
20.649999999965214, -0.00010782522441196353 
20.65999999996519, 0.00021386615996218 
20.669999999965167, 0.0006341185057434208 
20.679999999965144, 0.001205047536303722 
20.68999999996512, 0.0018660738472313122 
20.699999999965097, 0.002524618308196406 
20.709999999965074, 0.0030767549434059962 
20.71999999996505, 0.003433966990017522 
20.729999999965028, 0.0035394119131541254 
20.739999999965004, 0.0033692221982023424 
20.74999999996498, 0.002927674387011641 
20.759999999964958, 0.002245561419883478 
20.769999999964934, 0.0013819079257935433 
20.77999999996491, 0.00042081573840579056 
20.789999999964888, -0.0002956552664377362 
20.799999999964864, -0.0007448617231609605 
20.80999999996484, -0.0010606844123601084 
20.819999999964818, -0.001217891691851287 
20.829999999964794, -0.0012103991685783284 
20.83999999996477, -0.0010388734389777166 
20.849999999964748, -0.0007020712191124154 
20.859999999964725, -0.00019416997702012738 
20.8699999999647, 0.00019264960335890383 
20.879999999964678, 0.0006164019769986345 
20.889999999964655, 0.0011868600506005297 
20.89999999996463, 0.0018415915375454839 
20.909999999964608, 0.0024872793968638857 
20.919999999964585, 0.0030209070085805154 
20.92999999996456, 0.003355964464791033 
20.939999999964538, 0.0034376417856296386 
20.949999999964515, 0.0032435465827880296 
20.95999999996449, 0.002779090288684959 
20.969999999964468, 0.002076397286429875 
20.979999999964445, 0.0011961845995728776 
20.98999999996442, 0.00022406263324051859 
20.9999999999644, -0.00040879105098074473 
21.009999999964375, -0.0008579336090718407 
21.01999999996435, -0.001170253902942306 
21.02999999996433, -0.0013221236175856822 
21.039999999964305, -0.0013085050030125433 
21.04999999996428, -0.0011305377254540066 
21.05999999996426, -0.0007871406488286738 
21.069999999964235, -0.00027270091013074693 
21.079999999964212, 0.0001693843653285646 
21.08999999996419, 0.0005969791982049142 
21.099999999964165, 0.001167357678414479 
21.109999999964142, 0.0018162725099915428 
21.11999999996412, 0.002449709718981203 
21.129999999964095, 0.002965566105813525 
21.139999999964072, 0.003279291846427499 
21.14999999996405, 0.0033380496309648663 
21.159999999964025, 0.003120900314707155 
21.169999999964002, 0.0026344233663965757 
21.17999999996398, 0.0019121329208238076 
21.189999999963955, 0.0010164615632067796 
21.199999999963932, 0.00003446878247185067 
21.20999999996391, -0.0005194932899210746 
21.219999999963886, -0.0009676653056491591 
21.229999999963862, -0.0012757992552722397 
21.23999999996384, -0.0014218410316595373 
21.249999999963816, -0.0014017360656388889 
21.259999999963792, -0.0012170337235674765 
21.26999999996377, -0.0008667674125194501 
21.279999999963746, -0.0003455052459430016 
21.289999999963722, 0.0001463389663057234 
21.2999999999637, 0.0005781110315398756 
21.309999999963676, 0.001148786313815908 
21.319999999963652, 0.0017923370338413613 
21.32999999996363, 0.002414091722621821 
21.339999999963606, 0.0029128665944096917 
21.349999999963583, 0.0032060310996660122 
21.35999999996356, 0.003242668515550869 
21.369999999963536, 0.0030032770500066108 
21.379999999963513, 0.002495638844068246 
21.38999999996349, 0.0017547120067767344 
21.399999999963466, 0.0008446593306297998 
21.409999999963443, -0.00008431171999685525 
21.41999999996342, -0.0006244660316800682 
21.429999999963396, -0.0010708102069315673 
21.439999999963373, -0.0013741202780422086 
21.44999999996335, -0.0015138814946409574 
21.459999999963326, -0.001486957800385867 
21.469999999963303, -0.0012952466596995768 
21.47999999996328, -0.0009378514782148545 
21.489999999963256, -0.0004094963251614865 
21.499999999963233, 0.00012658353312907376 
21.50999999996321, 0.0005628435009785864 
21.519999999963186, 0.0011341563126117476 
21.529999999963163, 0.001772745943055668 
21.53999999996314, 0.002383323371369826 
21.549999999963116, 0.002865634129224965 
21.559999999963093, 0.0031389328985973386 
21.56999999996307, 0.0031541786115523614 
21.579999999963047, 0.002893295401941446 
21.589999999963023, 0.002365302668716993 
21.599999999963, 0.0016066519085815446 
21.609999999962977, 0.0006832430387510618 
21.619999999962953, -0.0001792893965658244 
21.62999999996293, -0.0007213756151832685 
21.639999999962907, -0.001165103686158989 
21.649999999962883, -0.0014630130134923665 
21.65999999996286, -0.0015960890831972804 
21.669999999962837, -0.001562050245173697 
21.679999999962813, -0.0013630838130022074 
21.68999999996279, -0.0009983230743996314 
21.699999999962767, -0.000462627949664745 
21.709999999962744, 0.00010777459725847948 
21.71999999996272, 0.0005487932484150611 
21.729999999962697, 0.0011210314829653305 
21.739999999962674, 0.0017549969859040344 
21.74999999996265, 0.0023548257981448077 
21.759999999962627, 0.0028212077705630258 
21.769999999962604, 0.0030752552709990876 
21.77999999996258, 0.0030697639053042674 
21.789999999962557, 0.002788075563998348 
21.799999999962534, 0.0022404808313693948 
21.80999999996251, 0.001464969321549867 
21.819999999962487, 0.0005291779648062005 
21.829999999962464, -0.00027027147596897386 
21.83999999996244, -0.0008133789000267453 
21.849999999962417, -0.001253763769082369 
21.859999999962394, -0.0015457475124755456 
21.86999999996237, -0.0016717735346863008 
21.879999999962347, -0.0016303514367885508 
21.889999999962324, -0.001423903181463427 
21.8999999999623, -0.001051555405739682 
21.909999999962277, -0.0005082873880449743 
21.919999999962254, 0.00009377480138534333 
21.92999999996223, 0.0005397985958958569 
21.939999999962208, 0.0011132150690364984 
21.949999999962184, 0.0017428465206750232 
21.95999999996216, 0.002332297896092795 
21.969999999962138, 0.0027832218415058544 
21.979999999962114, 0.0030185660905545876 
21.98999999996209, 0.0029929291856068416 
21.999999999962068, 0.0026910655712652732 
22.009999999962044, 0.002124570151314805 
22.01999999996202, 0.0013330106970540919 
22.029999999961998, 0.0003857544811854705 
22.039999999961974, -0.0003583931155162845 
22.04999999996195, -0.0009016798609638454 
22.059999999961928, -0.0013380598574083602 
22.069999999961905, -0.0016236481148473782 
22.07999999996188, -0.0017423011129076532 
22.089999999961858, -0.0016932581639876557 
22.099999999961835, -0.0014791242836665432 
22.10999999996181, -0.0010989870516716108 
22.119999999961788, -0.0005479328455699343 
22.129999999961765, 0.00008019481277194663 
22.13999999996174, 0.0005314378985809915 
22.149999999961718, 0.0011062440474097343 
22.159999999961695, 0.0017317819191374699 
22.16999999996167, 0.002311171727614081 
22.179999999961648, 0.002747050900863553 
22.189999999961625, 0.0029641844692472005 
22.1999999999616, 0.0029189443353681887 
22.20999999996158, 0.002597494828701897 
22.219999999961555, 0.00201276782577477 
22.22999999996153, 0.0012059451650335924 
22.23999999996151, 0.00024811134597178873 
22.249999999961485, -0.00043983342917421655 
22.25999999996146, -0.0009825027436433007 
22.26999999996144, -0.0014142625615253522 
22.279999999961415, -0.0016930257920951305 
22.289999999961392, -0.0018040139506535695 
22.29999999996137, -0.0017471351620869438 
22.309999999961345, -0.0015251285219229393 
22.319999999961322, -0.0011370134863593604 
22.3299999999613, -0.0005779749928370141 
22.339999999961275, 0.00007060359351367754 
22.349999999961252, 0.0005272508970561135 
22.35999999996123, 0.001103618181401539 
22.369999999961205, 0.0017252524842404932 
22.379999999961182, 0.002294837827504551 
22.38999999996116, 0.002716021821253658 
22.399999999961135, 0.0029153728788812996 
22.409999999961112, 0.0028510104372247874 
22.41999999996109, 0.0025105077546307046 
22.429999999961066, 0.0019081648996779935 
22.439999999961042, 0.0010868091693246593 
22.44999999996102, 0.00011922378362544752 
22.459999999960996, -0.0005160465636084661 
22.469999999960972, -0.0010573724590261814 
22.47999999996095, -0.0014839614651118572 
22.489999999960926, -0.0017555227472431 
22.499999999960902, -0.001858593653894965 
22.50999999996088, -0.001793692731209036 
22.519999999960856, -0.00156364818684217 
22.529999999960832, -0.0011673865635255748 
22.53999999996081, -0.0006001870938153582 
22.549999999960786, 0.00006465382779671978 
22.559999999960763, 0.0005268534794951564 
22.56999999996074, 0.0011049061244377803 
22.579999999960716, 0.00172277081294132 
22.589999999960693, 0.0022827470894165934 
22.59999999996067, 0.0026895216984651046 
22.609999999960646, 0.0028714560428519326 
22.619999999960623, 0.0027883941625835625 
22.6299999999606, 0.0024293184616224163 
22.639999999960576, 0.0018099269606715758 
22.649999999960553, 0.000974719672042636 
22.65999999996053, -0.000001118170984317381 
22.669999999960506, -0.0005880290218309987 
22.679999999960483, -0.001127346934520369 
22.68999999996046, -0.0015482705519845393 
22.699999999960436, -0.0018122982476522474 
22.709999999960413, -0.0019072330676141113 
22.71999999996039, -0.0018341479340741676 
22.729999999960366, -0.0015959188184246718 
22.739999999960343, -0.0011913583879480962 
22.74999999996032, -0.0006158397237692228 
22.759999999960296, 0.00006105095218837691 
22.769999999960273, 0.0005289190293441949 
22.77999999996025, 0.0011087408865921666 
22.789999999960227, 0.0017229231424310746 
22.799999999960203, 0.002273435364224775 
22.80999999996018, 0.0026660350086164567 
22.819999999960157, 0.002830868638069432 
22.829999999960133, 0.0027294843156393444 
22.83999999996011, 0.00235227495271989 
22.849999999960087, 0.0017163651122453663 
22.859999999960063, 0.0008679509599675242 
22.86999999996004, -0.0000681750596785278 
22.879999999960017, -0.000657595350510742 
22.889999999959993, -0.0011942901318517513 
22.89999999995997, -0.0016090988655937607 
22.909999999959947, -0.0018652972791772151 
22.919999999959924, -0.0019519031649922504 
22.9299999999599, -0.0018704897647279183 
22.939999999959877, -0.001623942449769202 
22.949999999959854, -0.0012109421172368739 
22.95999999995983, -0.0006269582232254717 
22.969999999959807, 0.00006211369096988854 
22.979999999959784, 0.0005357440365278566 
22.98999999995976, 0.0011173897286982165 
22.999999999959737, 0.0017279418498487458 
23.009999999959714, 0.0022690962998081015 
23.01999999995969, 0.0026477144808578134 
23.029999999959667, 0.00279572222098061 
23.039999999959644, 0.002676353114144284 
23.04999999995962, 0.0022814130114196703 
23.059999999959597, 0.0016294803980915827 
23.069999999959574, 0.0007684672623974529 
23.07999999995955, -0.0001287127351791415 
23.089999999959527, -0.0007199687727139348 
23.099999999959504, -0.0012534793903766842 
23.10999999995948, -0.0016617737362496121 
23.119999999959457, -0.0019098879477718062 
23.129999999959434, -0.001988002932455886 
23.13999999995941, -0.0018981405991961152 
23.149999999959388, -0.0016431610453704244 
23.159999999959364, -0.0012215996528215152 
23.16999999995934, -0.0006290292553649357 
23.179999999959318, 0.00006360138749703952 
23.189999999959294, 0.0005430433628733581 
23.19999999995927, 0.001126514331907677 
23.209999999959248, 0.001733430396990538 
23.219999999959224, 0.002265274136791967 
23.2299999999592, 0.0026300469432774896 
23.239999999959178, 0.0027614498225027708 
23.249999999959154, 0.00262438464797593 
23.25999999995913, 0.0022120729256663424 
23.269999999959108, 0.0015445730004510698 
23.279999999959085, 0.0006715289706433565 
23.28999999995906, -0.000188240777650006 
23.299999999959038, -0.0007807052893342804 
23.309999999959015, -0.0013105164606548917 
23.31999999995899, -0.001711936239710201 
23.329999999958968, -0.0019517409496837678 
23.339999999958945, -0.0020212232621473493 
23.34999999995892, -0.0019228044342598134 
23.359999999958898, -0.001659287374060484 
23.369999999958875, -0.001229050696235084 
23.37999999995885, -0.0006277797237355755 
23.389999999958828, 0.00006849817732255651 
23.399999999958805, 0.0005537884798010184 
23.40999999995878, 0.001139069403421913 
23.41999999995876, 0.0017423239198346128 
23.429999999958735, 0.002264882454062707 
23.43999999995871, 0.0026159226459730686 
23.44999999995869, 0.0027309173461924274 
23.459999999958665, 0.002576420994317897 
23.46999999995864, 0.0021470745508899857 
23.47999999995862, 0.0014644412299325818 
23.489999999958595, 0.0005799100858129779 
23.499999999958572, -0.00024619626567652035 
23.50999999995855, -0.0008392791313328 
23.519999999958525, -0.0013649147953001648 
23.529999999958502, -0.0017591350250855211 
23.53999999995848, -0.0019904324008381013 
23.549999999958455, -0.0020511598632246934 
23.559999999958432, -0.0019440907417947427 
23.56999999995841, -0.0016719415820231128 
23.579999999958385, -0.0012329258233705546 
23.589999999958362, -0.0006228532400419844 
23.59999999995834, 0.00007714231350779832 
23.609999999958315, 0.0005682932704864288 
23.619999999958292, 0.0011553392785543797 
23.62999999995827, 0.0017548744934938458 
23.639999999958246, 0.0022681402954908615 
23.649999999958222, 0.002605527639590997 
23.6599999999582, 0.0027042785800250103 
23.669999999958176, 0.0025325854625920714 
23.679999999958152, 0.0020865130668323044 
23.68999999995813, 0.0013891533180180314 
23.699999999958106, 0.0004936498326598708 
23.709999999958082, -0.0002989412378933154 
23.71999999995806, -0.0008920931342245259 
23.729999999958036, -0.001413119923287907 
23.739999999958012, -0.0017998538232854948 
23.74999999995799, -0.0020224761694399734 
23.759999999957966, -0.0020743488416404233 
23.769999999957943, -0.00195855237841744 
23.77999999995792, -0.0016776910001857614 
23.789999999957896, -0.0012298080506856625 
23.799999999957873, -0.000610853395990185 
23.80999999995785, 0.00008854140853155017 
23.819999999957826, 0.0005855276481267522 
23.829999999957803, 0.0011742493910274327 
23.83999999995778, 0.001769959965050482 
23.849999999957756, 0.0022738779148827083 
23.859999999957733, 0.00259764599652259 
23.86999999995771, 0.0026802734240291793 
23.879999999957686, 0.002491576262041685 
23.889999999957663, 0.0020290473841616486 
23.89999999995764, 0.0013173297796250571 
23.909999999957616, 0.00041132829046493463 
23.919999999957593, -0.0003501204649201914 
23.92999999995757, -0.0009428392207399096 
23.939999999957546, -0.0014588684738294998 
23.949999999957523, -0.0018378663387671867 
23.9599999999575, -0.002051673302747037 
23.969999999957476, -0.0020946100441822995 
23.979999999957453, -0.001970022218381919 
23.98999999995743, -0.0016803787435671637 
23.999999999957407, -0.0012235507096303774 
24.009999999957383, -0.000595646167675069 
24.01999999995736, 0.00009881276866867826 
24.029999999957337, 0.0006015883593662454 
24.039999999957313, 0.0011918743825417443 
24.04999999995729, 0.0017836342783810254 
24.059999999957267, 0.002278131243965558 
24.069999999957243, 0.0025882978499527937 
24.07999999995722, 0.002654908091018083 
24.089999999957197, 0.0024493883421113226 
24.099999999957173, 0.0019706648310674375 
24.10999999995715, 0.001244953443069038 
24.119999999957127, 0.0003289239669143933 
24.129999999957104, -0.00039940374550259656 
24.13999999995708, -0.0009912017009121505 
24.149999999957057, -0.0015018625281953046 
24.159999999957034, -0.00187289090203866 
24.16999999995701, -0.0020777540316074695 
24.179999999956987, -0.0021116810449586273 
24.189999999956964, -0.001978241850447765 
24.19999999995694, -0.0016797486955840227 
24.209999999956917, -0.0012138998987627357 
24.219999999956894, -0.0005769813782444826 
24.22999999995687, 0.00011256021580046806 
24.239999999956847, 0.0006210694935865585 
24.249999999956824, 0.0012127960738189622 
24.2599999999568, 0.0018004659867521318 
24.269999999956777, 0.0022854547824435216 
24.279999999956754, 0.0025820220649475758 
24.28999999995673, 0.002632704056958138 
24.299999999956707, 0.002410524870692083 
24.309999999956684, 0.0019158499521055087 
24.31999999995666, 0.0011764887878325083 
24.329999999956637, 0.00025087678211952694 
24.339999999956614, -0.000448195684870337 
24.34999999995659, -0.0010386199708329797 
24.359999999956568, -0.0015435753292622858 
24.369999999956544, -0.0019064289038995535 
24.37999999995652, -0.0021022402891608073 
24.389999999956498, -0.002127097690054503 
24.399999999956474, -0.001984756716821473 
24.40999999995645, -0.0016773541017797288 
24.419999999956428, -0.0012024173014238597 
24.429999999956404, -0.0005564320228784638 
24.43999999995638, 0.00012819508302823202 
24.449999999956358, 0.0006423626633766476 
24.459999999956334, 0.0012353847273703987 
24.46999999995631, 0.0018188051776953033 
24.479999999956288, 0.0022941805963211537 
24.489999999956265, 0.0025771341469587932 
24.49999999995624, 0.0026119612673933174 
24.509999999956218, 0.0023732718168710852 
24.519999999956195, 0.0018628769715797692 
24.52999999995617, 0.0011101996765178496 
24.539999999956148, 0.0001754387436648348 
24.549999999956125, -0.0004953541324811607 
24.5599999999561, -0.0010839736795501952 
24.569999999956078, -0.001582909755391854 
24.579999999956055, -0.0019374032392974513 
24.58999999995603, -0.002124069611953895 
24.599999999956008, -0.002139807248082484 
24.609999999955985, -0.0019885206614068274 
24.61999999995596, -0.001672154294974615 
24.62999999995594, -0.0011880687901011156 
24.639999999955915, -0.0005329736667744351 
24.64999999995589, 0.00014382088116607822 
24.65999999995587, 0.0006635535881947583 
24.669999999955845, 0.0012577075456256285 
24.67999999995582, 0.0018367025170255295 
24.6899999999558, 0.002302345416087677 
24.699999999955775, 0.0025716584559564775 
24.709999999955752, 0.0025906926650668995 
24.71999999995573, 0.0023356322648125922 
24.729999999955705, 0.0018097414070258606 
24.739999999955682, 0.0010440755426482872 
24.74999999995566, 0.0001005917761507306 
24.759999999955635, -0.0005392763898930624 
24.769999999955612, -0.0011256783407888227 
24.77999999995559, -0.0016183012520657567 
24.789999999955565, -0.0019642665323187447 
24.799999999955542, -0.002141707018827854 
24.80999999995552, -0.002148282799500225 
24.819999999955495, -0.00198801212748224 
24.829999999955472, -0.00166263231733771 
24.83999999995545, -0.0011693432699121972 
24.849999999955426, -0.0005051043469770879 
24.859999999955402, 0.0001638324882592472 
24.86999999995538, 0.0006890184819504442 
24.879999999955356, 0.0012841189691355415 
24.889999999955332, 0.0018584898756467138 
24.89999999995531, 0.0023142584021693395 
24.909999999955286, 0.0025698806019881066 
24.919999999955262, 0.002573159049788292 
24.92999999995524, 0.002301841233032502 
24.939999999955216, 0.00176065150708022 
24.949999999955192, 0.0009822954306450255 
24.95999999995517, 0.00003048067050802661 
24.969999999955146, -0.0005823971534889337 
24.979999999955123, -0.0011662091437347095 
24.9899999999551, -0.0016522616761593765 
24.999999999955076, -0.0019895595792443254 
