t, s[1].omega / s[0].omega 
0, -1.419997703544612 
0.009999999999999995, -1.4195414327145155 
0.019999999999999934, -1.418636139484869 
0.029999999999999874, -1.4172895385018756 
0.04000000000000012, -1.4155435146995277 
0.050000000000000405, -1.4135575741126436 
0.06000000000000069, -1.4118077069208046 
0.07000000000000098, -1.410911076792449 
0.08000000000000126, -1.410763971903712 
0.09000000000000155, -1.4106961698670801 
0.10000000000000184, -1.4101864280692546 
0.11000000000000212, -1.4085874157343978 
0.12000000000000241, -1.4040624032968336 
0.130000000000002, -1.3910006473085512 
0.1400000000000009, -1.3549213139662886 
0.1499999999999998, -1.2762481453783376 
0.1599999999999987, -1.1786909534754892 
0.1699999999999976, -1.1297317053003844 
0.1799999999999965, -1.125321743323862 
0.1899999999999954, -1.1302652494926908 
0.1999999999999943, -1.1334648285031992 
0.2099999999999932, -1.134778483353498 
0.2199999999999921, -1.135048659328451 
0.229999999999991, -1.1345898170338915 
0.2399999999999899, -1.1331592289376389 
0.2499999999999888, -1.129687969905025 
0.2599999999999877, -1.1217643191065443 
0.2699999999999866, -1.108507388840802 
0.2799999999999855, -1.1114867821274526 
0.2899999999999844, -1.188588986840118 
0.2999999999999833, -1.314867121593333 
0.3099999999999822, -1.389431319068165 
0.3199999999999811, -1.4150965343862476 
0.32999999999998, -1.4226957000918683 
0.3399999999999789, -1.4248540225905784 
0.3499999999999778, -1.4252590644593837 
0.35999999999997667, -1.4249683383313885 
0.36999999999997557, -1.4244849898961554 
0.37999999999997447, -1.4246083921001313 
0.38999999999997337, -1.4260489572249493 
0.39999999999997227, -1.4282664470927018 
0.40999999999997117, -1.4303255501213075 
0.41999999999997006, -1.431860865421066 
0.42999999999996896, -1.432836257468982 
0.43999999999996786, -1.4332851377364582 
0.44999999999996676, -1.4332434113016481 
0.45999999999996566, -1.4327415788961635 
0.46999999999996456, -1.431815895841322 
0.47999999999996346, -1.430527080971174 
0.48999999999996235, -1.4289878439070332 
0.49999999999996125, -1.4274637885347472 
0.5099999999999602, -1.426446493270878 
0.519999999999959, -1.4261390075926614 
0.529999999999958, -1.4260877245792976 
0.5399999999999568, -1.4257542317539178 
0.5499999999999557, -1.424610565974594 
0.5599999999999546, -1.421428995164527 
0.5699999999999535, -1.4126646695702725 
0.5799999999999524, -1.3892351666184084 
0.5899999999999513, -1.3356467805151617 
0.5999999999999502, -1.253967921663404 
0.6099999999999491, -1.1961604606166005 
0.619999999999948, -1.1847888352370584 
0.6299999999999469, -1.1888606700003812 
0.6399999999999458, -1.1922474395065052 
0.6499999999999447, -1.1936754795983266 
0.6599999999999436, -1.193983017248468 
0.6699999999999425, -1.1935363597043247 
0.6799999999999414, -1.1921281108001962 
0.6899999999999403, -1.188854232893734 
0.6999999999999392, -1.1826532205823408 
0.7099999999999381, -1.1801754536037987 
0.719999999999937, -1.2159358060092451 
0.7299999999999359, -1.3087822802969562 
0.7399999999999348, -1.3908036681159641 
0.7499999999999337, -1.4289371878255481 
0.7599999999999326, -1.442415344159545 
0.7699999999999315, -1.4467474499450592 
0.7799999999999304, -1.4479680311543852 
0.7899999999999293, -1.4480480042913009 
0.7999999999999282, -1.4476778572754292 
0.8099999999999271, -1.447378418071529 
0.819999999999926, -1.4477326636593677 
0.8299999999999249, -1.4487518721645922 
0.8399999999999238, -1.4499071319902515 
0.8499999999999227, -1.4508420782765763 
0.8599999999999216, -1.4514198313085145 
0.8699999999999205, -1.4515733586316992 
0.8799999999999194, -1.4512620494472912 
0.8899999999999183, -1.4504518487058005 
0.8999999999999172, -1.449101084029892 
0.9099999999999161, -1.447161081054913 
0.919999999999915, -1.4446259244037132 
0.9299999999999139, -1.4417708931213253 
0.9399999999999128, -1.4395266619166156 
0.9499999999999117, -1.4387063403945273 
0.9599999999999106, -1.438716439875115 
0.9699999999999095, -1.4386331711028741 
0.9799999999999084, -1.4379340428761005 
0.9899999999999073, -1.4357290999947332 
0.9999999999999062, -1.4288844065709343 
1.0099999999999052, -1.4061649689293902 
1.019999999999904, -1.337602235047798 
1.029999999999903, -1.2170489083724423 
1.039999999999902, -1.1521550806207184 
1.0499999999999008, -1.165985670622699 
1.0599999999998997, -1.1875644178542517 
1.0699999999998986, -1.1975784444916124 
1.0799999999998975, -1.2012027991441978 
1.0899999999998964, -1.2023309990112485 
1.0999999999998953, -1.2023936945022418 
1.1099999999998942, -1.20174301395781 
1.119999999999893, -1.2002707673221202 
1.129999999999892, -1.198177022494435 
1.1399999999998909, -1.1992691129784108 
1.1499999999998898, -1.2150342252857866 
1.1599999999998887, -1.2498262578302644 
1.1699999999998876, -1.2868751491827584 
1.1799999999998865, -1.3125792105732534 
1.1899999999998854, -1.3264787071010362 
1.1999999999998843, -1.3328064027861 
1.2099999999998832, -1.3352810517328684 
1.219999999999882, -1.3360121381273582 
1.229999999999881, -1.335959025951128 
1.2399999999998799, -1.3355860824687027 
1.2499999999998788, -1.3353321365371478 
1.2599999999998777, -1.3356576069427073 
1.2699999999998766, -1.3365909978113641 
1.2799999999998755, -1.3377398371431393 
1.2899999999998744, -1.3387758089553934 
1.2999999999998733, -1.3395373754533173 
1.3099999999998722, -1.3399469737275427 
1.319999999999871, -1.3399727201157388 
1.32999999999987, -1.3396058174040864 
1.3399999999998689, -1.3388464083361336 
1.3499999999998678, -1.3377076147017637 
1.3599999999998666, -1.3362359725625645 
1.3699999999998655, -1.3345456929392905 
1.3799999999998644, -1.3329015960957091 
1.3899999999998633, -1.3317545180934551 
1.3999999999998622, -1.3313321396174342 
1.4099999999998611, -1.3312792739480312 
1.41999999999986, -1.33109088147649 
1.429999999999859, -1.3303521427976985 
1.4399999999998578, -1.3283872917181374 
1.4499999999998567, -1.3236206842073976 
1.4599999999998556, -1.3128141823499384 
1.4699999999998545, -1.2911272298717091 
1.4799999999998534, -1.2554942375987905 
1.4899999999998523, -1.2136361595269383 
1.4999999999998512, -1.1858190044926147 
1.5099999999998501, -1.1785666870565688 
1.519999999999849, -1.1796304263947606 
1.529999999999848, -1.181155910213708 
1.5399999999998468, -1.1818123653735226 
1.5499999999998457, -1.1817356898498266 
1.5599999999998446, -1.1808784410105615 
1.5699999999998435, -1.1785278370717505 
1.5799999999998424, -1.1723362178195258 
1.5899999999998413, -1.1563379811732604 
1.5999999999998402, -1.124417946966841 
1.6099999999998391, -1.1038950444707134 
1.619999999999838, -1.1596918348251377 
1.629999999999837, -1.2547980607140325 
1.6399999999998358, -1.3077895819060503 
1.6499999999998347, -1.3259031147369418 
1.6599999999998336, -1.3313851219537696 
1.6699999999998325, -1.332948881357371 
1.6799999999998314, -1.3331489777599066 
1.6899999999998303, -1.3326991952901945 
1.6999999999998292, -1.3319622473177906 
1.709999999999828, -1.3320180373641688 
1.719999999999827, -1.3348738190460832 
1.729999999999826, -1.3405568488781894 
1.7399999999998248, -1.3466399857188256 
1.7499999999998237, -1.3515656123470625 
1.7599999999998226, -1.355085433500365 
1.7699999999998215, -1.357355377896032 
1.7799999999998204, -1.3585863453067921 
1.7899999999998193, -1.3590119015123776 
1.7999999999998182, -1.3588715358664607 
1.809999999999817, -1.3583888478000663 
1.819999999999816, -1.3577897959779737 
1.8299999999998149, -1.3572785806296015 
1.8399999999998138, -1.3569617861709578 
1.8499999999998127, -1.3568710553823244 
1.8599999999998116, -1.3569390548236688 
1.8699999999998105, -1.3569513864514415 
1.8799999999998094, -1.3566483017485822 
1.8899999999998083, -1.3557585725431218 
1.8999999999998072, -1.3539503672402693 
1.909999999999806, -1.3508485411941977 
1.919999999999805, -1.3460954104694458 
1.9299999999998039, -1.339412072426569 
1.9399999999998028, -1.3309951178376778 
1.9499999999998017, -1.3227208340622294 
1.9599999999998006, -1.3179590716105571 
1.9699999999997995, -1.3170990460693908 
1.9799999999997984, -1.3175093900845156 
1.9899999999997973, -1.317691020104914 
1.9999999999997962, -1.3172764823864875 
2.0099999999998173, -1.3157906605194722 
2.0199999999998384, -1.3114909819636897 
2.0299999999998595, -1.2984433494396792 
2.0399999999998806, -1.2608808871266535 
2.0499999999999017, -1.1911958774181792 
2.059999999999923, -1.162447114427118 
2.069999999999944, -1.2192517674902488 
2.079999999999965, -1.2745249217229577 
2.089999999999986, -1.2972769742749064 
2.100000000000007, -1.3045622625699187 
2.1100000000000283, -1.3067531026408366 
2.1200000000000494, -1.3072117593830634 
2.1300000000000705, -1.3068888596371802 
2.1400000000000916, -1.30606753704041 
2.1500000000001127, -1.305413847778865 
2.160000000000134, -1.3072768027993178 
2.170000000000155, -1.3139123029888584 
2.180000000000176, -1.323116175334012 
2.190000000000197, -1.3313952323826688 
2.2000000000002182, -1.3375203168932526 
2.2100000000002393, -1.3415679967472705 
2.2200000000002604, -1.3439121920501405 
2.2300000000002815, -1.344992555953847 
2.2400000000003026, -1.3452354820779067 
2.2500000000003237, -1.3449810672071132 
2.260000000000345, -1.344507207391381 
2.270000000000366, -1.344085568629787 
2.280000000000387, -1.343895269874355 
2.290000000000408, -1.3439392513694388 
2.3000000000004293, -1.3441363107789295 
2.3100000000004504, -1.344342854273794 
2.3200000000004715, -1.3443588806465614 
2.3300000000004926, -1.3439912429528618 
2.3400000000005137, -1.3430637814971411 
2.3500000000005348, -1.3414174211435683 
2.360000000000556, -1.3389233421003441 
2.370000000000577, -1.3354752636010723 
2.380000000000598, -1.3310344517978465 
2.390000000000619, -1.3259547820299489 
2.4000000000006403, -1.3215634956675166 
2.4100000000006614, -1.319428379148769 
2.4200000000006825, -1.3191747257830901 
2.4300000000007036, -1.3193492574951333 
2.4400000000007247, -1.3191958502940777 
2.450000000000746, -1.3183181562949302 
2.460000000000767, -1.3157464914707997 
2.470000000000788, -1.3081798111981218 
2.480000000000809, -1.28491309682182 
2.49000000000083, -1.219996313227691 
2.5000000000008513, -1.0989131916388777 
2.5100000000008724, -0.9890384206919919 
2.5200000000008935, -0.9460515528752215 
2.5300000000009146, -0.9418435020444662 
2.5400000000009357, -0.9458621720378626 
2.550000000000957, -0.9490109345796107 
2.560000000000978, -0.9505891290368831 
2.570000000000999, -0.9511627802635771 
2.58000000000102, -0.951073675310385 
2.5900000000010412, -0.9502979108539762 
2.6000000000010624, -0.9482924121594583 
2.6100000000010835, -0.943352504140891 
2.6200000000011046, -0.9309178180091267 
2.6300000000011257, -0.9014602687033572 
2.6400000000011468, -0.8460682316656778 
2.650000000001168, -0.7758532197191822 
2.660000000001189, -0.717502400010267 
2.67000000000121, -0.6821458525800044 
2.680000000001231, -0.66456899384048 
2.6900000000012523, -0.656987378412161 
2.7000000000012734, -0.6541684589040446 
2.7100000000012945, -0.6533409572906245 
2.7200000000013156, -0.6532180341695573 
2.7300000000013367, -0.6532549622433671 
2.740000000001358, -0.6532270000101738 
2.750000000001379, -0.6530265637857894 
2.7600000000014, -0.6525908243324783 
2.770000000001421, -0.6519097150318733 
2.780000000001442, -0.6510591613539304 
2.7900000000014633, -0.6501782814959471 
2.8000000000014844, -0.6493815778253541 
2.8100000000015055, -0.6486995933487176 
2.8200000000015266, -0.648096755116071 
2.8300000000015477, -0.6475278510509075 
2.840000000001569, -0.6469832567440796 
2.85000000000159, -0.6465070152624424 
2.860000000001611, -0.6462026442413621 
2.870000000001632, -0.6462396254867323 
2.8800000000016532, -0.6468563943237484 
2.8900000000016743, -0.648353237337811 
2.9000000000016954, -0.6510837189253615 
2.9100000000017165, -0.6554637034444686 
2.9200000000017377, -0.6619908116716339 
2.9300000000017588, -0.6711722787066444 
2.94000000000178, -0.6830872768240167 
2.950000000001801, -0.6964152911083813 
2.960000000001822, -0.7081771107473366 
2.970000000001843, -0.7160334155437279 
2.9800000000018643, -0.7201883296274951 
2.9900000000018854, -0.7220525100033242 
3.0000000000019065, -0.7227132241391189 
3.0100000000019276, -0.7226915521529478 
3.0200000000019487, -0.7221131839962961 
3.03000000000197, -0.7207668949266448 
3.040000000001991, -0.7178861170534864 
3.050000000002012, -0.7112883759935023 
3.060000000002033, -0.6947240346056093 
3.070000000002054, -0.6527230448331601 
3.0800000000020753, -0.5696742681478755 
3.0900000000020964, -0.47543707149793063 
3.1000000000021175, -0.41472762118707307 
3.1100000000021386, -0.3854226281421299 
3.1200000000021597, -0.3720289076439584 
3.130000000002181, -0.36572735280854046 
3.140000000002202, -0.36266289001107277 
3.150000000002223, -0.3611716811859827 
3.160000000002244, -0.36050520998705987 
3.1700000000022652, -0.36031697640332655 
3.1800000000022863, -0.3604555524013453 
3.1900000000023074, -0.3608836806116678 
3.2000000000023285, -0.3616569199546957 
3.2100000000023496, -0.3629368454187603 
3.2200000000023707, -0.36502395449453673 
3.230000000002392, -0.36837269740640766 
3.240000000002413, -0.37344288996438546 
3.250000000002434, -0.3801075123541287 
3.260000000002455, -0.3869675163069222 
3.2700000000024763, -0.39220672529322687 
3.2800000000024974, -0.39530039644132425 
3.2900000000025185, -0.39682454658665467 
3.3000000000025396, -0.3974220693805475 
3.3100000000025607, -0.3974426175304837 
3.3200000000025818, -0.39697555199465656 
3.330000000002603, -0.39590199075473426 
3.340000000002624, -0.39392598863310174 
3.350000000002645, -0.39074512753192747 
3.360000000002666, -0.3865145524021841 
3.3700000000026873, -0.38209344319370075 
3.3800000000027084, -0.37838714742924334 
3.3900000000027295, -0.375693482333191 
3.4000000000027506, -0.373849918359353 
3.4100000000027717, -0.37258734778039215 
3.420000000002793, -0.3716911641129178 
3.430000000002814, -0.37103332449309784 
3.440000000002835, -0.37056735130299767 
3.450000000002856, -0.37032568327761656 
3.460000000002877, -0.3704437483138373 
3.4700000000028983, -0.3712441821769841 
3.4800000000029194, -0.37345958723475703 
3.4900000000029405, -0.37881226992999634 
3.5000000000029616, -0.3915548777201048 
3.5100000000029827, -0.4222254932365768 
3.520000000003004, -0.491752713343285 
3.530000000003025, -0.6086125385889777 
3.540000000003046, -0.7172778451421592 
3.550000000003067, -0.7739480235163975 
3.5600000000030882, -0.7965332357808271 
3.5700000000031094, -0.805281121577424 
3.5800000000031305, -0.8087931424265715 
3.5900000000031516, -0.8101911167127647 
3.6000000000031727, -0.8106059850290791 
3.6100000000031938, -0.8103969471763883 
3.620000000003215, -0.8095013222283197 
3.630000000003236, -0.8073704951191021 
3.640000000003257, -0.8025112572615386 
3.650000000003278, -0.7917418213079784 
3.6600000000032993, -0.7709600393061276 
3.6700000000033204, -0.7406240529825582 
3.6800000000033415, -0.7089761057885405 
3.6900000000033626, -0.6838027847170969 
3.7000000000033837, -0.6668726764739186 
3.710000000003405, -0.656610746784548 
3.720000000003426, -0.6509171930588221 
3.730000000003447, -0.6480691397934653 
3.740000000003468, -0.6468365837599204 
3.750000000003489, -0.6464214775441409 
3.7600000000035103, -0.6463539160052083 
3.7700000000035314, -0.6463791817248886 
3.7800000000035525, -0.6463656275554417 
3.7900000000035736, -0.6462529257627666 
3.8000000000035947, -0.6460397671064834 
3.810000000003616, -0.6457818379576695 
3.820000000003637, -0.6455591104962454 
3.830000000003658, -0.6454159242856686 
3.840000000003679, -0.6453255537149606 
3.8500000000037002, -0.6452122416071588 
3.8600000000037213, -0.6450099875922625 
3.8700000000037424, -0.6447050011577885 
3.8800000000037635, -0.6443425621978909 
3.8900000000037847, -0.6440330005753456 
3.9000000000038058, -0.6439921987838343 
3.910000000003827, -0.6446244445255933 
3.920000000003848, -0.646634095657027 
3.930000000003869, -0.651140380848934 
3.94000000000389, -0.6597674515406657 
3.9500000000039113, -0.6746219888691783 
3.9600000000039324, -0.6976977752519165 
3.9700000000039535, -0.7285167580768901 
3.9800000000039746, -0.7605676751000963 
3.9900000000039957, -0.7843611144154651 
4.000000000004016, -0.7972334794927431 
4.010000000003993, -0.8029577701808434 
4.02000000000397, -0.8052701362925496 
4.030000000003946, -0.8060656938311598 
4.040000000003923, -0.8060852933826742 
4.0500000000039, -0.805500362061746 
4.0600000000038765, -0.8040743272711126 
4.070000000003853, -0.8009309147425027 
4.08000000000383, -0.7936035918828749 
4.090000000003807, -0.7752004952338469 
4.100000000003783, -0.7285468415200376 
4.11000000000376, -0.6326575472306234 
4.120000000003737, -0.5162673371757923 
4.130000000003713, -0.4391381591508819 
4.14000000000369, -0.40306180091997396 
4.150000000003667, -0.3875504071941118 
4.1600000000036434, -0.38074734092077717 
4.17000000000362, -0.377673849074059 
4.180000000003597, -0.3762878661070743 
4.1900000000035735, -0.375715046436221 
4.20000000000355, -0.3755660412940486 
4.210000000003527, -0.37567068264700343 
4.220000000003504, -0.3759743539455263 
4.23000000000348, -0.37650423481362144 
4.240000000003457, -0.377368010181442 
4.250000000003434, -0.3787612002970981 
4.26000000000341, -0.38095012223780256 
4.270000000003387, -0.3841519831708428 
4.280000000003364, -0.3882124569866227 
4.2900000000033405, -0.39233176086000443 
4.300000000003317, -0.39553791707115704 
4.310000000003294, -0.39749447570768665 
4.320000000003271, -0.3984503811700538 
4.330000000003247, -0.39873614668976765 
4.340000000003224, -0.3985219707129981 
4.350000000003201, -0.39777491825095873 
4.360000000003177, -0.3962189688242514 
4.370000000003154, -0.3932791432341868 
4.380000000003131, -0.38829034075091384 
4.390000000003107, -0.3814081176863153 
4.400000000003084, -0.3742332879910636 
4.410000000003061, -0.3684242299445273 
4.4200000000030375, -0.3643871014450615 
4.430000000003014, -0.3617330652234397 
4.440000000002991, -0.3599818519488288 
4.450000000002968, -0.3587946581795178 
4.460000000002944, -0.35797926440655464 
4.470000000002921, -0.35745618661208733 
4.480000000002898, -0.3572394059849355 
4.490000000002874, -0.3574482855540866 
4.500000000002851, -0.35837183893727703 
4.510000000002828, -0.3606399944098874 
4.520000000002804, -0.36565206512159465 
4.530000000002781, -0.37665984984688394 
4.540000000002758, -0.4013112118610322 
4.5500000000027345, -0.4547890018227645 
4.560000000002711, -0.5468991407113739 
4.570000000002688, -0.6402234707923686 
4.580000000002665, -0.691969666793761 
4.590000000002641, -0.712596483757361 
4.600000000002618, -0.7204720385692827 
4.610000000002595, -0.7236431964609088 
4.620000000002571, -0.7249298318623483 
4.630000000002548, -0.725326324959671 
4.640000000002525, -0.725147742152433 
4.6500000000025015, -0.7243522521562341 
4.660000000002478, -0.7225382448864214 
4.670000000002455, -0.7187805318154031 
4.6800000000024315, -0.7116829218595404 
4.690000000002408, -0.7005511430853358 
4.700000000002385, -0.6871076595193096 
4.710000000002362, -0.6744264533794156 
4.720000000002338, -0.6642855730543827 
4.730000000002315, -0.6568568216107094 
4.740000000002292, -0.6516857883478838 
4.750000000002268, -0.6482652617772895 
4.760000000002245, -0.6461657159857825 
4.770000000002222, -0.6450241996301909 
4.7800000000021985, -0.6445301029631576 
4.790000000002175, -0.6444309595532703 
4.800000000002152, -0.6445415485208069 
4.810000000002129, -0.6447435434843267 
4.820000000002105, -0.6449794032982347 
4.830000000002082, -0.6452470484089969 
4.840000000002059, -0.645586637866977 
4.850000000002035, -0.6460419837823644 
4.860000000002012, -0.6466025415521737 
4.870000000001989, -0.647169541696588 
4.880000000001965, -0.647596557654748 
4.890000000001942, -0.6477825005550174 
4.900000000001919, -0.647716746029581 
4.9100000000018955, -0.6474508875146673 
4.920000000001872, -0.6470741958866045 
4.930000000001849, -0.646758408448843 
4.940000000001826, -0.6469206005034261 
4.950000000001802, -0.6485982640963398 
4.960000000001779, -0.6541943446724526 
4.970000000001756, -0.6686944572856677 
4.980000000001732, -0.7006703167871131 
4.990000000001709, -0.7588811072763357 
5.000000000001686, -0.8369079742794827 
5.0100000000016625, -0.904660729340065 
5.020000000001639, -0.9426645609922667 
5.030000000001616, -0.9586919143814283 
5.0400000000015925, -0.9647330252276695 
5.050000000001569, -0.9669154949648994 
5.060000000001546, -0.9675576199298527 
5.070000000001523, -0.9674289701110765 
5.080000000001499, -0.9666637279378969 
5.090000000001476, -0.9650160024882865 
5.100000000001453, -0.961993798365268 
5.110000000001429, -0.9580077311714336 
5.120000000001406, -0.9602904946916468 
5.130000000001383, -0.9956735821037821 
5.1400000000013595, -1.095427607688643 
5.150000000001336, -1.2164493382118118 
5.160000000001313, -1.2869111843194267 
5.17000000000129, -1.3131910889396514 
5.180000000001266, -1.3215842803221525 
5.190000000001243, -1.3241468719080574 
5.20000000000122, -1.3247524183757904 
5.210000000001196, -1.3245604213740452 
5.220000000001173, -1.3240065171531012 
5.23000000000115, -1.3237407100338112 
5.240000000001126, -1.3250117342682346 
5.250000000001103, -1.3282693046911744 
5.26000000000108, -1.3322534424695833 
5.2700000000010565, -1.33576913547054 
5.280000000001033, -1.338453661166131 
5.29000000000101, -1.3403149943602697 
5.300000000000987, -1.3414294567414433 
5.310000000000963, -1.3418886331200823 
5.32000000000094, -1.3418120676915102 
5.330000000000917, -1.3413459519843471 
5.340000000000893, -1.3406620538813352 
5.35000000000087, -1.3399491664667365 
5.360000000000847, -1.3393616147655363 
5.3700000000008234, -1.3390100950972472 
5.3800000000008, -1.3389271242004261 
5.390000000000777, -1.3389483179250838 
5.4000000000007535, -1.3387905929778383 
5.41000000000073, -1.3381644164629036 
5.420000000000707, -1.3367128966875683 
5.430000000000684, -1.3339590414230909 
5.44000000000066, -1.3293801319035 
5.450000000000637, -1.3225239385205996 
5.460000000000614, -1.3132290172285548 
5.47000000000059, -1.302574600399881 
5.480000000000567, -1.2941404543094743 
5.490000000000544, -1.2909155036669107 
5.5000000000005205, -1.2909440671267367 
5.510000000000497, -1.2914224735075395 
5.520000000000474, -1.2914510289957741 
5.5300000000004506, -1.2907865217364995 
5.540000000000427, -1.2887466329199915 
5.550000000000404, -1.2828679803349947 
5.560000000000381, -1.2651992126549632 
5.570000000000357, -1.2180811497668913 
5.580000000000334, -1.1461039572681122 
5.590000000000311, -1.1294365625329639 
5.600000000000287, -1.181828524503032 
5.610000000000264, -1.2257696610949138 
5.620000000000241, -1.2437928429016263 
5.6300000000002175, -1.2497930146350957 
5.640000000000194, -1.2516538663815162 
5.650000000000171, -1.2520144185793454 
5.660000000000148, -1.2516254532869324 
5.670000000000124, -1.2506481951439101 
5.680000000000101, -1.2495623927628783 
5.690000000000078, -1.2510857577300358 
5.700000000000054, -1.2600397623260577 
5.710000000000031, -1.2755682144652287 
5.720000000000008, -1.2910850754847265 
5.729999999999984, -1.3028007344393446 
5.739999999999961, -1.3103429757009806 
5.749999999999938, -1.3145447793836997 
5.7599999999999145, -1.3164998461327646 
5.769999999999891, -1.3171479749173305 
5.779999999999868, -1.3171002112280925 
5.789999999999845, -1.316734438257233 
5.799999999999821, -1.3163944766331948 
5.809999999999798, -1.3163991246665323 
5.819999999999775, -1.3168000087762533 
5.829999999999751, -1.3174009668968463 
5.839999999999728, -1.317998003571087 
5.849999999999705, -1.3184296677819283 
5.8599999999996815, -1.3185695736147456 
5.869999999999658, -1.3183367691709968 
5.879999999999635, -1.3176890402798747 
5.8899999999996115, -1.3166071233044736 
5.899999999999588, -1.3150821774462835 
5.909999999999565, -1.3131255124189933 
5.919999999999542, -1.3108222132511924 
5.929999999999518, -1.308471987611795 
5.939999999999495, -1.3066958932738448 
5.949999999999472, -1.305942088042111 
5.959999999999448, -1.305853510373826 
5.969999999999425, -1.3057809301222383 
5.979999999999402, -1.305280917104331 
5.9899999999993785, -1.3038110542063341 
5.999999999999355, -1.300036862141454 
6.009999999999332, -1.2906939778784219 
6.019999999999309, -1.2694907242115478 
6.029999999999285, -1.2295357394400896 
6.039999999999262, -1.1748589133736094 
6.049999999999239, -1.1297089204199249 
6.059999999999215, -1.1116513824142096 
6.069999999999192, -1.1100931136432914 
6.079999999999169, -1.1118813720869587 
6.089999999999145, -1.1130900634151046 
6.099999999999122, -1.1134775008617612 
6.109999999999099, -1.1131943145530105 
6.1199999999990755, -1.1120455231817767 
6.129999999999052, -1.1090219015441793 
6.139999999999029, -1.1008860706009889 
6.149999999999006, -1.0783152108511782 
6.159999999998982, -1.0213677392807683 
6.169999999998959, -0.9163986943558687 
6.179999999998936, -0.7999213886512057 
6.189999999998912, -0.726014616644147 
6.199999999998889, -0.6968950046732784 
6.209999999998866, -0.689181299260956 
6.2199999999988425, -0.688260599129137 
6.229999999998819, -0.6888293690950227 
6.239999999998796, -0.689426140693183 
6.2499999999987725, -0.6897484787185423 
6.259999999998749, -0.6897533730246613 
6.269999999998726, -0.6893937925339468 
6.279999999998703, -0.6885448699987049 
6.289999999998679, -0.6870219802832769 
6.299999999998656, -0.6847281801296501 
6.309999999998633, -0.6818612973695946 
6.319999999998609, -0.6788718913455322 
6.329999999998586, -0.6761477590917946 
6.339999999998563, -0.6738402585617854 
6.3499999999985395, -0.6719403072563632 
6.359999999998516, -0.6704008245621984 
6.369999999998493, -0.6691983218569094 
6.37999999999847, -0.6683402719071806 
6.389999999998446, -0.6678473900709051 
6.399999999998423, -0.6677322533453991 
6.4099999999984, -0.6679872685022529 
6.419999999998376, -0.6685879760380711 
6.429999999998353, -0.6695100211505093 
6.43999999999833, -0.6707510827330146 
6.449999999998306, -0.672342708816452 
6.459999999998283, -0.6743287720381844 
6.46999999999826, -0.6766848203324431 
6.4799999999982365, -0.6791970001084353 
6.489999999998213, -0.681449186003227 
6.49999999999819, -0.6830644719085514 
6.509999999998167, -0.6839542636889508 
6.519999999998143, -0.6842557285370043 
6.52999999999812, -0.684131812242707 
6.539999999998097, -0.6836745318048256 
6.549999999998073, -0.6829184774347917 
6.55999999999805, -0.6819568683194145 
6.569999999998027, -0.6813433238138775 
6.5799999999980034, -0.6834095123383178 
6.58999999999798, -0.6958442965151637 
6.599999999997957, -0.7370622945635712 
6.6099999999979335, -0.8270556433510986 
6.61999999999791, -0.944525362149754 
6.629999999997887, -1.0328547328338893 
6.639999999997864, -1.0752108993165028 
6.64999999999784, -1.0911008278187764 
6.659999999997817, -1.0966448331017913 
6.669999999997794, -1.0985120320842585 
6.67999999999777, -1.0989565807171067 
6.689999999997747, -1.0986491920052632 
6.699999999997724, -1.0976297279763276 
6.7099999999977005, -1.0956444314726403 
6.719999999997677, -1.0931072936883104 
6.729999999997654, -1.0956175849665983 
6.7399999999976306, -1.1206855437825434 
6.749999999997607, -1.1794275602677597 
6.759999999997584, -1.2446330149423632 
6.769999999997561, -1.2871039796393249 
6.779999999997537, -1.3070073568703826 
6.789999999997514, -1.3147864208640763 
6.799999999997491, -1.3175020596345854 
6.809999999997467, -1.3182485803389803 
6.819999999997444, -1.3181729136317026 
6.829999999997421, -1.317756548169546 
6.8399999999973975, -1.3175100667252466 
6.849999999997374, -1.3181450812739108 
6.859999999997351, -1.319836604767718 
6.869999999997328, -1.3219424271645936 
6.879999999997304, -1.323859370646964 
6.889999999997281, -1.3253553679248204 
6.899999999997258, -1.3263825256769501 
6.909999999997234, -1.3269458274911201 
6.919999999997211, -1.3270626129182237 
6.929999999997188, -1.326762815005577 
6.939999999997164, -1.3261042756720265 
6.949999999997141, -1.3251862767486542 
6.959999999997118, -1.3241499731814301 
6.9699999999970945, -1.3231676316602459 
6.979999999997071, -1.3224544629650525 
6.989999999997048, -1.322154624365602 
6.999999999997025, -1.3221096206054743 
7.009999999997001, -1.3219709256845302 
7.019999999996978, -1.32139853061465 
7.029999999996955, -1.31995434040925 
7.039999999996931, -1.3169043583213909 
7.049999999996908, -1.3111987616495668 
7.059999999996885, -1.3017373566902835 
7.0699999999968615, -1.2879052511909455 
7.079999999996838, -1.270996964891011 
7.089999999996815, -1.2564504860335515 
7.0999999999967915, -1.2500022619004678 
7.109999999996768, -1.2495270577669477 
7.119999999996745, -1.250310613134133 
7.129999999996722, -1.2506784734733456 
7.139999999996698, -1.2504200794911005 
7.149999999996675, -1.249260821867622 
7.159999999996652, -1.246022681401862 
7.169999999996628, -1.236797702073689 
7.179999999996605, -1.2110678340348515 
7.189999999996582, -1.1584821601418664 
7.1999999999965585, -1.1217500326412533 
7.209999999996535, -1.1665991984545574 
7.219999999996512, -1.2353553807864306 
7.229999999996489, -1.269981083079778 
7.239999999996465, -1.2817919480613216 
7.249999999996442, -1.2854747840308685 
7.259999999996419, -1.2864898379146181 
7.269999999996395, -1.286462070215608 
7.279999999996372, -1.2858246801242363 
7.289999999996349, -1.2848717818137994 
7.299999999996325, -1.2850391390407956 
7.309999999996302, -1.2895628541519968 
7.319999999996279, -1.2990671289146964 
7.3299999999962555, -1.3095917990724544 
7.339999999996232, -1.3181449346635772 
7.349999999996209, -1.3241293205150628 
7.359999999996186, -1.3278462290835424 
7.369999999996162, -1.329809869538899 
7.379999999996139, -1.3305776444181034 
7.389999999996116, -1.3306184425409031 
7.399999999996092, -1.3302705719050585 
7.409999999996069, -1.3298271061242621 
7.419999999996046, -1.3295656783756327 
7.4299999999960225, -1.329598775453983 
7.439999999995999, -1.3298480221951652 
7.449999999995976, -1.3301808644660542 
7.4599999999959525, -1.3304326186991056 
7.469999999995929, -1.3304269133688944 
7.479999999995906, -1.3300165384074685 
7.489999999995883, -1.3290876238493612 
7.499999999995859, -1.3275598684217527 
7.509999999995836, -1.3253778431427992 
7.519999999995813, -1.3225016693650375 
7.529999999995789, -1.3189766503774054 
7.539999999995766, -1.315210467416957 
7.549999999995743, -1.312262499997287 
7.5599999999957195, -1.3110113951628928 
7.569999999995696, -1.3109157443898094 
7.579999999995673, -1.3109619757161122 
7.58999999999565, -1.3106104966294225 
7.599999999995626, -1.3093785723969174 
7.609999999995603, -1.3059455400440736 
7.61999999999558, -1.2962203138679989 
7.629999999995556, -1.2689887153608548 
7.639999999995533, -1.2042894908919408 
7.64999999999551, -1.1027040210002208 
7.659999999995486, -1.019566064665609 
7.669999999995463, -0.9875884178092041 
7.67999999999544, -0.9837180153411781 
7.6899999999954165, -0.9860383503561554 
7.699999999995393, -0.9879892588215163 
7.70999999999537, -0.9889221322555533 
7.719999999995347, -0.9891179720264058 
7.729999999995323, -0.9886880835455228 
7.7399999999953, -0.9873486810219945 
7.749999999995277, -0.9840025818550222 
7.759999999995253, -0.9754680702191743 
7.76999999999523, -0.9537887636563029 
7.779999999995207, -0.9059666965606296 
7.789999999995183, -0.8304082692851352 
7.79999999999516, -0.754474791520588 
7.809999999995137, -0.7036030780415549 
7.8199999999951135, -0.6776243161100854 
7.82999999999509, -0.6665027121705218 
7.839999999995067, -0.6624348567108373 
7.849999999995044, -0.6612516012823977 
7.85999999999502, -0.6610708715532396 
7.869999999994997, -0.6611319314526489 
7.879999999994974, -0.6611436597924187 
7.88999999999495, -0.660979692953397 
7.899999999994927, -0.6605604504143088 
7.909999999994904, -0.6598414043081584 
7.9199999999948805, -0.6588600375133636 
7.929999999994857, -0.6577552415672431 
7.939999999994834, -0.6566902434491352 
7.9499999999948106, -0.6557539943724152 
7.959999999994787, -0.6549446673284637 
7.969999999994764, -0.6542210774212713 
7.979999999994741, -0.653559127297704 
7.989999999994717, -0.6529810784030098 
7.999999999994694, -0.6525622619969452 
8.00999999999467, -0.6524292168066504 
8.019999999994647, -0.6527517852883787 
8.029999999994624, -0.6537277176808657 
8.0399999999946, -0.6555688861013506 
8.049999999994577, -0.6585054560844891 
8.059999999994554, -0.6628096353627219 
8.06999999999453, -0.6687955343744652 
8.079999999994508, -0.6766666825995187 
8.089999999994484, -0.6860299061529844 
8.099999999994461, -0.6953447665519819 
8.109999999994438, -0.7025781055514952 
8.119999999994414, -0.7069480091813601 
8.129999999994391, -0.7091089517944836 
8.139999999994368, -0.7099730870401328 
8.149999999994344, -0.7101003462080684 
8.159999999994321, -0.7096947324701048 
8.169999999994298, -0.7086703536419134 
8.179999999994275, -0.7065575722522317 
8.189999999994251, -0.7020301585123271 
8.199999999994228, -0.6913049891248952 
8.209999999994205, -0.6633477529656663 
8.219999999994181, -0.5950381732689212 
8.229999999994158, -0.48646970657530225 
8.239999999994135, -0.39792062183556404 
8.249999999994111, -0.3531879865429453 
8.259999999994088, -0.33365815388386233 
8.269999999994065, -0.32495043861604045 
8.279999999994041, -0.32085429358188633 
8.289999999994018, -0.31886391555708116 
8.299999999993995, -0.31792467885690096 
8.309999999993972, -0.31757279355903156 
8.319999999993948, -0.31761037994182734 
8.329999999993925, -0.31798333224158687 
8.339999999993902, -0.31874706564838323 
8.349999999993878, -0.3200838078770631 
8.359999999993855, -0.3223643563099433 
8.369999999993832, -0.326242887710859 
8.379999999993808, -0.3326542034498159 
8.389999999993785, -0.3421772712132651 
8.399999999993762, -0.35335155889137737 
8.409999999993738, -0.36268051797804846 
8.419999999993715, -0.3683320624845949 
8.429999999993692, -0.37113723244350183 
8.439999999993669, -0.37238057819662534 
8.449999999993645, -0.372811836797752 
8.459999999993622, -0.3727409326085727 
8.469999999993599, -0.37222962678969923 
8.479999999993575, -0.3711977009393084 
8.489999999993552, -0.3695319884882874 
8.499999999993529, -0.36728597233521704 
8.509999999993505, -0.36482796878131685 
8.519999999993482, -0.3626409298786446 
8.529999999993459, -0.360982697652503 
8.539999999993436, -0.35983838867535 
8.549999999993412, -0.35906718238315244 
8.559999999993389, -0.35851667050661923 
8.569999999993366, -0.3580743836700359 
8.579999999993342, -0.35768422782954656 
8.589999999993319, -0.3573468470212135 
8.599999999993296, -0.35712918900293983 
8.609999999993272, -0.3572201549356807 
8.619999999993249, -0.3581066844534254 
8.629999999993226, -0.3610792356801388 
8.639999999993202, -0.36962072430117776 
8.64999999999318, -0.39208063121880793 
8.659999999993156, -0.43543620416721884 
8.669999999993133, -0.45177515280650377 
8.67999999999311, -0.3780765539370079 
8.689999999993086, -0.302528623740481 
8.699999999993063, -0.2681473515921304 
8.70999999999304, -0.25491313652199143 
8.719999999993016, -0.24960342346161504 
8.729999999992993, -0.24733109187723193 
8.73999999999297, -0.24633911048432516 
8.749999999992946, -0.24595717267063036 
8.759999999992923, -0.24592494212847307 
8.7699999999929, -0.24616554492043902 
8.779999999992876, -0.24671830633380334 
8.789999999992853, -0.24774431785082893 
8.79999999999283, -0.24958657453699262 
8.809999999992806, -0.2528880785320288 
8.819999999992783, -0.2586959508353267 
8.82999999999276, -0.26804642802692824 
8.839999999992736, -0.28008798397995127 
8.849999999992713, -0.2909376058707889 
8.85999999999269, -0.29773471763120984 
8.869999999992666, -0.3011131630591059 
8.879999999992643, -0.3026268535667158 
8.88999999999262, -0.30322281475088037 
8.899999999992596, -0.30331098130782286 
8.909999999992573, -0.30302756485422466 
8.91999999999255, -0.3023857115436144 
8.929999999992527, -0.3013823794139998 
8.939999999992503, -0.3001109781609992 
8.94999999999248, -0.29880518729154243 
8.959999999992457, -0.29772332482392583 
8.969999999992433, -0.29700075585115837 
8.97999999999241, -0.29662784281472393 
8.989999999992387, -0.2965022760485092 
8.999999999992363, -0.29648201720142797 
9.00999999999234, -0.2964378092327573 
9.019999999992317, -0.296288607366268 
9.029999999992294, -0.295993559245849 
9.03999999999227, -0.2955120629077938 
9.049999999992247, -0.2947416862636448 
9.059999999992224, -0.29336855232160347 
9.0699999999922, -0.2903250637566394 
9.079999999992177, -0.28183005953071427 
9.089999999992154, -0.257943767519919 
9.09999999999213, -0.2139815494733239 
9.109999999992107, -0.1735670390369867 
9.119999999992084, -0.15139998819183878 
9.12999999999206, -0.1410892844360687 
9.139999999992037, -0.13615404288938832 
9.149999999992014, -0.133601782325939 
9.15999999999199, -0.13219169493957936 
9.169999999991967, -0.13140417958053244 
9.179999999991944, -0.13104047880401848 
9.18999999999192, -0.13109145698083371 
9.199999999991897, -0.13174847639468878 
9.209999999991874, -0.1335874579108653 
9.21999999999185, -0.13819133167177403 
9.229999999991827, -0.1501334733406724 
9.239999999991804, -0.18187675672725853 
9.24999999999178, -0.24294373971190522 
9.259999999991757, -0.2375918577043782 
9.269999999991734, -0.1312360814591707 
9.27999999999171, -0.0701770613144119 
9.289999999991688, -0.04881866115083765 
9.299999999991664, -0.04092624375800086 
9.309999999991641, -0.03758762738731859 
9.319999999991618, -0.03604734689674929 
9.329999999991594, -0.03537625588270055 
9.339999999991571, -0.03527478608358411 
9.349999999991548, -0.0357546126456442 
9.359999999991524, -0.037145841785796434 
9.369999999991501, -0.04043815716898001 
9.379999999991478, -0.048544074080321395 
9.389999999991455, -0.07088639846235212 
9.399999999991431, -0.135745224812248 
9.409999999991408, -0.2591917258335083 
9.419999999991385, -0.31707972041440835 
9.429999999991361, -0.30260203352041215 
9.439999999991338, -0.28820869843244645 
9.449999999991315, -0.2818970896977135 
9.459999999991291, -0.279405156400065 
9.469999999991268, -0.2784347633838615 
9.479999999991245, -0.27807996803979623 
9.489999999991221, -0.27799148733060997 
9.499999999991198, -0.27803877136931027 
9.509999999991175, -0.27819214749930643 
9.519999999991152, -0.27849101596047726 
9.529999999991128, -0.2790472139069438 
9.539999999991105, -0.2800597484108414 
9.549999999991082, -0.2818215020608503 
9.559999999991058, -0.28465849247509 
9.569999999991035, -0.2886487437397908 
9.579999999991012, -0.29316013083414133 
9.589999999990988, -0.29702117955679935 
9.599999999990965, -0.29955385881039887 
9.609999999990942, -0.30089707056334436 
9.619999999990918, -0.3014436961332565 
9.629999999990895, -0.30145798382780176 
9.639999999990872, -0.30101725285704684 
9.649999999990849, -0.30004065784106215 
9.659999999990825, -0.298349679769185 
9.669999999990802, -0.2958546691038795 
9.679999999990779, -0.29284879327921454 
9.689999999990755, -0.2899741799622424 
9.699999999990732, -0.28772453663378733 
9.709999999990709, -0.28618501556178816 
9.719999999990685, -0.28520085394495415 
9.729999999990662, -0.28457115157504065 
9.739999999990639, -0.2841284141606774 
9.749999999990616, -0.28376127804651685 
9.759999999990592, -0.2834147520820976 
9.769999999990569, -0.2830805653732489 
9.779999999990546, -0.2827960913717276 
9.789999999990522, -0.2826723148209624 
9.799999999990499, -0.28296125557760665 
9.809999999990476, -0.28399222833708904 
9.819999999990452, -0.2840046380635215 
9.829999999990429, -0.2643470521977837 
9.839999999990406, -0.18239139320677306 
9.849999999990382, -0.09159533054430491 
9.85999999999036, -0.050337388203319226 
9.869999999990336, -0.035206083571695856 
9.879999999990313, -0.02911487655551009 
9.88999999999029, -0.02632524961096571 
9.899999999990266, -0.024931248090454543 
9.909999999990243, -0.02424741804998953 
9.91999999999022, -0.024047149620343728 
9.929999999990196, -0.024358259202714137 
9.939999999990173, -0.025503256159542322 
9.94999999999015, -0.028450455141148315 
9.959999999990126, -0.03599613784746805 
9.969999999990103, -0.055648031598933924 
9.97999999999008, -0.0898700183583453 
9.989999999990056, -0.04573624922971892 
9.999999999990033, 0.07084746547003362 
10.00999999999001, 0.11894069898263965 
10.019999999989986, 0.13321546866644607 
10.029999999989963, 0.13807228463238536 
10.03999999998994, 0.13994599835220378 
10.049999999989916, 0.14065673948944082 
10.059999999989893, 0.14079088842261056 
10.06999999998987, 0.14051284760545155 
10.079999999989846, 0.13975743718845715 
10.089999999989823, 0.13822901270177348 
10.0999999999898, 0.13556658634417124 
10.109999999989776, 0.13449618718407544 
10.119999999989753, 0.15517552000158663 
10.12999999998973, 0.204690359705348 
10.139999999989707, 0.23499741856692233 
10.149999999989683, 0.24574788521892924 
10.15999999998966, 0.2494899127131414 
10.169999999989637, 0.25086810078150984 
10.179999999989613, 0.25134668397511173 
10.18999999998959, 0.25146156172306866 
10.199999999989567, 0.2514650863702862 
10.209999999989543, 0.25152973699973663 
10.21999999998952, 0.2518542395499501 
10.229999999989497, 0.25276504711976205 
10.239999999989474, 0.2547352417786012 
10.24999999998945, 0.2579735038379637 
10.259999999989427, 0.2616911018320753 
10.269999999989404, 0.26460737739674167 
10.27999999998938, 0.26624839061062555 
10.289999999989357, 0.26684219855202035 
10.299999999989334, 0.26666121995867453 
10.30999999998931, 0.2658233371710961 
10.319999999989287, 0.2644139044297037 
10.329999999989264, 0.26268811054505536 
10.33999999998924, 0.2610685004547543 
10.349999999989217, 0.25986367743101985 
10.359999999989194, 0.2591171095116353 
10.36999999998917, 0.2587244182151124 
10.379999999989147, 0.2585576666522861 
10.389999999989124, 0.2584899853944071 
10.3999999999891, 0.2583737903376216 
10.409999999989077, 0.25801152182562076 
10.419999999989054, 0.2570832505884146 
10.42999999998903, 0.25489773904830904 
10.439999999989007, 0.24968618025563272 
10.449999999988984, 0.23752289900669932 
10.45999999998896, 0.21639280607065722 
10.469999999988937, 0.1988379492643175 
10.479999999988914, 0.19298065484370452 
10.48999999998889, 0.19211659595859892 
10.499999999988868, 0.19214253101424675 
10.509999999988844, 0.19213666838466423 
10.519999999988821, 0.19194381429359536 
10.529999999988798, 0.19148094584546307 
10.539999999988774, 0.1905448964856506 
10.549999999988751, 0.18857713797912673 
10.559999999988728, 0.18389054467379135 
10.569999999988704, 0.17046998188902282 
10.579999999988681, 0.12527302080474575 
10.589999999988658, 0.017667436622318306 
10.599999999988635, -0.024506440272027707 
10.609999999988611, -0.002229477163362799 
10.619999999988588, 0.011200984049414312 
10.629999999988565, 0.01653420569716177 
10.639999999988541, 0.018644256726347994 
10.649999999988518, 0.019420766272650478 
10.659999999988495, 0.01952683665001722 
10.669999999988471, 0.019152831602261392 
10.679999999988448, 0.018220854437163217 
10.689999999988425, 0.0163183177342688 
10.699999999988401, 0.012249814887055777 
10.709999999988378, 0.0023857416405293364 
10.719999999988355, -0.025079069737242544 
10.729999999988332, -0.10206196081352621 
10.739999999988308, -0.21289330563908007 
10.749999999988285, -0.24537173519140684 
10.759999999988262, -0.2380874518517557 
10.769999999988238, -0.2318241288387074 
10.779999999988215, -0.22901015465727179 
10.789999999988192, -0.2278484383365507 
10.799999999988168, -0.22738829437759933 
10.809999999988145, -0.22724026830496372 
10.819999999988122, -0.22725646352307494 
10.829999999988098, -0.2274013180318748 
10.839999999988075, -0.2277145258497507 
10.849999999988052, -0.22831683729037935 
10.859999999988029, -0.2294401420146609 
10.869999999988005, -0.2314732358827392 
10.879999999987982, -0.23496974807787938 
10.889999999987959, -0.24036826976672776 
10.899999999987935, -0.24712740961448768 
10.909999999987912, -0.2533583683762815 
10.919999999987889, -0.257561796767668 
10.929999999987865, -0.25982532970688876 
10.939999999987842, -0.26086782704110273 
10.949999999987819, -0.26121636805226733 
10.959999999987796, -0.2611140745689525 
10.969999999987772, -0.2606223093469231 
10.979999999987749, -0.25971749870673866 
10.989999999987726, -0.2584056196574592 
10.999999999987702, -0.25684875600264845 
11.009999999987679, -0.25535825202532214 
11.019999999987656, -0.2542041643995876 
11.029999999987632, -0.2534788435044107 
11.039999999987609, -0.2531283733770639 
11.049999999987586, -0.253024717666016 
11.059999999987562, -0.2530158735514945 
11.06999999998754, -0.2529721860609418 
11.079999999987516, -0.25281303801671806 
11.089999999987493, -0.25248970263296705 
11.09999999998747, -0.25193419128419164 
11.109999999987446, -0.25096674469127384 
11.119999999987423, -0.24905042061212546 
11.1299999999874, -0.24451884551704092 
11.139999999987376, -0.23285998649960457 
11.149999999987353, -0.20834073527608635 
11.15999999998733, -0.1777797380670923 
11.169999999987306, -0.15600509715857494 
11.179999999987283, -0.14455748306358807 
11.18999999998726, -0.13888634645562048 
11.199999999987236, -0.13594465867623726 
11.209999999987213, -0.1343110953118047 
11.21999999998719, -0.13335484525797706 
11.229999999987166, -0.132802816665584 
11.239999999987143, -0.13256901163286236 
11.24999999998712, -0.1327135068440107 
11.259999999987096, -0.13350809450406806 
11.269999999987073, -0.13570119169148917 
11.27999999998705, -0.14130677965750926 
11.289999999987026, -0.15532368630697777 
11.299999999987003, -0.18075314897311578 
11.30999999998698, -0.1583848781575642 
11.319999999986956, -0.03793040174093505 
11.329999999986933, 0.033184146874083935 
11.33999999998691, 0.05598410177542045 
11.349999999986887, 0.06368289669770107 
11.359999999986863, 0.06666184721777925 
11.36999999998684, 0.06787657316662656 
11.379999999986817, 0.06827572978104654 
11.389999999986793, 0.06816033424292318 
11.39999999998677, 0.06752278513689558 
11.409999999986747, 0.06603586158430746 
11.419999999986723, 0.06271102116076414 
11.4299999999867, 0.0550071156530062 
11.439999999986677, 0.04065936273311622 
11.449999999986654, 0.05560260991183193 
11.45999999998663, 0.1479763376132619 
11.469999999986607, 0.2023802417550996 
11.479999999986584, 0.21873491869163766 
11.48999999998656, 0.22395267921576006 
11.499999999986537, 0.22585950798916782 
11.509999999986514, 0.22658447911558796 
11.51999999998649, 0.22682034659737446 
11.529999999986467, 0.2268440796107797 
11.539999999986444, 0.22681999259385108 
11.54999999998642, 0.226993985548824 
11.559999999986397, 0.22808100865397005 
11.569999999986374, 0.2320047537515875 
11.57999999998635, 0.24096675501985784 
11.589999999986327, 0.2519823870207174 
11.599999999986304, 0.25950359707316695 
11.60999999998628, 0.26313323894869867 
11.619999999986257, 0.2645912266103478 
11.629999999986234, 0.2649748215716585 
11.63999999998621, 0.26478231760491383 
11.649999999986187, 0.2642771594448213 
11.659999999986164, 0.26366879142651994 
11.66999999998614, 0.2631389387877576 
11.679999999986117, 0.26281202857665115 
11.689999999986094, 0.26275299376600236 
11.69999999998607, 0.2629827170632844 
11.709999999986048, 0.26346228398220706 
11.719999999986024, 0.2640536404117717 
11.729999999986001, 0.2645339230702567 
11.739999999985978, 0.26467814803345585 
11.749999999985954, 0.2642795962200237 
11.759999999985931, 0.26301704001000564 
11.769999999985908, 0.2602275080486692 
11.779999999985884, 0.2549452363627323 
11.789999999985861, 0.24733122952661268 
11.799999999985838, 0.2403600469600627 
11.809999999985815, 0.23639605438091818 
11.819999999985791, 0.23470209224564342 
11.829999999985768, 0.23398891816841225 
11.839999999985745, 0.2335974760456782 
11.849999999985721, 0.2332489788785666 
11.859999999985698, 0.23276638499206578 
11.869999999985675, 0.2319050769436858 
11.879999999985651, 0.23011933767286402 
11.889999999985628, 0.22585303502613494 
11.899999999985605, 0.21378549981386244 
11.909999999985581, 0.17596943512919558 
11.919999999985558, 0.09991092687493121 
11.929999999985535, 0.06807818570805563 
11.939999999985512, 0.07426706253386332 
11.949999999985488, 0.07991810705388097 
11.959999999985465, 0.08246577388230379 
11.969999999985442, 0.08348084688395738 
11.979999999985418, 0.08374674050632619 
11.989999999985395, 0.08353604593156089 
11.999999999985372, 0.08284187704643171 
12.009999999985348, 0.08136780538328013 
12.019999999985325, 0.07819494195536272 
12.029999999985302, 0.07046459780815022 
12.039999999985278, 0.04811266905778386 
12.049999999985255, -0.021068783083720705 
12.059999999985232, -0.1389198912276876 
12.069999999985209, -0.16435514693915518 
12.079999999985185, -0.14296731997025372 
12.089999999985162, -0.13051193399261726 
12.099999999985139, -0.12527510492324936 
12.109999999985115, -0.12303678626655386 
12.119999999985092, -0.12204816230427516 
12.129999999985069, -0.1216525662101138 
12.139999999985045, -0.12161537312830548 
12.149999999985022, -0.12189774184030103 
12.159999999984999, -0.12260797362139061 
12.169999999984976, -0.12405931392761352 
12.179999999984952, -0.12697627731201327 
12.189999999984929, -0.1330181646109704 
12.199999999984906, -0.14576556391968698 
12.209999999984882, -0.1701963544459681 
12.219999999984859, -0.20275118168161796 
12.229999999984836, -0.22633753197817358 
12.239999999984812, -0.23645099856026336 
12.249999999984789, -0.24004436261765488 
12.259999999984766, -0.24139441016855528 
12.269999999984742, -0.24194629838620466 
12.27999999998472, -0.2421492937832261 
12.289999999984696, -0.24215315697342246 
12.299999999984673, -0.24201890925107342 
12.30999999998465, -0.24179898756074508 
12.319999999984626, -0.2415810342090121 
12.329999999984603, -0.24149941413360812 
12.33999999998458, -0.24171010621722755 
12.349999999984556, -0.24234967296354432 
12.359999999984533, -0.2434759036167475 
12.36999999998451, -0.24496765550179314 
12.379999999984486, -0.2464887329058633 
12.389999999984463, -0.2476781586575801 
12.39999999998444, -0.24837880256006173 
12.409999999984416, -0.2486158555247945 
12.419999999984393, -0.248438536109675 
12.42999999998437, -0.2478043131125547 
12.439999999984346, -0.24650561893550918 
12.449999999984323, -0.24413258822345968 
12.4599999999843, -0.24026335596648915 
12.469999999984276, -0.2351302711930547 
12.479999999984253, -0.2299656722517069 
12.48999999998423, -0.22593405947807363 
12.499999999984206, -0.22325694395579565 
12.509999999984183, -0.22160050197298214 
12.51999999998416, -0.22058262709696214 
12.529999999984136, -0.21992510154136824 
12.539999999984113, -0.21945252610734012 
12.54999999998409, -0.21906937801938228 
12.559999999984067, -0.21873980446284247 
12.569999999984043, -0.21847712339052433 
12.57999999998402, -0.2183527012789166 
12.589999999983997, -0.21851715882557562 
12.599999999983973, -0.2190400884186303 
12.60999999998395, -0.21784735214240092 
12.619999999983927, -0.19877812288466534 
12.629999999983903, -0.12952291026781343 
12.63999999998388, -0.055325326948217096 
12.649999999983857, -0.021070088583973457 
12.659999999983834, -0.008186407799622241 
12.66999999998381, -0.002899392746393126 
12.679999999983787, -0.00043938273640656766 
12.689999999983764, 0.000596671362643372 
12.69999999998374, 0.0009362621512540592 
12.709999999983717, 0.0008720535723308262 
12.719999999983694, 0.0003966742497313072 
12.72999999998367, -0.0005574011205396256 
12.739999999983647, -0.0026987387445831885 
12.749999999983624, -0.007729257033032481 
12.7599999999836, -0.016468485977896626 
12.769999999983577, -0.004733751776161189 
12.779999999983554, 0.0768572255862278 
12.78999999998353, 0.1405037212990774 
12.799999999983507, 0.16203959165734316 
12.809999999983484, 0.1690481350953892 
12.81999999998346, 0.17164114433806354 
12.829999999983437, 0.1726702135591968 
12.839999999983414, 0.1730506950198994 
12.84999999998339, 0.17312624997001005 
12.859999999983367, 0.17305083984715375 
12.869999999983344, 0.1729543423773518 
12.87999999998332, 0.1731984951260796 
12.889999999983297, 0.17520799168444132 
12.899999999983274, 0.18295507412957718 
12.90999999998325, 0.1986671146243142 
12.919999999983228, 0.21354850026743535 
12.929999999983204, 0.22158373497575298 
12.939999999983181, 0.2250210303557049 
12.949999999983158, 0.22635279545514134 
12.959999999983134, 0.22673444752436608 
12.969999999983111, 0.22666295108771503 
12.979999999983088, 0.22640142323182305 
12.989999999983064, 0.2261300515066846 
12.999999999983041, 0.22598687568211714 
13.009999999983018, 0.2260917400471516 
13.019999999982995, 0.22656987625269723 
13.029999999982971, 0.22752548967349595 
13.039999999982948, 0.2289095316649569 
13.049999999982925, 0.23039770747016705 
13.059999999982901, 0.231553507504021 
13.069999999982878, 0.23212280180249556 
13.079999999982855, 0.23203683891373866 
13.089999999982831, 0.23121815613879118 
13.099999999982808, 0.22948794354721613 
13.109999999982785, 0.22675783224791737 
13.119999999982761, 0.2234835134289062 
13.129999999982738, 0.22060834535639368 
13.139999999982715, 0.21868369424231102 
13.149999999982692, 0.21758920717175323 
13.159999999982668, 0.2170007179453507 
13.169999999982645, 0.2166711625999467 
13.179999999982622, 0.2164339697720133 
13.189999999982598, 0.2161373829284164 
13.199999999982575, 0.21557629014387408 
13.209999999982552, 0.2143780405665952 
13.219999999982528, 0.2116765184554167 
13.229999999982505, 0.20514564398454807 
13.239999999982482, 0.18922556525710182 
13.249999999982458, 0.1605356278394187 
13.259999999982435, 0.13768558022747004 
13.269999999982412, 0.1312523149774045 
13.279999999982389, 0.13074071866045742 
13.289999999982365, 0.13098910426210794 
13.299999999982342, 0.13108964939656778 
13.309999999982319, 0.1309625049072225 
13.319999999982295, 0.13058105981098653 
13.329999999982272, 0.12981883446846176 
13.339999999982249, 0.12831202540752779 
13.349999999982225, 0.12505104141585033 
13.359999999982202, 0.11688959249688463 
13.369999999982179, 0.09282346150302465 
13.379999999982156, 0.02350768251401049 
13.389999999982132, -0.06562129330665502 
13.399999999982109, -0.08039448750179279 
13.409999999982086, -0.07127052063479795 
13.419999999982062, -0.06562337291109334 
13.429999999982039, -0.06304271086195766 
13.439999999982016, -0.06187189199794401 
13.449999999981992, -0.06136465780329187 
13.459999999981969, -0.06123958459246101 
13.469999999981946, -0.06143530014261153 
13.479999999981922, -0.06204742837539416 
13.4899999999819, -0.06338678497305153 
13.499999999981876, -0.06621876127066448 
13.509999999981853, -0.07245775982534414 
13.51999999998183, -0.08691349562932722 
13.529999999981806, -0.118627034759653 
13.539999999981783, -0.16610098069488977 
13.54999999998176, -0.19945185132968676 
13.559999999981736, -0.21100420462180308 
13.569999999981713, -0.21407123232655095 
13.57999999998169, -0.21498700345622487 
13.589999999981666, -0.21533673443807716 
13.599999999981643, -0.2154879703160937 
13.60999999998162, -0.21553969365063935 
13.619999999981596, -0.2155336713355293 
13.629999999981573, -0.2155149711064855 
13.63999999998155, -0.21556376195302504 
13.649999999981526, -0.21581392046303743 
13.659999999981503, -0.2164554727767968 
13.66999999998148, -0.2177204180374832 
13.679999999981456, -0.21980990996489608 
13.689999999981433, -0.2226672274221124 
13.69999999998141, -0.22573617912848012 
13.709999999981386, -0.22824622258972493 
13.719999999981363, -0.22984271326018976 
13.72999999998134, -0.23064091741999623 
13.739999999981316, -0.2308663191983794 
13.749999999981293, -0.23064514756437962 
13.75999999998127, -0.22996907066771308 
13.769999999981247, -0.22872639730838726 
13.779999999981223, -0.2268176545266224 
13.7899999999812, -0.2243856565263099 
13.799999999981177, -0.22191045831291467 
13.809999999981153, -0.21988841059421124 
13.81999999998113, -0.2185027998260503 
13.829999999981107, -0.21767291719972737 
13.839999999981083, -0.2172266533252084 
13.84999999998106, -0.2169880052302451 
13.859999999981037, -0.21681100127154973 
13.869999999981014, -0.21659680998217484 
13.87999999998099, -0.2162854677995002 
13.889999999980967, -0.21582034130012057 
13.899999999980944, -0.21508094948813958 
13.90999999998092, -0.21370678688697323 
13.919999999980897, -0.21048978812862226 
13.929999999980874, -0.20155217492880206 
13.93999999998085, -0.1793027385778817 
13.949999999980827, -0.14574206808427007 
13.959999999980804, -0.11914416323730383 
13.96999999998078, -0.10509378676862005 
13.979999999980757, -0.09840432175544786 
13.989999999980734, -0.09508715346757589 
13.99999999998071, -0.09331330506015338 
14.009999999980687, -0.09229825549763816 
14.019999999980664, -0.09170333601854284 
14.02999999998064, -0.09140166608199805 
14.039999999980617, -0.09140491187060028 
14.049999999980594, -0.09188758264080298 
14.05999999998057, -0.09333958579882273 
14.069999999980547, -0.09692965458349094 
14.079999999980524, -0.10428963151625044 
14.0899999999805, -0.10582506834210742 
14.099999999980477, -0.045172099796899956 
14.109999999980454, 0.04756993525711725 
14.11999999998043, 0.08813667516825584 
14.129999999980408, 0.1013242895227594 
14.139999999980384, 0.10605478151917988 
14.149999999980361, 0.10795168493078602 
14.159999999980338, 0.10872489776920971 
14.169999999980314, 0.10896431841406476 
14.179999999980291, 0.10887733727502175 
14.189999999980268, 0.1084991429737791 
14.199999999980244, 0.10776594519835077 
14.209999999980221, 0.10672783876163196 
14.219999999980198, 0.10719840973997741 
14.229999999980175, 0.11959231578853773 
14.239999999980151, 0.15494544797234355 
14.249999999980128, 0.18566240346755727 
14.259999999980105, 0.1989892665347846 
14.269999999980081, 0.20394366069986888 
14.279999999980058, 0.20583447773087882 
14.289999999980035, 0.2065381305555037 
14.299999999980011, 0.20674484690405254 
14.309999999979988, 0.20676157654610075 
14.319999999979965, 0.20676806243755488 
14.329999999979941, 0.20692571728126385 
14.339999999979918, 0.20747384565297058 
14.349999999979895, 0.2088349862149312 
14.359999999979872, 0.21153949119829338 
14.369999999979848, 0.2155349618368099 
14.379999999979825, 0.21957277214500484 
14.389999999979802, 0.22239887840834582 
14.399999999979778, 0.22385628274216057 
14.409999999979755, 0.2243141182701181 
14.419999999979732, 0.2240686824901343 
14.429999999979708, 0.2232798855490185 
14.439999999979685, 0.22211454825109864 
14.449999999979662, 0.2208452467330885 
14.459999999979638, 0.2197610816494276 
14.469999999979615, 0.21901420927035195 
14.479999999979592, 0.2186114105071657 
14.489999999979569, 0.21849612954013464 
14.499999999979545, 0.21858955720992082 
14.509999999979522, 0.21877816045032386 
14.519999999979499, 0.21889971033803748 
14.529999999979475, 0.21875372486192668 
14.539999999979452, 0.2180818878652703 
14.549999999979429, 0.21642602590170956 
14.559999999979405, 0.21282968801385235 
14.569999999979382, 0.20578875340729202 
14.579999999979359, 0.19532984463114691 
14.589999999979335, 0.18594835776024388 
14.599999999979312, 0.18103275182334586 
14.609999999979289, 0.17914493791362857 
14.619999999979266, 0.17841707066297668 
14.629999999979242, 0.17803381532588977 
14.639999999979219, 0.17770031659969487 
14.649999999979196, 0.1772597842914314 
14.659999999979172, 0.17651966807534716 
14.669999999979149, 0.17508295993761086 
14.679999999979126, 0.17192356956750718 
14.689999999979102, 0.1639141711264135 
14.69999999997908, 0.14093873382425093 
14.709999999979056, 0.08458986011549477 
14.719999999979033, 0.030206989493614077 
14.72999999997901, 0.021470502363493134 
14.739999999978986, 0.02472915813582867 
14.749999999978963, 0.027035872749775 
14.75999999997894, 0.02805928383484398 
14.769999999978916, 0.028381189145528785 
14.779999999978893, 0.028292484773149267 
14.78999999997887, 0.027866269469090245 
14.799999999978846, 0.027003869754905818 
14.809999999978823, 0.025354122544460563 
14.8199999999788, 0.021973235261841004 
14.829999999978776, 0.01417668047386294 
14.839999999978753, -0.006148873366262096 
14.84999999997873, -0.058479140577138815 
14.859999999978706, -0.13792391113932198 
14.869999999978683, -0.1754303823006022 
14.87999999997866, -0.1793558099548478 
14.889999999978636, -0.1780530715260301 
14.899999999978613, -0.1770941312650471 
14.90999999997859, -0.17664376290795977 
14.919999999978566, -0.17646643815331783 
14.929999999978543, -0.1764324679153552 
14.93999999997852, -0.17650057282714257 
14.949999999978496, -0.17669354573761661 
14.959999999978473, -0.17710307571141656 
14.96999999997845, -0.17791934365987905 
14.979999999978427, -0.17948820441306518 
14.989999999978403, -0.18239313182140754 
14.99999999997838, -0.1874241517712357 
15.009999999978357, -0.19490630413440438 
15.019999999978333, -0.20330900854295583 
15.02999999997831, -0.20990503674276015 
15.039999999978287, -0.2137306361720159 
15.049999999978263, -0.21559066873925312 
15.05999999997824, -0.21638811304151473 
15.069999999978217, -0.2166138106275468 
15.079999999978194, -0.21646978026310157 
15.08999999997817, -0.2160198795185539 
15.099999999978147, -0.21529631952877926 
15.109999999978124, -0.2143901573771927 
15.1199999999781, -0.21348738664120118 
15.129999999978077, -0.2127983197148771 
15.139999999978054, -0.21245726613673377 
15.14999999997803, -0.2124933967247775 
15.159999999978007, -0.21283895981412285 
15.169999999977984, -0.21333561478278598 
15.17999999997796, -0.21378511907468806 
15.189999999977937, -0.2140397732606866 
15.199999999977914, -0.21403320127746286 
15.20999999997789, -0.21372424497218614 
15.219999999977867, -0.21300504864473202 
15.229999999977844, -0.21157576344520704 
15.23999999997782, -0.20874721673423635 
15.249999999977797, -0.2033620929011374 
15.259999999977774, -0.19480370671961736 
15.26999999997775, -0.18502126340142788 
15.279999999977727, -0.17714671855397784 
15.289999999977704, -0.17212291629884388 
15.29999999997768, -0.16919950360935318 
15.309999999977657, -0.1675068087505049 
15.319999999977634, -0.16648654896889833 
15.32999999997761, -0.16582571604837487 
15.339999999977588, -0.1653597352500532 
15.349999999977564, -0.16501661164835674 
15.359999999977541, -0.16479218115886726 
15.369999999977518, -0.16475367461140483 
15.379999999977494, -0.16507116729847085 
15.389999999977471, -0.16597177215736134 
15.399999999977448, -0.166486293030159 
15.409999999977424, -0.15525629995776297 
15.419999999977401, -0.09874738946067106 
15.429999999977378, -0.024268612237650602 
15.439999999977355, 0.012701513415250203 
15.449999999977331, 0.026188953565962503 
15.459999999977308, 0.03138289113872236 
15.469999999977285, 0.033577182767109234 
15.479999999977261, 0.03453407069334304 
15.489999999977238, 0.03489436485758425 
15.499999999977215, 0.03489297637270437 
15.509999999977191, 0.034569985822947506 
15.519999999977168, 0.033806671384873914 
15.529999999977145, 0.03228446048052926 
15.539999999977121, 0.029716057115941573 
15.549999999977098, 0.02955475159988863 
15.559999999977075, 0.054876371245075856 
15.569999999977052, 0.11388624422161268 
15.579999999977028, 0.15086414713898322 
15.589999999977005, 0.16426993812517598 
15.599999999976982, 0.16905019954581763 
15.609999999976958, 0.17090299104826973 
15.619999999976935, 0.17163795670385845 
15.629999999976912, 0.17190178293806194 
15.639999999976888, 0.1719716542918927 
15.649999999976865, 0.17200857722705923 
15.659999999976842, 0.17219656440709927 
15.669999999976818, 0.1729551013961814 
15.679999999976795, 0.1753781541233233 
15.689999999976772, 0.18135562927185692 
15.699999999976749, 0.1908243164027688 
15.709999999976725, 0.199440430354783 
15.719999999976702, 0.20450323170250737 
15.729999999976679, 0.206848986232904 
15.739999999976655, 0.20773508034838822 
15.749999999976632, 0.20785701720871685 
15.759999999976609, 0.2075619291814125 
15.769999999976585, 0.2070767054859972 
15.779999999976562, 0.20658958653540593 
15.789999999976539, 0.20624545245397707 
15.799999999976515, 0.20614231296428517 
15.809999999976492, 0.20635306507955836 
15.819999999976469, 0.2069265606680447 
15.829999999976446, 0.20782358068730522 
15.839999999976422, 0.20883826447596976 
15.849999999976399, 0.20965757553302253 
15.859999999976376, 0.2100349627719769 
15.869999999976352, 0.20983043451238023 
15.879999999976329, 0.2088822477743563 
15.889999999976306, 0.20690604869036824 
15.899999999976282, 0.20367818992853487 
15.90999999997626, 0.19964628537368787 
15.919999999976236, 0.1960359722179117 
15.929999999976213, 0.19364656859881915 
15.93999999997619, 0.1923248505902332 
15.949999999976166, 0.19162806939663193 
15.959999999976143, 0.19123895691970177 
15.96999999997612, 0.19096808624802966 
15.979999999976096, 0.19066666449096106 
15.989999999976073, 0.19014944921112323 
15.99999999997605, 0.18909508319958648 
16.009999999976028, 0.18679372249665488 
16.019999999976005, 0.18140307416462118 
16.02999999997598, 0.1683230685206239 
16.039999999975958, 0.14228392806956136 
16.049999999975935, 0.1158723675660332 
16.05999999997591, 0.10570914941251462 
16.069999999975888, 0.10407585153333854 
16.079999999975865, 0.1040833411724904 
16.08999999997584, 0.10414321012689094 
16.099999999975818, 0.10403731466944789 
16.109999999975795, 0.10373075177589086 
16.11999999997577, 0.10314158104418697 
16.129999999975748, 0.10203887786856598 
16.139999999975725, 0.09982293600988547 
16.1499999999757, 0.09481137697842115 
16.15999999997568, 0.08169211891121847 
16.169999999975655, 0.044225948459599033 
16.17999999997563, -0.03285337470442417 
16.18999999997561, -0.08337316892108178 
16.199999999975585, -0.08718476389830651 
16.20999999997556, -0.0835082350010147 
16.21999999997554, -0.08122358299218939 
16.229999999975515, -0.08011752460931523 
16.239999999975492, -0.07961539122199461 
16.24999999997547, -0.07944284873664464 
16.259999999975445, -0.07951137808221441 
16.269999999975422, -0.07985301030884438 
16.2799999999754, -0.08063086537012758 
16.289999999975375, -0.08223675401241855 
16.299999999975352, -0.08556354064034985 
16.30999999997533, -0.09266245591039182 
16.319999999975305, -0.10767961349405934 
16.329999999975282, -0.13420220636086336 
16.33999999997526, -0.16305073187157662 
16.349999999975235, -0.17956233321450196 
16.359999999975212, -0.18571097210455878 
16.36999999997519, -0.1878112868026796 
16.379999999975166, -0.18859658548626634 
16.389999999975142, -0.18890712906617865 
16.39999999997512, -0.1890022239602237 
16.409999999975096, -0.1889764421010179 
16.419999999975072, -0.1888880896893916 
16.42999999997505, -0.18881409555475828 
16.439999999975026, -0.18887764792422046 
16.449999999975002, -0.18925196246302683 
16.45999999997498, -0.19014893399646815 
16.469999999974956, -0.1917796157218917 
16.479999999974932, -0.19420052524489514 
16.48999999997491, -0.19705262386360542 
16.499999999974886, -0.19961942152660414 
16.509999999974863, -0.20139525691247967 
16.51999999997484, -0.20236268749576122 
16.529999999974816, -0.20272064351492453 
16.539999999974793, -0.20262059166952548 
16.54999999997477, -0.20209300690849658 
16.559999999974746, -0.2010660291376883 
16.569999999974723, -0.1994555767906149 
16.5799999999747, -0.19735373224880468 
16.589999999974676, -0.19514743340454696 
16.599999999974653, -0.1932961365623894 
16.60999999997463, -0.19201766876645304 
16.619999999974606, -0.19127746312679245 
16.629999999974583, -0.19093204809478997 
16.63999999997456, -0.19081259799009487 
16.649999999974536, -0.19076068204400615 
16.659999999974513, -0.19065721155607476 
16.66999999997449, -0.19042682955431814 
16.679999999974466, -0.1900028280669658 
16.689999999974443, -0.18925389129072073 
16.69999999997442, -0.18782469076364802 
16.709999999974396, -0.18471345789952173 
16.719999999974373, -0.17742186411738228 
16.72999999997435, -0.16253100478308138 
16.739999999974327, -0.1424300868015917 
16.749999999974303, -0.12610146406963563 
16.75999999997428, -0.11663274494279754 
16.769999999974257, -0.11171595007281404 
16.779999999974233, -0.10912446275354813 
16.78999999997421, -0.10767722426922098 
16.799999999974187, -0.10681138548186841 
16.809999999974163, -0.1062620768859661 
16.81999999997414, -0.10591717490353644 
16.829999999974117, -0.10576267921245526 
16.839999999974093, -0.1058822059315486 
16.84999999997407, -0.10650368158672481 
16.859999999974047, -0.10799335915031874 
16.869999999974024, -0.10954698336608877 
16.879999999974, -0.09877391953015491 
16.889999999973977, -0.04121428938987303 
16.899999999973954, 0.027578244191601795 
16.90999999997393, 0.058941982594051534 
16.919999999973907, 0.07011203692443345 
16.929999999973884, 0.07437294862814235 
16.93999999997386, 0.07614998569298344 
16.949999999973837, 0.07690310023112473 
16.959999999973814, 0.07716781746457917 
16.96999999997379, 0.07714890268596748 
16.979999999973767, 0.07690519848068889 
16.989999999973744, 0.0764259653070897 
16.99999999997372, 0.07580813142356614 
17.009999999973697, 0.07638674456021476 
17.019999999973674, 0.08560674935449065 
17.02999999997365, 0.11558492032559255 
17.039999999973627, 0.14801665374422837 
17.049999999973604, 0.16415151311461215 
17.05999999997358, 0.17041809809118452 
17.069999999973557, 0.17286066665889882 
17.079999999973534, 0.1738163388327786 
17.08999999997351, 0.17414647989956777 
17.099999999973488, 0.1742180838778828 
17.109999999973464, 0.17422746543837506 
17.11999999997344, 0.17432703161860114 
17.129999999973418, 0.1747247724093708 
17.139999999973394, 0.17582487345031045 
17.14999999997337, 0.1783340481250221 
17.159999999973348, 0.18278014847135457 
17.169999999973324, 0.18818886661626827 
17.1799999999733, 0.19254181152011207 
17.189999999973278, 0.1950659925764583 
17.199999999973254, 0.19618361984496252 
17.20999999997323, 0.19641646740317312 
17.219999999973208, 0.19607370737631558 
17.229999999973185, 0.1953572785803894 
17.23999999997316, 0.1944813706294568 
17.249999999973138, 0.19367177867245056 
17.259999999973115, 0.19308712939880285 
17.26999999997309, 0.19279257153034632 
17.279999999973068, 0.19279943909952324 
17.289999999973045, 0.19308979158720163 
17.29999999997302, 0.19358879751740568 
17.309999999972998, 0.1941297348082562 
17.319999999972975, 0.1944877635756007 
17.32999999997295, 0.1944530349687417 
17.339999999972928, 0.19381561462587302 
17.349999999972905, 0.19223810648317058 
17.35999999997288, 0.18917041114441327 
17.36999999997286, 0.18425568531229153 
17.379999999972835, 0.17847773114796361 
17.38999999997281, 0.17389011634816404 
17.39999999997279, 0.17125501428684042 
17.409999999972765, 0.1699494999213387 
17.41999999997274, 0.16928917011443145 
17.42999999997272, 0.16889879526408483 
17.439999999972695, 0.16858313090163446 
17.449999999972672, 0.1681911572947054 
17.45999999997265, 0.16751943462278004 
17.469999999972625, 0.16618046824335808 
17.479999999972602, 0.16325846364900787 
17.48999999997258, 0.15628673469607302 
17.499999999972555, 0.1391634708938924 
17.509999999972532, 0.10684021808826491 
17.51999999997251, 0.07896754813274742 
17.529999999972485, 0.07038639772224413 
17.539999999972462, 0.06944005476264166 
17.54999999997244, 0.06961531824228012 
17.559999999972415, 0.0697061987189519 
17.569999999972392, 0.06959945677704933 
17.57999999997237, 0.0692882976978033 
17.589999999972346, 0.06870444231586656 
17.599999999972322, 0.06763938245908739 
17.6099999999723, 0.06556244537369914 
17.619999999972276, 0.061052443296875925 
17.629999999972252, 0.04990827981193767 
17.63999999997223, 0.020080052700064167 
17.649999999972206, -0.04238565695368365 
17.659999999972182, -0.0952854849111325 
17.66999999997216, -0.10714054686620753 
17.679999999972136, -0.106585460421914 
17.689999999972112, -0.10535405526291405 
17.69999999997209, -0.10466039925263561 
17.709999999972066, -0.10433605072759958 
17.719999999972043, -0.10422749520827795 
17.72999999997202, -0.10428002529378094 
17.739999999971996, -0.10451979861153224 
17.749999999971973, -0.10506415223975349 
17.75999999997195, -0.10617806444390361 
17.769999999971926, -0.10841446425149023 
17.779999999971903, -0.11291285301163805 
17.78999999997188, -0.1217487909973038 
17.799999999971856, -0.1368444241806893 
17.809999999971833, -0.15496233843424287 
17.81999999997181, -0.1680904837944885 
17.829999999971786, -0.17440658731150846 
17.839999999971763, -0.17697877845221474 
17.84999999997174, -0.17801522166426378 
17.859999999971716, -0.1784156082157009 
17.869999999971693, -0.17850538955356451 
17.87999999997167, -0.17840817714151572 
17.889999999971646, -0.17819201425492334 
17.899999999971623, -0.17793890655357447 
17.9099999999716, -0.1777758679650238 
17.919999999971576, -0.17786719582294722 
17.929999999971553, -0.17838743413760133 
17.93999999997153, -0.1794864067009296 
17.949999999971507, -0.18119199043501502 
17.959999999971483, -0.18324845842519225 
17.96999999997146, -0.18514975671048942 
17.979999999971437, -0.18650148752118548 
17.989999999971413, -0.18723596345207935 
17.99999999997139, -0.18745882276635067 
18.009999999971367, -0.18725302526521712 
18.019999999971343, -0.18659945221780824 
18.02999999997132, -0.1853766180672427 
18.039999999971297, -0.18345489156406067 
18.049999999971273, -0.1809342509380129 
18.05999999997125, -0.1782988533809959 
18.069999999971227, -0.17611174923797632 
18.079999999971204, -0.1746106339909559 
18.08999999997118, -0.1737259522773436 
18.099999999971157, -0.17327940455307625 
18.109999999971134, -0.17308479278769465 
18.11999999997111, -0.17297866372886175 
18.129999999971087, -0.17284008049974436 
18.139999999971064, -0.17259056991158267 
18.14999999997104, -0.17215937847836005 
18.159999999971017, -0.17141028905109573 
18.169999999970994, -0.1699766349724047 
18.17999999997097, -0.16681977503163523 
18.189999999970947, -0.1593667571454187 
18.199999999970924, -0.14429730788442968 
18.2099999999709, -0.12451415313648939 
18.219999999970877, -0.10891280797139784 
18.229999999970854, -0.10002927402202318 
18.23999999997083, -0.09545337386738006 
18.249999999970807, -0.09305038432746784 
18.259999999970784, -0.09171092905542604 
18.26999999997076, -0.09090795098001347 
18.279999999970737, -0.09039170651384408 
18.289999999970714, -0.09005327300411765 
18.29999999997069, -0.08987024313412509 
18.309999999970668, -0.08989400448716656 
18.319999999970644, -0.0902441681086893 
18.32999999997062, -0.09087307343382321 
18.339999999970598, -0.08932273951048002 
18.349999999970574, -0.07027554531916677 
18.35999999997055, -0.014187554146640241 
18.369999999970528, 0.03600638504087021 
18.379999999970504, 0.05774034597330908 
18.38999999997048, 0.06586649035054087 
18.399999999970458, 0.06911612640720953 
18.409999999970434, 0.07050502723428563 
18.41999999997041, 0.0710936814512895 
18.429999999970388, 0.07129441366427079 
18.439999999970365, 0.07127613409009721 
18.44999999997034, 0.07110520724613731 
18.459999999970318, 0.0708372308840701 
18.469999999970295, 0.0707950762954944 
18.47999999997027, 0.07292467441002705 
18.489999999970248, 0.08459635302796539 
18.499999999970225, 0.11188241288478905 
18.5099999999702, 0.1370472820660228 
18.519999999970178, 0.14940639806634018 
18.529999999970155, 0.15440465544411144 
18.53999999997013, 0.1564110351009715 
18.549999999970108, 0.1571922100364728 
18.559999999970085, 0.15744164310728406 
18.56999999997006, 0.15747487211652106 
18.57999999997004, 0.15747147668611716 
18.589999999970015, 0.1575781107380607 
18.59999999996999, 0.15799989487533916 
18.60999999996997, 0.15913188873455617 
18.619999999969945, 0.16164512290960517 
18.62999999996992, 0.16600556335901495 
18.6399999999699, 0.17125287498884517 
18.649999999969875, 0.1754779660735502 
18.659999999969852, 0.17794539907414647 
18.66999999996983, 0.17904750082274662 
18.679999999969805, 0.17928318546026065 
18.689999999969782, 0.17895689790914468 
18.69999999996976, 0.1782734698027979 
18.709999999969735, 0.17744583837358208 
18.719999999969712, 0.1766901128246683 
18.72999999996969, 0.17615564510530288 
18.739999999969665, 0.17590796607455192 
18.749999999969642, 0.17596846964666224 
18.75999999996962, 0.17633370397175552 
18.769999999969595, 0.17693815651352673 
18.779999999969572, 0.1776079831363165 
18.78999999996955, 0.1780994724390821 
18.799999999969526, 0.17819747570666983 
18.809999999969502, 0.17772282194640676 
18.81999999996948, 0.17642379888645732 
18.829999999969456, 0.17391083367282756 
18.839999999969432, 0.16995835510827426 
18.84999999996941, 0.1652804059658176 
18.859999999969386, 0.16137713766244557 
18.869999999969362, 0.15895335661048 
18.87999999996934, 0.15766206978603076 
18.889999999969316, 0.15698760951883678 
18.899999999969292, 0.15660699964619756 
18.90999999996927, 0.1563381272566889 
18.919999999969246, 0.15603901257833608 
18.929999999969223, 0.15553170110391845 
18.9399999999692, 0.1545130831739142 
18.949999999969176, 0.15234239438181696 
18.959999999969153, 0.14745637255104596 
18.96999999996913, 0.13625576932997405 
18.979999999969106, 0.11489866034124432 
18.989999999969083, 0.09205652043806745 
18.99999999996906, 0.0812110594016623 
19.009999999969036, 0.07840859660078213 
19.019999999969013, 0.07781897537947782 
19.02999999996899, 0.07761465143629898 
19.039999999968966, 0.07740292229769213 
19.049999999968943, 0.0770838836365195 
19.05999999996892, 0.07656975750007358 
19.069999999968896, 0.07568118744317567 
19.079999999968873, 0.07400193395899389 
19.08999999996885, 0.07047868838403545 
19.099999999968826, 0.06216064198660915 
19.109999999968803, 0.04081505889672356 
19.11999999996878, -0.005847795838528739 
19.129999999968756, -0.0549366800872084 
19.139999999968733, -0.07160703034114477 
19.14999999996871, -0.07314245894989407 
19.159999999968687, -0.07251861716164945 
19.169999999968663, -0.07200920081600193 
19.17999999996864, -0.07174287897319392 
19.189999999968617, -0.07165041023123506 
19.199999999968593, -0.07170652470981317 
19.20999999996857, -0.07195326077411968 
19.219999999968547, -0.07252574822556757 
19.229999999968523, -0.07372490424552076 
19.2399999999685, -0.07619792213318669 
19.249999999968477, -0.0813482506429878 
19.259999999968453, -0.09189097730665952 
19.26999999996843, -0.1104270612792558 
19.279999999968407, -0.13218549661189136 
19.289999999968384, -0.14663926454634466 
19.29999999996836, -0.15285706296345503 
19.309999999968337, -0.1551696547703102 
19.319999999968314, -0.15605380070300967 
19.32999999996829, -0.15639333161410757 
19.339999999968267, -0.15648467655247938 
19.349999999968244, -0.15644073869662023 
19.35999999996822, -0.15633095257665125 
19.369999999968197, -0.15624246074768244 
19.379999999968174, -0.15630903773783525 
19.38999999996815, -0.15671605817859463 
19.399999999968127, -0.15769586381550352 
19.409999999968104, -0.1594948778805035 
19.41999999996808, -0.1621999982695337 
19.429999999968057, -0.16541405045225682 
19.439999999968034, -0.1683042401031119 
19.44999999996801, -0.17029054976161684 
19.459999999967987, -0.1713751331521668 
19.469999999967964, -0.17180529169396808 
19.47999999996794, -0.1717711364510702 
19.489999999967917, -0.17133921024882165 
19.499999999967894, -0.17048959044521284 
19.50999999996787, -0.1692084759917055 
19.519999999967848, -0.16762409708543338 
19.529999999967824, -0.16604761681993851 
19.5399999999678, -0.1647972509246063 
19.549999999967778, -0.16401714624139777 
19.559999999967754, -0.16368737732874497 
19.56999999996773, -0.16370125109296027 
19.579999999967708, -0.16390159808131904 
19.589999999967684, -0.16411501370640658 
19.59999999996766, -0.16420586386587405 
19.609999999967638, -0.16409487608663273 
19.619999999967614, -0.16371550418570807 
19.62999999996759, -0.1629289827831464 
19.639999999967568, -0.16138695189795346 
19.649999999967545, -0.1583127500577089 
19.65999999996752, -0.1524863334256065 
19.669999999967498, -0.14356406874681604 
19.679999999967475, -0.1340073813005076 
19.68999999996745, -0.12680276014387215 
19.699999999967428, -0.12241798033249322 
19.709999999967405, -0.1199449327465631 
19.71999999996738, -0.11854881316662438 
19.729999999967358, -0.11772499735765161 
19.739999999967335, -0.11719175518176314 
19.74999999996731, -0.11679509162216639 
19.759999999967288, -0.11645500635769032 
19.769999999967265, -0.11612920122645941 
19.77999999996724, -0.11576993658943746 
19.78999999996722, -0.11518977163730476 
19.799999999967195, -0.1134106555821165 
19.80999999996717, -0.10585575495559113 
19.81999999996715, -0.08036372965687945 
19.829999999967125, -0.038545119021222846 
19.8399999999671, -0.008462245215937298 
19.84999999996708, 0.0052232292306386005 
19.859999999967055, 0.010872880902412386 
19.869999999967032, 0.013334658871693633 
19.87999999996701, 0.014446337306842796 
19.889999999966985, 0.01493388810344808 
19.899999999966962, 0.015103645332973334 
19.90999999996694, 0.015084569115483821 
19.919999999966915, 0.014919977410433712 
19.929999999966892, 0.014629670205560228 
19.93999999996687, 0.014421964961494593 
19.949999999966845, 0.01589529604456784 
19.959999999966822, 0.02658771648946481 
19.9699999999668, 0.057585877795038404 
19.979999999966775, 0.0910364960423189 
19.989999999966752, 0.10829996674486442 
19.99999999996673, 0.11524456407754807 
20.009999999966706, 0.11804386902976904 
20.019999999966682, 0.11920039727815152 
20.02999999996666, 0.11965554225387263 
20.039999999966636, 0.11980505540217677 
20.049999999966612, 0.1198472464449473 
20.05999999996659, 0.11992077468606314 
20.069999999966566, 0.12021399380877303 
20.079999999966542, 0.12116624448961527 
20.08999999996652, 0.12386353936347642 
20.099999999966496, 0.13004178427524682 
20.109999999966472, 0.13947058371205762 
20.11999999996645, 0.1480339077976133 
20.129999999966426, 0.15316985360615248 
20.139999999966403, 0.15562446047651227 
20.14999999996638, 0.1566106237257598 
20.159999999966356, 0.15683181359213788 
20.169999999966333, 0.15665188297655264 
20.17999999996631, 0.15630104406030915 
20.189999999966286, 0.15595449735218878 
20.199999999966263, 0.1557451235661185 
20.20999999996624, 0.15578152921182228 
20.219999999966216, 0.15618360717564053 
20.229999999966193, 0.15708717810003797 
20.23999999996617, 0.15853778732272156 
20.249999999966146, 0.1602965870522391 
20.259999999966123, 0.16187092086697646 
20.2699999999661, 0.16287625638287476 
20.279999999966076, 0.16321098366677358 
20.289999999966053, 0.1628925782671239 
20.29999999996603, 0.16191083742115428 
20.309999999966006, 0.1602819893193009 
20.319999999965983, 0.15824576774991167 
20.32999999996596, 0.15628826333786547 
20.339999999965936, 0.15480327188374177 
20.349999999965913, 0.15386466778493682 
20.35999999996589, 0.1533592736083323 
20.369999999965867, 0.15315586972353903 
20.379999999965843, 0.15314547038733836 
20.38999999996582, 0.15321178484727832 
20.399999999965797, 0.15320170999024776 
20.409999999965773, 0.15291701527692156 
20.41999999996575, 0.15208195532457094 
20.429999999965727, 0.15020974074342763 
20.439999999965703, 0.1463742226897496 
20.44999999996568, 0.13939297110751536 
20.459999999965657, 0.12985259823431483 
20.469999999965633, 0.12165171206997152 
20.47999999996561, 0.11715087667998614 
20.489999999965587, 0.11518979212790366 
20.499999999965564, 0.11432012492415376 
20.50999999996554, 0.11385006737693609 
20.519999999965517, 0.11350198591926194 
20.529999999965494, 0.11312895652172458 
20.53999999996547, 0.1125794463181312 
20.549999999965447, 0.1115955945143885 
20.559999999965424, 0.10962637043329207 
20.5699999999654, 0.10531027779959472 
20.579999999965377, 0.09512210968260859 
20.589999999965354, 0.07233662687439915 
20.59999999996533, 0.039105212239917 
20.609999999965307, 0.01823335655707136 
20.619999999965284, 0.012472125351889365 
20.62999999996526, 0.011478883124039656 
20.639999999965237, 0.011296815241244812 
20.649999999965214, 0.011148220362579803 
20.65999999996519, 0.010910791200805329 
20.669999999965167, 0.010544210898485116 
20.679999999965144, 0.009969578135547854 
20.68999999996512, 0.009003688375028563 
20.699999999965097, 0.007233153500645417 
20.709999999965074, 0.00367956558830061 
20.71999999996505, -0.003972616074841358 
20.729999999965028, -0.02121703372913436 
20.739999999965004, -0.05349340098025282 
20.74999999996498, -0.0865141174651686 
20.759999999964958, -0.10175603635862465 
20.769999999964934, -0.10590465805497716 
20.77999999996491, -0.10688608411342684 
20.789999999964888, -0.10713683680289485 
20.799999999964864, -0.10721254699364235 
20.80999999996484, -0.10724673128523217 
20.819999999964818, -0.10729389283886656 
20.829999999964794, -0.10741700295390201 
20.83999999996477, -0.10772905065622149 
20.849999999964748, -0.10843610864655112 
20.859999999964725, -0.1099070895068964 
20.8699999999647, -0.11278840760053069 
20.879999999964678, -0.11802732889218198 
20.889999999964655, -0.12613553450495418 
20.89999999996463, -0.13539087948670742 
20.909999999964608, -0.14253117662350595 
20.919999999964585, -0.146512603757165 
20.92999999996456, -0.14837706139914236 
20.939999999964538, -0.1491674153496902 
20.949999999964515, -0.14941891770101054 
20.95999999996449, -0.14935590197273677 
20.969999999964468, -0.14907252411972916 
20.979999999964445, -0.14863832098023044 
20.98999999996442, -0.14816159672212134 
20.9999999999644, -0.14780166429155456 
21.009999999964375, -0.14773032861655752 
21.01999999996435, -0.14809263235826028 
21.02999999996433, -0.148978847797962 
21.039999999964305, -0.15034669286790533 
21.04999999996428, -0.15192488623077396 
21.05999999996426, -0.1533087942879531 
21.069999999964235, -0.15423473826420878 
21.079999999964212, -0.15467064288744534 
21.08999999996419, -0.15467736279312802 
21.099999999964165, -0.1542731335319548 
21.109999999964142, -0.15337961142443862 
21.11999999996412, -0.15184421062523823 
21.129999999964095, -0.14959664817885487 
21.139999999964072, -0.14691278338085378 
21.14999999996405, -0.14439081605498919 
21.159999999964025, -0.1424925567962323 
21.169999999964002, -0.1412974987826186 
21.17999999996398, -0.1406646184447486 
21.189999999963955, -0.1404049837935561 
21.199999999963932, -0.14033561462256777 
21.20999999996391, -0.14029912703315314 
21.219999999963886, -0.14018262895094943 
21.229999999963862, -0.13990830874270033 
21.23999999996384, -0.13938302301311636 
21.249999999963816, -0.13839906066906968 
21.259999999963792, -0.1364232795183898 
21.26999999996377, -0.13219962567846197 
21.279999999963746, -0.12376550648199947 
21.289999999963722, -0.11115115056876021 
21.2999999999637, -0.09895062627202335 
21.309999999963676, -0.090799072941124 
21.319999999963652, -0.086259111296635 
21.32999999996363, -0.08382455791819192 
21.339999999963606, -0.082482542152207 
21.349999999963583, -0.08169550755477524 
21.35999999996356, -0.08118411660941292 
21.369999999963536, -0.08080241006047716 
21.379999999963513, -0.08047475696817243 
21.38999999996349, -0.08015215686872317 
21.399999999963466, -0.07974205981407315 
21.409999999963443, -0.07884390922966567 
21.41999999996342, -0.07555189432579557 
21.429999999963396, -0.0628405646579265 
21.439999999963373, -0.031880901075913036 
21.44999999996335, 0.0018367329701202556 
21.459999999963326, 0.02047381014685176 
21.469999999963303, 0.028504116195558676 
21.47999999996328, 0.031925414123905774 
21.489999999963256, 0.03343694729505174 
21.499999999963233, 0.034104443314674555 
21.50999999996321, 0.03437423292976072 
21.519999999963186, 0.03444912853142322 
21.529999999963163, 0.03443060918510424 
21.53999999996314, 0.034400781990417725 
21.549999999963116, 0.03457002349867245 
21.559999999963093, 0.03583610404951936 
21.56999999996307, 0.041654746717244354 
21.579999999963047, 0.05880888477657471 
21.589999999963023, 0.08339355258983233 
21.599999999963, 0.10032023427328597 
21.609999999962977, 0.10817279921789827 
21.619999999962953, 0.11148418226220681 
21.62999999996293, 0.1128637226522021 
21.639999999962907, 0.11339740640908685 
21.649999999962883, 0.11355433130292256 
21.65999999996286, 0.11357056680971993 
21.669999999962837, 0.11359475627852063 
21.679999999962813, 0.113772091269168 
21.68999999996279, 0.11435314429829475 
21.699999999962767, 0.11588322527886014 
21.709999999962744, 0.11933616435550481 
21.71999999996272, 0.1253075494578183 
21.729999999962697, 0.13216836540427404 
21.739999999962674, 0.13732650510273184 
21.74999999996265, 0.14019060424121002 
21.759999999962627, 0.14147732724634 
21.769999999962604, 0.14185487342092115 
21.77999999996258, 0.14170976952261824 
21.789999999962557, 0.14128607187129905 
21.799999999962534, 0.14078338328417206 
21.80999999996251, 0.14036540165673556 
21.819999999962487, 0.14014747454925605 
21.829999999962464, 0.14021795851846322 
21.83999999996244, 0.14067164831851345 
21.849999999962417, 0.1415915125982995 
21.859999999962394, 0.14292965371913063 
21.86999999996237, 0.14438833121243 
21.879999999962347, 0.1455514472744187 
21.889999999962324, 0.1461609347467009 
21.8999999999623, 0.1461504977026279 
21.909999999962277, 0.14549308159657182 
21.919999999962254, 0.1441398763485791 
21.92999999996223, 0.14215934854071624 
21.939999999962208, 0.1399321792427495 
21.949999999962184, 0.1380007297951549 
21.95999999996216, 0.13665392834835655 
21.969999999962138, 0.13585403538601507 
21.979999999962114, 0.13545167457046267 
21.98999999996209, 0.13531755876686596 
21.999999999962068, 0.135344908957798 
22.009999999962044, 0.13540999462198844 
22.01999999996202, 0.13534813022676215 
22.029999999961998, 0.1349476588194357 
22.039999999961974, 0.13390275680621938 
22.04999999996195, 0.1316642192669715 
22.059999999961928, 0.12728522434360282 
22.069999999961905, 0.11998317843097978 
22.07999999996188, 0.11126033960044288 
22.089999999961858, 0.10464085543896343 
22.099999999961835, 0.10117375244909188 
22.10999999996181, 0.0996062710194211 
22.119999999961788, 0.09885641638412579 
22.129999999961765, 0.09842413931896615 
22.13999999996174, 0.09809308074826921 
22.149999999961718, 0.09772833685832667 
22.159999999961695, 0.09717219225884142 
22.16999999996167, 0.09615244144622005 
22.179999999961648, 0.09410050958121222 
22.189999999961625, 0.08966974942126904 
22.1999999999616, 0.07970639025680833 
22.20999999996158, 0.0596666959772383 
22.219999999961555, 0.0341671269732926 
22.22999999996153, 0.01879963346605725 
22.23999999996151, 0.013816267036269975 
22.249999999961485, 0.01249162673471268 
22.25999999996146, 0.012030099263976043 
22.26999999996144, 0.011731524974104035 
22.279999999961415, 0.011424181300011022 
22.289999999961392, 0.011030942267135111 
22.29999999996137, 0.010449820567830503 
22.309999999961345, 0.009480394244403513 
22.319999999961322, 0.007695453230867533 
22.3299999999613, 0.0041182235790941605 
22.339999999961275, -0.003450050799633396 
22.349999999961252, -0.019496704799773446 
22.35999999996123, -0.04636047128585011 
22.369999999961205, -0.07098807416936437 
22.379999999961182, -0.08225887586602436 
22.38999999996116, -0.08569672511277392 
22.399999999961135, -0.08667440720427966 
22.409999999961112, -0.08697601513813644 
22.41999999996109, -0.08707598169911811 
22.429999999961066, -0.08711450885635448 
22.439999999961042, -0.08716186857630996 
22.44999999996102, -0.08730053204582461 
22.459999999960996, -0.0876708440102588 
22.469999999960972, -0.08852147157420451 
22.47999999996095, -0.09029648784024621 
22.489999999960926, -0.0937649366686816 
22.499999999960902, -0.09993423537699112 
22.50999999996088, -0.10887500232499728 
22.519999999960856, -0.11799326648048498 
22.529999999960832, -0.12423778168198646 
22.53999999996081, -0.12744918357734566 
22.549999999960786, -0.12889018764800333 
22.559999999960763, -0.12947269784155144 
22.56999999996074, -0.1296205132532065 
22.579999999960716, -0.12950848943687515 
22.589999999960693, -0.12922105189785102 
22.59999999996067, -0.12884104159047519 
22.609999999960646, -0.12849517314250808 
22.619999999960623, -0.12835050606133183 
22.6299999999606, -0.12858289136399895 
22.639999999960576, -0.12935472609802795 
22.649999999960553, -0.13076517350019534 
22.65999999996053, -0.13270156240773806 
22.669999999960506, -0.1347336963325596 
22.679999999960483, -0.13635909787419345 
22.68999999996046, -0.13736302655473112 
22.699999999960436, -0.13780450038120196 
22.709999999960413, -0.13779725023356212 
22.71999999996039, -0.13738481162615004 
22.729999999960366, -0.13652597864611407 
22.739999999960343, -0.13516004373041435 
22.74999999996032, -0.13335896592742066 
22.759999999960296, -0.13144242810035245 
22.769999999960273, -0.12982157194510746 
22.77999999996025, -0.12872402398915248 
22.789999999960227, -0.12815418892533492 
22.799999999960203, -0.128006577934845 
22.80999999996018, -0.12812948293105847 
22.819999999960157, -0.12834608211221074 
22.829999999960133, -0.128496642873606 
22.83999999996011, -0.12847597975100597 
22.849999999960087, -0.128214304766735 
22.859999999960063, -0.12760788422059563 
22.86999999996004, -0.12641271211614474 
22.879999999960017, -0.12409320429534913 
22.889999999959993, -0.1197856269010765 
22.89999999995997, -0.11306927381127885 
22.909999999959947, -0.10542853559075496 
22.919999999959924, -0.09924945063359691 
22.9299999999599, -0.09530729232869609 
22.939999999959877, -0.0930501330628124 
22.949999999959854, -0.0917960399758154 
22.95999999995983, -0.09108912071227881 
22.969999999959807, -0.09065442241654682 
22.979999999959784, -0.09032597466197106 
22.98999999995976, -0.09000233889483539 
22.999999999959737, -0.08960598846437982 
23.009999999959714, -0.08901907148922807 
23.01999999995969, -0.08792164761265078 
23.029999999959667, -0.0852756009816257 
23.039999999959644, -0.07801829341457199 
23.04999999995962, -0.06132065074267567 
23.059999999959597, -0.03848899571708334 
23.069999999959574, -0.021352388503182003 
23.07999999995955, -0.012355324499580161 
23.089999999959527, -0.008035614647799621 
23.099999999959504, -0.005888058037378165 
23.10999999995948, -0.004743528701217142 
23.119999999959457, -0.004076390053014913 
23.129999999959434, -0.003635912884940442 
23.13999999995941, -0.0032937396192021 
23.149999999959388, -0.002967922326827143 
23.159999999959364, -0.0025418096909148747 
23.16999999995934, -0.0016382526704973304 
23.179999999959318, 0.0011261700330589771 
23.189999999959294, 0.010208548661986378 
23.19999999995927, 0.030852650182409135 
23.209999999959248, 0.05379791846632894 
23.219999999959224, 0.06752872631598086 
23.2299999999592, 0.07375815769262276 
23.239999999959178, 0.07644361487091786 
23.249999999959154, 0.07758979533920828 
23.25999999995913, 0.07804409212703232 
23.269999999959108, 0.07818870200973747 
23.279999999959085, 0.07822212745330555 
23.28999999995906, 0.07827543793778853 
23.299999999959038, 0.0784976766669857 
23.309999999959015, 0.07919874590639177 
23.31999999995899, 0.08115804373905101 
23.329999999958968, 0.08594633360066924 
23.339999999958945, 0.09460267743231786 
23.34999999995892, 0.10431414082256474 
23.359999999958898, 0.11114161404293582 
23.369999999958875, 0.11472680015368983 
23.37999999995885, 0.11633958369686644 
23.389999999958828, 0.1169239114032135 
23.399999999958805, 0.11697689727980648 
23.40999999995878, 0.11677853224572178 
23.41999999995876, 0.11651900540724154 
23.429999999958735, 0.11633908793617478 
23.43999999995871, 0.11635664813925248 
23.44999999995869, 0.11671395386614238 
23.459999999958665, 0.11762642590440513 
23.46999999995864, 0.11934035575506702 
23.47999999995862, 0.12184744314474655 
23.489999999958595, 0.12456740509559758 
23.499999999958572, 0.12671312938389837 
23.50999999995855, 0.12795420457545587 
23.519999999958525, 0.1283832804490173 
23.529999999958502, 0.1281699848788353 
23.53999999995848, 0.12744211130672375 
23.549999999958455, 0.1263579720955472 
23.559999999958432, 0.1251719553633022 
23.56999999995841, 0.12415183646034665 
23.579999999958385, 0.12344727170740254 
23.589999999958362, 0.12308523019168754 
23.59999999995834, 0.12304671245032163 
23.609999999958315, 0.12330490580805947 
23.619999999958292, 0.12379579873516865 
23.62999999995827, 0.12436890915827303 
23.639999999958246, 0.12480238789398712 
23.649999999958222, 0.12488323514497979 
23.6599999999582, 0.12443055383107295 
23.669999999958176, 0.12322084559019086 
23.679999999958152, 0.12095225853362483 
23.68999999995813, 0.11750491379171385 
23.699999999958106, 0.11349506642554746 
23.709999999958082, 0.11008974054793379 
23.71999999995806, 0.10787020278010864 
23.729999999958036, 0.1066232357654261 
23.739999999958012, 0.10595971056963485 
23.74999999995799, 0.1056147392649879 
23.759999999957966, 0.10543181519576024 
23.769999999957943, 0.105287358626229 
23.77999999995792, 0.10503437334415539 
23.789999999957896, 0.10446159141795702 
23.799999999957873, 0.10321926253992246 
23.80999999995785, 0.10062751016527417 
23.819999999957826, 0.09537696577021734 
23.829999999957803, 0.08593985959322047 
23.83999999995778, 0.07373174695441177 
23.849999999957756, 0.06424021323910682 
23.859999999957733, 0.05953112679444677 
23.86999999995771, 0.057593123667523255 
23.879999999957686, 0.056738266182446435 
23.889999999957663, 0.05626638176618612 
23.89999999995764, 0.055917149615439164 
23.909999999957616, 0.055560144149286096 
23.919999999957593, 0.05506632494073177 
23.92999999995757, 0.054226866691882314 
23.939999999957546, 0.052631704330939735 
23.949999999957523, 0.049375478509614365 
23.9599999999575, 0.042388196224316416 
23.969999999957476, 0.027980138086211512 
23.979999999957453, 0.005717672120675673 
23.98999999995743, -0.012933418544378001 
23.999999999957407, -0.02114117342883936 
24.009999999957383, -0.0236557953579427 
24.01999999995736, -0.024359605356675706 
24.029999999957337, -0.024556422267385487 
24.039999999957313, -0.02461230387440579 
24.04999999995729, -0.024651135827855605 
24.059999999957267, -0.02475751326054094 
24.069999999957243, -0.025053209280012607 
24.07999999995722, -0.02576144809007908 
24.089999999957197, -0.02732066082551096 
24.099999999957173, -0.03063498704241645 
24.10999999995715, -0.037465150114929256 
24.119999999957127, -0.04994238563755244 
24.129999999957104, -0.06634716597900664 
24.13999999995708, -0.07919425446654099 
24.149999999957057, -0.08549538444782874 
24.159999999957034, -0.08796504233204608 
24.16999999995701, -0.08890086319728652 
24.179999999956987, -0.08924818523347837 
24.189999999956964, -0.08934301177302541 
24.19999999995694, -0.08931887277465449 
24.209999999956917, -0.08926100417127009 
24.219999999956894, -0.08927320715666656 
24.22999999995687, -0.08951352573376799 
24.239999999956847, -0.09022115102247251 
24.249999999956824, -0.09175671413442894 
24.2599999999568, -0.09461048863789769 
24.269999999956777, -0.09911335667991898 
24.279999999956754, -0.10464317825105711 
24.28999999995673, -0.10953322981751715 
24.299999999956707, -0.11270517193128651 
24.309999999956684, -0.11436396090920735 
24.31999999995666, -0.11509593290410484 
24.329999999956637, -0.11529941629214473 
24.339999999956614, -0.11516392471262113 
24.34999999995659, -0.11477194774777863 
24.359999999956568, -0.11419119751677287 
24.369999999956544, -0.11354141138474283 
24.37999999995652, -0.11300135823908743 
24.389999999956498, -0.11275276141193416 
24.399999999956474, -0.11293367115620914 
24.40999999995645, -0.11362593668178318 
24.419999999956428, -0.11480331800679097 
24.429999999956404, -0.11623870714892603 
24.43999999995638, -0.11755606082055395 
24.449999999956358, -0.11847407976454696 
24.459999999956334, -0.1189280757463466 
24.46999999995631, -0.11896253639078465 
24.479999999956288, -0.11859813391435456 
24.489999999956265, -0.1177759248638412 
24.49999999995624, -0.11638286616602715 
24.509999999956218, -0.1143954300986586 
24.519999999956195, -0.1120863528732725 
24.52999999995617, -0.1099674557051384 
24.539999999956148, -0.10841319026322864 
24.549999999956125, -0.10748724965447928 
24.5599999999561, -0.10707828399239581 
24.569999999956078, -0.1070266529854615 
24.579999999956055, -0.10715611907857994 
24.58999999995603, -0.10729577817954826 
24.599999999956008, -0.10731720736347895 
24.609999999955985, -0.10713766849054546 
24.61999999995596, -0.10666977764562953 
24.62999999995594, -0.1057315783255026 
24.639999999955915, -0.10391224065915315 
24.64999999995589, -0.10046122485492076 
24.65999999995587, -0.09469734984647402 
24.669999999955845, -0.0874041156272431 
24.67999999995582, -0.08089307684155592 
24.6899999999558, -0.07649516563024827 
24.699999999955775, -0.07393273808023863 
24.709999999955752, -0.07252034100859618 
24.71999999995573, -0.07175107310227515 
24.729999999955705, -0.07131210233378257 
24.739999999955682, -0.07100942778086837 
24.74999999995566, -0.07072065328163403 
24.759999999955635, -0.0703570793727436 
24.769999999955612, -0.06980671970144338 
24.77999999995559, -0.06881120226678746 
24.789999999955565, -0.06663320507901935 
24.799999999955542, -0.061305773787917704 
24.80999999995552, -0.04967476977807752 
24.819999999955495, -0.03282841648613524 
24.829999999955472, -0.01857113694169371 
24.83999999995545, -0.010317290598245436 
24.849999999955426, -0.006155851943225678 
24.859999999955402, -0.004057479422310321 
24.86999999995538, -0.0029485401315508916 
24.879999999955356, -0.002315135630328901 
24.889999999955332, -0.0018979744463158343 
24.89999999995531, -0.0015540508092883537 
24.909999999955286, -0.0011842206391831382 
24.919999999955262, -0.0006570201621745454 
24.92999999995524, 0.00028091791900143153 
24.939999999955216, 0.0025415911119764244 
24.949999999955192, 0.009140733346438567 
24.95999999995517, 0.023252169506811464 
24.969999999955146, 0.04036386620243278 
24.979999999955123, 0.052143799118056736 
24.9899999999551, 0.058046784590286164 
24.999999999955076, 0.060717655915291095 
