t, s[1].omega / s[0].omega 
0, -1.3799780628298377 
0.009999999999999995, -1.3774432364412714 
0.019999999999999934, -1.3742170325036456 
0.029999999999999874, -1.370357981945563 
0.04000000000000012, -1.3661102374774214 
0.050000000000000405, -1.3619871619537558 
0.06000000000000069, -1.3586902392274633 
0.07000000000000098, -1.356724204550145 
0.08000000000000126, -1.3560095255789453 
0.09000000000000155, -1.356011935584978 
0.10000000000000184, -1.3562009896717258 
0.11000000000000212, -1.3562761064857862 
0.12000000000000241, -1.356105815686345 
0.130000000000002, -1.3556001277694485 
0.1400000000000009, -1.3546103658653121 
0.1499999999999998, -1.3528408365350821 
0.1599999999999987, -1.3497520054794967 
0.1699999999999976, -1.3445233660708922 
0.1799999999999965, -1.336406051367478 
0.1899999999999954, -1.326106399497045 
0.1999999999999943, -1.3177623947117505 
0.2099999999999932, -1.31742014027138 
0.2199999999999921, -1.3262628983907256 
0.229999999999991, -1.3387383326275495 
0.2399999999999899, -1.3492431533767657 
0.2499999999999888, -1.3560801847746105 
0.2599999999999877, -1.3599409059925438 
0.2699999999999866, -1.3619171417371476 
0.2799999999999855, -1.3627962025526368 
0.2899999999999844, -1.3630314303723776 
0.2999999999999833, -1.362859217224424 
0.3099999999999822, -1.3624060428164069 
0.3199999999999811, -1.3617826167583638 
0.32999999999998, -1.3611890136980294 
0.3399999999999789, -1.3609977695334678 
0.3499999999999778, -1.36166893361767 
0.35999999999997667, -1.3634289054088926 
0.36999999999997557, -1.366040103606069 
0.37999999999997447, -1.3689810647040597 
0.38999999999997337, -1.3717811140254828 
0.39999999999997227, -1.3741655099926136 
0.40999999999997117, -1.3760250664678952 
0.41999999999997006, -1.3773466574030018 
0.42999999999996896, -1.3781649720676845 
0.43999999999996786, -1.3785371165226923 
0.44999999999996676, -1.3785292188135867 
0.45999999999996566, -1.378209085503041 
0.46999999999996456, -1.3776448260971974 
0.47999999999996346, -1.3769099763677877 
0.48999999999996235, -1.376090389418033 
0.49999999999996125, -1.3752833373970763 
0.5099999999999602, -1.374585018005514 
0.519999999999959, -1.3740728204193726 
0.529999999999958, -1.3737836030150725 
0.5399999999999568, -1.3736894927281784 
0.5499999999999557, -1.3736969453435828 
0.5599999999999546, -1.3736820013286535 
0.5699999999999535, -1.3735257286661542 
0.5799999999999524, -1.3731167676321545 
0.5899999999999513, -1.3723281214521874 
0.5999999999999502, -1.3709902641021783 
0.6099999999999491, -1.3688768372324156 
0.619999999999948, -1.3657158200421484 
0.6299999999999469, -1.361241286930555 
0.6399999999999458, -1.355307386547107 
0.6499999999999447, -1.3480902957654624 
0.6599999999999436, -1.340345687060608 
0.6699999999999425, -1.3334578101234107 
0.6799999999999414, -1.3288262218633522 
0.6899999999999403, -1.3268266262480182 
0.6999999999999392, -1.3266281237728246 
0.7099999999999381, -1.3271119501432551 
0.719999999999937, -1.3275907507618534 
0.7299999999999359, -1.3278134173112108 
0.7399999999999348, -1.327723107502043 
0.7499999999999337, -1.3272871107478525 
0.7599999999999326, -1.3264125461942418 
0.7699999999999315, -1.3248960238441863 
0.7799999999999304, -1.322401349008739 
0.7899999999999293, -1.3185740641164658 
0.7999999999999282, -1.3136078669911508 
0.8099999999999271, -1.3095011285242366 
0.819999999999926, -1.3106171536709514 
0.8299999999999249, -1.3203390199790384 
0.8399999999999238, -1.3362493683157797 
0.8499999999999227, -1.3521430016039215 
0.8599999999999216, -1.363996610991996 
0.8699999999999205, -1.3713960531554912 
0.8799999999999194, -1.3755371913896597 
0.8899999999999183, -1.3776660042418423 
0.8999999999999172, -1.3786284384996494 
0.9099999999999161, -1.3789124324757571 
0.919999999999915, -1.3787815428663017 
0.9299999999999139, -1.3783879357592388 
0.9399999999999128, -1.3778637923653985 
0.9499999999999117, -1.3773992462394438 
0.9599999999999106, -1.3772656458565555 
0.9699999999999095, -1.3777093971380252 
0.9799999999999084, -1.378771562075664 
0.9899999999999073, -1.380250810677881 
0.9999999999999062, -1.3818552566921163 
1.0099999999999052, -1.383349852038687 
1.019999999999904, -1.3845952424769254 
1.029999999999903, -1.3855249714885645 
1.039999999999902, -1.3861156579845475 
1.0499999999999008, -1.3863669796380587 
1.0599999999998997, -1.3862910900816492 
1.0699999999998986, -1.3859081128025703 
1.0799999999998975, -1.3852454053210654 
1.0899999999998964, -1.3843402497402602 
1.0999999999998953, -1.3832461494309312 
1.1099999999998942, -1.3820407692872163 
1.119999999999893, -1.380831392675239 
1.129999999999892, -1.3797519774097524 
1.1399999999998909, -1.3789367303872428 
1.1499999999998898, -1.37845723052713 
1.1599999999998887, -1.3782649726459097 
1.1699999999998876, -1.378212651503056 
1.1799999999998865, -1.3781336183369932 
1.1899999999998854, -1.3778878856052514 
1.1999999999998843, -1.377344709145081 
1.2099999999998832, -1.3763313403765034 
1.219999999999882, -1.374572347194206 
1.229999999999881, -1.3716317202765356 
1.2399999999998799, -1.3668884955517142 
1.2499999999998788, -1.3596296721670291 
1.2599999999998777, -1.3494088689275574 
1.2699999999998766, -1.3367708194060637 
1.2799999999998755, -1.323949281341506 
1.2899999999998744, -1.3142504596119342 
1.2999999999998733, -1.3095918668819935 
1.3099999999998722, -1.3089850391581022 
1.319999999999871, -1.3101239767749553 
1.32999999999987, -1.3114134419602377 
1.3399999999998689, -1.3122860888388517 
1.3499999999998678, -1.3126878125429227 
1.3599999999998666, -1.312688000447305 
1.3699999999998655, -1.312327683623057 
1.3799999999998644, -1.31157863300653 
1.3899999999998633, -1.310342957621217 
1.3999999999998622, -1.3085104742283469 
1.4099999999998611, -1.306191690448308 
1.41999999999986, -1.304283917884449 
1.429999999999859, -1.3050492885406222 
1.4399999999998578, -1.3112211302676218 
1.4499999999998567, -1.323119091267435 
1.4599999999998556, -1.337525004471687 
1.4699999999998545, -1.3505103726611196 
1.4799999999998534, -1.3601139834521876 
1.4899999999998523, -1.3663307034224879 
1.4999999999998512, -1.3699855086974788 
1.5099999999998501, -1.3719492430368407 
1.519999999999849, -1.3728655201442843 
1.529999999999848, -1.3731415599074124 
1.5399999999998468, -1.3730185545041038 
1.5499999999998457, -1.3726487705934676 
1.5599999999998446, -1.3721640739018697 
1.5699999999998435, -1.3717266168657547 
1.5799999999998424, -1.3715279371948403 
1.5899999999998413, -1.371710323087936 
1.5999999999998402, -1.372277002088176 
1.6099999999998391, -1.3731000765981913 
1.619999999999838, -1.374008498782556 
1.629999999999837, -1.3748564967061798 
1.6399999999998358, -1.3755418975945197 
1.6499999999998347, -1.3759999757821688 
1.6599999999998336, -1.3761922396222641 
1.6699999999998325, -1.3760966103086267 
1.6799999999998314, -1.3757012138768174 
1.6899999999998303, -1.3750019525671622 
1.6999999999998292, -1.3740033722975156 
1.709999999999828, -1.3727232368553302 
1.719999999999827, -1.3712020199487998 
1.729999999999826, -1.3695178782212252 
1.7399999999998248, -1.3678042914203563 
1.7499999999998237, -1.3662551668938643 
1.7599999999998226, -1.3650800983401254 
1.7699999999998215, -1.3643928462821717 
1.7799999999998204, -1.364123080473966 
1.7899999999998193, -1.3640661435019052 
1.7999999999998182, -1.3640101991986715 
1.809999999999817, -1.3637980744746945 
1.819999999999816, -1.3632997182207671 
1.8299999999998149, -1.3623457835310169 
1.8399999999998138, -1.3606480673624144 
1.8499999999998127, -1.3577065869128178 
1.8599999999998116, -1.3527248093546123 
1.8699999999998105, -1.344648460959885 
1.8799999999998094, -1.3326122116303976 
1.8899999999998083, -1.3170904448433336 
1.8999999999998072, -1.3011564798484931 
1.909999999999806, -1.289544228150398 
1.919999999999805, -1.284762662385179 
1.9299999999998039, -1.2851043453384745 
1.9399999999998028, -1.287325415508991 
1.9499999999998017, -1.2894185974659018 
1.9599999999998006, -1.290799791638379 
1.9699999999997995, -1.291514196386974 
1.9799999999997984, -1.2917260692254662 
1.9899999999997973, -1.2915489916523566 
1.9999999999997962, -1.2910175891202726 
2.0099999999998173, -1.2901003705180756 
2.0199999999998384, -1.2887490611387578 
2.0299999999998595, -1.2870539168529114 
2.0399999999998806, -1.2856080355281772 
2.0499999999999017, -1.285938267488778 
2.059999999999923, -1.290146778689072 
2.069999999999944, -1.299101928755425 
2.079999999999965, -1.3110729522235942 
2.089999999999986, -1.3230193803200512 
2.100000000000007, -1.3327687511568587 
2.1100000000000283, -1.3396801049480915 
2.1200000000000494, -1.344095159881634 
2.1300000000000705, -1.3466736540432562 
2.1400000000000916, -1.3480255572799067 
2.1500000000001127, -1.3485947819951056 
2.160000000000134, -1.3486678193775545 
2.170000000000155, -1.3484240301018753 
2.180000000000176, -1.3479929776310897 
2.190000000000197, -1.3475069146799972 
2.2000000000002182, -1.347129355686678 
2.2100000000002393, -1.347026619507299 
2.2200000000002604, -1.3472870150354657 
2.2300000000002815, -1.3478701857160282 
2.2400000000003026, -1.348645029691784 
2.2500000000003237, -1.3494632393401844 
2.260000000000345, -1.3502022861040697 
2.270000000000366, -1.350774680704475 
2.280000000000387, -1.3511231429275068 
2.290000000000408, -1.3512121980210607 
2.3000000000004293, -1.35102069490697 
2.3100000000004504, -1.3505373389127577 
2.3200000000004715, -1.3497593459810766 
2.3300000000004926, -1.3486939790203682 
2.3400000000005137, -1.34736361331087 
2.3500000000005348, -1.3458153376668713 
2.360000000000556, -1.344134886815358 
2.370000000000577, -1.3424606887413433 
2.380000000000598, -1.3409817174628376 
2.390000000000619, -1.339886705491501 
2.4000000000006403, -1.3392610945887975 
2.4100000000006614, -1.3390204740942269 
2.4200000000006825, -1.3389676488568873 
2.4300000000007036, -1.3389053876929304 
2.4400000000007247, -1.3386858729236193 
2.450000000000746, -1.3381832683222388 
2.460000000000767, -1.3372337963964789 
2.470000000000788, -1.3355662822449266 
2.480000000000809, -1.3327267926592072 
2.49000000000083, -1.3280208638828033 
2.5000000000008513, -1.3205659014530402 
2.5100000000008724, -1.3096492453082684 
2.5200000000008935, -1.2955702570812686 
2.5300000000009146, -1.2805931021033339 
2.5400000000009357, -1.2685399166984277 
2.550000000000957, -1.2621219924993172 
2.560000000000978, -1.2607728896735821 
2.570000000000999, -1.2619478948679854 
2.58000000000102, -1.2635830499512226 
2.5900000000010412, -1.2648194779135764 
2.6000000000010624, -1.265515949303565 
2.6100000000010835, -1.2657531414677412 
2.6200000000011046, -1.2656138648218314 
2.6300000000011257, -1.2651193046251619 
2.6400000000011468, -1.264216847364938 
2.650000000001168, -1.2627920559101342 
2.660000000001189, -1.260748962875344 
2.67000000000121, -1.2582892765220792 
2.680000000001231, -1.2565081288884994 
2.6900000000012523, -1.2578577799498702 
2.7000000000012734, -1.2650191053255733 
2.7100000000012945, -1.2780398704671407 
2.7200000000013156, -1.2934629850458197 
2.7300000000013367, -1.3072245250193018 
2.740000000001358, -1.3173252296191058 
2.750000000001379, -1.323814604322608 
2.7600000000014, -1.3276061874779062 
2.770000000001421, -1.3296402136183656 
2.780000000001442, -1.3305986763072701 
2.7900000000014633, -1.330905265857654 
2.8000000000014844, -1.3308053676205447 
2.8100000000015055, -1.3304479853309075 
2.8200000000015266, -1.3299576898678056 
2.8300000000015477, -1.3294959010231013 
2.840000000001569, -1.3292826391859807 
2.85000000000159, -1.3295287281515509 
2.860000000001611, -1.3303056482230975 
2.870000000001632, -1.3314941628856387 
2.8800000000016532, -1.3328721760687332 
2.8900000000016743, -1.3342308324226557 
2.9000000000016954, -1.3354252730735527 
2.9100000000017165, -1.336371568527519 
2.9200000000017377, -1.3370280506154928 
2.9300000000017588, -1.3373790494216227 
2.94000000000178, -1.3374246977657855 
2.950000000001801, -1.3371758871819686 
2.960000000001822, -1.3366526027383168 
2.970000000001843, -1.3358847549232125 
2.9800000000018643, -1.3349157472202406 
2.9900000000018854, -1.3338082144843084 
3.0000000000019065, -1.3326486915296254 
3.0100000000019276, -1.331546710517388 
3.0200000000019487, -1.3306228631027182 
3.03000000000197, -1.3299758009934848 
3.040000000001991, -1.3296305895229719 
3.050000000002012, -1.3295117221926769 
3.060000000002033, -1.3294790244351176 
3.070000000002054, -1.3293888393932491 
3.0800000000020753, -1.329118996116788 
3.0900000000020964, -1.3285493753438518 
3.1000000000021175, -1.3275236288953363 
3.1100000000021386, -1.3258123549720446 
3.1200000000021597, -1.3230923862904325 
3.130000000002181, -1.3189650789809149 
3.140000000002202, -1.3130492567900076 
3.150000000002223, -1.3051876990244926 
3.160000000002244, -1.29577252878239 
3.1700000000022652, -1.2860417651580833 
3.1800000000022863, -1.2778939961118965 
3.1900000000023074, -1.2728454553132296 
3.2000000000023285, -1.2709275578857742 
3.2100000000023496, -1.2709308484069344 
3.2200000000023707, -1.271581905208753 
3.230000000002392, -1.2721797330868143 
3.240000000002413, -1.2724922672249919 
3.250000000002434, -1.2724827115669926 
3.260000000002455, -1.2721400315310527 
3.2700000000024763, -1.2714013296324609 
3.2800000000024974, -1.2701074750666295 
3.2900000000025185, -1.2679708541945975 
3.3000000000025396, -1.2646060784685083 
3.3100000000025607, -1.2598182647708733 
3.3200000000025818, -1.2544646456531412 
3.330000000002603, -1.2515842303326514 
3.340000000002624, -1.2555378100126464 
3.350000000002645, -1.267635519851422 
3.360000000002666, -1.283668265964047 
3.3700000000026873, -1.2980209044721798 
3.3800000000027084, -1.3081062262416725 
3.3900000000027295, -1.3142133321441196 
3.4000000000027506, -1.3175773976893135 
3.4100000000027717, -1.3192797622771848 
3.420000000002793, -1.320015225031209 
3.430000000002814, -1.3201747316745098 
3.440000000002835, -1.3199659635132845 
3.450000000002856, -1.3195095498815363 
3.460000000002877, -1.31892337912702 
3.4700000000028983, -1.3184097074433658 
3.4800000000029194, -1.3183049602259687 
3.4900000000029405, -1.318982421123243 
3.5000000000029616, -1.3205991941624524 
3.5100000000029827, -1.3229485360655064 
3.520000000003004, -1.3256084299433855 
3.530000000003025, -1.3281877848425212 
3.540000000003046, -1.330439306344692 
3.550000000003067, -1.3322462231255734 
3.5600000000030882, -1.3335747079074518 
3.5700000000031094, -1.3344376743061253 
3.5800000000031305, -1.334874397739334 
3.5900000000031516, -1.3349388196929741 
3.6000000000031727, -1.3346917365206026 
3.6100000000031938, -1.3341971124177006 
3.620000000003215, -1.3335243114886632 
3.630000000003236, -1.3327539352446605 
3.640000000003257, -1.3319788410414453 
3.650000000003278, -1.3312932717855488 
3.6600000000032993, -1.330774407662492 
3.6700000000033204, -1.3304644142997668 
3.6800000000033415, -1.330353746245214 
3.6900000000033626, -1.3303748458023688 
3.7000000000033837, -1.3304218348578887 
3.710000000003405, -1.3303834166735862 
3.720000000003426, -1.3301587076855068 
3.730000000003447, -1.3296490495789608 
3.740000000003468, -1.3287413522806804 
3.750000000003489, -1.3272988910449952 
3.7600000000035103, -1.3251679193276082 
3.7700000000035314, -1.3222024901596656 
3.7800000000035525, -1.3183078698947757 
3.7900000000035736, -1.313507916376041 
3.8000000000035947, -1.3080451004672329 
3.810000000003616, -1.3024846092541378 
3.820000000003637, -1.2976805833398843 
3.830000000003658, -1.2944138390200193 
3.840000000003679, -1.2928671634854352 
3.8500000000037002, -1.292543851013932 
3.8600000000037213, -1.2927448770162928 
3.8700000000037424, -1.292987692671735 
3.8800000000037635, -1.2930520197012554 
3.8900000000037847, -1.292849383278808 
3.9000000000038058, -1.2923034052105664 
3.910000000003827, -1.291267918223305 
3.920000000003848, -1.2894512118922374 
3.930000000003869, -1.2863285371205375 
3.94000000000389, -1.281099117350092 
3.9500000000039113, -1.272943792468302 
3.9600000000039324, -1.2620878492266558 
3.9700000000039535, -1.251531714408543 
3.9800000000039746, -1.24670313465126 
3.9900000000039957, -1.2505537337563633 
4.000000000004016, -1.2600114992263776 
4.010000000003993, -1.2697568934814643 
4.02000000000397, -1.276937259232692 
4.030000000003946, -1.2813579608966221 
4.040000000003923, -1.2837954070537407 
4.0500000000039, -1.2850005283434862 
4.0600000000038765, -1.2854633989802104 
4.070000000003853, -1.285455113706363 
4.08000000000383, -1.285109726861097 
4.090000000003807, -1.2844960783130286 
4.100000000003783, -1.2836988545023702 
4.11000000000376, -1.2829423842812753 
4.120000000003737, -1.2827321020661884 
4.130000000003713, -1.2838193750514146 
4.14000000000369, -1.286765690953867 
4.150000000003667, -1.2914106031056567 
4.1600000000036434, -1.2969206064370022 
4.17000000000362, -1.3023498303177894 
4.180000000003597, -1.307057523837533 
4.1900000000035735, -1.310764731473817 
4.20000000000355, -1.313444836589434 
4.210000000003527, -1.315209532178762 
4.220000000003504, -1.3162285311453865 
4.23000000000348, -1.3166773547507207 
4.240000000003457, -1.3167084595142096 
4.250000000003434, -1.3164442200669737 
4.26000000000341, -1.3159876419771035 
4.270000000003387, -1.3154416567618223 
4.280000000003364, -1.3149209187223383 
4.2900000000033405, -1.3145382497504792 
4.300000000003317, -1.3143685859064516 
4.310000000003294, -1.3144231354902804 
4.320000000003271, -1.3146556517275925 
4.330000000003247, -1.3149853063918202 
4.340000000003224, -1.3153179408912616 
4.350000000003201, -1.3155632116304998 
4.360000000003177, -1.3156448578390143 
4.370000000003154, -1.3155013691518422 
4.380000000003131, -1.315081786628575 
4.390000000003107, -1.3143432548560503 
4.400000000003084, -1.3132523788929853 
4.410000000003061, -1.3117890590674253 
4.4200000000030375, -1.309952480102521 
4.430000000003014, -1.3077720242244562 
4.440000000002991, -1.30532712927213 
4.450000000002968, -1.302775398583496 
4.460000000002944, -1.3003703661128712 
4.470000000002921, -1.2984200738686114 
4.480000000002898, -1.2971492573902998 
4.490000000002874, -1.2965507918533457 
4.500000000002851, -1.2963968323147699 
4.510000000002828, -1.2964022680808964 
4.520000000002804, -1.2963529242453329 
4.530000000002781, -1.2961129607050943 
4.540000000002758, -1.295566296869367 
4.5500000000027345, -1.294545698837335 
4.560000000002711, -1.292756359514925 
4.570000000002688, -1.2896862533516018 
4.580000000002665, -1.2845268850488387 
4.590000000002641, -1.2762243364795296 
4.600000000002618, -1.2639317851343548 
4.610000000002595, -1.248093599066905 
4.620000000002571, -1.231550859802026 
4.630000000002548, -1.2187357412438498 
4.640000000002525, -1.2123885333840678 
4.6500000000025015, -1.211517470110445 
4.660000000002478, -1.2132213970739598 
4.670000000002455, -1.2152918875391525 
4.6800000000024315, -1.2168460546529576 
4.690000000002408, -1.2177652047861582 
4.700000000002385, -1.218164694787602 
4.710000000002362, -1.2181615402533565 
4.720000000002338, -1.2178095048045106 
4.730000000002315, -1.2170885039559565 
4.740000000002292, -1.2159082718167578 
4.750000000002268, -1.214141047730217 
4.760000000002245, -1.2117613554198965 
4.770000000002222, -1.209234227960374 
4.7800000000021985, -1.2081403145524923 
4.790000000002175, -1.2112608719094786 
4.800000000002152, -1.2207893608499893 
4.810000000002129, -1.2356615107349707 
4.820000000002105, -1.2518003591469709 
4.830000000002082, -1.265388985710222 
4.840000000002059, -1.274964603994421 
4.850000000002035, -1.2809376002227162 
4.860000000002012, -1.2843509003378442 
4.870000000001989, -1.2861454687336362 
4.880000000001965, -1.2869636462097884 
4.890000000001942, -1.287189672329048 
4.900000000001919, -1.2870401065511232 
4.9100000000018955, -1.2866451346171035 
4.920000000001872, -1.2861200442321195 
4.930000000001849, -1.2856332870753073 
4.940000000001826, -1.2854441260309502 
4.950000000001802, -1.2858412016170688 
4.960000000001779, -1.28697397492398 
4.970000000001756, -1.288735391826338 
4.980000000001732, -1.2908355678996855 
4.990000000001709, -1.2929687670877263 
5.000000000001686, -1.2949135669562968 
5.0100000000016625, -1.2965431270142125 
5.020000000001639, -1.2977989556222334 
5.030000000001616, -1.298665211588847 
5.0400000000015925, -1.2991528491001376 
5.050000000001569, -1.2992909787877935 
5.060000000001546, -1.2991212043346274 
5.070000000001523, -1.2986935807611786 
5.080000000001499, -1.2980658414382704 
5.090000000001476, -1.297306707173123 
5.100000000001453, -1.2964990495165851 
5.110000000001429, -1.2957351811558837 
5.120000000001406, -1.295101977380099 
5.130000000001383, -1.2946622471605553 
5.1400000000013595, -1.294437007097265 
5.150000000001336, -1.2943922075315726 
5.160000000001313, -1.2944435307581506 
5.17000000000129, -1.2944836878372221 
5.180000000001266, -1.2944096971392525 
5.190000000001243, -1.2941292746065565 
5.20000000000122, -1.2935503976129865 
5.210000000001196, -1.2925698979501097 
5.220000000001173, -1.2910725001201708 
5.23000000000115, -1.28894381048808 
5.240000000001126, -1.2860949137166837 
5.250000000001103, -1.2824956823108074 
5.26000000000108, -1.2782200874898602 
5.2700000000010565, -1.273508747039156 
5.280000000001033, -1.2688251541825413 
5.29000000000101, -1.2648109880757166 
5.300000000000987, -1.2620302920799795 
5.310000000000963, -1.2606194548185456 
5.32000000000094, -1.2602223771716647 
5.330000000000917, -1.2603033478486771 
5.340000000000893, -1.260457384437977 
5.35000000000087, -1.2604734327288019 
5.360000000000847, -1.2602496559044782 
5.3700000000008234, -1.259696436568481 
5.3800000000008, -1.2586595623522936 
5.390000000000777, -1.2568427275146432 
5.4000000000007535, -1.2537089014131917 
5.41000000000073, -1.2483848307110221 
5.420000000000707, -1.2397278558555405 
5.430000000000684, -1.2269499720702615 
5.44000000000066, -1.2110976212831988 
5.450000000000637, -1.1962067430590289 
5.460000000000614, -1.1872974179832148 
5.47000000000059, -1.1859439002153889 
5.480000000000567, -1.1893571298149248 
5.490000000000544, -1.1938688588963466 
5.5000000000005205, -1.1975094366520618 
5.510000000000497, -1.199881378948058 
5.520000000000474, -1.2012233897723805 
5.5300000000004506, -1.2018534227369915 
5.540000000000427, -1.2019969277866678 
5.550000000000404, -1.2017725222498796 
5.560000000000381, -1.2012135859248847 
5.570000000000357, -1.200294614095681 
5.580000000000334, -1.1989797273426896 
5.590000000000311, -1.1973520658381562 
5.600000000000287, -1.1959033558857723 
5.610000000000264, -1.1959140741936063 
5.620000000000241, -1.1993698289938832 
5.6300000000002175, -1.2077013940511365 
5.640000000000194, -1.2201493610465195 
5.650000000000171, -1.2339237205163207 
5.660000000000148, -1.246164346186114 
5.670000000000124, -1.2554134697028831 
5.680000000000101, -1.2616111655827509 
5.690000000000078, -1.2653960492425245 
5.700000000000054, -1.2675187218145811 
5.710000000000031, -1.2685768036764946 
5.720000000000008, -1.2689691236671516 
5.729999999999984, -1.2689385299569496 
5.739999999999961, -1.268633176496487 
5.749999999999938, -1.2681663790277198 
5.7599999999999145, -1.2676736469180987 
5.769999999999891, -1.267351899231984 
5.779999999999868, -1.2674364535184235 
5.789999999999845, -1.2680924558962947 
5.799999999999821, -1.2693052986479874 
5.809999999999798, -1.270891499998775 
5.819999999999775, -1.2726101529327134 
5.829999999999751, -1.274258365051942 
5.839999999999728, -1.2757013937094945 
5.849999999999705, -1.2768629600690482 
5.8599999999996815, -1.277706858471042 
5.869999999999658, -1.278222911113078 
5.879999999999635, -1.2784190544921992 
5.8899999999996115, -1.2783172834355097 
5.899999999999588, -1.277951080951837 
5.909999999999565, -1.2773641242791336 
5.919999999999542, -1.2766115895568988 
5.929999999999518, -1.2757633872477565 
5.939999999999495, -1.2749043176501884 
5.949999999999472, -1.2741256876542288 
5.959999999999448, -1.273509178170967 
5.969999999999425, -1.2731074168262189 
5.979999999999402, -1.2729241543804135 
5.9899999999993785, -1.2729046118589011 
5.999999999999355, -1.2729509756212176 
6.009999999999332, -1.272954520861965 
6.019999999999309, -1.272816679833646 
6.029999999999285, -1.272447664198918 
6.039999999999262, -1.2717539185645188 
6.049999999999239, -1.270629675525497 
6.059999999999215, -1.2689611097610665 
6.069999999999192, -1.2666440562380492 
6.079999999999169, -1.2636111023439862 
6.089999999999145, -1.2598647463461092 
6.099999999999122, -1.255519982905634 
6.109999999999099, -1.25085810481434 
6.1199999999990755, -1.2463603130448786 
6.129999999999052, -1.2426297952578171 
6.139999999999029, -1.2401318476356957 
6.149999999999006, -1.2389079172149091 
6.159999999998982, -1.2385820061584574 
6.169999999998959, -1.2386610210013935 
6.179999999998936, -1.238786664852886 
6.189999999998912, -1.2387710840190693 
6.199999999998889, -1.2385168406762612 
6.209999999998866, -1.2379300765017323 
6.2199999999988425, -1.2368492780858449 
6.229999999998819, -1.2349705830078361 
6.239999999998796, -1.2317531766493093 
6.2499999999987725, -1.2263301323879667 
6.259999999998749, -1.2175676085293878 
6.269999999998726, -1.204605513961786 
6.279999999998703, -1.1881298597153802 
6.289999999998679, -1.1714959906231956 
6.299999999998656, -1.1594367606768599 
6.309999999998633, -1.1543811821903378 
6.319999999998609, -1.1548127712698526 
6.329999999998586, -1.1575604815628224 
6.339999999998563, -1.1603814617201063 
6.3499999999985395, -1.1624454869825729 
6.359999999998516, -1.16370394835257 
6.369999999998493, -1.1643361532843022 
6.37999999999847, -1.1645110289065124 
6.389999999998446, -1.1643253206634032 
6.399999999998423, -1.163798868978915 
6.4099999999984, -1.162879113205696 
6.419999999998376, -1.1614515874005273 
6.429999999998353, -1.1593916351712354 
6.43999999999833, -1.1567489041694345 
6.449999999998306, -1.154185161855114 
6.459999999998283, -1.1535402109652613 
6.46999999999826, -1.157643664655288 
6.4799999999982365, -1.1683283229341448 
6.489999999998213, -1.1840626672074546 
6.49999999999819, -1.2006047661168853 
6.509999999998167, -1.2142562778185406 
6.519999999998143, -1.223741407302962 
6.52999999999812, -1.2296010561309543 
6.539999999998097, -1.232932575552557 
6.549999999998073, -1.2346836769717873 
6.55999999999805, -1.2354858765650953 
6.569999999998027, -1.2357100560639964 
6.5799999999980034, -1.235559815964129 
6.58999999999798, -1.2351498744645815 
6.599999999997957, -1.2345742636777512 
6.6099999999979335, -1.23398156658211 
6.61999999999791, -1.2336499778197938 
6.629999999997887, -1.2339893325115907 
6.639999999997864, -1.2353730631678141 
6.64999999999784, -1.2378756041302013 
6.659999999997817, -1.2411906986401875 
6.669999999997794, -1.2448218815577297 
6.67999999999777, -1.2483207515657646 
6.689999999997747, -1.2513918304642988 
6.699999999997724, -1.2538846843412315 
6.7099999999977005, -1.2557531892523417 
6.719999999997677, -1.2570210481407862 
6.729999999997654, -1.2577563711679391 
6.7399999999976306, -1.2580496687876637 
6.749999999997607, -1.2579953793776342 
6.759999999997584, -1.2576819182754675 
6.769999999997561, -1.2571933162133027 
6.779999999997537, -1.2566189255109315 
6.789999999997514, -1.256059923122764 
6.799999999997491, -1.2556189017713542 
6.809999999997467, -1.2553721394307218 
6.819999999997444, -1.2553453056213115 
6.829999999997421, -1.255511054357902 
6.8399999999973975, -1.2558033122119723 
6.849999999997374, -1.2561359028311423 
6.859999999997351, -1.2564207100559126 
6.869999999997328, -1.2565808753771652 
6.879999999997304, -1.2565550328953663 
6.889999999997281, -1.2562953347844759 
6.899999999997258, -1.2557651952447855 
6.909999999997234, -1.2549394538828924 
6.919999999997211, -1.2538060775493782 
6.929999999997188, -1.2523684660713603 
6.939999999997164, -1.2506495538363196 
6.949999999997141, -1.2486999691712923 
6.959999999997118, -1.2466108391134303 
6.9699999999970945, -1.244526670258711 
6.979999999997071, -1.2426432006267603 
6.989999999997048, -1.241164474596574 
6.999999999997025, -1.2402129783343063 
7.009999999997001, -1.2397534958868508 
7.019999999996978, -1.239614357081038 
7.029999999996955, -1.2395876168658049 
7.039999999996931, -1.23950607302594 
7.049999999996908, -1.2392495180881578 
7.059999999996885, -1.238707395011134 
7.0699999999968615, -1.2377310300305575 
7.079999999996838, -1.2360876163378136 
7.089999999996815, -1.2334234401625177 
7.0999999999967915, -1.2292608725536849 
7.109999999996768, -1.2230801751574973 
7.119999999996745, -1.2145438006294016 
7.129999999996722, -1.2038618362190838 
7.139999999996698, -1.192135676185264 
7.149999999996675, -1.1812969045807522 
7.159999999996652, -1.173295667898933 
7.169999999996628, -1.1689366263769063 
7.179999999996605, -1.1675275311289663 
7.189999999996582, -1.1676987132601508 
7.1999999999965585, -1.1683477057079383 
7.209999999996535, -1.1689188482815192 
7.219999999996512, -1.1692285615024027 
7.229999999996489, -1.1692440776384079 
7.239999999996465, -1.1689530893084301 
7.249999999996442, -1.1682997859087527 
7.259999999996419, -1.167141225646802 
7.269999999996395, -1.1651962492588503 
7.279999999996372, -1.161985243194499 
7.289999999996349, -1.156815685902805 
7.299999999996325, -1.1489935640176063 
7.309999999996302, -1.1385529006309292 
7.319999999996279, -1.127395173554741 
7.3299999999962555, -1.1193824303732867 
7.339999999996232, -1.1177639165279794 
7.349999999996209, -1.1221501060889834 
7.359999999996186, -1.1291874113565692 
7.369999999996162, -1.1357468818581637 
7.379999999996139, -1.1405241624122755 
7.389999999996116, -1.1435435081537952 
7.399999999996092, -1.145268607945094 
7.409999999996069, -1.1461386431129668 
7.419999999996046, -1.1464493010222672 
7.4299999999960225, -1.1463644436468 
7.439999999995999, -1.1459506365884489 
7.449999999995976, -1.1452058529050686 
7.4599999999959525, -1.1440904980116549 
7.469999999995929, -1.1425959113692088 
7.479999999995906, -1.1409160264248714 
7.489999999995883, -1.1397714239489394 
7.499999999995859, -1.1407105368304409 
7.509999999995836, -1.1457651317810633 
7.519999999995813, -1.156007366555389 
7.529999999995789, -1.170147494349607 
7.539999999995766, -1.1850699670329645 
7.549999999995743, -1.197891229629497 
7.5599999999957195, -1.2073156014100412 
7.569999999995696, -1.2134842542217192 
7.579999999995673, -1.2171809186901343 
7.58999999999565, -1.2192252590737849 
7.599999999995626, -1.2202328105753475 
7.609999999995603, -1.2205979173271109 
7.61999999999558, -1.2205524413933446 
7.629999999995556, -1.2202319944788131 
7.639999999995533, -1.2197364704285025 
7.64999999999551, -1.2191917379511081 
7.659999999995486, -1.2188083341810207 
7.669999999995463, -1.2188923141283188 
7.67999999999544, -1.219742779566195 
7.6899999999954165, -1.2214693565138974 
7.699999999995393, -1.2239047554790257 
7.70999999999537, -1.2267069375721897 
7.719999999995347, -1.2295286317850955 
7.729999999995323, -1.2321136096265675 
7.7399999999953, -1.234307882022955 
7.749999999995277, -1.2360364549879175 
7.759999999995253, -1.2372802490743593 
7.76999999999523, -1.2380608101080033 
7.779999999995207, -1.2384283230813604 
7.789999999995183, -1.2384492152863427 
7.79999999999516, -1.2381953677144386 
7.809999999995137, -1.2377397572133388 
7.8199999999951135, -1.2371601675514228 
7.82999999999509, -1.2365455182524936 
7.839999999995067, -1.2359934690531467 
7.849999999995044, -1.2355920044006319 
7.85999999999502, -1.2353941552615288 
7.869999999994997, -1.2354043414907847 
7.879999999994974, -1.2355818691656801 
7.88999999999495, -1.2358541344606886 
7.899999999994927, -1.2361342441035565 
7.909999999994904, -1.2363384194717555 
7.9199999999948805, -1.2363960887354604 
7.929999999994857, -1.236251031358004 
7.939999999994834, -1.2358589871593053 
7.9499999999948106, -1.235186890500875 
7.959999999994787, -1.2342144198189022 
7.969999999994764, -1.232936162209528 
7.979999999994741, -1.231364007974917 
7.989999999994717, -1.2295316784344748 
7.999999999994694, -1.2275034614793257 
8.00999999999467, -1.2253863764409298 
8.019999999994647, -1.223338677792571 
8.029999999994624, -1.2215572629728162 
8.0399999999946, -1.2202226367853235 
8.049999999994577, -1.2194118730336245 
8.059999999994554, -1.2190490559989002 
8.06999999999453, -1.2189511922890843 
8.079999999994508, -1.2189237409441307 
8.089999999994484, -1.2188169531829671 
8.099999999994461, -1.218519874529105 
8.109999999994438, -1.2179226325963355 
8.119999999994414, -1.216873722582077 
8.129999999994391, -1.2151424032207403 
8.139999999994368, -1.212396389250198 
8.149999999994344, -1.20822003284354 
8.159999999994321, -1.202211594905285 
8.169999999994298, -1.194184634499957 
8.179999999994275, -1.184439713576086 
8.189999999994251, -1.1739707660722636 
8.199999999994228, -1.1643586915187778 
8.209999999994205, -1.1571540374233613 
8.219999999994181, -1.1530273174217085 
8.229999999994158, -1.1514778735725528 
8.239999999994135, -1.151406474045754 
8.249999999994111, -1.1518599041162225 
8.259999999994088, -1.1523114315872625 
8.269999999994065, -1.1525579878541148 
8.279999999994041, -1.1525424505804094 
8.289999999994018, -1.1522349159083582 
8.299999999993995, -1.151567445925307 
8.309999999993972, -1.1503858558664652 
8.319999999993948, -1.1483914095992303 
8.329999999993925, -1.1450645288330683 
8.339999999993902, -1.1396081873725277 
8.349999999993878, -1.1310592870494265 
8.359999999993855, -1.118858717936512 
8.369999999993832, -1.1039822604312035 
8.379999999993808, -1.089666652569928 
8.389999999993785, -1.0799489093251906 
8.399999999993762, -1.0766026444826806 
8.409999999993738, -1.0780857480863273 
8.419999999993715, -1.081538926646982 
8.429999999993692, -1.0849146086932266 
8.439999999993669, -1.087425023173291 
8.449999999993645, -1.0890272616432155 
8.459999999993622, -1.0899188543594147 
8.469999999993599, -1.0902980487935836 
8.479999999993575, -1.0902941294741235 
8.489999999993552, -1.0899601987696417 
8.499999999993529, -1.0892762800824491 
8.509999999993505, -1.0881465657186842 
8.519999999993482, -1.0863948815462525 
8.529999999993459, -1.0837878477746536 
8.539999999993436, -1.0801633685648429 
8.549999999993412, -1.0757892335597532 
8.559999999993389, -1.0719521166278816 
8.569999999993366, -1.071205767522311 
8.579999999993342, -1.0761665763477806 
8.589999999993319, -1.0870696360341745 
8.599999999993296, -1.1009209918817804 
8.609999999993272, -1.1138063084810814 
8.619999999993249, -1.1235131516240808 
8.629999999993226, -1.1298650999540139 
8.639999999993202, -1.1336537901575021 
8.64999999999318, -1.1357572863873824 
8.659999999993156, -1.1368193826827346 
8.669999999993133, -1.1372363456236656 
8.67999999999311, -1.1372259676681267 
8.689999999993086, -1.1368920406345435 
8.699999999993063, -1.1362714551396882 
8.70999999999304, -1.1353798446637315 
8.719999999993016, -1.1342882143541453 
8.729999999992993, -1.1332706749365464 
8.73999999999297, -1.1330139235101098 
8.749999999992946, -1.134696012290881 
8.759999999992923, -1.1395645248034891 
8.7699999999929, -1.1480120230550914 
8.779999999992876, -1.158994249916823 
8.789999999992853, -1.170531598038536 
8.79999999999283, -1.1807917352467183 
8.809999999992806, -1.1887820164054097 
8.819999999992783, -1.1943697375914781 
8.82999999999276, -1.1979383321708041 
8.839999999992736, -1.2000279059206254 
8.849999999992713, -1.2011193575643317 
8.85999999999269, -1.201561600701656 
8.869999999992666, -1.2015805259042949 
8.879999999992643, -1.2013178722244737 
8.88999999999262, -1.2008771973097727 
8.899999999992596, -1.2003726374519934 
8.909999999992573, -1.1999733452273251 
8.91999999999255, -1.1999128794828509 
8.929999999992527, -1.2004219634930735 
8.939999999992503, -1.201604913807126 
8.94999999999248, -1.2033704927959117 
8.959999999992457, -1.2054874611076738 
8.969999999992433, -1.2076982899670283 
8.97999999999241, -1.2097954318820892 
8.989999999992387, -1.2116397864817663 
8.999999999992363, -1.2131495352921164 
9.00999999999234, -1.2142848104689727 
9.019999999992317, -1.2150376180906735 
9.029999999992294, -1.2154259894483985 
9.03999999999227, -1.2154882432646625 
9.049999999992247, -1.215275905176024 
9.059999999992224, -1.2148481129395252 
9.0699999999922, -1.2142711029834867 
9.079999999992177, -1.21362201021576 
9.089999999992154, -1.2129897974983224 
9.09999999999213, -1.2124646351724586 
9.109999999992107, -1.212116534987283 
9.119999999992084, -1.2119763088325277 
9.12999999999206, -1.2120295272669874 
9.139999999992037, -1.2122224161016624 
9.149999999992014, -1.2124758416419108 
9.15999999999199, -1.2127038063361484 
9.169999999991967, -1.2128286115820797 
9.179999999991944, -1.2127866676073809 
9.18999999999192, -1.2125274381346742 
9.199999999991897, -1.2120118081857372 
9.209999999991874, -1.2112129090216897 
9.21999999999185, -1.2101182848659782 
9.229999999991827, -1.2087317028461446 
9.239999999991804, -1.2070752232606101 
9.24999999999178, -1.2051938599194547 
9.259999999991757, -1.2031640607783627 
9.269999999991734, -1.2011034806592886 
9.27999999999171, -1.1991731557724408 
9.289999999991688, -1.1975554103568369 
9.299999999991664, -1.1963946269187469 
9.309999999991641, -1.1957240805858176 
9.319999999991618, -1.1954427843865665 
9.329999999991594, -1.195372295284996 
9.339999999991571, -1.195337901399696 
9.349999999991548, -1.1952067102745054 
9.359999999991524, -1.1948754649788849 
9.369999999991501, -1.1942362769315085 
9.379999999991478, -1.1931415689225964 
9.389999999991455, -1.1913781911974273 
9.399999999991431, -1.1886625668802817 
9.409999999991408, -1.1846769786425155 
9.419999999991385, -1.1791651313196658 
9.429999999991361, -1.1720813834890866 
9.439999999991338, -1.1637514186877251 
9.449999999991315, -1.154965266011117 
9.459999999991291, -1.146881942673561 
9.469999999991268, -1.1406402560308706 
9.479999999991245, -1.1368059812145563 
9.489999999991221, -1.1351120957473668 
9.499999999991198, -1.1347698529688228 
9.509999999991175, -1.1350016337174458 
9.519999999991152, -1.135318675190195 
9.529999999991128, -1.1354974402106648 
9.539999999991105, -1.135453306819889 
9.549999999991082, -1.1351371175973823 
9.559999999991058, -1.13447003470693 
9.569999999991035, -1.1332928334043328 
9.579999999991012, -1.131306340377091 
9.589999999990988, -1.1279944675397346 
9.599999999990965, -1.1225594954732994 
9.609999999990942, -1.1139888281468155 
9.619999999990918, -1.1014889402509396 
9.629999999990895, -1.0854179963912123 
9.639999999990872, -1.068127522285144 
9.649999999990849, -1.0533490615952787 
9.659999999990825, -1.0439040223498104 
9.669999999990802, -1.0399768147080337 
9.679999999990779, -1.039725874921323 
9.689999999990755, -1.0410434169818426 
9.699999999990732, -1.0425879034824619 
9.709999999990709, -1.0438055680062548 
9.719999999990685, -1.0445821156116832 
9.729999999990662, -1.0449613198001866 
9.739999999990639, -1.0450056035555801 
9.749999999990616, -1.0447424334830822 
9.759999999990592, -1.0441419731271442 
9.769999999990569, -1.0430958152228522 
9.779999999990546, -1.0413821868083761 
9.789999999990522, -1.0386140181201282 
9.799999999990499, -1.0341889652601022 
9.809999999990476, -1.0273181921234515 
9.819999999990452, -1.0173026262568434 
9.829999999990429, -1.004212131657829 
9.839999999990406, -0.9896751655831155 
9.849999999990382, -0.976739320003254 
9.85999999999036, -0.9681815431016707 
9.869999999990336, -0.9647022626989056 
9.879999999990313, -0.9649337780718046 
9.88999999999029, -0.9668836627079281 
9.899999999990266, -0.9691033186921588 
9.909999999990243, -0.9709231395735657 
9.91999999999022, -0.9721838946107944 
9.929999999990196, -0.9729410548175921 
9.939999999990173, -0.9732951814538922 
9.94999999999015, -0.9733225241512417 
9.959999999990126, -0.973052244749138 
9.969999999990103, -0.9724555506483968 
9.97999999999008, -0.9714290094888047 
9.989999999990056, -0.9697625486262902 
9.999999999990033, -0.9670883636751786 
10.00999999999001, -0.9628221120642421 
10.019999999989986, -0.9561509330903458 
10.029999999989963, -0.946201313061662 
10.03999999998994, -0.9325500783111 
10.049999999989916, -0.9159790311480009 
10.059999999989893, -0.8987781721217175 
10.06999999998987, -0.8838587919727582 
10.079999999989846, -0.8731903627673365 
10.089999999989823, -0.8670070472621765 
10.0999999999898, -0.8642689728871245 
10.109999999989776, -0.8635933982367915 
10.119999999989753, -0.8638739173811418 
10.12999999998973, -0.8644406418150581 
10.139999999989707, -0.8649677959594252 
10.149999999989683, -0.8653292175092349 
10.15999999998966, -0.8654887899887747 
10.169999999989637, -0.8654362089335503 
10.179999999989613, -0.8651527035639843 
10.18999999998959, -0.8645907505052012 
10.199999999989567, -0.8636580682798387 
10.209999999989543, -0.8622036838089571 
10.21999999998952, -0.8600135990987816 
10.229999999989497, -0.8568356325186454 
10.239999999989474, -0.8524565536034562 
10.24999999998945, -0.8468256719303364 
10.259999999989427, -0.8401568413497988 
10.269999999989404, -0.8329169541975888 
10.27999999998938, -0.8256903226761088 
10.289999999989357, -0.8190121676885725 
10.299999999989334, -0.8132631972339898 
10.30999999998931, -0.8086411798142021 
10.319999999989287, -0.8051784592246097 
10.329999999989264, -0.8027780034696497 
10.33999999998924, -0.8012574305825547 
10.349999999989217, -0.8003962467222301 
10.359999999989194, -0.7999784315068902 
10.36999999998917, -0.7998213098165805 
10.379999999989147, -0.7997867127370253 
10.389999999989124, -0.7997775887636861 
10.3999999999891, -0.7997270951486708 
10.409999999989077, -0.7995868232867944 
10.419999999989054, -0.7993185506208709 
10.42999999998903, -0.7988917518302356 
10.439999999989007, -0.7982870164888048 
10.449999999988984, -0.797502594654537 
10.45999999998896, -0.7965583743605951 
10.469999999988937, -0.7954921750179522 
10.479999999988914, -0.7943489607646409 
10.48999999998889, -0.7931695354728738 
10.499999999988868, -0.7919851689997861 
10.509999999988844, -0.7908193188747628 
10.519999999988821, -0.7896931017020623 
10.529999999988798, -0.7886305135284567 
10.539999999988774, -0.7876611354972806 
10.549999999988751, -0.7868197651663987 
10.559999999988728, -0.7861432595617909 
10.569999999988704, -0.7856653678561789 
10.579999999988681, -0.7854109257544597 
10.589999999988658, -0.7853912390779327 
10.599999999988635, -0.7856022738312454 
10.609999999988611, -0.7860262693632757 
10.619999999988588, -0.7866360654087518 
10.629999999988565, -0.7874004501669565 
10.639999999988541, -0.7882885577365533 
10.649999999988518, -0.789271662488394 
10.659999999988495, -0.7903213972722161 
10.669999999988471, -0.7914045991914362 
10.679999999988448, -0.7924770579306859 
10.689999999988425, -0.7934808830574551 
10.699999999988401, -0.7943504670018995 
10.709999999988378, -0.7950272469934723 
10.719999999988355, -0.7954757039442584 
10.729999999988332, -0.7956904547270203 
10.739999999988308, -0.7956912405216057 
10.749999999988285, -0.7955117840782547 
10.759999999988262, -0.7951909103640397 
10.769999999988238, -0.794770713463991 
10.779999999988215, -0.7943027099479527 
10.789999999988192, -0.7938612863404995 
10.799999999988168, -0.793562827913495 
10.809999999988145, -0.7935865056035185 
10.819999999988122, -0.7941882308009721 
10.829999999988098, -0.7956950558235152 
10.839999999988075, -0.7984677546632132 
10.849999999988052, -0.8028269866518754 
10.859999999988029, -0.8089501633315217 
10.869999999988005, -0.8167577701536596 
10.879999999987982, -0.8258243198960342 
10.889999999987959, -0.8353765435408482 
10.899999999987935, -0.8444498763720205 
10.909999999987912, -0.8521923643076595 
10.919999999987889, -0.8581485557626752 
10.929999999987865, -0.8623243971248105 
10.939999999987842, -0.8650266743359799 
10.949999999987819, -0.8666462611869354 
10.959999999987796, -0.8675203975042527 
10.969999999987772, -0.8678886388023525 
10.979999999987749, -0.8678997087485474 
10.989999999987726, -0.8676324639036869 
10.999999999987702, -0.8671147957847912 
11.009999999987679, -0.8663381086053882 
11.019999999987656, -0.8652726069852996 
11.029999999987632, -0.8638952484448172 
11.039999999987609, -0.8622503162062533 
11.049999999987586, -0.860566209723847 
11.059999999987562, -0.8594272300200723 
11.06999999998754, -0.859905100200961 
11.079999999987516, -0.8634017118300055 
11.089999999987493, -0.8709568834632476 
11.09999999998747, -0.8822813502189467 
11.109999999987446, -0.8954810775794796 
11.119999999987423, -0.90805355882658 
11.1299999999874, -0.9182550931934662 
11.139999999987376, -0.9255982617386815 
11.149999999987353, -0.9304549726657598 
11.15999999998733, -0.9334787505968659 
11.169999999987306, -0.9352635391926988 
11.179999999987283, -0.9362385842978528 
11.18999999998726, -0.9366772018628984 
11.199999999987236, -0.9367344539955861 
11.209999999987213, -0.9364787916431305 
11.21999999998719, -0.9359084351617446 
11.229999999987166, -0.9349515765041978 
11.239999999987143, -0.9334510080251709 
11.24999999998712, -0.9311357632768615 
11.259999999987096, -0.927591887219885 
11.269999999987073, -0.9222707330459278 
11.27999999998705, -0.9146177464629319 
11.289999999987026, -0.904421566474295 
11.299999999987003, -0.8923358169610796 
11.30999999998698, -0.8801403250990758 
11.319999999986956, -0.8701380429991972 
11.329999999986933, -0.8638645442531576 
11.33999999998691, -0.8613042833818028 
11.349999999986887, -0.8613058405403795 
11.359999999986863, -0.8625252504754887 
11.36999999998684, -0.8640164631725268 
11.379999999986817, -0.8653103643198037 
11.389999999986793, -0.8662559427957897 
11.39999999998677, -0.8668521053439558 
11.409999999986747, -0.8671428291761206 
11.419999999986723, -0.8671664482428361 
11.4299999999867, -0.8669334786468724 
11.439999999986677, -0.8664139070550428 
11.449999999986654, -0.8655231723350575 
11.45999999998663, -0.8641022796940587 
11.469999999986607, -0.8618949970831302 
11.479999999986584, -0.8585397928959179 
11.48999999998656, -0.853617048479947 
11.499999999986537, -0.846799667394081 
11.509999999986514, -0.8380919293407804 
11.51999999998649, -0.828004830872711 
11.529999999986467, -0.817476470584315 
11.539999999986444, -0.8075480432873912 
11.54999999998642, -0.799026670866376 
11.559999999986397, -0.7923246472059626 
11.569999999986374, -0.7874797908401809 
11.57999999998635, -0.7842680783407141 
11.589999999986327, -0.782333501408968 
11.599999999986304, -0.7812964226967634 
11.60999999998628, -0.7808244223352091 
11.619999999986257, -0.7806636441167837 
11.629999999986234, -0.7806392710542838 
11.63999999998621, -0.7806388644768628 
11.649999999986187, -0.7805908745424467 
11.659999999986164, -0.7804458609649532 
11.66999999998614, -0.7801637438128738 
11.679999999986117, -0.7797083255851608 
11.689999999986094, -0.7790495029866469 
11.69999999998607, -0.7781718832120917 
11.709999999986048, -0.7770847873510035 
11.719999999986024, -0.7758256019762623 
11.729999999986001, -0.774451522520288 
11.739999999985978, -0.7730236976889214 
11.749999999985954, -0.7715936835324254 
11.759999999985931, -0.7701988569816772 
11.769999999985908, -0.7688659516154744 
11.779999999985884, -0.7676177242100258 
11.789999999985861, -0.7664783622470713 
11.799999999985838, -0.7654756782133638 
11.809999999985815, -0.7646399950767684 
11.819999999985791, -0.764000519939345 
11.829999999985768, -0.7635804779999126 
11.839999999985745, -0.7633926087228515 
11.849999999985721, -0.763436591907493 
11.859999999985698, -0.7636993417988897 
11.869999999985675, -0.7641580426317746 
11.879999999985651, -0.7647847899012238 
11.889999999985628, -0.7655511835847801 
11.899999999985605, -0.7664312531094836 
11.909999999985581, -0.7674014456313467 
11.919999999985558, -0.7684370213908165 
11.929999999985535, -0.7695055118917754 
11.939999999985512, -0.770560281943012 
11.949999999985488, -0.7715395771711064 
11.959999999985465, -0.7723755383605061 
11.969999999985442, -0.7730112644365359 
11.979999999985418, -0.7734162993156523 
11.989999999985395, -0.7735908728642413 
11.999999999985372, -0.7735582706268462 
12.009999999985348, -0.7733530123011356 
12.019999999985325, -0.7730128679105124 
12.029999999985302, -0.772578406141831 
12.039999999985278, -0.7721005368584244 
12.049999999985255, -0.7716557083585965 
12.059999999985232, -0.7713680790016163 
12.069999999985209, -0.7714358137941962 
12.079999999985185, -0.77215359650663 
12.089999999985162, -0.7739167180070645 
12.099999999985139, -0.777187555735847 
12.109999999985115, -0.7824074070899616 
12.119999999985092, -0.7898483255205248 
12.129999999985069, -0.7994255659541655 
12.139999999985045, -0.8105419578851525 
12.149999999985022, -0.8220992595089763 
12.159999999984999, -0.8327938286539007 
12.169999999984976, -0.84160321916145 
12.179999999984952, -0.8481270891644221 
12.189999999984929, -0.8525463674728154 
12.199999999984906, -0.8553311230771703 
12.209999999984882, -0.8569708210657044 
12.219999999984859, -0.8578468725319167 
12.229999999984836, -0.8582132604369377 
12.239999999984812, -0.8582199007404536 
12.249999999984789, -0.8579404146007397 
12.259999999984766, -0.8573914483352126 
12.269999999984742, -0.8565427706918955 
12.27999999998472, -0.855322284061171 
12.289999999984696, -0.8536243385859809 
12.299999999984673, -0.8513369070114551 
12.30999999998465, -0.8484114787913265 
12.319999999984626, -0.8449936182816163 
12.329999999984603, -0.841577712149584 
12.33999999998458, -0.8390361825095957 
12.349999999984556, -0.8383333219930448 
12.359999999984533, -0.8399895201618094 
12.36999999998451, -0.8437268970086329 
12.379999999984486, -0.8486205191152025 
12.389999999984463, -0.8535981274653789 
12.39999999998444, -0.8578920113819611 
12.409999999984416, -0.8611871551633035 
12.419999999984393, -0.8635069703083369 
12.42999999998437, -0.8650277683728591 
12.439999999984346, -0.8659472861215584 
12.449999999984323, -0.866424907252107 
12.4599999999843, -0.8665656997658916 
12.469999999984276, -0.8664209031365454 
12.479999999984253, -0.8659889838266641 
12.48999999998423, -0.8652093678775179 
12.499999999984206, -0.8639445401639124 
12.509999999984183, -0.8619490005110354 
12.51999999998416, -0.8588320411213484 
12.529999999984136, -0.8540451421309218 
12.539999999984113, -0.8469662811308046 
12.54999999998409, -0.8371681378498756 
12.559999999984067, -0.8248313053565892 
12.569999999984043, -0.8109929712897956 
12.57999999998402, -0.79727863112662 
12.589999999983997, -0.7852310448253176 
12.599999999983973, -0.7757624318830466 
12.60999999998395, -0.7690450306899174 
12.619999999983927, -0.7647265231150865 
12.629999999983903, -0.7622227557603309 
12.63999999998388, -0.7609398071564215 
12.649999999983857, -0.7603908203958115 
12.659999999983834, -0.7602287744668011 
12.66999999998381, -0.7602306343328735 
12.679999999983787, -0.7602630253996435 
12.689999999983764, -0.7602477942362408 
12.69999999998374, -0.7601351682900103 
12.709999999983717, -0.7598859685833734 
12.719999999983694, -0.759462307551668 
12.72999999998367, -0.7588265751278984 
12.739999999983647, -0.7579487624381429 
12.749999999983624, -0.7568197708353985 
12.7599999999836, -0.7554632315562521 
12.769999999983577, -0.7539359071727965 
12.779999999983554, -0.7523133868835283 
12.78999999998353, -0.7506694975620338 
12.799999999983507, -0.749061953188159 
12.809999999983484, -0.747529736497221 
12.81999999998346, -0.7460988800494104 
12.829999999983437, -0.7447903216034761 
12.839999999983414, -0.7436254720638404 
12.84999999998339, -0.7426280844972399 
12.859999999983367, -0.741822847301766 
12.869999999983344, -0.7412318730604918 
12.87999999998332, -0.7408705382813575 
12.889999999983297, -0.7407441839744275 
12.899999999983274, -0.7408468795786165 
12.90999999998325, -0.7411627156292294 
12.919999999983228, -0.7416691600990465 
12.929999999983204, -0.7423412856592693 
12.939999999983181, -0.743155384402977 
12.949999999983158, -0.7440905516974465 
12.959999999983134, -0.745127075989809 
12.969999999983111, -0.7462411155167439 
12.979999999983088, -0.7473968115730473 
12.989999999983064, -0.7485398583719393 
12.999999999983041, -0.7495987940368214 
13.009999999983018, -0.7504979974613074 
13.019999999982995, -0.7511780213914043 
13.029999999982971, -0.7516111497302604 
13.039999999982948, -0.7518027767966337 
13.049999999982925, -0.7517805783653445 
13.059999999982901, -0.7515810358315037 
13.069999999982878, -0.7512412405362229 
13.079999999982855, -0.7507987806445702 
13.089999999982831, -0.7502997781646068 
13.099999999982808, -0.7498152883910649 
13.109999999982785, -0.74946700406331 
13.119999999982761, -0.7494620600000748 
13.129999999982738, -0.7501316235971699 
13.139999999982715, -0.7519576986707188 
13.149999999982692, -0.7555584393521715 
13.159999999982668, -0.7615901067476604 
13.169999999982645, -0.7705278252415485 
13.179999999982622, -0.7823375073448962 
13.189999999982598, -0.7961817676316143 
13.199999999982575, -0.8104536262835109 
13.209999999982552, -0.8233355488022085 
13.219999999982528, -0.8335835608213582 
13.229999999982505, -0.840903345105889 
13.239999999982482, -0.845714235602728 
13.249999999982458, -0.8486850901988439 
13.259999999982435, -0.8504194666951868 
13.269999999982412, -0.8513516057532607 
13.279999999982389, -0.8517567440225134 
13.289999999982365, -0.8517917956760199 
13.299999999982342, -0.8515300608139535 
13.309999999982319, -0.850981208887023 
13.319999999982295, -0.8500970629352403 
13.329999999982272, -0.8487653892550304 
13.339999999982249, -0.8467947073789224 
13.349999999982225, -0.8438972277017148 
13.359999999982202, -0.8396880504305269 
13.369999999982179, -0.8337379892473269 
13.379999999982156, -0.8257345345906411 
13.389999999982132, -0.8157819101502642 
13.399999999982109, -0.8047339378846408 
13.409999999982086, -0.7942033941991381 
13.419999999982062, -0.7859086144205766 
13.429999999982039, -0.7807336688307662 
13.439999999982016, -0.7784102611571605 
13.449999999981992, -0.7780048000333066 
13.459999999981969, -0.7785607833549659 
13.469999999981946, -0.7794182432308652 
13.479999999981922, -0.7802286390318109 
13.4899999999819, -0.7808514915294815 
13.499999999981876, -0.7812522591896991 
13.509999999981853, -0.7814357697506102 
13.51999999998183, -0.7814101680022355 
13.529999999981806, -0.7811683236951893 
13.539999999981783, -0.7806767437068161 
13.54999999998176, -0.7798671328108558 
13.559999999981736, -0.7786312600078368 
13.569999999981713, -0.7768264423086675 
13.57999999998169, -0.7743047159936771 
13.589999999981666, -0.7709738069020788 
13.599999999981643, -0.7668708556579232 
13.60999999998162, -0.7621965797314999 
13.619999999981596, -0.7572695735722406 
13.629999999981573, -0.7524268347800802 
13.63999999998155, -0.747938959726074 
13.649999999981526, -0.7439785908036219 
13.659999999981503, -0.740630754782805 
13.66999999998148, -0.7379169328919952 
13.679999999981456, -0.7358153551810378 
13.689999999981433, -0.7342738884033574 
13.69999999998141, -0.7332186712457813 
13.709999999981386, -0.7325622026001295 
13.719999999981363, -0.7322122861072649 
13.72999999998134, -0.7320808260809446 
13.739999999981316, -0.7320905359980742 
13.749999999981293, -0.7321783525315718 
13.75999999998127, -0.7322958342009497 
13.769999999981247, -0.7324079376568225 
13.779999999981223, -0.7324916824653449 
13.7899999999812, -0.7325353092941024 
13.799999999981177, -0.7325371035098999 
13.809999999981153, -0.7325022155430394 
13.81999999998113, -0.7324368055759733 
13.829999999981107, -0.732341460139917 
13.839999999981083, -0.7322077058316642 
13.84999999998106, -0.7320202420166548 
13.859999999981037, -0.7317637512507581 
13.869999999981014, -0.7314301245877987 
13.87999999998099, -0.7310225011103124 
13.889999999980967, -0.7305558541880137 
13.899999999980944, -0.730056534447561 
13.90999999998092, -0.7295632690099731 
13.919999999980897, -0.7291304970046749 
13.929999999980874, -0.7288331368069555 
13.93999999998085, -0.7287706298736312 
13.949999999980827, -0.7290676048879369 
13.959999999980804, -0.7298690151062248 
13.96999999998078, -0.731329090954272 
13.979999999980757, -0.7335949618439281 
13.989999999980734, -0.7367857287575866 
13.99999999998071, -0.7409654732232785 
14.009999999980687, -0.7461064924120456 
14.019999999980664, -0.7520431316011751 
14.02999999998064, -0.7584340876038219 
14.039999999980617, -0.7647771352497068 
14.049999999980594, -0.7705191462713831 
14.05999999998057, -0.7752343800902332 
14.069999999980547, -0.7787552122408671 
14.079999999980524, -0.7811630219617143 
14.0899999999805, -0.7826746380592376 
14.099999999980477, -0.7835256926242309 
14.109999999980454, -0.7839067073787451 
14.11999999998043, -0.7839464415694893 
14.129999999980408, -0.7837175117724103 
14.139999999980384, -0.7832465861621692 
14.149999999980361, -0.7825220330867086 
14.159999999980338, -0.7814984202325717 
14.169999999980314, -0.7801011146794671 
14.179999999980291, -0.7782378162413708 
14.189999999980268, -0.7758271922197251 
14.199999999980244, -0.7728524342892703 
14.209999999980221, -0.7694273926801906 
14.219999999980198, -0.7658238226271852 
14.229999999980175, -0.762407625705112 
14.239999999980151, -0.7595449686372808 
14.249999999980128, -0.7575920001373969 
14.259999999980105, -0.7568431762774962 
14.269999999980081, -0.7573115367200349 
14.279999999980058, -0.758637514188042 
14.289999999980035, -0.7603051670459915 
14.299999999980011, -0.7619032088817623 
14.309999999979988, -0.7632167864877604 
14.319999999979965, -0.7641854307263141 
14.329999999979941, -0.7648287371924797 
14.339999999979918, -0.7651909224029012 
14.349999999979895, -0.7653104720046009 
14.359999999979872, -0.765205743755238 
14.369999999979848, -0.7648672749592795 
14.379999999979825, -0.7642512515664536 
14.389999999979802, -0.7632726912681985 
14.399999999979778, -0.7618020387074613 
14.409999999979755, -0.7596759909351134 
14.419999999979732, -0.7567384445173322 
14.429999999979708, -0.7529167343558194 
14.439999999979685, -0.7483011776972706 
14.449999999979662, -0.7431629115157394 
14.459999999979638, -0.737877797737642 
14.469999999979615, -0.7328070591259978 
14.479999999979592, -0.7282143637983717 
14.489999999979569, -0.7242477767039233 
14.499999999979545, -0.7209622772468414 
14.509999999979522, -0.7183505602421164 
14.519999999979499, -0.7163663131776881 
14.529999999979475, -0.7149385811219588 
14.539999999979452, -0.7139812465282686 
14.549999999979429, -0.7134011868355818 
14.559999999979405, -0.7131062493454567 
14.569999999979382, -0.7130122321506602 
14.579999999979359, -0.7130475706132711 
14.589999999979335, -0.7131551943833834 
14.599999999979312, -0.7132921604039218 
14.609999999979289, -0.7134283407690847 
14.619999999979266, -0.7135452479138786 
14.629999999979242, -0.7136350723796434 
14.639999999979219, -0.7136987718635038 
14.649999999979196, -0.7137417409362723 
14.659999999979172, -0.7137671506715071 
14.669999999979149, -0.7137696971325325 
14.679999999979126, -0.7137337123120242 
14.689999999979102, -0.7136375301971958 
14.69999999997908, -0.7134618233667839 
14.709999999979056, -0.7131969936804511 
14.719999999979033, -0.7128462157692615 
14.72999999997901, -0.7124247373372892 
14.739999999978986, -0.7119586292808614 
14.749999999978963, -0.7114858602890093 
14.75999999997894, -0.7110607969443097 
14.769999999978916, -0.7107615592920447 
14.779999999978893, -0.7106984101116216 
14.78999999997887, -0.7110203471954799 
14.799999999978846, -0.711916448562579 
14.809999999978823, -0.7136086272398354 
14.8199999999788, -0.7163330142676643 
14.829999999978776, -0.7203069662907986 
14.839999999978753, -0.7256769224762397 
14.84999999997873, -0.732442372350629 
14.859999999978706, -0.7403639024920942 
14.869999999978683, -0.748900551660149 
14.87999999997866, -0.7572643580646823 
14.889999999978636, -0.7646467241381261 
14.899999999978613, -0.7705133500888732 
14.90999999997859, -0.7747492239993268 
14.919999999978566, -0.777566826074135 
14.929999999978543, -0.7793073531113934 
14.93999999997852, -0.7802901530297545 
14.949999999978496, -0.7807523463076929 
14.959999999978473, -0.7808454687910442 
14.96999999997845, -0.780651021639739 
14.979999999978427, -0.7801949886065496 
14.989999999978403, -0.7794546954137194 
14.99999999997838, -0.7783568440128527 
15.009999999978357, -0.7767671175887629 
15.019999999978333, -0.7744728148104392 
15.02999999997831, -0.7711630257053133 
15.039999999978287, -0.7664190907303998 
15.049999999978263, -0.7597481195477674 
15.05999999997824, -0.7507318192890193 
15.069999999978217, -0.7393815494231998 
15.079999999978194, -0.7266010675563132 
15.08999999997817, -0.7142083307152235 
15.099999999978147, -0.7040838868387329 
15.109999999978124, -0.6971443064815623 
15.1199999999781, -0.6931582701541897 
15.129999999978077, -0.6912956881945507 
15.139999999978054, -0.6906944346104594 
15.14999999997803, -0.6907182729801695 
15.159999999978007, -0.6909793029970981 
15.169999999977984, -0.6912710148024793 
15.17999999997796, -0.6914950201126325 
15.189999999977937, -0.6916076704411167 
15.199999999977914, -0.6915870595691834 
15.20999999997789, -0.6914142096178325 
15.219999999977867, -0.6910630583228803 
15.229999999977844, -0.6904967930006702 
15.23999999997782, -0.6896710978706506 
15.249999999977797, -0.6885463584479059 
15.259999999977774, -0.6871081175204234 
15.26999999997775, -0.6853870408664434 
15.279999999977727, -0.6834631964973003 
15.289999999977704, -0.6814466542700006 
15.29999999997768, -0.6794452227134348 
15.309999999977657, -0.6775397471284377 
15.319999999977634, -0.6757776973298438 
15.32999999997761, -0.6741809704856421 
15.339999999977588, -0.6727582160655554 
15.349999999977564, -0.671514830222206 
15.359999999977541, -0.6704583811318848 
15.369999999977518, -0.6696000259189737 
15.379999999977494, -0.6689533470927586 
15.389999999977471, -0.668531979683128 
15.399999999977448, -0.6683471512751421 
15.409999999977424, -0.6684060079920408 
15.419999999977401, -0.6687112707676411 
15.429999999977378, -0.6692623013280189 
15.439999999977355, -0.6700571131883037 
15.449999999977331, -0.6710943260233961 
15.459999999977308, -0.6723735594074499 
15.469999999977285, -0.6738923530419686 
15.479999999977261, -0.6756377945053906 
15.489999999977238, -0.6775726921798945 
15.499999999977215, -0.6796206146293295 
15.509999999977191, -0.6816605607708331 
15.519999999977168, -0.6835438583500745 
15.529999999977145, -0.6851337438457668 
15.539999999977121, -0.6863464503388984 
15.549999999977098, -0.6871665742185503 
15.559999999977075, -0.6876308779593965 
15.569999999977052, -0.6877982282643169 
15.579999999977028, -0.687724914064509 
15.589999999977005, -0.6874521033076386 
15.599999999976982, -0.6870029339980949 
15.609999999976958, -0.6863851719064533 
15.619999999976935, -0.6855977704337024 
15.629999999976912, -0.6846428251237808 
15.639999999976888, -0.6835471026183345 
15.649999999976865, -0.682397952694523 
15.659999999976842, -0.6813918032883678 
15.669999999976818, -0.6808689857011478 
15.679999999976795, -0.6812616937693539 
15.689999999976772, -0.6828642250376082 
15.699999999976749, -0.6854996640004288 
15.709999999976725, -0.6884939702696208 
15.719999999976702, -0.6912104477341359 
15.729999999976679, -0.6935164866712062 
15.739999999976655, -0.6955847256430914 
15.749999999976632, -0.6975053137146078 
15.759999999976609, -0.6992208863356434 
15.769999999976585, -0.7006462165309449 
15.779999999976562, -0.7017441829679704 
15.789999999976539, -0.7025277089843034 
15.799999999976515, -0.7030343906749562 
15.809999999976492, -0.7033037453089727 
15.819999999976469, -0.7033636266645333 
15.829999999976446, -0.7032230718672736 
15.839999999976422, -0.7028679502029018 
15.849999999976399, -0.7022577183186016 
15.859999999976376, -0.7013245902534712 
15.869999999976352, -0.69998024772322 
15.879999999976329, -0.698137912348997 
15.889999999976306, -0.6957529635259121 
15.899999999976282, -0.6928676249623652 
15.90999999997626, -0.6896265361482292 
15.919999999976236, -0.6862410608945229 
15.929999999976213, -0.6829227900798764 
15.93999999997619, -0.6798311506847223 
15.949999999976166, -0.6770585945862606 
15.959999999976143, -0.6746439374224885 
15.96999999997612, -0.672593779703038 
15.979999999976096, -0.6708993573769015 
15.989999999976073, -0.6695456495416112 
15.99999999997605, -0.6685144961311023 
16.009999999976028, -0.6677846359354433 
16.019999999976005, -0.6673310624194382 
16.02999999997598, -0.6671251310981539 
16.039999999975958, -0.6671359092914011 
16.049999999975935, -0.6673325358540227 
16.05999999997591, -0.6676869721062838 
16.069999999975888, -0.6681764647589536 
16.079999999975865, -0.6687851141330066 
16.08999999997584, -0.6695038775469654 
16.099999999975818, -0.670328075835153 
16.109999999975795, -0.6712514461785293 
16.11999999997577, -0.6722568709037374 
16.129999999975748, -0.673306665599452 
16.139999999975725, -0.6743386204017318 
16.1499999999757, -0.6752742032538455 
16.15999999997568, -0.67603870494923 
16.169999999975655, -0.6765827638917488 
16.17999999997563, -0.6768919061663048 
16.18999999997561, -0.676980402897568 
16.199999999975585, -0.6768771370203719 
16.20999999997556, -0.6766132508383046 
16.21999999997554, -0.6762163987932769 
16.229999999975515, -0.675712091672804 
16.239999999975492, -0.6751318699051768 
16.24999999997547, -0.6745297121506794 
16.259999999975445, -0.6740103597890872 
16.269999999975422, -0.6737743760853077 
16.2799999999754, -0.6741815051605629 
16.289999999975375, -0.6758191581837217 
16.299999999975352, -0.6795255044237386 
16.30999999997533, -0.6862549915521884 
16.319999999975305, -0.6966478977974158 
16.329999999975282, -0.7103573573721689 
16.33999999997526, -0.7256855657527514 
16.349999999975235, -0.7402261477953058 
16.359999999975212, -0.7521616393179509 
16.36999999997519, -0.7609388600796753 
16.379999999975166, -0.7669385978054026 
16.389999999975142, -0.7708573677267344 
16.39999999997512, -0.7733372618280825 
16.409999999975096, -0.7748552365501195 
16.419999999975072, -0.775731210209895 
16.42999999997505, -0.7761657332298928 
16.439999999975026, -0.7762739658439902 
16.449999999975002, -0.7761078597724687 
16.45999999997498, -0.7756661245862138 
16.469999999974956, -0.7748927797693713 
16.479999999974932, -0.7736650566379956 
16.48999999997491, -0.7717736263547486 
16.499999999974886, -0.7689072022078121 
16.509999999974863, -0.7646734668135384 
16.51999999997484, -0.758707736512979 
16.529999999974816, -0.7508901422351724 
16.539999999974793, -0.741564204953757 
16.54999999997477, -0.7315394207812367 
16.559999999974746, -0.7218035480233391 
16.569999999974723, -0.7131612590916359 
16.5799999999747, -0.7060500690397734 
16.589999999974676, -0.7005640521341139 
16.599999999974653, -0.6965708156434358 
16.60999999997463, -0.6938259309770494 
16.619999999974606, -0.6920524943816017 
16.629999999974583, -0.6909881232390687 
16.63999999997456, -0.6904090018231066 
16.649999999974536, -0.6901385157751136 
16.659999999974513, -0.690045746657707 
16.66999999997449, -0.6900381227618647 
16.679999999974466, -0.6900519149906594 
16.689999999974443, -0.6900434379623854 
16.69999999997442, -0.6899828333474569 
16.709999999974396, -0.6898512845646999 
16.719999999974373, -0.6896412252458276 
16.72999999997435, -0.6893574415142404 
16.739999999974327, -0.6890158277981815 
16.749999999974303, -0.6886376881160906 
16.75999999997428, -0.6882410929878034 
16.769999999974257, -0.6878339403528617 
16.779999999974233, -0.6874127985142202 
16.78999999997421, -0.6869677793766981 
16.799999999974187, -0.6864900399165025 
16.809999999974163, -0.6859778847218996 
16.81999999997414, -0.6854397660547414 
16.829999999974117, -0.6848952342027076 
16.839999999974093, -0.6843758888230823 
16.84999999997407, -0.68392760149387 
16.859999999974047, -0.6836139332974351 
16.869999999974024, -0.6835196430755616 
16.879999999974, -0.6837527325590426 
16.889999999973977, -0.6844436094782499 
16.899999999973954, -0.6857404880272507 
16.90999999997393, -0.6878004996787792 
16.919999999973907, -0.6907752104774445 
16.929999999973884, -0.6947867621371984 
16.93999999997386, -0.6998879814549643 
16.949999999973837, -0.7060018753382029 
16.959999999973814, -0.7128529248759496 
16.96999999997379, -0.7199386488688893 
16.979999999973767, -0.7266131134503538 
16.989999999973744, -0.7322937858109653 
16.99999999997372, -0.7366685584606337 
17.009999999973697, -0.7397463541252363 
17.019999999973674, -0.7417444638664775 
17.02999999997365, -0.7429370963604963 
17.039999999973627, -0.743560071594848 
17.049999999973604, -0.7437796931700223 
17.05999999997358, -0.7436955201591796 
17.069999999973557, -0.743351582353709 
17.079999999973534, -0.7427439542715045 
17.08999999997351, -0.7418204714872227 
17.099999999973488, -0.7404709065906964 
17.109999999973464, -0.7385060653772124 
17.11999999997344, -0.7356247253705512 
17.129999999973418, -0.7313726572846047 
17.139999999973394, -0.7251200234518074 
17.14999999997337, -0.7161428842817226 
17.159999999973348, -0.7039696389110535 
17.169999999973324, -0.6890288574299847 
17.1799999999733, -0.6730633665151554 
17.189999999973278, -0.65849816176189 
17.199999999973254, -0.6471054869354114 
17.20999999997323, -0.6393179109032563 
17.219999999973208, -0.6345729619454313 
17.229999999973185, -0.6319734918139036 
17.23999999997316, -0.6307103680033526 
17.249999999973138, -0.6301995790879753 
17.259999999973115, -0.6300687126691917 
17.26999999997309, -0.630098469467278 
17.279999999973068, -0.6301662346422151 
17.289999999973045, -0.63020461291147 
17.29999999997302, -0.6301745129434746 
17.309999999972998, -0.6300491599062199 
17.319999999972975, -0.6298059874234186 
17.32999999997295, -0.6294248302798265 
17.339999999972928, -0.6288916857467359 
17.349999999972905, -0.6282063587028434 
17.35999999997288, -0.6273894819767026 
17.36999999997286, -0.6264825188511193 
17.379999999972835, -0.6255376655565071 
17.38999999997281, -0.6246022614435413 
17.39999999997279, -0.6237068014036096 
17.409999999972765, -0.6228623052310203 
17.41999999997274, -0.6220660167361588 
17.42999999997272, -0.6213104725145839 
17.439999999972695, -0.6205913853876536 
17.449999999972672, -0.6199124620091094 
17.45999999997265, -0.6192877347087171 
17.469999999972625, -0.6187429355705354 
17.479999999972602, -0.6183170648221664 
17.48999999997258, -0.6180644964303724 
17.499999999972555, -0.6180573749892678 
17.509999999972532, -0.6183878502683635 
17.51999999997251, -0.6191697199326237 
17.529999999972485, -0.6205389752528527 
17.539999999972462, -0.622652043342997 
17.54999999997244, -0.6256785025223465 
17.559999999972415, -0.6297812337745969 
17.569999999972392, -0.6350724836627643 
17.57999999997237, -0.64153533001897 
17.589999999972346, -0.6489212748880695 
17.599999999972322, -0.656687470237652 
17.6099999999723, -0.6640806878517014 
17.619999999972276, -0.6703984804959588 
17.629999999972252, -0.6752615246156453 
17.63999999997223, -0.6786794922303953 
17.649999999972206, -0.6809066641915613 
17.659999999972182, -0.6822570125906106 
17.66999999997216, -0.6829952806637838 
17.679999999972136, -0.6833057695807511 
17.689999999972112, -0.6832985950820067 
17.69999999997209, -0.6830234960301514 
17.709999999972066, -0.6824780597711488 
17.719999999972043, -0.681605748320053 
17.72999999997202, -0.6802812109361135 
17.739999999971996, -0.678280529215811 
17.749999999971973, -0.6752379094521106 
17.75999999997195, -0.6706088484106826 
17.769999999971926, -0.6637079090118351 
17.779999999971903, -0.6539472325247375 
17.78999999997188, -0.6413258087225071 
17.799999999971856, -0.6268480528879133 
17.809999999971833, -0.6122922137804355 
17.81999999997181, -0.5993526588670661 
17.829999999971786, -0.5889539800803552 
17.839999999971763, -0.5812098278369735 
17.84999999997174, -0.5757580682404018 
17.859999999971716, -0.5720851502472377 
17.869999999971693, -0.5697055747759017 
17.87999999997167, -0.5682264235401171 
17.889999999971646, -0.5673538071355447 
17.899999999971623, -0.5668778855864388 
17.9099999999716, -0.5666534383255596 
17.919999999971576, -0.5665822928930899 
17.929999999971553, -0.5665993873805171 
17.93999999997153, -0.566662633727398 
17.949999999971507, -0.5667462809061969 
17.959999999971483, -0.5668372810077431 
17.96999999997146, -0.5669337734076672 
17.979999999971437, -0.5670440819060905 
17.989999999971413, -0.5671840030923241 
17.99999999997139, -0.5673706322343484 
18.009999999971367, -0.5676131026826116 
18.019999999971343, -0.5679035189118133 
18.02999999997132, -0.5682130838254301 
18.039999999971297, -0.5684971585895428 
18.049999999971273, -0.5687081944513404 
18.05999999997125, -0.5688098118904221 
18.069999999971227, -0.5687842997172698 
18.079999999971204, -0.568631174036778 
18.08999999997118, -0.568360599465579 
18.099999999971157, -0.56798703687557 
18.109999999971134, -0.5675263408923246 
18.11999999997111, -0.5669973467277142 
18.129999999971087, -0.5664284896248397 
18.139999999971064, -0.5658708209729546 
18.14999999997104, -0.5654198261846958 
18.159999999971017, -0.5652478555700482 
18.169999999970994, -0.5656422841672428 
18.17999999997097, -0.5670220972057168 
18.189999999970947, -0.5698576561221607 
18.199999999970924, -0.5743776086267576 
18.2099999999709, -0.5800844007641118 
18.219999999970877, -0.585591033452674 
18.229999999970854, -0.589456936982433 
18.23999999997083, -0.5913681302291338 
18.249999999970807, -0.5920938466227231 
18.259999999970784, -0.592490209357704 
18.26999999997076, -0.5929510400979726 
18.279999999970737, -0.5935107460957466 
18.289999999970714, -0.5940835195657235 
18.29999999997069, -0.5945897484331042 
18.309999999970668, -0.5949854913157389 
18.319999999970644, -0.5952542664927272 
18.32999999997062, -0.5953926726271558 
18.339999999970598, -0.5953993717121637 
18.349999999970574, -0.5952683814947073 
18.35999999997055, -0.5949859299924299 
18.369999999970528, -0.5945308754018115 
18.379999999970504, -0.5938798066338974 
18.38999999997048, -0.593017773173976 
18.399999999970458, -0.5919524525252472 
18.409999999970434, -0.5907241135913223 
18.41999999997041, -0.5894019439964573 
18.429999999970388, -0.5880652941369541 
18.439999999970365, -0.5867805825242871 
18.44999999997034, -0.5855873878997917 
18.459999999970318, -0.5844984730857866 
18.469999999970295, -0.5835091240020429 
18.47999999997027, -0.5826086160005466 
18.489999999970248, -0.5817891247746968 
18.499999999970225, -0.5810508859652084 
18.5099999999702, -0.5804046345869619 
18.519999999970178, -0.5798729329847987 
18.529999999970155, -0.5794915451386561 
18.53999999997013, -0.5793113475025475 
18.549999999970108, -0.5794008365702246 
18.559999999970085, -0.5798491411053254 
18.56999999997006, -0.5807693680039925 
18.57999999997004, -0.5823017408789514 
18.589999999970015, -0.5846147603337927 
18.59999999996999, -0.5878997178037897 
18.60999999996997, -0.5923486804738882 
18.619999999969945, -0.5981000182189836 
18.62999999996992, -0.6051375953196808 
18.6399999999699, -0.6131612645688052 
18.649999999969875, -0.6215200649034885 
18.659999999969852, -0.6293454559841016 
18.66999999996983, -0.6358882402647611 
18.679999999969805, -0.6408121726616915 
18.689999999969782, -0.6442077276482843 
18.69999999996976, -0.6463915713815813 
18.709999999969735, -0.6477066591185587 
18.719999999969712, -0.648424432551775 
18.72999999996969, -0.6487266400139324 
18.739999999969665, -0.6487185928027663 
18.749999999969642, -0.648445296506838 
18.75999999996962, -0.6478998755890186 
18.769999999969595, -0.6470213709769495 
18.779999999969572, -0.6456810444948177 
18.78999999996955, -0.6436584363833677 
18.799999999969526, -0.640617252306384 
18.809999999969502, -0.6361149524297635 
18.81999999996948, -0.6297137432907095 
18.829999999969456, -0.6212442885148033 
18.839999999969432, -0.6111071722228638 
18.84999999996941, -0.6002933735390216 
18.859999999969386, -0.5899784934487771 
18.869999999969362, -0.5810261687862364 
18.87999999996934, -0.5737947681730382 
18.889999999969316, -0.5682478210854561 
18.899999999969292, -0.5641509994841376 
18.90999999996927, -0.5612170148148506 
18.919999999969246, -0.5591780380285624 
18.929999999969223, -0.557810789912578 
18.9399999999692, -0.5569391508380546 
18.949999999969176, -0.5564285796441676 
18.959999999969153, -0.5561787202299754 
18.96999999996913, -0.5561165270017654 
18.979999999969106, -0.5561905930624395 
18.989999999969083, -0.5563668332117672 
18.99999999996906, -0.5566255033200375 
19.009999999969036, -0.5569593150915638 
19.019999999969013, -0.5573719231053932 
19.02999999996899, -0.5578753796281817 
19.039999999968966, -0.5584847534608955 
19.049999999968943, -0.5592087852323946 
19.05999999996892, -0.5600377567514376 
19.069999999968896, -0.5609333228279483 
19.079999999968873, -0.5618278022197983 
19.08999999996885, -0.5626381405383822 
19.099999999968826, -0.5632901462171223 
19.109999999968803, -0.5637389115166099 
19.11999999996878, -0.563973578648225 
19.129999999968756, -0.5640073586153364 
19.139999999968733, -0.5638625186523906 
19.14999999996871, -0.5635584125473202 
19.159999999968687, -0.5631047584946247 
19.169999999968663, -0.5624986839994774 
19.17999999996864, -0.5617232823090427 
19.189999999968617, -0.5607456054852947 
19.199999999968593, -0.5595111905355895 
19.20999999996857, -0.5579282970319686 
19.219999999968547, -0.555825605680293 
19.229999999968523, -0.552855784880095 
19.2399999999685, -0.5483416633795654 
19.249999999968477, -0.5412265905510719 
19.259999999968453, -0.5305758565691194 
19.26999999996843, -0.5167491666750563 
19.279999999968407, -0.5019249637064361 
19.289999999968384, -0.4887615839081282 
19.29999999996836, -0.478719640048299 
19.309999999968337, -0.47183424643624017 
19.319999999968314, -0.4674318568827571 
19.32999999996829, -0.46474561630435157 
19.339999999968267, -0.4631652366587945 
19.349999999968244, -0.4622697934941825 
19.35999999996822, -0.4617881319918392 
19.369999999968197, -0.46155153537379234 
19.379999999968174, -0.46145700366818937 
19.38999999996815, -0.4614425636903888 
19.399999999968127, -0.4614719034613587 
19.409999999968104, -0.4615255650724667 
19.41999999996808, -0.461596649932219 
19.429999999968057, -0.4616894070759388 
19.439999999968034, -0.46181891683627657 
19.44999999996801, -0.46200962325030837 
19.459999999967987, -0.46229049424286933 
19.469999999967964, -0.4626858315397032 
19.47999999996794, -0.4632031149099028 
19.489999999967917, -0.4638220185614005 
19.499999999967894, -0.4644909051162796 
19.50999999996787, -0.4651362213154651 
19.519999999967848, -0.46568330504748545 
19.529999999967824, -0.46607764737650414 
19.5399999999678, -0.46629427986149646 
19.549999999967778, -0.4663325963951929 
19.559999999967754, -0.46620356295030935 
19.56999999996773, -0.4659171378469515 
19.579999999967708, -0.4654728945603927 
19.589999999967684, -0.4648524763263042 
19.59999999996766, -0.4640103260674257 
19.609999999967638, -0.46285760399601605 
19.619999999967614, -0.4612316947352513 
19.62999999996759, -0.4588409022063029 
19.639999999967568, -0.45518010723178365 
19.649999999967545, -0.4494607979464537 
19.65999999996752, -0.4407339602106114 
19.669999999967498, -0.4284873734541466 
19.679999999967475, -0.41353750177273285 
19.68999999996745, -0.39808590132144234 
19.699999999967428, -0.3844124747887404 
19.709999999967405, -0.3736552000979667 
19.71999999996738, -0.3657977275424371 
19.729999999967358, -0.36028030254107046 
19.739999999967335, -0.3564724457421472 
19.74999999996731, -0.35386137956891506 
19.759999999967288, -0.3520798728595666 
19.769999999967265, -0.35088011075326625 
19.77999999996724, -0.3501005650487633 
19.78999999996722, -0.3496397336142568 
19.799999999967195, -0.3494384207047568 
19.80999999996717, -0.349469072229661 
19.81999999996715, -0.3497304881638562 
19.829999999967125, -0.3502467205926531 
19.8399999999671, -0.35106934820461305 
19.84999999996708, -0.35228220748652656 
19.859999999967055, -0.3540065355151383 
19.869999999967032, -0.35640134823657316 
19.87999999996701, -0.35964743127762666 
19.889999999966985, -0.36389461589471506 
19.899999999966962, -0.36915355217367235 
19.90999999996694, -0.37515731868485924 
19.919999999966915, -0.3813147258976527 
19.929999999966892, -0.3868974560564246 
19.93999999996687, -0.39137945283269265 
19.949999999966845, -0.39462458145424717 
19.959999999966822, -0.3967966774378718 
19.9699999999668, -0.3981637348652346 
19.979999999966775, -0.3989672263558355 
19.989999999966752, -0.39937992551931384 
19.99999999996673, -0.399509385940795 
20.009999999966706, -0.3994129808079988 
20.019999999966682, -0.399111033724705 
20.02999999996666, -0.3985961268511403 
20.039999999966636, -0.3978414330478142 
20.049999999966612, -0.3968129251943464 
20.05999999996659, -0.3954897401591187 
20.069999999966566, -0.39389073550135184 
20.079999999966542, -0.39209327889563783 
20.08999999996652, -0.3902248220983976 
20.099999999966496, -0.38842454198988074 
20.109999999966472, -0.3867991823796636 
20.11999999996645, -0.38540062166504063 
20.129999999966426, -0.3842303702203159 
20.139999999966403, -0.3832580977121783 
20.14999999996638, -0.38244090613994797 
20.159999999966356, -0.38173724865933006 
20.169999999966333, -0.3811146611130035 
20.17999999996631, -0.3805527571371846 
20.189999999966286, -0.3800437317458453 
20.199999999966263, -0.3795926413743706 
20.20999999996624, -0.37921935410843 
20.219999999966216, -0.3789637792116145 
20.229999999966193, -0.37889613418440005 
20.23999999996617, -0.3791345192088133 
20.249999999966146, -0.37987208742782147 
20.259999999966123, -0.381412599530798 
20.2699999999661, -0.3841972096441323 
20.279999999966076, -0.38875742044686445 
20.289999999966053, -0.39543713934885544 
20.29999999996603, -0.4037159396044725 
20.309999999966006, -0.411510801039653 
20.319999999965983, -0.41591350779502545 
20.32999999996596, -0.41572558162750023 
20.339999999965936, -0.4125220941157626 
20.349999999965913, -0.4086821000709853 
20.35999999996589, -0.40556612399422337 
20.369999999965867, -0.40346369058189246 
20.379999999965843, -0.40218823123581926 
20.38999999996582, -0.4014701902338317 
20.399999999965797, -0.4010936653131547 
20.409999999965773, -0.40091402513401525 
20.41999999996575, -0.40084175136342937 
20.429999999965727, -0.40082372663190347 
20.439999999965703, -0.40082958618592573 
20.44999999996568, -0.40084346185056685 
20.459999999965657, -0.40085996018537207 
20.469999999965633, -0.40088316427686 
20.47999999996561, -0.4009273257082674 
20.489999999965587, -0.40101741056054047 
20.499999999965564, -0.40118722707807375 
20.50999999996554, -0.40147329067904725 
20.519999999965517, -0.40190414321716716 
20.529999999965494, -0.4024870066185223 
20.53999999996547, -0.40319614925667435 
20.549999999965447, -0.40396988664105143 
20.559999999965424, -0.4047224618845438 
20.5699999999654, -0.4053687226871965 
20.579999999965377, -0.40584819363170654 
20.589999999965354, -0.40613440938417716 
20.59999999996533, -0.40622756306076796 
20.609999999965307, -0.40613926430234243 
20.619999999965284, -0.40587808256712077 
20.62999999996526, -0.40543851450689716 
20.639999999965237, -0.404791201477816 
20.649999999965214, -0.4038701690353713 
20.65999999996519, -0.4025522536053604 
20.669999999965167, -0.4006250720641461 
20.679999999965144, -0.3977487388341473 
20.68999999996512, -0.39344738605331847 
20.699999999965097, -0.38722523838092304 
20.709999999965074, -0.37890550695256076 
20.71999999996505, -0.3690374287922854 
20.729999999965028, -0.3588598188685163 
20.739999999965004, -0.3496517880662209 
20.74999999996498, -0.3421213731731558 
20.759999999964958, -0.3363500425786979 
20.769999999964934, -0.33207603193177804 
20.77999999996491, -0.328953249680232 
20.789999999964888, -0.32667672659576297 
20.799999999964864, -0.3250162687575884 
20.80999999996484, -0.32381169221237416 
20.819999999964818, -0.32295840910785645 
20.829999999964794, -0.3223943072865814 
20.83999999996477, -0.3220909402503406 
20.849999999964748, -0.32204943796638885 
20.859999999964725, -0.3223011248344897 
20.8699999999647, -0.3229131975643118 
20.879999999964678, -0.3240003868015942 
20.889999999964655, -0.3257437811974278 
20.89999999996463, -0.32841664679056404 
20.909999999964608, -0.33241054376836443 
20.919999999964585, -0.3382352388111278 
20.92999999996456, -0.3464232133480504 
20.939999999964538, -0.35722675635106826 
20.949999999964515, -0.3700984549540355 
20.95999999996449, -0.38339159093766095 
20.969999999964468, -0.395004723530446 
20.979999999964445, -0.403659378310119 
20.98999999996442, -0.40938523837364205 
20.9999999999644, -0.41292765897106837 
21.009999999964375, -0.41506506248584074 
21.01999999996435, -0.41634778420159185 
21.02999999996433, -0.4171080960838534 
21.039999999964305, -0.4175342170844337 
21.04999999996428, -0.41772965038563414 
21.05999999996426, -0.41774875284661367 
21.069999999964235, -0.4176163303280565 
21.079999999964212, -0.4173390443353756 
21.08999999996419, -0.4169140685303203 
21.099999999964165, -0.4163384843723053 
21.109999999964142, -0.4156204548930379 
21.11999999996412, -0.4147893096054759 
21.129999999964095, -0.4138981247665405 
21.139999999964072, -0.41301401462074977 
21.14999999996405, -0.41219947610512575 
21.159999999964025, -0.41149507791282536 
21.169999999964002, -0.41091187477213936 
21.17999999996398, -0.4104345643817779 
21.189999999963955, -0.41003142755582694 
21.199999999963932, -0.4096661380393611 
21.20999999996391, -0.409307321134538 
21.219999999963886, -0.4089334948528679 
21.229999999963862, -0.4085335482993183 
21.23999999996384, -0.40810483938002057 
21.249999999963816, -0.4076513025338838 
21.259999999963792, -0.40718317431895806 
21.26999999996377, -0.4067191154994047 
21.279999999963746, -0.4062909590893652 
21.289999999963722, -0.40595028999509086 
21.2999999999637, -0.4057722219504214 
21.309999999963676, -0.4058395134063395 
21.319999999963652, -0.4061602680103655 
21.32999999996363, -0.4064304950797427 
21.339999999963606, -0.4056091502185927 
21.349999999963583, -0.40173633850893375 
21.35999999996356, -0.3930762501545125 
21.369999999963536, -0.3803216470954731 
21.379999999963513, -0.3666615104388909 
21.38999999996349, -0.35506315031253294 
21.399999999963466, -0.34658148192753835 
21.409999999963443, -0.34087948310177174 
21.41999999996342, -0.33720371403988125 
21.429999999963396, -0.3348796520070286 
21.439999999963373, -0.33342693692841024 
21.44999999996335, -0.3325334757471591 
21.459999999963326, -0.33200482803559495 
21.469999999963303, -0.3317230965010332 
21.47999999996328, -0.33161962155569 
21.489999999963256, -0.3316585134206825 
21.499999999963233, -0.33182763825033235 
21.50999999996321, -0.3321345973713531 
21.519999999963186, -0.33260595583176383 
21.529999999963163, -0.33328812374170524 
21.53999999996314, -0.33424777993769433 
21.549999999963116, -0.3355684479586155 
21.559999999963093, -0.33733772562480674 
21.56999999996307, -0.3396178768288546 
21.579999999963047, -0.34239644171386885 
21.589999999963023, -0.3455330433062579 
21.599999999963, -0.34874987108061106 
21.609999999962977, -0.3517104925461224 
21.619999999962953, -0.35415359072575664 
21.62999999996293, -0.3559770686279124 
21.639999999962907, -0.35721942521029587 
21.649999999962883, -0.3579861555576615 
21.65999999996286, -0.35838689358012965 
21.669999999962837, -0.3585049666914425 
21.679999999962813, -0.3583896743810122 
21.68999999996279, -0.3580576055128078 
21.699999999962767, -0.35749565821677276 
21.709999999962744, -0.3566647062473925 
21.71999999996272, -0.3555076465598965 
21.729999999962697, -0.353968765066775 
21.739999999962674, -0.35202889261718046 
21.74999999996265, -0.3497459773402052 
21.759999999962627, -0.34726973675207523 
21.769999999962604, -0.344803580780802 
21.77999999996258, -0.3425320273320878 
21.789999999962557, -0.3405659132286688 
21.799999999962534, -0.3389342360124698 
21.80999999996251, -0.3376085647798735 
21.819999999962487, -0.3365336256041232 
21.829999999962464, -0.33564988644733496 
21.83999999996244, -0.3349061577439846 
21.849999999962417, -0.33426485149813845 
21.859999999962394, -0.3337030540129006 
21.86999999996237, -0.333212091485731 
21.879999999962347, -0.332797690903768 
21.889999999962324, -0.33248236771827727 
21.8999999999623, -0.33231151641068607 
21.909999999962277, -0.33236488399028297 
21.919999999962254, -0.3327751684099526 
21.92999999996223, -0.3337533868787743 
21.939999999962208, -0.3356100178839273 
21.949999999962184, -0.33872558188348684 
21.95999999996216, -0.343342888349029 
21.969999999962138, -0.3489864650764332 
21.979999999962114, -0.3536739580809659 
21.98999999996209, -0.3543011279550563 
21.999999999962068, -0.3493869773588059 
22.009999999962044, -0.34098575619564064 
22.01999999996202, -0.3324652960305975 
22.029999999961998, -0.3257448138146129 
22.039999999961974, -0.32109803860426034 
22.04999999996195, -0.3180904522043306 
22.059999999961928, -0.31620521943969676 
22.069999999961905, -0.31504510185348994 
22.07999999996188, -0.3143459662864102 
22.089999999961858, -0.31394297039119967 
22.099999999961835, -0.31373714553974724 
22.10999999996181, -0.3136720656710695 
22.119999999961788, -0.3137196764623723 
22.129999999961765, -0.31387272025308854 
22.13999999996174, -0.3141416446298562 
22.149999999961718, -0.3145543784413063 
22.159999999961695, -0.3151573908554646 
22.16999999996167, -0.31601592961673963 
22.179999999961648, -0.3172102030923952 
22.189999999961625, -0.31882247078923154 
22.1999999999616, -0.3209086494067265 
22.20999999996158, -0.323452331080898 
22.219999999961555, -0.32631777028850883 
22.22999999996153, -0.3292458547465663 
22.23999999996151, -0.33193014020874523 
22.249999999961485, -0.33413737509404295 
22.25999999996146, -0.33577883478904974 
22.26999999996144, -0.336890343559579 
22.279999999961415, -0.3375660210694964 
22.289999999961392, -0.3379027497927259 
22.29999999996137, -0.33797321740105 
22.309999999961345, -0.3378187889906204 
22.319999999961322, -0.33745038630904217 
22.3299999999613, -0.33685127586421454 
22.339999999961275, -0.3359814581255415 
22.349999999961252, -0.33478782076957575 
22.35999999996123, -0.333226407611401 
22.369999999961205, -0.33129823217393767 
22.379999999961182, -0.32908342195766455 
22.38999999996116, -0.32674241121791797 
22.399999999961135, -0.32446813233491634 
22.409999999961112, -0.3224182228886814 
22.41999999996109, -0.32067469631651435 
22.429999999961066, -0.3192464942873888 
22.439999999961042, -0.31809571753632476 
22.44999999996102, -0.3171649988476691 
22.459999999960996, -0.31639639669886666 
22.469999999960972, -0.3157415221157499 
22.47999999996095, -0.31516541487360106 
22.489999999960926, -0.31464682111141296 
22.499999999960902, -0.31417718963629404 
22.50999999996088, -0.3137602388937328 
22.519999999960856, -0.3134134437618792 
22.529999999960832, -0.31317242551350377 
22.53999999996081, -0.3130988356910893 
22.549999999960786, -0.31329076268762207 
22.559999999960763, -0.31388832866618527 
22.56999999996074, -0.3150465718548443 
22.579999999960716, -0.3167971631137353 
22.589999999960693, -0.3186569883574148 
22.59999999996067, -0.31899360160399637 
22.609999999960646, -0.3150373175769937 
22.619999999960623, -0.3050822033052263 
22.6299999999606, -0.291126726973601 
22.639999999960576, -0.27734537776746143 
22.649999999960553, -0.26643716790985916 
22.65999999996053, -0.2588065886916652 
22.669999999960506, -0.25376915160252633 
22.679999999960483, -0.25051155349557536 
22.68999999996046, -0.24841303189428418 
22.699999999960436, -0.247063846058824 
22.709999999960413, -0.24620946136494357 
22.71999999996039, -0.24569740623455308 
22.729999999960366, -0.24544111425090387 
22.739999999960343, -0.24539846214415384 
22.74999999996032, -0.2455607216569638 
22.759999999960296, -0.24594889460650723 
22.769999999960273, -0.2466158009555552 
22.77999999996025, -0.24765312158833094 
22.789999999960227, -0.24920239993776536 
22.799999999960203, -0.25146651620940097 
22.80999999996018, -0.25471033891513567 
22.819999999960157, -0.2592222158989047 
22.829999999960133, -0.2651881149848269 
22.83999999996011, -0.27245654841303135 
22.849999999960087, -0.2803323163567622 
22.859999999960063, -0.28772442326518466 
22.86999999996004, -0.29371318452413725 
22.879999999960017, -0.29799680298405995 
22.889999999959993, -0.3008044456334657 
22.89999999995997, -0.3025490230659923 
22.909999999959947, -0.30359359254300167 
22.919999999959924, -0.3041879408553732 
22.9299999999599, -0.30448512212701334 
22.939999999959877, -0.30457275397263306 
22.949999999959854, -0.3044976660300758 
22.95999999995983, -0.30428234964805745 
22.969999999959807, -0.3039366730830032 
22.979999999959784, -0.3034682142021885 
22.98999999995976, -0.30289260959996506 
22.999999999959737, -0.30224215050826764 
23.009999999959714, -0.3015680740770611 
23.01999999995969, -0.3009330182807661 
23.029999999959667, -0.30039590342448286 
23.039999999959644, -0.2999966923295857 
23.04999999995962, -0.2997474260800101 
23.059999999959597, -0.2996311087566562 
23.069999999959574, -0.2996073252373521 
23.07999999995955, -0.2996231131906507 
23.089999999959527, -0.29962614772067614 
23.099999999959504, -0.29957518090425506 
23.10999999995948, -0.29944360770678574 
23.119999999959457, -0.29921608530438626 
23.129999999959434, -0.2988811874079197 
23.13999999995941, -0.2984227416598294 
23.149999999959388, -0.29781008249219215 
23.159999999959364, -0.29698483243294826 
23.16999999995934, -0.2958395789975599 
23.179999999959318, -0.294182708866997 
23.189999999959294, -0.2916891093865253 
23.19999999995927, -0.28786564715442237 
23.209999999959248, -0.28213403410728166 
23.219999999959224, -0.2741835301872678 
23.2299999999592, -0.26449343930652974 
23.239999999959178, -0.2543950863420455 
23.249999999959154, -0.2453232153909628 
23.25999999995913, -0.23804677350973463 
23.269999999959108, -0.23260599030623813 
23.279999999959085, -0.2286722750784679 
23.28999999995906, -0.22585281621143677 
23.299999999959038, -0.22382104454832205 
23.309999999959015, -0.2223413190064582 
23.31999999995899, -0.22125588125734424 
23.329999999958968, -0.22046580967379245 
23.339999999958945, -0.21991612961671908 
23.34999999995892, -0.21958716611715165 
23.359999999958898, -0.21949230582435564 
23.369999999958875, -0.21968269411299954 
23.37999999995885, -0.22026067679994163 
23.389999999958828, -0.22140552234088715 
23.399999999958805, -0.22341601292784788 
23.40999999995878, -0.2267698814781844 
23.41999999995876, -0.2321720837708995 
23.429999999958735, -0.24046789558970372 
23.43999999995871, -0.25210161159679434 
23.44999999995869, -0.26584069881404454 
23.459999999958665, -0.27788805151847 
23.46999999995864, -0.2842042509488002 
23.47999999995862, -0.2844863057479523 
23.489999999958595, -0.281651856086909 
23.499999999958572, -0.27837087433226715 
23.50999999995855, -0.2757616879703425 
23.519999999958525, -0.2739672413067221 
23.529999999958502, -0.2728125763180174 
23.53999999995848, -0.2720962346267527 
23.549999999958455, -0.27166688364328057 
23.559999999958432, -0.27142596501126437 
23.56999999995841, -0.2713145160913649 
23.579999999958385, -0.27130120398268087 
23.589999999958362, -0.27137478072796595 
23.59999999995834, -0.2715405952325226 
23.609999999958315, -0.2718201726390109 
23.619999999958292, -0.2722527518825258 
23.62999999995827, -0.27289734433082213 
23.639999999958246, -0.27383310211726064 
23.649999999958222, -0.2751542337235717 
23.6599999999582, -0.27695310818472263 
23.669999999958176, -0.2792835450861356 
23.679999999958152, -0.28210393836977404 
23.68999999995813, -0.28522753215781044 
23.699999999958106, -0.28833833410189474 
23.709999999958082, -0.29110237094281904 
23.71999999995806, -0.293303321777584 
23.729999999958036, -0.2948931966029013 
23.739999999958012, -0.2959433851056311 
23.74999999995799, -0.2965668093577335 
23.759999999957966, -0.2968659258652907 
23.769999999957943, -0.2969128728401556 
23.77999999995792, -0.2967475627926213 
23.789999999957896, -0.2963819558796391 
23.799999999957873, -0.2958060268013364 
23.80999999995785, -0.2949962219144803 
23.819999999957826, -0.29392972218109825 
23.829999999957803, -0.2926062186946048 
23.83999999995778, -0.29107095251241877 
23.849999999957756, -0.2894225534075622 
23.859999999957733, -0.287791801439449 
23.86999999995771, -0.2862999188684088 
23.879999999957686, -0.2850238499092927 
23.889999999957663, -0.2839867028064139 
23.89999999995764, -0.2831689218250786 
23.909999999957616, -0.28252645147355937 
23.919999999957593, -0.28200693902672336 
23.92999999995757, -0.2815612019556324 
23.939999999957546, -0.2811496305412815 
23.949999999957523, -0.28074394006692205 
23.9599999999575, -0.2803254852670366 
23.969999999957476, -0.27988179478881253 
23.979999999957453, -0.2794024832002479 
23.98999999995743, -0.27887441107270866 
23.999999999957407, -0.27827398654571533 
24.009999999957383, -0.27755093651995105 
24.01999999995736, -0.27659053349705737 
24.029999999957337, -0.2751285928759138 
24.039999999957313, -0.2725882857309546 
24.04999999995729, -0.2678836685378897 
24.059999999957267, -0.25954436048235474 
24.069999999957243, -0.24680672563166778 
24.07999999995722, -0.23115264245428646 
24.089999999957197, -0.21582544072763662 
24.099999999957173, -0.20333079595237064 
24.10999999995715, -0.19426309632829514 
24.119999999957127, -0.18804639045611052 
24.129999999957104, -0.18385768621370904 
24.13999999995708, -0.18102463285611126 
24.149999999957057, -0.1790864280772228 
24.159999999957034, -0.17774970021655598 
24.16999999995701, -0.17683570086052927 
24.179999999956987, -0.17624221163841802 
24.189999999956964, -0.1759208486005313 
24.19999999995694, -0.1758665326003255 
24.209999999956917, -0.17611707455026998 
24.219999999956894, -0.17676310186860394 
24.22999999995687, -0.17797113833029596 
24.239999999956847, -0.18002502900938055 
24.249999999956824, -0.18338990776082775 
24.2599999999568, -0.1887850985033546 
24.269999999956777, -0.19717715966348093 
24.279999999956754, -0.2094103887150533 
24.28999999995673, -0.22504978016917043 
24.299999999956707, -0.24097959416277198 
24.309999999956684, -0.2525800645640096 
24.31999999995666, -0.25788599716169436 
24.329999999956637, -0.258726947000248 
24.339999999956614, -0.2577622250709188 
24.34999999995659, -0.25652587829416973 
24.359999999956568, -0.25553561558339866 
24.369999999956544, -0.25485587096350315 
24.37999999995652, -0.2544227384941232 
24.389999999956498, -0.2541620745859038 
24.399999999956474, -0.254018963781232 
24.40999999995645, -0.2539595693953013 
24.419999999956428, -0.25396735137408133 
24.429999999956404, -0.254040049506553 
24.43999999995638, -0.25418878196898625 
24.449999999956358, -0.25443910447640317 
24.459999999956334, -0.2548332636410887 
24.46999999995631, -0.25543231246418047 
24.479999999956288, -0.25631593123099566 
24.489999999956265, -0.2575762934957505 
24.49999999995624, -0.2592998552760619 
24.509999999956218, -0.26152992011982645 
24.519999999956195, -0.2642120221027933 
24.52999999995617, -0.2671523078838427 
24.539999999956148, -0.27004434762265894 
24.549999999956125, -0.2725816809817113 
24.5599999999561, -0.27457891659754263 
24.569999999956078, -0.27600597811241556 
24.579999999956055, -0.27693572670085487 
24.58999999995603, -0.2774729116534119 
24.599999999956008, -0.27770946447583256 
24.609999999955985, -0.2777083538696719 
24.61999999995596, -0.2775026924655008 
24.62999999995594, -0.27710014631284274 
24.639999999955915, -0.27648935831842747 
24.64999999995589, -0.2756496634602052 
24.65999999995587, -0.2745669206498536 
24.669999999955845, -0.27325513791627637 
24.67999999995582, -0.2717748648954843 
24.6899999999558, -0.270232282431116 
24.699999999955775, -0.26875159888914146 
24.709999999955752, -0.2674358889597917 
24.71999999995573, -0.26634142339249506 
24.729999999955705, -0.26547552672920804 
24.739999999955682, -0.2648096488029325 
24.74999999995566, -0.26429592639091 
24.759999999955635, -0.2638812927744117 
24.769999999955612, -0.26351750622713394 
24.77999999995559, -0.26316653783936045 
24.789999999955565, -0.26280134854912196 
24.799999999955542, -0.2624031465246824 
24.80999999995552, -0.26195668717304454 
24.819999999955495, -0.2614444139222023 
24.829999999955472, -0.26083852346690406 
24.83999999995545, -0.26008745323031685 
24.849999999955426, -0.2590890171341683 
24.859999999955402, -0.25763577715611763 
24.86999999995538, -0.25531505195943294 
24.879999999955356, -0.2513801728565302 
24.889999999955332, -0.2447651230021493 
24.89999999995531, -0.2346516310236643 
24.909999999955286, -0.2216088930417201 
24.919999999955262, -0.20789670190246118 
24.92999999995524, -0.19592761797999853 
24.939999999955216, -0.18678000507583611 
24.949999999955192, -0.18029148646579415 
24.95999999995517, -0.17582542900705428 
24.969999999955146, -0.1727600769882343 
24.979999999955123, -0.1706338925765209 
24.9899999999551, -0.16913941997469634 
24.999999999955076, -0.16808277791179857 
