t, s[1].omega / s[0].omega 
0, -2.139981830380166 
0.009999999999999995, -2.1374947256892276 
0.019999999999999934, -2.1331712455092644 
0.029999999999999874, -2.1264314915351608 
0.04000000000000012, -2.118981039099043 
0.050000000000000405, -2.115743594184173 
0.06000000000000069, -2.1169675421180605 
0.07000000000000098, -2.1186423917949595 
0.08000000000000126, -2.1193935070604857 
0.09000000000000155, -2.1194117057493065 
0.10000000000000184, -2.1189647297218746 
0.11000000000000212, -2.1182957017971065 
0.12000000000000241, -2.117857437145663 
0.130000000000002, -2.118108526327951 
0.1400000000000009, -2.118868253419047 
0.1499999999999998, -2.1196208473580365 
0.1599999999999987, -2.120095264525814 
0.1699999999999976, -2.1201934499933 
0.1799999999999965, -2.1198195812830236 
0.1899999999999954, -2.118778282453504 
0.1999999999999943, -2.1166343467519293 
0.2099999999999932, -2.112483590868531 
0.2199999999999921, -2.1048142543118873 
0.229999999999991, -2.093041829912637 
0.2399999999999899, -2.083024860945211 
0.2499999999999888, -2.082542869007306 
0.2599999999999877, -2.0864443323330866 
0.2699999999999866, -2.0890673556851014 
0.2799999999999855, -2.0900958267031755 
0.2899999999999844, -2.090221723867338 
0.2999999999999833, -2.0898617195929 
0.3099999999999822, -2.0892928918934848 
0.3199999999999811, -2.088863980682542 
0.32999999999998, -2.0888534893012336 
0.3399999999999789, -2.089157314445398 
0.3499999999999778, -2.089501931907512 
0.35999999999997667, -2.0897108282059937 
0.36999999999997557, -2.0896524473836773 
0.37999999999997447, -2.089168411919692 
0.38999999999997337, -2.0879842440394567 
0.39999999999997227, -2.0855060289366967 
0.40999999999997117, -2.080452342508377 
0.41999999999997006, -2.0706047083688426 
0.42999999999996896, -2.0553323408166992 
0.43999999999996786, -2.044024508287416 
0.44999999999996676, -2.0463494012224275 
0.45999999999996566, -2.052929175818663 
0.46999999999996456, -2.056831292410684 
0.47999999999996346, -2.0584035867827963 
0.48999999999996235, -2.0587847032732283 
0.49999999999996125, -2.058569335918279 
0.5099999999999602, -2.0580653325197993 
0.519999999999959, -2.057555529234682 
0.529999999999958, -2.0572978532718094 
0.5399999999999568, -2.0573154788819883 
0.5499999999999557, -2.057454826762057 
0.5599999999999546, -2.0575756975550816 
0.5699999999999535, -2.0575371391082404 
0.5799999999999524, -2.0571669008967044 
0.5899999999999513, -2.056213829802961 
0.5999999999999502, -2.054166584574896 
0.6099999999999491, -2.0498807565587756 
0.619999999999948, -2.041113993717069 
0.6299999999999469, -2.02591174660888 
0.6399999999999458, -2.011295189776403 
0.6499999999999447, -2.011775648466407 
0.6599999999999436, -2.020750506322526 
0.6699999999999425, -2.0269831328096712 
0.6799999999999414, -2.0297650584095988 
0.6899999999999403, -2.030720517950632 
0.6999999999999392, -2.030800466046202 
0.7099999999999381, -2.0304371919596926 
0.719999999999937, -2.0298972423020962 
0.7299999999999359, -2.0294404421783505 
0.7399999999999348, -2.0292226325740153 
0.7499999999999337, -2.0291994865158176 
0.7599999999999326, -2.029262096683755 
0.7699999999999315, -2.029291673689845 
0.7799999999999304, -2.0291260408396075 
0.7899999999999293, -2.0285637700482413 
0.7999999999999282, -2.027278203204264 
0.8099999999999271, -2.0245628801493782 
0.819999999999926, -2.018868655456729 
0.8299999999999249, -2.007594181411575 
0.8399999999999238, -1.990831716388956 
0.8499999999999227, -1.98120090859124 
0.8599999999999216, -1.9877685482208889 
0.8699999999999205, -1.9974156972536796 
0.8799999999999194, -2.002841247473598 
0.8899999999999183, -2.0051150878342456 
0.8999999999999172, -2.0058358313170195 
0.9099999999999161, -2.0058048572443705 
0.919999999999915, -2.0053910573491454 
0.9299999999999139, -2.0048465757680813 
0.9399999999999128, -2.0044130131370466 
0.9499999999999117, -2.00420791151288 
0.9599999999999106, -2.0041780181766136 
0.9699999999999095, -2.004227350588168 
0.9799999999999084, -2.0042343104346645 
0.9899999999999073, -2.0040306374657706 
0.9999999999999062, -2.0034088337840563 
1.0099999999999052, -2.002022337438486 
1.019999999999904, -1.999120678932148 
1.029999999999903, -1.9930924770083762 
1.039999999999902, -1.9813738788424426 
1.0499999999999008, -1.9645253174588775 
1.0599999999998997, -1.9553790008371297 
1.0699999999998986, -1.9619966703392167 
1.0799999999998975, -1.9714606540946735 
1.0899999999998964, -1.976825590964585 
1.0999999999998953, -1.9791024958560566 
1.1099999999998942, -1.9798389800493552 
1.119999999999893, -1.9798234751344848 
1.129999999999892, -1.979421453393634 
1.1399999999998909, -1.9788823704755252 
1.1499999999998898, -1.9784536272271294 
1.1599999999998887, -1.9782688827529467 
1.1699999999998876, -1.978274502002001 
1.1799999999998865, -1.9783605116934417 
1.1899999999998854, -1.978406871138711 
1.1999999999998843, -1.9782577949570654 
1.2099999999998832, -1.9777250414159595 
1.219999999999882, -1.9765130092743521 
1.229999999999881, -1.9740085085640793 
1.2399999999998799, -1.9689078564325162 
1.2499999999998788, -1.9589367212916773 
1.2599999999998777, -1.9429778438961278 
1.2699999999998766, -1.9292619627051792 
1.2799999999998755, -1.9301343879786945 
1.2899999999998744, -1.9384872795038546 
1.2999999999998733, -1.9444487460313298 
1.3099999999998722, -1.9472302555990804 
1.319999999999871, -1.9482430714600754 
1.32999999999987, -1.9483791699021982 
1.3399999999998689, -1.948058137040474 
1.3499999999998678, -1.9475343126822868 
1.3599999999998666, -1.94707428357659 
1.3699999999998655, -1.9468939155505154 
1.3799999999998644, -1.9469819137691424 
1.3899999999998633, -1.9471836155642694 
1.3999999999998622, -1.9473580249425617 
1.4099999999998611, -1.9473716900563531 
1.41999999999986, -1.9470756426151383 
1.429999999999859, -1.9462701353086262 
1.4399999999998578, -1.9445892637968296 
1.4499999999998567, -1.94128767222855 
1.4599999999998556, -1.934952670804433 
1.4699999999998545, -1.9236969081600965 
1.4799999999998534, -1.908328301776594 
1.4899999999998523, -1.8979958556705512 
1.4999999999998512, -1.8994255481502105 
1.5099999999998501, -1.9049697290800651 
1.519999999999849, -1.908670014362674 
1.529999999999848, -1.9103334728935255 
1.5399999999998468, -1.9108364065064005 
1.5499999999998457, -1.9107189597750662 
1.5599999999998446, -1.9102610443376542 
1.5699999999998435, -1.9097115068003319 
1.5799999999998424, -1.9093985005561624 
1.5899999999998413, -1.9095307400464976 
1.5999999999998402, -1.9099752782446309 
1.6099999999998391, -1.9104648112214515 
1.619999999999838, -1.9108181186966289 
1.629999999999837, -1.910918053209615 
1.6399999999998358, -1.9106539850650335 
1.6499999999998347, -1.909871874241971 
1.6599999999998336, -1.908295659540062 
1.6699999999998325, -1.9054151392560228 
1.6799999999998314, -1.900373313819624 
1.6899999999998303, -1.8921492776309528 
1.6999999999998292, -1.8811322289619725 
1.709999999999828, -1.872070316462235 
1.719999999999827, -1.8701225654404652 
1.729999999999826, -1.872519059647119 
1.7399999999998248, -1.874809969170304 
1.7499999999998237, -1.875951501546007 
1.7599999999998226, -1.8762493307294512 
1.7699999999998215, -1.8760212775039307 
1.7799999999998204, -1.8754600320289374 
1.7899999999998193, -1.8748097373830532 
1.7999999999998182, -1.8745302019959371 
1.809999999999817, -1.875022007750959 
1.819999999999816, -1.8761016243732551 
1.8299999999998149, -1.8772477786914052 
1.8399999999998138, -1.8781280675697292 
1.8499999999998127, -1.8786286168291793 
1.8599999999998116, -1.878709150179891 
1.8699999999998105, -1.8783216669751597 
1.8799999999998094, -1.8773672492107534 
1.8899999999998083, -1.8756612765775764 
1.8999999999998072, -1.8729076275140095 
1.909999999999806, -1.8687427080603556 
1.919999999999805, -1.8630974136506218 
1.9299999999998039, -1.8571764780354432 
1.9399999999998028, -1.8536086725641874 
1.9499999999998017, -1.853275136758994 
1.9599999999998006, -1.8542388016990041 
1.9699999999997995, -1.8549713373292458 
1.9799999999997984, -1.8551630584501173 
1.9899999999997973, -1.854882801755074 
1.9999999999997962, -1.8541960163160784 
2.0099999999998173, -1.8532276852586942 
2.0199999999998384, -1.85250683289808 
2.0299999999998595, -1.8530552124670698 
2.0399999999998806, -1.8552253350688583 
2.0499999999999017, -1.8580118691290533 
2.059999999999923, -1.860380962239379 
2.069999999999944, -1.862001216395051 
2.079999999999965, -1.8629139013080813 
2.089999999999986, -1.8632254658717833 
2.100000000000007, -1.8630082042999319 
2.1100000000000283, -1.862281796541438 
2.1200000000000494, -1.8610151195723077 
2.1300000000000705, -1.8591424607915759 
2.1400000000000916, -1.8566305196878967 
2.1500000000001127, -1.8536910751308528 
2.160000000000134, -1.851083604803994 
2.170000000000155, -1.8497473662664017 
2.180000000000176, -1.8496407770789411 
2.190000000000197, -1.8499129314330027 
2.2000000000002182, -1.8499865160318802 
2.2100000000002393, -1.8496808909233233 
2.2200000000002604, -1.848901650702306 
2.2300000000002815, -1.8475187293862594 
2.2400000000003026, -1.8456481162122411 
2.2500000000003237, -1.844632045662894 
2.260000000000345, -1.8470761897176575 
2.270000000000366, -1.8530408113570023 
2.280000000000387, -1.8593552433910712 
2.290000000000408, -1.8639986892933547 
2.3000000000004293, -1.8668553696865966 
2.3100000000004504, -1.8683874415343074 
2.3200000000004715, -1.8690099214160814 
2.3300000000004926, -1.8689922594130262 
2.3400000000005137, -1.868489578917719 
2.3500000000005348, -1.8675883112542064 
2.360000000000556, -1.866351305429379 
2.370000000000577, -1.8648735345420289 
2.380000000000598, -1.8633790444398404 
2.390000000000619, -1.8622645972148102 
2.4000000000006403, -1.861790509897396 
2.4100000000006614, -1.861736770679563 
2.4200000000006825, -1.8616855519395847 
2.4300000000007036, -1.8613592852338912 
2.4400000000007247, -1.8605514679993278 
2.450000000000746, -1.8589268221773678 
2.460000000000767, -1.8559459999222145 
2.470000000000788, -1.851613541478261 
2.480000000000809, -1.8493647497852443 
2.49000000000083, -1.8555768465927014 
2.5000000000008513, -1.8681834375893178 
2.5100000000008724, -1.8791837671898548 
2.5200000000008935, -1.8859322146794715 
2.5300000000009146, -1.8894638206781806 
2.5400000000009357, -1.891089477871238 
2.550000000000957, -1.8916324979034935 
2.560000000000978, -1.8915345519252107 
2.570000000000999, -1.8910301936259173 
2.58000000000102, -1.8902688657018516 
2.5900000000010412, -1.8893795139516238 
2.6000000000010624, -1.888494239139396 
2.6100000000010835, -1.8877781443773185 
2.6200000000011046, -1.8873799489103633 
2.6300000000011257, -1.8872464927488122 
2.6400000000011468, -1.8871290682651818 
2.650000000001168, -1.886774775628782 
2.660000000001189, -1.8859358866137872 
2.67000000000121, -1.8841797643161928 
2.680000000001231, -1.8805998020204082 
2.6900000000012523, -1.8737884427497407 
2.7000000000012734, -1.864320839907473 
2.7100000000012945, -1.861271199360143 
2.7200000000013156, -1.873041891115231 
2.7300000000013367, -1.8890654907191329 
2.740000000001358, -1.8996341510227324 
2.750000000001379, -1.9049286370334166 
2.7600000000014, -1.9072524647446039 
2.770000000001421, -1.9080813169124915 
2.780000000001442, -1.9081370663222472 
2.7900000000014633, -1.907765404388007 
2.8000000000014844, -1.9071736500328569 
2.8100000000015055, -1.906536286511744 
2.8200000000015266, -1.9059848910984964 
2.8300000000015477, -1.9055900151260379 
2.840000000001569, -1.9053849466637864 
2.85000000000159, -1.9053104672671761 
2.860000000001611, -1.9051893598726939 
2.870000000001632, -1.9048102953049344 
2.8800000000016532, -1.9039211267114449 
2.8900000000016743, -1.9020544851473915 
2.9000000000016954, -1.8981909503880057 
2.9100000000017165, -1.8903727630264364 
2.9200000000017377, -1.8768414997691338 
2.9300000000017588, -1.863188569456005 
2.94000000000178, -1.8640360216703893 
2.950000000001801, -1.8768358037584725 
2.960000000001822, -1.8876262482187207 
2.970000000001843, -1.8932557149475273 
2.9800000000018643, -1.8956863261390864 
2.9900000000018854, -1.8965366088406632 
3.0000000000019065, -1.8966029716998385 
3.0100000000019276, -1.8962557199372303 
3.0200000000019487, -1.895726215327155 
3.03000000000197, -1.895235131374736 
3.040000000001991, -1.8949408294503935 
3.050000000002012, -1.894850798411382 
3.060000000002033, -1.894888884932854 
3.070000000002054, -1.894955289472917 
3.0800000000020753, -1.8949098701391685 
3.0900000000020964, -1.8945863566483065 
3.1000000000021175, -1.8937722151226475 
3.1100000000021386, -1.8920874143606525 
3.1200000000021597, -1.888754033250312 
3.130000000002181, -1.8822761582533887 
3.140000000002202, -1.8705805691247348 
3.150000000002223, -1.854172693873668 
3.160000000002244, -1.8424267229141482 
3.1700000000022652, -1.8437414432215735 
3.1800000000022863, -1.8505525979667676 
3.1900000000023074, -1.8554315549282994 
3.2000000000023285, -1.8577812054153071 
3.2100000000023496, -1.8586494998074268 
3.2200000000023707, -1.8587416958402645 
3.230000000002392, -1.8584067490788907 
3.240000000002413, -1.8578726088975883 
3.250000000002434, -1.8574177846695423 
3.260000000002455, -1.8573263708951053 
3.2700000000024763, -1.8576328719305468 
3.2800000000024974, -1.8581186706315815 
3.2900000000025185, -1.85856445277116 
3.3000000000025396, -1.8588304377695803 
3.3100000000025607, -1.8588096518259394 
3.3200000000025818, -1.8583878344064775 
3.330000000002603, -1.857393243465717 
3.340000000002624, -1.8555233228536838 
3.350000000002645, -1.852256156797824 
3.360000000002666, -1.8468085041177056 
3.3700000000026873, -1.8384901546049472 
3.3800000000027084, -1.828327577623505 
3.3900000000027295, -1.8208638153524397 
3.4000000000027506, -1.8195399417495293 
3.4100000000027717, -1.8214990324317444 
3.420000000002793, -1.8233219977253288 
3.430000000002814, -1.8242190860033418 
3.440000000002835, -1.8244032706353928 
3.450000000002856, -1.8241090498388477 
3.460000000002877, -1.823485003067362 
3.4700000000028983, -1.8227629834962369 
3.4800000000029194, -1.8224597272581593 
3.4900000000029405, -1.8231168978593 
3.5000000000029616, -1.8245983865213955 
3.5100000000029827, -1.8262390789370708 
3.520000000003004, -1.8275645570198509 
3.530000000003025, -1.828425539070119 
3.540000000003046, -1.8288104480089882 
3.550000000003067, -1.8287253393300393 
3.5600000000030882, -1.8281485134104252 
3.5700000000031094, -1.8270114517677623 
3.5800000000031305, -1.825190935554756 
3.5900000000031516, -1.8225269310349248 
3.6000000000031727, -1.8189438699566023 
3.6100000000031938, -1.8148285225125196 
3.620000000003215, -1.811432501311015 
3.630000000003236, -1.8099965776916496 
3.640000000003257, -1.8101328036370692 
3.650000000003278, -1.8106206358711507 
3.6600000000032993, -1.810825254204424 
3.6700000000033204, -1.8106192905036622 
3.6800000000033415, -1.8099737145648844 
3.6900000000033626, -1.8088401127302045 
3.7000000000033837, -1.8073817528161347 
3.710000000003405, -1.8066412079175986 
3.720000000003426, -1.8084657869412843 
3.730000000003447, -1.8129900413962374 
3.740000000003468, -1.818044528680827 
3.750000000003489, -1.8220026605136344 
3.7600000000035103, -1.8245881805734079 
3.7700000000035314, -1.826058860460138 
3.7800000000035525, -1.8267068860424083 
3.7900000000035736, -1.826740480236006 
3.8000000000035947, -1.826285970365743 
3.810000000003616, -1.8254131342149738 
3.820000000003637, -1.8241672324260125 
3.830000000003658, -1.8226150207799374 
3.840000000003679, -1.820932519858686 
3.8500000000037002, -1.8194991735446222 
3.8600000000037213, -1.8187142808604349 
3.8700000000037424, -1.8185401038875448 
3.8800000000037635, -1.8185554892179847 
3.8900000000037847, -1.8184048153117147 
3.9000000000038058, -1.8178847542713388 
3.910000000003827, -1.8167661460302302 
3.920000000003848, -1.8146329160886563 
3.930000000003869, -1.8110170111891866 
3.94000000000389, -1.8068740728583592 
3.9500000000039113, -1.8073606242389766 
3.9600000000039324, -1.8168788532893856 
3.9700000000039535, -1.8298868960068766 
3.9800000000039746, -1.8397710534446214 
3.9900000000039957, -1.8455575705498384 
4.000000000004016, -1.8485292458310414 
4.010000000003993, -1.8498561203340398 
4.02000000000397, -1.8502400946618505 
4.030000000003946, -1.8500583959702344 
4.040000000003923, -1.8495197073891005 
4.0500000000039, -1.8487699788893508 
4.0600000000038765, -1.8479411984826641 
4.070000000003853, -1.847160116109564 
4.08000000000383, -1.8465641468886953 
4.090000000003807, -1.8462513235337554 
4.100000000003783, -1.8461428505596895 
4.11000000000376, -1.8460121430614138 
4.120000000003737, -1.8456300368189822 
4.130000000003713, -1.844750883074371 
4.14000000000369, -1.8429303169289597 
4.150000000003667, -1.8392237073652116 
4.1600000000036434, -1.8319677952830689 
4.17000000000362, -1.8203699488871272 
4.180000000003597, -1.811170665065201 
4.1900000000035735, -1.8168120349952375 
4.20000000000355, -1.832239813429272 
4.210000000003527, -1.8444564125071725 
4.220000000003504, -1.8509711310174377 
4.23000000000348, -1.8539195519136071 
4.240000000003457, -1.855060214318994 
4.250000000003434, -1.8552929801861349 
4.26000000000341, -1.8550406416609817 
4.270000000003387, -1.8545388564509988 
4.280000000003364, -1.8539879255584826 
4.2900000000033405, -1.8535600678661879 
4.300000000003317, -1.8533218482918112 
4.310000000003294, -1.8532468546648524 
4.320000000003271, -1.8532686052669536 
4.330000000003247, -1.853265434514886 
4.340000000003224, -1.8530745117726908 
4.350000000003201, -1.8525108312446705 
4.360000000003177, -1.8512947533868231 
4.370000000003154, -1.8488777078357743 
4.380000000003131, -1.844162215091076 
4.390000000003107, -1.8352779030078672 
4.400000000003084, -1.8206970990217552 
4.410000000003061, -1.8045189855778183 
4.4200000000030375, -1.7982680915199272 
4.430000000003014, -1.803309114446368 
4.440000000002991, -1.809906552392583 
4.450000000002968, -1.8138457964730317 
4.460000000002944, -1.8156232002616712 
4.470000000002921, -1.816210208222569 
4.480000000002898, -1.8161603545313245 
4.490000000002874, -1.815752402473357 
4.500000000002851, -1.815206061148352 
4.510000000002828, -1.8148156110975748 
4.520000000002804, -1.8148466048011358 
4.530000000002781, -1.8152792917599108 
4.540000000002758, -1.8158644174770224 
4.5500000000027345, -1.8163791745796403 
4.560000000002711, -1.8166889968465547 
4.570000000002688, -1.8166979309881093 
4.580000000002665, -1.8163077774192247 
4.590000000002641, -1.815375401064323 
4.600000000002618, -1.813660615885911 
4.610000000002595, -1.810772787034015 
4.620000000002571, -1.8061592707914975 
4.630000000002548, -1.7993481313793342 
4.640000000002525, -1.7909604188316142 
4.6500000000025015, -1.7840343864631556 
4.660000000002478, -1.7816758616994839 
4.670000000002455, -1.7826484866156171 
4.6800000000024315, -1.7840940537929135 
4.690000000002408, -1.78491429310468 
4.700000000002385, -1.7851062005082639 
4.710000000002362, -1.7848268338919222 
4.720000000002338, -1.784176131077005 
4.730000000002315, -1.7833108772164288 
4.740000000002292, -1.782724828637384 
4.750000000002268, -1.783243918876882 
4.760000000002245, -1.7851263106203379 
4.770000000002222, -1.7875928849673623 
4.7800000000021985, -1.7897866284372301 
4.790000000002175, -1.7913682338731363 
4.800000000002152, -1.7923223562446187 
4.810000000002129, -1.792717359740402 
4.820000000002105, -1.79261097875243 
4.830000000002082, -1.7920262361483428 
4.840000000002059, -1.7909491576123482 
4.850000000002035, -1.7893383861764445 
4.860000000002012, -1.7871623577302749 
4.870000000001989, -1.7845164080758962 
4.880000000001965, -1.7818517520246224 
4.890000000001942, -1.7799841073905334 
4.900000000001919, -1.7793438592041695 
4.9100000000018955, -1.779448647329474 
4.920000000001872, -1.779614918612576 
4.930000000001849, -1.7795088424582854 
4.940000000001826, -1.7790025694267169 
4.950000000001802, -1.7779492429448065 
4.960000000001779, -1.7761379683901777 
4.970000000001756, -1.7736992316939015 
4.980000000001732, -1.7724135903344695 
4.990000000001709, -1.7757809856107467 
5.000000000001686, -1.7839605891942418 
5.0100000000016625, -1.7926617152867224 
5.020000000001639, -1.799051580760078 
5.030000000001616, -1.8029683402869179 
5.0400000000015925, -1.8051004687240457 
5.050000000001569, -1.8060728440773253 
5.060000000001546, -1.8062957152764312 
5.070000000001523, -1.8060130860242816 
5.080000000001499, -1.80537229811678 
5.090000000001476, -1.8044829263522086 
5.100000000001453, -1.803455659996342 
5.110000000001429, -1.8024312403588816 
5.120000000001406, -1.8016074629877843 
5.130000000001383, -1.801152944635812 
5.1400000000013595, -1.8010098402334709 
5.150000000001336, -1.8009213826067043 
5.160000000001313, -1.8006362399067999 
5.17000000000129, -1.7999359365224958 
5.180000000001266, -1.798480737498642 
5.190000000001243, -1.7955692766092117 
5.20000000000122, -1.7899510388227278 
5.210000000001196, -1.7808151977866271 
5.220000000001173, -1.7726914957140731 
5.23000000000115, -1.7767777908697024 
5.240000000001126, -1.7922882184135513 
5.250000000001103, -1.8065971989877838 
5.26000000000108, -1.8150052290903755 
5.2700000000010565, -1.8190995587175212 
5.280000000001033, -1.8208639580024968 
5.29000000000101, -1.8214395347608885 
5.300000000000987, -1.8213833525700387 
5.310000000000963, -1.8209773769844149 
5.32000000000094, -1.8204167870775965 
5.330000000000917, -1.81988301625498 
5.340000000000893, -1.8195011085259125 
5.35000000000087, -1.819298374461734 
5.360000000000847, -1.8192449881280914 
5.3700000000008234, -1.8192597579972627 
5.3800000000008, -1.819198436232981 
5.390000000000777, -1.818891455701141 
5.4000000000007535, -1.8181365370286655 
5.41000000000073, -1.8165925936255978 
5.420000000000707, -1.8135811385144158 
5.430000000000684, -1.807805722475828 
5.44000000000066, -1.7973256109587783 
5.450000000000637, -1.781513839337432 
5.460000000000614, -1.7666804775394982 
5.47000000000059, -1.763312766105562 
5.480000000000567, -1.7690678019444739 
5.490000000000544, -1.7750078667245244 
5.5000000000005205, -1.7783808561730776 
5.510000000000497, -1.7798698415782852 
5.520000000000474, -1.780322064669075 
5.5300000000004506, -1.780204520347537 
5.540000000000427, -1.779760288595919 
5.550000000000404, -1.7792056489519912 
5.560000000000381, -1.77884993375691 
5.570000000000357, -1.7789696307665401 
5.580000000000334, -1.779531432937712 
5.590000000000311, -1.7802546655149105 
5.600000000000287, -1.7808916449045327 
5.610000000000264, -1.781303176030124 
5.620000000000241, -1.7814041070623294 
5.6300000000002175, -1.781117104279773 
5.640000000000194, -1.7803362164710603 
5.650000000000171, -1.7788911955722717 
5.660000000000148, -1.776516796660679 
5.670000000000124, -1.7728500922984434 
5.680000000000101, -1.7675657897766786 
5.690000000000078, -1.7609352574974921 
5.700000000000054, -1.7547594216868618 
5.710000000000031, -1.7516046674953674 
5.720000000000008, -1.751574866526616 
5.729999999999984, -1.752592058800286 
5.739999999999961, -1.7533330065802122 
5.749999999999938, -1.753550816157198 
5.7599999999999145, -1.7533110105198333 
5.769999999999891, -1.7526644699175151 
5.779999999999868, -1.7516721984397183 
5.789999999999845, -1.750689091044621 
5.799999999999821, -1.7507017720330609 
5.809999999999798, -1.7526727849295565 
5.819999999999775, -1.7561075764356222 
5.829999999999751, -1.7596054885009835 
5.839999999999728, -1.762334621730783 
5.849999999999705, -1.7641571539970489 
5.8599999999996815, -1.7651972078429172 
5.869999999999658, -1.7656046476291827 
5.879999999999635, -1.765490833792222 
5.8899999999996115, -1.7649230432962928 
5.899999999999588, -1.7639352584809989 
5.909999999999565, -1.7625494578323635 
5.919999999999542, -1.7608177661448507 
5.929999999999518, -1.7589117663529041 
5.939999999999495, -1.7572249300649196 
5.949999999999472, -1.7562179144424541 
5.959999999999448, -1.755938862778845 
5.969999999999425, -1.7559755091098748 
5.979999999999402, -1.7559233744581584 
5.9899999999993785, -1.75556398936799 
5.999999999999355, -1.7547179962781865 
6.009999999999332, -1.7530725070235185 
6.019999999999309, -1.7501336863850132 
6.029999999999285, -1.7458380888977523 
6.039999999999262, -1.7429176376530904 
6.049999999999239, -1.7475339615450423 
6.059999999999215, -1.760083362347793 
6.069999999999192, -1.7730001834258864 
6.079999999999169, -1.781823092603176 
6.089999999999145, -1.786797768903322 
6.099999999999122, -1.7893003822750135 
6.109999999999099, -1.7903746746268976 
6.1199999999990755, -1.7906270386460617 
6.129999999999052, -1.7903855065116983 
6.139999999999029, -1.7898420155314672 
6.149999999999006, -1.7891451363316986 
6.159999999998982, -1.7884313897631519 
6.169999999998959, -1.7878126356999384 
6.179999999998936, -1.7873779586866405 
6.189999999998912, -1.7871672179520803 
6.199999999998889, -1.7870930312520634 
6.209999999998866, -1.7869661240011385 
6.2199999999988425, -1.7865873839680426 
6.229999999998819, -1.7857284319111872 
6.239999999998796, -1.7839836047424615 
6.2499999999987725, -1.7805094868446336 
6.259999999998749, -1.7736942241998084 
6.269999999998726, -1.7615087558801126 
6.279999999998703, -1.7454059022556774 
6.289999999998679, -1.7362884755022185 
6.299999999998656, -1.7420376037378638 
6.309999999998633, -1.7531582444794627 
6.319999999998609, -1.760981927026568 
6.329999999998586, -1.7649695043857059 
6.339999999998563, -1.766694054589469 
6.3499999999985395, -1.7672555302943938 
6.359999999998516, -1.767203200781735 
6.369999999998493, -1.7668121490997433 
6.37999999999847, -1.766291877014551 
6.389999999998446, -1.7658896293448791 
6.399999999998423, -1.7658096282206202 
6.4099999999984, -1.7660474027439874 
6.419999999998376, -1.7664360728970974 
6.429999999998353, -1.7668082033533001 
6.43999999999833, -1.7670361575862004 
6.449999999998306, -1.7670104522665873 
6.459999999998283, -1.766618679684445 
6.46999999999826, -1.7657076034289212 
6.4799999999982365, -1.7640289041779813 
6.489999999998213, -1.7611814877135714 
6.49999999999819, -1.75658625106716 
6.509999999998167, -1.7496628971795842 
6.519999999998143, -1.7406750123690677 
6.52999999999812, -1.7322304956600731 
6.539999999998097, -1.7281424376774386 
6.549999999998073, -1.7284480217515639 
6.55999999999805, -1.7300747779673238 
6.569999999998027, -1.7312433463966517 
6.5799999999980034, -1.731716679794042 
6.58999999999798, -1.731655793619255 
6.599999999997957, -1.7311863280066242 
6.6099999999979335, -1.7303985789452105 
6.61999999999791, -1.7295465272388806 
6.629999999997887, -1.729304007991793 
6.639999999997864, -1.7304489629585658 
6.64999999999784, -1.7328632263506365 
6.659999999997817, -1.735591314537611 
6.669999999997794, -1.7378829649214407 
6.67999999999777, -1.7395031991824006 
6.689999999997747, -1.7404767904412366 
6.699999999997724, -1.7408870371060732 
6.7099999999977005, -1.7408037427400838 
6.719999999997677, -1.7402668418790417 
6.729999999997654, -1.7392881766209936 
6.7399999999976306, -1.7378641200474996 
6.749999999997607, -1.7360084652904146 
6.759999999997584, -1.7338343532277314 
6.769999999997561, -1.7316930493752654 
6.779999999997537, -1.7301574211157607 
6.789999999997514, -1.7295406444939652 
6.799999999997491, -1.7295290125920981 
6.809999999997467, -1.7296029341105719 
6.819999999997444, -1.7294533157065661 
6.829999999997421, -1.7289223662069606 
6.8399999999973975, -1.727814207643036 
6.849999999997374, -1.7257789067306217 
6.859999999997351, -1.7224774604518136 
6.869999999997328, -1.7188072127740894 
6.879999999997304, -1.7190685205357716 
6.889999999997281, -1.7275350219543593 
6.899999999997258, -1.7404401596985999 
6.909999999997234, -1.7513147708830186 
6.919999999997211, -1.7582262293621813 
6.929999999997188, -1.7620372511723734 
6.939999999997164, -1.7639146826807521 
6.949999999997141, -1.7646565941660337 
6.959999999997118, -1.7647231445481797 
6.9699999999970945, -1.7643711729672897 
6.979999999997071, -1.7637650074812925 
6.989999999997048, -1.7630448804177816 
6.999999999997025, -1.7623398814809008 
7.009999999997001, -1.7617550209031276 
7.019999999996978, -1.7613726580430658 
7.029999999996955, -1.76120735142976 
7.039999999996931, -1.7611426698706711 
7.049999999996908, -1.7609859101188827 
7.059999999996885, -1.7605439701823022 
7.0699999999968615, -1.7595781635688872 
7.079999999996838, -1.7576472071944178 
7.089999999996815, -1.75384679642599 
7.0999999999967915, -1.7465112592794803 
7.109999999996768, -1.7337018127916228 
7.119999999996745, -1.7171799336134648 
7.129999999996722, -1.7076130166149934 
7.139999999996698, -1.7122763833454488 
7.149999999996675, -1.7223715337196608 
7.159999999996652, -1.729694941351929 
7.169999999996628, -1.7335030335543546 
7.179999999996605, -1.735172358832648 
7.189999999996582, -1.7357208602712195 
7.1999999999965585, -1.7356684187169311 
7.209999999996535, -1.7352774879116228 
7.219999999996512, -1.7347514443624596 
7.229999999996489, -1.7343473332005552 
7.239999999996465, -1.7343054131746893 
7.249999999996442, -1.7346472844731289 
7.259999999996419, -1.7351825321759595 
7.269999999996395, -1.7357051471137914 
7.279999999996372, -1.7360742683276371 
7.289999999996349, -1.7361895457843428 
7.299999999996325, -1.7359617777269292 
7.309999999996302, -1.7352826790572031 
7.319999999996279, -1.7339894436576535 
7.3299999999962555, -1.731832117820946 
7.339999999996232, -1.728459328258251 
7.349999999996209, -1.7234901475426958 
7.359999999996186, -1.716884214924174 
7.369999999996162, -1.7098074307910998 
7.379999999996139, -1.7048674495784006 
7.389999999996116, -1.7035326379161144 
7.399999999996092, -1.7043072179297674 
7.409999999996069, -1.7052901324283294 
7.419999999996046, -1.7058028774204277 
7.4299999999960225, -1.7058219607867222 
7.439999999995999, -1.7054176193646076 
7.449999999995976, -1.7046175981142742 
7.4599999999959525, -1.7035191789816415 
7.469999999995929, -1.7026429892710122 
7.479999999995906, -1.703159069209903 
7.489999999995883, -1.7058635739469021 
7.499999999995859, -1.7099018507553616 
7.509999999995836, -1.7137867008609091 
7.519999999995813, -1.7167610500193735 
7.529999999995789, -1.718745024511256 
7.539999999995766, -1.7198947175021697 
7.549999999995743, -1.7203837306216052 
7.5599999999957195, -1.7203454868908774 
7.569999999995696, -1.7198698591964843 
7.579999999995673, -1.719015711464754 
7.58999999999565, -1.7178322406771696 
7.599999999995626, -1.7163909754554354 
7.609999999995603, -1.7148393062989022 
7.61999999999558, -1.7134592164881493 
7.629999999995556, -1.712578168332803 
7.639999999995533, -1.7122624251271226 
7.64999999999551, -1.7122306490973949 
7.659999999995486, -1.7121472729342173 
7.669999999995463, -1.7117922539895758 
7.67999999999544, -1.7109702793580606 
7.6899999999954165, -1.7093395653174277 
7.699999999995393, -1.7062431120567254 
7.70999999999537, -1.7008101567562601 
7.719999999995347, -1.693595170740816 
7.729999999995323, -1.6905075402477123 
7.7399999999953, -1.6992691726606892 
7.749999999995277, -1.71549316885604 
7.759999999995253, -1.7291849706678195 
7.76999999999523, -1.737403804933744 
7.779999999995207, -1.741613855826719 
7.789999999995183, -1.7435451364853485 
7.79999999999516, -1.744257227570646 
7.809999999995137, -1.7443010850138063 
7.8199999999951135, -1.7439628797848026 
7.82999999999509, -1.7434298286491987 
7.839999999995067, -1.7428751136123406 
7.849999999995044, -1.7424444672629615 
7.85999999999502, -1.742198227902179 
7.869999999994997, -1.7421209125551225 
7.879999999994974, -1.7421518525593178 
7.88999999999495, -1.7421769519442887 
7.899999999994927, -1.742048036467872 
7.909999999994904, -1.741606332678884 
7.9199999999948805, -1.7406409973394787 
7.929999999994857, -1.7387842330309646 
7.939999999994834, -1.7353572027641022 
7.9499999999948106, -1.7292122202222404 
7.959999999994787, -1.7189124565056275 
7.969999999994764, -1.7044062591076456 
7.979999999994741, -1.6906002699100924 
7.989999999994717, -1.6851712028656873 
7.999999999994694, -1.6876278754495329 
8.00999999999467, -1.6916744194541429 
8.019999999994647, -1.6943465963425666 
8.029999999994624, -1.6956243631383292 
8.0399999999946, -1.6960244005722651 
8.049999999994577, -1.6958939298247628 
8.059999999994554, -1.695419116901066 
8.06999999999453, -1.6947720545667 
8.079999999994508, -1.694281237893279 
8.089999999994484, -1.6944207295968732 
8.099999999994461, -1.6953955221461268 
8.109999999994438, -1.6968694689870734 
8.119999999994414, -1.6983430439045146 
8.129999999994391, -1.6995194479651539 
8.139999999994368, -1.7002961249401711 
8.149999999994344, -1.7006530085662939 
8.159999999994321, -1.7005870657866748 
8.169999999994298, -1.7000844949681546 
8.179999999994275, -1.699109914388104 
8.189999999994251, -1.6976057239670381 
8.199999999994228, -1.695507270268953 
8.209999999994205, -1.692801480748263 
8.219999999994181, -1.6896827422151568 
8.229999999994158, -1.6867626682490173 
8.239999999994135, -1.6848913825515848 
8.249999999994111, -1.6843274404142636 
8.259999999994088, -1.6844767616895369 
8.269999999994065, -1.6846734348591466 
8.279999999994041, -1.6846087453840912 
8.289999999994018, -1.6841680613400924 
8.299999999993995, -1.6832217611414992 
8.309999999993972, -1.6815451217203723 
8.319999999993948, -1.679004807055287 
8.329999999993925, -1.6765018833051042 
8.339999999993902, -1.677286213830684 
8.349999999993878, -1.6843446324064242 
8.359999999993855, -1.6951034891395007 
8.369999999993832, -1.7047271576548666 
8.379999999993808, -1.7113096532051977 
8.389999999993785, -1.715215108471622 
8.399999999993762, -1.717293732279003 
8.409999999993738, -1.7182214149025872 
8.419999999993715, -1.718429529170883 
8.429999999993692, -1.7181748815029347 
8.439999999993669, -1.7176197472014398 
8.449999999993645, -1.7168946030819914 
8.459999999993622, -1.7161256533393892 
8.469999999993599, -1.715428712185032 
8.479999999993575, -1.714905962555294 
8.489999999993552, -1.7146211503940585 
8.499999999993529, -1.7145228637625949 
8.509999999993505, -1.7144428433328667 
8.519999999993482, -1.7141890661451789 
8.529999999993459, -1.7135700636447901 
8.539999999993436, -1.7123022915956114 
8.549999999993412, -1.7098313798976494 
8.559999999993389, -1.7050662861514136 
8.569999999993366, -1.6962004033231672 
8.579999999993342, -1.6817709585000895 
8.589999999993319, -1.6652406361112093 
8.599999999993296, -1.6574754393545668 
8.609999999993272, -1.6625198180392762 
8.619999999993249, -1.6713999291701633 
8.629999999993226, -1.6776673144554983 
8.639999999993202, -1.6809403915564147 
8.64999999999318, -1.6823790683145687 
8.659999999993156, -1.6828305043297793 
8.669999999993133, -1.6827339793127885 
8.67999999999311, -1.6823175422703311 
8.689999999993086, -1.6817735861002436 
8.699999999993063, -1.681374386874984 
8.70999999999304, -1.681408241603311 
8.719999999993016, -1.6819337297249208 
8.729999999992993, -1.682729002634225 
8.73999999999297, -1.6835237513155399 
8.749999999992946, -1.6841434652993967 
8.759999999992923, -1.6844918150382093 
8.7699999999929, -1.68450594502651 
8.779999999992876, -1.6841256332548675 
8.789999999992853, -1.6832705347907435 
8.79999999999283, -1.681825073532935 
8.809999999992806, -1.679634300942979 
8.819999999992783, -1.6765279748658806 
8.82999999999276, -1.6724342217551107 
8.839999999992736, -1.6676879193495968 
8.849999999992713, -1.6633927919843348 
8.85999999999269, -1.6609291953347598 
8.869999999992666, -1.6604617604966905 
8.879999999992643, -1.660901982801824 
8.88999999999262, -1.6613251305623529 
8.899999999992596, -1.6614121019866175 
8.909999999992573, -1.6611087535839804 
8.91999999999255, -1.6603672202936248 
8.929999999992527, -1.6590902319559302 
8.939999999992503, -1.6573169311707148 
8.94999999999248, -1.6558765063745273 
8.959999999992457, -1.6569665102924702 
8.969999999992433, -1.662220012594296 
8.97999999999241, -1.6699060999097217 
8.989999999992387, -1.6770273988589455 
8.999999999992363, -1.682222777061733 
9.00999999999234, -1.6855367333852702 
9.019999999992317, -1.687430932215122 
9.029999999992294, -1.6883391776345131 
9.03999999999227, -1.688573540018174 
9.049999999992247, -1.6883388942428657 
9.059999999992224, -1.6877716504598255 
9.0699999999922, -1.686980718912849 
9.079999999992177, -1.6860761253225651 
9.089999999992154, -1.6851785361844402 
9.09999999999213, -1.6844245843700303 
9.109999999992107, -1.6839407244503863 
9.119999999992084, -1.6837389008647379 
9.12999999999206, -1.6836664821428613 
9.139999999992037, -1.6835110435836498 
9.149999999992014, -1.6830825710823962 
9.15999999999199, -1.6821598837037643 
9.169999999991967, -1.6803434744087309 
9.179999999991944, -1.6768279659777239 
9.18999999999192, -1.6701422824042003 
9.199999999991897, -1.658473361398136 
9.209999999991874, -1.642656405872824 
9.21999999999185, -1.631246148852171 
9.229999999991827, -1.633306124082439 
9.239999999991804, -1.6435577551582754 
9.24999999999178, -1.652537535321203 
9.259999999991757, -1.6577452422038543 
9.269999999991734, -1.6602601618193042 
9.27999999999171, -1.6612876450768332 
9.289999999991688, -1.6615203078339964 
9.299999999991664, -1.6613020137262304 
9.309999999991641, -1.660830548215251 
9.319999999991618, -1.6603107835070705 
9.329999999991594, -1.660019629213736 
9.339999999991571, -1.6601775136327421 
9.349999999991548, -1.6607486562186449 
9.359999999991524, -1.6614982721193416 
9.369999999991501, -1.662201038364006 
9.379999999991478, -1.6627155049306725 
9.389999999991455, -1.6629557966530748 
9.399999999991431, -1.6628581603764239 
9.409999999991408, -1.6623557569869223 
9.419999999991385, -1.6613588831551716 
9.429999999991361, -1.6597431177228419 
9.439999999991338, -1.6573503184213263 
9.449999999991315, -1.6540247266083719 
9.459999999991291, -1.649752297743478 
9.469999999991268, -1.6449878335597348 
9.479999999991245, -1.640922887852017 
9.489999999991221, -1.6387890464653037 
9.499999999991198, -1.638500324598122 
9.509999999991175, -1.6389526753892156 
9.519999999991152, -1.6393307069433827 
9.529999999991128, -1.6393708285634923 
9.539999999991105, -1.6390237903842657 
9.549999999991082, -1.638229844554246 
9.559999999991058, -1.6368750731916435 
9.569999999991035, -1.6349840817551597 
9.579999999991012, -1.6334037006618938 
9.589999999990988, -1.6344641351466707 
9.599999999990965, -1.640041334086956 
9.609999999990942, -1.6484200857272413 
9.619999999990918, -1.6563024003097915 
9.629999999990895, -1.6620926196038497 
9.639999999990872, -1.6657966414460634 
9.649999999990849, -1.6679272018926283 
9.659999999990825, -1.6689781597192233 
9.669999999990802, -1.669306140411639 
9.679999999990779, -1.6691441365937831 
9.689999999990755, -1.6686449408766015 
9.699999999990732, -1.6679269942251054 
9.709999999990709, -1.6671058743407343 
9.719999999990685, -1.6662994030614342 
9.729999999990662, -1.665623565313379 
9.739999999990639, -1.6651793832662771 
9.749999999990616, -1.6649842406117465 
9.759999999990592, -1.6649179007945452 
9.769999999990569, -1.6647901708394817 
9.779999999990546, -1.6644198983581078 
9.789999999990522, -1.6636056303498414 
9.799999999990499, -1.6620070818814328 
9.809999999990476, -1.6589568619728372 
9.819999999990452, -1.653214884425934 
9.829999999990429, -1.6429680619957119 
9.839999999990406, -1.6274009147981423 
9.849999999990382, -1.6112073929008113 
9.85999999999036, -1.604495147982724 
9.869999999990336, -1.6091477757900088 
9.879999999990313, -1.6168681718136528 
9.88999999999029, -1.6223527907101958 
9.899999999990266, -1.6252724024598162 
9.909999999990243, -1.626574573438662 
9.91999999999022, -1.626977186779999 
9.929999999990196, -1.6268622222714761 
9.939999999990173, -1.6264300555397337 
9.94999999999015, -1.6258557189677219 
9.959999999990126, -1.6254170712834621 
9.969999999990103, -1.6254689104928837 
9.97999999999008, -1.6261651932591232 
9.989999999990056, -1.6272884319746215 
9.999999999990033, -1.628479501657413 
10.00999999999001, -1.6294873960048135 
10.019999999989986, -1.6301932436209658 
10.029999999989963, -1.6305481325530529 
10.03999999998994, -1.630527279345861 
10.049999999989916, -1.6301058735864182 
10.059999999989893, -1.6292476004309873 
10.06999999998987, -1.6279020320673792 
10.079999999989846, -1.6260127818500698 
10.089999999989823, -1.6235502175907417 
10.0999999999898, -1.6206017585788892 
10.109999999989776, -1.617535810958297 
10.119999999989753, -1.615057901919796 
10.12999999998973, -1.6137641266373186 
10.139999999989707, -1.6135222797560889 
10.149999999989683, -1.6136994509627627 
10.15999999998966, -1.6138056641975627 
10.169999999989637, -1.6136317416666675 
10.179999999989613, -1.6130675335678781 
10.18999999998959, -1.6119417504177558 
10.199999999989567, -1.6099472825823953 
10.209999999989543, -1.6067903035599742 
10.21999999998952, -1.6031258527978243 
10.229999999989497, -1.6023847270477212 
10.239999999989474, -1.6092162461111692 
10.24999999998945, -1.6223347552011613 
10.259999999989427, -1.6353751159593037 
10.269999999989404, -1.6446748413209502 
10.27999999998938, -1.6502442089519627 
10.289999999989357, -1.6532383234981556 
10.299999999989334, -1.6546664271877645 
10.30999999998931, -1.655172972339344 
10.319999999989287, -1.6551279297716674 
10.329999999989264, -1.6547469878220344 
10.33999999998924, -1.6541862423279898 
10.349999999989217, -1.6535943950788448 
10.359999999989194, -1.6531017697158856 
10.36999999998917, -1.652779231015323 
10.379999999989147, -1.6526362547509836 
10.389999999989124, -1.652631606557223 
10.3999999999891, -1.652664009523957 
10.409999999989077, -1.6525934096308863 
10.419999999989054, -1.6522742960487455 
10.42999999998903, -1.6515380619118898 
10.439999999989007, -1.6501239435792456 
10.449999999988984, -1.6475809622132682 
10.45999999998896, -1.643163438222075 
10.469999999988937, -1.6358291911528215 
10.479999999988914, -1.624750841116161 
10.48999999998889, -1.6110589128606747 
10.499999999988868, -1.5996432920522772 
10.509999999988844, -1.595413822592211 
10.519999999988821, -1.5969143253605247 
10.529999999988798, -1.599691024880218 
10.539999999988774, -1.60163719603107 
10.549999999988751, -1.6025972066717464 
10.559999999988728, -1.6028664246054043 
10.569999999988704, -1.6026694679980102 
10.579999999988681, -1.6021237656275118 
10.589999999988658, -1.6013428557059104 
10.599999999988635, -1.6006294956751692 
10.609999999988611, -1.6006216396902828 
10.619999999988588, -1.601933961897317 
10.629999999988565, -1.604427200544383 
10.639999999988541, -1.6073006652020134 
10.649999999988518, -1.609859628726189 
10.659999999988495, -1.6118153655089789 
10.669999999988471, -1.6131372375241764 
10.679999999988448, -1.6138861053878837 
10.689999999988425, -1.614136968935903 
10.699999999988401, -1.6139539605810476 
10.709999999988378, -1.6133860262456654 
10.719999999988355, -1.6124722626914685 
10.729999999988332, -1.6112556190515022 
10.739999999988308, -1.6098063519996497 
10.749999999988285, -1.6082591707656348 
10.759999999988262, -1.6068506592921517 
10.769999999988238, -1.6058642240087704 
10.779999999988215, -1.6054143802891574 
10.789999999988192, -1.6053198834625455 
10.799999999988168, -1.6052795504504929 
10.809999999988145, -1.6050633117451825 
10.819999999988122, -1.6045001374353682 
10.829999999988098, -1.603354756132937 
10.839999999988075, -1.601165966601674 
10.849999999988052, -1.5970560985127271 
10.859999999988029, -1.5897516360728206 
10.869999999988005, -1.5789563498439338 
10.879999999987982, -1.5693353455995829 
10.889999999987959, -1.5703251758436843 
10.899999999987935, -1.5828726059121272 
10.909999999987912, -1.5971558006253754 
10.919999999987889, -1.606946992064748 
10.929999999987865, -1.612283295149958 
10.939999999987842, -1.614857413142199 
10.949999999987819, -1.6159367830746423 
10.959999999987796, -1.6162132279569164 
10.969999999987772, -1.6160345355817793 
10.979999999987749, -1.6155997594835725 
10.989999999987726, -1.6150934778753683 
10.999999999987702, -1.6147436466971308 
11.009999999987679, -1.6147395685633694 
11.019999999987656, -1.615088551103644 
11.029999999987632, -1.6156339967072237 
11.039999999987609, -1.6161956629316379 
11.049999999987586, -1.6166374893029878 
11.059999999987562, -1.6168613839181034 
11.06999999998754, -1.616789780443104 
11.079999999987516, -1.6163467470900166 
11.089999999987493, -1.6154386875856588 
11.09999999998747, -1.6139412615428395 
11.109999999987446, -1.611697552276836 
11.119999999987423, -1.6085406572109782 
11.1299999999874, -1.6043856987074794 
11.139999999987376, -1.599473261368733 
11.149999999987353, -1.5947070400224208 
11.15999999998733, -1.5914551314225829 
11.169999999987306, -1.590314913075486 
11.179999999987283, -1.5905098720715305 
11.18999999998726, -1.5909880996286534 
11.199999999987236, -1.5912362212427118 
11.209999999987213, -1.5911285876863421 
11.21999999998719, -1.5906259488352092 
11.229999999987166, -1.5896368019536502 
11.239999999987143, -1.588022727883767 
11.24999999998712, -1.5858723514990587 
11.259999999987096, -1.584319819223768 
11.269999999987073, -1.586093524427182 
11.27999999998705, -1.593008057813202 
11.289999999987026, -1.6028178834056157 
11.299999999987003, -1.611838172605203 
11.30999999998698, -1.6183844958232203 
11.319999999986956, -1.6225327765073285 
11.329999999986933, -1.624905441305766 
11.33999999998691, -1.6260884881451176 
11.349999999986887, -1.6264993685440803 
11.359999999986863, -1.626406289546821 
11.36999999998684, -1.6259818135507793 
11.379999999986817, -1.6253573490332076 
11.389999999986793, -1.6246590444822029 
11.39999999998677, -1.6240066202332493 
11.409999999986747, -1.6234922073371902 
11.419999999986723, -1.6231720631756617 
11.4299999999867, -1.6230447773138674 
11.439999999986677, -1.6230191094374196 
11.449999999986654, -1.622942809576534 
11.45999999998663, -1.6226583307060605 
11.469999999986607, -1.621996680531748 
11.479999999986584, -1.6207046794115452 
11.48999999998656, -1.6183310177843595 
11.499999999986537, -1.6140854350104015 
11.509999999986514, -1.6067639477553854 
11.51999999998649, -1.595161755245416 
11.529999999986467, -1.5798880323671542 
11.539999999986444, -1.5659551006580796 
11.54999999998642, -1.5598728625107854 
11.559999999986397, -1.5613343985670949 
11.569999999986374, -1.565024503109787 
11.57999999998635, -1.5678322106911258 
11.589999999986327, -1.5693541737133523 
11.599999999986304, -1.5699671550101628 
11.60999999998628, -1.5700042446948594 
11.619999999986257, -1.5696474584173161 
11.629999999986234, -1.5690045200980323 
11.63999999998621, -1.5682517252095831 
11.649999999986187, -1.567813077225189 
11.659999999986164, -1.5683202410777837 
11.66999999998614, -1.5700713842922926 
11.679999999986117, -1.5726286206785227 
11.689999999986094, -1.5752588661397424 
11.69999999998607, -1.5774824490443873 
11.709999999986048, -1.5791349355550433 
11.719999999986024, -1.5802165268077004 
11.729999999986001, -1.5807813463760492 
11.739999999985978, -1.5808902885665712 
11.749999999985954, -1.5805959563443726 
11.759999999985931, -1.5799409756512852 
11.769999999985908, -1.5789642757597122 
11.779999999985884, -1.5777151901375452 
11.789999999985861, -1.576276024720219 
11.799999999985838, -1.5747943632816443 
11.809999999985815, -1.573503646379562 
11.819999999985791, -1.5726455821341045 
11.829999999985768, -1.5722763750066375 
11.839999999985745, -1.5721996202974535 
11.849999999985721, -1.5721407253044228 
11.859999999985698, -1.5718925842037845 
11.869999999985675, -1.5712877603868243 
11.879999999985651, -1.5700819339332788 
11.889999999985628, -1.5677974321488932 
11.899999999985605, -1.5635239727872674 
11.909999999985581, -1.5558567106143815 
11.919999999985558, -1.5439049292691966 
11.929999999985535, -1.5308370477470366 
11.939999999985512, -1.5257134738404619 
11.949999999985488, -1.5330693953101164 
11.959999999985465, -1.5455026783748607 
11.969999999985442, -1.5553334346272776 
11.979999999985418, -1.561077379736591 
11.989999999985395, -1.563968498233861 
11.999999999985372, -1.5652474348768615 
12.009999999985348, -1.5656494665984373 
12.019999999985325, -1.5655504062791037 
12.029999999985302, -1.5651510273146383 
12.039999999985278, -1.5646193016847136 
12.049999999985255, -1.5641912968074119 
12.059999999985232, -1.564151599620247 
12.069999999985209, -1.5646405300895287 
12.079999999985185, -1.5655232747474304 
12.089999999985162, -1.566528451281653 
12.099999999985139, -1.5674343678870692 
12.109999999985115, -1.5681123975701232 
12.119999999985092, -1.5684948584219356 
12.129999999985069, -1.5685426804368334 
12.139999999985045, -1.5682247661247621 
12.149999999985022, -1.5675065530896584 
12.159999999984999, -1.5663462720493604 
12.169999999984976, -1.5646990331127228 
12.179999999984952, -1.5625348093974751 
12.189999999984929, -1.5598876835687725 
12.199999999984906, -1.556958170113704 
12.209999999984882, -1.5542215894490314 
12.219999999984859, -1.5523025496113445 
12.229999999984836, -1.5514771544420065 
12.239999999984812, -1.5514073587626327 
12.249999999984789, -1.5515489815613717 
12.259999999984766, -1.5515552467639153 
12.269999999984742, -1.551269560872801 
12.27999999998472, -1.5505669023766449 
12.289999999984696, -1.5492218275852685 
12.299999999984673, -1.5468185689128313 
12.30999999998465, -1.5428305006295406 
12.319999999984626, -1.5374571745911507 
12.329999999984603, -1.5338355616623116 
12.33999999998458, -1.5381605053359144 
12.349999999984556, -1.551856471418017 
12.359999999984533, -1.5679402734802128 
12.36999999998451, -1.580219062165804 
12.379999999984486, -1.5876910885683313 
12.389999999984463, -1.5917053005827424 
12.39999999998444, -1.5936579728796116 
12.409999999984416, -1.5944509194021321 
12.419999999984393, -1.5945849244592285 
12.42999999998437, -1.5943315438745005 
12.439999999984346, -1.5938663493750178 
12.449999999984323, -1.5933561842222148 
12.4599999999843, -1.5929753497105388 
12.469999999984276, -1.5928364491615814 
12.479999999984253, -1.5929315146034921 
12.48999999998423, -1.5931709513047634 
12.499999999984206, -1.5934435946536227 
12.509999999984183, -1.5936359101389335 
12.51999999998416, -1.5936395864172628 
12.529999999984136, -1.5933516928666585 
12.539999999984113, -1.5926557147149405 
12.54999999998409, -1.591393868044823 
12.559999999984067, -1.5893456853425472 
12.569999999984043, -1.5862253077445003 
12.57999999998402, -1.581728529293003 
12.589999999983997, -1.5757186402867047 
12.599999999983973, -1.5686792657743032 
12.60999999998395, -1.562200134697756 
12.619999999983927, -1.5582938361232996 
12.629999999983903, -1.5573576621174192 
12.63999999998388, -1.557955959647852 
12.649999999983857, -1.558720731062813 
12.659999999983834, -1.5591350999865494 
12.66999999998381, -1.5591370548468024 
12.679999999983787, -1.5587447787136466 
12.689999999983764, -1.5579271824760599 
12.69999999998374, -1.556624393944755 
12.709999999983717, -1.5549737676004471 
12.719999999983694, -1.553881937715291 
12.72999999998367, -1.5553310229144723 
12.739999999983647, -1.5606833310005426 
12.749999999983624, -1.5685232482701985 
12.7599999999836, -1.5761569399614257 
12.769999999983577, -1.5820681320789058 
12.779999999983554, -1.586067125320002 
12.78999999998353, -1.5885119931795963 
12.799999999983507, -1.589832623778201 
12.809999999983484, -1.5903764497809119 
12.81999999998346, -1.5903885667728912 
12.829999999983437, -1.5900351727616635 
12.839999999983414, -1.5894402264210565 
12.84999999998339, -1.588719018775862 
12.859999999983367, -1.587989157812299 
12.869999999983344, -1.5873564597060725 
12.87999999998332, -1.586901594820612 
12.889999999983297, -1.5866620822140471 
12.899999999983274, -1.5865915673141724 
12.90999999998325, -1.5865581130765394 
12.919999999983228, -1.5864033280417968 
12.929999999983204, -1.5859738794292038 
12.939999999983181, -1.5850816545386235 
12.949999999983158, -1.5834172316906907 
12.959999999983134, -1.5804351951364652 
12.969999999983111, -1.575239652510569 
12.979999999983088, -1.5666318583101708 
12.989999999983064, -1.553839628579706 
12.999999999983041, -1.5385666611351279 
13.009999999983018, -1.5264260637961793 
13.019999999982995, -1.5222437670774036 
13.029999999982971, -1.5240989278517718 
13.039999999982948, -1.527304651894448 
13.049999999982925, -1.5296189987477624 
13.059999999982901, -1.5308431458662717 
13.069999999982878, -1.5312964103591375 
13.079999999982855, -1.5312404430496225 
13.089999999982831, -1.5308126309755195 
13.099999999982808, -1.53009624530384 
13.109999999982785, -1.5292639529984968 
13.119999999982761, -1.5287819808706204 
13.129999999982738, -1.5294024375898894 
13.139999999982715, -1.5315589546368702 
13.149999999982692, -1.5347967768926667 
13.159999999982668, -1.538208246631876 
13.169999999982645, -1.5411493556509768 
13.179999999982622, -1.5433853798479915 
13.189999999982598, -1.5449153610783732 
13.199999999982575, -1.5458215389392667 
13.209999999982552, -1.5462008443137951 
13.219999999982528, -1.5461414215324987 
13.229999999982505, -1.5457175315341969 
13.239999999982482, -1.5449940340954933 
13.249999999982458, -1.544038194614925 
13.259999999982435, -1.5429343319273405 
13.269999999982412, -1.541796189964683 
13.279999999982389, -1.5407741713819454 
13.289999999982365, -1.5400299495752117 
13.299999999982342, -1.5396404980764675 
13.309999999982319, -1.5395146372573973 
13.319999999982295, -1.5394525312385814 
13.329999999982272, -1.539262252932109 
13.339999999982249, -1.5387819420087125 
13.349999999982225, -1.5378091258427053 
13.359999999982202, -1.5359834710619396 
13.369999999982179, -1.5326252909360938 
13.379999999982156, -1.5265586167884526 
13.389999999982132, -1.5162058746259182 
13.399999999982109, -1.5008809678940127 
13.409999999982086, -1.4839642979586274 
13.419999999982062, -1.4734559638943132 
13.429999999982039, -1.4734428702421636 
13.439999999982016, -1.4790886701335832 
13.449999999981992, -1.484594936678255 
13.459999999981969, -1.488107640121186 
13.469999999981946, -1.4899417502346153 
13.479999999981922, -1.490723699663465 
13.4899999999819, -1.4908749362909186 
13.499999999981876, -1.4906174196536923 
13.509999999981853, -1.4900714596597906 
13.51999999998183, -1.489374804181866 
13.529999999981806, -1.488828694947633 
13.539999999981783, -1.4889500246917218 
13.54999999998176, -1.4901743255902213 
13.559999999981736, -1.4923992577309666 
13.569999999981713, -1.495049236094963 
13.57999999998169, -1.4975585404948302 
13.589999999981666, -1.4996221765221829 
13.599999999981643, -1.501147089940403 
13.60999999998162, -1.5021436002192234 
13.619999999981596, -1.5026590291928952 
13.629999999981573, -1.5027489513629522 
13.63999999998155, -1.502466928455498 
13.649999999981526, -1.5018629908013497 
13.659999999981503, -1.5009886615433943 
13.66999999998148, -1.4999076908479783 
13.679999999981456, -1.4987089320299325 
13.689999999981433, -1.4975176817281706 
13.69999999998141, -1.4964963272868759 
13.709999999981386, -1.495797967501702 
13.719999999981363, -1.4954617073674275 
13.72999999998134, -1.4953625399657786 
13.739999999981316, -1.4952977660677496 
13.749999999981293, -1.4950879945091073 
13.75999999998127, -1.49457978782281 
13.769999999981247, -1.493573922518475 
13.779999999981223, -1.491718563024831 
13.7899999999812, -1.4883686647494934 
13.799999999981177, -1.4824423998386482 
13.809999999981153, -1.4725078765397046 
13.81999999998113, -1.4577874566091908 
13.829999999981107, -1.4406410619565462 
13.839999999981083, -1.4276694660825024 
13.84999999998106, -1.4239336394813031 
13.859999999981037, -1.4270281898314865 
13.869999999981014, -1.4316144575574143 
13.87999999998099, -1.4350161547986784 
13.889999999980967, -1.4369616733819242 
13.899999999980944, -1.4378739914165142 
13.90999999998092, -1.4381326864230153 
13.919999999980897, -1.437956007891637 
13.929999999980874, -1.4374492218196269 
13.93999999998085, -1.43669131410403 
13.949999999980827, -1.4358747010426807 
13.959999999980804, -1.435485419350153 
13.96999999998078, -1.4362754825794941 
13.979999999980757, -1.4387142855631498 
13.989999999980734, -1.4424325855739755 
13.99999999998071, -1.4465234403497855 
14.009999999980687, -1.4502305496539845 
14.019999999980664, -1.4531998432603768 
14.02999999998064, -1.4553649748656365 
14.039999999980617, -1.4567928582955054 
14.049999999980594, -1.4575951327844685 
14.05999999998057, -1.4578887071841191 
14.069999999980547, -1.4577795371554123 
14.079999999980524, -1.457359098803742 
14.0899999999805, -1.4567111452841206 
14.099999999980477, -1.4559241184770584 
14.109999999980454, -1.4550979641816923 
14.11999999998043, -1.4543369819657381 
14.129999999980408, -1.4537349480686788 
14.139999999980384, -1.4533546680371967 
14.149999999980361, -1.4531933865238729 
14.159999999980338, -1.4531637020824886 
14.169999999980314, -1.453128320826465 
14.179999999980291, -1.4529499683988087 
14.189999999980268, -1.4524984379537023 
14.199999999980244, -1.4516151305675176 
14.209999999980221, -1.4500618319220504 
14.219999999980198, -1.447472804537904 
14.229999999980175, -1.443334743167631 
14.239999999980151, -1.4370545975679374 
14.249999999980128, -1.4282383037152167 
14.259999999980105, -1.4173175605992765 
14.269999999980081, -1.4062732209462157 
14.279999999980058, -1.398171144262828 
14.289999999980035, -1.3946981835181003 
14.299999999980011, -1.3946731619403292 
14.309999999979988, -1.3958735733577359 
14.319999999979965, -1.3969745155271827 
14.329999999979941, -1.3976067979048725 
14.339999999979918, -1.3977855138128776 
14.349999999979895, -1.3975762695612894 
14.359999999979872, -1.396989603000382 
14.369999999979848, -1.3959699945049397 
14.379999999979825, -1.3944580091889605 
14.389999999979802, -1.3926291996368385 
14.399999999979778, -1.391427012954084 
14.409999999979755, -1.3929137360921344 
14.419999999979732, -1.3989928505763294 
14.429999999979708, -1.4090024843482492 
14.439999999979685, -1.4199697080172737 
14.449999999979662, -1.4292987750305373 
14.459999999979638, -1.4360457013958234 
14.469999999979615, -1.4404105133813827 
14.479999999979592, -1.4429817863931196 
14.489999999979569, -1.444332035314389 
14.499999999979545, -1.4448896677973153 
14.509999999979522, -1.4449385926422464 
14.519999999979499, -1.4446619112530812 
14.529999999979475, -1.4441951507796387 
14.539999999979452, -1.4436715137474576 
14.549999999979429, -1.4432345665790167 
14.559999999979405, -1.4430000914164371 
14.569999999979382, -1.4430044021384962 
14.579999999979359, -1.4432023554673021 
14.589999999979335, -1.443505009131872 
14.599999999979312, -1.4438089444115891 
14.609999999979289, -1.444012490546853 
14.619999999979266, -1.4440260229655641 
14.629999999979242, -1.4437708035504857 
14.639999999979219, -1.44316898186355 
14.649999999979196, -1.4421354307734164 
14.659999999979172, -1.44057766046694 
14.669999999979149, -1.4384048733034538 
14.679999999979126, -1.435549680909114 
14.689999999979102, -1.4320164108970281 
14.69999999997908, -1.4279769995942595 
14.709999999979056, -1.423895385822178 
14.719999999979033, -1.420514236193622 
14.72999999997901, -1.418463388277055 
14.739999999978986, -1.4177404249292522 
14.749999999978963, -1.417779629669275 
14.75999999997894, -1.4179970737709873 
14.769999999978916, -1.418073536608694 
14.779999999978893, -1.4178789839353958 
14.78999999997887, -1.417322512111027 
14.799999999978846, -1.416242418080368 
14.809999999978823, -1.4143187444122445 
14.8199999999788, -1.4110146098127494 
14.829999999978776, -1.4057365760783924 
14.839999999978753, -1.39878770136726 
14.84999999997873, -1.393388121918615 
14.859999999978706, -1.3955835282173028 
14.869999999978683, -1.4076462743831946 
14.87999999997866, -1.423851475124097 
14.889999999978636, -1.437419122814807 
14.899999999978613, -1.446194847141618 
14.90999999997859, -1.4511110223054402 
14.919999999978566, -1.4536176678633417 
14.929999999978543, -1.4547532663249143 
14.93999999997852, -1.4551145059311912 
14.949999999978496, -1.4550175221443111 
14.959999999978473, -1.4546396145631335 
14.96999999997845, -1.4541276840910526 
14.979999999978427, -1.453680227175016 
14.989999999978403, -1.4535539875020902 
14.99999999997838, -1.4539357757179676 
15.009999999978357, -1.4547929340221155 
15.019999999978333, -1.4559079334427016 
15.02999999997831, -1.4570398635703046 
15.039999999978287, -1.4580193462904554 
15.049999999978263, -1.4587505592820735 
15.05999999997824, -1.4591850778229793 
15.069999999978217, -1.4592998573271996 
15.079999999978194, -1.4590836217807825 
15.08999999997817, -1.4585302730605174 
15.099999999978147, -1.4576376258353028 
15.109999999978124, -1.4564110280234348 
15.1199999999781, -1.454873562497032 
15.129999999978077, -1.4530860161654429 
15.139999999978054, -1.4511785006543665 
15.14999999997803, -1.4493791336218194 
15.159999999978007, -1.4479779910652009 
15.169999999977984, -1.447166113413225 
15.17999999997796, -1.44687540051816 
15.189999999977937, -1.446840883704096 
15.199999999977914, -1.446797843483794 
15.20999999997789, -1.446567904993982 
15.219999999977867, -1.4460095380011482 
15.229999999977844, -1.4449210250011102 
15.23999999997782, -1.4429231267164446 
15.249999999977797, -1.4393065285500568 
15.259999999977774, -1.4328953702714524 
15.26999999997775, -1.4222790214725862 
15.279999999977727, -1.4073054342154743 
15.289999999977704, -1.3919260566663305 
15.29999999997768, -1.383635628394299 
15.309999999977657, -1.3855062017942608 
15.319999999977634, -1.3926730184730736 
15.32999999997761, -1.3994830031459835 
15.339999999977588, -1.4039799139423592 
15.349999999977564, -1.406465841810736 
15.359999999977541, -1.4076590020198816 
15.369999999977518, -1.4080803240973851 
15.379999999977494, -1.4080199053048474 
15.389999999977471, -1.4076229180138866 
15.399999999977448, -1.4069829965202931 
15.409999999977424, -1.40625723734426 
15.419999999977401, -1.4058052346215333 
15.429999999977378, -1.4062044380544616 
15.439999999977355, -1.407907888547498 
15.449999999977331, -1.41078616861506 
15.459999999977308, -1.4142004476332277 
15.469999999977285, -1.417494933499224 
15.479999999977261, -1.4202843186012681 
15.489999999977238, -1.4224314821938768 
15.499999999977215, -1.4239375111209605 
15.509999999977191, -1.4248636559053793 
15.519999999977168, -1.4252923034856673 
15.529999999977145, -1.4253087532260025 
15.539999999977121, -1.4249932025799716 
15.549999999977098, -1.4244209556470777 
15.559999999977075, -1.4236701061458126 
15.569999999977052, -1.4228303766320356 
15.579999999977028, -1.4220027228283478 
15.589999999977005, -1.4212875423258136 
15.599999999976982, -1.420767559150533 
15.609999999976958, -1.420480646763227 
15.619999999976935, -1.420387907197445 
15.629999999976912, -1.4203777920927934 
15.639999999976888, -1.4203133216536348 
15.649999999976865, -1.4200672154732796 
15.659999999976842, -1.41951226973752 
15.669999999976818, -1.4184836154267542 
15.679999999976795, -1.4167369342715006 
15.689999999976772, -1.4139199561293008 
15.699999999976749, -1.4095828629942977 
15.709999999976725, -1.4032784954401905 
15.719999999976702, -1.394835915828582 
15.729999999976679, -1.3848591022290784 
15.739999999976655, -1.3751587143228545 
15.749999999976632, -1.3681711981251214 
15.759999999976609, -1.3650721973784834 
15.769999999976585, -1.3648495091263053 
15.779999999976562, -1.3657230604100126 
15.789999999976539, -1.3665855446993767 
15.799999999976515, -1.3670819938990388 
15.809999999976492, -1.3671861979097055 
15.819999999976469, -1.3669259935172453 
15.829999999976446, -1.3662803339107399 
15.839999999976422, -1.36515171581398 
15.849999999976399, -1.3633958650792544 
15.859999999976376, -1.3610133351100462 
15.869999999976352, -1.3587166659019987 
15.879999999976329, -1.358703673883019 
15.889999999976306, -1.3640192528950814 
15.899999999976282, -1.3753442131185205 
15.90999999997626, -1.3893803788251875 
15.919999999976236, -1.401988031710751 
15.929999999976213, -1.4111972146045855 
15.93999999997619, -1.4170781254095854 
15.949999999976166, -1.420487714279147 
15.959999999976143, -1.4222848298765616 
15.96999999997612, -1.4230882400107419 
15.979999999976096, -1.4232845619472432 
15.989999999976073, -1.4231036568654358 
15.99999999997605, -1.4226968460531675 
16.009999999976028, -1.4222033678871835 
16.019999999976005, -1.421787992698837 
16.02999999997598, -1.4216150882183975 
16.039999999975958, -1.4217663206814974 
16.049999999975935, -1.4221960772337858 
16.05999999997591, -1.42277882599421 
16.069999999975888, -1.4233791169248375 
16.079999999975865, -1.4238840943728834 
16.08999999997584, -1.4242085410787522 
16.099999999975818, -1.4242904366491216 
16.109999999975795, -1.4240826341747916 
16.11999999997577, -1.4235453880945534 
16.129999999975748, -1.4226431683983949 
16.139999999975725, -1.421346008170307 
16.1499999999757, -1.4196357238501585 
16.15999999997568, -1.4175207601217958 
16.169999999975655, -1.4150669575447743 
16.17999999997563, -1.4124479499772602 
16.18999999997561, -1.409986666455954 
16.199999999975585, -1.4080907642049383 
16.20999999997556, -1.407014075346841 
16.21999999997554, -1.4066508364429038 
16.229999999975515, -1.4066485248653957 
16.239999999975492, -1.4066779862395158 
16.24999999997547, -1.4065410864396486 
16.259999999975445, -1.4061117686997668 
16.269999999975422, -1.4052349728160967 
16.2799999999754, -1.4036221187425073 
16.289999999975375, -1.4007237626551419 
16.299999999975352, -1.3955966124871493 
16.30999999997533, -1.3869922593576285 
16.319999999975305, -1.3743667181232297 
16.329999999975282, -1.360343205958062 
16.33999999997526, -1.3516274148598586 
16.349999999975235, -1.3529921176795328 
16.359999999975212, -1.3612527301048485 
16.36999999997519, -1.3700773166348053 
16.379999999975166, -1.3763473076032973 
16.389999999975142, -1.3800088710816867 
16.39999999997512, -1.381901398104583 
16.409999999975096, -1.3827374432567914 
16.419999999975072, -1.3829445642420626 
16.42999999997505, -1.382745374066654 
16.439999999975026, -1.382255184754137 
16.449999999975002, -1.3815775586030508 
16.45999999997498, -1.3809239983708563 
16.469999999974956, -1.3807226135255517 
16.479999999974932, -1.3815277539835191 
16.48999999997491, -1.3836152593862485 
16.499999999974886, -1.3866801030589604 
16.509999999974863, -1.3900746298062048 
16.51999999997484, -1.3932401313432021 
16.529999999974816, -1.3958755857562766 
16.539999999974793, -1.3978829358332807 
16.54999999997477, -1.3992738084250496 
16.559999999974746, -1.4001092759783669 
16.569999999974723, -1.4004693148352911 
16.5799999999747, -1.400437191034213 
16.589999999974676, -1.4000921087399176 
16.599999999974653, -1.3995099231690324 
16.60999999997463, -1.3987709286554224 
16.619999999974606, -1.3979672503014875 
16.629999999974583, -1.3971992372293283 
16.63999999997456, -1.3965603522450514 
16.649999999974536, -1.3961191738740117 
16.659999999974513, -1.3958970526471544 
16.66999999997449, -1.3958463005990838 
16.679999999974466, -1.3958591039568298 
16.689999999974443, -1.3958083900090157 
16.69999999997442, -1.395576029200554 
16.709999999974396, -1.3950445043865447 
16.719999999974373, -1.3940675798439415 
16.72999999997435, -1.3924419066116431 
16.739999999974327, -1.3898950671381995 
16.749999999974303, -1.3861064152395883 
16.75999999997428, -1.3807855343167472 
16.769999999974257, -1.373846844896874 
16.779999999974233, -1.3657081051006015 
16.78999999997421, -1.3575776150042744 
16.799999999974187, -1.351213866616623 
16.809999999974163, -1.3477836427744794 
16.81999999997414, -1.3469173846462668 
16.829999999974117, -1.347323737274584 
16.839999999974093, -1.3479613016776164 
16.84999999997407, -1.3483789144858176 
16.859999999974047, -1.3484697128664132 
16.869999999974024, -1.3482202859112695 
16.879999999974, -1.347587155523477 
16.889999999973977, -1.3464420967593589 
16.899999999973954, -1.3445523005201394 
16.90999999997393, -1.3416598851946988 
16.919999999973907, -1.3378997523734113 
16.929999999973884, -1.3348203799050062 
16.93999999997386, -1.3361081433254625 
16.949999999973837, -1.3451592245653545 
16.959999999973814, -1.360483917584027 
16.96999999997379, -1.3765012780232089 
16.979999999973767, -1.388979291806999 
16.989999999973744, -1.3970701725473338 
16.99999999997372, -1.401744808921686 
17.009999999973697, -1.404220622639809 
17.019999999973674, -1.4053909813402723 
17.02999999997365, -1.4057977554165781 
17.039999999973627, -1.4057441947395786 
17.049999999973604, -1.4054058949419912 
17.05999999997358, -1.4049204929812906 
17.069999999973557, -1.4044575219722304 
17.079999999973534, -1.4042358389127276 
17.08999999997351, -1.4044402782932626 
17.099999999973488, -1.405095423391239 
17.109999999973464, -1.4060535009883655 
17.11999999997344, -1.4071064507525681 
17.129999999973418, -1.4080824905059048 
17.139999999973394, -1.4088697415212441 
17.14999999997337, -1.4094035783662986 
17.159999999973348, -1.4096494128145136 
17.169999999973324, -1.4095896787665068 
17.1799999999733, -1.409216200821612 
17.189999999973278, -1.4085272767730683 
17.199999999973254, -1.4075286588988527 
17.20999999997323, -1.4062388562098231 
17.219999999973208, -1.4047002037514555 
17.229999999973185, -1.4029966615844334 
17.23999999997316, -1.4012752490103813 
17.249999999973138, -1.3997505468738543 
17.259999999973115, -1.398643803509885 
17.26999999997309, -1.3980481572863444 
17.279999999973068, -1.3978494257168568 
17.289999999973045, -1.3978143938981402 
17.29999999997302, -1.3977301296968492 
17.309999999972998, -1.3974448675924767 
17.319999999972975, -1.3968187346535919 
17.32999999997295, -1.3956424066534356 
17.339999999972928, -1.3935382202573026 
17.349999999972905, -1.3898384950266385 
17.35999999997288, -1.3834896075358603 
17.36999999997286, -1.3732151014127827 
17.379999999972835, -1.3584579366148566 
17.38999999997281, -1.3412887451579123 
17.39999999997279, -1.327099956594663 
17.409999999972765, -1.3206233519908879 
17.41999999997274, -1.3211641183344578 
17.42999999997272, -1.324561415921868 
17.439999999972695, -1.3277826835579816 
17.449999999972672, -1.3299207738224001 
17.45999999997265, -1.331082010110097 
17.469999999972625, -1.331559074313334 
17.479999999972602, -1.3315654298006792 
17.48999999997258, -1.331207058157394 
17.499999999972555, -1.33051437710983 
17.509999999972532, -1.3295052055388885 
17.51999999997251, -1.328325808848569 
17.529999999972485, -1.3275161969824818 
17.539999999972462, -1.328208619510065 
17.54999999997244, -1.3316574309483673 
17.559999999972415, -1.3380472575388254 
17.569999999972392, -1.3460638202514417 
17.57999999997237, -1.3539338408314487 
17.589999999972346, -1.3604913298232417 
17.599999999972322, -1.3653567055165712 
17.6099999999723, -1.3686433108131308 
17.619999999972276, -1.3706632632346927 
17.629999999972252, -1.3717528317285401 
17.63999999997223, -1.3721934948548435 
17.649999999972206, -1.372192545323253 
17.659999999972182, -1.3718973538141443 
17.66999999997216, -1.3714257744770229 
17.679999999972136, -1.370897296268113 
17.689999999972112, -1.3704431492306526 
17.69999999997209, -1.3701775247242503 
17.709999999972066, -1.3701512454752962 
17.719999999972043, -1.370338122372504 
17.72999999997202, -1.3706610073964112 
17.739999999971996, -1.3710221101773379 
17.749999999971973, -1.3713227743793641 
17.75999999997195, -1.3714762304035237 
17.769999999971926, -1.371411218780645 
17.779999999971903, -1.3710672517232136 
17.78999999997188, -1.370389053769401 
17.799999999971856, -1.369325625421154 
17.809999999971833, -1.367834131743924 
17.81999999997181, -1.3658878343274083 
17.829999999971786, -1.3634909914441915 
17.839999999971763, -1.360707979330218 
17.84999999997174, -1.3577110134966233 
17.859999999971716, -1.3548236427268479 
17.869999999971693, -1.3524771042983517 
17.87999999997167, -1.3509992451260742 
17.889999999971646, -1.3503755228438004 
17.899999999971623, -1.3502809569129768 
17.9099999999716, -1.3503440282145989 
17.919999999971576, -1.3503181733809746 
17.929999999971553, -1.3500662635884482 
17.93999999997153, -1.3494717110226615 
17.949999999971507, -1.348347483783282 
17.959999999971483, -1.3463376246545076 
17.96999999997146, -1.3427926373589831 
17.979999999971437, -1.3366663247703303 
17.989999999971413, -1.3267048055251738 
17.99999999997139, -1.3125512871320297 
18.009999999971367, -1.2968901627749905 
18.019999999971343, -1.2857599268180153 
18.02999999997132, -1.2834871985654206 
18.039999999971297, -1.288054353201963 
18.049999999971273, -1.2944083872233203 
18.05999999997125, -1.299469303167925 
18.069999999971227, -1.3026573182911938 
18.079999999971204, -1.304402568819257 
18.08999999997118, -1.3052157579344121 
18.099999999971157, -1.305440528785611 
18.109999999971134, -1.3052617812039196 
18.11999999997111, -1.3047616446724506 
18.129999999971087, -1.3039827830256732 
18.139999999971064, -1.3030276245169923 
18.14999999997104, -1.3022325226375009 
18.159999999971017, -1.302341426359843 
18.169999999970994, -1.304337864817565 
18.17999999997097, -1.3087121192261406 
18.189999999970947, -1.3148781522924442 
18.199999999970924, -1.3215715367298146 
18.2099999999709, -1.3276773322183162 
18.219999999970877, -1.3326090976646447 
18.229999999970854, -1.3362317563160597 
18.23999999997083, -1.3386664679552573 
18.249999999970807, -1.3401389883020696 
18.259999999970784, -1.3408876419800626 
18.26999999997076, -1.341116503481819 
18.279999999970737, -1.3409823578926425 
18.289999999970714, -1.3406054877323819 
18.29999999997069, -1.340093406432222 
18.309999999970668, -1.3395624311657097 
18.319999999970644, -1.3391360505412009 
18.32999999997062, -1.338911072561275 
18.339999999970598, -1.3389200400222119 
18.349999999970574, -1.3391278355354583 
18.35999999997055, -1.3394564942481133 
18.369999999970528, -1.3398104343350905 
18.379999999970504, -1.340094833457259 
18.38999999997048, -1.340227722138988 
18.399999999970458, -1.3401425802706934 
18.409999999970434, -1.339783983307242 
18.41999999997041, -1.3391035867359733 
18.429999999970388, -1.3380603138816476 
18.439999999970365, -1.3366240995552021 
18.44999999997034, -1.3347824124926366 
18.459999999970318, -1.3325520858925732 
18.469999999970295, -1.3300016678922955 
18.47999999997027, -1.3272861720860236 
18.489999999970248, -1.3246764813079552 
18.499999999970225, -1.3225252045923384 
18.5099999999702, -1.3211109524900322 
18.519999999970178, -1.3204495606724183 
18.529999999970155, -1.3202914059728286 
18.53999999997013, -1.320315138066076 
18.549999999970108, -1.320284319896206 
18.559999999970085, -1.3200567171777169 
18.56999999997006, -1.3195161154780821 
18.57999999997004, -1.3184924716557633 
18.589999999970015, -1.3166756790191751 
18.59999999996999, -1.3135085254131762 
18.60999999996997, -1.3080810662983913 
18.619999999969945, -1.2991797765387203 
18.62999999996992, -1.2858846740901544 
18.6399999999699, -1.269064340013915 
18.649999999969875, -1.2527048831168266 
18.659999999969852, -1.2420833702749112 
18.66999999996983, -1.2391096955721674 
18.679999999969805, -1.2411329001945417 
18.689999999969782, -1.244525102309241 
18.69999999996976, -1.2473387392537192 
18.709999999969735, -1.2491469940265563 
18.719999999969712, -1.250119319372389 
18.72999999996969, -1.250500913806232 
18.739999999969665, -1.2504582747729684 
18.749999999969642, -1.2500651038130237 
18.75999999996962, -1.2493215496899093 
18.769999999969595, -1.2481911979335074 
18.779999999969572, -1.2466983082030931 
18.78999999996955, -1.2451709427141249 
18.799999999969526, -1.2446344959867066 
18.809999999969502, -1.246914131706256 
18.81999999996948, -1.2536105064354441 
18.829999999969456, -1.264386091544745 
18.839999999969432, -1.2768116737457529 
18.84999999996941, -1.2881724843079883 
18.859999999969386, -1.296967802505629 
18.869999999969362, -1.3029965067720153 
18.87999999996934, -1.3067534279552402 
18.889999999969316, -1.308894933606876 
18.899999999969292, -1.3099752878020767 
18.90999999996927, -1.3103809374476343 
18.919999999969246, -1.3103561081159016 
18.929999999969223, -1.3100553231628727 
18.9399999999692, -1.3095990986413755 
18.949999999969176, -1.3091243826577588 
18.959999999969153, -1.308808649772861 
18.96999999996913, -1.308831789667522 
18.979999999969106, -1.3092838573917256 
18.989999999969083, -1.3101097716398182 
18.99999999996906, -1.3111534323888758 
19.009999999969036, -1.312243083714399 
19.019999999969013, -1.3132423334256011 
19.02999999996899, -1.3140597902489457 
19.039999999968966, -1.314640832419449 
19.049999999968943, -1.31495641098447 
19.05999999996892, -1.3149941846171733 
19.069999999968896, -1.314753301939985 
19.079999999968873, -1.3142423894722133 
19.08999999996885, -1.3134800215425408 
19.099999999968826, -1.3124976046008536 
19.109999999968803, -1.3113447030293093 
19.11999999996878, -1.3100952101476928 
19.129999999968756, -1.3088506200571899 
19.139999999968733, -1.3077348663917363 
19.14999999996871, -1.3068706534356862 
19.159999999968687, -1.3063299643238424 
19.169999999968663, -1.3060857462526267 
19.17999999996864, -1.3060183907343037 
19.189999999968617, -1.3059761585620882 
19.199999999968593, -1.3058249566003794 
19.20999999996857, -1.3054498733517637 
19.219999999968547, -1.3047241053571903 
19.229999999968523, -1.3034706247748935 
19.2399999999685, -1.3014319349609473 
19.249999999968477, -1.2982638090158687 
19.259999999968453, -1.2935792718579076 
19.26999999996843, -1.2870754711388632 
19.279999999968407, -1.278764831171206 
19.289999999968384, -1.2692743617218758 
19.29999999996836, -1.2600052131413968 
19.309999999968337, -1.2527310610698628 
19.319999999968314, -1.2485435577536037 
19.32999999996829, -1.2471210207322523 
19.339999999968267, -1.247251438525415 
19.349999999968244, -1.2478474229343388 
19.35999999996822, -1.2483500816380544 
19.369999999968197, -1.2485793909031135 
19.379999999968174, -1.2485018358804125 
19.38999999996815, -1.2480928585238629 
19.399999999968127, -1.2472689300622553 
19.409999999968104, -1.2458397176570695 
19.41999999996808, -1.2434625180821066 
19.429999999968057, -1.2396441867932166 
19.439999999968034, -1.233974243619668 
19.44999999996801, -1.2269270210654701 
19.459999999967987, -1.2211152528844822 
19.469999999967964, -1.2210313695302029 
19.47999999996794, -1.229170641919849 
19.489999999967917, -1.2426191877018167 
19.499999999967894, -1.255898489407734 
19.50999999996787, -1.2657633159409944 
19.519999999967848, -1.271943149938361 
19.529999999967824, -1.2754296399991423 
19.5399999999678, -1.2772372888606036 
19.549999999967778, -1.2780532596404834 
19.559999999967754, -1.2782723804322247 
19.56999999996773, -1.2781018693695192 
19.579999999967708, -1.277649023435657 
19.589999999967684, -1.2769975849580566 
19.59999999996766, -1.27630098993585 
19.609999999967638, -1.2758932768685702 
19.619999999967614, -1.276315809464484 
19.62999999996759, -1.2780845572454662 
19.639999999967568, -1.2812825370180287 
19.649999999967545, -1.2854374809410183 
19.65999999996752, -1.289841438448344 
19.669999999967498, -1.2939142170722389 
19.679999999967475, -1.2973276464266121 
19.68999999996745, -1.299961561282832 
19.699999999967428, -1.301827090217655 
19.709999999967405, -1.3030086647187136 
19.71999999996738, -1.3036241143424725 
19.729999999967358, -1.303796135448622 
19.739999999967335, -1.303635550592016 
19.74999999996731, -1.3032388193281703 
19.759999999967288, -1.3026978848606992 
19.769999999967265, -1.3021129925101314 
19.77999999996724, -1.3015926566023 
19.78999999996722, -1.3012312141470221 
19.799999999967195, -1.301078692472383 
19.80999999996717, -1.301129172609638 
19.81999999996715, -1.30133044012566 
19.829999999967125, -1.3016006737801564 
19.8399999999671, -1.3018469282443546 
19.84999999996708, -1.3019821610656326 
19.859999999967055, -1.3019330531836355 
19.869999999967032, -1.3016380672080323 
19.87999999996701, -1.3010433486215547 
19.889999999966985, -1.3001024501332568 
19.899999999966962, -1.2987801567484543 
19.90999999996694, -1.2970583328886605 
19.919999999966915, -1.2949440304382118 
19.929999999966892, -1.2924836933446635 
19.93999999996687, -1.2897873988688953 
19.949999999966845, -1.2870580170313055 
19.959999999966822, -1.2845949036991646 
19.9699999999668, -1.2827158342558436 
19.979999999966775, -1.2815907712480887 
19.989999999966752, -1.2811262768753586 
19.99999999996673, -1.2810441004850404 
20.009999999966706, -1.2810614218571486 
20.019999999966682, -1.280985852562298 
20.02999999996666, -1.280695232940372 
20.039999999966636, -1.28007227180991 
20.049999999966612, -1.2789345370100496 
20.05999999996659, -1.2769582694799753 
20.069999999966566, -1.2735902975320563 
20.079999999966542, -1.2679832793612402 
20.08999999996652, -1.2590941033167495 
20.099999999966496, -1.2462188797549039 
20.109999999966472, -1.2301028484524794 
20.11999999996645, -1.2138287145229456 
20.129999999966426, -1.2016527792948404 
20.139999999966403, -1.1958243606730146 
20.14999999996638, -1.1950998126423702 
20.159999999966356, -1.1967035376049664 
20.169999999966333, -1.198621457716436 
20.17999999996631, -1.2000588114672934 
20.189999999966286, -1.200906221320796 
20.199999999966263, -1.201264509569452 
20.20999999996624, -1.2012358547463988 
20.219999999966216, -1.200862743515087 
20.229999999966193, -1.2001146003588965 
20.23999999996617, -1.1988853882708412 
20.249999999966146, -1.1970138915532116 
20.259999999966123, -1.194398535806416 
20.2699999999661, -1.191354689607896 
20.279999999966076, -1.1892769024178986 
20.289999999966053, -1.190978071551812 
20.29999999996603, -1.1992199691815526 
20.309999999966006, -1.2137059757170845 
20.319999999965983, -1.2304592789766808 
20.32999999996596, -1.2450732420661756 
20.339999999965936, -1.255543343222018 
20.349999999965913, -1.2621127716366558 
20.35999999996589, -1.2658775216290075 
20.369999999965867, -1.267872232643994 
20.379999999965843, -1.2688075991418126 
20.38999999996582, -1.2691063475592625 
20.399999999965797, -1.2690023262526806 
20.409999999965773, -1.2686274687196837 
20.41999999996575, -1.2680852876136013 
20.429999999965727, -1.2675260141892053 
20.439999999965703, -1.2672126923754465 
20.44999999996568, -1.2675060851297284 
20.459999999965657, -1.2686950032277313 
20.469999999965633, -1.2707808981175912 
20.47999999996561, -1.2734604897247814 
20.489999999965587, -1.2763200204391638 
20.499999999965564, -1.279019692955233 
20.50999999996554, -1.2813512504132691 
20.519999999965517, -1.2832150371644953 
20.529999999965494, -1.284582752609892 
20.53999999996547, -1.2854711801827152 
20.549999999965447, -1.2859260563479604 
20.559999999965424, -1.2860099044526407 
20.5699999999654, -1.2857919962736488 
20.579999999965377, -1.285343284396715 
20.589999999965354, -1.2847386990939358 
20.59999999996533, -1.284063354193361 
20.609999999965307, -1.2834125539049728 
20.619999999965284, -1.282877392155411 
20.62999999996526, -1.2825221826489277 
20.639999999965237, -1.2823688448433561 
20.649999999965214, -1.28239272932599 
20.65999999996519, -1.282527487738762 
20.669999999965167, -1.2826813927292169 
20.679999999965144, -1.2827598129384652 
20.68999999996512, -1.2826787820675378 
20.699999999965097, -1.2823644557442084 
20.709999999965074, -1.2817471190578142 
20.71999999996505, -1.2807594851289257 
20.729999999965028, -1.2793421877544622 
20.739999999965004, -1.2774537689470278 
20.74999999996498, -1.2750823636482393 
20.759999999964958, -1.2722610190463157 
20.769999999964934, -1.2690924702136193 
20.77999999996491, -1.2657834417136242 
20.789999999964888, -1.2626636279841057 
20.799999999964864, -1.260127757261396 
20.80999999996484, -1.2584609681764793 
20.819999999964818, -1.2576589549846213 
20.829999999964794, -1.2574458299045868 
20.83999999996477, -1.2574755973932135 
20.849999999964748, -1.2574926111991451 
20.859999999964725, -1.2573481106326463 
20.8699999999647, -1.2569387424894047 
20.879999999964678, -1.256135004066581 
20.889999999964655, -1.2547114076264312 
20.89999999996463, -1.2522658700685412 
20.909999999964608, -1.2481308507769424 
20.919999999964585, -1.241343266588881 
20.92999999996456, -1.230871484237068 
20.939999999964538, -1.2163871742633352 
20.949999999964515, -1.1994684078001492 
20.95999999996449, -1.183919941379211 
20.969999999964468, -1.1736496548903252 
20.979999999964445, -1.1696703715097578 
20.98999999996442, -1.1699436180626246 
20.9999999999644, -1.1718053078573178 
21.009999999964375, -1.1736533651975445 
21.01999999996435, -1.1749545154453165 
21.02999999996433, -1.175688112556909 
21.039999999964305, -1.1759646017736292 
21.04999999996428, -1.1758737293234738 
21.05999999996426, -1.1754424244387978 
21.069999999964235, -1.1746237778750679 
21.079999999964212, -1.173291147704978 
21.08999999996419, -1.1712513448802933 
21.099999999964165, -1.1683468584631063 
21.109999999964142, -1.1647953039634151 
21.11999999996412, -1.1618570683490406 
21.129999999964095, -1.1622960393450799 
21.139999999964072, -1.169157226020134 
21.14999999996405, -1.1827199448286092 
21.159999999964025, -1.199304926285361 
21.169999999964002, -1.2142480501773494 
21.17999999996398, -1.2251468520991866 
21.189999999963955, -1.2320494259471357 
21.199999999963932, -1.2360308589858648 
21.20999999996391, -1.2381605670626112 
21.219999999963886, -1.239182562084015 
21.229999999963862, -1.239539834777195 
21.23999999996384, -1.239474652963931 
21.249999999963816, -1.2391160434072754 
21.259999999963792, -1.2385507527123158 
21.26999999996377, -1.2378989782121002 
21.279999999963746, -1.237404809381037 
21.289999999963722, -1.2374894121846132 
21.2999999999637, -1.2386386794660849 
21.309999999963676, -1.2410987143278704 
21.319999999963652, -1.2446553324272707 
21.32999999996363, -1.2487600393425518 
21.339999999963606, -1.2528380799278032 
21.349999999963583, -1.2564814660545651 
21.35999999996356, -1.2594739116065745 
21.369999999963536, -1.2617441747968487 
21.379999999963513, -1.2633167265510097 
21.38999999996349, -1.2642740726572503 
21.399999999963466, -1.2647259658433938 
21.409999999963443, -1.2647848141389144 
21.41999999996342, -1.264552031875864 
21.429999999963396, -1.2641183733920025 
21.439999999963373, -1.2635750163988946 
21.44999999996335, -1.2630245216928113 
21.459999999963326, -1.2625759078105667 
21.469999999963303, -1.2623176582113653 
21.47999999996328, -1.262287379684314 
21.489999999963256, -1.2624640715787423 
21.499999999963233, -1.2627832604396851 
21.50999999996321, -1.263158234094621 
21.519999999963186, -1.2634990067386707 
21.529999999963163, -1.2637262308964252 
21.53999999996314, -1.2637767677458844 
21.549999999963116, -1.263602333291407 
21.559999999963093, -1.2631666979066554 
21.56999999996307, -1.2624448552508627 
21.579999999963047, -1.261423949739819 
21.589999999963023, -1.2601050938569571 
21.599999999963, -1.258506931233604 
21.609999999962977, -1.2566729417786968 
21.619999999962953, -1.2546833078362911 
21.62999999996293, -1.2526680798738534 
21.639999999962907, -1.2508094562215708 
21.649999999962883, -1.2493091286147706 
21.65999999996286, -1.2483068509625967 
21.669999999962837, -1.2477964933128287 
21.679999999962813, -1.2476271471062133 
21.68999999996279, -1.2475942487045635 
21.699999999962767, -1.2475245774905757 
21.709999999962744, -1.2472927980585227 
21.71999999996272, -1.2467883276888614 
21.729999999962697, -1.245867776710672 
21.739999999962674, -1.2443079589790407 
21.74999999996265, -1.2417667097190292 
21.759999999962627, -1.237773573341559 
21.769999999962604, -1.2317994774393461 
21.77999999996258, -1.223466824747973 
21.789999999962557, -1.2129130773279868 
21.799999999962534, -1.2011655390709621 
21.80999999996251, -1.1901443125450752 
21.819999999962487, -1.1818887386740546 
21.829999999962464, -1.1773304427877727 
21.83999999996244, -1.1758335782165636 
21.849999999962417, -1.1759987252381567 
21.859999999962394, -1.1766726367608655 
21.86999999996237, -1.177270240558916 
21.879999999962347, -1.1775995345335946 
21.889999999962324, -1.1776286324186498 
21.8999999999623, -1.1773485016859313 
21.909999999962277, -1.1767070007030767 
21.919999999962254, -1.1755656819123863 
21.92999999996223, -1.1736508097789562 
21.939999999962208, -1.1704985341585699 
21.949999999962184, -1.1654546364293465 
21.95999999996216, -1.1579188697110971 
21.969999999962138, -1.148122952853739 
21.979999999962114, -1.1382536107669554 
21.98999999996209, -1.1323051402965203 
21.999999999962068, -1.1331635765968433 
22.009999999962044, -1.1397167119371738 
22.01999999996202, -1.1481486789344317 
22.029999999961998, -1.1553864083944847 
22.039999999961974, -1.1604130414730505 
22.04999999996195, -1.16348910012707 
22.059999999961928, -1.16520208880982 
22.069999999961905, -1.1660414246499062 
22.07999999996188, -1.166319398361465 
22.089999999961858, -1.1662043938365012 
22.099999999961835, -1.1657658198145833 
22.10999999996181, -1.1650110129391997 
22.119999999961788, -1.1639303148798323 
22.129999999961765, -1.162592681454627 
22.13999999996174, -1.1613492389591837 
22.149999999961718, -1.161123462850282 
22.159999999961695, -1.1634702086830753 
22.16999999996167, -1.169853132270974 
22.179999999961648, -1.1803278593832294 
22.189999999961625, -1.1930699891461 
22.1999999999616, -1.2054933232365652 
22.20999999996158, -1.215718338916425 
22.219999999961555, -1.2231060035236672 
22.22999999996153, -1.2279266538708553 
22.23999999996151, -1.2308131215236489 
22.249999999961485, -1.2323889822506975 
22.25999999996146, -1.233123148983411 
22.26999999996144, -1.2333218093113814 
22.279999999961415, -1.2331718903837134 
22.289999999961392, -1.2327943293708061 
22.29999999996137, -1.23229784051783 
22.309999999961345, -1.2318310299458008 
22.319999999961322, -1.231610845757321 
22.3299999999613, -1.2318805784542044 
22.339999999961275, -1.2327892785236478 
22.349999999961252, -1.2342924379952016 
22.35999999996123, -1.2361807206593949 
22.369999999961205, -1.2381966319600108 
22.379999999961182, -1.240126447557197 
22.38999999996116, -1.2418275307723126 
22.399999999961135, -1.2432179018378833 
22.409999999961112, -1.2442582311525419 
22.41999999996109, -1.2449388347443988 
22.429999999961066, -1.2452725012609704 
22.439999999961042, -1.2452897309076905 
22.44999999996102, -1.245033941888233 
22.459999999960996, -1.24455766980207 
22.469999999960972, -1.2439224210701598 
22.47999999996095, -1.2432018244029266 
22.489999999960926, -1.2424820425879282 
22.499999999960902, -1.2418520693373984 
22.50999999996088, -1.2413848884753371 
22.519999999960856, -1.2411195704634923 
22.529999999960832, -1.2410511716786006 
22.53999999996081, -1.2411298498354957 
22.549999999960786, -1.2412727384994169 
22.559999999960763, -1.2413861217862459 
22.56999999996074, -1.2413837286832663 
22.579999999960716, -1.2411914419525052 
22.589999999960693, -1.2407431429982667 
22.59999999996067, -1.239977660974657 
22.609999999960646, -1.2388418744313854 
22.619999999960623, -1.2372984568722967 
22.6299999999606, -1.2353343063343603 
22.639999999960576, -1.2329685909855541 
22.649999999960553, -1.2302639540817786 
22.65999999996053, -1.2273447137516045 
22.669999999960506, -1.2244170841275934 
22.679999999960483, -1.2217665384429244 
22.68999999996046, -1.2196908693516124 
22.699999999960436, -1.2183644325902887 
22.709999999960413, -1.2177326621416802 
22.71999999996039, -1.2175555937045357 
22.729999999960366, -1.2175573318448096 
22.739999999960343, -1.2175316974294268 
22.74999999996032, -1.2173482943791074 
22.759999999960296, -1.2169049299331316 
22.769999999960273, -1.2160711436099776 
22.77999999996025, -1.2146331561524406 
22.789999999960227, -1.212238212223157 
22.799999999960203, -1.2083523176038764 
22.80999999996018, -1.2022871750213373 
22.819999999960157, -1.1934013246549746 
22.829999999960133, -1.1815605193888898 
22.83999999996011, -1.1677252467303378 
22.849999999960087, -1.154130267381326 
22.859999999960063, -1.1434290958397126 
22.86999999996004, -1.1371143991587729 
22.879999999960017, -1.134730550272232 
22.889999999959993, -1.1346751062740688 
22.89999999995997, -1.1354683884626442 
22.909999999959947, -1.1362897592952903 
22.919999999959924, -1.1368426093892745 
22.9299999999599, -1.1370748256663223 
22.939999999959877, -1.1369977145998984 
22.949999999959854, -1.1366021469906493 
22.95999999995983, -1.1358173610328528 
22.969999999959807, -1.134474247948401 
22.979999999959784, -1.132256352934274 
22.98999999995976, -1.1286489760495466 
22.999999999959737, -1.1229598789441773 
23.009999999959714, -1.1146050871863937 
23.01999999995969, -1.1038903238277893 
23.029999999959667, -1.0929761432639469 
23.039999999959644, -1.0855455789051116 
23.04999999995962, -1.084213690662432 
23.059999999959597, -1.0882231265527973 
23.069999999959574, -1.0944903979087681 
23.07999999995955, -1.1003242246174354 
23.089999999959527, -1.1046129527399664 
23.099999999959504, -1.1073612369704549 
23.10999999995948, -1.108953644606688 
23.119999999959457, -1.109765142091462 
23.129999999959434, -1.1100530605336103 
23.13999999995941, -1.1099602896143868 
23.149999999959388, -1.1095399213833856 
23.159999999959364, -1.1087742007740116 
23.16999999995934, -1.1075904932334983 
23.179999999959318, -1.1058994884684572 
23.189999999959294, -1.1037148957580496 
23.19999999995927, -1.1014432184797192 
23.209999999959248, -1.1003332194463644 
23.219999999959224, -1.1026408101801626 
23.2299999999592, -1.1106208259649708 
23.239999999959178, -1.124417412938034 
23.249999999959154, -1.141136613922153 
23.25999999995913, -1.156757991039583 
23.269999999959108, -1.1687545789011233 
23.279999999959085, -1.1767535931663484 
23.28999999995906, -1.1815885317653234 
23.299999999959038, -1.1843023048534302 
23.309999999959015, -1.1857043457441372 
23.31999999995899, -1.1863119526685628 
23.329999999958968, -1.1864226824153183 
23.339999999958945, -1.1861969041571814 
23.34999999995892, -1.1857238259682796 
23.359999999958898, -1.1850825885580902 
23.369999999958875, -1.1844188719775368 
23.37999999995885, -1.184036432582054 
23.389999999958828, -1.1844329637840667 
23.399999999958805, -1.1861475435570439 
23.40999999995878, -1.1894242591817743 
23.41999999995876, -1.1939916413444707 
23.429999999958735, -1.199203621087387 
23.43999999995871, -1.2043691952763431 
23.44999999995869, -1.2089756838233483 
23.459999999958665, -1.2127400051192467 
23.46999999995864, -1.215572875754882 
23.47999999995862, -1.217523177521298 
23.489999999958595, -1.218721552110775 
23.499999999958572, -1.2193283445909056 
23.50999999995855, -1.2194950496132804 
23.519999999958525, -1.2193468005276622 
23.529999999958502, -1.218985464253595 
23.53999999995848, -1.2185066621514333 
23.549999999958455, -1.2180193851481955 
23.559999999958432, -1.217650598842964 
23.56999999995841, -1.2175191652052515 
23.579999999958385, -1.2176896722598523 
23.589999999958362, -1.2181458622453492 
23.59999999995834, -1.2188065674685646 
23.609999999958315, -1.2195635334840533 
23.619999999958292, -1.220312167014784 
23.62999999995827, -1.220967001423902 
23.639999999958246, -1.2214658679166566 
23.649999999958222, -1.221767666780094 
23.6599999999582, -1.2218478429216602 
23.669999999958176, -1.2216944259423488 
23.679999999958152, -1.2213057950366957 
23.68999999995813, -1.2206902756145668 
23.699999999958106, -1.2198674055734764 
23.709999999958082, -1.2188707426663834 
23.71999999995806, -1.2177516886176147 
23.729999999958036, -1.2165823394645277 
23.739999999958012, -1.2154538278304021 
23.74999999995799, -1.214466650237199 
23.759999999957966, -1.2137101514978523 
23.769999999957943, -1.2132317329705953 
23.77999999995792, -1.2130102145545834 
23.789999999957896, -1.2129585240719 
23.799999999957873, -1.2129585163669518 
23.80999999995785, -1.21289721041842 
23.819999999957826, -1.2126782272986794 
23.829999999957803, -1.2122112175236568 
23.83999999995778, -1.2113961279109526 
23.849999999957756, -1.2101160249711111 
23.859999999957733, -1.208245647833392 
23.86999999995771, -1.2056762106007808 
23.879999999957686, -1.2023498305504032 
23.889999999957663, -1.1982949226595836 
23.89999999995764, -1.1936602770684261 
23.909999999957616, -1.1887477880192776 
23.919999999957593, -1.184021876918645 
23.92999999995757, -1.1800345695064407 
23.939999999957546, -1.177221547821874 
23.949999999957523, -1.1756718699413982 
23.9599999999575, -1.175097790617257 
23.969999999957476, -1.1750512158001913 
23.979999999957453, -1.1751587759570865 
23.98999999995743, -1.1751988524850412 
23.999999999957407, -1.175056016565758 
24.009999999957383, -1.174647106922039 
24.01999999995736, -1.1738582878392583 
24.029999999957337, -1.1724883331639124 
24.039999999957313, -1.1701850376805267 
24.04999999995729, -1.1663788536675352 
24.059999999957267, -1.1602659375536 
24.069999999957243, -1.150974734404783 
24.07999999995722, -1.138086431578189 
24.089999999957197, -1.122439327668237 
24.099999999957173, -1.1065304543844072 
24.10999999995715, -1.0935853918701235 
24.119999999957127, -1.085615748248986 
24.129999999957104, -1.0823497327422325 
24.13999999995708, -1.0820415366007237 
24.149999999957057, -1.0829360349471526 
24.159999999957034, -1.0839860784225115 
24.16999999995701, -1.084777049910136 
24.179999999956987, -1.0852217816463925 
24.189999999956964, -1.0853402640325287 
24.19999999995694, -1.0851538861478482 
24.209999999956917, -1.084640371649447 
24.219999999956894, -1.0837051150959591 
24.22999999995687, -1.082144765660256 
24.239999999956847, -1.079593846917377 
24.249999999956824, -1.0754687056382561 
24.2599999999568, -1.0689825511540565 
24.269999999956777, -1.0594111832174211 
24.279999999956754, -1.046807102033022 
24.28999999995673, -1.0328961414991213 
24.299999999956707, -1.020974289851191 
24.309999999956684, -1.0139712659616966 
24.31999999995666, -1.0123554446058285 
24.329999999956637, -1.0142861178857638 
24.339999999956614, -1.0174527780088793 
24.34999999995659, -1.0203854295637251 
24.359999999956568, -1.0225556071915363 
24.369999999956544, -1.0239561287238694 
24.37999999995652, -1.0247460602960232 
24.389999999956498, -1.0250821064110087 
24.399999999956474, -1.0250657380917512 
24.40999999995645, -1.0247337124914195 
24.419999999956428, -1.0240545548630229 
24.429999999956404, -1.0229156967253732 
24.43999999995638, -1.021096382396376 
24.449999999956358, -1.0182321173775697 
24.459999999956334, -1.013802963901338 
24.46999999995631, -1.007234294899408 
24.479999999956288, -0.9982528908926115 
24.489999999956265, -0.9875205408055928 
24.49999999995624, -0.9770591646759254 
24.509999999956218, -0.9695649631849708 
24.519999999956195, -0.9666623801613634 
24.52999999995617, -0.9678283217264525 
24.539999999956148, -0.9711502501033651 
24.549999999956125, -0.9748141607664008 
24.5599999999561, -0.9778456958286401 
24.569999999956078, -0.9799939954644195 
24.579999999956055, -0.9813586785363126 
24.58999999995603, -0.9821258525346023 
24.599999999956008, -0.9824532766896725 
24.609999999955985, -0.9824386646218422 
24.61999999995596, -0.9821163502165978 
24.62999999995594, -0.9814548610366055 
24.639999999955915, -0.9803434397241342 
24.64999999995589, -0.978561827808759 
24.65999999995587, -0.9757334516236569 
24.669999999955845, -0.9712800241480496 
24.67999999995582, -0.9644425832969222 
24.6899999999558, -0.9545081212770734 
24.699999999955775, -0.9413763436291326 
24.709999999955752, -0.926267245866254 
24.71999999995573, -0.9117696091432167 
24.729999999955705, -0.9006143318867033 
24.739999999955682, -0.8940711562252763 
24.74999999995566, -0.8915558756129613 
24.759999999955635, -0.8915423683108206 
24.769999999955612, -0.8926046692969285 
24.77999999995559, -0.8938572462470432 
24.789999999955565, -0.8949023470272245 
24.799999999955542, -0.8956267182806619 
24.80999999995552, -0.8960368357928395 
24.819999999955495, -0.8961671629855269 
24.829999999955472, -0.8960378432563216 
24.83999999995545, -0.8956345874227027 
24.849999999955426, -0.8948931477777455 
24.859999999955402, -0.8936790190015381 
24.86999999995538, -0.8917599471132774 
24.879999999955356, -0.8887804794487183 
24.889999999955332, -0.8842709986567312 
24.89999999995531, -0.8777513480566389 
24.909999999955286, -0.8689724398582545 
24.919999999955262, -0.8582115220394966 
24.92999999995524, -0.8463757861414647 
24.939999999955216, -0.8347421128840912 
24.949999999955192, -0.824487906328037 
24.95999999995517, -0.8163365959133616 
24.969999999955146, -0.8104727517794599 
24.979999999955123, -0.8066623661653759 
24.9899999999551, -0.804448651992077 
24.999999999955076, -0.8033292174236497 
