t, s[1].omega / s[0].omega 
0, -1.0959979913660876 
0.009999999999999995, -1.095687887600959 
0.019999999999999934, -1.095317120190361 
0.029999999999999874, -1.0951648324552345 
0.04000000000000012, -1.0948809851217698 
0.050000000000000405, -1.0942741755548955 
0.06000000000000069, -1.093644184763593 
0.07000000000000098, -1.0934331646220337 
0.08000000000000126, -1.0929454219595944 
0.09000000000000155, -1.0916371837489587 
0.10000000000000184, -1.0904157312308642 
0.11000000000000212, -1.0902018391503634 
0.12000000000000241, -1.0894254857374819 
0.130000000000002, -1.0860307108692993 
0.1400000000000009, -1.083331957688165 
0.1499999999999998, -1.0831926261690585 
0.1599999999999987, -1.0820683261351436 
0.1699999999999976, -1.0722815423399825 
0.1799999999999965, -1.06613746080753 
0.1899999999999954, -1.0661725911632534 
0.1999999999999943, -1.06493749344843 
0.2099999999999932, -1.0449339834856874 
0.2199999999999921, -1.035002377458764 
0.229999999999991, -1.0353004061015234 
0.2399999999999899, -1.034346611017519 
0.2499999999999888, -1.0158218335037033 
0.2599999999999877, -1.0061653914289306 
0.2699999999999866, -1.0068235445887788 
0.2799999999999855, -1.0062043036129855 
0.2899999999999844, -0.9932724847779313 
0.2999999999999833, -0.9788021035297171 
0.3099999999999822, -0.9798405261851143 
0.3199999999999811, -0.9794889108812754 
0.32999999999998, -0.9716345301906513 
0.3399999999999789, -0.945487223735122 
0.3499999999999778, -0.9454779950169125 
0.35999999999997667, -0.9453513027719825 
0.36999999999997557, -0.9422979380796148 
0.37999999999997447, -0.9252320333616884 
0.38999999999997337, -0.9210819967372619 
0.39999999999997227, -0.9210707882152389 
0.40999999999997117, -0.9201189589447095 
0.41999999999997006, -0.9153077555719841 
0.42999999999996896, -0.9117288151071714 
0.43999999999996786, -0.9114408506460535 
0.44999999999996676, -0.9111120176859895 
0.45999999999996566, -0.9097157815834551 
0.46999999999996456, -0.9081247576376387 
0.47999999999996346, -0.9075584851543591 
0.48999999999996235, -0.9074133050548401 
0.49999999999996125, -0.9069158591626633 
0.5099999999999602, -0.9062338008218007 
0.519999999999959, -0.905766502766454 
0.529999999999958, -0.9056535833467907 
0.5399999999999568, -0.9054884333906343 
0.5499999999999557, -0.905192661216927 
0.5599999999999546, -0.9048853067416391 
0.5699999999999535, -0.9048147373475142 
0.5799999999999524, -0.9048755041299728 
0.5899999999999513, -0.9048622827556747 
0.5999999999999502, -0.9046745398161209 
0.6099999999999491, -0.904650969562029 
0.619999999999948, -0.9050485019189377 
0.6299999999999469, -0.9055012795840696 
0.6399999999999458, -0.9055220629139874 
0.6499999999999447, -0.9054138203159783 
0.6599999999999436, -0.9064132283574599 
0.6699999999999425, -0.9082344870188518 
0.6799999999999414, -0.9088699522808482 
0.6899999999999403, -0.9086900506476192 
0.6999999999999392, -0.9098696635775914 
0.7099999999999381, -0.9166403489292665 
0.719999999999937, -0.9197738373983632 
0.7299999999999359, -0.9197736777504866 
0.7399999999999348, -0.9195344998287138 
0.7499999999999337, -0.9352678519797554 
0.7599999999999326, -0.9484281235110341 
0.7699999999999315, -0.9489025562304251 
0.7799999999999304, -0.9482206851107187 
0.7899999999999293, -0.9531056314618307 
0.7999999999999282, -0.9753398997524793 
0.8099999999999271, -0.9766703490945636 
0.819999999999926, -0.9762182567942277 
0.8299999999999249, -0.9717135461217269 
0.8399999999999238, -0.9813500259423227 
0.8499999999999227, -0.9838117330489934 
0.8599999999999216, -0.983566939683444 
0.8699999999999205, -0.9789585466982665 
0.8799999999999194, -0.9688108868306218 
0.8899999999999183, -0.9717254148757278 
0.8999999999999172, -0.971673113154549 
0.9099999999999161, -0.968883549761518 
0.919999999999915, -0.9420915647585668 
0.9299999999999139, -0.9390124986125864 
0.9399999999999128, -0.9391673713473047 
0.9499999999999117, -0.9379897749702008 
0.9599999999999106, -0.9239455615576602 
0.9699999999999095, -0.9135403071784626 
0.9799999999999084, -0.9134907458442738 
0.9899999999999073, -0.9130780282585707 
0.9999999999999062, -0.90977718587976 
1.0099999999999052, -0.9050875027914024 
1.019999999999904, -0.904171278551777 
1.029999999999903, -0.9040144317322545 
1.039999999999902, -0.9031133011783821 
1.0499999999999008, -0.9015854072823384 
1.0599999999998997, -0.900705495146098 
1.0699999999998986, -0.9005504419408449 
1.0799999999998975, -0.9002461803975853 
1.0899999999998964, -0.89967291791196 
1.0999999999998953, -0.8991646759687574 
1.1099999999998942, -0.8989774971029255 
1.119999999999893, -0.8989028789996542 
1.129999999999892, -0.8987097853057457 
1.1399999999998909, -0.8984332810296662 
1.1499999999998898, -0.8982949980496044 
1.1599999999998887, -0.8984111088988104 
1.1699999999998876, -0.8985454283485205 
1.1799999999998865, -0.8984779478285839 
1.1899999999998854, -0.8983386192357257 
1.1999999999998843, -0.8987660029581626 
1.2099999999998832, -0.8995867107714091 
1.219999999999882, -0.8999760017830783 
1.229999999999881, -0.8998223391912186 
1.2399999999998799, -0.9004191302313558 
1.2499999999998788, -0.9034977319277031 
1.2599999999998777, -0.9056207130723649 
1.2699999999998766, -0.9056732637857542 
1.2799999999998755, -0.9055607616378097 
1.2899999999998744, -0.9141385263579404 
1.2999999999998733, -0.9248945420218415 
1.3099999999998722, -0.9256566935255075 
1.319999999999871, -0.9251965143336265 
1.32999999999987, -0.9287887341197747 
1.3399999999998689, -0.9557686811172175 
1.3499999999998678, -0.958262994179941 
1.3599999999998666, -0.9579945033071454 
1.3699999999998655, -0.9542308037576472 
1.3799999999998644, -0.955050397849708 
1.3899999999998633, -0.9587307010882358 
1.3999999999998622, -0.9586789145727727 
1.4099999999998611, -0.9559228625143824 
1.41999999999986, -0.928998773953532 
1.429999999999859, -0.925314630454095 
1.4399999999998578, -0.9254762650189648 
1.4499999999998567, -0.9244123706332396 
1.4599999999998556, -0.913048293290903 
1.4699999999998545, -0.9038020180108642 
1.4799999999998534, -0.9036159395176111 
1.4899999999998523, -0.9032688629007559 
1.4999999999998512, -0.9008523817154027 
1.5099999999998501, -0.8974485488314243 
1.519999999999849, -0.8965335253796377 
1.529999999999848, -0.8963927699872274 
1.5399999999998468, -0.895728548371532 
1.5499999999998457, -0.894645105991583 
1.5599999999998446, -0.8939333113647078 
1.5699999999998435, -0.8937743231551498 
1.5799999999998424, -0.8935623458443938 
1.5899999999998413, -0.8931614390043292 
1.5999999999998402, -0.892769786650377 
1.6099999999998391, -0.8926192615037941 
1.619999999999838, -0.8926215555845818 
1.629999999999837, -0.8925564745462005 
1.6399999999998358, -0.8923591239207784 
1.6499999999998347, -0.8922580487594649 
1.6599999999998336, -0.8925330599675558 
1.6699999999998325, -0.8929215861905334 
1.6799999999998314, -0.892994383218278 
1.6899999999998303, -0.8928440247657585 
1.6999999999998292, -0.8935581927660425 
1.709999999999828, -0.8953330212541084 
1.719999999999827, -0.8962543316844485 
1.729999999999826, -0.8961399584158456 
1.7399999999998248, -0.8966442664660962 
1.7499999999998237, -0.903673360929504 
1.7599999999998226, -0.9088570846827922 
1.7699999999998215, -0.9091066709574329 
1.7799999999998204, -0.9085957540539319 
1.7899999999998193, -0.9193064979254354 
1.7999999999998182, -0.941646707082435 
1.809999999999817, -0.9428985421481737 
1.819999999999816, -0.9424547101717866 
1.8299999999998149, -0.9380278669981517 
1.8399999999998138, -0.9436723102993833 
1.8499999999998127, -0.9460454303835255 
1.8599999999998116, -0.9458568396299885 
1.8699999999998105, -0.9413282666200724 
1.8799999999998094, -0.9128713991860334 
1.8899999999998083, -0.9106501768497751 
1.8999999999998072, -0.9106807172209251 
1.909999999999806, -0.9092871886550092 
1.919999999999805, -0.9000736884490614 
1.9299999999998039, -0.894607705966656 
1.9399999999998028, -0.8944417294197038 
1.9499999999998017, -0.894044116115873 
1.9599999999998006, -0.8921509537593677 
1.9699999999997995, -0.8900724546952344 
1.9799999999997984, -0.8894665453760273 
1.9899999999997973, -0.8893195335606452 
1.9999999999997962, -0.8887833085380848 
2.0099999999998173, -0.8880626198177436 
2.0199999999998384, -0.8875853367670725 
2.0299999999998595, -0.8874750749819325 
2.0399999999998806, -0.8873315578626441 
2.0499999999999017, -0.887071648159657 
2.059999999999923, -0.8867885688768335 
2.069999999999944, -0.8867416500457446 
2.079999999999965, -0.886873183970836 
2.089999999999986, -0.8869598404105211 
2.100000000000007, -0.8868191158523989 
2.1100000000000283, -0.8868102709401722 
2.1200000000000494, -0.887478194150988 
2.1300000000000705, -0.8883658846214776 
2.1400000000000916, -0.8885602379161339 
2.1500000000001127, -0.8883982451809957 
2.160000000000134, -0.8899933500947217 
2.170000000000155, -0.8944553537511801 
2.180000000000176, -0.8960595329857575 
2.190000000000197, -0.8959251789984217 
2.2000000000002182, -0.8963783630626305 
2.2100000000002393, -0.9147294676238118 
2.2200000000002604, -0.9238771773034251 
2.2300000000002815, -0.9240881540261985 
2.2400000000003026, -0.9231077198355437 
2.2500000000003237, -0.9243720908057284 
2.260000000000345, -0.936562339743895 
2.270000000000366, -0.9373638253034655 
2.280000000000387, -0.9367891248516493 
2.290000000000408, -0.9246416150934077 
2.3000000000004293, -0.9016903205650214 
2.3100000000004504, -0.9018321111607926 
2.3200000000004715, -0.901637262343919 
2.3300000000004926, -0.8986774837375258 
2.3400000000005137, -0.8896345021502798 
2.3500000000005348, -0.8871409836808175 
2.360000000000556, -0.8870539583296838 
2.370000000000577, -0.8863813736297063 
2.380000000000598, -0.8845043798743903 
2.390000000000619, -0.8831014757226472 
2.4000000000006403, -0.8828067276473561 
2.4100000000006614, -0.8826069334509757 
2.4200000000006825, -0.8820718696777314 
2.4300000000007036, -0.8815109346799771 
2.4400000000007247, -0.881209704884588 
2.450000000000746, -0.8811583357289059 
2.460000000000767, -0.8810415297821542 
2.470000000000788, -0.8808282991651075 
2.480000000000809, -0.880624073021063 
2.49000000000083, -0.8807312074150365 
2.5000000000008513, -0.8810103279023959 
2.5100000000008724, -0.8811557282015837 
2.5200000000008935, -0.8810011334754474 
2.5300000000009146, -0.8812623011243315 
2.5400000000009357, -0.8826419559212162 
2.550000000000957, -0.8839387066482036 
2.560000000000978, -0.8840237977959468 
2.570000000000999, -0.8839164896499317 
2.58000000000102, -0.8884346120802827 
2.5900000000010412, -0.8966087638527617 
2.6000000000010624, -0.897756424526199 
2.6100000000010835, -0.8974457901425733 
2.6200000000011046, -0.8986609186881918 
2.6300000000011257, -0.9265772012104727 
2.6400000000011468, -0.9313938146980612 
2.650000000001168, -0.9313125916865287 
2.660000000001189, -0.9286120347990982 
2.67000000000121, -0.9073209670967163 
2.680000000001231, -0.9062679618600549 
2.6900000000012523, -0.9064549132219952 
2.7000000000012734, -0.9054089345781712 
2.7100000000012945, -0.8943533545883106 
2.7200000000013156, -0.8851785139918605 
2.7300000000013367, -0.8849184093321117 
2.740000000001358, -0.884619434766607 
2.750000000001379, -0.8827266703409088 
2.7600000000014, -0.8801240423850702 
2.770000000001421, -0.8792440296250368 
2.780000000001442, -0.879115253280272 
2.7900000000014633, -0.8786428374456152 
2.8000000000014844, -0.8779002187807077 
2.8100000000015055, -0.877357507132879 
2.8200000000015266, -0.8772098008128856 
2.8300000000015477, -0.8771036898023524 
2.840000000001569, -0.8768812331835809 
2.85000000000159, -0.8766048962063328 
2.860000000001611, -0.8765206307576121 
2.870000000001632, -0.8766854114914221 
2.8800000000016532, -0.8768666376244604 
2.8900000000016743, -0.8768016725815749 
2.9000000000016954, -0.8767100234648749 
2.9100000000017165, -0.8774407610754092 
2.9200000000017377, -0.8787690651593945 
2.9300000000017588, -0.8792970591970314 
2.94000000000178, -0.8791265756572031 
2.950000000001801, -0.8802243234938723 
2.960000000001822, -0.887526230278484 
2.970000000001843, -0.8913702176567873 
2.9800000000018643, -0.8914405957804572 
2.9900000000018854, -0.890827094328063 
3.0000000000019065, -0.9059862964747724 
3.0100000000019276, -0.9249661235768954 
3.0200000000019487, -0.925721182373964 
3.03000000000197, -0.9250979108987685 
3.040000000001991, -0.9136935032573948 
3.050000000002012, -0.8974292590892171 
3.060000000002033, -0.898202489082424 
3.070000000002054, -0.8979821078019438 
3.0800000000020753, -0.8942796692733015 
3.0900000000020964, -0.8820998955508147 
3.1000000000021175, -0.8794208749887672 
3.1100000000021386, -0.8793519952260659 
3.1200000000021597, -0.8786027988504553 
3.130000000002181, -0.8764348981592237 
3.140000000002202, -0.8748825366180902 
3.150000000002223, -0.8745886396607938 
3.160000000002244, -0.8743836840653707 
3.1700000000022652, -0.8738305764662544 
3.1800000000022863, -0.8732593915094784 
3.1900000000023074, -0.8729560176702182 
3.2000000000023285, -0.8729079387961723 
3.2100000000023496, -0.8728031081530181 
3.2200000000023707, -0.8726046096250437 
3.230000000002392, -0.8724059952258417 
3.240000000002413, -0.8725342041303021 
3.250000000002434, -0.8728730782917584 
3.260000000002455, -0.8730791539259188 
3.2700000000024763, -0.8729370574769328 
3.2800000000024974, -0.8732087156432922 
3.2900000000025185, -0.8749670200702225 
3.3000000000025396, -0.8767191360333421 
3.3100000000025607, -0.8768848358114487 
3.3200000000025818, -0.8766811791739543 
3.330000000002603, -0.8822611953334728 
3.340000000002624, -0.8949914728204427 
3.350000000002645, -0.896608339216079 
3.360000000002666, -0.8963205014553126 
3.3700000000026873, -0.8947367691344909 
3.3800000000027084, -0.9096081728962176 
3.3900000000027295, -0.9140589915596783 
3.4000000000027506, -0.9140464428709503 
3.4100000000027717, -0.9117050003277791 
3.420000000002793, -0.8874829016372618 
3.430000000002814, -0.879672761120794 
3.440000000002835, -0.8797719679731276 
3.450000000002856, -0.8791630301434525 
3.460000000002877, -0.8752861952100872 
3.4700000000028983, -0.8713628111078088 
3.4800000000029194, -0.8707389775724548 
3.4900000000029405, -0.8705674811644403 
3.5000000000029616, -0.8698093741016395 
3.5100000000029827, -0.8688106949056438 
3.520000000003004, -0.8682363307630743 
3.530000000003025, -0.8681183152138143 
3.540000000003046, -0.867935906375727 
3.550000000003067, -0.8676331626352016 
3.5600000000030882, -0.8673345783314547 
3.5700000000031094, -0.8672786943811872 
3.5800000000031305, -0.867406678969799 
3.5900000000031516, -0.867507304225657 
3.6000000000031727, -0.8673824724080748 
3.6100000000031938, -0.8673709968684823 
3.620000000003215, -0.8681745663036804 
3.630000000003236, -0.8693666962983038 
3.640000000003257, -0.8696960604378284 
3.650000000003278, -0.8695065454839174 
3.6600000000032993, -0.8713887714082562 
3.6700000000033204, -0.8794862004662114 
3.6800000000033415, -0.8824110760692705 
3.6900000000033626, -0.8823529857963218 
3.7000000000033837, -0.8815895574571363 
3.710000000003405, -0.8998537788759623 
3.720000000003426, -0.9131938759103401 
3.730000000003447, -0.9136007602435391 
3.740000000003468, -0.9126928287135759 
3.750000000003489, -0.8953953049584688 
3.7600000000035103, -0.8772641961433155 
3.7700000000035314, -0.8774756424186254 
3.7800000000035525, -0.8771927476496729 
3.7900000000035736, -0.8741310079554409 
3.8000000000035947, -0.8681433106584472 
3.810000000003616, -0.8665897421983193 
3.820000000003637, -0.8664795706457795 
3.830000000003658, -0.8658977245147645 
3.840000000003679, -0.8647445592485298 
3.8500000000037002, -0.8639204867201578 
3.8600000000037213, -0.8637025190722672 
3.8700000000037424, -0.8635656040765953 
3.8800000000037635, -0.8632648369665747 
3.8900000000037847, -0.8629321926301615 
3.9000000000038058, -0.8627703162097499 
3.910000000003827, -0.8628569537722095 
3.920000000003848, -0.8629779365600385 
3.930000000003869, -0.8629296599191328 
3.94000000000389, -0.8627896798393375 
3.9500000000039113, -0.8633020170573736 
3.9600000000039324, -0.8645097189329285 
3.9700000000039535, -0.8652186500862435 
3.9800000000039746, -0.8651062866180041 
3.9900000000039957, -0.8655749255065358 
4.000000000004016, -0.8726765589371409 
4.010000000003993, -0.8787038662505109 
4.02000000000397, -0.8790617721856818 
4.030000000003946, -0.878471010472206 
4.040000000003923, -0.882774655889955 
4.0500000000039, -0.9033535683209964 
4.0600000000038765, -0.9049609448244269 
4.070000000003853, -0.9046469719487936 
4.08000000000383, -0.8980453068811873 
4.090000000003807, -0.8722571051833116 
4.100000000003783, -0.870295984380408 
4.11000000000376, -0.8702558965118611 
4.120000000003737, -0.8690471605493046 
4.130000000003713, -0.8648424310145246 
4.14000000000369, -0.8623994106961297 
4.150000000003667, -0.8621537245906981 
4.1600000000036434, -0.8618804984238062 
4.17000000000362, -0.8610897020319364 
4.180000000003597, -0.860324315561716 
4.1900000000035735, -0.8599714142359233 
4.20000000000355, -0.859898388432282 
4.210000000003527, -0.8597300493441424 
4.220000000003504, -0.8594820769496448 
4.23000000000348, -0.8592683949436626 
4.240000000003457, -0.8593599086132623 
4.250000000003434, -0.859632655529733 
4.26000000000341, -0.8597989080348658 
4.270000000003387, -0.8596555246269153 
4.280000000003364, -0.859916956420242 
4.2900000000033405, -0.8616489650651231 
4.300000000003317, -0.8634684885302543 
4.310000000003294, -0.8636655687008232 
4.320000000003271, -0.8634263904693878 
4.330000000003247, -0.869326164448101 
4.340000000003224, -0.8853331892254709 
4.350000000003201, -0.8873225077972813 
4.360000000003177, -0.8870660499080509 
4.370000000003154, -0.8837633721349736 
4.380000000003131, -0.8760159476350882 
4.390000000003107, -0.8779683065464788 
4.400000000003084, -0.8780194693222596 
4.410000000003061, -0.8764970613851655 
4.4200000000030375, -0.8656051337587618 
4.430000000003014, -0.8594702145635205 
4.440000000002991, -0.8592809446051839 
4.450000000002968, -0.8589506682383434 
4.460000000002944, -0.8575101728612219 
4.470000000002921, -0.855969264233735 
4.480000000002898, -0.8553913342625602 
4.490000000002874, -0.8552786858394594 
4.500000000002851, -0.8549672671360596 
4.510000000002828, -0.8545478775545376 
4.520000000002804, -0.854224132464036 
4.530000000002781, -0.8541791807044247 
4.540000000002758, -0.8542427412727758 
4.5500000000027345, -0.8542478986852451 
4.560000000002711, -0.8540797758696625 
4.570000000002688, -0.8541596646233196 
4.580000000002665, -0.854955207325599 
4.590000000002641, -0.8559459472018316 
4.600000000002618, -0.8561100227718144 
4.610000000002595, -0.8559454220128173 
4.620000000002571, -0.8588256254828441 
4.630000000002548, -0.867415831351166 
4.640000000002525, -0.8695413579153753 
4.6500000000025015, -0.8693801712850378 
4.660000000002478, -0.8682146283682036 
4.670000000002455, -0.882353286922772 
4.6800000000024315, -0.889616376122024 
4.690000000002408, -0.8898184099557772 
4.700000000002385, -0.8886067436954785 
4.710000000002362, -0.8728539808557437 
4.720000000002338, -0.8609782937200777 
4.730000000002315, -0.8608376180142505 
4.740000000002292, -0.860539455992714 
4.750000000002268, -0.8586000847783065 
4.760000000002245, -0.8559888422205058 
4.770000000002222, -0.8550911266149274 
4.7800000000021985, -0.8549697421621253 
4.790000000002175, -0.8545837277287336 
4.800000000002152, -0.8539902375034399 
4.810000000002129, -0.8535387311315719 
4.820000000002105, -0.85341227784211 
4.830000000002082, -0.8533911164619054 
4.840000000002059, -0.8533040920430365 
4.850000000002035, -0.8531064128434075 
4.860000000002012, -0.8530728898578925 
4.870000000001989, -0.85350575872519 
4.880000000001965, -0.8541239935427706 
4.890000000001942, -0.8542698744967582 
4.900000000001919, -0.8541170414739092 
4.9100000000018955, -0.855625390121941 
4.920000000001872, -0.860531073812666 
4.930000000001849, -0.8625695626341531 
4.940000000001826, -0.8624881509394708 
4.950000000001802, -0.862108747702279 
4.960000000001779, -0.8830482128311848 
4.970000000001756, -0.8970907860322553 
4.980000000001732, -0.89751336248903 
4.990000000001709, -0.8966392340892797 
5.000000000001686, -0.8799757498526946 
5.0100000000016625, -0.8609175247912827 
5.020000000001639, -0.8609857184228686 
5.030000000001616, -0.8607437085686293 
5.0400000000015925, -0.8583557579340951 
5.050000000001569, -0.8538812579025932 
5.060000000001546, -0.8524257802528649 
5.070000000001523, -0.8523054276532501 
5.080000000001499, -0.8518763110615954 
5.090000000001476, -0.8510660683975948 
5.100000000001453, -0.850443467462308 
5.110000000001429, -0.8502400361706474 
5.120000000001406, -0.8501748812394356 
5.130000000001383, -0.8500172939841837 
5.1400000000013595, -0.8497853689930561 
5.150000000001336, -0.849671038606177 
5.160000000001313, -0.849920696144237 
5.17000000000129, -0.8503396247658026 
5.180000000001266, -0.8504802278567253 
5.190000000001243, -0.8503252151828066 
5.20000000000122, -0.8511828868207867 
5.210000000001196, -0.8544575051245666 
5.220000000001173, -0.8564870450999503 
5.23000000000115, -0.8564958674574789 
5.240000000001126, -0.8561992578589555 
5.250000000001103, -0.871822226160721 
5.26000000000108, -0.8901638804452465 
5.2700000000010565, -0.8909755362613961 
5.280000000001033, -0.890408249837468 
5.29000000000101, -0.8789926481653617 
5.300000000000987, -0.8552660322122052 
5.310000000000963, -0.8551944571934669 
5.32000000000094, -0.8550596608008441 
5.330000000000917, -0.8531703132506461 
5.340000000000893, -0.8482325407107001 
5.35000000000087, -0.8461898018277988 
5.360000000000847, -0.8460351682803593 
5.3700000000008234, -0.8456972530391792 
5.3800000000008, -0.8449156477754434 
5.390000000000777, -0.84425209039555 
5.4000000000007535, -0.843986116254164 
5.41000000000073, -0.8439361868379988 
5.420000000000707, -0.8438124480397856 
5.430000000000684, -0.8436097454061945 
5.44000000000066, -0.8434538813105252 
5.450000000000637, -0.8436859946871739 
5.460000000000614, -0.8441873678453946 
5.47000000000059, -0.8444773339286864 
5.480000000000567, -0.8443367111176717 
5.490000000000544, -0.8448681847788027 
5.5000000000005205, -0.8487140033546898 
5.510000000000497, -0.8521186312936482 
5.520000000000474, -0.8523609307258465 
5.5300000000004506, -0.8518713850815023 
5.540000000000427, -0.8598755879500152 
5.550000000000404, -0.8845719093597365 
5.560000000000381, -0.886284773544213 
5.570000000000357, -0.8859832251600752 
5.580000000000334, -0.8797210027984051 
5.590000000000311, -0.8544344996665749 
5.600000000000287, -0.8520298767174798 
5.610000000000264, -0.8520024031331508 
5.620000000000241, -0.8510241756079998 
5.6300000000002175, -0.847905219765586 
5.640000000000194, -0.8459256095171385 
5.650000000000171, -0.8456310619556298 
5.660000000000148, -0.8454292854604633 
5.670000000000124, -0.8448817639132336 
5.680000000000101, -0.8443351824253164 
5.690000000000078, -0.8440449948760029 
5.700000000000054, -0.8440230623750223 
5.710000000000031, -0.8439959711195425 
5.720000000000008, -0.843880419956994 
5.729999999999984, -0.8437046499701241 
5.739999999999961, -0.8439492748520225 
5.749999999999938, -0.8446846334524282 
5.7599999999999145, -0.8452882913510379 
5.769999999999891, -0.8452271108139658 
5.779999999999868, -0.8453787225277185 
5.789999999999845, -0.850146175657637 
5.799999999999821, -0.8565803150267703 
5.809999999999798, -0.8573133954487887 
5.819999999999775, -0.8569054978202354 
5.829999999999751, -0.8565077797394867 
5.839999999999728, -0.8714337117609713 
5.849999999999705, -0.8741142196463004 
5.8599999999996815, -0.8740174163844773 
5.869999999999658, -0.871241826109173 
5.879999999999635, -0.855582238148057 
5.8899999999996115, -0.8506608559902411 
5.899999999999588, -0.8506091859220897 
5.909999999999565, -0.8501169442348077 
5.919999999999542, -0.8483397414201901 
5.929999999999518, -0.8467932139581363 
5.939999999999495, -0.8463452513465236 
5.949999999999472, -0.8462234789992319 
5.959999999999448, -0.8458750312608043 
5.969999999999425, -0.845461625392798 
5.979999999999402, -0.8451788784620987 
5.9899999999993785, -0.845176831334595 
5.999999999999355, -0.8452623003144419 
6.009999999999332, -0.8452717461900356 
6.019999999999309, -0.84510438660122 
6.029999999999285, -0.8453085225849887 
6.039999999999262, -0.8463880974742697 
6.049999999999239, -0.8475496446735298 
6.059999999999215, -0.8476638525373867 
6.069999999999192, -0.8475044602329509 
6.079999999999169, -0.8524419593771927 
6.089999999999145, -0.8647411269540916 
6.099999999999122, -0.8665814863988328 
6.109999999999099, -0.8663362100808826 
6.1199999999990755, -0.8632468474135888 
6.129999999999052, -0.8531380570134558 
6.139999999999029, -0.8543171552997012 
6.149999999999006, -0.8543985532896551 
6.159999999998982, -0.853193600564132 
6.169999999998959, -0.8458856085114496 
6.179999999998936, -0.8411164269977399 
6.189999999998912, -0.8407768620528145 
6.199999999998889, -0.8405420277205511 
6.209999999998866, -0.8396438426702401 
6.2199999999988425, -0.8386780087942493 
6.229999999998819, -0.8382039269636413 
6.239999999998796, -0.8381183383092925 
6.2499999999987725, -0.8379706697371463 
6.259999999998749, -0.8377442959608034 
6.269999999998726, -0.8375117893647654 
6.279999999998703, -0.8375689846843867 
6.289999999998679, -0.8379130698661535 
6.299999999998656, -0.8382528561018477 
6.309999999998633, -0.8381896390330499 
6.319999999998609, -0.8382377573178997 
6.329999999998586, -0.8405332118520649 
6.339999999998563, -0.8443653422795877 
6.3499999999985395, -0.8451724351412953 
6.359999999998516, -0.84489313269552 
6.369999999998493, -0.8463214520951868 
6.37999999999847, -0.8742230187113916 
6.389999999998446, -0.8798421827307877 
6.399999999998423, -0.8798508950144186 
6.4099999999984, -0.8777239125037948 
6.419999999998376, -0.8552699034798665 
6.429999999998353, -0.8463793067930849 
6.43999999999833, -0.8464161760705142 
6.449999999998306, -0.8459772225892047 
6.459999999998283, -0.8436692005401519 
6.46999999999826, -0.8412701039551634 
6.4799999999982365, -0.8406032874208648 
6.489999999998213, -0.840483224673986 
6.49999999999819, -0.8400890871226256 
6.509999999998167, -0.839574710552753 
6.519999999998143, -0.8392085233846275 
6.52999999999812, -0.8391432849753803 
6.539999999998097, -0.8391762785438245 
6.549999999998073, -0.8391578885234674 
6.55999999999805, -0.8389881726450512 
6.569999999998027, -0.8390572843375288 
6.5799999999980034, -0.8398557870272497 
6.58999999999798, -0.8409236074604773 
6.599999999997957, -0.8411382158603006 
6.6099999999979335, -0.8409482323930066 
6.61999999999791, -0.8439731987388807 
6.629999999997887, -0.855596741925092 
6.639999999997864, -0.858520329553216 
6.64999999999784, -0.8584112164816908 
6.659999999997817, -0.8563868329196151 
6.669999999997794, -0.8445787103614103 
6.67999999999777, -0.8442143121565012 
6.689999999997747, -0.844459638173621 
6.699999999997724, -0.8437455858706532 
6.7099999999977005, -0.8384087925511514 
6.719999999997677, -0.8332972710964319 
6.729999999997654, -0.8326224148242716 
6.7399999999976306, -0.8324730536196064 
6.749999999997607, -0.8318185214577816 
6.759999999997584, -0.8309869311700535 
6.769999999997561, -0.8304882036615687 
6.779999999997537, -0.8303865297665847 
6.789999999997514, -0.8303167713267455 
6.799999999997491, -0.8301767081859882 
6.809999999997467, -0.8299649235374351 
6.819999999997444, -0.8299969534954853 
6.829999999997421, -0.8304903595190346 
6.8399999999973975, -0.8311351578557139 
6.849999999997374, -0.8312325341538688 
6.859999999997351, -0.8310982184851001 
6.869999999997328, -0.8336036074431141 
6.879999999997304, -0.8412207103520154 
6.889999999997281, -0.8434112799710518 
6.899999999997258, -0.8432789008577329 
6.909999999997234, -0.841668936608232 
6.919999999997211, -0.8402720268130499 
6.929999999997188, -0.8429520507788032 
6.939999999997164, -0.8432118150111034 
6.949999999997141, -0.8424419281124962 
6.959999999997118, -0.8362519408164731 
6.9699999999970945, -0.8304286280894374 
6.979999999997071, -0.8297703548627305 
6.989999999997048, -0.8296156581507952 
6.999999999997025, -0.828912757480122 
7.009999999997001, -0.8280217815975683 
7.019999999996978, -0.8275017487136772 
7.029999999996955, -0.8273972076224462 
7.039999999996931, -0.8273179724270934 
7.049999999996908, -0.8271672521468904 
7.059999999996885, -0.826952064595048 
7.0699999999968615, -0.8269804476982788 
7.079999999996838, -0.8274601711986439 
7.089999999996815, -0.8280930297973347 
7.0999999999967915, -0.828190189679861 
7.109999999996768, -0.8280551386107298 
7.119999999996745, -0.8305649867376663 
7.129999999996722, -0.8383649095442953 
7.139999999996698, -0.840627643855527 
7.149999999996675, -0.8405016368275238 
7.159999999996652, -0.8387881765635161 
7.169999999996628, -0.8335713894456408 
7.179999999996605, -0.8348538593705012 
7.189999999996582, -0.835112878368533 
7.1999999999965585, -0.8344073877998871 
7.209999999996535, -0.8292082509050592 
7.219999999996512, -0.8242611146710381 
7.229999999996489, -0.8235662853308106 
7.239999999996465, -0.823426442549387 
7.249999999996442, -0.8228355601697138 
7.259999999996419, -0.8220929014417585 
7.269999999996395, -0.8216347474490201 
7.279999999996372, -0.8215436781279303 
7.289999999996349, -0.8215153119133937 
7.299999999996325, -0.8214321617461754 
7.309999999996302, -0.8212455226928226 
7.319999999996279, -0.8213022819796706 
7.3299999999962555, -0.8219951923014825 
7.339999999996232, -0.8229626028960771 
7.349999999996209, -0.8231716237504981 
7.359999999996186, -0.8229799882286885 
7.369999999996162, -0.8260466680945404 
7.379999999996139, -0.8395770053323852 
7.389999999996116, -0.8430461179042771 
7.399999999996092, -0.8429736712140387 
7.409999999996069, -0.8406969061526061 
7.419999999996046, -0.8157419814607948 
7.4299999999960225, -0.8086178622979215 
7.439999999995999, -0.8087809378543439 
7.449999999995976, -0.8083171825315972 
7.4599999999959525, -0.805909067568239 
7.469999999995929, -0.8035823410781361 
7.479999999995906, -0.8029234947459805 
7.489999999995883, -0.8028217071935249 
7.499999999995859, -0.8025409455636552 
7.509999999995836, -0.8021849449354397 
7.519999999995813, -0.8019095862480518 
7.529999999995789, -0.8019226484546728 
7.539999999995766, -0.8021733205792497 
7.549999999995743, -0.8024489965320084 
7.5599999999957195, -0.8023878159444984 
7.569999999995696, -0.8024242189438834 
7.579999999995673, -0.805059993315724 
7.58999999999565, -0.8103318832654126 
7.599999999995626, -0.8115138349479136 
7.609999999995603, -0.8112642341337979 
7.61999999999558, -0.8089004417172893 
7.629999999995556, -0.7992535408680519 
7.639999999995533, -0.7992149950934793 
7.64999999999551, -0.7993246355560215 
7.659999999995486, -0.7985298942516171 
7.669999999995463, -0.7951370245530688 
7.67999999999544, -0.7926978110150275 
7.6899999999954165, -0.7922247233387244 
7.699999999995393, -0.7921084916420833 
7.70999999999537, -0.7917734572378758 
7.719999999995347, -0.7914072637508098 
7.729999999995323, -0.791164118291242 
7.7399999999953, -0.7912306528856378 
7.749999999995277, -0.7915179237394586 
7.759999999995253, -0.7917793469239822 
7.76999999999523, -0.7916821652288821 
7.779999999995207, -0.7918886581447576 
7.789999999995183, -0.7958175665726449 
7.79999999999516, -0.8019458695500512 
7.809999999995137, -0.8028128663447238 
7.8199999999951135, -0.8024423245395216 
7.82999999999509, -0.7967749721280094 
7.839999999995067, -0.7715389720980809 
7.849999999995044, -0.7699882177540806 
7.85999999999502, -0.7699968886721351 
7.869999999994997, -0.7692705138326801 
7.879999999994974, -0.7674278622026761 
7.88999999999495, -0.7662637245965274 
7.899999999994927, -0.7659563937206251 
7.909999999994904, -0.7658975261568867 
7.9199999999948805, -0.7657747100819889 
7.929999999994857, -0.7656116988817279 
7.939999999994834, -0.7654764946470668 
7.9499999999948106, -0.7659051483125064 
7.959999999994787, -0.7671964563702114 
7.969999999994764, -0.7682736434502581 
7.979999999994741, -0.768263581509833 
7.989999999994717, -0.7679486689727221 
7.999999999994694, -0.7816581163733604 
8.00999999999467, -0.8012160687012169 
8.019999999994647, -0.8022590528242897 
8.029999999994624, -0.8019465288554938 
8.0399999999946, -0.7981861380298229 
8.049999999994577, -0.7911643256202909 
8.059999999994554, -0.7894518102943059 
8.06999999999453, -0.7893462071597979 
8.079999999994508, -0.7890057160802832 
8.089999999994484, -0.7884137654673723 
8.099999999994461, -0.7879664363302923 
8.109999999994438, -0.787818551585715 
8.119999999994414, -0.7878999047966134 
8.129999999994391, -0.7880338542853625 
8.139999999994368, -0.7880067184416902 
8.149999999994344, -0.7878984348977266 
8.159999999994321, -0.7889953838639828 
8.169999999994298, -0.7924876546747247 
8.179999999994275, -0.7944129857080409 
8.189999999994251, -0.7943825848370215 
8.199999999994228, -0.7934077444240383 
8.209999999994205, -0.7919331134822171 
8.219999999994181, -0.7921220661554677 
8.229999999994158, -0.792571652381296 
8.239999999994135, -0.7922126670510018 
8.249999999994111, -0.7895792844455428 
8.259999999994088, -0.7863346383063177 
8.269999999994065, -0.7853681809535705 
8.279999999994041, -0.7852612531399343 
8.289999999994018, -0.7850115593698413 
8.299999999993995, -0.7846545420699034 
8.309999999993972, -0.7843607657812548 
8.319999999993948, -0.7843300067883765 
8.329999999993925, -0.784602300139974 
8.339999999993902, -0.7850002829397876 
8.349999999993878, -0.7850482138626669 
8.359999999993855, -0.7849320910558142 
8.369999999993832, -0.7874146260313464 
8.379999999993808, -0.7964238787417566 
8.389999999993785, -0.7993064973236795 
8.399999999993762, -0.7992420702961017 
8.409999999993738, -0.7970141565921178 
8.419999999993715, -0.7710900434831797 
8.429999999993692, -0.7613996566237851 
8.439999999993669, -0.7614049062570126 
8.449999999993645, -0.7611116855280369 
8.459999999993622, -0.7599497009514958 
8.469999999993599, -0.7588776120561017 
8.479999999993575, -0.758419117427293 
8.489999999993552, -0.7583653177751636 
8.499999999993529, -0.7583493534424831 
8.509999999993505, -0.7583083124354963 
8.519999999993482, -0.758153333718587 
8.529999999993459, -0.7583837407268367 
8.539999999993436, -0.7601500007624394 
8.549999999993412, -0.7628055518327157 
8.559999999993389, -0.7633096051459909 
8.569999999993366, -0.7629405875812464 
8.579999999993342, -0.7601166228898014 
8.589999999993319, -0.7468377918608906 
8.599999999993296, -0.7462592264808426 
8.609999999993272, -0.746280669972017 
8.619999999993249, -0.745566852729022 
8.629999999993226, -0.7438222197576199 
8.639999999993202, -0.7427526675433807 
8.64999999999318, -0.7424562429206567 
8.659999999993156, -0.7424258399287831 
8.669999999993133, -0.7423801417957918 
8.67999999999311, -0.742287766076008 
8.689999999993086, -0.742158064447971 
8.699999999993063, -0.7427914174345598 
8.70999999999304, -0.7453231464161464 
8.719999999993016, -0.7475812365960472 
8.729999999992993, -0.7477140311916016 
8.73999999999297, -0.7469155874165201 
8.749999999992946, -0.7338794915114861 
8.759999999992923, -0.714013442016641 
8.7699999999929, -0.7136477192855455 
8.779999999992876, -0.7135477224951942 
8.789999999992853, -0.7128442824739961 
8.79999999999283, -0.7119479794993326 
8.809999999992806, -0.7114646313336582 
8.819999999992783, -0.7113739733570258 
8.82999999999276, -0.7115143203594497 
8.839999999992736, -0.7117757230132518 
8.849999999992713, -0.7118098636739252 
8.85999999999269, -0.7116848846718539 
8.869999999992666, -0.7146868140825183 
8.879999999992643, -0.73219882406047 
8.88999999999262, -0.7374128167884934 
8.899999999992596, -0.7374870556000337 
8.909999999992573, -0.7361522084142547 
8.91999999999255, -0.7290270403320603 
8.929999999992527, -0.7250936255523445 
8.939999999992503, -0.7246198412348762 
8.94999999999248, -0.7245183950812943 
8.959999999992457, -0.7242371409490044 
8.969999999992433, -0.7239600555189131 
8.97999999999241, -0.7237704372873148 
8.989999999992387, -0.7239805561072135 
8.999999999992363, -0.7248318316572573 
9.00999999999234, -0.7258756774459861 
9.019999999992317, -0.7259799287950385 
9.029999999992294, -0.7255962880612981 
9.03999999999227, -0.7302377844687807 
9.049999999992247, -0.7412312647320446 
9.059999999992224, -0.7423046806593578 
9.0699999999922, -0.7422278138488344 
9.079999999992177, -0.7410452870808587 
9.089999999992154, -0.7387510119960725 
9.09999999999213, -0.7376310350096994 
9.109999999992107, -0.7374104183483927 
9.119999999992084, -0.7373552613813411 
9.12999999999206, -0.737258992411844 
9.139999999992037, -0.7371176092874544 
9.149999999992014, -0.7370339895382977 
9.15999999999199, -0.7378045249681301 
9.169999999991967, -0.7401244246990224 
9.179999999991944, -0.741664563180098 
9.18999999999192, -0.7416422442083807 
9.199999999991897, -0.7405341464131824 
9.209999999991874, -0.7249892051123881 
9.21999999999185, -0.7118728091157397 
9.229999999991827, -0.7118740859861631 
9.239999999991804, -0.71169886285683 
9.24999999999178, -0.7108428577477253 
9.259999999991757, -0.7099609578091319 
9.269999999991734, -0.7095305669052488 
9.27999999999171, -0.7094873210016954 
9.289999999991688, -0.7096407973603128 
9.299999999991664, -0.7098808519735298 
9.309999999991641, -0.7098554329217946 
9.319999999991618, -0.7098089122238617 
9.329999999991594, -0.7144646861484002 
9.339999999991571, -0.731893134444346 
9.349999999991548, -0.7350760236633522 
9.359999999991524, -0.7350135295367447 
9.369999999991501, -0.7330156397747691 
9.379999999991478, -0.7256328904226472 
9.389999999991455, -0.7226156983507206 
9.399999999991431, -0.7223166185838049 
9.409999999991408, -0.7221938598763636 
9.419999999991385, -0.7219090435270814 
9.429999999991361, -0.7216478221593017 
9.439999999991338, -0.7214993407085607 
9.449999999991315, -0.721820070047971 
9.459999999991291, -0.7228461274498336 
9.469999999991268, -0.7238347756769284 
9.479999999991245, -0.7238459223176207 
9.489999999991221, -0.7233646773976363 
9.499999999991198, -0.7280775677658021 
9.509999999991175, -0.7309348765694218 
9.519999999991152, -0.7315006591945536 
9.529999999991128, -0.7313477627318921 
9.539999999991105, -0.7301041091383756 
9.549999999991082, -0.728366539633077 
9.559999999991058, -0.72757773837476 
9.569999999991035, -0.7274334834628938 
9.579999999991012, -0.7274165245051054 
9.589999999990988, -0.7274009363198993 
9.599999999990965, -0.7272919218419229 
9.609999999990942, -0.7272677551488568 
9.619999999990918, -0.728719921038456 
9.629999999990895, -0.7330293951676574 
9.639999999990872, -0.7349437535211928 
9.649999999990849, -0.7348726911828889 
9.659999999990825, -0.7327425297484249 
9.669999999990802, -0.7094282779665593 
9.679999999990779, -0.6997468940891279 
9.689999999990755, -0.6995223586122693 
9.699999999990732, -0.6993566928883493 
9.709999999990709, -0.6988198654129474 
9.719999999990685, -0.6983487057544164 
9.729999999990662, -0.6981021703496018 
9.739999999990639, -0.698208088007251 
9.749999999990616, -0.698710143617905 
9.759999999990592, -0.6993683321098899 
9.769999999990569, -0.6994121035930408 
9.779999999990546, -0.6991332902456244 
9.789999999990522, -0.7064215198990015 
9.799999999990499, -0.7246404094095539 
9.809999999990476, -0.7259820885894046 
9.819999999990452, -0.7259120090403114 
9.829999999990429, -0.7247774021034228 
9.839999999990406, -0.7226379643591996 
9.849999999990382, -0.7215970047402283 
9.85999999999036, -0.7213790125151275 
9.869999999990336, -0.7213516736533875 
9.879999999990313, -0.7213172247287689 
9.88999999999029, -0.7212232832626383 
9.899999999990266, -0.7211320970087687 
9.909999999990243, -0.7221624781560009 
9.91999999999022, -0.7260887228793308 
9.929999999990196, -0.7287136643960658 
9.939999999990173, -0.7287840512864359 
9.94999999999015, -0.727512277381318 
9.959999999990126, -0.7089682118122015 
9.969999999990103, -0.6953761885948536 
9.97999999999008, -0.694812982613729 
9.989999999990056, -0.694706496821166 
9.999999999990033, -0.6942596248144264 
10.00999999999001, -0.693802579930468 
10.019999999989986, -0.6935312323350138 
10.029999999989963, -0.6935931545317234 
10.03999999998994, -0.694112941382623 
10.049999999989916, -0.694971804298344 
10.059999999989893, -0.6951681372868727 
10.06999999998987, -0.694865517068677 
10.079999999989846, -0.6964363138546039 
10.089999999989823, -0.7013983589848488 
10.0999999999898, -0.7016756509552786 
10.109999999989776, -0.7017170948322167 
10.119999999989753, -0.7011217083366693 
10.12999999998973, -0.699808838801449 
10.139999999989707, -0.6990205909287168 
10.149999999989683, -0.6987735979303002 
10.15999999998966, -0.6988236276043273 
10.169999999989637, -0.6989936006825214 
10.179999999989613, -0.6991023318603251 
10.18999999998959, -0.6989655967395969 
10.199999999989567, -0.6998628610586661 
10.209999999989543, -0.7120111669516653 
10.21999999998952, -0.7232505458462951 
10.229999999989497, -0.7238372210623155 
10.239999999989474, -0.7233276485000377 
10.24999999998945, -0.7187235994638403 
10.259999999989427, -0.7136059458214026 
10.269999999989404, -0.7125140247003277 
10.27999999998938, -0.712421733170276 
10.289999999989357, -0.7122453749201824 
10.299999999989334, -0.712023437757157 
10.30999999998931, -0.7118183018555613 
10.319999999989287, -0.7118805151481127 
10.329999999989264, -0.7127860270645896 
10.33999999998924, -0.7146363364290121 
10.349999999989217, -0.7153056498315846 
10.359999999989194, -0.7150732214986593 
10.36999999998917, -0.7126539146924686 
10.379999999989147, -0.6887253997135557 
10.389999999989124, -0.6832584682899069 
10.3999999999891, -0.6832811388283573 
10.409999999989077, -0.6829975220823228 
10.419999999989054, -0.6822728597006196 
10.42999999998903, -0.6817461829970852 
10.439999999989007, -0.681525504858129 
10.449999999988984, -0.6816634414418473 
10.45999999998896, -0.6821623667303994 
10.469999999988937, -0.6827032185068252 
10.479999999988914, -0.6826662803901069 
10.48999999998889, -0.6824126202310568 
10.499999999988868, -0.6921706395222765 
10.509999999988844, -0.701014797510389 
10.519999999988821, -0.7016417264707712 
10.529999999988798, -0.7015111992517729 
10.539999999988774, -0.7004701023893081 
10.549999999988751, -0.6991037227781698 
10.559999999988728, -0.6984623859818331 
10.569999999988704, -0.6983388235459497 
10.579999999988681, -0.6984094628899524 
10.589999999988658, -0.698561680934577 
10.599999999988635, -0.6985541869994313 
10.609999999988611, -0.6984566452395149 
10.619999999988588, -0.7010753818839919 
10.629999999988565, -0.7153615436181666 
10.639999999988541, -0.7203589649375131 
10.649999999988518, -0.7204452606279141 
10.659999999988495, -0.7191745214781202 
10.669999999988471, -0.7124344061150596 
10.679999999988448, -0.7086786346457147 
10.689999999988425, -0.7081744044991876 
10.699999999988401, -0.7080891121824651 
10.709999999988378, -0.7078680367148815 
10.719999999988355, -0.70765061739452 
10.729999999988332, -0.7074785877154093 
10.739999999988308, -0.7077604330164042 
10.749999999988285, -0.7090732689381158 
10.759999999988262, -0.7108342511078225 
10.769999999988238, -0.7110913788257535 
10.779999999988215, -0.710591800733018 
10.789999999988192, -0.7030458395526026 
10.799999999988168, -0.6776003213451145 
10.809999999988145, -0.6760362992162103 
10.819999999988122, -0.6760066080145956 
10.829999999988098, -0.6755947718149109 
10.839999999988075, -0.6749739019631836 
10.849999999988052, -0.6745921562906384 
10.859999999988029, -0.6745083836073904 
10.869999999988005, -0.6748339353367478 
10.879999999987982, -0.6756341605297347 
10.889999999987959, -0.6761166735708183 
10.899999999987935, -0.6759594520934966 
10.909999999987912, -0.6753602600445657 
10.919999999987889, -0.6690170212756462 
10.929999999987865, -0.6626140015863841 
10.939999999987842, -0.6626908344080621 
10.949999999987819, -0.6624811491606717 
10.959999999987796, -0.6617795688112004 
10.969999999987772, -0.6612146572852007 
10.979999999987749, -0.660952148083872 
10.989999999987726, -0.6610569355588863 
10.999999999987702, -0.66161034545854 
11.009999999987679, -0.6624297612476481 
11.019999999987656, -0.6625426207252818 
11.029999999987632, -0.6621186010214827 
11.039999999987609, -0.6586293181320533 
11.049999999987586, -0.6377885800530163 
11.059999999987562, -0.6363402495525078 
11.06999999998754, -0.6363179926301433 
11.079999999987516, -0.6359765632726967 
11.089999999987493, -0.6355033510714437 
11.09999999998747, -0.6352116612710534 
11.109999999987446, -0.6351795528826073 
11.119999999987423, -0.6358208524809353 
11.1299999999874, -0.6377350347362114 
11.139999999987376, -0.638966117023894 
11.149999999987353, -0.6389023949544446 
11.15999999998733, -0.6369577234677853 
11.169999999987306, -0.6220438376310133 
11.179999999987283, -0.6159229484992371 
11.18999999998726, -0.6154295844879073 
11.199999999987236, -0.6153712528873753 
11.209999999987213, -0.6152527455700245 
11.21999999998719, -0.6151766050742966 
11.229999999987166, -0.6150465746450271 
11.239999999987143, -0.6155408363583292 
11.24999999998712, -0.6225907967570744 
11.259999999987096, -0.6356695507753332 
11.269999999987073, -0.6368738463997362 
11.27999999998705, -0.6366663716223728 
11.289999999987026, -0.6349998049143323 
11.299999999987003, -0.6329945638851656 
11.30999999998698, -0.6322602343963978 
11.319999999986956, -0.6321448626718698 
11.329999999986933, -0.632265645370381 
11.33999999998691, -0.6325697120913929 
11.349999999986887, -0.6326850835875385 
11.359999999986863, -0.6324947021173624 
11.36999999998684, -0.6344372742358168 
11.379999999986817, -0.6519414975334077 
11.389999999986793, -0.6529541681936235 
11.39999999998677, -0.6530912954857688 
11.409999999986747, -0.6527431716321642 
11.419999999986723, -0.6518431941232379 
11.4299999999867, -0.6512423147931867 
11.439999999986677, -0.6510114929786882 
11.449999999986654, -0.6511527817912637 
11.45999999998663, -0.6517084339518143 
11.469999999986607, -0.6523754563565012 
11.479999999986584, -0.6523813874525046 
11.48999999998656, -0.651852982191646 
11.499999999986537, -0.645770068540766 
11.509999999986514, -0.6269063871655981 
11.51999999998649, -0.6261961896352317 
11.529999999986467, -0.6261426372734367 
11.539999999986444, -0.6257776995843777 
11.54999999998642, -0.6253792421850941 
11.559999999986397, -0.6251373029479306 
11.569999999986374, -0.6251985936997733 
11.57999999998635, -0.6262068669056171 
11.589999999986327, -0.6289488726131907 
11.599999999986304, -0.6301435214576062 
11.60999999998628, -0.6300071802418296 
11.619999999986257, -0.6273583768299249 
11.629999999986234, -0.6172041283477555 
11.63999999998621, -0.614037862455974 
11.649999999986187, -0.6137074453983342 
11.659999999986164, -0.6136694183113218 
11.66999999998614, -0.6136373457736306 
11.679999999986117, -0.6136258884229449 
11.689999999986094, -0.6135006994006948 
11.69999999998607, -0.6143886918236424 
11.709999999986048, -0.628990004744992 
11.719999999986024, -0.6439953463695596 
11.729999999986001, -0.644705425141886 
11.739999999985978, -0.64443553822475 
11.749999999985954, -0.6429761528054644 
11.759999999985931, -0.6416304601270824 
11.769999999985908, -0.64111989548093 
11.779999999985884, -0.6410759932054596 
11.789999999985861, -0.6412761420374672 
11.799999999985838, -0.6416725554585937 
11.809999999985815, -0.6417540054660206 
11.819999999985791, -0.6415231262086111 
11.829999999985768, -0.6447081925347298 
11.839999999985745, -0.6553362850338059 
11.849999999985721, -0.6554047522295091 
11.859999999985698, -0.6554591096156854 
11.869999999985675, -0.6550219363758054 
11.879999999985651, -0.6541596986558001 
11.889999999985628, -0.6536403816085061 
11.899999999985605, -0.6534724251840133 
11.909999999985581, -0.6536801407710445 
11.919999999985558, -0.6543249638056164 
11.929999999985535, -0.6549096028010354 
11.939999999985512, -0.6548364236189577 
11.949999999985488, -0.6541655507810762 
11.959999999985465, -0.6441565087434369 
11.969999999985442, -0.6295385423114696 
11.979999999985418, -0.6292647387928102 
11.989999999985395, -0.6291690103723027 
11.999999999985372, -0.6287481025204266 
12.009999999985348, -0.6283625999938123 
12.019999999985325, -0.6281405059675859 
12.029999999985302, -0.628288340733788 
12.039999999985278, -0.629456132627296 
12.049999999985255, -0.6319966067517448 
12.059999999985232, -0.6327513553133893 
12.069999999985209, -0.6324805402925754 
12.079999999985185, -0.6281774017401495 
12.089999999985162, -0.6169441416393799 
12.099999999985139, -0.6144206806012598 
12.109999999985115, -0.6142170890533145 
12.119999999985092, -0.6141636874240648 
12.129999999985069, -0.6141157424587532 
12.139999999985045, -0.6140657136947417 
12.149999999985022, -0.613957327967774 
12.159999999984999, -0.615519764743209 
12.169999999984976, -0.6316313827862932 
12.179999999984952, -0.6417576941572559 
12.189999999984929, -0.6421526162840097 
12.199999999984906, -0.6417224440921242 
12.209999999984882, -0.6399499331062092 
12.219999999984859, -0.6386656484365931 
12.229999999984836, -0.6382319886924541 
12.239999999984812, -0.6382312593434992 
12.249999999984789, -0.6384498327181136 
12.259999999984766, -0.6388099934115111 
12.269999999984742, -0.6388154774960856 
12.27999999998472, -0.6385989007722552 
12.289999999984696, -0.6448130590600246 
12.299999999984673, -0.6543871865887733 
12.30999999998465, -0.6547141335028362 
12.319999999984626, -0.6547018747651001 
12.329999999984603, -0.6541482995617496 
12.33999999998458, -0.653302022779469 
12.349999999984556, -0.652837230439456 
12.359999999984533, -0.6527281142752537 
12.36999999998451, -0.652995911206187 
12.379999999984486, -0.6537007840730411 
12.389999999984463, -0.6541676011165695 
12.39999999998444, -0.6540207229673133 
12.409999999984416, -0.6531700222573508 
12.419999999984393, -0.6385166105769908 
12.42999999998437, -0.6284439611770399 
12.439999999984346, -0.6283525855794638 
12.449999999984323, -0.6282101069260686 
12.4599999999843, -0.6277644168289159 
12.469999999984276, -0.6274129974327406 
12.479999999984253, -0.6272252471664671 
12.48999999998423, -0.6274866082840039 
12.499999999984206, -0.6289524163093653 
12.509999999984183, -0.6314832958416516 
12.51999999998416, -0.6319749799724063 
12.529999999984136, -0.6315485966374809 
12.539999999984113, -0.6255594670972185 
12.54999999998409, -0.6159425390353365 
12.559999999984067, -0.6141992334084959 
12.569999999984043, -0.614071104069541 
12.57999999998402, -0.6140150821258276 
12.589999999983997, -0.6139870118919699 
12.599999999983973, -0.6139224733272045 
12.60999999998395, -0.613852057949394 
12.619999999983927, -0.6164584919504936 
12.629999999983903, -0.6359168563935207 
12.63999999998388, -0.6427159985102919 
12.649999999983857, -0.6429118982596004 
12.659999999983834, -0.6423177304989192 
12.66999999998381, -0.640501491147519 
12.679999999983787, -0.6394170375639339 
12.689999999983764, -0.6390799589663234 
12.69999999998374, -0.6391231985822581 
12.709999999983717, -0.6393855156233132 
12.719999999983694, -0.6397235730612957 
12.72999999998367, -0.639670184223471 
12.739999999983647, -0.6395135908626861 
12.749999999983624, -0.6490013447776685 
12.7599999999836, -0.6547530806462126 
12.769999999983577, -0.6550806878055151 
12.779999999983554, -0.6550014307493357 
12.78999999998353, -0.6543410602735378 
12.799999999983507, -0.6535458852715493 
12.809999999983484, -0.6531383023668245 
12.81999999998346, -0.653089797073108 
12.829999999983437, -0.6534219465516392 
12.839999999983414, -0.6541704019540899 
12.84999999998339, -0.6545133312665596 
12.859999999983367, -0.6542931325875927 
12.869999999983344, -0.6532058739230377 
12.87999999998332, -0.6351744112901647 
12.889999999983297, -0.6291098191928829 
12.899999999983274, -0.629094578287612 
12.90999999998325, -0.6288968545157871 
12.919999999983228, -0.6284322930629527 
12.929999999983204, -0.6281041895743789 
12.939999999983181, -0.6279556148859013 
12.949999999983158, -0.6283391986309401 
12.959999999983134, -0.6300550366998426 
12.969999999983111, -0.632301887537752 
12.979999999983088, -0.6325706796755538 
12.989999999983064, -0.6319034869063668 
12.999999999983041, -0.6237638763351961 
13.009999999983018, -0.6153907941770124 
13.019999999982995, -0.6141640333438273 
13.029999999982971, -0.6140836015304157 
13.039999999982948, -0.614017420202833 
13.049999999982925, -0.6139914045959005 
13.059999999982901, -0.613902060058438 
13.069999999982878, -0.6139181819333582 
13.079999999982855, -0.6179596116324756 
13.089999999982831, -0.6379377889020125 
13.099999999982808, -0.642057113971786 
13.109999999982785, -0.6421131847293978 
13.119999999982761, -0.6412934703920617 
13.129999999982738, -0.6394268364063881 
13.139999999982715, -0.6384833149215863 
13.149999999982692, -0.6382266557169032 
13.159999999982668, -0.6383052653774969 
13.169999999982645, -0.6386013375501282 
13.179999999982622, -0.6388876785870754 
13.189999999982598, -0.6387801256855985 
13.199999999982575, -0.6388205086357156 
13.209999999982552, -0.6514040000182598 
13.219999999982528, -0.6541057605046235 
13.229999999982505, -0.6543917850436634 
13.239999999982482, -0.6542423094196704 
13.249999999982458, -0.6534907965459598 
13.259999999982435, -0.6527625234840733 
13.269999999982412, -0.6524127043260447 
13.279999999982389, -0.652426536825318 
13.289999999982365, -0.652833370831164 
13.299999999982342, -0.6536109218936568 
13.309999999982319, -0.6538402248313918 
13.319999999982295, -0.6535389209996628 
13.329999999982272, -0.651740010867268 
13.339999999982249, -0.6303890466215438 
13.349999999982225, -0.6269295328314729 
13.359999999982202, -0.6269224025791613 
13.369999999982179, -0.6266755572670372 
13.379999999982156, -0.6262325574068681 
13.389999999982132, -0.6259412035309054 
13.399999999982109, -0.6258464757839466 
13.409999999982086, -0.6264091257972725 
13.419999999982062, -0.6285938863213225 
13.429999999982039, -0.630692728076057 
13.439999999982016, -0.6308194343191581 
13.449999999981992, -0.6298119051965984 
13.459999999981969, -0.6208996544316386 
13.469999999981946, -0.6149714473182633 
13.479999999981922, -0.6141599038346314 
13.4899999999819, -0.6141047823804414 
13.499999999981876, -0.6140536381973497 
13.509999999981853, -0.6140540773032376 
13.51999999998183, -0.6139530959709155 
13.529999999981806, -0.6140957250669568 
13.539999999981783, -0.6207130432724448 
13.54999999998176, -0.6420598128516462 
13.559999999981736, -0.6444665217362462 
13.569999999981713, -0.6444204675158005 
13.57999999998169, -0.6434165918755824 
13.589999999981666, -0.6417351725768122 
13.599999999981643, -0.6409693255793785 
13.60999999998162, -0.6407913916902136 
13.619999999981596, -0.6409107528664181 
13.629999999981573, -0.6412570064462667 
13.63999999998155, -0.6414914948079107 
13.649999999981526, -0.6413369782359344 
13.659999999981503, -0.6417902998177437 
13.66999999998148, -0.6556944609066416 
13.679999999981456, -0.6564880157164911 
13.689999999981433, -0.6567069833473643 
13.69999999998141, -0.656475749041521 
13.709999999981386, -0.6556380630345948 
13.719999999981363, -0.6549619567289356 
13.72999999998134, -0.6546622185732859 
13.739999999981316, -0.654730735714502 
13.749999999981293, -0.655186764819672 
13.75999999998127, -0.655900082190023 
13.769999999981247, -0.6560066728740079 
13.779999999981223, -0.6556267910112292 
13.7899999999812, -0.6539346549283809 
13.799999999981177, -0.6360717985322453 
13.809999999981153, -0.6345980450693594 
13.81999999998113, -0.6345845742108122 
13.829999999981107, -0.6342419154958281 
13.839999999981083, -0.6337465140401892 
13.84999999998106, -0.6334428902775326 
13.859999999981037, -0.6333962430515997 
13.869999999981014, -0.6339928473272837 
13.87999999998099, -0.6358237373279488 
13.889999999980967, -0.6370884427756507 
13.899999999980944, -0.63704324075441 
13.90999999998092, -0.6352626001336596 
13.919999999980897, -0.6205710226508337 
13.929999999980874, -0.6140812295714424 
13.93999999998085, -0.6135414458232371 
13.949999999980827, -0.6134850541675613 
13.959999999980804, -0.6133707412921245 
13.96999999998078, -0.6133000595514085 
13.979999999980757, -0.6131710002171818 
13.989999999980734, -0.6136086775230521 
13.99999999998071, -0.6205832393851652 
14.009999999980687, -0.6346620205093075 
14.019999999980664, -0.6360123448100329 
14.02999999998064, -0.6358336328118899 
14.039999999980617, -0.6343032936376597 
14.049999999980594, -0.6323719182996285 
14.05999999998057, -0.6316393952263202 
14.069999999980547, -0.6315164227456573 
14.079999999980524, -0.6316441741555254 
14.0899999999805, -0.6319715718741924 
14.099999999980477, -0.6321149087140836 
14.109999999980454, -0.631924053798267 
14.11999999998043, -0.6333318635250179 
14.129999999980408, -0.6467196150124513 
14.139999999980384, -0.6465358122653947 
14.149999999980361, -0.6466682772023957 
14.159999999980338, -0.6463679543349661 
14.169999999980314, -0.6455748671707532 
14.179999999980291, -0.6450299400456578 
14.189999999980268, -0.644810677974608 
14.199999999980244, -0.644979261513435 
14.209999999980221, -0.6456639523876014 
14.219999999980198, -0.6465394913987005 
14.229999999980175, -0.6466032138081026 
14.239999999980151, -0.64598023283789 
14.249999999980128, -0.6342661611854195 
14.259999999980105, -0.6112159884768869 
14.269999999980081, -0.6099283236735388 
14.279999999980058, -0.609879747268064 
14.289999999980035, -0.6096395967361686 
14.299999999980011, -0.6093861518550938 
14.309999999979988, -0.6092042184246046 
14.319999999979965, -0.6092805542323801 
14.329999999979941, -0.6110663844294679 
14.339999999979918, -0.6174183245845314 
14.349999999979895, -0.61989155606278 
14.359999999979872, -0.6198746427709118 
14.369999999979848, -0.618482322616804 
14.379999999979825, -0.6146651039631215 
14.389999999979802, -0.6130797861926207 
14.399999999979778, -0.6127599449894033 
14.409999999979755, -0.6127893230865359 
14.419999999979732, -0.6129613316289916 
14.429999999979708, -0.6131527712173969 
14.439999999979685, -0.6130414717108869 
14.449999999979662, -0.6132253020207982 
14.459999999979638, -0.627417215827684 
14.469999999979615, -0.6310245148896819 
14.479999999979592, -0.6312687099080511 
14.489999999979569, -0.6311437376738347 
14.499999999979545, -0.6305183746096458 
14.509999999979522, -0.6299286247312473 
14.519999999979499, -0.6296351437618448 
14.529999999979475, -0.629697966589399 
14.539999999979452, -0.6303589835532422 
14.549999999979429, -0.6317571041614376 
14.559999999979405, -0.6322354817584389 
14.569999999979382, -0.6319400014357657 
14.579999999979359, -0.6268437109868817 
14.589999999979335, -0.6058136323378491 
14.599999999979312, -0.6020576629548923 
14.609999999979289, -0.6018891092481466 
14.619999999979266, -0.6017955006088577 
14.629999999979242, -0.6016617400143636 
14.639999999979219, -0.6015619275484403 
14.649999999979196, -0.6014646294100786 
14.659999999979172, -0.6027891756296399 
14.669999999979149, -0.614648401507584 
14.679999999979126, -0.6239346279358557 
14.689999999979102, -0.6243664447991583 
14.69999999997908, -0.6239450080889866 
14.709999999979056, -0.6221525580194995 
14.719999999979033, -0.6208594456675263 
14.72999999997901, -0.6204277211503044 
14.739999999978986, -0.6204339128817551 
14.749999999978963, -0.6207065147000059 
14.75999999997894, -0.6211879004164552 
14.769999999978916, -0.6212522004072973 
14.779999999978893, -0.620917034053687 
14.78999999997887, -0.6198324307340493 
14.799999999978846, -0.6004960709968301 
14.809999999978823, -0.5985713362614359 
14.8199999999788, -0.5985515788170667 
14.829999999978776, -0.5983042338855947 
14.839999999978753, -0.5979756985094744 
14.84999999997873, -0.5977645293102064 
14.859999999978706, -0.5977465276320791 
14.869999999978683, -0.5989317678580348 
14.87999999997866, -0.6042104053334408 
14.889999999978636, -0.6076259627880002 
14.899999999978613, -0.6077523673337637 
14.90999999997859, -0.606830119466673 
14.919999999978566, -0.6033559977289044 
14.929999999978543, -0.6015648380875271 
14.93999999997852, -0.601142806116673 
14.949999999978496, -0.6011592590842668 
14.959999999978473, -0.601363260177277 
14.96999999997845, -0.6016783122913857 
14.979999999978427, -0.6016410327015453 
14.989999999978403, -0.601353158169089 
14.99999999997838, -0.6022151900127004 
15.009999999978357, -0.5874149140487235 
15.019999999978333, -0.5865776599261148 
15.02999999997831, -0.5865406016527156 
15.039999999978287, -0.5862600838895687 
15.049999999978263, -0.5859711255200651 
15.05999999997824, -0.5857839059683038 
15.069999999978217, -0.5858591945473122 
15.079999999978194, -0.5877535332936948 
15.08999999997817, -0.5952932994705469 
15.099999999978147, -0.5982338576073021 
15.109999999978124, -0.5982589167479214 
15.1199999999781, -0.5972065621999411 
15.129999999978077, -0.5947100878959662 
15.139999999978054, -0.593612129571129 
15.14999999997803, -0.5933468284223912 
15.159999999978007, -0.593445759566459 
15.169999999977984, -0.5938515751578376 
15.17999999997796, -0.5943167324113066 
15.189999999977937, -0.5942600791143783 
15.199999999977914, -0.5934680063699019 
15.20999999997789, -0.5763411137760966 
15.219999999977867, -0.5592418947287359 
15.229999999977844, -0.5584048354656158 
15.23999999997782, -0.5583564161187315 
15.249999999977797, -0.5582267334061253 
15.259999999977774, -0.5581627755186755 
15.26999999997775, -0.5580578720793857 
15.279999999977727, -0.5581813096200694 
15.289999999977704, -0.565496478741193 
15.29999999997768, -0.5909845409663812 
15.309999999977657, -0.5929335375460945 
15.319999999977634, -0.5929466387774482 
15.32999999997761, -0.5924328682888554 
15.339999999977588, -0.5917017354346147 
15.349999999977564, -0.5913265070408213 
15.359999999977541, -0.5912639412044234 
15.369999999977518, -0.5918100686927448 
15.379999999977494, -0.5936986655245412 
15.389999999977471, -0.5951830015203228 
15.399999999977448, -0.5951913583046158 
15.409999999977424, -0.5937587782100596 
15.419999999977401, -0.5858479151232134 
15.429999999977378, -0.5822949418093281 
15.439999999977355, -0.5817642683945713 
15.449999999977331, -0.5817476900030689 
15.459999999977308, -0.5818247954270015 
15.469999999977285, -0.5819910137456634 
15.479999999977261, -0.581922210204255 
15.489999999977238, -0.5818488628020047 
15.499999999977215, -0.5899764995977452 
15.509999999977191, -0.5880917467817318 
15.519999999977168, -0.5877182081586618 
15.529999999977145, -0.5876827248450257 
15.539999999977121, -0.5873421643515456 
15.549999999977098, -0.586980618636794 
15.559999999977075, -0.5867656498476223 
15.569999999977052, -0.5868313603684202 
15.579999999977028, -0.5883181334833261 
15.589999999977005, -0.5937652784253908 
15.599999999976982, -0.5961724688478868 
15.609999999976958, -0.5961713829591725 
15.619999999976935, -0.5949235047701485 
15.629999999976912, -0.591716762915614 
15.639999999976888, -0.5903817263558012 
15.649999999976865, -0.5900875381586005 
15.659999999976842, -0.5901585237467445 
15.669999999976818, -0.5904791052643976 
15.679999999976795, -0.5908576519657854 
15.689999999976772, -0.590787680673019 
15.699999999976749, -0.5901623326886759 
15.709999999976725, -0.5759003614522746 
15.719999999976702, -0.557708461549018 
15.729999999976679, -0.556926959225684 
15.739999999976655, -0.5568780640549252 
15.749999999976632, -0.5567226994427348 
15.759999999976609, -0.5566301558383692 
15.769999999976585, -0.5565166341876755 
15.779999999976562, -0.556662001944124 
15.789999999976539, -0.5633435357798923 
15.799999999976515, -0.5878724584343923 
15.809999999976492, -0.5901244579432332 
15.819999999976469, -0.5901379062473717 
15.829999999976446, -0.5895930506639739 
15.839999999976422, -0.5888097469164045 
15.849999999976399, -0.5884158539181081 
15.859999999976376, -0.5883464993676599 
15.869999999976352, -0.588862815433837 
15.879999999976329, -0.5906537932313727 
15.889999999976306, -0.5920947628824952 
15.899999999976282, -0.5921034273300619 
15.90999999997626, -0.5906815096888489 
15.919999999976236, -0.5827153837093115 
15.929999999976213, -0.5791283188784081 
15.93999999997619, -0.578592640360558 
15.949999999976166, -0.578576891668534 
15.959999999976143, -0.5786605490295059 
15.96999999997612, -0.5788390875214026 
15.979999999976096, -0.5787758883442551 
15.989999999976073, -0.5786585984283524 
15.99999999997605, -0.5850047847209486 
16.009999999976028, -0.578556566894809 
16.019999999976005, -0.57794133622385 
16.02999999997598, -0.5779091187372735 
16.039999999975958, -0.5776152047449766 
16.049999999975935, -0.5773121973705622 
16.05999999997591, -0.5771227217406015 
16.069999999975888, -0.5771924882803112 
16.079999999975865, -0.5791049952263376 
16.08999999997584, -0.5871535905299611 
16.099999999975818, -0.5903495623975147 
16.109999999975795, -0.5903958706507555 
16.11999999997577, -0.5894620297597427 
16.129999999975748, -0.58731431752245 
16.139999999975725, -0.5863449249135475 
16.1499999999757, -0.5860987017965286 
16.15999999997568, -0.5862290222198777 
16.169999999975655, -0.586753410320171 
16.17999999997563, -0.587372664608991 
16.18999999997561, -0.5873521202760954 
16.199999999975585, -0.5863882668800228 
16.20999999997556, -0.5694497217935923 
16.21999999997554, -0.5560458957594736 
16.229999999975515, -0.555104900747329 
16.239999999975492, -0.5550575212102756 
16.24999999997547, -0.5549943730021719 
16.259999999975445, -0.5550131870741943 
16.269999999975422, -0.5549404770829428 
16.2799999999754, -0.5549370819005921 
16.289999999975375, -0.5626359437867385 
16.299999999975352, -0.5815174675439733 
16.30999999997533, -0.5818208325645243 
16.319999999975305, -0.5818389548590754 
16.329999999975282, -0.5814954399030559 
16.33999999997526, -0.5810266248030211 
16.349999999975235, -0.5807615403391545 
16.359999999975212, -0.5807320022470283 
16.36999999997519, -0.5816699829992612 
16.379999999975166, -0.5857260875007638 
16.389999999975142, -0.5887147507277475 
16.39999999997512, -0.5888426685707473 
16.409999999975096, -0.5879396953310082 
16.419999999975072, -0.5845436593149281 
16.42999999997505, -0.5828241059446712 
16.439999999975026, -0.5824141586477096 
16.449999999975002, -0.5824462513640734 
16.45999999997498, -0.5827270941727224 
16.469999999974956, -0.5831801028946124 
16.479999999974932, -0.583193240433082 
16.48999999997491, -0.5826815952098134 
16.499999999974886, -0.5722107670716549 
16.509999999974863, -0.5492468207550804 
16.51999999997484, -0.547671977010451 
16.529999999974816, -0.5476187169007533 
16.539999999974793, -0.5475150032794999 
16.54999999997477, -0.5474659853145025 
16.559999999974746, -0.5473951824081204 
16.569999999974723, -0.5473458486578526 
16.5799999999747, -0.5518250865054397 
16.589999999974676, -0.5780206080702722 
16.599999999974653, -0.5799369451322881 
16.60999999997463, -0.5800277319877459 
16.619999999974606, -0.5797223590331783 
16.629999999974583, -0.5791723811707419 
16.63999999997456, -0.5788530195737939 
16.649999999974536, -0.578753478310353 
16.659999999974513, -0.579366421822604 
16.66999999997449, -0.5823656608745871 
16.679999999974466, -0.58574391222376 
16.689999999974443, -0.5860330893104437 
16.69999999997442, -0.5853968586275752 
16.709999999974396, -0.5819571447053339 
16.719999999974373, -0.5796974473658738 
16.72999999997435, -0.5791358785628142 
16.739999999974327, -0.5791187036660131 
16.749999999974303, -0.5793385441908789 
16.75999999997428, -0.579794992542645 
16.769999999974257, -0.5798844204106677 
16.779999999974233, -0.5795137761265106 
16.78999999997421, -0.5736532441367866 
16.799999999974187, -0.5471939761294075 
16.809999999974163, -0.5444348917080365 
16.81999999997414, -0.5443499663626282 
16.829999999974117, -0.544263620317694 
16.839999999974093, -0.5442083747739133 
16.84999999997407, -0.5441650957825254 
16.859999999974047, -0.544057422793435 
16.869999999974024, -0.5464627387342914 
16.879999999974, -0.5711969946015173 
16.889999999973977, -0.5736949800777245 
16.899999999973954, -0.5738359330065699 
16.90999999997393, -0.5736291624293219 
16.919999999973907, -0.5731406602385818 
16.929999999973884, -0.5728285914861738 
16.93999999997386, -0.5726878200630229 
16.949999999973837, -0.5731752260807746 
16.959999999973814, -0.5763327767047638 
16.96999999997379, -0.5814881091897758 
16.979999999973767, -0.5821328964329971 
16.989999999973744, -0.5817799796789467 
16.99999999997372, -0.5795052348854901 
17.009999999973697, -0.5774866483153198 
17.019999999973674, -0.5768776552223612 
17.02999999997365, -0.5768267425991541 
17.039999999973627, -0.5770853805104458 
17.049999999973604, -0.577721397006273 
17.05999999997358, -0.5779880387325783 
17.069999999973557, -0.5777066283638902 
17.079999999973534, -0.5732213955276358 
17.08999999997351, -0.5501402030734039 
17.099999999973488, -0.5461352019126137 
17.109999999973464, -0.5459313202953893 
17.11999999997344, -0.545890865361655 
17.129999999973418, -0.5458900152837161 
17.139999999973394, -0.545920203954145 
17.14999999997337, -0.5457882461205901 
17.159999999973348, -0.5466374981842625 
17.169999999973324, -0.5603784435404437 
17.1799999999733, -0.5566562809968701 
17.189999999973278, -0.5566216947780481 
17.199999999973254, -0.5565214587787128 
17.20999999997323, -0.5562066696568689 
17.219999999973208, -0.5559906752060758 
17.229999999973185, -0.5558451664846955 
17.23999999997316, -0.5562374170217141 
17.249999999973138, -0.5614423767339372 
17.259999999973115, -0.574481083258264 
17.26999999997309, -0.5760315696320165 
17.279999999973068, -0.5759235889157663 
17.289999999973045, -0.5749657689854664 
17.29999999997302, -0.5738805407899316 
17.309999999972998, -0.5734340143255596 
17.319999999972975, -0.5733941481765793 
17.32999999997295, -0.5738764648539418 
17.339999999972928, -0.5753283586493979 
17.349999999972905, -0.5762278703653861 
17.35999999997288, -0.5761142289849303 
17.36999999997286, -0.5738365603614478 
17.379999999972835, -0.5646641344022342 
17.38999999997281, -0.5617367943263121 
17.39999999997279, -0.5613590227470446 
17.409999999972765, -0.5613692499132995 
17.41999999997274, -0.5615076572586511 
17.42999999997272, -0.5617164605458674 
17.439999999972695, -0.5616275416924109 
17.449999999972672, -0.5613338784479278 
17.45999999997265, -0.5543287338430568 
17.469999999972625, -0.536184891562028 
17.479999999972602, -0.5354118581957341 
17.48999999997258, -0.5353682771596664 
17.499999999972555, -0.5352252911622174 
17.509999999972532, -0.5351562886437365 
17.51999999997251, -0.5350586370997014 
17.529999999972485, -0.5351308694586309 
17.539999999972462, -0.5425307930355471 
17.54999999997244, -0.5667183049883856 
17.559999999972415, -0.5677070117533766 
17.569999999972392, -0.5677358456932271 
17.57999999997237, -0.567389867624231 
17.589999999972346, -0.566919821384003 
17.599999999972322, -0.5666607860893744 
17.6099999999723, -0.5666301219552483 
17.619999999972276, -0.5676522577200483 
17.629999999972252, -0.5725960049480596 
17.63999999997223, -0.5763124260249052 
17.649999999972206, -0.5764933629122745 
17.659999999972182, -0.575771272766532 
17.66999999997216, -0.5733444195367643 
17.679999999972136, -0.5720694486146111 
17.689999999972112, -0.5717225583255018 
17.69999999997209, -0.5717980280159726 
17.709999999972066, -0.5722618242877138 
17.719999999972043, -0.5730243646698903 
17.72999999997202, -0.5731292054648035 
17.739999999971996, -0.5725067946698194 
17.749999999971973, -0.5616433255560468 
17.75999999997195, -0.5477912188469912 
17.769999999971926, -0.546295409021073 
17.779999999971903, -0.5462143599594508 
17.78999999997188, -0.5462031121490308 
17.799999999971856, -0.5463006662333334 
17.809999999971833, -0.5463106649960197 
17.81999999997181, -0.5461394866082966 
17.829999999971786, -0.5482838667804337 
17.839999999971763, -0.5415098853054733 
17.84999999997174, -0.5374159258424765 
17.859999999971716, -0.5373717255175374 
17.869999999971693, -0.5372438097395099 
17.87999999997167, -0.5370565710153405 
17.889999999971646, -0.5369542427228847 
17.899999999971623, -0.5368511050240431 
17.9099999999716, -0.5381717777281028 
17.919999999971576, -0.5580756130942837 
17.929999999971553, -0.5704330288625495 
17.93999999997153, -0.5708440485425842 
17.949999999971507, -0.5706588823310057 
17.959999999971483, -0.5700215256444412 
17.96999999997146, -0.5695617209605637 
17.979999999971437, -0.5693546253632393 
17.989999999971413, -0.5695922400328355 
17.99999999997139, -0.5713062691519638 
18.009999999971367, -0.5752001011818189 
18.019999999971343, -0.5761009013749293 
18.02999999997132, -0.5758552679376205 
18.039999999971297, -0.5735012650012731 
18.049999999971273, -0.5704686985618607 
18.05999999997125, -0.5695672276616707 
18.069999999971227, -0.5694340379490049 
18.079999999971204, -0.5695985057037922 
18.08999999997118, -0.5700997854424633 
18.099999999971157, -0.5704323153651681 
18.109999999971134, -0.5702498303373644 
18.11999999997111, -0.5679168796646432 
18.129999999971087, -0.5444440700355875 
18.139999999971064, -0.5378145757444066 
18.14999999997104, -0.5374561168222824 
18.159999999971017, -0.5374219165765395 
18.169999999970994, -0.5374104672378903 
18.17999999997097, -0.5374731475970053 
18.189999999970947, -0.5373656857102871 
18.199999999970924, -0.5375410546612607 
18.2099999999709, -0.5452587589559444 
18.219999999970877, -0.5356802318459897 
18.229999999970854, -0.5351998024325816 
18.23999999997083, -0.5351539421166868 
18.249999999970807, -0.5349470138799638 
18.259999999970784, -0.5348074943040249 
18.26999999997076, -0.5346862191215728 
18.279999999970737, -0.534821922176704 
18.289999999970714, -0.5409903658845533 
18.29999999997069, -0.5659916438651962 
18.309999999970668, -0.5682557840696528 
18.319999999970644, -0.5682911438400009 
18.32999999997062, -0.56785496392538 
18.339999999970598, -0.5672394514626588 
18.349999999970574, -0.5669207515567699 
18.35999999997055, -0.5668732598063464 
18.369999999970528, -0.5676432756587025 
18.379999999970504, -0.5709639641084846 
18.38999999997048, -0.5737082778668695 
18.399999999970458, -0.5738463837882749 
18.409999999970434, -0.5729822180685384 
18.41999999997041, -0.569690627583895 
18.429999999970388, -0.5680237093299852 
18.439999999970365, -0.5676203981875068 
18.44999999997034, -0.5676645126152784 
18.459999999970318, -0.5680157316429515 
18.469999999970295, -0.5686135290297412 
18.47999999997027, -0.5686828537237812 
18.489999999970248, -0.5680978338959292 
18.499999999970225, -0.5566361880324926 
18.5099999999702, -0.5395045102202939 
18.519999999970178, -0.5378894372264883 
18.529999999970155, -0.5378126324287568 
18.53999999997013, -0.5377873227044176 
18.549999999970108, -0.5378648106667081 
18.559999999970085, -0.5378696395934184 
18.56999999997006, -0.5377031944603957 
18.57999999997004, -0.5397554623606308 
18.589999999970015, -0.531702802241476 
18.59999999996999, -0.5272688997371213 
18.60999999996997, -0.5272075023231778 
18.619999999969945, -0.5270961286349968 
18.62999999996992, -0.526942972670691 
18.6399999999699, -0.5268688145065742 
18.649999999969875, -0.5267576906868677 
18.659999999969852, -0.5280133046714997 
18.66999999996983, -0.5504441152081095 
18.679999999969805, -0.559434276297178 
18.689999999969782, -0.559697753799209 
18.69999999996976, -0.5595609573787498 
18.709999999969735, -0.5590985673257197 
18.719999999969712, -0.5587672394866157 
18.72999999996969, -0.5585944416455508 
18.739999999969665, -0.5589098140566997 
18.749999999969642, -0.5618544517530084 
18.75999999996962, -0.5692538131670152 
18.769999999969595, -0.5705989114396763 
18.779999999969572, -0.5704447961192547 
18.78999999996955, -0.5690768303979379 
18.799999999969526, -0.5674440191515635 
18.809999999969502, -0.5668505375821961 
18.81999999996948, -0.5667665425641529 
18.829999999969456, -0.5670950690331875 
18.839999999969432, -0.5680878145880567 
18.84999999996941, -0.5687555285636176 
18.859999999969386, -0.568621375079588 
18.869999999969362, -0.5661651797454901 
18.87999999996934, -0.5537023618971854 
18.889999999969316, -0.5499224456128468 
18.899999999969292, -0.549521187292814 
18.90999999996927, -0.5495205455647225 
18.919999999969246, -0.5496266395579092 
18.929999999969223, -0.5498133493606424 
18.9399999999692, -0.5497271547619806 
18.949999999969176, -0.5494399046936644 
18.959999999969153, -0.5419517445962938 
18.96999999996913, -0.5229400361690707 
18.979999999969106, -0.5220542184659251 
18.989999999969083, -0.5220138478489496 
18.99999999996906, -0.521905744605244 
19.009999999969036, -0.5218841208920822 
19.019999999969013, -0.5218107827392544 
19.02999999996899, -0.5217826004106159 
19.039999999968966, -0.5283342181456243 
19.049999999968943, -0.5369845825118591 
19.05999999996892, -0.5357384948515291 
19.069999999968896, -0.535742389332798 
19.079999999968873, -0.5355468591685316 
19.08999999996885, -0.5353135578971465 
19.099999999968826, -0.5351760124289692 
19.109999999968803, -0.5351241577056347 
19.11999999996878, -0.5371464358155082 
19.129999999968756, -0.5565712355871165 
19.139999999968733, -0.5650458432928563 
19.14999999996871, -0.5653253660901691 
19.159999999968687, -0.5650318975672384 
19.169999999968663, -0.5642776502233172 
19.17999999996864, -0.5638173673939734 
19.189999999968617, -0.563641177665005 
19.199999999968593, -0.5639760254440196 
19.20999999996857, -0.5658923175262807 
19.219999999968547, -0.5692499944692547 
19.229999999968523, -0.5697938025173606 
19.2399999999685, -0.5694004627116458 
19.249999999968477, -0.566495767644121 
19.259999999968453, -0.5638276396074532 
19.26999999996843, -0.5631105355972882 
19.279999999968407, -0.5630413254477392 
19.289999999968384, -0.5632621115526777 
19.29999999996836, -0.563844925514643 
19.309999999968337, -0.5641156496917274 
19.319999999968314, -0.5638512335860557 
19.32999999996829, -0.5596395685151787 
19.339999999968267, -0.5381925121942395 
19.349999999968244, -0.5342311227457123 
19.35999999996822, -0.5339948381135616 
19.369999999968197, -0.5339749588330391 
19.379999999968174, -0.5340269717714742 
19.38999999996815, -0.5341162674032501 
19.399999999968127, -0.5339847247027972 
19.409999999968104, -0.5341091000880981 
19.41999999996808, -0.527711891255058 
19.429999999968057, -0.5145040035060437 
19.439999999968034, -0.5140759373039182 
19.44999999996801, -0.514027652715778 
19.459999999967987, -0.5139133846499997 
19.469999999967964, -0.5138974531269115 
19.47999999996794, -0.5138039101939302 
19.489999999967917, -0.5139004698905881 
19.499999999967894, -0.5235628960156734 
19.50999999996787, -0.5236292060885483 
19.519999999967848, -0.5227653360125938 
19.529999999967824, -0.5227453696596647 
19.5399999999678, -0.522557596784698 
19.549999999967778, -0.522402568256196 
19.559999999967754, -0.5222946404797911 
19.56999999996773, -0.522282898558764 
19.579999999967708, -0.5261458381834725 
19.589999999967684, -0.5530277670900727 
19.59999999996766, -0.5562560334565783 
19.609999999967638, -0.5563713275218961 
19.619999999967614, -0.5560952638389504 
19.62999999996759, -0.5555950643337894 
19.639999999967568, -0.5553105851624417 
19.649999999967545, -0.5552124839842956 
19.65999999996752, -0.5559488477440194 
19.669999999967498, -0.5606145227251281 
19.679999999967475, -0.5662855540529758 
19.68999999996745, -0.5667480229716049 
19.699999999967428, -0.566339166983563 
19.709999999967405, -0.5645528567440916 
19.71999999996738, -0.5633298757217289 
19.729999999967358, -0.5629397288240985 
19.739999999967335, -0.5629888305477623 
19.74999999996731, -0.5635269447276674 
19.759999999967288, -0.5646974673638968 
19.769999999967265, -0.5650609839130257 
19.77999999996724, -0.5646938888113836 
19.78999999996722, -0.5592864844526088 
19.799999999967195, -0.5495942050307239 
19.80999999996717, -0.5478080717319598 
19.81999999996715, -0.5476421224231014 
19.829999999967125, -0.5476826042489845 
19.8399999999671, -0.5478865191667722 
19.84999999996708, -0.5480338642595335 
19.859999999967055, -0.5478573653070931 
19.869999999967032, -0.5470922072748337 
19.87999999996701, -0.5244660114722797 
19.889999999966985, -0.5156330309104047 
19.899999999966962, -0.5153223410306295 
19.90999999996694, -0.5152772779719432 
19.919999999966915, -0.5152294171848809 
19.929999999966892, -0.5152708405836557 
19.93999999996687, -0.515166759137536 
19.949999999966845, -0.5152798307425898 
19.959999999966822, -0.5191302775485681 
19.9699999999668, -0.5044444161075411 
19.979999999966775, -0.5036656088978767 
19.989999999966752, -0.5036296672318124 
19.99999999996673, -0.5035139623880955 
20.009999999966706, -0.5034922841659425 
20.019999999966682, -0.5034264881577385 
20.02999999996666, -0.5033581187013391 
20.039999999966636, -0.5084357570869948 
20.049999999966612, -0.5034173477523536 
20.05999999996659, -0.5009156825591968 
20.069999999966566, -0.5008793562102236 
20.079999999966542, -0.5007707438995873 
20.08999999996652, -0.5006893902807761 
20.099999999966496, -0.5006547710727745 
20.109999999966472, -0.5005320543398188 
20.11999999996645, -0.5021852460176808 
20.129999999966426, -0.5084886152899145 
20.139999999966403, -0.5018625991565258 
20.14999999996638, -0.501727021653494 
20.159999999966356, -0.5016537093181196 
20.169999999966333, -0.5015214212176433 
20.17999999996631, -0.5014907132427613 
20.189999999966286, -0.5013795974828502 
20.199999999966263, -0.5017439909030258 
20.20999999996624, -0.5138251600368771 
20.219999999966216, -0.5083026257123017 
20.229999999966193, -0.5077822061493493 
20.23999999996617, -0.5077455726923196 
20.249999999966146, -0.5075800017985427 
20.259999999966123, -0.5074967426520268 
20.2699999999661, -0.507405337956948 
20.279999999966076, -0.5074266604199316 
20.289999999966053, -0.5142005694809263 
20.29999999996603, -0.5297245404117195 
20.309999999966006, -0.5289428860341209 
20.319999999965983, -0.5289575746648812 
20.32999999996596, -0.5287569915644522 
20.339999999965936, -0.5285139290157037 
20.349999999965913, -0.5283750717966748 
20.35999999996589, -0.5283186067985689 
20.369999999965867, -0.5302913768010202 
20.379999999965843, -0.5503999777471115 
20.38999999996582, -0.5591492773914502 
20.399999999965797, -0.5594344246497965 
20.409999999965773, -0.5591697469027953 
20.41999999996575, -0.5584874627166807 
20.429999999965727, -0.5580669545769518 
20.439999999965703, -0.5578990823986143 
20.44999999996568, -0.5582689882010264 
20.459999999965657, -0.5605810195499152 
20.469999999965633, -0.5648180984632248 
20.47999999996561, -0.5654806599430037 
20.489999999965587, -0.5651488802147063 
20.499999999965564, -0.5628833328533289 
20.50999999996554, -0.5608010140296625 
20.519999999965517, -0.5601820861432033 
20.529999999965494, -0.5601283891628444 
20.53999999996547, -0.5604254631258474 
20.549999999965447, -0.5612143732382074 
20.559999999965424, -0.5616030442391274 
20.5699999999654, -0.5613577907220509 
20.579999999965377, -0.5573219668900306 
20.589999999965354, -0.5418426128472005 
20.59999999996533, -0.5386163140819437 
20.609999999965307, -0.5383495227142565 
20.619999999965284, -0.5383539149911243 
20.62999999996526, -0.5384706342916326 
20.639999999965237, -0.5386226524827572 
20.649999999965214, -0.5384967647297046 
20.65999999996519, -0.5381548393573534 
20.669999999965167, -0.5230801996374287 
20.679999999965144, -0.5087688770255819 
20.68999999996512, -0.5082029147300297 
20.699999999965097, -0.5081647019763926 
20.709999999965074, -0.5081045180090428 
20.71999999996505, -0.5081536230162483 
20.729999999965028, -0.5080831725655416 
20.739999999965004, -0.5079845730159035 
20.74999999996498, -0.5102782182219835 
20.759999999964958, -0.49120180879004016 
20.769999999964934, -0.4894794829316466 
20.77999999996491, -0.48943544082798046 
20.789999999964888, -0.4893652144649689 
20.799999999964864, -0.48939194873460873 
20.80999999996484, -0.48939483412557094 
20.819999999964818, -0.4892179742014697 
20.829999999964794, -0.4892915543097376 
20.83999999996477, -0.46596256136167247 
20.849999999964748, -0.4605281676607093 
20.859999999964725, -0.4603178938073046 
20.8699999999647, -0.46031248142756076 
20.879999999964678, -0.46043528046330756 
20.889999999964655, -0.46065098481876615 
20.89999999996463, -0.46055020114911316 
20.909999999964608, -0.4592088761899436 
20.919999999964585, -0.44467026170987795 
20.92999999996456, -0.4391134172784386 
20.939999999964538, -0.43853818957731366 
20.949999999964515, -0.43857220510693695 
20.95999999996449, -0.43898905018595125 
20.969999999964468, -0.4400036225653791 
20.979999999964445, -0.44029463228343885 
20.98999999996442, -0.4398770550346508 
20.9999999999644, -0.4372478834317785 
21.009999999964375, -0.43539475409326533 
21.01999999996435, -0.4349499683907152 
21.02999999996433, -0.4350092189045663 
21.039999999964305, -0.436136180009676 
21.04999999996428, -0.4411640539219129 
21.05999999996426, -0.4433948390113374 
21.069999999964235, -0.4434271172100303 
21.079999999964212, -0.44289845320709187 
21.08999999996419, -0.4422704089392067 
21.099999999964165, -0.4420195561650801 
21.109999999964142, -0.44198929742088805 
21.11999999996412, -0.44374716327627883 
21.129999999964095, -0.4636600612872472 
21.139999999964072, -0.4717361395248128 
21.14999999996405, -0.47194167457768676 
21.159999999964025, -0.47181004467918336 
21.169999999964002, -0.4715344864328454 
21.17999999996398, -0.4714093169313137 
21.189999999963955, -0.4712943633512127 
21.199999999963932, -0.4718439137570684 
21.20999999996391, -0.48766778654969467 
21.219999999963886, -0.4916191570721885 
21.229999999963862, -0.4912785736272259 
21.23999999996384, -0.4912459299026807 
21.249999999963816, -0.4910768676573003 
21.259999999963792, -0.4909973038955214 
21.26999999996377, -0.4909136804009496 
21.279999999963746, -0.49089540285992916 
21.289999999963722, -0.4968259881740831 
21.2999999999637, -0.500121592949618 
21.309999999963676, -0.4979095727817578 
21.319999999963652, -0.49788611851142706 
21.32999999996363, -0.4977670695436681 
21.339999999963606, -0.49766523063150225 
21.349999999963583, -0.49762103185787643 
21.35999999996356, -0.49750332604286707 
21.369999999963536, -0.4991816357472399 
21.379999999963513, -0.508588918691027 
21.38999999996349, -0.5024515465510381 
21.399999999963466, -0.502327810539824 
21.409999999963443, -0.5022524184146429 
21.41999999996342, -0.5021077049533373 
21.429999999963396, -0.5020665061095337 
21.439999999963373, -0.5019552383523761 
21.44999999996335, -0.5023339005119316 
21.459999999963326, -0.515657770555372 
21.469999999963303, -0.5134395278388977 
21.47999999996328, -0.5129924357350827 
21.489999999963256, -0.5129558899619412 
21.499999999963233, -0.5127682917884269 
21.50999999996321, -0.5126552205112268 
21.519999999963186, -0.5125525683440367 
21.529999999963163, -0.5126041533559457 
21.53999999996314, -0.5191118094294833 
21.549999999963116, -0.5422427668707077 
21.559999999963093, -0.5427075559936257 
21.56999999996307, -0.5427451931715526 
21.579999999963047, -0.5424875921999118 
21.589999999963023, -0.5421414853763957 
21.599999999963, -0.541947038133139 
21.609999999962977, -0.54190256231914 
21.619999999962953, -0.5433569353517842 
21.62999999996293, -0.5543292507542372 
21.639999999962907, -0.5618220953781472 
21.649999999962883, -0.5621451282900222 
21.65999999996286, -0.5617663722002245 
21.669999999962837, -0.5606797568082438 
21.679999999962813, -0.5600336127727614 
21.68999999996279, -0.5598081055440554 
21.699999999962767, -0.5600295197421398 
21.709999999962744, -0.5612607108596367 
21.71999999996272, -0.5635171249531722 
21.729999999962697, -0.5639590439345026 
21.739999999962674, -0.5635273692471647 
21.74999999996265, -0.5596788429130098 
21.759999999962627, -0.555847325198449 
21.769999999962604, -0.5549528182673743 
21.77999999996258, -0.5548604948889917 
21.789999999962557, -0.5550216266259462 
21.799999999962534, -0.5554839745503922 
21.80999999996251, -0.5557157112447607 
21.819999999962487, -0.5554680872589145 
21.829999999962464, -0.5518543998536088 
21.83999999996244, -0.528500762280916 
21.849999999962417, -0.5239950140376809 
21.859999999962394, -0.5237439526700708 
21.86999999996237, -0.5237246172571313 
21.879999999962347, -0.5237787939713531 
21.889999999962324, -0.5238844728120509 
21.8999999999623, -0.5237600670290221 
21.909999999962277, -0.523619070481786 
21.919999999962254, -0.5115284337561874 
21.92999999996223, -0.49671726802976945 
21.939999999962208, -0.4961266732409477 
21.949999999962184, -0.4960917550758976 
21.95999999996216, -0.496046133774674 
21.969999999962138, -0.49612159029923125 
21.979999999962114, -0.4960662849378312 
21.98999999996209, -0.49586199414636795 
21.999999999962068, -0.4927918252382878 
22.009999999962044, -0.4687173202933621 
22.01999999996202, -0.466768023448457 
22.029999999961998, -0.4667009399398689 
22.039999999961974, -0.46670186572441213 
22.04999999996195, -0.46687364461540815 
22.059999999961928, -0.4669854017363177 
22.069999999961905, -0.4667495994999195 
22.07999999996188, -0.46304577722794016 
22.089999999961858, -0.44522778154029724 
22.099999999961835, -0.4421291828614353 
22.10999999996181, -0.44185951440405813 
22.119999999961788, -0.44195788833183 
22.129999999961765, -0.44248136534697274 
22.13999999996174, -0.443220424927656 
22.149999999961718, -0.4432465525075896 
22.159999999961695, -0.4422295049501794 
22.16999999996167, -0.4384080267405829 
22.179999999961648, -0.4369237890403186 
22.189999999961625, -0.43661919775377667 
22.1999999999616, -0.4368230288440947 
22.20999999996158, -0.43837304190151444 
22.219999999961555, -0.44235913066069005 
22.22999999996153, -0.4431913212072865 
22.23999999996151, -0.443017610856421 
22.249999999961485, -0.4421778774169368 
22.25999999996146, -0.44157964748186346 
22.26999999996144, -0.44136173304517556 
22.279999999961415, -0.44152444517471434 
22.289999999961392, -0.4450245731967525 
22.29999999996137, -0.4642876130324123 
22.309999999961345, -0.467261341681095 
22.319999999961322, -0.46733407179029635 
22.3299999999613, -0.4670846736191977 
22.339999999961275, -0.46679916245354075 
22.349999999961252, -0.4666675160461122 
22.35999999996123, -0.4665947374480879 
22.369999999961205, -0.46864214850438896 
22.379999999961182, -0.4920390632791115 
22.38999999996116, -0.49252576848409646 
22.399999999961135, -0.4925385202289048 
22.409999999961112, -0.49244523610655194 
22.41999999996109, -0.4922482959945745 
22.429999999961066, -0.49216921858927326 
22.439999999961042, -0.49205582510038887 
22.44999999996102, -0.49250245434316103 
22.459999999960996, -0.5073698547142799 
22.469999999960972, -0.5102668660682445 
22.47999999996095, -0.5099310031364305 
22.489999999960926, -0.5098960788279223 
22.499999999960902, -0.5096961538477883 
22.50999999996088, -0.5095692333288957 
22.519999999960856, -0.5094633895503718 
22.529999999960832, -0.5095157444967481 
22.53999999996081, -0.5157680441565509 
22.549999999960786, -0.5395833394855705 
22.559999999960763, -0.5401724277900746 
22.56999999996074, -0.5402142630861217 
22.579999999960716, -0.5399606909583887 
22.589999999960693, -0.539615963667299 
22.59999999996067, -0.539423231514402 
22.609999999960646, -0.5393743141425684 
22.619999999960623, -0.540819762349315 
22.6299999999606, -0.552203473599641 
22.639999999960576, -0.5601045122079624 
22.649999999960553, -0.5604438869669383 
22.65999999996053, -0.5600876445681043 
22.669999999960506, -0.5590583616980838 
22.679999999960483, -0.5584377901819882 
22.68999999996046, -0.5582167741038727 
22.699999999960436, -0.5584478338179155 
22.709999999960413, -0.559766817523047 
22.71999999996039, -0.562246313751449 
22.729999999960366, -0.5627388561041577 
22.739999999960343, -0.5623376202671977 
22.74999999996032, -0.5588777996948567 
22.759999999960296, -0.5554038512547093 
22.769999999960273, -0.5545499129297194 
22.77999999996025, -0.5544584935419803 
22.789999999960227, -0.5546393868715446 
22.799999999960203, -0.5551552397869427 
22.80999999996018, -0.5554249463817339 
22.819999999960157, -0.5551838909934526 
22.829999999960133, -0.5515021053817503 
22.83999999996011, -0.5300653297628501 
22.849999999960087, -0.5257655635690444 
22.859999999960063, -0.5254959112590841 
22.86999999996004, -0.5254838269393038 
22.879999999960017, -0.525556885488784 
22.889999999959993, -0.5256832857557528 
22.89999999995997, -0.5255627557267342 
22.909999999959947, -0.5252907104090598 
22.919999999959924, -0.5112851752170813 
22.9299999999599, -0.496201522170622 
22.939999999959877, -0.4955620413421189 
22.949999999959854, -0.49552873176981244 
22.95999999995983, -0.49549573978085965 
22.969999999959807, -0.4955887890399911 
22.979999999959784, -0.4955425182612403 
22.98999999995976, -0.4952996798815658 
22.999999999959737, -0.4908004799009218 
23.009999999959714, -0.4663624530753846 
23.01999999995969, -0.46435693743603845 
23.029999999959667, -0.4642818356014993 
23.039999999959644, -0.4642976170973776 
23.04999999995962, -0.4645029206953822 
23.059999999959597, -0.4646439086663377 
23.069999999959574, -0.46441080089503267 
23.07999999995955, -0.46071173125986364 
23.089999999959527, -0.44527835085457795 
23.099999999959504, -0.4424735155425434 
23.10999999995948, -0.44220209395057086 
23.119999999959457, -0.4423164371336369 
23.129999999959434, -0.4429147693280538 
23.13999999995941, -0.44376690789874207 
23.149999999959388, -0.44381943428967124 
23.159999999959364, -0.4428973755962981 
23.16999999995934, -0.43957542644995856 
23.179999999959318, -0.43823808138854203 
23.189999999959294, -0.43794934418714376 
23.19999999995927, -0.43817070731074464 
23.209999999959248, -0.43989164681180803 
23.219999999959224, -0.44441319381821043 
23.2299999999592, -0.4453234784869794 
23.239999999959178, -0.4451694938928546 
23.249999999959154, -0.4443956711890418 
23.25999999995913, -0.44383347692268993 
23.269999999959108, -0.44362212951495517 
23.279999999959085, -0.443777114997044 
23.28999999995906, -0.44738415186784375 
23.299999999959038, -0.46765005669468424 
23.309999999959015, -0.47062463428927015 
23.31999999995899, -0.47069985469938075 
23.329999999958968, -0.4704583560170341 
23.339999999958945, -0.4701755949912716 
23.34999999995892, -0.4700442896702695 
23.359999999958898, -0.4699688664940569 
23.369999999958875, -0.47193820676955345 
23.37999999995885, -0.4956631767639477 
23.389999999958828, -0.49697626683175 
23.399999999958805, -0.49700776527895185 
23.40999999995878, -0.496910606339378 
23.41999999995876, -0.4966951279807374 
23.429999999958735, -0.4965989234452993 
23.43999999995871, -0.49648357401803844 
23.44999999995869, -0.4969629826228431 
23.459999999958665, -0.5124039198421456 
23.46999999995864, -0.5220093995577556 
23.47999999995862, -0.5219386782223284 
23.489999999958595, -0.5219005628239602 
23.499999999958572, -0.5216456622906763 
23.50999999995855, -0.5214513574140424 
23.519999999958525, -0.5213184301838014 
23.529999999958502, -0.5214234081959092 
23.53999999995848, -0.5263696797606281 
23.549999999958455, -0.5508969508695614 
23.559999999958432, -0.5537893066377575 
23.56999999995841, -0.5538559088995081 
23.579999999958385, -0.5534745340108757 
23.589999999958362, -0.5529044767297632 
23.59999999995834, -0.5526057774550928 
23.609999999958315, -0.552546244333547 
23.619999999958292, -0.5533949500465238 
23.62999999995827, -0.5578399740564198 
23.639999999958246, -0.5619450007952151 
23.649999999958222, -0.5622057987413196 
23.6599999999582, -0.5616206547182175 
23.669999999958176, -0.5595323748914081 
23.679999999958152, -0.5583547551922278 
23.68999999995813, -0.558012845897282 
23.699999999958106, -0.5581019620587312 
23.709999999958082, -0.5586948497211737 
23.71999999995806, -0.5598014041723192 
23.729999999958036, -0.5600430092144227 
23.739999999958012, -0.5595335549904046 
23.74999999995799, -0.5526977515549717 
23.759999999957966, -0.5443414436688838 
23.769999999957943, -0.5429845005380076 
23.77999999995792, -0.542872909863167 
23.789999999957896, -0.5429365666397157 
23.799999999957873, -0.5431885000873479 
23.80999999995785, -0.5433156925895906 
23.819999999957826, -0.5430931536885846 
23.829999999957803, -0.5412264605420617 
23.83999999995778, -0.5149387013805237 
23.849999999957756, -0.5091644992999289 
23.859999999957733, -0.5089346542268718 
23.86999999995771, -0.5089003518178914 
23.879999999957686, -0.5089148389855443 
23.889999999957663, -0.5089973031493624 
23.89999999995764, -0.5088774823287656 
23.909999999957616, -0.508763565886833 
23.919999999957593, -0.49688147327583043 
23.92999999995757, -0.4813973487473314 
23.939999999957546, -0.4807247978162255 
23.949999999957523, -0.48069540392380916 
23.9599999999575, -0.4806870185784526 
23.969999999957476, -0.4808252039259771 
23.979999999957453, -0.48080387961677756 
23.98999999995743, -0.48044833366952083 
23.999999999957407, -0.47185455216447236 
24.009999999957383, -0.4510710667918008 
24.01999999995736, -0.4492291081845401 
24.029999999957337, -0.4491341498624042 
24.039999999957313, -0.44922683554524745 
24.04999999995729, -0.44964155622286595 
24.059999999957267, -0.44994812158368064 
24.069999999957243, -0.44974353390187716 
24.07999999995722, -0.4468353472218333 
24.089999999957197, -0.44007803745763974 
24.099999999957173, -0.4385781419726029 
24.10999999995715, -0.4383667355982327 
24.119999999957127, -0.43861783765789236 
24.129999999957104, -0.4399264445100064 
24.13999999995708, -0.44174863315188156 
24.149999999957057, -0.44194350751076983 
24.159999999957034, -0.44138841356493963 
24.16999999995701, -0.43986388242087765 
24.179999999956987, -0.4391757444042648 
24.189999999956964, -0.43898674235482127 
24.19999999995694, -0.4393841625212247 
24.209999999956917, -0.44338447382274754 
24.219999999956894, -0.4538751996571466 
24.22999999995687, -0.4550466902779825 
24.239999999956847, -0.4549753759187389 
24.249999999956824, -0.45452882596701927 
24.2599999999568, -0.45420372301573814 
24.269999999956777, -0.4540497557470888 
24.279999999956754, -0.45416701857762065 
24.28999999995673, -0.4594851768195103 
24.299999999956707, -0.48456703061470263 
24.309999999956684, -0.4853433319880103 
24.31999999995666, -0.4853852700097285 
24.329999999956637, -0.48520998405114407 
24.339999999956614, -0.4850114013619343 
24.34999999995659, -0.48491841041122036 
24.359999999956568, -0.48482289670006556 
24.369999999956544, -0.48663610652329825 
24.37999999995652, -0.5072968913677061 
24.389999999956498, -0.5058667494350907 
24.399999999956474, -0.5058457272698109 
24.40999999995645, -0.5057546580277438 
24.419999999956428, -0.5055465435541279 
24.429999999956404, -0.505451027353863 
24.43999999995638, -0.5053348093142134 
24.449999999956358, -0.505807067727814 
24.459999999956334, -0.5209179792861609 
24.46999999995631, -0.534351016269482 
24.479999999956288, -0.5344865771485228 
24.489999999956265, -0.5344446740918968 
24.49999999995624, -0.5341391870747495 
24.509999999956218, -0.5338824323514879 
24.519999999956195, -0.5337246951571001 
24.52999999995617, -0.5338477608114933 
24.539999999956148, -0.5374490307440015 
24.549999999956125, -0.5550446417978135 
24.5599999999561, -0.5586490663106882 
24.569999999956078, -0.5587144589819127 
24.579999999956055, -0.5581947770183497 
24.58999999995603, -0.5573633714185425 
24.599999999956008, -0.5569561748214005 
24.609999999955985, -0.5568658893509429 
24.61999999995596, -0.5574228518568588 
24.62999999995594, -0.5598683607947005 
24.639999999955915, -0.5623644436902102 
24.64999999995589, -0.5625414164856032 
24.65999999995587, -0.5617568372870508 
24.669999999955845, -0.5582674118604981 
24.67999999995582, -0.5563724766603102 
24.6899999999558, -0.5559186047954793 
24.699999999955775, -0.5559474750532831 
24.709999999955752, -0.5562989519224255 
24.71999999995573, -0.5569754524079257 
24.729999999955705, -0.5571101278222227 
24.739999999955682, -0.5565993911351245 
24.74999999995566, -0.547501302390711 
24.759999999955635, -0.5330502103528268 
24.769999999955612, -0.531303608725954 
24.77999999995559, -0.5311967502523897 
24.789999999955565, -0.5312122159562535 
24.799999999955542, -0.5313689691300582 
24.80999999995552, -0.5314470394203022 
24.819999999955495, -0.5312449645965981 
24.829999999955472, -0.5305079876852992 
24.83999999995545, -0.5062832677075525 
24.849999999955426, -0.49999231893031276 
24.859999999955402, -0.4997752437339535 
24.86999999995538, -0.49973666468312467 
24.879999999955356, -0.4997402092779837 
24.889999999955332, -0.49982021612320593 
24.89999999995531, -0.49970343485030705 
24.909999999955286, -0.4995148611416625 
24.919999999955262, -0.4859047916038558 
24.92999999995524, -0.47037222739991735 
24.939999999955216, -0.46964017978867906 
24.949999999955192, -0.46961474165633477 
24.95999999995517, -0.46964401667458006 
24.969999999955146, -0.4698494420100893 
24.979999999955123, -0.4698629325754291 
24.9899999999551, -0.46942293375171507 
24.999999999955076, -0.4601453470289183 
