t, s[1].omega / s[0].omega 
0, -2.060142038786588 
0.009999999999999995, -2.075968037833027 
0.019999999999999934, -2.086740489409484 
0.029999999999999874, -2.091685702257626 
0.04000000000000012, -2.093610131141995 
0.050000000000000405, -2.094137096317892 
0.06000000000000069, -2.0939731437578306 
0.07000000000000098, -2.093439375534387 
0.08000000000000126, -2.0927401711728852 
0.09000000000000155, -2.092033845355108 
0.10000000000000184, -2.0914354796021892 
0.11000000000000212, -2.091060685361219 
0.12000000000000241, -2.0909092017476443 
0.130000000000002, -2.0907614279692863 
0.1400000000000009, -2.090339997905459 
0.1499999999999998, -2.089332937046003 
0.1599999999999987, -2.0871332899004753 
0.1699999999999976, -2.082489717556178 
0.1799999999999965, -2.0745124336765697 
0.1899999999999954, -2.0696331723131625 
0.1999999999999943, -2.079438238541745 
0.2099999999999932, -2.094730065060185 
0.2199999999999921, -2.1044076148960196 
0.229999999999991, -2.1089424394068814 
0.2399999999999899, -2.110773377658226 
0.2499999999999888, -2.111281633080399 
0.2599999999999877, -2.1110901199471437 
0.2699999999999866, -2.1104822808547223 
0.2799999999999855, -2.1096231023353695 
0.2899999999999844, -2.108648580745499 
0.2999999999999833, -2.107736213650752 
0.3099999999999822, -2.1071468337503227 
0.3199999999999811, -2.106945852082385 
0.32999999999998, -2.106837177916854 
0.3399999999999789, -2.106483508802934 
0.3499999999999778, -2.10559867488183 
0.35999999999997667, -2.1037149232906063 
0.36999999999997557, -2.100105823059068 
0.37999999999997447, -2.0955325197250296 
0.38999999999997337, -2.0966661331558476 
0.39999999999997227, -2.107082042434805 
0.40999999999997117, -2.117778165059007 
0.41999999999997006, -2.124120231079671 
0.42999999999996896, -2.127174870868383 
0.43999999999996786, -2.128407445165108 
0.44999999999996676, -2.128635040074939 
0.45999999999996566, -2.1282406439369606 
0.46999999999996456, -2.12739433134172 
0.47999999999996346, -2.126184146494913 
0.48999999999996235, -2.124724916839929 
0.49999999999996125, -2.1233482223761504 
0.5099999999999602, -2.1225747262913774 
0.519999999999959, -2.12243982449277 
0.529999999999958, -2.122424255390219 
0.5399999999999568, -2.122125487137318 
0.5499999999999557, -2.121315087479246 
0.5599999999999546, -2.1197109797652858 
0.5699999999999535, -2.1172698869835105 
0.5799999999999524, -2.116005414041214 
0.5899999999999513, -2.1197566374465096 
0.5999999999999502, -2.1266746621973693 
0.6099999999999491, -2.132185047099235 
0.619999999999948, -2.135352001270665 
0.6299999999999469, -2.1368655805109116 
0.6399999999999458, -2.1373405660743963 
0.6499999999999447, -2.13710560299138 
0.6599999999999436, -2.136289298702965 
0.6699999999999425, -2.1348976232213657 
0.6799999999999414, -2.132897572854972 
0.6899999999999403, -2.1304647420256577 
0.6999999999999392, -2.128423086892046 
0.7099999999999381, -2.1276926879875377 
0.719999999999937, -2.1278620094070684 
0.7299999999999359, -2.128011976770459 
0.7399999999999348, -2.1277709644757037 
0.7499999999999337, -2.12703934257019 
0.7599999999999326, -2.1257795945190483 
0.7699999999999315, -2.124504545878766 
0.7799999999999304, -2.1249803645276173 
0.7899999999999293, -2.127988899277598 
0.7999999999999282, -2.131490256639953 
0.8099999999999271, -2.1339647854673944 
0.819999999999926, -2.1353223712540754 
0.8299999999999249, -2.135828260184937 
0.8399999999999238, -2.1356611248152477 
0.8499999999999227, -2.1348589601151184 
0.8599999999999216, -2.1333199750086913 
0.8699999999999205, -2.1308102943074387 
0.8799999999999194, -2.12713112540008 
0.8899999999999183, -2.122903536906213 
0.8999999999999172, -2.1202676494496933 
0.9099999999999161, -2.120176352749124 
0.919999999999915, -2.120910146844213 
0.9299999999999139, -2.1212653177372696 
0.9399999999999128, -2.1210934986633245 
0.9499999999999117, -2.120468388503988 
0.9599999999999106, -2.119553127947589 
0.9699999999999095, -2.118976313025851 
0.9799999999999084, -2.119664077547515 
0.9899999999999073, -2.1213875224320247 
0.9999999999999062, -2.1230615129131953 
1.0099999999999052, -2.124164909023745 
1.019999999999904, -2.1246624415918176 
1.029999999999903, -2.1245913320264673 
1.039999999999902, -2.1239113002838996 
1.0499999999999008, -2.1224390335692673 
1.0599999999998997, -2.1197708035974108 
1.0699999999998986, -2.115249958502093 
1.0799999999998975, -2.1085220839533116 
1.0899999999998964, -2.1017427172774856 
1.0999999999998953, -2.099351156932909 
1.1099999999998942, -2.1006609818649133 
1.119999999999893, -2.1021113300393184 
1.129999999999892, -2.1027007091155854 
1.1399999999998909, -2.1026265566582287 
1.1499999999998898, -2.1021192826624757 
1.1599999999998887, -2.101425759396699 
1.1699999999998876, -2.101044584130661 
1.1799999999998865, -2.1014335768835872 
1.1899999999998854, -2.1023322205319452 
1.1999999999998843, -2.1031798691290113 
1.2099999999998832, -2.103707580464957 
1.219999999999882, -2.1038312858140995 
1.229999999999881, -2.103470749730533 
1.2399999999998799, -2.1024509911343605 
1.2499999999998788, -2.10038188912327 
1.2599999999998777, -2.0964740530153936 
1.2699999999998766, -2.089452399996413 
1.2799999999998755, -2.0788422003199445 
1.2899999999998744, -2.0694557908866638 
1.2999999999998733, -2.0682155824596955 
1.3099999999998722, -2.0713694594833494 
1.319999999999871, -2.073707672771081 
1.32999999999987, -2.0746492444709386 
1.3399999999998689, -2.0747455048341994 
1.3499999999998678, -2.0743669883303384 
1.3599999999998666, -2.0737774061450205 
1.3699999999998655, -2.073346344162677 
1.3799999999998644, -2.073402917333366 
1.3899999999998633, -2.073839981621897 
1.3999999999998622, -2.07432047198496 
1.4099999999998611, -2.07463405602656 
1.41999999999986, -2.074658970220958 
1.429999999999859, -2.0742639998330166 
1.4399999999998578, -2.07322549025711 
1.4499999999998567, -2.0710720410020373 
1.4599999999998556, -2.066814039990118 
1.4699999999998545, -2.058702645814276 
1.4799999999998534, -2.045578171942173 
1.4899999999998523, -2.033100693994158 
1.4999999999998512, -2.0315375387475303 
1.5099999999998501, -2.0364896609727667 
1.519999999999849, -2.0402230351798414 
1.529999999999848, -2.0418659968334656 
1.5399999999998468, -2.042310386166675 
1.5499999999998457, -2.0421321711496674 
1.5599999999998446, -2.041635104673818 
1.5699999999998435, -2.04110784681845 
1.5799999999998424, -2.0408692820380283 
1.5899999999998413, -2.0409976780352648 
1.5999999999998402, -2.0412902604742307 
1.6099999999998391, -2.041547275787286 
1.619999999999838, -2.0416303921620074 
1.629999999999837, -2.0413986767761303 
1.6399999999998358, -2.0406594641884714 
1.6499999999998347, -2.0390468910814894 
1.6599999999998336, -2.0357753360096753 
1.6699999999998325, -2.0292701774081747 
1.6799999999998314, -2.0173898078479757 
1.6899999999998303, -2.001776763053865 
1.6999999999998292, -1.9940826867457933 
1.709999999999828, -1.9984101029290406 
1.719999999999827, -2.0043032981584075 
1.729999999999826, -2.007479665807107 
1.7399999999998248, -2.0087076590203754 
1.7499999999998237, -2.0089395262115906 
1.7599999999998226, -2.0086557870918886 
1.7699999999998215, -2.008130922214707 
1.7799999999998204, -2.007653097938897 
1.7899999999998193, -2.0074797454610507 
1.7999999999998182, -2.0076070798966024 
1.809999999999817, -2.007847508038012 
1.819999999999816, -2.008041346659445 
1.8299999999998149, -2.0080536345446447 
1.8399999999998138, -2.00773326668741 
1.8499999999998127, -2.00686562738922 
1.8599999999998116, -2.005034840259729 
1.8699999999998105, -2.001360609062421 
1.8799999999998094, -1.9941501329227909 
1.8899999999998083, -1.981402828249691 
1.8999999999998072, -1.9657997291979605 
1.909999999999806, -1.95930461080185 
1.919999999999805, -1.9641113958840024 
1.9299999999998039, -1.969887942792567 
1.9399999999998028, -1.972969745947933 
1.9499999999998017, -1.9741697820319986 
1.9599999999998006, -1.9743996905367276 
1.9699999999997995, -1.974121009717691 
1.9799999999997984, -1.9735990178359948 
1.9899999999997973, -1.9731175055658827 
1.9999999999997962, -1.9729484032266265 
2.0099999999998173, -1.9731096089405917 
2.0199999999998384, -1.9734052484603481 
2.0299999999998595, -1.9736587719858303 
2.0399999999998806, -1.973737048955187 
2.0499999999999017, -1.973503545979442 
2.059999999999923, -1.9727773352846452 
2.069999999999944, -1.9712297258813574 
2.079999999999965, -1.9681919537734178 
2.089999999999986, -1.9623853696624938 
2.100000000000007, -1.9520171745230228 
2.1100000000000283, -1.9374619977262246 
2.1200000000000494, -1.9268941695394068 
2.1300000000000705, -1.9274815465556299 
2.1400000000000916, -1.9324811545499494 
2.1500000000001127, -1.9359153873137385 
2.160000000000134, -1.9374453306005837 
2.170000000000155, -1.9378752052488655 
2.180000000000176, -1.9377116809929587 
2.190000000000197, -1.9372254353917935 
2.2000000000002182, -1.936679555569171 
2.2100000000002393, -1.9364172311775563 
2.2200000000002604, -1.9366139871467585 
2.2300000000002815, -1.9370878761753842 
2.2400000000003026, -1.9375663681125062 
2.2500000000003237, -1.9378800095551174 
2.260000000000345, -1.9379153822928064 
2.270000000000366, -1.937555472021669 
2.280000000000387, -1.9366214797371506 
2.290000000000408, -1.9347781224840515 
2.3000000000004293, -1.9313975347103292 
2.3100000000004504, -1.9254459843398208 
2.3200000000004715, -1.9159086873266902 
2.3300000000004926, -1.9042563830897599 
2.3400000000005137, -1.8969529085736858 
2.3500000000005348, -1.897301759998341 
2.360000000000556, -1.9002891686712051 
2.370000000000577, -1.9023430897219438 
2.380000000000598, -1.903206591289947 
2.390000000000619, -1.9033154467764226 
2.4000000000006403, -1.9029646788245818 
2.4100000000006614, -1.9023566023443081 
2.4200000000006825, -1.9018092562815814 
2.4300000000007036, -1.9017847717738032 
2.4400000000007247, -1.9024417814946601 
2.450000000000746, -1.9034142033944899 
2.460000000000767, -1.9042866343135014 
2.470000000000788, -1.9048626060961031 
2.480000000000809, -1.905066318961886 
2.49000000000083, -1.9048381704087507 
2.5000000000008513, -1.9040777299228857 
2.5100000000008724, -1.9025941664745527 
2.5200000000008935, -1.9000544112415767 
2.5300000000009146, -1.8959630372196092 
2.5400000000009357, -1.8898885799252199 
2.550000000000957, -1.8825017525017018 
2.560000000000978, -1.8768515678873698 
2.570000000000999, -1.8755099594588398 
2.58000000000102, -1.8766865222038358 
2.5900000000010412, -1.87787718241217 
2.6000000000010624, -1.878400947019394 
2.6100000000010835, -1.878354524008459 
2.6200000000011046, -1.8778771947227475 
2.6300000000011257, -1.8770921097644435 
2.6400000000011468, -1.8763455942198135 
2.650000000001168, -1.8763854833062101 
2.660000000001189, -1.877689354612515 
2.67000000000121, -1.8796906573152294 
2.680000000001231, -1.881537317579766 
2.6900000000012523, -1.8828518017952462 
2.7000000000012734, -1.8835938879907128 
2.7100000000012945, -1.8838055280510067 
2.7200000000013156, -1.8835086130368441 
2.7300000000013367, -1.8826742941580636 
2.740000000001358, -1.8812111761953016 
2.750000000001379, -1.8789681745895592 
2.7600000000014, -1.875803190551807 
2.770000000001421, -1.8718776081122765 
2.780000000001442, -1.8682010631301078 
2.7900000000014633, -1.8662757802869887 
2.8000000000014844, -1.8661930961067135 
2.8100000000015055, -1.8667006597678313 
2.8200000000015266, -1.8669747944360253 
2.8300000000015477, -1.8668294228498148 
2.840000000001569, -1.8662430539498804 
2.85000000000159, -1.8651872687839783 
2.860000000001611, -1.8638464117770368 
2.870000000001632, -1.8632466152869451 
2.8800000000016532, -1.865020862964199 
2.8900000000016743, -1.869007527991458 
2.9000000000016954, -1.8732035093986934 
2.9100000000017165, -1.8763559088539004 
2.9200000000017377, -1.8783374622432283 
2.9300000000017588, -1.8793845641530549 
2.94000000000178, -1.8797243870316258 
2.950000000001801, -1.8795023228320065 
2.960000000001822, -1.8787898940031558 
2.970000000001843, -1.8776070801003233 
2.9800000000018643, -1.8759575131270125 
2.9900000000018854, -1.8739119347190225 
3.0000000000019065, -1.8717924689041952 
3.0100000000019276, -1.870248599021815 
3.0200000000019487, -1.869687531180999 
3.03000000000197, -1.8697358383128742 
3.040000000001991, -1.8698004532974313 
3.050000000002012, -1.8695726266329111 
3.060000000002033, -1.8688972401985313 
3.070000000002054, -1.8675632116570875 
3.0800000000020753, -1.865343818348154 
3.0900000000020964, -1.8628351786295494 
3.1000000000021175, -1.8631234789157989 
3.1100000000021386, -1.8691871650963159 
3.1200000000021597, -1.8780014880695706 
3.130000000002181, -1.885168982091896 
3.140000000002202, -1.88965758489909 
3.150000000002223, -1.8921059155588877 
3.160000000002244, -1.8932400923668644 
3.1700000000022652, -1.8935384950019594 
3.1800000000022863, -1.8932744334042753 
3.1900000000023074, -1.8925992184138256 
3.2000000000023285, -1.8916107440225152 
3.2100000000023496, -1.8904064577093975 
3.2200000000023707, -1.8891457390092963 
3.230000000002392, -1.8881157121357444 
3.240000000002413, -1.887582388356725 
3.250000000002434, -1.8874576107014682 
3.260000000002455, -1.8873882818381051 
3.2700000000024763, -1.88708195215361 
3.2800000000024974, -1.8863125174505107 
3.2900000000025185, -1.8847220956635748 
3.3000000000025396, -1.8816521987359547 
3.3100000000025607, -1.8766076480255396 
3.3200000000025818, -1.8722698747324404 
3.330000000002603, -1.8765728313583385 
3.340000000002624, -1.8899325117198227 
3.350000000002645, -1.9026320284178493 
3.360000000002666, -1.910442997873695 
3.3700000000026873, -1.9144411191390174 
3.3800000000027084, -1.9162464822676466 
3.3900000000027295, -1.9168584087786453 
3.4000000000027506, -1.9167930402598405 
3.4100000000027717, -1.916314534693567 
3.420000000002793, -1.9155869913539358 
3.430000000002814, -1.9147484131984451 
3.440000000002835, -1.9139294593181184 
3.450000000002856, -1.9132800803679992 
3.460000000002877, -1.9129277672047216 
3.4700000000028983, -1.9128062408999535 
3.4800000000029194, -1.912669870515066 
3.4900000000029405, -1.9122697545481802 
3.5000000000029616, -1.911341503285054 
3.5100000000029827, -1.9093946727806599 
3.520000000003004, -1.9053993248692767 
3.530000000003025, -1.897870703184127 
3.540000000003046, -1.8881769224430183 
3.550000000003067, -1.8870982882447875 
3.5600000000030882, -1.9006696693690195 
3.5700000000031094, -1.9159944362938308 
3.5800000000031305, -1.9252800791221585 
3.5900000000031516, -1.9297296498357972 
3.6000000000031727, -1.9315997026135416 
3.6100000000031938, -1.932186666432812 
3.620000000003215, -1.9321035883635465 
3.630000000003236, -1.9316491561808138 
3.640000000003257, -1.931019071316636 
3.650000000003278, -1.930379998680133 
3.6600000000032993, -1.929845699921944 
3.6700000000033204, -1.9294829461713086 
3.6800000000033415, -1.929315005700838 
3.6900000000033626, -1.9292386655112133 
3.7000000000033837, -1.9290472828178546 
3.710000000003405, -1.9285169070779618 
3.720000000003426, -1.9273371061473543 
3.730000000003447, -1.9248643116326736 
3.740000000003468, -1.9197108867626802 
3.750000000003489, -1.9096833904171409 
3.7600000000035103, -1.8954756950830074 
3.7700000000035314, -1.8892981617239115 
3.7800000000035525, -1.8998382781112622 
3.7900000000035736, -1.913620429644411 
3.8000000000035947, -1.9218854614857552 
3.810000000003616, -1.9256829866448186 
3.820000000003637, -1.9271769971925365 
3.830000000003658, -1.9275585593290363 
3.840000000003679, -1.9273703198754908 
3.8500000000037002, -1.9268879417776823 
3.8600000000037213, -1.9263262351451023 
3.8700000000037424, -1.9258711358126503 
3.8800000000037635, -1.925598649399935 
3.8900000000037847, -1.9254879222179888 
3.9000000000038058, -1.9254789664606498 
3.910000000003827, -1.925444983114956 
3.920000000003848, -1.925207547792659 
3.930000000003869, -1.9245569704531025 
3.94000000000389, -1.9231505622462006 
3.9500000000039113, -1.920265922532971 
3.9600000000039324, -1.9143977457644261 
3.9700000000039535, -1.9031628226623998 
3.9800000000039746, -1.8865024203475649 
3.9900000000039957, -1.8749889745827655 
4.000000000004016, -1.8790644611898153 
4.010000000003993, -1.8888783877596957 
4.02000000000397, -1.895373381749614 
4.030000000003946, -1.8984104446405987 
4.040000000003923, -1.899564596709979 
4.0500000000039, -1.8997860935052224 
4.0600000000038765, -1.8995200974215094 
4.070000000003853, -1.8990184956160001 
4.08000000000383, -1.8985279154104213 
4.090000000003807, -1.8982762093879153 
4.100000000003783, -1.898306061347768 
4.11000000000376, -1.8984905579138975 
4.120000000003737, -1.8986891248750932 
4.130000000003713, -1.8987724787164968 
4.14000000000369, -1.8986015859980399 
4.150000000003667, -1.8980102917515864 
4.1600000000036434, -1.896729553996752 
4.17000000000362, -1.894238325602529 
4.180000000003597, -1.8895449099580683 
4.1900000000035735, -1.8810802884869156 
4.20000000000355, -1.8678604514075086 
4.210000000003527, -1.853960952757559 
4.220000000003504, -1.8486810683741794 
4.23000000000348, -1.8519823246451381 
4.240000000003457, -1.856289506996553 
4.250000000003434, -1.858760963711763 
4.26000000000341, -1.8597717478777525 
4.270000000003387, -1.8599538763881784 
4.280000000003364, -1.859662007046813 
4.2900000000033405, -1.8591134468127735 
4.300000000003317, -1.858586804086773 
4.310000000003294, -1.858457872687098 
4.320000000003271, -1.858884385306632 
4.330000000003247, -1.85961966240788 
4.340000000003224, -1.860332335687398 
4.350000000003201, -1.860832309121042 
4.360000000003177, -1.8610225705119698 
4.370000000003154, -1.8608248625175883 
4.380000000003131, -1.8601307829553098 
4.390000000003107, -1.858752104914161 
4.400000000003084, -1.85636662102538 
4.410000000003061, -1.8524819506442551 
4.4200000000030375, -1.8465648914194497 
4.430000000003014, -1.8388173077671457 
4.440000000002991, -1.8316918736654884 
4.450000000002968, -1.828676228394339 
4.460000000002944, -1.8293485255588724 
4.470000000002921, -1.8307845780125298 
4.480000000002898, -1.8316407445242118 
4.490000000002874, -1.8318527866964165 
4.500000000002851, -1.8315808053132923 
4.510000000002828, -1.830934526556992 
4.520000000002804, -1.8300890060426593 
4.530000000002781, -1.8295673933901848 
4.540000000002758, -1.830158865841809 
4.5500000000027345, -1.8319701207479646 
4.560000000002711, -1.8341760556349835 
4.570000000002688, -1.8360356949736083 
4.580000000002665, -1.837306006696739 
4.590000000002641, -1.837995231022522 
4.600000000002618, -1.8381575938969703 
4.610000000002595, -1.8378221882916979 
4.620000000002571, -1.8369740306167546 
4.630000000002548, -1.8355507157590485 
4.640000000002525, -1.833455571708587 
4.6500000000025015, -1.8306309735356774 
4.660000000002478, -1.8272998226965016 
4.670000000002455, -1.8243139647033684 
4.6800000000024315, -1.8227575582301665 
4.690000000002408, -1.8226248978091306 
4.700000000002385, -1.8229659201684711 
4.710000000002362, -1.8231231490925925 
4.720000000002338, -1.8229039015695725 
4.730000000002315, -1.822237632449848 
4.740000000002292, -1.8210218199759154 
4.750000000002268, -1.81931113252432 
4.760000000002245, -1.818101741785317 
4.770000000002222, -1.8197138521382938 
4.7800000000021985, -1.8248912799701387 
4.790000000002175, -1.8310565453371968 
4.800000000002152, -1.8359316277832973 
4.810000000002129, -1.8390882313583212 
4.820000000002105, -1.8408785740548894 
4.830000000002082, -1.8417044827556797 
4.840000000002059, -1.8418485685140253 
4.850000000002035, -1.8414823769551476 
4.860000000002012, -1.8407040272208515 
4.870000000001989, -1.839578564112232 
4.880000000001965, -1.8381832646300833 
4.890000000001942, -1.8366810675247696 
4.900000000001919, -1.8354022633351135 
4.9100000000018955, -1.8346938842846783 
4.920000000001872, -1.8345218662186629 
4.930000000001849, -1.83450666933688 
4.940000000001826, -1.8343160317283211 
4.950000000001802, -1.8337406687331144 
4.960000000001779, -1.8325196674309745 
4.970000000001756, -1.8301669472145465 
4.980000000001732, -1.8261111736340467 
4.990000000001709, -1.8213985836541309 
5.000000000001686, -1.8219134405772182 
5.0100000000016625, -1.8323309308424147 
5.020000000001639, -1.8460256227044471 
5.030000000001616, -1.856022634417922 
5.0400000000015925, -1.861676219636487 
5.050000000001569, -1.864488055363834 
5.060000000001546, -1.865690771245696 
5.070000000001523, -1.8659892693723332 
5.080000000001499, -1.8657516218925896 
5.090000000001476, -1.8651818597179282 
5.100000000001453, -1.8644283526204997 
5.110000000001429, -1.8636252617687017 
5.120000000001406, -1.8628973243136777 
5.130000000001383, -1.862374916495496 
5.1400000000013595, -1.8621260984470562 
5.150000000001336, -1.8620333677457417 
5.160000000001313, -1.8618625202780295 
5.17000000000129, -1.8613875469059153 
5.180000000001266, -1.8603327166203407 
5.190000000001243, -1.8581558456877214 
5.20000000000122, -1.853715963077748 
5.210000000001196, -1.845228131498887 
5.220000000001173, -1.833059915786092 
5.23000000000115, -1.8270544893495895 
5.240000000001126, -1.8370134989798639 
5.250000000001103, -1.852437232726152 
5.26000000000108, -1.8627972570337548 
5.2700000000010565, -1.867951785448339 
5.280000000001033, -1.870179488193611 
5.29000000000101, -1.8709552469788846 
5.300000000000987, -1.8709918367295368 
5.310000000000963, -1.8706294025686279 
5.32000000000094, -1.8700830222571743 
5.330000000000917, -1.8695489733821222 
5.340000000000893, -1.869167693563044 
5.35000000000087, -1.8689679193010522 
5.360000000000847, -1.8689147173248917 
5.3700000000008234, -1.868927165723829 
5.3800000000008, -1.8688593438024292 
5.390000000000777, -1.8685351277052185 
5.4000000000007535, -1.8677383329370663 
5.41000000000073, -1.8660894012028835 
5.420000000000707, -1.8628056947541842 
5.430000000000684, -1.8563596226394423 
5.44000000000066, -1.8445790172790963 
5.450000000000637, -1.8278102228761615 
5.460000000000614, -1.8156222212408841 
5.47000000000059, -1.81732702988233 
5.480000000000567, -1.8252578762857912 
5.490000000000544, -1.8310630201207652 
5.5000000000005205, -1.8339339107513566 
5.510000000000497, -1.8350698951155295 
5.520000000000474, -1.8353079811156499 
5.5300000000004506, -1.8350602477723246 
5.540000000000427, -1.834561944134998 
5.550000000000404, -1.834061704329051 
5.560000000000381, -1.8338444393030424 
5.570000000000357, -1.834022170123959 
5.580000000000334, -1.8344400199208812 
5.590000000000311, -1.8348807257753101 
5.600000000000287, -1.8351918744475775 
5.610000000000264, -1.8352600961707164 
5.620000000000241, -1.8349755753924295 
5.6300000000002175, -1.8341918182459929 
5.640000000000194, -1.832662301129981 
5.650000000000171, -1.8299602989031782 
5.660000000000148, -1.825411797288955 
5.670000000000124, -1.818230887050618 
5.680000000000101, -1.8085103231003106 
5.690000000000078, -1.7993313385067058 
5.700000000000054, -1.7954246963870104 
5.710000000000031, -1.7964256094602091 
5.720000000000008, -1.7984567554298736 
5.729999999999984, -1.7997296615405205 
5.739999999999961, -1.8001925267909342 
5.749999999999938, -1.8000952556586778 
5.7599999999999145, -1.799602834270673 
5.769999999999891, -1.7988648881189513 
5.779999999999868, -1.7982401591308417 
5.789999999999845, -1.7983695678615537 
5.799999999999821, -1.7995853978100183 
5.809999999999798, -1.8014030588215533 
5.819999999999775, -1.8031253005737742 
5.829999999999751, -1.8044078837789121 
5.839999999999728, -1.8051824657832376 
5.849999999999705, -1.8054665795333882 
5.8599999999996815, -1.8052758568985214 
5.869999999999658, -1.8045942186463733 
5.879999999999635, -1.803363555119052 
5.8899999999996115, -1.8014854836109344 
5.899999999999588, -1.7988570180037082 
5.909999999999565, -1.7955192547124579 
5.919999999999542, -1.7920024320262598 
5.929999999999518, -1.789450265798152 
5.939999999999495, -1.7885859971493976 
5.949999999999472, -1.7887943309439183 
5.959999999999448, -1.7891286253460437 
5.969999999999425, -1.789164757722934 
5.979999999999402, -1.7888014967192198 
5.9899999999993785, -1.7879647047734486 
5.999999999999355, -1.7865563687113721 
6.009999999999332, -1.7847917378449236 
6.019999999999309, -1.7840884855067582 
6.029999999999285, -1.786797092017037 
6.039999999999262, -1.7927773612571805 
6.049999999999239, -1.799112818513183 
6.059999999999215, -1.8038968936308823 
6.069999999999192, -1.806940846167274 
6.079999999999169, -1.8086476556765727 
6.089999999999145, -1.8094177455774765 
6.099999999999122, -1.8095288136978973 
6.109999999999099, -1.8091521952325629 
6.1199999999990755, -1.8083916961100137 
6.129999999999052, -1.8073240352386413 
6.139999999999029, -1.8060394671996107 
6.149999999999006, -1.8046982109379992 
6.159999999998982, -1.8035836662996427 
6.169999999998959, -1.8029672771712857 
6.179999999998936, -1.8028011075914427 
6.189999999998912, -1.802758043311767 
6.199999999998889, -1.8025408259220765 
6.209999999998866, -1.8019400889567934 
6.2199999999988425, -1.8006750828152172 
6.229999999998819, -1.7981953971310674 
6.239999999998796, -1.793656050705044 
6.2499999999987725, -1.7872054756929596 
6.259999999998749, -1.7840906119843152 
6.269999999998726, -1.7923796863193755 
6.279999999998703, -1.8079292420875148 
6.289999999998679, -1.820712562274571 
6.299999999998656, -1.8281727307147633 
6.309999999998633, -1.8319053862245678 
6.319999999998609, -1.8335595812934549 
6.329999999998586, -1.8341005143229925 
6.339999999998563, -1.8340211109694544 
6.3499999999985395, -1.8335798946779363 
6.359999999998516, -1.8329520614572836 
6.369999999998493, -1.83229289228901 
6.37999999999847, -1.8317223592794403 
6.389999999998446, -1.8313151678933823 
6.399999999998423, -1.8311074676659438 
6.4099999999984, -1.8310365581540509 
6.419999999998376, -1.8309300220522637 
6.429999999998353, -1.830588454911807 
6.43999999999833, -1.829785313106224 
6.449999999998306, -1.8281269041475743 
6.459999999998283, -1.8247853514214214 
6.46999999999826, -1.8181333254072836 
6.4799999999982365, -1.8060157547672273 
6.489999999998213, -1.789797472308863 
6.49999999999819, -1.780979074128003 
6.509999999998167, -1.7874187056198498 
6.519999999998143, -1.798563789851885 
6.52999999999812, -1.8059930576486263 
6.539999999998097, -1.8096350467084314 
6.549999999998073, -1.811144136216825 
6.55999999999805, -1.8115769698464035 
6.569999999998027, -1.8114440317492924 
6.5799999999980034, -1.8110082237363485 
6.58999999999798, -1.81048944953363 
6.599999999997957, -1.810132927312154 
6.6099999999979335, -1.8100867975089678 
6.61999999999791, -1.8102901282594814 
6.629999999997887, -1.8105853886666676 
6.639999999997864, -1.8108330569947182 
6.64999999999784, -1.810909535303151 
6.659999999997817, -1.810691630949849 
6.669999999997794, -1.810030379861495 
6.67999999999777, -1.8086879289453475 
6.689999999997747, -1.806245082250617 
6.699999999997724, -1.8019996234182067 
6.7099999999977005, -1.7949866235464587 
6.719999999997677, -1.7846925229864563 
6.729999999997654, -1.773320686923838 
6.7399999999976306, -1.7665485134632728 
6.749999999997607, -1.766472321531247 
6.759999999997584, -1.7689615443685418 
6.769999999997561, -1.7708970592829167 
6.779999999997537, -1.7718159628514054 
6.789999999997514, -1.7720137213344038 
6.799999999997491, -1.7717377928145357 
6.809999999997467, -1.7711367567234872 
6.819999999997444, -1.7704226442697084 
6.829999999997421, -1.770065972497162 
6.8399999999973975, -1.7706178639219303 
6.849999999997374, -1.7720588062176443 
6.859999999997351, -1.7737820641626745 
6.869999999997328, -1.7752639297021964 
6.879999999997304, -1.7763023363631862 
6.889999999997281, -1.7768672785400252 
6.899999999997258, -1.7769702131180352 
6.909999999997234, -1.7766107484467508 
6.919999999997211, -1.7757571548657645 
6.929999999997188, -1.7743401015988869 
6.939999999997164, -1.7722609423146565 
6.949999999997141, -1.7694461813063012 
6.959999999997118, -1.7660328760087485 
6.9699999999970945, -1.7626975132341394 
6.979999999997071, -1.7605495099562494 
6.989999999997048, -1.7599891119848958 
6.999999999997025, -1.760254624487373 
7.009999999997001, -1.7605282130040965 
7.019999999996978, -1.7604863592593016 
7.029999999996955, -1.7600418035332681 
7.039999999996931, -1.7591000522020948 
7.049999999996908, -1.7575420095354564 
7.059999999996885, -1.7556138063666957 
7.0699999999968615, -1.7549122863453364 
7.079999999996838, -1.7580437803243292 
7.089999999996815, -1.7648208782890051 
7.0999999999967915, -1.7719776396829634 
7.109999999996768, -1.7773759064080217 
7.119999999996745, -1.780809553459885 
7.129999999996722, -1.7827474621638817 
7.139999999996698, -1.7836571258412963 
7.149999999996675, -1.7838648459718212 
7.159999999996652, -1.7835744768867343 
7.169999999996628, -1.7829125961870163 
7.179999999996605, -1.7819734660528457 
7.189999999996582, -1.7808560356843386 
7.1999999999965585, -1.7796995748825108 
7.209999999996535, -1.7787207173823312 
7.219999999996512, -1.7781374906155634 
7.229999999996489, -1.7779418535989013 
7.239999999996465, -1.7778776105334952 
7.249999999996442, -1.777670715251557 
7.259999999996419, -1.7771097011179737 
7.269999999996395, -1.7759188568957485 
7.279999999996372, -1.7735471856081084 
7.289999999996349, -1.7689655591287743 
7.299999999996325, -1.7611723610462071 
7.309999999996302, -1.752760344857095 
7.319999999996279, -1.7536494885773286 
7.3299999999962555, -1.7675294316159795 
7.339999999996232, -1.783216601140765 
7.349999999996209, -1.793421332911801 
7.359999999996186, -1.7986852758283978 
7.369999999996162, -1.801090474358885 
7.379999999996139, -1.8020112910279356 
7.389999999996116, -1.8021505240132782 
7.399999999996092, -1.801855046136304 
7.409999999996069, -1.8013328520056746 
7.419999999996046, -1.8007660386682325 
7.4299999999960225, -1.8003092409108743 
7.439999999995999, -1.8000295929476848 
7.449999999995976, -1.7999180007124203 
7.4599999999959525, -1.7999197682581691 
7.469999999995929, -1.7999167978323904 
7.479999999995906, -1.7997489203151669 
7.489999999995883, -1.7992402728910961 
7.499999999995859, -1.7981415823221127 
7.509999999995836, -1.7959853145205287 
7.519999999995813, -1.7918573902361334 
7.529999999995789, -1.7841733559768382 
7.539999999995766, -1.7712206535766248 
7.549999999995743, -1.7546805198393394 
7.5599999999957195, -1.7437920809057288 
7.569999999995696, -1.744779859476969 
7.579999999995673, -1.7508068628217592 
7.58999999999565, -1.75541857429109 
7.599999999995626, -1.7577908511311406 
7.609999999995603, -1.7587432243443195 
7.61999999999558, -1.7589143398129021 
7.629999999995556, -1.7586354378451727 
7.639999999995533, -1.7581065149558852 
7.64999999999551, -1.7575738171078652 
7.659999999995486, -1.7573870019115614 
7.669999999995463, -1.7577627081859224 
7.67999999999544, -1.7585437237218504 
7.6899999999954165, -1.7593986308021787 
7.699999999995393, -1.7600936514328638 
7.70999999999537, -1.7605118984315844 
7.719999999995347, -1.7605861169931025 
7.729999999995323, -1.7602528256810728 
7.7399999999953, -1.7594203009962286 
7.749999999995277, -1.7579429130762683 
7.759999999995253, -1.7556048291566544 
7.76999999999523, -1.7521372509306938 
7.779999999995207, -1.7473697381939874 
7.789999999995183, -1.741718639276236 
7.79999999999516, -1.7367889192904187 
7.809999999995137, -1.7344355809046785 
7.8199999999951135, -1.734454042288365 
7.82999999999509, -1.7352096272322233 
7.839999999995067, -1.735720645930708 
7.849999999995044, -1.7357864431360839 
7.85999999999502, -1.735426613263352 
7.869999999994997, -1.7346408901270132 
7.879999999994974, -1.7334566892757977 
7.88999999999495, -1.7322826405187268 
7.899999999994927, -1.732374813546734 
7.909999999994904, -1.7350136430234264 
7.9199999999948805, -1.7395464885214644 
7.929999999994857, -1.744102952109293 
7.939999999994834, -1.7476083068497918 
7.9499999999948106, -1.749930582209167 
7.959999999994787, -1.7512779071329838 
7.969999999994764, -1.751880805916009 
7.979999999994741, -1.7519122730783832 
7.989999999994717, -1.7514859852295674 
7.999999999994694, -1.750673937329847 
8.00999999999467, -1.7495320190335772 
8.019999999994647, -1.7481343762630808 
8.029999999994624, -1.7466288211888314 
8.0399999999946, -1.7452992089090262 
8.049999999994577, -1.7444710676301374 
8.059999999994554, -1.7441925013822488 
8.06999999999453, -1.7441654089421097 
8.079999999994508, -1.7440564545616255 
8.089999999994484, -1.7436489919007372 
8.099999999994461, -1.7427325853740363 
8.109999999994438, -1.7409219705753032 
8.119999999994414, -1.7375067205947197 
8.129999999994391, -1.731773581708877 
8.139999999994368, -1.72539766484283 
8.149999999994344, -1.7258471979505352 
8.159999999994321, -1.738058724516926 
8.169999999994298, -1.7539483029876461 
8.179999999994275, -1.7654836104679332 
8.189999999994251, -1.7719407696993152 
8.199999999994228, -1.77512016677067 
8.209999999994205, -1.7764970886682914 
8.219999999994181, -1.7769029666954832 
8.229999999994158, -1.776763062533891 
8.239999999994135, -1.7763100859397227 
8.249999999994111, -1.7757173896486236 
8.259999999994088, -1.775145491335195 
8.269999999994065, -1.7747064744702363 
8.279999999994041, -1.7744410515067464 
8.289999999994018, -1.7743408295601373 
8.299999999993995, -1.7743298796215825 
8.309999999993972, -1.774259785246231 
8.319999999993948, -1.7739594690727394 
8.329999999993925, -1.7732323388138553 
8.339999999993902, -1.771756909433721 
8.349999999993878, -1.768904176763361 
8.359999999993855, -1.7634801848936548 
8.369999999993832, -1.7536496209955648 
8.379999999993808, -1.7384010414941014 
8.389999999993785, -1.7224383799307468 
8.399999999993762, -1.7161971609110427 
8.409999999993738, -1.7205343038948235 
8.419999999993715, -1.7268007547343458 
8.429999999993692, -1.7308037673400303 
8.439999999993669, -1.7327277198293412 
8.449999999993645, -1.7334379943981966 
8.459999999993622, -1.7334790197889691 
8.469999999993599, -1.733127095536463 
8.479999999993575, -1.7325734713263732 
8.489999999993552, -1.7320845689143063 
8.499999999993529, -1.7320083538046993 
8.509999999993505, -1.7325009577655819 
8.519999999993482, -1.7333529223543458 
8.529999999993459, -1.7342362830620144 
8.539999999993436, -1.7349365946193114 
8.549999999993412, -1.7353482692258058 
8.559999999993389, -1.7354104510553108 
8.569999999993366, -1.7350653946281245 
8.579999999993342, -1.7342303957123346 
8.589999999993319, -1.7327775893653605 
8.599999999993296, -1.7305242783842218 
8.609999999993272, -1.7272553108751432 
8.619999999993249, -1.7228607386889165 
8.629999999993226, -1.7177406900326009 
8.639999999993202, -1.7132683064238834 
8.64999999999318, -1.7110176008159068 
8.659999999993156, -1.7108861185564674 
8.669999999993133, -1.7114968981590315 
8.67999999999311, -1.7119373589900833 
8.689999999993086, -1.7119766526546847 
8.699999999993063, -1.711602711565306 
8.70999999999304, -1.7107867451004615 
8.719999999993016, -1.7095019394861353 
8.729999999992993, -1.7080574508176827 
8.73999999999297, -1.7077319910324988 
8.749999999992946, -1.710308520135317 
8.759999999992923, -1.7155951260875792 
8.7699999999929, -1.7213467154139608 
8.779999999992876, -1.7259334051490622 
8.789999999992853, -1.7290342291736949 
8.79999999999283, -1.7308968053121252 
8.809999999992806, -1.7318409939461101 
8.819999999992783, -1.7321170997209758 
8.82999999999276, -1.7318951842363226 
8.839999999992736, -1.731286558767912 
8.849999999992713, -1.7303735518749939 
8.85999999999269, -1.7292405828985022 
8.869999999992666, -1.7280060680984817 
8.879999999992643, -1.7268619237539393 
8.88999999999262, -1.7260541724193252 
8.899999999992596, -1.725693248192702 
8.909999999992573, -1.72560883867122 
8.91999999999255, -1.7255126436684847 
8.929999999992527, -1.7251774818164374 
8.939999999992503, -1.7243971128115771 
8.94999999999248, -1.722823600141918 
8.959999999992457, -1.7197511467897033 
8.969999999992433, -1.7139851571124964 
8.97999999999241, -1.7048255334298936 
8.989999999992387, -1.6963660570313763 
8.999999999992363, -1.6989638101927818 
9.00999999999234, -1.7135604422358788 
9.019999999992317, -1.7286284938259364 
9.029999999992294, -1.738179508254079 
9.03999999999227, -1.7430817881224392 
9.049999999992247, -1.7453189935355167 
9.059999999992224, -1.7461687980916778 
9.0699999999922, -1.7462841256442427 
9.079999999992177, -1.7459901792038028 
9.089999999992154, -1.7454894966241963 
9.09999999999213, -1.7449725238374167 
9.109999999992107, -1.7446106644161117 
9.119999999992084, -1.7444698729085215 
9.12999999999206, -1.7445050017757164 
9.139999999992037, -1.7446281869011888 
9.149999999992014, -1.7447267791074423 
9.15999999999199, -1.744667370822666 
9.169999999991967, -1.7443082690349716 
9.179999999991944, -1.7434696382111643 
9.18999999999192, -1.7418551117761054 
9.199999999991897, -1.7389418206995273 
9.209999999991874, -1.7338704965062388 
9.21999999999185, -1.7255290327488058 
9.229999999991827, -1.713531113089616 
9.239999999991804, -1.700777163446649 
9.24999999999178, -1.6935573539617057 
9.259999999991757, -1.6936864246883547 
9.269999999991734, -1.696582844913142 
9.27999999999171, -1.6988843033362795 
9.289999999991688, -1.7000587456796072 
9.299999999991664, -1.700428539815413 
9.309999999991641, -1.7002810231230836 
9.319999999991618, -1.6997753644085207 
9.329999999991594, -1.6990633675421474 
9.339999999991571, -1.6984857866455054 
9.349999999991548, -1.6986204324987397 
9.359999999991524, -1.699803484336479 
9.369999999991501, -1.7016674299860408 
9.379999999991478, -1.703560097245278 
9.389999999991455, -1.7050853329054447 
9.399999999991431, -1.7061246196123445 
9.409999999991408, -1.7066792507615365 
9.419999999991385, -1.7067756236288585 
9.429999999991361, -1.706429654456591 
9.439999999991338, -1.7056360715591907 
9.449999999991315, -1.704369061789523 
9.459999999991291, -1.702595775627156 
9.469999999991268, -1.700320997893036 
9.479999999991245, -1.697702141834282 
9.489999999991221, -1.695213842270983 
9.499999999991198, -1.6935449899380768 
9.509999999991175, -1.6929643845935733 
9.519999999991152, -1.6930260960989247 
9.529999999991128, -1.6931524315122375 
9.539999999991105, -1.6930402583706747 
9.549999999991082, -1.6925531509352703 
9.559999999991058, -1.69152739667322 
9.569999999991035, -1.6896720962284584 
9.579999999991012, -1.686722965300472 
9.589999999990988, -1.6834651983195688 
9.599999999990965, -1.6835548106435243 
9.609999999990942, -1.6910204660119965 
9.619999999990918, -1.7032236555107698 
9.629999999990895, -1.714191746111834 
9.639999999990872, -1.7215417303339007 
9.649999999990849, -1.7257794806303068 
9.659999999990825, -1.7279725751944706 
9.669999999990802, -1.7289288831967269 
9.679999999990779, -1.729140689933876 
9.689999999990755, -1.728889523407868 
9.699999999990732, -1.7283494006078022 
9.709999999990709, -1.727660477977566 
9.719999999990685, -1.7269554294641385 
9.729999999990662, -1.7263448010529483 
9.739999999990639, -1.725911254013202 
9.749999999990616, -1.7256932178006779 
9.759999999990592, -1.725623862385311 
9.769999999990569, -1.7255375749575375 
9.779999999990546, -1.7252501206706294 
9.789999999990522, -1.7245665876479392 
9.799999999990499, -1.7231812364617582 
9.809999999990476, -1.7204931814718858 
9.819999999990452, -1.7153396629797015 
9.829999999990429, -1.7058672460684612 
9.839999999990406, -1.6908130250930025 
9.849999999990382, -1.674288072436383 
9.85999999999036, -1.6671238082177298 
9.869999999990336, -1.6719774804082745 
9.879999999990313, -1.679868211281041 
9.88999999999029, -1.685256027780437 
9.899999999990266, -1.6880084573239091 
9.909999999990243, -1.6891728208229577 
9.91999999999022, -1.689476026000468 
9.929999999990196, -1.6892904995566158 
9.939999999990173, -1.6888205525840305 
9.94999999999015, -1.6882712467521526 
9.959999999990126, -1.687945591529599 
9.969999999990103, -1.688123192534223 
9.97999999999008, -1.688793680239992 
9.989999999990056, -1.6896806032847977 
9.999999999990033, -1.6905097563632332 
10.00999999999001, -1.6911218112717368 
10.019999999989986, -1.6914337750574848 
10.029999999989963, -1.6913909814504464 
10.03999999998994, -1.6909364443354975 
10.049999999989916, -1.6899898243162699 
10.059999999989893, -1.6884349055476555 
10.06999999998987, -1.6861196085841659 
10.079999999989846, -1.6828918716418744 
10.089999999989823, -1.6787445840119175 
10.0999999999898, -1.6741587969844836 
10.109999999989776, -1.670358379489043 
10.119999999989753, -1.6685110556770049 
10.12999999998973, -1.6683863682941957 
10.139999999989707, -1.6688567121606046 
10.149999999989683, -1.6691829562155653 
10.15999999998966, -1.669152122319256 
10.169999999989637, -1.6687222078342336 
10.179999999989613, -1.6678235006701594 
10.18999999998959, -1.6663569659263988 
10.199999999989567, -1.6645005238507398 
10.209999999989543, -1.6635147209762557 
10.21999999998952, -1.6658508041846143 
10.229999999989497, -1.6722570702888517 
10.239999999989474, -1.6801084958139967 
10.24999999998945, -1.6867146785727787 
10.259999999989427, -1.6912765762735973 
10.269999999989404, -1.694073317349444 
10.27999999998938, -1.695595025529138 
10.289999999989357, -1.6962442700712745 
10.299999999989334, -1.6962968016667523 
10.30999999998931, -1.6959307692102439 
10.319999999989287, -1.6952691676850566 
10.329999999989264, -1.6944191311114676 
10.33999999998924, -1.6934940102924796 
10.349999999989217, -1.6926210135634663 
10.359999999989194, -1.691944068688656 
10.36999999998917, -1.6915658675754188 
10.379999999989147, -1.6914339504299227 
10.389999999989124, -1.6913535706166065 
10.3999999999891, -1.6911152423294755 
10.409999999989077, -1.6905276349765355 
10.419999999989054, -1.6893197336398735 
10.42999999998903, -1.6869597545818809 
10.439999999989007, -1.6823914531694868 
10.449999999988984, -1.6738742195489689 
10.45999999998896, -1.6601471570011792 
10.469999999988937, -1.6451754029332946 
10.479999999988914, -1.6400798570966049 
10.48999999998889, -1.6479957768470506 
10.499999999988868, -1.6589744918794203 
10.509999999988844, -1.666461223931521 
10.519999999988821, -1.6703690099235913 
10.529999999988798, -1.6721290219190492 
10.539999999988774, -1.6727499672274184 
10.549999999988751, -1.672753494690701 
10.559999999988728, -1.672402133298609 
10.569999999988704, -1.6718845191142884 
10.579999999988681, -1.671436922231956 
10.589999999988658, -1.6713232424861306 
10.599999999988635, -1.671643827236481 
10.609999999988611, -1.6722504745833504 
10.619999999988588, -1.6729128318096667 
10.629999999988565, -1.6734595730810014 
10.639999999988541, -1.6737821537622952 
10.649999999988518, -1.673803045503671 
10.659999999988495, -1.673449520046151 
10.669999999988471, -1.6726294803012762 
10.679999999988448, -1.6712122492442298 
10.689999999988425, -1.669019484320458 
10.699999999988401, -1.6658409836318735 
10.709999999988378, -1.6615317770393527 
10.719999999988355, -1.656310912907475 
10.729999999988332, -1.6512247942490579 
10.739999999988308, -1.6479156903978427 
10.749999999988285, -1.6469909402779224 
10.759999999988262, -1.6474008744547202 
10.769999999988238, -1.6479655904301793 
10.779999999988215, -1.6482109859303016 
10.789999999988192, -1.6480613962362909 
10.799999999988168, -1.6475001540177214 
10.809999999988145, -1.6464612386010575 
10.819999999988122, -1.6449216009190608 
10.829999999988098, -1.6433496901831297 
10.839999999988075, -1.6433953465877191 
10.849999999988052, -1.6470506047365743 
10.859999999988029, -1.6537936407317748 
10.869999999988005, -1.6609066691315526 
10.879999999987982, -1.666527865682482 
10.889999999987959, -1.6703224312704985 
10.899999999987935, -1.67261896107084 
10.909999999987912, -1.673832240424127 
10.919999999987889, -1.6742903496370225 
10.929999999987865, -1.6742192368743667 
10.939999999987842, -1.6737691698597046 
10.949999999987819, -1.6730511204343415 
10.959999999987796, -1.6721695062609736 
10.969999999987772, -1.6712384690204207 
10.979999999987749, -1.670387812223605 
10.989999999987726, -1.66975865555982 
10.999999999987702, -1.6694307931300894 
11.009999999987679, -1.6693229856639096 
11.019999999987656, -1.6692348994276518 
11.029999999987632, -1.6689663315871779 
11.039999999987609, -1.6683282594651536 
11.049999999987586, -1.6670385235234513 
11.059999999987562, -1.664542628384794 
11.06999999998754, -1.6597584752259507 
11.079999999987516, -1.6509413775563218 
11.089999999987493, -1.6368362263047564 
11.09999999998747, -1.6211446042718347 
11.109999999987446, -1.6144736499743657 
11.119999999987423, -1.6206110481838496 
11.1299999999874, -1.630639437460132 
11.139999999987376, -1.6378485524238582 
11.149999999987353, -1.641721596506181 
11.15999999998733, -1.6435022881035377 
11.169999999987306, -1.6441496874936514 
11.179999999987283, -1.644174968000846 
11.18999999998726, -1.6438353781725457 
11.199999999987236, -1.6433106400397197 
11.209999999987213, -1.642834365007661 
11.21999999998719, -1.642704081778638 
11.229999999987166, -1.643083951960151 
11.239999999987143, -1.6438449406432696 
11.24999999998712, -1.6447125950301715 
11.259999999987096, -1.6454701608374158 
11.269999999987073, -1.645994212701617 
11.27999999998705, -1.6462144988125949 
11.289999999987026, -1.6460796991751228 
11.299999999987003, -1.6455342953438645 
11.30999999998698, -1.6445035628562035 
11.319999999986956, -1.6428872848268277 
11.329999999986933, -1.6405667534339845 
11.33999999998691, -1.6374472957926969 
11.349999999986887, -1.6335940193905496 
11.359999999986863, -1.6295009033256869 
11.36999999998684, -1.6262076516110286 
11.379999999986817, -1.6245945360103875 
11.389999999986793, -1.624422591572279 
11.39999999998677, -1.624773047316591 
11.409999999986747, -1.6250175399775948 
11.419999999986723, -1.6249440648303939 
11.4299999999867, -1.6244841754648847 
11.439999999986677, -1.623533287400408 
11.449999999986654, -1.6219136947145132 
11.45999999998663, -1.6195934359376554 
11.469999999986607, -1.6175309206938 
11.479999999986584, -1.6186159604319108 
11.48999999998656, -1.6253469455804779 
11.499999999986537, -1.635618149045706 
11.509999999986514, -1.6451838440996558 
11.51999999998649, -1.652046947172602 
11.529999999986467, -1.6563116155295863 
11.539999999986444, -1.6586986521264364 
11.54999999998642, -1.659858369479307 
11.559999999986397, -1.660236870529742 
11.569999999986374, -1.6601118270046076 
11.57999999998635, -1.6596583846267188 
11.589999999986327, -1.659009931671033 
11.599999999986304, -1.658294241322657 
11.60999999998628, -1.6576300420147259 
11.619999999986257, -1.657109789180658 
11.629999999986234, -1.6567930971134537 
11.63999999998621, -1.6566712369488925 
11.649999999986187, -1.6566330461486705 
11.659999999986164, -1.6565116216359246 
11.66999999998614, -1.656140257894813 
11.679999999986117, -1.65532543761725 
11.689999999986094, -1.6537466345166867 
11.69999999998607, -1.6508022069800021 
11.709999999986048, -1.6454189797520447 
11.719999999986024, -1.6360361261536798 
11.729999999986001, -1.6216431333496442 
11.739999999985978, -1.6050765282832458 
11.749999999985954, -1.5945256547385358 
11.759999999985931, -1.5943453471445976 
11.769999999985908, -1.5992245885349237 
11.779999999985884, -1.6036001536962083 
11.789999999985861, -1.6061485208675745 
11.799999999985838, -1.6073283047486544 
11.809999999985815, -1.6076876482822886 
11.819999999985791, -1.6075482111295827 
11.829999999985768, -1.6070789038090403 
11.839999999985745, -1.6064322561710518 
11.849999999985721, -1.6059005337879246 
11.859999999985698, -1.6059516196618737 
11.869999999985675, -1.606902282639746 
11.879999999985651, -1.6085461926900309 
11.889999999985628, -1.610364510557248 
11.899999999985605, -1.6119579284849916 
11.909999999985581, -1.6131535667219556 
11.919999999985558, -1.6139113441407147 
11.929999999985535, -1.61423972203292 
11.939999999985512, -1.61415576622475 
11.949999999985488, -1.6136701169336232 
11.959999999985465, -1.612783818738159 
11.969999999985442, -1.611493433072575 
11.979999999985418, -1.6098079726067795 
11.989999999985395, -1.607788949969498 
11.999999999985372, -1.6056266622791884 
12.009999999985348, -1.6037046226867708 
12.019999999985325, -1.6024577712099302 
12.029999999985302, -1.6019902474355987 
12.039999999985278, -1.6019742160375299 
12.049999999985255, -1.602003316062285 
12.059999999985232, -1.6018295251181978 
12.069999999985209, -1.6013015097233627 
12.079999999985185, -1.600216821472614 
12.089999999985162, -1.598181722519014 
12.099999999985139, -1.5945240877255804 
12.109999999985115, -1.5886507509041585 
12.119999999985092, -1.581993408841466 
12.129999999985069, -1.5807714585099548 
12.139999999985045, -1.590816494870168 
12.149999999985022, -1.607265784998121 
12.159999999984999, -1.621323197702181 
12.169999999984976, -1.6301205431580221 
12.179999999984952, -1.6348294265590133 
12.189999999984929, -1.6371046094244481 
12.199999999984906, -1.6380437235657133 
12.209999999984882, -1.6382453287809688 
12.219999999984859, -1.6380225380603908 
12.229999999984836, -1.637566493354451 
12.239999999984812, -1.6370508335684264 
12.249999999984789, -1.636656215966386 
12.259999999984766, -1.6364990779912816 
12.269999999984742, -1.6365702144389274 
12.27999999998472, -1.6367794162507068 
12.289999999984696, -1.6370162628549003 
12.299999999984673, -1.63716489718431 
12.30999999998465, -1.6371112335410511 
12.319999999984626, -1.6367415771233607 
12.329999999984603, -1.635916498990801 
12.33999999998458, -1.6344319631839315 
12.349999999984556, -1.6319846242263947 
12.359999999984533, -1.628161793064312 
12.36999999998451, -1.6225220731869947 
12.379999999984486, -1.6149493613160206 
12.389999999984463, -1.6064636167808193 
12.39999999998444, -1.5996839208734506 
12.409999999984416, -1.5968168214539664 
12.419999999984393, -1.597063608813229 
12.42999999998437, -1.5982169540291755 
12.439999999984346, -1.5990771987682257 
12.449999999984323, -1.5994206307868803 
12.4599999999843, -1.5993128396154712 
12.469999999984276, -1.5988065033774883 
12.479999999984253, -1.5979055219199725 
12.48999999998423, -1.5966952246608037 
12.499999999984206, -1.5956992370746197 
12.509999999984183, -1.5961808167223173 
12.51999999998416, -1.5992724726566374 
12.529999999984136, -1.6043830123712113 
12.539999999984113, -1.6097474868648234 
12.54999999998409, -1.6141516827075058 
12.559999999984067, -1.6172890413136958 
12.569999999984043, -1.6192987685175986 
12.57999999998402, -1.6204224864514807 
12.589999999983997, -1.6208781689186391 
12.599999999983973, -1.6208326056327806 
12.60999999998395, -1.6204068538063123 
12.619999999983927, -1.619694810724318 
12.629999999983903, -1.6187865337319454 
12.63999999998388, -1.617785583459165 
12.649999999983857, -1.616817788175363 
12.659999999983834, -1.6160323610682188 
12.66999999998381, -1.6155516601302655 
12.679999999983787, -1.6153620349551225 
12.689999999983764, -1.6152960028042223 
12.69999999998374, -1.6151467230359278 
12.709999999983717, -1.6147360828739292 
12.719999999983694, -1.613861830876025 
12.72999999998367, -1.6121710762102954 
12.739999999983647, -1.6089728001217125 
12.749999999983624, -1.6030093300325898 
12.7599999999836, -1.592531482664623 
12.769999999983577, -1.5769951116916525 
12.779999999983554, -1.5613325689561255 
12.78999999998353, -1.5552430606818075 
12.799999999983507, -1.5603787694797329 
12.809999999983484, -1.5686961935175099 
12.81999999998346, -1.5747709101080303 
12.829999999983437, -1.5781142102725358 
12.839999999983414, -1.5796797419400261 
12.84999999998339, -1.5802446440761193 
12.859999999983367, -1.5802371011663556 
12.869999999983344, -1.579875363102863 
12.87999999998332, -1.5793153975182375 
12.889999999983297, -1.5787860244639085 
12.899999999983274, -1.5786410697065194 
12.90999999998325, -1.579168402013605 
12.919999999983228, -1.5803025399582393 
12.929999999983204, -1.581688995477034 
12.939999999983181, -1.5829901851459152 
12.949999999983158, -1.584019212771325 
12.959999999983134, -1.5847006729092605 
12.969999999983111, -1.585010412099018 
12.979999999983088, -1.5849403999928933 
12.989999999983064, -1.5844821519499455 
12.999999999983041, -1.583620805377783 
13.009999999983018, -1.5823368384292609 
13.019999999982995, -1.5806177975840854 
13.029999999982971, -1.578490058368376 
13.039999999982948, -1.5760877081351943 
13.049999999982925, -1.573745424430061 
13.059999999982901, -1.571965316523272 
13.069999999982878, -1.571072192494065 
13.079999999982855, -1.5708910045756368 
13.089999999982831, -1.5709666682817138 
13.099999999982808, -1.5709502867469447 
13.109999999982785, -1.5706621858172165 
13.119999999982761, -1.5699599901480001 
13.129999999982738, -1.5685983067998488 
13.139999999982715, -1.5661088528267437 
13.149999999982692, -1.5618042109742925 
13.159999999982668, -1.555498027474695 
13.169999999982645, -1.5499355458060404 
13.179999999982622, -1.5520457806444212 
13.189999999982598, -1.5648984346044517 
13.199999999982575, -1.5814190063221605 
13.209999999982552, -1.594254036500844 
13.219999999982528, -1.601990197236367 
13.229999999982505, -1.6060719193700899 
13.239999999982482, -1.6080191864419358 
13.249999999982458, -1.608791026388674 
13.259999999982435, -1.6089056417519576 
13.269999999982412, -1.6086381423646898 
13.279999999982389, -1.6081671340035055 
13.289999999982365, -1.6076675886532006 
13.299999999982342, -1.6073226294420535 
13.309999999982319, -1.6072415849785973 
13.319999999982295, -1.6073994202744317 
13.329999999982272, -1.6076893873820617 
13.339999999982249, -1.6079916686868834 
13.349999999982225, -1.608191732375729 
13.359999999982202, -1.6081839942912601 
13.369999999982179, -1.6078677025411423 
13.379999999982156, -1.6071258080934931 
13.389999999982132, -1.6057975937339624 
13.399999999982109, -1.6036587165444462 
13.409999999982086, -1.6004214904893772 
13.419999999982062, -1.5957924276298858 
13.429999999982039, -1.589690142442694 
13.439999999982016, -1.5827451316559555 
13.449999999981992, -1.5767119482560386 
13.459999999981969, -1.5734672255114284 
13.469999999981946, -1.57298933157343 
13.479999999981922, -1.5737048414166277 
13.4899999999819, -1.574410557926827 
13.499999999981876, -1.5747275585972493 
13.509999999981853, -1.5746338033751122 
13.51999999998183, -1.574141936197137 
13.529999999981806, -1.5732096174772472 
13.539999999981783, -1.5718040636247599 
13.54999999998176, -1.5702239890043517 
13.559999999981736, -1.5697140250268244 
13.569999999981713, -1.5722863281785628 
13.57999999998169, -1.5784498343209623 
13.589999999981666, -1.5860927688629327 
13.599999999981643, -1.5928627681515803 
13.60999999998162, -1.5978278540451156 
13.619999999981596, -1.6010671878476495 
13.629999999981573, -1.6029722743119172 
13.63999999998155, -1.6039262151880478 
13.649999999981526, -1.6042204466746697 
13.659999999981503, -1.6040564850291372 
13.66999999998148, -1.6035741890205049 
13.679999999981456, -1.6028871481638967 
13.689999999981433, -1.6021087806547634 
13.69999999998141, -1.6013538222164416 
13.709999999981386, -1.6007262353097294 
13.719999999981363, -1.6003074514057771 
13.72999999998134, -1.6001157184336487 
13.739999999981316, -1.6000616563447625 
13.749999999981293, -1.5999840019306317 
13.75999999998127, -1.5997185480777592 
13.769999999981247, -1.599097998369579 
13.779999999981223, -1.5978788945806015 
13.7899999999812, -1.595624060322571 
13.799999999981177, -1.5915503561638769 
13.809999999981153, -1.584419930320704 
13.81999999998113, -1.5728743325205112 
13.829999999981107, -1.5571664845484947 
13.839999999981083, -1.5420352241880022 
13.84999999998106, -1.5346542714987241 
13.859999999981037, -1.5357766125618817 
13.869999999981014, -1.5399242251276246 
13.87999999998099, -1.5432984777014822 
13.889999999980967, -1.5452215131063938 
13.899999999980944, -1.5460818952263287 
13.90999999998092, -1.54627835237256 
13.919999999980897, -1.5460399835899827 
13.929999999980874, -1.5454870815372714 
13.93999999998085, -1.5447517149674947 
13.949999999980827, -1.544147625971185 
13.959999999980804, -1.5442498221895415 
13.96999999998078, -1.5455468510220105 
13.979999999980757, -1.547886417111497 
13.989999999980734, -1.5505925787119188 
13.99999999998071, -1.5530619654113489 
14.009999999980687, -1.5550124727420733 
14.019999999980664, -1.5563861067460114 
14.02999999998064, -1.5572179939440098 
14.039999999980617, -1.557567842666368 
14.049999999980594, -1.5574941399179534 
14.05999999998057, -1.557047129426668 
14.069999999980547, -1.556270780100315 
14.079999999980524, -1.5552120082716188 
14.0899999999805, -1.5539366073109007 
14.099999999980477, -1.5525509601682974 
14.109999999980454, -1.551226062119074 
14.11999999998043, -1.5501856768887738 
14.129999999980408, -1.549588387523769 
14.139999999980384, -1.5493800255495496 
14.149999999980361, -1.54933190530712 
14.159999999980338, -1.5492097619105565 
14.169999999980314, -1.5488392441500154 
14.179999999980291, -1.5480403894757497 
14.189999999980268, -1.5465057930359387 
14.199999999980244, -1.543634462966902 
14.209999999980221, -1.5383297854929476 
14.219999999980198, -1.5290285206900938 
14.229999999980175, -1.515015626899749 
14.239999999980151, -1.5000708873609756 
14.249999999980128, -1.4931592388098491 
14.259999999980105, -1.497954355780918 
14.269999999980081, -1.507636236949532 
14.279999999980058, -1.515541612433013 
14.289999999980035, -1.5202437333186514 
14.299999999980011, -1.5226308302481504 
14.309999999979988, -1.5236722959058135 
14.319999999979965, -1.5239575629109394 
14.329999999979941, -1.5237907660376575 
14.339999999979918, -1.5233372236007496 
14.349999999979895, -1.5227535355543123 
14.359999999979872, -1.5223020130759566 
14.369999999979848, -1.5223497496012943 
14.379999999979825, -1.5231296433491721 
14.389999999979802, -1.5245027339976414 
14.399999999979778, -1.5260898069387285 
14.409999999979755, -1.5275602824512908 
14.419999999979732, -1.5287358087575982 
14.429999999979708, -1.5295476590158343 
14.439999999979685, -1.5299798572034704 
14.449999999979662, -1.5300359180772563 
14.459999999979638, -1.5297235059782015 
14.469999999979615, -1.5290492132997833 
14.479999999979592, -1.5280199289666432 
14.489999999979569, -1.5266512149083376 
14.499999999979545, -1.5249861475912072 
14.509999999979522, -1.5231299536686604 
14.519999999979499, -1.5212957862103886 
14.529999999979475, -1.5198007908623734 
14.539999999979452, -1.5189046039540877 
14.549999999979429, -1.5185827057369745 
14.559999999979405, -1.51855283002681 
14.569999999979382, -1.5185161451265876 
14.579999999979359, -1.5182765486719398 
14.589999999979335, -1.5176826106215333 
14.599999999979312, -1.5165100137040075 
14.609999999979289, -1.5143214263687228 
14.619999999979266, -1.5102970285123258 
14.629999999979242, -1.5031914784216416 
14.639999999979219, -1.4921806002253235 
14.649999999979196, -1.4798095367405548 
14.659999999979172, -1.4740108416365048 
14.669999999979149, -1.4801514819366273 
14.679999999979126, -1.4926764981879723 
14.689999999979102, -1.503597121181238 
14.69999999997908, -1.510416675438418 
14.709999999979056, -1.5140314331529827 
14.719999999979033, -1.5157418865716128 
14.72999999997901, -1.5164012890483742 
14.739999999978986, -1.5164653420961822 
14.749999999978963, -1.5161676646754798 
14.75999999997894, -1.5156620174371376 
14.769999999978916, -1.515138418610636 
14.779999999978893, -1.514882111839421 
14.78999999997887, -1.5151672307952382 
14.799999999978846, -1.516030322706776 
14.809999999978823, -1.5172349722987868 
14.8199999999788, -1.5184791088861211 
14.829999999978776, -1.5195525338834182 
14.839999999978753, -1.5203467724958093 
14.84999999997873, -1.5208141245245175 
14.859999999978706, -1.5209350088786162 
14.869999999978683, -1.520699541643278 
14.87999999997866, -1.5200990417011908 
14.889999999978636, -1.5191243880027598 
14.899999999978613, -1.5177706841818668 
14.90999999997859, -1.5160513606577348 
14.919999999978566, -1.5140288730001537 
14.929999999978543, -1.5118680672630231 
14.93999999997852, -1.5098820833698479 
14.949999999978496, -1.508451752917002 
14.959999999978473, -1.5077551293799027 
14.96999999997845, -1.507601169099344 
14.979999999978427, -1.5076278765765472 
14.989999999978403, -1.5075573234054533 
14.99999999997838, -1.5072257315326145 
15.009999999978357, -1.506480153753109 
15.019999999978333, -1.5050537694422754 
15.02999999997831, -1.5024243972318538 
15.039999999978287, -1.4976816975208798 
15.049999999978263, -1.4897334615292903 
15.05999999997824, -1.4788935652776967 
15.069999999978217, -1.470100084274912 
15.079999999978194, -1.4713566230651867 
15.08999999997817, -1.4830509461352814 
15.099999999978147, -1.4968524431797146 
15.109999999978124, -1.506885768202439 
15.1199999999781, -1.5126704905069455 
15.129999999978077, -1.5156155958632982 
15.139999999978054, -1.5169512968753593 
15.14999999997803, -1.5174019251000441 
15.159999999978007, -1.5173431674634688 
15.169999999977984, -1.5169753299084536 
15.17999999997796, -1.516454856086811 
15.189999999977937, -1.515993621603052 
15.199999999977914, -1.5158692801392875 
15.20999999997789, -1.5162723097367456 
15.219999999977867, -1.5171393694168709 
15.229999999977844, -1.5182199219250176 
15.23999999997782, -1.519267001778907 
15.249999999977797, -1.5201228076014783 
15.259999999977774, -1.5207038047365606 
15.26999999997775, -1.5209678481388926 
15.279999999977727, -1.5208910540556744 
15.289999999977704, -1.5204545486822167 
15.29999999997768, -1.5196388720392977 
15.309999999977657, -1.5184245968827228 
15.319999999977634, -1.5168003426853098 
15.32999999997761, -1.5147841590644913 
15.339999999977588, -1.5124691368533725 
15.349999999977564, -1.5100936764452626 
15.359999999977541, -1.5080651276154182 
15.369999999977518, -1.50677723678067 
15.379999999977494, -1.506280462800094 
15.389999999977471, -1.506247755834797 
15.399999999977448, -1.506292417964076 
15.409999999977424, -1.5061721460326047 
15.419999999977401, -1.5057448979058545 
15.429999999977378, -1.5048449774921033 
15.439999999977355, -1.5031574618360495 
15.449999999977331, -1.5000841355296057 
15.459999999977308, -1.4946978123949173 
15.469999999977285, -1.486345091736881 
15.479999999977261, -1.4769861184271311 
15.489999999977238, -1.473461772522923 
15.499999999977215, -1.4814783515177559 
15.509999999977191, -1.4964562566224637 
15.519999999977168, -1.5098942699405664 
15.529999999977145, -1.518552622450434 
15.539999999977121, -1.5232683338889204 
15.549999999977098, -1.5255832466673838 
15.559999999977075, -1.526571116161417 
15.569999999977052, -1.5268241187620186 
15.579999999977028, -1.5266471687814334 
15.589999999977005, -1.5262176390796918 
15.599999999976982, -1.5257036759325389 
15.609999999976958, -1.525333761437132 
15.619999999976935, -1.5253462034454295 
15.629999999976912, -1.5258229750839214 
15.639999999976888, -1.52662435715238 
15.649999999976865, -1.5275211191109235 
15.659999999976842, -1.5283278187736296 
15.669999999976818, -1.528928810990486 
15.679999999976795, -1.529256168341922 
15.689999999976772, -1.5292668721541862 
15.699999999976749, -1.528926589053015 
15.709999999976725, -1.528200306579717 
15.719999999976702, -1.527049674238123 
15.729999999976679, -1.5254372486507384 
15.739999999976655, -1.523342382174892 
15.749999999976632, -1.5208018109244237 
15.759999999976609, -1.517990880797439 
15.769999999976585, -1.5153132909377403 
15.779999999976562, -1.5133239333201782 
15.789999999976539, -1.5123396188526652 
15.799999999976515, -1.5121425505657842 
15.809999999976492, -1.5122438906692002 
15.819999999976469, -1.512277217251059 
15.829999999976446, -1.512061409935063 
15.839999999976422, -1.5114731850933087 
15.849999999976399, -1.5103153844049673 
15.859999999976376, -1.5082027796479927 
15.869999999976352, -1.504494625118332 
15.879999999976329, -1.4985908191551969 
15.889999999976306, -1.4914743702882194 
15.899999999976282, -1.4882249754783623 
15.90999999997626, -1.4952514777248518 
15.919999999976236, -1.5107639877595056 
15.929999999976213, -1.5263288032404811 
15.93999999997619, -1.5371370277243446 
15.949999999976166, -1.543328431153522 
15.959999999976143, -1.5465067712265 
15.96999999997612, -1.54797283355711 
15.979999999976096, -1.5484937300661537 
15.989999999976073, -1.548475628909954 
15.99999999997605, -1.5481398023755883 
16.009999999976028, -1.5476501676164771 
16.019999999976005, -1.5471948106816908 
16.02999999997598, -1.5469799883945854 
16.039999999975958, -1.5471185901557238 
16.049999999975935, -1.5475521766465232 
16.05999999997591, -1.5481221177298612 
16.069999999975888, -1.5486735492696257 
16.079999999975865, -1.5490883572775311 
16.08999999997584, -1.549279109359589 
16.099999999975818, -1.5491768512991775 
16.109999999975795, -1.548716367636496 
16.11999999997577, -1.5478235509645066 
16.129999999975748, -1.5464099098247523 
16.139999999975725, -1.544376521957262 
16.1499999999757, -1.541635080800228 
16.15999999997568, -1.5381707873802777 
16.169999999975655, -1.5341858109922177 
16.17999999997563, -1.5302852142871133 
16.18999999997561, -1.5273864225930054 
16.199999999975585, -1.5260360894828937 
16.20999999997556, -1.5258783811814 
16.21999999997554, -1.5261491338822388 
16.229999999975515, -1.5263382386064221 
16.239999999975492, -1.5262503870423518 
16.24999999997547, -1.52580238431239 
16.259999999975445, -1.5248702674877985 
16.269999999975422, -1.5232109012609025 
16.2799999999754, -1.5204964377876338 
16.289999999975375, -1.5167745902449423 
16.299999999975352, -1.5138620465386026 
16.30999999997533, -1.5162407767221424 
16.319999999975305, -1.5267733659928135 
16.329999999975282, -1.541554453909397 
16.33999999997526, -1.5545652522556268 
16.349999999975235, -1.5634132829086131 
16.359999999975212, -1.5686157254322421 
16.36999999997519, -1.5713858339274203 
16.379999999975166, -1.5726940521620423 
16.389999999975142, -1.5731467216727588 
16.39999999997512, -1.5730896489746042 
16.409999999975096, -1.5727265937402835 
16.419999999975072, -1.5722122676093964 
16.42999999997505, -1.5717051530592605 
16.439999999975026, -1.5713515074925866 
16.449999999975002, -1.5712208783040875 
16.45999999997498, -1.5712873539591843 
16.469999999974956, -1.5714717245193337 
16.479999999974932, -1.5716714621563137 
16.48999999997491, -1.5717730647245163 
16.499999999974886, -1.5716659712049328 
16.509999999974863, -1.5712398271938919 
16.51999999997484, -1.5703599788506342 
16.529999999974816, -1.5688380714438523 
16.539999999974793, -1.566412895852671 
16.54999999997477, -1.5627578139375058 
16.559999999974746, -1.557559773247187 
16.569999999974723, -1.5507803497973496 
16.5799999999747, -1.5431932530622527 
16.589999999974676, -1.5367265612452625 
16.599999999974653, -1.5332904120500903 
16.60999999997463, -1.5327727939057854 
16.619999999974606, -1.5335240144917346 
16.629999999974583, -1.5342931520530683 
16.63999999997456, -1.5346756121351024 
16.649999999974536, -1.5346455473144878 
16.659999999974513, -1.534224166436038 
16.66999999997449, -1.5333770615558553 
16.679999999974466, -1.532044609888953 
16.689999999974443, -1.530372288532618 
16.69999999997442, -1.5292777495617789 
16.709999999974396, -1.530756698783773 
16.719999999974373, -1.5362376801753626 
16.72999999997435, -1.5443845405151289 
16.739999999974327, -1.5524454782039594 
16.749999999974303, -1.5587708684553938 
16.75999999997428, -1.5630946307937208 
16.769999999974257, -1.5657665894863633 
16.779999999974233, -1.5672386958215 
16.78999999997421, -1.5678849299561461 
16.799999999974187, -1.5679714874239443 
16.809999999974163, -1.5676781371691157 
16.81999999997414, -1.5671357548165994 
16.829999999974117, -1.5664627398393747 
16.839999999974093, -1.5657796113272964 
16.84999999997407, -1.5651929097552884 
16.859999999974047, -1.5647756350663655 
16.869999999974024, -1.564557881984694 
16.879999999974, -1.5645031906164906 
16.889999999973977, -1.564499664396824 
16.899999999973954, -1.5644019894345982 
16.90999999997393, -1.5640674635389693 
16.919999999973907, -1.563335184354751 
16.929999999973884, -1.5619630648404204 
16.93999999997386, -1.559546641831526 
16.949999999973837, -1.5554412129096478 
16.959999999973814, -1.548766072094463 
16.96999999997379, -1.5387429310823542 
16.979999999973767, -1.5258138723767656 
16.989999999973744, -1.513187648168072 
16.99999999997372, -1.5056424615157433 
17.009999999973697, -1.5044050675333085 
17.019999999973674, -1.5063057404714422 
17.02999999997365, -1.5083896849167266 
17.039999999973627, -1.5097052741818997 
17.049999999973604, -1.5102907683524858 
17.05999999997358, -1.5103479741381143 
17.069999999973557, -1.5100052425405281 
17.079999999973534, -1.5093156741076519 
17.08999999997351, -1.5083509798778956 
17.099999999973488, -1.5074167255720234 
17.109999999973464, -1.5073077927846046 
17.11999999997344, -1.5090466954335255 
17.129999999973418, -1.512826819742732 
17.139999999973394, -1.5176227792573518 
17.14999999997337, -1.5221926915997954 
17.159999999973348, -1.5258724568538233 
17.169999999973324, -1.5285257463880244 
17.1799999999733, -1.5302576585662737 
17.189999999973278, -1.5312376773089773 
17.199999999973254, -1.5316291558732877 
17.20999999997323, -1.5315678412856013 
17.219999999973208, -1.5311611780551009 
17.229999999973185, -1.5304998018223368 
17.23999999997316, -1.5296747670668185 
17.249999999973138, -1.5287885436840067 
17.259999999973115, -1.5279526323963268 
17.26999999997309, -1.5272782071594928 
17.279999999973068, -1.5268494239737078 
17.289999999973045, -1.526665092752987 
17.29999999997302, -1.5266126484442586 
17.309999999972998, -1.5265268070110367 
17.319999999972975, -1.5262517521358867 
17.32999999997295, -1.5256308974872141 
17.339999999972928, -1.5244396728330696 
17.349999999972905, -1.5222891627118673 
17.35999999997288, -1.5185124952133016 
17.36999999997286, -1.512094106334833 
17.379999999972835, -1.5018914534048704 
17.38999999997281, -1.4877094454982775 
17.39999999997279, -1.4723289218541378 
17.409999999972765, -1.4615072843976198 
17.41999999997274, -1.458489873493122 
17.42999999997272, -1.4605196680550496 
17.439999999972695, -1.463488568467217 
17.449999999972672, -1.4656122907405658 
17.45999999997265, -1.4667515056743277 
17.469999999972625, -1.4671799941424393 
17.479999999972602, -1.467123431236836 
17.48999999997258, -1.4666971064739913 
17.499999999972555, -1.465956200046723 
17.509999999972532, -1.4650135764056897 
17.51999999997251, -1.4642563104825557 
17.529999999972485, -1.4645075308889441 
17.539999999972462, -1.4666179072084295 
17.54999999997244, -1.4705488574140924 
17.559999999972415, -1.4752820488037963 
17.569999999972392, -1.4797343764522315 
17.57999999997237, -1.4833384401987906 
17.589999999972346, -1.4859698939780026 
17.599999999972322, -1.487715083474876 
17.6099999999723, -1.4887254374436858 
17.619999999972276, -1.4891545705912994 
17.629999999972252, -1.4891354099187883 
17.63999999997223, -1.4887763040283115 
17.649999999972206, -1.488169759613419 
17.659999999972182, -1.4874080247542296 
17.66999999997216, -1.4865932011391172 
17.679999999972136, -1.4858317193807853 
17.689999999972112, -1.4852201170230566 
17.69999999997209, -1.4848263875295615 
17.709999999972066, -1.4846541019655326 
17.719999999972043, -1.4846175059966717 
17.72999999997202, -1.484575200341374 
17.739999999971996, -1.484384194486794 
17.749999999971973, -1.483907445601334 
17.75999999997195, -1.4829728941220126 
17.769999999971926, -1.4813118697300158 
17.779999999971903, -1.4784955208090351 
17.78999999997188, -1.4738984916840874 
17.799999999971856, -1.4667781652076113 
17.809999999971833, -1.4566694380512524 
17.81999999997181, -1.4443055219369367 
17.829999999971786, -1.4325236657850877 
17.839999999971763, -1.4250485949624463 
17.84999999997174, -1.4229515568901159 
17.859999999971716, -1.4239707022662846 
17.869999999971693, -1.425609063766712 
17.87999999997167, -1.4267961695071223 
17.889999999971646, -1.4273886567043033 
17.899999999971623, -1.4274963745846017 
17.9099999999716, -1.4272109831751567 
17.919999999971576, -1.4265523025642883 
17.929999999971553, -1.425499007658074 
17.93999999997153, -1.4241211269545115 
17.949999999971507, -1.4229110409227634 
17.959999999971483, -1.4231660632950944 
17.96999999997146, -1.4265187375939665 
17.979999999971437, -1.4332190066783337 
17.989999999971413, -1.4415055293315864 
17.99999999997139, -1.4492484814022228 
18.009999999971367, -1.455323079869559 
18.019999999971343, -1.4595649454267359 
18.02999999997132, -1.462259680778917 
18.039999999971297, -1.4637962401938194 
18.049999999971273, -1.4645187828680633 
18.05999999997125, -1.464685663647629 
18.069999999971227, -1.4644774039906632 
18.079999999971204, -1.4640262758045892 
18.08999999997118, -1.4634509776229425 
18.099999999971157, -1.462876070109639 
18.109999999971134, -1.462416498156601 
18.11999999997111, -1.4621412805687042 
18.129999999971087, -1.4620588624263502 
18.139999999971064, -1.462127017902244 
18.14999999997104, -1.4622624471645416 
18.159999999971017, -1.462356747990206 
18.169999999970994, -1.4623002111131842 
18.17999999997097, -1.4619894342748725 
18.189999999970947, -1.4613126303365596 
18.199999999970924, -1.4601289477816803 
18.2099999999709, -1.4582571749509918 
18.219999999970877, -1.4554827479608496 
18.229999999970854, -1.4515943192847138 
18.23999999997083, -1.4464780649015183 
18.249999999970807, -1.4403179648572735 
18.259999999970784, -1.4338802223243998 
18.26999999997076, -1.4285336689644483 
18.279999999970737, -1.4254555028895914 
18.289999999970714, -1.4245879304412885 
18.29999999997069, -1.4248838391223602 
18.309999999970668, -1.4253943288898159 
18.319999999970644, -1.4256917513401395 
18.32999999997062, -1.4256666309947217 
18.339999999970598, -1.4252865843429516 
18.349999999970574, -1.4244739408944582 
18.35999999997055, -1.4230545313306284 
18.369999999970528, -1.4207802815521506 
18.379999999970504, -1.4176024908649425 
18.38999999997048, -1.4145509828720835 
18.399999999970458, -1.4148111720676164 
18.409999999970434, -1.422116848941279 
18.41999999997041, -1.4358520336016751 
18.429999999970388, -1.450814697334645 
18.439999999970365, -1.4627055404224838 
18.44999999997034, -1.4705186350683763 
18.459999999970318, -1.475079583690134 
18.469999999970295, -1.4775080819762876 
18.47999999997027, -1.4786494892570032 
18.489999999970248, -1.4790290202050285 
18.499999999970225, -1.478948576627166 
18.5099999999702, -1.4785901532455221 
18.519999999970178, -1.4781000289028579 
18.529999999970155, -1.4776422638154503 
18.53999999997013, -1.477387267728853 
18.549999999970108, -1.4774315095856825 
18.559999999970085, -1.4777436341934083 
18.56999999997006, -1.4782078326848085 
18.57999999997004, -1.4786942426747725 
18.589999999970015, -1.4790898987107162 
18.59999999996999, -1.4793038791912205 
18.60999999996997, -1.4792639609726224 
18.619999999969945, -1.478907068725318 
18.62999999996992, -1.4781693619558256 
18.6399999999699, -1.476981984319805 
18.649999999969875, -1.4752740280759074 
18.659999999969852, -1.4729847206920756 
18.66999999996983, -1.4700947351687368 
18.679999999969805, -1.4666966989561707 
18.689999999969782, -1.4631104032923097 
18.69999999996976, -1.459941696302411 
18.709999999969735, -1.4578374239178864 
18.719999999969712, -1.4569695751350706 
18.72999999996969, -1.4569089393663277 
18.739999999969665, -1.457086756189042 
18.749999999969642, -1.4571533911810155 
18.75999999996962, -1.4569568444326972 
18.769999999969595, -1.4563952388605768 
18.779999999969572, -1.4552966745265357 
18.78999999996955, -1.4533231996278941 
18.799999999969526, -1.4499137806335685 
18.809999999969502, -1.4445035429632176 
18.81999999996948, -1.437700230913538 
18.829999999969456, -1.4334891156168783 
18.839999999969432, -1.4381216851659278 
18.84999999996941, -1.4521601321110627 
18.859999999969386, -1.468451161827428 
18.869999999969362, -1.4809373374708878 
18.87999999996934, -1.4885780295275968 
18.889999999969316, -1.4927027286520231 
18.899999999969292, -1.4947301053518505 
18.90999999996927, -1.4955830068803728 
18.919999999969246, -1.495770899741074 
18.929999999969223, -1.4955634662118404 
18.9399999999692, -1.495126859248948 
18.949999999969176, -1.4946251088841447 
18.959999999969153, -1.4942731282490445 
18.96999999996913, -1.4942815242529144 
18.979999999969106, -1.4947151922772242 
18.989999999969083, -1.4954488463065023 
18.99999999996906, -1.496280300018141 
19.009999999969036, -1.497039976020686 
19.019999999969013, -1.497615266214758 
19.02999999996899, -1.4979357588890019 
19.039999999968966, -1.4979554553556098 
19.049999999968943, -1.4976387739913588 
19.05999999996892, -1.4969520817741118 
19.069999999968896, -1.4958612523399342 
19.079999999968873, -1.4943352279927444 
19.08999999996885, -1.4923588549032725 
19.099999999968826, -1.4899644317612162 
19.109999999968803, -1.4872943735524609 
19.11999999996878, -1.484678147324717 
19.129999999968756, -1.48260304123887 
19.139999999968733, -1.4814283455072312 
19.14999999996871, -1.4810683192429 
19.159999999968687, -1.4811065683093714 
19.169999999968663, -1.4811598320391126 
19.17999999996864, -1.4810152885717558 
19.189999999968617, -1.4805454491259977 
19.199999999968593, -1.4795827516180362 
19.20999999996857, -1.4778014468643037 
19.219999999968547, -1.474596877403467 
19.229999999968523, -1.4690829752635 
19.2399999999685, -1.4607918519646488 
19.249999999968477, -1.4520055297367485 
19.259999999968453, -1.4494909799108278 
19.26999999996843, -1.4582076760843072 
19.279999999968407, -1.473320178208725 
19.289999999968384, -1.4867327315782757 
19.29999999996836, -1.4954140385098758 
19.309999999968337, -1.5001846984051743 
19.319999999968314, -1.5025522864468694 
19.32999999996829, -1.5035807175722131 
19.339999999968267, -1.5038636574343023 
19.349999999968244, -1.5037084818212032 
19.35999999996822, -1.5032910661690506 
19.369999999968197, -1.5027724313618775 
19.379999999968174, -1.5023759312171792 
19.38999999996815, -1.5023567313499155 
19.399999999968127, -1.5028372648854942 
19.409999999968104, -1.5037031686052775 
19.41999999996808, -1.5047137132701907 
19.429999999968057, -1.5056583148781848 
19.439999999968034, -1.506404843570097 
19.44999999996801, -1.506880216925167 
19.459999999967987, -1.5070441581213883 
19.469999999967964, -1.5068708351991567 
19.47999999996794, -1.5063382844709337 
19.489999999967917, -1.5054245001163369 
19.499999999967894, -1.5041093945777289 
19.50999999996787, -1.502384598709562 
19.519999999967848, -1.5002778988146617 
19.529999999967824, -1.4979027197996513 
19.5399999999678, -1.4955260098198455 
19.549999999967778, -1.4935676981538024 
19.559999999967754, -1.4923848308994194 
19.56999999996773, -1.491965076389381 
19.579999999967708, -1.491957388218847 
19.589999999967684, -1.4919925680407593 
19.59999999996766, -1.4918478022569945 
19.609999999967638, -1.4913862352712768 
19.619999999967614, -1.4904354078744662 
19.62999999996759, -1.4886638800149237 
19.639999999967568, -1.485445670895795 
19.649999999967545, -1.4798127843768571 
19.65999999996752, -1.4710537521633338 
19.669999999967498, -1.461024286852474 
19.679999999967475, -1.456448529819947 
19.68999999996745, -1.4632696032826327 
19.699999999967428, -1.4774706893740428 
19.709999999967405, -1.4906559564566713 
19.71999999996738, -1.4993089681006266 
19.729999999967358, -1.5040737341997257 
19.739999999967335, -1.5064330857668478 
19.74999999996731, -1.5074533984063632 
19.759999999967288, -1.5077296961633246 
19.769999999967265, -1.5075683760940544 
19.77999999996724, -1.5071439675083549 
19.78999999996722, -1.5066185863611818 
19.799999999967195, -1.5062230033074229 
19.80999999996717, -1.5062254647282771 
19.81999999996715, -1.50675520702044 
19.829999999967125, -1.5076884092777452 
19.8399999999671, -1.5087672529008747 
19.84999999996708, -1.509769746686839 
19.859999999967055, -1.5105607938172754 
19.869999999967032, -1.5110691994375975 
19.87999999996701, -1.5112582256145253 
19.889999999966985, -1.5111058729609823 
19.899999999966962, -1.5105939653084637 
19.90999999996694, -1.5097041932088515 
19.919999999966915, -1.508420094871412 
19.929999999966892, -1.506736869434476 
19.93999999996687, -1.5046855224788216 
19.949999999966845, -1.5023811246014447 
19.959999999966822, -1.5000877504119714 
19.9699999999668, -1.4982136165917506 
19.979999999966775, -1.4970959403368433 
19.989999999966752, -1.496708415381035 
19.99999999996673, -1.4967039857949587 
20.009999999966706, -1.4967264276715104 
20.019999999966682, -1.4965608786148776 
20.02999999996666, -1.496069481683518 
20.039999999966636, -1.4950700301775064 
20.049999999966612, -1.4932101805386258 
20.05999999996659, -1.4898279493389994 
20.069999999966566, -1.4839161705526298 
20.079999999966542, -1.4748042478782164 
20.08999999996652, -1.4646344626493155 
20.099999999966496, -1.460471723501215 
20.109999999966472, -1.4678670938642255 
20.11999999996645, -1.4820987675590256 
20.129999999966426, -1.4948755764736221 
20.139999999966403, -1.5030999341505167 
20.14999999996638, -1.5075751054844369 
20.159999999966356, -1.5097669176759227 
20.169999999966333, -1.510693488846376 
20.17999999996631, -1.5109151406758814 
20.189999999966286, -1.5107197418289666 
20.199999999966263, -1.510276038633216 
20.20999999996624, -1.5097512042882293 
20.219999999966216, -1.5093854784783187 
20.229999999966193, -1.5094434281046722 
20.23999999996617, -1.510028439590035 
20.249999999966146, -1.5109913161998443 
20.259999999966123, -1.5120700525508233 
20.2699999999661, -1.5130515404380311 
20.279999999966076, -1.5138096346636751 
20.289999999966053, -1.5142785625009194 
20.29999999996603, -1.5144241040240538 
20.309999999966006, -1.5142248591369034 
20.319999999965983, -1.5136621737506661 
20.32999999996596, -1.5127168912559783 
20.339999999965936, -1.5113721498362205 
20.349999999965913, -1.5096247240825333 
20.35999999996589, -1.5075123334038723 
20.369999999965867, -1.5051669150589237 
20.379999999965843, -1.50287998174251 
20.38999999996582, -1.5010761288519558 
20.399999999965797, -1.5000625592361092 
20.409999999965773, -1.4997535646786704 
20.41999999996575, -1.4997752550686243 
20.429999999965727, -1.4997842515182709 
20.439999999965703, -1.4995822994088484 
20.44999999996568, -1.4990331880867394 
20.459999999965657, -1.4979391102182291 
20.469999999965633, -1.4959131710142823 
20.47999999996561, -1.492244374025951 
20.489999999965587, -1.485925374305345 
20.499999999965564, -1.4765819004375516 
20.50999999996554, -1.4672384293531433 
20.519999999965517, -1.4654709347805381 
20.529999999965494, -1.4751871913489258 
20.53999999996547, -1.4899783655642287 
20.549999999965447, -1.5021528372042674 
20.559999999965424, -1.5096623509141902 
20.5699999999654, -1.5136563038342181 
20.579999999965377, -1.5155731031618225 
20.589999999965354, -1.5163464717093424 
20.59999999996533, -1.516478665284048 
20.609999999965307, -1.516228789924392 
20.619999999965284, -1.51575945720015 
20.62999999996526, -1.515248370527369 
20.639999999965237, -1.514944326386122 
20.649999999965214, -1.515085619778177 
20.65999999996519, -1.5157183128700296 
20.669999999965167, -1.5166608848872751 
20.679999999965144, -1.5176647984395966 
20.68999999996512, -1.5185441656911962 
20.699999999965097, -1.5191905543546826 
20.709999999965074, -1.519545195555883 
20.71999999996505, -1.5195741913129046 
20.729999999965028, -1.5192525152904879 
20.739999999965004, -1.518555711144398 
20.74999999996498, -1.5174580841465861 
20.759999999964958, -1.5159374210008232 
20.769999999964934, -1.5139904778720845 
20.77999999996491, -1.5116696070094757 
20.789999999964888, -1.5091508112913865 
20.799999999964864, -1.5067991428271765 
20.80999999996484, -1.505082952838222 
20.819999999964818, -1.504242347324164 
20.829999999964794, -1.5040672392205725 
20.83999999996477, -1.5041324728018814 
20.849999999964748, -1.5041175596714504 
20.859999999964725, -1.50385149845906 
20.8699999999647, -1.5031990120246594 
20.879999999964678, -1.5019344534638477 
20.889999999964655, -1.4996160434596766 
20.89999999996463, -1.4954838402143265 
20.909999999964608, -1.4886870431437453 
20.919999999964585, -1.4797821177688204 
20.92999999996456, -1.473622309344804 
20.939999999964538, -1.4775680984757833 
20.949999999964515, -1.49135149495521 
20.95999999996449, -1.5065374239455445 
20.969999999964468, -1.5174306611221224 
20.979999999964445, -1.5237218189848458 
20.98999999996442, -1.5269497391878788 
20.9999999999644, -1.5284384054310767 
21.009999999964375, -1.5289725923588653 
21.01999999996435, -1.52896362052382 
21.02999999996433, -1.528630793279798 
21.039999999964305, -1.5281347928970865 
21.04999999996428, -1.5276715252632622 
21.05999999996426, -1.5274818802914667 
21.069999999964235, -1.5277260650252482 
21.079999999964212, -1.528355111449131 
21.08999999996419, -1.5291699065950353 
21.099999999964165, -1.5299695081842999 
21.109999999964142, -1.530615015557271 
21.11999999996412, -1.5310204896847195 
21.129999999964095, -1.5311311536369758 
21.139999999964072, -1.5309056749948922 
21.14999999996405, -1.5303040516457223 
21.159999999964025, -1.5292821697153316 
21.169999999964002, -1.5277931083567744 
21.17999999996398, -1.5257978435651043 
21.189999999963955, -1.5232959688866337 
21.199999999963932, -1.5203960362571602 
21.20999999996391, -1.5174245853378532 
21.219999999963886, -1.5149499819881467 
21.229999999963862, -1.5134816904512869 
21.23999999996384, -1.51301280129798 
21.249999999963816, -1.51306993721998 
21.259999999963792, -1.5131830648252793 
21.26999999996377, -1.513100818642817 
21.279999999963746, -1.512697848213143 
21.289999999963722, -1.511829887821024 
21.2999999999637, -1.5102171327835108 
21.309999999963676, -1.5073565497666694 
21.319999999963652, -1.5026268688264728 
21.32999999996363, -1.4962390215685049 
21.339999999963606, -1.491594643861785 
21.349999999963583, -1.4952844552042515 
21.35999999996356, -1.5089558691649017 
21.369999999963536, -1.5254579717597572 
21.379999999963513, -1.538183100203138 
21.38999999996349, -1.5459303375287823 
21.399999999963466, -1.5500779519576922 
21.409999999963443, -1.5520937163042476 
21.41999999996342, -1.5529230072303308 
21.429999999963396, -1.5530845353061893 
21.439999999963373, -1.5528541436474739 
21.44999999996335, -1.5524061850559974 
21.459999999963326, -1.5519112489537115 
21.469999999963303, -1.5515679651393914 
21.47999999996328, -1.5515293279942537 
21.489999999963256, -1.55180120528401 
21.499999999963233, -1.5522620534213432 
21.50999999996321, -1.5527623603845617 
21.519999999963186, -1.5531762230074964 
21.529999999963163, -1.553404641303848 
21.53999999996314, -1.5533681078710189 
21.549999999963116, -1.5529936342094066 
21.559999999963093, -1.5521995875513628 
21.56999999996307, -1.5508860622411533 
21.579999999963047, -1.5489348261039628 
21.589999999963023, -1.5462246142874603 
21.599999999963, -1.542683324867129 
21.609999999962977, -1.5384228669163973 
21.619999999962953, -1.5339663100994492 
21.62999999996293, -1.5303099730917766 
21.639999999962907, -1.5283173021043812 
21.649999999962883, -1.527876508700807 
21.65999999996286, -1.5281512351331406 
21.669999999962837, -1.528454907351432 
21.679999999962813, -1.5285040127575207 
21.68999999996279, -1.528211970267289 
21.699999999962767, -1.5274962987191354 
21.709999999962744, -1.5261839190624857 
21.71999999996272, -1.5240123371588399 
21.729999999962697, -1.520921523713068 
21.739999999962674, -1.5180877299126536 
21.74999999996265, -1.5190812844019317 
21.759999999962627, -1.5273110943596095 
21.769999999962604, -1.540669013484705 
21.77999999996258, -1.5536002908970048 
21.789999999962557, -1.5630059429765395 
21.799999999962534, -1.5688249112837354 
21.80999999996251, -1.57206700110019 
21.819999999962487, -1.5736896122095532 
21.829999999962464, -1.574340356454622 
21.83999999996244, -1.5744056577087615 
21.849999999962417, -1.5741123727044029 
21.859999999962394, -1.5736177405597054 
21.86999999996237, -1.5730707271834392 
21.879999999962347, -1.572618734622078 
21.889999999962324, -1.5723577051583528 
21.8999999999623, -1.5722979950124343 
21.909999999962277, -1.5723881134017172 
21.919999999962254, -1.5725405694701005 
21.92999999996223, -1.572642877448238 
21.939999999962208, -1.5725769518584225 
21.949999999962184, -1.5722265679434564 
21.95999999996216, -1.5714555558811996 
21.969999999962138, -1.570071713967225 
21.979999999962114, -1.567795368998832 
21.98999999996209, -1.5642502939395306 
21.999999999962068, -1.559020186511629 
22.009999999962044, -1.5518861402780977 
22.01999999996202, -1.5434060121286461 
22.029999999961998, -1.535535403983999 
22.039999999961974, -1.5307806510073303 
22.04999999996195, -1.5296619780327274 
22.059999999961928, -1.5304341156655696 
22.069999999961905, -1.5314285804216574 
22.07999999996188, -1.532023718911125 
22.089999999961858, -1.5321623017958705 
22.099999999961835, -1.5318968801615416 
22.10999999996181, -1.531234399278738 
22.119999999961788, -1.5301381353409003 
22.129999999961765, -1.5286806168413034 
22.13999999996174, -1.5274668495968247 
22.149999999961718, -1.5280498332711314 
22.159999999961695, -1.5320041283600425 
22.16999999996167, -1.5388316496089902 
22.179999999961648, -1.5462531293702215 
22.189999999961625, -1.5524732942586295 
22.1999999999616, -1.5569483132912694 
22.20999999996158, -1.5598479478487437 
22.219999999961555, -1.5615380858679433 
22.22999999996153, -1.5623611788964558 
22.23999999996151, -1.5625787574536658 
22.249999999961485, -1.562374738722467 
22.25999999996146, -1.5618812356804335 
22.26999999996144, -1.5612110125215497 
22.279999999961415, -1.5604791098293775 
22.289999999961392, -1.5597980756455216 
22.29999999996137, -1.5592596490876374 
22.309999999961345, -1.558922471294901 
22.319999999961322, -1.5587857923868857 
22.3299999999613, -1.5587622138683899 
22.339999999961275, -1.5587071346305774 
22.349999999961252, -1.5584719812323238 
22.35999999996123, -1.5579057506933147 
22.369999999961205, -1.5568008895330367 
22.379999999961182, -1.5548109017091196 
22.38999999996116, -1.5513569595370003 
22.399999999961135, -1.5455722877650768 
22.409999999961112, -1.5364743100456788 
22.41999999996109, -1.5238159562693643 
22.429999999961066, -1.509821789339218 
22.439999999961042, -1.4995241166508761 
22.44999999996102, -1.4961797753637005 
22.459999999960996, -1.4976033341740287 
22.469999999960972, -1.5000560780347427 
22.47999999996095, -1.5018319298248974 
22.489999999960926, -1.5027542458928003 
22.499999999960902, -1.5030428336762496 
22.50999999996088, -1.5028811595717704 
22.519999999960856, -1.5023574952163872 
22.529999999960832, -1.501523627512537 
22.53999999996081, -1.5005467727971862 
22.549999999960786, -1.499965535263751 
22.559999999960763, -1.5007421765124829 
22.56999999996074, -1.5035388230857283 
22.579999999960716, -1.507855780919909 
22.589999999960693, -1.5124765795166641 
22.59999999996067, -1.5164827500442435 
22.609999999960646, -1.5195338635667033 
22.619999999960623, -1.5216396816861695 
22.6299999999606, -1.5229376657357008 
22.639999999960576, -1.5235866038314225 
22.649999999960553, -1.5237284456835418 
22.65999999996053, -1.5234787676660728 
22.669999999960506, -1.522931680548154 
22.679999999960483, -1.5221741630797332 
22.68999999996046, -1.5213011560908234 
22.699999999960436, -1.5204197782391142 
22.709999999960413, -1.519642789548306 
22.71999999996039, -1.5190740280624395 
22.729999999960366, -1.5187650572752318 
22.739999999960343, -1.5186607567927524 
22.74999999996032, -1.5186148070419607 
22.759999999960296, -1.5184636908116136 
22.769999999960273, -1.5180583604986386 
22.77999999996025, -1.5172246316984763 
22.789999999960227, -1.5156835603147174 
22.799999999960203, -1.5129499014715888 
22.80999999996018, -1.508229757597673 
22.819999999960157, -1.5004317832826435 
22.829999999960133, -1.48864913307752 
22.83999999996011, -1.4736383672555795 
22.849999999960087, -1.4595110561235067 
22.859999999960063, -1.4516658610916504 
22.86999999996004, -1.4509298854698842 
22.879999999960017, -1.4534860944609742 
22.889999999959993, -1.4560909124700834 
22.89999999995997, -1.45775574448386 
22.909999999959947, -1.4585662049157888 
22.919999999959924, -1.4587799633050484 
22.9299999999599, -1.458568482721883 
22.939999999959877, -1.458008195490637 
22.949999999959854, -1.457148106216548 
22.95999999995983, -1.4561608310096275 
22.969999999959807, -1.45559122632662 
22.979999999959784, -1.456414570290446 
22.98999999995976, -1.4593567648926788 
22.999999999959737, -1.4640049942045499 
23.009999999959714, -1.469126400260593 
23.01999999995969, -1.4736887894451036 
23.029999999959667, -1.477248764424693 
23.039999999959644, -1.4797695402856206 
23.04999999995962, -1.4813853131472112 
23.059999999959597, -1.4822728128367184 
23.069999999959574, -1.482598344950997 
23.07999999995955, -1.482499961957593 
23.089999999959527, -1.482088095940766 
23.099999999959504, -1.481458645361448 
23.10999999995948, -1.4807098934540641 
23.119999999959457, -1.4799483680129586 
23.129999999959434, -1.479276808048288 
23.13999999995941, -1.4787773011801941 
23.149999999959388, -1.478493027578463 
23.159999999959364, -1.4783988062635105 
23.16999999995934, -1.4783925887767115 
23.179999999959318, -1.4783359500059745 
23.189999999959294, -1.4780949798827154 
23.19999999995927, -1.4775341938125637 
23.209999999959248, -1.4764738497515593 
23.219999999959224, -1.4746364142006354 
23.2299999999592, -1.471600824323488 
23.239999999959178, -1.4667978013192908 
23.249999999959154, -1.4596310833327215 
23.25999999995913, -1.449889340663534 
23.269999999959108, -1.4385515952859098 
23.279999999959085, -1.428333498529728 
23.28999999995906, -1.422244331029287 
23.299999999959038, -1.4207151078970086 
23.309999999959015, -1.4216271120366013 
23.31999999995899, -1.422954432251127 
23.329999999958968, -1.4238764302750953 
23.339999999958945, -1.4242881609165159 
23.34999999995892, -1.4242682859474043 
23.359999999958898, -1.4238697712467325 
23.369999999958875, -1.4230775497846793 
23.37999999995885, -1.4218438196066772 
23.389999999958828, -1.4202514880968589 
23.399999999958805, -1.4189288017791677 
23.40999999995878, -1.4194868491876103 
23.41999999995876, -1.423803637878045 
23.429999999958735, -1.4318917273917866 
23.43999999995871, -1.4414465196947908 
23.44999999995869, -1.4500203841262154 
23.459999999958665, -1.456496051229728 
23.46999999995864, -1.4608534550285828 
23.47999999995862, -1.4635204051595803 
23.489999999958595, -1.464980548236807 
23.499999999958572, -1.4656262240680609 
23.50999999995855, -1.4657335782719814 
23.519999999958525, -1.4654872725071115 
23.529999999958502, -1.4650221420753615 
23.53999999995848, -1.464463566752808 
23.549999999958455, -1.4639438545880403 
23.559999999958432, -1.463576454533541 
23.56999999995841, -1.463414140662016 
23.579999999958385, -1.463441433233753 
23.589999999958362, -1.4635953537611255 
23.59999999995834, -1.4637821917862486 
23.609999999958315, -1.4638946627981795 
23.619999999958292, -1.4638300843764032 
23.62999999995827, -1.46349213092123 
23.639999999958246, -1.4627761996166098 
23.649999999958222, -1.4615538305492572 
23.6599999999582, -1.4596678172019222 
23.669999999958176, -1.4569436390067703 
23.679999999958152, -1.4532264375573267 
23.68999999995813, -1.4484698739115576 
23.699999999958106, -1.442916171354876 
23.709999999958082, -1.4373218849828933 
23.71999999995806, -1.4328872813640163 
23.729999999958036, -1.430491501472583 
23.739999999958012, -1.429911747505138 
23.74999999995799, -1.4302058778651778 
23.759999999957966, -1.4306070437695284 
23.769999999957943, -1.4307849808859217 
23.77999999995792, -1.4306477097258754 
23.789999999957896, -1.4301428622563337 
23.799999999957873, -1.429152973542767 
23.80999999995785, -1.427445187891411 
23.819999999957826, -1.4247098003302936 
23.829999999957803, -1.4209363571424047 
23.83999999995778, -1.4175397399641754 
23.849999999957756, -1.418427586518638 
23.859999999957733, -1.4273554094410972 
23.86999999995771, -1.4424621002329194 
23.879999999957686, -1.4576863866488252 
23.889999999957663, -1.4690611148983441 
23.89999999995764, -1.4761808609506948 
23.909999999957616, -1.480173798750646 
23.919999999957593, -1.4822154468946058 
23.92999999995757, -1.4831129904170595 
23.939999999957546, -1.483341163590056 
23.949999999957523, -1.4831660192898615 
23.9599999999575, -1.4827543521400588 
23.969999999957476, -1.4822576434143795 
23.979999999957453, -1.4818549382701 
23.98999999995743, -1.481715305696958 
23.999999999957407, -1.481901973327451 
24.009999999957383, -1.4823410077823687 
24.01999999995736, -1.4828922510049147 
24.029999999957337, -1.483420619317702 
24.039999999957313, -1.4838180335151256 
24.04999999995729, -1.4840023312337567 
24.059999999957267, -1.4839095855765858 
24.069999999957243, -1.4834831490989069 
24.07999999995722, -1.4826651524085168 
24.089999999957197, -1.481394220511867 
24.099999999957173, -1.4796100734123283 
24.10999999995715, -1.4772685320082797 
24.119999999957127, -1.4743792436413008 
24.129999999957104, -1.4710849972882611 
24.13999999995708, -1.467769608148793 
24.149999999957057, -1.4650514459751056 
24.159999999957034, -1.46344550159438 
24.16999999995701, -1.4629187919657005 
24.179999999956987, -1.4629727033772402 
24.189999999956964, -1.4631169907388888 
24.19999999995694, -1.4630877600765055 
24.209999999956917, -1.462762196294207 
24.219999999956894, -1.4620186746116646 
24.22999999995687, -1.4606257494386272 
24.239999999956847, -1.458145429133915 
24.249999999956824, -1.453916216540899 
24.2599999999568, -1.4475117995338118 
24.269999999956777, -1.4404672657338293 
24.279999999956754, -1.4382377682406784 
24.28999999995673, -1.44631319709532 
24.299999999956707, -1.461949082884341 
24.309999999956684, -1.477156371171815 
24.31999999995666, -1.4876879417602238 
24.329999999956637, -1.4937632297292338 
24.339999999956614, -1.496913569052013 
24.34999999995659, -1.498386795428147 
24.359999999956568, -1.4989265668394123 
24.369999999956544, -1.4989292348625407 
24.37999999995652, -1.4986090954956477 
24.389999999956498, -1.4981214628237096 
24.399999999956474, -1.497651502487295 
24.40999999995645, -1.4974313105092363 
24.419999999956428, -1.497632500574292 
24.429999999956404, -1.4982350859279743 
24.43999999995638, -1.4990584500846533 
24.449999999956358, -1.4999001185797485 
24.459999999956334, -1.5006122786747784 
24.46999999995631, -1.5011021433264184 
24.479999999956288, -1.501312487567982 
24.489999999956265, -1.501204394545324 
24.49999999995624, -1.5007451014865116 
24.509999999956218, -1.499901981467492 
24.519999999956195, -1.4986424564027954 
24.52999999995617, -1.4969407136769466 
24.539999999956148, -1.4947968968995808 
24.549999999956125, -1.4922806631250636 
24.5599999999561, -1.4896061034008654 
24.569999999956078, -1.4871854414534735 
24.579999999956055, -1.485496506924212 
24.58999999995603, -1.4847240782862634 
24.599999999956008, -1.484596825018951 
24.609999999955985, -1.4846768708533842 
24.61999999995596, -1.484658127881267 
24.62999999995594, -1.4843810872916947 
24.639999999955915, -1.4837140910407656 
24.64999999995589, -1.482431663945524 
24.65999999995587, -1.4800932685206336 
24.669999999955845, -1.4759439494477222 
24.67999999995582, -1.4691253653356082 
24.6899999999558, -1.460079626835554 
24.699999999955775, -1.4533339929004145 
24.709999999955752, -1.4561885759009843 
24.71999999995573, -1.4691518680452158 
24.729999999955705, -1.4842785519544919 
24.739999999955682, -1.495501609997672 
24.74999999995566, -1.502122469833304 
24.759999999955635, -1.505573218867352 
24.769999999955612, -1.507196703280434 
24.77999999995559, -1.5078128200509802 
24.789999999955565, -1.5078561622647546 
24.799999999955542, -1.507555153834334 
24.80999999995552, -1.5070666528542285 
24.819999999955495, -1.5065771331663402 
24.829999999955472, -1.5063369210792705 
24.83999999995545, -1.506554185732028 
24.849999999955426, -1.5072302535333506 
24.859999999955402, -1.5081679848212763 
24.86999999995538, -1.5091337012932546 
24.879999999955356, -1.5099599824673995 
24.889999999955332, -1.5105488393338233 
24.89999999995531, -1.510845637263693 
24.909999999955286, -1.5108173197805068 
24.919999999955262, -1.5104383349870045 
24.92999999995524, -1.5096836585888058 
24.939999999955216, -1.5085279659188457 
24.949999999955192, -1.5069513956075125 
24.95999999995517, -1.5049566907819136 
24.969999999955146, -1.5026081861851728 
24.979999999955123, -1.5001002119375 
24.9899999999551, -1.4978113210869481 
24.999999999955076, -1.496192772371366 
