t, s[1].omega / s[0].omega 
0, -1.3499956670751174 
0.009999999999999995, -1.3494008730660547 
0.019999999999999934, -1.3488493624479256 
0.029999999999999874, -1.3438365740261629 
0.04000000000000012, -1.343574574474323 
0.050000000000000405, -1.3458246048590394 
0.06000000000000069, -1.3457334088668604 
0.07000000000000098, -1.3454248718333928 
0.08000000000000126, -1.3448420173303421 
0.09000000000000155, -1.3443041540820364 
0.10000000000000184, -1.338431413838523 
0.11000000000000212, -1.3374997254778482 
0.12000000000000241, -1.338458692266243 
0.130000000000002, -1.3388965168800542 
0.1400000000000009, -1.338539657208532 
0.1499999999999998, -1.3380448334252875 
0.1599999999999987, -1.3374057323696686 
0.1699999999999976, -1.3348754915755756 
0.1799999999999965, -1.3299737458082996 
0.1899999999999954, -1.329899319095915 
0.1999999999999943, -1.3312351015076251 
0.2099999999999932, -1.3308588204900025 
0.2199999999999921, -1.330479437410497 
0.229999999999991, -1.32977866146081 
0.2399999999999899, -1.3290608881890555 
0.2499999999999888, -1.3225073821236144 
0.2599999999999877, -1.3222006790215373 
0.2699999999999866, -1.3241558923765662 
0.2799999999999855, -1.323922643178867 
0.2899999999999844, -1.3236266789408104 
0.2999999999999833, -1.3230419393297976 
0.3099999999999822, -1.322535753590201 
0.3199999999999811, -1.3176103622891477 
0.32999999999998, -1.3168352521678457 
0.3399999999999789, -1.3187247096200831 
0.3499999999999778, -1.319558130973589 
0.35999999999997667, -1.3192664062388662 
0.36999999999997557, -1.3188696105334505 
0.37999999999997447, -1.3183359514890416 
0.38999999999997337, -1.3170226871287676 
0.39999999999997227, -1.3143329203322953 
0.40999999999997117, -1.3138687882622058 
0.41999999999997006, -1.319017754272173 
0.42999999999996896, -1.31870079227926 
0.43999999999996786, -1.3185115985946918 
0.44999999999996676, -1.3180040675027869 
0.45999999999996566, -1.3174813074144824 
0.46999999999996456, -1.315175003996808 
0.47999999999996346, -1.3146858566102857 
0.48999999999996235, -1.3211452697667845 
0.49999999999996125, -1.3213023418479528 
0.5099999999999602, -1.3212592516286812 
0.519999999999959, -1.3208793764427627 
0.529999999999958, -1.320445888346276 
0.5399999999999568, -1.3191912425087613 
0.5499999999999557, -1.3183250117744088 
0.5599999999999546, -1.3182867586066371 
0.5699999999999535, -1.3234486261643006 
0.5799999999999524, -1.3233390800262916 
0.5899999999999513, -1.3232159274007786 
0.5999999999999502, -1.3227746225419086 
0.6099999999999491, -1.3221416470464464 
0.619999999999948, -1.321006609616361 
0.6299999999999469, -1.319288879939252 
0.6399999999999458, -1.321361707134696 
0.6499999999999447, -1.3210758654198216 
0.6599999999999436, -1.3213966269035775 
0.6699999999999425, -1.3209924419309798 
0.6799999999999414, -1.320574585384921 
0.6899999999999403, -1.319555922856606 
0.6999999999999392, -1.3190094367929672 
0.7099999999999381, -1.3126941667591943 
0.719999999999937, -1.3131540164529 
0.7299999999999359, -1.3137579444341643 
0.7399999999999348, -1.3136056454222587 
0.7499999999999337, -1.3132504103932237 
0.7599999999999326, -1.312639792862134 
0.7699999999999315, -1.3120260844300373 
0.7799999999999304, -1.3073558429352452 
0.7899999999999293, -1.3041392169433161 
0.7999999999999282, -1.3044729074085932 
0.8099999999999271, -1.305801212325195 
0.819999999999926, -1.3054572299439677 
0.8299999999999249, -1.3051201972225275 
0.8399999999999238, -1.3045325650234298 
0.8499999999999227, -1.3038518131354195 
0.8599999999999216, -1.300207682744682 
0.8699999999999205, -1.2997170366344175 
0.8799999999999194, -1.3050931663268295 
0.8899999999999183, -1.3049779400069061 
0.8999999999999172, -1.3048766886076264 
0.9099999999999161, -1.3044596869413652 
0.919999999999915, -1.3040282072193208 
0.9299999999999139, -1.3026257029208492 
0.9399999999999128, -1.3018248633990699 
0.9499999999999117, -1.3016342607575264 
0.9599999999999106, -1.3063503952075008 
0.9699999999999095, -1.3063175731729657 
0.9799999999999084, -1.3062764756496656 
0.9899999999999073, -1.305864398785976 
0.9999999999999062, -1.3053241483961329 
1.0099999999999052, -1.3044214859888739 
1.019999999999904, -1.3030009283742294 
1.029999999999903, -1.2965182423705857 
1.039999999999902, -1.296197858485073 
1.0499999999999008, -1.2974815150149706 
1.0599999999998997, -1.2971688480716375 
1.0699999999998986, -1.2968679313175757 
1.0799999999998975, -1.296270893959093 
1.0899999999998964, -1.2957876566355315 
1.0999999999998953, -1.2915799881027226 
1.1099999999998942, -1.2909273283051923 
1.119999999999893, -1.2941743219082866 
1.129999999999892, -1.2956527208136366 
1.1399999999998909, -1.2954562385677497 
1.1499999999998898, -1.29517804300529 
1.1599999999998887, -1.294722440025849 
1.1699999999998876, -1.2939866986399615 
1.1799999999998865, -1.2926545266354776 
1.1899999999998854, -1.290995404941821 
1.1999999999998843, -1.2941807507914727 
1.2099999999998832, -1.2939013635972534 
1.219999999999882, -1.2943968163504747 
1.229999999999881, -1.2940369220960424 
1.2399999999998799, -1.2936786331640897 
1.2499999999998788, -1.2929284540482684 
1.2599999999998777, -1.2924230449928138 
1.2699999999998766, -1.2851735517994336 
1.2799999999998755, -1.2850101935936236 
1.2899999999998744, -1.2869474388661097 
1.2999999999998733, -1.287668760542301 
1.3099999999998722, -1.2874175131888723 
1.319999999999871, -1.2870815717900308 
1.32999999999987, -1.2865994202457407 
1.3399999999998689, -1.2857651255047606 
1.3499999999998678, -1.2840762106522883 
1.3599999999998666, -1.2827074818159847 
1.3699999999998655, -1.2892235720373955 
1.3799999999998644, -1.2889517508468329 
1.3899999999998633, -1.289299270734962 
1.3999999999998622, -1.2889365982859968 
1.4099999999998611, -1.2885724945163581 
1.41999999999986, -1.2877904139656757 
1.429999999999859, -1.2872789657109627 
1.4399999999998578, -1.2796545676779467 
1.4499999999998567, -1.2794385063067002 
1.4599999999998556, -1.2810995308976025 
1.4699999999998545, -1.2819855502036106 
1.4799999999998534, -1.2817262058754595 
1.4899999999998523, -1.2814142479527733 
1.4999999999998512, -1.2809319770444756 
1.5099999999998501, -1.2802083028641904 
1.519999999999849, -1.2785442305574009 
1.529999999999848, -1.277452357488267 
1.5399999999998468, -1.2818720786391231 
1.5499999999998457, -1.2816332026644248 
1.5599999999998446, -1.2821515599538325 
1.5699999999998435, -1.281835994708338 
1.5799999999998424, -1.2815026498731656 
1.5899999999998413, -1.280849317164737 
1.5999999999998402, -1.2803408726728451 
1.6099999999998391, -1.2755186782773555 
1.619999999999838, -1.2741701616867798 
1.629999999999837, -1.2759759313662036 
1.6399999999998358, -1.2783797738350269 
1.6499999999998347, -1.278142767419537 
1.6599999999998336, -1.277946898090074 
1.6699999999998325, -1.2774966673493957 
1.6799999999998314, -1.2769640908449478 
1.6899999999998303, -1.2756992527385553 
1.6999999999998292, -1.2749655672342293 
1.709999999999828, -1.2696881630754946 
1.719999999999827, -1.2695955892877115 
1.729999999999826, -1.2707981271875923 
1.7399999999998248, -1.2706554171151387 
1.7499999999998237, -1.270393830982238 
1.7599999999998226, -1.2699343797879912 
1.7699999999998215, -1.2694632519631968 
1.7799999999998204, -1.2679471537766909 
1.7899999999998193, -1.2663911834107546 
1.7999999999998182, -1.2647979427921547 
1.809999999999817, -1.2728850095497581 
1.819999999999816, -1.2726744081021322 
1.8299999999998149, -1.2729585762304834 
1.8399999999998138, -1.2725822838164578 
1.8499999999998127, -1.2722185129372314 
1.8599999999998116, -1.2714875891402224 
1.8699999999998105, -1.2709904082087806 
1.8799999999998094, -1.2651702068442863 
1.8899999999998083, -1.2649235618750736 
1.8999999999998072, -1.2687262753130082 
1.909999999999806, -1.2697152596345254 
1.919999999999805, -1.2695881542812117 
1.9299999999998039, -1.2693494533944032 
1.9399999999998028, -1.2689361703994384 
1.9499999999998017, -1.2683330121831744 
1.9599999999998006, -1.2673881722792908 
1.9699999999997995, -1.265905762215823 
1.9799999999997984, -1.2586126886971334 
1.9899999999997973, -1.2582555309480605 
1.9999999999997962, -1.2606708904394188 
2.0099999999998173, -1.2604484917194754 
2.0199999999998384, -1.2602863717727235 
2.0299999999998595, -1.2598676042853687 
2.0399999999998806, -1.2594589255203568 
2.0499999999999017, -1.258318804929442 
2.059999999999923, -1.2575201869493104 
2.069999999999944, -1.2510963627826086 
2.079999999999965, -1.2517267318622298 
2.089999999999986, -1.2518565187137713 
2.100000000000007, -1.2530912208451799 
2.1100000000000283, -1.252777169313011 
2.1200000000000494, -1.252544930160269 
2.1300000000000705, -1.252059834891546 
2.1400000000000916, -1.2516190304878594 
2.1500000000001127, -1.2500202271457301 
2.160000000000134, -1.2495335058452184 
2.170000000000155, -1.2433072024538918 
2.180000000000176, -1.2446983034225052 
2.190000000000197, -1.2456062218884605 
2.2000000000002182, -1.2461102973340046 
2.2100000000002393, -1.2458440555411219 
2.2200000000002604, -1.2455579242576174 
2.2300000000002815, -1.2450930865112013 
2.2400000000003026, -1.2445388239441606 
2.2500000000003237, -1.2431691647395375 
2.260000000000345, -1.2425079141857678 
2.270000000000366, -1.2349019326022328 
2.280000000000387, -1.2348955868499327 
2.290000000000408, -1.237019062290631 
2.3000000000004293, -1.237169399513452 
2.3100000000004504, -1.237016477548768 
2.3200000000004715, -1.236722926330893 
2.3300000000004926, -1.2363234628107775 
2.3400000000005137, -1.235720694826547 
2.3500000000005348, -1.234852000888542 
2.360000000000556, -1.2335578413677 
2.370000000000577, -1.226638881485693 
2.380000000000598, -1.2261952286863378 
2.390000000000619, -1.231492858301405 
2.4000000000006403, -1.231426537337177 
2.4100000000006614, -1.2315343980475786 
2.4200000000006825, -1.2312731451021695 
2.4300000000007036, -1.2309448508869676 
2.4400000000007247, -1.2304175355640707 
2.450000000000746, -1.2298599680661524 
2.460000000000767, -1.2284317777600078 
2.470000000000788, -1.2256978804775913 
2.480000000000809, -1.2245282802222326 
2.49000000000083, -1.2325078032166863 
2.5000000000008513, -1.232264402106043 
2.5100000000008724, -1.2330162509839646 
2.5200000000008935, -1.2327682261493864 
2.5300000000009146, -1.2325233352303027 
2.5400000000009357, -1.2320738075870388 
2.550000000000957, -1.2316449083656862 
2.560000000000978, -1.2304896341629308 
2.570000000000999, -1.22939020253096 
2.58000000000102, -1.22565073149808 
2.5900000000010412, -1.2231770018914305 
2.6000000000010624, -1.222928945812981 
2.6100000000010835, -1.225277444027506 
2.6200000000011046, -1.2250162140628478 
2.6300000000011257, -1.2249386692637363 
2.6400000000011468, -1.2245669313364658 
2.650000000001168, -1.224212311883609 
2.660000000001189, -1.2234686455684438 
2.67000000000121, -1.2228979828590807 
2.680000000001231, -1.2195977197624048 
2.6900000000012523, -1.2165750213431679 
2.7000000000012734, -1.2160601436088698 
2.7100000000012945, -1.223921501373796 
2.7200000000013156, -1.2236774867125813 
2.7300000000013367, -1.2241169189118255 
2.740000000001358, -1.223805974107807 
2.750000000001379, -1.223539214108003 
2.7600000000014, -1.2230377213556956 
2.770000000001421, -1.2226171801007497 
2.780000000001442, -1.2211517075895058 
2.7900000000014633, -1.220190376266545 
2.8000000000014844, -1.214824436705223 
2.8100000000015055, -1.2143779569849398 
2.8200000000015266, -1.2143033914740196 
2.8300000000015477, -1.216686351483035 
2.840000000001569, -1.2164150906034032 
2.85000000000159, -1.2163736940348016 
2.860000000001611, -1.2160083807946132 
2.870000000001632, -1.2156709265178225 
2.8800000000016532, -1.2149878088184567 
2.8900000000016743, -1.2144834484792837 
2.9000000000016954, -1.2117889256874237 
2.9100000000017165, -1.2097273973073137 
2.9200000000017377, -1.208277514696999 
2.9300000000017588, -1.2168324577998 
2.94000000000178, -1.216611609196921 
2.950000000001801, -1.2175198695943015 
2.960000000001822, -1.2172342126553266 
2.970000000001843, -1.2170365715764309 
2.9800000000018643, -1.2166107726730735 
2.9900000000018854, -1.2162274700428268 
3.0000000000019065, -1.215265024635495 
3.0100000000019276, -1.214559080037998 
3.0200000000019487, -1.2102397542015797 
3.03000000000197, -1.2058104207849463 
3.040000000001991, -1.2054936230123559 
3.050000000002012, -1.2115167296083875 
3.060000000002033, -1.2112678271881976 
3.070000000002054, -1.2115720326335955 
3.0800000000020753, -1.2112762900525338 
3.0900000000020964, -1.2110062971377458 
3.1000000000021175, -1.210523205366495 
3.1100000000021386, -1.2100931852316434 
3.1200000000021597, -1.2088995366513935 
3.130000000002181, -1.2077641765830587 
3.140000000002202, -1.2045279652304137 
3.150000000002223, -1.199428287851542 
3.160000000002244, -1.1990599604299943 
3.1700000000022652, -1.2029527163445741 
3.1800000000022863, -1.202759001767803 
3.1900000000023074, -1.2028808412467706 
3.2000000000023285, -1.202610791966635 
3.2100000000023496, -1.2023155735881856 
3.2200000000023707, -1.2018441153880213 
3.230000000002392, -1.2013613514484482 
3.240000000002413, -1.200383285315935 
3.250000000002434, -1.1987837427520973 
3.260000000002455, -1.1974388478699722 
3.2700000000024763, -1.1907557832327904 
3.2800000000024974, -1.190473927723323 
3.2900000000025185, -1.1942971745916195 
3.3000000000025396, -1.194396090637319 
3.3100000000025607, -1.1944943787182956 
3.3200000000025818, -1.1943390209129345 
3.330000000002603, -1.1940381612018578 
3.340000000002624, -1.193662562349567 
3.350000000002645, -1.193163031292978 
3.360000000002666, -1.1925849287263626 
3.3700000000026873, -1.191070367845359 
3.3800000000027084, -1.1905297550684317 
3.3900000000027295, -1.1812077635832383 
3.4000000000027506, -1.181259064348019 
3.4100000000027717, -1.1860395979453255 
3.420000000002793, -1.1877581538469075 
3.430000000002814, -1.1878785710297506 
3.440000000002835, -1.1880983558778415 
3.450000000002856, -1.1878055387176039 
3.460000000002877, -1.1875691318425845 
3.4700000000028983, -1.1871292871783998 
3.4800000000029194, -1.1867525132946735 
3.4900000000029405, -1.1858014616695192 
3.5000000000029616, -1.1853515617687753 
3.5100000000029827, -1.1809226869938487 
3.520000000003004, -1.1796767540439672 
3.530000000003025, -1.1785433006501236 
3.540000000003046, -1.1862010720513871 
3.550000000003067, -1.1861042734850207 
3.5600000000030882, -1.1876281565387272 
3.5700000000031094, -1.1873663887635855 
3.5800000000031305, -1.1873196084273852 
3.5900000000031516, -1.186984037595404 
3.6000000000031727, -1.18667250807474 
3.6100000000031938, -1.186120276320761 
3.620000000003215, -1.1856317851068203 
3.630000000003236, -1.184393641271572 
3.640000000003257, -1.1827006061685483 
3.650000000003278, -1.1810499009927142 
3.6600000000032993, -1.1747300184628875 
3.6700000000033204, -1.1744077499586925 
3.6800000000033415, -1.179009206468876 
3.6900000000033626, -1.1791242167731935 
3.7000000000033837, -1.179358939515115 
3.710000000003405, -1.1792795949616621 
3.720000000003426, -1.1790166373592046 
3.730000000003447, -1.1787107082901254 
3.740000000003468, -1.1782759960146656 
3.750000000003489, -1.1778198940165356 
3.7600000000035103, -1.1768415966427708 
3.7700000000035314, -1.1763743022065525 
3.7800000000035525, -1.1713229670905783 
3.7900000000035736, -1.1709676633483044 
3.8000000000035947, -1.1717724151287026 
3.810000000003616, -1.1757265036179831 
3.820000000003637, -1.1762353095141302 
3.830000000003658, -1.1777813639288282 
3.840000000003679, -1.1775435274150765 
3.8500000000037002, -1.1775756529500434 
3.8600000000037213, -1.177242811287117 
3.8700000000037424, -1.1769669283186905 
3.8800000000037635, -1.176464618493269 
3.8900000000037847, -1.1760658791306156 
3.9000000000038058, -1.1749838303786078 
3.910000000003827, -1.1740923847840383 
3.920000000003848, -1.171461863516072 
3.930000000003869, -1.1654105316043366 
3.94000000000389, -1.164726621254504 
3.9500000000039113, -1.1735547498694225 
3.9600000000039324, -1.1734658249704812 
3.9700000000039535, -1.174525602529677 
3.9800000000039746, -1.1745335015123757 
3.9900000000039957, -1.1743983497705748 
4.000000000004016, -1.174175904621144 
4.010000000003993, -1.1738270206958639 
4.02000000000397, -1.1734345368389343 
4.030000000003946, -1.1728310606003354 
4.040000000003923, -1.1723449608988736 
4.0500000000039, -1.1703211012806514 
4.0600000000038765, -1.1699106192053275 
4.070000000003853, -1.1600785678597476 
4.08000000000383, -1.1601875735953515 
4.090000000003807, -1.1625638252819261 
4.100000000003783, -1.1675484622435708 
4.11000000000376, -1.1674758913067707 
4.120000000003737, -1.1682558704789638 
4.130000000003713, -1.167983913958893 
4.14000000000369, -1.1678834981339166 
4.150000000003667, -1.167538751666576 
4.1600000000036434, -1.167231063782412 
4.17000000000362, -1.1666913370344887 
4.180000000003597, -1.1662111386324343 
4.1900000000035735, -1.1651891733928799 
4.20000000000355, -1.1636840766529994 
4.210000000003527, -1.1624871940958 
4.220000000003504, -1.1537602030559104 
4.23000000000348, -1.1534730343722892 
4.240000000003457, -1.1610122102727767 
4.250000000003434, -1.1617049652198452 
4.26000000000341, -1.1623847538117575 
4.270000000003387, -1.162755244152232 
4.280000000003364, -1.162559798308443 
4.2900000000033405, -1.1624447767718367 
4.300000000003317, -1.1620934797737144 
4.310000000003294, -1.161789781795684 
4.320000000003271, -1.1612414651875849 
4.330000000003247, -1.1608635537457193 
4.340000000003224, -1.1595787442967271 
4.350000000003201, -1.158941390324375 
4.360000000003177, -1.1549214442452116 
4.370000000003154, -1.1512044472053093 
4.380000000003131, -1.1499639083963644 
4.390000000003107, -1.1585329872090318 
4.400000000003084, -1.1582820007536005 
4.410000000003061, -1.160441511232253 
4.4200000000030375, -1.1604225794512801 
4.430000000003014, -1.1604719458973662 
4.440000000002991, -1.1603235749183454 
4.450000000002968, -1.160042031158155 
4.460000000002944, -1.159725336976291 
4.470000000002921, -1.1592764595254692 
4.480000000002898, -1.1588500047847283 
4.490000000002874, -1.1578691980882978 
4.500000000002851, -1.1574496047353622 
4.510000000002828, -1.1534345579106027 
4.520000000002804, -1.1528179332791497 
4.530000000002781, -1.1469653180581254 
4.540000000002758, -1.1494028245764965 
4.5500000000027345, -1.1495239266395547 
4.560000000002711, -1.154076103011608 
4.570000000002688, -1.1538460792997085 
4.580000000002665, -1.1544115054401813 
4.590000000002641, -1.1542049135807395 
4.600000000002618, -1.1540593795399283 
4.610000000002595, -1.153764813215605 
4.620000000002571, -1.1534316233544233 
4.630000000002548, -1.1529941142783506 
4.640000000002525, -1.15242508528382 
4.6500000000025015, -1.1518709219869507 
4.660000000002478, -1.1501489752668024 
4.670000000002455, -1.1497230559183533 
4.6800000000024315, -1.1413931786614235 
4.690000000002408, -1.1411847304690403 
4.700000000002385, -1.1431694739309093 
4.710000000002362, -1.149127235394939 
4.720000000002338, -1.1492803238593217 
4.730000000002315, -1.1513702033510398 
4.740000000002292, -1.1511323063453616 
4.750000000002268, -1.1513313540134007 
4.760000000002245, -1.1510728181058691 
4.770000000002222, -1.1508609107780414 
4.7800000000021985, -1.1505050348428858 
4.790000000002175, -1.1501391772117517 
4.800000000002152, -1.149616977411742 
4.810000000002129, -1.1489281557695004 
4.820000000002105, -1.148285698252833 
4.830000000002082, -1.1457175164695494 
4.840000000002059, -1.1453139806217636 
4.850000000002035, -1.1351416013135125 
4.860000000002012, -1.135389088422682 
4.870000000001989, -1.1386772966968592 
4.880000000001965, -1.1439766639318099 
4.890000000001942, -1.144030449414495 
4.900000000001919, -1.1454832624134021 
4.9100000000018955, -1.1452409189822237 
4.920000000001872, -1.1453433491162832 
4.930000000001849, -1.145077424746512 
4.940000000001826, -1.1448479162408391 
4.950000000001802, -1.14448328271466 
4.960000000001779, -1.1441046315108658 
4.970000000001756, -1.1435861397114124 
4.980000000001732, -1.1428534320867592 
4.990000000001709, -1.1422680781786123 
5.000000000001686, -1.1395944640091893 
5.0100000000016625, -1.1392195608729705 
5.020000000001639, -1.1290832601370695 
5.030000000001616, -1.1291747328275414 
5.0400000000015925, -1.1311132826152877 
5.050000000001569, -1.1380498231743574 
5.060000000001546, -1.1379889055836439 
5.070000000001523, -1.1399458455918805 
5.080000000001499, -1.1397236475365653 
5.090000000001476, -1.1399164030748867 
5.100000000001453, -1.1397016995684706 
5.110000000001429, -1.1394927963482757 
5.120000000001406, -1.1391844844098218 
5.130000000001383, -1.1388192351073274 
5.1400000000013595, -1.1383969862998853 
5.150000000001336, -1.1377487228205807 
5.160000000001313, -1.1372974536327727 
5.17000000000129, -1.1354409395335507 
5.180000000001266, -1.1350309258511877 
5.190000000001243, -1.1281300411336272 
5.20000000000122, -1.1268649698440263 
5.210000000001196, -1.1247410099855941 
5.220000000001173, -1.1316529590487627 
5.23000000000115, -1.1313645559943255 
5.240000000001126, -1.1354405698435313 
5.250000000001103, -1.1353140415403786 
5.26000000000108, -1.1358163472170928 
5.2700000000010565, -1.1357632031171148 
5.280000000001033, -1.1356059470636042 
5.29000000000101, -1.1354139807366634 
5.300000000000987, -1.1350825176400798 
5.310000000000963, -1.1347709053331918 
5.32000000000094, -1.1342638952453756 
5.330000000000917, -1.1339033942864298 
5.340000000000893, -1.1328891428305348 
5.35000000000087, -1.1324249485870226 
5.360000000000847, -1.1299225814495046 
5.3700000000008234, -1.1281891543623146 
5.3800000000008, -1.1255950498005864 
5.390000000000777, -1.1184826913416674 
5.4000000000007535, -1.1180397898481518 
5.41000000000073, -1.1267819629205469 
5.420000000000707, -1.1270993663947337 
5.430000000000684, -1.128538694333298 
5.44000000000066, -1.1291965074740742 
5.450000000000637, -1.1291384998051037 
5.460000000000614, -1.129281777405621 
5.47000000000059, -1.1290022496865146 
5.480000000000567, -1.1288464269142795 
5.490000000000544, -1.128489999713399 
5.5000000000005205, -1.1282033862708956 
5.510000000000497, -1.1277033960329221 
5.520000000000474, -1.1272808794516214 
5.5300000000004506, -1.1265458338541088 
5.540000000000427, -1.125566854057278 
5.550000000000404, -1.1248141382720631 
5.560000000000381, -1.120668974850215 
5.570000000000357, -1.1203326936479403 
5.580000000000334, -1.11066820281654 
5.590000000000311, -1.1112634040798268 
5.600000000000287, -1.1133869376960095 
5.610000000000264, -1.1202402194043544 
5.620000000000241, -1.1201485330084004 
5.6300000000002175, -1.1224924756348293 
5.640000000000194, -1.122295542742041 
5.650000000000171, -1.1226387927025188 
5.660000000000148, -1.1225007289311295 
5.670000000000124, -1.1223414859203338 
5.680000000000101, -1.1221229933414392 
5.690000000000078, -1.1217983827195241 
5.700000000000054, -1.1214855654266058 
5.710000000000031, -1.1209943943923901 
5.720000000000008, -1.1206434092629145 
5.729999999999984, -1.119736553755299 
5.739999999999961, -1.1193022229388634 
5.749999999999938, -1.1174156797898467 
5.7599999999999145, -1.1160510676333892 
5.769999999999891, -1.113903047852032 
5.779999999999868, -1.1063633804925816 
5.789999999999845, -1.1058746103079633 
5.799999999999821, -1.1105358380732568 
5.809999999999798, -1.1110242382875841 
5.819999999999775, -1.11420354772484 
5.829999999999751, -1.1162593613810088 
5.839999999999728, -1.116355397722209 
5.849999999999705, -1.1172132586470562 
5.8599999999996815, -1.1169759623735933 
5.869999999999658, -1.1170716040915425 
5.879999999999635, -1.1168183167528758 
5.8899999999996115, -1.1166243489353225 
5.899999999999588, -1.1163145058718946 
5.909999999999565, -1.115978280044559 
5.919999999999542, -1.1155843226428865 
5.929999999999518, -1.1150338742325816 
5.939999999999495, -1.1146218144619646 
5.949999999999472, -1.1134225565214755 
5.959999999999448, -1.1130278157118703 
5.969999999999425, -1.1099795024348331 
5.979999999999402, -1.1088300978706493 
5.9899999999993785, -1.1048956369761485 
5.999999999999355, -1.098328553916548 
6.009999999999332, -1.0976424644909561 
6.019999999999309, -1.1052653755888873 
6.029999999999285, -1.1053729927189369 
6.039999999999262, -1.1089414269630253 
6.049999999999239, -1.1102105068642956 
6.059999999999215, -1.1104462739895355 
6.069999999999192, -1.1111667387441895 
6.079999999999169, -1.1109438379690806 
6.089999999999145, -1.1110535921631786 
6.099999999999122, -1.1107901007759742 
6.109999999999099, -1.1106186254987684 
6.1199999999990755, -1.1103115494959859 
6.129999999999052, -1.109999591250485 
6.139999999999029, -1.1096140496704057 
6.149999999999006, -1.1091193732625206 
6.159999999998982, -1.1087054002758292 
6.169999999998959, -1.1077112635684765 
6.179999999998936, -1.107333569343864 
6.189999999998912, -1.1049934584465275 
6.199999999998889, -1.104164409758013 
6.209999999998866, -1.100445943126727 
6.2199999999988425, -1.095292920665311 
6.229999999998819, -1.094336265867087 
6.239999999998796, -1.093609729479988 
6.2499999999987725, -1.0935820951200754 
6.259999999998749, -1.0999515534917332 
6.269999999998726, -1.1018111845113445 
6.279999999998703, -1.1024783758087002 
6.289999999998679, -1.104115120759846 
6.299999999998656, -1.1039292274019468 
6.309999999998633, -1.1044205942184881 
6.319999999998609, -1.1042051560217803 
6.329999999998586, -1.1041621145579064 
6.339999999998563, -1.1039463319230927 
6.3499999999985395, -1.1036950610617 
6.359999999998516, -1.1034156111447677 
6.369999999998493, -1.1030320144373242 
6.37999999999847, -1.1027045243340499 
6.389999999998446, -1.1021106476996954 
6.399999999998423, -1.101764636472764 
6.4099999999984, -1.1007529632035826 
6.419999999998376, -1.1001702399717443 
6.429999999998353, -1.0987045461205653 
6.43999999999833, -1.0965569621223563 
6.449999999998306, -1.0956972714751003 
6.459999999998283, -1.087191294719698 
6.46999999999826, -1.087013312930706 
6.4799999999982365, -1.082798568251661 
6.489999999998213, -1.0846705540858577 
6.49999999999819, -1.085513130851301 
6.509999999998167, -1.0936312073441075 
6.519999999998143, -1.0933850985797287 
6.52999999999812, -1.0965246127084667 
6.539999999998097, -1.0964841227554245 
6.549999999998073, -1.0970523673395958 
6.55999999999805, -1.097193093055072 
6.569999999998027, -1.0970829612301698 
6.5799999999980034, -1.097088586880608 
6.58999999999798, -1.096811196938512 
6.599999999997957, -1.0966564568571666 
6.6099999999979335, -1.0963209443522934 
6.61999999999791, -1.0960609131701828 
6.629999999997887, -1.0956487531362762 
6.639999999997864, -1.0952643674011566 
6.64999999999784, -1.0947826815817772 
6.659999999997817, -1.094085974168494 
6.669999999997794, -1.0936577395699483 
6.67999999999777, -1.0920723356183757 
6.689999999997747, -1.0916739542821805 
6.699999999997724, -1.0883566952516164 
6.7099999999977005, -1.0868773971977255 
6.719999999997677, -1.0840839593423088 
6.729999999997654, -1.0763560853850682 
6.7399999999976306, -1.0758420535242632 
6.749999999997607, -1.0759668267013358 
6.759999999997584, -1.0764390599592195 
6.769999999997561, -1.080962538510059 
6.779999999997537, -1.085480244424459 
6.789999999997514, -1.0856391414708053 
6.799999999997491, -1.088840552837477 
6.809999999997467, -1.0886367436734452 
6.819999999997444, -1.0895637992885667 
6.829999999997421, -1.0895420356962655 
6.8399999999973975, -1.0895810474129635 
6.849999999997374, -1.0895731459643854 
6.859999999997351, -1.0893421723951764 
6.869999999997328, -1.0892207686398825 
6.879999999997304, -1.0889033673434705 
6.889999999997281, -1.0886818860958052 
6.899999999997258, -1.0883012466714839 
6.909999999997234, -1.0879881144988988 
6.919999999997211, -1.087532271884055 
6.929999999997188, -1.0870318759626674 
6.939999999997164, -1.0865726736817416 
6.949999999997141, -1.0855796022597206 
6.959999999997118, -1.0852141220734532 
6.9699999999970945, -1.0831696016033157 
6.979999999997071, -1.082516511666761 
6.989999999997048, -1.0796656893511556 
6.999999999997025, -1.0762601133681935 
7.009999999997001, -1.075204947649882 
7.019999999996978, -1.0652170232006763 
7.029999999996955, -1.0650946250487228 
7.039999999996931, -1.0641466826155532 
7.049999999996908, -1.066434091879361 
7.059999999996885, -1.067028039443337 
7.0699999999968615, -1.0758448604686799 
7.079999999996838, -1.0755633279778236 
7.089999999996815, -1.079827880221628 
7.0999999999967915, -1.0799179889531978 
7.109999999996768, -1.0808346955114692 
7.119999999996745, -1.0813160140832958 
7.129999999996722, -1.0812645726537613 
7.139999999996698, -1.081560538049743 
7.149999999996675, -1.0813182199934492 
7.159999999996652, -1.0813237814033598 
7.169999999996628, -1.0810821432074156 
7.179999999996605, -1.0808950563672395 
7.189999999996582, -1.0806364064587453 
7.1999999999965585, -1.0803222439372169 
7.209999999996535, -1.0800304483123773 
7.219999999996512, -1.079586554113247 
7.229999999996489, -1.0792833499548733 
7.239999999996465, -1.0786588687244885 
7.249999999996442, -1.0782721359829484 
7.259999999996419, -1.0774859795747576 
7.269999999996395, -1.076680724917835 
7.279999999996372, -1.0760126567996338 
7.289999999996349, -1.073806276524888 
7.299999999996325, -1.0734502648971165 
7.309999999996302, -1.068387724065137 
7.319999999996279, -1.0675608239965342 
7.3299999999962555, -1.062773132294736 
7.339999999996232, -1.0568465024975782 
7.349999999996209, -1.056016150883985 
7.359999999996186, -1.0514195013881755 
7.369999999996162, -1.0515055556212185 
7.379999999996139, -1.0558651690479621 
7.389999999996116, -1.059900194787174 
7.399999999996092, -1.0602048993924194 
7.409999999996069, -1.0678720846863892 
7.419999999996046, -1.0676289477098198 
7.4299999999960225, -1.0709347116628363 
7.439999999995999, -1.0711775146619804 
7.449999999995976, -1.0718291512370006 
7.4599999999959525, -1.0724272814850886 
7.469999999995929, -1.0723128230229757 
7.479999999995906, -1.0726723699117962 
7.489999999995883, -1.0724422529646214 
7.499999999995859, -1.0724700792325026 
7.509999999995836, -1.0722771979023227 
7.519999999995813, -1.0720920459609073 
7.529999999995789, -1.0718903270880602 
7.539999999995766, -1.0715827572185557 
7.549999999995743, -1.0713455153156544 
7.5599999999957195, -1.0709506864933085 
7.569999999995696, -1.070675419545441 
7.579999999995673, -1.0701949193793272 
7.58999999999565, -1.0698074109508706 
7.599999999995626, -1.0692928210665107 
7.609999999995603, -1.0685986224644686 
7.61999999999558, -1.0681870230045907 
7.629999999995556, -1.0668458906174496 
7.639999999995533, -1.0664629766138343 
7.64999999999551, -1.0644400233198723 
7.659999999995486, -1.063270582409116 
7.669999999995463, -1.0617441638949336 
7.67999999999544, -1.0570735287337 
7.6899999999954165, -1.056650959099209 
7.699999999995393, -1.046645353791606 
7.70999999999537, -1.0464909034202725 
7.719999999995347, -1.0397198306175106 
7.729999999995323, -1.0372795511932817 
7.7399999999953, -1.0362941318255616 
7.749999999995277, -1.0375165255704741 
7.759999999995253, -1.0375132796829603 
7.76999999999523, -1.043318362650866 
7.779999999995207, -1.046677741231857 
7.789999999995183, -1.0471579073525563 
7.79999999999516, -1.0553977985717231 
7.809999999995137, -1.0551325128779043 
7.8199999999951135, -1.059561353576246 
7.82999999999509, -1.0598730698746537 
7.839999999995067, -1.0609145068280144 
7.849999999995044, -1.061915991495631 
7.85999999999502, -1.0618503622326934 
7.869999999994997, -1.0626096696460137 
7.879999999994974, -1.0624078176542238 
7.88999999999495, -1.0626402989248516 
7.899999999994927, -1.0625454300487993 
7.909999999994904, -1.0624361906918705 
7.9199999999948805, -1.0623624002305299 
7.929999999994857, -1.062101877873814 
7.939999999994834, -1.0619681181496257 
7.9499999999948106, -1.0616618921878445 
7.959999999994787, -1.0614488179723485 
7.969999999994764, -1.0611236600193006 
7.979999999994741, -1.0608087212974195 
7.989999999994717, -1.0604769379398427 
7.999999999994694, -1.0600211066519436 
8.00999999999467, -1.0597137587554608 
8.019999999994647, -1.0590849059153788 
8.029999999994624, -1.0587318336356948 
8.0399999999946, -1.0579978954155262 
8.049999999994577, -1.057334114611516 
8.059999999994554, -1.0567331178883348 
8.06999999999453, -1.0552564348639073 
8.079999999994508, -1.0549032435633752 
8.089999999994484, -1.052302063735908 
8.099999999994461, -1.051600992763609 
8.109999999994438, -1.0491544610937003 
8.119999999994414, -1.0458020031451523 
8.129999999994391, -1.045055475035655 
8.139999999994368, -1.0364901012193017 
8.149999999994344, -1.0363274494793095 
8.159999999994321, -1.0269511190537177 
8.169999999994298, -1.0250942426638932 
8.179999999994275, -1.022977011804777 
8.189999999994251, -1.0151700937853494 
8.199999999994228, -1.0149134502551986 
8.209999999994205, -1.007405554986787 
8.219999999994181, -1.0081427682266126 
8.229999999994158, -1.004541698337745 
8.239999999994135, -1.0032306456660185 
8.249999999994111, -1.0027128303022013 
8.259999999994088, -0.9984669654661317 
8.269999999994065, -0.9989017981157341 
8.279999999994041, -0.9938396004548701 
8.289999999994018, -0.9941859030820037 
8.299999999993995, -0.9932674917290735 
8.309999999993972, -0.9871756359475922 
8.319999999993948, -0.9872436480542476 
8.329999999993925, -0.9785512508119301 
8.339999999993902, -0.9775142961381031 
8.349999999993878, -0.975952032962458 
8.359999999993855, -0.9654936075061106 
8.369999999993832, -0.9653504452821012 
8.379999999993808, -0.957169286455663 
8.389999999993785, -0.9553503887907019 
8.399999999993762, -0.9539333303598928 
8.409999999993738, -0.9490316475994119 
8.419999999993715, -0.9487765246573119 
8.429999999993692, -0.9462093530052023 
8.439999999993669, -0.9452978974519418 
8.449999999993645, -0.9445835391657808 
8.459999999993622, -0.94322682839117 
8.469999999993599, -0.9429532890079261 
8.479999999993575, -0.942119516390065 
8.489999999993552, -0.9416631313572903 
8.499999999993529, -0.941279669737422 
8.509999999993505, -0.9407490737271778 
8.519999999993482, -0.9405180892112818 
8.529999999993459, -0.9401318467194382 
8.539999999993436, -0.9398518130772892 
8.549999999993412, -0.9396313902858455 
8.559999999993389, -0.9393315209194655 
8.569999999993366, -0.9391949982664743 
8.579999999993342, -0.9389877236125496 
8.589999999993319, -0.9388246122514577 
8.599999999993296, -0.9387925604623174 
8.609999999993272, -0.9385841154470471 
8.619999999993249, -0.938700234078962 
8.629999999993226, -0.9386804556683949 
8.639999999993202, -0.9386937422064071 
8.64999999999318, -0.9392178418429903 
8.659999999993156, -0.9390521474780267 
8.669999999993133, -0.9401891696187346 
8.67999999999311, -0.9406481639341414 
8.689999999993086, -0.9410901872242114 
8.699999999993063, -0.9442737874126089 
8.70999999999304, -0.9440950071861581 
8.719999999993016, -0.9502179194191135 
8.729999999992993, -0.9519353045011626 
8.73999999999297, -0.9523573094954252 
8.749999999992946, -0.9629178083479036 
8.759999999992923, -0.9626382794495146 
8.7699999999929, -0.9674708418711421 
8.779999999992876, -0.968912319653803 
8.789999999992853, -0.9657159848040994 
8.79999999999283, -0.9642627152695191 
8.809999999992806, -0.963826755155807 
8.819999999992783, -0.9523289618736819 
8.82999999999276, -0.9523163160425039 
8.839999999992736, -0.9482243329303585 
8.849999999992713, -0.9427021901867391 
8.85999999999269, -0.9422595466694783 
8.869999999992666, -0.9379369610599549 
8.879999999992643, -0.9374421195182135 
8.88999999999262, -0.9362010516231295 
8.899999999992596, -0.9348323893258718 
8.909999999992573, -0.9345068804727027 
8.91999999999255, -0.9335002776728206 
8.929999999992527, -0.9331406568290195 
8.939999999992503, -0.9326734506664885 
8.94999999999248, -0.9321819225486728 
8.959999999992457, -0.9319493595795532 
8.969999999992433, -0.931557765212517 
8.97999999999241, -0.9313232481388116 
8.989999999992387, -0.931097266922458 
8.999999999992363, -0.9308271881672998 
9.00999999999234, -0.9307238649628107 
9.019999999992317, -0.9305208754359336 
9.029999999992294, -0.9304297155350026 
9.03999999999227, -0.9304446383969247 
9.049999999992247, -0.9302626107575358 
9.059999999992224, -0.9305808203073462 
9.0699999999922, -0.9305716911079474 
9.079999999992177, -0.9308534931851399 
9.089999999992154, -0.9317522707452592 
9.09999999999213, -0.9315791024689735 
9.109999999992107, -0.9343141826557634 
9.119999999992084, -0.9348457401673215 
9.12999999999206, -0.936391918182846 
9.139999999992037, -0.9426148403307149 
9.149999999992014, -0.9422879892021806 
9.15999999999199, -0.952297074420251 
9.169999999991967, -0.9534174264930805 
9.179999999991944, -0.9509930464603447 
9.18999999999192, -0.9532377666677007 
9.199999999991897, -0.9527177307435135 
9.209999999991874, -0.9412502835448454 
9.21999999999185, -0.9412646946552687 
9.229999999991827, -0.9371776647120852 
9.239999999991804, -0.9325017646872718 
9.24999999999178, -0.9320554397121089 
9.259999999991757, -0.9287117169515736 
9.269999999991734, -0.9282523595194359 
9.27999999999171, -0.9272807868596612 
9.289999999991688, -0.9262620451828465 
9.299999999991664, -0.9259669154816077 
9.309999999991641, -0.9252412195017797 
9.319999999991618, -0.9249242319188724 
9.329999999991594, -0.9245643172743547 
9.339999999991571, -0.92418050034205 
9.349999999991548, -0.9239897306578194 
9.359999999991524, -0.9236934153045986 
9.369999999991501, -0.9235092531142085 
9.379999999991478, -0.9233750400521487 
9.389999999991455, -0.9231538923428504 
9.399999999991431, -0.9231820934793057 
9.409999999991408, -0.9230719694236424 
9.419999999991385, -0.9231039455227433 
9.429999999991361, -0.9234471722305285 
9.439999999991338, -0.9232810397262949 
9.449999999991315, -0.9244407677715321 
9.459999999991291, -0.9247643508883903 
9.469999999991268, -0.9255138735433828 
9.479999999991245, -0.929093168036297 
9.489999999991221, -0.9288665255661056 
9.499999999991198, -0.9375548968908954 
9.509999999991175, -0.9392314336185386 
9.519999999991152, -0.9383143133689575 
9.529999999991128, -0.9447983502829007 
9.539999999991105, -0.9444610686055834 
9.549999999991082, -0.9335891539935645 
9.559999999991058, -0.9335931274849448 
9.569999999991035, -0.9305640389876794 
9.579999999991012, -0.9247405753453756 
9.589999999990988, -0.9244243712710859 
9.599999999990965, -0.9214759983497168 
9.609999999990942, -0.920830680885985 
9.619999999990918, -0.9200955333274414 
9.629999999990895, -0.919088574363742 
9.639999999990872, -0.9188324032292832 
9.649999999990849, -0.9182322161702509 
9.659999999990825, -0.9178973321490392 
9.669999999990802, -0.917612958421375 
9.679999999990779, -0.9172623714294837 
9.689999999990755, -0.9170995347140899 
9.699999999990732, -0.9168650434835869 
9.709999999990709, -0.9166915702156122 
9.719999999990685, -0.9166486543144011 
9.729999999990662, -0.916447433091106 
9.739999999990639, -0.9165953833245616 
9.749999999990616, -0.9166427483041308 
9.759999999990592, -0.9166791992111122 
9.769999999990569, -0.9176326005555707 
9.779999999990546, -0.917508218147929 
9.789999999990522, -0.9197596801951486 
9.799999999990499, -0.9211807505985058 
9.809999999990476, -0.9212618968279314 
9.819999999990452, -0.9307841033020591 
9.829999999990429, -0.9307556421983502 
9.839999999990406, -0.9327545231227569 
9.849999999990382, -0.9356981424168785 
9.85999999999036, -0.9339753804732022 
9.869999999990336, -0.9234173700416772 
9.879999999990313, -0.9232876015200666 
9.88999999999029, -0.918180589273354 
9.899999999990266, -0.9164385751344821 
9.909999999990243, -0.9157197887436751 
9.91999999999022, -0.913763855849428 
9.929999999990196, -0.9134911658799224 
9.939999999990173, -0.9127241496486893 
9.94999999999015, -0.9122081663057294 
9.959999999990126, -0.9119208888768203 
9.969999999990103, -0.9114764699292625 
9.97999999999008, -0.9112681295191312 
9.989999999990056, -0.9110141398606058 
9.999999999990033, -0.9107736792759173 
10.00999999999001, -0.9106901027194997 
10.019999999989986, -0.9104885995408243 
10.029999999989963, -0.9104928275106432 
10.03999999998994, -0.9105687973477974 
10.049999999989916, -0.9104433659758864 
10.059999999989893, -0.9112086856815712 
10.06999999998987, -0.911237397954556 
10.079999999989846, -0.9123259501131743 
10.089999999989823, -0.9145037929645763 
10.0999999999898, -0.9142479738668657 
10.109999999989776, -0.9233846066581007 
10.119999999989753, -0.9241238278402449 
10.12999999998973, -0.922946994530193 
10.139999999989707, -0.9270190777351115 
10.149999999989683, -0.9264765884244612 
10.15999999998966, -0.9149031461144999 
10.169999999989637, -0.9146994859020153 
10.179999999989613, -0.9122611703359994 
10.18999999998959, -0.9094143674721575 
10.199999999989567, -0.9090824715907985 
10.209999999989543, -0.9076161386075451 
10.21999999998952, -0.9071927144568753 
10.229999999989497, -0.9067157931269384 
10.239999999989474, -0.9061818188031247 
10.24999999998945, -0.9059686072413732 
10.259999999989427, -0.9056190105442233 
10.269999999989404, -0.9053950490264097 
10.27999999998938, -0.9052401719680928 
10.289999999989357, -0.9050059780261941 
10.299999999989334, -0.9050019583289249 
10.30999999998931, -0.9049237117515561 
10.319999999989287, -0.9049043244957541 
10.329999999989264, -0.9053793404895841 
10.33999999998924, -0.9052332442651096 
10.349999999989217, -0.9066860078627944 
10.359999999989194, -0.9075948300889181 
10.36999999998917, -0.9077995125010554 
10.379999999989147, -0.9156130624564048 
10.389999999989124, -0.9155882646005755 
10.3999999999891, -0.9182405204020226 
10.409999999989077, -0.9214197089126691 
10.419999999989054, -0.9198729572010411 
10.42999999998903, -0.9090138528826153 
10.439999999989007, -0.9088859143649187 
10.449999999988984, -0.9054149255676706 
10.45999999998896, -0.9038397147065051 
10.469999999988937, -0.9033261053654683 
10.479999999988914, -0.9020332579171486 
10.48999999998889, -0.9017531484935515 
10.499999999988868, -0.9012442704008385 
10.509999999988844, -0.9008344167088886 
10.519999999988821, -0.9006225937664233 
10.529999999988798, -0.9003040123867445 
10.539999999988774, -0.9001439334389234 
10.549999999988751, -0.9000071887842502 
10.559999999988728, -0.8998154242187778 
10.569999999988704, -0.8999266024171526 
10.579999999988681, -0.8998369480650013 
10.589999999988658, -0.9000692187674793 
10.599999999988635, -0.9007738542204153 
10.609999999988611, -0.9006081181209352 
10.619999999988588, -0.9039777690758337 
10.629999999988565, -0.9047072492846232 
10.639999999988541, -0.9059344972152813 
10.649999999988518, -0.9161484826105247 
10.659999999988495, -0.9158348586261323 
10.669999999988471, -0.9071425225431173 
10.679999999988448, -0.9073344743570522 
10.689999999988425, -0.9048931397130587 
10.699999999988401, -0.8996064067277573 
10.709999999988378, -0.899349335558064 
10.719999999988355, -0.8975583416593569 
10.729999999988332, -0.8969396318429139 
10.739999999988308, -0.8964983722643219 
10.749999999988285, -0.8958754069128747 
10.759999999988262, -0.895658881982829 
10.769999999988238, -0.8953224273654403 
10.779999999988215, -0.8950709312473079 
10.789999999988192, -0.8949412194954065 
10.799999999988168, -0.894716086145351 
10.809999999988145, -0.8947129248620725 
10.819999999988122, -0.8947256813921425 
10.829999999988098, -0.89464051677243 
10.839999999988075, -0.8954119272347868 
10.849999999988052, -0.8953918687149539 
10.859999999988029, -0.896997093313765 
10.869999999988005, -0.8994829909897902 
10.879999999987982, -0.8991486201717517 
10.889999999987959, -0.9103224614454485 
10.899999999987935, -0.9108990999034965 
10.909999999987912, -0.9048122464717998 
10.919999999987889, -0.9000092389077312 
10.929999999987865, -0.8995050390647208 
10.939999999987842, -0.8940473485994482 
10.949999999987819, -0.8935696898186292 
10.959999999987796, -0.8926124451316114 
10.969999999987772, -0.8915687835872261 
10.979999999987749, -0.8913193017962766 
10.989999999987726, -0.8907716240667883 
10.999999999987702, -0.8904847966598338 
11.009999999987679, -0.8902537748469934 
11.019999999987656, -0.8899734699200741 
11.029999999987632, -0.8898850239689508 
11.039999999987609, -0.8897477871926089 
11.049999999987586, -0.8896672905132826 
11.059999999987562, -0.8899401679278411 
11.06999999998754, -0.8897973616631351 
11.079999999987516, -0.8908178223394466 
11.089999999987493, -0.8916641972597131 
11.09999999998747, -0.8917048333783605 
11.109999999987446, -0.8995763641945451 
11.119999999987423, -0.8996972768125474 
11.1299999999874, -0.8981142781493637 
11.139999999987376, -0.9000744836879302 
11.149999999987353, -0.8991426003239661 
11.15999999998733, -0.8906006462367568 
11.169999999987306, -0.8903692240614234 
11.179999999987283, -0.8888118551353869 
11.18999999998726, -0.8876224313684337 
11.199999999987236, -0.8873206703279568 
11.209999999987213, -0.886640996952562 
11.21999999998719, -0.8863658464746719 
11.229999999987166, -0.8860853022887937 
11.239999999987143, -0.8857925287316053 
11.24999999998712, -0.8856865059328943 
11.259999999987096, -0.8855092479800932 
11.269999999987073, -0.8854467787351573 
11.27999999998705, -0.8856270071460864 
11.289999999987026, -0.8854665559261319 
11.299999999987003, -0.8864717741721104 
11.30999999998698, -0.8870118827433542 
11.319999999986956, -0.8873895384211506 
11.329999999986933, -0.894324783448134 
11.33999999998691, -0.8942666151906816 
11.349999999986887, -0.8938521988278622 
11.359999999986863, -0.8956990867434887 
11.36999999998684, -0.8943490437857265 
11.379999999986817, -0.8863318968601224 
11.389999999986793, -0.8861347870046691 
11.39999999998677, -0.8845289083838367 
11.409999999986747, -0.8835700112644366 
11.419999999986723, -0.8832478961308583 
11.4299999999867, -0.8826306403658315 
11.439999999986677, -0.8823889193136745 
11.449999999986654, -0.8821211570067407 
11.45999999998663, -0.8818584940622862 
11.469999999986607, -0.8817815531359686 
11.479999999986584, -0.8816168484518262 
11.48999999998656, -0.881620937750168 
11.499999999986537, -0.8818908533588233 
11.509999999986514, -0.8817348925796038 
11.51999999998649, -0.8833415110794698 
11.529999999986467, -0.8839677315370514 
11.539999999986444, -0.8846338672863208 
11.54999999998642, -0.8940986160717158 
11.559999999986397, -0.8939526577882154 
11.569999999986374, -0.8855922396178205 
11.57999999998635, -0.8852809989560623 
11.589999999986327, -0.883956793932881 
11.599999999986304, -0.8793330340237142 
11.60999999998628, -0.8791017521388133 
11.619999999986257, -0.878062161855158 
11.629999999986234, -0.8774464771302866 
11.63999999998621, -0.877174181454012 
11.649999999986187, -0.8767487782812843 
11.659999999986164, -0.8765582709475765 
11.66999999998614, -0.8763720249003576 
11.679999999986117, -0.8761688170528603 
11.689999999986094, -0.8762262592014857 
11.69999999998607, -0.8761336166869129 
11.709999999986048, -0.876354026908014 
11.719999999986024, -0.8771848499122273 
11.729999999986001, -0.8770106291001043 
11.739999999985978, -0.8819626881981235 
11.749999999985954, -0.8833706065396513 
11.759999999985931, -0.8823217757567733 
11.769999999985908, -0.8856171439327737 
11.779999999985884, -0.8854463616549381 
11.789999999985861, -0.8784051987385066 
11.799999999985838, -0.8769198330361533 
11.809999999985815, -0.8762329561497069 
11.819999999985791, -0.8747781098642367 
11.829999999985768, -0.8745297837192539 
11.839999999985745, -0.8740474988341328 
11.849999999985721, -0.8736955115805392 
11.859999999985698, -0.8735218676795677 
11.869999999985675, -0.8732661389902902 
11.879999999985651, -0.8731805227102738 
11.889999999985628, -0.8731706073806971 
11.899999999985605, -0.8730256235710308 
11.909999999985581, -0.8736704944438021 
11.919999999985558, -0.8738031342056407 
11.929999999985535, -0.8747532096443301 
11.939999999985512, -0.8789485507900257 
11.949999999985488, -0.8787058583775349 
11.959999999985465, -0.8832161885514165 
11.969999999985442, -0.8847413996325802 
11.979999999985418, -0.8824110958392524 
11.989999999985395, -0.8751771184493272 
11.999999999985372, -0.8749693852090974 
12.009999999985348, -0.8733788536183651 
12.019999999985325, -0.872685968318996 
12.029999999985302, -0.8723526972202812 
12.039999999985278, -0.8718453785531964 
12.049999999985255, -0.8716473153997133 
12.059999999985232, -0.8714194922158416 
12.069999999985209, -0.8712094068703253 
12.079999999985185, -0.8712171594050381 
12.089999999985162, -0.871087257550057 
12.099999999985139, -0.8712901323395891 
12.109999999985115, -0.8719019095922645 
12.119999999985092, -0.8717388149235533 
12.129999999985069, -0.876144139697637 
12.139999999985045, -0.8771611048106137 
12.149999999985022, -0.8764453040960102 
12.159999999984999, -0.8814550284341992 
12.169999999984976, -0.8812323690041509 
12.179999999984952, -0.8738533401915413 
12.189999999984929, -0.8726082380054163 
12.199999999984906, -0.8718849906121767 
12.209999999984882, -0.8705221271320138 
12.219999999984859, -0.870284004804007 
12.229999999984836, -0.8698205604871412 
12.239999999984812, -0.8694934226667921 
12.249999999984789, -0.8693310122276956 
12.259999999984766, -0.8690895968755338 
12.269999999984742, -0.8690329015928292 
12.27999999998472, -0.86905885542023 
12.289999999984696, -0.8689277141029713 
12.299999999984673, -0.8698149908188583 
12.30999999998465, -0.8699981525900274 
12.319999999984626, -0.8712986482241514 
12.329999999984603, -0.8770923776860332 
12.33999999998458, -0.8768193342199998 
12.349999999984556, -0.8727818637260384 
12.359999999984533, -0.8732978608798647 
12.36999999998451, -0.8714990949178794 
12.379999999984486, -0.86705224847897 
12.389999999984463, -0.86682988555312 
12.39999999998444, -0.865834364302908 
12.409999999984416, -0.8653198987621213 
12.419999999984393, -0.8650606804776481 
12.42999999998437, -0.8646954487569785 
12.439999999984346, -0.864541840310807 
12.449999999984323, -0.8644026834971481 
12.4599999999843, -0.8642376807839519 
12.469999999984276, -0.8644619352354589 
12.479999999984253, -0.8644306255316009 
12.48999999998423, -0.8650054203780487 
12.499999999984206, -0.8668817300031321 
12.509999999984183, -0.8666532962100075 
12.51999999998416, -0.8766868698568392 
12.529999999984136, -0.8786298419651154 
12.539999999984113, -0.8757037650316681 
12.54999999998409, -0.866091897876571 
12.559999999984067, -0.8658999469155971 
12.569999999984043, -0.8637555425030305 
12.57999999998402, -0.8629538879430285 
12.589999999983997, -0.8625954838957218 
12.599999999983973, -0.8620391076452504 
12.60999999998395, -0.8618377230410096 
12.619999999983927, -0.8616064105302174 
12.629999999983903, -0.861396329525234 
12.63999999998388, -0.8614128283983324 
12.649999999983857, -0.8612970515086529 
12.659999999983834, -0.8615286470044758 
12.66999999998381, -0.8623120424246039 
12.679999999983787, -0.862135365584086 
12.689999999983764, -0.8680681634499916 
12.69999999998374, -0.8696012982650488 
12.709999999983717, -0.8675538333283617 
12.719999999983694, -0.8622283995362416 
12.72999999998367, -0.8620705633247698 
12.739999999983647, -0.8584576602466215 
12.749999999983624, -0.857318625797381 
12.7599999999836, -0.8568967174562412 
12.769999999983577, -0.8561568373571862 
12.779999999983554, -0.8559338173972402 
12.78999999998353, -0.855661254906984 
12.799999999983507, -0.8554232345688909 
12.809999999983484, -0.8553880152199836 
12.81999999998346, -0.8552550927472391 
12.829999999983437, -0.855388172960255 
12.839999999983414, -0.8560052021584653 
12.84999999998339, -0.8558416722568443 
12.859999999983367, -0.86059225707636 
12.869999999983344, -0.8622595802826254 
12.87999999998332, -0.8607131297915417 
12.889999999983297, -0.8562975008203076 
12.899999999983274, -0.856195081046982 
12.90999999998325, -0.8528162577428448 
12.919999999983228, -0.8515075520828453 
12.929999999983204, -0.8511356336447604 
12.939999999983181, -0.8504293773485184 
12.949999999983158, -0.8501993681786 
12.959999999983134, -0.8499554421481317 
12.969999999983111, -0.8497226187860623 
12.979999999983088, -0.8497173071232158 
12.989999999983064, -0.8496244841025121 
12.999999999983041, -0.8497684370177285 
13.009999999983018, -0.8507092484163243 
13.019999999982995, -0.8505630926215624 
13.029999999982971, -0.856817230982074 
13.039999999982948, -0.85986118130856 
13.049999999982925, -0.8583481949127827 
13.059999999982901, -0.8472019369889614 
13.069999999982878, -0.8471084786515491 
13.079999999982855, -0.845252763131302 
13.089999999982831, -0.8441619887805089 
13.099999999982808, -0.8438958801625357 
13.109999999982785, -0.843403300335646 
13.119999999982761, -0.8431909557661045 
13.129999999982738, -0.8430358840090396 
13.139999999982715, -0.8428361622484957 
13.149999999982692, -0.8429777264409604 
13.159999999982668, -0.8430427334942159 
13.169999999982645, -0.8432394220869699 
13.179999999982622, -0.8459926392781308 
13.189999999982598, -0.8459838347335933 
13.199999999982575, -0.8493058009790687 
13.209999999982552, -0.8531549855467798 
13.219999999982528, -0.8523712364280939 
13.229999999982505, -0.8463989430354889 
13.239999999982482, -0.8460617861615831 
13.249999999982458, -0.8453305497126569 
13.259999999982435, -0.844681846381696 
13.269999999982412, -0.8444907768036518 
13.279999999982389, -0.8441903263457299 
13.289999999982365, -0.8440246330777276 
13.299999999982342, -0.8440078794432364 
13.309999999982319, -0.8438435362193358 
13.319999999982295, -0.8443369987231754 
13.329999999982272, -0.8448601614065017 
13.339999999982249, -0.8448396674088482 
13.349999999982225, -0.8532769190778038 
13.359999999982202, -0.8536320895465568 
13.369999999982179, -0.8467057995762244 
13.379999999982156, -0.8408921000363245 
13.389999999982132, -0.8405280358061671 
13.399999999982109, -0.8385047035616349 
13.409999999982086, -0.8380634749800162 
13.419999999982062, -0.8377115744578397 
13.429999999982039, -0.8373266359640932 
13.439999999982016, -0.8371966713167318 
13.449999999981992, -0.8370454432677885 
13.459999999981969, -0.8369427644740782 
13.469999999981946, -0.8373121726194547 
13.479999999981922, -0.8372612275758521 
13.4899999999819, -0.8389298893195957 
13.499999999981876, -0.842300527340427 
13.509999999981853, -0.841874743980732 
13.51999999998183, -0.8353128560191856 
13.529999999981806, -0.835443241295209 
13.539999999981783, -0.8339728932055662 
13.54999999998176, -0.8318415023979071 
13.559999999981736, -0.8316285534360756 
13.569999999981713, -0.8311251140614643 
13.57999999998169, -0.8308303838312355 
13.589999999981666, -0.8307031603383331 
13.599999999981643, -0.830505107900848 
13.60999999998162, -0.8305759316361075 
13.619999999981596, -0.8308488851663791 
13.629999999981573, -0.8307194601228706 
13.63999999998155, -0.8346711686989718 
13.649999999981526, -0.835649761617211 
13.659999999981503, -0.8334691652946687 
13.66999999998148, -0.8272079905087103 
13.679999999981456, -0.8270566731006571 
13.689999999981433, -0.8248537254559617 
13.69999999998141, -0.824027077502317 
13.709999999981386, -0.8237477592051707 
13.719999999981363, -0.8233307731783713 
13.72999999998134, -0.8231725413884897 
13.739999999981316, -0.8230701066853142 
13.749999999981293, -0.8229129424101049 
13.75999999998127, -0.8233761768997151 
13.769999999981247, -0.8235931129793971 
13.779999999981223, -0.8241726899776495 
13.7899999999812, -0.8321771659855097 
13.799999999981177, -0.8321530213885735 
13.809999999981153, -0.8227650131646076 
13.81999999998113, -0.819775621994093 
13.829999999981107, -0.8193263385094598 
13.839999999981083, -0.8181057884552301 
13.84999999998106, -0.8178277021495386 
13.859999999981037, -0.8175647503101984 
13.869999999981014, -0.8173120594293168 
13.87999999998099, -0.8173024173297107 
13.889999999980967, -0.8172676355310755 
13.899999999980944, -0.8173535907118396 
13.90999999998092, -0.8191247042539466 
13.919999999980897, -0.8191547583915595 
13.929999999980874, -0.8223718828984148 
13.93999999998085, -0.827240247571397 
13.949999999980827, -0.8267122229505244 
13.959999999980804, -0.8223432430907462 
13.96999999998078, -0.8218703754874862 
13.979999999980757, -0.8214051187528224 
13.989999999980734, -0.8209240122117782 
13.99999999998071, -0.8207773334266528 
14.009999999980687, -0.8205975999237158 
14.019999999980664, -0.8204856903411666 
14.02999999998064, -0.8207952431987963 
14.039999999980617, -0.8207465760550016 
14.049999999980594, -0.8224280063767377 
14.05999999998057, -0.8263103015405019 
14.069999999980547, -0.8259123725690755 
14.079999999980524, -0.8144888347251743 
14.0899999999805, -0.8140887639079334 
14.099999999980477, -0.8131918168487015 
14.109999999980454, -0.8118811304271543 
14.11999999998043, -0.811679526087213 
14.129999999980408, -0.8113629688052378 
14.139999999980384, -0.8111430109312674 
14.149999999980361, -0.8111445090307192 
14.159999999980338, -0.8110431696403819 
14.169999999980314, -0.8114213441924726 
14.179999999980291, -0.8129330234409707 
14.189999999980268, -0.812739912362647 
14.199999999980244, -0.8186419035367317 
14.209999999980221, -0.8205037683538734 
14.219999999980198, -0.8193839117215498 
14.229999999980175, -0.815843833052014 
14.239999999980151, -0.8155990118782259 
14.249999999980128, -0.8151102906809253 
14.259999999980105, -0.8147497461566797 
14.269999999980081, -0.8146349582107052 
14.279999999980058, -0.8144676442034817 
14.289999999980035, -0.814476921142984 
14.299999999980011, -0.8149748204512227 
14.309999999979988, -0.8148546108583152 
14.319999999979965, -0.8196334862465583 
14.329999999979941, -0.8234493794817854 
14.339999999979918, -0.8224555071488828 
14.349999999979895, -0.8115272014845512 
14.359999999979872, -0.8112973932851332 
14.369999999979848, -0.8104551034319128 
14.379999999979825, -0.8097445254541696 
14.389999999979802, -0.8095731732819843 
14.399999999979778, -0.8093195726278221 
14.409999999979755, -0.8091885191141194 
14.419999999979732, -0.8093199956197547 
14.429999999979708, -0.8092111949421724 
14.439999999979685, -0.8105497107042351 
14.449999999979662, -0.8128549498516136 
14.459999999979638, -0.8123994636076141 
14.469999999979615, -0.8041362846477648 
14.479999999979592, -0.80408677558391 
14.489999999979569, -0.8030453577084821 
14.499999999979545, -0.801715456958257 
14.509999999979522, -0.8015236333982658 
14.519999999979499, -0.8012150127528646 
14.529999999979475, -0.801013271846508 
14.539999999979452, -0.8010474109900821 
14.549999999979429, -0.800960563478164 
14.559999999979405, -0.801518140242853 
14.569999999979382, -0.8036303789783421 
14.579999999979359, -0.8034166515878751 
14.589999999979335, -0.798909070675631 
14.599999999979312, -0.7987314827996082 
14.609999999979289, -0.7979866104065292 
14.619999999979266, -0.7962743027631417 
14.629999999979242, -0.7960340707510258 
14.639999999979219, -0.7957423198046196 
14.649999999979196, -0.7955027955568676 
14.659999999979172, -0.7955200573459217 
14.669999999979149, -0.7954944734010301 
14.679999999979126, -0.7957165589322888 
14.689999999979102, -0.7984530566935539 
14.69999999997908, -0.7984797973628069 
14.709999999979056, -0.7920753030407427 
14.719999999979033, -0.7886526232680768 
14.72999999997901, -0.7882841747940748 
14.739999999978986, -0.7869049786553497 
14.749999999978963, -0.7865710585265224 
14.75999999997894, -0.7863615147498326 
14.769999999978916, -0.7861322745665968 
14.779999999978893, -0.7861912944240942 
14.78999999997887, -0.7863510955301009 
14.799999999978846, -0.7862965047918536 
14.809999999978823, -0.7921564455537375 
14.8199999999788, -0.7929783581136292 
14.829999999978776, -0.7892205406737681 
14.839999999978753, -0.7819828310185439 
14.84999999997873, -0.7818049898317798 
14.859999999978706, -0.781110032260724 
14.869999999978683, -0.7807619075457629 
14.87999999997866, -0.7806512472950619 
14.889999999978636, -0.7804871099737202 
14.899999999978613, -0.780626588402491 
14.90999999997859, -0.781396550942196 
14.919999999978566, -0.781242097214707 
14.929999999978543, -0.789518904093827 
14.93999999997852, -0.7927243010639191 
14.949999999978496, -0.7918765255998198 
14.959999999978473, -0.7887155637430373 
14.96999999997845, -0.7884269675303058 
14.979999999978427, -0.7880731456984098 
14.989999999978403, -0.7877761658137838 
14.99999999997838, -0.7877315394707259 
15.009999999978357, -0.7876791987198015 
15.019999999978333, -0.7877488557220029 
15.02999999997831, -0.7897600098823078 
15.039999999978287, -0.7898874884618483 
15.049999999978263, -0.7867442962079912 
15.05999999997824, -0.783598710721636 
15.069999999978217, -0.7833149816669625 
15.079999999978194, -0.7818202769619945 
15.08999999997817, -0.7814049001238209 
15.099999999978147, -0.7812054153092878 
15.109999999978124, -0.7809692367275527 
15.1199999999781, -0.780998010310572 
15.129999999978077, -0.7812039549531206 
15.139999999978054, -0.7810801280290862 
15.14999999997803, -0.7871359783268453 
15.159999999978007, -0.7886907488329499 
15.169999999977984, -0.7864115269876172 
15.17999999997796, -0.7790906172403992 
15.189999999977937, -0.7789103763052309 
15.199999999977914, -0.7783280751467551 
15.20999999997789, -0.7779666164611729 
15.219999999977867, -0.777873822605623 
15.229999999977844, -0.7777405486838067 
15.23999999997782, -0.7778422894480924 
15.249999999977797, -0.778943803054019 
15.259999999977774, -0.7788829395665451 
15.26999999997775, -0.7818412913955505 
15.279999999977727, -0.7843224013266185 
15.289999999977704, -0.7838560968305384 
15.29999999997768, -0.7817087231679334 
15.309999999977657, -0.7813377131317606 
15.319999999977634, -0.7810825087479882 
15.32999999997761, -0.7808223157728803 
15.339999999977588, -0.7808262081656998 
15.349999999977564, -0.7809045601466362 
15.359999999977541, -0.7808675536874085 
15.369999999977518, -0.7851504830996152 
15.379999999977494, -0.7858510219082053 
15.389999999977471, -0.7819037712062362 
15.399999999977448, -0.7735552312103122 
15.409999999977424, -0.7733862393050814 
15.419999999977401, -0.7726618141111439 
15.429999999977378, -0.7723051402156287 
15.439999999977355, -0.7721994097961155 
15.449999999977331, -0.7720436234273298 
15.459999999977308, -0.7721979757021281 
15.469999999977285, -0.7731257423188911 
15.479999999977261, -0.7729883819615091 
15.489999999977238, -0.7778204288215721 
15.499999999977215, -0.77990739680532 
15.509999999977191, -0.7792927956629726 
15.519999999977168, -0.7772223001223971 
15.529999999977145, -0.7769239353483025 
15.539999999977121, -0.7766657137811233 
15.549999999977098, -0.7764258511272145 
15.559999999977075, -0.7764703336533474 
15.569999999977052, -0.7765551109035588 
15.579999999977028, -0.7766043366115245 
15.589999999977005, -0.7820469792028559 
15.599999999976982, -0.7825377336886445 
15.609999999976958, -0.7778181589892493 
15.619999999976935, -0.771840139327552 
15.629999999976912, -0.7716495405868161 
15.639999999976888, -0.7710254075471453 
15.649999999976865, -0.7707355481229232 
15.659999999976842, -0.7706551089007906 
15.669999999976818, -0.7705127243389024 
15.679999999976795, -0.7708224060268729 
15.689999999976772, -0.7720432658729309 
15.699999999976749, -0.7718500223287671 
15.709999999976725, -0.770078801788036 
15.719999999976702, -0.770003879053281 
15.729999999976679, -0.7694139999641848 
15.739999999976655, -0.7680844287598556 
15.749999999976632, -0.7678474807890866 
15.759999999976609, -0.7676498428837121 
15.769999999976585, -0.767460575702462 
15.779999999976562, -0.767680268421964 
15.789999999976539, -0.7679264889689315 
15.799999999976515, -0.7679708428559986 
15.809999999976492, -0.7791971984504373 
15.819999999976469, -0.779622780203356 
15.829999999976446, -0.776917241313727 
15.839999999976422, -0.7744913052266297 
15.849999999976399, -0.7743028672893472 
15.859999999976376, -0.7739081996118674 
15.869999999976352, -0.7737067300406011 
15.879999999976329, -0.7737218402970112 
15.889999999976306, -0.7736209026100902 
15.899999999976282, -0.7744091323077416 
15.90999999997626, -0.7769573093705047 
15.919999999976236, -0.7766997579433527 
15.929999999976213, -0.7651724421238847 
15.93999999997619, -0.7637913114116518 
15.949999999976166, -0.7633439085254122 
15.959999999976143, -0.7626222355562645 
15.96999999997612, -0.7624424999062164 
15.979999999976096, -0.7623297177351431 
15.989999999976073, -0.7621823658086277 
15.99999999997605, -0.762879485954905 
16.009999999976028, -0.7635055726820797 
16.019999999976005, -0.7630343001998484 
16.02999999997598, -0.7628483834230145 
16.039999999975958, -0.7629225829393239 
16.049999999975935, -0.7618435981228474 
16.05999999997591, -0.7609937137560535 
16.069999999975888, -0.760844764437584 
16.079999999975865, -0.7606478431667157 
16.08999999997584, -0.7605578506212508 
16.099999999975818, -0.7610489781825507 
16.109999999975795, -0.7611121317562864 
16.11999999997577, -0.7633651340992302 
16.129999999975748, -0.7731972068111129 
16.139999999975725, -0.7730087902790688 
16.1499999999757, -0.7703266206922003 
16.15999999997568, -0.7695692590660417 
16.169999999975655, -0.7693475356145597 
16.17999999997563, -0.76905465309338 
16.18999999997561, -0.7689905860481694 
16.199999999975585, -0.7691254918479327 
16.20999999997556, -0.7689922672160897 
16.21999999997554, -0.7727996665630574 
16.229999999975515, -0.7753483814093102 
16.239999999975492, -0.7742124729396097 
16.24999999997547, -0.7657812528207629 
16.259999999975445, -0.765500288583156 
16.269999999975422, -0.7650240106008893 
16.2799999999754, -0.7646372919154082 
16.289999999975375, -0.7645562510947236 
16.299999999975352, -0.7644851529409128 
16.30999999997533, -0.7644896841024718 
16.319999999975305, -0.7664071816342914 
16.329999999975282, -0.7666947686640184 
16.33999999997526, -0.7626806609284295 
16.349999999975235, -0.754727158945388 
16.359999999975212, -0.754555571810172 
16.36999999997519, -0.75370873040331 
16.379999999975166, -0.7533507570442494 
16.389999999975142, -0.7532514593057885 
16.39999999997512, -0.7531059544864495 
16.409999999975096, -0.7533346948548015 
16.419999999975072, -0.7546141958104831 
16.42999999997505, -0.7544858820232041 
16.439999999975026, -0.7481947953156528 
16.449999999975002, -0.7461788468536721 
16.45999999997498, -0.7458077979275178 
16.469999999974956, -0.7449338402332729 
16.479999999974932, -0.7447052201547368 
16.48999999997491, -0.7446082308842598 
16.499999999974886, -0.74445702688167 
16.509999999974863, -0.7451153398459189 
16.51999999997484, -0.7462984704579888 
16.529999999974816, -0.7458657479857949 
16.539999999974793, -0.7344406461871621 
16.54999999997477, -0.7339082574622413 
16.559999999974746, -0.7334338567829709 
16.569999999974723, -0.7328922827149458 
16.5799999999747, -0.7327746637592395 
16.589999999974676, -0.732745021008728 
16.599999999974653, -0.7326338113705734 
16.60999999997463, -0.7351079049549978 
16.619999999974606, -0.736633419315947 
16.629999999974583, -0.7352865422575187 
16.63999999997456, -0.7275779497258825 
16.649999999974536, -0.7273141295250506 
16.659999999974513, -0.7269677857442676 
16.66999999997449, -0.7266977774349251 
16.679999999974466, -0.7267325710161654 
16.689999999974443, -0.7268594297673401 
16.69999999997442, -0.7268208092291754 
16.709999999974396, -0.7370675618105749 
16.719999999974373, -0.7380348671832772 
16.72999999997435, -0.7365656510707284 
16.739999999974327, -0.7346543687787725 
16.749999999974303, -0.7344818365605749 
16.75999999997428, -0.734260256576344 
16.769999999974257, -0.7341104270697727 
16.779999999974233, -0.7344920767331276 
16.78999999997421, -0.7347435343400611 
16.799999999974187, -0.7347700128169968 
16.809999999974163, -0.7414320696301849 
16.81999999997414, -0.7414850694609616 
16.829999999974117, -0.7403411917920839 
16.839999999974093, -0.7396257774115488 
16.84999999997407, -0.7394980589317744 
16.859999999974047, -0.7393409412311783 
16.869999999974024, -0.7393162354565646 
16.879999999974, -0.7403204678567264 
16.889999999973977, -0.7404752843094906 
16.899999999973954, -0.7381788043219699 
16.90999999997393, -0.7323652155066653 
16.919999999973907, -0.7322107491231704 
16.929999999973884, -0.7314160699904309 
16.93999999997386, -0.731079456602842 
16.949999999973837, -0.731015543015728 
16.959999999973814, -0.7309124913735596 
16.96999999997379, -0.7312735032252089 
16.979999999973767, -0.7340257678759923 
16.989999999973744, -0.7340071047994903 
16.99999999997372, -0.7267013155800942 
17.009999999973697, -0.7236374369767816 
17.019999999973674, -0.7234328147055175 
17.02999999997365, -0.7230436177667567 
17.039999999973627, -0.722903761523666 
17.049999999973604, -0.7230475669383662 
17.05999999997358, -0.7229925862881064 
17.069999999973557, -0.7257315823005569 
17.079999999973534, -0.734213240266672 
17.08999999997351, -0.7340000198539072 
17.099999999973488, -0.7315106730678157 
17.109999999973464, -0.7308648828130935 
17.11999999997344, -0.7306979358365715 
17.129999999973418, -0.7304890190129172 
17.139999999973394, -0.7305485628778191 
17.14999999997337, -0.7311860183519192 
17.159999999973348, -0.7310761013418886 
17.169999999973324, -0.7324982627318402 
17.1799999999733, -0.7326312367920433 
17.189999999973278, -0.732280589380605 
17.199999999973254, -0.7312749513389966 
17.20999999997323, -0.7310170221124512 
17.219999999973208, -0.7309258834569649 
17.229999999973185, -0.7307815826574984 
17.23999999997316, -0.7314351660800997 
17.249999999973138, -0.7330644456346314 
17.259999999973115, -0.7327331538042724 
17.26999999997309, -0.72150573693229 
17.279999999973068, -0.7203446475035761 
17.289999999973045, -0.7200263935617467 
17.29999999997302, -0.7196206296614364 
17.309999999972998, -0.7195318272310008 
17.319999999972975, -0.7196378287625657 
17.32999999997295, -0.7195148895916401 
17.339999999972928, -0.7249324673390709 
17.349999999972905, -0.7294300456483095 
17.35999999997288, -0.7288414590268466 
17.36999999997286, -0.7260293975081287 
17.379999999972835, -0.7256664011668917 
17.38999999997281, -0.7254738547446176 
17.39999999997279, -0.7252763815140579 
17.409999999972765, -0.7254796354840887 
17.41999999997274, -0.726060831337143 
17.42999999997272, -0.7258112928747378 
17.439999999972695, -0.7248486713124329 
17.449999999972672, -0.7247289661513913 
17.45999999997265, -0.7242178993089874 
17.469999999972625, -0.7234665400164917 
17.479999999972602, -0.7233082182151168 
17.48999999997258, -0.7232515033577247 
17.499999999972555, -0.7231236638035304 
17.509999999972532, -0.7248307035777426 
17.51999999997251, -0.72664947082574 
17.529999999972485, -0.7258386437300843 
17.539999999972462, -0.7178321365685334 
17.54999999997244, -0.7174056178391177 
17.559999999972415, -0.7171073371831223 
17.569999999972392, -0.7168344595239157 
17.57999999997237, -0.7168678401336903 
17.589999999972346, -0.7171055583834256 
17.599999999972322, -0.7169496908532969 
17.6099999999723, -0.7275659660595047 
17.619999999972276, -0.7292911606272203 
17.629999999972252, -0.7285344568529738 
17.63999999997223, -0.7271555042609301 
17.649999999972206, -0.7269541868211182 
17.659999999972182, -0.7268103381056068 
17.66999999997216, -0.7266614862916174 
17.679999999972136, -0.7273312871854586 
17.689999999972112, -0.7281392062469906 
17.69999999997209, -0.7274900033840714 
17.709999999972066, -0.7158082496230629 
17.719999999972043, -0.7155200838824729 
17.72999999997202, -0.7150659450488017 
17.739999999971996, -0.7146579509816778 
17.749999999971973, -0.7145986223282299 
17.75999999997195, -0.7146520598818086 
17.769999999971926, -0.7145551291681107 
17.779999999971903, -0.7211537643828232 
17.78999999997188, -0.7232329243773563 
17.799999999971856, -0.7221233900804902 
17.809999999971833, -0.7194504393101642 
17.81999999997181, -0.7192223566270791 
17.829999999971786, -0.7190200578745649 
17.839999999971763, -0.7188472268975813 
17.84999999997174, -0.7192131683329106 
17.859999999971716, -0.7197449570618641 
17.869999999971693, -0.7193262737087561 
17.87999999997167, -0.7131571705060217 
17.889999999971646, -0.7130111301196062 
17.899999999971623, -0.7124847461268824 
17.9099999999716, -0.7119799524804629 
17.919999999971576, -0.7118908074239299 
17.929999999971553, -0.7119019202131543 
17.93999999997153, -0.711801941287023 
17.949999999971507, -0.7165659796990795 
17.959999999971483, -0.718714997204909 
17.96999999997146, -0.7176276469509583 
17.979999999971437, -0.7142735551804451 
17.989999999971413, -0.7140172668187111 
17.99999999997139, -0.7138063761546465 
18.009999999971367, -0.7136233694753528 
18.019999999971343, -0.7139308714781932 
18.02999999997132, -0.7144840935594706 
18.039999999971297, -0.7141143484040448 
18.049999999971273, -0.7072765663298811 
18.05999999997125, -0.7069915550035741 
18.069999999971227, -0.7065278007214892 
18.079999999971204, -0.706036619222521 
18.08999999997118, -0.7059472191035171 
18.099999999971157, -0.705995275729683 
18.109999999971134, -0.7058774149142203 
18.11999999997111, -0.7115852937402278 
18.129999999971087, -0.714833212565656 
18.139999999971064, -0.7140950823563781 
18.14999999997104, -0.7115864201483866 
18.159999999971017, -0.7112966984436376 
18.169999999970994, -0.7111296152340987 
18.17999999997097, -0.7109594032801578 
18.189999999970947, -0.7113681612213963 
18.199999999970924, -0.712284988698085 
18.2099999999709, -0.7119208424801498 
18.219999999970877, -0.7001189240828068 
18.229999999970854, -0.6991888811105551 
18.23999999997083, -0.6988678127687985 
18.249999999970807, -0.6984906145206149 
18.259999999970784, -0.6984317164899944 
18.26999999997076, -0.6986259371947758 
18.279999999970737, -0.6985050599907456 
18.289999999970714, -0.7061559992694677 
18.29999999997069, -0.7107556572702072 
18.309999999970668, -0.7103695869124267 
18.319999999970644, -0.7091232802977845 
18.32999999997062, -0.7088465516327601 
18.339999999970598, -0.7087630458931263 
18.349999999970574, -0.7086308686434243 
18.35999999997055, -0.7094073102754878 
18.369999999970528, -0.7118738355018215 
18.379999999970504, -0.7116290125974927 
18.38999999997048, -0.7048531442996961 
18.399999999970458, -0.7036326201058554 
18.409999999970434, -0.7034277918781037 
18.41999999997041, -0.7031622010878639 
18.429999999970388, -0.7031500480663568 
18.439999999970365, -0.7036312000261605 
18.44999999997034, -0.7035671352501512 
18.459999999970318, -0.703556838254971 
18.469999999970295, -0.7019269087765602 
18.47999999997027, -0.7017038752158131 
18.489999999970248, -0.7010152517895994 
18.499999999970225, -0.7007852662280099 
18.5099999999702, -0.7008034387430346 
18.519999999970178, -0.7007425069628108 
18.529999999970155, -0.7020201656633555 
18.53999999997013, -0.7096117050083132 
18.549999999970108, -0.7095462359603576 
18.559999999970085, -0.7072533585421553 
18.56999999997006, -0.7064215641344234 
18.57999999997004, -0.7062908256713165 
18.589999999970015, -0.7061242946237043 
18.59999999996999, -0.7061761303561152 
18.60999999996997, -0.7075167606368229 
18.619999999969945, -0.7076431923548365 
18.62999999996992, -0.7017137493797277 
18.6399999999699, -0.6951773460642539 
18.649999999969875, -0.6950268351179764 
18.659999999969852, -0.6946563279137125 
18.66999999996983, -0.6944886756745355 
18.679999999969805, -0.6947112599937041 
18.689999999969782, -0.6948313318423716 
18.69999999996976, -0.6951326208147245 
18.709999999969735, -0.7001325184073871 
18.719999999969712, -0.7001339567721128 
18.72999999996969, -0.69938591869923 
18.739999999969665, -0.6989471757336907 
18.749999999969642, -0.6988950266876183 
18.75999999996962, -0.6988825045413086 
18.769999999969595, -0.6989304276412341 
18.779999999969572, -0.7056287952364112 
18.78999999996955, -0.7064924359431881 
18.799999999969526, -0.7049086155122598 
18.809999999969502, -0.7029653259784895 
18.81999999996948, -0.7028044750119653 
18.829999999969456, -0.7026367448920926 
18.839999999969432, -0.7025132213233063 
18.84999999996941, -0.7033816614350331 
18.859999999969386, -0.7041171806404908 
18.869999999969362, -0.7029597197302818 
18.87999999996934, -0.6919012429950567 
18.889999999969316, -0.6916297690048467 
18.899999999969292, -0.6913058383639225 
18.90999999996927, -0.691050793814427 
18.919999999969246, -0.6911400899728068 
18.929999999969223, -0.6914697237786706 
18.9399999999692, -0.6912497375938543 
18.949999999969176, -0.6923237034514288 
18.959999999969153, -0.6921977288268264 
18.96999999996913, -0.6917766899287922 
18.979999999969106, -0.6912186897349268 
18.989999999969083, -0.6911048035873278 
18.99999999996906, -0.6911796125467862 
19.009999999969036, -0.6910663943425434 
19.019999999969013, -0.6965787629008626 
19.02999999996899, -0.7024061321593286 
19.039999999968966, -0.7020258382592529 
19.049999999968943, -0.700366439536622 
19.05999999996892, -0.7000274558497032 
19.069999999968896, -0.6999275054362971 
19.079999999968873, -0.6997920537830742 
19.08999999996885, -0.7003702453051709 
19.099999999968826, -0.7027888409089305 
19.109999999968803, -0.7026275072394444 
19.11999999996878, -0.6964573398098195 
19.129999999968756, -0.6949586624645061 
19.139999999968733, -0.6947808560537895 
19.14999999996871, -0.6945345800496472 
19.159999999968687, -0.6945189101149317 
19.169999999968663, -0.695169230316188 
19.17999999996864, -0.6951934069651303 
19.189999999968617, -0.6908972086760559 
19.199999999968593, -0.6840853784228272 
19.20999999996857, -0.6839350392774848 
19.219999999968547, -0.6834829224558662 
19.229999999968523, -0.6832945097536769 
19.2399999999685, -0.6834593101872466 
19.249999999968477, -0.6835527777835136 
19.259999999968453, -0.6839324828273738 
19.26999999996843, -0.6899977637683206 
19.279999999968407, -0.6900133026385002 
19.289999999968384, -0.6893163883286673 
19.29999999996836, -0.68889928738101 
19.309999999968337, -0.6888629396042196 
19.319999999968314, -0.6888907323371994 
19.32999999996829, -0.6888922507620905 
19.339999999968267, -0.6981951721997041 
19.349999999968244, -0.6992876738375826 
19.35999999996822, -0.6982342075050371 
19.369999999968197, -0.696916380778415 
19.379999999968174, -0.6967598262851263 
19.38999999996815, -0.6966537192990221 
19.399999999968127, -0.6965370106497459 
19.409999999968104, -0.6981427169833623 
19.41999999996808, -0.6996436194358054 
19.429999999968057, -0.6987165729846686 
19.439999999968034, -0.6924892030613616 
19.44999999996801, -0.6921197528190698 
19.459999999967987, -0.6918972181120185 
19.469999999967964, -0.691695085655724 
19.47999999996794, -0.6919144554476268 
19.489999999967917, -0.6926225734764646 
19.499999999967894, -0.6923579248074314 
19.50999999996787, -0.6813191572858167 
19.519999999967848, -0.6798464259057175 
19.529999999967824, -0.679583634363216 
19.5399999999678, -0.6792373784069471 
19.549999999967778, -0.6791874809127342 
19.559999999967754, -0.6795406318229067 
19.56999999996773, -0.6794830561383042 
19.579999999967708, -0.6792020815936144 
19.589999999967684, -0.6764527892090384 
19.59999999996766, -0.676277665867467 
19.609999999967638, -0.6757529817534287 
19.619999999967614, -0.6755627812992892 
19.62999999996759, -0.6757046731348624 
19.639999999967568, -0.6757599987465523 
19.649999999967545, -0.6764555250813947 
19.65999999996752, -0.6831993941099852 
19.669999999967498, -0.6831938109936314 
19.679999999967475, -0.6825056876426426 
19.68999999996745, -0.6821237736840332 
19.699999999967428, -0.6821070539095885 
19.709999999967405, -0.682156037645094 
19.71999999996738, -0.6821689528034821 
19.729999999967358, -0.6931682005810057 
19.739999999967335, -0.6940412684205176 
19.74999999996731, -0.6931525915720865 
19.759999999967288, -0.6921736354010055 
19.769999999967265, -0.6920375066635137 
19.77999999996724, -0.6919743905050242 
19.78999999996722, -0.6918663022990185 
19.799999999967195, -0.6945843387441589 
19.80999999996717, -0.696742058637035 
19.81999999996715, -0.6959044453404352 
19.829999999967125, -0.692151361908789 
19.8399999999671, -0.6918239282315276 
19.84999999996708, -0.6916510333049177 
19.859999999967055, -0.691480573269619 
19.869999999967032, -0.6918874988605451 
19.87999999996701, -0.6930359688369041 
19.889999999966985, -0.6927357013524404 
19.899999999966962, -0.6826594280362728 
19.90999999996694, -0.6813541496191747 
19.919999999966915, -0.6811342893664353 
19.929999999966892, -0.6808621304771093 
19.93999999996687, -0.6808656960168947 
19.949999999966845, -0.681442758808788 
19.959999999966822, -0.6814015158904908 
19.9699999999668, -0.6754635648962416 
19.979999999966775, -0.6697788807742602 
19.989999999966752, -0.6696178069714305 
19.99999999996673, -0.6692352069679746 
20.009999999966706, -0.6690956995832784 
20.019999999966682, -0.6694179292314072 
20.02999999996666, -0.6695791038518357 
20.039999999966636, -0.6686006549992775 
20.049999999966612, -0.6596422976002633 
20.05999999996659, -0.6595359866505178 
20.069999999966566, -0.6591666098974311 
20.079999999966542, -0.6589423786673098 
20.08999999996652, -0.659133120644201 
20.099999999966496, -0.6595683074675243 
20.109999999966472, -0.6591699121239534 
20.11999999996645, -0.6474886195175992 
20.129999999966426, -0.6467073697719204 
20.139999999966403, -0.6464761774084447 
20.14999999996638, -0.6462400450542038 
20.159999999966356, -0.6463489298514881 
20.169999999966333, -0.6473931460518298 
20.17999999996631, -0.6473646460137722 
20.189999999966286, -0.6414765226031736 
20.199999999966263, -0.6388233955600775 
20.20999999996624, -0.6387040451872533 
20.219999999966216, -0.6385465686848651 
20.229999999966193, -0.6385234803167389 
20.23999999996617, -0.6411121739521459 
20.249999999966146, -0.6421550026402073 
20.259999999966123, -0.6410012725635138 
20.2699999999661, -0.6390427163405061 
20.279999999966076, -0.6388641856964874 
20.289999999966053, -0.6388245808848033 
20.29999999996603, -0.6387172008860965 
20.309999999966006, -0.6424254762235236 
20.319999999965983, -0.6490650259560162 
20.32999999996596, -0.6488474176383218 
20.339999999965936, -0.6478374778811766 
20.349999999965913, -0.6475560966908294 
20.35999999996589, -0.6475942995905062 
20.369999999965867, -0.647610466199557 
20.379999999965843, -0.6482282618262789 
20.38999999996582, -0.6575290637831844 
20.399999999965797, -0.6575861315860724 
20.409999999965773, -0.657006518446928 
20.41999999996575, -0.6566533078368387 
20.429999999965727, -0.6566764079778066 
20.439999999965703, -0.6568702783229313 
20.44999999996568, -0.6566813038219299 
20.459999999965657, -0.657970398283363 
20.469999999965633, -0.6576683717002725 
20.47999999996561, -0.65733755319949 
20.489999999965587, -0.6569381381744599 
20.499999999965564, -0.6568894203463441 
20.50999999996554, -0.6572297832722357 
20.519999999965517, -0.6571673517313618 
20.529999999965494, -0.6534314237511659 
20.53999999996547, -0.648090944566765 
20.549999999965447, -0.6479444990999412 
20.559999999965424, -0.647597067292467 
20.5699999999654, -0.6474755450444141 
20.579999999965377, -0.6479776657563054 
20.589999999965354, -0.6483086701688243 
20.59999999996533, -0.6464851312473276 
20.609999999965307, -0.6369741480878387 
20.619999999965284, -0.6367612529232191 
20.62999999996526, -0.6365625714362896 
20.639999999965237, -0.6364098700483688 
20.649999999965214, -0.6371311287265944 
20.65999999996519, -0.6390288985248546 
20.669999999965167, -0.6387353694662932 
20.679999999965144, -0.6354317315088263 
20.68999999996512, -0.6348279910325005 
20.699999999965097, -0.6347512846009362 
20.709999999965074, -0.6346715742817759 
20.71999999996505, -0.6350987734129593 
20.729999999965028, -0.643301399330926 
20.739999999965004, -0.6436058901048669 
20.74999999996498, -0.6426720134549602 
20.759999999964958, -0.6420722877161189 
20.769999999964934, -0.6420219042423942 
20.77999999996491, -0.6421110816675774 
20.789999999964888, -0.6419810831783566 
20.799999999964864, -0.65046097218572 
20.80999999996484, -0.6513191475880102 
20.819999999964818, -0.6509910824295762 
20.829999999964794, -0.6504928727687308 
20.83999999996477, -0.6503958513614887 
20.849999999964748, -0.65065964418075 
20.859999999964725, -0.6506408382734465 
20.8699999999647, -0.6492389748293632 
20.879999999964678, -0.6432681088092747 
20.889999999964655, -0.6431502815769877 
20.89999999996463, -0.6427957048631052 
20.909999999964608, -0.6426448981333232 
20.919999999964585, -0.6430878310509305 
20.92999999996456, -0.6435483939070992 
20.939999999964538, -0.642427339387153 
20.949999999964515, -0.6331653062949307 
20.95999999996449, -0.6328321859582372 
20.969999999964468, -0.6326590112802407 
20.979999999964445, -0.6325061897975699 
20.98999999996442, -0.6331449841337 
20.9999999999644, -0.6357693945197631 
21.009999999964375, -0.6356326456556181 
21.01999999996435, -0.6331697483006361 
21.02999999996433, -0.6324924855405891 
21.039999999964305, -0.6324308260169179 
21.04999999996428, -0.6323904097008533 
21.05999999996426, -0.6325692250264068 
21.069999999964235, -0.6430648092579351 
21.079999999964212, -0.6436685257491127 
21.08999999996419, -0.6430133133780895 
21.099999999964165, -0.642455102746299 
21.109999999964142, -0.6423994287000646 
21.11999999996412, -0.6425623542531602 
21.129999999964095, -0.6424291034535721 
21.139999999964072, -0.6450544431253111 
21.14999999996405, -0.6441356001451212 
21.159999999964025, -0.6439179369331457 
21.169999999964002, -0.6435099251542211 
21.17999999996398, -0.6434117543504428 
21.189999999963955, -0.6438411757721415 
21.199999999963932, -0.6439754432520953 
21.20999999996391, -0.640838248155994 
21.219999999963886, -0.6313631632831065 
21.229999999963862, -0.6312299540838057 
21.23999999996384, -0.6310069256892514 
21.249999999963816, -0.6308707293380273 
21.259999999963792, -0.6317821890203492 
21.26999999996377, -0.6332757531930877 
21.279999999963746, -0.6327666157592027 
21.289999999963722, -0.6294278347953529 
21.2999999999637, -0.6290041023990253 
21.309999999963676, -0.6289373072808692 
21.319999999963652, -0.6288543754923034 
21.32999999996363, -0.6297756214423174 
21.339999999963606, -0.6387790446719045 
21.349999999963583, -0.6388660278648445 
21.35999999996356, -0.6379941889988324 
21.369999999963536, -0.6375601298832497 
21.379999999963513, -0.6375606006617296 
21.38999999996349, -0.6376942354812377 
21.399999999963466, -0.6375291340003767 
21.409999999963443, -0.6391988302697373 
21.41999999996342, -0.6388813417879186 
21.429999999963396, -0.6385817883517674 
21.439999999963373, -0.6382480882369141 
21.44999999996335, -0.638249861055813 
21.459999999963326, -0.6388495808590612 
21.469999999963303, -0.6388334218594591 
21.47999999996328, -0.6320137149476802 
21.489999999963256, -0.6273509879679976 
21.499999999963233, -0.6272316149249247 
21.50999999996321, -0.6270481954480889 
21.519999999963186, -0.6269871153598877 
21.529999999963163, -0.6290576464315977 
21.53999999996314, -0.6303427668692526 
21.549999999963116, -0.6294434943401094 
21.559999999963093, -0.6274517592683112 
21.56999999996307, -0.6272430729981424 
21.579999999963047, -0.6272298303498617 
21.589999999963023, -0.6271425211767239 
21.599999999963, -0.6305083588095896 
21.609999999962977, -0.6393539586240521 
21.619999999962953, -0.6392421350746704 
21.62999999996293, -0.6385582157796462 
21.639999999962907, -0.6383070423650422 
21.649999999962883, -0.6384263482956185 
21.65999999996286, -0.6385925981323961 
21.669999999962837, -0.6382119819126978 
21.679999999962813, -0.629868423420822 
21.68999999996279, -0.6296307621650917 
21.699999999962767, -0.6293565487472904 
21.709999999962744, -0.6291410586220576 
21.71999999996272, -0.6293811527647326 
21.729999999962697, -0.6305494870255126 
21.739999999962674, -0.6304002139933166 
21.74999999996265, -0.6254627927266068 
21.759999999962627, -0.624213444139205 
21.769999999962604, -0.6241167549330627 
21.77999999996258, -0.6240205857602278 
21.789999999962557, -0.624132378974484 
21.799999999962534, -0.6308504001540229 
21.80999999996251, -0.6317314914175688 
21.819999999962487, -0.6309509858483326 
21.829999999962464, -0.6302012126215968 
21.83999999996244, -0.6301159210766389 
21.849999999962417, -0.6302433568339154 
21.859999999962394, -0.6301305689351007 
21.86999999996237, -0.6330159776516708 
21.879999999962347, -0.6318681854461341 
21.889999999962324, -0.6316922649672966 
21.8999999999623, -0.6313163730808187 
21.909999999962277, -0.631214730566458 
21.919999999962254, -0.6317773910246399 
21.92999999996223, -0.632077756543054 
21.939999999962208, -0.6297610760562844 
21.949999999962184, -0.6225830173181343 
21.95999999996216, -0.6223929875492378 
21.969999999962138, -0.6222466271933512 
21.979999999962114, -0.622121014610266 
21.98999999996209, -0.6236747794541068 
21.999999999962068, -0.6272245965923342 
22.009999999962044, -0.6269737697373804 
22.01999999996202, -0.6254401627806035 
22.029999999961998, -0.6250857634309696 
22.039999999961974, -0.6250968721216238 
22.04999999996195, -0.6251123560827131 
22.059999999961928, -0.6254964433081427 
22.069999999961905, -0.6326231729585282 
22.07999999996188, -0.632659175111575 
22.089999999961858, -0.6322389080278917 
22.099999999961835, -0.6319585181864064 
22.10999999996181, -0.6320736743299514 
22.119999999961788, -0.6326147001994162 
22.129999999961765, -0.6323773403730903 
22.13999999996174, -0.622704984543489 
22.149999999961718, -0.6210737749569115 
22.159999999961695, -0.6209369438337569 
22.16999999996167, -0.6207758156555002 
22.179999999961648, -0.6209016095016601 
22.189999999961625, -0.6242651914348499 
22.1999999999616, -0.6247603772609118 
22.20999999996158, -0.623451151699348 
22.219999999961555, -0.6223667824670148 
22.22999999996153, -0.622270543592788 
22.23999999996151, -0.6223166724727072 
22.249999999961485, -0.6222006372808898 
22.25999999996146, -0.6299525164918627 
22.26999999996144, -0.6319544537383904 
22.279999999961415, -0.6317285370233229 
22.289999999961392, -0.6312703431036524 
22.29999999996137, -0.6311590160787308 
22.309999999961345, -0.6315654582827037 
22.319999999961322, -0.6317288206929275 
22.3299999999613, -0.6288822976402766 
22.339999999961275, -0.6198267501315334 
22.349999999961252, -0.6196753047525808 
22.35999999996123, -0.6194939076191234 
22.369999999961205, -0.619365934443555 
22.379999999961182, -0.6206910490798181 
22.38999999996116, -0.6232498628145685 
22.399999999961135, -0.6229152198539972 
22.409999999961112, -0.621052203009432 
22.41999999996109, -0.6206969564550262 
22.429999999961066, -0.6206966765451809 
22.439999999961042, -0.6206874397790461 
22.44999999996102, -0.6213365932707537 
22.459999999960996, -0.629967815238683 
22.469999999960972, -0.6300086762420093 
22.47999999996095, -0.6295627763800387 
22.489999999960926, -0.6292879081309597 
22.499999999960902, -0.6294172431994377 
22.50999999996088, -0.6299358069702531 
22.519999999960856, -0.6296592218996738 
22.529999999960832, -0.6198558875213809 
22.53999999996081, -0.6184793366987629 
22.549999999960786, -0.6183421853849853 
22.559999999960763, -0.6181879091878764 
22.56999999996074, -0.6183625140456716 
22.579999999960716, -0.6221117130984896 
22.589999999960693, -0.6225378045994225 
22.59999999996067, -0.6212833338249574 
22.609999999960646, -0.6203560659507767 
22.619999999960623, -0.6202757338885632 
22.6299999999606, -0.6203464840349938 
22.639999999960576, -0.6202224122139246 
22.649999999960553, -0.6264202654920902 
22.65999999996053, -0.6267268009808447 
22.669999999960506, -0.6265099229608654 
22.679999999960483, -0.6261235290598314 
22.68999999996046, -0.6260455136464687 
22.699999999960436, -0.6266360995725312 
22.709999999960413, -0.6268525265459556 
22.71999999996039, -0.6237645180650774 
22.729999999960366, -0.6175478775200546 
22.739999999960343, -0.6173934073303419 
22.74999999996032, -0.6172587177530958 
22.759999999960296, -0.6171448081437759 
22.769999999960273, -0.6194174411402533 
22.77999999996025, -0.6231785742901033 
22.789999999960227, -0.6228806239970157 
22.799999999960203, -0.62163408337613 
22.80999999996018, -0.6213603321082273 
22.819999999960157, -0.6214191416980236 
22.829999999960133, -0.6214545237338321 
22.83999999996011, -0.6217113243518184 
22.849999999960087, -0.6206911270644138 
22.859999999960063, -0.6206216569120967 
22.86999999996004, -0.6202968606734679 
22.879999999960017, -0.6200911961745293 
22.889999999959993, -0.6204076162456682 
22.89999999995997, -0.6214359467913302 
22.909999999959947, -0.621158496197201 
22.919999999959924, -0.6161823333049594 
22.9299999999599, -0.6153416387332209 
22.939999999959877, -0.6152566863066012 
22.949999999959854, -0.6151762821566295 
22.95999999995983, -0.615476998550167 
22.969999999959807, -0.6245600928129517 
22.979999999959784, -0.6250250475171306 
22.98999999995976, -0.6243483363739656 
22.999999999959737, -0.6238535209286529 
23.009999999959714, -0.6238336328617008 
23.01999999995969, -0.6240857804287149 
23.029999999959667, -0.6239321569315087 
23.039999999959644, -0.6159997089566001 
23.04999999995962, -0.6129519746275389 
23.059999999959597, -0.6128015215975601 
23.069999999959574, -0.612581666591782 
23.07999999995955, -0.6125901390165486 
23.089999999959527, -0.6145872529799681 
23.099999999959504, -0.6152325468227461 
23.10999999995948, -0.6138895896740516 
23.119999999959457, -0.6122600324846703 
23.129999999959434, -0.6121244389904805 
23.13999999995941, -0.6121505070174217 
23.149999999959388, -0.6120508399775751 
23.159999999959364, -0.6179646587721138 
23.16999999995934, -0.6214507552207953 
23.179999999959318, -0.6212951123140975 
23.189999999959294, -0.6208641244657888 
23.19999999995927, -0.6207305023177678 
23.209999999959248, -0.6212011136036786 
23.219999999959224, -0.6215756205092128 
23.2299999999592, -0.6199714223564544 
23.239999999959178, -0.6128515762015978 
23.249999999959154, -0.6125995645377165 
23.25999999995913, -0.6124795908435104 
23.269999999959108, -0.6123601725239378 
23.279999999959085, -0.6139854889798534 
23.28999999995906, -0.6196138822160236 
23.299999999959038, -0.6194945622915761 
23.309999999959015, -0.6184635178311849 
23.31999999995899, -0.6181376129567082 
23.329999999958968, -0.6182011715964472 
23.339999999958945, -0.6183355869885822 
23.34999999995892, -0.6180290818291833 
23.359999999958898, -0.6096388937440902 
23.369999999958875, -0.6092958098785506 
23.37999999995885, -0.6090699424679328 
23.389999999958828, -0.608881753053157 
23.399999999958805, -0.6092222003319872 
23.40999999995878, -0.6114082420055508 
23.41999999995876, -0.6113876601477901 
23.429999999958735, -0.6092367900078871 
23.43999999995871, -0.6084617252545859 
23.44999999995869, -0.6084161305628009 
23.459999999958665, -0.6084505789726085 
23.46999999995864, -0.6083724482102726 
23.47999999995862, -0.6155269769545437 
23.489999999958595, -0.6155656549242673 
23.499999999958572, -0.615279048365423 
23.50999999995855, -0.6149709254640103 
23.519999999958525, -0.6150075495463727 
23.529999999958502, -0.6159301273480245 
23.53999999995848, -0.6159965189486671 
23.549999999958455, -0.6119899059988939 
23.559999999958432, -0.6094912737222068 
23.56999999995841, -0.609387962534407 
23.579999999958385, -0.6093159189021908 
23.589999999958362, -0.6092443834538425 
23.59999999995834, -0.6165083640803397 
23.609999999958315, -0.6196517567686907 
23.619999999958292, -0.6192873575367771 
23.62999999995827, -0.6186407751591599 
23.639999999958246, -0.6185192838301602 
23.649999999958222, -0.6187932483928098 
23.6599999999582, -0.618845187540148 
23.669999999958176, -0.6155027984044847 
23.679999999958152, -0.6062575416293046 
23.68999999995813, -0.6061374505044311 
23.699999999958106, -0.6059517205318518 
23.709999999958082, -0.605837641554639 
23.71999999995806, -0.6075829821525585 
23.729999999958036, -0.6102810116804764 
23.739999999958012, -0.6099234113744905 
23.74999999995799, -0.6085351795435681 
23.759999999957966, -0.6082698776162463 
23.769999999957943, -0.6083409039156668 
23.77999999995792, -0.6083835413965618 
23.789999999957896, -0.6082831094061328 
23.799999999957873, -0.6018354113167881 
23.80999999995785, -0.6017137822377057 
23.819999999957826, -0.6014692699002103 
23.829999999957803, -0.6013078128332233 
23.83999999995778, -0.601978380881934 
23.849999999957756, -0.6042050574261899 
23.859999999957733, -0.6040129451888568 
23.86999999995771, -0.6020882775164152 
23.879999999957686, -0.6016284393538079 
23.889999999957663, -0.6016336162418074 
23.89999999995764, -0.6016924000032694 
23.909999999957616, -0.6016139618931756 
23.919999999957593, -0.5990763999538533 
23.92999999995757, -0.5988263338455222 
23.939999999957546, -0.5985872484356864 
23.949999999957523, -0.5983925468418619 
23.9599999999575, -0.5987160659096852 
23.969999999957476, -0.6009896081876186 
23.979999999957453, -0.6009988796890507 
23.98999999995743, -0.5991632156374816 
23.999999999957407, -0.5984642160668283 
24.009999999957383, -0.5984359175751017 
24.01999999995736, -0.5985263940669691 
24.029999999957337, -0.5983628256925342 
24.039999999957313, -0.5950622116013242 
24.04999999995729, -0.5940851783913893 
24.059999999957267, -0.5938957644957061 
24.069999999957243, -0.5936911791204652 
24.07999999995722, -0.5938365320325253 
24.089999999957197, -0.5965787011259157 
24.099999999957173, -0.5969287104129878 
24.10999999995715, -0.5956820978605794 
24.119999999957127, -0.5948416511804067 
24.129999999957104, -0.5947858252335347 
24.13999999995708, -0.5949474528173713 
24.149999999957057, -0.5948104482169775 
24.159999999957034, -0.5875018218158441 
24.16999999995701, -0.5839651244057612 
24.179999999956987, -0.583845048300422 
24.189999999956964, -0.5836811854597327 
24.19999999995694, -0.583703007846111 
24.209999999956917, -0.5883871629305683 
24.219999999956894, -0.5898163238476668 
24.22999999995687, -0.5892674745653887 
24.239999999956847, -0.5886244427315066 
24.249999999956824, -0.5885581510272365 
24.2599999999568, -0.5889535662595067 
24.269999999956777, -0.5889777416052532 
24.279999999956754, -0.5839824459731814 
24.28999999995673, -0.579678538433519 
24.299999999956707, -0.5795738525234989 
24.309999999956684, -0.5795084834416646 
24.31999999995666, -0.579417887042025 
24.329999999956637, -0.5876161579759757 
24.339999999956614, -0.5913730028042015 
24.34999999995659, -0.5911670945319539 
24.359999999956568, -0.5907739712894493 
24.369999999956544, -0.590702756814169 
24.37999999995652, -0.5915790342155431 
24.389999999956498, -0.5920576022976747 
24.399999999956474, -0.5905310597276379 
24.40999999995645, -0.5879658302763986 
24.419999999956428, -0.5877983967624446 
24.429999999956404, -0.5878206920636023 
24.43999999995638, -0.5877429548945013 
24.449999999956358, -0.5907891152974385 
24.459999999956334, -0.5901975298683771 
24.46999999995631, -0.5901014683344833 
24.479999999956288, -0.5898270115383903 
24.489999999956265, -0.5897210708945633 
24.49999999995624, -0.5910263600615157 
24.509999999956218, -0.5925886804555438 
24.519999999956195, -0.5920587617010341 
24.52999999995617, -0.5904711188604524 
24.539999999956148, -0.5902420757188128 
24.549999999956125, -0.5903387675353562 
24.5599999999561, -0.5903743852821629 
24.569999999956078, -0.589354016290342 
24.579999999956055, -0.5791554495740219 
24.58999999995603, -0.5790150571090191 
24.599999999956008, -0.578850104461227 
24.609999999955985, -0.5787301147235799 
24.61999999995596, -0.5806624372377244 
24.62999999995594, -0.5860131640761783 
24.639999999955915, -0.5858789533939858 
24.64999999995589, -0.5851538836314568 
24.65999999995587, -0.5849399514223872 
24.669999999955845, -0.5852119666469434 
24.67999999995582, -0.5856318069944193 
24.6899999999558, -0.5847757024490274 
24.699999999955775, -0.5787702312728525 
24.709999999955752, -0.5783853696505532 
24.71999999995573, -0.5783371461753405 
24.729999999955705, -0.5782780900993282 
24.739999999955682, -0.5796337808886487 
24.74999999995566, -0.5877337370118466 
24.759999999955635, -0.5877227804114319 
24.769999999955612, -0.5873946236552096 
24.77999999995559, -0.5872154280370265 
24.789999999955565, -0.587749648458085 
24.799999999955542, -0.5893970602078825 
24.80999999995552, -0.5891602552929354 
24.819999999955495, -0.5870556817575029 
24.829999999955472, -0.5866150559423413 
24.83999999995545, -0.586637231811384 
24.849999999955426, -0.5867192912885824 
24.859999999955402, -0.586449132769708 
24.86999999995538, -0.5772848723285983 
24.879999999955356, -0.5768934078525297 
24.889999999955332, -0.5767273230053568 
24.89999999995531, -0.576588919162974 
24.909999999955286, -0.5772921463815277 
24.919999999955262, -0.5833039272122715 
24.92999999995524, -0.5833979929184184 
24.939999999955216, -0.5826819330213792 
24.949999999955192, -0.5823591152863369 
24.95999999995517, -0.5824923790887199 
24.969999999955146, -0.583041410200495 
24.979999999955123, -0.5827467230803483 
24.9899999999551, -0.5769382354621848 
24.999999999955076, -0.5760758192309644 
