t, s[1].omega / s[0].omega 
0, -1.1259978821218615 
0.009999999999999995, -1.1256681344547839 
0.019999999999999934, -1.1252770860103816 
0.029999999999999874, -1.125105425325258 
0.04000000000000012, -1.124716155642291 
0.050000000000000405, -1.123895943489211 
0.06000000000000069, -1.123176757506898 
0.07000000000000098, -1.1229642538456999 
0.08000000000000126, -1.1219986979366467 
0.09000000000000155, -1.1192485263441827 
0.10000000000000184, -1.1179404890170246 
0.11000000000000212, -1.117720434383949 
0.12000000000000241, -1.1147772377685066 
0.130000000000002, -1.1021102261392925 
0.1400000000000009, -1.1008826513109626 
0.1499999999999998, -1.100625440950413 
0.1599999999999987, -1.0940608559018128 
0.1699999999999976, -1.0751988057192512 
0.1799999999999965, -1.0772113731264106 
0.1899999999999954, -1.0769285172520695 
0.1999999999999943, -1.0751867960056658 
0.2099999999999932, -1.0998152565990635 
0.2199999999999921, -1.102947384768499 
0.229999999999991, -1.1026564186049461 
0.2399999999999899, -1.10521586841236 
0.2499999999999888, -1.114953843019218 
0.2599999999999877, -1.1162038737140834 
0.2699999999999866, -1.1159656663180897 
0.2799999999999855, -1.1172178072475685 
0.2899999999999844, -1.119025153237146 
0.2999999999999833, -1.1192777703084145 
0.3099999999999822, -1.1190891727177616 
0.3199999999999811, -1.1194421666067553 
0.32999999999998, -1.1197438591775455 
0.3399999999999789, -1.1196300170536728 
0.3499999999999778, -1.119402465639789 
0.35999999999997667, -1.1193869029121915 
0.36999999999997557, -1.1192574955437644 
0.37999999999997447, -1.118901366129217 
0.38999999999997337, -1.1185397831255601 
0.39999999999997227, -1.1183793684787298 
0.40999999999997117, -1.1179451239968716 
0.41999999999997006, -1.1171335185235753 
0.42999999999996896, -1.116527210123072 
0.43999999999996786, -1.1163059110674267 
0.44999999999996676, -1.1152352982666733 
0.45999999999996566, -1.112783684647355 
0.46999999999996456, -1.1118536524522622 
0.47999999999996346, -1.1115750443452428 
0.48999999999996235, -1.1082712855345471 
0.49999999999996125, -1.0985546291546726 
0.5099999999999602, -1.0978377597121927 
0.519999999999959, -1.0974744633010378 
0.529999999999958, -1.0885592033596134 
0.5399999999999568, -1.0675330514663897 
0.5499999999999557, -1.068563572596931 
0.5599999999999546, -1.06816817241462 
0.5699999999999535, -1.0629833703754734 
0.5799999999999524, -1.0769524334755447 
0.5899999999999513, -1.0791402488935085 
0.5999999999999502, -1.0787618688026959 
0.6099999999999491, -1.0822190442987598 
0.619999999999948, -1.1014217720110862 
0.6299999999999469, -1.10298900733667 
0.6399999999999458, -1.1026869084330668 
0.6499999999999447, -1.105303106290466 
0.6599999999999436, -1.109695309139011 
0.6699999999999425, -1.1102099892249966 
0.6799999999999414, -1.1100178490368082 
0.6899999999999403, -1.110944379714808 
0.6999999999999392, -1.1118724930294563 
0.7099999999999381, -1.1119059756970582 
0.719999999999937, -1.1117371955446422 
0.7299999999999359, -1.1119529348534707 
0.7399999999999348, -1.1120633657963894 
0.7499999999999337, -1.111862440857072 
0.7599999999999326, -1.1116237177452228 
0.7699999999999315, -1.1115627985946321 
0.7799999999999304, -1.1113504794182503 
0.7899999999999293, -1.110918503696437 
0.7999999999999282, -1.1105353467155297 
0.8099999999999271, -1.110359850363253 
0.819999999999926, -1.1098250354803665 
0.8299999999999249, -1.108869568390231 
0.8399999999999238, -1.1082666336820841 
0.8499999999999227, -1.1080274900656655 
0.8599999999999216, -1.1067359780490822 
0.8699999999999205, -1.1039640409960685 
0.8799999999999194, -1.1031391228186984 
0.8899999999999183, -1.1028241653308086 
0.8999999999999172, -1.0989902613602458 
0.9099999999999161, -1.0892063799078178 
0.919999999999915, -1.0886891416625435 
0.9299999999999139, -1.088282298932954 
0.9399999999999128, -1.0785664463900426 
0.9499999999999117, -1.0580394932657045 
0.9599999999999106, -1.0588498601698615 
0.9699999999999095, -1.0584216368433825 
0.9799999999999084, -1.050796689674366 
0.9899999999999073, -1.0539864965099504 
0.9999999999999062, -1.055874768991055 
1.0099999999999052, -1.0554791547261728 
1.019999999999904, -1.0562580029748188 
1.029999999999903, -1.0818263668795864 
1.039999999999902, -1.0839123600489398 
1.0499999999999008, -1.083563850986475 
1.0599999999998997, -1.0872424254974882 
1.0699999999998986, -1.0978792472182926 
1.0799999999998975, -1.098962804494622 
1.0899999999998964, -1.0987099455564702 
1.0999999999998953, -1.1005002657948753 
1.1099999999998942, -1.1029974676745113 
1.119999999999893, -1.1033168210159991 
1.129999999999892, -1.1031406181569121 
1.1399999999998909, -1.1037592219238137 
1.1499999999998898, -1.1043435949279514 
1.1599999999998887, -1.104312089833009 
1.1699999999998876, -1.1041287480853166 
1.1799999999998865, -1.1042501363890078 
1.1899999999998854, -1.1042768947055732 
1.1999999999998843, -1.1040418871289646 
1.2099999999998832, -1.1037769603636527 
1.219999999999882, -1.1036895166874539 
1.229999999999881, -1.1034442664040238 
1.2399999999998799, -1.1029723625916974 
1.2499999999998788, -1.1025553485329533 
1.2599999999998777, -1.1023765172493925 
1.2699999999998766, -1.101825740587759 
1.2799999999998755, -1.1008104647947818 
1.2899999999998744, -1.1001554739515256 
1.2999999999998733, -1.0999293645921215 
1.3099999999998722, -1.0987021324598976 
1.319999999999871, -1.0959222239602162 
1.32999999999987, -1.094980623908857 
1.3399999999998689, -1.0947074228185922 
1.3499999999998678, -1.0915278707216554 
1.3599999999998666, -1.0823866713857537 
1.3699999999998655, -1.0815407360861624 
1.3799999999998644, -1.0812131351556713 
1.3899999999998633, -1.0738872596553435 
1.3999999999998622, -1.0520976112300313 
1.4099999999998611, -1.0525099235499749 
1.41999999999986, -1.0521740653633858 
1.429999999999859, -1.04440470597294 
1.4399999999998578, -1.031307365801627 
1.4499999999998567, -1.0332113580302162 
1.4599999999998556, -1.0329170006347288 
1.4699999999998545, -1.0284374401396543 
1.4799999999998534, -1.0375556106078643 
1.4899999999998523, -1.040767751022141 
1.4999999999998512, -1.0405162555969987 
1.5099999999998501, -1.0395049076270384 
1.519999999999849, -1.0650142203184885 
1.529999999999848, -1.0689012410794685 
1.5399999999998468, -1.068666045803829 
1.5499999999998457, -1.0702944328179878 
1.5599999999998446, -1.085281917908464 
1.5699999999998435, -1.0876759961925058 
1.5799999999998424, -1.087449331753888 
1.5899999999998413, -1.0889037016334244 
1.5999999999998402, -1.0931558755721327 
1.6099999999998391, -1.0940524848942113 
1.619999999999838, -1.0938459789938106 
1.629999999999837, -1.0945395748264977 
1.6399999999998358, -1.0956897368095109 
1.6499999999998347, -1.095918115424516 
1.6599999999998336, -1.095715196418723 
1.6699999999998325, -1.0959394057466607 
1.6799999999998314, -1.0962033242432967 
1.6899999999998303, -1.096126469663406 
1.6999999999998292, -1.0958814541327473 
1.709999999999828, -1.0958601937131427 
1.719999999999827, -1.0957898714633139 
1.729999999999826, -1.0955027412937652 
1.7399999999998248, -1.0951500323850099 
1.7499999999998237, -1.0950053044782917 
1.7599999999998226, -1.094726680089128 
1.7699999999998215, -1.0941526042261822 
1.7799999999998204, -1.093585152878619 
1.7899999999998193, -1.0933882780822712 
1.7999999999998182, -1.09285359872916 
1.809999999999817, -1.091605259174659 
1.819999999999816, -1.0906269269165465 
1.8299999999998149, -1.0904285561221518 
1.8399999999998138, -1.0893997614276714 
1.8499999999998127, -1.0860444738013655 
1.8599999999998116, -1.0843424941015658 
1.8699999999998105, -1.0841733017601918 
1.8799999999998094, -1.082105294841599 
1.8899999999998083, -1.0716668512654983 
1.8999999999998072, -1.0692115749770643 
1.909999999999806, -1.0690759655284312 
1.919999999999805, -1.0656390448407889 
1.9299999999998039, -1.041567177742667 
1.9399999999998028, -1.0400913302513162 
1.9499999999998017, -1.039997358742741 
1.9599999999998006, -1.0365139737706068 
1.9699999999997995, -1.0118629736593046 
1.9799999999997984, -1.0126908198911588 
1.9899999999997973, -1.012666494208947 
1.9999999999997962, -1.0099913071446758 
2.0099999999998173, -0.9889972441774834 
2.0199999999998384, -0.9902897820792448 
2.0299999999998595, -0.9903721448896883 
2.0399999999998806, -0.9884530660693271 
2.0499999999999017, -0.9644979867981074 
2.059999999999923, -0.9610691239742806 
2.069999999999944, -0.961285239110933 
2.079999999999965, -0.9600976491800882 
2.089999999999986, -0.9415928947099599 
2.100000000000007, -0.9298091267367639 
2.1100000000000283, -0.9299663347953412 
2.1200000000000494, -0.9293841305797796 
2.1300000000000705, -0.9232099618165502 
2.1400000000000916, -0.9154983937629309 
2.1500000000001127, -0.9149551435690563 
2.160000000000134, -0.9146971334028435 
2.170000000000155, -0.9129028795332228 
2.180000000000176, -0.9101262425194382 
2.190000000000197, -0.9092181489390323 
2.2000000000002182, -0.9090731933423651 
2.2100000000002393, -0.9084366103988389 
2.2200000000002604, -0.907405395511061 
2.2300000000002815, -0.906737603404337 
2.2400000000003026, -0.9065898101072533 
2.2500000000003237, -0.9063383728822687 
2.260000000000345, -0.905896955698796 
2.270000000000366, -0.9054960558774462 
2.280000000000387, -0.905366671370915 
2.290000000000408, -0.9053207661230844 
2.3000000000004293, -0.9051733233595018 
2.3100000000004504, -0.9049272152798279 
2.3200000000004715, -0.904870514104039 
2.3300000000004926, -0.9050631954495902 
2.3400000000005137, -0.9052331003487808 
2.3500000000005348, -0.9051253887170206 
2.360000000000556, -0.9050866459335157 
2.370000000000577, -0.9057690276658744 
2.380000000000598, -0.906668386833515 
2.390000000000619, -0.906843543036734 
2.4000000000006403, -0.9066927614223698 
2.4100000000006614, -0.9082424667288337 
2.4200000000006825, -0.9117099419761903 
2.4300000000007036, -0.9127376453753728 
2.4400000000007247, -0.9125386984025494 
2.450000000000746, -0.9141243629503204 
2.460000000000767, -0.9271289494671242 
2.470000000000788, -0.9312002346553993 
2.480000000000809, -0.9311396109203282 
2.49000000000083, -0.9305398832025216 
2.5000000000008513, -0.9525048289828482 
2.5100000000008724, -0.9633484013592647 
2.5200000000008935, -0.9635113361033594 
2.5300000000009146, -0.9622799902873997 
2.5400000000009357, -0.9658787589864725 
2.550000000000957, -0.9775002270727081 
2.560000000000978, -0.977910213172207 
2.570000000000999, -0.9769212459901134 
2.58000000000102, -0.9656633576138677 
2.5900000000010412, -0.9675430110352052 
2.6000000000010624, -0.9682077726234978 
2.6100000000010835, -0.9675283184329803 
2.6200000000011046, -0.9528934892956525 
2.6300000000011257, -0.9356656455698761 
2.6400000000011468, -0.9362272223076419 
2.650000000001168, -0.9358506486801295 
2.660000000001189, -0.929215748721818 
2.67000000000121, -0.9135873249455119 
2.680000000001231, -0.9125081387935072 
2.6900000000012523, -0.9123464500388154 
2.7000000000012734, -0.9104583165820863 
2.7100000000012945, -0.9057744731710322 
2.7200000000013156, -0.9040674030648562 
2.7300000000013367, -0.9039426464660737 
2.740000000001358, -0.9033237443927713 
2.750000000001379, -0.9019207164237809 
2.7600000000014, -0.900911809385465 
2.770000000001421, -0.9006952559318779 
2.780000000001442, -0.9004582041754275 
2.7900000000014633, -0.8999344279426713 
2.8000000000014844, -0.8994275434393059 
2.8100000000015055, -0.8992088620788689 
2.8200000000015266, -0.8991452886726711 
2.8300000000015477, -0.8989735906264473 
2.840000000001569, -0.8987098565599453 
2.85000000000159, -0.8985643579339606 
2.860000000001611, -0.8986842562038436 
2.870000000001632, -0.8988318426970717 
2.8800000000016532, -0.8987687167283397 
2.8900000000016743, -0.8986377934936449 
2.9000000000016954, -0.8991093413609816 
2.9100000000017165, -0.8999661062597608 
2.9200000000017377, -0.9003072848918678 
2.9300000000017588, -0.9001411345749873 
2.94000000000178, -0.9010111497009252 
2.950000000001801, -0.9044039877854521 
2.960000000001822, -0.9061433658962026 
2.970000000001843, -0.9060742906204798 
2.9800000000018643, -0.9063495535428394 
2.9900000000018854, -0.9182433128317785 
3.0000000000019065, -0.9260852265215858 
3.0100000000019276, -0.9263278246009596 
3.0200000000019487, -0.9256043166144196 
3.03000000000197, -0.937020208302479 
3.040000000001991, -0.9563195428705302 
3.050000000002012, -0.9570600601747086 
3.060000000002033, -0.9563861447120743 
3.070000000002054, -0.9489304590538372 
3.0800000000020753, -0.951758262681707 
3.0900000000020964, -0.9528919558609366 
3.1000000000021175, -0.9524591210731647 
3.1100000000021386, -0.9426505640322388 
3.1200000000021597, -0.9188336989227417 
3.130000000002181, -0.9189599607485746 
3.140000000002202, -0.9187612382791153 
3.150000000002223, -0.9153110010729687 
3.160000000002244, -0.9038929460426346 
3.1700000000022652, -0.9015547611449531 
3.1800000000022863, -0.9014679242706245 
3.1900000000023074, -0.9004845349473906 
3.2000000000023285, -0.8977114741494315 
3.2100000000023496, -0.8960485840469764 
3.2200000000023707, -0.8958492863024519 
3.230000000002392, -0.8955076895568264 
3.240000000002413, -0.8946612386363393 
3.250000000002434, -0.8939024004618157 
3.260000000002455, -0.89362669564486 
3.2700000000024763, -0.8935035527897331 
3.2800000000024974, -0.8932021135742401 
3.2900000000025185, -0.892843387388448 
3.3000000000025396, -0.8926405352230149 
3.3100000000025607, -0.8926637704080856 
3.3200000000025818, -0.8926716876698239 
3.330000000002603, -0.8925369274773929 
3.340000000002624, -0.8923894275146351 
3.350000000002645, -0.8926724826333879 
3.360000000002666, -0.893187085032992 
3.3700000000026873, -0.8933876162894255 
3.3800000000027084, -0.8932260582060191 
3.3900000000027295, -0.8938748665780603 
3.4000000000027506, -0.896089925362389 
3.4100000000027717, -0.8973749777963899 
3.420000000002793, -0.8973010004252271 
3.430000000002814, -0.8976314570743236 
3.440000000002835, -0.9063168349080231 
3.450000000002856, -0.9128052047469478 
3.460000000002877, -0.9130700754364264 
3.4700000000028983, -0.9124565399218105 
3.4800000000029194, -0.9237470426810955 
3.4900000000029405, -0.9446299097540893 
3.5000000000029616, -0.9455316783164591 
3.5100000000029827, -0.9449440995699181 
3.520000000003004, -0.9370626713315583 
3.530000000003025, -0.9351617995285345 
3.540000000003046, -0.9364137813520799 
3.550000000003067, -0.9360741780052857 
3.5600000000030882, -0.9286314099909491 
3.5700000000031094, -0.9049933354484766 
3.5800000000031305, -0.9040328032863223 
3.5900000000031516, -0.9039071881520181 
3.6000000000031727, -0.9018216298486498 
3.6100000000031938, -0.8951232760673423 
3.620000000003215, -0.8927478957220456 
3.630000000003236, -0.8926379049758928 
3.640000000003257, -0.8920325153108821 
3.650000000003278, -0.8904342082778229 
3.6600000000032993, -0.8892391161453019 
3.6700000000033204, -0.8889795803373084 
3.6800000000033415, -0.8887667310204063 
3.6900000000033626, -0.8882510211692075 
3.7000000000033837, -0.887734134206349 
3.710000000003405, -0.8874872798827982 
3.720000000003426, -0.8874381506776903 
3.730000000003447, -0.8873042890846327 
3.740000000003468, -0.8870719521513907 
3.750000000003489, -0.8869135159113775 
3.7600000000035103, -0.8870652144342507 
3.7700000000035314, -0.887311558455252 
3.7800000000035525, -0.8873398173739021 
3.7900000000035736, -0.88718634383515 
3.8000000000035947, -0.8877228463864942 
3.810000000003616, -0.8890404849745214 
3.820000000003637, -0.8897465257944549 
3.830000000003658, -0.8896157446026136 
3.840000000003679, -0.8902503075761705 
3.8500000000037002, -0.8961683411949074 
3.8600000000037213, -0.9000352113320833 
3.8700000000037424, -0.9001509924093823 
3.8800000000037635, -0.8996955441452743 
3.8900000000037847, -0.9142647276152029 
3.9000000000038058, -0.9318348854289057 
3.910000000003827, -0.932511058365409 
3.920000000003848, -0.9318397728248027 
3.930000000003869, -0.9252264765564908 
3.94000000000389, -0.9276956632120713 
3.9500000000039113, -0.9288164483148649 
3.9600000000039324, -0.9284252247709359 
3.9700000000039535, -0.9200783979289547 
3.9800000000039746, -0.8976220350296839 
3.9900000000039957, -0.8968292296868673 
4.000000000004016, -0.8966828304300347 
4.010000000003993, -0.8945974029049643 
4.02000000000397, -0.8887961513741571 
4.030000000003946, -0.8867662864277686 
4.040000000003923, -0.8866493632615392 
4.0500000000039, -0.8860761990521028 
4.0600000000038765, -0.8847222935319629 
4.070000000003853, -0.8837203019233623 
4.08000000000383, -0.8834812305109719 
4.090000000003807, -0.8832910992326323 
4.100000000003783, -0.8828610508537796 
4.11000000000376, -0.8824251179930078 
4.120000000003737, -0.8822198306990878 
4.130000000003713, -0.8822080895133315 
4.14000000000369, -0.8821421354593476 
4.150000000003667, -0.8819560379642716 
4.1600000000036434, -0.8818295732597198 
4.17000000000362, -0.8820910173328542 
4.180000000003597, -0.8825111883189669 
4.1900000000035735, -0.8826235351474044 
4.20000000000355, -0.882469748295467 
4.210000000003527, -0.8832548525324723 
4.220000000003504, -0.8854346352469492 
4.23000000000348, -0.8865260008780803 
4.240000000003457, -0.8864081198497701 
4.250000000003434, -0.8870128031323453 
4.26000000000341, -0.8976305895695377 
4.270000000003387, -0.9039564997302978 
4.280000000003364, -0.9041301760318935 
4.2900000000033405, -0.9033300103704579 
4.300000000003317, -0.9134024884833671 
4.310000000003294, -0.9302056547409929 
4.320000000003271, -0.9308864600391136 
4.330000000003247, -0.930189798236998 
4.340000000003224, -0.9157710210205195 
4.350000000003201, -0.8978853963345118 
4.360000000003177, -0.8983325803759697 
4.370000000003154, -0.8980221289771005 
4.380000000003131, -0.8937033004434988 
4.390000000003107, -0.8842738326604221 
4.400000000003084, -0.8827656741797639 
4.410000000003061, -0.8826459123496884 
4.4200000000030375, -0.8816835824932218 
4.430000000003014, -0.8797213318462308 
4.440000000002991, -0.8786180124792555 
4.450000000002968, -0.8784477087180373 
4.460000000002944, -0.8781590893758912 
4.470000000002921, -0.8775940793353417 
4.480000000002898, -0.8771003590520301 
4.490000000002874, -0.8769182644797834 
4.500000000002851, -0.8768699532867931 
4.510000000002828, -0.8767336943816317 
4.520000000002804, -0.8765027938779044 
4.530000000002781, -0.8764112706524188 
4.540000000002758, -0.8766478577536594 
4.5500000000027345, -0.8769613012202571 
4.560000000002711, -0.8769692876502975 
4.570000000002688, -0.8768550818323557 
4.580000000002665, -0.8777811432909308 
4.590000000002641, -0.8796821801108594 
4.600000000002618, -0.8804042371663314 
4.610000000002595, -0.8802256666690648 
4.620000000002571, -0.8815665696506134 
4.630000000002548, -0.8925688915058986 
4.640000000002525, -0.8970059287042048 
4.6500000000025015, -0.8970149379206097 
4.660000000002478, -0.8960370800488758 
4.670000000002455, -0.9097481209469922 
4.6800000000024315, -0.9219263974339674 
4.690000000002408, -0.9222901519529406 
4.700000000002385, -0.9212714995796122 
4.710000000002362, -0.9022350474583215 
4.720000000002338, -0.8873629780360739 
4.730000000002315, -0.8876206577835323 
4.740000000002292, -0.8872103414138748 
4.750000000002268, -0.8829980700764148 
4.760000000002245, -0.8766687384165324 
4.770000000002222, -0.8756800789388313 
4.7800000000021985, -0.8755302354889625 
4.790000000002175, -0.874651034018063 
4.800000000002152, -0.8732607026048408 
4.810000000002129, -0.8724941589243635 
4.820000000002105, -0.8723531057362155 
4.830000000002082, -0.8721043982249279 
4.840000000002059, -0.8716867259166532 
4.850000000002035, -0.8713183905557207 
4.860000000002012, -0.8712132065068121 
4.870000000001989, -0.8712369699453364 
4.880000000001965, -0.8712012313714393 
4.890000000001942, -0.8710180390521992 
4.900000000001919, -0.8710168025153471 
4.9100000000018955, -0.8715157941084299 
4.920000000001872, -0.8721332600173308 
4.930000000001849, -0.8722018772966948 
4.940000000001826, -0.872096848717059 
4.950000000001802, -0.8739683923354182 
4.960000000001779, -0.8778926040818024 
4.970000000001756, -0.8789225708905889 
4.980000000001732, -0.8786956941283236 
4.990000000001709, -0.8804274523145836 
5.000000000001686, -0.9035836267499323 
5.0100000000016625, -0.9090926778205555 
5.020000000001639, -0.9090517850771224 
5.030000000001616, -0.9069218489640993 
5.0400000000015925, -0.8929259342546931 
5.050000000001569, -0.8935362307434359 
5.060000000001546, -0.8937343205449908 
5.070000000001523, -0.8926613704492061 
5.080000000001499, -0.8817677134161545 
5.090000000001476, -0.8736616378877431 
5.100000000001453, -0.8734408429659773 
5.110000000001429, -0.8731105744238756 
5.120000000001406, -0.8713510212873538 
5.130000000001383, -0.8693149859337788 
5.1400000000013595, -0.8686701508397517 
5.150000000001336, -0.8685378825143489 
5.160000000001313, -0.8680989384004825 
5.17000000000129, -0.8675228209643002 
5.180000000001266, -0.8671314970854622 
5.190000000001243, -0.8670526544051262 
5.20000000000122, -0.8669899665982108 
5.210000000001196, -0.8668398692220562 
5.220000000001173, -0.866622957612436 
5.23000000000115, -0.8666931064174984 
5.240000000001126, -0.8670752117938344 
5.250000000001103, -0.8674104929160533 
5.26000000000108, -0.8673215628893254 
5.2700000000010565, -0.8674357467027568 
5.280000000001033, -0.86941067049398 
5.29000000000101, -0.8718853770138237 
5.300000000000987, -0.8722401505201113 
5.310000000000963, -0.8719571389713174 
5.32000000000094, -0.8773809138646501 
5.330000000000917, -0.8957001848359765 
5.340000000000893, -0.8978660213313837 
5.35000000000087, -0.897601534420254 
5.360000000000847, -0.8939779981631397 
5.3700000000008234, -0.8871312168395865 
5.3800000000008, -0.8891187155142611 
5.390000000000777, -0.8890888279170853 
5.4000000000007535, -0.8869071417041675 
5.41000000000073, -0.8733520705443377 
5.420000000000707, -0.8684274526354765 
5.430000000000684, -0.8683656358776439 
5.44000000000066, -0.8678254122414965 
5.450000000000637, -0.8658206050465386 
5.460000000000614, -0.8641394694230352 
5.47000000000059, -0.8637490118309943 
5.480000000000567, -0.8635844484136004 
5.490000000000544, -0.8631098299187655 
5.5000000000005205, -0.8625932159152705 
5.510000000000497, -0.8622975646198265 
5.520000000000474, -0.862265276929636 
5.5300000000004506, -0.8622159169018225 
5.540000000000427, -0.8620700770310535 
5.550000000000404, -0.8618919336078574 
5.560000000000381, -0.8621021430673398 
5.570000000000357, -0.862634485747926 
5.580000000000334, -0.8629725547030327 
5.590000000000311, -0.8628398364467905 
5.600000000000287, -0.8632791823971199 
5.610000000000264, -0.8665004475739096 
5.620000000000241, -0.8692521161532243 
5.6300000000002175, -0.8694086008734031 
5.640000000000194, -0.8690461400941262 
5.650000000000171, -0.8804445227495831 
5.660000000000148, -0.9003957324220218 
5.670000000000124, -0.9014732127417667 
5.680000000000101, -0.9009836462280616 
5.690000000000078, -0.891757240358899 
5.700000000000054, -0.8730826224469572 
5.710000000000031, -0.8736348678819215 
5.720000000000008, -0.8734608083551743 
5.729999999999984, -0.8706736709153027 
5.739999999999961, -0.8626371285745262 
5.749999999999938, -0.8603842257408585 
5.7599999999999145, -0.8602842115391309 
5.769999999999891, -0.8597164794730585 
5.779999999999868, -0.858427352823552 
5.789999999999845, -0.857500337079184 
5.799999999999821, -0.8572631286408096 
5.809999999999798, -0.857118510303634 
5.819999999999775, -0.856801243823577 
5.829999999999751, -0.8564619741586433 
5.839999999999728, -0.8563056538346531 
5.849999999999705, -0.8563904432396511 
5.8599999999996815, -0.8565029952997887 
5.869999999999658, -0.8564364875094003 
5.879999999999635, -0.8563235335523725 
5.8899999999996115, -0.8569583714753466 
5.899999999999588, -0.8582724554381236 
5.909999999999565, -0.8588645476044868 
5.919999999999542, -0.8587019099255864 
5.929999999999518, -0.8598130349016813 
5.939999999999495, -0.8697061752327483 
5.949999999999472, -0.8746050529829384 
5.959999999999448, -0.8746837599603354 
5.969999999999425, -0.8736321536885939 
5.979999999999402, -0.8759405025791266 
5.9899999999993785, -0.8836583163681366 
5.999999999999355, -0.8841631770871181 
6.009999999999332, -0.8834837542065083 
6.019999999999309, -0.8735004337665103 
6.029999999999285, -0.8610482437277094 
6.039999999999262, -0.8605017419480492 
6.049999999999239, -0.8602936050073108 
6.059999999999215, -0.8588482322141863 
6.069999999999192, -0.8566864377112366 
6.079999999999169, -0.8557975586516141 
6.089999999999145, -0.8556705565617684 
6.099999999999122, -0.8553409507666867 
6.109999999999099, -0.8548296278967648 
6.1199999999990755, -0.8544284727276534 
6.129999999999052, -0.8543242416326122 
6.139999999999029, -0.8543276994794843 
6.149999999999006, -0.8542713335235136 
6.159999999998982, -0.854084781511842 
6.169999999998959, -0.8541101231539368 
6.179999999998936, -0.8546694575213649 
6.189999999998912, -0.8553690041547575 
6.199999999998889, -0.8554545772845222 
6.209999999998866, -0.8553422701278083 
6.2199999999988425, -0.8578473219744669 
6.229999999998819, -0.8636354332146551 
6.239999999998796, -0.8649672789510189 
6.2499999999987725, -0.8647308535238001 
6.259999999998749, -0.8650238587804779 
6.269999999998726, -0.8903953034783724 
6.279999999998703, -0.8961831958592978 
6.289999999998679, -0.8961806581780022 
6.299999999998656, -0.893829521852917 
6.309999999998633, -0.8691849466082565 
6.319999999998609, -0.8620163607630935 
6.329999999998586, -0.8620941825608202 
6.339999999998563, -0.861451621376636 
6.3499999999985395, -0.8580622246549022 
6.359999999998516, -0.8551371815160749 
6.369999999998493, -0.8546628524316218 
6.37999999999847, -0.8544814600941285 
6.389999999998446, -0.8538503370436475 
6.399999999998423, -0.8531477802514648 
6.4099999999984, -0.8527612994893238 
6.419999999998376, -0.8526925078554605 
6.429999999998353, -0.8525842304391488 
6.43999999999833, -0.8523938429991067 
6.449999999998306, -0.8521879081231735 
6.459999999998283, -0.852308075606425 
6.46999999999826, -0.8527059297090495 
6.4799999999982365, -0.8530025128229527 
6.489999999998213, -0.8528838475728416 
6.49999999999819, -0.8531661578765934 
6.509999999998167, -0.8558192421858631 
6.519999999998143, -0.8586044050244642 
6.52999999999812, -0.8588661337583431 
6.539999999998097, -0.8585017219452138 
6.549999999998073, -0.8670269787527805 
6.55999999999805, -0.890096206442015 
6.569999999998027, -0.8917402064617092 
6.5799999999980034, -0.8913868087632147 
6.58999999999798, -0.8840364744405186 
6.599999999997957, -0.8583275429644176 
6.6099999999979335, -0.8578489867418146 
6.61999999999791, -0.857770368724306 
6.629999999997887, -0.8560988324827095 
6.639999999997864, -0.8508648320090005 
6.64999999999784, -0.8485815511589406 
6.659999999997817, -0.848420677745356 
6.669999999997794, -0.8480697724483163 
6.67999999999777, -0.8472369982755968 
6.689999999997747, -0.8465439320315312 
6.699999999997724, -0.8462867909711584 
6.7099999999977005, -0.8462206943717586 
6.719999999997677, -0.8460630061517563 
6.729999999997654, -0.8458336041945914 
6.7399999999976306, -0.8457008098552968 
6.749999999997607, -0.8459311621893848 
6.759999999997584, -0.8463461176720207 
6.769999999997561, -0.8464920247433838 
6.779999999997537, -0.8463381677342425 
6.789999999997514, -0.8472679810271818 
6.799999999997491, -0.85078098802789 
6.809999999997467, -0.8527283115164302 
6.819999999997444, -0.8526884737052709 
6.829999999997421, -0.8524247469907302 
6.8399999999973975, -0.871781569762331 
6.849999999997374, -0.8865473708088802 
6.859999999997351, -0.8869955572340018 
6.869999999997328, -0.8861250405847784 
6.879999999997304, -0.869259854404025 
6.889999999997281, -0.8515398549737403 
6.899999999997258, -0.8515877105681218 
6.909999999997234, -0.8513103652016047 
6.919999999997211, -0.848952364302884 
6.929999999997188, -0.8453573455207558 
6.939999999997164, -0.8442929560068195 
6.949999999997141, -0.8441730276108813 
6.959999999997118, -0.8437409661050511 
6.9699999999970945, -0.8430804393141671 
6.979999999997071, -0.8426093912264885 
6.989999999997048, -0.8424881888076596 
6.999999999997025, -0.8424531815282155 
7.009999999997001, -0.8423522386730691 
7.019999999996978, -0.8421520354738029 
7.029999999996955, -0.8421687965329431 
7.039999999996931, -0.8426719151007163 
7.049999999996908, -0.8433194612938131 
7.059999999996885, -0.843400463527687 
7.0699999999968615, -0.8432872694731106 
7.079999999996838, -0.8458675312509175 
7.089999999996815, -0.8522339938391859 
7.0999999999967915, -0.8537271643284571 
7.109999999996768, -0.8535033050206832 
7.119999999996745, -0.8527315840742411 
7.129999999996722, -0.8696448292543298 
7.139999999996698, -0.8746318931601863 
7.149999999996675, -0.8746756385101514 
7.159999999996652, -0.8728277822061637 
7.169999999996628, -0.8572903900411182 
7.179999999996605, -0.8504902311412769 
7.189999999996582, -0.8504202802133647 
7.1999999999965585, -0.8499884525242732 
7.209999999996535, -0.8481912145291512 
7.219999999996512, -0.846527872372927 
7.229999999996489, -0.8460502139743176 
7.239999999996465, -0.8459240643846212 
7.249999999996442, -0.845560161851646 
7.259999999996419, -0.8451341158796387 
7.269999999996395, -0.8448556653901361 
7.279999999996372, -0.8448543453810093 
7.289999999996349, -0.844919743191376 
7.299999999996325, -0.8448952235216078 
7.309999999996302, -0.8447265005008543 
7.319999999996279, -0.8450171726153244 
7.3299999999962555, -0.8461006734300541 
7.339999999996232, -0.8470312816125648 
7.349999999996209, -0.8470149568163018 
7.359999999996186, -0.847074433662522 
7.369999999996162, -0.8542322002762257 
7.379999999996139, -0.8636686525171996 
7.389999999996116, -0.8644083024264562 
7.399999999996092, -0.8639016180188499 
7.409999999996069, -0.8586568327346092 
7.419999999996046, -0.8535987066887393 
7.4299999999960225, -0.8546888883477881 
7.439999999995999, -0.8545115398397313 
7.449999999995976, -0.8516279204885806 
7.4599999999959525, -0.8434655122531479 
7.469999999995929, -0.8411913191128205 
7.479999999995906, -0.8410892082616014 
7.489999999995883, -0.8405965020828575 
7.499999999995859, -0.8395351312300648 
7.509999999995836, -0.83875851416558 
7.519999999995813, -0.8385295107358854 
7.529999999995789, -0.8384365566323937 
7.539999999995766, -0.8382320640380341 
7.549999999995743, -0.8379766056118022 
7.5599999999957195, -0.8378656219799688 
7.569999999995696, -0.8380923915708139 
7.579999999995673, -0.8384619954898268 
7.58999999999565, -0.8385477164944849 
7.599999999995626, -0.8384069660315939 
7.609999999995603, -0.8395588451041645 
7.61999999999558, -0.8431953609228491 
7.629999999995556, -0.8448810898845801 
7.639999999995533, -0.8447851352214496 
7.64999999999551, -0.8445801803449261 
7.659999999995486, -0.8665598411520127 
7.669999999995463, -0.878659392340612 
7.67999999999544, -0.8789633692239529 
7.6899999999954165, -0.877888582466775 
7.699999999995393, -0.8603006221006723 
7.70999999999537, -0.8460890306920634 
7.719999999995347, -0.8460312399315935 
7.729999999995323, -0.8457255224579839 
7.7399999999953, -0.843692918230402 
7.749999999995277, -0.8411082667883594 
7.759999999995253, -0.840294743521546 
7.76999999999523, -0.8401758986153868 
7.779999999995207, -0.8398017071552901 
7.789999999995183, -0.8392840597316773 
7.79999999999516, -0.8389097678820068 
7.809999999995137, -0.8388367471379254 
7.8199999999951135, -0.8388627543503671 
7.82999999999509, -0.8388354535186983 
7.839999999995067, -0.8386625049919753 
7.849999999995044, -0.8387603293202636 
7.85999999999502, -0.8395766399729967 
7.869999999994997, -0.8405678585604228 
7.879999999994974, -0.8406916153032785 
7.88999999999495, -0.8405424778653829 
7.899999999994927, -0.8448066241425357 
7.909999999994904, -0.8557047566302002 
7.9199999999948805, -0.8574170639034993 
7.929999999994857, -0.8571537805973345 
7.939999999994834, -0.853744295290822 
7.9499999999948106, -0.8422640320701885 
7.959999999994787, -0.8430820671426559 
7.969999999994764, -0.8430950556186867 
7.979999999994741, -0.8416777119557487 
7.989999999994717, -0.8354051648971775 
7.999999999994694, -0.8321681158510014 
8.00999999999467, -0.831939850327907 
8.019999999994647, -0.8316628383825165 
8.029999999994624, -0.8308799702806013 
8.0399999999946, -0.8301726554405121 
8.049999999994577, -0.8298640827018877 
8.059999999994554, -0.8298174422780973 
8.06999999999453, -0.8297205007251577 
8.079999999994508, -0.8295474369775406 
8.089999999994484, -0.8293917851154756 
8.099999999994461, -0.8296682655981396 
8.109999999994438, -0.8303289581730433 
8.119999999994414, -0.8307444124741412 
8.129999999994391, -0.8306134342449472 
8.139999999994368, -0.8312367680115427 
8.149999999994344, -0.8377287128276973 
8.159999999994321, -0.8428941812781212 
8.169999999994298, -0.8431490231348313 
8.179999999994275, -0.8423766977692795 
8.189999999994251, -0.8376959493731513 
8.199999999994228, -0.8370318602061221 
8.209999999994205, -0.8377442797842185 
8.219999999994181, -0.837422921453939 
8.229999999994158, -0.8337902836363627 
8.239999999994135, -0.8275781737181251 
8.249999999994111, -0.8262301923877357 
8.259999999994088, -0.8261214734947903 
8.269999999994065, -0.8256223122616216 
8.279999999994041, -0.8248280517939023 
8.289999999994018, -0.8242902367662968 
8.299999999993995, -0.8241504415725708 
8.309999999993972, -0.8241108281130218 
8.319999999993948, -0.8240129948833721 
8.329999999993925, -0.823821582395124 
8.339999999993902, -0.8238241473201052 
8.349999999993878, -0.8243887368595489 
8.359999999993855, -0.8252181823991533 
8.369999999993832, -0.8254037542242315 
8.379999999993808, -0.8252308438364278 
8.389999999993785, -0.8281010183270757 
8.399999999993762, -0.8390011443598139 
8.409999999993738, -0.8416868167065555 
8.419999999993715, -0.841551049760026 
8.429999999993692, -0.8389048328131727 
8.439999999993669, -0.817604591557681 
8.449999999993645, -0.8147290678566581 
8.459999999993622, -0.8148490299119009 
8.469999999993599, -0.8141233071819005 
8.479999999993575, -0.8108534428589855 
8.489999999993552, -0.8084315743367536 
8.499999999993529, -0.8079925110933801 
8.509999999993505, -0.8078546341203504 
8.519999999993482, -0.807458603952675 
8.529999999993459, -0.8070421951741688 
8.539999999993436, -0.8067955834059344 
8.549999999993412, -0.8068406402602295 
8.559999999993389, -0.8070093785602115 
8.569999999993366, -0.8070908102950951 
8.579999999993342, -0.8069430633541042 
8.589999999993319, -0.8074331331483982 
8.599999999993296, -0.8101115697640836 
8.609999999993272, -0.8125750752670602 
8.619999999993249, -0.8127310130172528 
8.629999999993226, -0.8121922389010919 
8.639999999993202, -0.8195518012640897 
8.64999999999318, -0.8360631652377126 
8.659999999993156, -0.8371431675412229 
8.669999999993133, -0.8368093402484897 
8.67999999999311, -0.832086741932336 
8.689999999993086, -0.8226174060039906 
8.699999999993063, -0.820992890997563 
8.70999999999304, -0.82089552206953 
8.719999999993016, -0.8203184863906484 
8.729999999992993, -0.8193310143015631 
8.73999999999297, -0.8186876668029983 
8.749999999992946, -0.8185227734607377 
8.759999999992923, -0.8184564865559153 
8.7699999999929, -0.8183193742821755 
8.779999999992876, -0.8181121423942928 
8.789999999992853, -0.8180842664782423 
8.79999999999283, -0.8185496504765744 
8.809999999992806, -0.8192728429181642 
8.819999999992783, -0.8194585273229109 
8.82999999999276, -0.8192899020482811 
8.839999999992736, -0.8217170131583648 
8.849999999992713, -0.8318014046027115 
8.85999999999269, -0.8347508844682769 
8.869999999992666, -0.834654280383681 
8.879999999992643, -0.8323519205815699 
8.88999999999262, -0.8105147980294801 
8.899999999992596, -0.8061594608469056 
8.909999999992573, -0.8063038292557818 
8.91999999999255, -0.8057024545043547 
8.929999999992527, -0.8029313690262178 
8.939999999992503, -0.8007102158252561 
8.94999999999248, -0.8002190072435845 
8.959999999992457, -0.8001039774922841 
8.969999999992433, -0.7997812405259441 
8.97999999999241, -0.799425020291533 
8.989999999992387, -0.7991941360051787 
8.999999999992363, -0.7992705410019056 
9.00999999999234, -0.7995415951915574 
9.019999999992317, -0.7997381800264101 
9.029999999992294, -0.7996083633175742 
9.03999999999227, -0.8000469939307944 
9.049999999992247, -0.8040527561855817 
9.059999999992224, -0.8083004909963172 
9.0699999999922, -0.8086560682179318 
9.079999999992177, -0.808045828422815 
9.089999999992154, -0.8017079759475254 
9.09999999999213, -0.7915015335559236 
9.109999999992107, -0.7919599779975215 
9.119999999992084, -0.791794737503715 
9.12999999999206, -0.7901029204409264 
9.139999999992037, -0.7871859856086684 
9.149999999992014, -0.7860263003542866 
9.15999999999199, -0.7858828865477826 
9.169999999991967, -0.7856922556820279 
9.179999999991944, -0.7853807826066193 
9.18999999999192, -0.7850999899867519 
9.199999999991897, -0.7850540556903746 
9.209999999991874, -0.7853532338772183 
9.21999999999185, -0.7858227644209094 
9.229999999991827, -0.7859108160912632 
9.239999999991804, -0.7857748603552571 
9.24999999999178, -0.7884921076713878 
9.259999999991757, -0.7990546977386164 
9.269999999991734, -0.801942849998581 
9.27999999999171, -0.8018432125662521 
9.289999999991688, -0.7990046271512243 
9.299999999991664, -0.7729558672252912 
9.309999999991641, -0.7661179577854625 
9.319999999991618, -0.7661162626399289 
9.329999999991594, -0.7657370573406762 
9.339999999991571, -0.7645598106909048 
9.349999999991548, -0.7636389598366725 
9.359999999991524, -0.7632982221852965 
9.369999999991501, -0.7632699432278809 
9.379999999991478, -0.7632468015122066 
9.389999999991455, -0.7631710960350095 
9.399999999991431, -0.7630291317646981 
9.409999999991408, -0.7635637286194364 
9.419999999991385, -0.7656813994527212 
9.429999999991361, -0.7675208392170113 
9.439999999991338, -0.7675904680643805 
9.449999999991315, -0.7668880954750832 
9.459999999991291, -0.7652994819371837 
9.469999999991268, -0.7627329022912539 
9.479999999991245, -0.7631844661873263 
9.489999999991221, -0.7629414565173499 
9.499999999991198, -0.7612173799668878 
9.509999999991175, -0.7590858996501807 
9.519999999991152, -0.7582922922558104 
9.529999999991128, -0.7581855594272445 
9.539999999991105, -0.7580614707741739 
9.549999999991082, -0.7578889094420227 
9.559999999991058, -0.7576914783539839 
9.569999999991035, -0.7577861059926582 
9.579999999991012, -0.758616960536133 
9.589999999990988, -0.7599000512764125 
9.599999999990965, -0.7601764557190638 
9.609999999990942, -0.7598814329661983 
9.619999999990918, -0.763830219223477 
9.629999999990895, -0.7894503136114308 
9.639999999990872, -0.7923717177313929 
9.649999999990849, -0.7923107958937439 
9.659999999990825, -0.790441888453145 
9.669999999990802, -0.7842791527587618 
9.679999999990779, -0.7817648651343335 
9.689999999990755, -0.7815621843228686 
9.699999999990732, -0.78134385841629 
9.709999999990709, -0.7808641996935775 
9.719999999990685, -0.7804548240482535 
9.729999999990662, -0.7802823766767335 
9.739999999990639, -0.7803933211885813 
9.749999999990616, -0.7806292101452269 
9.759999999990592, -0.7807018389965443 
9.769999999990569, -0.7805613281665487 
9.779999999990546, -0.7817104404106368 
9.789999999990522, -0.7872113017793216 
9.799999999990499, -0.7904269281944043 
9.809999999990476, -0.7904809241731515 
9.819999999990452, -0.7891649346558198 
9.829999999990429, -0.7687688042596836 
9.839999999990406, -0.756063225476606 
9.849999999990382, -0.7561134946403856 
9.85999999999036, -0.7558555039983501 
9.869999999990336, -0.7546316686151572 
9.879999999990313, -0.7534233953647421 
9.88999999999029, -0.7529213190744485 
9.899999999990266, -0.7528575310305897 
9.909999999990243, -0.7528270270704522 
9.91999999999022, -0.7527721657759103 
9.929999999990196, -0.7526163569134399 
9.939999999990173, -0.7528855464468966 
9.94999999999015, -0.7547294080902156 
9.959999999990126, -0.7572509772409393 
9.969999999990103, -0.7576164906281108 
9.97999999999008, -0.7571453905449164 
9.989999999990056, -0.7521379807364208 
9.999999999990033, -0.7354566050097332 
10.00999999999001, -0.7351377074803891 
10.019999999989986, -0.735075625244195 
10.029999999989963, -0.7342451325117797 
10.03999999998994, -0.7328765727551385 
10.049999999989916, -0.732157687534445 
10.059999999989893, -0.7319964743448099 
10.06999999998987, -0.7320087234075485 
10.079999999989846, -0.7320429205516674 
10.089999999989823, -0.7319607343809663 
10.0999999999898, -0.7319252271420077 
10.109999999989776, -0.7336253943632841 
10.119999999989753, -0.7388421178053991 
10.12999999998973, -0.740793278920989 
10.139999999989707, -0.7406837229392129 
10.149999999989683, -0.7379046460577814 
10.15999999998966, -0.7151987644822276 
10.169999999989637, -0.7085458023498257 
10.179999999989613, -0.708416737929814 
10.18999999998959, -0.7081943930286143 
10.199999999989567, -0.7076320319716219 
10.209999999989543, -0.7071938675632071 
10.21999999998952, -0.7070043396582161 
10.229999999989497, -0.7071710879080081 
10.239999999989474, -0.7076837307496457 
10.24999999998945, -0.7081187981623707 
10.259999999989427, -0.7080159654547773 
10.269999999989404, -0.708224513881402 
10.27999999998938, -0.727685126355473 
10.289999999989357, -0.7423566544266489 
10.299999999989334, -0.7429323175291449 
10.30999999998931, -0.7425326142016256 
10.319999999989287, -0.739837984324655 
10.329999999989264, -0.7371047676098015 
10.33999999998924, -0.7363418320141056 
10.349999999989217, -0.7362548184487305 
10.359999999989194, -0.7361083415119064 
10.36999999998917, -0.7359304896073441 
10.379999999989147, -0.7357436126256214 
10.389999999989124, -0.7359128022934994 
10.3999999999891, -0.7369936550492088 
10.409999999989077, -0.7385906386097931 
10.419999999989054, -0.7388763996063904 
10.42999999998903, -0.7384837171024221 
10.439999999989007, -0.7381106311662136 
10.449999999988984, -0.7350088154356154 
10.45999999998896, -0.7353410599473544 
10.469999999988937, -0.7352944240753799 
10.479999999988914, -0.734375734702215 
10.48999999998889, -0.7326840009049642 
10.499999999988868, -0.7318145720270111 
10.509999999988844, -0.7316237542651314 
10.519999999988821, -0.73160685531362 
10.529999999988798, -0.7315907384656387 
10.539999999988774, -0.7314895172761376 
10.549999999988751, -0.7314418254824234 
10.559999999988728, -0.7327589326346868 
10.569999999988704, -0.736759202232143 
10.579999999988681, -0.738539731962666 
10.589999999988658, -0.7384446011113441 
10.599999999988635, -0.7360550805407692 
10.609999999988611, -0.7111197304939113 
10.619999999988588, -0.7029871150802302 
10.629999999988565, -0.7028765147876603 
10.639999999988541, -0.7026559296127187 
10.649999999988518, -0.7020484412489968 
10.659999999988495, -0.7015702928890784 
10.669999999988471, -0.701357806320545 
10.679999999988448, -0.7014967209185012 
10.689999999988425, -0.701970693006566 
10.699999999988401, -0.7024172379023211 
10.709999999988378, -0.7023327786053893 
10.719999999988355, -0.7024132241746627 
10.729999999988332, -0.7200346635694149 
10.739999999988308, -0.7359125492217072 
10.749999999988285, -0.7365857620383702 
10.759999999988262, -0.7362544372984678 
10.769999999988238, -0.7339444991043059 
10.779999999988215, -0.7314275038904603 
10.789999999988192, -0.7306429657065594 
10.799999999988168, -0.7305509386763037 
10.809999999988145, -0.7304399256422773 
10.819999999988122, -0.7303021276999363 
10.829999999988098, -0.7301272230672669 
10.839999999988075, -0.7302870283593423 
10.849999999988052, -0.7315955906600018 
10.859999999988029, -0.7337569225391856 
10.869999999988005, -0.734216008967931 
10.879999999987982, -0.733840575826593 
10.889999999987959, -0.7293891761115858 
10.899999999987935, -0.7071060684792488 
10.909999999987912, -0.7055823238355354 
10.919999999987889, -0.7055684271667709 
10.929999999987865, -0.7050351895913266 
10.939999999987842, -0.7041080168327987 
10.949999999987819, -0.7035629563889796 
10.959999999987796, -0.7034158755993037 
10.969999999987772, -0.7035428074058481 
10.979999999987749, -0.7038330927450693 
10.989999999987726, -0.703937437181663 
10.999999999987702, -0.7037830908905878 
11.009999999987679, -0.706093748766112 
11.019999999987656, -0.7266573504946863 
11.029999999987632, -0.7334826084506879 
11.039999999987609, -0.7336195309544156 
11.049999999987586, -0.7325486904479611 
11.059999999987562, -0.7273609912214161 
11.06999999998754, -0.7243775596791052 
11.079999999987516, -0.7239344258515039 
11.089999999987493, -0.723842719030951 
11.09999999998747, -0.7236198792536404 
11.109999999987446, -0.7233986974418152 
11.119999999987423, -0.7232459339228395 
11.1299999999874, -0.7235905279180008 
11.139999999987376, -0.7248162238890115 
11.149999999987353, -0.7260183245595933 
11.15999999998733, -0.726050610836 
11.169999999987306, -0.7254283666117789 
11.179999999987283, -0.7232044404018786 
11.18999999998726, -0.7163452251417997 
11.199999999987236, -0.7165716407408023 
11.209999999987213, -0.716398692099067 
11.21999999998719, -0.715361953827293 
11.229999999987166, -0.714213241729167 
11.239999999987143, -0.7136945406235204 
11.24999999998712, -0.7136241736997457 
11.259999999987096, -0.7136966992271473 
11.269999999987073, -0.7138108720361407 
11.27999999998705, -0.7137276772753195 
11.289999999987026, -0.713819429804566 
11.299999999987003, -0.717887469353535 
11.30999999998698, -0.7280339256830036 
11.319999999986956, -0.7297123430435419 
11.329999999986933, -0.729493743544275 
11.33999999998691, -0.7256598514644401 
11.349999999986887, -0.7148390655761462 
11.359999999986863, -0.7122652326040723 
11.36999999998684, -0.7121298537936632 
11.379999999986817, -0.7119304479407164 
11.389999999986793, -0.711586125753112 
11.39999999998677, -0.7113120287493893 
11.409999999986747, -0.7112474338614609 
11.419999999986723, -0.7116998493357022 
11.4299999999867, -0.7127691754439228 
11.439999999986677, -0.7133398890284465 
11.449999999986654, -0.7131679704165587 
11.45999999998663, -0.7128306141322219 
11.469999999986607, -0.7167394432935296 
11.479999999986584, -0.7163116369673945 
11.48999999998656, -0.7164819156958087 
11.499999999986537, -0.7160579859219528 
11.509999999986514, -0.7146333894679815 
11.51999999998649, -0.7135997924371406 
11.529999999986467, -0.7132414798122659 
11.539999999986444, -0.7132345089747595 
11.54999999998642, -0.713301520688024 
11.559999999986397, -0.7133438156965283 
11.569999999986374, -0.7132097278627021 
11.57999999998635, -0.7138633243468988 
11.589999999986327, -0.7200447223277174 
11.599999999986304, -0.7268328527119704 
11.60999999998628, -0.7273174864643612 
11.619999999986257, -0.7266832012482064 
11.629999999986234, -0.7185009439041216 
11.63999999998621, -0.7092263808552286 
11.649999999986187, -0.7081148994584303 
11.659999999986164, -0.7080319714371366 
11.66999999998614, -0.707743046145644 
11.679999999986117, -0.70740792580542 
11.689999999986094, -0.7071695485070134 
11.69999999998607, -0.707249680412954 
11.709999999986048, -0.7079198232525659 
11.719999999986024, -0.7090317646916979 
11.729999999986001, -0.7092821088185143 
11.739999999985978, -0.7089453898115544 
11.749999999985954, -0.7092665874742268 
11.759999999985931, -0.706333415339471 
11.769999999985908, -0.7062517569220634 
11.779999999985884, -0.7062433855255561 
11.789999999985861, -0.7055683347688179 
11.799999999985838, -0.7043412857187886 
11.809999999985815, -0.7036655364494387 
11.819999999985791, -0.7034896195697778 
11.829999999985768, -0.7035601994445331 
11.839999999985745, -0.7037350123514694 
11.849999999985721, -0.7037714743071634 
11.859999999985698, -0.7036442041409809 
11.869999999985675, -0.705784118671127 
11.879999999985651, -0.720120636987243 
11.889999999985628, -0.7257474172060719 
11.899999999985605, -0.7258544775032703 
11.909999999985581, -0.7246007280347818 
11.919999999985558, -0.7177979553288271 
11.929999999985535, -0.7141431925523334 
11.939999999985512, -0.7137028380021969 
11.949999999985488, -0.7136047721613658 
11.959999999985465, -0.7133589043227494 
11.969999999985442, -0.7131246296332927 
11.979999999985418, -0.7129707343790539 
11.989999999985395, -0.7133114449190447 
11.999999999985372, -0.7145577627829474 
12.009999999985348, -0.7158220884480013 
12.019999999985325, -0.715870874681928 
12.029999999985302, -0.7151794711047359 
12.039999999985278, -0.7072931783993677 
12.049999999985255, -0.693443180117289 
12.059999999985232, -0.6933718593792914 
12.069999999985209, -0.6932387383037897 
12.079999999985185, -0.6925003674261119 
12.089999999985162, -0.6917182979199022 
12.099999999985139, -0.6913316569310222 
12.109999999985115, -0.6913123599900588 
12.119999999985092, -0.6915538446053756 
12.129999999985069, -0.6919412493097982 
12.139999999985045, -0.6919614086359589 
12.149999999985022, -0.6918230741541684 
12.159999999984999, -0.6991438302999992 
12.169999999984976, -0.7252909241620231 
12.179999999984952, -0.7276208299916546 
12.189999999984929, -0.7275298729403797 
12.199999999984906, -0.725962883606277 
12.209999999984882, -0.7227164593601051 
12.219999999984859, -0.7213774824704026 
12.229999999984836, -0.7211766084844935 
12.239999999984812, -0.7210978330083702 
12.249999999984789, -0.7209710055561884 
12.259999999984766, -0.7208125968353395 
12.269999999984742, -0.7207736797329152 
12.27999999998472, -0.7217083663612731 
12.289999999984696, -0.7242618921674541 
12.299999999984673, -0.7255294347009918 
12.30999999998465, -0.7254084260746999 
12.319999999984626, -0.7232621640237504 
12.329999999984603, -0.6975705287790184 
12.33999999998458, -0.689148034470163 
12.349999999984556, -0.6890907779141222 
12.359999999984533, -0.6888620119072421 
12.36999999998451, -0.6882305266612038 
12.379999999984486, -0.6877470584174205 
12.389999999984463, -0.6875371777087737 
12.39999999998444, -0.6876899008637024 
12.409999999984416, -0.6882273176687738 
12.419999999984393, -0.6887634378709806 
12.42999999998437, -0.688700386240551 
12.439999999984346, -0.6885010257984837 
12.449999999984323, -0.7004393530263273 
12.4599999999843, -0.707475892105035 
12.469999999984276, -0.7079574763345211 
12.479999999984253, -0.7077301058791888 
12.48999999998423, -0.7064359047940598 
12.499999999984206, -0.7051089637489563 
12.509999999984183, -0.7045691869485275 
12.51999999998416, -0.7045045441168146 
12.529999999984136, -0.7045604471971151 
12.539999999984113, -0.704650997004577 
12.54999999998409, -0.7045559514417089 
12.559999999984067, -0.7046993468722155 
12.569999999984043, -0.7091567506868162 
12.57999999998402, -0.7194958551708845 
12.589999999983997, -0.7210162132334857 
12.599999999983973, -0.7207746988677525 
12.60999999998395, -0.7169472248742171 
12.619999999983927, -0.7079348405273582 
12.629999999983903, -0.7057817466288352 
12.63999999998388, -0.7056469284657366 
12.649999999983857, -0.7054692316250901 
12.659999999983834, -0.7051855036975021 
12.66999999998381, -0.7049489116526267 
12.679999999983787, -0.7049175552084945 
12.689999999983764, -0.7055396683147666 
12.69999999998374, -0.7070283958580009 
12.709999999983717, -0.7077583240452363 
12.719999999983694, -0.7075804356833483 
12.72999999998367, -0.7059257884892709 
12.739999999983647, -0.6861909998053275 
12.749999999983624, -0.6802053797649155 
12.7599999999836, -0.6802374689748334 
12.769999999983577, -0.6799549732118044 
12.779999999983554, -0.6792250644349693 
12.78999999998353, -0.6787055382242959 
12.799999999983507, -0.6784998830667034 
12.809999999983484, -0.6786539230786492 
12.81999999998346, -0.6791746125303966 
12.829999999983437, -0.6796659792135026 
12.839999999983414, -0.6795838147869077 
12.84999999998339, -0.6794005702287975 
12.859999999983367, -0.6901939408783526 
12.869999999983344, -0.6934895939973027 
12.87999999998332, -0.6938457234661755 
12.889999999983297, -0.6936185772672909 
12.899999999983274, -0.6925087730530549 
12.90999999998325, -0.6914703915452487 
12.919999999983228, -0.6910340808723143 
12.929999999983204, -0.691006115958804 
12.939999999983181, -0.6911525301476694 
12.949999999983158, -0.6913657382905886 
12.959999999983134, -0.6913033552940825 
12.969999999983111, -0.6913809332211419 
12.979999999983088, -0.6993231485164464 
12.989999999983064, -0.7184349438601174 
12.999999999983041, -0.7201481505387802 
13.009999999983018, -0.7199501983263974 
13.019999999982995, -0.7174947881541095 
13.029999999982971, -0.7130880424292227 
13.039999999982948, -0.7116835480436466 
13.049999999982925, -0.7115317132780032 
13.059999999982901, -0.7114193558708599 
13.069999999982878, -0.7112546188665443 
13.079999999982855, -0.7110760545441256 
13.089999999982831, -0.7110825806621192 
13.099999999982808, -0.7120774448511991 
13.109999999982785, -0.7145100050787052 
13.119999999982761, -0.7155199139605701 
13.129999999982738, -0.7153391105245469 
13.139999999982715, -0.7124187790749797 
13.149999999982692, -0.6852369291742064 
13.159999999982668, -0.6788812159463851 
13.169999999982645, -0.6788263191522237 
13.179999999982622, -0.6785859799300211 
13.189999999982598, -0.6780332833129225 
13.199999999982575, -0.6776343510856554 
13.209999999982552, -0.6774784683245203 
13.219999999982528, -0.6777335635466679 
13.229999999982505, -0.6785303868963066 
13.239999999982482, -0.6792271561521205 
13.249999999982458, -0.6791566963904113 
13.259999999982435, -0.6784611060419582 
13.269999999982412, -0.6701845860159108 
13.279999999982389, -0.6595841291574848 
13.289999999982365, -0.6595597265305818 
13.299999999982342, -0.6593998120734524 
13.309999999982319, -0.6587886710636643 
13.319999999982295, -0.6582669707515737 
13.329999999982272, -0.6580151497179725 
13.339999999982249, -0.6581341691519855 
13.349999999982225, -0.6587731603362418 
13.359999999982202, -0.6597142504317752 
13.369999999982179, -0.6598341285890507 
13.379999999982156, -0.6593195040807059 
13.389999999982132, -0.6507937205480302 
13.399999999982109, -0.6273872720962398 
13.409999999982086, -0.6261634582810282 
13.419999999982062, -0.6261144208930087 
13.429999999982039, -0.6258090817210743 
13.439999999982016, -0.6254736615600681 
13.449999999981992, -0.6252579630534072 
13.459999999981969, -0.6253523061351841 
13.469999999981946, -0.6266368326922528 
13.479999999981922, -0.6300356080441156 
13.4899999999819, -0.6311846552220153 
13.499999999981876, -0.6309938344432466 
13.509999999981853, -0.6278665394609808 
13.51999999998183, -0.6201403332804508 
13.529999999981806, -0.6181077578458487 
13.539999999981783, -0.6178982649736741 
13.54999999998176, -0.6178699094445503 
13.559999999981736, -0.617880123560758 
13.569999999981713, -0.6178566048116173 
13.57999999998169, -0.6177480825940956 
13.589999999981666, -0.620008476170374 
13.599999999981643, -0.6417028506407696 
13.60999999998162, -0.6491817638928207 
13.619999999981596, -0.6493864051882368 
13.629999999981573, -0.6488272750160758 
13.63999999998155, -0.6471793009697664 
13.649999999981526, -0.646208346324246 
13.659999999981503, -0.6459124856045004 
13.66999999998148, -0.6459729332252454 
13.679999999981456, -0.6462515529189683 
13.689999999981433, -0.6465422155512572 
13.69999999998141, -0.6464415918126525 
13.709999999981386, -0.6465424845610345 
13.719999999981363, -0.6615831994716437 
13.72999999998134, -0.6678030126168565 
13.739999999981316, -0.6681691856148146 
13.749999999981293, -0.6679650711234766 
13.75999999998127, -0.6670217392198923 
13.769999999981247, -0.6661769972833497 
13.779999999981223, -0.6658115936441971 
13.7899999999812, -0.6658253601958782 
13.799999999981177, -0.6661202352880642 
13.809999999981153, -0.6665748777511551 
13.81999999998113, -0.6665946932491358 
13.829999999981107, -0.6663699357167469 
13.839999999981083, -0.67401578646832 
13.84999999998106, -0.6885061308720923 
13.859999999981037, -0.6893539162126234 
13.869999999981014, -0.6892775156408454 
13.87999999998099, -0.6883923315800208 
13.889999999980967, -0.6871286837009851 
13.899999999980944, -0.6865211078823155 
13.90999999998092, -0.6864007394897528 
13.919999999980897, -0.6865061948563935 
13.929999999980874, -0.6867339686754743 
13.93999999998085, -0.6867641277394966 
13.949999999980827, -0.6866395284697776 
13.959999999980804, -0.6902512454020313 
13.96999999998078, -0.7121806395104604 
13.979999999980757, -0.7168496294441599 
13.989999999980734, -0.7168813656880856 
13.99999999998071, -0.7156064153349194 
14.009999999980687, -0.7114346356383804 
14.019999999980664, -0.709435731897957 
14.02999999998064, -0.709114389671659 
14.039999999980617, -0.7090425365951004 
14.049999999980594, -0.7089050268420246 
14.05999999998057, -0.7087565312708645 
14.069999999980547, -0.7086485991738329 
14.079999999980524, -0.7093346210637739 
14.0899999999805, -0.7118799694788885 
14.099999999980477, -0.7138668670946103 
14.109999999980454, -0.7139110048295665 
14.11999999998043, -0.7126489497486592 
14.129999999980408, -0.6925850103237424 
14.139999999980384, -0.6790806621922867 
14.149999999980361, -0.6786645127206418 
14.159999999980338, -0.6785431965007814 
14.169999999980314, -0.6781002051558277 
14.179999999980291, -0.6776970418248885 
14.189999999980268, -0.677474143812583 
14.199999999980244, -0.677627514011026 
14.209999999980221, -0.6783881738718067 
14.219999999980198, -0.6794618251234779 
14.229999999980175, -0.6795971467279904 
14.239999999980151, -0.6790877462284147 
14.249999999980128, -0.671961957043582 
14.259999999980105, -0.6500515162310524 
14.269999999980081, -0.649074026654987 
14.279999999980058, -0.6490217090529048 
14.289999999980035, -0.6486221927101886 
14.299999999980011, -0.6481541937562609 
14.309999999979988, -0.6478787404110136 
14.319999999979965, -0.6479169551751085 
14.329999999979941, -0.6486198892754333 
14.339999999979918, -0.6502050605519442 
14.349999999979895, -0.650788381576627 
14.359999999979872, -0.6505188139199184 
14.369999999979848, -0.645658514251664 
14.379999999979825, -0.6235096726905652 
14.389999999979802, -0.6197685706662955 
14.399999999979778, -0.6196392194438205 
14.409999999979755, -0.6195066163261512 
14.419999999979732, -0.6193088453462761 
14.429999999979708, -0.619156056622414 
14.439999999979685, -0.6191059924909188 
14.449999999979662, -0.6204776741122989 
14.459999999979638, -0.627575332917161 
14.469999999979615, -0.6317512053894915 
14.479999999979592, -0.6318803252970977 
14.489999999979569, -0.630924082787929 
14.499999999979545, -0.6274147713551502 
14.509999999979522, -0.6256582586945141 
14.519999999979499, -0.625275695682365 
14.529999999979475, -0.6252843918163626 
14.539999999979452, -0.6254140821301589 
14.549999999979429, -0.6255680430917753 
14.559999999979405, -0.6254543667897521 
14.569999999979382, -0.6258741424723984 
14.579999999979359, -0.6447239290547774 
14.589999999979335, -0.6570704276961696 
14.599999999979312, -0.6575538146101657 
14.609999999979289, -0.6573363794588212 
14.619999999979266, -0.6563211304987099 
14.629999999979242, -0.6554306914267036 
14.639999999979219, -0.6550589506969392 
14.649999999979196, -0.6550740926359131 
14.659999999979172, -0.6553835228115892 
14.669999999979149, -0.6558775975208644 
14.679999999979126, -0.6559159901302338 
14.689999999979102, -0.6556327775426108 
14.69999999997908, -0.6604035286176598 
14.709999999979056, -0.6628644070641931 
14.719999999979033, -0.6629818943111078 
14.72999999997901, -0.6629321749911734 
14.739999999978986, -0.6623210010613324 
14.749999999978963, -0.6615153377718211 
14.75999999997894, -0.6610951647640696 
14.769999999978916, -0.6610361567914358 
14.779999999978893, -0.6613347268840613 
14.78999999997887, -0.6619872567183269 
14.799999999978846, -0.6622416359845925 
14.809999999978823, -0.6619993692186478 
14.8199999999788, -0.6621364177971146 
14.829999999978776, -0.6560321730078199 
14.839999999978753, -0.6538116743722346 
14.84999999997873, -0.6538545043330031 
14.859999999978706, -0.6535066507959532 
14.869999999978683, -0.6528181512082705 
14.87999999997866, -0.6523879531621907 
14.889999999978636, -0.6522552923421588 
14.899999999978613, -0.6525451991315668 
14.90999999997859, -0.6534209316714195 
14.919999999978566, -0.6541127644942749 
14.929999999978543, -0.6540162780074092 
14.93999999997852, -0.652734750239525 
14.949999999978496, -0.6307793890718226 
14.959999999978473, -0.6191358542878496 
14.96999999997845, -0.6188764847932167 
14.979999999978427, -0.6187623976919401 
14.989999999978403, -0.6184425973112172 
14.99999999997838, -0.6181996789695735 
15.009999999978357, -0.6180542997092143 
15.019999999978333, -0.6185128455065456 
15.02999999997831, -0.6213578933055594 
15.039999999978287, -0.6254983880326567 
15.049999999978263, -0.6259704889385188 
15.05999999997824, -0.6254503100296827 
15.069999999978217, -0.6211133459910454 
15.079999999978194, -0.6172902398635648 
15.08999999997817, -0.6164653522237001 
15.099999999978147, -0.6163979306261513 
15.109999999978124, -0.6164302334362498 
15.1199999999781, -0.6165473221229918 
15.129999999978077, -0.6164941323573262 
15.139999999978054, -0.61647989053188 
15.14999999997803, -0.6247702447570547 
15.159999999978007, -0.6496347587986593 
15.169999999977984, -0.6512687164861082 
15.17999999997796, -0.6512231364923751 
15.189999999977937, -0.6504283496877654 
15.199999999977914, -0.6492899456684439 
15.20999999997789, -0.6487481362763667 
15.219999999977867, -0.6486444271972045 
15.229999999977844, -0.6488528837407735 
15.23999999997782, -0.6493525489581603 
15.249999999977797, -0.6495759286556839 
15.259999999977774, -0.6493612597158103 
15.26999999997775, -0.6500180259693414 
15.279999999977727, -0.6504924387849793 
15.289999999977704, -0.6484604075324086 
15.29999999997768, -0.6485250370222039 
15.309999999977657, -0.6481977343722958 
15.319999999977634, -0.64749992861163 
15.32999999997761, -0.6470565936845609 
15.339999999977588, -0.6469088871358848 
15.349999999977564, -0.6471857451381198 
15.359999999977541, -0.6480813368690125 
15.369999999977518, -0.6488707030825931 
15.379999999977494, -0.64880959143021 
15.389999999977471, -0.6475783654425067 
15.399999999977448, -0.626170269740488 
15.409999999977424, -0.6134044200131129 
15.419999999977401, -0.6130032039937188 
15.429999999977378, -0.6129122749315868 
15.439999999977355, -0.6126453913675218 
15.449999999977331, -0.6124399962380892 
15.459999999977308, -0.6122944141677115 
15.469999999977285, -0.6127512803902792 
15.479999999977261, -0.616315960430751 
15.489999999977238, -0.6221783366545416 
15.499999999977215, -0.6228615289651172 
15.509999999977191, -0.6224726359716077 
15.519999999977168, -0.6194561410900729 
15.529999999977145, -0.6165749875034551 
15.539999999977121, -0.6158138475758158 
15.549999999977098, -0.6157410410182554 
15.559999999977075, -0.6158270446305485 
15.569999999977052, -0.6160387809118116 
15.579999999977028, -0.6160363378868714 
15.589999999977005, -0.6158897486164597 
15.599999999976982, -0.622241997831978 
15.609999999976958, -0.6394548375336494 
15.619999999976935, -0.6401489385356643 
15.629999999976912, -0.6401443240473507 
15.639999999976888, -0.63960656922132 
15.649999999976865, -0.6388189326833512 
15.659999999976842, -0.6384013763578317 
15.669999999976818, -0.6383288959824424 
15.679999999976795, -0.6386860464727673 
15.689999999976772, -0.6396113798633631 
15.699999999976749, -0.640121049786289 
15.709999999976725, -0.6399291344312713 
15.719999999976702, -0.6374303270103995 
15.729999999976679, -0.6111009398696251 
15.739999999976655, -0.6045393042515114 
15.749999999976632, -0.6043817965355731 
15.759999999976609, -0.6042555582913725 
15.769999999976585, -0.6040157677199665 
15.779999999976562, -0.6038481068133653 
15.789999999976539, -0.6037525293976046 
15.799999999976515, -0.6047164644073804 
15.809999999976492, -0.6111212132715347 
15.819999999976469, -0.6169395916939832 
15.829999999976446, -0.6172623890156889 
15.839999999976422, -0.6166603644668212 
15.849999999976399, -0.6139887175745365 
15.859999999976376, -0.6123292997610849 
15.869999999976352, -0.6118879591050652 
15.879999999976329, -0.6118967968960914 
15.889999999976306, -0.6121070112156718 
15.899999999976282, -0.6124307981284093 
15.90999999997626, -0.6123918905652619 
15.919999999976236, -0.6121344711753508 
15.929999999976213, -0.6149000959903137 
15.93999999997619, -0.6046345675036796 
15.949999999976166, -0.6042452272558984 
15.959999999976143, -0.6041823534012085 
15.96999999997612, -0.6038111593321182 
15.979999999976096, -0.6034571532270845 
15.989999999976073, -0.6032499459937626 
15.99999999997605, -0.6034067679007039 
16.009999999976028, -0.6050087729758337 
16.019999999976005, -0.6090795517778813 
16.02999999997598, -0.6101805309535092 
16.039999999975958, -0.6099635326108677 
16.049999999975935, -0.607216602840863 
16.05999999997591, -0.6026494265202765 
16.069999999975888, -0.6013867341613363 
16.079999999975865, -0.6012228508352777 
16.08999999997584, -0.6012697689380904 
16.099999999975818, -0.601451950229682 
16.109999999975795, -0.6015248297704512 
16.11999999997577, -0.6013524731589098 
16.129999999975748, -0.6035196998557087 
16.139999999975725, -0.617067205879588 
16.1499999999757, -0.616434226288258 
16.15999999997568, -0.6165109504985647 
16.169999999975655, -0.6162160080328489 
16.17999999997563, -0.6156257226445109 
16.18999999997561, -0.6152620958548332 
16.199999999975585, -0.6151487708406019 
16.20999999997556, -0.6155960352540275 
16.21999999997554, -0.6172846651567391 
16.229999999975515, -0.6188640848611756 
16.239999999975492, -0.6189119798408403 
16.24999999997547, -0.6176149499445599 
16.259999999975445, -0.6072195551723915 
16.269999999975422, -0.6019846778154343 
16.2799999999754, -0.6013952563419283 
16.289999999975375, -0.6013540133739432 
16.299999999975352, -0.6013204600827831 
16.30999999997533, -0.6013369287442543 
16.319999999975305, -0.601223056345405 
16.329999999975282, -0.601675705330527 
16.33999999997526, -0.6152674183216864 
16.349999999975235, -0.6341416032925301 
16.359999999975212, -0.635013515927436 
16.36999999997519, -0.6348336636194468 
16.379999999975166, -0.633785401305758 
16.389999999975142, -0.6327774476038875 
16.39999999997512, -0.6323622978571137 
16.409999999975096, -0.63235460610665 
16.419999999975072, -0.632686541976317 
16.42999999997505, -0.6333272071311521 
16.439999999975026, -0.6334786290490916 
16.449999999975002, -0.6331349397792134 
16.45999999997498, -0.6299526578092205 
16.469999999974956, -0.6061970313708911 
16.479999999974932, -0.6039254926593572 
16.48999999997491, -0.6038937618159835 
16.499999999974886, -0.6036575764355292 
16.509999999974863, -0.603356832551113 
16.51999999997484, -0.6031578290905368 
16.529999999974816, -0.603178073773986 
16.539999999974793, -0.6046017389677291 
16.54999999997477, -0.6101932215469998 
16.559999999974746, -0.6127600175751893 
16.569999999974723, -0.6127579329457224 
16.5799999999747, -0.6114023036878998 
16.589999999974676, -0.6077490728195757 
16.599999999974653, -0.6062928894751196 
16.60999999997463, -0.606010978004985 
16.619999999974606, -0.6060571863799233 
16.629999999974583, -0.6062718977684913 
16.63999999997456, -0.6064685383833475 
16.649999999974536, -0.606333091125688 
16.659999999974513, -0.6065807876228233 
16.66999999997449, -0.6125756228774228 
16.679999999974466, -0.6076123574048398 
16.689999999974443, -0.6076469581036591 
16.69999999997442, -0.6074888649469922 
16.709999999974396, -0.6070190038381925 
16.719999999974373, -0.6066768906651226 
16.72999999997435, -0.6065119583440526 
16.739999999974327, -0.6068664798515825 
16.749999999974303, -0.6088295685143427 
16.75999999997428, -0.6118112945854398 
16.769999999974257, -0.6122052039910476 
16.779999999974233, -0.6116462421299185 
16.78999999997421, -0.6065511362036349 
16.799999999974187, -0.6020830319050998 
16.809999999974163, -0.6012106526828973 
16.81999999997414, -0.6011437995889565 
16.829999999974117, -0.6011813615110209 
16.839999999974093, -0.6013178550383165 
16.84999999997407, -0.6012794675800511 
16.859999999974047, -0.6012047389440478 
16.869999999974024, -0.6091094543822848 
16.879999999974, -0.6286939656982601 
16.889999999973977, -0.6295183778378551 
16.899999999973954, -0.6294979929917457 
16.90999999997393, -0.628945493405095 
16.919999999973907, -0.6282044688182792 
16.929999999973884, -0.6278219557390301 
16.93999999997386, -0.6277790072560753 
16.949999999973837, -0.6282223546444895 
16.959999999973814, -0.6293682965429587 
16.96999999997379, -0.6299544184578583 
16.979999999973767, -0.6297519214804409 
16.989999999973744, -0.6263479461389662 
16.99999999997372, -0.603625916546554 
17.009999999973697, -0.5986280488518925 
17.019999999973674, -0.5984270157162397 
17.02999999997365, -0.5983328285346383 
17.039999999973627, -0.5981847515704952 
17.049999999973604, -0.5980783966192783 
17.05999999997358, -0.5979840468671666 
17.069999999973557, -0.5993448560221315 
17.079999999973534, -0.6112219920745201 
17.08999999997351, -0.6194252195599458 
17.099999999973488, -0.6197520790175928 
17.109999999973464, -0.619254727977064 
17.11999999997344, -0.6174862232756775 
17.129999999973418, -0.6163935056688903 
17.139999999973394, -0.6160558414630923 
17.14999999997337, -0.6161140096120901 
17.159999999973348, -0.6164687908389043 
17.169999999973324, -0.6169557503011801 
17.1799999999733, -0.6169388240018479 
17.189999999973278, -0.6164232161912426 
17.199999999973254, -0.6072680733124345 
17.20999999997323, -0.5878773628431514 
17.219999999973208, -0.5871271343678623 
17.229999999973185, -0.5870695710233343 
17.23999999997316, -0.5868228527890756 
17.249999999973138, -0.5866164214132773 
17.259999999973115, -0.5864614024930422 
17.26999999997309, -0.5867072341027045 
17.279999999973068, -0.5902945879251621 
17.289999999973045, -0.6003282699354333 
17.29999999997302, -0.6019828371819774 
17.309999999972998, -0.6018459742755322 
17.319999999972975, -0.6004537850473596 
17.32999999997295, -0.5986732077150829 
17.339999999972928, -0.5980218412455054 
17.349999999972905, -0.5979246370095452 
17.35999999997288, -0.5981478229694451 
17.36999999997286, -0.5987373736837612 
17.379999999972835, -0.59902763589738 
17.38999999997281, -0.5987867029297625 
17.39999999997279, -0.5956397119936373 
17.409999999972765, -0.569234837735626 
17.41999999997274, -0.5643908269003762 
17.42999999997272, -0.5642396490466223 
17.439999999972695, -0.5641507804760723 
17.449999999972672, -0.5640423985805498 
17.45999999997265, -0.5639737609903174 
17.469999999972625, -0.5638741128750262 
17.479999999972602, -0.5657144114557405 
17.48999999997258, -0.5882462438226906 
17.499999999972555, -0.5968536997133062 
17.509999999972532, -0.5971168599546997 
17.51999999997251, -0.596800199880549 
17.529999999972485, -0.5959598087402576 
17.539999999972462, -0.595439195035988 
17.54999999997244, -0.5952529446969378 
17.559999999972415, -0.5955211074047342 
17.569999999972392, -0.596723302108635 
17.57999999997237, -0.5983101677627404 
17.589999999972346, -0.598468217373932 
17.599999999972322, -0.5976233982690226 
17.6099999999723, -0.58911360574237 
17.619999999972276, -0.5831652034136378 
17.629999999972252, -0.5823499957262716 
17.63999999997223, -0.5823024388228435 
17.649999999972206, -0.5823186722320304 
17.659999999972182, -0.5824250416011774 
17.66999999997216, -0.582360978596181 
17.679999999972136, -0.582352104500141 
17.689999999972112, -0.5923465566316788 
17.69999999997209, -0.604753971183431 
17.709999999972066, -0.6050008694596476 
17.719999999972043, -0.6049575468432575 
17.72999999997202, -0.6044950855610375 
17.739999999971996, -0.6039858959613446 
17.749999999971973, -0.6037159897167451 
17.75999999997195, -0.6037721215866447 
17.769999999971926, -0.6047106386554693 
17.779999999971903, -0.6072696715928106 
17.78999999997188, -0.6082827354247851 
17.799999999971856, -0.6080971104716985 
17.809999999971833, -0.6050602885868538 
17.81999999997181, -0.5975525458676606 
17.829999999971786, -0.5955892065999273 
17.839999999971763, -0.5953693416406892 
17.84999999997174, -0.5953711716717036 
17.859999999971716, -0.5954588032310169 
17.869999999971693, -0.5955056704439805 
17.87999999997167, -0.5953613634136162 
17.889999999971646, -0.5972178541097283 
17.899999999971623, -0.6206150889841626 
17.9099999999716, -0.623826900772133 
17.919999999971576, -0.6239927122808792 
17.929999999971553, -0.6236893837887174 
17.93999999997153, -0.6229318337190166 
17.949999999971507, -0.6224460679487935 
17.959999999971483, -0.6222690378527581 
17.96999999997146, -0.622527988438887 
17.979999999971437, -0.6235426320837427 
17.989999999971413, -0.6246979052932894 
17.99999999997139, -0.6247508903867229 
18.009999999971367, -0.6237105619431452 
18.019999999971343, -0.6087835318078033 
18.02999999997132, -0.5983425044273317 
18.039999999971297, -0.5975473803728987 
18.049999999971273, -0.5974918766208905 
18.05999999997125, -0.5973768230457605 
18.069999999971227, -0.5973113716417416 
18.079999999971204, -0.5971893184135865 
18.08999999997118, -0.5975313829869593 
18.099999999971157, -0.6052727442904254 
18.109999999971134, -0.6223280806480396 
18.11999999997111, -0.623699471924655 
18.129999999971087, -0.623548221689163 
18.139999999971064, -0.6223721154797606 
18.14999999997104, -0.6210667610338589 
18.159999999971017, -0.6205496378051748 
18.169999999970994, -0.6204938340734093 
18.17999999997097, -0.6207570095570287 
18.189999999970947, -0.6213489823156197 
18.199999999970924, -0.6215553449030369 
18.2099999999709, -0.6212689381770667 
18.219999999970877, -0.6186560654252746 
18.229999999970854, -0.5932169937675982 
18.23999999997083, -0.5896221681831217 
18.249999999970807, -0.589569949007435 
18.259999999970784, -0.5893955440982859 
18.26999999997076, -0.589152292688404 
18.279999999970737, -0.5889870400882266 
18.289999999970714, -0.588954836514479 
18.29999999997069, -0.5905243490264539 
18.309999999970668, -0.5994428710834404 
18.319999999970644, -0.6041849908594451 
18.32999999997062, -0.6043297466019366 
18.339999999970598, -0.603574234552652 
18.349999999970574, -0.6014685924003811 
18.35999999997055, -0.6004246278281643 
18.369999999970528, -0.600150172294346 
18.379999999970504, -0.6002489259944599 
18.38999999997048, -0.6006731780272655 
18.399999999970458, -0.6011531812394139 
18.409999999970434, -0.6010897137951214 
18.41999999997041, -0.6002234573997309 
18.429999999970388, -0.5815888120203396 
18.439999999970365, -0.5669264344208521 
18.44999999997034, -0.5663391083961742 
18.459999999970318, -0.566281083578169 
18.469999999970295, -0.5661294332954804 
18.47999999997027, -0.5660453060872435 
18.489999999970248, -0.5659240364902396 
18.499999999970225, -0.566342695687098 
18.5099999999702, -0.5766201653368584 
18.519999999970178, -0.5959054037729714 
18.529999999970155, -0.5969818091244817 
18.53999999997013, -0.596857566202042 
18.549999999970108, -0.5960567951461765 
18.559999999970085, -0.595285316203422 
18.56999999997006, -0.5949514990417637 
18.57999999997004, -0.5949955713796536 
18.589999999970015, -0.5956535241629145 
18.59999999996999, -0.59719721437164 
18.60999999996997, -0.5977353527613746 
18.619999999969945, -0.5974329058460446 
18.62999999996992, -0.5925082173280661 
18.6399999999699, -0.5815790370104851 
18.649999999969875, -0.5795310392285664 
18.659999999969852, -0.5793697347521692 
18.66999999996983, -0.5793547701396426 
18.679999999969805, -0.5794173711441185 
18.689999999969782, -0.579428879421049 
18.69999999996976, -0.5792914462691781 
18.709999999969735, -0.5820166862971387 
18.719999999969712, -0.6037238305153956 
18.72999999996969, -0.6048531873511804 
18.739999999969665, -0.604953235960881 
18.749999999969642, -0.6046535870305779 
18.75999999996962, -0.6040520093224727 
18.769999999969595, -0.6036892238802822 
18.779999999969572, -0.6035767379717695 
18.78999999996955, -0.6040508462068471 
18.799999999969526, -0.6059582322339128 
18.809999999969502, -0.6078187718076815 
18.81999999996948, -0.6079071880304082 
18.829999999969456, -0.6067617928567934 
18.839999999969432, -0.5990187402302067 
18.84999999996941, -0.5950301403901661 
18.859999999969386, -0.5944564684200508 
18.869999999969362, -0.5944281740757795 
18.87999999996934, -0.5944632238527978 
18.889999999969316, -0.5945635210195337 
18.899999999969292, -0.594467882933943 
18.90999999996927, -0.5946829092438969 
18.919999999969246, -0.6096486312089766 
18.929999999969223, -0.6234162455797747 
18.9399999999692, -0.6239052908440664 
18.949999999969176, -0.6237887745747842 
18.959999999969153, -0.6231239459781602 
18.96999999996913, -0.6224881869529987 
18.979999999969106, -0.6221874724656208 
18.989999999969083, -0.6222514865058473 
18.99999999996906, -0.6229091686420953 
19.009999999969036, -0.624256372831641 
19.019999999969013, -0.6246456967720024 
19.02999999996899, -0.6242752205980574 
19.039999999968966, -0.6174125984163388 
19.049999999968943, -0.5995294237992594 
19.05999999996892, -0.5971049225010292 
19.069999999968896, -0.5969951250689922 
19.079999999968873, -0.596899069018835 
19.08999999996885, -0.596810608658924 
19.099999999968826, -0.5967164253065638 
19.109999999968803, -0.5966860748660837 
19.11999999996878, -0.5995945741783486 
19.129999999968756, -0.6179435180021239 
19.139999999968733, -0.622977946353984 
19.14999999996871, -0.6230779538294968 
19.159999999968687, -0.6223916617795394 
19.169999999968663, -0.6208656534183632 
19.17999999996864, -0.620096818484898 
19.189999999968617, -0.6198882583441051 
19.199999999968593, -0.6200332439893353 
19.20999999996857, -0.6205317375240759 
19.219999999968547, -0.6209792757070175 
19.229999999968523, -0.6208705085795762 
19.2399999999685, -0.6199633131357514 
19.249999999968477, -0.6010457707866995 
19.259999999968453, -0.5887553076811409 
19.26999999996843, -0.5884566748410729 
19.279999999968407, -0.588364292631065 
19.289999999968384, -0.5881144165197211 
19.29999999996836, -0.5879395714516678 
19.309999999968337, -0.5878066439700919 
19.319999999968314, -0.5883806700975424 
19.32999999996829, -0.5941139057424835 
19.339999999968267, -0.6032575110622306 
19.349999999968244, -0.6040410670661546 
19.35999999996822, -0.6037404574539056 
19.369999999968197, -0.6020115097031133 
19.379999999968174, -0.6005417734945476 
19.38999999996815, -0.6000559304528804 
19.399999999968127, -0.6000420948796482 
19.409999999968104, -0.6003409167282794 
19.41999999996808, -0.6009475221591503 
19.429999999968057, -0.6010895408916932 
19.439999999968034, -0.6007003330892476 
19.44999999996801, -0.5938219239260272 
19.459999999967987, -0.5685627895607503 
19.469999999967964, -0.5662221135053993 
19.47999999996794, -0.5661544953993979 
19.489999999967917, -0.566034396826256 
19.499999999967894, -0.5659342712433066 
19.50999999996787, -0.5658398862644525 
19.519999999967848, -0.5658234549747034 
19.529999999967824, -0.5695922349679026 
19.5399999999678, -0.5936233523141241 
19.549999999967778, -0.5977529540693679 
19.559999999967754, -0.5978398774862674 
19.56999999996773, -0.5973414405488576 
19.579999999967708, -0.5964493738526296 
19.589999999967684, -0.5959870894316468 
19.59999999996766, -0.5958749030863756 
19.609999999967638, -0.5962584282126848 
19.619999999967614, -0.5975963096099022 
19.62999999996759, -0.5987286334345137 
19.639999999967568, -0.5986987848027561 
19.649999999967545, -0.5970154070016913 
19.65999999996752, -0.5857705411274375 
19.669999999967498, -0.5813148933967129 
19.679999999967475, -0.580840228701726 
19.68999999996745, -0.5808146157481748 
19.699999999967428, -0.580834388666546 
19.709999999967405, -0.5809073469189902 
19.71999999996738, -0.5807954702112038 
19.729999999967358, -0.5812136606378995 
19.739999999967335, -0.5985950174370075 
19.74999999996731, -0.6068940354784211 
19.759999999967288, -0.6071832517624393 
19.769999999967265, -0.6070488733996812 
19.77999999996724, -0.6064698356340146 
19.78999999996722, -0.6059886119303384 
19.799999999967195, -0.6057584760037605 
19.80999999996717, -0.6059302889879868 
19.81999999996715, -0.6070809367442904 
19.829999999967125, -0.6093290399546396 
19.8399999999671, -0.6098297499080705 
19.84999999996708, -0.6094197655586535 
19.859999999967055, -0.6039803616810752 
19.869999999967032, -0.5964799437478653 
19.87999999996701, -0.5951030232190572 
19.889999999966985, -0.5949919807409488 
19.899999999966962, -0.5949851731509999 
19.90999999996694, -0.5950603950481015 
19.919999999966915, -0.5950361777898208 
19.929999999966892, -0.594937689520033 
19.93999999996687, -0.5998035433480122 
19.949999999966845, -0.6255799939069875 
19.959999999966822, -0.6276985271566673 
19.9699999999668, -0.6277507906979262 
19.979999999966775, -0.6272577071873604 
19.989999999966752, -0.6264032609501479 
19.99999999996673, -0.6259411417415408 
20.009999999966706, -0.6258288996263892 
20.019999999966682, -0.6261507759433184 
20.02999999996666, -0.6271184443032315 
20.039999999966636, -0.6278231605701793 
20.049999999966612, -0.6277075403129506 
20.05999999996659, -0.6257085961861658 
20.069999999966566, -0.6033688672305398 
20.079999999966542, -0.5955200099508039 
20.08999999996652, -0.5951806274902226 
20.099999999966496, -0.5951027758554972 
20.109999999966472, -0.594943750106331 
20.11999999996645, -0.5948392017705366 
20.129999999966426, -0.5947194355472241 
20.139999999966403, -0.5955658611092707 
20.14999999996638, -0.6053072121976824 
20.159999999966356, -0.6163636605744166 
20.169999999966333, -0.6169673800764266 
20.17999999996631, -0.6166313877330383 
20.189999999966286, -0.615059178278448 
20.199999999966263, -0.6138611080686379 
20.20999999996624, -0.6134528850899074 
20.219999999966216, -0.6134719805828456 
20.229999999966193, -0.6138047536812238 
20.23999999996617, -0.6143824885343087 
20.249999999966146, -0.6144577059603827 
20.259999999966123, -0.6140184431844368 
20.2699999999661, -0.6067398934165049 
20.279999999966076, -0.582529234028986 
20.289999999966053, -0.5809330915700901 
20.29999999996603, -0.5808869380572228 
20.309999999966006, -0.5806994327102649 
20.319999999965983, -0.5805232256263207 
20.32999999996596, -0.5803822094960042 
20.339999999965936, -0.5804757195159868 
20.349999999965913, -0.5837846261528349 
20.35999999996589, -0.5978981684280925 
20.369999999965867, -0.6009538208877172 
20.379999999965843, -0.600949093374497 
20.38999999996582, -0.6000627287598007 
20.399999999965797, -0.5985984552970229 
20.409999999965773, -0.597962490815506 
20.41999999996575, -0.5978286937786818 
20.429999999965727, -0.5980714608228909 
20.439999999965703, -0.5988156895841347 
20.44999999996568, -0.599348984976413 
20.459999999965657, -0.5992028895109545 
20.469999999965633, -0.596889460031168 
20.47999999996561, -0.5752128110795512 
20.489999999965587, -0.568852377553741 
20.499999999965564, -0.5685266675311385 
20.50999999996554, -0.5684720728877043 
20.519999999965517, -0.5684014354101689 
20.529999999965494, -0.5683794498947052 
20.53999999996547, -0.5682588517075094 
20.549999999965447, -0.5692449978618876 
20.559999999965424, -0.5898967734023367 
20.5699999999654, -0.6019902910811454 
20.579999999965377, -0.6023831953892179 
20.589999999965354, -0.6021764516728946 
20.59999999996533, -0.6014406613778704 
20.609999999965307, -0.6008990399472918 
20.619999999965284, -0.600670937973393 
20.62999999996526, -0.600861161571391 
20.639999999965237, -0.6019248495105078 
20.649999999965214, -0.6037320327632654 
20.65999999996519, -0.6040515276078794 
20.669999999965167, -0.6035013365948815 
20.679999999965144, -0.5964325666636549 
20.68999999996512, -0.5887570403715187 
20.699999999965097, -0.5875760699597191 
20.709999999965074, -0.5874947239079839 
20.71999999996505, -0.5874875382208308 
20.729999999965028, -0.5875664861482219 
20.739999999965004, -0.5875249904096171 
20.74999999996498, -0.5874560395446576 
20.759999999964958, -0.5940576430072166 
20.769999999964934, -0.6165965960692275 
20.77999999996491, -0.617695834915853 
20.789999999964888, -0.6177062512407021 
20.799999999964864, -0.6172193152740055 
20.80999999996484, -0.6165171410254681 
20.819999999964818, -0.6161455127177293 
20.829999999964794, -0.6160938644398186 
20.83999999996477, -0.6165889342483389 
20.849999999964748, -0.6180291665401724 
20.859999999964725, -0.6188922321640055 
20.8699999999647, -0.6187570349916847 
20.879999999964678, -0.6160404144575029 
20.889999999964655, -0.6004248229946632 
20.89999999996463, -0.5960107187344764 
20.909999999964608, -0.5957001613447344 
20.919999999964585, -0.5956469481155231 
20.92999999996456, -0.5955829055419026 
20.939999999964538, -0.595546512904978 
20.949999999964515, -0.595427706318099 
20.95999999996449, -0.5966531120211439 
20.969999999964468, -0.6144512394902019 
20.979999999964445, -0.6264240444719406 
20.98999999996442, -0.6268506748658685 
20.9999999999644, -0.6265149119919704 
21.009999999964375, -0.6252720950073424 
21.01999999996435, -0.6243972483947026 
21.02999999996433, -0.6240810777493396 
21.039999999964305, -0.624153607486538 
21.04999999996428, -0.6245983352214165 
21.05999999996426, -0.6252528090239039 
21.069999999964235, -0.6252971811930985 
21.079999999964212, -0.624744300087126 
21.08999999996419, -0.6140391938820186 
21.099999999964165, -0.5920727378043944 
21.109999999964142, -0.5909568921275903 
21.11999999996412, -0.5909056197335354 
21.129999999964095, -0.5906901162370887 
21.139999999964072, -0.5904989071442356 
21.14999999996405, -0.5903468722013279 
21.159999999964025, -0.5905263341303382 
21.169999999964002, -0.593884234623666 
21.17999999996398, -0.604714330119075 
21.189999999963955, -0.6067809316911159 
21.199999999963932, -0.6066886678172008 
21.20999999996391, -0.6054181035347971 
21.219999999963886, -0.6035591428319989 
21.229999999963862, -0.6028466933193309 
21.23999999996384, -0.6027202366717499 
21.249999999963816, -0.6029107417282684 
21.259999999963792, -0.6034440570124693 
21.26999999996377, -0.6037468634246785 
21.279999999963746, -0.6035384222380874 
21.289999999963722, -0.6014421084870794 
21.2999999999637, -0.575353102512346 
21.309999999963676, -0.5691941260850133 
21.319999999963652, -0.5690338767610101 
21.32999999996363, -0.5689346952266511 
21.339999999963606, -0.568780288580707 
21.349999999963583, -0.5686847077214607 
21.35999999996356, -0.568584053659738 
21.369999999963536, -0.5699994262780986 
21.379999999963513, -0.5868771462916479 
21.38999999996349, -0.5973667952964219 
21.399999999963466, -0.5977310280177731 
21.409999999963443, -0.5974010285932321 
21.41999999996342, -0.5963735101792985 
21.429999999963396, -0.5957140000765595 
21.439999999963373, -0.5954774062966346 
21.44999999996335, -0.5956545218554024 
21.459999999963326, -0.5965187135898079 
21.469999999963303, -0.5977935225063017 
21.47999999996328, -0.5979512624155432 
21.489999999963256, -0.5972041471658056 
21.499999999963233, -0.587172833899061 
21.50999999996321, -0.5784514627828448 
21.519999999963186, -0.57742814709645 
21.529999999963163, -0.5773693270078086 
21.53999999996314, -0.5773486129222464 
21.549999999963116, -0.5774109275703395 
21.559999999963093, -0.57734641414346 
21.56999999996307, -0.5773440232429545 
21.579999999963047, -0.586177323060283 
21.589999999963023, -0.6053750512241559 
21.599999999963, -0.6060117263108437 
21.609999999962977, -0.605988686011978 
21.619999999962953, -0.6055087825028028 
21.62999999996293, -0.6049256906123215 
21.639999999962907, -0.6046209508053103 
21.649999999962883, -0.6046328852482719 
21.65999999996286, -0.6053809554509855 
21.669999999962837, -0.6075205341345112 
21.679999999962813, -0.608539475499275 
21.68999999996279, -0.6083841317935906 
21.699999999962767, -0.6055108356798705 
21.709999999962744, -0.5963559700811621 
21.71999999996272, -0.5938759019765073 
21.729999999962697, -0.5936160156955261 
21.739999999962674, -0.5936026921829844 
21.74999999996265, -0.5936528105074317 
21.759999999962627, -0.5936904843890407 
21.769999999962604, -0.5935547970359782 
21.77999999996258, -0.5950781162844571 
21.789999999962557, -0.6194287403543223 
21.799999999962534, -0.6254421041456023 
21.80999999996251, -0.6256737582708081 
21.819999999962487, -0.6253838076021851 
21.829999999962464, -0.6245563989706212 
21.83999999996244, -0.6240021570450449 
21.849999999962417, -0.6237902636054907 
21.859999999962394, -0.6239856195987472 
21.86999999996237, -0.6248152466475903 
21.879999999962347, -0.6258692923171069 
21.889999999962324, -0.6259424975514869 
21.8999999999623, -0.6250857368452357 
21.909999999962277, -0.6100720165119446 
21.919999999962254, -0.5963467430215005 
21.92999999996223, -0.5953873034031719 
21.939999999962208, -0.5953303173799209 
21.949999999962184, -0.595193882359086 
21.95999999996216, -0.5951022659913582 
21.969999999962138, -0.5949770289519991 
21.979999999962114, -0.5952367105800929 
21.98999999996209, -0.6013094208718456 
21.999999999962068, -0.6175866842874943 
22.009999999962044, -0.6192973400263657 
22.01999999996202, -0.6191790953857687 
22.029999999961998, -0.6180351965482673 
22.039999999961974, -0.616625741316752 
22.04999999996195, -0.6160613002274281 
22.059999999961928, -0.615981386037637 
22.069999999961905, -0.6162250705937894 
22.07999999996188, -0.6168195237098011 
22.089999999961858, -0.6170753804839949 
22.099999999961835, -0.6168205070039496 
22.10999999996181, -0.6143253271264072 
22.119999999961788, -0.5880386081723316 
22.129999999961765, -0.5834356794794472 
22.13999999996174, -0.5833518152641567 
22.149999999961718, -0.5832093853175953 
22.159999999961695, -0.5829979625994116 
22.16999999996167, -0.5828548531137485 
22.179999999961648, -0.5827916688695531 
22.189999999961625, -0.5843309912880484 
22.1999999999616, -0.5954845349283863 
22.20999999996158, -0.6020526760753079 
22.219999999961555, -0.6022893061208404 
22.22999999996153, -0.6017305352243073 
22.23999999996151, -0.600086508483554 
22.249999999961485, -0.5991789554410597 
22.25999999996146, -0.5989090022081451 
22.26999999996144, -0.5990276323137225 
22.279999999961415, -0.5995631224754553 
22.289999999961392, -0.6002387745652936 
22.29999999996137, -0.6002375607564497 
22.309999999961345, -0.5993291359894498 
22.319999999961322, -0.5822630938567728 
22.3299999999613, -0.5684833274248677 
22.339999999961275, -0.5676558213825716 
22.349999999961252, -0.5676058210781956 
22.35999999996123, -0.5675053659834133 
22.369999999961205, -0.5674717103523146 
22.379999999961182, -0.567365396640127 
22.38999999996116, -0.5676085487541864 
22.399999999961135, -0.5782265579649171 
22.409999999961112, -0.6003511672768916 
22.41999999996109, -0.60143855047513 
22.429999999961066, -0.6013635492736064 
22.439999999961042, -0.6007152983919585 
22.44999999996102, -0.6000256573180239 
22.459999999960996, -0.5997019666664465 
22.469999999960972, -0.5997338725211196 
22.47999999996095, -0.6004255768423934 
22.489999999960926, -0.6021787205025003 
22.499999999960902, -0.6028774645030025 
22.50999999996088, -0.6026369285882152 
22.519999999960856, -0.5986399811891727 
22.529999999960832, -0.5881697972405584 
22.53999999996081, -0.5859024207332189 
22.549999999960786, -0.5857049530405696 
22.559999999960763, -0.5856885186989244 
22.56999999996074, -0.5857401659468048 
22.579999999960716, -0.585758580698109 
22.589999999960693, -0.5856228146634604 
22.59999999996067, -0.5878223542870921 
22.609999999960646, -0.6122353865088684 
22.619999999960623, -0.6154268753975184 
22.6299999999606, -0.6155787171707066 
22.639999999960576, -0.6152699691206689 
22.649999999960553, -0.6145495144158921 
22.65999999996053, -0.6141010135319139 
22.669999999960506, -0.613944361876868 
22.679999999960483, -0.6142591679445843 
22.68999999996046, -0.6154974319345017 
22.699999999960436, -0.6168609716422814 
22.709999999960413, -0.6169303830297057 
22.71999999996039, -0.6158290834254853 
22.729999999960366, -0.603719933559387 
22.739999999960343, -0.5963267571342602 
22.74999999996032, -0.5955947545606947 
22.759999999960296, -0.5955458824111356 
22.769999999960273, -0.5954846674213977 
22.77999999996025, -0.5954795413666069 
22.789999999960227, -0.5953695628138519 
22.799999999960203, -0.5956937014490908 
22.80999999996018, -0.6066166816372104 
22.819999999960157, -0.6271574976718892 
22.829999999960133, -0.6283074533086913 
22.83999999996011, -0.6281718124828537 
22.849999999960087, -0.627205332784848 
22.859999999960063, -0.6261790239953743 
22.86999999996004, -0.625743353080275 
22.879999999960017, -0.6257172429579179 
22.889999999959993, -0.6260565918123241 
22.89999999995997, -0.6267837893172731 
22.909999999959947, -0.6270223650937373 
22.919999999959924, -0.6267089509338032 
22.9299999999599, -0.6226050273544058 
22.939999999959877, -0.5955819287888213 
22.949999999959854, -0.5922219347271739 
22.95999999995983, -0.5921587213116414 
22.969999999959807, -0.5919936164016196 
22.979999999959784, -0.5917756740463298 
22.98999999995976, -0.5916213123203412 
22.999999999959737, -0.5915983006763138 
23.009999999959714, -0.5933558508800186 
23.01999999995969, -0.6031965371474068 
23.029999999959667, -0.6078477725255856 
23.039999999959644, -0.6079712626628352 
23.04999999995962, -0.6071885921032942 
23.059999999959597, -0.6051208376852824 
23.069999999959574, -0.6041135234920794 
23.07999999995955, -0.6038519033596855 
23.089999999959527, -0.6039551443488971 
23.099999999959504, -0.604375635893889 
23.10999999995948, -0.604823625917586 
23.119999999959457, -0.6047434051816902 
23.129999999959434, -0.6038942539591207 
23.13999999995941, -0.5853056595256617 
23.149999999959388, -0.5710988493365065 
23.159999999959364, -0.5706096898169071 
23.16999999995934, -0.57054398372566 
23.179999999959318, -0.5703658244913957 
23.189999999959294, -0.5702559979192823 
23.19999999995927, -0.5701296051591769 
23.209999999959248, -0.5706202574850012 
23.219999999959224, -0.5797871451743069 
23.2299999999592, -0.5964150670915213 
23.239999999959178, -0.5974650068667919 
23.249999999959154, -0.5973045318555368 
23.25999999995913, -0.5963497222972427 
23.269999999959108, -0.5954641818480452 
23.279999999959085, -0.595103651358641 
23.28999999995906, -0.5951368605128269 
23.299999999959038, -0.5957013627448933 
23.309999999959015, -0.5969645402311512 
23.31999999995899, -0.5973803195850673 
23.329999999958968, -0.5970374573859006 
23.339999999958945, -0.5911198571576487 
23.34999999995892, -0.5776937206434856 
23.359999999958898, -0.5755396856469469 
23.369999999958875, -0.5753993377280389 
23.37999999995885, -0.5753671988789429 
23.389999999958828, -0.5754000229300753 
23.399999999958805, -0.5753876443095246 
23.40999999995878, -0.5752674664325517 
23.41999999995876, -0.5784815983870139 
23.429999999958735, -0.6027317653428397 
23.43999999995871, -0.6046247061444197 
23.44999999995869, -0.6047240237380547 
23.459999999958665, -0.6043923837796306 
23.46999999995864, -0.6037518798021265 
23.47999999995862, -0.6033763353689812 
23.489999999958595, -0.6032683203605478 
23.499999999958572, -0.6037346406425808 
23.50999999995855, -0.60553076667543 
23.519999999958525, -0.6071966619889473 
23.529999999958502, -0.6072509758769209 
23.53999999995848, -0.6059757702072232 
23.549999999958455, -0.5974681411857271 
23.559999999958432, -0.5933769211044198 
23.56999999995841, -0.5928310716222492 
23.579999999958385, -0.5928036153374099 
23.589999999958362, -0.5928310478292188 
23.59999999995834, -0.5929180569600384 
23.609999999958315, -0.5928156812467177 
23.619999999958292, -0.5931092841756637 
23.62999999995827, -0.609124951726873 
23.639999999958246, -0.6228015719940609 
23.649999999958222, -0.6232870107488578 
23.6599999999582, -0.62315646506688 
23.669999999958176, -0.6224680469578637 
23.679999999958152, -0.6218333489830832 
23.68999999995813, -0.6215383197826496 
23.699999999958106, -0.6216129050398014 
23.709999999958082, -0.6222841291202647 
23.71999999995806, -0.6236135006658523 
23.729999999958036, -0.6239698487208556 
23.739999999958012, -0.6235719706206249 
23.74999999995799, -0.6161700505052234 
23.759999999957966, -0.5986045544025235 
23.769999999957943, -0.5963541338260648 
23.77999999995792, -0.596252898300097 
23.789999999957896, -0.596155280529036 
23.799999999957873, -0.5960704171290845 
23.80999999995785, -0.595974909523153 
23.819999999957826, -0.5959571801554476 
23.829999999957803, -0.5991223976266713 
23.83999999995778, -0.6179640026274655 
23.849999999957756, -0.6226016016744078 
23.859999999957733, -0.6226816098337951 
23.86999999995771, -0.6219726296299225 
23.879999999957686, -0.6204814581058417 
23.889999999957663, -0.6197444487500228 
23.89999999995764, -0.6195500627285466 
23.909999999957616, -0.6197078352598198 
23.919999999957593, -0.6202302757541408 
23.92999999995757, -0.6206748172938081 
23.939999999957546, -0.6205557893140787 
23.949999999957523, -0.6195370287987131 
23.9599999999575, -0.5991132555829889 
23.969999999957476, -0.5876798717915086 
23.979999999957453, -0.58740116345342 
23.98999999995743, -0.5873067151721711 
23.999999999957407, -0.5870663004270781 
24.009999999957383, -0.5869013917148371 
24.01999999995736, -0.5867729968187619 
24.029999999957337, -0.587409469880447 
24.039999999957313, -0.5938073754515183 
24.04999999995729, -0.6032443279903195 
24.059999999957267, -0.6039702467918896 
24.069999999957243, -0.6036581909548838 
24.07999999995722, -0.601983373573334 
24.089999999957197, -0.6006209696942401 
24.099999999957173, -0.600167253399307 
24.10999999995715, -0.6001677955356727 
24.119999999957127, -0.6004960979703338 
24.129999999957104, -0.6011381779301399 
24.13999999995708, -0.6012760389005106 
24.149999999957057, -0.6008563707566335 
24.159999999957034, -0.5928988261723493 
24.16999999995701, -0.5687308286272382 
24.179999999956987, -0.5665956998396414 
24.189999999956964, -0.566528726957222 
24.19999999995694, -0.5664134136222576 
24.209999999956917, -0.5663263892884994 
24.219999999956894, -0.5662347687977136 
24.22999999995687, -0.5662266903169957 
24.239999999956847, -0.5704141643305322 
24.249999999956824, -0.5951885422630706 
24.2599999999568, -0.5988250456536439 
24.269999999956777, -0.5988950443863453 
24.279999999956754, -0.5983886610322322 
24.28999999995673, -0.5975254360669413 
24.299999999956707, -0.5970814145997602 
24.309999999956684, -0.5969816197614328 
24.31999999995666, -0.597390687758155 
24.329999999956637, -0.5987809195204356 
24.339999999956614, -0.5998874644181275 
24.34999999995659, -0.5998408989655312 
24.359999999956568, -0.5980208909649525 
24.369999999956544, -0.5866937993765314 
24.37999999995652, -0.5824652633261334 
24.389999999956498, -0.5820230441219691 
24.399999999956474, -0.5819982546244802 
24.40999999995645, -0.582018113399986 
24.419999999956428, -0.5820846704982567 
24.429999999956404, -0.5819682506053934 
24.43999999995638, -0.5824842016990383 
24.449999999956358, -0.6009607850419657 
24.459999999956334, -0.6094253720217825 
24.46999999995631, -0.6097291340759823 
24.479999999956288, -0.609578171051325 
24.489999999956265, -0.6089650979106658 
24.49999999995624, -0.6084689994545236 
24.509999999956218, -0.6082381956745311 
24.519999999956195, -0.6084125978918229 
24.52999999995617, -0.6095037954764277 
24.539999999956148, -0.6115227893257337 
24.549999999956125, -0.6119428510395685 
24.5599999999561, -0.6114844989027768 
24.569999999956078, -0.6051594770813481 
24.579999999956055, -0.5967586151740986 
24.58999999995603, -0.5953738599688848 
24.599999999956008, -0.5952739994338154 
24.609999999955985, -0.5952504864486641 
24.61999999995596, -0.5952976411942428 
24.62999999995594, -0.5952529458708345 
24.639999999955915, -0.5951910211267335 
24.64999999995589, -0.6005376972766178 
24.65999999995587, -0.6271980604159771 
24.669999999955845, -0.6296994670801163 
24.67999999995582, -0.6297366664539884 
24.6899999999558, -0.6291685212819493 
24.699999999955775, -0.6282098991316958 
24.709999999955752, -0.6277119000314735 
24.71999999995573, -0.6275952508848249 
24.729999999955705, -0.6278804001231542 
24.739999999955682, -0.6287051400221396 
24.74999999995566, -0.6292720436572032 
24.759999999955635, -0.6291280265134919 
24.769999999955612, -0.6271743283068506 
24.77999999995559, -0.6025010080900534 
24.789999999955565, -0.594318955222165 
24.799999999955542, -0.5940585400753549 
24.80999999995552, -0.5939639962938904 
24.819999999955495, -0.5937676318482983 
24.829999999955472, -0.5936348270901968 
24.83999999995545, -0.5935197642393749 
24.849999999955426, -0.5943974264682085 
24.859999999955402, -0.6028108222001667 
24.86999999995538, -0.6120253488660284 
24.879999999955356, -0.612555102759543 
24.889999999955332, -0.6121673573938131 
24.89999999995531, -0.6104017952869581 
24.909999999955286, -0.6091292326645763 
24.919999999955262, -0.6087186779185154 
24.92999999995524, -0.6087406806207382 
24.939999999955216, -0.6090650719960959 
24.949999999955192, -0.6096157946447166 
24.95999999995517, -0.6096729628103174 
24.969999999955146, -0.6092131094362198 
24.979999999955123, -0.6010408422294993 
24.9899999999551, -0.5774187936868067 
24.999999999955076, -0.5759543012257039 
