t, s[1].omega / s[0].omega 
0, -1.1259980202719795 
0.009999999999999995, -1.1256799079662816 
0.019999999999999934, -1.1252524765556697 
0.029999999999999874, -1.1250480755694447 
0.04000000000000012, -1.1248304412181005 
0.050000000000000405, -1.1241753317261771 
0.06000000000000069, -1.1231979190135255 
0.07000000000000098, -1.1226222119082792 
0.08000000000000126, -1.1224182309300075 
0.09000000000000155, -1.1213601083861464 
0.10000000000000184, -1.1184146226041483 
0.11000000000000212, -1.1162734331636193 
0.12000000000000241, -1.1161340444609238 
0.130000000000002, -1.1152600781556623 
0.1400000000000009, -1.1068669758531149 
0.1499999999999998, -1.0951720570321093 
0.1599999999999987, -1.0951084975784928 
0.1699999999999976, -1.094779666248777 
0.1799999999999965, -1.0887129320339037 
0.1899999999999954, -1.05891695317317 
0.1999999999999943, -1.0603517372862665 
0.2099999999999932, -1.0605164333758155 
0.2199999999999921, -1.0593251625016682 
0.229999999999991, -1.0559132880337039 
0.2399999999999899, -1.076981653759376 
0.2499999999999888, -1.0789440260587317 
0.2599999999999877, -1.0786397678356385 
0.2699999999999866, -1.07902045200435 
0.2799999999999855, -1.1013829465624827 
0.2899999999999844, -1.1082494959412483 
0.2999999999999833, -1.1083493092418486 
0.3099999999999822, -1.1081851049173141 
0.3199999999999811, -1.1123977808733292 
0.32999999999998, -1.1162881381853973 
0.3399999999999789, -1.116786867828395 
0.3499999999999778, -1.1165745804200171 
0.35999999999997667, -1.117248768105421 
0.36999999999997557, -1.1183438255713831 
0.37999999999997447, -1.1187337461541405 
0.38999999999997337, -1.1185470018548649 
0.39999999999997227, -1.1185121997311878 
0.40999999999997117, -1.118728475895969 
0.41999999999997006, -1.1187749045467357 
0.42999999999996896, -1.118541349341074 
0.43999999999996786, -1.118248840584619 
0.44999999999996676, -1.1181615366067619 
0.45999999999996566, -1.1179940279494986 
0.46999999999996456, -1.1175487658118188 
0.47999999999996346, -1.1169497779609217 
0.48999999999996235, -1.116621506102104 
0.49999999999996125, -1.1164073019497724 
0.5099999999999602, -1.1156026204276066 
0.519999999999959, -1.1141503794387546 
0.529999999999958, -1.1131787525106431 
0.5399999999999568, -1.1130033846954326 
0.5499999999999557, -1.1120594420381005 
0.5599999999999546, -1.1079485046815047 
0.5699999999999535, -1.1038971401204953 
0.5799999999999524, -1.1037029299673178 
0.5899999999999513, -1.1031763596610715 
0.5999999999999502, -1.0959553302272167 
0.6099999999999491, -1.076225821358681 
0.619999999999948, -1.0754257281434323 
0.6299999999999469, -1.0753273699776669 
0.6399999999999458, -1.0727083311569354 
0.6499999999999447, -1.0456210260152201 
0.6599999999999436, -1.0433313162859548 
0.6699999999999425, -1.0440159329708485 
0.6799999999999414, -1.0434554443318027 
0.6899999999999403, -1.0373870924653794 
0.6999999999999392, -1.0486698289441658 
0.7099999999999381, -1.0539199177491392 
0.719999999999937, -1.0539161604130554 
0.7299999999999359, -1.0527236700524099 
0.7399999999999348, -1.0684340657129852 
0.7499999999999337, -1.0893884636344475 
0.7599999999999326, -1.0904222645403456 
0.7699999999999315, -1.0900460479249208 
0.7799999999999304, -1.0928999373294148 
0.7899999999999293, -1.103736793080238 
0.7999999999999282, -1.1062875457942967 
0.8099999999999271, -1.1061895267536428 
0.819999999999926, -1.1064148425303275 
0.8299999999999249, -1.1088675750896455 
0.8399999999999238, -1.1104796602878568 
0.8499999999999227, -1.1105884998767583 
0.8599999999999216, -1.1104252839089335 
0.8699999999999205, -1.1109156148314043 
0.8799999999999194, -1.1114426296187085 
0.8899999999999183, -1.1115293239812796 
0.8999999999999172, -1.1112881001746813 
0.9099999999999161, -1.1112386841147206 
0.919999999999915, -1.1113102112322755 
0.9299999999999139, -1.1111972796409564 
0.9399999999999128, -1.1108597592018001 
0.9499999999999117, -1.1105353215657379 
0.9599999999999106, -1.110422028413395 
0.9699999999999095, -1.1101475637307994 
0.9799999999999084, -1.1095389301853784 
0.9899999999999073, -1.1088147125331598 
0.9999999999999062, -1.108512664887675 
1.0099999999999052, -1.1082312861104369 
1.019999999999904, -1.1071301585947404 
1.029999999999903, -1.1052625367584437 
1.039999999999902, -1.104337049437381 
1.0499999999999008, -1.1041576014793313 
1.0599999999998997, -1.1028616830300306 
1.0699999999998986, -1.0974083941884825 
1.0799999999998975, -1.0933148884424506 
1.0899999999998964, -1.0932348574734068 
1.0999999999998953, -1.0925596814142113 
1.1099999999998942, -1.0832071346789203 
1.119999999999893, -1.0635472528933922 
1.129999999999892, -1.0633147162652499 
1.1399999999998909, -1.0631608727569364 
1.1499999999998898, -1.0599342307591104 
1.1599999999998887, -1.030384186771847 
1.1699999999998876, -1.0274183254739806 
1.1799999999998865, -1.0279430071547422 
1.1899999999998854, -1.027307850839647 
1.1999999999998843, -1.0177932923604136 
1.2099999999998832, -1.0081350850730888 
1.219999999999882, -1.0114742188958232 
1.229999999999881, -1.0114757161491084 
1.2399999999998799, -1.0097286779791372 
1.2499999999998788, -0.9975250398088298 
1.2599999999998777, -1.0041956468210664 
1.2699999999998766, -1.005493192448405 
1.2799999999998755, -1.0051503076195303 
1.2899999999998744, -1.0006103172897685 
1.2999999999998733, -0.99575379869424 
1.3099999999998722, -1.0023554231858383 
1.319999999999871, -1.0026651361612293 
1.32999999999987, -1.0017686076699308 
1.3399999999998689, -0.9926191486804337 
1.3499999999998678, -0.9967920376218111 
1.3599999999998666, -0.9996116950706558 
1.3699999999998655, -0.999504544671132 
1.3799999999998644, -0.997151120875116 
1.3899999999998633, -0.9850799903880871 
1.3999999999998622, -0.9916172354195207 
1.4099999999998611, -0.9925200674597384 
1.41999999999986, -0.9920737504389022 
1.429999999999859, -0.985537286939172 
1.4399999999998578, -0.9692513851791255 
1.4499999999998567, -0.9725052622584844 
1.4599999999998556, -0.9727047140829308 
1.4699999999998545, -0.9716382294009653 
1.4799999999998534, -0.9543586081558353 
1.4899999999998523, -0.9305818943791502 
1.4999999999998512, -0.9311844311124367 
1.5099999999998501, -0.9311086169761287 
1.519999999999849, -0.9291138630538196 
1.529999999999848, -0.9141723402535059 
1.5399999999998468, -0.9037013985705196 
1.5499999999998457, -0.9034345431287302 
1.5599999999998446, -0.9032311537163041 
1.5699999999998435, -0.9014993729946691 
1.5799999999998424, -0.8972690695978253 
1.5899999999998413, -0.8947751923371552 
1.5999999999998402, -0.8944865329773666 
1.6099999999998391, -0.8942578806955351 
1.619999999999838, -0.893363795523503 
1.629999999999837, -0.8921772582949425 
1.6399999999998358, -0.8914056934746067 
1.6499999999998347, -0.8912262602709499 
1.6599999999998336, -0.8910674558956472 
1.6699999999998325, -0.8906858794333684 
1.6799999999998314, -0.8902491499379808 
1.6899999999998303, -0.8899457885019391 
1.6999999999998292, -0.8899199250483618 
1.709999999999828, -0.8899433852879012 
1.719999999999827, -0.8898832707743037 
1.729999999999826, -0.8896798083595526 
1.7399999999998248, -0.8895906473576457 
1.7499999999998237, -0.8899146620022745 
1.7599999999998226, -0.8904260868635652 
1.7699999999998215, -0.8907135947206457 
1.7799999999998204, -0.8905852863197669 
1.7899999999998193, -0.8907129541686044 
1.7999999999998182, -0.8923042805312663 
1.809999999999817, -0.8945651094374435 
1.819999999999816, -0.8953448647659454 
1.8299999999998149, -0.8951940029304412 
1.8399999999998138, -0.8956468798770169 
1.8499999999998127, -0.9037339493332031 
1.8599999999998116, -0.9124862831706251 
1.8699999999998105, -0.9135393288615545 
1.8799999999998094, -0.9132554006877652 
1.8899999999998083, -0.9133305131944877 
1.8999999999998072, -0.9409705909627959 
1.909999999999806, -0.9549353942904667 
1.919999999999805, -0.9554883407382864 
1.9299999999998039, -0.9548870449907874 
1.9399999999998028, -0.9507873653377416 
1.9499999999998017, -0.9630922229509129 
1.9599999999998006, -0.9679810609288833 
1.9699999999997995, -0.9680603746128718 
1.9799999999997984, -0.9666455988421041 
1.9899999999997973, -0.948338966176706 
1.9999999999997962, -0.936895578137645 
2.0099999999998173, -0.9381089583212182 
2.0199999999998384, -0.9379427879193888 
2.0299999999998595, -0.9348970441276155 
2.0399999999998806, -0.9117572660553713 
2.0499999999999017, -0.901343897507922 
2.059999999999923, -0.9014220653670157 
2.069999999999944, -0.9011226475410272 
2.079999999999965, -0.8985145655656369 
2.089999999999986, -0.892524789851964 
2.100000000000007, -0.8898316839131742 
2.1100000000000283, -0.8896535009918557 
2.1200000000000494, -0.8893471969790564 
2.1300000000000705, -0.8881874412583235 
2.1400000000000916, -0.8867636452704938 
2.1500000000001127, -0.8859598375621067 
2.160000000000134, -0.8858079997517148 
2.170000000000155, -0.8856027951116545 
2.180000000000176, -0.8851522316889163 
2.190000000000197, -0.8846733895536659 
2.2000000000002182, -0.8843729018032997 
2.2100000000002393, -0.8843493948827664 
2.2200000000002604, -0.884344226931603 
2.2300000000002815, -0.8842509015505156 
2.2400000000003026, -0.8840322012232855 
2.2500000000003237, -0.8839683126558671 
2.260000000000345, -0.8842990652624368 
2.270000000000366, -0.8847885027562571 
2.280000000000387, -0.8850308709688152 
2.290000000000408, -0.8848874907000888 
2.3000000000004293, -0.8850930187140374 
2.3100000000004504, -0.8868309809946207 
2.3200000000004715, -0.8891355064490125 
2.3300000000004926, -0.889832289682162 
2.3400000000005137, -0.889657232698252 
2.3500000000005348, -0.8903085304297187 
2.360000000000556, -0.9000295381892238 
2.370000000000577, -0.9092190148449785 
2.380000000000598, -0.9101334464028403 
2.390000000000619, -0.9098032201458817 
2.4000000000006403, -0.909658831213925 
2.4100000000006614, -0.9383098590648868 
2.4200000000006825, -0.9505611226298607 
2.4300000000007036, -0.9510059578533665 
2.4400000000007247, -0.9503078299061786 
2.450000000000746, -0.9426703766274953 
2.460000000000767, -0.9380457171803521 
2.470000000000788, -0.9410302830286016 
2.480000000000809, -0.9410830270447966 
2.49000000000083, -0.9395816728742987 
2.5000000000008513, -0.9191863048280057 
2.5100000000008724, -0.8986931027458697 
2.5200000000008935, -0.8986634853862526 
2.5300000000009146, -0.8985386654906178 
2.5400000000009357, -0.8967441917538197 
2.550000000000957, -0.8895034447310136 
2.560000000000978, -0.8847217338009965 
2.570000000000999, -0.8842916273770565 
2.58000000000102, -0.8841061664658963 
2.5900000000010412, -0.8831063130465763 
2.6000000000010624, -0.8814349639257255 
2.6100000000010835, -0.8803059882002714 
2.6200000000011046, -0.8800353362061216 
2.6300000000011257, -0.8798887837566197 
2.6400000000011468, -0.8794664274806934 
2.650000000001168, -0.8789563582892603 
2.660000000001189, -0.8785689664084292 
2.67000000000121, -0.8784810439117108 
2.680000000001231, -0.8784913687055657 
2.6900000000012523, -0.8784295436846787 
2.7000000000012734, -0.8782429890271792 
2.7100000000012945, -0.8780874767204322 
2.7200000000013156, -0.8783283804471904 
2.7300000000013367, -0.8788366053781725 
2.740000000001358, -0.8792433892750365 
2.750000000001379, -0.8791908093709203 
2.7600000000014, -0.8791409124633541 
2.770000000001421, -0.8805284247819747 
2.780000000001442, -0.8833246937626529 
2.7900000000014633, -0.8847669832362742 
2.8000000000014844, -0.8847534487439079 
2.8100000000015055, -0.8846079601458635 
2.8200000000015266, -0.8917607898228626 
2.8300000000015477, -0.9071717792993117 
2.840000000001569, -0.9098566172664503 
2.85000000000159, -0.909759153771108 
2.860000000001611, -0.908584678616963 
2.870000000001632, -0.91980026641184 
2.8800000000016532, -0.9405752423060426 
2.8900000000016743, -0.9420402703523175 
2.9000000000016954, -0.9417491900244771 
2.9100000000017165, -0.937246159570319 
2.9200000000017377, -0.9077776431400686 
2.9300000000017588, -0.9041807824762521 
2.94000000000178, -0.9045673373526286 
2.950000000001801, -0.9040744386344614 
2.960000000001822, -0.8983649862639542 
2.970000000001843, -0.8844515918310404 
2.9800000000018643, -0.8812337294565921 
2.9900000000018854, -0.8812004505819505 
3.0000000000019065, -0.8807080144748155 
3.0100000000019276, -0.8786401377802785 
3.0200000000019487, -0.8762604402317317 
3.03000000000197, -0.875289930729864 
3.040000000001991, -0.8751649385494162 
3.050000000002012, -0.8748515247293304 
3.060000000002033, -0.874197335729586 
3.070000000002054, -0.873572119590105 
3.0800000000020753, -0.8732311909404591 
3.0900000000020964, -0.8731844423674213 
3.1000000000021175, -0.8731047474005201 
3.1100000000021386, -0.8729323698003795 
3.1200000000021597, -0.8726812734043586 
3.130000000002181, -0.8726169133423363 
3.140000000002202, -0.8728856815659217 
3.150000000002223, -0.8732697292203494 
3.160000000002244, -0.8734351345749337 
3.1700000000022652, -0.8732805536309305 
3.1800000000022863, -0.8735331282452298 
3.1900000000023074, -0.8752119511844918 
3.2000000000023285, -0.8773740584819361 
3.2100000000023496, -0.8779992074290951 
3.2200000000023707, -0.8778127954640036 
3.230000000002392, -0.8785808303956676 
3.240000000002413, -0.8896946908503233 
3.250000000002434, -0.8996936810111695 
3.260000000002455, -0.9005930967999866 
3.2700000000024763, -0.900241715961271 
3.2800000000024974, -0.8990738330406863 
3.2900000000025185, -0.9212435935626534 
3.3000000000025396, -0.9318060319167316 
3.3100000000025607, -0.9322485309124328 
3.3200000000025818, -0.9315514693095311 
3.330000000002603, -0.9201481143349324 
3.340000000002624, -0.8900932002249636 
3.350000000002645, -0.8894586215955207 
3.360000000002666, -0.8895354417814663 
3.3700000000026873, -0.8885659527387328 
3.3800000000027084, -0.881642920338118 
3.3900000000027295, -0.8736882083585538 
3.4000000000027506, -0.8724488947831228 
3.4100000000027717, -0.8723614906719575 
3.420000000002793, -0.8716924969221189 
3.430000000002814, -0.8700434440574709 
3.440000000002835, -0.8686455401765706 
3.450000000002856, -0.8681427479575532 
3.460000000002877, -0.8680415175096565 
3.4700000000028983, -0.8677366764751527 
3.4800000000029194, -0.8672762864683651 
3.4900000000029405, -0.866860309437948 
3.5000000000029616, -0.8666940003076004 
3.5100000000029827, -0.8667399163562427 
3.520000000003004, -0.8667724523337351 
3.530000000003025, -0.8666935699377446 
3.540000000003046, -0.8664999500198415 
3.550000000003067, -0.8666462345566126 
3.5600000000030882, -0.8673177004529006 
3.5700000000031094, -0.868124102050903 
3.5800000000031305, -0.8683472320912452 
3.5900000000031516, -0.8681743706628327 
3.6000000000031727, -0.8690464838065521 
3.6100000000031938, -0.8735746559570631 
3.620000000003215, -0.8776641225986687 
3.630000000003236, -0.878189636530631 
3.640000000003257, -0.8778628395262964 
3.650000000003278, -0.879601862371294 
3.6600000000032993, -0.9083186992313022 
3.6700000000033204, -0.9192332028052816 
3.6800000000033415, -0.9196355889178386 
3.6900000000033626, -0.9189322691663186 
3.7000000000033837, -0.9105968361855491 
3.710000000003405, -0.8973673326820502 
3.720000000003426, -0.8992134650597099 
3.730000000003447, -0.8993020193581077 
3.740000000003468, -0.8981304463899951 
3.750000000003489, -0.886660841112328 
3.7600000000035103, -0.8731704710961518 
3.7700000000035314, -0.8720614696562927 
3.7800000000035525, -0.8719836301959053 
3.7900000000035736, -0.8710866930092236 
3.8000000000035947, -0.8685225312135196 
3.810000000003616, -0.8664394549425031 
3.820000000003637, -0.865869413746198 
3.830000000003658, -0.8657544422250504 
3.840000000003679, -0.8653358761058111 
3.8500000000037002, -0.8646965915330473 
3.8600000000037213, -0.8641635211467811 
3.8700000000037424, -0.8639478365629562 
3.8800000000037635, -0.8639377316355404 
3.8900000000037847, -0.8638708605622505 
3.9000000000038058, -0.8637131458323647 
3.910000000003827, -0.8634950457218035 
3.920000000003848, -0.863575065368506 
3.930000000003869, -0.8640216425006912 
3.94000000000389, -0.8645550462571912 
3.9500000000039113, -0.8646846746362836 
3.9600000000039324, -0.8645215819344395 
3.9700000000039535, -0.8652557049505966 
3.9800000000039746, -0.8683436390799936 
3.9900000000039957, -0.8712521702543493 
4.000000000004016, -0.8716810193024525 
4.010000000003993, -0.8713870423911483 
4.02000000000397, -0.8735529727360956 
4.030000000003946, -0.8970409484534798 
4.040000000003923, -0.9069726735153915 
4.0500000000039, -0.9073846019914531 
4.0600000000038765, -0.9067283331570999 
4.070000000003853, -0.9004670991814416 
4.08000000000383, -0.8945369242519606 
4.090000000003807, -0.8970997261128641 
4.100000000003783, -0.8972162145171506 
4.11000000000376, -0.8961037332784701 
4.120000000003737, -0.8843234781327853 
4.130000000003713, -0.869381074063326 
4.14000000000369, -0.8681501488255745 
4.150000000003667, -0.8680854257552529 
4.1600000000036434, -0.8672251307470519 
4.17000000000362, -0.8646436171571871 
4.180000000003597, -0.8624905098444884 
4.1900000000035735, -0.8618777047710027 
4.20000000000355, -0.8617668915265704 
4.210000000003527, -0.8613704982075594 
4.220000000003504, -0.8607485677612373 
4.23000000000348, -0.8602218737804025 
4.240000000003457, -0.8599989733572901 
4.250000000003434, -0.8599959121888596 
4.26000000000341, -0.859950640595174 
4.270000000003387, -0.8598162501099742 
4.280000000003364, -0.8596027255552584 
4.2900000000033405, -0.8596802656180165 
4.300000000003317, -0.8601761547272735 
4.310000000003294, -0.860801845207538 
4.320000000003271, -0.8609943586183492 
4.330000000003247, -0.8608291570426102 
4.340000000003224, -0.8615140174909546 
4.350000000003201, -0.8651261117199402 
4.360000000003177, -0.8688069942060006 
4.370000000003154, -0.8693938813326642 
4.380000000003131, -0.8691063419511232 
4.390000000003107, -0.8703870740352219 
4.400000000003084, -0.8969699721710664 
4.410000000003061, -0.9097131954609473 
4.4200000000030375, -0.9102625510908305 
4.430000000003014, -0.9096767916541098 
4.440000000002991, -0.9020735866063488 
4.450000000002968, -0.8816442652428902 
4.460000000002944, -0.8824630449370685 
4.470000000002921, -0.8826274007246216 
4.480000000002898, -0.8817771421997187 
4.490000000002874, -0.8741630174182767 
4.500000000002851, -0.8635513165384573 
4.510000000002828, -0.8618702824499135 
4.520000000002804, -0.8618069390923858 
4.530000000002781, -0.8612080172668211 
4.540000000002758, -0.8595195710415041 
4.5500000000027345, -0.8579971038848567 
4.560000000002711, -0.8573990619153217 
4.570000000002688, -0.8572985253528447 
4.580000000002665, -0.8570371102161809 
4.590000000002641, -0.856609766367399 
4.600000000002618, -0.8562059654555803 
4.610000000002595, -0.8560209230453849 
4.620000000002571, -0.8560832365540614 
4.630000000002548, -0.8561754365839954 
4.640000000002525, -0.856169211929164 
4.6500000000025015, -0.8559907705216645 
4.660000000002478, -0.8560995083673499 
4.670000000002455, -0.8569445431029998 
4.6800000000024315, -0.8581358798754785 
4.690000000002408, -0.8586102239532033 
4.700000000002385, -0.8584569761376543 
4.710000000002362, -0.8589744623928334 
4.720000000002338, -0.8655474026480314 
4.730000000002315, -0.8734753334456664 
4.740000000002292, -0.874629247501982 
4.750000000002268, -0.8743790534969166 
4.760000000002245, -0.8733443211155174 
4.770000000002222, -0.8923185904215958 
4.7800000000021985, -0.9067442948945895 
4.790000000002175, -0.907539247928244 
4.800000000002152, -0.9070979471005095 
4.810000000002129, -0.9000238174255487 
4.820000000002105, -0.8689101704452572 
4.830000000002082, -0.8640975564199904 
4.840000000002059, -0.864223898547363 
4.850000000002035, -0.8637301541982302 
4.860000000002012, -0.8606561292230358 
4.870000000001989, -0.8562972631567557 
4.880000000001965, -0.854726269312186 
4.890000000001942, -0.8545934233787044 
4.900000000001919, -0.8542849533139762 
4.9100000000018955, -0.8535029426175684 
4.920000000001872, -0.8527308183984641 
4.930000000001849, -0.8522879910964831 
4.940000000001826, -0.8522098785028215 
4.950000000001802, -0.8521388299365703 
4.960000000001779, -0.8519798716568093 
4.970000000001756, -0.8517413919517296 
4.980000000001732, -0.8516261507735018 
4.990000000001709, -0.851892282246034 
5.000000000001686, -0.8523809979199672 
5.0100000000016625, -0.8527270151347277 
5.020000000001639, -0.8526363234729457 
5.030000000001616, -0.8526845666653052 
5.0400000000015925, -0.8547302996721362 
5.050000000001569, -0.858640644629195 
5.060000000001546, -0.8602361671960177 
5.070000000001523, -0.860186532538421 
5.080000000001499, -0.859843010583535 
5.090000000001476, -0.8724626384003358 
5.100000000001453, -0.8989678496095914 
5.110000000001429, -0.9016123277965766 
5.120000000001406, -0.9014785550510093 
5.130000000001383, -0.8990576313315651 
5.1400000000013595, -0.8746065096938448 
5.150000000001336, -0.8642674281419449 
5.160000000001313, -0.864828813755547 
5.17000000000129, -0.8646073407424925 
5.180000000001266, -0.8620838329864892 
5.190000000001243, -0.8542114039815093 
5.20000000000122, -0.8502594370498365 
5.210000000001196, -0.8499515784967451 
5.220000000001173, -0.8497534137086256 
5.23000000000115, -0.848904299680011 
5.240000000001126, -0.847759305956056 
5.250000000001103, -0.8470035945828858 
5.26000000000108, -0.8467963493697495 
5.2700000000010565, -0.8467167393740116 
5.280000000001033, -0.8465057403222149 
5.29000000000101, -0.8462324916098114 
5.300000000000987, -0.8459976157448408 
5.310000000000963, -0.8460659354692129 
5.32000000000094, -0.8463756462633076 
5.330000000000917, -0.846710595666567 
5.340000000000893, -0.8467221013070844 
5.35000000000087, -0.8465868033512226 
5.360000000000847, -0.8474877828862409 
5.3700000000008234, -0.8503079637999428 
5.3800000000008, -0.852645304174478 
5.390000000000777, -0.8529088817561332 
5.4000000000007535, -0.8525805959268657 
5.41000000000073, -0.8559996508279989 
5.420000000000707, -0.8833574002618888 
5.430000000000684, -0.8917727130647365 
5.44000000000066, -0.892051086127951 
5.450000000000637, -0.8912168113254537 
5.460000000000614, -0.8792011959427729 
5.47000000000059, -0.8539512806947986 
5.480000000000567, -0.853948298241233 
5.490000000000544, -0.8540067423926594 
5.5000000000005205, -0.8530641470935537 
5.510000000000497, -0.8477582394858516 
5.520000000000474, -0.8423628871700582 
5.5300000000004506, -0.8412223317104393 
5.540000000000427, -0.8411284698564729 
5.550000000000404, -0.840675659738221 
5.560000000000381, -0.8397531007863185 
5.570000000000357, -0.8389690000659238 
5.580000000000334, -0.8385997563969203 
5.590000000000311, -0.8385502948944953 
5.600000000000287, -0.8384627750285397 
5.610000000000264, -0.8383008783514247 
5.620000000000241, -0.8380682166455183 
5.6300000000002175, -0.8380287240247981 
5.640000000000194, -0.838411341647646 
5.650000000000171, -0.8390333910969852 
5.660000000000148, -0.8393915371061713 
5.670000000000124, -0.8392730914708548 
5.680000000000101, -0.8394852948452227 
5.690000000000078, -0.8429640735989482 
5.700000000000054, -0.8488428570889642 
5.710000000000031, -0.8504332941279704 
5.720000000000008, -0.8503136719181424 
5.729999999999984, -0.849519588038447 
5.739999999999961, -0.8633884101717663 
5.749999999999938, -0.8852830799174838 
5.7599999999999145, -0.8869315453023161 
5.769999999999891, -0.8867248365569352 
5.779999999999868, -0.8832543550675443 
5.789999999999845, -0.858542490667071 
5.799999999999821, -0.8482442879727792 
5.809999999999798, -0.848218754960368 
5.819999999999775, -0.847984870283011 
5.829999999999751, -0.8463704772016868 
5.839999999999728, -0.8434267407297078 
5.849999999999705, -0.8417732498558672 
5.8599999999996815, -0.8414856239463528 
5.869999999999658, -0.841334182789362 
5.879999999999635, -0.8408793134823446 
5.8899999999996115, -0.8403503393899912 
5.899999999999588, -0.8399606162109751 
5.909999999999565, -0.8398741654076505 
5.919999999999542, -0.8399392587062556 
5.929999999999518, -0.8399844332802363 
5.939999999999495, -0.8398904478354943 
5.949999999999472, -0.8397376774100339 
5.959999999999448, -0.8401279337611139 
5.969999999999425, -0.841258721052655 
5.979999999999402, -0.8424260036274637 
5.9899999999993785, -0.842623414301506 
5.999999999999355, -0.8424123276433755 
6.009999999999332, -0.8445404556909318 
6.019999999999309, -0.8570440630498651 
6.029999999999285, -0.8640598570251412 
6.039999999999262, -0.8644815158816749 
6.049999999999239, -0.8639178065901608 
6.059999999999215, -0.8592335786397153 
6.069999999999192, -0.8514666344983355 
6.079999999999169, -0.8533124152921441 
6.089999999999145, -0.8535161004296145 
6.099999999999122, -0.8527795979433216 
6.109999999999099, -0.8467625484254722 
6.1199999999990755, -0.8383161992271787 
6.129999999999052, -0.836468625846549 
6.139999999999029, -0.8363877927993434 
6.149999999999006, -0.8359753497024088 
6.159999999998982, -0.8349069614229357 
6.169999999998959, -0.8339207443439048 
6.179999999998936, -0.8334231869063459 
6.189999999998912, -0.8333398926518287 
6.199999999998889, -0.8332393539666932 
6.209999999998866, -0.8330504311572321 
6.2199999999988425, -0.8328030171086814 
6.229999999998819, -0.8326907996353959 
6.239999999998796, -0.8329681888628004 
6.2499999999987725, -0.8335017963658093 
6.259999999998749, -0.8339075778672933 
6.269999999998726, -0.8338375830545824 
6.279999999998703, -0.8338551655755811 
6.289999999998679, -0.8364228809197527 
6.299999999998656, -0.8422066278154527 
6.309999999998633, -0.8445203992818026 
6.319999999998609, -0.8445324456138993 
6.329999999998586, -0.8438217684178727 
6.339999999998563, -0.8506889116826307 
6.3499999999985395, -0.8758073064257238 
6.359999999998516, -0.8786714704615058 
6.369999999998493, -0.878626326671187 
6.37999999999847, -0.8766911136873569 
6.389999999998446, -0.8585185426636062 
6.399999999998423, -0.8445180693765328 
6.4099999999984, -0.84402206579172 
6.419999999998376, -0.8439029729174821 
6.429999999998353, -0.8428444742218218 
6.43999999999833, -0.8404392419223374 
6.449999999998306, -0.8387549966325403 
6.459999999998283, -0.8383125820874496 
6.46999999999826, -0.8382080426160203 
6.4799999999982365, -0.8378731270897808 
6.489999999998213, -0.8374237356805863 
6.49999999999819, -0.8370446440415182 
6.509999999998167, -0.8369261233843475 
6.519999999998143, -0.837029557928548 
6.52999999999812, -0.8371635356020659 
6.539999999998097, -0.8371659672317117 
6.549999999998073, -0.8369987084626607 
6.55999999999805, -0.8372848214082609 
6.569999999998027, -0.8386504149961133 
6.5799999999980034, -0.8404217243333103 
6.58999999999798, -0.8409396740536192 
6.599999999997957, -0.8407436857335967 
6.6099999999979335, -0.8415851878460693 
6.61999999999791, -0.8566565912316436 
6.629999999997887, -0.870234854179914 
6.639999999997864, -0.8712761199577098 
6.64999999999784, -0.8709308116291269 
6.659999999997817, -0.8665915445507479 
6.669999999997794, -0.8403378243812554 
6.67999999999777, -0.8362819707993702 
6.689999999997747, -0.8366203644083987 
6.699999999997724, -0.8362479892237789 
6.7099999999977005, -0.8333025124528163 
6.719999999997677, -0.8279406813298154 
6.729999999997654, -0.8257490611439752 
6.7399999999976306, -0.825543002586121 
6.749999999997607, -0.825333219660167 
6.759999999997584, -0.8247125482488457 
6.769999999997561, -0.8240466226751415 
6.779999999997537, -0.8236102764581994 
6.789999999997514, -0.8235186194552957 
6.799999999997491, -0.8235506088516186 
6.809999999997467, -0.8235525452902549 
6.819999999997444, -0.8234341112116456 
6.829999999997421, -0.8232917902440199 
6.8399999999973975, -0.8237116502246621 
6.849999999997374, -0.8248905270810721 
6.859999999997351, -0.8261079524287087 
6.869999999997328, -0.8263071964684577 
6.879999999997304, -0.826078933010229 
6.889999999997281, -0.8284968319980155 
6.899999999997258, -0.8454814967135931 
6.909999999997234, -0.8541589801897194 
6.919999999997211, -0.854617855831534 
6.929999999997188, -0.8540262632706115 
6.939999999997164, -0.8456359846454016 
6.949999999997141, -0.8146446068038299 
6.959999999997118, -0.812175855983954 
6.9699999999970945, -0.8123197033764635 
6.979999999997071, -0.8118148286340284 
6.989999999997048, -0.8092316930851968 
6.999999999997025, -0.8061954711592537 
7.009999999997001, -0.8049936969979945 
7.019999999996978, -0.8048413580998762 
7.029999999996955, -0.804662075822799 
7.039999999996931, -0.8042735070087268 
7.049999999996908, -0.8038882058112705 
7.059999999996885, -0.8036389424752158 
7.0699999999968615, -0.8036995414406777 
7.079999999996838, -0.8039670728587782 
7.089999999996815, -0.8042704905191249 
7.0999999999967915, -0.8042696463673202 
7.109999999996768, -0.8041480582021647 
7.119999999996745, -0.8054064536194325 
7.129999999996722, -0.8100689456780409 
7.139999999996698, -0.8138417001526818 
7.149999999996675, -0.814233570782672 
7.159999999996652, -0.8137904100171627 
7.169999999996628, -0.8119674919056408 
7.179999999996605, -0.8145257184717842 
7.189999999996582, -0.8171431683083964 
7.1999999999965585, -0.8174676869183138 
7.209999999996535, -0.8169679337774385 
7.219999999996512, -0.8131652905439154 
7.229999999996489, -0.8072653049691715 
7.239999999996465, -0.8052649168791458 
7.249999999996442, -0.805102559501129 
7.259999999996419, -0.8048814851627545 
7.269999999996395, -0.8043018599658786 
7.279999999996372, -0.8037258337637957 
7.289999999996349, -0.8033603503549938 
7.299999999996325, -0.8033162472490192 
7.309999999996302, -0.8034204716612 
7.319999999996279, -0.8035351027516273 
7.3299999999962555, -0.8034800022159562 
7.339999999996232, -0.8033515638163683 
7.349999999996209, -0.8040502193254355 
7.359999999996186, -0.8063835661803336 
7.369999999996162, -0.8087577983226613 
7.379999999996139, -0.8091374815395216 
7.389999999996116, -0.8088164519998617 
7.399999999996092, -0.8099774744820113 
7.409999999996069, -0.839621724633819 
7.419999999996046, -0.8514079168966765 
7.4299999999960225, -0.8519492394737426 
7.439999999995999, -0.8514243333369024 
7.449999999995976, -0.8444657099042424 
7.4599999999959525, -0.8257822475790275 
7.469999999995929, -0.821831459318398 
7.479999999995906, -0.821793483320148 
7.489999999995883, -0.82144190775231 
7.499999999995859, -0.8201170055382703 
7.509999999995836, -0.8186646093134344 
7.519999999995813, -0.8179053770391997 
7.529999999995789, -0.817757950413201 
7.539999999995766, -0.8176553878563164 
7.549999999995743, -0.8174341703791308 
7.5599999999957195, -0.8171721661486622 
7.569999999995696, -0.8169848223472974 
7.579999999995673, -0.8171534556106906 
7.58999999999565, -0.8176291447572646 
7.599999999995626, -0.8181379281688151 
7.609999999995603, -0.8181815009044663 
7.61999999999558, -0.8180435225743181 
7.629999999995556, -0.8197527206617619 
7.639999999995533, -0.8265214556638648 
7.64999999999551, -0.8310488570090064 
7.659999999995486, -0.8314029126434707 
7.669999999995463, -0.830881877285812 
7.67999999999544, -0.827953320555533 
7.6899999999954165, -0.8257997011372709 
7.699999999995393, -0.8278237037545307 
7.70999999999537, -0.8280658026902575 
7.719999999995347, -0.8274514666977293 
7.729999999995323, -0.8229471417653429 
7.7399999999953, -0.8166548023214177 
7.749999999995277, -0.8148307113531682 
7.759999999995253, -0.8147100231105087 
7.76999999999523, -0.8144284210596985 
7.779999999995207, -0.8137337717474147 
7.789999999995183, -0.8130750069003104 
7.79999999999516, -0.8126888033762707 
7.809999999995137, -0.812639684649289 
7.8199999999951135, -0.8126819938026506 
7.82999999999509, -0.8126977161699296 
7.839999999995067, -0.8125727732197007 
7.849999999995044, -0.8124730274863927 
7.85999999999502, -0.8130921639035658 
7.869999999994997, -0.8146474132844542 
7.879999999994974, -0.8160312706045437 
7.88999999999495, -0.8161800756933636 
7.899999999994927, -0.8159018446295763 
7.909999999994904, -0.819755065076445 
7.9199999999948805, -0.8457213618085062 
7.929999999994857, -0.8540454861208274 
7.939999999994834, -0.8543497056849773 
7.9499999999948106, -0.8535580082273889 
7.959999999994787, -0.841176563823439 
7.969999999994764, -0.8117388905834532 
7.979999999994741, -0.8093211402457524 
7.989999999994717, -0.8093622377326989 
7.999999999994694, -0.808821931051907 
8.00999999999467, -0.8068073946016571 
8.019999999994647, -0.8048436529308578 
8.029999999994624, -0.8040249582382291 
8.0399999999946, -0.8039040900254679 
8.049999999994577, -0.8037533002934821 
8.059999999994554, -0.8034705845085396 
8.06999999999453, -0.8031747758394998 
8.079999999994508, -0.8029988757451201 
8.089999999994484, -0.8031761118385939 
8.099999999994461, -0.8036331592346325 
8.109999999994438, -0.8041016099608279 
8.119999999994414, -0.8041139752779171 
8.129999999994391, -0.8039967060812487 
8.139999999994368, -0.806122714355523 
8.149999999994344, -0.8142549604382023 
8.159999999994321, -0.8190072556874646 
8.169999999994298, -0.8193154453935879 
8.179999999994275, -0.8187027365790146 
8.189999999994251, -0.8118677337162828 
8.199999999994228, -0.7873607683347814 
8.209999999994205, -0.785765327791862 
8.219999999994181, -0.7859180731330283 
8.229999999994158, -0.785439056834995 
8.239999999994135, -0.7831902776220636 
8.249999999994111, -0.7807126409351489 
8.259999999994088, -0.7796681440671559 
8.269999999994065, -0.7795076812561917 
8.279999999994041, -0.779391615435473 
8.289999999994018, -0.779147485197348 
8.299999999993995, -0.7788875553053708 
8.309999999993972, -0.7786952696593017 
8.319999999993948, -0.7788778761425428 
8.329999999993925, -0.7795053601403005 
8.339999999993902, -0.7803205179034223 
8.349999999993878, -0.780532981088482 
8.359999999993855, -0.780336145068482 
8.369999999993832, -0.7817907698370997 
8.379999999993808, -0.7980917623977437 
8.389999999993785, -0.8113184848011903 
8.399999999993762, -0.8122570885272126 
8.409999999993738, -0.8119069162589929 
8.419999999993715, -0.8067597693710524 
8.429999999993692, -0.7817075177571242 
8.439999999993669, -0.774256781976569 
8.449999999993645, -0.7741294795125865 
8.459999999993622, -0.7739350915919022 
8.469999999993599, -0.7730506375000099 
8.479999999993575, -0.7719391762245815 
8.489999999993552, -0.7712609044741223 
8.499999999993529, -0.7710606655377414 
8.509999999993505, -0.7710757626279845 
8.519999999993482, -0.7710927106839934 
8.529999999993459, -0.7710535485927699 
8.539999999993436, -0.7708914296314895 
8.549999999993412, -0.7711393963762868 
8.559999999993389, -0.7728131775229741 
8.569999999993366, -0.7757130994151941 
8.579999999993342, -0.7768251402788773 
8.589999999993319, -0.7767137322197338 
8.599999999993296, -0.7758648465957793 
8.609999999993272, -0.7792677228689099 
8.619999999993249, -0.7842127342371561 
8.629999999993226, -0.7853556774036252 
8.639999999993202, -0.7853055046022129 
8.64999999999318, -0.7840880799808919 
8.659999999993156, -0.7800953367897281 
8.669999999993133, -0.77730486338983 
8.67999999999311, -0.7766120451118589 
8.689999999993086, -0.7765266677638105 
8.699999999993063, -0.7762900331295913 
8.70999999999304, -0.7759454555565409 
8.719999999993016, -0.7756349985626257 
8.729999999992993, -0.7755151801596674 
8.73999999999297, -0.7757667687997322 
8.749999999992946, -0.7763158471764755 
8.759999999992923, -0.7768088723243717 
8.7699999999929, -0.7767833446436365 
8.779999999992876, -0.7766998946890897 
8.789999999992853, -0.7807185027092824 
8.79999999999283, -0.7960834993700633 
8.809999999992806, -0.8015912595485168 
8.819999999992783, -0.801802581786681 
8.82999999999276, -0.8009273967849473 
8.839999999992736, -0.7881793132019219 
8.849999999992713, -0.7631161787080872 
8.85999999999269, -0.7603922985944668 
8.869999999992666, -0.7603840234460598 
8.879999999992643, -0.760014967960551 
8.88999999999262, -0.758973893718362 
8.899999999992596, -0.7580502274280619 
8.909999999992573, -0.7575700628420091 
8.91999999999255, -0.7574953096082264 
8.929999999992527, -0.757554488076541 
8.939999999992503, -0.757635647160788 
8.94999999999248, -0.7575909951855293 
8.959999999992457, -0.7574589889808739 
8.969999999992433, -0.7582076695917056 
8.97999999999241, -0.7615966954574672 
8.989999999992387, -0.7657444166657417 
8.999999999992363, -0.766497609969517 
9.00999999999234, -0.7662137568582718 
9.019999999992317, -0.7632100128370203 
9.029999999992294, -0.7351658186138222 
9.03999999999227, -0.72338918803901 
9.049999999992247, -0.723385417202299 
9.059999999992224, -0.723256488667082 
9.0699999999922, -0.7224632518021706 
9.079999999992177, -0.721333582520388 
9.089999999992154, -0.7206447004034814 
9.09999999999213, -0.720403783249639 
9.109999999992107, -0.7204636000522866 
9.119999999992084, -0.7206425309344835 
9.12999999999206, -0.7208312401751613 
9.139999999992037, -0.7207544675823733 
9.149999999992014, -0.7207518913128271 
9.15999999999199, -0.7240338058235061 
9.169999999991967, -0.7372182008631287 
9.179999999991944, -0.7431924769555714 
9.18999999999192, -0.743498601656466 
9.199999999991897, -0.7428135203276556 
9.209999999991874, -0.7353257194783038 
9.21999999999185, -0.722631609237779 
9.229999999991827, -0.7198110641256585 
9.239999999991804, -0.719656742240362 
9.24999999999178, -0.7194912986652668 
9.259999999991757, -0.7190743026413715 
9.269999999991734, -0.7186925273401709 
9.27999999999171, -0.7184359355486871 
9.289999999991688, -0.7185047240078759 
9.299999999991664, -0.7190395351533762 
9.309999999991641, -0.7200110339709102 
9.319999999991618, -0.7205272441568478 
9.329999999991594, -0.7204003236981689 
9.339999999991571, -0.7202221531182924 
9.349999999991548, -0.7342116169002504 
9.359999999991524, -0.7567113857413289 
9.369999999991501, -0.7586180151271656 
9.379999999991478, -0.7586088544693922 
9.389999999991455, -0.7575166749196184 
9.399999999991431, -0.753678162052234 
9.409999999991408, -0.750903367561912 
9.419999999991385, -0.7501351721334143 
9.429999999991361, -0.7500495548097493 
9.439999999991338, -0.7498903636634028 
9.449999999991315, -0.7496526582345913 
9.459999999991291, -0.7494139929539123 
9.469999999991268, -0.7493054830320932 
9.479999999991245, -0.7497077102790548 
9.489999999991221, -0.7507684894671877 
9.499999999991198, -0.7519135701832472 
9.509999999991175, -0.7520861043798406 
9.519999999991152, -0.7517860618150994 
9.529999999991128, -0.7541437699933339 
9.539999999991105, -0.7850798144607808 
9.549999999991082, -0.7951773336175766 
9.559999999991058, -0.7956733114744948 
9.569999999991035, -0.7952209714342598 
9.579999999991012, -0.7910823509329222 
9.589999999990988, -0.7833791969920982 
9.599999999990965, -0.7807836548358857 
9.609999999990942, -0.7805786291656395 
9.619999999990918, -0.7803988541413602 
9.629999999990895, -0.7798821292250002 
9.639999999990872, -0.779352059419753 
9.649999999990849, -0.7789980926539768 
9.659999999990825, -0.7789544588141876 
9.669999999990802, -0.7791342144437547 
9.679999999990779, -0.7794005626562386 
9.689999999990755, -0.7794752531447106 
9.699999999990732, -0.7793239065717953 
9.709999999990709, -0.7799918680137353 
9.719999999990685, -0.7844096596370176 
9.729999999990662, -0.790335310382699 
9.739999999990639, -0.791432471319539 
9.749999999990616, -0.7912077114855655 
9.759999999990592, -0.7886650757970052 
9.769999999990569, -0.763034866802764 
9.779999999990546, -0.7497441850205061 
9.789999999990522, -0.7498115969082172 
9.799999999990499, -0.7496891223570418 
9.809999999990476, -0.7487536494481053 
9.819999999990452, -0.7471661643778078 
9.829999999990429, -0.7461828284577755 
9.839999999990406, -0.7458489201918126 
9.849999999990382, -0.7458358276655674 
9.85999999999036, -0.7458396757955178 
9.869999999990336, -0.7458309479469677 
9.879999999990313, -0.7456897268612829 
9.88999999999029, -0.7457359859577954 
9.899999999990266, -0.7471989978945796 
9.909999999990243, -0.7509831060985072 
9.91999999999022, -0.7533727732264268 
9.929999999990196, -0.7535105536706036 
9.939999999990173, -0.7527934057852099 
9.94999999999015, -0.7434185978049588 
9.959999999990126, -0.7122718786756684 
9.969999999990103, -0.7091660398656414 
9.97999999999008, -0.7092130037772244 
9.989999999990056, -0.7089109268041404 
9.999999999990033, -0.7080000358086634 
10.00999999999001, -0.7071921086590673 
10.019999999989986, -0.7067611513784979 
10.029999999989963, -0.7067020421827154 
10.03999999998994, -0.7068975397338325 
10.049999999989916, -0.7072705208408064 
10.059999999989893, -0.7074822581829482 
10.06999999998987, -0.7073451542406776 
10.079999999989846, -0.707733427936712 
10.089999999989823, -0.7192344362548526 
10.0999999999898, -0.7429062552848475 
10.109999999989776, -0.7457458688365544 
10.119999999989753, -0.7457308743758841 
10.12999999998973, -0.7443412345085453 
10.139999999989707, -0.7376281155111679 
10.149999999989683, -0.7327800490217662 
10.15999999998966, -0.7317927003044893 
10.169999999989637, -0.7317083425421685 
10.179999999989613, -0.7315051649634631 
10.18999999998959, -0.7311913796987545 
10.199999999989567, -0.7309152132456597 
10.209999999989543, -0.7307788940898872 
10.21999999998952, -0.7311015941784396 
10.229999999989497, -0.7320390493332922 
10.239999999989474, -0.7331903803259495 
10.24999999998945, -0.733425997816226 
10.259999999989427, -0.733142266360427 
10.269999999989404, -0.7341733159551805 
10.27999999998938, -0.7584051190338906 
10.289999999989357, -0.7673806676180659 
10.299999999989334, -0.7679831811086052 
10.30999999998931, -0.7676920947250493 
10.319999999989287, -0.7653663320454969 
10.329999999989264, -0.7611453463003178 
10.33999999998924, -0.7591995579195157 
10.349999999989217, -0.7588712598276097 
10.359999999989194, -0.7587802355903001 
10.36999999998917, -0.7585255111448385 
10.379999999989147, -0.7582446671522259 
10.389999999989124, -0.757999410689375 
10.3999999999891, -0.7580362914024646 
10.409999999989077, -0.7585595655552858 
10.419999999989054, -0.7594980058720693 
10.42999999998903, -0.7600421168128095 
10.439999999989007, -0.7599378500979538 
10.449999999988984, -0.7599521084318559 
10.45999999998896, -0.7719294308728661 
10.469999999988937, -0.7993696514093266 
10.479999999988914, -0.8025434043882873 
10.48999999998889, -0.8025246590054499 
10.499999999988868, -0.8009033199268142 
10.509999999988844, -0.7890840470452236 
10.519999999988821, -0.7795455753861851 
10.529999999988798, -0.7784802658993667 
10.539999999988774, -0.7784059485880019 
10.549999999988751, -0.7779584705267021 
10.559999999988728, -0.7771508914124075 
10.569999999988704, -0.7765269523922741 
10.579999999988681, -0.7762369254897177 
10.589999999988658, -0.7762565926263781 
10.599999999988635, -0.7763652664615434 
10.609999999988611, -0.7764638053372714 
10.619999999988588, -0.7763596462247438 
10.629999999988565, -0.7763416965556391 
10.639999999988541, -0.7777727560442337 
10.649999999988518, -0.7816771305291055 
10.659999999988495, -0.7842784057366495 
10.669999999988471, -0.7844577360512192 
10.679999999988448, -0.7838596553438687 
10.689999999988425, -0.7800103647415627 
10.699999999988401, -0.7668969594923661 
10.709999999988378, -0.7664474346455594 
10.719999999988355, -0.7666092442233976 
10.729999999988332, -0.7661311609541105 
10.739999999988308, -0.7639995826411445 
10.749999999988285, -0.7617664144114197 
10.759999999988262, -0.7608118493515151 
10.769999999988238, -0.7606529813255862 
10.779999999988215, -0.760574192026594 
10.789999999988192, -0.7604120648009659 
10.799999999988168, -0.7602228140209817 
10.809999999988145, -0.760054850443449 
10.819999999988122, -0.7603394874710148 
10.829999999988098, -0.7613997919795562 
10.839999999988075, -0.762889633803897 
10.849999999988052, -0.7633412742234503 
10.859999999988029, -0.763125463875715 
10.869999999988005, -0.7634189105353435 
10.879999999987982, -0.7868086422353228 
10.889999999987959, -0.8052682125132172 
10.899999999987935, -0.8063965755239413 
10.909999999987912, -0.8061701594685142 
10.919999999987889, -0.8033807445706475 
10.929999999987865, -0.79418370994842 
10.939999999987842, -0.7898168514666228 
10.949999999987819, -0.7893996902186076 
10.959999999987796, -0.7892684051894978 
10.969999999987772, -0.7887422980475656 
10.979999999987749, -0.7880724452187604 
10.989999999987726, -0.7875953363083685 
10.999999999987702, -0.7874397495771799 
11.009999999987679, -0.7875228065517517 
11.019999999987656, -0.7876648867648959 
11.029999999987632, -0.787719957713973 
11.039999999987609, -0.7875704064010176 
11.049999999987586, -0.7878287900053559 
11.059999999987562, -0.7900064502686002 
11.06999999998754, -0.7938130567276893 
11.079999999987516, -0.7951435444494719 
11.089999999987493, -0.7950405671402951 
11.09999999998747, -0.7940910093777246 
11.109999999987446, -0.7962367668938024 
11.119999999987423, -0.801220817106207 
11.1299999999874, -0.802432327703134 
11.139999999987376, -0.8023660073079445 
11.149999999987353, -0.8009724059062713 
11.15999999998733, -0.7959866323788123 
11.169999999987306, -0.7925431912729758 
11.179999999987283, -0.7918400768281432 
11.18999999998726, -0.7917479873124567 
11.199999999987236, -0.7914215213323613 
11.209999999987213, -0.7909398316053375 
11.21999999998719, -0.7905414956375938 
11.229999999987166, -0.7903782783474641 
11.239999999987143, -0.7905101645257934 
11.24999999998712, -0.7907866026335333 
11.259999999987096, -0.7910012998187002 
11.269999999987073, -0.7908996443882901 
11.27999999998705, -0.7909700773234664 
11.289999999987026, -0.7934571939754294 
11.299999999987003, -0.7994108159800085 
11.30999999998698, -0.8019635894834617 
11.319999999986956, -0.8020146250713334 
11.329999999986933, -0.8011046739513339 
11.33999999998691, -0.792622111582482 
11.349999999986887, -0.7754151273059436 
11.359999999986863, -0.775415104062931 
11.36999999998684, -0.7754650170056426 
11.379999999986817, -0.7747690545660967 
11.389999999986793, -0.7723240739429532 
11.39999999998677, -0.7702404603003309 
11.409999999986747, -0.7694710517499511 
11.419999999986723, -0.7693672416371101 
11.4299999999867, -0.7692481049778853 
11.439999999986677, -0.7690457184059051 
11.449999999986654, -0.7688200173983933 
11.45999999998663, -0.7686885561596859 
11.469999999986607, -0.7690386128246484 
11.479999999986584, -0.7699870572848798 
11.48999999998656, -0.7710424825647082 
11.499999999986537, -0.7712199515419333 
11.509999999986514, -0.7709650799731376 
11.51999999998649, -0.7734781459650429 
11.529999999986467, -0.8017214138765485 
11.539999999986444, -0.8141341246519763 
11.54999999998642, -0.8147116354751827 
11.559999999986397, -0.8142209667454503 
11.569999999986374, -0.8080713730258112 
11.57999999998635, -0.7921378219113963 
11.589999999986327, -0.788100963450073 
11.599999999986304, -0.7879841923881461 
11.60999999998628, -0.7877381599736423 
11.619999999986257, -0.7868979383924113 
11.629999999986234, -0.786003921409134 
11.63999999998621, -0.7854688486041562 
11.649999999986187, -0.7853436732511992 
11.659999999986164, -0.785373907345444 
11.66999999998614, -0.7853990150210037 
11.679999999986117, -0.7853292659859258 
11.689999999986094, -0.7851763692382826 
11.69999999998607, -0.7856077539125329 
11.709999999986048, -0.787393659279277 
11.719999999986024, -0.7897518131444374 
11.729999999986001, -0.7903546255345275 
11.739999999985978, -0.7901225614687509 
11.749999999985954, -0.7899918411017369 
11.759999999985931, -0.8115022561368211 
11.769999999985908, -0.8271656172450885 
11.779999999985884, -0.8281541310210447 
11.789999999985861, -0.8278838787121707 
11.799999999985838, -0.8245304091980807 
11.809999999985815, -0.8132567179787366 
11.819999999985791, -0.8084978989941882 
11.829999999985768, -0.8082000768956448 
11.839999999985745, -0.8080254449972304 
11.849999999985721, -0.8073012152943041 
11.859999999985698, -0.8063812614674126 
11.869999999985675, -0.8057707051670304 
11.879999999985651, -0.8055847978865417 
11.889999999985628, -0.8055868388658243 
11.899999999985605, -0.8055587035374734 
11.909999999985581, -0.8054577746527908 
11.919999999985558, -0.8052800058607406 
11.929999999985535, -0.8055102461068344 
11.939999999985512, -0.806552632668891 
11.949999999985488, -0.8080100111006234 
11.959999999985465, -0.8084995467600908 
11.969999999985442, -0.8083152957694604 
11.979999999985418, -0.8089464520725721 
11.989999999985395, -0.8260379095445782 
11.999999999985372, -0.8439709612774875 
12.009999999985348, -0.845328058683838 
12.019999999985325, -0.8450589320442815 
12.029999999985302, -0.8409255123132248 
12.039999999985278, -0.811594585282417 
12.049999999985255, -0.8013925106051635 
12.059999999985232, -0.8013775643709175 
12.069999999985209, -0.8011711765269648 
12.079999999985185, -0.7999324791381353 
12.089999999985162, -0.7980096221196921 
12.099999999985139, -0.7968818399161219 
12.109999999985115, -0.7965947789279515 
12.119999999985092, -0.7965244214334842 
12.129999999985069, -0.7963361197000236 
12.139999999985045, -0.7961040599135759 
12.149999999985022, -0.7958739901074315 
12.159999999984999, -0.7959402106521835 
12.169999999984976, -0.7964505738418632 
12.179999999984952, -0.7972277219989057 
12.189999999984929, -0.7975693962043572 
12.199999999984906, -0.7974173235847495 
12.209999999984882, -0.7979535945750903 
12.219999999984859, -0.8069165732132518 
12.229999999984836, -0.8197863383839527 
12.239999999984812, -0.8214857481827985 
12.249999999984789, -0.821302605437008 
12.259999999984766, -0.8184845610942214 
12.269999999984742, -0.7900133229467492 
12.27999999998472, -0.7750784816378985 
12.289999999984696, -0.7749509369808582 
12.299999999984673, -0.7748273372376334 
12.30999999998465, -0.7738902908052545 
12.319999999984626, -0.7722333833475398 
12.329999999984603, -0.7711707176770746 
12.33999999998458, -0.7708188786128674 
12.349999999984556, -0.7707830179270827 
12.359999999984533, -0.770712867157518 
12.36999999998451, -0.7706094850162065 
12.379999999984486, -0.7704257248118737 
12.389999999984463, -0.7704737927486947 
12.39999999998444, -0.7713675300179247 
12.409999999984416, -0.773180810290327 
12.419999999984393, -0.7743166379614725 
12.42999999998437, -0.7743063974691458 
12.439999999984346, -0.7738823433902925 
12.449999999984323, -0.7818500762371802 
12.4599999999843, -0.8113152423277094 
12.469999999984276, -0.8150469141476281 
12.479999999984253, -0.8151260014681346 
12.48999999998423, -0.8140162051624195 
12.499999999984206, -0.8063127414172786 
12.509999999984183, -0.7986201970144036 
12.51999999998416, -0.7972830331977048 
12.529999999984136, -0.7972030904087443 
12.539999999984113, -0.7968206297323086 
12.54999999998409, -0.7960530942364901 
12.559999999984067, -0.795413566721022 
12.569999999984043, -0.7950892929649549 
12.57999999998402, -0.7950827842008691 
12.589999999983997, -0.7951511411857511 
12.599999999983973, -0.7951985429079573 
12.60999999998395, -0.7950759082262709 
12.619999999983927, -0.795036196404848 
12.629999999983903, -0.7960251018998956 
12.63999999998388, -0.7984365349798511 
12.649999999983857, -0.8002112856531367 
12.659999999983834, -0.8003353040223843 
12.66999999998381, -0.7999082295283861 
12.679999999983787, -0.8041886926907282 
12.689999999983764, -0.8358702556128993 
12.69999999998374, -0.8419083327242005 
12.709999999983717, -0.8421091524588042 
12.719999999983694, -0.8412072888988433 
12.72999999998367, -0.8318096867112987 
12.739999999983647, -0.8182528831179037 
12.749999999983624, -0.8162638343679858 
12.7599999999836, -0.8162136506386132 
12.769999999983577, -0.8157533580025007 
12.779999999983554, -0.8145294105573491 
12.78999999998353, -0.8134406238381232 
12.799999999983507, -0.8129184662734014 
12.809999999983484, -0.812835359348124 
12.81999999998346, -0.8127501358919312 
12.829999999983437, -0.8125912697978012 
12.839999999983414, -0.8123700435540018 
12.84999999998339, -0.8122653316293815 
12.859999999983367, -0.8126225845279078 
12.869999999983344, -0.8133815718943241 
12.87999999998332, -0.8140318491684199 
12.889999999983297, -0.8140325636897944 
12.899999999983274, -0.8139251345478578 
12.90999999998325, -0.817468323504969 
12.919999999983228, -0.8296235283865203 
12.929999999983204, -0.8342102706900835 
12.939999999983181, -0.8343714321551732 
12.949999999983158, -0.8334886084959502 
12.959999999983134, -0.8217844941794603 
12.969999999983111, -0.7959251945182637 
12.979999999983088, -0.7952108661345055 
12.989999999983064, -0.7952723345436706 
12.999999999983041, -0.7946065688898531 
13.009999999983018, -0.7920305309635479 
13.019999999982995, -0.7896605336136905 
13.029999999982971, -0.788795547157954 
13.039999999982948, -0.7886828790552864 
13.049999999982925, -0.7885196011476447 
13.059999999982901, -0.7882273246025108 
13.069999999982878, -0.7879337110705246 
13.079999999982855, -0.787766569821665 
13.089999999982831, -0.7879696043538179 
13.099999999982808, -0.788499216256192 
13.109999999982785, -0.7890648844144815 
13.119999999982761, -0.7891117107287279 
13.129999999982738, -0.7889607394775663 
13.139999999982715, -0.7914329630265053 
13.149999999982692, -0.8037162403345801 
13.159999999982668, -0.8105488532700291 
13.169999999982645, -0.8109622136949817 
13.179999999982622, -0.8103661049020103 
13.189999999982598, -0.8013263054491526 
13.199999999982575, -0.7690273582808917 
13.209999999982552, -0.7645885257354119 
13.219999999982528, -0.7646351524695655 
13.229999999982505, -0.7643120999592253 
13.239999999982482, -0.763092204169403 
13.249999999982458, -0.7618227284660152 
13.259999999982435, -0.7611544947030295 
13.269999999982412, -0.761007396595297 
13.279999999982389, -0.7610098976055635 
13.289999999982365, -0.7609994717896775 
13.299999999982342, -0.7609216762561409 
13.309999999982319, -0.76076817662049 
13.319999999982295, -0.761180281974976 
13.329999999982272, -0.763136598485282 
13.339999999982249, -0.7660391157997943 
13.349999999982225, -0.7668650157417544 
13.359999999982202, -0.7666689877711361 
13.369999999982179, -0.7654234499409867 
13.379999999982156, -0.7611317638793901 
13.389999999982132, -0.7566423820995865 
13.399999999982109, -0.7571709046035544 
13.409999999982086, -0.7570631076535788 
13.419999999982062, -0.7559196170963627 
13.429999999982039, -0.7534744640660718 
13.439999999982016, -0.7519631141075741 
13.449999999981992, -0.7515094176061172 
13.459999999981969, -0.7514563916165611 
13.469999999981946, -0.7513571684712707 
13.479999999981922, -0.7512291529508622 
13.4899999999819, -0.75104316293 
13.499999999981876, -0.7510375564458269 
13.509999999981853, -0.7518406033162408 
13.51999999998183, -0.7537317923247652 
13.529999999981806, -0.7552034638303479 
13.539999999981783, -0.7552991243442883 
13.54999999998176, -0.7548135175741368 
13.559999999981736, -0.7561937240553017 
13.569999999981713, -0.7666244192340382 
13.57999999998169, -0.7687528078435386 
13.589999999981666, -0.7689576327474971 
13.599999999981643, -0.7684218466992625 
13.60999999998162, -0.7656818652859961 
13.619999999981596, -0.7626698585718082 
13.629999999981573, -0.7615093290433168 
13.63999999998155, -0.7613459276731039 
13.649999999981526, -0.7612332318961854 
13.659999999981503, -0.7609981436170826 
13.66999999998148, -0.7607542540294685 
13.679999999981456, -0.7605667114012503 
13.689999999981433, -0.7607732656135426 
13.69999999998141, -0.761544628537603 
13.709999999981386, -0.7626339323540754 
13.719999999981363, -0.7629789941214091 
13.72999999998134, -0.7627750728542443 
13.739999999981316, -0.7635809100006005 
13.749999999981293, -0.7862561135438536 
13.75999999998127, -0.8062254336902298 
13.769999999981247, -0.8074579795919904 
13.779999999981223, -0.8072101735377345 
13.7899999999812, -0.8038512151930347 
13.799999999981177, -0.7904274989815032 
13.809999999981153, -0.7846214429148559 
13.81999999998113, -0.7842503165729208 
13.829999999981107, -0.7841082433020274 
13.839999999981083, -0.7834855970869538 
13.84999999998106, -0.7826751195101516 
13.859999999981037, -0.7821230038448292 
13.869999999981014, -0.7819387070416189 
13.87999999998099, -0.7819901845828737 
13.889999999980967, -0.782079539623036 
13.899999999980944, -0.7821002179970291 
13.90999999998092, -0.7819465851570954 
13.919999999980897, -0.782174385160115 
13.929999999980874, -0.7840616283909276 
13.93999999998085, -0.7874375311691558 
13.949999999980827, -0.7887313988878591 
13.959999999980804, -0.78864027821341 
13.96999999998078, -0.7877818873947297 
13.979999999980757, -0.7910911777076085 
13.989999999980734, -0.7978513751259546 
13.99999999998071, -0.7991780134189248 
14.009999999980687, -0.7991315695578902 
14.019999999980664, -0.7978283494167161 
14.02999999998064, -0.7929781289236847 
14.039999999980617, -0.7894998806548696 
14.049999999980594, -0.7887483215875474 
14.05999999998057, -0.7886580196069625 
14.069999999980547, -0.7883531783037243 
14.079999999980524, -0.787892087727393 
14.0899999999805, -0.7875042641746006 
14.099999999980477, -0.787338807494706 
14.109999999980454, -0.787479630844787 
14.11999999998043, -0.7877882286548169 
14.129999999980408, -0.788047647428532 
14.139999999980384, -0.787964109862975 
14.149999999980361, -0.7879905606233762 
14.159999999980338, -0.7905873142641077 
14.169999999980314, -0.797529954028159 
14.179999999980291, -0.8006257468886118 
14.189999999980268, -0.8007300696673413 
14.199999999980244, -0.7998526003462066 
14.209999999980221, -0.7889971898706087 
14.219999999980198, -0.7633732839518694 
14.229999999980175, -0.7623333919929054 
14.239999999980151, -0.7623946395630159 
14.249999999980128, -0.7618496794542835 
14.259999999980105, -0.7600411039481517 
14.269999999980081, -0.758459150664544 
14.279999999980058, -0.7577790006565669 
14.289999999980035, -0.7576718527686651 
14.299999999980011, -0.757624485483046 
14.309999999979988, -0.7575373436543154 
14.319999999979965, -0.7573913435087664 
14.329999999979941, -0.7572636001230709 
14.339999999979918, -0.7577678762949941 
14.349999999979895, -0.7594574724860212 
14.359999999979872, -0.7615152363662961 
14.369999999979848, -0.7619531646315535 
14.379999999979825, -0.761663690281197 
14.389999999979802, -0.7611541686408931 
14.399999999979778, -0.7717943747379533 
14.409999999979755, -0.7762182736905281 
14.419999999979732, -0.7768041566467547 
14.429999999979708, -0.7765552958949219 
14.439999999979685, -0.7745328127388706 
14.449999999979662, -0.7706864287467796 
14.459999999979638, -0.7687732818674806 
14.469999999979615, -0.7684200613768268 
14.479999999979592, -0.7683304444615917 
14.489999999979569, -0.7680734972641902 
14.499999999979545, -0.7677805371472034 
14.509999999979522, -0.7675238412267176 
14.519999999979499, -0.7675377065575867 
14.529999999979475, -0.7679898820459272 
14.539999999979452, -0.7687881921067202 
14.549999999979429, -0.7692566134719965 
14.559999999979405, -0.7691469785961125 
14.569999999979382, -0.7692780924860069 
14.579999999979359, -0.7792037080132657 
14.589999999979335, -0.8012412801881184 
14.599999999979312, -0.8043392889182659 
14.609999999979289, -0.8043064781435799 
14.619999999979266, -0.8025480586524852 
14.629999999979242, -0.7866495715083976 
14.639999999979219, -0.773578993613072 
14.649999999979196, -0.7725455384465019 
14.659999999979172, -0.7724794834265963 
14.669999999979149, -0.7719703696991959 
14.679999999979126, -0.7710124880049287 
14.689999999979102, -0.770291962920915 
14.69999999997908, -0.7699673725137741 
14.709999999979056, -0.7699674849759478 
14.719999999979033, -0.7700409968721763 
14.72999999997901, -0.7701065418058627 
14.739999999978986, -0.769995682958131 
14.749999999978963, -0.7699706441773316 
14.75999999997894, -0.7712720000510301 
14.769999999978916, -0.7748812985709924 
14.779999999978893, -0.7774571558823199 
14.78999999997887, -0.7776591701681581 
14.799999999978846, -0.7770923536959845 
14.809999999978823, -0.773136749064298 
14.8199999999788, -0.7572583053726354 
14.829999999978776, -0.7560741722156487 
14.839999999978753, -0.7562438876991567 
14.84999999997873, -0.7558287354617527 
14.859999999978706, -0.754014602911585 
14.869999999978683, -0.7520914741722874 
14.87999999997866, -0.7512104006592004 
14.889999999978636, -0.7510423421622523 
14.899999999978613, -0.7509993929541724 
14.90999999997859, -0.7509069171739491 
14.919999999978566, -0.7507761803882532 
14.929999999978543, -0.7506150261375792 
14.93999999997852, -0.7509510572131246 
14.949999999978496, -0.7524653621561244 
14.959999999978473, -0.7547947492277128 
14.96999999997845, -0.7555443097557435 
14.979999999978427, -0.7553591310360336 
14.989999999978403, -0.7543915711382603 
14.99999999997838, -0.755141769665292 
15.009999999978357, -0.753693018111085 
15.019999999978333, -0.7543311491273043 
15.02999999997831, -0.7542379542048929 
15.039999999978287, -0.7531182188405121 
15.049999999978263, -0.7505940710935186 
15.05999999997824, -0.7490091599604453 
15.069999999978217, -0.7485272950948508 
15.079999999978194, -0.7484717776757563 
15.08999999997817, -0.7483755809625517 
15.099999999978147, -0.7482506984174234 
15.109999999978124, -0.7480681227885971 
15.1199999999781, -0.7480475805697469 
15.129999999978077, -0.748837312547943 
15.139999999978054, -0.7507838587348211 
15.14999999997803, -0.7523874600561374 
15.159999999978007, -0.75252175745085 
15.169999999977984, -0.7520430408171487 
15.17999999997796, -0.7520429926705203 
15.189999999977937, -0.7553443352205513 
15.199999999977914, -0.756379992276026 
15.20999999997789, -0.7566031725535075 
15.219999999977867, -0.756162481783765 
15.229999999977844, -0.7540098171562595 
15.23999999997782, -0.7516089995531728 
15.249999999977797, -0.7505704682092066 
15.259999999977774, -0.7503877254033678 
15.26999999997775, -0.7503221073444502 
15.279999999977727, -0.7501809337043538 
15.289999999977704, -0.7500150567788095 
15.29999999997768, -0.7498428759682154 
15.309999999977657, -0.7501142888391673 
15.319999999977634, -0.7513237454748455 
15.32999999997761, -0.7532151731499315 
15.339999999977588, -0.7538841126948579 
15.349999999977564, -0.7537068462987098 
15.359999999977541, -0.7531409896942806 
15.369999999977518, -0.763759340463949 
15.379999999977494, -0.7727985438485243 
15.389999999977471, -0.7738367060068361 
15.399999999977448, -0.7737315031327421 
15.409999999977424, -0.7723109934038039 
15.419999999977401, -0.7684202680776998 
15.429999999977378, -0.7660094657914048 
15.439999999977355, -0.7654397894104179 
15.449999999977331, -0.7653614759297018 
15.459999999977308, -0.765145016889298 
15.469999999977285, -0.7648581406699585 
15.479999999977261, -0.7645894246510441 
15.489999999977238, -0.7645211166936421 
15.499999999977215, -0.7649001076818862 
15.509999999977191, -0.7657005526863695 
15.519999999977168, -0.7663684760785 
15.529999999977145, -0.7663570322803758 
15.539999999977121, -0.7661969704306026 
15.549999999977098, -0.7721832036551245 
15.559999999977075, -0.7982322740179758 
15.569999999977052, -0.8044215513056094 
15.579999999977028, -0.8046109308956129 
15.589999999977005, -0.8036722449136504 
15.599999999976982, -0.7931389375932234 
15.609999999976958, -0.7778694634016091 
15.619999999976935, -0.7756671472155642 
15.629999999976912, -0.7756143802837266 
15.639999999976888, -0.7752589422112476 
15.649999999976865, -0.7743783966650447 
15.659999999976842, -0.7736125147960431 
15.669999999976818, -0.7732044407796524 
15.679999999976795, -0.7731588454686148 
15.689999999976772, -0.7732319584415627 
15.699999999976749, -0.7733169554545887 
15.709999999976725, -0.7732494097006021 
15.719999999976702, -0.7731372195036419 
15.729999999976679, -0.7740017692670441 
15.739999999976655, -0.7771103290085205 
15.749999999976632, -0.7802731975527797 
15.759999999976609, -0.7807415104929032 
15.769999999976585, -0.7803758994927321 
15.779999999976562, -0.7781471142930345 
15.789999999976539, -0.7678887018439478 
15.799999999976515, -0.7655975293911597 
15.809999999976492, -0.765933362489578 
15.819999999976469, -0.7656588480190142 
15.829999999976446, -0.7639508934790937 
15.839999999976422, -0.7614351839340959 
15.849999999976399, -0.7601664274998163 
15.859999999976376, -0.7598886847949496 
15.869999999976352, -0.7598277781039849 
15.879999999976329, -0.7596743181353328 
15.889999999976306, -0.7594953405583973 
15.899999999976282, -0.7592955244529281 
15.90999999997626, -0.7594212729361711 
15.919999999976236, -0.7602819899003339 
15.929999999976213, -0.7617974566617233 
15.93999999997619, -0.7625496539611544 
15.949999999976166, -0.7624421265970606 
15.959999999976143, -0.7621630364690143 
15.96999999997612, -0.7760308132855384 
15.979999999976096, -0.8028176554239888 
15.989999999976073, -0.8051895693109077 
15.99999999997605, -0.8051486655614263 
16.009999999976028, -0.8035854510081062 
16.019999999976005, -0.7955172514013119 
16.02999999997598, -0.7895875792311707 
16.039999999975958, -0.7887026903138549 
16.049999999975935, -0.7886147699882413 
16.05999999997591, -0.7882077872781746 
16.069999999975888, -0.7875412738042726 
16.079999999975865, -0.787017064476364 
16.08999999997584, -0.7867800290837561 
16.099999999975818, -0.7868324350619252 
16.109999999975795, -0.786978491013875 
16.11999999997577, -0.7870942413197576 
16.129999999975748, -0.786980194949464 
16.139999999975725, -0.7870115313486771 
16.1499999999757, -0.788660894582697 
16.15999999997568, -0.7926206270050862 
16.169999999975655, -0.7948217715085969 
16.17999999997563, -0.7949040580901829 
16.18999999997561, -0.7942265258935902 
16.199999999975585, -0.7929076462596945 
16.20999999997556, -0.7938677772713788 
16.21999999997554, -0.7953428162992836 
16.229999999975515, -0.7954498887315248 
16.239999999975492, -0.7946914913188459 
16.24999999997547, -0.7909832505952615 
16.259999999975445, -0.7873398439869688 
16.269999999975422, -0.7862216754604118 
16.2799999999754, -0.7861073073326056 
16.289999999975375, -0.7858959619761974 
16.299999999975352, -0.7854957891971296 
16.30999999997533, -0.7851254301678432 
16.319999999975305, -0.7849121308900462 
16.329999999975282, -0.7850260120286375 
16.33999999997526, -0.7853797778466356 
16.349999999975235, -0.7857773060968798 
16.359999999975212, -0.7857939058716288 
16.36999999997519, -0.7856680574173799 
16.379999999975166, -0.7875464986659327 
16.389999999975142, -0.7958403055999133 
16.39999999997512, -0.8014834311757428 
16.409999999975096, -0.8019213010514316 
16.419999999975072, -0.8013923491566811 
16.42999999997505, -0.7940570054408895 
16.439999999975026, -0.7606931236132985 
16.449999999975002, -0.7557082948608648 
16.45999999997498, -0.7557957965725202 
16.469999999974956, -0.755497704601753 
16.479999999974932, -0.7542600646013794 
16.48999999997491, -0.7529000558452152 
16.499999999974886, -0.7521804582646004 
16.509999999974863, -0.7520101600165479 
16.51999999997484, -0.7520172741065755 
16.529999999974816, -0.7520208887462785 
16.539999999974793, -0.7519679666419664 
16.54999999997477, -0.7518120533862598 
16.559999999974746, -0.7521691696083445 
16.569999999974723, -0.7542948836717189 
16.5799999999747, -0.7578743984610881 
16.589999999974676, -0.7590257596206234 
16.599999999974653, -0.7588895744885644 
16.60999999997463, -0.757411436811386 
16.619999999974606, -0.7407575212227103 
16.629999999974583, -0.722853556292026 
16.63999999997456, -0.722657877507894 
16.649999999974536, -0.7226188486234422 
16.659999999974513, -0.7219731592313147 
16.66999999997449, -0.7206925383548005 
16.679999999974466, -0.7198222193035946 
16.689999999974443, -0.7194605696084475 
16.69999999997442, -0.7194619124415621 
16.709999999974396, -0.7195898020226751 
16.719999999974373, -0.7197713428991658 
16.72999999997435, -0.7197440943622136 
16.739999999974327, -0.7196369431253922 
16.749999999974303, -0.7214045108218088 
16.75999999997428, -0.7314202701247826 
16.769999999974257, -0.739766927022169 
16.779999999974233, -0.7404842020721703 
16.78999999997421, -0.7401052470714117 
16.799999999974187, -0.7353120280341259 
16.809999999974163, -0.7205410454993171 
16.81999999997414, -0.7157782749329153 
16.829999999974117, -0.7154379743196474 
16.839999999974093, -0.7153280742627947 
16.84999999997407, -0.7149522099570073 
16.859999999974047, -0.7145493513327168 
16.869999999974024, -0.714255524359574 
16.879999999974, -0.7142280425738582 
16.889999999973977, -0.7146647669151679 
16.899999999973954, -0.7156204620529211 
16.90999999997393, -0.7163904761716635 
16.919999999973907, -0.7163814597289835 
16.929999999973884, -0.716014555384938 
16.93999999997386, -0.721609885088366 
16.949999999973837, -0.7435569302296549 
16.959999999973814, -0.7464029686846592 
16.96999999997379, -0.7465778392777632 
16.979999999973767, -0.7460064868466232 
16.989999999973744, -0.7434243297549301 
16.99999999997372, -0.7408897504420505 
17.009999999973697, -0.7399091471789598 
17.019999999973674, -0.7397599512039823 
17.02999999997365, -0.7396887030001577 
17.039999999973627, -0.7395523628621251 
17.049999999973604, -0.7393917442725723 
17.05999999997358, -0.7392356270677568 
17.069999999973557, -0.7395938732395139 
17.079999999973534, -0.741075179496787 
17.08999999997351, -0.7433020212267825 
17.099999999973488, -0.7439805564926695 
17.109999999973464, -0.7437754597975571 
17.11999999997344, -0.7425928146972433 
17.129999999973418, -0.7366614556150908 
17.139999999973394, -0.7293341779709868 
17.14999999997337, -0.7296712293580548 
17.159999999973348, -0.7295839106426588 
17.169999999973324, -0.72868569250082 
17.1799999999733, -0.7269913448484804 
17.189999999973278, -0.7259327471821381 
17.199999999973254, -0.7255551968103074 
17.20999999997323, -0.7255414607451255 
17.219999999973208, -0.7255835819107237 
17.229999999973185, -0.7256397897200271 
17.23999999997316, -0.725540961163157 
17.249999999973138, -0.7255105955720799 
17.259999999973115, -0.7271695061620177 
17.26999999997309, -0.7332328613370135 
17.279999999973068, -0.7377577891261262 
17.289999999973045, -0.7381516234177131 
17.29999999997302, -0.7376109168391475 
17.309999999972998, -0.7299154203828266 
17.319999999972975, -0.7059417328225376 
17.32999999997295, -0.7008866729327833 
17.339999999972928, -0.7007236206000731 
17.349999999972905, -0.7005707917443991 
17.35999999997288, -0.7000873455338706 
17.36999999997286, -0.6996165892469585 
17.379999999972835, -0.699308859201275 
17.38999999997281, -0.6992997801718448 
17.39999999997279, -0.6997314705334048 
17.409999999972765, -0.7006528817806208 
17.41999999997274, -0.701337974562562 
17.42999999997272, -0.7012946944792104 
17.439999999972695, -0.7008878337496007 
17.449999999972672, -0.7062003218068993 
17.45999999997265, -0.7171877167310611 
17.469999999972625, -0.7183633723365935 
17.479999999972602, -0.7184840699023131 
17.48999999997258, -0.7179724595322764 
17.499999999972555, -0.7162175209121899 
17.509999999972532, -0.7147158598661468 
17.51999999997251, -0.714062861889567 
17.529999999972485, -0.7139530049717056 
17.539999999972462, -0.7139877230507072 
17.54999999997244, -0.7140589526840231 
17.559999999972415, -0.714049335966259 
17.569999999972392, -0.7139083316131746 
17.57999999997237, -0.7145592358105171 
17.589999999972346, -0.719453630567089 
17.599999999972322, -0.727613116708967 
17.6099999999723, -0.7292283579203408 
17.619999999972276, -0.7290969917701743 
17.629999999972252, -0.7267962061065352 
17.63999999997223, -0.7108101498462353 
17.649999999972206, -0.7012527670606028 
17.659999999972182, -0.7003089932154435 
17.66999999997216, -0.700243670646982 
17.679999999972136, -0.6999584915306952 
17.689999999972112, -0.699548003054824 
17.69999999997209, -0.6992332720872206 
17.709999999972066, -0.6990987254198759 
17.719999999972043, -0.6994224130742172 
17.72999999997202, -0.7004062215567736 
17.739999999971996, -0.7016890363745267 
17.749999999971973, -0.701974428638061 
17.75999999997195, -0.7016676620065793 
17.769999999971926, -0.7006075088694037 
17.779999999971903, -0.6909171727505673 
17.78999999997188, -0.6841001069837326 
17.799999999971856, -0.6842492280593917 
17.809999999971833, -0.6841179804491607 
17.81999999997181, -0.6833718785684696 
17.829999999971786, -0.6824157632373449 
17.839999999971763, -0.6818570831264207 
17.84999999997174, -0.6816733447157443 
17.859999999971716, -0.6818236797626532 
17.869999999971693, -0.6822471285339476 
17.87999999997167, -0.6827461336827345 
17.889999999971646, -0.6827734076072699 
17.899999999971623, -0.6825419059490009 
17.9099999999716, -0.686322579662441 
17.919999999971576, -0.7175139723411232 
17.929999999971553, -0.7248657511904804 
17.93999999997153, -0.7252769788144272 
17.949999999971507, -0.7249261791469628 
17.959999999971483, -0.7228811053504035 
17.96999999997146, -0.7202603040645877 
17.979999999971437, -0.7190871569620544 
17.989999999971413, -0.7188410844038682 
17.99999999997139, -0.7188134014580775 
18.009999999971367, -0.7187568583166721 
18.019999999971343, -0.7186871776877304 
18.02999999997132, -0.7185291434746851 
18.039999999971297, -0.7187456538805236 
18.049999999971273, -0.7207284021943088 
18.05999999997125, -0.7251670029765777 
18.069999999971227, -0.7271395811508761 
18.079999999971204, -0.7271519596609469 
18.08999999997118, -0.7259700212752495 
18.099999999971157, -0.7092238300286122 
18.109999999971134, -0.6858076487873652 
18.11999999997111, -0.6836860455255797 
18.129999999971087, -0.6836486398470926 
18.139999999971064, -0.6833896382686211 
18.14999999997104, -0.6828590734027598 
18.159999999971017, -0.6824462986071337 
18.169999999970994, -0.6822151920395083 
18.17999999997097, -0.6823536956616258 
18.189999999970947, -0.6830405781967676 
18.199999999970924, -0.6842854639219527 
18.2099999999709, -0.6848506687044802 
18.219999999970877, -0.6846950749187345 
18.229999999970854, -0.6837408639319822 
18.23999999997083, -0.673534775839958 
18.249999999970807, -0.6549291993493099 
18.259999999970784, -0.6543016710899997 
18.26999999997076, -0.6542897878941022 
18.279999999970737, -0.653902418443839 
18.289999999970714, -0.65323483729965 
18.29999999997069, -0.652783583035513 
18.309999999970668, -0.652573860988282 
18.319999999970644, -0.6527637452266789 
18.32999999997062, -0.6535601403091089 
18.339999999970598, -0.6549722487250204 
18.349999999970574, -0.6555213930334433 
18.35999999997055, -0.6553287144423684 
18.369999999970528, -0.6534415920232116 
18.379999999970504, -0.6286168870523954 
18.38999999997048, -0.6108906644194372 
18.399999999970458, -0.6098458198936837 
18.409999999970434, -0.6098036142702491 
18.41999999997041, -0.6095990325916039 
18.429999999970388, -0.6093389277598229 
18.439999999970365, -0.6091546452718393 
18.44999999997034, -0.6090396946834479 
18.459999999970318, -0.609708653021811 
18.469999999970295, -0.6140010785234227 
18.47999999997027, -0.6225584268620161 
18.489999999970248, -0.6243665525690624 
18.499999999970225, -0.6243075499952576 
18.5099999999702, -0.6229753139306416 
18.519999999970178, -0.6190342200694458 
18.529999999970155, -0.6168890895125994 
18.53999999997013, -0.6162807642613083 
18.549999999970108, -0.6162338108824705 
18.559999999970085, -0.6163523621356591 
18.56999999997006, -0.6166337251003738 
18.57999999997004, -0.6167761164955453 
18.589999999970015, -0.6166153866336582 
18.59999999996999, -0.616957140149592 
18.60999999996997, -0.632714448568213 
18.619999999969945, -0.6402115955210275 
18.62999999996992, -0.6406251559181727 
18.6399999999699, -0.6406310312854758 
18.649999999969875, -0.6401511367798782 
18.659999999969852, -0.6392761372646268 
18.66999999996983, -0.6387138348248277 
18.679999999969805, -0.6384663082638914 
18.689999999969782, -0.6386034547850692 
18.69999999996976, -0.6392553805526048 
18.709999999969735, -0.6404806372025049 
18.719999999969712, -0.6410151130807812 
18.72999999996969, -0.6408400226270916 
18.739999999969665, -0.6391352004304253 
18.749999999969642, -0.6156272391383224 
18.75999999996962, -0.597211726555339 
18.769999999969595, -0.5959744176849832 
18.779999999969572, -0.5959286574872842 
18.78999999996955, -0.5957643372358792 
18.799999999969526, -0.5955604538525473 
18.809999999969502, -0.5954185370404924 
18.81999999996948, -0.595296176189781 
18.829999999969456, -0.5959778489531308 
18.839999999969432, -0.6020415885975893 
18.84999999996941, -0.615827953065465 
18.859999999969386, -0.6183267003842886 
18.869999999969362, -0.6183439726495886 
18.87999999996934, -0.6174418783105339 
18.889999999969316, -0.615009829032674 
18.899999999969292, -0.6135596069480942 
18.90999999996927, -0.613058339572909 
18.919999999969246, -0.6130319225336532 
18.929999999969223, -0.6132635134244405 
18.9399999999692, -0.6137811178661631 
18.949999999969176, -0.6140992845856046 
18.959999999969153, -0.6139577481033966 
18.96999999996913, -0.6133908061181959 
18.979999999969106, -0.6062148301551114 
18.989999999969083, -0.583228574342224 
18.99999999996906, -0.5816938059411679 
19.009999999969036, -0.5816763401108141 
19.019999999969013, -0.5814872680204988 
19.02999999996899, -0.581191076682012 
19.039999999968966, -0.5810008213470897 
19.049999999968943, -0.5808568988464352 
19.05999999996892, -0.5812818572552882 
19.069999999968896, -0.5853654448962425 
19.079999999968873, -0.5978481643843178 
19.08999999996885, -0.60143600949607 
19.099999999968826, -0.6015642875044219 
19.109999999968803, -0.6009011784756619 
19.11999999996878, -0.5987419519869244 
19.129999999968756, -0.5972655400211025 
19.139999999968733, -0.5967213751923521 
19.14999999996871, -0.5966643641829718 
19.159999999968687, -0.5969302190649188 
19.169999999968663, -0.59760707891125 
19.17999999996864, -0.5981793427268666 
19.189999999968617, -0.5981319521539245 
19.199999999968593, -0.5973454540077111 
19.20999999996857, -0.5844538890702802 
19.219999999968547, -0.5579053153434105 
19.229999999968523, -0.5548593450020145 
19.2399999999685, -0.5547188954565059 
19.249999999968477, -0.5546562569935166 
19.259999999968453, -0.5545702149643169 
19.26999999996843, -0.5545637202154416 
19.279999999968407, -0.5544561154006626 
19.289999999968384, -0.5545312509031698 
19.29999999996836, -0.561089792344661 
19.309999999968337, -0.5922862867814422 
19.319999999968314, -0.5956944032318178 
19.32999999996829, -0.5959245385984011 
19.339999999968267, -0.5957135644814547 
19.349999999968244, -0.5950249440898345 
19.35999999996822, -0.5944484242066516 
19.369999999968197, -0.5941440437290212 
19.379999999968174, -0.5941550180133748 
19.38999999996815, -0.5948893214140069 
19.399999999968127, -0.5972603370355303 
19.409999999968104, -0.5996745145048262 
19.41999999996808, -0.5999760366210315 
19.429999999968057, -0.5994565195095712 
19.439999999968034, -0.5946385559110556 
19.44999999996801, -0.5873852896037859 
19.459999999967987, -0.5853491079718709 
19.469999999967964, -0.5850250997363904 
19.47999999996794, -0.5850396430491759 
19.489999999967917, -0.5851532305019768 
19.499999999967894, -0.5853768945658203 
19.50999999996787, -0.5853664856287346 
19.519999999967848, -0.5851625861375348 
19.529999999967824, -0.5875896773924255 
19.5399999999678, -0.5952885665874165 
19.549999999967778, -0.5907672362437415 
19.559999999967754, -0.5908067652202146 
19.56999999996773, -0.5907102039751901 
19.579999999967708, -0.5902951197333179 
19.589999999967684, -0.5898991198385188 
19.59999999996766, -0.5896555273292129 
19.609999999967638, -0.5896298989331892 
19.619999999967614, -0.5905581884173571 
19.62999999996759, -0.5946268930348263 
19.639999999967568, -0.5998641753078879 
19.649999999967545, -0.6006263477448669 
19.65999999996752, -0.6003655697902286 
19.669999999967498, -0.5981147461415374 
19.679999999967475, -0.594183502744628 
19.68999999996745, -0.5926309467020963 
19.699999999967428, -0.5922517680966941 
19.709999999967405, -0.592284528167025 
19.71999999996738, -0.5925144951995852 
19.729999999967358, -0.5929495256518287 
19.739999999967335, -0.5930761720532994 
19.74999999996731, -0.5928309675595699 
19.759999999967288, -0.5922024261389217 
19.769999999967265, -0.5738273541658142 
19.77999999996724, -0.5592604830668542 
19.78999999996722, -0.5586902461794907 
19.799999999967195, -0.5586519651961094 
19.80999999996717, -0.5584609473120252 
19.81999999996715, -0.5582879063561639 
19.829999999967125, -0.5581685910418125 
19.8399999999671, -0.5580704356054802 
19.84999999996708, -0.5592153776585658 
19.859999999967055, -0.5723582782435004 
19.869999999967032, -0.5929372905439162 
19.87999999996701, -0.5946187490627788 
19.889999999966985, -0.5946078255162853 
19.899999999966962, -0.5939491714898385 
19.90999999996694, -0.5927950242088542 
19.919999999966915, -0.592147146386182 
19.929999999966892, -0.5918957394417587 
19.93999999996687, -0.5920523845573905 
19.949999999966845, -0.592846220505057 
19.959999999966822, -0.5945418319443122 
19.9699999999668, -0.5953408303218792 
19.979999999966775, -0.5952197565092764 
19.989999999966752, -0.5933670093218067 
19.99999999996673, -0.5804057491861024 
20.009999999966706, -0.5728556674745208 
20.019999999966682, -0.571696963570486 
20.02999999996666, -0.5716074136205099 
20.039999999966636, -0.571611340793373 
20.049999999966612, -0.5717088419634602 
20.05999999996659, -0.5717970207261128 
20.069999999966566, -0.5716660862511466 
20.079999999966542, -0.5718543765201897 
20.08999999996652, -0.5839688474774463 
20.099999999966496, -0.5904950138961237 
20.109999999966472, -0.5900647760692574 
20.11999999996645, -0.5901139960373635 
20.129999999966426, -0.5898521681579627 
20.139999999966403, -0.5893395083718647 
20.14999999996638, -0.5889964909552315 
20.159999999966356, -0.5888047325129927 
20.169999999966333, -0.5890416134582092 
20.17999999996631, -0.590797533352884 
20.189999999966286, -0.5959232229112889 
20.199999999966263, -0.598554904807696 
20.20999999996624, -0.5986778201786811 
20.219999999966216, -0.597864404693751 
20.229999999966193, -0.5938438660446735 
20.23999999996617, -0.5907405431858685 
20.249999999966146, -0.5898180677396941 
20.259999999966123, -0.5896766792488514 
20.2699999999661, -0.5897866211793453 
20.279999999966076, -0.5901126084278949 
20.289999999966053, -0.5904552863218262 
20.29999999996603, -0.5903972731159421 
20.309999999966006, -0.5899976674414434 
20.319999999965983, -0.5879272262491121 
20.32999999996596, -0.5612179181920408 
20.339999999965936, -0.5571400155456666 
20.349999999965913, -0.557057462447002 
20.35999999996589, -0.5569572837560959 
20.369999999965867, -0.5567404836925792 
20.379999999965843, -0.5566154852421555 
20.38999999996582, -0.5564813803355974 
20.399999999965797, -0.5565905308328989 
20.409999999965773, -0.5604741998095336 
20.41999999996575, -0.584347938557444 
20.429999999965727, -0.5932982082770001 
20.439999999965703, -0.5937327393376476 
20.44999999996568, -0.5934921616660918 
20.459999999965657, -0.5925003345827438 
20.469999999965633, -0.5915707223962685 
20.47999999996561, -0.5911287348757399 
20.489999999965587, -0.5910496523333636 
20.499999999965564, -0.5914586127143163 
20.50999999996554, -0.5927624247305598 
20.519999999965517, -0.5943925685506007 
20.529999999965494, -0.5946733851586578 
20.53999999996547, -0.594213467113879 
20.549999999965447, -0.5887176442893075 
20.559999999965424, -0.5759861590464522 
20.5699999999654, -0.5726629291727743 
20.579999999965377, -0.5722401646450976 
20.589999999965354, -0.5722270480604691 
20.59999999996533, -0.572266314620162 
20.609999999965307, -0.5724187722627628 
20.619999999965284, -0.5724124271910503 
20.62999999996526, -0.5722385025567346 
20.639999999965237, -0.5742418591225618 
20.649999999965214, -0.5897653989565561 
20.65999999996519, -0.5865115789215366 
20.669999999965167, -0.5865626523408578 
20.679999999965144, -0.5864946422939318 
20.68999999996512, -0.5860967024234762 
20.699999999965097, -0.585671219776073 
20.709999999965074, -0.5854136479590476 
20.71999999996505, -0.58534508830877 
20.729999999965028, -0.5861067028505467 
20.739999999965004, -0.589780090533905 
20.74999999996498, -0.5956201404251659 
20.759999999964958, -0.5966776816918847 
20.769999999964934, -0.5965048280518109 
20.77999999996491, -0.5947181787613592 
20.789999999964888, -0.5909716976447114 
20.799999999964864, -0.5893292163981007 
20.80999999996484, -0.5888903686648965 
20.819999999964818, -0.5889058642588515 
20.829999999964794, -0.5891438495755753 
20.83999999996477, -0.5896387555839003 
20.849999999964748, -0.5898502452052943 
20.859999999964725, -0.5896406498577712 
20.8699999999647, -0.5886220428950025 
20.879999999964678, -0.5679718508499246 
20.889999999964655, -0.5493427183657642 
20.89999999996463, -0.5483103788161725 
20.909999999964608, -0.5482724634023906 
20.919999999964585, -0.5481440996029316 
20.92999999996456, -0.5480341922726101 
20.939999999964538, -0.5479710395752897 
20.949999999964515, -0.5478458512231673 
20.95999999996449, -0.5485932326297251 
20.969999999964468, -0.5635159644028934 
20.979999999964445, -0.5895027100533923 
20.98999999996442, -0.5910737948579436 
20.9999999999644, -0.5911347736559388 
21.009999999964375, -0.590726954155683 
21.01999999996435, -0.5899363676733591 
21.02999999996433, -0.5894386762866856 
21.039999999964305, -0.5892096399478592 
21.04999999996428, -0.5893930211329037 
21.05999999996426, -0.5905109058656532 
21.069999999964235, -0.5933276827001912 
21.079999999964212, -0.5948523935049105 
21.08999999996419, -0.5948650356669609 
21.099999999964165, -0.5937052382477811 
21.109999999964142, -0.5867422690690802 
21.11999999996412, -0.5817386874818923 
21.129999999964095, -0.5805992734600716 
21.139999999964072, -0.5804643552109059 
21.14999999996405, -0.5805200100401482 
21.159999999964025, -0.5807186342966021 
21.169999999964002, -0.5809271725712618 
21.17999999996398, -0.5808324214764995 
21.189999999963955, -0.5806303779131043 
21.199999999963932, -0.5847036013219817 
21.20999999996391, -0.5724114566813251 
21.219999999963886, -0.5697717672959481 
21.229999999963862, -0.5697745248479403 
21.23999999996384, -0.5696228265694618 
21.249999999963816, -0.5692946442111907 
21.259999999963792, -0.5690755962621125 
21.26999999996377, -0.5689113811468806 
21.279999999963746, -0.5690980106712328 
21.289999999963722, -0.5719334880349982 
21.2999999999637, -0.5846116079964324 
21.309999999963676, -0.5909475700641461 
21.319999999963652, -0.5913149123201088 
21.32999999996363, -0.5909324880434887 
21.339999999963606, -0.5893084935783021 
21.349999999963583, -0.5878635136061714 
21.35999999996356, -0.5872706662253614 
21.369999999963536, -0.5871554984790132 
21.379999999963513, -0.5874248105048924 
21.38999999996349, -0.5882376446070494 
21.399999999963466, -0.5892152151584392 
21.409999999963443, -0.5893466781410681 
21.41999999996342, -0.5888113754895111 
21.429999999963396, -0.5813375742608935 
21.439999999963373, -0.5607696070154339 
21.44999999996335, -0.5565870075542237 
21.459999999963326, -0.5562232122362499 
21.469999999963303, -0.5561997299099227 
21.47999999996328, -0.5561914742410979 
21.489999999963256, -0.5562877600568913 
21.499999999963233, -0.5562526916777853 
21.50999999996321, -0.5561038109208302 
21.519999999963186, -0.5586803878017997 
21.529999999963163, -0.5751714034426402 
21.53999999996314, -0.5718801936807114 
21.549999999963116, -0.5719117101880467 
21.559999999963093, -0.5718407264542886 
21.56999999996307, -0.5714760431523951 
21.579999999963047, -0.5711182721485043 
21.589999999963023, -0.5708983693171384 
21.599999999963, -0.5708481792264046 
21.609999999962977, -0.57185032325688 
21.619999999962953, -0.5775509937887188 
21.62999999996293, -0.5860989604554429 
21.639999999962907, -0.5872800950112915 
21.649999999962883, -0.5871405134158052 
21.65999999996286, -0.5858135630007623 
21.669999999962837, -0.5835310008143869 
21.679999999962813, -0.5824780934989833 
21.68999999996279, -0.5821543455188488 
21.699999999962767, -0.5822381442336461 
21.709999999962744, -0.5826943545833082 
21.71999999996272, -0.5835971895918642 
21.729999999962697, -0.5839816837486776 
21.739999999962674, -0.5837685513730345 
21.74999999996265, -0.5814263255788175 
21.759999999962627, -0.5596176982602822 
21.769999999962604, -0.5487819593936945 
21.77999999996258, -0.547723060309341 
21.789999999962557, -0.5476650110729578 
21.799999999962534, -0.5476367144087043 
21.80999999996251, -0.5476971111866096 
21.819999999962487, -0.5477476562922634 
21.829999999962464, -0.5476067809595264 
21.83999999996244, -0.5479208270456982 
21.849999999962417, -0.5592915630009746 
21.859999999962394, -0.5541563572707535 
21.86999999996237, -0.5531588651393432 
21.879999999962347, -0.5531687541906141 
21.889999999962324, -0.5529725275457225 
21.8999999999623, -0.5526660614211628 
21.909999999962277, -0.5524841411603534 
21.919999999962254, -0.5523423329302132 
21.92999999996223, -0.5527384555240074 
21.939999999962208, -0.5578340218213401 
21.949999999962184, -0.5765440007626671 
21.95999999996216, -0.5811538828983335 
21.969999999962138, -0.5813493225557951 
21.979999999962114, -0.5809120152435515 
21.98999999996209, -0.5796463358168774 
21.999999999962068, -0.5787548499530101 
22.009999999962044, -0.578375099944469 
22.01999999996202, -0.5783845710502279 
22.029999999961998, -0.5789347875830474 
22.039999999961974, -0.5805032956463617 
22.04999999996195, -0.5819008222401569 
22.059999999961928, -0.582010271478671 
22.069999999961905, -0.5812434239355357 
22.07999999996188, -0.573900690304204 
22.089999999961858, -0.5652051030490065 
22.099999999961835, -0.56330014272466 
22.10999999996181, -0.5630567602341384 
22.119999999961788, -0.5630825728790877 
22.129999999961765, -0.5632236604476506 
22.13999999996174, -0.5634663681025729 
22.149999999961718, -0.5634394477665219 
22.159999999961695, -0.563172338540315 
22.16999999996167, -0.5639551197096023 
22.179999999961648, -0.5440302923134968 
22.189999999961625, -0.5369797656048454 
22.1999999999616, -0.5367880673820333 
22.20999999996158, -0.5367257094743964 
22.219999999961555, -0.5365465246068719 
22.22999999996153, -0.5364533573670659 
22.23999999996151, -0.5363522101976744 
22.249999999961485, -0.5363030362742368 
22.25999999996146, -0.5389864736155836 
22.26999999996144, -0.5669342255737418 
22.279999999961415, -0.5785441266184218 
22.289999999961392, -0.5790540240034756 
22.29999999996137, -0.5789672883242035 
22.309999999961345, -0.5784174147578046 
22.319999999961322, -0.5778001563165297 
22.3299999999613, -0.5774616742903276 
22.339999999961275, -0.5773677842703198 
22.349999999961252, -0.5779225998878593 
22.35999999996123, -0.5803484995976841 
22.369999999961205, -0.584486392701815 
22.379999999961182, -0.5854265934588528 
22.38999999996116, -0.5852426634946518 
22.399999999961135, -0.5832441100638927 
22.409999999961112, -0.5785678576168863 
22.41999999996109, -0.5765921846952681 
22.429999999961066, -0.576103044640506 
22.439999999961042, -0.5761050607707493 
22.44999999996102, -0.5763214600995673 
22.459999999960996, -0.5768038302441014 
22.469999999960972, -0.5770368429069084 
22.47999999996095, -0.576841492056197 
22.489999999960926, -0.5756695130364099 
22.499999999960902, -0.553659619738195 
22.50999999996088, -0.5348367719797735 
22.519999999960856, -0.5335822750025574 
22.529999999960832, -0.5335328610042627 
22.53999999996081, -0.5334534869126849 
22.549999999960786, -0.5334214562286523 
22.559999999960763, -0.5334266253197959 
22.56999999996074, -0.533296477532453 
22.579999999960716, -0.5336697760509641 
22.589999999960693, -0.5470896081509221 
22.59999999996067, -0.5538397537661335 
22.609999999960646, -0.5530812202423379 
22.619999999960623, -0.5531157999945859 
22.6299999999606, -0.5529146709244206 
22.639999999960576, -0.5525585262832737 
22.649999999960553, -0.552340624653366 
22.65999999996053, -0.5521867513143381 
22.669999999960506, -0.5524918453304201 
22.679999999960483, -0.5563486025543216 
22.68999999996046, -0.572014503784007 
22.699999999960436, -0.5773414985745535 
22.709999999960413, -0.5775976041912062 
22.71999999996039, -0.5771874807696689 
22.729999999960366, -0.5758411579444916 
22.739999999960343, -0.574827874524903 
22.74999999996032, -0.574401076451708 
22.759999999960296, -0.5743733947512446 
22.769999999960273, -0.5748486546888872 
22.77999999996025, -0.5762704352603517 
22.789999999960227, -0.5777206507377766 
22.799999999960203, -0.5778809126074111 
22.80999999996018, -0.5772359510568017 
22.819999999960157, -0.5706849331444221 
22.829999999960133, -0.5615051849110754 
22.83999999996011, -0.5593735429162052 
22.849999999960087, -0.559082788110433 
22.859999999960063, -0.5591063941487374 
22.86999999996004, -0.5592503258951532 
22.879999999960017, -0.5595235915852582 
22.889999999959993, -0.5595296180713071 
22.89999999995997, -0.559250996389052 
22.909999999959947, -0.5589328956675861 
22.919999999959924, -0.5348930685883495 
22.9299999999599, -0.5258462628484859 
22.939999999959877, -0.5255078088320587 
22.949999999959854, -0.5254643217026921 
22.95999999995983, -0.5253376169612308 
22.969999999959807, -0.5253015661183547 
22.979999999959784, -0.5252425397874796 
22.98999999995976, -0.5251270041672933 
22.999999999959737, -0.5270186865520465 
23.009999999959714, -0.5500757482425932 
23.01999999995969, -0.5516326123290173 
23.029999999959667, -0.5516474436564277 
23.039999999959644, -0.5516172509382864 
23.04999999995962, -0.551311602164679 
23.059999999959597, -0.5509729955475698 
23.069999999959574, -0.5507727443557219 
23.07999999995955, -0.5506753925125906 
23.089999999959527, -0.5515129448997421 
23.099999999959504, -0.5584401083333294 
23.10999999995948, -0.5728975245250019 
23.119999999959457, -0.5749836655259684 
23.129999999959434, -0.5749862005104218 
23.13999999995941, -0.5742542694996832 
23.149999999959388, -0.572831062131361 
23.159999999959364, -0.5720537613833769 
23.16999999995934, -0.5717625311931298 
23.179999999959318, -0.5718817933196243 
23.189999999959294, -0.5726196447672477 
23.19999999995927, -0.5743796921699323 
23.209999999959248, -0.5753601522256244 
23.219999999959224, -0.5753002572124868 
23.2299999999592, -0.5738540435437919 
23.239999999959178, -0.5646432367013178 
23.249999999959154, -0.5587836017299868 
23.25999999995913, -0.5576509847983862 
23.269999999959108, -0.5575358329025195 
23.279999999959085, -0.5576012021223702 
23.28999999995906, -0.5578370900496867 
23.299999999959038, -0.5580802935684575 
23.309999999959015, -0.5579881345805031 
23.31999999995899, -0.5575725383768085 
23.329999999958968, -0.5523625937087562 
23.339999999958945, -0.5231490977823302 
23.34999999995892, -0.5197653281055669 
23.359999999958898, -0.5196476425539799 
23.369999999958875, -0.5195868962411551 
23.37999999995885, -0.519510972784112 
23.389999999958828, -0.5195371249718168 
23.399999999958805, -0.519450748193435 
23.40999999995878, -0.5193852432246883 
23.41999999995876, -0.5242150717188375 
23.429999999958735, -0.5285903328906294 
23.43999999995871, -0.5236518253855137 
23.44999999995869, -0.523576659004774 
23.459999999958665, -0.5235028410945287 
23.46999999995864, -0.5232856802405174 
23.47999999995862, -0.5231620662765526 
23.489999999958595, -0.523051537763814 
23.499999999958572, -0.5230136441127959 
23.50999999995855, -0.5257262681395217 
23.519999999958525, -0.5538070294596118 
23.529999999958502, -0.5646428209791016 
23.53999999995848, -0.5650938036224864 
23.549999999958455, -0.5650176884938245 
23.559999999958432, -0.5645334016347856 
23.56999999995841, -0.564010440523368 
23.579999999958385, -0.5637202275718385 
23.589999999958362, -0.563640529946694 
23.59999999995834, -0.5643402520241818 
23.609999999958315, -0.5679262136894515 
23.619999999958292, -0.5742701405255958 
23.62999999995827, -0.5755010248715745 
23.639999999958246, -0.5753764009484663 
23.649999999958222, -0.573980243231897 
23.6599999999582, -0.5712161179545625 
23.669999999958176, -0.569949846479569 
23.679999999958152, -0.569571055113278 
23.68999999995813, -0.5696253233646098 
23.699999999958106, -0.5700375440117583 
23.709999999958082, -0.5709329845977784 
23.71999999995806, -0.5713887339992356 
23.729999999958036, -0.5712193246572124 
23.739999999958012, -0.5692508138821984 
23.74999999995799, -0.55093244763563 
23.759999999957966, -0.5405511517304621 
23.769999999957943, -0.5393354467051069 
23.77999999995792, -0.5392568470577097 
23.789999999957896, -0.539264205216236 
23.799999999957873, -0.5393890838984807 
23.80999999995785, -0.539516755277008 
23.819999999957826, -0.5393916161538894 
23.829999999957803, -0.539205904376529 
23.83999999995778, -0.5380221068875537 
23.849999999957756, -0.5132447250823615 
23.859999999957733, -0.5106757045893209 
23.86999999995771, -0.5106048011257674 
23.879999999957686, -0.510530073732827 
23.889999999957663, -0.5104491748758097 
23.89999999995764, -0.5104677776885661 
23.909999999957616, -0.5103703346992119 
23.919999999957593, -0.5103401568453158 
23.92999999995757, -0.515952274264924 
23.939999999957546, -0.51295154563198 
23.949999999957523, -0.5082801584673978 
23.9599999999575, -0.5081870216946878 
23.969999999957476, -0.5081174640854641 
23.979999999957453, -0.5079556207199117 
23.98999999995743, -0.5079043963177735 
23.999999999957407, -0.5078197885194192 
24.009999999957383, -0.5077471423806922 
24.01999999995736, -0.510937701803941 
24.029999999957337, -0.53135685619094 
24.039999999957313, -0.5280658674712835 
24.04999999995729, -0.5280052115139496 
24.059999999957267, -0.52795348698808 
24.069999999957243, -0.5276986543779524 
24.07999999995722, -0.5274930181261872 
24.089999999957197, -0.527361155012557 
24.099999999957173, -0.5272867000515784 
24.10999999995715, -0.5287893065224742 
24.119999999957127, -0.5468655420807823 
24.129999999957104, -0.5667527202405469 
24.13999999995708, -0.5678405192119503 
24.149999999957057, -0.5678176077739732 
24.159999999957034, -0.5673032943602884 
24.16999999995701, -0.5665781016463538 
24.179999999956987, -0.5661776167500887 
24.189999999956964, -0.5660223576506062 
24.19999999995694, -0.5664015711753257 
24.209999999956917, -0.5683684807827555 
24.219999999956894, -0.5728523954996317 
24.22999999995687, -0.5743669674234124 
24.239999999956847, -0.5743190212687804 
24.249999999956824, -0.5730420233052603 
24.2599999999568, -0.5691191294991843 
24.269999999956777, -0.567064439524602 
24.279999999956754, -0.5664821993706233 
24.28999999995673, -0.5664479260271275 
24.299999999956707, -0.5666927469172209 
24.309999999956684, -0.5673152870440107 
24.31999999995666, -0.5677728202211749 
24.329999999956637, -0.567673019806681 
24.339999999956614, -0.5665611163797659 
24.34999999995659, -0.5498067406730038 
24.359999999956568, -0.5316744043711548 
24.369999999956544, -0.5296561595569637 
24.37999999995652, -0.5295281704831807 
24.389999999956498, -0.5295142790970073 
24.399999999956474, -0.5295768738106391 
24.40999999995645, -0.5297105368480489 
24.419999999956428, -0.5296254344828795 
24.429999999956404, -0.5294122874293445 
24.43999999995638, -0.5303054378894981 
24.449999999956358, -0.5054885093654287 
24.459999999956334, -0.5008336898493444 
24.46999999995631, -0.5006759400698242 
24.479999999956288, -0.500627222056658 
24.489999999956265, -0.5005571134210933 
24.49999999995624, -0.5006091944792732 
24.509999999956218, -0.5005568314395471 
24.519999999956195, -0.5003904246537894 
24.52999999995617, -0.502062074894609 
24.539999999956148, -0.4860540709641411 
24.549999999956125, -0.476150988856062 
24.5599999999561, -0.4757182935505086 
24.569999999956078, -0.47569217136337416 
24.579999999956055, -0.47565348976041155 
24.58999999995603, -0.4757646426888353 
24.599999999956008, -0.47581867333794203 
24.609999999955985, -0.47562376724863675 
24.61999999995596, -0.47461945890073254 
24.62999999995594, -0.451305141105272 
24.639999999955915, -0.4377592856631545 
24.64999999995589, -0.43663366090991057 
24.65999999995587, -0.4365755995052327 
24.669999999955845, -0.4366965845555168 
24.67999999995582, -0.4371812026978356 
24.6899999999558, -0.43770807081230195 
24.699999999955775, -0.43768424252809723 
24.709999999955752, -0.436689358214107 
24.71999999995573, -0.430967996536027 
24.729999999955705, -0.42747137864878476 
24.739999999955682, -0.4267042878661169 
24.74999999995566, -0.4266257236992613 
24.759999999955635, -0.4271042788059655 
24.769999999955612, -0.4293314878464354 
24.77999999995559, -0.43275530040529603 
24.789999999955565, -0.43334293140091606 
24.799999999955542, -0.4331334659546515 
24.80999999995552, -0.43217388256822536 
24.819999999955495, -0.431341789545676 
24.829999999955472, -0.43102070412600046 
24.83999999995545, -0.4309587208468013 
24.849999999955426, -0.4319865519615776 
24.859999999955402, -0.442902299329282 
24.86999999995538, -0.4628871901297628 
24.879999999955356, -0.46412801037747625 
24.889999999955332, -0.4641625028905683 
24.89999999995531, -0.463906396973058 
24.909999999955286, -0.46360624923572813 
24.919999999955262, -0.4634751413230085 
24.92999999995524, -0.4633521835769467 
24.939999999955216, -0.46376638216503413 
24.949999999955192, -0.47531207200312586 
24.95999999995517, -0.4890551400094574 
24.969999999955146, -0.48738694127433135 
24.979999999955123, -0.48738967127204325 
24.9899999999551, -0.4872893277756469 
24.999999999955076, -0.4871223692775102 
