t, s[1].omega / s[0].omega 
0, -1.2499943715739446 
0.009999999999999995, -1.2492644630576508 
0.019999999999999934, -1.2482043624586376 
0.029999999999999874, -1.246815644332866 
0.04000000000000012, -1.245100952126423 
0.050000000000000405, -1.2430643989173205 
0.06000000000000069, -1.24071207167278 
0.07000000000000098, -1.238052594512601 
0.08000000000000126, -1.2350977052092431 
0.09000000000000155, -1.2318627993053044 
0.10000000000000184, -1.2283673961851884 
0.11000000000000212, -1.2246354832960171 
0.12000000000000241, -1.2206957044960434 
0.130000000000002, -1.2165813830676422 
0.1400000000000009, -1.212330410745314 
0.1499999999999998, -1.2079850805945669 
0.1599999999999987, -1.2035919687270877 
0.1699999999999976, -1.1992019449812128 
0.1799999999999965, -1.1948702922987218 
0.1899999999999954, -1.1906567450431862 
0.1999999999999943, -1.1866250676956343 
0.2099999999999932, -1.1828416748302697 
0.2199999999999921, -1.179372837983933 
0.229999999999991, -1.1762802958407346 
0.2399999999999899, -1.17361555901756 
0.2499999999999888, -1.171413750309222 
0.2599999999999877, -1.1696882325192712 
0.2699999999999866, -1.1684273349957626 
0.2799999999999855, -1.1675940972424632 
0.2899999999999844, -1.1671291998701026 
0.2999999999999833, -1.1669564212695143 
0.3099999999999822, -1.1669893598722156 
0.3199999999999811, -1.167137997425248 
0.32999999999998, -1.1673139444699034 
0.3399999999999789, -1.1674337317747636 
0.3499999999999778, -1.1674200645130495 
0.35999999999997667, -1.1672013720216807 
0.36999999999997557, -1.1667102040585167 
0.37999999999997447, -1.1658810721353898 
0.38999999999997337, -1.164648279394343 
0.39999999999997227, -1.16294418868258 
0.40999999999997117, -1.1606982834855026 
0.41999999999997006, -1.1578372876910055 
0.42999999999996896, -1.1542865136186533 
0.43999999999996786, -1.1499724813064505 
0.44999999999996676, -1.144826681345254 
0.45999999999996566, -1.138790146179822 
0.46999999999996456, -1.1318182881958876 
0.47999999999996346, -1.1238853193483378 
0.48999999999996235, -1.1149875522588555 
0.49999999999996125, -1.1051450336492534 
0.5099999999999602, -1.09440125923165 
0.519999999999959, -1.0828210877404811 
0.529999999999958, -1.0704873025473778 
0.5399999999999568, -1.0574964682251686 
0.5499999999999557, -1.0439547542546257 
0.5599999999999546, -1.0299742684645523 
0.5699999999999535, -1.0156702216870293 
0.5799999999999524, -1.0011590063696807 
0.5899999999999513, -0.9865570730768437 
0.5999999999999502, -0.971980359240143 
0.6099999999999491, -0.9575439678408043 
0.619999999999948, -0.943361798001122 
0.6299999999999469, -0.9295458776109499 
0.6399999999999458, -0.9162052244441322 
0.6499999999999447, -0.9034441547230851 
0.6599999999999436, -0.891360057514492 
0.6699999999999425, -0.8800407510616542 
0.6799999999999414, -0.8695616235365915 
0.6899999999999403, -0.8599828249101851 
0.6999999999999392, -0.851346808227078 
0.7099999999999381, -0.8436765100468465 
0.719999999999937, -0.8369744093107077 
0.7299999999999359, -0.8312226167251968 
0.7399999999999348, -0.8263840351595846 
0.7499999999999337, -0.8224045126096508 
0.7599999999999326, -0.8192158015458654 
0.7699999999999315, -0.816739058270345 
0.7799999999999304, -0.8148885742236082 
0.7899999999999293, -0.8135754317560595 
0.7999999999999282, -0.8127108159975479 
0.8099999999999271, -0.8122087823020187 
0.819999999999926, -0.8119883619294742 
0.8299999999999249, -0.811974973251363 
0.8399999999999238, -0.8121011801598804 
0.8499999999999227, -0.8123068958912579 
0.8599999999999216, -0.8125391660525285 
0.8699999999999205, -0.8127516800589744 
0.8799999999999194, -0.8129041586565762 
0.8899999999999183, -0.8129617506891855 
0.8999999999999172, -0.812894548142661 
0.9099999999999161, -0.8126772968413817 
0.919999999999915, -0.8122893419438675 
0.9299999999999139, -0.8117148033854041 
0.9399999999999128, -0.8109429287941061 
0.9499999999999117, -0.8099685251110779 
0.9599999999999106, -0.8087923334829616 
0.9699999999999095, -0.807421195440451 
0.9799999999999084, -0.8058678713064901 
0.9899999999999073, -0.8041504179551547 
0.9999999999999062, -0.8022911068989481 
1.0099999999999052, -0.8003149498654384 
1.019999999999904, -0.7982479764437965 
1.029999999999903, -0.7961154575128871 
1.039999999999902, -0.7939402781518603 
1.0499999999999008, -0.7917416356963192 
1.0599999999998997, -0.7895341836807966 
1.0699999999998986, -0.7873276761826802 
1.0799999999998975, -0.7851271036390672 
1.0899999999998964, -0.7829332596348354 
1.0999999999998953, -0.7807436422610723 
1.1099999999998942, -0.7785535737421575 
1.119999999999893, -0.7763574170399291 
1.129999999999892, -0.7741497766040514 
1.1399999999998909, -0.7719265903448617 
1.1499999999998898, -0.7696860480454363 
1.1599999999998887, -0.7674293031382339 
1.1699999999998876, -0.7651609745818196 
1.1799999999998865, -0.7628894585400784 
1.1899999999998854, -0.7606270825948794 
1.1999999999998843, -0.7583901377648307 
1.2099999999998832, -0.7561988174824986 
1.219999999999882, -0.7540770812611699 
1.229999999999881, -0.7520524478890188 
1.2399999999998799, -0.7501557120133301 
1.2499999999998788, -0.7484205713180176 
1.2599999999998777, -0.746883150358468 
1.2699999999998766, -0.7455814115551818 
1.2799999999998755, -0.7445544529502709 
1.2899999999998744, -0.7438417044658423 
1.2999999999998733, -0.7434820475057731 
1.3099999999998722, -0.7435128946362557 
1.319999999999871, -0.7439692748126324 
1.32999999999987, -0.744882973761193 
1.3399999999998689, -0.7462817779824821 
1.3499999999998678, -0.7481888645366073 
1.3599999999998666, -0.7506223681501341 
1.3699999999998655, -0.7535951436096635 
1.3799999999998644, -0.7571147264548186 
1.3899999999998633, -0.7611834801397984 
1.3999999999998622, -0.7657989042552472 
1.4099999999998611, -0.7709540667903564 
1.41999999999986, -0.7766381140106309 
1.429999999999859, -0.7828368042330401 
1.4399999999998578, -0.7895330063676033 
1.4499999999998567, -0.796707100451652 
1.4599999999998556, -0.8043372157916514 
1.4699999999998545, -0.8123992436025274 
1.4799999999998534, -0.8208665667970131 
1.4899999999998523, -0.8297094622223313 
1.4999999999998512, -0.8388941532428768 
1.5099999999998501, -0.8483815265024368 
1.519999999999849, -0.8581255788423573 
1.529999999999848, -0.8680717296215444 
1.5399999999998468, -0.8781552167741168 
1.5499999999998457, -0.888299881389717 
1.5599999999998446, -0.8984177151144407 
1.5699999999998435, -0.9084095667474741 
1.5799999999998424, -0.9181673433000229 
1.5899999999998413, -0.9275778682192943 
1.5999999999998402, -0.9365282740506049 
1.6099999999998391, -0.9449124522569097 
1.619999999999838, -0.9526377516090893 
1.629999999999837, -0.9596309259909952 
1.6399999999998358, -0.965842376445805 
1.6499999999998347, -0.9712480292988396 
1.6599999999998336, -0.9758486639610906 
1.6699999999998325, -0.9796670039017742 
1.6799999999998314, -0.9827432624598433 
1.6899999999998303, -0.985130002228526 
1.6999999999998292, -0.9868871202113606 
1.709999999999828, -0.9880775769860517 
1.719999999999827, -0.9887642383963867 
1.729999999999826, -0.9890079698668656 
1.7399999999998248, -0.9888669583828915 
1.7499999999998237, -0.988397142616836 
1.7599999999998226, -0.9876535911094498 
1.7699999999998215, -0.9866926549799808 
1.7799999999998204, -0.9855747081347237 
1.7899999999998193, -0.9843672529297481 
1.7999999999998182, -0.9831481009257053 
1.809999999999817, -0.982008238113499 
1.819999999999816, -0.9810538698846398 
1.8299999999998149, -0.9804070499064769 
1.8399999999998138, -0.9802042814826114 
1.8499999999998127, -0.9805925963652689 
1.8599999999998116, -0.9817229030727311 
1.8699999999998105, -0.9837408491727929 
1.8799999999998094, -0.9867759907352164 
1.8899999999998083, -0.990930576496978 
1.8999999999998072, -0.9962695735210527 
1.909999999999806, -1.002813550635167 
1.919999999999805, -1.010535646151486 
1.9299999999998039, -1.0193631463678439 
1.9399999999998028, -1.0291833665008974 
1.9499999999998017, -1.0398527795872619 
1.9599999999998006, -1.0512078729659113 
1.9699999999997995, -1.0630761189865112 
1.9799999999997984, -1.0752856975017024 
1.9899999999997973, -1.0876730787537339 
1.9999999999997962, -1.100088107049439 
2.0099999999998173, -1.1123966829139817 
2.0199999999998384, -1.124481448897441 
2.0299999999998595, -1.1362410303439865 
2.0399999999998806, -1.147588400038567 
2.0499999999999017, -1.1584488744353743 
2.059999999999923, -1.1687581531721114 
2.069999999999944, -1.1784607095304556 
2.079999999999965, -1.1875087361719985 
2.089999999999986, -1.1958617452561484 
2.100000000000007, -1.2034868105607748 
2.1100000000000283, -1.2103593239879047 
2.1200000000000494, -1.2164640337717172 
2.1300000000000705, -1.2217960603864984 
2.1400000000000916, -1.2263615734268571 
2.1500000000001127, -1.2301778725856765 
2.160000000000134, -1.2332727413544913 
2.170000000000155, -1.235683103686202 
2.180000000000176, -1.2374531686000803 
2.190000000000197, -1.2386323551270055 
2.2000000000002182, -1.2392733266294185 
2.2100000000002393, -1.2394304283909379 
2.2200000000002604, -1.239158731860674 
2.2300000000002815, -1.2385137659043945 
2.2400000000003026, -1.23755187947756 
2.2500000000003237, -1.2363310445896494 
2.260000000000345, -1.2349117847761952 
2.270000000000366, -1.2333578211200453 
2.280000000000387, -1.2317359974386217 
2.290000000000408, -1.2301151206142389 
2.3000000000004293, -1.2285635627026295 
2.3100000000004504, -1.2271458063919425 
2.3200000000004715, -1.2259184922008306 
2.3300000000004926, -1.2249267997639373 
2.3400000000005137, -1.224202018822051 
2.3500000000005348, -1.2237608758031542 
2.360000000000556, -1.2236066617865884 
2.370000000000577, -1.223731662097114 
2.380000000000598, -1.2241200426962153 
2.390000000000619, -1.2247503351095013 
2.4000000000006403, -1.2255969586255118 
2.4100000000006614, -1.2266306777678566 
2.4200000000006825, -1.2278183190284468 
2.4300000000007036, -1.2291223061682293 
2.4400000000007247, -1.2305005557046556 
2.450000000000746, -1.2319070492705655 
2.460000000000767, -1.2332930897036738 
2.470000000000788, -1.2346089903147208 
2.480000000000809, -1.2358058319917282 
2.49000000000083, -1.2368369628510156 
2.5000000000008513, -1.2376590566364387 
2.5100000000008724, -1.2382327103185784 
2.5200000000008935, -1.2385226844786867 
2.5300000000009146, -1.2384979430039993 
2.5400000000009357, -1.2381316352806775 
2.550000000000957, -1.2374011079378822 
2.560000000000978, -1.2362879632902537 
2.570000000000999, -1.2347781230746737 
2.58000000000102, -1.2328618253641903 
2.5900000000010412, -1.2305334856576247 
2.6000000000010624, -1.2277913856599278 
2.6100000000010835, -1.2246372024818544 
2.6200000000011046, -1.221075440234778 
2.6300000000011257, -1.2171128601634271 
2.6400000000011468, -1.2127580156862898 
2.650000000001168, -1.2080209844426955 
2.660000000001189, -1.2029133572659254 
2.67000000000121, -1.197448504304007 
2.680000000001231, -1.1916421017332544 
2.6900000000012523, -1.185512876411738 
2.7000000000012734, -1.179083514198461 
2.7100000000012945, -1.1723816800355373 
2.7200000000013156, -1.1654411093546202 
2.7300000000013367, -1.1583027413932256 
2.740000000001358, -1.1510158618646953 
2.750000000001379, -1.1436391898140945 
2.7600000000014, -1.136241770626743 
2.770000000001421, -1.1289034269021274 
2.780000000001442, -1.1217143967225869 
2.7900000000014633, -1.1147737058772615 
2.8000000000014844, -1.1081858448822925 
2.8100000000015055, -1.102055514329734 
2.8200000000015266, -1.0964805823989032 
2.8300000000015477, -1.0915439102582019 
2.840000000001569, -1.0873052032329793 
2.85000000000159, -1.083794344309527 
2.860000000001611, -1.0810075932249672 
2.870000000001632, -1.0789075375127002 
2.8800000000016532, -1.0774268791366792 
2.8900000000016743, -1.0764752875594217 
2.9000000000016954, -1.0759479313272686 
2.9100000000017165, -1.0757340988239945 
2.9200000000017377, -1.0757245443527201 
2.9300000000017588, -1.0758167043000988 
2.94000000000178, -1.0759175114517652 
2.950000000001801, -1.07594401788241 
2.960000000001822, -1.0758223303916974 
2.970000000001843, -1.0754854678664565 
2.9800000000018643, -1.0748707223219078 
2.9900000000018854, -1.0739170138595857 
3.0000000000019065, -1.0725626294230892 
3.0100000000019276, -1.070743655282722 
3.0200000000019487, -1.0683933572869577 
3.03000000000197, -1.065442715127734 
3.040000000001991, -1.0618222499221586 
3.050000000002012, -1.0574651699758248 
3.060000000002033, -1.0523116810390187 
3.070000000002054, -1.0463140738782142 
3.0800000000020753, -1.0394419583723804 
3.0900000000020964, -1.0316868365742349 
3.1000000000021175, -1.0230651827210824 
3.1100000000021386, -1.0136193799989457 
3.1200000000021597, -1.0034162367748543 
3.130000000002181, -0.9925432750350787 
3.140000000002202, -0.9811034100323215 
3.150000000002223, -0.969208895217126 
3.160000000002244, -0.9569754308969582 
3.1700000000022652, -0.9445171548871324 
3.1800000000022863, -0.9319429360422037 
3.1900000000023074, -0.9193540793834447 
3.2000000000023285, -0.9068433021614929 
3.2100000000023496, -0.8944946891402786 
3.2200000000023707, -0.8823842806676688 
3.230000000002392, -0.8705809648214601 
3.240000000002413, -0.8591474051278868 
3.250000000002434, -0.848140812300169 
3.260000000002455, -0.8376134446832043 
3.2700000000024763, -0.8276127882626984 
3.2800000000024974, -0.8181814198076434 
3.2900000000025185, -0.8093565960599457 
3.3000000000025396, -0.8011696394467289 
3.3100000000025607, -0.7936452083324218 
3.3200000000025818, -0.7868005486411974 
3.330000000002603, -0.7806448244501243 
3.340000000002624, -0.7751786181678624 
3.350000000002645, -0.7703936764588541 
3.360000000002666, -0.7662729568512092 
3.3700000000026873, -0.7627910034084235 
3.3800000000027084, -0.7599146502189373 
3.3900000000027295, -0.7576040217360105 
3.4000000000027506, -0.7558137725011327 
3.4100000000027717, -0.7544944886568705 
3.420000000002793, -0.7535941623295933 
3.430000000002814, -0.7530596486904464 
3.440000000002835, -0.7528380241088781 
3.450000000002856, -0.7528777807229692 
3.460000000002877, -0.7531298152915791 
3.4700000000028983, -0.7535481950812853 
3.4800000000029194, -0.7540907074298928 
3.4900000000029405, -0.7547192195806671 
3.5000000000029616, -0.7553998891732667 
3.5100000000029827, -0.756103272017644 
3.520000000003004, -0.7568043719037543 
3.530000000003025, -0.7574826674551179 
3.540000000003046, -0.7581221345174464 
3.550000000003067, -0.758711261391323 
3.5600000000030882, -0.7592430316357122 
3.5700000000031094, -0.7597148295472195 
3.5800000000031305, -0.7601282116859664 
3.5900000000031516, -0.760488488358795 
3.6000000000031727, -0.7608040741371419 
3.6100000000031938, -0.7610855952912587 
3.620000000003215, -0.7613447797475381 
3.630000000003236, -0.7615931943852574 
3.640000000003257, -0.761840927220222 
3.650000000003278, -0.7620953322142695 
3.6600000000032993, -0.7623599594093201 
3.6700000000033204, -0.7626337833095684 
3.6800000000033415, -0.7629108201014838 
3.6900000000033626, -0.7631801915811678 
3.7000000000033837, -0.7634266521169779 
3.710000000003405, -0.7636315465387691 
3.720000000003426, -0.7637741156787752 
3.730000000003447, -0.7638330200518344 
3.740000000003468, -0.7637879211725725 
3.750000000003489, -0.7636209539796777 
3.7600000000035103, -0.7633179475024428 
3.7700000000035314, -0.7628693009022472 
3.7800000000035525, -0.7622704870878737 
3.7900000000035736, -0.7615222207743193 
3.8000000000035947, -0.7606303778791362 
3.810000000003616, -0.7596057799446139 
3.820000000003637, -0.7584639595460947 
3.830000000003658, -0.7572250050547368 
3.840000000003679, -0.7559135532636059 
3.8500000000037002, -0.7545589637813709 
3.8600000000037213, -0.7531956753070748 
3.8700000000037424, -0.7518637140116098 
3.8800000000037635, -0.7506092993923242 
3.8900000000037847, -0.7494854732316709 
3.9000000000038058, -0.7485526626149311 
3.910000000003827, -0.7478790786608701 
3.920000000003848, -0.7475408495189348 
3.930000000003869, -0.7476217904118049 
3.94000000000389, -0.7482127260533398 
3.9500000000039113, -0.749410302059498 
3.9600000000039324, -0.7513152514619327 
3.9700000000039535, -0.7540301185312234 
3.9800000000039746, -0.7576564822793282 
3.9900000000039957, -0.7622917630716569 
4.000000000004016, -0.7680257343045306 
4.010000000003993, -0.7749368936659538 
4.02000000000397, -0.7830888717993018 
4.030000000003946, -0.7925270671128263 
4.040000000003923, -0.8032756912391874 
4.0500000000039, -0.8153353882611272 
4.0600000000038765, -0.8286815519416246 
4.070000000003853, -0.843263411226125 
4.08000000000383, -0.8590038912825739 
4.090000000003807, -0.8758001952653096 
4.100000000003783, -0.8935250037367527 
4.11000000000376, -0.9120281678363924 
4.120000000003737, -0.9311387897083281 
4.130000000003713, -0.9506676435506455 
4.14000000000369, -0.9704099865595346 
4.150000000003667, -0.9901489212173058 
4.1600000000036434, -1.0096595648541187 
4.17000000000362, -1.0287143142811566 
4.180000000003597, -1.0470894162557454 
4.1900000000035735, -1.064572838378841 
4.20000000000355, -1.0809730885248816 
4.210000000003527, -1.0961282208626588 
4.220000000003504, -1.109913917242669 
4.23000000000348, -1.1222493925114028 
4.240000000003457, -1.13310005003559 
4.250000000003434, -1.1424763135799854 
4.26000000000341, -1.1504287585796413 
4.270000000003387, -1.1570403475000213 
4.280000000003364, -1.1624170334139743 
4.2900000000033405, -1.1666781213098871 
4.300000000003317, -1.1699475869630187 
4.310000000003294, -1.172347166998156 
4.320000000003271, -1.1739916004348792 
4.330000000003247, -1.1749860390509235 
4.340000000003224, -1.1754254070722672 
4.350000000003201, -1.175395377425347 
4.360000000003177, -1.174974602598688 
4.370000000003154, -1.174237840251068 
4.380000000003131, -1.173259598764963 
4.390000000003107, -1.1721178645196988 
4.400000000003084, -1.1708973566850824 
4.410000000003061, -1.169691620531494 
4.4200000000030375, -1.1686031936020476 
4.430000000003014, -1.1677411694214144 
4.440000000002991, -1.1672158400452088 
4.450000000002968, -1.1671307414525467 
4.460000000002944, -1.1675732276144455 
4.470000000002921, -1.168605380593311 
4.480000000002898, -1.1702572941184037 
4.490000000002874, -1.1725243457326646 
4.500000000002851, -1.1753690788271924 
4.510000000002828, -1.1787271122112335 
4.520000000002804, -1.1825155449627207 
4.530000000002781, -1.1866419523396177 
4.540000000002758, -1.1910123153761452 
4.5500000000027345, -1.1955368803048847 
4.560000000002711, -1.2001336902031525 
4.570000000002688, -1.2047301119853242 
4.580000000002665, -1.209262976831855 
4.590000000002641, -1.213677975905577 
4.600000000002618, -1.2179288015220282 
4.610000000002595, -1.2219763114451985 
4.620000000002571, -1.2257878090686605 
4.630000000002548, -1.2293364180884216 
4.640000000002525, -1.2326004888138389 
4.6500000000025015, -1.2355629822612915 
4.660000000002478, -1.2382108099319242 
4.670000000002455, -1.2405341407839823 
4.6800000000024315, -1.2425257118392905 
4.690000000002408, -1.2441801924346665 
4.700000000002385, -1.245493655164149 
4.710000000002362, -1.246463200343721 
4.720000000002338, -1.2470867664006502 
4.730000000002315, -1.2473631376005194 
4.740000000002292, -1.2472921363150928 
4.750000000002268, -1.2468749647150015 
4.760000000002245, -1.2461146459401597 
4.770000000002222, -1.2450165113253786 
4.7800000000021985, -1.2435886881912215 
4.790000000002175, -1.2418425575178962 
4.800000000002152, -1.2397931646494353 
4.810000000002129, -1.2374595710046001 
4.820000000002105, -1.234865126416995 
4.830000000002082, -1.232037623139525 
4.840000000002059, -1.2290092747351058 
4.850000000002035, -1.2258164622934156 
4.860000000002012, -1.2224992210997607 
4.870000000001989, -1.2191005056633202 
4.880000000001965, -1.215665352075396 
4.890000000001942, -1.2122401152328794 
4.900000000001919, -1.2088719478388579 
4.9100000000018955, -1.2056085788172293 
4.920000000001872, -1.2024982543750085 
4.930000000001849, -1.1995894917335652 
4.940000000001826, -1.1969301655607527 
4.950000000001802, -1.1945654970276536 
4.960000000001779, -1.1925347869629244 
4.970000000001756, -1.1908671777844204 
4.980000000001732, -1.1895771980456458 
4.990000000001709, -1.1886611402570193 
5.000000000001686, -1.188095282521157 
5.0100000000016625, -1.1878365506779585 
5.020000000001639, -1.1878255638520756 
5.030000000001616, -1.1879913652549134 
5.0400000000015925, -1.1882567566798783 
5.050000000001569, -1.1885431436487695 
5.060000000001546, -1.1887741028575496 
5.070000000001523, -1.1888773370201484 
5.080000000001499, -1.188785107721221 
5.090000000001476, -1.1884335251978373 
5.100000000001453, -1.1877612015746501 
5.110000000001429, -1.1867077759723186 
5.120000000001406, -1.185212748959114 
5.130000000001383, -1.1832149612751999 
5.1400000000013595, -1.1806529366269116 
5.150000000001336, -1.1774661817258207 
5.160000000001313, -1.1735973939348654 
5.17000000000129, -1.1689953706546714 
5.180000000001266, -1.1636182641493908 
5.190000000001243, -1.1574367165291493 
5.20000000000122, -1.1504363829599697 
5.210000000001196, -1.1426194335569455 
5.220000000001173, -1.1340048100511697 
5.23000000000115, -1.1246272584671275 
5.240000000001126, -1.114535395405342 
5.250000000001103, -1.1037892271356726 
5.26000000000108, -1.0924575899076445 
5.2700000000010565, -1.0806159185552238 
5.280000000001033, -1.0683446126330538 
5.29000000000101, -1.0557281021626304 
5.300000000000987, -1.0428545599850707 
5.310000000000963, -1.029816089579037 
5.32000000000094, -1.0167091435104416 
5.330000000000917, -1.0036348943404718 
5.340000000000893, -0.9906992788214265 
5.35000000000087, -0.9780124616427526 
5.360000000000847, -0.9656875156163516 
5.3700000000008234, -0.953838193360912 
5.3800000000008, -0.9425757732659337 
5.390000000000777, -0.9320050963288938 
5.4000000000007535, -0.9222200573488352 
5.41000000000073, -0.9132989505113658 
5.420000000000707, -0.9053001655383773 
5.430000000000684, -0.8982587574786245 
5.44000000000066, -0.8921843529990252 
5.450000000000637, -0.8870607095576133 
5.460000000000614, -0.8828470332426588 
5.47000000000059, -0.8794809255645674 
5.480000000000567, -0.8768826154901549 
5.490000000000544, -0.8749599818167193 
5.5000000000005205, -0.8736138081952085 
5.510000000000497, -0.872742743029089 
5.520000000000474, -0.8722475429591103 
5.5300000000004506, -0.8720343315961034 
5.540000000000427, -0.8720167699962722 
5.550000000000404, -0.8721171821292091 
5.560000000000381, -0.8722667879831603 
5.570000000000357, -0.8724052621299843 
5.580000000000334, -0.872479860067173 
5.590000000000311, -0.8724443481426759 
5.600000000000287, -0.8722579465529784 
5.610000000000264, -0.8718844579039083 
5.620000000000241, -0.8712917112340636 
5.6300000000002175, -0.8704514041431421 
5.640000000000194, -0.869339371910911 
5.650000000000171, -0.8679362503123064 
5.660000000000148, -0.8662284295094436 
5.670000000000124, -0.8642091272987334 
5.680000000000101, -0.86187935546226 
5.690000000000078, -0.8592485316852448 
5.700000000000054, -0.856334517776014 
5.710000000000031, -0.8531629480099928 
5.720000000000008, -0.8497658370527978 
5.729999999999984, -0.8461795958589864 
5.739999999999961, -0.8424426990948475 
5.749999999999938, -0.8385933081691977 
5.7599999999999145, -0.8346671472103373 
5.769999999999891, -0.8306958642079442 
5.779999999999868, -0.826706010395346 
5.789999999999845, -0.8227186662853682 
5.799999999999821, -0.8187496551233383 
5.809999999999798, -0.8148102255885744 
5.819999999999775, -0.8109080569068975 
5.829999999999751, -0.80704843626204 
5.839999999999728, -0.8032354732012796 
5.849999999999705, -0.7994732414341974 
5.8599999999996815, -0.7957667689641849 
5.869999999999658, -0.7921228280481419 
5.879999999999635, -0.7885505034048064 
5.8899999999996115, -0.7850615380095822 
5.899999999999588, -0.7816704697793504 
5.909999999999565, -0.7783945799491557 
5.919999999999542, -0.7752536765735275 
5.929999999999518, -0.7722697364900551 
5.939999999999495, -0.7694664283034962 
5.949999999999472, -0.7668685389206703 
5.959999999999448, -0.764501327474807 
5.969999999999425, -0.7623898328928976 
5.979999999999402, -0.7605581640836735 
5.9899999999993785, -0.7590288037436249 
5.999999999999355, -0.7578219572064525 
6.009999999999332, -0.7569549760825564 
6.019999999999309, -0.7564418826093787 
6.029999999999285, -0.7562930150508576 
6.039999999999262, -0.7565148078108405 
6.049999999999239, -0.7571097128996137 
6.059999999999215, -0.7580762626408378 
6.069999999999192, -0.7594092674252317 
6.079999999999169, -0.7611001370482271 
6.089999999999145, -0.7631373096469867 
6.099999999999122, -0.7655067683024864 
6.109999999999099, -0.7681926218046617 
6.1199999999990755, -0.7711777227524818 
6.129999999999052, -0.7744442930075479 
6.139999999999029, -0.7779745235355631 
6.149999999999006, -0.7817511129101417 
6.159999999998982, -0.7857577063597024 
6.169999999998959, -0.7899791955129954 
6.179999999998936, -0.7944018385119548 
6.189999999998912, -0.7990131618444847 
6.199999999998889, -0.8038016104271595 
6.209999999998866, -0.8087559227675113 
6.2199999999988425, -0.813864225182985 
6.229999999998819, -0.8191128645456366 
6.239999999998796, -0.8244850336779397 
6.2499999999987725, -0.8299592868500664 
6.259999999998749, -0.8355080920720835 
6.269999999998726, -0.8410966157806299 
6.279999999998703, -0.8466819731342018 
6.289999999998679, -0.8522131876536331 
6.299999999998656, -0.8576320691515111 
6.309999999998633, -0.8628751243843006 
6.319999999998609, -0.8678764595751971 
6.329999999998586, -0.8725714392505338 
6.339999999998563, -0.8769006775817044 
6.3499999999985395, -0.8808138163831969 
6.359999999998516, -0.884272538848625 
6.369999999998493, -0.8872523964916605 
6.37999999999847, -0.8897432581203556 
6.389999999998446, -0.8917484563858472 
6.399999999998423, -0.8932829331692382 
6.4099999999984, -0.8943708158528254 
6.419999999998376, -0.8950428778573097 
6.429999999998353, -0.895334270388339 
6.43999999999833, -0.8952827986525033 
6.449999999998306, -0.8949278947594623 
6.459999999998283, -0.8943103377191409 
6.46999999999826, -0.8934726983186418 
6.4799999999982365, -0.8924604398356663 
6.489999999998213, -0.8913235737059777 
6.49999999999819, -0.8901187397583624 
6.509999999998167, -0.8889115430721295 
6.519999999998143, -0.887778928533981 
6.52999999999812, -0.8868113112972413 
6.539999999998097, -0.8861141160940873 
6.549999999998073, -0.885808328140335 
6.55999999999805, -0.8860296464314669 
6.569999999998027, -0.8869258808514743 
6.5799999999980034, -0.8886523658652725 
6.58999999999798, -0.8913653795362598 
6.599999999997957, -0.8952138403950098 
6.6099999999979335, -0.9003298668725247 
6.61999999999791, -0.9068190669974847 
6.629999999997887, -0.9147516146649187 
6.639999999997864, -0.9241552052449482 
6.64999999999784, -0.9350108336088304 
6.659999999997817, -0.9472520055108891 
6.669999999997794, -0.9607675269989263 
6.67999999999777, -0.9754075041105283 
6.689999999997747, -0.9909917349346109 
6.699999999997724, -1.0073193868369803 
6.7099999999977005, -1.0241787815125833 
6.719999999997677, -1.0413562593767718 
6.729999999997654, -1.0586434073288014 
6.7399999999976306, -1.075842322228929 
6.749999999997607, -1.0927689565611047 
6.759999999997584, -1.109254885173364 
6.769999999997561, -1.1251480077171503 
6.779999999997537, -1.1403127541929052 
6.789999999997514, -1.154630302596544 
6.799999999997491, -1.167999168510365 
6.809999999997467, -1.1803363129147804 
6.819999999997444, -1.1915786716520897 
6.829999999997421, -1.2016847850329269 
6.8399999999973975, -1.2106360545735266 
6.849999999997374, -1.2184371251671506 
6.859999999997351, -1.2251150068790566 
6.869999999997328, -1.2307167883734784 
6.879999999997304, -1.2353060876031363 
6.889999999997281, -1.2389586479217771 
6.899999999997258, -1.2417576461094493 
6.909999999997234, -1.243789301259885 
6.919999999997211, -1.2451392760946551 
6.929999999997188, -1.2458901929196307 
6.939999999997164, -1.2461203986918987 
6.949999999997141, -1.2459039448927063 
6.959999999997118, -1.2453116103261088 
6.9699999999970945, -1.2444126800957658 
6.979999999997071, -1.243277086165329 
6.989999999997048, -1.2419774084914954 
6.999999999997025, -1.2405901509475665 
7.009999999997001, -1.2391956958708525 
7.019999999996978, -1.2378764779448905 
7.029999999996955, -1.2367132563718946 
7.039999999996931, -1.2357798820118224 
7.049999999996908, -1.2351375141298748 
7.059999999996885, -1.2348296061592605 
7.0699999999968615, -1.234878932238355 
7.079999999996838, -1.2352874056084626 
7.089999999996815, -1.2360386192686248 
7.0999999999967915, -1.2371022551343114 
7.109999999996768, -1.2384390795311697 
7.119999999996745, -1.240005305255178 
7.129999999996722, -1.2417555594294203 
7.139999999996698, -1.2436443110912174 
7.149999999996675, -1.2456261293853852 
7.159999999996652, -1.247655401120125 
7.169999999996628, -1.249686106199139 
7.179999999996605, -1.2516720150355378 
7.189999999996582, -1.2535673738766302 
7.1999999999965585, -1.255327911625939 
7.209999999996535, -1.2569119041556 
7.219999999996512, -1.2582810644828557 
7.229999999996489, -1.2594011342361273 
7.239999999996465, -1.260242167002815 
7.249999999996442, -1.260778571076827 
7.259999999996419, -1.2609890030469189 
7.269999999996395, -1.2608561853881513 
7.279999999996372, -1.2603666835816987 
7.289999999996349, -1.259510643759703 
7.299999999996325, -1.2582814749949847 
7.309999999996302, -1.2566754652071044 
7.319999999996279, -1.2546913410979277 
7.3299999999962555, -1.252329809899082 
7.339999999996232, -1.249593142534965 
7.349999999996209, -1.2464848659524124 
7.359999999996186, -1.2430096243371063 
7.369999999996162, -1.239173247698097 
7.379999999996139, -1.2349830382827047 
7.389999999996116, -1.2304482577288365 
7.399999999996092, -1.225580776810239 
7.409999999996069, -1.2203958390886425 
7.419999999996046, -1.2149128917642011 
7.4299999999960225, -1.2091564514445206 
7.439999999995999, -1.2031569961391153 
7.449999999995976, -1.1969518987652878 
7.4599999999959525, -1.1905864258173786 
7.469999999995929, -1.1841147959752303 
7.479999999995906, -1.177601207712939 
7.489999999995883, -1.171120598453564 
7.499999999995859, -1.1647587171385296 
7.509999999995836, -1.158610942271673 
7.519999999995813, -1.1527792531935175 
7.529999999995789, -1.147366956735703 
7.539999999995766, -1.142471226163589 
7.549999999995743, -1.1381741626421509 
7.5599999999957195, -1.1345337541681166 
7.569999999995696, -1.1315765125507946 
7.579999999995673, -1.129293475809675 
7.58999999999565, -1.1276406024171222 
7.599999999995626, -1.1265435348534025 
7.609999999995603, -1.1259056443831266 
7.61999999999558, -1.125617572904359 
7.629999999995556, -1.125566371468017 
7.639999999995533, -1.125642750236563 
7.64999999999551, -1.1257456590438764 
7.659999999995486, -1.1257841247500433 
7.669999999995463, -1.1256767812647146 
7.67999999999544, -1.1253497764828952 
7.6899999999954165, -1.124733772075509 
7.699999999995393, -1.123760659912358 
7.70999999999537, -1.122360491445092 
7.719999999995347, -1.1204590107939738 
7.729999999995323, -1.117976119096605 
7.7399999999953, -1.11482556699624 
7.749999999995277, -1.110916143094583 
7.759999999995253, -1.1061545571636655 
7.76999999999523, -1.1004500683596836 
7.779999999995207, -1.0937206604218892 
7.789999999995183, -1.0859002366016062 
7.79999999999516, -1.076945967085988 
7.809999999995137, -1.0668446844662915 
7.8199999999951135, -1.0556172072566117 
7.82999999999509, -1.0433197432649035 
7.839999999995067, -1.0300420470362315 
7.849999999995044, -1.0159026357251695 
7.85999999999502, -1.001041910969055 
7.869999999994997, -0.9856143303478532 
7.879999999994974, -0.9697807621348954 
7.88999999999495, -0.953701895409274 
7.899999999994927, -0.937533188454152 
7.909999999994904, -0.9214214528570547 
7.9199999999948805, -0.9055028795125095 
7.929999999994857, -0.8899021505349377 
7.939999999994834, -0.8747322375428359 
7.9499999999948106, -0.8600945279169979 
7.959999999994787, -0.8460790081253683 
7.969999999994764, -0.8327643355533589 
7.979999999994741, -0.8202177264950845 
7.989999999994717, -0.8084946665995878 
7.999999999994694, -0.7976385065098022 
8.00999999999467, -0.7876800392464695 
8.019999999994647, -0.778637168936314 
8.029999999994624, -0.7705147758286529 
8.0399999999946, -0.7633048639064043 
8.049999999994577, -0.7569870488650078 
8.059999999994554, -0.751529410054217 
8.06999999999453, -0.7468896943373405 
8.079999999994508, -0.7430168265932989 
8.089999999994484, -0.7398526540804844 
8.099999999994461, -0.7373338326209992 
8.109999999994438, -0.7353937531006004 
8.119999999994414, -0.7339644075736861 
8.129999999994391, -0.7329781046564673 
8.139999999994368, -0.7323689622045969 
8.149999999994344, -0.7320741290318792 
8.159999999994321, -0.7320347137194076 
8.169999999994298, -0.7321964244400649 
8.179999999994275, -0.7325099465783819 
8.189999999994251, -0.7329311027701021 
8.199999999994228, -0.7334208515434575 
8.209999999994205, -0.7339451853925006 
8.219999999994181, -0.7344749867227457 
8.229999999994158, -0.734985890892488 
8.239999999994135, -0.7354581900485707 
8.249999999994111, -0.7358767906083391 
8.259999999994088, -0.7362312128550332 
8.269999999994065, -0.7365155961362955 
8.279999999994041, -0.7367286518024556 
8.289999999994018, -0.7368734933409512 
8.299999999993995, -0.7369572738680202 
8.309999999993972, -0.7369905779076407 
8.319999999993948, -0.7369865462744755 
8.329999999993925, -0.7369597547129709 
8.339999999993902, -0.7369249103643276 
8.349999999993878, -0.7368954660863726 
8.359999999993855, -0.7368822743348561 
8.369999999993832, -0.7368924070757071 
8.379999999993808, -0.7369282574564544 
8.389999999993785, -0.736987016351891 
8.399999999993762, -0.7370605858737199 
8.409999999993738, -0.7371359544233755 
8.419999999993715, -0.7371960147802544 
8.429999999993692, -0.7372207599613448 
8.439999999993669, -0.737188746144095 
8.449999999993645, -0.7370786762930833 
8.459999999993622, -0.736870942115155 
8.469999999993599, -0.7365489727348379 
8.479999999993575, -0.7361002765729572 
8.489999999993552, -0.7355171208233601 
8.499999999993529, -0.7347968572269734 
8.509999999993505, -0.7339419589053142 
8.519999999993482, -0.73295986993453 
8.529999999993459, -0.7318627828088629 
8.539999999993436, -0.7306674511509443 
8.549999999993412, -0.7293951223273061 
8.559999999993389, -0.7280716444963474 
8.569999999993366, -0.7267277712804755 
8.579999999993342, -0.7253996585971247 
8.589999999993319, -0.7241295238037294 
8.599999999993296, -0.722966417251194 
8.609999999993272, -0.7219670399687311 
8.619999999993249, -0.7211965279234019 
8.629999999993226, -0.7207291129344031 
8.639999999993202, -0.7206485631967762 
8.64999999999318, -0.721048303151717 
8.659999999993156, -0.7220311138944052 
8.669999999993133, -0.7237083220535514 
8.67999999999311, -0.7261983974636032 
8.689999999993086, -0.7296248981233397 
8.699999999993063, -0.7341137250269447 
8.70999999999304, -0.7397896798294664 
8.719999999993016, -0.7467723556565189 
8.729999999992993, -0.7551714364558624 
8.73999999999297, -0.7650815332619051 
8.749999999992946, -0.7765767450367467 
8.759999999992923, -0.7897051929256527 
8.7699999999929, -0.8044838318573241 
8.779999999992876, -0.8208938814730932 
8.789999999992853, -0.838877227659655 
8.79999999999283, -0.858334117836397 
8.809999999992806, -0.8791224065040183 
8.819999999992783, -0.9010585120341493 
8.82999999999276, -0.9239201413390794 
8.839999999992736, -0.9474507510654191 
8.849999999992713, -0.9713656625830156 
8.85999999999269, -0.9953597370228778 
8.869999999992666, -1.0191165248451546 
8.879999999992643, -1.0423187867229082 
8.88999999999262, -1.0646601836479923 
8.899999999992596, -1.0858577155943614 
8.909999999992573, -1.1056641602727773 
8.91999999999255, -1.1238794076985297 
8.929999999992527, -1.1403593460898125 
8.939999999992503, -1.155020986160804 
8.94999999999248, -1.1678429038901064 
8.959999999992457, -1.178860792123451 
8.969999999992433, -1.1881587530093058 
8.97999999999241, -1.1958576793310927 
8.989999999992387, -1.2021024504333802 
8.999999999992363, -1.2070496307487995 
9.00999999999234, -1.2108569818816497 
9.019999999992317, -1.2136755540481612 
9.029999999992294, -1.215644588875097 
9.03999999999227, -1.2168890645475616 
9.049999999992247, -1.2175194874853879 
9.059999999992224, -1.2176334583034456 
9.0699999999922, -1.217318554703088 
9.079999999992177, -1.2166561130994735 
9.089999999992154, -1.2157254972736322 
9.09999999999213, -1.2146083810309536 
9.109999999992107, -1.2133924406383483 
9.119999999992084, -1.2121736954546156 
9.12999999999206, -1.2110566489217232 
9.139999999992037, -1.2101515030128176 
9.149999999992014, -1.209568166790794 
9.15999999999199, -1.209407563386692 
9.169999999991967, -1.2097516748261745 
9.179999999991944, -1.2106544804867958 
9.18999999999192, -1.2121360429406973 
9.199999999991897, -1.2141812928929903 
9.209999999991874, -1.2167437667351544 
9.21999999999185, -1.219753177552525 
9.229999999991827, -1.223124808531338 
9.239999999991804, -1.2267685945711087 
9.24999999999178, -1.2305963131242943 
9.259999999991757, -1.2345261892741142 
9.269999999991734, -1.2384850472457045 
9.27999999999171, -1.2424086615402794 
9.289999999991688, -1.246241114806787 
9.299999999991664, -1.2499338402118652 
9.309999999991641, -1.253444760310053 
9.319999999991618, -1.2567376688907252 
9.329999999991594, -1.259781820368451 
9.339999999991571, -1.262551614259211 
9.349999999991548, -1.265026266383991 
9.359999999991524, -1.2671894025994759 
9.369999999991501, -1.2690285599535032 
9.379999999991478, -1.2705346156635537 
9.389999999991455, -1.27170118298484 
9.399999999991431, -1.2725240196715286 
9.409999999991408, -1.2730004950369618 
9.419999999991385, -1.2731291584518536 
9.429999999991361, -1.2729094454303191 
9.439999999991338, -1.2723415462568262 
9.449999999991315, -1.2714264466086234 
9.459999999991291, -1.2701661321391624 
9.469999999991268, -1.2685639332338239 
9.479999999991245, -1.2666249754838583 
9.489999999991221, -1.264356697005112 
9.499999999991198, -1.2617693937684307 
9.509999999991175, -1.2588767548715412 
9.519999999991152, -1.2556963480524683 
9.529999999991128, -1.252250012275684 
9.539999999991105, -1.248564114847358 
9.549999999991082, -1.2446696450130237 
9.559999999991058, -1.240602152219448 
9.569999999991035, -1.2364015924197804 
9.579999999991012, -1.2321121993812991 
9.589999999990988, -1.227782512444948 
9.599999999990965, -1.2234656272089668 
9.609999999990942, -1.219219572842945 
9.619999999990918, -1.2151074876244692 
9.629999999990895, -1.2111970466788133 
9.639999999990872, -1.2075585132938083 
9.649999999990849, -1.204260948453343 
9.659999999990825, -1.2013665621705019 
9.669999999990802, -1.1989238407873801 
9.679999999990779, -1.196960718773332 
9.689999999990755, -1.195479394032566 
9.699999999990732, -1.1944541910201882 
9.709999999990709, -1.19383314592111 
9.719999999990685, -1.1935429733261953 
9.729999999990662, -1.1934961771623418 
9.739999999990639, -1.1935986320637617 
9.749999999990616, -1.1937560911643303 
9.759999999990592, -1.1938786221752964 
9.769999999990569, -1.1938826540855074 
9.779999999990546, -1.1936908825234132 
9.789999999990522, -1.1932306119619989 
9.799999999990499, -1.1924312157301702 
9.809999999990476, -1.1912213499420505 
9.819999999990452, -1.189526453737981 
9.829999999990429, -1.1872669657196218 
9.839999999990406, -1.1843576060784555 
9.849999999990382, -1.180708003987663 
9.85999999999036, -1.176224859892942 
9.869999999990336, -1.1708156897214315 
9.879999999990313, -1.1643939857530687 
9.88999999999029, -1.1568853621503985 
9.899999999990266, -1.1482339872831555 
9.909999999990243, -1.1384084259885894 
9.91999999999022, -1.1274060083221245 
9.929999999990196, -1.115255049201264 
9.939999999990173, -1.1020146319342452 
9.94999999999015, -1.0877721306437065 
9.959999999990126, -1.0726390425698018 
9.969999999990103, -1.0567459192152158 
9.97999999999008, -1.0402371848288856 
9.989999999990056, -1.023266448751444 
9.999999999990033, -1.0059926400377501 
10.00999999999001, -0.9885770107653824 
10.019999999989986, -0.9711808361548803 
10.029999999989963, -0.9539635166636462 
10.03999999998994, -0.9370807602758761 
10.049999999989916, -0.9206825742901525 
10.059999999989893, -0.9049108994785987 
10.06999999998987, -0.8898968492864838 
10.079999999989846, -0.8757576485668597 
10.089999999989823, -0.8625934790784712 
10.0999999999898, -0.850484515569425 
10.109999999989776, -0.8394884654215213 
10.119999999989753, -0.8296389027940689 
10.12999999998973, -0.8209446196891246 
10.139999999989707, -0.8133901137078801 
10.149999999989683, -0.80693721289367 
10.15999999998966, -0.8015277208451304 
10.169999999989637, -0.7970868670409925 
10.179999999989613, -0.793527280168964 
10.18999999998959, -0.7907531723550721 
10.199999999989567, -0.7886644296998935 
10.209999999989543, -0.7871603444422938 
10.21999999998952, -0.7861427876419085 
10.229999999989497, -0.7855186977224706 
10.239999999989474, -0.7852018385672298 
10.24999999998945, -0.7851138516030771 
10.259999999989427, -0.7851846826948852 
10.269999999989404, -0.7853525032872078 
10.27999999998938, -0.7855632658619016 
10.289999999989357, -0.7857700386049002 
10.299999999989334, -0.785932256588749 
10.30999999998931, -0.7860150101887171 
10.319999999989287, -0.7859884683644718 
10.329999999989264, -0.7858275060556132 
10.33999999998924, -0.7855115713905818 
10.349999999989217, -0.7850247896444528 
10.359999999989194, -0.7843562580251449 
10.36999999998917, -0.7835004421206899 
10.379999999989147, -0.7824575482318288 
10.389999999989124, -0.7812337254876845 
10.3999999999891, -0.7798409572032191 
10.409999999989077, -0.7782965378144072 
10.419999999989054, -0.7766220972075031 
10.42999999998903, -0.7748422160355618 
10.439999999989007, -0.7729827544910426 
10.449999999988984, -0.7710690732579775 
10.45999999998896, -0.7691243459568445 
10.469999999988937, -0.7671681453295495 
10.479999999988914, -0.7652154391949535 
10.48999999998889, -0.763276071097539 
10.499999999988868, -0.7613547386155939 
10.509999999988844, -0.7594514291670641 
10.519999999988821, -0.7575622332315882 
10.529999999988798, -0.7556804289034381 
10.539999999988774, -0.7537977189979193 
10.549999999988751, -0.7519055020902867 
10.559999999988728, -0.7499960714833546 
10.569999999988704, -0.7480636597987133 
10.579999999988681, -0.7461052783273834 
10.589999999988658, -0.744121334179101 
10.599999999988635, -0.742116038581082 
10.609999999988611, -0.7400976412933522 
10.619999999988588, -0.7380785362865453 
10.629999999988565, -0.7360752826784174 
10.639999999988541, -0.7341085749176522 
10.649999999988518, -0.7322031810968376 
10.659999999988495, -0.7303878519888617 
10.669999999988471, -0.7286951891984251 
10.679999999988448, -0.7271614509372857 
10.689999999988425, -0.7258262695336527 
10.699999999988401, -0.7247322561111128 
10.709999999988378, -0.7239244744164036 
10.719999999988355, -0.7234497764568399 
10.729999999988332, -0.7233560059145389 
10.739999999988308, -0.723691089447918 
10.749999999988285, -0.7245020490982711 
10.759999999988262, -0.7258339793541753 
10.769999999988238, -0.7277290386113872 
10.779999999988215, -0.7302255059582438 
10.789999999988192, -0.7333569501984333 
10.799999999988168, -0.737151549181836 
10.809999999988145, -0.7416315847253445 
10.819999999988122, -0.7468131228495007 
10.829999999988098, -0.7527058720196798 
10.839999999988075, -0.7593131947879791 
10.849999999988052, -0.7666322317522518 
10.859999999988029, -0.7746540819900297 
10.869999999988005, -0.7833639719297814 
10.879999999987982, -0.7927413359504575 
10.889999999987959, -0.8027597281771831 
10.899999999987935, -0.8133864879218754 
10.909999999987912, -0.8245820938040157 
10.919999999987889, -0.8362991674728679 
10.929999999987865, -0.8484811313175114 
10.939999999987842, -0.8610605895224149 
10.949999999987819, -0.8739575899780583 
10.959999999987796, -0.8870780321919207 
10.969999999987772, -0.9003126002593873 
10.979999999987749, -0.913536693494181 
10.989999999987726, -0.9266118594622805 
10.999999999987702, -0.9393891558439073 
11.009999999987679, -0.9517146388848472 
11.019999999987656, -0.9634367935289574 
11.029999999987632, -0.9744152425655783 
11.039999999987609, -0.9845296269206769 
11.049999999987586, -0.9936873006324949 
11.059999999987562, -1.0018285631188106 
11.06999999998754, -1.0089285814316509 
11.079999999987516, -1.014995821073456 
11.089999999987493, -1.0200674939688703 
11.09999999998747, -1.0242030344091437 
11.109999999987446, -1.027476808175182 
11.119999999987423, -1.02997115407312 
11.1299999999874, -1.031770554853003 
11.139999999987376, -1.032957371006312 
11.149999999987353, -1.0336092543900444 
11.15999999998733, -1.033798143586179 
11.169999999987306, -1.033590633789463 
11.179999999987283, -1.0330494836511257 
11.18999999998726, -1.0322360305982896 
11.199999999987236, -1.0312132965844756 
11.209999999987213, -1.0300495479959924 
11.21999999998719, -1.0288220083777073 
11.229999999987166, -1.0276203083113353 
11.239999999987143, -1.0265491118095398 
11.24999999998712, -1.0257292275601941 
11.259999999987096, -1.025296465882843 
11.269999999987073, -1.0253976192980971 
11.27999999998705, -1.0261832880292305 
11.289999999987026, -1.027797842732379 
11.299999999987003, -1.0303675216604549 
11.30999999998698, -1.0339883095715492 
11.319999999986956, -1.0387156083575189 
11.329999999986933, -1.0445576013762314 
11.33999999998691, -1.0514735953581884 
11.349999999986887, -1.0593776413803702 
11.359999999986863, -1.068146677484704 
11.36999999998684, -1.077631615816002 
11.379999999986817, -1.087669433070084 
11.389999999986793, -1.098094455806541 
11.39999999998677, -1.1087475366085373 
11.409999999986747, -1.1194824787401132 
11.419999999986723, -1.1301696787194881 
11.4299999999867, -1.1406973864471721 
11.439999999986677, -1.1509711941402345 
11.449999999986654, -1.1609123943369206 
11.45999999998663, -1.1704557637331274 
11.469999999986607, -1.1795472025419442 
11.479999999986584, -1.1881415357150371 
11.48999999998656, -1.196200683300644 
11.499999999986537, -1.2036923318196677 
11.509999999986514, -1.2105891750794275 
11.51999999998649, -1.2168687285058128 
11.529999999986467, -1.2225136495399966 
11.539999999986444, -1.2275124220159683 
11.54999999998642, -1.2318601989088571 
11.559999999986397, -1.2355595649401367 
11.569999999986374, -1.2386209948485039 
11.57999999998635, -1.2410628496218248 
11.589999999986327, -1.2429108599093652 
11.599999999986304, -1.2441971668634642 
11.60999999998628, -1.2449590937358428 
11.619999999986257, -1.245237880283812 
11.629999999986234, -1.2450776137901398 
11.63999999998621, -1.244524537642827 
11.649999999986187, -1.2436268236948491 
11.659999999986164, -1.242434774912718 
11.66999999998614, -1.2410012979606044 
11.679999999986117, -1.2393823717902241 
11.689999999986094, -1.2376371652242648 
11.69999999998607, -1.2358274586605629 
11.709999999986048, -1.234016135180722 
11.719999999986024, -1.2322647335097736 
11.729999999986001, -1.230630358914918 
11.739999999985978, -1.2291625290875385 
11.749999999985954, -1.2279006607633964 
11.759999999985931, -1.2268727843935632 
11.769999999985908, -1.226095715680657 
11.779999999985884, -1.2255764424499926 
11.789999999985861, -1.2253140988509 
11.799999999985838, -1.2253017614706934 
11.809999999985815, -1.2255274666825233 
11.819999999985791, -1.22597423651744 
11.829999999985768, -1.2266193438242061 
11.839999999985745, -1.2274333660861947 
11.849999999985721, -1.2283796523036568 
11.859999999985698, -1.2294146476428043 
11.869999999985675, -1.2304891821253698 
11.879999999985651, -1.231550486621698 
11.889999999985628, -1.2325444886267491 
11.899999999985605, -1.2334179207331228 
11.909999999985581, -1.2341199147940776 
11.919999999985558, -1.2346029671017078 
11.929999999985535, -1.2348233537360664 
11.939999999985512, -1.2347411938006938 
11.949999999985488, -1.2343203876772342 
11.959999999985465, -1.2335286147837585 
11.969999999985442, -1.2323374910225413 
11.979999999985418, -1.2307228910601549 
11.989999999985395, -1.228665360230554 
11.999999999985372, -1.226150493149157 
12.009999999985348, -1.2231691502627626 
12.019999999985325, -1.2197174184757902 
12.029999999985302, -1.2157962861002825 
12.039999999985278, -1.211411076287314 
12.049999999985255, -1.2065707455202512 
12.059999999985232, -1.2012871884577607 
12.069999999985209, -1.195574691141072 
12.079999999985185, -1.1894496457599386 
12.089999999985162, -1.182930593708721 
12.099999999985139, -1.176038613770972 
12.109999999985115, -1.168798030747497 
12.119999999985092, -1.1612373931578113 
12.129999999985069, -1.153390656893777 
12.139999999985045, -1.1452985088412735 
12.149999999985022, -1.1370097594494817 
12.159999999984999, -1.1285827122932695 
12.169999999984976, -1.120086369825574 
12.179999999984952, -1.1116012541232374 
12.189999999984929, -1.103219521903464 
12.199999999984906, -1.0950439680427628 
12.209999999984882, -1.0871854938683458 
12.219999999984859, -1.0797587234948876 
12.229999999984836, -1.0728757211682762 
12.239999999984812, -1.0666381820752209 
12.249999999984789, -1.0611289540500326 
12.259999999984766, -1.056404149080713 
12.269999999984742, -1.0524872529869196 
12.27999999998472, -1.0493664247111236 
12.289999999984696, -1.0469956012112858 
12.299999999984673, -1.0452992401110444 
12.30999999998465, -1.0441797819255367 
12.319999999984626, -1.043526429075263 
12.329999999984603, -1.0432237444880108 
12.33999999998458, -1.0431588434548162 
12.349999999984556, -1.0432264460879899 
12.359999999984533, -1.043331592184669 
12.36999999998451, -1.0433902503485526 
12.379999999984486, -1.0433283103058737 
12.389999999984463, -1.0430795365187258 
12.39999999998444, -1.042583031972973 
12.409999999984416, -1.0417806741391888 
12.419999999984393, -1.040614889292955 
12.42999999998437, -1.039027053381325 
12.439999999984346, -1.0369567520237892 
12.449999999984323, -1.034342086223235 
12.4599999999843, -1.0311211505376676 
12.469999999984276, -1.02723471137956 
12.479999999984253, -1.022629958175583 
12.48999999998423, -1.0172649941062017 
12.499999999984206, -1.0111135119318968 
12.509999999984183, -1.0041689301695171 
12.51999999998416, -0.996447223704545 
12.529999999984136, -0.9879878262750222 
12.539999999984113, -0.9788523069425022 
12.54999999998409, -0.9691209524542901 
12.559999999984067, -0.9588877959595138 
12.569999999984043, -0.9482548962551043 
12.57999999998402, -0.9373267233211093 
12.589999999983997, -0.9262053578652798 
12.599999999983973, -0.9149869404244263 
12.60999999998395, -0.9037595061995314 
12.619999999983927, -0.8926020936980809 
12.629999999983903, -0.881584858206127 
12.63999999998388, -0.8707698576491637 
12.649999999983857, -0.8602121876984938 
12.659999999983834, -0.8499611963933941 
12.66999999998381, -0.8400615803961715 
12.679999999983787, -0.8305542372789563 
12.689999999983764, -0.8214768109560683 
12.69999999998374, -0.8128639166944316 
12.709999999983717, -0.804747068099076 
12.719999999983694, -0.7971543530447447 
12.72999999998367, -0.7901099212234645 
12.739999999983647, -0.7836333550423524 
12.749999999983624, -0.7777389995984165 
12.7599999999836, -0.7724353271770297 
12.769999999983577, -0.7677244073478423 
12.779999999983554, -0.7636015451212524 
12.78999999998353, -0.7600551366724476 
12.799999999983507, -0.7570667751103333 
12.809999999983484, -0.7546116185562365 
12.81999999998346, -0.7526590109847053 
12.829999999983437, -0.7511733250169214 
12.839999999983414, -0.7501149775620058 
12.84999999998339, -0.7494415561327349 
12.859999999983367, -0.7491089874836306 
12.869999999983344, -0.7490726816481711 
12.87999999998332, -0.7492885930878203 
12.889999999983297, -0.749714155042923 
12.899999999983274, -0.75030906101804 
12.90999999998325, -0.7510358859414779 
12.919999999983228, -0.7518605562045981 
12.929999999983204, -0.7527526901650152 
12.939999999983181, -0.7536858370710406 
12.949999999983158, -0.7546376418229649 
12.959999999983134, -0.7555899555634394 
12.969999999983111, -0.7565288988863238 
12.979999999983088, -0.7574448677354261 
12.989999999983064, -0.7583324552165013 
12.999999999983041, -0.7591902497334544 
13.009999999983018, -0.7600204652691795 
13.019999999982995, -0.7608283663424521 
13.029999999982971, -0.7616214689867241 
13.039999999982948, -0.7624085278532499 
13.049999999982925, -0.7631983533900034 
13.059999999982901, -0.7639985357558642 
13.069999999982878, -0.7648141779009079 
13.079999999982855, -0.7656467551646248 
13.089999999982831, -0.7664932211146296 
13.099999999982808, -0.7673454688598069 
13.109999999982785, -0.7681902335968217 
13.119999999982761, -0.7690094852868334 
13.129999999982738, -0.7697813104667847 
13.139999999982715, -0.770481222589423 
13.149999999982692, -0.7710837791542821 
13.159999999982668, -0.7715643341232931 
13.169999999982645, -0.7719007299518693 
13.179999999982622, -0.7720747450137887 
13.189999999982598, -0.7720731598763972 
13.199999999982575, -0.7718883793936089 
13.209999999982552, -0.7715186287333363 
13.219999999982528, -0.770967810877313 
13.229999999982505, -0.7702451569461565 
13.239999999982482, -0.7693648141106371 
13.249999999982458, -0.768345502602307 
13.259999999982435, -0.7672103422766505 
13.269999999982412, -0.7659869100812947 
13.279999999982389, -0.7647075502997066 
13.289999999982365, -0.7634099239200979 
13.299999999982342, -0.7621377532985099 
13.309999999982319, -0.7609416930318239 
13.319999999982295, -0.7598802367236336 
13.329999999982272, -0.7590205516937772 
13.339999999982249, -0.7584391202127159 
13.349999999982225, -0.758222058090021 
13.359999999982202, -0.7584649815889518 
13.369999999982179, -0.7592723038728895 
13.379999999982156, -0.7607558640794007 
13.389999999982132, -0.7630328260841863 
13.399999999982109, -0.7662228290962781 
13.409999999982086, -0.7704444261364363 
13.419999999982062, -0.7758109058644638 
13.429999999982039, -0.7824256540341803 
13.439999999982016, -0.790377268270976 
13.449999999981992, -0.7997346882583672 
13.459999999981969, -0.8105426361812321 
13.469999999981946, -0.8228176721054506 
13.479999999981922, -0.8365451490517366 
13.4899999999819, -0.8516772987036837 
13.499999999981876, -0.8681325923361844 
13.509999999981853, -0.8857964118845706 
13.51999999998183, -0.9045229506939056 
13.529999999981806, -0.9241381659345645 
13.539999999981783, -0.944443548963073 
13.54999999998176, -0.9652204831867922 
13.559999999981736, -0.9862350243751412 
13.569999999981713, -1.0072430502617453 
13.57999999998169, -1.0279958499475303 
13.589999999981666, -1.0482463100094306 
13.599999999981643, -1.0677558510094414 
13.60999999998162, -1.086302136801795 
13.619999999981596, -1.1036873160962002 
13.629999999981573, -1.1197462104745957 
13.63999999998155, -1.1343535402358926 
13.649999999981526, -1.1474291142598263 
13.659999999981503, -1.1589400149313416 
13.66999999998148, -1.1688992123644109 
13.679999999981456, -1.177360654944592 
13.689999999981433, -1.1844115239158324 
13.69999999998141, -1.190162810355534 
13.709999999981386, -1.1947395461764125 
13.719999999981363, -1.1982718876418486 
13.72999999998134, -1.2008879045286198 
13.739999999981316, -1.2027085096330725 
13.749999999981293, -1.2038445928983 
13.75999999998127, -1.2043961683854278 
13.769999999981247, -1.204453208325116 
13.779999999981223, -1.2040977930794818 
13.7899999999812, -1.2034071975923155 
13.799999999981177, -1.2024575141269909 
13.809999999981153, -1.2013273446925963 
13.81999999998113, -1.2001009808477894 
13.829999999981107, -1.1988703610733356 
13.839999999981083, -1.1977350403036915 
13.84999999998106, -1.1967995368185882 
13.859999999981037, -1.1961678340705817 
13.869999999981014, -1.1959355078078329 
13.87999999998099, -1.196180757628356 
13.889999999980967, -1.196956232173759 
13.899999999980944, -1.198283615792525 
13.90999999998092, -1.2001523432033863 
13.919999999980897, -1.2025226980916788 
13.929999999980874, -1.2053323662439446 
13.93999999998085, -1.2085047221042058 
13.949999999980827, -1.2119569838429904 
13.959999999980804, -1.2156068172657368 
13.96999999998078, -1.2193767190996208 
13.979999999980757, -1.223196236745324 
13.989999999980734, -1.2270025594332075 
13.99999999998071, -1.2307401771773976 
14.009999999980687, -1.2343602100063624 
14.019999999980664, -1.2378197842741863 
14.02999999998064, -1.2410815971610873 
14.039999999980617, -1.244113643473641 
14.049999999980594, -1.2468890046423748 
14.05999999998057, -1.2493856004545287 
14.069999999980547, -1.2515858436000804 
14.079999999980524, -1.253476183121224 
14.0899999999805, -1.2550465572790563 
14.099999999980477, -1.2562897953221206 
14.109999999980454, -1.2572010152249815 
14.11999999998043, -1.2577770659358627 
14.129999999980408, -1.2580160607112545 
14.139999999980384, -1.257917042475219 
14.149999999980361, -1.2574798114975454 
14.159999999980338, -1.2567049298486825 
14.169999999980314, -1.2555938981665506 
14.179999999980291, -1.254149482215468 
14.189999999980268, -1.252376153614559 
14.199999999980244, -1.2502806031341713 
14.209999999980221, -1.2478722851339388 
14.219999999980198, -1.2451639543405895 
14.229999999980175, -1.2421721569518673 
14.239999999980151, -1.2389176352510527 
14.249999999980128, -1.235425601821808 
14.259999999980105, -1.2317258444922194 
14.269999999980081, -1.227852646136358 
14.279999999980058, -1.2238445483124412 
14.289999999980035, -1.2197440442545822 
14.299999999980011, -1.2155973272800993 
14.309999999979988, -1.211454206963278 
14.319999999979965, -1.2073682074208008 
14.329999999979941, -1.2033966820718704 
14.339999999979918, -1.1996005680530666 
14.349999999979895, -1.196043255333646 
14.359999999979872, -1.1927880674985314 
14.369999999979848, -1.1898941135152405 
14.379999999979825, -1.1874107554603435 
14.389999999979802, -1.1853715141091161 
14.399999999979778, -1.1837886786488623 
14.409999999979755, -1.182649969405594 
14.419999999979732, -1.181918212367298 
14.429999999979708, -1.18153421783922 
14.439999999979685, -1.1814221969604408 
14.449999999979662, -1.1814964331150781 
14.459999999979638, -1.1816677608348745 
14.469999999979615, -1.1818486856621517 
14.479999999979592, -1.1819565198691118 
14.489999999979569, -1.1819144740824334 
14.499999999979545, -1.1816510625878471 
14.509999999979522, -1.1810983922751728 
14.519999999979499, -1.1801899447262005 
14.529999999979475, -1.178858399497993 
14.539999999979452, -1.1770339494123883 
14.549999999979429, -1.174643461882846 
14.559999999979405, -1.171610749195144 
14.569999999979382, -1.1678581091458022 
14.579999999979359, -1.1633091631292958 
14.589999999979335, -1.1578928391738237 
14.599999999979312, -1.1515481341245604 
14.609999999979289, -1.1442290842699636 
14.619999999979266, -1.1359092422588544 
14.629999999979242, -1.1265849642092054 
14.639999999979219, -1.1162769847089429 
14.649999999979196, -1.1050300711161438 
14.659999999979172, -1.0929109179905803 
14.669999999979149, -1.0800047586502706 
14.679999999979126, -1.0664113456504725 
14.689999999979102, -1.0522409523984706 
14.69999999997908, -1.0376109014786614 
14.709999999979056, -1.0226428975191244 
14.719999999979033, -1.007461205955095 
14.72999999997901, -0.9921915276964075 
14.739999999978986, -0.9769602994923665 
14.749999999978963, -0.961894102926438 
14.75999999997894, -0.9471188800004247 
14.769999999978916, -0.9327587144379023 
14.779999999978893, -0.918934030437163 
14.78999999997887, -0.9057591720377601 
14.799999999978846, -0.8933394446046898 
14.809999999978823, -0.881767812117781 
14.8199999999788, -0.8711215353131874 
14.829999999978776, -0.861459091551841 
14.839999999978753, -0.8528177260226318 
14.84999999997873, -0.8452119406326478 
14.859999999978706, -0.838633135819305 
14.869999999978683, -0.8330504947708354 
14.87999999997866, -0.8284130591307118 
14.889999999978636, -0.8246528127794515 
14.899999999978613, -0.8216884863037179 
14.90999999997859, -0.8194297338700112 
14.919999999978566, -0.817781322619182 
14.929999999978543, -0.8166470097011599 
14.93999999997852, -0.8159328534539013 
14.949999999978496, -0.8155497980059718 
14.959999999978473, -0.8154154684563759 
14.96999999997845, -0.8154552024702176 
14.979999999978427, -0.81560241370452 
14.989999999978403, -0.8157984283468775 
14.99999999997838, -0.8159919584614929 
15.009999999978357, -0.8161383783801744 
15.019999999978333, -0.8161989580299132 
15.02999999997831, -0.81614018445339 
15.039999999978287, -0.815933272919764 
15.049999999978263, -0.815553933183487 
15.05999999997824, -0.8149824146824827 
15.069999999978217, -0.8142038070646702 
15.079999999978194, -0.8132085217601247 
15.08999999997817, -0.8119928323614425 
15.099999999978147, -0.8105593162088897 
15.109999999978124, -0.8089170286530971 
15.1199999999781, -0.8070812646223108 
15.129999999978077, -0.8050728215564464 
15.139999999978054, -0.8029167646221483 
15.14999999997803, -0.8006407900903385 
15.159999999978007, -0.7982733618375034 
15.169999999977984, -0.7958418390997797 
15.17999999997796, -0.7933708121581651 
15.189999999977937, -0.7908808214270824 
15.199999999977914, -0.7883875692978074 
15.20999999997789, -0.785901660974321 
15.219999999977867, -0.7834288451016234 
15.229999999977844, -0.7809706755570248 
15.23999999997782, -0.7785254847794745 
15.249999999977797, -0.7760895453326755 
15.259999999977774, -0.7736582976745519 
15.26999999997775, -0.7712275358092626 
15.279999999977727, -0.768794465796218 
15.289999999977704, -0.7663585813079894 
15.29999999997768, -0.7639223309509123 
15.309999999977657, -0.7614915790132658 
15.319999999977634, -0.7590758807121287 
15.32999999997761, -0.7566886028241774 
15.339999999977588, -0.7543469210793133 
15.349999999977564, -0.7520717191016313 
15.359999999977541, -0.7498874033351312 
15.369999999977518, -0.7478216377635639 
15.379999999977494, -0.7459049941723284 
15.389999999977471, -0.7441705100063533 
15.399999999977448, -0.7426531471960837 
15.409999999977424, -0.7413891512495918 
15.419999999977401, -0.7404153192175017 
15.429999999977378, -0.7397681960742251 
15.439999999977355, -0.739483229659925 
15.449999999977331, -0.7395939227425218 
15.459999999977308, -0.7401310255435138 
15.469999999977285, -0.7411218124005701 
15.479999999977261, -0.7425894820050621 
15.489999999977238, -0.7445527124192183 
15.499999999977215, -0.7470253909169868 
15.509999999977191, -0.7500165259327428 
15.519999999977168, -0.7535303353557926 
15.529999999977145, -0.7575664931461025 
15.539999999977121, -0.7621205054546387 
15.549999999977098, -0.7671841783841562 
15.559999999977075, -0.7727461321609544 
15.569999999977052, -0.7787923105651806 
15.579999999977028, -0.7853064297771898 
15.589999999977005, -0.7922703073834123 
15.599999999976982, -0.7996640106497903 
15.609999999976958, -0.8074657644429103 
15.619999999976935, -0.8156515652164054 
15.629999999976912, -0.8241944608768644 
15.639999999976888, -0.8330634802808042 
15.649999999976865, -0.8422222339467854 
15.659999999976842, -0.8516272619585374 
15.669999999976818, -0.8612262764142486 
15.679999999976795, -0.8709565299549972 
15.689999999976772, -0.8807436270912342 
15.699999999976749, -0.8905011593390524 
15.709999999976725, -0.9001315568035878 
15.719999999976702, -0.9095284722370047 
15.729999999976679, -0.9185808234264282 
15.739999999976655, -0.9271783208620732 
15.749999999976632, -0.9352179518058599 
15.759999999976609, -0.9426105774551222 
15.769999999976585, -0.9492866433663081 
15.779999999976562, -0.9552000882657601 
15.789999999976539, -0.9603298651891933 
15.799999999976515, -0.9646789694670587 
15.809999999976492, -0.9682713501555604 
15.819999999976469, -0.9711474238454313 
15.829999999976446, -0.9733590383261073 
15.839999999976422, -0.9749646595572827 
15.849999999976399, -0.9760253511173435 
15.859999999976376, -0.9766018705105075 
15.869999999976352, -0.9767529919498781 
15.879999999976329, -0.9765350156755127 
15.889999999976306, -0.9760023419769165 
15.899999999976282, -0.9752089555481721 
15.90999999997626, -0.9742106560519364 
15.919999999976236, -0.9730678579511843 
15.929999999976213, -0.9718487468644416 
15.93999999997619, -0.9706325102548272 
15.949999999976166, -0.9695122589443143 
15.959999999976143, -0.9685971402931891 
15.96999999997612, -0.9680130491748786 
15.979999999976096, -0.9679013194677154 
15.989999999976073, -0.9684148814400455 
15.99999999997605, -0.9697116385719702 
16.009999999976028, -0.9719452506554227 
16.019999999976005, -0.9752540491421167 
16.02999999997598, -0.979749336614652 
16.039999999975958, -0.9855046818938141 
16.049999999975935, -0.9925478776689869 
16.05999999997591, -1.00085691129642 
16.069999999975888, -1.0103606527005193 
16.079999999975865, -1.0209441354112898 
16.08999999997584, -1.0324575110062817 
16.099999999975818, -1.044727198081355 
16.109999999975795, -1.0575675487852036 
16.11999999997577, -1.070791525501952 
16.129999999975748, -1.0842193173340757 
16.139999999975725, -1.0976843744481009 
16.1499999999757, -1.1110368482661763 
16.15999999997568, -1.1241447989100701 
16.169999999975655, -1.136893736256512 
16.17999999997563, -1.1491851180338508 
16.18999999997561, -1.1609343839210526 
16.199999999975585, -1.1720690053724807 
16.20999999997556, -1.1825269090582873 
16.21999999997554, -1.192255501942335 
16.229999999975515, -1.2012113910332864 
16.239999999975492, -1.2093607520005902 
16.24999999997547, -1.2166801667368963 
16.259999999975445, -1.2231576402833875 
16.269999999975422, -1.2287934492790378 
16.2799999999754, -1.2336004905690072 
16.289999999975375, -1.2376038962131755 
16.299999999975352, -1.240839841126534 
16.30999999997533, -1.2433536509836438 
16.319999999975305, -1.2451974718381182 
16.329999999975282, -1.2464278506509843 
16.33999999997526, -1.2471035824659613 
16.349999999975235, -1.2472841145553708 
16.359999999975212, -1.2470286844507448 
16.36999999997519, -1.2463962328070854 
16.379999999975166, -1.2454459913551494 
16.389999999975142, -1.2442385103458666 
16.39999999997512, -1.2428367675842953 
16.409999999975096, -1.2413069111453934 
16.419999999975072, -1.2397181659915824 
16.42999999997505, -1.238141528068192 
16.439999999975026, -1.236647111857403 
16.449999999975002, -1.235300391367479 
16.45999999997498, -1.2341579826984725 
16.469999999974956, -1.2332638947106198 
16.479999999974932, -1.2326471639220413 
16.48999999997491, -1.2323214364072534 
16.499999999974886, -1.2322864729965424 
16.509999999974863, -1.2325309709891334 
16.51999999997484, -1.2330357584952727 
16.529999999974816, -1.233776450056126 
16.539999999974793, -1.2347250078950947 
16.54999999997477, -1.2358501565643636 
16.559999999974746, -1.2371170383621235 
16.569999999974723, -1.238486715684855 
16.5799999999747, -1.2399160755932734 
16.589999999974676, -1.2413584356025755 
16.599999999974653, -1.2427648247943701 
16.60999999997463, -1.2440856620251814 
16.619999999974606, -1.245272456721409 
16.629999999974583, -1.246279217842892 
16.63999999997456, -1.2470634099440288 
16.649999999974536, -1.2475864599161814 
16.659999999974513, -1.2478139328357507 
16.66999999997449, -1.2477155367698132 
16.679999999974466, -1.2472650932534286 
16.689999999974443, -1.2464405487439314 
16.69999999997442, -1.2452240323146764 
16.709999999974396, -1.24360191034841 
16.719999999974373, -1.2415647646275585 
16.72999999997435, -1.2391072297131032 
16.739999999974327, -1.2362276623376702 
16.749999999974303, -1.232927665708639 
16.75999999997428, -1.2292115383807622 
16.769999999974257, -1.2250857467260121 
16.779999999974233, -1.2205585249626498 
16.78999999997421, -1.2156396884139158 
16.799999999974187, -1.2103407118444693 
16.809999999974163, -1.2046750860018083 
16.81999999997414, -1.1986589318557281 
16.829999999974117, -1.1923118303897968 
16.839999999974093, -1.1856578188565197 
16.84999999997407, -1.1787265102083206 
16.859999999974047, -1.1715543039595522 
16.869999999974024, -1.1641856617885653 
16.879999999974, -1.1566744035281076 
16.889999999973977, -1.1490849229891504 
16.899999999973954, -1.14149312127425 
16.90999999997393, -1.1339867203416107 
16.919999999973907, -1.1266644918773754 
16.929999999973884, -1.1196338830996446 
16.93999999997386, -1.1130066193364734 
16.949999999973837, -1.106892167651822 
16.959999999973814, -1.1013894465004224 
16.96999999997379, -1.0965777583794996 
16.979999999973767, -1.0925084125425286 
16.989999999973744, -1.089198673149781 
16.99999999997372, -1.0866293710113923 
17.009999999973697, -1.0847467803429578 
17.019999999973674, -1.0834684016838176 
17.02999999997365, -1.0826914315839162 
17.039999999973627, -1.0823022215575187 
17.049999999973604, -1.0821850486426214 
17.05999999997358, -1.0822289536486585 
17.069999999973557, -1.0823320368812943 
17.079999999973534, -1.0824032068892218 
17.08999999997351, -1.082361805192254 
17.099999999973488, -1.0821357358296935 
17.109999999973464, -1.0816587526175268 
17.11999999997344, -1.0808674754141372 
17.129999999973418, -1.0796985922080085 
17.139999999973394, -1.0780866043963262 
17.14999999997337, -1.075962406584937 
17.159999999973348, -1.0732529527550576 
17.169999999973324, -1.0698822231350238 
17.1799999999733, -1.0657736369379185 
17.189999999973278, -1.060853923442375 
17.199999999973254, -1.0550582521007146 
17.20999999997323, -1.0483361480746483 
17.219999999973208, -1.0406574417550654 
17.229999999973185, -1.0320173136795237 
17.23999999997316, -1.02243949810848 
17.249999999973138, -1.0119769530629181 
17.259999999973115, -1.0007097596911176 
17.26999999997309, -0.9887405574119951 
17.279999999973068, -0.9761882866896292 
17.289999999973045, -0.9631812602877703 
17.29999999997302, -0.9498505651799168 
17.309999999972998, -0.9363245578738169 
17.319999999972975, -0.9227248647605306 
17.32999999997295, -0.90916395214565 
17.339999999972928, -0.8957440683847195 
17.349999999972905, -0.8825572138269088 
17.35999999997288, -0.8696857534741288 
17.36999999997286, -0.8572033216991808 
17.379999999972835, -0.8451757436896943 
17.38999999997281, -0.8336617867498382 
17.39999999997279, -0.8227136383589414 
17.409999999972765, -0.8123770779872687 
17.41999999997274, -0.8026913632831758 
17.42999999997272, -0.793688888954209 
17.439999999972695, -0.785394700418094 
17.449999999972672, -0.777825956217486 
17.45999999997265, -0.7709914350532096 
17.469999999972625, -0.7648911764877566 
17.479999999972602, -0.7595163301213693 
17.48999999997258, -0.7548492676747494 
17.499999999972555, -0.7508639875985672 
17.509999999972532, -0.747526814692899 
17.51999999997251, -0.7447973702699242 
17.529999999972485, -0.7426297643115662 
17.539999999972462, -0.7409739423812277 
17.54999999997244, -0.7397771087330606 
17.559999999972415, -0.7389851442459006 
17.569999999972392, -0.738543943539962 
17.57999999997237, -0.7384006088578876 
17.589999999972346, -0.7385044570177921 
17.599999999972322, -0.7388078173772329 
17.6099999999723, -0.7392666204862934 
17.619999999972276, -0.739840796346027 
17.629999999972252, -0.7404945157914834 
17.63999999997223, -0.741196316976628 
17.649999999972206, -0.7419191604004575 
17.659999999972182, -0.7426404501784223 
17.66999999997216, -0.7433420468161147 
17.679999999972136, -0.7440102788859564 
17.689999999972112, -0.7446359400567204 
17.69999999997209, -0.7452142373151589 
17.709999999972066, -0.7457446403021959 
17.719999999972043, -0.746230575021543 
17.72999999997202, -0.746678911302559 
17.739999999971996, -0.7470992134168638 
17.749999999971973, -0.7475027548718274 
17.75999999997195, -0.7479013360849006 
17.769999999971926, -0.7483059800152496 
17.779999999971903, -0.7487256089701292 
17.78999999997188, -0.7491658212414045 
17.799999999971856, -0.7496278876745952 
17.809999999971833, -0.7501080767785777 
17.81999999997181, -0.7505973942042666 
17.829999999971786, -0.7510817892927131 
17.839999999971763, -0.7515428382970281 
17.84999999997174, -0.7519588623948742 
17.859999999971716, -0.7523063837618775 
17.869999999971693, -0.7525617742457397 
17.87999999997167, -0.752702920783929 
17.889999999971646, -0.7527107302923507 
17.899999999971623, -0.7525703283615963 
17.9099999999716, -0.7522718652320891 
17.919999999971576, -0.7518109152620981 
17.929999999971553, -0.7511885249994916 
17.93999999997153, -0.7504110152089208 
17.949999999971507, -0.7494896660812085 
17.959999999971483, -0.7484404127528735 
17.96999999997146, -0.7472836565360979 
17.979999999971437, -0.7460442646062798 
17.989999999971413, -0.7447517951726537 
17.99999999997139, -0.7434409516089749 
18.009999999971367, -0.7421522400207335 
18.019999999971343, -0.7409327805288127 
18.02999999997132, -0.7398372023943914 
18.039999999971297, -0.7389285361882452 
18.049999999971273, -0.7382790022767203 
18.05999999997125, -0.737970584484997 
18.069999999971227, -0.7380952720761891 
18.079999999971204, -0.7387548536219206 
18.08999999997118, -0.7400601542936524 
18.099999999971157, -0.7421296244828642 
18.109999999971134, -0.7450872127693233 
18.11999999997111, -0.7490594898716123 
18.129999999971087, -0.7541720317765574 
18.139999999971064, -0.7605451190395681 
18.14999999997104, -0.7682888643061663 
18.159999999971017, -0.7774979396801929 
18.169999999970994, -0.78824613623559 
18.17999999997097, -0.8005810437055024 
18.189999999970947, -0.8145191801885848 
18.199999999970924, -0.8300419185515726 
18.2099999999709, -0.8470925376395052 
18.219999999970877, -0.8655746666696554 
18.229999999970854, -0.8853522935154508 
18.23999999997083, -0.9062513867506582 
18.249999999970807, -0.9280630623261973 
18.259999999970784, -0.9505481376570968 
18.26999999997076, -0.9734428816967488 
18.279999999970737, -0.9964657951088084 
18.289999999970714, -1.0193253208993553 
18.29999999997069, -1.0417284489044025 
18.309999999970668, -1.063390178893716 
18.319999999970644, -1.0840436949127852 
18.32999999997062, -1.10345086046512 
18.339999999970598, -1.1214123120796784 
18.349999999970574, -1.1377761152012678 
18.35999999997055, -1.1524437980291689 
18.369999999970528, -1.1653727220345282 
18.379999999970504, -1.176574216880818 
18.38999999997048, -1.186107605150801 
18.399999999970458, -1.1940709648868932 
18.409999999970434, -1.20059000142456 
18.41999999997041, -1.205806580199203 
18.429999999970388, -1.2098683004351736 
18.439999999970365, -1.2129200764317345 
18.44999999997034, -1.2150982008297442 
18.459999999970318, -1.2165269337135285 
18.469999999970295, -1.2173173696217576 
18.47999999997027, -1.2175681903332547 
18.489999999970248, -1.2173678760442233 
18.499999999970225, -1.2167979620644602 
18.5099999999702, -1.2159369343266135 
18.519999999970178, -1.2148643127662955 
18.529999999970155, -1.2136643632737607 
18.53999999997013, -1.2124287338583286 
18.549999999970108, -1.211257206977346 
18.559999999970085, -1.2102558190562283 
18.56999999997006, -1.2095319426487228 
18.57999999997004, -1.209186599013914 
18.589999999970015, -1.209305144357568 
18.59999999996999, -1.2099482390133032 
18.60999999996997, -1.2111452767439226 
18.619999999969945, -1.2128919782508885 
18.62999999996992, -1.2151527344423019 
18.6399999999699, -1.2178669541569411 
18.649999999969875, -1.2209576720187505 
18.659999999969852, -1.2243403608540293 
18.66999999996983, -1.2279302754163681 
18.679999999969805, -1.2316474466176548 
18.689999999969782, -1.2354192735908418 
18.69999999996976, -1.2391812440572796 
18.709999999969735, -1.2428765459930255 
18.719999999969712, -1.2464552645603597 
18.72999999996969, -1.2498736198140685 
18.739999999969665, -1.2530934329225016 
18.749999999969642, -1.2560818085469536 
18.75999999996962, -1.2588109243104166 
18.769999999969595, -1.2612578100597946 
18.779999999969572, -1.2634040404918467 
18.78999999996955, -1.2652353163803907 
18.799999999969526, -1.2667409492759445 
18.809999999969502, -1.267913286185186 
18.81999999996948, -1.2687471187508945 
18.829999999969456, -1.2692391226277806 
18.839999999969432, -1.269387371239972 
18.84999999996941, -1.2691909643474972 
18.859999999969386, -1.2686498042445673 
18.869999999969362, -1.2677645398260695 
18.87999999996934, -1.2665366821697508 
18.889999999969316, -1.2649688778176198 
18.899999999969292, -1.2630653114632486 
18.90999999996927, -1.260832200879569 
18.919999999969246, -1.2582783436305383 
18.929999999969223, -1.2554156748298846 
18.9399999999692, -1.252259794643123 
18.949999999969176, -1.248830422206566 
18.959999999969153, -1.2451517324892427 
18.96999999996913, -1.2412525421476 
18.979999999969106, -1.2371663380137778 
18.989999999969083, -1.2329311890739383 
18.99999999996906, -1.2285896364565483 
19.009999999969036, -1.2241886855724282 
19.019999999969013, -1.2197799908539912 
19.02999999996899, -1.215420199042533 
19.039999999968966, -1.2111712110850743 
19.049999999968943, -1.2070998972421414 
19.05999999996892, -1.203276661699887 
19.069999999968896, -1.1997723182622115 
19.079999999968873, -1.196653077993049 
19.08999999996885, -1.1939740299716597 
19.099999999968826, -1.191772151873913 
19.109999999968803, -1.1900603521474111 
19.11999999996878, -1.188824063240158 
19.129999999968756, -1.1880213750061717 
19.139999999968733, -1.1875867687668789 
19.14999999996871, -1.1874375407577458 
19.159999999968687, -1.187481369871874 
19.169999999968663, -1.187623394916221 
19.17999999996864, -1.1877715666938982 
19.189999999968617, -1.1878396883602118 
19.199999999968593, -1.187748181785191 
19.20999999996857, -1.1874230437538464 
19.219999999968547, -1.18679364400939 
19.229999999968523, -1.1857900236281738 
19.2399999999685, -1.1843402657354523 
19.249999999968477, -1.1823684041051012 
19.259999999968453, -1.1797932453699498 
19.26999999996843, -1.1765284083039314 
19.279999999968407, -1.1724838053117714 
19.289999999968384, -1.1675686740557711 
19.29999999996836, -1.161696086215176 
19.309999999968337, -1.1547886161536627 
19.319999999968314, -1.146784582843472 
19.32999999996829, -1.1376440581787846 
19.339999999968267, -1.1273537525964317 
19.349999999968244, -1.1159300083941952 
19.35999999996822, -1.103419451676931 
19.369999999968197, -1.0898972966537772 
19.379999999968174, -1.0754637298853742 
19.38999999996815, -1.0602390986686052 
19.399999999968127, -1.044358715065935 
19.409999999968104, -1.0279679720228274 
19.41999999996808, -1.011218219995429 
19.429999999968057, -0.9942635644250375 
19.439999999968034, -0.9772584952737873 
19.44999999996801, -0.9603560951984348 
19.459999999967987, -0.9437065043079857 
19.469999999967964, -0.9274553349770727 
19.47999999996794, -0.9117418070913201 
19.489999999967917, -0.8966964874297569 
19.499999999967894, -0.8824386435620261 
19.50999999996787, -0.8690733424463215 
19.519999999967848, -0.8566885196839878 
19.529999999967824, -0.8453523037189148 
19.5399999999678, -0.8351108920512217 
19.549999999967778, -0.8259872424920212 
19.559999999967754, -0.8179807677817116 
19.56999999996773, -0.8110681191432387 
19.579999999967708, -0.8052050301459457 
19.589999999967684, -0.8003290839650876 
19.59999999996766, -0.7963631797481381 
19.609999999967638, -0.7932194177875359 
19.619999999967614, -0.790803103353589 
19.62999999996759, -0.7890165845162348 
19.639999999967568, -0.7877626844132581 
19.649999999967545, -0.7869475541191392 
19.65999999996752, -0.786482847781797 
19.669999999967498, -0.7862871964617781 
19.679999999967475, -0.7862870224020506 
19.68999999996745, -0.7864167855048434 
19.699999999967428, -0.7866187861631772 
19.709999999967405, -0.7868426638196712 
19.71999999996738, -0.7870447312429273 
19.729999999967358, -0.7871872738583381 
19.739999999967335, -0.7872379245616166 
19.74999999996731, -0.7871691992488667 
19.759999999967288, -0.7869582475959127 
19.769999999967265, -0.7865868375214147 
19.77999999996724, -0.7860415508196287 
19.78999999996722, -0.7853141240384474 
19.799999999967195, -0.7844018281726346 
19.80999999996717, -0.783307751568441 
19.81999999996715, -0.7820408424267742 
19.829999999967125, -0.780615588230774 
19.8399999999671, -0.7790512608460642 
19.84999999996708, -0.7773707303758118 
19.859999999967055, -0.7755989320093147 
19.869999999967032, -0.7737611381679781 
19.87999999996701, -0.7718812265387123 
19.889999999966985, -0.7699801356145427 
19.899999999966962, -0.7680746667462849 
19.90999999996694, -0.766176737260916 
19.919999999966915, -0.7642931273165758 
19.929999999966892, -0.7624257056449769 
19.93999999996687, -0.7605720729509508 
19.949999999966845, -0.7587265287916876 
19.959999999966822, -0.7568812482336089 
19.9699999999668, -0.7550275481082801 
19.979999999966775, -0.7531571291054366 
19.989999999966752, -0.7512631985676954 
19.99999999996673, -0.7493414073178715 
20.009999999966706, -0.7473905676082835 
20.019999999966682, -0.7454131523115146 
20.02999999996666, -0.7434156018946804 
20.039999999966636, -0.7414084814908954 
20.049999999966612, -0.73940653426895 
20.05999999996659, -0.7374286708132708 
20.069999999966566, -0.7354979207237823 
20.079999999966542, -0.7336413561619167 
20.08999999996652, -0.7318899813038013 
20.099999999966496, -0.7302785693947329 
20.109999999966472, -0.7288454220131686 
20.11999999996645, -0.7276320239122789 
20.129999999966426, -0.726682571235389 
20.139999999966403, -0.7260433601542421 
20.14999999996638, -0.7257620356946272 
20.159999999966356, -0.7258867149615156 
20.169999999966333, -0.7264650132322812 
20.17999999996631, -0.7275430135554392 
20.189999999966286, -0.7291642289438438 
20.199999999966263, -0.7313686098384856 
20.20999999996624, -0.7341916477212334 
20.219999999966216, -0.7376636187121681 
20.229999999966193, -0.7418089994221381 
20.23999999996617, -0.7466460723800706 
20.249999999966146, -0.7521867213565282 
20.259999999966123, -0.7584363992001949 
20.2699999999661, -0.7653942335897472 
20.279999999966076, -0.7730532203788 
20.289999999966053, -0.7814004408234273 
20.29999999996603, -0.790417228771396 
20.309999999966006, -0.8000792079198302 
20.319999999965983, -0.8103561190606378 
20.32999999996596, -0.8212113651183996 
20.339999999965936, -0.8326012209174056 
20.349999999965913, -0.8444736889448666 
20.35999999996589, -0.8567670360465119 
20.369999999965867, -0.8694081219546584 
20.379999999965843, -0.8823107281120098 
20.38999999996582, -0.8953742064374867 
20.399999999965797, -0.9084828730562963 
20.409999999965773, -0.9215066379728482 
20.41999999996575, -0.9343033426530573 
20.429999999965727, -0.9467231274622111 
20.439999999965703, -0.9586148457435025 
20.44999999996568, -0.9698341067287678 
20.459999999965657, -0.980252059122212 
20.469999999965633, -0.989763670760006 
20.47999999996561, -0.99829417068193 
20.489999999965587, -1.005802579611429 
20.499999999965564, -1.012281815960495 
20.50999999996554, -1.017755556720043 
20.519999999965517, -1.0222726360988936 
20.529999999965494, -1.0259001097613163 
20.53999999996547, -1.028716145284251 
20.549999999965447, -1.0308036821958944 
20.559999999965424, -1.0322454630445226 
20.5699999999654, -1.0331206943333329 
20.579999999965377, -1.0335033331130856 
20.589999999965354, -1.0334618383066725 
20.59999999996533, -1.0330601614852977 
20.609999999965307, -1.0323597450517916 
20.619999999965284, -1.0314223074086344 
20.62999999996526, -1.030313190752736 
20.639999999965237, -1.029105003888461 
20.649999999965214, -1.027881199952287 
20.65999999996519, -1.0267390958074087 
20.669999999965167, -1.0257916986620474 
20.679999999965144, -1.0251676149774367 
20.68999999996512, -1.025008354541838 
20.699999999965097, -1.025462582108608 
20.709999999965074, -1.0266773417374504 
20.71999999996505, -1.0287869349216316 
20.729999999965028, -1.0319008237508263 
20.739999999965004, -1.036092434931943 
20.74999999996498, -1.04139084625811 
20.759999999964958, -1.0477769361551081 
20.769999999964934, -1.0551847352893677 
20.77999999996491, -1.063507670820322 
20.789999999964888, -1.072608453155917 
20.799999999964864, -1.0823307893215584 
20.80999999996484, -1.0925110341086268 
20.819999999964818, -1.1029882508807034 
20.829999999964794, -1.113611763883173 
20.83999999996477, -1.1242459264209725 
20.849999999964748, -1.1347723382756278 
20.859999999964725, -1.1450900455764481 
20.8699999999647, -1.1551143555312735 
20.879999999964678, -1.1647748559567188 
20.889999999964655, -1.1740131169056305 
20.89999999996463, -1.1827804258962562 
20.909999999964608, -1.1910358006781938 
20.919999999964585, -1.198744441444239 
20.92999999996456, -1.2058767197277291 
20.939999999964538, -1.21240774047249 
20.949999999964515, -1.2183174469290443 
20.95999999996449, -1.2235911641478214 
20.969999999964468, -1.2282204056825325 
20.979999999964445, -1.2322037175642215 
20.98999999996442, -1.2355473228975011 
20.9999999999644, -1.2382653712268563 
21.009999999964375, -1.2403796858648541 
21.01999999996435, -1.2419190198557009 
21.02999999996433, -1.2429179466223093 
21.039999999964305, -1.2434155941741654 
21.04999999996428, -1.2434544620547392 
21.05999999996426, -1.243079533238902 
21.069999999964235, -1.2423378173433148 
21.079999999964212, -1.2412783522665298 
21.08999999996419, -1.2399525661938389 
21.099999999964165, -1.238414779503482 
21.109999999964142, -1.2367225298848088 
21.11999999996412, -1.2349363652060454 
21.129999999964095, -1.2331188027503133 
21.139999999964072, -1.231332323956042 
21.14999999996405, -1.2296365470836927 
21.159999999964025, -1.2280850254546656 
21.169999999964002, -1.22672233628815 
21.17999999996398, -1.2255821346692015 
21.189999999963955, -1.22468660000898 
21.199999999963932, -1.2240472687232813 
21.20999999996391, -1.223666798133714 
21.219999999963886, -1.2235409335543501 
21.229999999963862, -1.223659967141075 
21.23999999996384, -1.2240092678598553 
21.249999999963816, -1.22456889627968 
21.259999999963792, -1.2253127138563606 
21.26999999996377, -1.2262075987665038 
21.279999999963746, -1.2272133225654962 
21.289999999963722, -1.228283369484593 
21.2999999999637, -1.2293666249125972 
21.309999999963676, -1.2304095740229344 
21.319999999963652, -1.231358536735411 
21.32999999996363, -1.232161532887606 
21.339999999963606, -1.2327695569446806 
21.349999999963583, -1.2331372510914602 
21.35999999996356, -1.2332231236099296 
21.369999999963536, -1.2329895316657569 
21.379999999963513, -1.2324026376381279 
21.38999999996349, -1.2314324813621018 
21.399999999963466, -1.2300532186169715 
21.409999999963443, -1.2282434872722445 
21.41999999996342, -1.22598679836592 
21.429999999963396, -1.2232718235405853 
21.439999999963373, -1.220092466585695 
21.44999999996335, -1.216447658571957 
21.459999999963326, -1.2123408870407455 
21.469999999963303, -1.2077795388757089 
21.47999999996328, -1.202774184676706 
21.489999999963256, -1.1973379485579758 
21.499999999963233, -1.1914860909720395 
21.50999999996321, -1.1852358923338135 
21.519999999963186, -1.178606875533362 
21.529999999963163, -1.1716213591625022 
21.53999999996314, -1.1643052995908338 
21.549999999963116, -1.1566893621217404 
21.559999999963093, -1.1488101563410398 
21.56999999996307, -1.1407115698935373 
21.579999999963047, -1.1324461257285916 
21.589999999963023, -1.1240762568489722 
21.599999999963, -1.1156753306827087 
21.609999999962977, -1.1073281649854538 
21.619999999962953, -1.0991306799765432 
21.62999999996293, -1.0911882696498256 
21.639999999962907, -1.083612505508233 
21.649999999962883, -1.0765159601385619 
21.65999999996286, -1.070005274467899 
21.669999999962837, -1.0641730483773424 
21.679999999962813, -1.0590895951316046 
21.68999999996279, -1.0547959029747251 
21.699999999962767, -1.0512991406468724 
21.709999999962744, -1.0485716623833625 
21.71999999996272, -1.046553784147389 
21.729999999962697, -1.0451598146651992 
21.739999999962674, -1.0442861797192424 
21.74999999996265, -1.0438201668525644 
21.759999999962627, -1.0436478974658796 
21.769999999962604, -1.0436605202863665 
21.77999999996258, -1.0437581461135748 
21.789999999962557, -1.0438515379448179 
21.799999999962534, -1.043861921755058 
21.80999999996251, -1.0437194587497003 
21.819999999962487, -1.0433609486439772 
21.829999999962464, -1.0427272727548964 
21.83999999996244, -1.0417609918121493 
21.849999999962417, -1.0404044249688076 
21.859999999962394, -1.038598469381773 
21.86999999996237, -1.0362823696550771 
21.879999999962347, -1.0333945949044525 
21.889999999962324, -1.029874903180934 
21.8999999999623, -1.0256675466364367 
21.909999999962277, -1.0207253893659938 
21.919999999962254, -1.015014493292063 
21.92999999996223, -1.0085185275741402 
21.939999999962208, -1.0012422480928262 
21.949999999962184, -0.9932133449974089 
21.95999999996216, -0.9844821956193632 
21.969999999962138, -0.9751194460162893 
21.979999999962114, -0.9652117715257087 
21.98999999996209, -0.9548565054758622 
21.999999999962068, -0.9441559783532483 
22.009999999962044, -0.9332123519869517 
22.01999999996202, -0.9221235132162674 
22.029999999961998, -0.9109802993644498 
22.039999999961974, -0.8998650529543831 
22.04999999996195, -0.8888513036162445 
22.059999999961928, -0.8780042699306595 
22.069999999961905, -0.8673818517333395 
22.07999999996188, -0.8570358182135099 
22.089999999961858, -0.8470129615277048 
22.099999999961835, -0.8373560581009405 
22.10999999996181, -0.8281045468231913 
22.119999999961788, -0.8192948885349676 
22.129999999961765, -0.81096061297931 
22.13999999996174, -0.8031320889835342 
22.149999999961718, -0.7958360733582167 
22.159999999961695, -0.7890951062627909 
22.16999999996167, -0.7829268274544507 
22.179999999961648, -0.7773432900127327 
22.189999999961625, -0.772350346193798 
22.1999999999616, -0.7679471739038283 
22.20999999996158, -0.764126001638514 
22.219999999961555, -0.7608720746033706 
22.22999999996153, -0.7581638856502467 
22.23999999996151, -0.7559736729072875 
22.249999999961485, -0.7542681635112426 
22.25999999996146, -0.7530095221098981 
22.26999999996144, -0.7521564463002863 
22.279999999961415, -0.7516653410209974 
22.289999999961392, -0.7514915014123159 
22.29999999996137, -0.7515902389732201 
22.309999999961345, -0.7519178979845502 
22.319999999961322, -0.7524327261378378 
22.3299999999613, -0.7530955824674883 
22.339999999961275, -0.753870484179009 
22.349999999961252, -0.7547250091559243 
22.35999999996123, -0.7556305807088429 
22.369999999961205, -0.7565626641565147 
22.379999999961182, -0.7575009006607702 
22.38999999996116, -0.7584291929629479 
22.399999999961135, -0.7593357420169645 
22.409999999961112, -0.7602130158933491 
22.41999999996109, -0.7610576166561696 
22.429999999961066, -0.761870001562586 
22.439999999961042, -0.7626540157450087 
22.44999999996102, -0.7634162065922602 
22.459999999960996, -0.7641649146566084 
22.469999999960972, -0.7649091683622973 
22.47999999996095, -0.7656574441783605 
22.489999999960926, -0.7664163838633055 
22.499999999960902, -0.7671895808250682 
22.50999999996088, -0.7679765557937527 
22.519999999960856, -0.7687720371155319 
22.529999999960832, -0.7695656431350218 
22.53999999996081, -0.7703420332934326 
22.549999999960786, -0.7710815507545757 
22.559999999960763, -0.7717613243359991 
22.56999999996074, -0.7723567369522166 
22.579999999960716, -0.7728431122709853 
22.589999999960693, -0.7731974345956945 
22.59999999996067, -0.7733999114154168 
22.609999999960646, -0.7734352188794938 
22.619999999960623, -0.7732933324169863 
22.6299999999606, -0.7729699230036889 
22.639999999960576, -0.7724663749642193 
22.649999999960553, -0.7717895369656754 
22.65999999996053, -0.7709513449575311 
22.669999999960506, -0.7699684542071185 
22.679999999960483, -0.7688619940184788 
22.68999999996046, -0.76765752274931 
22.699999999960436, -0.7663852210734419 
22.709999999960413, -0.7650803239337006 
22.71999999996039, -0.7637837589915228 
22.729999999960366, -0.7625429320000826 
22.739999999960343, -0.7614125767684725 
22.74999999996032, -0.760455568698489 
22.759999999960296, -0.7597435864992091 
22.769999999960273, -0.7593574978293194 
22.77999999996025, -0.7593873432261546 
22.789999999960227, -0.7599318008854198 
22.799999999960203, -0.7610970343143894 
22.80999999996018, -0.7629948561878791 
22.819999999960157, -0.7657401840706983 
22.829999999960133, -0.7694478147706276 
22.83999999996011, -0.7742286004957798 
22.849999999960087, -0.7801851674214091 
22.859999999960063, -0.7874073708861296 
22.86999999996004, -0.7959677259445339 
22.879999999960017, -0.8059170816619846 
22.889999999959993, -0.8172808163731117 
22.89999999995997, -0.8300558137302628 
22.909999999959947, -0.8442084324857263 
22.919999999959924, -0.8596736076240528 
22.9299999999599, -0.8763551239880931 
22.939999999959877, -0.8941270001853637 
22.949999999959854, -0.9128358300474688 
22.95999999995983, -0.9323038724717737 
22.969999999959807, -0.9523326750650594 
22.979999999959784, -0.9727070692329836 
22.98999999995976, -0.9931994757118233 
22.999999999959737, -1.0135745844455164 
23.009999999959714, -1.033594580385627 
23.01999999995969, -1.0530251279119947 
23.029999999959667, -1.0716422558050016 
23.039999999959644, -1.0892400790157504 
23.04999999995962, -1.1056389725606248 
23.059999999959597, -1.1206934520810754 
23.069999999959574, -1.1342987379709957 
23.07999999995955, -1.1463949180649209 
23.089999999959527, -1.1569678595157415 
23.099999999959504, -1.1660465313076762 
23.10999999995948, -1.1736970485928129 
23.119999999959457, -1.1800143389254378 
23.129999999959434, -1.1851126827292302 
23.13999999995941, -1.1891164185959309 
23.149999999959388, -1.1921518691573116 
23.159999999959364, -1.1943411562799648 
23.16999999995934, -1.1957981714708292 
23.179999999959318, -1.196626647019833 
23.189999999959294, -1.1969200746451363 
23.19999999995927, -1.19676312852943 
23.209999999959248, -1.1962342254972993 
23.219999999959224, -1.1954088450647837 
23.2299999999592, -1.194363193113747 
23.239999999959178, -1.193177703698713 
23.249999999959154, -1.1919397466096942 
23.25999999995913, -1.1907448000302274 
23.269999999959108, -1.1896953558792547 
23.279999999959085, -1.1888970618501904 
23.28999999995906, -1.1884521323101276 
23.299999999959038, -1.1884508180880533 
23.309999999959015, -1.1889624849524632 
23.31999999995899, -1.1900282771543964 
23.329999999958968, -1.1916571597923569 
23.339999999958945, -1.193826312202613 
23.34999999995892, -1.1964856671923407 
23.359999999958898, -1.199565324276867 
23.369999999958875, -1.2029840090764803 
23.37999999995885, -1.2066568404242008 
23.389999999958828, -1.210501246767279 
23.399999999958805, -1.2144406321360193 
23.40999999995878, -1.218406034573963 
23.41999999995876, -1.2223363815286796 
23.429999999958735, -1.2261780114241558 
23.43999999995871, -1.2298839859052242 
23.44999999995869, -1.2334134871534856 
23.459999999958665, -1.236731384626498 
23.46999999995864, -1.2398079230939987 
23.47999999995862, -1.2426184368039184 
23.489999999958595, -1.245143008423992 
23.499999999958572, -1.2473660319879054 
23.50999999995855, -1.249275679966253 
23.519999999958525, -1.250863303268193 
23.529999999958502, -1.2521228082945801 
23.53999999995848, -1.2530500610024389 
23.549999999958455, -1.2536423679491648 
23.559999999958432, -1.253898079670789 
23.56999999995841, -1.2538163519504986 
23.579999999958385, -1.253397085200568 
23.589999999958362, -1.2526410428148254 
23.59999999995834, -1.2515501295812388 
23.609999999958315, -1.2501277956153924 
23.619999999958292, -1.2483795231682837 
23.62999999995827, -1.2463133534831379 
23.639999999958246, -1.2439404155499205 
23.649999999958222, -1.2412754229195104 
23.6599999999582, -1.2383371042501237 
23.669999999958176, -1.2351485276056626 
23.679999999958152, -1.2317372734111671 
23.68999999995813, -1.2281354170546537 
23.699999999958106, -1.2243793098673637 
23.709999999958082, -1.2205091985541017 
23.71999999995806, -1.2165687836662775 
23.729999999958036, -1.2126048552508573 
23.739999999958012, -1.2086671187128042 
23.74999999995799, -1.204808210534426 
23.759999999957966, -1.2010837139177966 
23.769999999957943, -1.1975517802167448 
23.77999999995792, -1.1942718422991905 
23.789999999957896, -1.191301970887184 
23.799999999957873, -1.1886947254571392 
23.80999999995785, -1.186491844687988 
23.819999999957826, -1.1847186566071268 
23.829999999957803, -1.1833794439261884 
23.83999999995778, -1.1824549773605222 
23.849999999957756, -1.1819029678430004 
23.859999999957733, -1.1816614258422617 
23.86999999995771, -1.1816541426255016 
23.879999999957686, -1.1817970210868431 
23.889999999957663, -1.1820039344882851 
23.89999999995764, -1.1821911284103872 
23.909999999957616, -1.182279710721325 
23.919999999957593, -1.1821962827872794 
23.92999999995757, -1.1818721156951884 
23.939999999957546, -1.1812414354690945 
23.949999999957523, -1.1802393928728305 
23.9599999999575, -1.17880022319412 
23.969999999957476, -1.1768560036352458 
23.979999999957453, -1.17433631644508 
23.98999999995743, -1.1711690240300823 
23.999999999957407, -1.1672822423769271 
24.009999999957383, -1.162607446054421 
24.01999999995736, -1.1570834520621625 
24.029999999957337, -1.1506608363963613 
24.039999999957313, -1.1433061865366405 
24.04999999995729, -1.135005544523328 
24.059999999957267, -1.1257664905570257 
24.069999999957243, -1.1156185535779848 
24.07999999995722, -1.1046119570673205 
24.089999999957197, -1.0928150233132128 
24.099999999957173, -1.0803107768851261 
24.10999999995715, -1.0671933555522568 
24.119999999957127, -1.0535647564788002 
24.129999999957104, -1.0395322639155897 
24.13999999995708, -1.025206686642436 
24.149999999957057, -1.0107013358653354 
24.159999999957034, -0.9961315312588963 
24.16999999995701, -0.9816143448882193 
24.179999999956987, -0.967268274347696 
24.189999999956964, -0.953212565537701 
24.19999999995694, -0.9395659701288538 
24.209999999956917, -0.926444813617886 
24.219999999956894, -0.9139603592103415 
24.22999999995687, -0.9022155716839276 
24.239999999956847, -0.8913015015463985 
24.249999999956824, -0.8812936070583113 
24.2599999999568, -0.8722483923633726 
24.269999999956777, -0.8642007491518359 
24.279999999956754, -0.8571623396509315 
24.28999999995673, -0.8511212539290264 
24.299999999956707, -0.8460430296240273 
24.309999999956684, -0.841872961090576 
24.31999999995666, -0.8385394749619068 
24.329999999956637, -0.835958235053083 
24.339999999956614, -0.8340365784048928 
24.34999999995659, -0.8326778821549338 
24.359999999956568, -0.8317855125529736 
24.369999999956544, -0.8312660984116605 
24.37999999995652, -0.831031982148962 
24.389999999956498, -0.8310028125686366 
24.399999999956474, -0.831106338662024 
24.40999999995645, -0.8312785332876234 
24.419999999956428, -0.8314632166112863 
24.429999999956404, -0.8316113641305498 
24.43999999995638, -0.8316802785629446 
24.449999999956358, -0.8316327851208414 
24.459999999956334, -0.8314365807258655 
24.46999999995631, -0.831063832276301 
24.479999999956288, -0.8304910777674008 
24.489999999956265, -0.8296994364874236 
24.49999999995624, -0.8286750812364501 
24.509999999956218, -0.8274098702104801 
24.519999999956195, -0.8259019870512233 
24.52999999995617, -0.8241564068177177 
24.539999999956148, -0.8221850063903234 
24.549999999956125, -0.8200061785473135 
24.5599999999561, -0.8176438878258684 
24.569999999956078, -0.8151262085343527 
24.579999999956055, -0.8124834862316694 
24.58999999995603, -0.8097463372989722 
24.599999999956008, -0.8069437288062321 
24.609999999955985, -0.8041013592706118 
24.61999999995596, -0.8012405010752698 
24.62999999995594, -0.798377386551742 
24.639999999955915, -0.795523141558822 
24.64999999995589, -0.7926842066478572 
24.65999999995587, -0.7898631428659539 
24.669999999955845, -0.7870596971894006 
24.67999999995582, -0.7842719986191722 
24.6899999999558, -0.7814977663181676 
24.699999999955775, -0.7787354320169906 
24.709999999955752, -0.7759851063379605 
24.71999999995573, -0.7732493484010782 
24.729999999955705, -0.7705337256571053 
24.739999999955682, -0.7678471725268983 
24.74999999995566, -0.7652021697819761 
24.759999999955635, -0.7626147713441942 
24.769999999955612, -0.7601045028669264 
24.77999999995559, -0.757694149888233 
24.789999999955565, -0.7554094456906288 
24.799999999955542, -0.7532786630100692 
24.80999999995552, -0.7513321112140601 
24.819999999955495, -0.7496015421815585 
24.829999999955472, -0.7481194734622736 
24.83999999995545, -0.7469184451450184 
24.849999999955426, -0.7460302355201913 
24.859999999955402, -0.7454850682725218 
24.86999999995538, -0.7453108490247211 
24.879999999955356, -0.7455324705271653 
24.889999999955332, -0.7461712232810755 
24.89999999995531, -0.7472443421999403 
24.909999999955286, -0.7487647109126567 
24.919999999955262, -0.7507407346675216 
24.92999999995524, -0.7531763817353979 
24.939999999955216, -0.7560713827691001 
24.949999999955192, -0.7594215684377996 
24.95999999995517, -0.7632193180941419 
24.969999999955146, -0.7674540861581983 
24.979999999955123, -0.7721129679870163 
24.9899999999551, -0.7771812628390324 
24.999999999955076, -0.7826429878403832 
