t, s[1].omega / s[0].omega 
0, -1.9799232810651575 
0.009999999999999995, -1.9698739542613493 
0.019999999999999934, -1.9564053172879288 
0.029999999999999874, -1.9473985152090072 
0.04000000000000012, -1.9482577657743945 
0.050000000000000405, -1.952442187899725 
0.06000000000000069, -1.9551761313918976 
0.07000000000000098, -1.9563256086053928 
0.08000000000000126, -1.9565571295651036 
0.09000000000000155, -1.9562774361375659 
0.10000000000000184, -1.9557309317574414 
0.11000000000000212, -1.9552171088828754 
0.12000000000000241, -1.9551005917075663 
0.130000000000002, -1.9554666046047438 
0.1400000000000009, -1.9560386930161644 
0.1499999999999998, -1.9565386968777374 
0.1599999999999987, -1.9568160927914573 
0.1699999999999976, -1.9567673061961213 
0.1799999999999965, -1.9562711821776886 
0.1899999999999954, -1.9551201199266708 
0.1999999999999943, -1.9529143129283366 
0.2099999999999932, -1.9489200369141333 
0.2199999999999921, -1.9420311074645624 
0.229999999999991, -1.9316653436451823 
0.2399999999999899, -1.9209768603505046 
0.2499999999999888, -1.9167066886845174 
0.2599999999999877, -1.918645816103022 
0.2699999999999866, -1.92136498932924 
0.2799999999999855, -1.9228625130465644 
0.2899999999999844, -1.9233541369635296 
0.2999999999999833, -1.923235728436838 
0.3099999999999822, -1.9227430894314554 
0.3199999999999811, -1.9221094230380031 
0.32999999999998, -1.9217474677397852 
0.3399999999999789, -1.9220486814651032 
0.3499999999999778, -1.9228914601829388 
0.35999999999997667, -1.9238191763425454 
0.36999999999997557, -1.9245263924960068 
0.37999999999997447, -1.9248943470821307 
0.38999999999997337, -1.9248607736440975 
0.39999999999997227, -1.924343596484635 
0.40999999999997117, -1.9231863024353306 
0.41999999999997006, -1.9210981932518472 
0.42999999999996896, -1.9175977429179745 
0.43999999999996786, -1.912081409152463 
0.44999999999996676, -1.9045267831431514 
0.45999999999996566, -1.8972464851744029 
0.46999999999996456, -1.8941215114502525 
0.47999999999996346, -1.8949099211192422 
0.48999999999996235, -1.8964292946497046 
0.49999999999996125, -1.8972852135601443 
0.5099999999999602, -1.8974644744839337 
0.519999999999959, -1.8971555307372654 
0.529999999999958, -1.8964933553303212 
0.5399999999999568, -1.8957201287668834 
0.5499999999999557, -1.8954280859096322 
0.5599999999999546, -1.8962182958808846 
0.5699999999999535, -1.8978419525904695 
0.5799999999999524, -1.8995161876974813 
0.5899999999999513, -1.900777472531232 
0.5999999999999502, -1.9015224833231432 
0.6099999999999491, -1.9017630076564493 
0.619999999999948, -1.9015036848213758 
0.6299999999999469, -1.9006992285670148 
0.6399999999999458, -1.8992325239972168 
0.6499999999999447, -1.896904005629679 
0.6599999999999436, -1.8934802435381766 
0.6699999999999425, -1.8889909767285544 
0.6799999999999414, -1.8844514895572975 
0.6899999999999403, -1.8818188825521447 
0.6999999999999392, -1.8815914856232046 
0.7099999999999381, -1.8822679335744703 
0.719999999999937, -1.8827243477060573 
0.7299999999999359, -1.8827185727480824 
0.7399999999999348, -1.8822686069446966 
0.7499999999999337, -1.8813918585693834 
0.7599999999999326, -1.880255646501632 
0.7699999999999315, -1.8796589020842263 
0.7799999999999304, -1.8808882396678037 
0.7899999999999293, -1.8839180128337116 
0.7999999999999282, -1.8872321577000257 
0.8099999999999271, -1.8897858930499467 
0.819999999999926, -1.8914099428120479 
0.8299999999999249, -1.8922492335751588 
0.8399999999999238, -1.8924570257843776 
0.8499999999999227, -1.8921245937118656 
0.8599999999999216, -1.8912786393914616 
0.8699999999999205, -1.8898932730149274 
0.8799999999999194, -1.88792154956639 
0.8899999999999183, -1.8854031674929328 
0.8999999999999172, -1.8827336429558685 
0.9099999999999161, -1.8807992277044598 
0.919999999999915, -1.8801645694506053 
0.9299999999999139, -1.880313839601231 
0.9399999999999128, -1.8804862229826278 
0.9499999999999117, -1.8803423841753844 
0.9599999999999106, -1.8797651136681193 
0.9699999999999095, -1.8786212758707195 
0.9799999999999084, -1.8768356174791467 
0.9899999999999073, -1.875139229419536 
0.9999999999999062, -1.8760130362003131 
1.0099999999999052, -1.8810350419696253 
1.019999999999904, -1.8876027857326214 
1.029999999999903, -1.8928506365274231 
1.039999999999902, -1.8961863613087437 
1.0499999999999008, -1.8980291172913701 
1.0599999999998997, -1.8988491172860829 
1.0699999999998986, -1.898962198346661 
1.0799999999998975, -1.8985494971595167 
1.0899999999998964, -1.8977062935484212 
1.0999999999998953, -1.8964896086152714 
1.1099999999998942, -1.894974918381953 
1.119999999999893, -1.8933612455002362 
1.129999999999892, -1.892067244132037 
1.1399999999998909, -1.8914600839667846 
1.1499999999998898, -1.8913822060804477 
1.1599999999998887, -1.8913715402488243 
1.1699999999998876, -1.8911091690032478 
1.1799999999998865, -1.8903952520821772 
1.1899999999998854, -1.8889420719754448 
1.1999999999998843, -1.8863101457380047 
1.2099999999998832, -1.8826478216101357 
1.219999999999882, -1.8812494801058386 
1.229999999999881, -1.8874200422948042 
1.2399999999998799, -1.8986076976850335 
1.2499999999998788, -1.9080518525577772 
1.2599999999998777, -1.9138223640912506 
1.2699999999998766, -1.9168551594517673 
1.2799999999998755, -1.918236365801772 
1.2899999999998744, -1.9186461700297763 
1.2999999999998733, -1.9184529662712575 
1.3099999999998722, -1.9178538788770645 
1.319999999999871, -1.9169751631123357 
1.32999999999987, -1.9159316767739114 
1.3399999999998689, -1.9148728970478248 
1.3499999999998678, -1.9140327603915508 
1.3599999999998666, -1.9136078062826658 
1.3699999999998655, -1.913493922111731 
1.3799999999998644, -1.9133765872817048 
1.3899999999998633, -1.9129864868776316 
1.3999999999998622, -1.9120707017730443 
1.4099999999998611, -1.9101767226341468 
1.41999999999986, -1.9064531331448478 
1.429999999999859, -1.9002823898059347 
1.4399999999998578, -1.8952740113587936 
1.4499999999998567, -1.90090673212583 
1.4599999999998556, -1.915715137751474 
1.4699999999998545, -1.9284369313543344 
1.4799999999998534, -1.935714917915297 
1.4899999999998523, -1.9392344438951046 
1.4999999999998512, -1.9407190228678768 
1.5099999999998501, -1.9411303259758115 
1.519999999999849, -1.94094011273361 
1.529999999999848, -1.940390353468506 
1.5399999999998468, -1.9396442245449197 
1.5499999999998457, -1.9388422946949042 
1.5599999999998446, -1.938112664303891 
1.5699999999998435, -1.937596143606521 
1.5799999999998424, -1.937361382427555 
1.5899999999998413, -1.9372635737945498 
1.5999999999998402, -1.9370452751743243 
1.6099999999998391, -1.9364629616924218 
1.619999999999838, -1.9351832996172251 
1.629999999999837, -1.9325078557142281 
1.6399999999998358, -1.9270694438854856 
1.6499999999998347, -1.917779471514627 
1.6599999999998336, -1.9099581082154422 
1.6699999999998325, -1.916297174954115 
1.6799999999998314, -1.9325140398889782 
1.6899999999998303, -1.9450067438508185 
1.6999999999998292, -1.9514999175413965 
1.709999999999828, -1.9543790672248686 
1.719999999999827, -1.9554553031926787 
1.729999999999826, -1.9556255679094512 
1.7399999999998248, -1.9553050605909348 
1.7499999999998237, -1.9547212405807468 
1.7599999999998226, -1.954052726172645 
1.7699999999998215, -1.9534394437812932 
1.7799999999998204, -1.9529694700062077 
1.7899999999998193, -1.952703602636893 
1.7999999999998182, -1.9526006722143632 
1.809999999999817, -1.9524728574474306 
1.819999999999816, -1.9520905974248677 
1.8299999999998149, -1.9511871897326745 
1.8399999999998138, -1.9492627423870812 
1.8499999999998127, -1.9452111212173826 
1.8599999999998116, -1.9370370105513115 
1.8699999999998105, -1.9241953390179762 
1.8799999999998094, -1.916408989828327 
1.8899999999998083, -1.9256994486083012 
1.8999999999998072, -1.9408297015420313 
1.909999999999806, -1.9505183331430622 
1.919999999999805, -1.9550797037521654 
1.9299999999998039, -1.9569289129062586 
1.9399999999998028, -1.9574762774049852 
1.9499999999998017, -1.9573665359823404 
1.9599999999998006, -1.9569086752134528 
1.9699999999997995, -1.9563153047458695 
1.9799999999997984, -1.9557690061908644 
1.9899999999997973, -1.9553687471761176 
1.9999999999997962, -1.955136443402417 
2.0099999999998173, -1.9550500009171752 
2.0199999999998384, -1.95498862500782 
2.0299999999998595, -1.9547553533868904 
2.0399999999998806, -1.9541258007745443 
2.0499999999999017, -1.95274542197206 
2.059999999999923, -1.949848629059002 
2.069999999999944, -1.943801522335556 
2.079999999999965, -1.9321957093487263 
2.089999999999986, -1.9166640622198212 
2.100000000000007, -1.9112119627624466 
2.1100000000000283, -1.9217644868026802 
2.1200000000000494, -1.9336978661833562 
2.1300000000000705, -1.9403599683609982 
2.1400000000000916, -1.9432779056001674 
2.1500000000001127, -1.9443343732905736 
2.160000000000134, -1.9444902891113962 
2.170000000000155, -1.944180364934431 
2.180000000000176, -1.9436533144031363 
2.190000000000197, -1.9431323850836884 
2.2000000000002182, -1.9427830847996053 
2.2100000000002393, -1.9426271921204308 
2.2200000000002604, -1.9426065603541365 
2.2300000000002815, -1.942631119056884 
2.2400000000003026, -1.9425526153698691 
2.2500000000003237, -1.9421882248387363 
2.260000000000345, -1.941298164433143 
2.270000000000366, -1.9394304704939067 
2.280000000000387, -1.9356123572513724 
2.290000000000408, -1.9279363228155795 
2.3000000000004293, -1.9141590464626117 
2.3100000000004504, -1.8975177077057919 
2.3200000000004715, -1.8918499932379074 
2.3300000000004926, -1.89949448933727 
2.3400000000005137, -1.9078916050115589 
2.3500000000005348, -1.912483787605322 
2.360000000000556, -1.9144346885326382 
2.370000000000577, -1.9150480649496326 
2.380000000000598, -1.9149868332757407 
2.390000000000619, -1.914571057310026 
2.4000000000006403, -1.9140407230109997 
2.4100000000006614, -1.9136556243638148 
2.4200000000006825, -1.9135665355527487 
2.4300000000007036, -1.9137031425015145 
2.4400000000007247, -1.9139136294889714 
2.450000000000746, -1.9140655997547498 
2.460000000000767, -1.9140246566455683 
2.470000000000788, -1.9136400595541434 
2.480000000000809, -1.9126979701861102 
2.49000000000083, -1.9107990893369364 
2.5000000000008513, -1.9071548477338287 
2.5100000000008724, -1.9003593629034885 
2.5200000000008935, -1.8887904581848747 
2.5300000000009146, -1.873917378212602 
2.5400000000009357, -1.8645647417873121 
2.550000000000957, -1.8658631921567106 
2.560000000000978, -1.8707081586514054 
2.570000000000999, -1.8739800578694166 
2.58000000000102, -1.875465224391379 
2.5900000000010412, -1.875898864668312 
2.6000000000010624, -1.8757506573254852 
2.6100000000010835, -1.8752722969879752 
2.6200000000011046, -1.8747070838763364 
2.6300000000011257, -1.874407078059848 
2.6400000000011468, -1.8746248140851667 
2.650000000001168, -1.8752261406785204 
2.660000000001189, -1.8758894312996415 
2.67000000000121, -1.8763957850516886 
2.680000000001231, -1.8766295753285882 
2.6900000000012523, -1.8765033608923378 
2.7000000000012734, -1.8759068313339646 
2.7100000000012945, -1.8746520082400573 
2.7200000000013156, -1.8724064629505623 
2.7300000000013367, -1.868629655599084 
2.740000000001358, -1.862637797652797 
2.750000000001379, -1.8543077092232108 
2.7600000000014, -1.8459225764041272 
2.770000000001421, -1.8418127079815094 
2.780000000001442, -1.8423547095742783 
2.7900000000014633, -1.8441099163955297 
2.8000000000014844, -1.8452399290446824 
2.8100000000015055, -1.8456187763312972 
2.8200000000015266, -1.8454596291533338 
2.8300000000015477, -1.8449116106211865 
2.840000000001569, -1.8441403202428261 
2.85000000000159, -1.843576334599933 
2.860000000001611, -1.8439042697283412 
2.870000000001632, -1.845305803391814 
2.8800000000016532, -1.8471335801356144 
2.8900000000016743, -1.848723795018514 
2.9000000000016954, -1.8498224858942738 
2.9100000000017165, -1.8504048921445713 
2.9200000000017377, -1.8504939625854195 
2.9300000000017588, -1.8500906167747893 
2.94000000000178, -1.8491494127022048 
2.950000000001801, -1.847568163234809 
2.960000000001822, -1.845195144394951 
2.970000000001843, -1.841910802588836 
2.9800000000018643, -1.837935940148153 
2.9900000000018854, -1.8343230665447727 
3.0000000000019065, -1.832484160311043 
3.0100000000019276, -1.832414220008766 
3.0200000000019487, -1.8329026895787124 
3.03000000000197, -1.8331682163136236 
3.040000000001991, -1.8330262693833272 
3.050000000002012, -1.8324478761619176 
3.060000000002033, -1.831387801946517 
3.070000000002054, -1.8299680621926186 
3.0800000000020753, -1.829112331469095 
3.0900000000020964, -1.8306207427343704 
3.1000000000021175, -1.8348050968051417 
3.1100000000021386, -1.8396207820513137 
3.1200000000021597, -1.8434243815177296 
3.130000000002181, -1.845908446538313 
3.140000000002202, -1.847311838822599 
3.150000000002223, -1.8479123272555857 
3.160000000002244, -1.8479054212223194 
3.1700000000022652, -1.8474054266639541 
3.1800000000022863, -1.8464695474603818 
3.1900000000023074, -1.845129542596204 
3.2000000000023285, -1.8434437402753017 
3.2100000000023496, -1.841606968529332 
3.2200000000023707, -1.8400647381002262 
3.230000000002392, -1.8392688071562848 
3.240000000002413, -1.839136416589589 
3.250000000002434, -1.83918017888405 
3.260000000002455, -1.839031241445635 
3.2700000000024763, -1.8384959235319076 
3.2800000000024974, -1.8373557442789878 
3.2900000000025185, -1.835239310135563 
3.3000000000025396, -1.831923275618453 
3.3100000000025607, -1.8290674476684088 
3.3200000000025818, -1.8317709788755256 
3.330000000002603, -1.8416890539709765 
3.340000000002624, -1.8527053385785588 
3.350000000002645, -1.860462384528482 
3.360000000002666, -1.864910406665698 
3.3700000000026873, -1.8671678472779263 
3.3800000000027084, -1.8681187005171556 
3.3900000000027295, -1.868284955023427 
3.4000000000027506, -1.8679513700019246 
3.4100000000027717, -1.8672825282517773 
3.420000000002793, -1.8664022983118145 
3.430000000002814, -1.8654334113766804 
3.440000000002835, -1.8645273025446714 
3.450000000002856, -1.8638794333908275 
3.460000000002877, -1.86358864642709 
3.4700000000028983, -1.8634978436407827 
3.4800000000029194, -1.863330227114719 
3.4900000000029405, -1.8628493431669917 
3.5000000000029616, -1.8617816678554502 
3.5100000000029827, -1.8595920637498746 
3.520000000003004, -1.8552215127920408 
3.530000000003025, -1.847487897212887 
3.540000000003046, -1.8389852754417606 
3.550000000003067, -1.8405873796544339 
3.5600000000030882, -1.8552200526851432 
3.5700000000031094, -1.8701910967575124 
3.5800000000031305, -1.8792055100887937 
3.5900000000031516, -1.8836008249126575 
3.6000000000031727, -1.8854922260067764 
3.6100000000031938, -1.8861138156934607 
3.620000000003215, -1.886063888044226 
3.630000000003236, -1.885638741304674 
3.640000000003257, -1.8850324027273124 
3.650000000003278, -1.884414110179956 
3.6600000000032993, -1.8839033449720133 
3.6700000000033204, -1.8835583498527098 
3.6800000000033415, -1.8833960822903109 
3.6900000000033626, -1.8833371710700821 
3.7000000000033837, -1.883201204078702 
3.710000000003405, -1.8827831193512352 
3.720000000003426, -1.8818259062687166 
3.730000000003447, -1.879840614345179 
3.740000000003468, -1.8757739604511656 
3.750000000003489, -1.8676409103463416 
3.7600000000035103, -1.8536355402240452 
3.7700000000035314, -1.8389051334598672 
3.7800000000035525, -1.837711126727985 
3.7900000000035736, -1.8489884934262701 
3.8000000000035947, -1.8593140909901997 
3.810000000003616, -1.8648827356733844 
3.820000000003637, -1.86732914462937 
3.830000000003658, -1.868201937575548 
3.840000000003679, -1.8682883467281468 
3.8500000000037002, -1.8679572425448439 
3.8600000000037213, -1.867439681247753 
3.8700000000037424, -1.8669672445438905 
3.8800000000037635, -1.866723445955382 
3.8900000000037847, -1.8667198010951584 
3.9000000000038058, -1.8668500974722844 
3.910000000003827, -1.8669965035969647 
3.920000000003848, -1.8670295295430432 
3.930000000003869, -1.866803546341512 
3.94000000000389, -1.8661422940744845 
3.9500000000039113, -1.8647557087865543 
3.9600000000039324, -1.8620841612692598 
3.9700000000039535, -1.8570799052314246 
3.9800000000039746, -1.8481438211153502 
3.9900000000039957, -1.8344422946233934 
4.000000000004016, -1.8203953848977927 
4.010000000003993, -1.8152028842236387 
4.02000000000397, -1.8185650279271268 
4.030000000003946, -1.822972852506475 
4.040000000003923, -1.825553157178783 
4.0500000000039, -1.8266443201719071 
4.0600000000038765, -1.826881286616779 
4.070000000003853, -1.8266272627169893 
4.08000000000383, -1.8260944242200843 
4.090000000003807, -1.8255388625963325 
4.100000000003783, -1.8253387246451183 
4.11000000000376, -1.825726208542897 
4.120000000003737, -1.826511570620347 
4.130000000003713, -1.8273351607369919 
4.14000000000369, -1.8279662177108171 
4.150000000003667, -1.828296423705328 
4.1600000000036434, -1.8282575520942643 
4.17000000000362, -1.8277702497628634 
4.180000000003597, -1.8267037166265907 
4.1900000000035735, -1.8248370803471456 
4.20000000000355, -1.8218305628070524 
4.210000000003527, -1.8172698408127204 
4.220000000003504, -1.8110300860663464 
4.23000000000348, -1.804282769491455 
4.240000000003457, -1.7998476373038446 
4.250000000003434, -1.7990770269739123 
4.26000000000341, -1.8000857049774424 
4.270000000003387, -1.8010174066132592 
4.280000000003364, -1.8013917911019697 
4.2900000000033405, -1.8012660986027111 
4.300000000003317, -1.8007232009827052 
4.310000000003294, -1.7998361898646482 
4.320000000003271, -1.7989121107219899 
4.330000000003247, -1.7988045808972806 
4.340000000003224, -1.8003634758836402 
4.350000000003201, -1.803171390256463 
4.360000000003177, -1.806027276468853 
4.370000000003154, -1.8082300417863657 
4.380000000003131, -1.8096637369545285 
4.390000000003107, -1.810421204766298 
4.400000000003084, -1.8106088163505525 
4.410000000003061, -1.810294627574774 
4.4200000000030375, -1.8095027012416687 
4.430000000003014, -1.8082212291015545 
4.440000000002991, -1.806426604290165 
4.450000000002968, -1.8041552544665085 
4.460000000002944, -1.8016785406291098 
4.470000000002921, -1.7996512242177805 
4.480000000002898, -1.798686028785594 
4.490000000002874, -1.798610150464786 
4.500000000002851, -1.798767113630176 
4.510000000002828, -1.7987262993146813 
4.520000000002804, -1.798316664910929 
4.530000000002781, -1.7973921788532858 
4.540000000002758, -1.7957174299722989 
4.5500000000027345, -1.7932079897236295 
4.560000000002711, -1.7911211661831334 
4.570000000002688, -1.7931063057809968 
4.580000000002665, -1.8008150412861856 
4.590000000002641, -1.810164472083235 
4.600000000002618, -1.8173637914848597 
4.610000000002595, -1.8218352881160673 
4.620000000002571, -1.8242882349625469 
4.630000000002548, -1.8254406660354792 
4.640000000002525, -1.8257686777354039 
4.6500000000025015, -1.8255522829040292 
4.660000000002478, -1.8249552929096233 
4.670000000002455, -1.824092362038412 
4.6800000000024315, -1.8230736225520723 
4.690000000002408, -1.822035701545238 
4.700000000002385, -1.8211755740965256 
4.710000000002362, -1.8206808219232244 
4.720000000002338, -1.8205191880443519 
4.730000000002315, -1.8204356147645222 
4.740000000002292, -1.820168088233809 
4.750000000002268, -1.8194954645531045 
4.760000000002245, -1.818085819482302 
4.770000000002222, -1.8152560649417402 
4.7800000000021985, -1.809801834214237 
4.790000000002175, -1.8010902963775355 
4.800000000002152, -1.7941024157999723 
4.810000000002129, -1.7997512553844826 
4.820000000002105, -1.8157242309523283 
4.830000000002082, -1.8295698718216404 
4.840000000002059, -1.8374988566060175 
4.850000000002035, -1.8413154040610749 
4.860000000002012, -1.8429363343090137 
4.870000000001989, -1.8434333164173957 
4.880000000001965, -1.8433272809817336 
4.890000000001942, -1.8428857338141469 
4.900000000001919, -1.8422982897966924 
4.9100000000018955, -1.8417364334289263 
4.920000000001872, -1.8413124322430288 
4.930000000001849, -1.841060108051624 
4.940000000001826, -1.8409662277954641 
4.950000000001802, -1.8409441453896371 
4.960000000001779, -1.8408309912272594 
4.970000000001756, -1.8404412817090445 
4.980000000001732, -1.839542146914614 
4.990000000001709, -1.8377087569525012 
5.000000000001686, -1.8340611608541455 
5.0100000000016625, -1.8269229431375116 
5.020000000001639, -1.8141597291273612 
5.030000000001616, -1.7971592947139357 
5.0400000000015925, -1.7868828220394395 
5.050000000001569, -1.7907831544563364 
5.060000000001546, -1.7995271938769082 
5.070000000001523, -1.8055097416394434 
5.080000000001499, -1.8084358979269992 
5.090000000001476, -1.8096043978908505 
5.100000000001453, -1.8098661146147017 
5.110000000001429, -1.8096371246298364 
5.120000000001406, -1.8091510270930482 
5.130000000001383, -1.8086457425471127 
5.1400000000013595, -1.8083986979659419 
5.150000000001336, -1.8085400810122831 
5.160000000001313, -1.8089405144005668 
5.17000000000129, -1.8093879862174913 
5.180000000001266, -1.8097259863300468 
5.190000000001243, -1.8098395892936292 
5.20000000000122, -1.8096227363439752 
5.210000000001196, -1.8089436204801412 
5.220000000001173, -1.8075904146948125 
5.23000000000115, -1.8052037893757298 
5.240000000001126, -1.801216962872648 
5.250000000001103, -1.7949228790114553 
5.26000000000108, -1.7861204368119914 
5.2700000000010565, -1.7768336275371035 
5.280000000001033, -1.771449300361557 
5.29000000000101, -1.7712655840461822 
5.300000000000987, -1.7730592655329929 
5.310000000000963, -1.774463307392255 
5.32000000000094, -1.7750833431993527 
5.330000000000917, -1.775108361714708 
5.340000000000893, -1.7747042876440182 
5.35000000000087, -1.7739853374910166 
5.360000000000847, -1.7732035516317513 
5.3700000000008234, -1.7729701582472337 
5.3800000000008, -1.7739291509898893 
5.390000000000777, -1.7759058208560767 
5.4000000000007535, -1.7780773987655003 
5.41000000000073, -1.77985385712443 
5.420000000000707, -1.781062036492245 
5.430000000000684, -1.7817166749737716 
5.44000000000066, -1.7818661389171413 
5.450000000000637, -1.7815391308815527 
5.460000000000614, -1.7807306234917362 
5.47000000000059, -1.7794016791872953 
5.480000000000567, -1.777494224671726 
5.490000000000544, -1.7749901536065404 
5.5000000000005205, -1.772082102573965 
5.510000000000497, -1.7694138707772713 
5.520000000000474, -1.7678467985508621 
5.5300000000004506, -1.7675168826329473 
5.540000000000427, -1.7677280496893903 
5.550000000000404, -1.7678605143442525 
5.560000000000381, -1.767671098523008 
5.570000000000357, -1.7670537427652158 
5.580000000000334, -1.765852659132951 
5.590000000000311, -1.76389852262914 
5.600000000000287, -1.7616044960033388 
5.610000000000264, -1.76127127868163 
5.620000000000241, -1.7659601653083512 
5.6300000000002175, -1.7744311649639068 
5.640000000000194, -1.7824934654188813 
5.650000000000171, -1.788153133951086 
5.660000000000148, -1.791558155997039 
5.670000000000124, -1.7933769664973014 
5.680000000000101, -1.7941606625252078 
5.690000000000078, -1.7942650055490514 
5.700000000000054, -1.793902680194951 
5.710000000000031, -1.7932067030613037 
5.720000000000008, -1.7922831996008397 
5.729999999999984, -1.7912452709504891 
5.739999999999961, -1.7902414852248367 
5.749999999999938, -1.7894729578124533 
5.7599999999999145, -1.7890801498138746 
5.769999999999891, -1.7889641967064587 
5.779999999999868, -1.7888616468656795 
5.789999999999845, -1.7885334423669392 
5.799999999999821, -1.7877583652187883 
5.809999999999798, -1.7861669913629867 
5.819999999999775, -1.782995414054195 
5.829999999999751, -1.776922192622194 
5.839999999999728, -1.7672555503031713 
5.849999999999705, -1.7591124606616149 
5.8599999999996815, -1.7637293647409513 
5.869999999999658, -1.7793189161792433 
5.879999999999635, -1.793316007619503 
5.8899999999996115, -1.801456139192915 
5.899999999999588, -1.805401089727225 
5.909999999999565, -1.807091415610662 
5.919999999999542, -1.8076316236991672 
5.929999999999518, -1.807559732029333 
5.939999999999495, -1.8071502600722291 
5.949999999999472, -1.8065985616083058 
5.959999999999448, -1.8060900356823715 
5.969999999999425, -1.805749994250886 
5.979999999999402, -1.8055959137094935 
5.9899999999993785, -1.8055834164518216 
5.999999999999355, -1.8056254640085823 
6.009999999999332, -1.8055832170339818 
6.019999999999309, -1.8052955478892467 
6.029999999999285, -1.8045709973810424 
6.039999999999262, -1.803093838637864 
6.049999999999239, -1.800252467978493 
6.059999999999215, -1.7949021327405617 
6.069999999999192, -1.7853106348189947 
6.079999999999169, -1.770584555785507 
6.089999999999145, -1.7553257112790206 
6.099999999999122, -1.7493419842694897 
6.109999999999099, -1.7530248397296362 
6.1199999999990755, -1.7583294805989234 
6.129999999999052, -1.7616377392825437 
6.139999999999029, -1.7631676861880052 
6.149999999999006, -1.7636614977243532 
6.159999999998982, -1.7635719263559957 
6.169999999998959, -1.763135263325508 
6.179999999998936, -1.7625546209334417 
6.189999999998912, -1.762147183434352 
6.199999999998889, -1.7622609242394531 
6.209999999998866, -1.762933983357658 
6.2199999999988425, -1.7638559876816067 
6.229999999998819, -1.7647066629692616 
6.239999999998796, -1.765313014185032 
6.2499999999987725, -1.7655935399446157 
6.259999999998749, -1.7654929443672849 
6.269999999998726, -1.7649433981884854 
6.279999999998703, -1.7638365137503111 
6.289999999998679, -1.762002774472966 
6.299999999998656, -1.7592071982257103 
6.309999999998633, -1.7552125180490346 
6.319999999998609, -1.7500665979047298 
6.329999999998586, -1.744728592947815 
6.339999999998563, -1.7411300684708504 
6.3499999999985395, -1.740207849796726 
6.359999999998516, -1.7407644168404315 
6.369999999998493, -1.741414060805149 
6.37999999999847, -1.7416675116682423 
6.389999999998446, -1.7414870906061413 
6.399999999998423, -1.74088402056978 
6.4099999999984, -1.739844827195307 
6.419999999998376, -1.7385395904948489 
6.429999999998353, -1.7378468570904269 
6.43999999999833, -1.7393294107082178 
6.449999999998306, -1.7433364305185581 
6.459999999998283, -1.7481816905014405 
6.46999999999826, -1.7522640310725865 
6.4799999999982365, -1.7551130451292642 
6.489999999998213, -1.756862305508895 
6.49999999999819, -1.757762007256736 
6.509999999998167, -1.7580187149332225 
6.519999999998143, -1.7577732281233132 
6.52999999999812, -1.7571141084345026 
6.539999999998097, -1.7561012556052495 
6.549999999998073, -1.7547967212824702 
6.55999999999805, -1.7533102572824575 
6.569999999998027, -1.751869355623381 
6.5799999999980034, -1.7508160236066186 
6.58999999999798, -1.7503450995957361 
6.599999999997957, -1.750266061906299 
6.6099999999979335, -1.750219911564822 
6.61999999999791, -1.7499470397529961 
6.629999999997887, -1.7492541879916323 
6.639999999997864, -1.7478432757066884 
6.64999999999784, -1.7451348634748052 
6.659999999997817, -1.7403146556599995 
6.669999999997794, -1.7337691757152711 
6.67999999999777, -1.7309550508254457 
6.689999999997747, -1.7395166688038781 
6.699999999997724, -1.7553327067062585 
6.7099999999977005, -1.7686052003165025 
6.719999999997677, -1.7765359155743625 
6.729999999997654, -1.780588543094708 
6.7399999999976306, -1.7824372091075258 
6.749999999997607, -1.783099553767744 
6.759999999997584, -1.783105148145833 
6.769999999997561, -1.7827309143007386 
6.779999999997537, -1.7821590488165264 
6.789999999997514, -1.7815534531866741 
6.799999999997491, -1.781046360370698 
6.809999999997467, -1.7807026060445097 
6.819999999997444, -1.78053530407951 
6.829999999997421, -1.7804972204071894 
6.8399999999973975, -1.780456092642027 
6.849999999997374, -1.780239568830152 
6.859999999997351, -1.7796615905875626 
6.869999999997328, -1.7784477994125776 
6.879999999997304, -1.7760694357673235 
6.889999999997281, -1.7714865787853982 
6.899999999997258, -1.7629378110093452 
6.909999999997234, -1.7488036527702118 
6.919999999997211, -1.7319644026435725 
6.929999999997188, -1.7229534101870274 
6.939999999997164, -1.7261917696813462 
6.949999999997141, -1.7332278931861609 
6.959999999997118, -1.738130712819867 
6.9699999999970945, -1.7405908764746034 
6.979999999997071, -1.7415799216673502 
6.989999999997048, -1.7417726766269843 
6.999999999997025, -1.7415118164698509 
7.009999999997001, -1.7409999895316464 
7.019999999996978, -1.7404730816856346 
7.029999999996955, -1.7402580458445331 
7.039999999996931, -1.7405664595911587 
7.049999999996908, -1.741271100269491 
7.059999999996885, -1.7420701152588343 
7.0699999999968615, -1.7427371169909176 
7.079999999996838, -1.7431506673821129 
7.089999999996815, -1.743237535904789 
7.0999999999967915, -1.7429309713773802 
7.109999999996768, -1.742139773364387 
7.119999999996745, -1.7407227704766743 
7.129999999996722, -1.7384721479577778 
7.139999999996698, -1.7351251850724683 
7.149999999996675, -1.7304878763368396 
7.159999999996652, -1.724857308764573 
7.169999999996628, -1.7196456089871794 
7.179999999996605, -1.7167931716572322 
7.189999999996582, -1.7164925678748553 
7.1999999999965585, -1.7172041225722925 
7.209999999996535, -1.7177852192616392 
7.219999999996512, -1.7179372230423717 
7.229999999996489, -1.717663136119229 
7.239999999996465, -1.7169662394524472 
7.249999999996442, -1.7158393485140937 
7.259999999996419, -1.7145331453389345 
7.269999999996395, -1.7140923589314407 
7.279999999996372, -1.7160749250527505 
7.289999999996349, -1.720508199414145 
7.299999999996325, -1.7255471712094455 
7.309999999996302, -1.729689626698764 
7.319999999996279, -1.73255564878324 
7.3299999999962555, -1.7343098422982208 
7.339999999996232, -1.7352112954184693 
7.349999999996209, -1.7354716744927505 
7.359999999996186, -1.7352372393891913 
7.369999999996162, -1.7346033176925435 
7.379999999996139, -1.7336384838972627 
7.389999999996116, -1.732414129377266 
7.399999999996092, -1.7310423953694403 
7.409999999996069, -1.7297295983154846 
7.419999999996046, -1.7287686417707366 
7.4299999999960225, -1.72832365154543 
7.439999999995999, -1.7282303515787691 
7.449999999995976, -1.7281678034675614 
7.4599999999959525, -1.7278886322873377 
7.469999999995929, -1.727196979174419 
7.479999999995906, -1.72578860102849 
7.489999999995883, -1.7230551726590708 
7.499999999995859, -1.7179960912228982 
7.509999999995836, -1.7101934960200247 
7.519999999995813, -1.7037457321940679 
7.529999999995789, -1.7080864336318224 
7.539999999995766, -1.7233215830364923 
7.549999999995743, -1.7384617975243486 
7.5599999999957195, -1.7480698812710636 
7.569999999995696, -1.753065306370782 
7.579999999995673, -1.7553831512200833 
7.58999999999565, -1.7562856674894074 
7.599999999995626, -1.7564302264348768 
7.609999999995603, -1.7561482064170861 
7.61999999999558, -1.7556412808660316 
7.629999999995556, -1.7550890000184793 
7.639999999995533, -1.754651307313996 
7.64999999999551, -1.754402424640753 
7.659999999995486, -1.7543273460989965 
7.669999999995463, -1.7543654474301242 
7.67999999999544, -1.7544090953725875 
7.6899999999954165, -1.7543139363180245 
7.699999999995393, -1.7539241272432395 
7.70999999999537, -1.753040003735641 
7.719999999995347, -1.7513198799374912 
7.729999999995323, -1.7481305334787787 
7.7399999999953, -1.7423806571581555 
7.749999999995277, -1.7326241410529537 
7.759999999995253, -1.718516254965716 
7.76999999999523, -1.704408960071953 
7.779999999995207, -1.6982087312938141 
7.789999999995183, -1.7003005179637252 
7.79999999999516, -1.7043710824529987 
7.809999999995137, -1.7071297758666497 
7.8199999999951135, -1.708461876572295 
7.82999999999509, -1.708889538529886 
7.839999999995067, -1.708773747021692 
7.849999999995044, -1.7083080451061528 
7.85999999999502, -1.7076666961020603 
7.869999999994997, -1.707176219924197 
7.879999999994974, -1.707303307665796 
7.88999999999495, -1.7082421626695592 
7.899999999994927, -1.7096560340971518 
7.909999999994904, -1.7110590826622718 
7.9199999999948805, -1.7121677633236423 
7.929999999994857, -1.7128840415918887 
7.939999999994834, -1.7131859043809636 
7.9499999999948106, -1.713064878820494 
7.959999999994787, -1.712498969340904 
7.969999999994764, -1.7114414593705032 
7.979999999994741, -1.7098199832088135 
7.989999999994717, -1.707554006471304 
7.999999999994694, -1.7046261922087453 
8.00999999999467, -1.7012725361897048 
8.019999999994647, -1.6982164627343053 
8.029999999994624, -1.696387210485512 
8.0399999999946, -1.695948701573482 
8.049999999994577, -1.6961772073531574 
8.059999999994554, -1.6963901761508235 
8.06999999999453, -1.6963091675570054 
8.079999999994508, -1.6958374305142674 
8.089999999994484, -1.6948530642128883 
8.099999999994461, -1.6931626331475453 
8.109999999994438, -1.6907826240473365 
8.119999999994414, -1.6889764232803894 
8.129999999994391, -1.6909911009540881 
8.139999999994368, -1.6985160577015321 
8.149999999994344, -1.7082509482077792 
8.159999999994321, -1.7163552281778547 
8.169999999994298, -1.7217514084450922 
8.179999999994275, -1.724920439907261 
8.189999999994251, -1.726576382191593 
8.199999999994228, -1.7272594513035422 
8.209999999994205, -1.7273139101735857 
8.219999999994181, -1.726948919955675 
8.229999999994158, -1.7263039388063723 
8.239999999994135, -1.7254989788656627 
8.249999999994111, -1.7246547039630649 
8.259999999994088, -1.7238936521779873 
8.269999999994065, -1.7233403738931685 
8.279999999994041, -1.723060975908076 
8.289999999994018, -1.7229675901924915 
8.299999999993995, -1.7228597812723951 
8.309999999993972, -1.7225365985189587 
8.319999999993948, -1.7217917119742807 
8.329999999993925, -1.7202868600628922 
8.339999999993902, -1.7173347911623558 
8.349999999993878, -1.7116045837202116 
8.359999999993855, -1.7011697547375284 
8.369999999993832, -1.6858612768124768 
8.379999999993808, -1.6731254342482593 
8.389999999993785, -1.6738303164122965 
8.399999999993762, -1.6843584453192222 
8.409999999993738, -1.6940877342639535 
8.419999999993715, -1.6997545539198704 
8.429999999993692, -1.702470910660375 
8.439999999993669, -1.7035766774058985 
8.449999999993645, -1.7038378081589076 
8.459999999993622, -1.703630018008506 
8.469999999993599, -1.7031658204937035 
8.479999999993575, -1.7026554486783467 
8.489999999993552, -1.7023613717978339 
8.499999999993529, -1.7024637719333267 
8.509999999993505, -1.7029025847190247 
8.519999999993482, -1.7034697083381853 
8.529999999993459, -1.7039806881001955 
8.539999999993436, -1.7043109276439605 
8.549999999993412, -1.7043684906996805 
8.559999999993389, -1.704068408104277 
8.569999999993366, -1.7033045210796174 
8.579999999993342, -1.7019205430842184 
8.589999999993319, -1.6996883136648258 
8.599999999993296, -1.6963093508322846 
8.609999999993272, -1.6915056431303443 
8.619999999993249, -1.685374674606645 
8.629999999993226, -1.6790816172335674 
8.639999999993202, -1.6748282853402365 
8.64999999999318, -1.6736610865939987 
8.659999999993156, -1.674266750343006 
8.669999999993133, -1.6750688815619483 
8.67999999999311, -1.6754743733767565 
8.689999999993086, -1.6754329161583423 
8.699999999993063, -1.6749781554331762 
8.70999999999304, -1.674101749070804 
8.719999999993016, -1.6728525643135836 
8.729999999992993, -1.6717205071774006 
8.73999999999297, -1.6720474845160456 
8.749999999992946, -1.6750864949564075 
8.759999999992923, -1.6801165770672988 
8.7699999999929, -1.6852074325099717 
8.779999999992876, -1.6892011400929092 
8.789999999992853, -1.691915097528441 
8.79999999999283, -1.6935565251648594 
8.809999999992806, -1.6943806851700856 
8.819999999992783, -1.694591979559807 
8.82999999999276, -1.6943343736101606 
8.839999999992736, -1.6937066588376244 
8.849999999992713, -1.692786603762465 
8.85999999999269, -1.691657820593311 
8.869999999992666, -1.690437297335261 
8.879999999992643, -1.6893074545494966 
8.88999999999262, -1.6884971522077592 
8.899999999992596, -1.6881165832117933 
8.909999999992573, -1.6880195259287358 
8.91999999999255, -1.6879350202405299 
8.929999999992527, -1.687639532758606 
8.939999999992503, -1.6869378545844502 
8.94999999999248, -1.6855210532253095 
8.959999999992457, -1.6827630111124676 
8.969999999992433, -1.6775057358258099 
8.97999999999241, -1.6684177847488286 
8.989999999992387, -1.6569597416767288 
8.999999999992363, -1.65197909057687 
9.00999999999234, -1.6609821329659813 
9.019999999992317, -1.6762231878018479 
9.029999999992294, -1.6879094057320345 
9.03999999999227, -1.6944397321100972 
9.049999999992247, -1.6975893764025898 
9.059999999992224, -1.698924472833643 
9.0699999999922, -1.6993125772284352 
9.079999999992177, -1.699182014668477 
9.089999999992154, -1.6987645267987435 
9.09999999999213, -1.6982514339605632 
9.109999999992107, -1.6978539079546646 
9.119999999992084, -1.6977264838482136 
9.12999999999206, -1.6978631081987903 
9.139999999992037, -1.6981442813995458 
9.149999999992014, -1.6984379693916574 
9.15999999999199, -1.6986236229551994 
9.169999999991967, -1.698588033715223 
9.179999999991944, -1.698217116813146 
9.18999999999192, -1.697365308730301 
9.199999999991897, -1.6958095962999373 
9.209999999991874, -1.6932039128947192 
9.21999999999185, -1.6890596352672158 
9.229999999991827, -1.682853806740533 
9.239999999991804, -1.6745556378724 
9.24999999999178, -1.665769661990001 
9.259999999991757, -1.659852397723596 
9.269999999991734, -1.6584513465728041 
9.27999999999171, -1.659554044676191 
9.289999999991688, -1.6608547010341184 
9.299999999991664, -1.6615853899546067 
9.309999999991641, -1.6617555897635807 
9.319999999991618, -1.6614831595817403 
9.329999999991594, -1.6608284214179563 
9.339999999991571, -1.6598635694804127 
9.349999999991548, -1.6589288782418066 
9.359999999991524, -1.6589184992459889 
9.369999999991501, -1.6607815108325432 
9.379999999991478, -1.6642644558244917 
9.389999999991455, -1.6680961005067343 
9.399999999991431, -1.6713120644521027 
9.409999999991408, -1.6736254996415312 
9.419999999991385, -1.6750980306019545 
9.429999999991361, -1.6758758768407067 
9.439999999991338, -1.6760929040182586 
9.449999999991315, -1.6758494566485407 
9.459999999991291, -1.6752156362679531 
9.469999999991268, -1.6742449043139307 
9.479999999991245, -1.6729959102523266 
9.489999999991221, -1.6715643256118735 
9.499999999991198, -1.670130090085415 
9.509999999991175, -1.6689744834253706 
9.519999999991152, -1.6683290953620702 
9.529999999991128, -1.6681369974332003 
9.539999999991105, -1.6681045403612071 
9.549999999991082, -1.6679544198209069 
9.559999999991058, -1.6674956450712757 
9.569999999991035, -1.6665119925085672 
9.579999999991012, -1.6645931855457252 
9.589999999990988, -1.6609438046919416 
9.599999999990965, -1.6544225760990556 
9.609999999990942, -1.6450851408303577 
9.619999999990918, -1.638469813274525 
9.629999999990895, -1.6438623925833358 
9.639999999990872, -1.6592688761799663 
9.649999999990849, -1.6738264154513232 
9.659999999990825, -1.6829344177415386 
9.669999999990802, -1.6876559245250278 
9.679999999990779, -1.6898447180149703 
9.689999999990755, -1.6906946173632043 
9.699999999990732, -1.6908260298923086 
9.709999999990709, -1.6905524166103436 
9.719999999990685, -1.6900699581477485 
9.729999999990662, -1.6895681897232513 
9.739999999990639, -1.6892339989080587 
9.749999999990616, -1.689155735106474 
9.759999999990592, -1.6892846002878248 
9.769999999990569, -1.6895115567345669 
9.779999999990546, -1.6897201107572648 
9.789999999990522, -1.6897906519788655 
9.799999999990499, -1.6896046969478178 
9.809999999990476, -1.6890312352307422 
9.819999999990452, -1.6878843141472502 
9.829999999990429, -1.68586813878597 
9.839999999990406, -1.6825278642144383 
9.849999999990382, -1.6772570361113488 
9.85999999999036, -1.6695522273942338 
9.869999999990336, -1.6599154980839157 
9.879999999990313, -1.6511081422784653 
9.88999999999029, -1.6467195013931686 
9.899999999990266, -1.6467557194664688 
9.909999999990243, -1.6483210658878515 
9.91999999999022, -1.6495713177488032 
9.929999999990196, -1.650157822733234 
9.939999999990173, -1.6502038225815763 
9.94999999999015, -1.6498305102896804 
9.959999999990126, -1.6490981251244712 
9.969999999990103, -1.6481303885399154 
9.97999999999008, -1.6473983548264903 
9.989999999990056, -1.6478521148343777 
9.999999999990033, -1.650136686214132 
10.00999999999001, -1.6536420093893358 
10.019999999989986, -1.657173606062767 
10.029999999989963, -1.6600171249222975 
10.03999999998994, -1.6620144102861274 
10.049999999989916, -1.6632483188176566 
10.059999999989893, -1.6638496320656109 
10.06999999998987, -1.663932268932199 
10.079999999989846, -1.6635807020131357 
10.089999999989823, -1.6628549001974728 
10.0999999999898, -1.6618045293359027 
10.109999999989776, -1.6604916283605697 
10.119999999989753, -1.6590248899506908 
10.12999999998973, -1.6576069789369126 
10.139999999989707, -1.6565276916841782 
10.149999999989683, -1.6559762650292935 
10.15999999998966, -1.6558360077617593 
10.169999999989637, -1.6558013349139258 
10.179999999989613, -1.6556144008137585 
10.18999999998959, -1.6550925035132853 
10.199999999989567, -1.6540038394460261 
10.209999999989543, -1.6518964390881024 
10.21999999998952, -1.6479099772977643 
10.229999999989497, -1.6408821765974353 
10.239999999989474, -1.631140395086063 
10.24999999998945, -1.6248216546253507 
10.259999999989427, -1.6309157085406725 
10.269999999989404, -1.6463859658482094 
10.27999999998938, -1.6605285859619392 
10.289999999989357, -1.6692609661446614 
10.299999999989334, -1.6737628042555535 
10.30999999998931, -1.6758395009876803 
10.319999999989287, -1.6766341598591938 
10.329999999989264, -1.676738269632159 
10.33999999998924, -1.6764517874581213 
10.349999999989217, -1.6759670416092771 
10.359999999989194, -1.6754765016348987 
10.36999999998917, -1.6751725495980776 
10.379999999989147, -1.6751435325767356 
10.389999999989124, -1.6753306546730802 
10.3999999999891, -1.6756118927046764 
10.409999999989077, -1.6758650479928208 
10.419999999989054, -1.6759733595517212 
10.42999999998903, -1.6758254574648948 
10.439999999989007, -1.6753018145281295 
10.449999999988984, -1.674238866596585 
10.45999999998896, -1.6723854980635529 
10.469999999988937, -1.6693677964879785 
10.479999999988914, -1.6646988928810678 
10.48999999998889, -1.6579674320155324 
10.499999999988868, -1.649497552514104 
10.509999999988844, -1.6413699216044386 
10.519999999988821, -1.6366916314484878 
10.529999999988798, -1.6360701033812035 
10.539999999988774, -1.6372425094443177 
10.549999999988751, -1.6383614680220013 
10.559999999988728, -1.6389248127526443 
10.569999999988704, -1.6389778256675076 
10.579999999988681, -1.6386122787668629 
10.589999999988658, -1.6378640905259618 
10.599999999988635, -1.6368072623078391 
10.609999999988611, -1.635847401723425 
10.619999999988588, -1.6360148683312463 
10.629999999988565, -1.6383243139429928 
10.639999999988541, -1.642389797438558 
10.649999999988518, -1.6467591471125829 
10.659999999988495, -1.6503861830738398 
10.669999999988471, -1.652983463652464 
10.679999999988448, -1.6546420006503624 
10.689999999988425, -1.6555414222257774 
10.699999999988401, -1.6558448215858967 
10.709999999988378, -1.6556763216116497 
10.719999999988355, -1.6551253756215067 
10.729999999988332, -1.6542619936647966 
10.739999999988308, -1.6531583447271871 
10.749999999988285, -1.6519131157787974 
10.759999999988262, -1.65068096591922 
10.769999999988238, -1.6496829761097325 
10.779999999988215, -1.6491026250557153 
10.789999999988192, -1.6489043560671353 
10.799999999988168, -1.6488499425406968 
10.809999999988145, -1.6486903744546662 
10.819999999988122, -1.6482368060874268 
10.829999999988098, -1.6472714478286872 
10.839999999988075, -1.6453873986719008 
10.849999999988052, -1.641772288856067 
10.859999999988029, -1.6350571557208717 
10.869999999988005, -1.6241313317831267 
10.879999999987982, -1.6119356246525787 
10.889999999987959, -1.6083366012807292 
10.899999999987935, -1.6180955921843636 
10.909999999987912, -1.6321149016859504 
10.919999999987889, -1.642318037944974 
10.929999999987865, -1.6479326546848394 
10.939999999987842, -1.6506246276428231 
10.949999999987819, -1.6517442529372033 
10.959999999987796, -1.6520304142419326 
10.969999999987772, -1.65184992310949 
10.979999999987749, -1.6514102015449015 
10.989999999987726, -1.6509031465263608 
10.999999999987702, -1.6505613312986434 
11.009999999987679, -1.6505637106149738 
11.019999999987656, -1.650896545946371 
11.029999999987632, -1.6513961974490599 
11.039999999987609, -1.6518908764053877 
11.049999999987586, -1.6522518220831948 
11.059999999987562, -1.6523811987274324 
11.06999999998754, -1.652194681864462 
11.079999999987516, -1.6515996024393111 
11.089999999987493, -1.650470780640072 
11.09999999998747, -1.6486327085636308 
11.109999999987446, -1.6458568651000849 
11.119999999987423, -1.641903411028204 
11.1299999999874, -1.6366977857503688 
11.139999999987376, -1.6307656590468784 
11.149999999987353, -1.6256274515109594 
11.15999999998733, -1.6229268831361634 
11.169999999987306, -1.6226010706950231 
11.179999999987283, -1.6232349929490248 
11.18999999998726, -1.623795843763736 
11.199999999987236, -1.623976361352724 
11.209999999987213, -1.6237552036835274 
11.21999999998719, -1.6231195988628904 
11.229999999987166, -1.6220079090168902 
11.239999999987143, -1.6204503690169751 
11.24999999998712, -1.6190665401747932 
11.259999999987096, -1.6196175598963722 
11.269999999987073, -1.623799985114988 
11.27999999998705, -1.630692382697772 
11.289999999987026, -1.6376662745136943 
11.299999999987003, -1.6431088563569012 
11.30999999998698, -1.646780465237364 
11.319999999986956, -1.6490076285437447 
11.329999999986933, -1.6501852706511986 
11.33999999998691, -1.65062739450652 
11.349999999986887, -1.6505529529522156 
11.359999999986863, -1.6501099254555815 
11.36999999998684, -1.649409778263093 
11.379999999986817, -1.6485585311641764 
11.389999999986793, -1.6476702245051498 
11.39999999998677, -1.64686758239336 
11.409999999986747, -1.6462758963195039 
11.419999999986723, -1.645964272961298 
11.4299999999867, -1.645860289034469 
11.439999999986677, -1.6457799979037393 
11.449999999986654, -1.645532577814722 
11.45999999998663, -1.6449372621430878 
11.469999999986607, -1.6437349347807526 
11.479999999986584, -1.641431925569428 
11.48999999998656, -1.6370748161591766 
11.499999999986537, -1.6290681289351283 
11.509999999986514, -1.6157978687828205 
11.51999999998649, -1.5988684244007438 
11.529999999986467, -1.5868229265331875 
11.539999999986444, -1.587046482985779 
11.54999999998642, -1.5945932630658723 
11.559999999986397, -1.6016112727829974 
11.569999999986374, -1.6058201768377418 
11.57999999998635, -1.6078910350051536 
11.589999999986327, -1.6087258268520501 
11.599999999986304, -1.6088694620673585 
11.60999999998628, -1.60859880097155 
11.619999999986257, -1.608080570759332 
11.629999999986234, -1.6075173930696536 
11.63999999998621, -1.6072368200776925 
11.649999999986187, -1.6075618188610938 
11.659999999986164, -1.6085073072820273 
11.66999999998614, -1.6097601105144463 
11.679999999986117, -1.610975491539918 
11.689999999986094, -1.611949382469327 
11.69999999998607, -1.6125936963318714 
11.709999999986048, -1.6128746786402175 
11.719999999986024, -1.61277506482578 
11.729999999986001, -1.6122752391271533 
11.739999999985978, -1.6113455232048786 
11.749999999985954, -1.609946749407412 
11.759999999985931, -1.6080424261947996 
11.769999999985908, -1.605637135597868 
11.779999999985884, -1.6028687226541039 
11.789999999985861, -1.6001425599048293 
11.799999999985838, -1.5980975175880126 
11.809999999985815, -1.5971361309552097 
11.819999999985791, -1.5970090959792314 
11.829999999985768, -1.5971517550964138 
11.839999999985745, -1.5971747238884872 
11.849999999985721, -1.5969043612711895 
11.859999999985698, -1.596214553863583 
11.869999999985675, -1.5948841926710569 
11.879999999985651, -1.5925188693329262 
11.889999999985628, -1.5887137039625954 
11.899999999985605, -1.5841399145309478 
11.909999999985581, -1.5827303348752435 
11.919999999985558, -1.589962653463653 
11.929999999985535, -1.6044433608943305 
11.939999999985512, -1.618795403942976 
11.949999999985488, -1.628843770755473 
11.959999999985465, -1.6347141907583005 
11.969999999985442, -1.6377920791910738 
11.979999999985418, -1.6392283245310348 
11.989999999985395, -1.6397279330432208 
11.999999999985372, -1.639681075964436 
12.009999999985348, -1.6393099921910292 
12.019999999985325, -1.638777482863425 
12.029999999985302, -1.6382439659672918 
12.039999999985278, -1.6378487230505292 
12.049999999985255, -1.6376522930269382 
12.059999999985232, -1.637633947093271 
12.069999999985209, -1.637726747169171 
12.079999999985185, -1.637827059348874 
12.089999999985162, -1.637808070236407 
12.099999999985139, -1.637540216709692 
12.109999999985115, -1.636877041279778 
12.119999999985092, -1.6356055549369373 
12.129999999985069, -1.6333828703307929 
12.139999999985045, -1.6296803098971544 
12.149999999985022, -1.6237977288819667 
12.159999999984999, -1.6151606992260301 
12.169999999984976, -1.6043060284103674 
12.179999999984952, -1.5942016412857793 
12.189999999984929, -1.5888221447065072 
12.199999999984906, -1.588504867022696 
12.209999999984882, -1.5902081125486562 
12.219999999984859, -1.5917289007341717 
12.229999999984836, -1.5925463565387374 
12.239999999984812, -1.592768470658632 
12.249999999984789, -1.5925448845106227 
12.259999999984766, -1.5919495934771861 
12.269999999984742, -1.5910446448753714 
12.27999999998472, -1.5900852950945537 
12.289999999984696, -1.5898049738257136 
12.299999999984673, -1.5912048833912107 
12.30999999998465, -1.5944640718485508 
12.319999999984626, -1.5985577658676204 
12.329999999984603, -1.6023411541892902 
12.33999999998458, -1.6052812909770915 
12.349999999984556, -1.607316997583355 
12.359999999984533, -1.6085658176699713 
12.36999999998451, -1.6091743636829832 
12.379999999984486, -1.609269905946905 
12.389999999984463, -1.6089514251449775 
12.39999999998444, -1.6082956157606543 
12.409999999984416, -1.607371673399875 
12.419999999984393, -1.6062603628890706 
12.42999999998437, -1.6050728557288014 
12.439999999984346, -1.603968901331632 
12.449999999984323, -1.6031416589142242 
12.4599999999843, -1.602703841929753 
12.469999999984276, -1.6025663707218147 
12.479999999984253, -1.602502918880895 
12.48999999998423, -1.602299454546905 
12.499999999984206, -1.6017806851894316 
12.509999999984183, -1.6007189219855547 
12.51999999998416, -1.5986843942041769 
12.529999999984136, -1.594835102089801 
12.539999999984113, -1.5877307191909995 
12.54999999998409, -1.575837917656866 
12.559999999984067, -1.5604476565563699 
12.569999999984043, -1.5495805381275591 
12.57999999998402, -1.5512279387111776 
12.589999999983997, -1.561106890325862 
12.599999999983973, -1.570452340123818 
12.60999999998395, -1.5762468800706346 
12.619999999983927, -1.5792197781764234 
12.629999999983903, -1.5805449896953614 
12.63999999998388, -1.5809692490442773 
12.649999999983857, -1.5808784236323716 
12.659999999983834, -1.580475160024919 
12.66999999998381, -1.5799270876609846 
12.679999999983787, -1.5794809435811101 
12.689999999983764, -1.579453000999755 
12.69999999998374, -1.580012106365035 
12.709999999983717, -1.581011022972831 
12.719999999983694, -1.5821393895154636 
12.72999999998367, -1.5831482781356572 
12.739999999983647, -1.5839024673189868 
12.749999999983624, -1.5843385723161043 
12.7599999999836, -1.5844247416761925 
12.769999999983577, -1.584137005645134 
12.779999999983554, -1.5834471330019433 
12.78999999998353, -1.5823187965039511 
12.799999999983507, -1.5807118072460566 
12.809999999983484, -1.5786006969138255 
12.81999999998346, -1.5760255253160067 
12.829999999983437, -1.5731964742807614 
12.839999999983414, -1.570597368579654 
12.84999999998339, -1.5688348926691495 
12.859999999983367, -1.5681298207848788 
12.869999999983344, -1.5681068701546867 
12.87999999998332, -1.5682373969199017 
12.889999999983297, -1.5682036410049878 
12.899999999983274, -1.567859209317553 
12.90999999998325, -1.5670676494481122 
12.919999999983228, -1.5655733126901021 
12.929999999983204, -1.5629245946354768 
12.939999999983181, -1.558647886716912 
12.949999999983158, -1.5533982599454041 
12.959999999983134, -1.5512875825338843 
12.969999999983111, -1.5582660923348708 
12.979999999983088, -1.5732760662032077 
12.989999999983064, -1.5885308453273628 
12.999999999983041, -1.5993012257660215 
13.009999999983018, -1.6055858492720723 
13.019999999982995, -1.608869812618979 
13.029999999982971, -1.6104081399558776 
13.039999999982948, -1.6109651767646258 
13.049999999982925, -1.610958004907393 
13.059999999982901, -1.6106189254332068 
13.069999999982878, -1.610114701946289 
13.079999999982855, -1.6096144472856206 
13.089999999982831, -1.6092762099584665 
13.099999999982808, -1.6091721537765626 
13.109999999982785, -1.6092667968539913 
13.119999999982761, -1.6094705482637415 
13.129999999982738, -1.6096758243328666 
13.139999999982715, -1.6097671359468015 
13.149999999982692, -1.6096319529513665 
13.159999999982668, -1.6091542748789684 
13.169999999982645, -1.608185089922642 
13.179999999982622, -1.606506842552643 
13.189999999982598, -1.6038077589713964 
13.199999999982575, -1.599689523035918 
13.209999999982552, -1.5937820475808997 
13.219999999982528, -1.5861388317319758 
13.229999999982505, -1.5779862997034286 
13.239999999982482, -1.5718577610294338 
13.249999999982458, -1.5694669354911173 
13.259999999982435, -1.5697885382775123 
13.269999999982412, -1.570834473173378 
13.279999999982389, -1.5715895531836488 
13.289999999982365, -1.5718663077728077 
13.299999999982342, -1.5717147416275035 
13.309999999982319, -1.5711667623958525 
13.319999999982295, -1.570203985314789 
13.329999999982272, -1.5688811895788362 
13.339999999982249, -1.567698932018168 
13.349999999982225, -1.568015675369435 
13.359999999982202, -1.5712852136933653 
13.369999999982179, -1.5771287652620445 
13.379999999982156, -1.5835325074304853 
13.389999999982132, -1.5889091415048744 
13.399999999982109, -1.592782940612342 
13.409999999982086, -1.5952943107639093 
13.419999999982062, -1.5967460200323054 
13.429999999982039, -1.5974202505052308 
13.439999999982016, -1.5975337370176326 
13.449999999981992, -1.5972414000434607 
13.459999999981969, -1.596657898912727 
13.469999999981946, -1.5958850573495642 
13.479999999981922, -1.5950305961758928 
13.4899999999819, -1.594208623721965 
13.499999999981876, -1.5935331366671934 
13.509999999981853, -1.593096990633449 
13.51999999998183, -1.5929076144452112 
13.529999999981806, -1.592848570049404 
13.539999999981783, -1.5927428135094557 
13.54999999998176, -1.5924227258962367 
13.559999999981736, -1.5917117868978772 
13.569999999981713, -1.5903352936059365 
13.57999999998169, -1.5877851623037267 
13.589999999981666, -1.5831462492255834 
13.599999999981643, -1.5750065904008745 
13.60999999998162, -1.562025141126156 
13.619999999981596, -1.5452832206554243 
13.629999999981573, -1.5310751014549033 
13.63999999998155, -1.526328421068492 
13.649999999981526, -1.5295020279286455 
13.659999999981503, -1.5343894769834328 
13.66999999998148, -1.5378695687512187 
13.679999999981456, -1.539748405028573 
13.689999999981433, -1.5405572274973 
13.69999999998141, -1.5407165917877117 
13.709999999981386, -1.5404551953109178 
13.719999999981363, -1.539897630311295 
13.72999999998134, -1.5391923263966514 
13.739999999981316, -1.538669795051895 
13.749999999981293, -1.5388726753799085 
13.75999999998127, -1.5401840995759073 
13.769999999981247, -1.5423833470863828 
13.779999999981223, -1.544847275165575 
13.7899999999812, -1.5470637407101115 
13.799999999981177, -1.5488007712266392 
13.809999999981153, -1.5500101192755742 
13.81999999998113, -1.5507190875538959 
13.829999999981107, -1.5509753718498231 
13.839999999981083, -1.5508260896328268 
13.84999999998106, -1.5503121591927451 
13.859999999981037, -1.5494706683908501 
13.869999999981014, -1.5483443072633825 
13.87999999998099, -1.5469980302025164 
13.889999999980967, -1.5455430864608517 
13.899999999980944, -1.5441630882346877 
13.90999999998092, -1.54309548131632 
13.919999999980897, -1.5424978380610257 
13.929999999980874, -1.5422991958750085 
13.93999999998085, -1.54225702305828 
13.949999999980827, -1.542134404598124 
13.959999999980804, -1.5417589492420343 
13.96999999998078, -1.5409517842368197 
13.979999999980757, -1.5394046251872384 
13.989999999980734, -1.5365144875920245 
13.99999999998071, -1.5311867628339364 
14.009999999980687, -1.521886335737306 
14.019999999980664, -1.5080052015659844 
14.02999999998064, -1.49349884537846 
14.039999999980617, -1.487292260991795 
14.049999999980594, -1.4927024841291199 
14.05999999998057, -1.5027366283508363 
14.069999999980547, -1.510818250922637 
14.079999999980524, -1.5156115903999028 
14.0899999999805, -1.5180479643831748 
14.099999999980477, -1.5191170906465197 
14.109999999980454, -1.5194191582647323 
14.11999999998043, -1.5192640944458806 
14.129999999980408, -1.5188194841993288 
14.139999999980384, -1.5182399676903349 
14.149999999980361, -1.5177809584810358 
14.159999999980338, -1.5178035439287565 
14.169999999980314, -1.5185472976936578 
14.179999999980291, -1.5198901045960862 
14.189999999980268, -1.5214628411307893 
14.199999999980244, -1.5229338211918133 
14.209999999980221, -1.5241196380531874 
14.219999999980198, -1.5249473735786034 
14.229999999980175, -1.5253985455018788 
14.239999999980151, -1.5254754646032107 
14.249999999980128, -1.5251854401357383 
14.259999999980105, -1.5245351945664927 
14.269999999980081, -1.5235318454497393 
14.279999999980058, -1.5221906527390785 
14.289999999980035, -1.5205526760392276 
14.299999999980011, -1.5187173048500484 
14.309999999979988, -1.5168865888870424 
14.319999999979965, -1.5153678955141774 
14.329999999979941, -1.514428782106307 
14.339999999979918, -1.5140702256569178 
14.349999999979895, -1.5140267470190003 
14.359999999979872, -1.5139975224403701 
14.369999999979848, -1.5137800643741963 
14.379999999979825, -1.5132236569976405 
14.389999999979802, -1.5121157117976272 
14.399999999979778, -1.5100452733922338 
14.409999999979755, -1.5062336717855465 
14.419999999979732, -1.4994503977459028 
14.429999999979708, -1.488670675300431 
14.439999999979685, -1.4757372457467217 
14.449999999979662, -1.4680102658669791 
14.459999999979638, -1.472015497550273 
14.469999999979615, -1.483709596887135 
14.479999999979592, -1.4948215625788674 
14.489999999979569, -1.5020437096504182 
14.499999999979545, -1.5059555311599158 
14.509999999979522, -1.507842678321102 
14.519999999979499, -1.5086037983033418 
14.529999999979475, -1.5087293257428114 
14.539999999979452, -1.508469451410055 
14.549999999979429, -1.507978057614578 
14.559999999979405, -1.5074323402575478 
14.569999999979382, -1.50711094368936 
14.579999999979359, -1.507321384481341 
14.589999999979335, -1.5081632661841922 
14.599999999979312, -1.509428016250345 
14.609999999979289, -1.510789301272769 
14.619999999979266, -1.5120014766160352 
14.629999999979242, -1.5129352029913128 
14.639999999979219, -1.5135358876684024 
14.649999999979196, -1.5137848373376697 
14.659999999979172, -1.5136769726873045 
14.669999999979149, -1.513210307876066 
14.679999999979126, -1.5123829469212806 
14.689999999979102, -1.5111960408645178 
14.69999999997908, -1.5096643830900602 
14.709999999979056, -1.5078393715346334 
14.719999999979033, -1.5058498762551873 
14.72999999997901, -1.5039473768948313 
14.739999999978986, -1.5024731361581396 
14.749999999978963, -1.501654508660979 
14.75999999997894, -1.501400031061381 
14.769999999978916, -1.5013946768995183 
14.779999999978893, -1.5013485894707679 
14.78999999997887, -1.5010803579706908 
14.799999999978846, -1.5004413559313916 
14.809999999978823, -1.4991977666507301 
14.8199999999788, -1.4968923751030656 
14.829999999978776, -1.4926816487907562 
14.839999999978753, -1.4853262098462627 
14.84999999997873, -1.4741194460607159 
14.859999999978706, -1.4618255054124132 
14.869999999978683, -1.4562976720798182 
14.87999999997866, -1.462460290063754 
14.889999999978636, -1.4747569072067779 
14.899999999978613, -1.485492531740816 
14.90999999997859, -1.4922412507809988 
14.919999999978566, -1.4958461068466105 
14.929999999978543, -1.497566407735603 
14.93999999997852, -1.498239273184081 
14.949999999978496, -1.4983155352449997 
14.959999999978473, -1.4980262268309192 
14.96999999997845, -1.4975201364672257 
14.979999999978427, -1.4969797035779595 
14.989999999978403, -1.4966917554677501 
14.99999999997838, -1.4969607743241813 
15.009999999978357, -1.4978688270724263 
15.019999999978333, -1.4991918782146825 
15.02999999997831, -1.5005996354559743 
15.039999999978287, -1.501848337121567 
15.049999999978263, -1.5028113009135398 
15.05999999997824, -1.5034364510477123 
15.069999999978217, -1.5037076620105143 
15.079999999978194, -1.503622775528491 
15.08999999997817, -1.50318335506064 
15.099999999978147, -1.5023918119831001 
15.109999999978124, -1.5012542707727305 
15.1199999999781, -1.4997905236802842 
15.129999999978077, -1.4980547470274264 
15.139999999978054, -1.4961709253222177 
15.14999999997803, -1.4943710436615192 
15.159999999978007, -1.4929661932705247 
15.169999999977984, -1.4921683944162012 
15.17999999997796, -1.4919031692184732 
15.189999999977937, -1.4918826980121245 
15.199999999977914, -1.4918300040569201 
15.20999999997789, -1.491564429089709 
15.219999999977867, -1.490936382661234 
15.229999999977844, -1.4897151962430555 
15.23999999997782, -1.4874533463960806 
15.249999999977797, -1.483316891081572 
15.259999999977774, -1.4760151845983671 
15.26999999997775, -1.464489725977834 
15.279999999977727, -1.4505192789299968 
15.289999999977704, -1.4412052383202418 
15.29999999997768, -1.4431038548565043 
15.309999999977657, -1.4530054066067364 
15.319999999977634, -1.463152643024448 
15.32999999997761, -1.470003502170456 
15.339999999977588, -1.4738050657765553 
15.349999999977564, -1.4756726579539037 
15.359999999977541, -1.4764415577173606 
15.369999999977518, -1.4765803368254835 
15.379999999977494, -1.4763284415373221 
15.389999999977471, -1.4758271570123216 
15.399999999977448, -1.4752375464323513 
15.409999999977424, -1.4748418373456158 
15.419999999977401, -1.4750172824334675 
15.429999999977378, -1.4759818088579846 
15.439999999977355, -1.4775731487751858 
15.449999999977331, -1.4793932602397537 
15.459999999977308, -1.4810944525672638 
15.469999999977285, -1.4824857148224129 
15.479999999977261, -1.4834938443285248 
15.489999999977238, -1.4841056925479754 
15.499999999977215, -1.4843328954308324 
15.509999999977191, -1.4841953398930094 
15.519999999977168, -1.4837150611839238 
15.529999999977145, -1.4829162323989686 
15.539999999977121, -1.4818305949425696 
15.549999999977098, -1.480509039940145 
15.559999999977075, -1.4790392434395756 
15.569999999977052, -1.4775667963599668 
15.579999999977028, -1.476298983138548 
15.589999999977005, -1.4754354491798154 
15.599999999976982, -1.4750259829780272 
15.609999999976958, -1.47491666135088 
15.619999999976935, -1.474870465576986 
15.629999999976912, -1.4746921885996427 
15.639999999976888, -1.4742307540605322 
15.649999999976865, -1.4733014682899834 
15.659999999976842, -1.471576523059435 
15.669999999976818, -1.4684402735820012 
15.679999999976795, -1.4628270556068992 
15.689999999976772, -1.453262335640995 
15.699999999976749, -1.438831334298038 
15.709999999976725, -1.4217956389715218 
15.719999999976702, -1.4090298446527236 
15.729999999976679, -1.4060990323150395 
15.739999999976655, -1.4105349079883367 
15.749999999976632, -1.4164185711341424 
15.759999999976609, -1.4207309498488887 
15.769999999976585, -1.423220019316376 
15.779999999976562, -1.4244411239546855 
15.789999999976539, -1.4248838473972651 
15.799999999976515, -1.424835219687545 
15.809999999976492, -1.4244384180595786 
15.819999999976469, -1.4237800793080388 
15.829999999976446, -1.4230078981648524 
15.839999999976422, -1.4224880012107062 
15.849999999976399, -1.422850065947499 
15.859999999976376, -1.4246266586024228 
15.869999999976352, -1.4277048458974362 
15.879999999976329, -1.4313730157904319 
15.889999999976306, -1.434893299655407 
15.899999999976282, -1.4378434652000522 
15.90999999997626, -1.4400866827944767 
15.919999999976236, -1.4416392490610543 
15.929999999976213, -1.4425795489682047 
15.93999999997619, -1.4430040664483594 
15.949999999976166, -1.4430078615954458 
15.959999999976143, -1.4426770301176877 
15.96999999997612, -1.4420904556789982 
15.979999999976096, -1.441329182861444 
15.989999999976073, -1.4404857852691364 
15.99999999997605, -1.4396631179204054 
16.009999999976028, -1.4389621211048746 
16.019999999976005, -1.4384643799495325 
16.02999999997598, -1.4382017491651988 
16.039999999975958, -1.4381235716561942 
16.049999999975935, -1.4381080439105378 
16.05999999997591, -1.4380145102155215 
16.069999999975888, -1.4377135982408116 
16.079999999975865, -1.4370690690440555 
16.08999999997584, -1.4358931352803954 
16.099999999975818, -1.4338983833868557 
16.109999999975795, -1.430664438835223 
16.11999999997577, -1.425655007649215 
16.129999999975748, -1.4183633156578188 
16.139999999975725, -1.4087106930905995 
16.1499999999757, -1.3977214068348223 
16.15999999997568, -1.3878670827140347 
16.169999999975655, -1.381777789713125 
16.17999999997563, -1.3799044003562184 
16.18999999997561, -1.3804698435298008 
16.199999999975585, -1.3816154494365738 
16.20999999997556, -1.3824836918712966 
16.21999999997554, -1.3829018068086107 
16.229999999975515, -1.382911110510305 
16.239999999975492, -1.3825497857710891 
16.24999999997547, -1.381790686480881 
16.259999999975445, -1.3805445867138437 
16.269999999975422, -1.3787531341410908 
16.2799999999754, -1.376717607581378 
16.289999999975375, -1.375742267194239 
16.299999999975352, -1.378303187473216 
16.30999999997533, -1.3861424049497455 
16.319999999975305, -1.3977976961474956 
16.329999999975282, -1.4097263626351495 
16.33999999997526, -1.4193593990251936 
16.349999999975235, -1.426032105066135 
16.359999999975212, -1.4301856326963098 
16.36999999997519, -1.4325419820432919 
16.379999999975166, -1.43372352121014 
16.389999999975142, -1.43416403251686 
16.39999999997512, -1.434137348099944 
16.409999999975096, -1.4338172939516265 
16.419999999975072, -1.4333386509047163 
16.42999999997505, -1.4328434000826713 
16.439999999975026, -1.4324848897487445 
16.449999999975002, -1.4323750023112463 
16.45999999997498, -1.4325279767206454 
16.469999999974956, -1.4328703734858481 
16.479999999974932, -1.433292721083347 
16.48999999997491, -1.433684601970019 
16.499999999974886, -1.4339486310000116 
16.509999999974863, -1.4340050381898384 
16.51999999997484, -1.433787490118259 
16.529999999974816, -1.4332344635518566 
16.539999999974793, -1.4322838300114138 
16.54999999997477, -1.4308737622178165 
16.559999999974746, -1.4289499239326016 
16.569999999974723, -1.4264820806751008 
16.5799999999747, -1.4235007574177945 
16.589999999974676, -1.4201670795230996 
16.599999999974653, -1.4168566669048444 
16.60999999997463, -1.4141357472528926 
16.619999999974606, -1.4124687510677079 
16.629999999974583, -1.4118458133859693 
16.63999999997456, -1.4118310556300817 
16.649999999974536, -1.4119594498415968 
16.659999999974513, -1.4119572055445375 
16.66999999997449, -1.4116919830484824 
16.679999999974466, -1.4110503917119372 
16.689999999974443, -1.4098319104562735 
16.69999999997442, -1.4076445152573278 
16.709999999974396, -1.4038028258981965 
16.719999999974373, -1.3974015807975797 
16.72999999997435, -1.3881649705787724 
16.739999999974327, -1.3786658441051605 
16.749999999974303, -1.3753110636498804 
16.75999999997428, -1.382416912347619 
16.769999999974257, -1.3958365432532214 
16.779999999974233, -1.40835059998394 
16.78999999997421, -1.4168075181996156 
16.799999999974187, -1.4216268341978218 
16.809999999974163, -1.4241016447301789 
16.81999999997414, -1.4252296130039288 
16.829999999974117, -1.4255927994785111 
16.839999999974093, -1.4254965163316178 
16.84999999997407, -1.42510486531773 
16.859999999974047, -1.4245498918662762 
16.869999999974024, -1.4240320155992852 
16.879999999974, -1.4238695932295204 
16.889999999973977, -1.4243810506749408 
16.899999999973954, -1.4256328258628124 
16.90999999997393, -1.4273669265092503 
16.919999999973907, -1.4292109995530602 
16.929999999973884, -1.4308838284959093 
16.93999999997386, -1.4322375599525479 
16.949999999973837, -1.4332157642948853 
16.959999999973814, -1.4338096256407966 
16.96999999997379, -1.4340320838780034 
16.979999999973767, -1.4339055784333177 
16.989999999973744, -1.4334574109146556 
16.99999999997372, -1.432719793503163 
17.009999999973697, -1.431734394503295 
17.019999999973674, -1.430561211942398 
17.02999999997365, -1.4292892267592974 
17.039999999973627, -1.4280447275982484 
17.049999999973604, -1.4269860138727561 
17.05999999997358, -1.4262554935752667 
17.069999999973557, -1.425888823917875 
17.079999999973534, -1.425773773843801 
17.08999999997351, -1.4257225475416082 
17.099999999973488, -1.4255636261726443 
17.109999999973464, -1.425155930714737 
17.11999999997344, -1.4243377212677655 
17.129999999973418, -1.4228487323864505 
17.139999999973394, -1.4202362848855343 
17.14999999997337, -1.4157599628043376 
17.159999999973348, -1.4083869814993617 
17.169999999973324, -1.3971493083838236 
17.1799999999733, -1.382260272596046 
17.189999999973278, -1.3666419887067185 
17.199999999973254, -1.3553279167382017 
17.20999999997323, -1.3511129430073983 
17.219999999973208, -1.3520225822473075 
17.229999999973185, -1.354517199995341 
17.23999999997316, -1.356628138631907 
17.249999999973138, -1.357917956762682 
17.259999999973115, -1.3585191119815505 
17.26999999997309, -1.3586223856345232 
17.279999999973068, -1.358340766269158 
17.289999999973045, -1.3577059093585822 
17.29999999997302, -1.3567106275500498 
17.309999999972998, -1.3554251161417437 
17.319999999972975, -1.3542653716593738 
17.32999999997295, -1.3543269376082379 
17.339999999972928, -1.3571463980600582 
17.349999999972905, -1.363371606608545 
17.35999999997288, -1.3717966662943586 
17.36999999997286, -1.3803392949024584 
17.379999999972835, -1.3875153533613935 
17.38999999997281, -1.39281963496713 
17.39999999997279, -1.3963745919179273 
17.409999999972765, -1.3985438070335805 
17.41999999997274, -1.3997111903143993 
17.42999999997272, -1.4001902181255739 
17.439999999972695, -1.4002064121458155 
17.449999999972672, -1.3999164630868592 
17.45999999997265, -1.399442900582564 
17.469999999972625, -1.3989079928222332 
17.479999999972602, -1.3984442783452398 
17.48999999997258, -1.3981643851573553 
17.499999999972555, -1.3981154389827268 
17.509999999972532, -1.39826935208566 
17.51999999997251, -1.398549871778748 
17.529999999972485, -1.398859808204891 
17.539999999972462, -1.3990992737303678 
17.54999999997244, -1.3991788606337516 
17.559999999972415, -1.39902244497634 
17.569999999972392, -1.3985604623955392 
17.57999999997237, -1.397723067573757 
17.589999999972346, -1.3964396048291985 
17.599999999972322, -1.3946448696969929 
17.6099999999723, -1.392292133012837 
17.619999999972276, -1.3893786388804494 
17.629999999972252, -1.3859958769117708 
17.63999999997223, -1.3824076340986806 
17.649999999972206, -1.3790986721519194 
17.659999999972182, -1.3766413239822155 
17.66999999997216, -1.3753312276452392 
17.679999999972136, -1.3749559760292343 
17.689999999972112, -1.3750264308145543 
17.69999999997209, -1.3751393046217502 
17.709999999972066, -1.375081576967783 
17.719999999972043, -1.3747424405344757 
17.72999999997202, -1.374001054911636 
17.739999999971996, -1.3726304822334985 
17.749999999971973, -1.3701935280253852 
17.75999999997195, -1.365936517871169 
17.769999999971926, -1.3588541331488564 
17.779999999971903, -1.3484875687122626 
17.78999999997188, -1.3370021832907883 
17.799999999971856, -1.3303550566809106 
17.809999999971833, -1.3334637884057214 
17.81999999997181, -1.3438203571353802 
17.829999999971786, -1.354877510901425 
17.839999999971763, -1.3629189259771217 
17.84999999997174, -1.3677237977264167 
17.859999999971716, -1.3702819538073157 
17.869999999971693, -1.3714969665823937 
17.87999999997167, -1.371931420771024 
17.889999999971646, -1.3718874820008256 
17.899999999971623, -1.3715198225966698 
17.9099999999716, -1.370932007377821 
17.919999999971576, -1.3702794816437485 
17.929999999971553, -1.369878084752269 
17.93999999997153, -1.3702035728980326 
17.949999999971507, -1.3716262741338152 
17.959999999971483, -1.3740687964568865 
17.96999999997146, -1.3770423355270593 
17.979999999971437, -1.380004405982 
17.989999999971413, -1.3825994483911805 
17.99999999997139, -1.384669798612963 
18.009999999971367, -1.3861814403054251 
18.019999999971343, -1.3871624909771534 
18.02999999997132, -1.3876694866778991 
18.039999999971297, -1.3877703196104219 
18.049999999971273, -1.3875350458342983 
18.05999999997125, -1.3870327740429906 
18.069999999971227, -1.3863354700937098 
18.079999999971204, -1.3855256226834733 
18.08999999997118, -1.384698687559686 
18.099999999971157, -1.3839537033276794 
18.109999999971134, -1.383376653558544 
18.11999999997111, -1.3830198165000016 
18.129999999971087, -1.3828749925057282 
18.139999999971064, -1.3828622604761898 
18.14999999997104, -1.3828587797760519 
18.159999999971017, -1.3827403281410247 
18.169999999970994, -1.3823927932713516 
18.17999999997097, -1.3816915560518879 
18.189999999970947, -1.3804710252075063 
18.199999999970924, -1.3785028339332146 
18.2099999999709, -1.3754970503070434 
18.219999999970877, -1.3711442616482263 
18.229999999970854, -1.3652249877510978 
18.23999999997083, -1.3578210100266543 
18.249999999970807, -1.34961684278881 
18.259999999970784, -1.342043688379997 
18.26999999997076, -1.3367264485016201 
18.279999999970737, -1.3342940236817415 
18.289999999970714, -1.3339622344444102 
18.29999999997069, -1.334482766944097 
18.309999999970668, -1.3350444410621225 
18.319999999970644, -1.3353447438606671 
18.32999999997062, -1.335321794686077 
18.339999999970598, -1.3349560109857812 
18.349999999970574, -1.3341767223360879 
18.35999999997055, -1.3328146892487536 
18.369999999970528, -1.3305868067641817 
18.379999999970504, -1.327209620857902 
18.38999999997048, -1.32292765680113 
18.399999999970458, -1.319669219373777 
18.409999999970434, -1.3215397328511922 
18.41999999997041, -1.3316679520452384 
18.429999999970388, -1.3476864392054613 
18.439999999970365, -1.3636369360927239 
18.44999999997034, -1.375613964478487 
18.459999999970318, -1.3831667090324422 
18.469999999970295, -1.3874371132119552 
18.47999999997027, -1.3896539652278859 
18.489999999970248, -1.3906698935384612 
18.499999999970225, -1.3909854945859927 
18.5099999999702, -1.3908755089245066 
18.519999999970178, -1.3905002114353278 
18.529999999970155, -1.3899950803133005 
18.53999999997013, -1.3895425475779244 
18.549999999970108, -1.3893866383963493 
18.559999999970085, -1.3897327792106569 
18.56999999997006, -1.3905998478220947 
18.57999999997004, -1.3918077605247636 
18.589999999970015, -1.3931114094465857 
18.59999999996999, -1.3943153976298304 
18.60999999996997, -1.3953001951660124 
18.619999999969945, -1.3960037427866603 
18.62999999996992, -1.396398831956691 
18.6399999999699, -1.396477431465162 
18.649999999969875, -1.3962420776644198 
18.659999999969852, -1.3957024605489718 
18.66999999996983, -1.3948757936949843 
18.679999999969805, -1.3937909303045366 
18.689999999969782, -1.3924966978820144 
18.69999999996976, -1.391073564015747 
18.709999999969735, -1.3896452269319706 
18.719999999969712, -1.3883785686185868 
18.72999999996969, -1.3874428766298645 
18.739999999969665, -1.386916802548904 
18.749999999969642, -1.3867217561154466 
18.75999999996962, -1.3866721884692512 
18.769999999969595, -1.3865810900173163 
18.779999999969572, -1.3863028252744194 
18.78999999996955, -1.3857000581924095 
18.799999999969526, -1.3845774197481155 
18.809999999969502, -1.3826018904810065 
18.81999999996948, -1.37921507944128 
18.829999999969456, -1.3735780506032051 
18.839999999969432, -1.3646957530638588 
18.84999999996941, -1.3520145715272436 
18.859999999969386, -1.3366475647580338 
18.869999999969362, -1.3222243509668676 
18.87999999996934, -1.3130447114152441 
18.889999999969316, -1.3102481497574685 
18.899999999969292, -1.311346165341099 
18.90999999996927, -1.3134448989484935 
18.919999999969246, -1.3151386715246234 
18.929999999969223, -1.316148542638633 
18.9399999999692, -1.316583716532508 
18.949999999969176, -1.3165830120706965 
18.959999999969153, -1.3162174109712497 
18.96999999996913, -1.3154833344252552 
18.979999999969106, -1.3143322694087902 
18.989999999969083, -1.3127741224376352 
18.99999999996906, -1.3111596124623646 
19.009999999969036, -1.310644473613069 
19.019999999969013, -1.3132285196184805 
19.02999999996899, -1.3203584530285977 
19.039999999968966, -1.3311019796841945 
19.049999999968943, -1.342661008247553 
19.05999999996892, -1.3525909842861445 
19.069999999968896, -1.359903519780642 
19.079999999968873, -1.3647230537441624 
19.08999999996885, -1.3676209584460697 
19.099999999968826, -1.3691949624682336 
19.109999999968803, -1.3699081394608135 
19.11999999996878, -1.370071398714187 
19.129999999968756, -1.3698821778920476 
19.139999999968733, -1.3694775629465994 
19.14999999996871, -1.3689856934863227 
19.159999999968687, -1.3685576155953845 
19.169999999968663, -1.3683494303631472 
19.17999999996864, -1.3684538451313886 
19.189999999968617, -1.3688508191768152 
19.199999999968593, -1.3694344596484083 
19.20999999996857, -1.3700748448895181 
19.219999999968547, -1.3706565537087059 
19.229999999968523, -1.3710901332297012 
19.2399999999685, -1.3713113342054326 
19.249999999968477, -1.3712750928052735 
19.259999999968453, -1.3709488172060547 
19.26999999996843, -1.3703084443073603 
19.279999999968407, -1.369337875872079 
19.289999999968384, -1.368031495153585 
19.29999999996836, -1.3664009811400035 
19.309999999968337, -1.3644892167288192 
19.319999999968314, -1.362393492351819 
19.32999999996829, -1.3602926594068514 
19.339999999968267, -1.3584478061919962 
19.349999999968244, -1.357119353240719 
19.35999999996822, -1.3564072012180985 
19.369999999968197, -1.3561724288397117 
19.379999999968174, -1.356149426626038 
19.38999999996815, -1.3561043685831589 
19.399999999968127, -1.3558815410804264 
19.409999999968104, -1.3553544027203464 
19.41999999996808, -1.3543478273157878 
19.429999999968057, -1.3525492879138183 
19.439999999968034, -1.3493994911956548 
19.44999999996801, -1.3439850151272434 
19.459999999967987, -1.3350860781674265 
19.469999999967964, -1.321779076367577 
19.47999999996794, -1.3049690320351803 
19.489999999967917, -1.2887693983114885 
19.499999999967894, -1.2785426068253742 
19.50999999996787, -1.275988395146385 
19.519999999967848, -1.2781624717131295 
19.529999999967824, -1.2814301257432077 
19.5399999999678, -1.2840134129890175 
19.549999999967778, -1.285606082114587 
19.559999999967754, -1.2864117294622297 
19.56999999996773, -1.2866671337987285 
19.579999999967708, -1.2865195555722027 
19.589999999967684, -1.2860252517647104 
19.59999999996766, -1.2851779347123793 
19.609999999967638, -1.2839705105500678 
19.619999999967614, -1.2825534921633572 
19.62999999996759, -1.2815530233522407 
19.639999999967568, -1.282348916603549 
19.649999999967545, -1.2865911233663025 
19.65999999996752, -1.2947129081549231 
19.669999999967498, -1.3051393481445726 
19.679999999967475, -1.3154632455817574 
19.68999999996745, -1.3239999388162647 
19.699999999967428, -1.3302042592174437 
19.709999999967405, -1.33428474093833 
19.71999999996738, -1.336735484969622 
19.729999999967358, -1.3380520446283746 
19.739999999967335, -1.338619218892703 
19.74999999996731, -1.338699169901357 
19.759999999967288, -1.338463205679799 
19.769999999967265, -1.3380373420109428 
19.77999999996724, -1.3375473280748866 
19.78999999996722, -1.3371439274954793 
19.799999999967195, -1.3369796792292077 
19.80999999996717, -1.3371407717603276 
19.81999999996715, -1.33760189279262 
19.829999999967125, -1.3382541387687839 
19.8399999999671, -1.3389656126584706 
19.84999999996708, -1.3396202190259934 
19.859999999967055, -1.3401296147372335 
19.869999999967032, -1.3404322569552614 
19.87999999996701, -1.340487416741034 
19.889999999966985, -1.3402686934107095 
19.899999999966962, -1.3397598886381583 
19.90999999996694, -1.3389537320601586 
19.919999999966915, -1.3378532291637806 
19.929999999966892, -1.336476319057954 
19.93999999996687, -1.3348651634196618 
19.949999999966845, -1.3331004464944498 
19.959999999966822, -1.3313172332886227 
19.9699999999668, -1.3297072597151862 
19.979999999966775, -1.3284747747946752 
19.989999999966752, -1.327733425498033 
19.99999999996673, -1.3274233713953838 
20.009999999966706, -1.3273514873774894 
20.019999999966682, -1.327309027576233 
20.02999999996666, -1.3271380212767183 
20.039999999966636, -1.3267143235591259 
20.049999999966612, -1.3258910521636647 
20.05999999996659, -1.3244315276902374 
20.069999999966566, -1.321935776114381 
20.079999999966542, -1.317774671180612 
20.08999999996652, -1.3111017387338264 
20.099999999966496, -1.3011095101105967 
20.109999999966472, -1.287732467337211 
20.11999999996645, -1.2726349659557434 
20.129999999966426, -1.2593282243179473 
20.139999999966403, -1.2510969748226335 
20.14999999996638, -1.2483575128485636 
20.159999999966356, -1.2489375135689476 
20.169999999966333, -1.2505095698372368 
20.17999999996631, -1.2518779448924344 
20.189999999966286, -1.252731513804552 
20.199999999966263, -1.2531051292330075 
20.20999999996624, -1.2530862927502149 
20.219999999966216, -1.2527157624491363 
20.229999999966193, -1.2519625340180984 
20.23999999996617, -1.2507217933381996 
20.249999999966146, -1.2488501462218928 
20.259999999966123, -1.2463315066500045 
20.2699999999661, -1.2437399892093466 
20.279999999966076, -1.2429358703434563 
20.289999999966053, -1.2469429494412148 
20.29999999996603, -1.2576049589158462 
20.309999999966006, -1.2729701870251358 
20.319999999965983, -1.288553240865419 
20.32999999996596, -1.3009706658609261 
20.339999999965936, -1.3093645209916047 
20.349999999965913, -1.3144395736767427 
20.35999999996589, -1.3172595990346398 
20.369999999965867, -1.3186845700362797 
20.379999999965843, -1.3192727520399652 
20.38999999996582, -1.3193500760389363 
20.399999999965797, -1.319102114702167 
20.409999999965773, -1.318653681346233 
20.41999999996575, -1.3181398122867982 
20.429999999965727, -1.3177608253688262 
20.439999999965703, -1.3177726918596369 
20.44999999996568, -1.3183694862460797 
20.459999999965657, -1.3195453711589664 
20.469999999965633, -1.3210984492059898 
20.47999999996561, -1.32276476866158 
20.489999999965587, -1.3243312592210033 
20.499999999965564, -1.325665362542243 
20.50999999996554, -1.3266985651526046 
20.519999999965517, -1.3274031176993293 
20.529999999965494, -1.3277755598094159 
20.53999999996547, -1.3278276967321787 
20.549999999965447, -1.3275823369112583 
20.559999999965424, -1.3270715917620528 
20.5699999999654, -1.3263375204284955 
20.579999999965377, -1.3254356817541995 
20.589999999965354, -1.3244396865951438 
20.59999999996533, -1.3234416265791056 
20.609999999965307, -1.3225444960723902 
20.619999999965284, -1.321845012739169 
20.62999999996526, -1.321403015158714 
20.639999999965237, -1.3212059023160951 
20.649999999965214, -1.3211629539783316 
20.65999999996519, -1.3211444285153777 
20.669999999965167, -1.3210254446459218 
20.679999999965144, -1.3206954908101647 
20.68999999996512, -1.3200376176025852 
20.699999999965097, -1.3188998760541255 
20.709999999965074, -1.3170761161611584 
20.71999999996505, -1.3143091376652736 
20.729999999965028, -1.3103297488047503 
20.739999999965004, -1.3049447249754935 
20.74999999996498, -1.2981843836608828 
20.759999999964958, -1.290501117645404 
20.769999999964934, -1.2829094509531473 
20.77999999996491, -1.2767720825540516 
20.789999999964888, -1.2730528102600132 
20.799999999964864, -1.2716422028266154 
20.80999999996484, -1.2716167455312495 
20.819999999964818, -1.2720515250780333 
20.829999999964794, -1.272431729637403 
20.83999999996477, -1.2725710987038328 
20.849999999964748, -1.272416913089778 
20.859999999964725, -1.2719212054700042 
20.8699999999647, -1.270968642088523 
20.879999999964678, -1.2693183134806731 
20.889999999964655, -1.2665465081583545 
20.89999999996463, -1.2620558029599567 
20.909999999964608, -1.2553950482572236 
20.919999999964585, -1.2472903763737502 
20.92999999996456, -1.241020006776653 
20.939999999964538, -1.241468823693966 
20.949999999964515, -1.2503016045835003 
20.95999999996449, -1.2634521993124417 
20.969999999964468, -1.2754900268823985 
20.979999999964445, -1.2839498507850844 
20.98999999996442, -1.2890463870487117 
20.9999999999644, -1.291832620637053 
21.009999999964375, -1.2932182928428677 
21.01999999996435, -1.2937792014570664 
21.02999999996433, -1.293833255671328 
21.039999999964305, -1.2935432997943743 
21.04999999996428, -1.2930002114481711 
21.05999999996426, -1.29230561631553 
21.069999999964235, -1.2916788728586623 
21.079999999964212, -1.291552473130567 
21.08999999996419, -1.2924966326727307 
21.099999999964165, -1.2948620041503656 
21.109999999964142, -1.2984474949553833 
21.11999999996412, -1.3026202360503134 
21.129999999964095, -1.3067194893373821 
21.139999999964072, -1.3103071308063337 
21.14999999996405, -1.3131820502826757 
21.159999999964025, -1.3153042128380872 
21.169999999964002, -1.3167256756947014 
21.17999999996398, -1.3175452675441233 
21.189999999963955, -1.3178780436505568 
21.199999999963932, -1.3178349185411453 
21.20999999996391, -1.3175141934646797 
21.219999999963886, -1.3170059430497663 
21.229999999963862, -1.3164040355739295 
21.23999999996384, -1.315812670265459 
21.249999999963816, -1.3153336350206666 
21.259999999963792, -1.3150382552123778 
21.26999999996377, -1.3149476266439764 
21.279999999963746, -1.3150329240759793 
21.289999999963722, -1.315226102666492 
21.2999999999637, -1.3154359091774104 
21.309999999963676, -1.315568013364928 
21.319999999963652, -1.3155387162477559 
21.32999999996363, -1.315275625916301 
21.339999999963606, -1.3147118941945064 
21.349999999963583, -1.3137835163283664 
21.35999999996356, -1.3124330889692766 
21.369999999963536, -1.310618114090157 
21.379999999963513, -1.3083221758984 
21.38999999996349, -1.3055720245422995 
21.399999999963466, -1.3024671602185882 
21.409999999963443, -1.2992215587973834 
21.41999999996342, -1.2961867428998035 
21.429999999963396, -1.2937802334079955 
21.439999999963373, -1.2922786844598537 
21.44999999996335, -1.291629533088673 
21.459999999963326, -1.2915105923487933 
21.469999999963303, -1.2915667907196013 
21.47999999996328, -1.2915583831299429 
21.489999999963256, -1.291350185669375 
21.499999999963233, -1.2908354577460068 
21.50999999996321, -1.289857319381116 
21.519999999963186, -1.2881277177798647 
21.529999999963163, -1.2851270350249937 
21.53999999996314, -1.279999990694441 
21.549999999963116, -1.2715777508169979 
21.559999999963093, -1.258873260179863 
21.56999999996307, -1.2424098415632199 
21.579999999963047, -1.2256117697574052 
21.589999999963023, -1.2136195307801905 
21.599999999963, -1.2090758440991267 
21.609999999962977, -1.2101411923805183 
21.619999999962953, -1.2132806110659784 
21.62999999996293, -1.216209605695737 
21.639999999962907, -1.218224014326353 
21.649999999962883, -1.219381483448758 
21.65999999996286, -1.2199086766016154 
21.669999999962837, -1.219984969953773 
21.679999999962813, -1.2197021824785301 
21.68999999996279, -1.2190727406178226 
21.699999999962767, -1.2180493558822927 
21.709999999962744, -1.2165748346199523 
21.71999999996272, -1.2147327390796734 
21.729999999962697, -1.2130959518021514 
21.739999999962674, -1.2131717473640082 
21.74999999996265, -1.2172190460497858 
21.759999999962627, -1.2266274700007038 
21.769999999962604, -1.2401231375683177 
21.77999999996258, -1.2543900326536987 
21.789999999962557, -1.2664944831440856 
21.799999999962534, -1.2752543787084742 
21.80999999996251, -1.280904449422451 
21.819999999962487, -1.2842385595396109 
21.829999999962464, -1.286040717658177 
21.83999999996244, -1.286885340040452 
21.849999999962417, -1.2871366072047243 
21.859999999962394, -1.287010438048416 
21.86999999996237, -1.2866420413602369 
21.879999999962347, -1.286148887380873 
21.889999999962324, -1.2856873209426343 
21.8999999999623, -1.2854765107504686 
21.909999999962277, -1.2857407813206108 
21.919999999962254, -1.2865819839373422 
21.92999999996223, -1.2879072006748085 
21.939999999962208, -1.2894947234402994 
21.949999999962184, -1.291114219304951 
21.95999999996216, -1.2925948885501104 
21.969999999962138, -1.2938328239272823 
21.979999999962114, -1.2947740044875813 
21.98999999996209, -1.2953966172832607 
21.999999999962068, -1.295699467902619 
22.009999999962044, -1.2956959382301096 
22.01999999996202, -1.2954110379602646 
22.029999999961998, -1.294880027685285 
22.039999999961974, -1.2941490658552646 
22.04999999996195, -1.2932783908768832 
22.059999999961928, -1.292345291613568 
22.069999999961905, -1.29144126617121 
22.07999999996188, -1.2906606065227997 
22.089999999961858, -1.2900818282143263 
22.099999999961835, -1.2897424968504527 
22.10999999996181, -1.2896159504702687 
22.119999999961788, -1.2896135739849448 
22.129999999961765, -1.2896183293010401 
22.13999999996174, -1.28951840454963 
22.149999999961718, -1.2892142041279966 
22.159999999961695, -1.2886037258952707 
22.16999999996167, -1.28756499264219 
22.179999999961648, -1.2859496370036674 
22.189999999961625, -1.2835950358091013 
22.1999999999616, -1.2803567664395983 
22.20999999996158, -1.276159263700984 
22.219999999961555, -1.271064854330264 
22.22999999996153, -1.2653622177400472 
22.23999999996151, -1.2596404739428049 
22.249999999961485, -1.2547251145141238 
22.25999999996146, -1.2513376666241036 
22.26999999996144, -1.2496457762823288 
22.279999999961415, -1.2491973532636071 
22.289999999961392, -1.2493312850127638 
22.29999999996137, -1.249563286954004 
22.309999999961345, -1.2496546901141223 
22.319999999961322, -1.2495058435529198 
22.3299999999613, -1.249044368558435 
22.339999999961275, -1.2481462734080986 
22.349999999961252, -1.2465653462920279 
22.35999999996123, -1.2438455440862275 
22.369999999961205, -1.2392281165561125 
22.379999999961182, -1.2316787314874822 
22.38999999996116, -1.2203867744725578 
22.399999999961135, -1.2061100215331915 
22.409999999961112, -1.1925045397670129 
22.41999999996109, -1.1846194383233333 
22.429999999961066, -1.1844182193876247 
22.439999999961042, -1.189192352421517 
22.44999999996102, -1.1949713077747233 
22.459999999960996, -1.1995509513441944 
22.469999999960972, -1.2025231870963593 
22.47999999996095, -1.2042222692852311 
22.489999999960926, -1.205063784912682 
22.499999999960902, -1.2053426281160224 
22.50999999996088, -1.205223037253067 
22.519999999960856, -1.2047711640170458 
22.529999999960832, -1.2039893756645363 
22.53999999996081, -1.2028645160803109 
22.549999999960786, -1.201478248739098 
22.559999999960763, -1.200243983412061 
22.56999999996074, -1.2002201708799967 
22.579999999960716, -1.2030704647430928 
22.589999999960693, -1.2100869896255402 
22.59999999996067, -1.2208320859115265 
22.609999999960646, -1.2331117417822237 
22.619999999960623, -1.244456645429278 
22.6299999999606, -1.2534018557847308 
22.639999999960576, -1.2596566200375505 
22.649999999960553, -1.2636316314138607 
22.65999999996053, -1.2659469464758426 
22.669999999960506, -1.2671547570718764 
22.679999999960483, -1.2676523041900671 
22.68999999996046, -1.2676945774663035 
22.699999999960436, -1.267440767237331 
22.709999999960413, -1.2670068738717823 
22.71999999996039, -1.2665175528356862 
22.729999999960366, -1.266144417300445 
22.739999999960343, -1.2660952875583977 
22.74999999996032, -1.2665300856872577 
22.759999999960296, -1.2674631690119147 
22.769999999960273, -1.2687568949727417 
22.77999999996025, -1.27020769337047 
22.789999999960227, -1.2716316960084293 
22.799999999960203, -1.2728987796167146 
22.80999999996018, -1.27392976075769 
22.819999999960157, -1.2746824754441848 
22.829999999960133, -1.2751393307681558 
22.83999999996011, -1.2752995636518936 
22.849999999960087, -1.2751754757334983 
22.859999999960063, -1.2747907854710165 
22.86999999996004, -1.2741802053545324 
22.879999999960017, -1.2733908566114858 
22.889999999959993, -1.2724854640878365 
22.89999999995997, -1.2715439297593591 
22.909999999959947, -1.27065818152422 
22.919999999959924, -1.2699187849289164 
22.9299999999599, -1.269394939230494 
22.939999999959877, -1.2691096254101077 
22.949999999959854, -1.2690218086766405 
22.95999999995983, -1.2690364650899482 
22.969999999959807, -1.2690392449720913 
22.979999999959784, -1.2689244817140493 
22.98999999995976, -1.26859771815281 
22.999999999959737, -1.2679616657592196 
23.009999999959714, -1.2669028500768045 
23.01999999995969, -1.2652905374553627 
23.029999999959667, -1.2629923984207716 
23.039999999959644, -1.2599050332845452 
23.04999999995962, -1.255994547946313 
23.059999999959597, -1.2513467094902815 
23.069999999959574, -1.2462286912760785 
23.07999999995955, -1.241138009010572 
23.089999999959527, -1.2367487112172877 
23.099999999959504, -1.2336540878207072 
23.10999999995948, -1.2320182743986696 
23.119999999959457, -1.2314978846065272 
23.129999999959434, -1.2315412561198678 
23.13999999995941, -1.2317117509041307 
23.149999999959388, -1.231773538744758 
23.159999999959364, -1.2316166543152318 
23.16999999995934, -1.231160414205285 
23.179999999959318, -1.230278321783013 
23.189999999959294, -1.2287286231737453 
23.19999999995927, -1.2260679356268924 
23.209999999959248, -1.221552537178526 
23.219999999959224, -1.2141191402000882 
23.2299999999592, -1.2027189742846822 
23.239999999959178, -1.1873702297809436 
23.249999999959154, -1.1705621508653723 
23.25999999995913, -1.156964097890064 
23.269999999959108, -1.1501211426358977 
23.279999999959085, -1.149606353099256 
23.28999999995906, -1.152333715904747 
23.299999999959038, -1.1555697559369638 
23.309999999959015, -1.1580908119474365 
23.31999999995899, -1.1597042510248279 
23.329999999958968, -1.1605839636629662 
23.339999999958945, -1.1609346256506297 
23.34999999995892, -1.1608915831174078 
23.359999999958898, -1.1605091438172521 
23.369999999958875, -1.1597671472257625 
23.37999999995885, -1.1585798305552468 
23.389999999958828, -1.1568268213561783 
23.399999999958805, -1.1544724859832933 
23.40999999995878, -1.1518897689971108 
23.41999999995876, -1.1504062309512502 
23.429999999958735, -1.152534270034289 
23.43999999995871, -1.1607349953292352 
23.44999999995869, -1.1749066262689425 
23.459999999958665, -1.191623903302296 
23.46999999995864, -1.206690566373866 
23.47999999995862, -1.2178592588032617 
23.489999999958595, -1.2250830583105032 
23.499999999958572, -1.2293358914602561 
23.50999999995855, -1.2316570207503532 
23.519999999958525, -1.2328033232977142 
23.529999999958502, -1.2332413709412837 
23.53999999995848, -1.2332342124054176 
23.549999999958455, -1.2329260119506633 
23.559999999958432, -1.2324116647886845 
23.56999999995841, -1.231806616419096 
23.579999999958385, -1.2313247204353357 
23.589999999958362, -1.231322993754142 
23.59999999995834, -1.232213347149125 
23.609999999958315, -1.2342196368526182 
23.619999999958292, -1.2371925493913756 
23.62999999995827, -1.2406955351267877 
23.639999999958246, -1.244248435842677 
23.649999999958222, -1.2474925457715826 
23.6599999999582, -1.2502210573865864 
23.669999999958176, -1.2523463575704528 
23.679999999958152, -1.2538626249596074 
23.68999999995813, -1.254818372739706 
23.699999999958106, -1.255294233832425 
23.709999999958082, -1.2553829069251885 
23.71999999995806, -1.2551748249719925 
23.729999999958036, -1.2547543861652628 
23.739999999958012, -1.2542067105822594 
23.74999999995799, -1.2536272149303676 
23.759999999957966, -1.2531201841656967 
23.769999999957943, -1.2527776414082124 
23.77999999995792, -1.2526503363774553 
23.789999999957896, -1.2527344116464403 
23.799999999957873, -1.2529796189350422 
23.80999999995785, -1.2533069137732067 
23.819999999957826, -1.2536272016551555 
23.829999999957803, -1.2538575290781189 
23.83999999995778, -1.253929595952067 
23.849999999957756, -1.2537900008157163 
23.859999999957733, -1.2533975533808575 
23.86999999995771, -1.252722251169701 
23.879999999957686, -1.251746365056293 
23.889999999957663, -1.2504663138114651 
23.89999999995764, -1.2488954905401877 
23.909999999957616, -1.2470700423146095 
23.919999999957593, -1.2450592514253276 
23.92999999995757, -1.2429789068257977 
23.939999999957546, -1.2409986867505745 
23.949999999957523, -1.239322676050598 
23.9599999999575, -1.238121851181374 
23.969999999957476, -1.2374422746129707 
23.979999999957453, -1.2371726527144487 
23.98999999995743, -1.2371136659050508 
23.999999999957407, -1.2370756601984638 
24.009999999957383, -1.2369192594455511 
24.01999999995736, -1.236535383991833 
24.029999999957337, -1.2358011314402573 
24.039999999957313, -1.2345335936313826 
24.04999999995729, -1.232448982316335 
24.059999999957267, -1.2291410457303429 
24.069999999957243, -1.2241150660911657 
24.07999999995722, -1.2169316015024179 
24.089999999957197, -1.2074919523440668 
24.099999999957173, -1.1963982162710212 
24.10999999995715, -1.1851374646228492 
24.119999999957127, -1.175698762281194 
24.129999999957104, -1.1695465351427112 
24.13999999995708, -1.1667493754532328 
24.149999999957057, -1.1662143041275745 
24.159999999957034, -1.1666657709065849 
24.16999999995701, -1.1672832633055452 
24.179999999956987, -1.1677186231631975 
24.189999999956964, -1.167877183859512 
24.19999999995694, -1.1677422412544454 
24.209999999956917, -1.167283024421332 
24.219999999956894, -1.1664042723284553 
24.22999999995687, -1.1648995883922435 
24.239999999956847, -1.162391175200815 
24.249999999956824, -1.1582731395203456 
24.2599999999568, -1.1517607778220398 
24.269999999956777, -1.1422980697548908 
24.279999999956754, -1.1305549287533752 
24.28999999995673, -1.1193981565154318 
24.299999999956707, -1.112913167097871 
24.309999999956684, -1.113115172488775 
24.31999999995666, -1.1181885085634036 
24.329999999956637, -1.124639281127362 
24.339999999956614, -1.1300877541346104 
24.34999999995659, -1.133846659768491 
24.359999999956568, -1.1361400870650085 
24.369999999956544, -1.1373998307014346 
24.37999999995652, -1.137977247382085 
24.389999999956498, -1.1380919746459999 
24.399999999956474, -1.1378534081983527 
24.40999999995645, -1.1372885116842972 
24.419999999956428, -1.136364372528327 
24.429999999956404, -1.1350223522484182 
24.43999999995638, -1.133270712541587 
24.449999999956358, -1.1314138796191107 
24.459999999956334, -1.1304414463219783 
24.46999999995631, -1.1322644163427913 
24.479999999956288, -1.139021747033228 
24.489999999956265, -1.1512723228458772 
24.49999999995624, -1.1668492410382325 
24.509999999956218, -1.18214667269919 
24.519999999956195, -1.1944801605325561 
24.52999999995617, -1.203067447180711 
24.539999999956148, -1.2084437408254147 
24.549999999956125, -1.2115476206743336 
24.5599999999561, -1.2131983366710695 
24.569999999956078, -1.2139571716627269 
24.579999999956055, -1.2141635694989303 
24.58999999995603, -1.2140098641381394 
24.599999999956008, -1.2136093004760018 
24.609999999955985, -1.2130579730733966 
24.61999999995596, -1.2125020341325299 
24.62999999995594, -1.2121998331857922 
24.639999999955915, -1.2125162650715942 
24.64999999995589, -1.2137764864563554 
24.65999999995587, -1.2160496198432171 
24.669999999955845, -1.2190814490730768 
24.67999999995582, -1.2224462481206113 
24.6899999999558, -1.225743793806181 
24.699999999955775, -1.2286944545831116 
24.709999999955752, -1.2311409657094592 
24.71999999995573, -1.2330190473588678 
24.729999999955705, -1.2343309164411367 
24.739999999955682, -1.2351254253116701 
24.74999999995566, -1.235479460043098 
24.759999999955635, -1.2354799816816744 
24.769999999955612, -1.2352118868748987 
24.77999999995559, -1.2347563583762788 
24.789999999955565, -1.2341984951759293 
24.799999999955542, -1.2336352914167013 
24.80999999995552, -1.2331703326306773 
24.819999999955495, -1.2328895913792683 
24.829999999955472, -1.2328334884088707 
24.83999999995545, -1.2329874848806877 
24.849999999955426, -1.233293528653027 
24.859999999955402, -1.2336692966290912 
24.86999999995538, -1.2340269928841257 
24.879999999955356, -1.2342879190256164 
24.889999999955332, -1.2343892118773159 
24.89999999995531, -1.2342835893397124 
24.909999999955286, -1.2339369594612237 
24.919999999955262, -1.2333272581897203 
24.92999999995524, -1.2324445977608307 
24.939999999955216, -1.231292006361626 
24.949999999955192, -1.2298874024618853 
24.95999999995517, -1.2282683267109955 
24.969999999955146, -1.2264999318072678 
24.979999999955123, -1.2246840190578128 
24.9899999999551, -1.2229622849538504 
24.999999999955076, -1.221499980786787 
