t, s[1].omega / s[0].omega 
0, -1.079996764364864 
0.009999999999999995, -1.0796061481064168 
0.019999999999999934, -1.0792861967771685 
0.029999999999999874, -1.0787879650662613 
0.04000000000000012, -1.078420380506625 
0.050000000000000405, -1.0777061942786157 
0.06000000000000069, -1.0772991146605897 
0.07000000000000098, -1.0760845772559666 
0.08000000000000126, -1.0756497620904073 
0.09000000000000155, -1.0731545848004083 
0.10000000000000184, -1.072724761860207 
0.11000000000000212, -1.0671283393985074 
0.12000000000000241, -1.0667984006600053 
0.130000000000002, -1.0587125518383336 
0.1400000000000009, -1.0587273697487054 
0.1499999999999998, -1.0597844417021365 
0.1599999999999987, -1.0604926731125022 
0.1699999999999976, -1.06629728874844 
0.1799999999999965, -1.0674520356126596 
0.1899999999999954, -1.0701381158406424 
0.1999999999999943, -1.0709133844794527 
0.2099999999999932, -1.071771251892909 
0.2199999999999921, -1.0720699420559614 
0.229999999999991, -1.0722490863257892 
0.2399999999999899, -1.0722609738463214 
0.2499999999999888, -1.0721721219356963 
0.2599999999999877, -1.0720246131012192 
0.2699999999999866, -1.0718121546905923 
0.2799999999999855, -1.0715661209471066 
0.2899999999999844, -1.0712833168847065 
0.2999999999999833, -1.0709617877906035 
0.3099999999999822, -1.070624561524227 
0.3199999999999811, -1.0702260838493065 
0.32999999999998, -1.069826849827237 
0.3399999999999789, -1.0693256354301226 
0.3499999999999778, -1.0688271931514342 
0.35999999999997667, -1.06816053884194 
0.36999999999997557, -1.0674629468448582 
0.37999999999997447, -1.0665034082584965 
0.38999999999997337, -1.0653412923179628 
0.39999999999997227, -1.063880327107306 
0.40999999999997117, -1.0615447033600476 
0.41999999999997006, -1.0595040688186714 
0.42999999999996896, -1.0546250393917633 
0.43999999999996786, -1.0526836646110045 
0.44999999999996676, -1.0466242292849028 
0.45999999999996566, -1.045475124294482 
0.46999999999996456, -1.0464901943546379 
0.47999999999996346, -1.0459064163685852 
0.48999999999996235, -1.0534540002333794 
0.49999999999996125, -1.0531297893470544 
0.5099999999999602, -1.0589296055777686 
0.519999999999959, -1.058715093415417 
0.529999999999958, -1.061446019901199 
0.5399999999999568, -1.0612695939558174 
0.5499999999999557, -1.0623789242896962 
0.5599999999999546, -1.0621983946833538 
0.5699999999999535, -1.0625773384360415 
0.5799999999999524, -1.062369278536749 
0.5899999999999513, -1.0624101101057442 
0.5999999999999502, -1.0621646187088365 
0.6099999999999491, -1.06203669910721 
0.619999999999948, -1.0617493456540947 
0.6299999999999469, -1.0615286116863372 
0.6399999999999458, -1.0611934531154728 
0.6499999999999447, -1.0609147946675823 
0.6599999999999436, -1.0605189653606666 
0.6699999999999425, -1.0601968634694672 
0.6799999999999414, -1.0597143825594482 
0.6899999999999403, -1.0593495967958815 
0.6999999999999392, -1.0587307432150905 
0.7099999999999381, -1.0583083695944147 
0.719999999999937, -1.0574584986852955 
0.7299999999999359, -1.0569354952481045 
0.7399999999999348, -1.055673502500206 
0.7499999999999337, -1.0549441730004867 
0.7599999999999326, -1.052941922535797 
0.7699999999999315, -1.0517525822776401 
0.7799999999999304, -1.0485836402157513 
0.7899999999999293, -1.0463851770367794 
0.7999999999999282, -1.042210197308178 
0.8099999999999271, -1.0383683281908576 
0.819999999999926, -1.0347727365686124 
0.8299999999999249, -1.0304573664705041 
0.8399999999999238, -1.0284023373748787 
0.8499999999999227, -1.0272624758399127 
0.8599999999999216, -1.0262149523240502 
0.8699999999999205, -1.030282737839702 
0.8799999999999194, -1.0297016957108833 
0.8899999999999183, -1.0372825921962785 
0.8999999999999172, -1.036925761649697 
0.9099999999999161, -1.0438820530479536 
0.919999999999915, -1.043655701348567 
0.9299999999999139, -1.047932269233589 
0.9399999999999128, -1.047791350532499 
0.9499999999999117, -1.049961513990077 
0.9599999999999106, -1.049862497596398 
0.9699999999999095, -1.0508565369726492 
0.9799999999999084, -1.0507553493452222 
0.9899999999999073, -1.051146329180059 
0.9999999999999062, -1.0510138408940506 
1.0099999999999052, -1.0510937656996566 
1.019999999999904, -1.050918473448109 
1.029999999999903, -1.0508305966196283 
1.039999999999902, -1.0506109239520327 
1.0499999999999008, -1.0504260640630745 
1.0599999999998997, -1.0501631938729303 
1.0699999999998986, -1.0499164510110492 
1.0799999999998975, -1.0496105375305118 
1.0899999999998964, -1.0493178450027454 
1.0999999999998953, -1.0489664040628477 
1.1099999999998942, -1.0486312340409791 
1.119999999999893, -1.0482284058513502 
1.129999999999892, -1.0478429946060672 
1.1399999999998909, -1.0473791111113206 
1.1499999999998898, -1.0469211563070353 
1.1599999999998887, -1.0463829159642701 
1.1699999999998876, -1.0458060032090921 
1.1799999999998865, -1.0451789428911493 
1.1899999999998854, -1.0443916298639597 
1.1999999999998843, -1.0436688632938547 
1.2099999999998832, -1.042493413965447 
1.219999999999882, -1.0416953609315478 
1.229999999999881, -1.0398003890349643 
1.2399999999998799, -1.0389972845819107 
1.2499999999998788, -1.0358438761098023 
1.2599999999998777, -1.035139911802601 
1.2699999999998766, -1.0301177753052173 
1.2799999999998755, -1.0295815850916994 
1.2899999999998744, -1.0225440193088595 
1.2999999999998733, -1.0221803054193512 
1.3099999999998722, -1.0138764049764517 
1.319999999999871, -1.0136689781809611 
1.32999999999987, -1.0050678184866941 
1.3399999999998689, -1.0049896520580275 
1.3499999999998678, -0.9964884024519809 
1.3599999999998666, -0.9963643329624888 
1.3699999999998655, -0.9884145622868805 
1.3799999999998644, -0.9875347584372338 
1.3899999999998633, -0.9814633343323768 
1.3999999999998622, -0.9786662433616651 
1.4099999999998611, -0.9752518925966657 
1.41999999999986, -0.9707607119952366 
1.429999999999859, -0.96918625094429 
1.4399999999998578, -0.9647550380757901 
1.4499999999998567, -0.964023843555749 
1.4599999999998556, -0.9606687917709635 
1.4699999999998545, -0.9602587740355004 
1.4799999999998534, -0.9580096468007911 
1.4899999999998523, -0.9576649243774491 
1.4999999999998512, -0.956251885838063 
1.5099999999998501, -0.9558516416154531 
1.519999999999849, -0.9549712491352887 
1.529999999999848, -0.9545234030810733 
1.5399999999998468, -0.9539462224985369 
1.5499999999998457, -0.9534976682396404 
1.5599999999998446, -0.9530909661665744 
1.5699999999998435, -0.9526702907082965 
1.5799999999998424, -0.9523635529485586 
1.5899999999998413, -0.9519836649455896 
1.5999999999998402, -0.9517383743240903 
1.6099999999998391, -0.9514038667708209 
1.619999999999838, -0.9512017710881053 
1.629999999999837, -0.9509151833145421 
1.6399999999998358, -0.9507511289753517 
1.6499999999998347, -0.9505243767809297 
1.6599999999998336, -0.9503950240752354 
1.6699999999998325, -0.9502581167250086 
1.6799999999998314, -0.9501545588428805 
1.6899999999998303, -0.9501672803517714 
1.6999999999998292, -0.9500679251746172 
1.709999999999828, -0.9503520039684658 
1.719999999999827, -0.9502176619769884 
1.729999999999826, -0.9510079477978121 
1.7399999999998248, -0.9508361085627762 
1.7499999999998237, -0.9525021839092425 
1.7599999999998226, -0.9524322477147686 
1.7699999999998215, -0.9554206156622861 
1.7799999999998204, -0.9557910544865218 
1.7899999999998193, -0.9601335404356058 
1.7999999999998182, -0.9617910892846867 
1.809999999999817, -0.9653495356797436 
1.819999999999816, -0.9697874404725859 
1.8299999999998149, -0.9699656886337887 
1.8399999999998138, -0.9760936098306819 
1.8499999999998127, -0.9747949345907745 
1.8599999999998116, -0.9773439346080705 
1.8699999999998105, -0.9763603419589665 
1.8799999999998094, -0.9726958073921756 
1.8899999999998083, -0.972168587386375 
1.8999999999998072, -0.9639512338661957 
1.909999999999806, -0.9637051952088608 
1.919999999999805, -0.9557227549519611 
1.9299999999998039, -0.955475548460543 
1.9399999999998028, -0.9507855844277225 
1.9499999999998017, -0.9500706189663319 
1.9599999999998006, -0.9479385557046877 
1.9699999999997995, -0.9469158993590531 
1.9799999999997984, -0.9459307173180086 
1.9899999999997973, -0.9449955301931363 
1.9999999999997962, -0.9444635181053979 
2.0099999999998173, -0.943718982256329 
2.0199999999998384, -0.9433698586514361 
2.0299999999998595, -0.9427996308732013 
2.0399999999998806, -0.9425198867984265 
2.0499999999999017, -0.9420851854858568 
2.059999999999923, -0.9418332267289172 
2.069999999999944, -0.9414980354937585 
2.079999999999965, -0.9412677603563706 
2.089999999999986, -0.9410169025690736 
2.100000000000007, -0.9408080643455512 
2.1100000000000283, -0.9406516339529535 
2.1200000000000494, -0.9404593911048 
2.1300000000000705, -0.9404404341902483 
2.1400000000000916, -0.9402523786615623 
2.1500000000001127, -0.9404723140826816 
2.160000000000134, -0.9402897579753072 
2.170000000000155, -0.9409359431511671 
2.180000000000176, -0.9408528429095249 
2.190000000000197, -0.9422054936386437 
2.2000000000002182, -0.9425172243229474 
2.2100000000002393, -0.9448202954048562 
2.2200000000002604, -0.9464339304612284 
2.2300000000002815, -0.9485902093354595 
2.2400000000003026, -0.9537751312451006 
2.2500000000003237, -0.9534488755423507 
2.260000000000345, -0.9605164175150317 
2.270000000000366, -0.9595419054985782 
2.280000000000387, -0.9582625134257112 
2.290000000000408, -0.9577228504673859 
2.3000000000004293, -0.9491925511098132 
2.3100000000004504, -0.948949928563387 
2.3200000000004715, -0.9422704195945981 
2.3300000000004926, -0.9419425364953178 
2.3400000000005137, -0.9389035523456306 
2.3500000000005348, -0.9381858427592472 
2.360000000000556, -0.9369215650219433 
2.370000000000577, -0.9361407672808814 
2.380000000000598, -0.9355241586871923 
2.390000000000619, -0.9348771405956947 
2.4000000000006403, -0.934505479584995 
2.4100000000006614, -0.9340009262566986 
2.4200000000006825, -0.933728902040403 
2.4300000000007036, -0.9333385799433344 
2.4400000000007247, -0.9331139504319003 
2.450000000000746, -0.9328108260975497 
2.460000000000767, -0.9326255587230412 
2.470000000000788, -0.9324074043473719 
2.480000000000809, -0.9322624223299485 
2.49000000000083, -0.9321671885468976 
2.5000000000008513, -0.9320532462877602 
2.5100000000008724, -0.932194700210946 
2.5200000000008935, -0.9320725499152447 
2.5300000000009146, -0.9327539993050039 
2.5400000000009357, -0.9325866168147965 
2.550000000000957, -0.9345082344765641 
2.560000000000978, -0.934458075944532 
2.570000000000999, -0.9388278373255637 
2.58000000000102, -0.9394287740062134 
2.5900000000010412, -0.945056053353745 
2.6000000000010624, -0.9476664700632128 
2.6100000000010835, -0.9459924088704639 
2.6200000000011046, -0.9480368954544102 
2.6300000000011257, -0.9448239566899214 
2.6400000000011468, -0.9389139696207149 
2.650000000001168, -0.9377491383693567 
2.660000000001189, -0.9325402005871946 
2.67000000000121, -0.9320867671284098 
2.680000000001231, -0.9295588983774229 
2.6900000000012523, -0.9292367648027119 
2.7000000000012734, -0.9280572392902869 
2.7100000000012945, -0.9276900466653386 
2.7200000000013156, -0.9270746447024967 
2.7300000000013367, -0.9267040587536927 
2.740000000001358, -0.9263268958506535 
2.750000000001379, -0.9259931125597031 
2.7600000000014, -0.9257394180919765 
2.770000000001421, -0.9254495391765131 
2.780000000001442, -0.9252888489674491 
2.7900000000014633, -0.9250400358472537 
2.8000000000014844, -0.9249934239229983 
2.8100000000015055, -0.9248033818286062 
2.8200000000015266, -0.9249309902167736 
2.8300000000015477, -0.9248999452812938 
2.840000000001569, -0.9252777002074396 
2.85000000000159, -0.925734026820069 
2.860000000001611, -0.9263040241588458 
2.870000000001632, -0.9284596198149829 
2.8800000000016532, -0.9284931017392053 
2.8900000000016743, -0.9353963155319865 
2.9000000000016954, -0.934956760415978 
2.9100000000017165, -0.9403461902612822 
2.9200000000017377, -0.9401541052559272 
2.9300000000017588, -0.9319156652543555 
2.94000000000178, -0.9318621978323208 
2.950000000001801, -0.9260456886051456 
2.960000000001822, -0.9252198982846955 
2.970000000001843, -0.9233479481282875 
2.9800000000018643, -0.9222814543811838 
2.9900000000018854, -0.9215774080939155 
3.0000000000019065, -0.9208022487092459 
3.0100000000019276, -0.9204326740159992 
3.0200000000019487, -0.9199002108697599 
3.03000000000197, -0.9196394534903848 
3.040000000001991, -0.9192626623129153 
3.050000000002012, -0.9190510044126547 
3.060000000002033, -0.9187783872358739 
3.070000000002054, -0.9186162120886374 
3.0800000000020753, -0.9184541836213779 
3.0900000000020964, -0.9183453322730248 
3.1000000000021175, -0.9183865818906445 
3.1100000000021386, -0.9183034495322916 
3.1200000000021597, -0.9188718018650116 
3.130000000002181, -0.9187241039668568 
3.140000000002202, -0.9208386605834225 
3.150000000002223, -0.9207285744779721 
3.160000000002244, -0.9265826102405513 
3.1700000000022652, -0.9270630255991735 
3.1800000000022863, -0.9308192914754648 
3.1900000000023074, -0.9325869492085598 
3.2000000000023285, -0.9262923157346359 
3.2100000000023496, -0.9236548037896051 
3.2200000000023707, -0.9214752659431329 
3.230000000002392, -0.9179120040491776 
3.240000000002413, -0.9172600687777582 
3.250000000002434, -0.9155539069185831 
3.260000000002455, -0.9152227164589216 
3.2700000000024763, -0.914393349013684 
3.2800000000024974, -0.9141041713779287 
3.2900000000025185, -0.9136409010626801 
3.3000000000025396, -0.913368360602353 
3.3100000000025607, -0.9130743181430034 
3.3200000000025818, -0.9128359834974991 
3.330000000002603, -0.912665563233713 
3.340000000002624, -0.9124608282341325 
3.350000000002645, -0.9124660292427562 
3.360000000002666, -0.9122786212807819 
3.3700000000026873, -0.9126746504740684 
3.3800000000027084, -0.9125523233044385 
3.3900000000027295, -0.9139075242505311 
3.4000000000027506, -0.914208987948584 
3.4100000000027717, -0.9175110163592558 
3.420000000002793, -0.9199183194234255 
3.430000000002814, -0.920418985533185 
3.440000000002835, -0.9257962111153728 
3.450000000002856, -0.9238138471464568 
3.460000000002877, -0.9165340866884036 
3.4700000000028983, -0.9158858410454548 
3.4800000000029194, -0.911552802764334 
3.4900000000029405, -0.9112425851811178 
3.5000000000029616, -0.9096914277219256 
3.5100000000029827, -0.9093374071364717 
3.520000000003004, -0.908685674144574 
3.530000000003025, -0.9083260131337718 
3.540000000003046, -0.907970710827606 
3.550000000003067, -0.9076624417297189 
3.5600000000030882, -0.9074458029278218 
3.5700000000031094, -0.9071898066995774 
3.5800000000031305, -0.9071001474970828 
3.5900000000031516, -0.9068885157435607 
3.6000000000031727, -0.907022993702745 
3.6100000000031938, -0.9069195059285805 
3.620000000003215, -0.9075179036076142 
3.630000000003236, -0.9078694004539662 
3.640000000003257, -0.9092259900434521 
3.650000000003278, -0.9117965453264839 
3.6600000000032993, -0.9119036015161016 
3.6700000000033204, -0.9199730919396595 
3.6800000000033415, -0.9191190297723667 
3.6900000000033626, -0.9117598368325697 
3.7000000000033837, -0.9114325744482803 
3.710000000003405, -0.9063438778668301 
3.720000000003426, -0.9060233609590473 
3.730000000003447, -0.9044960075723345 
3.740000000003468, -0.904003480407484 
3.750000000003489, -0.9034187377454156 
3.7600000000035103, -0.9029911979458604 
3.7700000000035314, -0.9026784716201232 
3.7800000000035525, -0.9023466979285294 
3.7900000000035736, -0.902155489168269 
3.8000000000035947, -0.901896327906211 
3.810000000003616, -0.901826299526254 
3.820000000003637, -0.9016448926812553 
3.830000000003658, -0.9017894065405015 
3.840000000003679, -0.9018320701817073 
3.8500000000037002, -0.9023498156269214 
3.8600000000037213, -0.9033295884584374 
3.8700000000037424, -0.9038330247685001 
3.8800000000037635, -0.9093332631226753 
3.8900000000037847, -0.9087618872836275 
3.9000000000038058, -0.9118534242074635 
3.910000000003827, -0.9115589918387691 
3.920000000003848, -0.9032625408250934 
3.930000000003869, -0.9030230780248103 
3.94000000000389, -0.9005562462935783 
3.9500000000039113, -0.8999383687992676 
3.9600000000039324, -0.8991824825108131 
3.9700000000039535, -0.8986515712613949 
3.9800000000039746, -0.8982978161242992 
3.9900000000039957, -0.8979151722078528 
4.000000000004016, -0.8976994695241163 
4.010000000003993, -0.8974173918506888 
4.02000000000397, -0.8973047521459788 
4.030000000003946, -0.8971093544332125 
4.040000000003923, -0.8971636636703936 
4.0500000000039, -0.8971732412874752 
4.0600000000038765, -0.8975018043734743 
4.070000000003853, -0.8983330212318962 
4.08000000000383, -0.8986274977331479 
4.090000000003807, -0.9035776142718471 
4.100000000003783, -0.903118829776272 
4.11000000000376, -0.9073696435453167 
4.120000000003737, -0.9071782601884928 
4.130000000003713, -0.8988346216410091 
4.14000000000369, -0.8985495601545822 
4.150000000003667, -0.8962999307791537 
4.1600000000036434, -0.8955832528748221 
4.17000000000362, -0.8949122413183177 
4.180000000003597, -0.8943690562046768 
4.1900000000035735, -0.8940493397777859 
4.20000000000355, -0.8936769476553713 
4.210000000003527, -0.893479167368822 
4.220000000003504, -0.8932118603080246 
4.23000000000348, -0.8931220640226334 
4.240000000003457, -0.8929598943349103 
4.250000000003434, -0.8930553091180291 
4.26000000000341, -0.8931873033961713 
4.270000000003387, -0.8935444396427522 
4.280000000003364, -0.8950270105363142 
4.2900000000033405, -0.8949884870090327 
4.300000000003317, -0.9025542048241885 
4.310000000003294, -0.9021659053239921 
4.320000000003271, -0.8972815350461161 
4.330000000003247, -0.8971935960347424 
4.340000000003224, -0.8921168193611233 
4.350000000003201, -0.8915313882226624 
4.360000000003177, -0.8903554447729662 
4.370000000003154, -0.889710810529651 
4.380000000003131, -0.8892799956300966 
4.390000000003107, -0.8888451682203401 
4.400000000003084, -0.8886067793775685 
4.410000000003061, -0.888305874591263 
4.4200000000030375, -0.8881732995114924 
4.430000000003014, -0.8879656474360321 
4.440000000002991, -0.8879992951275238 
4.450000000002968, -0.88798616002299 
4.460000000002944, -0.8883229104196539 
4.470000000002921, -0.8891509641132439 
4.480000000002898, -0.8894598687962049 
4.490000000002874, -0.8950616424180287 
4.500000000002851, -0.8945566112713725 
4.510000000002828, -0.8940639190602446 
4.520000000002804, -0.8938884963715303 
4.530000000002781, -0.887810114900976 
4.540000000002758, -0.8873998883172595 
4.5500000000027345, -0.8860393328787652 
4.560000000002711, -0.8854502353113499 
4.570000000002688, -0.8849874394743265 
4.580000000002665, -0.8845707556870037 
4.590000000002641, -0.8843280027877083 
4.600000000002618, -0.8840359231687922 
4.610000000002595, -0.8839137155631894 
4.620000000002571, -0.8837072372806112 
4.630000000002548, -0.8837880744855072 
4.640000000002525, -0.8837733956283581 
4.6500000000025015, -0.884289615049735 
4.660000000002478, -0.8852112495199264 
4.670000000002455, -0.8857597338774728 
4.6800000000024315, -0.8923646582949273 
4.690000000002408, -0.8916732943847766 
4.700000000002385, -0.8863048906582253 
4.710000000002362, -0.8860574141229084 
4.720000000002338, -0.8817133648661665 
4.730000000002315, -0.8813332670768602 
4.740000000002292, -0.8803317905210869 
4.750000000002268, -0.8798729344996417 
4.760000000002245, -0.8794906945629991 
4.770000000002222, -0.879152686736862 
4.7800000000021985, -0.8789524806225428 
4.790000000002175, -0.8787044765202702 
4.800000000002152, -0.8786654112570795 
4.810000000002129, -0.8784953517848862 
4.820000000002105, -0.8788392341310088 
4.830000000002082, -0.8789774755753589 
4.840000000002059, -0.8803127416984817 
4.850000000002035, -0.8825189427533517 
4.860000000002012, -0.8822587254350767 
4.870000000001989, -0.8883967261738354 
4.880000000001965, -0.8876094631704374 
4.890000000001942, -0.8802859207960501 
4.900000000001919, -0.8800119499197455 
4.9100000000018955, -0.8782458584467048 
4.920000000001872, -0.8778865142131206 
4.930000000001849, -0.8773361730478195 
4.940000000001826, -0.877004997409088 
4.950000000001802, -0.8767404389023847 
4.960000000001779, -0.8764885164176255 
4.970000000001756, -0.8763872094937409 
4.980000000001732, -0.8761891536808184 
4.990000000001709, -0.8764248366259371 
5.000000000001686, -0.8763358153036841 
5.0100000000016625, -0.8777279655539647 
5.020000000001639, -0.878442315003979 
5.030000000001616, -0.8813009321885833 
5.0400000000015925, -0.887116705801185 
5.050000000001569, -0.8848599588519492 
5.060000000001546, -0.8775247583261517 
5.070000000001523, -0.8770020089639533 
5.080000000001499, -0.8746544911666195 
5.090000000001476, -0.87437170509697 
5.100000000001453, -0.8736858022788471 
5.110000000001429, -0.8733975972809125 
5.120000000001406, -0.8730866587934972 
5.130000000001383, -0.8728563948737977 
5.1400000000013595, -0.872722722125161 
5.150000000001336, -0.8725473633452904 
5.160000000001313, -0.8727502522677055 
5.17000000000129, -0.8725957827643521 
5.180000000001266, -0.8741904903637847 
5.190000000001243, -0.8743985244409307 
5.20000000000122, -0.8802080104595106 
5.210000000001196, -0.8830446969290758 
5.220000000001173, -0.8781696153613011 
5.23000000000115, -0.8734482493659961 
5.240000000001126, -0.8725619629589682 
5.250000000001103, -0.8706187297908412 
5.26000000000108, -0.8703159274507939 
5.2700000000010565, -0.869676804010635 
5.280000000001033, -0.8694347803061854 
5.29000000000101, -0.8691285976770377 
5.300000000000987, -0.868944515448086 
5.310000000000963, -0.8688171142725877 
5.32000000000094, -0.8687074007894396 
5.330000000000917, -0.8689964454177984 
5.340000000000893, -0.868860597445771 
5.35000000000087, -0.8713397722111881 
5.360000000000847, -0.871317662165617 
5.3700000000008234, -0.8780818769168444 
5.3800000000008, -0.8790642606631996 
5.390000000000777, -0.8730243525489169 
5.4000000000007535, -0.8708094399137267 
5.41000000000073, -0.8698530803120886 
5.420000000000707, -0.8687481736471317 
5.430000000000684, -0.8684294149926596 
5.44000000000066, -0.8679490505231134 
5.450000000000637, -0.8677430399205154 
5.460000000000614, -0.8674757159772489 
5.47000000000059, -0.8673612229422337 
5.480000000000567, -0.8672683457515518 
5.490000000000544, -0.8673019576887459 
5.5000000000005205, -0.867807611381785 
5.510000000000497, -0.8677845205586948 
5.520000000000474, -0.8722407457438963 
5.5300000000004506, -0.8720071261064494 
5.540000000000427, -0.8707481033169167 
5.550000000000404, -0.8708398975030563 
5.560000000000381, -0.8667786795178319 
5.570000000000357, -0.8658839140839683 
5.580000000000334, -0.8651437915046084 
5.590000000000311, -0.8645587917037403 
5.600000000000287, -0.8642735758825445 
5.610000000000264, -0.8639372857723374 
5.620000000000241, -0.8637870970772654 
5.6300000000002175, -0.863571972406839 
5.640000000000194, -0.8636143499794611 
5.650000000000171, -0.8636101613025847 
5.660000000000148, -0.8641143814105035 
5.670000000000124, -0.8653590833355209 
5.680000000000101, -0.8654290271848664 
5.690000000000078, -0.8740616355993643 
5.700000000000054, -0.8735431918013644 
5.710000000000031, -0.86490406289551 
5.720000000000008, -0.8646866159840078 
5.729999999999984, -0.8629680892795626 
5.739999999999961, -0.8625305651814096 
5.749999999999938, -0.8620617579388786 
5.7599999999999145, -0.86172456499324 
5.769999999999891, -0.8615118498239293 
5.779999999999868, -0.8612756203327592 
5.789999999999845, -0.8612573102039707 
5.799999999999821, -0.8610908748053617 
5.809999999999798, -0.8616591086370259 
5.819999999999775, -0.8618460006102011 
5.829999999999751, -0.864513002285677 
5.839999999999728, -0.8679604816996204 
5.849999999999705, -0.8656545270657252 
5.8599999999996815, -0.8601923517174144 
5.869999999999658, -0.8595914896662972 
5.879999999999635, -0.8569908763876524 
5.8899999999996115, -0.8567203514718533 
5.899999999999588, -0.8560848245491961 
5.909999999999565, -0.8558172568748326 
5.919999999999542, -0.8555491437714738 
5.929999999999518, -0.8553532740762969 
5.939999999999495, -0.8552964861494866 
5.949999999999472, -0.8551517273799792 
5.959999999999448, -0.8557760084833012 
5.969999999999425, -0.8556624289416381 
5.979999999999402, -0.8604355446946494 
5.9899999999993785, -0.8612698280125283 
5.999999999999355, -0.855137373689019 
6.009999999999332, -0.8536150612985293 
6.019999999999309, -0.8522634273368078 
6.029999999999285, -0.8505758579716505 
6.039999999999262, -0.8502478965090123 
6.049999999999239, -0.8497086848599217 
6.059999999999215, -0.8495036539320077 
6.069999999999192, -0.8492452249047554 
6.079999999999169, -0.8491393704840324 
6.089999999999145, -0.8490964220273334 
6.099999999999122, -0.8491488950481799 
6.109999999999099, -0.8500993867369038 
6.1199999999990755, -0.8499126552381774 
6.129999999999052, -0.8581326706017771 
6.139999999999029, -0.8580810807122607 
6.149999999999006, -0.8492808445753761 
6.159999999998982, -0.8488273142865035 
6.169999999998959, -0.8475675957284377 
6.179999999998936, -0.8469061528497933 
6.189999999998912, -0.846568050393068 
6.199999999998889, -0.846218734662374 
6.209999999998866, -0.846065173333399 
6.2199999999988425, -0.8458502842994091 
6.229999999998819, -0.845935904533905 
6.239999999998796, -0.8459316127214631 
6.2499999999987725, -0.8468103891089851 
6.259999999998749, -0.8484863285427041 
6.269999999998726, -0.8480042882444395 
6.279999999998703, -0.8519843683772259 
6.289999999998679, -0.8514755260996135 
6.299999999998656, -0.8472141776584159 
6.309999999998633, -0.8469421978138235 
6.319999999998609, -0.8461814722607843 
6.329999999998586, -0.8458676690239189 
6.339999999998563, -0.8455929020978785 
6.3499999999985395, -0.8453716926996813 
6.359999999998516, -0.8453135876811798 
6.369999999998493, -0.8451477166864284 
6.37999999999847, -0.8457774011441122 
6.389999999998446, -0.8457582423737242 
6.399999999998423, -0.8505860615542046 
6.4099999999984, -0.8524965190598065 
6.419999999998376, -0.8471828035484975 
6.429999999998353, -0.8427915290726504 
6.43999999999833, -0.8420535733661362 
6.449999999998306, -0.8406812031014166 
6.459999999998283, -0.8404276408763581 
6.46999999999826, -0.8400063955078989 
6.4799999999982365, -0.8398210010766788 
6.489999999998213, -0.8396347668967604 
6.49999999999819, -0.8395691682761288 
6.509999999998167, -0.8397578991724983 
6.519999999998143, -0.839732880557003 
6.52999999999812, -0.8428282308226187 
6.539999999998097, -0.8426492189794426 
6.549999999998073, -0.8401612457226503 
6.55999999999805, -0.8402658627240268 
6.569999999998027, -0.8378252734819311 
6.5799999999980034, -0.8369576911985414 
6.58999999999798, -0.8365220270176517 
6.599999999997957, -0.8361091507431392 
6.6099999999979335, -0.8359285809205754 
6.61999999999791, -0.8356962080486812 
6.629999999997887, -0.8357247394872278 
6.639999999997864, -0.835673881343415 
6.64999999999784, -0.8364384936636063 
6.659999999997817, -0.8378008569177272 
6.669999999997794, -0.8374348095794018 
6.67999999999777, -0.8418153306607927 
6.689999999997747, -0.8413151698684815 
6.699999999997724, -0.8375086992947421 
6.7099999999977005, -0.8372373800834488 
6.719999999997677, -0.8365864041240666 
6.729999999997654, -0.8362962721834286 
6.7399999999976306, -0.8360614053101703 
6.749999999997607, -0.8358675012744865 
6.759999999997584, -0.8358927194715207 
6.769999999997561, -0.8357392599454669 
6.779999999997537, -0.8370150820882889 
6.789999999997514, -0.8371445736376887 
6.799999999997491, -0.8429589117234065 
6.809999999997467, -0.8454787016485493 
6.819999999997444, -0.8424347583552809 
6.829999999997421, -0.8393544178359059 
6.8399999999973975, -0.8389121697701264 
6.849999999997374, -0.8381630349728465 
6.859999999997351, -0.8379442849482162 
6.869999999997328, -0.8376459222813055 
6.879999999997304, -0.8375176673600555 
6.889999999997281, -0.8374283105053243 
6.899999999997258, -0.8374708434114329 
6.909999999997234, -0.83821553638753 
6.919999999997211, -0.8380594535186349 
6.929999999997188, -0.8461401210920992 
6.939999999997164, -0.8460668737568272 
6.949999999997141, -0.8378013564415999 
6.959999999997118, -0.8373158031745579 
6.9699999999970945, -0.8362941291191265 
6.979999999997071, -0.8357307780487019 
6.989999999997048, -0.8354439832706427 
6.999999999997025, -0.8351463793174283 
7.009999999997001, -0.8350430949008666 
7.019999999996978, -0.8348632115534893 
7.029999999996955, -0.8351660669943173 
7.039999999996931, -0.8353512998823953 
7.049999999996908, -0.8371429626892025 
7.059999999996885, -0.8416556018415366 
7.0699999999968615, -0.8401343975663876 
7.079999999996838, -0.8318813299730591 
7.089999999996815, -0.8315710138493528 
7.0999999999967915, -0.8301917977782644 
7.109999999996768, -0.8299121817146244 
7.119999999996745, -0.8295565902053903 
7.129999999996722, -0.8293419931887902 
7.139999999996698, -0.8292342299722602 
7.149999999996675, -0.829099760871313 
7.159999999996652, -0.8296416608812889 
7.169999999996628, -0.8295210837573324 
7.179999999996605, -0.8355540360145943 
7.189999999996582, -0.8365038018293216 
7.1999999999965585, -0.8297904594543183 
7.209999999996535, -0.8272328609039565 
7.219999999996512, -0.8265318277266718 
7.229999999996489, -0.8256944897375824 
7.239999999996465, -0.825465978954117 
7.249999999996442, -0.8251545653090474 
7.259999999996419, -0.8250451665348714 
7.269999999996395, -0.8249321279321815 
7.279999999996372, -0.8251022634879378 
7.289999999996349, -0.8258305963630378 
7.299999999996325, -0.8257742987161447 
7.309999999996302, -0.8346781143263632 
7.319999999996279, -0.8344144202970035 
7.3299999999962555, -0.828291950237708 
7.339999999996232, -0.8279432045587155 
7.349999999996209, -0.8271827788673535 
7.359999999996186, -0.8268008298020595 
7.369999999996162, -0.8265639137544071 
7.379999999996139, -0.8263351213312093 
7.389999999996116, -0.8263379683504308 
7.399999999996092, -0.8261896051692414 
7.409999999996069, -0.8272466763344433 
7.419999999996046, -0.8277053283666661 
7.4299999999960225, -0.8301069473522283 
7.439999999995999, -0.8344727332436034 
7.449999999995976, -0.833073546482121 
7.4599999999959525, -0.82981097691831 
7.469999999995929, -0.8295243388020356 
7.479999999995906, -0.8288998409603372 
7.489999999995883, -0.8286826400415053 
7.499999999995859, -0.8284464232171316 
7.509999999995836, -0.8283277944866383 
7.519999999995813, -0.8283862720929619 
7.529999999995789, -0.8283366189581228 
7.539999999995766, -0.8303958343232724 
7.549999999995743, -0.8302486018900027 
7.5599999999957195, -0.8319888477573942 
7.569999999995696, -0.8322768861369938 
7.579999999995673, -0.8297072923765451 
7.58999999999565, -0.8287016177971807 
7.599999999995626, -0.8282864920313706 
7.609999999995603, -0.8278694792928997 
7.61999999999558, -0.8277001629790228 
7.629999999995556, -0.8274783678246734 
7.639999999995533, -0.8275374120442007 
7.64999999999551, -0.8275481174391911 
7.659999999995486, -0.8284361323476443 
7.669999999995463, -0.8306883912079307 
7.67999999999544, -0.8296962604604954 
7.6899999999954165, -0.825223615514876 
7.699999999995393, -0.824913645010375 
7.70999999999537, -0.8228845245406111 
7.719999999995347, -0.8225829205161365 
7.729999999995323, -0.8221775159252291 
7.7399999999953, -0.8219378934582376 
7.749999999995277, -0.8218096570335403 
7.759999999995253, -0.8216588509223771 
7.76999999999523, -0.8221022060429759 
7.779999999995207, -0.822000293564886 
7.789999999995183, -0.8274841019644023 
7.79999999999516, -0.8287408153086809 
7.809999999995137, -0.8228580804495741 
7.8199999999951135, -0.8197010455684542 
7.82999999999509, -0.8191146439854836 
7.839999999995067, -0.8183206390150842 
7.849999999995044, -0.8181096050108919 
7.85999999999502, -0.8178248537781918 
7.869999999994997, -0.817736493793566 
7.879999999994974, -0.8176794059320829 
7.88999999999495, -0.8178915918109096 
7.899999999994927, -0.8192234223134154 
7.909999999994904, -0.8188687289096952 
7.9199999999948805, -0.8236635550176953 
7.929999999994857, -0.8235403649966847 
7.939999999994834, -0.8204728806579957 
7.9499999999948106, -0.8200071269093085 
7.959999999994787, -0.81954325190702 
7.969999999994764, -0.8192279665937672 
7.979999999994741, -0.8190731758456986 
7.989999999994717, -0.8188810074235529 
7.999999999994694, -0.8191184345341594 
8.00999999999467, -0.8190747866227579 
8.019999999994647, -0.8220374256810542 
8.029999999994624, -0.8241538008791097 
8.0399999999946, -0.820332283612434 
8.049999999994577, -0.8143463625240869 
8.059999999994554, -0.8138840295455694 
8.06999999999453, -0.8128508843959013 
8.079999999994508, -0.8126316935724623 
8.089999999994484, -0.8123375173545164 
8.099999999994461, -0.8122081843840697 
8.109999999994438, -0.8121808798841702 
8.119999999994414, -0.8121946258454674 
8.129999999994391, -0.8137741845682978 
8.139999999994368, -0.813546067666129 
8.149999999994344, -0.8154842043860877 
8.159999999994321, -0.8156174628181334 
8.169999999994298, -0.8134134607534714 
8.179999999994275, -0.8126809965186899 
8.189999999994251, -0.8123259460630673 
8.199999999994228, -0.8119993336324319 
8.209999999994205, -0.811882504427814 
8.219999999994181, -0.8117019800988222 
8.229999999994158, -0.8120451012725497 
8.239999999994135, -0.8122617233999913 
8.249999999994111, -0.8145678333609656 
8.259999999994088, -0.8207175858531591 
8.269999999994065, -0.8194322112062286 
8.279999999994041, -0.814037710698424 
8.289999999994018, -0.8137815091612864 
8.299999999993995, -0.8130747303348717 
8.309999999993972, -0.8128382691970444 
8.319999999993948, -0.8126167957647606 
8.329999999993925, -0.8124849242548087 
8.339999999993902, -0.8126192139857076 
8.349999999993878, -0.8125000157844999 
8.359999999993855, -0.8157881605205376 
8.369999999993832, -0.8158992538239402 
8.379999999993808, -0.8075788116161031 
8.389999999993785, -0.8068066582470445 
8.399999999993762, -0.8058492179378455 
8.409999999993738, -0.8051268526901558 
8.419999999993715, -0.804898086798137 
8.429999999993692, -0.8046239807676198 
8.439999999993669, -0.8045809448145872 
8.449999999993645, -0.8044962572555793 
8.459999999993622, -0.8051357594810316 
8.469999999993599, -0.8065202479059378 
8.479999999993575, -0.8056491800925286 
8.489999999993552, -0.8026293583011173 
8.499999999993529, -0.8023312564331664 
8.509999999993505, -0.8006896203403 
8.519999999993482, -0.8004080996856026 
8.529999999993459, -0.8000923260514359 
8.539999999993436, -0.7999028290536032 
8.549999999993412, -0.7998813545089503 
8.559999999993389, -0.7997581306230134 
8.569999999993366, -0.8013606208398415 
8.579999999993342, -0.8014313623972494 
8.589999999993319, -0.7989193454957726 
8.599999999993296, -0.7988764216340765 
8.609999999993272, -0.7977185655513621 
8.619999999993249, -0.7967726548213735 
8.629999999993226, -0.7965380921492112 
8.639999999993202, -0.7962449178475375 
8.64999999999318, -0.7961817517668401 
8.659999999993156, -0.7961031721746863 
8.669999999993133, -0.796621415464208 
8.67999999999311, -0.7981686638771501 
8.689999999993086, -0.7973617212140556 
8.699999999993063, -0.7917973626990995 
8.70999999999304, -0.7915781791683714 
8.719999999993016, -0.7902783956263023 
8.729999999992993, -0.789982286289519 
8.73999999999297, -0.7897237269321132 
8.749999999992946, -0.7895521382323297 
8.759999999992923, -0.789636958506712 
8.7699999999929, -0.7895004610214704 
8.779999999992876, -0.7927946346849101 
8.789999999992853, -0.7932733108901897 
8.79999999999283, -0.7859687875384772 
8.809999999992806, -0.7837287801605903 
8.819999999992783, -0.783202733592934 
8.82999999999276, -0.7826455094476067 
8.839999999992736, -0.7824857778390698 
8.849999999992713, -0.7822855271282766 
8.85999999999269, -0.7824115770086485 
8.869999999992666, -0.7826638152112212 
8.879999999992643, -0.7833900728916454 
8.88999999999262, -0.7915626632855773 
8.899999999992596, -0.7910837164748538 
8.909999999992573, -0.7873741616810703 
8.91999999999255, -0.7871105363893303 
8.929999999992527, -0.7866848038217725 
8.939999999992503, -0.7864671279437236 
8.94999999999248, -0.7863832350145546 
8.959999999992457, -0.7862644202662311 
8.969999999992433, -0.7873714855340378 
8.97999999999241, -0.7873755687430843 
8.989999999992387, -0.7877563552197674 
8.999999999992363, -0.7880927458753823 
9.00999999999234, -0.7869175103790066 
9.019999999992317, -0.7860008473834951 
9.029999999992294, -0.7857787978790063 
9.03999999999227, -0.7855061385850751 
9.049999999992247, -0.7854771344852691 
9.059999999992224, -0.7854402927758815 
9.0699999999922, -0.7862088260212253 
9.079999999992177, -0.7887875969516526 
9.089999999992154, -0.7877866291384801 
9.09999999999213, -0.7790338978388514 
9.109999999992107, -0.7788286021907693 
9.119999999992084, -0.7780806001550663 
9.12999999999206, -0.7778308858306505 
9.139999999992037, -0.7776619215954408 
9.149999999992014, -0.7775446573075611 
9.15999999999199, -0.7780222384277202 
9.169999999991967, -0.7778974813318655 
9.179999999991944, -0.7860697764850298 
9.18999999999192, -0.7870249498247464 
9.199999999991897, -0.7847812754580251 
9.209999999991874, -0.7836059562062788 
9.21999999999185, -0.7833233280131026 
9.229999999991827, -0.7830058182820603 
9.239999999991804, -0.7829325223320525 
9.24999999999178, -0.7828225853056492 
9.259999999991757, -0.7834458907915325 
9.269999999991734, -0.7847451833837223 
9.27999999999171, -0.7835809271752446 
9.289999999991688, -0.7768005786993357 
9.299999999991664, -0.7765507932282444 
9.309999999991641, -0.7755487947638762 
9.319999999991618, -0.7753037627935554 
9.329999999991594, -0.7750969289922495 
9.339999999991571, -0.7749828525729969 
9.349999999991548, -0.7752889871026556 
9.359999999991524, -0.775140248163854 
9.369999999991501, -0.7830764190958852 
9.379999999991478, -0.783668934152322 
9.389999999991455, -0.7804748415795278 
9.399999999991431, -0.7793313445044724 
9.409999999991408, -0.7790074737162059 
9.419999999991385, -0.7786822088770966 
9.429999999991361, -0.7786038290916389 
9.439999999991338, -0.7784740085677726 
9.449999999991315, -0.7791634635556319 
9.459999999991291, -0.7802024047995062 
9.469999999991268, -0.7787349900211127 
9.479999999991245, -0.7727669339430492 
9.489999999991221, -0.772470087268533 
9.499999999991198, -0.7715010297943481 
9.509999999991175, -0.7712795606358267 
9.519999999991152, -0.7710777760681432 
9.529999999991128, -0.7709932076270002 
9.539999999991105, -0.771352648530673 
9.549999999991082, -0.7711903230142669 
9.559999999991058, -0.779954023224969 
9.569999999991035, -0.7803072458284596 
9.579999999991012, -0.7776025807576404 
9.589999999990988, -0.7767607741936452 
9.599999999990965, -0.776458183389461 
9.609999999990942, -0.7761749802972522 
9.619999999990918, -0.7761342795161618 
9.629999999990895, -0.7760172963700561 
9.639999999990872, -0.7771610809024728 
9.649999999990849, -0.7785000654211816 
9.659999999990825, -0.7759442285894886 
9.669999999990802, -0.7686020791788879 
9.679999999990779, -0.768308105908773 
9.689999999990755, -0.767597050821521 
9.699999999990732, -0.7674078278812292 
9.709999999990709, -0.7672449469786728 
9.719999999990685, -0.7672274866740943 
9.729999999990662, -0.7678845835422661 
9.739999999990639, -0.7676590067920485 
9.749999999990616, -0.7726986681143203 
9.759999999990592, -0.7728094459830502 
9.769999999990569, -0.7712901835338412 
9.779999999990546, -0.7707524361648173 
9.789999999990522, -0.7705221992253867 
9.799999999990499, -0.7703058640410501 
9.809999999990476, -0.7704076459734007 
9.819999999990452, -0.7703512703707751 
9.829999999990429, -0.7736011508226638 
9.839999999990406, -0.7766408283230926 
9.849999999990382, -0.7745195094822389 
9.85999999999036, -0.7708767053239644 
9.869999999990336, -0.7706324507490719 
9.879999999990313, -0.7702083976839437 
9.88999999999029, -0.7700708599467867 
9.899999999990266, -0.7699835343164686 
9.909999999990243, -0.770104615724711 
9.91999999999022, -0.7717244399111564 
9.929999999990196, -0.771381176463406 
9.939999999990173, -0.7627233680388417 
9.94999999999015, -0.7625575987434403 
9.959999999990126, -0.7617874254202935 
9.969999999990103, -0.7614459121871616 
9.97999999999008, -0.761301404843444 
9.989999999990056, -0.7611412818577268 
9.999999999990033, -0.7617247459887482 
10.00999999999001, -0.7618394262731024 
10.019999999989986, -0.7635114566696127 
10.029999999989963, -0.7644667338314963 
10.03999999998994, -0.7636996301354316 
10.049999999989916, -0.7627274137069477 
10.059999999989893, -0.7625489376038787 
10.06999999998987, -0.7623232236633041 
10.079999999989846, -0.7623541471133198 
10.089999999989823, -0.7625804657144974 
10.0999999999898, -0.7628397708139578 
10.109999999989776, -0.7715804142058497 
10.119999999989753, -0.7713237039189211 
10.12999999998973, -0.7685444167228983 
10.139999999989707, -0.7682138413618981 
10.149999999989683, -0.7678990945778701 
10.15999999998966, -0.7677052338005083 
10.169999999989637, -0.7677430351578662 
10.179999999989613, -0.7676097330441235 
10.18999999998959, -0.7709088022802342 
10.199999999989567, -0.771577122998841 
10.209999999989543, -0.7660395444963227 
10.21999999998952, -0.7636565166214994 
10.229999999989497, -0.7632912546553695 
10.239999999989474, -0.7628773177233079 
10.24999999998945, -0.7627690282324523 
10.259999999989427, -0.7626395300621128 
10.269999999989404, -0.7630879930790924 
10.27999999998938, -0.764263036192958 
10.289999999989357, -0.7632532874227878 
10.299999999989334, -0.7551294900700122 
10.30999999998931, -0.754931966268468 
10.319999999989287, -0.7541916787367643 
10.329999999989264, -0.7539652515741548 
10.33999999998924, -0.7538327808617059 
10.349999999989217, -0.7537526849313464 
10.359999999989194, -0.7547513455540575 
10.36999999998917, -0.7546697927590592 
10.379999999989147, -0.749042818026131 
10.389999999989124, -0.748632821784559 
10.3999999999891, -0.747949023282279 
10.409999999989077, -0.7474805899344965 
10.419999999989054, -0.7473530333173988 
10.42999999998903, -0.7471870904640568 
10.439999999989007, -0.7477278859438562 
10.449999999988984, -0.7483036803021061 
10.45999999998896, -0.746298363680251 
10.469999999988937, -0.7404759882470126 
10.479999999988914, -0.7401827480471008 
10.48999999998889, -0.73952660532975 
10.499999999988868, -0.739363400621918 
10.509999999988844, -0.7392525592244451 
10.519999999988821, -0.7393241723834864 
10.529999999988798, -0.741007773564104 
10.539999999988774, -0.7407535764292635 
10.549999999988751, -0.7317870779365615 
10.559999999988728, -0.7314128624049918 
10.569999999988704, -0.7309701710251654 
10.579999999988681, -0.7307167730573013 
10.589999999988658, -0.7307060059429478 
10.599999999988635, -0.7305825409393742 
10.609999999988611, -0.7339059318845071 
10.619999999988588, -0.7354182297949157 
10.629999999988565, -0.7329561318573661 
10.639999999988541, -0.7309168327828603 
10.649999999988518, -0.7307093928633813 
10.659999999988495, -0.7304429931179449 
10.669999999988471, -0.730459468831105 
10.679999999988448, -0.730593405403487 
10.689999999988425, -0.7311746711805166 
10.699999999988401, -0.739747861494715 
10.709999999988378, -0.7394683575015432 
10.719999999988355, -0.737865300052646 
10.729999999988332, -0.737608146607594 
10.739999999988308, -0.737410197697075 
10.749999999988285, -0.7373107818569917 
10.759999999988262, -0.7378417519551973 
10.769999999988238, -0.7377175235149831 
10.779999999988215, -0.7386383503026053 
10.789999999988192, -0.7387266745944799 
10.799999999988168, -0.737934105824457 
10.809999999988145, -0.7374351967447915 
10.819999999988122, -0.7373063716632546 
10.829999999988098, -0.7371424094656225 
10.839999999988075, -0.7377329450897462 
10.849999999988052, -0.7383674725016152 
10.859999999988029, -0.7357555056397641 
10.869999999988005, -0.7287651354630182 
10.879999999987982, -0.7285097265806566 
10.889999999987959, -0.7279937155089443 
10.899999999987935, -0.7278589974369931 
10.909999999987912, -0.7278088844380259 
10.919999999987889, -0.7279462151727948 
10.929999999987865, -0.7315451106529436 
10.939999999987842, -0.731366588782883 
10.949999999987819, -0.7267373281680222 
10.959999999987796, -0.726293154044146 
10.969999999987772, -0.7260076609100524 
10.979999999987749, -0.7258208950671148 
10.989999999987726, -0.7259893519504644 
10.999999999987702, -0.7259141190314715 
11.009999999987679, -0.7328409915252528 
11.019999999987656, -0.7351253333551759 
11.029999999987632, -0.7341203404378192 
11.039999999987609, -0.7332027331307158 
11.049999999987586, -0.7330448131864477 
11.059999999987562, -0.732853043426076 
11.06999999998754, -0.7330541772856302 
11.079999999987516, -0.7335680563556087 
11.089999999987493, -0.7329355287771002 
11.09999999998747, -0.7286987347056242 
11.109999999987446, -0.7285080821346152 
11.119999999987423, -0.727808034620558 
11.1299999999874, -0.7276074775987754 
11.139999999987376, -0.7275247265002196 
11.149999999987353, -0.727476822108115 
11.15999999998733, -0.7298240628022427 
11.169999999987306, -0.7298699064906911 
11.179999999987283, -0.7237350761482096 
11.18999999998726, -0.7227894200091147 
11.199999999987236, -0.7224854161365997 
11.209999999987213, -0.7222402677687827 
11.21999999998719, -0.7223072858088603 
11.229999999987166, -0.7222771249740129 
11.239999999987143, -0.7263329473995678 
11.24999999998712, -0.7312854629007586 
11.259999999987096, -0.7304739392727164 
11.269999999987073, -0.7291272858778584 
11.27999999998705, -0.7289587412203221 
11.289999999987026, -0.7287604229838855 
11.299999999987003, -0.7288240173141752 
11.30999999998698, -0.7294137855512487 
11.319999999986956, -0.7290294072764623 
11.329999999986933, -0.7244341472044259 
11.33999999998691, -0.7243217743897713 
11.349999999986887, -0.7236522008792373 
11.359999999986863, -0.7233982987536021 
11.36999999998684, -0.7233332712046222 
11.379999999986817, -0.7232144443428438 
11.389999999986793, -0.7257585515889303 
11.39999999998677, -0.7262816270007441 
11.409999999986747, -0.7221101912866558 
11.419999999986723, -0.7204089575289258 
11.4299999999867, -0.7201688174837106 
11.439999999986677, -0.7199125381446649 
11.449999999986654, -0.7199754593849969 
11.45999999998663, -0.7200640515805838 
11.469999999986607, -0.7216565417777729 
11.479999999986584, -0.728834291957087 
11.48999999998656, -0.7284367626205641 
11.499999999986537, -0.7272491779087097 
11.509999999986514, -0.7270559707524056 
11.51999999998649, -0.726895018584937 
11.529999999986467, -0.7268939266450013 
11.539999999986444, -0.7279072426576965 
11.54999999998642, -0.7276888182182727 
11.559999999986397, -0.7184773162817081 
11.569999999986374, -0.7181040546777976 
11.57999999998635, -0.71764424241685 
11.589999999986327, -0.7173780336190085 
11.599999999986304, -0.7173755890973402 
11.60999999998628, -0.717265204295763 
11.619999999986257, -0.7211906092211704 
11.629999999986234, -0.7234701868053324 
11.63999999998621, -0.7219133376736325 
11.649999999986187, -0.7203575933644941 
11.659999999986164, -0.7201856365470661 
11.66999999998614, -0.7199690209704981 
11.679999999986117, -0.7200771420772007 
11.689999999986094, -0.7204935734124942 
11.69999999998607, -0.7200618194639636 
11.709999999986048, -0.717069492941713 
11.719999999986024, -0.7169126397252402 
11.729999999986001, -0.7162529529273568 
11.739999999985978, -0.7160503641877514 
11.749999999985954, -0.7160005450869745 
11.759999999985931, -0.7159259296487005 
11.769999999985908, -0.719508227735603 
11.779999999985884, -0.7197683656353373 
11.789999999985861, -0.7162720801031984 
11.799999999985838, -0.7153518588785713 
11.809999999985815, -0.7151304257275936 
11.819999999985791, -0.7149239983407449 
11.829999999985768, -0.7151440905056016 
11.839999999985745, -0.7152775349914672 
11.849999999985721, -0.7160599461209411 
11.859999999985698, -0.7163267849765353 
11.869999999985675, -0.7159513590347121 
11.879999999985651, -0.7153015871756014 
11.889999999985628, -0.7151696320320367 
11.899999999985605, -0.7150835668492469 
11.909999999985581, -0.715336945813325 
11.919999999985558, -0.7183307419978565 
11.929999999985535, -0.7180227212607431 
11.939999999985512, -0.7135216143661471 
11.949999999985488, -0.7131859784969737 
11.959999999985465, -0.7129250271019197 
11.969999999985442, -0.7127777346271398 
11.979999999985418, -0.7130939647252876 
11.989999999985395, -0.7130180843030611 
11.999999999985372, -0.7152172293187242 
12.009999999985348, -0.7153497465546397 
12.019999999985325, -0.7147421537966219 
12.029999999985302, -0.7142633792829074 
12.039999999985278, -0.7141729215593584 
12.049999999985255, -0.7140553292907915 
12.059999999985232, -0.7151187875737843 
12.069999999985209, -0.7173214529136667 
12.079999999985185, -0.7160814386473286 
12.089999999985162, -0.7122618138898641 
12.099999999985139, -0.7120792048576592 
12.109999999985115, -0.7118154964492033 
12.119999999985092, -0.7117680158433671 
12.129999999985069, -0.7121107219355117 
12.139999999985045, -0.7118874828785441 
12.149999999985022, -0.7133987231625579 
12.159999999984999, -0.7133793412981599 
12.169999999984976, -0.7126653976788275 
12.179999999984952, -0.7123634402656538 
12.189999999984929, -0.7123005492078053 
12.199999999984906, -0.7121717127348516 
12.209999999984882, -0.7147869570797794 
12.219999999984859, -0.715862728147036 
12.229999999984836, -0.713212982110296 
12.239999999984812, -0.7113698297088628 
12.249999999984789, -0.7111802719626474 
12.259999999984766, -0.710950462073315 
12.269999999984742, -0.7110652998864936 
12.27999999998472, -0.7113740780837148 
12.289999999984696, -0.7110281932707679 
12.299999999984673, -0.7089647619251737 
12.30999999998465, -0.7087754707242003 
12.319999999984626, -0.7081547970038421 
12.329999999984603, -0.7079834062008281 
12.33999999998458, -0.7079557032079246 
12.349999999984556, -0.7079212933143468 
12.359999999984533, -0.712885210744066 
12.36999999998451, -0.7130476739339071 
12.379999999984486, -0.7105247187674427 
12.389999999984463, -0.7099056291940515 
12.39999999998444, -0.7097189546634526 
12.409999999984416, -0.7095477617163005 
12.419999999984393, -0.7100283759880203 
12.42999999998437, -0.7102665876706731 
12.439999999984346, -0.7058117395665141 
12.449999999984323, -0.7011533906773225 
12.4599999999843, -0.7008690826309848 
12.469999999984276, -0.7004850756551705 
12.479999999984253, -0.7004330454118701 
12.48999999998423, -0.7004734273872318 
12.499999999984206, -0.7010413571197305 
12.509999999984183, -0.7095135201408996 
12.51999999998416, -0.7092944458954631 
12.529999999984136, -0.7080144625763092 
12.539999999984113, -0.7077729663307168 
12.54999999998409, -0.707646768594034 
12.559999999984067, -0.7075816692474639 
12.569999999984043, -0.709311518714879 
12.57999999998402, -0.7093823201763437 
12.589999999983997, -0.7034442450163972 
12.599999999983973, -0.7023697530561164 
12.60999999998395, -0.7021128279008282 
12.619999999983927, -0.7018946287610855 
12.629999999983903, -0.7020723043006674 
12.63999999998388, -0.7021667544791399 
12.649999999983857, -0.7030962159666383 
12.659999999983834, -0.7030822825072003 
12.66999999998381, -0.7027313242979075 
12.679999999983787, -0.7021700988713712 
12.689999999983764, -0.7020615479953679 
12.69999999998374, -0.702019676970634 
12.709999999983717, -0.7023874388598008 
12.719999999983694, -0.7077263823127339 
12.72999999998367, -0.7074956161761946 
12.739999999983647, -0.7052186838894267 
12.749999999983624, -0.7049154547402813 
12.7599999999836, -0.7047387737726484 
12.769999999983577, -0.7046357559917708 
12.779999999983554, -0.7055489467506171 
12.78999999998353, -0.7055885234143234 
12.799999999983507, -0.697575404962185 
12.809999999983484, -0.6960180046631637 
12.81999999998346, -0.6957190346511213 
12.829999999983437, -0.6954601213398867 
12.839999999983414, -0.6955442129586781 
12.84999999998339, -0.6956052333131855 
12.859999999983367, -0.6976325357156699 
12.869999999983344, -0.701228119578416 
12.87999999998332, -0.7008776654604403 
12.889999999983297, -0.7002083772552156 
12.899999999983274, -0.7000785634447535 
12.90999999998325, -0.7000219301561904 
12.919999999983228, -0.7002456153166523 
12.929999999983204, -0.7048852476761135 
12.939999999983181, -0.7047183311405092 
12.949999999983158, -0.7021667182258047 
12.959999999983134, -0.7018114610857787 
12.969999999983111, -0.7016310454060578 
12.979999999983088, -0.7015098561585362 
12.989999999983064, -0.7023504649530183 
12.999999999983041, -0.7024548783527395 
13.009999999983018, -0.6949698715872834 
13.019999999982995, -0.6929051138196759 
13.029999999982971, -0.6926264209210595 
13.039999999982948, -0.6923618640391381 
13.049999999982925, -0.6924422716045129 
13.059999999982901, -0.6925487451362781 
13.069999999982878, -0.6935118476814547 
13.079999999982855, -0.6956002979333102 
13.089999999982831, -0.6953241134488148 
13.099999999982808, -0.6947221537039876 
13.109999999982785, -0.694594040926257 
13.119999999982761, -0.6945794261380743 
13.129999999982738, -0.6946989727502391 
13.139999999982715, -0.7013688596765691 
13.149999999982692, -0.7013300177154677 
13.159999999982668, -0.699609938111393 
13.169999999982645, -0.6992441402027364 
13.179999999982622, -0.6991053980939875 
13.189999999982598, -0.6989813508508367 
13.199999999982575, -0.7003171825914741 
13.209999999982552, -0.7006720918750676 
13.219999999982528, -0.6957647695688262 
13.229999999982505, -0.6936939222355797 
13.239999999982482, -0.6934783761985822 
13.249999999982458, -0.693246450487935 
13.259999999982435, -0.6933973790620379 
13.269999999982412, -0.6936699746264087 
13.279999999982389, -0.6927405962789254 
13.289999999982365, -0.6870999601657404 
13.299999999982342, -0.6869062709812234 
13.309999999982319, -0.6864719932424489 
13.319999999982295, -0.6863714768452135 
13.329999999982272, -0.6864837332290887 
13.339999999982249, -0.6863935320804807 
13.349999999982225, -0.6945662605130025 
13.359999999982202, -0.6946153367950598 
13.369999999982179, -0.6938035878533685 
13.379999999982156, -0.693508275558105 
13.389999999982132, -0.6934598308294947 
13.399999999982109, -0.6933385185102179 
13.409999999982086, -0.6972265627974203 
13.419999999982062, -0.6985978676699401 
13.429999999982039, -0.6969806110650315 
13.439999999982016, -0.6958920262165728 
13.449999999981992, -0.6957477747000227 
13.459999999981969, -0.6955787915807684 
13.469999999981946, -0.696012299958475 
13.479999999981922, -0.6970136762878774 
13.4899999999819, -0.6956007107536782 
13.499999999981876, -0.6893093702181873 
13.509999999981853, -0.6891370513115705 
13.51999999998183, -0.6888604849850641 
13.529999999981806, -0.6888103931601756 
13.539999999981783, -0.6892296352391137 
13.54999999998176, -0.6889845353053689 
13.559999999981736, -0.6820036532148356 
13.569999999981713, -0.6817705967629419 
13.57999999998169, -0.6813642204542917 
13.589999999981666, -0.6811539392110039 
13.599999999981643, -0.681285541875313 
13.60999999998162, -0.6812261250115689 
13.619999999981596, -0.6853147435910445 
13.629999999981573, -0.6859260084024705 
13.63999999998155, -0.6854620523391686 
13.649999999981526, -0.6850268959186365 
13.659999999981503, -0.6849790120338562 
13.66999999998148, -0.6849504303208478 
13.679999999981456, -0.6864893788962453 
13.689999999981433, -0.6935593913695973 
13.69999999998141, -0.6931857127294749 
13.709999999981386, -0.6920665477277522 
13.719999999981363, -0.6918911137655802 
13.72999999998134, -0.6917937429948284 
13.739999999981316, -0.6918488155478866 
13.749999999981293, -0.694987285681285 
13.75999999998127, -0.6949386835227483 
13.769999999981247, -0.6917490988201883 
13.779999999981223, -0.6912479556683757 
13.7899999999812, -0.6910663192962078 
13.799999999981177, -0.6909216405186613 
13.809999999981153, -0.6916959448972223 
13.81999999998113, -0.6919659507585615 
13.829999999981107, -0.6862223915687351 
13.839999999981083, -0.6832044608028875 
13.84999999998106, -0.6829843189729183 
13.859999999981037, -0.6827361111815953 
13.869999999981014, -0.6828518750104376 
13.87999999998099, -0.6831487506638111 
13.889999999980967, -0.6822074834553238 
13.899999999980944, -0.6750858641459164 
13.90999999998092, -0.6749218503728045 
13.919999999980897, -0.6745466518618517 
13.929999999980874, -0.6744621063167285 
13.93999999998085, -0.6746999128440544 
13.949999999980827, -0.6744912494383095 
13.959999999980804, -0.6723705771910079 
13.96999999998078, -0.6722504052288145 
13.979999999980757, -0.6718095743547918 
13.989999999980734, -0.6715969673370654 
13.99999999998071, -0.6717283422811291 
14.009999999980687, -0.6716697545906343 
14.019999999980664, -0.6742000139156821 
14.02999999998064, -0.6740745537959862 
14.039999999980617, -0.6736761776272486 
14.049999999980594, -0.6733095737599383 
14.05999999998057, -0.6733057825088014 
14.069999999980547, -0.6733420795855464 
14.079999999980524, -0.6747501332423469 
14.0899999999805, -0.6805527063203559 
14.099999999980477, -0.6802988293032373 
14.109999999980454, -0.6796731533529523 
14.11999999998043, -0.6795437972694993 
14.129999999980408, -0.679561273097143 
14.139999999980384, -0.6795861065825884 
14.149999999980361, -0.6881718917099051 
14.159999999980338, -0.6882291002318817 
14.169999999980314, -0.687160107925081 
14.179999999980291, -0.686838337377324 
14.189999999980268, -0.6867661493453884 
14.199999999980244, -0.6866456436622932 
14.209999999980221, -0.6899539378054476 
14.219999999980198, -0.6910799468689581 
14.229999999980175, -0.6893097889163885 
14.239999999980151, -0.6882154696513205 
14.249999999980128, -0.6880749631596593 
14.259999999980105, -0.687911843719607 
14.269999999980081, -0.6884326822336562 
14.279999999980058, -0.689593777556625 
14.289999999980035, -0.688221168531214 
14.299999999980011, -0.6832696207562723 
14.309999999979988, -0.6830994786450227 
14.319999999979965, -0.6828635207978137 
14.329999999979941, -0.6828553710445332 
14.339999999979918, -0.6835217476029952 
14.349999999979895, -0.6832445259897695 
14.359999999979872, -0.6741134586565969 
14.369999999979848, -0.6737473698128031 
14.379999999979825, -0.6734505025645704 
14.389999999979802, -0.67328837848432 
14.399999999979778, -0.673642208317275 
14.409999999979755, -0.6736626936773983 
14.419999999979732, -0.6669087875831007 
14.429999999979708, -0.6644659691411094 
14.439999999979685, -0.6642046406041295 
14.449999999979662, -0.6639543573223243 
14.459999999979638, -0.6641021735668379 
14.469999999979615, -0.6643720208678457 
14.479999999979592, -0.6625191425439796 
14.489999999979569, -0.6547620290678169 
14.499999999979545, -0.6546020603913076 
14.509999999979522, -0.6543265770418744 
14.519999999979499, -0.6543389867360908 
14.529999999979475, -0.6549535425786316 
14.539999999979452, -0.6545868540395116 
14.549999999979429, -0.6467877364775124 
14.559999999979405, -0.6464738054386296 
14.569999999979382, -0.6462656899993026 
14.579999999979359, -0.6461688985562996 
14.589999999979335, -0.647385079337878 
14.599999999979312, -0.6475988312992063 
14.609999999979289, -0.6443472043821675 
14.619999999979266, -0.6433567212697917 
14.629999999979242, -0.6432349754524644 
14.639999999979219, -0.643101321989547 
14.649999999979196, -0.644707257008614 
14.659999999979172, -0.6470059170502094 
14.669999999979149, -0.6461796907003795 
14.679999999979126, -0.6450698852453135 
14.689999999979102, -0.644963257202727 
14.69999999997908, -0.6449085864955105 
14.709999999979056, -0.6454580994988682 
14.719999999979033, -0.6531183327715533 
14.72999999997901, -0.6529717677336184 
14.739999999978986, -0.6521633198344801 
14.749999999978963, -0.6519849438368346 
14.75999999997894, -0.652030155505873 
14.769999999978916, -0.6519109116142899 
14.779999999978893, -0.6596841978907345 
14.78999999997887, -0.6599400702651739 
14.799999999978846, -0.6593971750123077 
14.809999999978823, -0.6591176297677708 
14.8199999999788, -0.6591807401494031 
14.829999999978776, -0.659147870075821 
14.839999999978753, -0.6623653456012524 
14.84999999997873, -0.6629594842923076 
14.859999999978706, -0.6626243717281473 
14.869999999978683, -0.6622412601512278 
14.87999999997866, -0.6622328974450815 
14.889999999978636, -0.662347034559621 
14.899999999978613, -0.6624507143844816 
14.90999999997859, -0.6625780960171297 
14.919999999978566, -0.6624292982168415 
14.929999999978543, -0.6619920094749642 
14.93999999997852, -0.6618860894340108 
14.949999999978496, -0.6620975256186017 
14.959999999978473, -0.6619067434758725 
14.96999999997845, -0.6585832581260709 
14.979999999978427, -0.6583778762609084 
14.989999999978403, -0.6580032533858798 
14.99999999997838, -0.6578069174632513 
15.009999999978357, -0.6580414293817229 
15.019999999978333, -0.6580646025399324 
15.02999999997831, -0.6524584088712266 
15.039999999978287, -0.6493876758401953 
15.049999999978263, -0.649155293894978 
15.05999999997824, -0.6489170116109405 
15.069999999978217, -0.6491134423612072 
15.079999999978194, -0.6495808036939407 
15.08999999997817, -0.6478951834621245 
15.099999999978147, -0.6415193156240169 
15.109999999978124, -0.6413710472291213 
15.1199999999781, -0.6411781740749419 
15.129999999978077, -0.6412651900931183 
15.139999999978054, -0.64294389939584 
15.14999999997803, -0.6427566953412477 
15.159999999978007, -0.6398799854948758 
15.169999999977984, -0.6395363064586823 
15.17999999997796, -0.6394393172773639 
15.189999999977937, -0.6393437598044557 
15.199999999977914, -0.6439385812002457 
15.20999999997789, -0.6448950455380807 
15.219999999977867, -0.643941087687716 
15.229999999977844, -0.6434471142674517 
15.23999999997782, -0.6434134252260114 
15.249999999977797, -0.6433575087405812 
15.259999999977774, -0.6469643654041674 
15.26999999997775, -0.6522850838654475 
15.279999999977727, -0.6519553414907299 
15.289999999977704, -0.6514604879696534 
15.29999999997768, -0.6514055983478199 
15.309999999977657, -0.6515164836284748 
15.319999999977634, -0.6514480176588958 
15.32999999997761, -0.6518661568736936 
15.339999999977588, -0.6517625054732026 
15.349999999977564, -0.6513542226293979 
15.359999999977541, -0.6512306956355579 
15.369999999977518, -0.6515328212964123 
15.379999999977494, -0.6514002048003504 
15.389999999977471, -0.6430821368922903 
15.399999999977448, -0.6422670788683298 
15.409999999977424, -0.6420151111101002 
15.419999999977401, -0.6418408518101911 
15.429999999977378, -0.642367182987866 
15.439999999977355, -0.6427456346256722 
15.449999999977331, -0.6393720980807203 
15.459999999977308, -0.6367069385629565 
15.469999999977285, -0.6365745815805636 
15.479999999977261, -0.6364247540949658 
15.489999999977238, -0.637007117724049 
15.499999999977215, -0.6395616510755088 
15.509999999977191, -0.63909459746115 
15.519999999977168, -0.6375257799286056 
15.529999999977145, -0.637360679541065 
15.539999999977121, -0.6373203401568023 
15.549999999977098, -0.6373437976890419 
15.559999999977075, -0.6457586186849736 
15.569999999977052, -0.6458900934146705 
15.579999999977028, -0.64519397652275 
15.589999999977005, -0.6449488647529352 
15.599999999976982, -0.6450248228968176 
15.609999999976958, -0.6449444209962982 
15.619999999976935, -0.6472486263595335 
15.629999999976912, -0.6468004116886771 
15.639999999976888, -0.6464707106626557 
15.649999999976865, -0.6461909431453506 
15.659999999976842, -0.6463094134311146 
15.669999999976818, -0.6465230149256328 
15.679999999976795, -0.6443920881207933 
15.689999999976772, -0.6368907915709437 
15.699999999976749, -0.6367413773587746 
15.709999999976725, -0.6365111696208362 
15.719999999976702, -0.6366039641907604 
15.729999999976679, -0.6377234660224952 
15.739999999976655, -0.6373852021572017 
15.749999999976632, -0.6335496136941162 
15.759999999976609, -0.6332574487210098 
15.769999999976585, -0.633143744428076 
15.779999999976562, -0.6330756831587543 
15.789999999976539, -0.6374034944190731 
15.799999999976515, -0.6379894657446267 
15.809999999976492, -0.6369576654740626 
15.819999999976469, -0.6365243208772047 
15.829999999976446, -0.6365082239510275 
15.839999999976422, -0.6364467660899439 
15.849999999976399, -0.6410658173235385 
15.859999999976376, -0.6443284945854072 
15.869999999976352, -0.6440063282939923 
15.879999999976329, -0.6436141403580589 
15.889999999976306, -0.6436158301717 
15.899999999976282, -0.6438069987166654 
15.90999999997626, -0.6432539889335392 
15.919999999976236, -0.6356788002775101 
15.929999999976213, -0.6355430071420083 
15.93999999997619, -0.6352700620000149 
15.949999999976166, -0.6352349676291562 
15.959999999976143, -0.6361130426010569 
15.96999999997612, -0.635993244076993 
15.979999999976096, -0.6312929600176977 
15.989999999976073, -0.6307436108388691 
15.99999999997605, -0.6306157681829737 
16.009999999976028, -0.6305000997708443 
16.019999999976005, -0.6334270208517345 
16.02999999997598, -0.6347830399099024 
16.039999999975958, -0.6338208888286228 
16.049999999975935, -0.6331859522411466 
16.05999999997591, -0.6331384943726056 
16.069999999975888, -0.6331077033245835 
16.079999999975865, -0.6351765601644149 
16.08999999997584, -0.6410816711498779 
16.099999999975818, -0.6408562015414149 
16.109999999975795, -0.6404132605093652 
16.11999999997577, -0.640361377811674 
16.129999999975748, -0.6406106305757842 
16.139999999975725, -0.6402708226216122 
16.1499999999757, -0.6316589231011223 
16.15999999997568, -0.6314496608969489 
16.169999999975655, -0.6311995218954172 
16.17999999997563, -0.6311061954487065 
16.18999999997561, -0.6321336668163361 
16.199999999975585, -0.6322720553571535 
16.20999999997556, -0.629007760592411 
16.21999999997554, -0.6281432984669587 
16.229999999975515, -0.6280407077762181 
16.239999999975492, -0.627922467696243 
16.24999999997547, -0.6306576999831208 
16.259999999975445, -0.6339559922408929 
16.269999999975422, -0.633391879022857 
16.2799999999754, -0.6327395051350876 
16.289999999975375, -0.6326817772127814 
16.299999999975352, -0.6327281117354946 
16.30999999997533, -0.6329891500569722 
16.319999999975305, -0.634940839270025 
16.329999999975282, -0.634820913704165 
16.33999999997526, -0.6344544586018308 
16.349999999975235, -0.6343815683053913 
16.359999999975212, -0.6348662989631448 
16.36999999997519, -0.6346913623966083 
16.379999999975166, -0.6272096750825729 
16.389999999975142, -0.6266145340521881 
16.39999999997512, -0.6264463201062503 
16.409999999975096, -0.626325424746623 
16.419999999975072, -0.6281851824818833 
16.42999999997505, -0.6290994876097029 
16.439999999975026, -0.6277986811530918 
16.449999999975002, -0.6270147181019718 
16.45999999997498, -0.6269523323707924 
16.469999999974956, -0.6268989907052948 
16.479999999974932, -0.6291303509413864 
16.48999999997491, -0.6358240800604936 
16.499999999974886, -0.6355829440029548 
16.509999999974863, -0.6351179502493731 
16.51999999997484, -0.6350660338159421 
16.529999999974816, -0.6353084225675448 
16.539999999974793, -0.6349542830276108 
16.54999999997477, -0.6261617752242912 
16.559999999974746, -0.6259497550720317 
16.569999999974723, -0.625715954244286 
16.5799999999747, -0.6256339162956435 
16.589999999974676, -0.6269110322653222 
16.599999999974653, -0.627094032522897 
16.60999999997463, -0.624555978441491 
16.619999999974606, -0.6238419347858132 
16.629999999974583, -0.6237630741610691 
16.63999999997456, -0.6236592288094459 
16.649999999974536, -0.6276340294097242 
16.659999999974513, -0.6317600280486713 
16.66999999997449, -0.631324628910358 
16.679999999974466, -0.6308322174601592 
16.689999999974443, -0.6308106112978461 
16.69999999997442, -0.6309373745859318 
16.709999999974396, -0.6305567394120207 
16.719999999974373, -0.6242092435581266 
16.72999999997435, -0.6240804795197573 
16.739999999974327, -0.6238187634178695 
16.749999999974303, -0.6238059446423372 
16.75999999997428, -0.6249082708592029 
16.769999999974257, -0.6248065915405343 
16.779999999974233, -0.6214790781096753 
16.78999999997421, -0.6210242268330245 
16.799999999974187, -0.6209396128758923 
16.809999999974163, -0.6208319965177296 
16.81999999997414, -0.6265099735247449 
16.829999999974117, -0.6283392328928529 
16.839999999974093, -0.6277615357285558 
16.84999999997407, -0.6273621317657418 
16.859999999974047, -0.6273926033625479 
16.869999999974024, -0.6274686533889265 
16.879999999974, -0.6264705874656608 
16.889999999973977, -0.6203904644987849 
16.899999999973954, -0.6202394777941441 
16.90999999997393, -0.6200038079775769 
16.919999999973907, -0.6201246617996478 
16.929999999973884, -0.6213696100097287 
16.93999999997386, -0.6210362648649387 
16.949999999973837, -0.6182493906609 
16.959999999973814, -0.6179971518273641 
16.96999999997379, -0.6179371683328886 
16.979999999973767, -0.6178633478232707 
16.989999999973744, -0.6259939663139975 
16.99999999997372, -0.6265293269243567 
17.009999999973697, -0.6259842201425059 
17.019999999973674, -0.6257199693993067 
17.02999999997365, -0.6258614901653212 
17.039999999973627, -0.6259166948164683 
17.049999999973604, -0.6208727560587735 
17.05999999997358, -0.616453681797039 
17.069999999973557, -0.6162937238955226 
17.079999999973534, -0.6161121484599582 
17.08999999997351, -0.6165779077629427 
17.099999999973488, -0.6183550334909358 
17.109999999973464, -0.6178056443765116 
17.11999999997344, -0.6162297093643657 
17.129999999973418, -0.616086418822146 
17.139999999973394, -0.6160826629813256 
17.14999999997337, -0.6160739442644342 
17.159999999973348, -0.623255884984168 
17.169999999973324, -0.6232615835553081 
17.1799999999733, -0.6228582044479056 
17.189999999973278, -0.6227077588537813 
17.199999999973254, -0.6231299912933511 
17.20999999997323, -0.623165470577053 
17.219999999973208, -0.6173718750821723 
17.229999999973185, -0.6158958535546765 
17.23999999997316, -0.6157637196493546 
17.249999999973138, -0.6156303183722367 
17.259999999973115, -0.6173426005922658 
17.26999999997309, -0.6201027107232776 
17.279999999973068, -0.6195241508082299 
17.289999999973045, -0.6187819279625517 
17.29999999997302, -0.6187191997415641 
17.309999999972998, -0.6187890772432237 
17.319999999972975, -0.6187177309074607 
17.32999999997295, -0.6157549072559001 
17.339999999972928, -0.6156403918547527 
17.349999999972905, -0.6153657761509562 
17.35999999997288, -0.6153299863465583 
17.36999999997286, -0.6164478055816164 
17.379999999972835, -0.616417031122774 
17.38999999997281, -0.6135384414297861 
17.39999999997279, -0.6130483306924824 
17.409999999972765, -0.6129851118857351 
17.41999999997274, -0.6128806735205161 
17.42999999997272, -0.6195439317362064 
17.439999999972695, -0.621830426618555 
17.449999999972672, -0.6214166486645933 
17.45999999997265, -0.6210829718336164 
17.469999999972625, -0.6211711545985719 
17.479999999972602, -0.6213914853859269 
17.48999999997258, -0.6193219759975586 
17.499999999972555, -0.6122794669590199 
17.509999999972532, -0.6121478824113968 
17.51999999997251, -0.6119826667440351 
17.529999999972485, -0.6121942769862133 
17.539999999972462, -0.6152913969706082 
17.54999999997244, -0.6151593907402976 
17.559999999972415, -0.6139572875217235 
17.569999999972392, -0.613743824828396 
17.57999999997237, -0.6138031553130288 
17.589999999972346, -0.6136785640117489 
17.599999999972322, -0.6126340801837595 
17.6099999999723, -0.6121022054247968 
17.619999999972276, -0.6118423764167392 
17.629999999972252, -0.6116731541130802 
17.63999999997223, -0.612358764197017 
17.649999999972206, -0.6129754675038765 
17.659999999972182, -0.6111862585668492 
17.66999999997216, -0.609765594705649 
17.679999999972136, -0.6096805669474793 
17.689999999972112, -0.60962241233031 
17.69999999997209, -0.6108831540165209 
17.709999999972066, -0.6185259536730872 
17.719999999972043, -0.6183605249838194 
17.72999999997202, -0.6179313231054413 
17.739999999971996, -0.617878877993512 
17.749999999971973, -0.6183079998447792 
17.75999999997195, -0.6180368585968866 
17.769999999971926, -0.6109717281734364 
17.779999999971903, -0.6105679377578451 
17.78999999997188, -0.6104298815859969 
17.799999999971856, -0.6103389481684843 
17.809999999971833, -0.6141519806712544 
17.81999999997181, -0.6151314248531691 
17.829999999971786, -0.6143387086353775 
17.839999999971763, -0.6139274669064493 
17.84999999997174, -0.61396252787892 
17.859999999971716, -0.6139986360035045 
17.869999999971693, -0.6122107295372603 
17.87999999997167, -0.606545368341918 
17.889999999971646, -0.6063939662262791 
17.899999999971623, -0.6061946007154642 
17.9099999999716, -0.6064829934252484 
17.919999999971576, -0.6083756348614092 
17.929999999971553, -0.6080270209889703 
17.93999999997153, -0.6064983550234678 
17.949999999971507, -0.6063262933929444 
17.959999999971483, -0.6063602317274797 
17.96999999997146, -0.6062351685862769 
17.979999999971437, -0.6073245282590348 
17.989999999971413, -0.6071525775050284 
17.99999999997139, -0.606873044709489 
18.009999999971367, -0.6067349754021125 
18.019999999971343, -0.6076248305567621 
18.02999999997132, -0.6080396635455462 
18.039999999971297, -0.606021098224852 
18.049999999971273, -0.6050554021682829 
18.05999999997125, -0.6049931256721353 
18.069999999971227, -0.6049359271933076 
18.079999999971204, -0.6075490946428489 
18.08999999997118, -0.6127446326082909 
18.099999999971157, -0.6125411344292727 
18.109999999971134, -0.6122060383938319 
18.11999999997111, -0.6122450830984785 
18.129999999971087, -0.6128679200363797 
18.139999999971064, -0.6124013688344224 
18.14999999997104, -0.6076756981007078 
18.159999999971017, -0.607426388077632 
18.169999999970994, -0.6073325631559784 
18.17999999997097, -0.6072853333681787 
18.189999999970947, -0.6142920701765393 
18.199999999970924, -0.6147895093765067 
18.2099999999709, -0.6142044380941977 
18.219999999970877, -0.613947882488594 
18.229999999970854, -0.6141149140161666 
18.23999999997083, -0.6141796578999476 
18.249999999970807, -0.608602530302059 
18.259999999970784, -0.6049529221709481 
18.26999999997076, -0.6048155412804641 
18.279999999970737, -0.6046666323598796 
18.289999999970714, -0.6055039985599826 
18.29999999997069, -0.6086483279369139 
18.309999999970668, -0.6082645319598187 
18.319999999970644, -0.60740879230343 
18.32999999997062, -0.6073122347661183 
18.339999999970598, -0.6074407641547593 
18.349999999970574, -0.6071827589437999 
18.35999999997055, -0.5993697006344908 
18.369999999970528, -0.5991445705158338 
18.379999999970504, -0.5989455414615054 
18.38999999997048, -0.5988753860009857 
18.399999999970458, -0.6012952417771137 
18.409999999970434, -0.6017738737245352 
18.41999999997041, -0.600703213086424 
18.429999999970388, -0.6002888059666897 
18.439999999970365, -0.6003279143545885 
18.44999999997034, -0.6003336808782954 
18.459999999970318, -0.5972203805742864 
18.469999999970295, -0.5922738183988266 
18.47999999997027, -0.5921289584627956 
18.489999999970248, -0.59196279619139 
18.499999999970225, -0.5925514819140697 
18.5099999999702, -0.5955203709794895 
18.519999999970178, -0.5952076109727579 
18.529999999970155, -0.5943626123051838 
18.53999999997013, -0.5942622725178733 
18.549999999970108, -0.5944558331503592 
18.559999999970085, -0.5941835563041781 
18.56999999997006, -0.5855271905957447 
18.57999999997004, -0.5851630251988124 
18.589999999970015, -0.5850287266900119 
18.59999999996999, -0.5849476247384354 
18.60999999996997, -0.590327218283953 
18.619999999969945, -0.5913912169373663 
18.62999999996992, -0.5908793964312153 
18.6399999999699, -0.5906069461201477 
18.649999999969875, -0.5908269859552269 
18.659999999969852, -0.5910864057014651 
18.66999999996983, -0.5882833966222609 
18.679999999969805, -0.5855625306597513 
18.689999999969782, -0.5854686521908793 
18.69999999996976, -0.585400378425446 
18.709999999969735, -0.5863795413209247 
18.719999999969712, -0.5939985944227766 
18.72999999996969, -0.5938792671812593 
18.739999999969665, -0.5935386109109178 
18.749999999969642, -0.5935274979122077 
18.75999999996962, -0.5944770794141827 
18.769999999969595, -0.5943426309522185 
18.779999999969572, -0.5917064033082521 
18.78999999996955, -0.5913571475893851 
18.799999999969526, -0.5913439475184182 
18.809999999969502, -0.5912422982833373 
18.81999999996948, -0.594818879152058 
18.829999999969456, -0.5943646585827482 
18.839999999969432, -0.5941216982044764 
18.84999999996941, -0.5939412748789209 
18.859999999969386, -0.5946322208400338 
18.869999999969362, -0.5956746364814313 
18.87999999996934, -0.5946801810853297 
18.889999999969316, -0.5935713075550119 
18.899999999969292, -0.5935042930540132 
18.90999999996927, -0.5935439439237161 
18.919999999969246, -0.5934892644935954 
18.929999999969223, -0.5889263868857472 
18.9399999999692, -0.5888105987306083 
18.949999999969176, -0.5886040331606437 
18.959999999969153, -0.588642302595998 
18.96999999996913, -0.5914027389831362 
18.979999999969106, -0.5914854500423212 
18.989999999969083, -0.5904697375469005 
18.99999999996906, -0.5902162692962092 
19.009999999969036, -0.5903524515532166 
19.019999999969013, -0.5903174086710639 
19.02999999996899, -0.5831997381403794 
19.039999999968966, -0.58116877531034 
19.049999999968943, -0.5810466268346475 
19.05999999996892, -0.5809274710439996 
19.069999999968896, -0.5834076717216362 
19.079999999968873, -0.5880065234546572 
19.08999999996885, -0.5876999601994845 
19.099999999968826, -0.5873075681944568 
19.109999999968803, -0.5873660606905555 
19.11999999996878, -0.5879082295480083 
19.129999999968756, -0.5872675949580476 
19.139999999968733, -0.5835781543052583 
19.14999999996871, -0.5833932738096094 
19.159999999968687, -0.5833610729887101 
19.169999999968663, -0.5833038817462657 
19.17999999996864, -0.5892503711130473 
19.189999999968617, -0.5892213972125125 
19.199999999968593, -0.5889364591269882 
19.20999999996857, -0.5888119614245366 
19.219999999968547, -0.5899547417033517 
19.229999999968523, -0.5904532281141563 
19.2399999999685, -0.5890500763202314 
19.249999999968477, -0.588404926688407 
19.259999999968453, -0.5883974445040759 
19.26999999996843, -0.5884108893278502 
19.279999999968407, -0.5872715201339956 
19.289999999968384, -0.5812491849551157 
19.29999999996836, -0.5811221113936866 
19.309999999968337, -0.5809594917790477 
19.319999999968314, -0.5813860657391658 
19.32999999996829, -0.5853900467442393 
19.339999999968267, -0.5852307139662922 
19.349999999968244, -0.584549744576904 
19.35999999996822, -0.58444481758303 
19.369999999968197, -0.5847966397076848 
19.379999999968174, -0.58463401085977 
19.38999999996815, -0.5790225888685221 
19.399999999968127, -0.5784888908279985 
19.409999999968104, -0.5784174268295397 
19.41999999996808, -0.5783179726778939 
19.429999999968057, -0.5856280023942148 
19.439999999968034, -0.5867357804618927 
19.44999999996801, -0.5864559755606713 
19.459999999967987, -0.5862446203218173 
19.469999999967964, -0.586712690963741 
19.47999999996794, -0.5876187300896809 
19.489999999967917, -0.5866331050370247 
19.499999999967894, -0.5853050774907361 
19.50999999996787, -0.5852272694176903 
19.519999999967848, -0.5852754476550117 
19.529999999967824, -0.5851015283127965 
19.5399999999678, -0.5790195009575003 
19.549999999967778, -0.5788904853926481 
19.559999999967754, -0.5787117352684163 
19.56999999996773, -0.5787335198734099 
19.579999999967708, -0.5828207861204348 
19.589999999967684, -0.5830544026597168 
19.59999999996766, -0.5823674935686465 
19.609999999967638, -0.5821510442404706 
19.619999999967614, -0.5824285635907012 
19.62999999996759, -0.5825099930787885 
19.639999999967568, -0.5782324193265399 
19.649999999967545, -0.5767094822488836 
19.65999999996752, -0.5766341789490732 
19.669999999967498, -0.5765603328601776 
19.679999999967475, -0.5796340685967294 
19.68999999996745, -0.5839372471260388 
19.699999999967428, -0.5837608557522531 
19.709999999967405, -0.5835076489904739 
19.71999999996738, -0.5836929513401473 
19.729999999967358, -0.5851841863941329 
19.739999999967335, -0.5848728521644686 
19.74999999996731, -0.5834079288066155 
19.759999999967288, -0.5832433605470749 
19.769999999967265, -0.5833455774814682 
19.77999999996724, -0.5831731793409558 
19.78999999996722, -0.5748659074654615 
19.799999999967195, -0.5743056121593832 
19.80999999996717, -0.5741630697657397 
19.81999999996715, -0.5740610741573567 
19.829999999967125, -0.578816288467557 
19.8399999999671, -0.5806477619656684 
19.84999999996708, -0.5802205521584647 
19.859999999967055, -0.5799385966176396 
19.869999999967032, -0.5801776636043049 
19.87999999996701, -0.5806498323243833 
19.889999999966985, -0.5791274075467592 
19.899999999966962, -0.5769868684448768 
19.90999999996694, -0.5768966432880178 
19.919999999966915, -0.5768947097668291 
19.929999999966892, -0.5770308118046961 
19.93999999996687, -0.5758236744956438 
19.949999999966845, -0.5757190021144029 
19.959999999966822, -0.5755141368310817 
19.9699999999668, -0.5755329556249661 
19.979999999966775, -0.5788322427817225 
19.989999999966752, -0.5790254891613861 
19.99999999996673, -0.578254357126785 
20.009999999966706, -0.5780284139636037 
20.019999999966682, -0.5782797520578064 
20.02999999996666, -0.5783426749348208 
20.039999999966636, -0.5738719726961967 
20.049999999966612, -0.5723527202631964 
20.05999999996659, -0.5722798690229502 
20.069999999966566, -0.5722085767950533 
20.079999999966542, -0.5753164860659039 
20.08999999996652, -0.578675486544166 
20.099999999966496, -0.5785086997844969 
20.109999999966472, -0.5782769518790104 
20.11999999996645, -0.578519077705202 
20.129999999966426, -0.5804066374006289 
20.139999999966403, -0.5801365899440942 
20.14999999996638, -0.5790058815438515 
20.159999999966356, -0.5788659499799279 
20.169999999966333, -0.5790437907270923 
20.17999999996631, -0.5788533799305308 
20.189999999966286, -0.5708185130890934 
20.199999999966263, -0.5702627355244517 
20.20999999996624, -0.5701610857206574 
20.219999999966216, -0.5700627316059058 
20.229999999966193, -0.5772469838371196 
20.23999999996617, -0.5788164541577293 
20.249999999966146, -0.5785066264753225 
20.259999999966123, -0.5782890670537306 
20.2699999999661, -0.5787477980338931 
20.279999999966076, -0.5795999653512087 
20.289999999966053, -0.5786132143578334 
20.29999999996603, -0.5773945617028873 
20.309999999966006, -0.5773297111735732 
20.319999999965983, -0.5774064236829558 
20.32999999996596, -0.5769809748870319 
20.339999999965936, -0.5686494805005718 
20.349999999965913, -0.568505865598583 
20.35999999996589, -0.5683714839936753 
20.369999999965867, -0.568416618679409 
20.379999999965843, -0.5753069904639078 
20.38999999996582, -0.5755289750964833 
20.399999999965797, -0.5750900137495167 
20.409999999965773, -0.5749392108221979 
20.41999999996575, -0.5755992182284744 
20.429999999965727, -0.5758604978888259 
20.439999999965703, -0.5738862079586006 
20.44999999996568, -0.5731323626853994 
20.459999999965657, -0.5731199218906643 
20.469999999965633, -0.5731215443271209 
20.47999999996561, -0.571410969438453 
20.489999999965587, -0.5652755043883093 
20.499999999965564, -0.5651602649237649 
20.50999999996554, -0.5650283806988422 
20.519999999965517, -0.565697777593716 
20.529999999965494, -0.5720341232822943 
20.53999999996547, -0.571917722010241 
20.549999999965447, -0.571500515675469 
20.559999999965424, -0.5714695663343692 
20.5699999999654, -0.5723807423048578 
20.579999999965377, -0.5722944101237359 
20.589999999965354, -0.5702143663076938 
20.59999999996533, -0.5698936289699427 
20.609999999965307, -0.5699502533159921 
20.619999999965284, -0.5698754495480514 
20.62999999996526, -0.5628131983105115 
20.639999999965237, -0.5609315248704579 
20.649999999965214, -0.5608141667639928 
20.65999999996519, -0.5607043397717301 
20.669999999965167, -0.5642733790785922 
20.679999999965144, -0.5691318868367752 
20.68999999996512, -0.5688959025911253 
20.699999999965097, -0.5686241399506273 
20.709999999965074, -0.5688541020692274 
20.71999999996505, -0.5701409997147425 
20.729999999965028, -0.5697270213927357 
20.739999999965004, -0.5684480729373425 
20.74999999996498, -0.5683309308443395 
20.759999999964958, -0.5685033087440532 
20.769999999964934, -0.568247436094685 
20.77999999996491, -0.560523331275611 
20.789999999964888, -0.5601243326041571 
20.799999999964864, -0.5600461107700757 
20.80999999996484, -0.5599538464969792 
20.819999999964818, -0.5673192732904946 
20.829999999964794, -0.5675907842928972 
20.83999999996477, -0.5673474932370467 
20.849999999964748, -0.5671877016081207 
20.859999999964725, -0.5683138717886244 
20.8699999999647, -0.5698242294975935 
20.879999999964678, -0.5692035503045788 
20.889999999964655, -0.5686374501681034 
20.89999999996463, -0.5686669587580103 
20.909999999964608, -0.5689538039667924 
20.919999999964585, -0.567848091602346 
20.92999999996456, -0.5632905886760077 
20.939999999964538, -0.5631524497647168 
20.949999999964515, -0.5631263524760522 
20.95999999996449, -0.5631079834266943 
20.969999999964468, -0.564509748213417 
20.979999999964445, -0.5643822356806831 
20.98999999996442, -0.5641808804561842 
20.9999999999644, -0.5641181463158792 
21.009999999964375, -0.5677570871702051 
21.01999999996435, -0.5684788272222115 
21.02999999996433, -0.5679070350951492 
21.039999999964305, -0.5676552170711949 
21.04999999996428, -0.5679652106862855 
21.05999999996426, -0.5682846618089 
21.069999999964235, -0.5662315805601066 
21.079999999964212, -0.5647871383598865 
21.08999999996419, -0.5647357777481753 
21.099999999964165, -0.5647525878849058 
21.109999999964142, -0.5644287004839982 
21.11999999996412, -0.5574661347119118 
21.129999999964095, -0.5573569479394247 
21.139999999964072, -0.5572273358210096 
21.14999999996405, -0.5574627345894134 
21.159999999964025, -0.5649312450585324 
21.169999999964002, -0.5649546252228224 
21.17999999996398, -0.5645832255461394 
21.189999999963955, -0.5645039612513894 
21.199999999963932, -0.5657150388873773 
21.20999999996391, -0.565912095421395 
21.219999999963886, -0.5645845537527779 
21.229999999963862, -0.5642050107405464 
21.23999999996384, -0.5643053375568311 
21.249999999963816, -0.564353287913766 
21.259999999963792, -0.5594960034098115 
21.26999999996377, -0.5567274044076894 
21.279999999963746, -0.5566471516473565 
21.289999999963722, -0.5565830865572221 
21.2999999999637, -0.5583781779615524 
21.309999999963676, -0.5614285202803359 
21.319999999963652, -0.561307367690216 
21.32999999996363, -0.5611075958395135 
21.339999999963606, -0.5613432022612159 
21.349999999963583, -0.5649442273605931 
21.35999999996356, -0.564872831015006 
21.369999999963536, -0.564242060653441 
21.379999999963513, -0.5641322297037181 
21.38999999996349, -0.5646709100030751 
21.399999999963466, -0.5646429866441293 
21.409999999963443, -0.5617900038044097 
21.41999999996342, -0.5612915610587735 
21.429999999963396, -0.56130440332538 
21.439999999963373, -0.5612535451665088 
21.44999999996335, -0.5561500870030699 
21.459999999963326, -0.5529511605103973 
21.469999999963303, -0.5528383911516153 
21.47999999996328, -0.5527308141513754 
21.489999999963256, -0.5551296200098554 
21.499999999963233, -0.5613512718241397 
21.50999999996321, -0.5611764312383959 
21.519999999963186, -0.5609127155829688 
21.529999999963163, -0.5611035929368928 
21.53999999996314, -0.5629884594479485 
21.549999999963116, -0.5627831519124202 
21.559999999963093, -0.5618206473062257 
21.56999999996307, -0.5616947443422274 
21.579999999963047, -0.562005076784988 
21.589999999963023, -0.5618654809247972 
21.599999999963, -0.557124775722441 
21.609999999962977, -0.5566094812410954 
21.619999999962953, -0.5565849743308353 
21.62999999996293, -0.5564999229284789 
21.639999999962907, -0.5550667626572928 
21.649999999962883, -0.5530522318077431 
21.65999999996286, -0.552910159448445 
21.669999999962837, -0.5527845771134957 
21.679999999962813, -0.5551437519692177 
21.68999999996279, -0.5599632205439237 
21.699999999962767, -0.559722682834603 
21.709999999962744, -0.5594201583784092 
21.71999999996272, -0.5595993823772651 
21.729999999962697, -0.5608864990186727 
21.739999999962674, -0.5605481972621749 
21.74999999996265, -0.5593361177045734 
21.759999999962627, -0.5592156421436241 
21.769999999962604, -0.5594461608057076 
21.77999999996258, -0.5592324395670677 
21.789999999962557, -0.5532582134119669 
21.799999999962534, -0.552816943421792 
21.80999999996251, -0.5527792281655463 
21.819999999962487, -0.5526826361243158 
21.829999999962464, -0.5531129669197797 
21.83999999996244, -0.5519127662009714 
21.849999999962417, -0.5517557735536748 
21.859999999962394, -0.5516294862140702 
21.86999999996237, -0.5543334551408949 
21.879999999962347, -0.5582437574310856 
21.889999999962324, -0.5579621441797157 
21.8999999999623, -0.5576660538278772 
21.909999999962277, -0.5578889334714954 
21.919999999962254, -0.5590536221776067 
21.92999999996223, -0.5586136684753014 
21.939999999962208, -0.5574246013658256 
21.949999999962184, -0.5573275117083338 
21.95999999996216, -0.557558315750317 
21.969999999962138, -0.557269624531783 
21.979999999962114, -0.5513331468276625 
21.98999999996209, -0.5509887032848312 
21.999999999962068, -0.5509589111594482 
22.009999999962044, -0.5508558281554229 
22.01999999996202, -0.5498204865006654 
22.029999999961998, -0.54889112325406 
22.039999999961974, -0.5487396934425781 
22.04999999996195, -0.5486235276269191 
22.059999999961928, -0.5524823024660457 
22.069999999961905, -0.5559693681952399 
22.07999999996188, -0.5556916136912174 
22.089999999961858, -0.5554402646503581 
22.099999999961835, -0.5557982073640544 
22.10999999996181, -0.5571744456695666 
22.119999999961788, -0.5567114333365836 
22.129999999961765, -0.5558013132937528 
22.13999999996174, -0.5557443623629302 
22.149999999961718, -0.5560547666289449 
22.159999999961695, -0.5556735765123347 
22.16999999996167, -0.5510734896668364 
22.179999999961648, -0.5508133825060815 
22.189999999961625, -0.5508175886887432 
22.1999999999616, -0.550697042189662 
22.20999999996158, -0.5450624139840031 
22.219999999961555, -0.5442599464963851 
22.22999999996153, -0.5441366663136148 
22.23999999996151, -0.5440346492640938 
22.249999999961485, -0.5502939464909248 
22.25999999996146, -0.552678151271578 
22.26999999996144, -0.552446567810187 
22.279999999961415, -0.5522557870798346 
22.289999999961392, -0.5529939581298281 
22.29999999996137, -0.5551424909735653 
22.309999999961345, -0.5547564239363846 
22.319999999961322, -0.5541919590120264 
22.3299999999613, -0.5542081174713612 
22.339999999961275, -0.5547558880564462 
22.349999999961252, -0.5543270449573594 
22.35999999996123, -0.5517364130916429 
22.369999999961205, -0.5515514031762836 
22.379999999961182, -0.5516363516147703 
22.38999999996116, -0.5514685375306118 
22.399999999961135, -0.543231794974513 
22.409999999961112, -0.5426254416024335 
22.41999999996109, -0.5425499497987241 
22.429999999961066, -0.5424562903530632 
22.439999999961042, -0.5473679343052402 
22.44999999996102, -0.5468205155439323 
22.459999999960996, -0.5466497247515518 
22.469999999960972, -0.5465114182308392 
22.47999999996095, -0.5484577354107719 
22.489999999960926, -0.5523912683127234 
22.499999999960902, -0.5521208148999445 
22.50999999996088, -0.5518007984466726 
22.519999999960856, -0.5519804290621505 
22.529999999960832, -0.5532092081939326 
22.53999999996081, -0.5528593733115474 
22.549999999960786, -0.5517222643766762 
22.559999999960763, -0.5516173403043755 
22.56999999996074, -0.551901439987319 
22.579999999960716, -0.551681314615805 
22.589999999960693, -0.5469582816889257 
22.59999999996067, -0.5465773197278982 
22.609999999960646, -0.5465780434112825 
22.619999999960623, -0.5464821996672096 
22.6299999999606, -0.5406060409150031 
22.639999999960576, -0.5390450877787362 
22.649999999960553, -0.5389371037648489 
22.65999999996053, -0.5388386156072447 
22.669999999960506, -0.5437886679390663 
22.679999999960483, -0.546908993206378 
22.68999999996046, -0.5467354389147545 
22.699999999960436, -0.5465541262581304 
22.709999999960413, -0.5472397512487696 
22.71999999996039, -0.5508024817922312 
22.729999999960366, -0.5505875580109938 
22.739999999960343, -0.5501251631869686 
22.74999999996032, -0.5501402354523814 
22.759999999960296, -0.5510849594665936 
22.769999999960273, -0.5509089443745812 
22.77999999996025, -0.5493266994697292 
22.789999999960227, -0.5491233126397985 
22.799999999960203, -0.5493128775653188 
22.80999999996018, -0.5492309196807809 
22.819999999960157, -0.5438249086554904 
22.829999999960133, -0.5430355462407291 
22.83999999996011, -0.5430050187963688 
22.849999999960087, -0.5429431207533971 
22.859999999960063, -0.5403451020985398 
22.86999999996004, -0.5367294227348518 
22.879999999960017, -0.5366222904636715 
22.889999999959993, -0.536522498923639 
22.89999999995997, -0.5387722780269286 
22.909999999959947, -0.544770193418183 
22.919999999959924, -0.5446397802068093 
22.9299999999599, -0.5444346642853825 
22.939999999959877, -0.5447288206772626 
22.949999999959854, -0.5486717227197124 
22.95999999995983, -0.5485963124918167 
22.969999999959807, -0.5480969493128718 
22.979999999959784, -0.5480349656875476 
22.98999999995976, -0.5490058730908934 
22.999999999959737, -0.5490401186289963 
23.009999999959714, -0.5475946589891473 
23.01999999995969, -0.5472940171707149 
23.029999999959667, -0.5474619779387151 
23.039999999959644, -0.5475004987676346 
23.04999999995962, -0.5433372685281573 
23.059999999959597, -0.5419714267193743 
23.069999999959574, -0.5419347350880803 
23.07999999995955, -0.5419172021525942 
23.089999999959527, -0.5403131436502949 
23.099999999959504, -0.5339256089213343 
23.10999999995948, -0.5338319726081799 
23.119999999959457, -0.5337491916416474 
23.129999999959434, -0.5345098993126854 
23.13999999995941, -0.5399606217215852 
23.149999999959388, -0.5398794379275229 
23.159999999959364, -0.5396943174838384 
23.16999999995934, -0.5397952296215998 
23.179999999959318, -0.5455504897578499 
23.189999999959294, -0.5456948515038405 
23.19999999995927, -0.5453046055223792 
23.209999999959248, -0.545201285634171 
23.219999999959224, -0.5465479284472895 
23.2299999999592, -0.5469806310574559 
23.239999999959178, -0.5460891690350345 
23.249999999959154, -0.5457527674167709 
23.25999999995913, -0.5459599825488801 
23.269999999959108, -0.5462177334414312 
23.279999999959085, -0.5442030745734308 
23.28999999995906, -0.5427404954065779 
23.299999999959038, -0.5427056432975413 
23.309999999959015, -0.5427792863328411 
23.31999999995899, -0.5414907717796987 
23.329999999958968, -0.5342665219720878 
23.339999999958945, -0.5341536172630803 
23.34999999995892, -0.534116514289246 
23.359999999958898, -0.5341262101321913 
23.369999999958875, -0.53198346551283 
23.37999999995885, -0.5318232982517391 
23.389999999958828, -0.531695740585915 
23.399999999958805, -0.5316529895758381 
23.40999999995878, -0.5398592515644608 
23.41999999995876, -0.5401282916043306 
23.429999999958735, -0.5398927608109186 
23.43999999995871, -0.5397718584276247 
23.44999999995869, -0.5423147557409704 
23.459999999958665, -0.5441422139964261 
23.46999999995864, -0.5437372946008032 
23.47999999995862, -0.5434616282386222 
23.489999999958595, -0.5438125282609602 
23.499999999958572, -0.5447688705512314 
23.50999999995855, -0.5441268787978855 
23.519999999958525, -0.5432395644656066 
23.529999999958502, -0.5432174848521626 
23.53999999995848, -0.5435470361038888 
23.549999999958455, -0.5429992156696634 
23.559999999958432, -0.5394120511954812 
23.56999999995841, -0.5392296758210624 
23.579999999958385, -0.5392936249591161 
23.589999999958362, -0.5391172671968671 
23.59999999995834, -0.5309082554280414 
23.609999999958315, -0.5303673823545026 
23.619999999958292, -0.5303097997355546 
23.62999999995827, -0.5302180447255345 
23.639999999958246, -0.530107381320018 
23.649999999958222, -0.528515302833886 
23.6599999999582, -0.5283925133202377 
23.669999999958176, -0.5282878589763275 
23.679999999958152, -0.532417447255087 
23.68999999995813, -0.5366584127556233 
23.699999999958106, -0.5364983446805919 
23.709999999958082, -0.5363193106358505 
23.71999999995806, -0.5369763231995341 
23.729999999958036, -0.5413674910333867 
23.739999999958012, -0.5412140838166866 
23.74999999995799, -0.5408268766226898 
23.759999999957966, -0.5408636090388749 
23.769999999957943, -0.5423596978148532 
23.77999999995792, -0.5422978435237946 
23.789999999957896, -0.5413146463659994 
23.799999999957873, -0.5411472419996091 
23.80999999995785, -0.5415420760377629 
23.819999999957826, -0.5415692810431152 
23.829999999957803, -0.5389739709088385 
23.83999999995778, -0.5384102552889193 
23.849999999957756, -0.5384578850246514 
23.859999999957733, -0.5384788239369529 
23.86999999995771, -0.5337015682619856 
23.879999999957686, -0.5308609062315662 
23.889999999957663, -0.5308002032986995 
23.89999999995764, -0.5307765041505039 
23.909999999957616, -0.5306321848645221 
23.919999999957593, -0.5240109669261795 
23.92999999995757, -0.523917296924365 
23.939999999957546, -0.5238386933763189 
23.949999999957523, -0.5241410281125237 
23.9599999999575, -0.5279359291650338 
23.969999999957476, -0.5278515482133969 
23.979999999957453, -0.5276976526402546 
23.98999999995743, -0.5277081090229953 
23.999999999957407, -0.53557318135926 
24.009999999957383, -0.5358315868443906 
24.01999999995736, -0.5355655662759985 
24.029999999957337, -0.5354586820187023 
24.039999999957313, -0.5380409316492021 
24.04999999995729, -0.5393261780695634 
24.059999999957267, -0.538877046866817 
24.069999999957243, -0.5386243601239722 
24.07999999995722, -0.5390652227981031 
24.089999999957197, -0.539949275907164 
24.099999999957173, -0.539235305242858 
24.10999999995715, -0.5384935278884385 
24.119999999957127, -0.5385111117030504 
24.129999999957104, -0.5388838842039831 
24.13999999995708, -0.538184607482318 
24.149999999957057, -0.5354035672623026 
24.159999999957034, -0.5352677614168273 
24.16999999995701, -0.5353790859265979 
24.179999999956987, -0.5351274049698581 
24.189999999956964, -0.5279165282475679 
24.19999999995694, -0.5275392281220748 
24.209999999956917, -0.5275195435759995 
24.219999999956894, -0.527418588790444 
24.22999999995687, -0.5214737453563736 
24.239999999956847, -0.5201415987275972 
24.249999999956824, -0.5200555399979304 
24.2599999999568, -0.5199720931645925 
24.269999999956777, -0.5231500920257446 
24.279999999956754, -0.5213208919174769 
24.28999999995673, -0.5212056250038388 
24.299999999956707, -0.5210969978910984 
24.309999999956684, -0.5229499400759176 
24.31999999995666, -0.5292869080532376 
24.329999999956637, -0.5291768193179728 
24.339999999956614, -0.5289934731726096 
24.34999999995659, -0.5293057194756532 
24.359999999956568, -0.5350898259487491 
24.369999999956544, -0.535074345931037 
24.37999999995652, -0.534730615706766 
24.389999999956498, -0.5347041578718442 
24.399999999956474, -0.5368686320872844 
24.40999999995645, -0.5371103151157675 
24.419999999956428, -0.5364353471890247 
24.429999999956404, -0.5362411139415161 
24.43999999995638, -0.5367858772981497 
24.449999999956358, -0.5371182332902323 
24.459999999956334, -0.5357856950388536 
24.46999999995631, -0.5352096084374485 
24.479999999956288, -0.5352904803525016 
24.489999999956265, -0.5354919400786325 
24.49999999995624, -0.5334833757839861 
24.509999999956218, -0.5310814036000477 
24.519999999956195, -0.5310208175397467 
24.52999999995617, -0.531095223785961 
24.539999999956148, -0.5303481499168601 
24.549999999956125, -0.5228667993769459 
24.5599999999561, -0.5227204439650134 
24.569999999956078, -0.5227078037104393 
24.579999999956055, -0.5225772476360749 
24.58999999995603, -0.5156883554160822 
24.599999999956008, -0.5153420188443927 
24.609999999955985, -0.5152698204437608 
24.61999999995596, -0.5151781408997829 
24.62999999995594, -0.5151499843384002 
24.639999999955915, -0.5141083788930424 
24.64999999995589, -0.513997750834726 
24.65999999995587, -0.5139042068890218 
24.669999999955845, -0.5189889690151922 
24.67999999995582, -0.5193159367198947 
24.6899999999558, -0.5191863681212399 
24.699999999955775, -0.5190643382661574 
24.709999999955752, -0.5208170386683241 
24.71999999995573, -0.5274944489192208 
24.729999999955705, -0.5273755354971811 
24.739999999955682, -0.5271750029823177 
24.74999999995566, -0.527471646665341 
24.759999999955635, -0.5325405457540631 
24.769999999955612, -0.5325160664505414 
24.77999999995559, -0.5321482163920427 
24.789999999955565, -0.532120238644446 
24.799999999955542, -0.5341192898610985 
24.80999999995552, -0.5343340985395975 
24.819999999955495, -0.5336361361063976 
24.829999999955472, -0.5334429315990762 
24.83999999995545, -0.5339933344017754 
24.849999999955426, -0.5343188400008227 
24.859999999955402, -0.5330139078963271 
24.86999999995538, -0.5324642492154269 
24.879999999955356, -0.5325587075459594 
24.889999999955332, -0.5327782300388325 
24.89999999995531, -0.5308808715724808 
24.909999999955286, -0.5287747718283187 
24.919999999955262, -0.5287223827797464 
24.92999999995524, -0.5288201125226362 
24.939999999955216, -0.5279613067198246 
24.949999999955192, -0.5213416274368181 
24.95999999995517, -0.52119828492144 
24.969999999955146, -0.5212084475420956 
24.979999999955123, -0.5210320957914311 
24.9899999999551, -0.5129101675585611 
24.999999999955076, -0.512556610802663 
