t, s[1].omega / s[0].omega 
0, -0.7499976724463326 
0.009999999999999995, -0.7497456892157356 
0.019999999999999934, -0.7494514742492713 
0.029999999999999874, -0.7491054248039044 
0.04000000000000012, -0.7486990608976319 
0.050000000000000405, -0.7482312925348671 
0.06000000000000069, -0.7477117890504295 
0.07000000000000098, -0.7471618904281329 
0.08000000000000126, -0.7466151094739734 
0.09000000000000155, -0.7461186055106621 
0.10000000000000184, -0.7457352936782249 
0.11000000000000212, -0.7455448676024929 
0.12000000000000241, -0.7456416736494418 
0.130000000000002, -0.7461283141194478 
0.1400000000000009, -0.7471057146397865 
0.1499999999999998, -0.7486619739852454 
0.1599999999999987, -0.7508621620974969 
0.1699999999999976, -0.7537389162758561 
0.1799999999999965, -0.7572805989737785 
0.1899999999999954, -0.7614128578506443 
0.1999999999999943, -0.7659744125130851 
0.2099999999999932, -0.7707010216873099 
0.2199999999999921, -0.7752459172057069 
0.229999999999991, -0.7792571734592955 
0.2399999999999899, -0.782485714396228 
0.2499999999999888, -0.7848528346351815 
0.2599999999999877, -0.7864321528536352 
0.2699999999999866, -0.7873750919687729 
0.2799999999999855, -0.7878392735199499 
0.2899999999999844, -0.7879498201641625 
0.2999999999999833, -0.7877893222028832 
0.3099999999999822, -0.7874019950203643 
0.3199999999999811, -0.7868024314270688 
0.32999999999998, -0.7859867527772668 
0.3399999999999789, -0.7849501025367666 
0.3499999999999778, -0.7837199886049524 
0.35999999999997667, -0.7824193911674105 
0.36999999999997557, -0.7813695772767473 
0.37999999999997447, -0.7812110062309745 
0.38999999999997337, -0.7829389757336234 
0.39999999999997227, -0.7876532128542417 
0.40999999999997117, -0.7959046361159211 
0.41999999999997006, -0.8070089229595249 
0.42999999999996896, -0.8191279338369017 
0.43999999999996786, -0.8302689795161935 
0.44999999999996676, -0.8392337646592403 
0.45999999999996566, -0.8457771235878331 
0.46999999999996456, -0.8502332556035936 
0.47999999999996346, -0.8531167548305086 
0.48999999999996235, -0.8548989858408531 
0.49999999999996125, -0.8559335835601773 
0.5099999999999602, -0.856456510385881 
0.519999999999959, -0.8566088735051519 
0.529999999999958, -0.8564582303807409 
0.5399999999999568, -0.8560096835636305 
0.5499999999999557, -0.8552037784417938 
0.5599999999999546, -0.8538990427483892 
0.5699999999999535, -0.8518374003779877 
0.5799999999999524, -0.8485968356946856 
0.5899999999999513, -0.843558932636129 
0.5999999999999502, -0.8359697255269088 
0.6099999999999491, -0.8252174457450983 
0.619999999999948, -0.8113482901650464 
0.6299999999999469, -0.7954850122662684 
0.6399999999999458, -0.7796031184951913 
0.6499999999999447, -0.7656622999892422 
0.6599999999999436, -0.7548162980411302 
0.6699999999999425, -0.7472446549584003 
0.6799999999999414, -0.7424664204946508 
0.6899999999999403, -0.7397467198126109 
0.6999999999999392, -0.7383771850679608 
0.7099999999999381, -0.737802146214989 
0.719999999999937, -0.7376395243777042 
0.7299999999999359, -0.7376507473347746 
0.7399999999999348, -0.737696586916696 
0.7499999999999337, -0.7376974506901269 
0.7599999999999326, -0.73760415439792 
0.7699999999999315, -0.737379133226454 
0.7799999999999304, -0.7369865972305611 
0.7899999999999293, -0.7363909429876109 
0.7999999999999282, -0.7355633558021322 
0.8099999999999271, -0.734494566148616 
0.819999999999926, -0.7332068071737843 
0.8299999999999249, -0.7317550494320515 
0.8399999999999238, -0.7302133718409093 
0.8499999999999227, -0.7286541155951333 
0.8599999999999216, -0.727132644628061 
0.8699999999999205, -0.7256841229428335 
0.8799999999999194, -0.7243294751207089 
0.8899999999999183, -0.7230840630013449 
0.8999999999999172, -0.7219643651047872 
0.9099999999999161, -0.7209910291025627 
0.919999999999915, -0.7201886109357009 
0.9299999999999139, -0.7195829785252703 
0.9399999999999128, -0.7191975048659637 
0.9499999999999117, -0.7190492721326862 
0.9599999999999106, -0.7191464883370992 
0.9699999999999095, -0.7194879530047332 
0.9799999999999084, -0.7200646866715015 
0.9899999999999073, -0.7208630114940371 
0.9999999999999062, -0.7218677234918253 
1.0099999999999052, -0.7230636446243176 
1.019999999999904, -0.7244338008267999 
1.029999999999903, -0.7259530187003213 
1.039999999999902, -0.7275776357243562 
1.0499999999999008, -0.729235856598077 
1.0599999999998997, -0.7308274152490516 
1.0699999999998986, -0.73224014027267 
1.0799999999998975, -0.7333800053344512 
1.0899999999998964, -0.7341973877643293 
1.0999999999998953, -0.7346926341282991 
1.1099999999998942, -0.7349009302148064 
1.119999999999893, -0.7348704666565873 
1.129999999999892, -0.7346465978566112 
1.1399999999998909, -0.7342660855115593 
1.1499999999998898, -0.733760338750635 
1.1599999999998887, -0.7331667410859314 
1.1699999999998876, -0.7325499222201388 
1.1799999999998865, -0.7320376002050486 
1.1899999999998854, -0.7318759958008384 
1.1999999999998843, -0.7325035512938378 
1.2099999999998832, -0.7346213670479943 
1.219999999999882, -0.7391968964463752 
1.229999999999881, -0.7472826431714366 
1.2399999999998799, -0.7595308347733851 
1.2499999999998788, -0.7754939315600684 
1.2599999999998777, -0.7932613251526898 
1.2699999999998766, -0.8101103825071005 
1.2799999999998755, -0.8238929054537276 
1.2899999999998744, -0.8338852346308394 
1.2999999999998733, -0.8405242681820146 
1.3099999999998722, -0.8446850768177262 
1.319999999999871, -0.8471845101486369 
1.32999999999987, -0.8486169816846598 
1.3399999999998689, -0.8493646415138366 
1.3499999999998678, -0.8496533653177961 
1.3599999999998666, -0.8496018283806016 
1.3699999999998655, -0.849251409403957 
1.3799999999998644, -0.8485772283772921 
1.3899999999998633, -0.8474815882457627 
1.3999999999998622, -0.8457690354161654 
1.4099999999998611, -0.8431019082172362 
1.41999999999986, -0.8389436178224873 
1.429999999999859, -0.8325284812923617 
1.4399999999998578, -0.8229657988629206 
1.4499999999998567, -0.8096444957811382 
1.4599999999998556, -0.7929398854563746 
1.4699999999998545, -0.7746773874795395 
1.4799999999998534, -0.7575636531084955 
1.4899999999998523, -0.743809261352798 
1.4999999999998512, -0.7342176982234394 
1.5099999999998501, -0.7283474438729011 
1.519999999999849, -0.7251964030535807 
1.529999999999848, -0.7237583525424525 
1.5399999999998468, -0.7232677245757652 
1.5499999999998457, -0.723228266096455 
1.5599999999998446, -0.723352483647323 
1.5699999999998435, -0.7234872145222628 
1.5799999999998424, -0.7235543087770695 
1.5899999999998413, -0.7235110038624712 
1.5999999999998402, -0.7233259283336156 
1.6099999999998391, -0.7229659069255778 
1.619999999999838, -0.7223910087456856 
1.629999999999837, -0.721557977378867 
1.6399999999998358, -0.7204329767725761 
1.6499999999998347, -0.7190108629547886 
1.6599999999998336, -0.7173305989522109 
1.6699999999998325, -0.715473455299148 
1.6799999999998314, -0.7135411757164505 
1.6899999999998303, -0.7116276049750258 
1.6999999999998292, -0.7098008416278715 
1.709999999999828, -0.7081015717320722 
1.719999999999827, -0.7065517207319862 
1.729999999999826, -0.7051649975370501 
1.7399999999998248, -0.7039542876846124 
1.7499999999998237, -0.7029346836493393 
1.7599999999998226, -0.7021229905078887 
1.7699999999998215, -0.7015351402802137 
1.7799999999998204, -0.7011829531580223 
1.7899999999998193, -0.7010715209833731 
1.7999999999998182, -0.701198153110545 
1.809999999999817, -0.7015532574145154 
1.819999999999816, -0.7021228393364348 
1.8299999999998149, -0.7028917053410938 
1.8399999999998138, -0.7038460783099663 
1.8499999999998127, -0.7049741293960643 
1.8599999999998116, -0.7062629065110164 
1.8699999999998105, -0.7076907171299894 
1.8799999999998094, -0.7092160989127139 
1.8899999999998083, -0.7107685069483709 
1.8999999999998072, -0.7122495822639209 
1.909999999999806, -0.7135515469150134 
1.919999999999805, -0.7145872670852405 
1.9299999999998039, -0.715313989078598 
1.9399999999998028, -0.7157359042521745 
1.9499999999998017, -0.7158880241007319 
1.9599999999998006, -0.7158154942445936 
1.9699999999997995, -0.7155595127617557 
1.9799999999997984, -0.715152782225089 
1.9899999999997973, -0.7146232197737585 
1.9999999999997962, -0.7140053242783619 
2.0099999999998173, -0.7133614667098094 
2.0199999999998384, -0.7128182362087829 
2.0299999999998595, -0.7126236308823429 
2.0399999999998806, -0.7132246968278714 
2.0499999999999017, -0.7153430991665142 
2.059999999999923, -0.7199772956203752 
2.069999999999944, -0.7281938331201167 
2.079999999999965, -0.7405766947324518 
2.089999999999986, -0.7564830891415621 
2.100000000000007, -0.7737911116298798 
2.1100000000000283, -0.7897861634645318 
2.1200000000000494, -0.8025865379435221 
2.1300000000000705, -0.8117512961734302 
2.1400000000000916, -0.8178296413163885 
2.1500000000001127, -0.8216652790879213 
2.160000000000134, -0.8239979086232934 
2.170000000000155, -0.8253556039519152 
2.180000000000176, -0.8260777184117384 
2.190000000000197, -0.8263660625231759 
2.2000000000002182, -0.826326764891126 
2.2100000000002393, -0.8259948950204634 
2.2200000000002604, -0.8253422614391452 
2.2300000000002815, -0.8242689454829557 
2.2400000000003026, -0.8225775640207585 
2.2500000000003237, -0.8199306073871769 
2.260000000000345, -0.8158036676061524 
2.270000000000366, -0.809484584443398 
2.280000000000387, -0.8002291714713803 
2.290000000000408, -0.7876824687349617 
2.3000000000004293, -0.7724280122087623 
2.3100000000004504, -0.7561313943946162 
2.3200000000004715, -0.7408987878826379 
2.3300000000004926, -0.7283229291552948 
2.3400000000005137, -0.7190100521728099 
2.3500000000005348, -0.7127392394051186 
2.360000000000556, -0.7088734863198676 
2.370000000000577, -0.7066988636400444 
2.380000000000598, -0.7056041655741503 
2.390000000000619, -0.7051374585668049 
2.4000000000006403, -0.7049962186309687 
2.4100000000006614, -0.7049921377383778 
2.4200000000006825, -0.705013211835423 
2.4300000000007036, -0.7049926805543609 
2.4400000000007247, -0.7048871298928383 
2.450000000000746, -0.7046631522207788 
2.460000000000767, -0.7042916131256722 
2.470000000000788, -0.7037489723163308 
2.480000000000809, -0.7030243780122214 
2.49000000000083, -0.7021283928744138 
2.5000000000008513, -0.7010962640916985 
2.5100000000008724, -0.6999805418267456 
2.5200000000008935, -0.698835733408522 
2.5300000000009146, -0.6977042437377367 
2.5400000000009357, -0.6966110600791395 
2.550000000000957, -0.6955674703431872 
2.560000000000978, -0.694579098591959 
2.570000000000999, -0.6936534346092796 
2.58000000000102, -0.6928045757077061 
2.5900000000010412, -0.6920551683291125 
2.6000000000010624, -0.6914363390968122 
2.6100000000010835, -0.690986190752439 
2.6200000000011046, -0.6907471362618038 
2.6300000000011257, -0.6907624370622945 
2.6400000000011468, -0.6910726728007213 
2.650000000001168, -0.6917130701362171 
2.660000000001189, -0.6927123043321133 
2.67000000000121, -0.6940925059333696 
2.680000000001231, -0.695868977190975 
2.6900000000012523, -0.6980469209409159 
2.7000000000012734, -0.7006119375528621 
2.7100000000012945, -0.7035125104797026 
2.7200000000013156, -0.7066383643859685 
2.7300000000013367, -0.709808914724572 
2.740000000001358, -0.712793118907318 
2.750000000001379, -0.7153685629223099 
2.7600000000014, -0.7173915177397495 
2.770000000001421, -0.7188299237103716 
2.780000000001442, -0.7197415022207191 
2.7900000000014633, -0.7202241024111131 
2.8000000000014844, -0.7203734151090767 
2.8100000000015055, -0.7202614386461648 
2.8200000000015266, -0.7199310208187459 
2.8300000000015477, -0.719398049546873 
2.840000000001569, -0.7186563839157387 
2.85000000000159, -0.7176850410308293 
2.860000000001611, -0.7164608317984186 
2.870000000001632, -0.7149824068378134 
2.8800000000016532, -0.7133111166339472 
2.8900000000016743, -0.7116220695620175 
2.9000000000016954, -0.7102235790402239 
2.9100000000017165, -0.7094595616827756 
2.9200000000017377, -0.7094636990034188 
2.9300000000017588, -0.7099979488644974 
2.94000000000178, -0.7107165612375652 
2.950000000001801, -0.7115761459402395 
2.960000000001822, -0.7127470165844819 
2.970000000001843, -0.7142449729236278 
2.9800000000018643, -0.71586772126167 
2.9900000000018854, -0.71737545094757 
3.0000000000019065, -0.7186193668869801 
3.0100000000019276, -0.7195524673502629 
3.0200000000019487, -0.7201891657532855 
3.03000000000197, -0.7205655917084419 
3.040000000001991, -0.720714870492995 
3.050000000002012, -0.7206543269865652 
3.060000000002033, -0.7203786370709342 
3.070000000002054, -0.7198549932821732 
3.0800000000020753, -0.7190196253765508 
3.0900000000020964, -0.7177791957730894 
3.1000000000021175, -0.7160252294087389 
3.1100000000021386, -0.7136703211761566 
3.1200000000021597, -0.7107021947577108 
3.130000000002181, -0.7072258020051986 
3.140000000002202, -0.7034536462101223 
3.150000000002223, -0.6996404920253273 
3.160000000002244, -0.6960076580373977 
3.1700000000022652, -0.6927027607302496 
3.1800000000022863, -0.6898011102185916 
3.1900000000023074, -0.6873275729174231 
3.2000000000023285, -0.6852787524539012 
3.2100000000023496, -0.6836371776526808 
3.2200000000023707, -0.6823776766360717 
3.230000000002392, -0.6814691508072755 
3.240000000002413, -0.6808749091093607 
3.250000000002434, -0.6805535688739419 
3.260000000002455, -0.6804612252261628 
3.2700000000024763, -0.6805545793552021 
3.2800000000024974, -0.6807942343988174 
3.2900000000025185, -0.6811474233174948 
3.3000000000025396, -0.6815897536959736 
3.3100000000025607, -0.6821057237805828 
3.3200000000025818, -0.6826875318503316 
3.330000000002603, -0.6833313197630806 
3.340000000002624, -0.6840302839104172 
3.350000000002645, -0.6847658525339744 
3.360000000002666, -0.6855009833009282 
3.3700000000026873, -0.6861812355180191 
3.3800000000027084, -0.6867463716252465 
3.3900000000027295, -0.6871477366387018 
3.4000000000027506, -0.6873610531103644 
3.4100000000027717, -0.687387654716444 
3.420000000002793, -0.6872464310970978 
3.430000000002814, -0.6869640979783528 
3.440000000002835, -0.6865698225708792 
3.450000000002856, -0.6860965149603893 
3.460000000002877, -0.6855893755827851 
3.4700000000028983, -0.6851227897373354 
3.4800000000029194, -0.6848277834203546 
3.4900000000029405, -0.6849321513845242 
3.5000000000029616, -0.6858116747899439 
3.5100000000029827, -0.6880398439551144 
3.520000000003004, -0.6924001761356362 
3.530000000003025, -0.6997882332957379 
3.540000000003046, -0.7109035418339703 
3.550000000003067, -0.7257060881762646 
3.5600000000030882, -0.7429134010215913 
3.5700000000031094, -0.7601575787342637 
3.5800000000031305, -0.7750580672567315 
3.5900000000031516, -0.7863592377198356 
3.6000000000031727, -0.7941158119957714 
3.6100000000031938, -0.7990898854182285 
3.620000000003215, -0.8021386734178076 
3.630000000003236, -0.8039353495047254 
3.640000000003257, -0.8049305337532517 
3.650000000003278, -0.8053997224787597 
3.6600000000032993, -0.8054972212243543 
3.6700000000033204, -0.80529325675932 
3.6800000000033415, -0.8047921024098192 
3.6900000000033626, -0.8039329672801356 
3.7000000000033837, -0.8025738714648789 
3.710000000003405, -0.8004573201783465 
3.720000000003426, -0.7971608646950529 
3.730000000003447, -0.7920568468196022 
3.740000000003468, -0.7843580498401962 
3.750000000003489, -0.7733860033293773 
3.7600000000035103, -0.7591177660729022 
3.7700000000035314, -0.7426784653614521 
3.7800000000035525, -0.7261419390194945 
3.7900000000035736, -0.71157792754475 
3.8000000000035947, -0.7001796055900034 
3.810000000003616, -0.6921101654308994 
3.820000000003637, -0.6868723082832493 
3.830000000003658, -0.683738409704668 
3.840000000003679, -0.6820200461891415 
3.8500000000037002, -0.6811767805140128 
3.8600000000037213, -0.6808293490207221 
3.8700000000037424, -0.6807316525650026 
3.8800000000037635, -0.6807326130151805 
3.8900000000037847, -0.6807419575919903 
3.9000000000038058, -0.6807044556836102 
3.910000000003827, -0.6805828056368338 
3.920000000003848, -0.6803481465146936 
3.930000000003869, -0.6799773404349688 
3.94000000000389, -0.6794561462071624 
3.9500000000039113, -0.6787858739975333 
3.9600000000039324, -0.677988389486085 
3.9700000000039535, -0.6771036530903422 
3.9800000000039746, -0.6761785754930405 
3.9900000000039957, -0.6752530571247313 
4.000000000004016, -0.6743513549469087 
4.010000000003993, -0.6734823432723861 
4.02000000000397, -0.6726462049418747 
4.030000000003946, -0.6718426459188347 
4.040000000003923, -0.6710771123378089 
4.0500000000039, -0.6703641795039501 
4.0600000000038765, -0.6697290012212147 
4.070000000003853, -0.6692078511375166 
4.08000000000383, -0.6688481018247006 
4.090000000003807, -0.6687074110178505 
4.100000000003783, -0.6688518432383772 
4.11000000000376, -0.66935304826311 
4.120000000003737, -0.6702850345524427 
4.130000000003713, -0.671721012145947 
4.14000000000369, -0.6737298670541471 
4.150000000003667, -0.6763700351851127 
4.1600000000036434, -0.6796763961529486 
4.17000000000362, -0.6836349827783242 
4.180000000003597, -0.6881446525485493 
4.1900000000035735, -0.6929795143437408 
4.20000000000355, -0.6977878344066143 
4.210000000003527, -0.7021650259843526 
4.220000000003504, -0.7057856858473524 
4.23000000000348, -0.7085080494761531 
4.240000000003457, -0.7103763315575412 
4.250000000003434, -0.7115414861143542 
4.26000000000341, -0.7121744057040738 
4.270000000003387, -0.7124153426058302 
4.280000000003364, -0.7123579872434322 
4.2900000000033405, -0.7120505123562955 
4.300000000003317, -0.7114999019755015 
4.310000000003294, -0.7106729014310288 
4.320000000003271, -0.7094908443731314 
4.330000000003247, -0.7078167207041336 
4.340000000003224, -0.7054325063708047 
4.350000000003201, -0.7020045527678207 
4.360000000003177, -0.6970404332052014 
4.370000000003154, -0.689873172375023 
4.380000000003131, -0.6798027619301652 
4.390000000003107, -0.6666022634156705 
4.400000000003084, -0.6512549569372469 
4.410000000003061, -0.6360065571370832 
4.4200000000030375, -0.6231714843157763 
4.430000000003014, -0.613870010864492 
4.440000000002991, -0.607919029022425 
4.450000000002968, -0.6044933934197689 
4.460000000002944, -0.6027150285451152 
4.470000000002921, -0.6019051469163634 
4.480000000002898, -0.6016140135448714 
4.490000000002874, -0.6015694422047184 
4.500000000002851, -0.601615902173435 
4.510000000002828, -0.6016671299629298 
4.520000000002804, -0.6016745410641593 
4.530000000002781, -0.6016079860408972 
4.540000000002758, -0.6014452603687406 
4.5500000000027345, -0.6011681474754814 
4.560000000002711, -0.6007638827097896 
4.570000000002688, -0.6002306763260175 
4.580000000002665, -0.5995839293142393 
4.590000000002641, -0.5988577029508872 
4.600000000002618, -0.5980975152956634 
4.610000000002595, -0.5973466343679207 
4.620000000002571, -0.5966334485730241 
4.630000000002548, -0.5959665992601935 
4.640000000002525, -0.5953389082766278 
4.6500000000025015, -0.5947362865069596 
4.660000000002478, -0.5941466367948733 
4.670000000002455, -0.5935656829045384 
4.6800000000024315, -0.5929995970144218 
4.690000000002408, -0.5924662223774291 
4.700000000002385, -0.5919969020523707 
4.710000000002362, -0.5916401508192088 
4.720000000002338, -0.5914675893838595 
4.730000000002315, -0.5915820615081844 
4.740000000002292, -0.5921275489012185 
4.750000000002268, -0.5933000348492448 
4.760000000002245, -0.5953572202998034 
4.770000000002222, -0.5986217397852803 
4.7800000000021985, -0.6034653045906061 
4.790000000002175, -0.6102489520808174 
4.800000000002152, -0.6191844531371664 
4.810000000002129, -0.6301050194052027 
4.820000000002105, -0.6422422461060823 
4.830000000002082, -0.6542654491673943 
4.840000000002059, -0.6647673409483058 
4.850000000002035, -0.6729008252611859 
4.860000000002012, -0.6786033093243486 
4.870000000001989, -0.6823198356633229 
4.880000000001965, -0.684616783893916 
4.890000000001942, -0.6859648336278148 
4.900000000001919, -0.686688061206792 
4.9100000000018955, -0.6869858494256303 
4.920000000001872, -0.686966772454635 
4.930000000001849, -0.6866727392760947 
4.940000000001826, -0.6860893581738285 
4.950000000001802, -0.6851428910751319 
4.960000000001779, -0.6836845262798171 
4.970000000001756, -0.6814651828340443 
4.980000000001732, -0.6781155829227712 
4.990000000001709, -0.6731736196296881 
5.000000000001686, -0.6662295902809905 
5.0100000000016625, -0.6572145308191748 
5.020000000001639, -0.646663989261335 
5.030000000001616, -0.6356453497077927 
5.0400000000015925, -0.6253080894019407 
5.050000000001569, -0.6164386307141072 
5.060000000001546, -0.6093331761068066 
5.070000000001523, -0.6039269479835553 
5.080000000001499, -0.5999779508287204 
5.090000000001476, -0.5971964751375615 
5.100000000001453, -0.595310292596507 
5.110000000001429, -0.5940888419711398 
5.120000000001406, -0.5933474863711272 
5.130000000001383, -0.5929437582536542 
5.1400000000013595, -0.5927710090421691 
5.150000000001336, -0.5927516783357266 
5.160000000001313, -0.5928311508828574 
5.17000000000129, -0.5929727549366276 
5.180000000001266, -0.5931542313427253 
5.190000000001243, -0.5933656194566237 
5.20000000000122, -0.5936078037425263 
5.210000000001196, -0.5938901294993806 
5.220000000001173, -0.5942252520247198 
5.23000000000115, -0.5946206074817182 
5.240000000001126, -0.5950685819986449 
5.250000000001103, -0.5955401698430995 
5.26000000000108, -0.5959873038089856 
5.2700000000010565, -0.5963551209644977 
5.280000000001033, -0.5965984354358171 
5.29000000000101, -0.5966928959654462 
5.300000000000987, -0.5966356112090687 
5.310000000000963, -0.596438046334562 
5.32000000000094, -0.5961176943756261 
5.330000000000917, -0.5956931873614715 
5.340000000000893, -0.5951844799982037 
5.35000000000087, -0.5946185655470548 
5.360000000000847, -0.594041932544678 
5.3700000000008234, -0.5935425483707831 
5.3800000000008, -0.593285110385889 
5.390000000000777, -0.5935605289807764 
5.4000000000007535, -0.5948364024227796 
5.41000000000073, -0.5977559732430734 
5.420000000000707, -0.6029671916779785 
5.430000000000684, -0.6106598795739142 
5.44000000000066, -0.6199967857455599 
5.450000000000637, -0.6291960051746434 
5.460000000000614, -0.6366705601491897 
5.47000000000059, -0.642018217641993 
5.480000000000567, -0.6457274915369704 
5.490000000000544, -0.6483868399155093 
5.5000000000005205, -0.6503545702006822 
5.510000000000497, -0.6518105242839332 
5.520000000000474, -0.6528589781263694 
5.5300000000004506, -0.6535771457295864 
5.540000000000427, -0.654026505832994 
5.550000000000404, -0.6542522120206913 
5.560000000000381, -0.6542809821502995 
5.570000000000357, -0.6541194662162658 
5.580000000000334, -0.6537529503399065 
5.590000000000311, -0.6531450022766234 
5.600000000000287, -0.6522407548429274 
5.610000000000264, -0.6509787709846693 
5.620000000000241, -0.6493156574782392 
5.6300000000002175, -0.6472589525827452 
5.640000000000194, -0.6448891777716466 
5.650000000000171, -0.6423488286961276 
5.660000000000148, -0.6397991292627221 
5.670000000000124, -0.6373732846164759 
5.680000000000101, -0.6351536279883024 
5.690000000000078, -0.6331756509786424 
5.700000000000054, -0.6314451762285948 
5.710000000000031, -0.6299554561424252 
5.720000000000008, -0.6286984156561699 
5.729999999999984, -0.6276698287774317 
5.739999999999961, -0.6268703328856148 
5.749999999999938, -0.6263042787069916 
5.7599999999999145, -0.6259778869816637 
5.769999999999891, -0.6258976771381687 
5.779999999999868, -0.6260697511322163 
5.789999999999845, -0.6265001702703826 
5.799999999999821, -0.6271962814125328 
5.809999999999798, -0.6281683980234267 
5.819999999999775, -0.6294306751989859 
5.829999999999751, -0.6309992953247308 
5.839999999999728, -0.6328853862867108 
5.849999999999705, -0.6350802840692429 
5.8599999999996815, -0.6375337288295378 
5.869999999999658, -0.6401333140187199 
5.879999999999635, -0.6427033235904568 
5.8899999999996115, -0.6450398665187638 
5.899999999999588, -0.6469738355010525 
5.909999999999565, -0.6484220265322544 
5.919999999999542, -0.6493923329530681 
5.929999999999518, -0.6499495902104455 
5.939999999999495, -0.6501737393620086 
5.949999999999472, -0.6501319067630719 
5.959999999999448, -0.6498664042824492 
5.969999999999425, -0.6493916398878765 
5.979999999999402, -0.6486932036214091 
5.9899999999993785, -0.6477250160861174 
5.999999999999355, -0.6464018958565865 
6.009999999999332, -0.6445843466590324 
6.019999999999309, -0.642049419190379 
6.029999999999285, -0.6384375671765304 
6.039999999999262, -0.6331744240080763 
6.049999999999239, -0.6254374744125658 
6.059999999999215, -0.614412794435843 
6.069999999999192, -0.6000914911158902 
6.079999999999169, -0.5840560173293162 
6.089999999999145, -0.5689511042877505 
6.099999999999122, -0.556841121364309 
6.109999999999099, -0.5483102057468701 
6.1199999999990755, -0.5428516409829869 
6.129999999999052, -0.53960430899743 
6.139999999999029, -0.5377903074052799 
6.149999999999006, -0.5368435757651564 
6.159999999998982, -0.5363935284903227 
6.169999999998959, -0.5362112638049963 
6.179999999998936, -0.5361599631577294 
6.189999999998912, -0.5361589998166547 
6.199999999998889, -0.5361605781795178 
6.209999999998866, -0.5361356821821602 
6.2199999999988425, -0.5360666817185827 
6.229999999998819, -0.5359448136980849 
6.239999999998796, -0.5357709860604316 
6.2499999999987725, -0.5355576586627822 
6.259999999998749, -0.5353285997637804 
6.269999999998726, -0.5351137906146745 
6.279999999998703, -0.5349396764484151 
6.289999999998679, -0.5348186390916851 
6.299999999998656, -0.5347429478334907 
6.309999999998633, -0.534686547381466 
6.319999999998609, -0.5346141183570701 
6.329999999998586, -0.5344928685637063 
6.339999999998563, -0.5343011633894432 
6.3499999999985395, -0.5340309084819841 
6.359999999998516, -0.533685113523985 
6.369999999998493, -0.5332743965694464 
6.37999999999847, -0.5328156152512233 
6.389999999998446, -0.5323344066695868 
6.399999999998423, -0.5318728862324437 
6.4099999999984, -0.5315043217041778 
6.419999999998376, -0.5313575943859663 
6.429999999998353, -0.5316541645938813 
6.43999999999833, -0.5327550880908435 
6.449999999998306, -0.5351956139410046 
6.459999999998283, -0.539634503167851 
6.46999999999826, -0.5465741526222028 
6.4799999999982365, -0.5557638222204108 
6.489999999998213, -0.5656934962773063 
6.49999999999819, -0.574168285801342 
6.509999999998167, -0.5799138873436566 
6.519999999998143, -0.5832639536089377 
6.52999999999812, -0.5852406481351876 
6.539999999998097, -0.5865994596595316 
6.549999999998073, -0.5876640976655528 
6.55999999999805, -0.5885237325209809 
6.569999999998027, -0.5891950986630543 
6.5799999999980034, -0.5896865815507776 
6.58999999999798, -0.590010546676917 
6.599999999997957, -0.5901797612396138 
6.6099999999979335, -0.5902019499739278 
6.61999999999791, -0.5900759489390495 
6.629999999997887, -0.589789948765251 
6.639999999997864, -0.5893224801884009 
6.64999999999784, -0.5886477635823919 
6.659999999997817, -0.5877470128760267 
6.669999999997794, -0.5866241838629479 
6.67999999999777, -0.5853184913995243 
6.689999999997747, -0.5839027788507545 
6.699999999997724, -0.582464368320055 
6.7099999999977005, -0.5810791143495411 
6.719999999997677, -0.5797943081867818 
6.729999999997654, -0.5786270583753882 
6.7399999999976306, -0.5775737135304493 
6.749999999997607, -0.5766223258773168 
6.759999999997584, -0.5757626848907984 
6.769999999997561, -0.5749922951848676 
6.779999999997537, -0.5743192151431411 
6.789999999997514, -0.5737634514621417 
6.799999999997491, -0.5733582289897902 
6.809999999997467, -0.573151770067657 
6.819999999997444, -0.5732097407526451 
6.829999999997421, -0.57361833922288 
6.8399999999973975, -0.5744879319109215 
6.849999999997374, -0.5759568392853343 
6.859999999997351, -0.5781937863533365 
6.869999999997328, -0.5813948351567018 
6.879999999997304, -0.5857654417737556 
6.889999999997281, -0.5914713602050153 
6.899999999997258, -0.5985408926829193 
6.909999999997234, -0.6067266767908477 
6.919999999997211, -0.6154090194792283 
6.929999999997188, -0.6236915481669573 
6.939999999997164, -0.6307369234795315 
6.949999999997141, -0.6361125117431009 
6.959999999997118, -0.6398566704613072 
6.9699999999970945, -0.6422839255697462 
6.979999999997071, -0.6437604051804986 
6.989999999997048, -0.6445842165574084 
6.999999999997025, -0.6449583174168627 
7.009999999997001, -0.6450029168495923 
7.019999999996978, -0.6447734791693621 
7.029999999996955, -0.6442713316374188 
7.039999999996931, -0.6434433668799627 
7.049999999996908, -0.6421699468081553 
7.059999999996885, -0.64024198809785 
7.0699999999968615, -0.6373360213098973 
7.079999999996838, -0.6330181915501429 
7.089999999996815, -0.626842457769069 
7.0999999999967915, -0.6186009484681692 
7.109999999996768, -0.608632641495729 
7.119999999996745, -0.5978805874696251 
7.129999999996722, -0.587517337231339 
7.139999999996698, -0.5784396627470955 
7.149999999996675, -0.5710458451514848 
7.159999999996652, -0.5653284169123626 
7.169999999996628, -0.5610694651889025 
7.179999999996605, -0.557989827356656 
7.189999999996582, -0.5558253666007336 
7.1999999999965585, -0.5543541894258395 
7.209999999996535, -0.5534002200303116 
7.219999999996512, -0.5528280782975059 
7.229999999996489, -0.5525360018509062 
7.239999999996465, -0.552449267605265 
7.249999999996442, -0.5525147979771444 
7.259999999996419, -0.5526970665731354 
7.269999999996395, -0.5529752602318915 
7.279999999996372, -0.5533414723136072 
7.289999999996349, -0.553799264924736 
7.299999999996325, -0.5543612583323164 
7.309999999996302, -0.5550438969109315 
7.319999999996279, -0.555857983786412 
7.3299999999962555, -0.5567956878635383 
7.339999999996232, -0.5578185067878485 
7.349999999996209, -0.5588543501197138 
7.359999999996186, -0.5598108167387879 
7.369999999996162, -0.5606018408173187 
7.379999999996139, -0.5611725360669417 
7.389999999996116, -0.5615071312846467 
7.399999999996092, -0.5616189930442951 
7.409999999996069, -0.5615334449900931 
7.419999999996046, -0.5612733774842831 
7.4299999999960225, -0.560850760542167 
7.439999999995999, -0.5602623785771177 
7.449999999995976, -0.5594868487806459 
7.4599999999959525, -0.5584800309913079 
7.469999999995929, -0.5571650196130775 
7.479999999995906, -0.5554090621609695 
7.489999999995883, -0.5529713598005899 
7.499999999995859, -0.5493983086277602 
7.509999999995836, -0.54387643515496 
7.519999999995813, -0.5352299691092341 
7.529999999995789, -0.5225248634277351 
7.539999999995766, -0.506336100476842 
7.549999999995743, -0.48920895960318483 
7.5599999999957195, -0.4740984115638264 
7.569999999995696, -0.4625595798615324 
7.579999999995673, -0.4545775105162767 
7.58999999999565, -0.4493864463333141 
7.599999999995626, -0.44613710461114875 
7.609999999995603, -0.4441576242353379 
7.61999999999558, -0.44298332782788996 
7.629999999995556, -0.44231225440316485 
7.639999999995533, -0.441954096609792 
7.64999999999551, -0.4417909898822955 
7.659999999995486, -0.44175118622050225 
7.669999999995463, -0.441792574612572 
7.67999999999544, -0.44189305062904155 
7.6899999999954165, -0.44204553110361855 
7.699999999995393, -0.44225590887638405 
7.70999999999537, -0.44254219731078176 
7.719999999995347, -0.4429327136057245 
7.729999999995323, -0.443460971220747 
7.7399999999953, -0.44415564684479014 
7.749999999995277, -0.44502591663763924 
7.759999999995253, -0.44604590207332045 
7.76999999999523, -0.4471465971999208 
7.779999999995207, -0.4482253836531501 
7.789999999995183, -0.44917473619305054 
7.79999999999516, -0.44991523931113536 
7.809999999995137, -0.4504120574147986 
7.8199999999951135, -0.4506682545138287 
7.82999999999509, -0.45070551936908954 
7.839999999995067, -0.45054537406679307 
7.849999999995044, -0.4501960364017109 
7.85999999999502, -0.44964304115153714 
7.869999999994997, -0.44883892214753746 
7.879999999994974, -0.44768657069013773 
7.88999999999495, -0.44601071155235106 
7.899999999994927, -0.4435147666525986 
7.909999999994904, -0.43973715537172825 
7.9199999999948805, -0.4340721777681008 
7.929999999994857, -0.4259935688741542 
7.939999999994834, -0.415544397313018 
7.9499999999948106, -0.40372256398442374 
7.959999999994787, -0.392135998921575 
7.969999999994764, -0.3821116675376286 
7.979999999994741, -0.37418473300144417 
7.989999999994717, -0.36824886984882177 
7.999999999994694, -0.3639244213019103 
8.00999999999467, -0.3608079164467476 
8.019999999994647, -0.3585698041130664 
8.029999999994624, -0.3569696664984139 
8.0399999999946, -0.3558425520775941 
8.049999999994577, -0.35508078970989104 
8.059999999994554, -0.35461927057486897 
8.06999999999453, -0.35442574763580637 
8.079999999994508, -0.35449583609126906 
8.089999999994484, -0.354852210378824 
8.099999999994461, -0.3555477811307723 
8.109999999994438, -0.356672865050504 
8.119999999994414, -0.358366026625769 
8.129999999994391, -0.3608263352786568 
8.139999999994368, -0.36431897605768443 
8.149999999994344, -0.3691529388899147 
8.159999999994321, -0.37558945514019754 
8.169999999994298, -0.3836391357150988 
8.179999999994275, -0.39280059686015106 
8.189999999994251, -0.40200597169938546 
8.199999999994228, -0.4100451361361059 
8.209999999994205, -0.41619814512637116 
8.219999999994181, -0.4204462004726282 
8.229999999994158, -0.4231855132306353 
8.239999999994135, -0.42487714633489215 
8.249999999994111, -0.42588070138915785 
8.259999999994088, -0.4264322679219177 
8.269999999994065, -0.4266727132693268 
8.279999999994041, -0.4266785804884329 
8.289999999994018, -0.4264835556431418 
8.299999999993995, -0.4260917493794286 
8.309999999993972, -0.42548728578532985 
8.319999999993948, -0.424645274172797 
8.329999999993925, -0.42354832729736114 
8.339999999993902, -0.4222081565202206 
8.349999999993878, -0.4206826731520003 
8.359999999993855, -0.4190733129002395 
8.369999999993832, -0.4174974452549775 
8.379999999993808, -0.41605169015171006 
8.389999999993785, -0.41478901351340214 
8.399999999993762, -0.41371793125635054 
8.409999999993738, -0.4128160902942847 
8.419999999993715, -0.412047137578032 
8.429999999993692, -0.41137428626400674 
8.439999999993669, -0.4107685507594675 
8.449999999993645, -0.4102122924112341 
8.459999999993622, -0.40970006350081417 
8.469999999993599, -0.4092390849375775 
8.479999999993575, -0.4088513954756787 
8.489999999993552, -0.40857939686852324 
8.499999999993529, -0.4084966753704575 
8.509999999993505, -0.40872666075955894 
8.519999999993482, -0.4094723142380918 
8.529999999993459, -0.4110584198647659 
8.539999999993436, -0.41397728280833324 
8.549999999993412, -0.4188915499454778 
8.559999999993389, -0.4264618886311181 
8.569999999993366, -0.4367859632643885 
8.579999999993342, -0.4485172018819549 
8.589999999993319, -0.4587674247525332 
8.599999999993296, -0.46503290228897126 
8.609999999993272, -0.4672781394219073 
8.619999999993249, -0.4672715657300251 
8.629999999993226, -0.46663807806115676 
8.639999999993202, -0.4661238588283815 
8.64999999999318, -0.46588040661514263 
8.659999999993156, -0.4658418952354479 
8.669999999993133, -0.4659114278385821 
8.67999999999311, -0.466015910618948 
8.689999999993086, -0.4661099808180391 
8.699999999993063, -0.4661674473049877 
8.70999999999304, -0.46617290006055184 
8.719999999993016, -0.4661163622130139 
8.729999999992993, -0.4659911938067438 
8.73999999999297, -0.4657950027643619 
8.749999999992946, -0.4655329440297639 
8.759999999992923, -0.4652216670269918 
8.7699999999929, -0.4648907392433287 
8.779999999992876, -0.46457842868457977 
8.789999999992853, -0.46432163210220034 
8.79999999999283, -0.4641437754331865 
8.809999999992806, -0.4640461980714341 
8.819999999992783, -0.4640069500203981 
8.82999999999276, -0.4639877646191783 
8.839999999992736, -0.4639463241825137 
8.849999999992713, -0.46384805806263 
8.85999999999269, -0.4636722164997867 
8.869999999992666, -0.46341112334287604 
8.879999999992643, -0.46306551678822316 
8.88999999999262, -0.46263967258498007 
8.899999999992596, -0.46213842785435955 
8.909999999992573, -0.46156654768669714 
8.91999999999255, -0.46092997288449905 
8.929999999992527, -0.4602376318182448 
8.939999999992503, -0.4594997231994382 
8.94999999999248, -0.4587097014827977 
8.959999999992457, -0.45777644804733475 
8.969999999992433, -0.45634446850515176 
8.97999999999241, -0.453478543341574 
8.989999999992387, -0.4475179791856734 
8.999999999992363, -0.43694927122342236 
9.00999999999234, -0.42232677902754734 
9.019999999992317, -0.4066896387310791 
9.029999999992294, -0.3932028614704594 
9.03999999999227, -0.3831946308183708 
9.049999999992247, -0.37641147563182725 
9.059999999992224, -0.37203245835714555 
9.0699999999922, -0.36927428405917034 
9.079999999992177, -0.3675624203212184 
9.089999999992154, -0.3665173513880879 
9.09999999999213, -0.36589977403664814 
9.109999999992107, -0.3655624077783721 
9.119999999992084, -0.3654167525374641 
9.12999999999206, -0.365412331738665 
9.139999999992037, -0.36552464004265023 
9.149999999992014, -0.3657488870628262 
9.15999999999199, -0.36609750788516077 
9.169999999991967, -0.3665997628977863 
9.179999999991944, -0.36730151528630456 
9.18999999999192, -0.36826256490388526 
9.199999999991897, -0.3695479232575474 
9.209999999991874, -0.37120871495702185 
9.21999999999185, -0.3732503594629203 
9.229999999991827, -0.3755954279746017 
9.239999999991804, -0.37806683752315035 
9.24999999999178, -0.38042358799367626 
9.259999999991757, -0.382445482332096 
9.269999999991734, -0.3840090792628739 
9.27999999999171, -0.3851012949141773 
9.289999999991688, -0.3857791692947164 
9.299999999991664, -0.3861198222151604 
9.309999999991641, -0.38618791032943356 
9.319999999991618, -0.3860215706767727 
9.329999999991594, -0.3856278154218704 
9.339999999991571, -0.3849800125300933 
9.349999999991548, -0.38401479426942325 
9.359999999991524, -0.38263121501497216 
9.369999999991501, -0.3807022727614641 
9.379999999991478, -0.37811539415123824 
9.389999999991455, -0.3748494141790714 
9.399999999991431, -0.37105285925222736 
9.409999999991408, -0.36704333074296985 
9.419999999991385, -0.36319203627850033 
9.429999999991361, -0.3597777910525104 
9.439999999991338, -0.35692162120168636 
9.449999999991315, -0.35461451920699993 
9.459999999991291, -0.35277943913463927 
9.469999999991268, -0.35132136126929525 
9.479999999991245, -0.3501545330146293 
9.489999999991221, -0.3492131011245601 
9.499999999991198, -0.348453218893284 
9.509999999991175, -0.347852149585911 
9.519999999991152, -0.3474075900023349 
9.529999999991128, -0.3471391653036787 
9.539999999991105, -0.34709363445151487 
9.549999999991082, -0.3473556376441606 
9.559999999991058, -0.3480666825696096 
9.569999999991035, -0.34945611894073986 
9.579999999991012, -0.3518875059256944 
9.589999999990988, -0.355916422695817 
9.599999999990965, -0.3623254708901376 
9.609999999990942, -0.37201936085619486 
9.619999999990918, -0.3855376496906872 
9.629999999990895, -0.40205898210730373 
9.639999999990872, -0.4187350585955737 
9.649999999990849, -0.4320637909295342 
9.659999999990825, -0.4405324893462268 
9.669999999990802, -0.4450823322931582 
9.679999999990779, -0.44738738103502407 
9.689999999990755, -0.4486295309758864 
9.699999999990732, -0.4493901113679243 
9.709999999990709, -0.4499070934147742 
9.719999999990685, -0.4502716466199554 
9.729999999990662, -0.4505203227232357 
9.739999999990639, -0.4506696872720942 
9.749999999990616, -0.4507275921099724 
9.759999999990592, -0.45069660288101215 
9.769999999990569, -0.4505756494906398 
9.779999999990546, -0.45036237342855745 
9.789999999990522, -0.45005726138998525 
9.799999999990499, -0.4496693832731995 
9.809999999990476, -0.44922157719182954 
9.819999999990452, -0.4487512044804787 
9.829999999990429, -0.44830356278839983 
9.839999999990406, -0.44791942150786734 
9.849999999990382, -0.44762238368978835 
9.85999999999036, -0.4474119164039333 
9.869999999990336, -0.44726467219557636 
9.879999999990313, -0.44714314888756235 
9.88999999999029, -0.44700783816406675 
9.899999999990266, -0.4468274877442712 
9.909999999990243, -0.44658359053594765 
9.91999999999022, -0.44626910166201467 
9.929999999990196, -0.44588433303865227 
9.939999999990173, -0.4454331209859501 
9.94999999999015, -0.4449208938333479 
9.959999999990126, -0.444354936291156 
9.969999999990103, -0.4437463551230286 
9.97999999999008, -0.44311200853115773 
9.989999999990056, -0.44247051385068736 
9.999999999990033, -0.44181434820022336 
10.00999999999001, -0.4410135790045695 
10.019999999989986, -0.43958059234192587 
10.029999999989963, -0.4363202636575938 
10.03999999998994, -0.42936079612707057 
10.049999999989916, -0.4174902137762528 
10.059999999989893, -0.4020973945348209 
10.06999999998987, -0.3866745197851599 
10.079999999989846, -0.37402998301364854 
10.089999999989823, -0.3649432869808193 
10.0999999999898, -0.35888397254825366 
10.109999999989776, -0.35499228508063296 
10.119999999989753, -0.3525368668817057 
10.12999999998973, -0.3510051909052977 
10.139999999989707, -0.35006573492298515 
10.149999999989683, -0.3495117305557522 
10.15999999998966, -0.3492171333180528 
10.169999999989637, -0.34910762565677533 
10.179999999989613, -0.3491430690702997 
10.18999999998959, -0.34930773613201865 
10.199999999989567, -0.34960571045357014 
10.209999999989543, -0.3500596203069225 
10.21999999998952, -0.35071105260600366 
10.229999999989497, -0.35162053443727936 
10.239999999989474, -0.3528638611659589 
10.24999999998945, -0.3545198521940495 
10.259999999989427, -0.35664338350177294 
10.269999999989404, -0.3592213381922013 
10.27999999998938, -0.362125968961885 
10.289999999989357, -0.36510655518857865 
10.299999999989334, -0.3678578482997203 
10.30999999998931, -0.3701379540520254 
10.319999999989287, -0.3718458710213351 
10.329999999989264, -0.37300919758276796 
10.33999999998924, -0.3737199801426548 
10.349999999989217, -0.3740768364909222 
10.359999999989194, -0.3741550357576686 
10.36999999998917, -0.37399734903780285 
10.379999999989147, -0.3736134288468878 
10.389999999989124, -0.37298063180611407 
10.3999999999891, -0.37204513293729485 
10.409999999989077, -0.3707276062557737 
10.419999999989054, -0.36894283981067943 
10.42999999998903, -0.36664246036943804 
10.439999999989007, -0.3638729237520241 
10.449999999988984, -0.36080810962230425 
10.45999999998896, -0.3577099636868188 
10.469999999988937, -0.3548302319335718 
10.479999999988914, -0.352327605298035 
10.48999999998889, -0.35025034406018907 
10.499999999988868, -0.34856832645912345 
10.509999999988844, -0.3472151800161666 
10.519999999988821, -0.3461186999830518 
10.529999999988798, -0.34521692025315587 
10.539999999988774, -0.34446435783381113 
10.549999999988751, -0.3438332079417054 
10.559999999988728, -0.34331297037927544 
10.569999999988704, -0.3429108996098491 
10.579999999988681, -0.3426550592608208 
10.589999999988658, -0.3426017069654543 
10.599999999988635, -0.3428492791894505 
10.609999999988611, -0.3435621985507694 
10.619999999988588, -0.34500805494376496 
10.629999999988565, -0.3476074474641391 
10.639999999988541, -0.35197448950161336 
10.649999999988518, -0.3588594814983307 
10.659999999988495, -0.3687763144883116 
10.669999999988471, -0.3810950806159639 
10.679999999988448, -0.39317530709934295 
10.689999999988425, -0.4014549060500661 
10.699999999988401, -0.4045195563255118 
10.709999999988378, -0.40399228057529324 
10.719999999988355, -0.4022354533306885 
10.729999999988332, -0.4006089583399343 
10.739999999988308, -0.399497008186325 
10.749999999988285, -0.39884920060997364 
10.759999999988262, -0.3985165749285838 
10.769999999988238, -0.3983702348264406 
10.779999999988215, -0.3983224431358096 
10.789999999988192, -0.39831906711125864 
10.799999999988168, -0.3983283873397917 
10.809999999988145, -0.3983328004402785 
10.819999999988122, -0.3983241996177091 
10.829999999988098, -0.3983024881163438 
10.839999999988075, -0.39827634183208777 
10.849999999988052, -0.3982648138506412 
10.859999999988029, -0.3982976348846658 
10.869999999988005, -0.39841188442712916 
10.879999999987982, -0.3986438622304022 
10.889999999987959, -0.39901714199694394 
10.899999999987935, -0.399529925087947 
10.909999999987912, -0.40014677073116645 
10.919999999987889, -0.40080099519598245 
10.929999999987865, -0.40141092830906794 
10.939999999987842, -0.4019038728363399 
10.949999999987819, -0.4022340406817131 
10.959999999987796, -0.40238514357445726 
10.969999999987772, -0.4023602054930751 
10.979999999987749, -0.40216732020161616 
10.989999999987726, -0.4018072548709405 
10.999999999987702, -0.40126331827730255 
11.009999999987679, -0.40049035206859196 
11.019999999987656, -0.3993980070139857 
11.029999999987632, -0.3978226110864215 
11.039999999987609, -0.39548405327108765 
11.049999999987586, -0.39193974405615406 
11.059999999987562, -0.38659824001335275 
11.06999999998754, -0.37893242076580025 
11.079999999987516, -0.3689675283698283 
11.089999999987493, -0.35767802036360236 
11.09999999998747, -0.34664517296817665 
11.109999999987446, -0.3371569897289769 
11.119999999987423, -0.32970600105494396 
11.1299999999874, -0.32415895524188887 
11.139999999987376, -0.32013059255301446 
11.149999999987353, -0.31722605936117027 
11.15999999998733, -0.31513010582423606 
11.169999999987306, -0.3136172403164149 
11.179999999987283, -0.3125361976493294 
11.18999999998726, -0.3117917059042782 
11.199999999987236, -0.31133063086616813 
11.209999999987213, -0.3111337272359068 
11.21999999998719, -0.31121277479979803 
11.229999999987166, -0.311613019260571 
11.239999999987143, -0.31242149473001835 
11.24999999998712, -0.3137825002724451 
11.259999999987096, -0.31592154037030545 
11.269999999987073, -0.31917634453564375 
11.27999999998705, -0.3240224236698638 
11.289999999987026, -0.33104931329086124 
11.299999999987003, -0.34078536890600875 
11.30999999998698, -0.3532484936699839 
11.319999999986956, -0.3673581546385992 
11.329999999986933, -0.3809478862625836 
11.33999999998691, -0.39194360473163503 
11.349999999986887, -0.39960405835828305 
11.359999999986863, -0.4044399099067486 
11.36999999998684, -0.407357127541191 
11.379999999986817, -0.4090994630304511 
11.389999999986793, -0.41013979701690884 
11.39999999998677, -0.41074904894692743 
11.409999999986747, -0.4110766077216567 
11.419999999986723, -0.4112029219538698 
11.4299999999867, -0.41116871497638174 
11.439999999986677, -0.4109908731472259 
11.449999999986654, -0.41067237179878785 
11.45999999998663, -0.41021096486468356 
11.469999999986607, -0.409609162401134 
11.479999999986584, -0.4088849426303753 
11.48999999998656, -0.4080786719532671 
11.499999999986537, -0.4072501277458911 
11.509999999986514, -0.4064642632239323 
11.51999999998649, -0.40577262908304423 
11.529999999986467, -0.40520034574705355 
11.539999999986444, -0.4047435392034046 
11.54999999998642, -0.4043758082061227 
11.559999999986397, -0.4040595044199133 
11.569999999986374, -0.4037572902758989 
11.57999999998635, -0.4034401684016772 
11.589999999986327, -0.4030902916039718 
11.599999999986304, -0.40269962050748365 
11.60999999998628, -0.40226698412407497 
11.619999999986257, -0.4017957515636885 
11.629999999986234, -0.40129318645570233 
11.63999999998621, -0.40077156237960326 
11.649999999986187, -0.40025006742955754 
11.659999999986164, -0.39975382714513846 
11.66999999998614, -0.39929817901939724 
11.679999999986117, -0.39882550612454487 
11.689999999986094, -0.39802662652544357 
11.69999999998607, -0.3959888524249753 
11.709999999986048, -0.39091097045393386 
11.719999999986024, -0.3808287945901206 
11.729999999986001, -0.3658250244414432 
11.739999999985978, -0.34904640965546707 
11.749999999985954, -0.33421727324113737 
11.759999999985931, -0.323063925385554 
11.769999999985908, -0.3154184304982147 
11.779999999985884, -0.31040595691498196 
11.789999999985861, -0.3071752910953213 
11.799999999985838, -0.3051041174035849 
11.809999999985815, -0.3037841708710243 
11.819999999985791, -0.30295988038686833 
11.829999999985768, -0.302475563663375 
11.839999999985745, -0.3022398548013137 
11.849999999985721, -0.30220414587643524 
11.859999999985698, -0.3023507296152811 
11.869999999985675, -0.3026875449845726 
11.879999999985651, -0.30324759522090855 
11.889999999985628, -0.30409167935914627 
11.899999999985605, -0.3053128037082947 
11.909999999985581, -0.30703899026952286 
11.919999999985558, -0.30942710870738865 
11.929999999985535, -0.3126331961705383 
11.939999999985512, -0.3167396815866982 
11.949999999985488, -0.3216383986678503 
11.959999999985465, -0.32693729073076816 
11.969999999985442, -0.33202708805100334 
11.979999999985418, -0.33634295678985326 
11.989999999985395, -0.33961221844448414 
11.999999999985372, -0.3418750048621738 
12.009999999985348, -0.3433345487205632 
12.019999999985325, -0.344212603023056 
12.029999999985302, -0.34468258308974725 
12.039999999985278, -0.34485869760048204 
12.049999999985255, -0.34480593031856455 
12.059999999985232, -0.3445525688210868 
12.069999999985209, -0.34410049851489355 
12.079999999985185, -0.34343475525452155 
12.089999999985162, -0.34253605753278993 
12.099999999985139, -0.34139904709408747 
12.109999999985115, -0.34005318844981314 
12.119999999985092, -0.3385743188515292 
12.129999999985069, -0.33707324216074347 
12.139999999985045, -0.33566290654407294 
12.149999999985022, -0.33442457307675066 
12.159999999984999, -0.33339245282422525 
12.169999999984976, -0.3325586293518518 
12.179999999984952, -0.3318881249869704 
12.189999999984929, -0.3313348019073138 
12.199999999984906, -0.3308537217568722 
12.209999999984882, -0.33040857447910865 
12.219999999984859, -0.3299742937095399 
12.229999999984836, -0.32953621678275485 
12.239999999984812, -0.32908778195646926 
12.249999999984789, -0.3286284142678902 
12.259999999984766, -0.32816232538759704 
12.269999999984742, -0.3276977938259401 
12.27999999998472, -0.32724451334337396 
12.289999999984696, -0.32680152542188506 
12.299999999984673, -0.3263149857089196 
12.30999999998465, -0.32555720408661787 
12.319999999984626, -0.32385378023662814 
12.329999999984603, -0.31970740603962927 
12.33999999998458, -0.310945306580516 
12.349999999984556, -0.29648685610027764 
12.359999999984533, -0.27854601519793987 
12.36999999998451, -0.2614002409879864 
12.379999999984486, -0.2478817673206183 
12.389999999984463, -0.23837181024234053 
12.39999999998444, -0.23202702804030434 
12.409999999984416, -0.22786039949062128 
12.419999999984393, -0.22511850619625862 
12.42999999998437, -0.22330327745238762 
12.439999999984346, -0.22210447372184614 
12.449999999984323, -0.22133549037074146 
12.4599999999843, -0.22088982278340033 
12.469999999984276, -0.22071542436866798 
12.479999999984253, -0.22080189635650407 
12.48999999998423, -0.22117718366013456 
12.499999999984206, -0.22191254622649023 
12.509999999984183, -0.2231363147968803 
12.51999999998416, -0.22505789654250993 
12.529999999984136, -0.2280018327997412 
12.539999999984113, -0.23244123545353382 
12.54999999998409, -0.2389858914268582 
12.559999999984067, -0.2482084463457011 
12.569999999984043, -0.2601504745983284 
12.57999999998402, -0.2736485789604749 
12.589999999983997, -0.2863808357986254 
12.599999999983973, -0.2962735605329378 
12.60999999998395, -0.30280334068861003 
12.619999999983927, -0.3066922119017806 
12.629999999983903, -0.30891447600388 
12.63999999998388, -0.3101839398714561 
12.649999999983857, -0.3109175165577958 
12.659999999983834, -0.31133788735556017 
12.66999999998381, -0.31156124966003207 
12.679999999983787, -0.3116484426413761 
12.689999999983764, -0.3116316156777443 
12.69999999998374, -0.31152846615687835 
12.709999999983717, -0.31135120039867287 
12.719999999983694, -0.31111373605877707 
12.72999999998367, -0.3108380063017381 
12.739999999983647, -0.31055799229625325 
12.749999999983624, -0.3103189869923978 
12.7599999999836, -0.3101707876527699 
12.769999999983577, -0.31015642942467114 
12.779999999983554, -0.31029999158231797 
12.78999999998353, -0.31059682786320963 
12.799999999983507, -0.3110094693166675 
12.809999999983484, -0.3114730756079519 
12.81999999998346, -0.3119116930896315 
12.829999999983437, -0.3122590096638273 
12.839999999983414, -0.3124722748839538 
12.84999999998339, -0.31253296309453105 
12.859999999983367, -0.31243724328096883 
12.869999999983344, -0.3121832417734686 
12.87999999998332, -0.31175923478609224 
12.889999999983297, -0.3111325170364692 
12.899999999983274, -0.31023613120425464 
12.90999999998325, -0.30895046565701145 
12.919999999983228, -0.3070804477350743 
12.929999999983204, -0.30434246220455463 
12.939999999983181, -0.3004045669178596 
12.949999999983158, -0.29504614459309175 
12.959999999983134, -0.2884223833798346 
12.969999999983111, -0.28119476028119583 
12.979999999983088, -0.2742667278420136 
12.989999999983064, -0.2683195324584906 
12.999999999983041, -0.26359670786405065 
13.009999999983018, -0.2600108895535267 
13.019999999982995, -0.2573390141995883 
13.029999999982971, -0.2553504539379392 
13.039999999982948, -0.2538575489726744 
13.049999999982925, -0.2527241323122771 
13.059999999982901, -0.2518591146066086 
13.069999999982878, -0.2512077617476228 
13.079999999982855, -0.250745323335724 
13.089999999982831, -0.25047465576450995 
13.099999999982808, -0.2504288746109848 
13.109999999982785, -0.2506806086171369 
13.119999999982761, -0.25136064332813857 
13.129999999982738, -0.2526900777598535 
13.139999999982715, -0.2550291733007305 
13.149999999982692, -0.2589335323695402 
13.159999999982668, -0.2651560259099527 
13.169999999982645, -0.27439106190498963 
13.179999999982622, -0.2863941957848396 
13.189999999982598, -0.29863565359707867 
13.199999999982575, -0.3066832077811947 
13.209999999982552, -0.30806926751709657 
13.219999999982528, -0.3047029034032064 
13.229999999982505, -0.3000204424681169 
13.239999999982482, -0.29602859499950396 
13.249999999982458, -0.29320478391414295 
13.259999999982435, -0.2913702864419618 
13.269999999982412, -0.2902275550174459 
13.279999999982389, -0.289535255224714 
13.289999999982365, -0.2891309004576051 
13.299999999982342, -0.28891372477539556 
13.309999999982319, -0.2888250766868782 
13.319999999982295, -0.2888345864516661 
13.329999999982272, -0.2889322126397222 
13.339999999982249, -0.2891247692140822 
13.349999999982225, -0.28943555567506885 
13.359999999982202, -0.28990573206259923 
13.369999999982179, -0.2905957255395456 
13.379999999982156, -0.2915841203836832 
13.389999999982132, -0.2929599352555389 
13.399999999982109, -0.29480201842676035 
13.409999999982086, -0.29713946418375714 
13.419999999982062, -0.29989825972566453 
13.429999999982039, -0.3028677282189586 
13.439999999982016, -0.3057389535818475 
13.449999999981992, -0.30822058849557643 
13.459999999981969, -0.3101493635209019 
13.469999999981946, -0.3115112039201698 
13.479999999981922, -0.3123846966438998 
13.4899999999819, -0.3128732020370966 
13.499999999981876, -0.31306410375079013 
13.509999999981853, -0.3130145134064821 
13.51999999998183, -0.31275032274880155 
13.529999999981806, -0.3122694791014859 
13.539999999981783, -0.31154690432476184 
13.54999999998176, -0.3105434088716726 
13.559999999981736, -0.30922351800061904 
13.569999999981713, -0.3075843491873398 
13.57999999998169, -0.30568568016350084 
13.589999999981666, -0.3036570475906962 
13.599999999981643, -0.30166444887261074 
13.60999999998162, -0.2998535934444802 
13.619999999981596, -0.29830902737268106 
13.629999999981573, -0.297048944465134 
13.63999999998155, -0.29604431230386064 
13.649999999981526, -0.29524283164273746 
13.659999999981503, -0.29458743329845694 
13.66999999998148, -0.2940275413215849 
13.679999999981456, -0.2935242925364517 
13.689999999981433, -0.29305140260096463 
13.69999999998141, -0.2925935619458799 
13.709999999981386, -0.29214414622389157 
13.719999999981363, -0.2917034210119499 
13.72999999998134, -0.2912774726706503 
13.739999999981316, -0.29087667602088274 
13.749999999981293, -0.29050933468712836 
13.75999999998127, -0.2901576510911924 
13.769999999981247, -0.2897026275105594 
13.779999999981223, -0.2887303232381342 
13.7899999999812, -0.28616646230796255 
13.799999999981177, -0.28001566774041037 
13.809999999981153, -0.2682729145234412 
13.81999999998113, -0.2514545965265797 
13.829999999981107, -0.23340752210423849 
13.839999999981083, -0.21807638978866004 
13.84999999998106, -0.20687803626856818 
13.859999999981037, -0.19930281670430874 
13.869999999981014, -0.19431577588388926 
13.87999999998099, -0.19103472983196487 
13.889999999980967, -0.1888559999227437 
13.899999999980944, -0.18739986026801828 
13.90999999998092, -0.1864370372040103 
13.919999999980897, -0.1858352161904852 
13.929999999980874, -0.18552667943325912 
13.93999999998085, -0.18549163293455764 
13.949999999980827, -0.18575314622011665 
13.959999999980804, -0.18638225167205952 
13.96999999998078, -0.18751434272889742 
13.979999999980757, -0.18938031855667684 
13.989999999980734, -0.19235641877655113 
13.99999999998071, -0.19702830982720812 
14.009999999980687, -0.2042252505766847 
14.019999999980664, -0.21486567534140208 
14.02999999998064, -0.22929693463161338 
14.039999999980617, -0.24610149332231238 
14.049999999980594, -0.26180195224763064 
14.05999999998057, -0.2731764308598935 
14.069999999980547, -0.2797131802602023 
14.079999999980524, -0.28290809905150277 
14.0899999999805, -0.28435955686308284 
14.099999999980477, -0.28502801626051977 
14.109999999980454, -0.28536156856501077 
14.11999999998043, -0.28554557299511285 
14.129999999980408, -0.285653349082537 
14.139999999980384, -0.28571437946343237 
14.149999999980361, -0.28574194529297764 
14.159999999980338, -0.2857442948358272 
14.169999999980314, -0.28573001276285004 
14.179999999980291, -0.2857118410324608 
14.189999999980268, -0.2857102710842919 
14.199999999980244, -0.2857565592446514 
14.209999999980221, -0.28589374219902214 
14.219999999980198, -0.28617394229983334 
14.229999999980175, -0.2866507759226037 
14.239999999980151, -0.28736633798857125 
14.249999999980128, -0.28833310894627 
14.259999999980105, -0.2895147021998111 
14.269999999980081, -0.2908169488664795 
14.279999999980058, -0.29210418213653305 
14.289999999980035, -0.2932410254046588 
14.299999999980011, -0.2941350062238975 
14.309999999979988, -0.29475204977098846 
14.319999999979965, -0.29510214591958434 
14.329999999979941, -0.2952133973439357 
14.339999999979918, -0.29511044749769566 
14.349999999979895, -0.2948013796873622 
14.359999999979872, -0.29427017766369107 
14.369999999979848, -0.2934714775151058 
14.379999999979825, -0.292327757326307 
14.389999999979802, -0.2907350830726383 
14.399999999979778, -0.288590370008995 
14.409999999979755, -0.28585116784375575 
14.419999999979732, -0.2826101920551241 
14.429999999979708, -0.2791202840042097 
14.439999999979685, -0.2757153358393591 
14.449999999979662, -0.272674002083191 
14.459999999979638, -0.27013553266963464 
14.469999999979615, -0.26810785763453193 
14.479999999979592, -0.2665224557303438 
14.489999999979569, -0.26528517196203566 
14.499999999979545, -0.26430594853241335 
14.509999999979522, -0.263511449560787 
14.519999999979499, -0.2628481855393759 
14.529999999979475, -0.262281410942134 
14.539999999979452, -0.2617928703656407 
14.549999999979429, -0.26137926580325993 
14.559999999979405, -0.2610526629825936 
14.569999999979382, -0.2608436530401948 
14.579999999979359, -0.26080756537509836 
14.589999999979335, -0.2610321013889413 
14.599999999979312, -0.2616373813606227 
14.609999999979289, -0.26273587863354986 
14.619999999979266, -0.264261948843926 
14.629999999979242, -0.265511293697994 
14.639999999979219, -0.26444073397779777 
14.649999999979196, -0.25789894741814684 
14.659999999979172, -0.24454577056690469 
14.669999999979149, -0.22758824605132627 
14.679999999979126, -0.21198082479245733 
14.689999999979102, -0.20023141043902207 
14.69999999997908, -0.19225953044773234 
14.709999999979056, -0.18706604546161062 
14.719999999979033, -0.1837055236744828 
14.72999999997901, -0.18151666269550085 
14.739999999978986, -0.18008359275698343 
14.749999999978963, -0.17915669332699824 
14.75999999997894, -0.17859221829952607 
14.769999999978916, -0.17831525228438405 
14.779999999978893, -0.1783000584871735 
14.78999999997887, -0.17856278927864197 
14.799999999978846, -0.1791642431796518 
14.809999999978823, -0.18022290867272386 
14.8199999999788, -0.1819406073400593 
14.829999999978776, -0.18464341376499468 
14.839999999978753, -0.18883364718196557 
14.84999999997873, -0.19521749429440347 
14.859999999978706, -0.20458526811992256 
14.869999999978683, -0.2172996599378419 
14.87999999997866, -0.23234322768667742 
14.889999999978636, -0.24694726818053808 
14.899999999978613, -0.2582319336102958 
14.90999999997859, -0.265329576268603 
14.919999999978566, -0.26921178362695286 
14.929999999978543, -0.2712113240887629 
14.93999999997852, -0.2722464534600308 
14.949999999978496, -0.2728041880619647 
14.959999999978473, -0.27311639385739145 
14.96999999997845, -0.2732907165900724 
14.979999999978427, -0.27337846113852404 
14.989999999978403, -0.27340592138109876 
14.99999999997838, -0.2733889311174496 
15.009999999978357, -0.27334067525034916 
15.019999999978333, -0.2732771897611074 
15.02999999997831, -0.27322199082653525 
15.039999999978287, -0.27320940153766704 
15.049999999978263, -0.2732850629039843 
15.05999999997824, -0.27350214702961956 
15.069999999978217, -0.2739127036167247 
15.079999999978194, -0.2745543164908544 
15.08999999997817, -0.2754330001559102 
15.099999999978147, -0.276506737062367 
15.109999999978124, -0.27768078296828574 
15.1199999999781, -0.2788269248422547 
15.129999999978077, -0.27982332242854485 
15.139999999978054, -0.280590640731832 
15.14999999997803, -0.2811018677776023 
15.159999999978007, -0.2813669626274173 
15.169999999977984, -0.28140926038179725 
15.17999999997796, -0.2812465414827087 
15.189999999977937, -0.2808793262302626 
15.199999999977914, -0.2802836305985038 
15.20999999997789, -0.27940580774329976 
15.219999999977867, -0.2781609777991497 
15.229999999977844, -0.276442993223189 
15.23999999997782, -0.2741597677180171 
15.249999999977797, -0.27130027360906217 
15.259999999977774, -0.2680025770016784 
15.26999999997775, -0.26455219502592353 
15.279999999977727, -0.2612780552284463 
15.289999999977704, -0.25842141496835314 
15.29999999997768, -0.2560787319676608 
15.309999999977657, -0.25422927870575907 
15.319999999977634, -0.2527924450435965 
15.32999999997761, -0.2516726823828589 
15.339999999977588, -0.2507833582099953 
15.349999999977564, -0.2500558744112207 
15.359999999977541, -0.24944112355012052 
15.369999999977518, -0.24890768025089333 
15.379999999977494, -0.24843924910911902 
15.389999999977471, -0.2480328999709361 
15.399999999977448, -0.24769897352046671 
15.409999999977424, -0.2474629047708737 
15.419999999977401, -0.24736793848382801 
15.429999999977378, -0.24747370424621912 
15.439999999977355, -0.2478330939789454 
15.449999999977331, -0.2483967269222267 
15.459999999977308, -0.24873564587049862 
15.469999999977285, -0.24749797128042164 
15.479999999977261, -0.2420824549415169 
15.489999999977238, -0.23016532415004046 
15.499999999977215, -0.2130301124765507 
15.509999999977191, -0.19546293829986167 
15.519999999977168, -0.1812938894180558 
15.529999999977145, -0.17134674982330517 
15.539999999977121, -0.16478282646305856 
15.549999999977098, -0.160520146547852 
15.559999999977075, -0.15773557403738625 
15.569999999977052, -0.15589579316410296 
15.579999999977028, -0.15467635285905573 
15.589999999977005, -0.15388721358269905 
15.599999999976982, -0.1534242464093676 
15.609999999976958, -0.15324217390617545 
15.619999999976935, -0.15334278668915646 
15.629999999976912, -0.15377512823908793 
15.639999999976888, -0.15464760435541608 
15.649999999976865, -0.1561551577847387 
15.659999999976842, -0.15862718659492345 
15.669999999976818, -0.16259940439652654 
15.679999999976795, -0.16888742131040155 
15.689999999976772, -0.17854175350343343 
15.699999999976749, -0.19234395233444307 
15.709999999976725, -0.2094807312126874 
15.719999999976702, -0.22641414030773577 
15.729999999976679, -0.23880593299756364 
15.739999999976655, -0.24532924506459897 
15.749999999976632, -0.24776520752153175 
15.759999999976609, -0.24830313522609154 
15.769999999976585, -0.2482131177713666 
15.779999999976562, -0.24800458812745158 
15.789999999976539, -0.24782927917613318 
15.799999999976515, -0.24771237064951723 
15.809999999976492, -0.24764520619784816 
15.819999999976469, -0.24761587916282174 
15.829999999976446, -0.24761777515390476 
15.839999999976422, -0.24765180456005584 
15.849999999976399, -0.24772773225362932 
15.859999999976376, -0.24786616791791377 
15.869999999976352, -0.24810121391302423 
15.879999999976329, -0.2484828634481738 
15.889999999976306, -0.24907754233225904 
15.899999999976282, -0.24996441643852632 
15.90999999997626, -0.25122371457839254 
15.919999999976236, -0.2529118141657104 
15.929999999976213, -0.255020913689013 
15.93999999997619, -0.2574371961897125 
15.949999999976166, -0.2599359562360951 
15.959999999976143, -0.2622468278352061 
15.96999999997612, -0.26415911132984915 
15.979999999976096, -0.2655860126603484 
15.989999999976073, -0.26655000826890657 
15.99999999997605, -0.2671267094896838 
16.009999999976028, -0.26739634326352285 
16.019999999976005, -0.267419315689721 
16.02999999997598, -0.26722930379214216 
16.039999999975958, -0.2668342890605123 
16.049999999975935, -0.26622087306848385 
16.05999999997591, -0.2653622750681567 
16.069999999975888, -0.26423328242384236 
16.079999999975865, -0.26283383555394585 
16.08999999997584, -0.261214088567277 
16.099999999975818, -0.2594823310721842 
16.109999999975795, -0.25778048908403584 
16.11999999997577, -0.25623780458932427 
16.129999999975748, -0.2549338617917437 
16.139999999975725, -0.25389008387959083 
16.1499999999757, -0.25308313229786594 
16.15999999997568, -0.25246451490822625 
16.169999999975655, -0.2519772453657613 
16.17999999997563, -0.251567460932443 
16.18999999997561, -0.25119107480493286 
16.199999999975585, -0.2508157206327639 
16.20999999997556, -0.2504188607741327 
16.21999999997554, -0.2499835255142043 
16.229999999975515, -0.24949274452097797 
16.239999999975492, -0.24892227261333147 
16.24999999997547, -0.2482288449425989 
16.259999999975445, -0.24732726934570975 
16.269999999975422, -0.2460430219890632 
16.2799999999754, -0.2440203244843894 
16.289999999975375, -0.24058335401201375 
16.299999999975352, -0.23467038681788166 
16.30999999997533, -0.22523444018488253 
16.319999999975305, -0.2123893800704753 
16.329999999975282, -0.19816982298598892 
16.33999999997526, -0.18528267428007 
16.349999999975235, -0.17523366646824307 
16.359999999975212, -0.16806223582150187 
16.36999999997519, -0.16313747231519882 
16.379999999975166, -0.1597777556163088 
16.389999999975142, -0.15746286608130866 
16.39999999997512, -0.15584346951197528 
16.409999999975096, -0.15469847724531233 
16.419999999975072, -0.15389439302161828 
16.42999999997505, -0.15335775765740126 
16.439999999975026, -0.15305982822145525 
16.449999999975002, -0.15301132874146015 
16.45999999997498, -0.15326662985916006 
16.469999999974956, -0.15393893496146976 
16.479999999974932, -0.15523032098053563 
16.48999999997491, -0.15748067101017277 
16.499999999974886, -0.16122774835763842 
16.509999999974863, -0.1672124113363738 
16.51999999997484, -0.17608260563940303 
16.529999999974816, -0.18729606118905212 
16.539999999974793, -0.1974076628598529 
16.54999999997477, -0.2009835667786893 
16.559999999974746, -0.19630737598580247 
16.569999999974723, -0.1874504694655154 
16.5799999999747, -0.17897170626276399 
16.589999999974676, -0.172646364602204 
16.599999999974653, -0.1683929164915371 
16.60999999997463, -0.1656368530681273 
16.619999999974606, -0.16386694948918695 
16.629999999974583, -0.1627352241278732 
16.63999999997456, -0.16202705205949425 
16.649999999974536, -0.16161810829832543 
16.659999999974513, -0.16144378190586492 
16.66999999997449, -0.1614819169478265 
16.679999999974466, -0.16174586121952905 
16.689999999974443, -0.16228581270758052 
16.69999999997442, -0.16319811792192554 
16.709999999974396, -0.1646434454725298 
16.719999999974373, -0.16687442953976667 
16.72999999997435, -0.1702673629432403 
16.739999999974327, -0.17532980695983613 
16.749999999974303, -0.18260044271167875 
16.75999999997428, -0.19229702280716715 
16.769999999974257, -0.2037192804557702 
16.779999999974233, -0.21503322285839382 
16.78999999997421, -0.22424300355557708 
16.799999999974187, -0.23052837921864314 
16.809999999974163, -0.23432363423549973 
16.81999999997414, -0.23647897077527968 
16.829999999974117, -0.23768321702642137 
16.839999999974093, -0.2383570832805877 
16.84999999997407, -0.23872933321980808 
16.859999999974047, -0.23891992981185103 
16.869999999974024, -0.238992251488227 
16.879999999974, -0.23898137447699894 
16.889999999973977, -0.23890946453493087 
16.899999999973954, -0.2387953109469015 
16.90999999997393, -0.2386613753569667 
16.919999999973907, -0.23853911370371322 
16.929999999973884, -0.23847158157222897 
16.93999999997386, -0.23851184439559786 
16.949999999973837, -0.23871661712841594 
16.959999999973814, -0.23913564309850371 
16.96999999997379, -0.23979736457337117 
16.979999999973767, -0.24069213727955668 
16.989999999973744, -0.24175906475722586 
16.99999999997372, -0.24288905042516967 
17.009999999973697, -0.2439526482980238 
17.019999999973674, -0.2448411713782781 
17.02999999997365, -0.2454943261476458 
17.039999999973627, -0.24589960834883814 
17.049999999973604, -0.24607245802128555 
17.05999999997358, -0.2460340686766441 
17.069999999973557, -0.2457957239701229 
17.079999999973534, -0.2453497552237757 
17.08999999997351, -0.244664544335606 
17.099999999973488, -0.2436831061181807 
17.109999999973464, -0.2423294594336986 
17.11999999997344, -0.24053176969291004 
17.129999999973418, -0.23826862248473377 
17.139999999973394, -0.23562315713095944 
17.14999999997337, -0.2327982333372877 
17.159999999973348, -0.23005564397545272 
17.169999999973324, -0.2276141937369321 
17.1799999999733, -0.22558530815302072 
17.189999999973278, -0.22397677343446687 
17.199999999973254, -0.22273306074735758 
17.20999999997323, -0.2217745026518231 
17.219999999973208, -0.22102157943342243 
17.229999999973185, -0.22040647985258294 
17.23999999997316, -0.21987696981698118 
17.249999999973138, -0.21939592303437094 
17.259999999973115, -0.21893851952969187 
17.26999999997309, -0.21848845839956937 
17.279999999973068, -0.21803377717451672 
17.289999999973045, -0.21756159035391093 
17.29999999997302, -0.21704873057717253 
17.309999999972998, -0.2164403376984659 
17.319999999972975, -0.21559783843100408 
17.32999999997295, -0.2141806626880734 
17.339999999972928, -0.2114290435944693 
17.349999999972905, -0.20596590950207666 
17.35999999997288, -0.19620459731933912 
17.36999999997286, -0.1819941417461576 
17.379999999972835, -0.16591189209825738 
17.38999999997281, -0.15149031819350006 
17.39999999997279, -0.14054128150234715 
17.409999999972765, -0.13295924750258056 
17.41999999997274, -0.12789261421183068 
17.42999999997272, -0.12451424175658661 
17.439999999972695, -0.12223051603806837 
17.449999999972672, -0.12065985200698186 
17.45999999997265, -0.11956871959458253 
17.469999999972625, -0.11882023003252436 
17.479999999972602, -0.11834192896615181 
17.48999999997258, -0.1181089468918632 
17.499999999972555, -0.11813898262830957 
17.509999999972532, -0.1184981106036734 
17.51999999997251, -0.11931915044652434 
17.529999999972485, -0.1208364076586583 
17.539999999972462, -0.12343776470710681 
17.54999999997244, -0.1277093551409478 
17.559999999972415, -0.13434350572160642 
17.569999999972392, -0.1435185282869639 
17.57999999997237, -0.15328639589919973 
17.589999999972346, -0.15846799681999518 
17.599999999972322, -0.15464392645232153 
17.6099999999723, -0.14408698018911123 
17.619999999972276, -0.13269769449514793 
17.629999999972252, -0.1238117491451719 
17.63999999997223, -0.11777320624158497 
17.649999999972206, -0.11386580554012367 
17.659999999972182, -0.11135853746271265 
17.66999999997216, -0.10974260923116338 
17.679999999972136, -0.10870442796730491 
17.689999999972112, -0.10806205226952585 
17.69999999997209, -0.1077182531090914 
17.709999999972066, -0.10763364666429787 
17.719999999972043, -0.10781522172250697 
17.72999999997202, -0.10831715405391924 
17.739999999971996, -0.10925395828890319 
17.749999999971973, -0.1108293179348473 
17.75999999997195, -0.11338636874651616 
17.769999999971926, -0.11748123536664204 
17.779999999971903, -0.12394935826606412 
17.78999999997188, -0.13381715839395422 
17.799999999971856, -0.1476822077275859 
17.809999999971833, -0.16431593544245843 
17.81999999997181, -0.17994906217459855 
17.829999999971786, -0.19081319950704695 
17.839999999971763, -0.1963648956489595 
17.84999999997174, -0.19848322305056837 
17.859999999971716, -0.1990373560900552 
17.869999999971693, -0.19904597873468072 
17.87999999997167, -0.1989204234418227 
17.889999999971646, -0.198794983575405 
17.899999999971623, -0.19870317495584838 
17.9099999999716, -0.19864882229460268 
17.919999999971576, -0.19863119869175141 
17.929999999971553, -0.19865364095943233 
17.93999999997153, -0.19872729975270492 
17.949999999971507, -0.19887419351594238 
17.959999999971483, -0.1991308014072476 
17.96999999997146, -0.19955211868571704 
17.979999999971437, -0.20021523982279676 
17.989999999971413, -0.2012204191510294 
17.99999999997139, -0.20268509635004 
18.009999999971367, -0.20472178894794432 
18.019999999971343, -0.20738789663850513 
18.02999999997132, -0.21060910064941538 
18.039999999971297, -0.2141229659393762 
18.049999999971273, -0.21752686833192986 
18.05999999997125, -0.2204445493443657 
18.069999999971227, -0.22268148175374206 
18.079999999971204, -0.22424292573893873 
18.08999999997118, -0.22524598255428901 
18.099999999971157, -0.22582852740889464 
18.109999999971134, -0.22610253943424224 
18.11999999997111, -0.22614309617588116 
18.129999999971087, -0.22599298452893746 
18.139999999971064, -0.22567145999870833 
18.14999999997104, -0.22518398573408643 
18.159999999971017, -0.22453358600101514 
18.169999999970994, -0.2237342858698506 
18.17999999997097, -0.2228235973271528 
18.189999999970947, -0.22186678526293288 
18.199999999970924, -0.2209468208481641 
18.2099999999709, -0.22014326506936327 
18.219999999970877, -0.2195120134415315 
18.229999999970854, -0.21907535444504517 
18.23999999997083, -0.2188224086179035 
18.249999999970807, -0.21871541199848368 
18.259999999970784, -0.21869928454709453 
18.26999999997076, -0.21871369848906216 
18.279999999970737, -0.21870499500270485 
18.289999999970714, -0.21863341525356156 
18.29999999997069, -0.21847305651681398 
18.309999999970668, -0.21820584500518594 
18.319999999970644, -0.217812475781423 
18.32999999997062, -0.21726189625694498 
18.339999999970598, -0.2164985244435719 
18.349999999970574, -0.21542494463503264 
18.35999999997055, -0.21387932257860634 
18.369999999970528, -0.21161616805785216 
18.379999999970504, -0.20832428282040688 
18.38999999997048, -0.20374709573897704 
18.399999999970458, -0.19792877918697846 
18.409999999970434, -0.19140365455707856 
18.41999999997041, -0.18502398037763185 
18.429999999970388, -0.1795020973697869 
18.439999999970365, -0.1751299476802835 
18.44999999997034, -0.17184713320386014 
18.459999999970318, -0.1694385653091024 
18.469999999970295, -0.1676738364056773 
18.47999999997027, -0.1663632733273384 
18.489999999970248, -0.16536754787685642 
18.499999999970225, -0.16459084505982471 
18.5099999999702, -0.16397117581130058 
18.519999999970178, -0.16347231177206403 
18.529999999970155, -0.16307844440285693 
18.53999999997013, -0.16279166993939911 
18.549999999970108, -0.16263191186813278 
18.559999999970085, -0.16263765791466409 
18.56999999997006, -0.16286150642953373 
18.57999999997004, -0.16334058584420952 
18.589999999970015, -0.16398490824795714 
18.59999999996999, -0.16426273865083346 
18.60999999996997, -0.16260966421663015 
18.619999999969945, -0.15620540386768555 
18.62999999996992, -0.14300996071943772 
18.6399999999699, -0.1252772203744495 
18.649999999969875, -0.10828317183975163 
18.659999999969852, -0.09532023097136863 
18.66999999996983, -0.0865581209783071 
18.679999999969805, -0.08089492809569664 
18.689999999969782, -0.07724362946216494 
18.69999999996976, -0.07485150224222856 
18.709999999969735, -0.0732544045215844 
18.719999999969712, -0.07217897322472525 
18.72999999996969, -0.07147039551774144 
18.739999999969665, -0.07104976585594516 
18.749999999969642, -0.07089277495630096 
18.75999999996962, -0.07102369484196411 
18.769999999969595, -0.07152275721269512 
18.779999999969572, -0.0725488004772609 
18.78999999996955, -0.07438119897078688 
18.799999999969526, -0.07747835211704572 
18.809999999969502, -0.0825040465130208 
18.81999999996948, -0.09010143424218439 
18.829999999969456, -0.09984737447056316 
18.839999999969432, -0.10821155585954012 
18.84999999996941, -0.10896932298275011 
18.859999999969386, -0.10014772812908687 
18.869999999969362, -0.08724169374810432 
18.87999999996934, -0.07596148074833178 
18.889999999969316, -0.06801560068164245 
18.899999999969292, -0.06285971875362331 
18.90999999996927, -0.05957600422251126 
18.919999999969246, -0.05747114742387681 
18.929999999969223, -0.05611095830046592 
18.9399999999692, -0.055242467964893835 
18.949999999969176, -0.05472731667556622 
18.959999999969153, -0.054501878772981724 
18.96999999996913, -0.05455858270263062 
18.979999999969106, -0.05494344431233478 
18.989999999969083, -0.05576916612227408 
18.99999999996906, -0.05724810071516486 
19.009999999969036, -0.05975405160218415 
19.019999999969013, -0.06391981208366254 
19.02999999996899, -0.07073663250815433 
19.039999999968966, -0.08144050588263024 
19.049999999968943, -0.09654247215731901 
19.05999999996892, -0.1135308666377 
19.069999999968896, -0.12623745031641045 
19.079999999968873, -0.13048167838493235 
19.08999999996885, -0.12846478881360116 
19.099999999968826, -0.12450331952278755 
19.109999999968803, -0.12095309177689925 
19.11999999996878, -0.11836783925012959 
19.129999999968756, -0.11662117768575911 
19.139999999968733, -0.1154745530937253 
19.14999999996871, -0.11473820050239783 
19.159999999968687, -0.11428936968186135 
19.169999999968663, -0.11405887585019685 
19.17999999996864, -0.11401766394241533 
19.189999999968617, -0.1141698080576635 
19.199999999968593, -0.1145525379572628 
19.20999999996857, -0.1152435980912941 
19.219999999968547, -0.11637728878285233 
19.229999999968523, -0.11817129589633209 
19.2399999999685, -0.1209639995941538 
19.249999999968477, -0.12524740531709327 
19.259999999968453, -0.13163375955767814 
19.26999999996843, -0.14060373774545853 
19.279999999968407, -0.1518900676047224 
19.289999999968384, -0.16388273148092078 
19.29999999996836, -0.17420574950513892 
19.309999999968337, -0.18141993672084422 
19.319999999968314, -0.18571228467997042 
19.32999999996829, -0.18803884524240766 
19.339999999968267, -0.18925762375282973 
19.349999999968244, -0.1898962398509601 
19.35999999996822, -0.19023211576998084 
19.369999999968197, -0.19040357740720631 
19.379999999968174, -0.19048035128737234 
19.38999999996815, -0.19050031756603686 
19.399999999968127, -0.19048812985619507 
19.409999999968104, -0.19046561502755335 
19.41999999996808, -0.19045878058928886 
19.429999999968057, -0.190503166562101 
19.439999999968034, -0.19064747949682434 
19.44999999996801, -0.19095459420349864 
19.459999999967987, -0.1914987595482645 
19.469999999967964, -0.19235717077506106 
19.47999999996794, -0.19359228505052647 
19.489999999967917, -0.19522123777259368 
19.499999999967894, -0.19717812114500913 
19.50999999996787, -0.19929582810269417 
19.519999999967848, -0.20134228597550835 
19.529999999967824, -0.20310606921184501 
19.5399999999678, -0.2044697803491577 
19.549999999967778, -0.2054197522612644 
19.559999999967754, -0.20600578000665984 
19.56999999996773, -0.20629491629218263 
19.579999999967708, -0.20634337660744576 
19.589999999967684, -0.20618617651009213 
19.59999999996766, -0.2058366865549759 
19.609999999967638, -0.20529107263272323 
19.619999999967614, -0.2045369081600414 
19.62999999996759, -0.20356736119085136 
19.639999999967568, -0.20240017764707036 
19.649999999967545, -0.20109363242910727 
19.65999999996752, -0.1997458198468821 
19.669999999967498, -0.19847085075836324 
19.679999999967475, -0.19736456384824788 
19.68999999996745, -0.19648123887771535 
19.699999999967428, -0.19583026119102434 
19.709999999967405, -0.19538573556535915 
19.71999999996738, -0.19509934714038954 
19.729999999967358, -0.19491249570672917 
19.739999999967335, -0.19476721006514083 
19.74999999996731, -0.1946145049367322 
19.759999999967288, -0.19441790664603167 
19.769999999967265, -0.1941513885734934 
19.77999999996724, -0.1937931007902134 
19.78999999996722, -0.19331659921265112 
19.799999999967195, -0.1926797223665723 
19.80999999996717, -0.1918091978397694 
19.81999999996715, -0.19057799141834858 
19.829999999967125, -0.18877550527206013 
19.8399999999671, -0.1860865810289936 
19.84999999996708, -0.18213468822066461 
19.859999999967055, -0.1766784308190493 
19.869999999967032, -0.16993831055449526 
19.87999999996701, -0.16272103333110888 
19.889999999966985, -0.156031439508442 
19.899999999966962, -0.15052037560512138 
19.90999999996694, -0.1463232806890506 
19.919999999966915, -0.14325633454853515 
19.929999999966892, -0.14104425066344295 
19.93999999996687, -0.13943851755423356 
19.949999999966845, -0.1382502871280875 
19.959999999966822, -0.13734710332750658 
19.9699999999668, -0.1366406460795782 
19.979999999966775, -0.13607519112016458 
19.989999999966752, -0.13561907968618606 
19.99999999996673, -0.13525923025312056 
20.009999999966706, -0.13499803365247484 
20.019999999966682, -0.13485105135310307 
20.02999999996666, -0.1348409806992625 
20.039999999966636, -0.13497427175877497 
20.049999999966612, -0.13516262078478022 
20.05999999996659, -0.13500516307302435 
20.069999999966566, -0.13334460356263494 
20.079999999966542, -0.12791083828065108 
20.08999999996652, -0.11646447905673898 
20.099999999966496, -0.09996084460291882 
20.109999999966472, -0.08298939479120815 
20.11999999996645, -0.0694099287631453 
20.129999999966426, -0.06001410645426207 
20.139999999966403, -0.053897429484223415 
20.14999999996638, -0.049955234024624075 
20.159999999966356, -0.04737681774805601 
20.169999999966333, -0.04565145961052849 
20.17999999996631, -0.04447472261348111 
20.189999999966286, -0.04367068458750813 
20.199999999966263, -0.04314378901923874 
20.20999999996624, -0.04285295425998155 
20.219999999966216, -0.04280082439196253 
20.229999999966193, -0.04303447400543375 
20.23999999996617, -0.04365639103078851 
20.249999999966146, -0.04484373243810361 
20.259999999966123, -0.04686109656340916 
20.2699999999661, -0.049998357242247486 
20.279999999966076, -0.054209495508352926 
20.289999999966053, -0.058047794210358314 
20.29999999996603, -0.05738617356990633 
20.309999999966006, -0.04772587585511445 
20.319999999965983, -0.030900296094196582 
20.32999999996596, -0.014066898153296179 
20.339999999965936, -0.0015520491079480526 
20.349999999965913, 0.006207705232506409 
20.35999999996589, 0.010842123823996686 
20.369999999965867, 0.01358921051180167 
20.379999999965843, 0.015197651149617894 
20.38999999996582, 0.016103489922921082 
20.399999999965797, 0.016551732778484665 
20.409999999965773, 0.016673784575612347 
20.41999999996575, 0.01652904371212115 
20.429999999965727, 0.016123351407592898 
20.439999999965703, 0.01541154650399166 
20.44999999996568, 0.014286942598208379 
20.459999999965657, 0.0125604078490536 
20.469999999965633, 0.009945722493446624 
20.47999999996561, 0.006131382660057384 
20.489999999965587, 0.0012088200514137912 
20.499999999965564, -0.0027355962175992484 
20.50999999996554, -0.0011953315532070114 
20.519999999965517, 0.009692270862927427 
20.529999999965494, 0.026846640985063053 
20.53999999996547, 0.04264304673369078 
20.549999999965447, 0.053619222439805526 
20.559999999965424, 0.06035641621439368 
20.5699999999654, 0.06432437893203459 
20.579999999965377, 0.06663663125283611 
20.589999999965354, 0.06796608970151716 
20.59999999996533, 0.0686936595643395 
20.609999999965307, 0.06903006877724344 
20.619999999965284, 0.06908717751599629 
20.62999999996526, 0.06891519406381255 
20.639999999965237, 0.0685200058650767 
20.649999999965214, 0.06786951511474162 
20.65999999996519, 0.06689751916913786 
20.669999999965167, 0.06552526946893983 
20.679999999965144, 0.06376342838012573 
20.68999999996512, 0.062056552755478014 
20.699999999965097, 0.06205403542684047 
20.709999999965074, 0.0670590760213052 
20.71999999996505, 0.07930348763401127 
20.729999999965028, 0.09543403998956493 
20.739999999965004, 0.10952331677634204 
20.74999999996498, 0.11914415156504812 
20.759999999964958, 0.1249968932350534 
20.769999999964934, 0.12841481692592677 
20.77999999996491, 0.13038716063666064 
20.789999999964888, 0.13151161280337648 
20.799999999964864, 0.13213083772119433 
20.80999999996484, 0.13244174230899936 
20.819999999964818, 0.1325604985100465 
20.829999999964794, 0.13255963751400773 
20.83999999996477, 0.13249176965633028 
20.849999999964748, 0.1324108495020974 
20.859999999964725, 0.13240234131902756 
20.8699999999647, 0.13263791531807123 
20.879999999964678, 0.13346889315027488 
20.889999999964655, 0.13552262075892202 
20.89999999996463, 0.13959000978412386 
20.909999999964608, 0.14596846069770802 
20.919999999964585, 0.1536668396338125 
20.92999999996456, 0.16087424201968384 
20.939999999964538, 0.16639017949827326 
20.949999999964515, 0.17008353889358213 
20.95999999996449, 0.17236024782179732 
20.969999999964468, 0.1736768661058098 
20.979999999964445, 0.17437730226758996 
20.98999999996442, 0.17469210142836847 
20.9999999999644, 0.1747739460035868 
21.009999999964375, 0.17472754187622377 
21.01999999996435, 0.17462862865658796 
21.02999999996433, 0.17453613040134555 
21.039999999964305, 0.1745016266544272 
21.04999999996428, 0.17457827711908575 
21.05999999996426, 0.17482894229405366 
21.069999999964235, 0.17533007893154404 
21.079999999964212, 0.17616331199795404 
21.08999999996419, 0.17738373953596856 
21.099999999964165, 0.17896551725231324 
21.109999999964142, 0.180760196515244 
21.11999999996412, 0.1825249738921505 
21.129999999964095, 0.1840222889529967 
21.139999999964072, 0.18510826781657097 
21.14999999996405, 0.18574525786227045 
21.159999999964025, 0.18596058872265764 
21.169999999964002, 0.18580467467421422 
21.17999999996398, 0.18533345775215793 
21.189999999963955, 0.18461144690386053 
21.199999999963932, 0.18372019431543726 
21.20999999996391, 0.18275711088637003 
21.219999999963886, 0.18181948028641393 
21.229999999963862, 0.18098338064804534 
21.23999999996384, 0.18029229100524266 
21.249999999963816, 0.17976021032627906 
21.259999999963792, 0.17938247579238015 
21.26999999996377, 0.17914535066282739 
21.279999999963746, 0.1790299558837708 
21.289999999963722, 0.179010641585758 
21.2999999999637, 0.17905042518852304 
21.309999999963676, 0.1790971985758184 
21.319999999963652, 0.17908364111367203 
21.32999999996363, 0.1789304271614043 
21.339999999963606, 0.1785483210379396 
21.349999999963583, 0.17783453441321082 
21.35999999996356, 0.17666472568280162 
21.369999999963536, 0.17489341422547613 
21.379999999963513, 0.17238983169511807 
21.38999999996349, 0.16913754206863552 
21.399999999963466, 0.16536766458006463 
21.409999999963443, 0.16157407259820944 
21.41999999996342, 0.15828557163124762 
21.429999999963396, 0.15577842710107018 
21.439999999963373, 0.15402231440574207 
21.44999999996335, 0.15283083881356144 
21.459999999963326, 0.15200736938652798 
21.469999999963303, 0.15140276016460325 
21.47999999996328, 0.15091565268354148 
21.489999999963256, 0.1504749799842316 
21.499999999963233, 0.1500219371937099 
21.50999999996321, 0.14949452046032022 
21.519999999963186, 0.14881253916656975 
21.529999999963163, 0.14785893816038806 
21.53999999996314, 0.14645132761583454 
21.549999999963116, 0.1442965205506041 
21.559999999963093, 0.1409288690844164 
21.56999999996307, 0.1356795589222516 
21.579999999963047, 0.12786581548095474 
21.589999999963023, 0.11753839967752158 
21.599999999963, 0.10649731772643103 
21.609999999962977, 0.0976411454388305 
21.619999999962953, 0.09238785348158744 
21.62999999996293, 0.08997133625360101 
21.639999999962907, 0.08903766705551214 
21.649999999962883, 0.08868655886563483 
21.65999999996286, 0.08849726010143083 
21.669999999962837, 0.08830403858295005 
21.679999999962813, 0.08804385860936788 
21.68999999996279, 0.08768465178482591 
21.699999999962767, 0.0871934151335503 
21.709999999962744, 0.08651801606300404 
21.71999999996272, 0.0855690611929136 
21.729999999962697, 0.08419225335752896 
21.739999999962674, 0.08212010617692525 
21.74999999996265, 0.07888872462729038 
21.759999999962627, 0.07371638334584464 
21.769999999962604, 0.06543166926716236 
21.77999999996258, 0.05287132281623561 
21.789999999962557, 0.036570104559323316 
21.799999999962534, 0.020801679058436266 
21.80999999996251, 0.010895260547285363 
21.819999999962487, 0.007490486864584307 
21.829999999962464, 0.007560692381624878 
21.83999999996244, 0.008585161107234628 
21.849999999962417, 0.009525625398150642 
21.859999999962394, 0.010139292191284096 
21.86999999996237, 0.010440597838735166 
21.879999999962347, 0.010489877489400052 
21.889999999962324, 0.010332831662021827 
21.8999999999623, 0.009987496187287243 
21.909999999962277, 0.009440918160932732 
21.919999999962254, 0.008643086011221152 
21.92999999996223, 0.007492384047112002 
21.939999999962208, 0.005806501316958127 
21.949999999962184, 0.003269695746401466 
21.95999999996216, -0.0005926719294834754 
21.969999999962138, -0.006323379782457647 
21.979999999962114, -0.015463443430134704 
21.98999999996209, -0.02887654253494157 
21.999999999962068, -0.04537010817524835 
22.009999999962044, -0.06046432217027532 
22.01999999996202, -0.06971541355728604 
22.029999999961998, -0.07306947195319288 
22.039999999961974, -0.07323483757805127 
22.04999999996195, -0.07237613825073523 
22.059999999961928, -0.0714372046131314 
22.069999999961905, -0.07068531914099416 
22.07999999996188, -0.07014648845598886 
22.089999999961858, -0.06978897531198683 
22.099999999961835, -0.06958209392200368 
22.10999999996181, -0.06951154013760621 
22.119999999961788, -0.06958331812817342 
22.129999999961765, -0.06982718032176102 
22.13999999996174, -0.07030361762986923 
22.149999999961718, -0.07111692888553385 
22.159999999961695, -0.07243711249419506 
22.16999999996167, -0.0745327547975861 
22.179999999961648, -0.07780993782726858 
22.189999999961625, -0.08282285706399795 
22.1999999999616, -0.090146692820297 
22.20999999996158, -0.09992696448455753 
22.219999999961555, -0.11117227984391756 
22.22999999996153, -0.12171296980973141 
22.23999999996151, -0.12961689950663266 
22.249999999961485, -0.13450577268562117 
22.25999999996146, -0.137161143211093 
22.26999999996144, -0.13851043031289506 
22.279999999961415, -0.1391798884751413 
22.289999999961392, -0.13950867216587665 
22.29999999996137, -0.1396653290031233 
22.309999999961345, -0.13973321019162802 
22.319999999961322, -0.1397567445709066 
22.3299999999613, -0.13976473102717463 
22.339999999961275, -0.13978283250882023 
22.349999999961252, -0.13984160394080528 
22.35999999996123, -0.13998275252400066 
22.369999999961205, -0.14026436176624063 
22.379999999961182, -0.14076478412104762 
22.38999999996116, -0.14158400875428329 
22.399999999961135, -0.1428390201778734 
22.409999999961112, -0.14464466615105376 
22.41999999996109, -0.14706728135119523 
22.429999999961066, -0.1500496479005218 
22.439999999961042, -0.1533499998953941 
22.44999999996102, -0.1565803987200307 
22.459999999960996, -0.15936743287420208 
22.469999999960972, -0.16151065974484563 
22.47999999996095, -0.1630071625837019 
22.489999999960926, -0.16396728449267062 
22.499999999960902, -0.16452434128809973 
22.50999999996088, -0.16478789226388982 
22.519999999960856, -0.16483284458280772 
22.529999999960832, -0.16470452741608382 
22.53999999996081, -0.16442817793172582 
22.549999999960786, -0.16401927160355378 
22.559999999960763, -0.16349437860264202 
22.56999999996074, -0.16288170894466455 
22.579999999960716, -0.1622280388724355 
22.589999999960693, -0.16159749766625633 
22.59999999996067, -0.1610610156304878 
22.609999999960646, -0.16068135096079902 
22.619999999960623, -0.16050067660245732 
22.6299999999606, -0.16053335706969393 
22.639999999960576, -0.16076222475145832 
22.649999999960553, -0.161138140143177 
22.65999999996053, -0.1615867301473744 
22.669999999960506, -0.16202485200272007 
22.679999999960483, -0.162380991905612 
22.68999999996046, -0.16260830666055617 
22.699999999960436, -0.16268429549041197 
22.709999999960413, -0.16260065704520404 
22.71999999996039, -0.16235047027586963 
22.729999999960366, -0.16191707856125964 
22.739999999960343, -0.1612656621365244 
22.74999999996032, -0.16033806725678285 
22.759999999960296, -0.15905461838165635 
22.769999999960273, -0.15733197544878014 
22.77999999996025, -0.15512693920324652 
22.789999999960227, -0.15249803801078538 
22.799999999960203, -0.14963860666364875 
22.80999999996018, -0.1468275776328654 
22.819999999960157, -0.14431684098652559 
22.829999999960133, -0.1422455605589353 
22.83999999996011, -0.14063369411003948 
22.849999999960087, -0.1394254207918429 
22.859999999960063, -0.13853452437388544 
22.86999999996004, -0.13787212759549838 
22.879999999960017, -0.13735942573885643 
22.889999999959993, -0.13693231972535053 
22.89999999995997, -0.13654174357888166 
22.909999999959947, -0.13615095656052167 
22.919999999959924, -0.13573040948136678 
22.9299999999599, -0.13525050412094114 
22.939999999959877, -0.1346715049498997 
22.949999999959854, -0.13392782450040844 
22.95999999995983, -0.13290118994840366 
22.969999999959807, -0.1313759266590436 
22.979999999959784, -0.12897982368317898 
22.98999999995976, -0.1251631885927437 
22.999999999959737, -0.11937128694251475 
23.009999999959714, -0.1115485184818095 
23.01999999995969, -0.10260642827595937 
23.029999999959667, -0.0940544272494956 
23.039999999959644, -0.0870112548711339 
23.04999999995962, -0.08176179930734884 
23.059999999959597, -0.07804657909163074 
23.069999999959574, -0.07545951052337027 
23.07999999995955, -0.07364588864668417 
23.089999999959527, -0.07234738427576554 
23.099999999959504, -0.07138926327777471 
23.10999999995948, -0.07065735667454714 
23.119999999959457, -0.07007895185774922 
23.129999999959434, -0.06960929429693308 
23.13999999995941, -0.0692222410409939 
23.149999999959388, -0.06890288799216729 
23.159999999959364, -0.06863870530737783 
23.16999999995934, -0.0684016069257497 
23.179999999959318, -0.0681027033134073 
23.189999999959294, -0.06748022642821275 
23.19999999995927, -0.06586734184708208 
23.209999999959248, -0.06191149207099844 
23.219999999959224, -0.05385518634550507 
23.2299999999592, -0.04128822926459992 
23.239999999959178, -0.026779863912833445 
23.249999999959154, -0.013958026452912133 
23.25999999995913, -0.004522500889152849 
23.269999999959108, 0.0016515086681704217 
23.279999999959085, 0.005320113416634812 
23.28999999995906, 0.0075668833900278286 
23.299999999959038, 0.008926919877798966 
23.309999999959015, 0.00973148787436116 
23.31999999995899, 0.010180070956149668 
23.329999999958968, 0.010391366418238986 
23.339999999958945, 0.010434325999509771 
23.34999999995892, 0.010346434480420798 
23.359999999958898, 0.010145352232012964 
23.369999999958875, 0.009839816497049868 
23.37999999995885, 0.009449611507797896 
23.389999999958828, 0.009057238769746883 
23.399999999958805, 0.008940962109072715 
23.40999999995878, 0.009854498750596227 
23.41999999995876, 0.013337832959247217 
23.429999999958735, 0.02123376176094851 
23.43999999995871, 0.03350180725844075 
23.44999999995869, 0.04693720021603638 
23.459999999958665, 0.0580398396307266 
23.46999999995864, 0.06569876642848439 
23.47999999995862, 0.07051749475887288 
23.489999999958595, 0.07343451193042472 
23.499999999958572, 0.07517084669004834 
23.50999999995855, 0.07618690150335408 
23.519999999958525, 0.07676106242310674 
23.529999999958502, 0.07706092081209923 
23.53999999995848, 0.07718924578924943 
23.549999999958455, 0.07721196908025171 
23.559999999958432, 0.07717692476259944 
23.56999999995841, 0.07713069572967009 
23.579999999958385, 0.07714177732153375 
23.589999999958362, 0.07734243858573824 
23.59999999995834, 0.07800545322445064 
23.609999999958315, 0.07965098126583332 
23.619999999958292, 0.0830631988588307 
23.62999999995827, 0.08888643138152877 
23.639999999958246, 0.09673170793818778 
23.649999999958222, 0.1049335000586904 
23.6599999999582, 0.11179683387699428 
23.669999999958176, 0.11669480825603236 
23.679999999958152, 0.11986531085658543 
23.68999999995813, 0.12179892055483654 
23.699999999958106, 0.12292072671094045 
23.709999999958082, 0.12352838964372137 
23.71999999995806, 0.12381809998292403 
23.729999999958036, 0.12391972742466702 
23.739999999958012, 0.1239224119746122 
23.74999999995799, 0.12389152180114966 
23.759999999957966, 0.12388130271429576 
23.769999999957943, 0.12394668782813331 
23.77999999995792, 0.12415636543268502 
23.789999999957896, 0.12460720291411258 
23.799999999957873, 0.12543477772063263 
23.80999999995785, 0.12680250541578983 
23.819999999957826, 0.12883862865376394 
23.829999999957803, 0.1315129655936254 
23.83999999995778, 0.1345422199536949 
23.849999999957756, 0.13747230199058508 
23.859999999957733, 0.13991162353873052 
23.86999999995771, 0.14168766858126447 
23.879999999957686, 0.14282120454607172 
23.889999999957663, 0.14342213683165875 
23.89999999995764, 0.1436140303142067 
23.909999999957616, 0.14350677527606756 
23.919999999957593, 0.14319566283224644 
23.92999999995757, 0.14276596181054158 
23.939999999957546, 0.14229346025525613 
23.949999999957523, 0.1418411684304872 
23.9599999999575, 0.14145685452043413 
23.969999999957476, 0.14117466850829236 
23.979999999957453, 0.14102012674825895 
23.98999999995743, 0.1410151606310901 
23.999999999957407, 0.1411795789645567 
24.009999999957383, 0.1415260630668733 
24.01999999995736, 0.14204795156771813 
24.029999999957337, 0.1427042857668318 
24.039999999957313, 0.14341338022497083 
24.04999999995729, 0.14406560787572786 
24.059999999957267, 0.1445515031871974 
24.069999999957243, 0.14478603650357355 
24.07999999995722, 0.1447144371897086 
24.089999999957197, 0.14430388793899177 
24.099999999957173, 0.14353684551734586 
24.10999999995715, 0.1424185099748925 
24.119999999957127, 0.14099826021263998 
24.129999999957104, 0.13938721834229897 
24.13999999995708, 0.13774489682361407 
24.149999999957057, 0.13622936523155632 
24.159999999957034, 0.1349448199897202 
24.16999999995701, 0.1339246843855999 
24.179999999956987, 0.13315069087195902 
24.189999999956964, 0.1325819814184935 
24.19999999995694, 0.13217486487981564 
24.209999999956917, 0.1318897950810824 
24.219999999956894, 0.13168976578536637 
24.22999999995687, 0.13153487118211335 
24.239999999956847, 0.13137646145875928 
24.249999999956824, 0.13115291356089054 
24.2599999999568, 0.13078705555733713 
24.269999999956777, 0.1301829339825589 
24.279999999956754, 0.1292191447614017 
24.28999999995673, 0.12774050498918038 
24.299999999956707, 0.12556205381930668 
24.309999999956684, 0.12251838384213491 
24.31999999995666, 0.11859456194772082 
24.329999999956637, 0.1140954057483055 
24.339999999956614, 0.10964706878179067 
24.34999999995659, 0.10588228026461224 
24.359999999956568, 0.10308712523024173 
24.369999999956544, 0.10117624367195736 
24.37999999995652, 0.09990366942733021 
24.389999999956498, 0.09903494757621636 
24.399999999956474, 0.09840289119612175 
24.40999999995645, 0.09789979961548673 
24.419999999956428, 0.09745454928487539 
24.429999999956404, 0.09701230605449553 
24.43999999995638, 0.09651895080280527 
24.449999999956358, 0.0959078516784628 
24.459999999956334, 0.09508570391347199 
24.46999999995631, 0.09391347214437572 
24.479999999956288, 0.0921781010555691 
24.489999999956265, 0.08955494717405058 
24.49999999995624, 0.08558348517242403 
24.509999999956218, 0.07974575467577247 
24.519999999956195, 0.071829079736637 
24.52999999995617, 0.0625816259929716 
24.539999999956148, 0.05385321560078134 
24.549999999956125, 0.04735045024702667 
24.5599999999561, 0.04338693953982396 
24.569999999956078, 0.04124213981450187 
24.579999999956055, 0.040098229193165906 
24.58999999995603, 0.03942609773818971 
24.599999999956008, 0.03895180697972628 
24.609999999955985, 0.03854388522047853 
24.61999999995596, 0.03813566328255764 
24.62999999995594, 0.037683901460928385 
24.639999999955915, 0.037146751814027795 
24.64999999995589, 0.03646897705115185 
24.65999999995587, 0.03556720959175673 
24.669999999955845, 0.03430984937600506 
24.67999999995582, 0.03248610264021272 
24.6899999999558, 0.029760032662587328 
24.699999999955775, 0.025619382234862514 
24.709999999955752, 0.019385545957220404 
24.71999999995573, 0.010484422097305292 
24.729999999955705, -0.0007540173021488648 
24.739999999955682, -0.012001408637488595 
24.74999999995566, -0.020977717632952572 
24.759999999955635, -0.026469098157074267 
24.769999999955612, -0.02915436515269747 
24.77999999995559, -0.030245654485746787 
24.789999999955565, -0.03060068511494966 
24.799999999955542, -0.030659432633585754 
24.80999999995552, -0.030617613186036945 
24.819999999955495, -0.030559450908110873 
24.829999999955472, -0.03052563899083611 
24.83999999995545, -0.03054462955993274 
24.849999999955426, -0.03064821589009617 
24.859999999955402, -0.030882059109440946 
24.86999999995538, -0.03131644904045344 
24.879999999955356, -0.03206060874221402 
24.889999999955332, -0.033283231006272986 
24.89999999995531, -0.03523988319114556 
24.909999999955286, -0.03829758905098513 
24.919999999955262, -0.04291377731462858 
24.92999999995524, -0.04946334118096039 
24.939999999955216, -0.05780634728131982 
24.949999999955192, -0.06684063051095035 
24.95999999995517, -0.07483180213235632 
24.969999999955146, -0.0806006768035984 
24.979999999955123, -0.08413812575559734 
24.9899999999551, -0.08609041433427383 
24.999999999955076, -0.08710874758436324 
