t, s[1].omega / s[0].omega 
0, -1.1039979390121544 
0.009999999999999995, -1.1036806874602523 
0.019999999999999934, -1.103310732882436 
0.029999999999999874, -1.1031545580591613 
0.04000000000000012, -1.1028185882938666 
0.050000000000000405, -1.1021470655047982 
0.06000000000000069, -1.1015432720358287 
0.07000000000000098, -1.1013421761863456 
0.08000000000000126, -1.1006274531234048 
0.09000000000000155, -1.098965663386701 
0.10000000000000184, -1.097979113873585 
0.11000000000000212, -1.0977631156883019 
0.12000000000000241, -1.0960537919026605 
0.130000000000002, -1.0907511692068335 
0.1400000000000009, -1.0894243800577845 
0.1499999999999998, -1.0891734837836204 
0.1599999999999987, -1.0846772562444613 
0.1699999999999976, -1.0678512485103107 
0.1799999999999965, -1.0673159796993184 
0.1899999999999954, -1.0670174003807036 
0.1999999999999943, -1.0594313143818324 
0.2099999999999932, -1.0385839485646167 
0.2199999999999921, -1.0399266259635942 
0.229999999999991, -1.0396206308813485 
0.2399999999999899, -1.033851708147308 
0.2499999999999888, -1.034905074600808 
0.2599999999999877, -1.0374908594916712 
0.2699999999999866, -1.0371992112148571 
0.2799999999999855, -1.0352200880933544 
0.2899999999999844, -1.0580634428814348 
0.2999999999999833, -1.0612323881877557 
0.3099999999999822, -1.0609423703411198 
0.3199999999999811, -1.0630535461158388 
0.32999999999998, -1.0823242485689986 
0.3399999999999789, -1.084500746075564 
0.3499999999999778, -1.0842240221705846 
0.35999999999997667, -1.0865443359950442 
0.36999999999997557, -1.0923249260910113 
0.37999999999997447, -1.093164548083486 
0.38999999999997337, -1.092946114147257 
0.39999999999997227, -1.0940745454401042 
0.40999999999997117, -1.09558265477024 
0.41999999999997006, -1.0957818586916104 
0.42999999999996896, -1.0956059995658702 
0.43999999999996786, -1.0960081530656935 
0.44999999999996676, -1.0963700387820026 
0.45999999999996566, -1.0962824960761424 
0.46999999999996456, -1.0960848852815248 
0.47999999999996346, -1.096139376794543 
0.48999999999996235, -1.0960971603342493 
0.49999999999996125, -1.0958237917979903 
0.5099999999999602, -1.0955421304991646 
0.519999999999959, -1.0954357829844463 
0.529999999999958, -1.0951505139136035 
0.5399999999999568, -1.0946371675875637 
0.5499999999999557, -1.0942153941221973 
0.5599999999999546, -1.0940300365994025 
0.5699999999999535, -1.0934294129811655 
0.5799999999999524, -1.0923740856025186 
0.5899999999999513, -1.0917676932934874 
0.5999999999999502, -1.0915248309239862 
0.6099999999999491, -1.0902068809774337 
0.619999999999948, -1.0875671417372383 
0.6299999999999469, -1.086815985991609 
0.6399999999999458, -1.086493395489439 
0.6499999999999447, -1.08310260855485 
0.6599999999999436, -1.0756220921766328 
0.6699999999999425, -1.0750820274826347 
0.6799999999999414, -1.0746537377219678 
0.6899999999999403, -1.0661730299673864 
0.6999999999999392, -1.0491865854286146 
0.7099999999999381, -1.0494185315967435 
0.719999999999937, -1.0489319281468215 
0.7299999999999359, -1.0370544766404517 
0.7399999999999348, -1.0198593349934726 
0.7499999999999337, -1.0207701506138809 
0.7599999999999326, -1.0203127721237768 
0.7699999999999315, -1.0103121674317863 
0.7799999999999304, -0.9990348464721752 
0.7899999999999293, -1.0003385319797677 
0.7999999999999282, -0.9999563768249179 
0.8099999999999271, -0.9915715020065878 
0.819999999999926, -0.9768819694933235 
0.8299999999999249, -0.9782780809539011 
0.8399999999999238, -0.9779978480598526 
0.8499999999999227, -0.9712172457416159 
0.8599999999999216, -0.9458815716945366 
0.8699999999999205, -0.946037354415717 
0.8799999999999194, -0.9458852714439102 
0.8899999999999183, -0.9422411162587683 
0.8999999999999172, -0.9243374139816055 
0.9099999999999161, -0.9214767173145979 
0.919999999999915, -0.9214170454467288 
0.9299999999999139, -0.9200268183081685 
0.9399999999999128, -0.9144997223979953 
0.9499999999999117, -0.9117806666084158 
0.9599999999999106, -0.9116420472822884 
0.9699999999999095, -0.9110969677936996 
0.9799999999999084, -0.9093999747646153 
0.9899999999999073, -0.9080132611744728 
0.9999999999999062, -0.9077212602840719 
1.0099999999999052, -0.9074816243104815 
1.019999999999904, -0.9068358882062522 
1.029999999999903, -0.9061792061452048 
1.039999999999902, -0.9058819505110578 
1.0499999999999008, -0.9057804013276081 
1.0599999999998997, -0.905524022861778 
1.0699999999998986, -0.9051879710780584 
1.0799999999998975, -0.9049767061715365 
1.0899999999998964, -0.904997427407884 
1.0999999999998953, -0.9050062766567436 
1.1099999999998942, -0.9048692487739008 
1.119999999999893, -0.9047124954612897 
1.129999999999892, -0.9049543851043327 
1.1399999999998909, -0.9053817633522876 
1.1499999999998898, -0.9055186838848776 
1.1599999999998887, -0.9053561078493705 
1.1699999999998876, -0.9059359271766906 
1.1799999999998865, -0.9075410402900012 
1.1899999999998854, -0.9083834009490251 
1.1999999999998843, -0.9082566782809119 
1.2099999999998832, -0.9088828969290198 
1.219999999999882, -0.9145375825605655 
1.229999999999881, -0.9179399324746192 
1.2399999999998799, -0.9179963448466055 
1.2499999999998788, -0.9177518026379469 
1.2599999999998777, -0.9320136415994974 
1.2699999999998766, -0.9443257862153506 
1.2799999999998755, -0.9447309455324613 
1.2899999999998744, -0.9439891056796232 
1.2999999999998733, -0.9512479656572247 
1.3099999999998722, -0.9703781599193889 
1.319999999999871, -0.9711830081426155 
1.32999999999987, -0.9705209433457241 
1.3399999999998689, -0.9644183428714095 
1.3499999999998678, -0.9713924048749134 
1.3599999999998666, -0.9724964612837036 
1.3699999999998655, -0.9719918331232739 
1.3799999999998644, -0.9613614553473021 
1.3899999999998633, -0.9466053472721064 
1.3999999999998622, -0.9475781002388068 
1.4099999999998611, -0.947254176119873 
1.41999999999986, -0.9402181748795029 
1.429999999999859, -0.9185648726459628 
1.4399999999998578, -0.9176307956991986 
1.4499999999998567, -0.9174779485038138 
1.4599999999998556, -0.9150988070788801 
1.4699999999998545, -0.9078272928193292 
1.4799999999998534, -0.9056882750179448 
1.4899999999998523, -0.9055823888702439 
1.4999999999998512, -0.904789839240453 
1.5099999999998501, -0.9027759305630889 
1.519999999999849, -0.9014715158618579 
1.529999999999848, -0.9012688453269208 
1.5399999999998468, -0.9009573376892608 
1.5499999999998457, -0.900250807463186 
1.5599999999998446, -0.899616165214696 
1.5699999999998435, -0.8993812360188438 
1.5799999999998424, -0.8992668772267274 
1.5899999999998413, -0.8989979979451244 
1.5999999999998402, -0.8986704060490678 
1.6099999999998391, -0.8985080902898441 
1.619999999999838, -0.8985562184991918 
1.629999999999837, -0.8985780195350817 
1.6399999999998358, -0.8984326112865231 
1.6499999999998347, -0.8983250037726559 
1.6599999999998336, -0.8986788619401169 
1.6699999999998325, -0.899203570993424 
1.6799999999998314, -0.8993216753768232 
1.6899999999998303, -0.8991729382899798 
1.6999999999998292, -0.9001050439958316 
1.709999999999828, -0.9022799482086366 
1.719999999999827, -0.9031344372829883 
1.729999999999826, -0.9029656172067647 
1.7399999999998248, -0.9041393779367725 
1.7499999999998237, -0.9131109099864441 
1.7599999999998226, -0.9167880331411098 
1.7699999999998215, -0.9167591358585454 
1.7799999999998204, -0.9163401243763519 
1.7899999999998193, -0.936971640934888 
1.7999999999998182, -0.9486267563003316 
1.809999999999817, -0.9488412327466299 
1.819999999999816, -0.9476850598009571 
1.8299999999998149, -0.9470979809213215 
1.8399999999998138, -0.9564939932067213 
1.8499999999998127, -0.9569473701902748 
1.8599999999998116, -0.9560139869543552 
1.8699999999998105, -0.9381846309468296 
1.8799999999998094, -0.9266206120059388 
1.8899999999998083, -0.9270949779645254 
1.8999999999998072, -0.9265537096700024 
1.909999999999806, -0.9180157493112909 
1.919999999999805, -0.9049960256173049 
1.9299999999998039, -0.9044768809352508 
1.9399999999998028, -0.9042303015509755 
1.9499999999998017, -0.9020421323349533 
1.9599999999998006, -0.8982127215910596 
1.9699999999997995, -0.897111848690527 
1.9799999999997984, -0.896973570436149 
1.9899999999997973, -0.8962907728543393 
1.9999999999997962, -0.8951352156249086 
2.0099999999998173, -0.8944115325038766 
2.0199999999998384, -0.8942603363408954 
2.0299999999998595, -0.8940106999129382 
2.0399999999998806, -0.8935748429319671 
2.0499999999999017, -0.8931844573953409 
2.059999999999923, -0.8930635180853004 
2.069999999999944, -0.8930368763855977 
2.079999999999965, -0.8929217074563626 
2.089999999999986, -0.8926965975827957 
2.100000000000007, -0.892673650739085 
2.1100000000000283, -0.8929542872351451 
2.1200000000000494, -0.893227816199897 
2.1300000000000705, -0.8931498407479116 
2.1400000000000916, -0.8931431607836621 
2.1500000000001127, -0.8942096587350475 
2.160000000000134, -0.8956376565707153 
2.170000000000155, -0.8959040244423148 
2.180000000000176, -0.8957212561555176 
2.190000000000197, -0.8984309619531254 
2.2000000000002182, -0.9052767759513879 
2.2100000000002393, -0.9066867134658496 
2.2200000000002604, -0.9064411388300837 
2.2300000000002815, -0.9080918958434631 
2.2400000000003026, -0.9331587378795442 
2.2500000000003237, -0.937845179921958 
2.260000000000345, -0.9377276878970662 
2.270000000000366, -0.9354496366007252 
2.280000000000387, -0.9382240676028771 
2.290000000000408, -0.9432282033973349 
2.3000000000004293, -0.9432693448240463 
2.3100000000004504, -0.9411044243766258 
2.3200000000004715, -0.9154120904827123 
2.3300000000004926, -0.9095040991909855 
2.3400000000005137, -0.9096377788610419 
2.3500000000005348, -0.9086608531942472 
2.360000000000556, -0.9006105444230932 
2.370000000000577, -0.8946068408769834 
2.380000000000598, -0.8943761311126468 
2.390000000000619, -0.8940053671213564 
2.4000000000006403, -0.8921898565724233 
2.4100000000006614, -0.8902172250113223 
2.4200000000006825, -0.8896762618075258 
2.4300000000007036, -0.8895137633240892 
2.4400000000007247, -0.8889517301978996 
2.450000000000746, -0.8882628561682532 
2.460000000000767, -0.8878554060842647 
2.470000000000788, -0.8877654824582647 
2.480000000000809, -0.8875937062496553 
2.49000000000083, -0.8873212243716839 
2.5000000000008513, -0.8870749663620632 
2.5100000000008724, -0.8870979672245591 
2.5200000000008935, -0.8872290306514048 
2.5300000000009146, -0.8872467272356273 
2.5400000000009357, -0.8870709892411184 
2.550000000000957, -0.8872948544844881 
2.560000000000978, -0.8881245942816142 
2.570000000000999, -0.8887672900315757 
2.58000000000102, -0.8886932741692082 
2.5900000000010412, -0.8889055569146516 
2.6000000000010624, -0.8922752613476923 
2.6100000000010835, -0.8956272217016259 
2.6200000000011046, -0.8958913319116072 
2.6300000000011257, -0.8955599651115602 
2.6400000000011468, -0.9043461883568376 
2.650000000001168, -0.9215619455265516 
2.660000000001189, -0.9226978790780703 
2.67000000000121, -0.922240299597126 
2.680000000001231, -0.9198336155905026 
2.6900000000012523, -0.9317281359751161 
2.7000000000012734, -0.9336333165716574 
2.7100000000012945, -0.9333473577671394 
2.7200000000013156, -0.9266558722355274 
2.7300000000013367, -0.9004416204891698 
2.740000000001358, -0.8996426659066398 
2.750000000001379, -0.8995395387674829 
2.7600000000014, -0.8973892569280766 
2.770000000001421, -0.8895467306018483 
2.780000000001442, -0.8868732560768025 
2.7900000000014633, -0.886771780185048 
2.8000000000014844, -0.8861489501307817 
2.8100000000015055, -0.8844627794638525 
2.8200000000015266, -0.8832327564825971 
2.8300000000015477, -0.882979193189977 
2.840000000001569, -0.8827615484255706 
2.85000000000159, -0.8822477599112521 
2.860000000001611, -0.8817450656568627 
2.870000000001632, -0.881515718982297 
2.8800000000016532, -0.8814729145263707 
2.8900000000016743, -0.8813513897073509 
2.9000000000016954, -0.8811294394689279 
2.9100000000017165, -0.8809975801525585 
2.9200000000017377, -0.881196909989159 
2.9300000000017588, -0.8814973404738639 
2.94000000000178, -0.8815300864266309 
2.950000000001801, -0.8813924215622224 
2.960000000001822, -0.8821420262732805 
2.970000000001843, -0.8838340078137054 
2.9800000000018643, -0.8845685969839261 
2.9900000000018854, -0.8844067362569731 
3.0000000000019065, -0.8854988986064564 
3.0100000000019276, -0.8944635968897003 
3.0200000000019487, -0.8985339970393874 
3.03000000000197, -0.8985460841558529 
3.040000000001991, -0.8978138832013438 
3.050000000002012, -0.9158006286895651 
3.060000000002033, -0.9291844763119995 
3.070000000002054, -0.9295125217954927 
3.0800000000020753, -0.9284117273377537 
3.0900000000020964, -0.9100672192675359 
3.1000000000021175, -0.9009607141746925 
3.1100000000021386, -0.9013758064711159 
3.1200000000021597, -0.9008159374014028 
3.130000000002181, -0.893686474968631 
3.140000000002202, -0.8841757214256826 
3.150000000002223, -0.8835379045449274 
3.160000000002244, -0.8833202201658331 
3.1700000000022652, -0.8818529874866178 
3.1800000000022863, -0.879654442516144 
3.1900000000023074, -0.8788016665604069 
3.2000000000023285, -0.8786701525650651 
3.2100000000023496, -0.8782450679752102 
3.2200000000023707, -0.8776024773510798 
3.230000000002392, -0.8771381949964766 
3.240000000002413, -0.8770212591029521 
3.250000000002434, -0.8769242003101876 
3.260000000002455, -0.8767265774831741 
3.2700000000024763, -0.8764786540021923 
3.2800000000024974, -0.8764740251900472 
3.2900000000025185, -0.8767036561984805 
3.3000000000025396, -0.8768944984702308 
3.3100000000025607, -0.8767768142828689 
3.3200000000025818, -0.8768541490624211 
3.330000000002603, -0.8780359903513774 
3.340000000002624, -0.8794508603549062 
3.350000000002645, -0.879641706295026 
3.360000000002666, -0.8794708458822884 
3.3700000000026873, -0.8834329365289946 
3.3800000000027084, -0.8922885237846029 
3.3900000000027295, -0.8936009471373897 
3.4000000000027506, -0.893293261754376 
3.4100000000027717, -0.8940707300680615 
3.420000000002793, -0.9194505069023751 
3.430000000002814, -0.9231871082143714 
3.440000000002835, -0.9230347780556348 
3.450000000002856, -0.9190006971241284 
3.460000000002877, -0.8921725878674442 
3.4700000000028983, -0.8905521174490042 
3.4800000000029194, -0.8905649641173463 
3.4900000000029405, -0.8890625138638605 
3.5000000000029616, -0.8809419582645119 
3.5100000000029827, -0.8769533189408669 
3.520000000003004, -0.876810613331306 
3.530000000003025, -0.8763661565166351 
3.540000000003046, -0.8748539203345722 
3.550000000003067, -0.8735312979977105 
3.5600000000030882, -0.8731660528229036 
3.5700000000031094, -0.8730103458961681 
3.5800000000031305, -0.8725883847741611 
3.5900000000031516, -0.8721249116503578 
3.6000000000031727, -0.8718621013924928 
3.6100000000031938, -0.871842205106884 
3.620000000003215, -0.8717993843621002 
3.630000000003236, -0.8716471993843546 
3.640000000003257, -0.8714856938943258 
3.650000000003278, -0.8717289441951884 
3.6600000000032993, -0.8722368691737558 
3.6700000000033204, -0.872478425140375 
3.6800000000033415, -0.8723227299449419 
3.6900000000033626, -0.8729843686839082 
3.7000000000033837, -0.8758767148744334 
3.710000000003405, -0.8776951559952999 
3.720000000003426, -0.8776730457379606 
3.730000000003447, -0.8776814219860405 
3.740000000003468, -0.8916963050226232 
3.750000000003489, -0.9031833958603646 
3.7600000000035103, -0.9035860160989744 
3.7700000000035314, -0.9027594721073073 
3.7800000000035525, -0.8961799476068513 
3.7900000000035736, -0.8979783268227968 
3.8000000000035947, -0.8987312548777199 
3.810000000003616, -0.8982505531564408 
3.820000000003637, -0.890126689379748 
3.830000000003658, -0.8757928220585656 
3.840000000003679, -0.8749774950274423 
3.8500000000037002, -0.8747983689987927 
3.8600000000037213, -0.8732718707468824 
3.8700000000037424, -0.8705594380030134 
3.8800000000037635, -0.8694696882192832 
3.8900000000037847, -0.8693367040670512 
3.9000000000038058, -0.868933882441185 
3.910000000003827, -0.8682595846527108 
3.920000000003848, -0.8677521930149439 
3.930000000003869, -0.8676091611646791 
3.94000000000389, -0.8675287103634629 
3.9500000000039113, -0.8673523624111458 
3.9600000000039324, -0.8671092547141906 
3.9700000000039535, -0.8670795460178674 
3.9800000000039746, -0.8673404690143103 
3.9900000000039957, -0.8676181242829276 
4.000000000004016, -0.8675546961755906 
4.010000000003993, -0.8675472570923815 
4.02000000000397, -0.8688861720045937 
4.030000000003946, -0.8709207442994752 
4.040000000003923, -0.8713610885472526 
4.0500000000039, -0.8711223718440525 
4.0600000000038765, -0.8746002081653708 
4.070000000003853, -0.8893381879948343 
4.08000000000383, -0.8919796718629934 
4.090000000003807, -0.8917847606499187 
4.100000000003783, -0.8895288650128609 
4.11000000000376, -0.8925772621463903 
4.120000000003737, -0.8961202171421714 
4.130000000003713, -0.8961354840430307 
4.14000000000369, -0.8940507602984361 
4.150000000003667, -0.8770295574996195 
4.1600000000036434, -0.8709187282732193 
4.17000000000362, -0.8709003283530572 
4.180000000003597, -0.8703063481665447 
4.1900000000035735, -0.8677660679397389 
4.20000000000355, -0.8656576143938216 
4.210000000003527, -0.8652629842414176 
4.220000000003504, -0.8650719414346477 
4.23000000000348, -0.8644905115165956 
4.240000000003457, -0.8638756112920629 
4.250000000003434, -0.863551897693949 
4.26000000000341, -0.8634957171526957 
4.270000000003387, -0.8633824345469352 
4.280000000003364, -0.8631807060312322 
4.2900000000033405, -0.8629985079708019 
4.300000000003317, -0.8631601868559172 
4.310000000003294, -0.8635297711541396 
4.320000000003271, -0.8637094272079123 
4.330000000003247, -0.8635553637374132 
4.340000000003224, -0.8641023168006806 
4.350000000003201, -0.8664935584894216 
4.360000000003177, -0.8681684872770904 
4.370000000003154, -0.8681643097734653 
4.380000000003131, -0.8681352549261075 
4.390000000003107, -0.8809095042468366 
4.400000000003084, -0.8931462268569569 
4.410000000003061, -0.8936526418510994 
4.4200000000030375, -0.8929128034245437 
4.430000000003014, -0.8839298996493984 
4.440000000002991, -0.8793595928133394 
4.450000000002968, -0.880118240126481 
4.460000000002944, -0.8797492335657351 
4.470000000002921, -0.874383809335892 
4.480000000002898, -0.8640047497398565 
4.490000000002874, -0.862732655775443 
4.500000000002851, -0.8626016144064778 
4.510000000002828, -0.8616335812724768 
4.520000000002804, -0.8599348174260443 
4.530000000002781, -0.8590331096650731 
4.540000000002758, -0.8588831502867358 
4.5500000000027345, -0.8586333916528155 
4.560000000002711, -0.8582045890340368 
4.570000000002688, -0.8578316447337989 
4.580000000002665, -0.8577229801036993 
4.590000000002641, -0.8577602509619516 
4.600000000002618, -0.8577527149686589 
4.610000000002595, -0.8575868098497222 
4.620000000002571, -0.8575988055767708 
4.630000000002548, -0.8582328088013521 
4.640000000002525, -0.8590629501866713 
4.6500000000025015, -0.8591935242898633 
4.660000000002478, -0.8590576776325181 
4.670000000002455, -0.8617347458937621 
4.6800000000024315, -0.8682818129885079 
4.690000000002408, -0.8696912757603734 
4.700000000002385, -0.8694452135316905 
4.710000000002362, -0.8696045834946804 
4.720000000002338, -0.8938058522842725 
4.730000000002315, -0.8987964317002205 
4.740000000002292, -0.8987500320129272 
4.750000000002268, -0.8959573961751447 
4.760000000002245, -0.8709110316832573 
4.770000000002222, -0.8653815743614399 
4.7800000000021985, -0.865429622946232 
4.790000000002175, -0.8646379216132355 
4.800000000002152, -0.8609657131766826 
4.810000000002129, -0.8582738919877531 
4.820000000002105, -0.8579285853432143 
4.830000000002082, -0.8577007121727043 
4.840000000002059, -0.8569954001966175 
4.850000000002035, -0.8562878173804503 
4.860000000002012, -0.8559504526423067 
4.870000000001989, -0.8558839846843089 
4.880000000001965, -0.8557393837863998 
4.890000000001942, -0.8555152135825247 
4.900000000001919, -0.8553338439749224 
4.9100000000018955, -0.855487650876124 
4.920000000001872, -0.8558333562274878 
4.930000000001849, -0.8559931585353445 
4.940000000001826, -0.8558390009467325 
4.950000000001802, -0.856430053208024 
4.960000000001779, -0.8589499165209121 
4.970000000001756, -0.860679294827127 
4.980000000001732, -0.8606728149874044 
4.990000000001709, -0.8605927410959835 
5.000000000001686, -0.8751633113079544 
5.0100000000016625, -0.8887786352597111 
5.020000000001639, -0.8892921005277111 
5.030000000001616, -0.8885168839889968 
5.0400000000015925, -0.8750152289924481 
5.050000000001569, -0.8619090783000893 
5.060000000001546, -0.8623969913456103 
5.070000000001523, -0.8620721190308837 
5.080000000001499, -0.858376868808133 
5.090000000001476, -0.852042407861378 
5.100000000001453, -0.8508113710385721 
5.110000000001429, -0.8506893499515547 
5.120000000001406, -0.8500361320080109 
5.130000000001383, -0.8490010154658483 
5.1400000000013595, -0.8483611868969851 
5.150000000001336, -0.8482200750775282 
5.160000000001313, -0.8480809338372486 
5.17000000000129, -0.847834632161232 
5.180000000001266, -0.8475690259158418 
5.190000000001243, -0.84753978133932 
5.20000000000122, -0.8477657771784658 
5.210000000001196, -0.848003471165077 
5.220000000001173, -0.8479259083147711 
5.23000000000115, -0.8479525210975318 
5.240000000001126, -0.8495031001539901 
5.250000000001103, -0.8518839695211857 
5.26000000000108, -0.8523705483599016 
5.2700000000010565, -0.8520967225418321 
5.280000000001033, -0.8561791166191345 
5.29000000000101, -0.8783544176275548 
5.300000000000987, -0.8814987822176124 
5.310000000000963, -0.8813182503173697 
5.32000000000094, -0.8772944200930003 
5.330000000000917, -0.8512349528687368 
5.340000000000893, -0.8493730186352214 
5.35000000000087, -0.8493997892252471 
5.360000000000847, -0.8482577363894896 
5.3700000000008234, -0.8435231799981165 
5.3800000000008, -0.8408093365930203 
5.390000000000777, -0.8405579530957312 
5.4000000000007535, -0.8402953663276521 
5.41000000000073, -0.8395816897540102 
5.420000000000707, -0.8389320030680674 
5.430000000000684, -0.838648159826897 
5.44000000000066, -0.838603830918081 
5.450000000000637, -0.8385045464365704 
5.460000000000614, -0.8383223716018938 
5.47000000000059, -0.8381818772203176 
5.480000000000567, -0.8384722760409696 
5.490000000000544, -0.839075435517638 
5.5000000000005205, -0.8393724091318644 
5.510000000000497, -0.8392173018915644 
5.520000000000474, -0.8401661163258588 
5.5300000000004506, -0.8457789336038166 
5.540000000000427, -0.8490492531632449 
5.550000000000404, -0.8490938737972676 
5.560000000000381, -0.8482559174077304 
5.570000000000357, -0.8571157850959524 
5.580000000000334, -0.8676957947855668 
5.590000000000311, -0.8681884318330471 
5.600000000000287, -0.8674868988482738 
5.610000000000264, -0.857884034972226 
5.620000000000241, -0.8470018733373564 
5.6300000000002175, -0.8464644749269863 
5.640000000000194, -0.8462559349109422 
5.650000000000171, -0.8450181039160571 
5.660000000000148, -0.8433816619995417 
5.670000000000124, -0.8426778693084133 
5.680000000000101, -0.8425613118992981 
5.690000000000078, -0.8423008695511569 
5.700000000000054, -0.8419277052651946 
5.710000000000031, -0.8416249390549924 
5.720000000000008, -0.8415946502073061 
5.729999999999984, -0.8417123825827898 
5.739999999999961, -0.8417837377069387 
5.749999999999938, -0.8416362792273985 
5.7599999999999145, -0.841793458903249 
5.769999999999891, -0.843051881613448 
5.779999999999868, -0.844513816172195 
5.789999999999845, -0.8446806531442574 
5.799999999999821, -0.8444720866870422 
5.809999999999798, -0.8508771147419494 
5.819999999999775, -0.8664433374710554 
5.829999999999751, -0.8680119427760321 
5.839999999999728, -0.8676747029825844 
5.849999999999705, -0.8615694154570295 
5.8599999999996815, -0.8397525775272798 
5.869999999999658, -0.8396492439336618 
5.879999999999635, -0.8395806197355402 
5.8899999999996115, -0.837980072401717 
5.899999999999588, -0.8332182367503279 
5.909999999999565, -0.8311407775756192 
5.919999999999542, -0.8309715306147429 
5.929999999999518, -0.8306656737819283 
5.939999999999495, -0.8300027488879483 
5.949999999999472, -0.8294565695179568 
5.959999999999448, -0.8292497142666179 
5.969999999999425, -0.8292352455577365 
5.979999999999402, -0.8291840560158001 
5.9899999999993785, -0.8290269648292845 
5.999999999999355, -0.8289454258880022 
6.009999999999332, -0.8294491328531263 
6.019999999999309, -0.8303769165006428 
6.029999999999285, -0.8307338551875946 
6.039999999999262, -0.8305547371486842 
6.049999999999239, -0.8322884831675794 
6.059999999999215, -0.8431478392289283 
6.069999999999192, -0.847188904137179 
6.079999999999169, -0.8471715900618969 
6.089999999999145, -0.8454017340660113 
6.099999999999122, -0.8274059822607248 
6.109999999999099, -0.8231583458280077 
6.1199999999990755, -0.8233655944478403 
6.129999999999052, -0.8227533231515906 
6.139999999999029, -0.819211956173384 
6.149999999999006, -0.816167995657699 
6.159999999998982, -0.8156312779375459 
6.169999999998959, -0.8154898972244697 
6.179999999998936, -0.8150339964274829 
6.189999999998912, -0.814536530909964 
6.199999999998889, -0.8142411008419133 
6.209999999998866, -0.8142376168070861 
6.2199999999988425, -0.8143142491640224 
6.229999999998819, -0.814317025318451 
6.239999999998796, -0.8141601809904232 
6.2499999999987725, -0.8145469328280277 
6.259999999998749, -0.8162326757285965 
6.269999999998726, -0.817743474930561 
6.279999999998703, -0.8177943964265217 
6.289999999998679, -0.8175372575614668 
6.299999999998656, -0.8309325353011403 
6.309999999998633, -0.850625301061328 
6.319999999998609, -0.8515538039935735 
6.329999999998586, -0.8510436611633563 
6.339999999998563, -0.8411732029978327 
6.3499999999985395, -0.8227893890996192 
6.359999999998516, -0.8218531072140215 
6.369999999998493, -0.8217208646130412 
6.37999999999847, -0.8206434693057212 
6.389999999998446, -0.8188928908563251 
6.399999999998423, -0.8180312195459323 
6.4099999999984, -0.8178892672251618 
6.419999999998376, -0.8177104151316112 
6.429999999998353, -0.817417926707732 
6.43999999999833, -0.8171403380499956 
6.449999999998306, -0.8171072744510756 
6.459999999998283, -0.8173535183464867 
6.46999999999826, -0.8176584395113143 
6.4799999999982365, -0.8176241705020557 
6.489999999998213, -0.8176109310494702 
6.49999999999819, -0.8198416130699727 
6.509999999998167, -0.8242545826649207 
6.519999999998143, -0.8252219312088863 
6.52999999999812, -0.8249365834654054 
6.539999999998097, -0.8244147548575086 
6.549999999998073, -0.8373540734874677 
6.55999999999805, -0.8402808996031731 
6.569999999998027, -0.8402528067802676 
6.5799999999980034, -0.8383097846184506 
6.58999999999798, -0.8293588158210187 
6.599999999997957, -0.8257909784716764 
6.6099999999979335, -0.82564372082387 
6.61999999999791, -0.8252891081583053 
6.629999999997887, -0.824348914340055 
6.639999999997864, -0.8235779025533089 
6.64999999999784, -0.8232937229684535 
6.659999999997817, -0.8232357813384402 
6.669999999997794, -0.8231057249617699 
6.67999999999777, -0.8229071642287981 
6.689999999997747, -0.8227804460661782 
6.699999999997724, -0.8230935298787552 
6.7099999999977005, -0.8237330678651358 
6.719999999997677, -0.8240387633630277 
6.729999999997654, -0.8238800099204422 
6.7399999999976306, -0.8250298858613709 
6.749999999997607, -0.832652245076316 
6.759999999997584, -0.8366973284221567 
6.769999999997561, -0.8367560375491281 
6.779999999997537, -0.8355210404342296 
6.789999999997514, -0.8243173935382401 
6.799999999997491, -0.8206346208256616 
6.809999999997467, -0.8209652823338116 
6.819999999997444, -0.8204733899278068 
6.829999999997421, -0.816971920749162 
6.8399999999973975, -0.8133575608139422 
6.849999999997374, -0.8126498697515021 
6.859999999997351, -0.8125247400287593 
6.869999999997328, -0.8120855840340346 
6.879999999997304, -0.8115644022616055 
6.889999999997281, -0.811233747366728 
6.899999999997258, -0.8112061540581499 
6.909999999997234, -0.8112798788675711 
6.919999999997211, -0.8113026411850969 
6.929999999997188, -0.8111481522954539 
6.939999999997164, -0.8114223454978546 
6.949999999997141, -0.813029217980167 
6.959999999997118, -0.8147729727412723 
6.9699999999970945, -0.8149277503136934 
6.979999999997071, -0.8145974013228391 
6.989999999997048, -0.8244525337515755 
6.999999999997025, -0.847835256912184 
7.009999999997001, -0.8492782890237923 
7.019999999996978, -0.8489238762136928 
7.029999999996955, -0.8419478092272555 
7.039999999996931, -0.8235209654953362 
7.049999999996908, -0.8218207233162915 
7.059999999996885, -0.8217339667251855 
7.0699999999968615, -0.8208782466171441 
7.079999999996838, -0.819251589686052 
7.089999999996815, -0.8183334330606791 
7.0999999999967915, -0.8181558826100719 
7.109999999996768, -0.8180105605301361 
7.119999999996745, -0.8177449487717916 
7.129999999996722, -0.8174711951367852 
7.139999999996698, -0.8174090586265367 
7.149999999996675, -0.8176614974600988 
7.159999999996652, -0.8180213427141263 
7.169999999996628, -0.8180438023862434 
7.179999999996605, -0.8179553713202866 
7.189999999996582, -0.8199324695980805 
7.1999999999965585, -0.8249394745201807 
7.209999999996535, -0.8263575182384347 
7.219999999996512, -0.8261511222458655 
7.229999999996489, -0.8249158865630045 
7.239999999996465, -0.8319254386625208 
7.249999999996442, -0.8350735448669254 
7.259999999996419, -0.8351454585904752 
7.269999999996395, -0.8338147328201448 
7.279999999996372, -0.8265628079891721 
7.289999999996349, -0.8226305477991336 
7.299999999996325, -0.8223790162588023 
7.309999999996302, -0.8221152278526487 
7.319999999996279, -0.821328321895276 
7.3299999999962555, -0.8206132078779672 
7.339999999996232, -0.8202993070255681 
7.349999999996209, -0.8202572885370649 
7.359999999996186, -0.8201790080503277 
7.369999999996162, -0.820025325850069 
7.379999999996139, -0.819877498613123 
7.389999999996116, -0.8202099024030965 
7.399999999996092, -0.8210296990554719 
7.409999999996069, -0.8215456001187692 
7.419999999996046, -0.8214172747538182 
7.4299999999960225, -0.8221111887044495 
7.439999999995999, -0.83178958054805 
7.449999999995976, -0.8386137852079616 
7.4599999999959525, -0.8388665109993136 
7.469999999995929, -0.837880815398448 
7.479999999995906, -0.8211249128811441 
7.489999999995883, -0.807126925063058 
7.499999999995859, -0.807333868176005 
7.509999999995836, -0.8070395828379814 
7.519999999995813, -0.8049907491170671 
7.529999999995789, -0.8024840668947852 
7.539999999995766, -0.8016841486134257 
7.549999999995743, -0.8015770599265941 
7.5599999999957195, -0.8013124184057298 
7.569999999995696, -0.8009614003818766 
7.579999999995673, -0.8006881282059949 
7.58999999999565, -0.8007020780118486 
7.599999999995626, -0.8009529385742687 
7.609999999995603, -0.8012108475010222 
7.61999999999558, -0.8011252709410848 
7.629999999995556, -0.8012753763063917 
7.639999999995533, -0.8045175274750263 
7.64999999999551, -0.8094543148096625 
7.659999999995486, -0.810127842505952 
7.669999999995463, -0.8097028715967761 
7.67999999999544, -0.8052630822546564 
7.6899999999954165, -0.7938117952083814 
7.699999999995393, -0.7942191885780074 
7.70999999999537, -0.7941290709372062 
7.719999999995347, -0.7927036137708044 
7.729999999995323, -0.7896118830617461 
7.7399999999953, -0.7882399377912768 
7.749999999995277, -0.7880631124585762 
7.759999999995253, -0.7878820632320716 
7.76999999999523, -0.7875562147042973 
7.779999999995207, -0.7872599264476325 
7.789999999995183, -0.7871828755412043 
7.79999999999516, -0.7874355340164033 
7.809999999995137, -0.7878540968614128 
7.8199999999951135, -0.7879397484916784 
7.82999999999509, -0.787806592651827 
7.839999999995067, -0.790165435224167 
7.849999999995044, -0.7992041830225478 
7.85999999999502, -0.8018891569320316 
7.869999999994997, -0.8017809905332532 
7.879999999994974, -0.7989342823243588 
7.88999999999495, -0.7720255878347083 
7.899999999994927, -0.7657657011406572 
7.909999999994904, -0.7657899103323103 
7.9199999999948805, -0.7653592662077395 
7.929999999994857, -0.7640588560691629 
7.939999999994834, -0.7630952192850116 
7.9499999999948106, -0.7627711533599034 
7.959999999994787, -0.762737783328706 
7.969999999994764, -0.7626912740525426 
7.979999999994741, -0.7625886001491256 
7.989999999994717, -0.7624619369940245 
7.999999999994694, -0.7630669399001213 
8.00999999999467, -0.7650752538509937 
8.019999999994647, -0.7665153870307919 
8.029999999994624, -0.7664860877767169 
8.0399999999946, -0.765742604612552 
8.049999999994577, -0.7683323324747329 
8.059999999994554, -0.7697095975750594 
8.06999999999453, -0.7700810459874137 
8.079999999994508, -0.7696854836718827 
8.089999999994484, -0.7673575904893494 
8.099999999994461, -0.7650990122936331 
8.109999999994438, -0.7644515878828462 
8.119999999994414, -0.7643636601012026 
8.129999999994391, -0.764175327779642 
8.139999999994368, -0.7639473574539412 
8.149999999994344, -0.7637493763916237 
8.159999999994321, -0.7639173966652366 
8.169999999994298, -0.764635791039198 
8.179999999994275, -0.7654310966007155 
8.189999999994251, -0.765448524268177 
8.199999999994228, -0.7653115512401166 
8.209999999994205, -0.7766531741287133 
8.219999999994181, -0.7978605820240144 
8.229999999994158, -0.7991102760809876 
8.239999999994135, -0.7987629215752732 
8.249999999994111, -0.7935819134055961 
8.259999999994088, -0.7836088813882336 
8.269999999994065, -0.7819862567038257 
8.279999999994041, -0.7818942318971376 
8.289999999994018, -0.781443858363438 
8.299999999993995, -0.7807576129996667 
8.309999999993972, -0.7803047702990082 
8.319999999993948, -0.7801975481109209 
8.329999999993925, -0.7802613473872559 
8.339999999993902, -0.780339139125283 
8.349999999993878, -0.780237826797584 
8.359999999993855, -0.7802718551579767 
8.369999999993832, -0.7819529535350467 
8.379999999993808, -0.7852777429658141 
8.389999999993785, -0.786124971610926 
8.399999999993762, -0.7858452747518507 
8.409999999993738, -0.7839822906670748 
8.419999999993715, -0.7785001509208024 
8.429999999993692, -0.7789120417368635 
8.439999999993669, -0.778932201418443 
8.449999999993645, -0.777951192688892 
8.459999999993622, -0.7751368280757315 
8.469999999993599, -0.773582702012299 
8.479999999993575, -0.7733102447329189 
8.489999999993552, -0.7731924506008933 
8.499999999993529, -0.7729451797028984 
8.509999999993505, -0.7726916276468658 
8.519999999993482, -0.7725842479921247 
8.529999999993459, -0.7729097202113808 
8.539999999993436, -0.7736093395234663 
8.549999999993412, -0.7739590424804198 
8.559999999993389, -0.7737923851226064 
8.569999999993366, -0.7752456151864736 
8.579999999993342, -0.7929355250956182 
8.589999999993319, -0.8004755380917051 
8.599999999993296, -0.8006265802473244 
8.609999999993272, -0.7992585865858982 
8.619999999993249, -0.7850988633208903 
8.629999999993226, -0.7768336236964256 
8.639999999993202, -0.7765447960592581 
8.64999999999318, -0.7763277837075283 
8.659999999993156, -0.7755429888083487 
8.669999999993133, -0.7748023731286893 
8.67999999999311, -0.7744528364754674 
8.689999999993086, -0.7744305409849984 
8.699999999993063, -0.7744637006696816 
8.70999999999304, -0.7744461037654091 
8.719999999993016, -0.7742966497267534 
8.729999999992993, -0.7747583029595031 
8.73999999999297, -0.7770578011177474 
8.749999999992946, -0.7792818151379117 
8.759999999992923, -0.779421544297327 
8.7699999999929, -0.7787746234480217 
8.779999999992876, -0.7777204679285978 
8.789999999992853, -0.7767201059086556 
8.79999999999283, -0.7772693845168699 
8.809999999992806, -0.7770219990978579 
8.819999999992783, -0.7750407566894915 
8.82999999999276, -0.7724123602513313 
8.839999999992736, -0.771517359029904 
8.849999999992713, -0.7714077569084942 
8.85999999999269, -0.7712223462888992 
8.869999999992666, -0.7709665583288853 
8.879999999992643, -0.770734181100375 
8.88999999999262, -0.7707910685346266 
8.899999999992596, -0.771303656294258 
8.909999999992573, -0.7719991525734702 
8.91999999999255, -0.7720747704758432 
8.929999999992527, -0.7719230127396731 
8.939999999992503, -0.7782544619202638 
8.94999999999248, -0.7976287596143379 
8.959999999992457, -0.7997578281632296 
8.969999999992433, -0.7995340509508161 
8.97999999999241, -0.7950532533786903 
8.989999999992387, -0.7796591158042243 
8.999999999992363, -0.7768049364603499 
9.00999999999234, -0.7767318718276236 
9.019999999992317, -0.7763030293650476 
9.029999999992294, -0.7754699004676114 
9.03999999999227, -0.7748960636366019 
9.049999999992247, -0.7747171950507906 
9.059999999992224, -0.7747435180107758 
9.0699999999922, -0.7747874370753359 
9.079999999992177, -0.7747025262204313 
9.089999999992154, -0.7746438587879931 
9.09999999999213, -0.7758157365157492 
9.109999999992107, -0.7787929652646107 
9.119999999992084, -0.7799928063088231 
9.12999999999206, -0.7798261090772786 
9.139999999992037, -0.7785018969490471 
9.149999999992014, -0.7745446129786043 
9.15999999999199, -0.7744011575197384 
9.169999999991967, -0.7745400672628824 
9.179999999991944, -0.7738702577030376 
9.18999999999192, -0.7712737521665861 
9.199999999991897, -0.7694809509639077 
9.209999999991874, -0.7690790741296026 
9.21999999999185, -0.7689870943099469 
9.229999999991827, -0.7687714114722238 
9.239999999991804, -0.7685348546243935 
9.24999999999178, -0.7683826198861705 
9.259999999991757, -0.7686632250535156 
9.269999999991734, -0.7694289839454789 
9.27999999999171, -0.7699910656679961 
9.289999999991688, -0.769883094727691 
9.299999999991664, -0.7703169080877729 
9.309999999991641, -0.7875214466353215 
9.319999999991618, -0.8006201781382035 
9.329999999991594, -0.8010797025951559 
9.339999999991571, -0.8003292229488584 
9.349999999991548, -0.7910201465217874 
9.359999999991524, -0.7816724392046994 
9.369999999991501, -0.7809632511355151 
9.379999999991478, -0.7808237104373049 
9.389999999991455, -0.7801928431670265 
9.399999999991431, -0.7794694713528924 
9.409999999991408, -0.7790682591698379 
9.419999999991385, -0.7790172354055463 
9.429999999991361, -0.7790640692784058 
9.439999999991338, -0.7790851318939356 
9.449999999991315, -0.7789405496867219 
9.459999999991291, -0.7791937467389591 
9.469999999991268, -0.781201499281084 
9.479999999991245, -0.7838221972625087 
9.489999999991221, -0.7841655079534715 
9.499999999991198, -0.7837006189747002 
9.509999999991175, -0.783266408225533 
9.519999999991152, -0.7850785813714966 
9.529999999991128, -0.7859755098697097 
9.539999999991105, -0.7858342654378021 
9.549999999991082, -0.7840865712130038 
9.559999999991058, -0.7807504402947204 
9.569999999991035, -0.7794565683940197 
9.579999999991012, -0.7793074672659168 
9.589999999990988, -0.7791140265936952 
9.599999999990965, -0.7787950886237291 
9.609999999990942, -0.7785132033011269 
9.619999999990918, -0.7784680491476816 
9.629999999990895, -0.778775132687477 
9.639999999990872, -0.77926361841013 
9.649999999990849, -0.7793538512835705 
9.659999999990825, -0.7792165468891897 
9.669999999990802, -0.7823781361064809 
9.679999999990779, -0.7946032372499915 
9.689999999990755, -0.7974000236303268 
9.699999999990732, -0.7972712561123875 
9.709999999990709, -0.7938912530837954 
9.719999999990685, -0.7703976381202032 
9.729999999990662, -0.7651448795440605 
9.739999999990639, -0.7651093844942142 
9.749999999990616, -0.7647125091604281 
9.759999999990592, -0.7636941346429816 
9.769999999990569, -0.7629521501568016 
9.779999999990546, -0.7626900573054465 
9.789999999990522, -0.7626890845070603 
9.799999999990499, -0.762708950998975 
9.809999999990476, -0.7626458829438604 
9.819999999990452, -0.7625310020941706 
9.829999999990429, -0.7633833902270476 
9.839999999990406, -0.766306922477862 
9.849999999990382, -0.7680980885939549 
9.85999999999036, -0.7680610946856115 
9.869999999990336, -0.7668359621339482 
9.879999999990313, -0.753364478730016 
9.88999999999029, -0.7463236964489666 
9.899999999990266, -0.7464943526105687 
9.909999999990243, -0.7461574604664766 
9.91999999999022, -0.7447141449369565 
9.929999999990196, -0.7434677346580542 
9.939999999990173, -0.7430152604476691 
9.94999999999015, -0.7429665880795588 
9.959999999990126, -0.7429325480457367 
9.969999999990103, -0.7428705316365787 
9.97999999999008, -0.7427213012431954 
9.989999999990056, -0.7431544588524355 
9.999999999990033, -0.745511255301842 
10.00999999999001, -0.7480973520673169 
10.019999999989986, -0.7483179778370364 
10.029999999989963, -0.747608692590614 
10.03999999998994, -0.7348123399371365 
10.049999999989916, -0.7148087882575953 
10.059999999989893, -0.7144254853064073 
10.06999999998987, -0.7143075417126856 
10.079999999989846, -0.713592021746117 
10.089999999989823, -0.7127734303109539 
10.0999999999898, -0.7123561623271201 
10.109999999989776, -0.7123131475493588 
10.119999999989753, -0.7124796338433731 
10.12999999998973, -0.7127301487099998 
10.139999999989707, -0.7126905208331277 
10.149999999989683, -0.7127049067972262 
10.15999999998966, -0.7189338482212896 
10.169999999989637, -0.7356697309672366 
10.179999999989613, -0.7375450409830253 
10.18999999998959, -0.7373372500584122 
10.199999999989567, -0.7341955308621011 
10.209999999989543, -0.7273483115257248 
10.21999999998952, -0.7255091851178295 
10.229999999989497, -0.7253743742031453 
10.239999999989474, -0.7251869472721351 
10.24999999998945, -0.7248931416948554 
10.259999999989427, -0.7246457751932772 
10.269999999989404, -0.7246280198427669 
10.27999999998938, -0.7251723799563339 
10.289999999989357, -0.7262782016089554 
10.299999999989334, -0.7266963768623773 
10.30999999998931, -0.7264603068038681 
10.319999999989287, -0.7272869138242821 
10.329999999989264, -0.7411634510925672 
10.33999999998924, -0.7432355255541766 
10.349999999989217, -0.7433082609226099 
10.359999999989194, -0.7425084805029203 
10.36999999998917, -0.7401907906643859 
10.379999999989147, -0.7388468215292672 
10.389999999989124, -0.7385432278047691 
10.3999999999891, -0.7384858794846783 
10.409999999989077, -0.7383806497390127 
10.419999999989054, -0.7382388217833061 
10.42999999998903, -0.7381400456658157 
10.439999999989007, -0.7388316882757723 
10.449999999988984, -0.7409554204275162 
10.45999999998896, -0.7423114502330441 
10.469999999988937, -0.742245456634549 
10.479999999988914, -0.7410083651419319 
10.48999999998889, -0.725707785048217 
10.499999999988868, -0.7175913138811658 
10.509999999988844, -0.7176896338520802 
10.519999999988821, -0.7174024795669545 
10.529999999988798, -0.7163555830857626 
10.539999999988774, -0.7155033404034234 
10.549999999988751, -0.7151594117296248 
10.559999999988728, -0.7151656366992519 
10.569999999988704, -0.7152970840478516 
10.579999999988681, -0.7154131227512803 
10.589999999988658, -0.7152878491541169 
10.599999999988635, -0.7158632208175674 
10.609999999988611, -0.723872589008307 
10.619999999988588, -0.7329743127357273 
10.629999999988565, -0.7335495776254762 
10.639999999988541, -0.732967153057301 
10.649999999988518, -0.7262044358716205 
10.659999999988495, -0.7187788918598222 
10.669999999988471, -0.7177557572928535 
10.679999999988448, -0.7176686263240987 
10.689999999988425, -0.717388233570067 
10.699999999988401, -0.717068789746437 
10.709999999988378, -0.7168398811383727 
10.719999999988355, -0.7169441184868571 
10.729999999988332, -0.7176209905786736 
10.739999999988308, -0.718616789681004 
10.749999999988285, -0.7187682749408727 
10.759999999988262, -0.7184172653666019 
10.769999999988238, -0.722359325885328 
10.779999999988215, -0.7318647073137211 
10.789999999988192, -0.7327651725191539 
10.799999999988168, -0.7326716650307447 
10.809999999988145, -0.7315116087129834 
10.819999999988122, -0.7296105425343875 
10.829999999988098, -0.7287466412254063 
10.839999999988075, -0.7285911863744057 
10.849999999988052, -0.7285567190939779 
10.859999999988029, -0.7285135112665792 
10.869999999988005, -0.7283853034789012 
10.879999999987982, -0.7284106286518601 
10.889999999987959, -0.729938094610617 
10.899999999987935, -0.7336462863553045 
10.909999999987912, -0.7348244357788464 
10.919999999987889, -0.7346105136224755 
10.929999999987865, -0.7305794963107035 
10.939999999987842, -0.7039208312904056 
10.949999999987819, -0.6992935782390953 
10.959999999987796, -0.6992498992033247 
10.969999999987772, -0.69894735350823 
10.979999999987749, -0.6983375135373072 
10.989999999987726, -0.6979183339538225 
10.999999999987702, -0.6977822619606645 
11.009999999987679, -0.6980061956748828 
11.019999999987656, -0.6985749787061469 
11.029999999987632, -0.6989144157113749 
11.039999999987609, -0.6987494799863876 
11.049999999987586, -0.6996122379763544 
11.059999999987562, -0.7226049750561926 
11.06999999998754, -0.7291102235850567 
11.079999999987516, -0.7293372032323121 
11.089999999987493, -0.7287461587138023 
11.09999999998747, -0.7264011938276813 
11.109999999987446, -0.7247863569698113 
11.119999999987423, -0.7243624411212857 
11.1299999999874, -0.7243120044844791 
11.139999999987376, -0.7242358223322557 
11.149999999987353, -0.724136001055914 
11.15999999998733, -0.7239993683888938 
11.169999999987306, -0.7245733922206473 
11.179999999987283, -0.7272010376850526 
11.18999999998726, -0.7296480190642737 
11.199999999987236, -0.7297816264045847 
11.209999999987213, -0.7288102447692341 
11.21999999998719, -0.7109151221585674 
11.229999999987166, -0.694329807408799 
11.239999999987143, -0.6938706427724941 
11.24999999998712, -0.69374774118572 
11.259999999987096, -0.6932190414309186 
11.269999999987073, -0.6927044042934739 
11.27999999998705, -0.6924304981019677 
11.289999999987026, -0.6925018816754706 
11.299999999987003, -0.6929604156504967 
11.30999999998698, -0.6935922424783174 
11.319999999986956, -0.6936274769522879 
11.329999999986933, -0.6933483972721695 
11.33999999998691, -0.7014615668576827 
11.349999999986887, -0.7145580521178225 
11.359999999986863, -0.715392621362981 
11.36999999998684, -0.7152549264755504 
11.379999999986817, -0.7140457378975067 
11.389999999986793, -0.712420007404473 
11.39999999998677, -0.7117200659719728 
11.409999999986747, -0.7116049080284135 
11.419999999986723, -0.7116162640831937 
11.4299999999867, -0.7116524101288146 
11.439999999986677, -0.7115539739912704 
11.449999999986654, -0.7116204696961022 
11.45999999998663, -0.7144013867953487 
11.469999999986607, -0.7215801603078367 
11.479999999986584, -0.7231452824382454 
11.48999999998656, -0.7229297255451734 
11.499999999986537, -0.7187719769024244 
11.509999999986514, -0.7049996206023919 
11.51999999998649, -0.7020707527766876 
11.529999999986467, -0.7019494623004987 
11.539999999986444, -0.7017368612359074 
11.54999999998642, -0.7013748760794647 
11.559999999986397, -0.7010981186147641 
11.569999999986374, -0.7010427294484894 
11.57999999998635, -0.7015217052400264 
11.589999999986327, -0.7026586375700578 
11.599999999986304, -0.7032270453291127 
11.60999999998628, -0.7030358435417695 
11.619999999986257, -0.7021214784217045 
11.629999999986234, -0.6927078100532371 
11.63999999998621, -0.6893802756161539 
11.649999999986187, -0.6894581464420736 
11.659999999986164, -0.6890891405467864 
11.66999999998614, -0.6881590029365441 
11.679999999986117, -0.6875388380807284 
11.689999999986094, -0.6873190634832425 
11.69999999998607, -0.6874255319364433 
11.709999999986048, -0.6877656941337098 
11.719999999986024, -0.688021251579486 
11.729999999986001, -0.6878839619659748 
11.739999999985978, -0.688685642092298 
11.749999999985954, -0.7111530307231958 
11.759999999985931, -0.7228331207494045 
11.769999999985908, -0.7232096883340613 
11.779999999985884, -0.7226865313147595 
11.789999999985861, -0.7200151321841768 
11.799999999985838, -0.7179377406384116 
11.809999999985815, -0.7173970455575367 
11.819999999985791, -0.7173354462196265 
11.829999999985768, -0.7172434948239936 
11.839999999985745, -0.7171383040591146 
11.849999999985721, -0.7169886813559654 
11.859999999985698, -0.7174132633355411 
11.869999999985675, -0.7197587567398605 
11.879999999985651, -0.722513495175015 
11.889999999985628, -0.722774976475362 
11.899999999985605, -0.7220528617229772 
11.909999999985581, -0.7078679152712808 
11.919999999985558, -0.6886597737505463 
11.929999999985535, -0.6877823777068699 
11.939999999985512, -0.6876962725341654 
11.949999999985488, -0.6872594681578071 
11.959999999985465, -0.6867849195233414 
11.969999999985442, -0.6865084288504961 
11.979999999985418, -0.686565235747473 
11.989999999985395, -0.6870901958212998 
11.999999999985372, -0.6879452625018452 
12.009999999985348, -0.6880999094600074 
12.019999999985325, -0.6877458721604951 
12.029999999985302, -0.6886241363604129 
12.039999999985278, -0.6833580390714762 
12.049999999985255, -0.683175154595473 
12.059999999985232, -0.6831321442201662 
12.069999999985209, -0.6825000001711121 
12.079999999985185, -0.6815995455722095 
12.089999999985162, -0.6811250747097475 
12.099999999985139, -0.6810377312551857 
12.109999999985115, -0.6812392954825269 
12.119999999985092, -0.6816573681623085 
12.129999999985069, -0.681775635319295 
12.139999999985045, -0.6815798110129692 
12.149999999985022, -0.6853989874575088 
12.159999999984999, -0.712197307595369 
12.169999999984976, -0.71556332136724 
12.179999999984952, -0.7155925379298146 
12.189999999984929, -0.714640168179302 
12.199999999984906, -0.7123125472226762 
12.209999999984882, -0.7111278534003179 
12.219999999984859, -0.710874028858441 
12.229999999984836, -0.7108463422110278 
12.239999999984812, -0.7108190068846655 
12.249999999984789, -0.7107348893145137 
12.259999999984766, -0.7106513420693841 
12.269999999984742, -0.7118892320568926 
12.27999999998472, -0.7167717969263672 
12.289999999984696, -0.7193809407696842 
12.299999999984673, -0.7193771761933409 
12.30999999998465, -0.7174833505105088 
12.319999999984626, -0.7008142073788046 
12.329999999984603, -0.6938973911445693 
12.33999999998458, -0.6935979558046892 
12.349999999984556, -0.6934510964395983 
12.359999999984533, -0.6930635081462142 
12.36999999998451, -0.6927403627622034 
12.379999999984486, -0.6925808959212141 
12.389999999984463, -0.6928646028921256 
12.39999999998444, -0.6938284201972527 
12.409999999984416, -0.6947420900182439 
12.419999999984393, -0.6947169864892159 
12.42999999998437, -0.693976158276008 
12.439999999984346, -0.6846847974649432 
12.449999999984323, -0.6728601050653853 
12.4599999999843, -0.67282488343974 
12.469999999984276, -0.6726625016541171 
12.479999999984253, -0.6720001537167388 
12.48999999998423, -0.6714168234973036 
12.499999999984206, -0.6711403063007427 
12.509999999984183, -0.6712227535279549 
12.51999999998416, -0.6717023250067135 
12.529999999984136, -0.6723614191333201 
12.539999999984113, -0.6723947784219321 
12.54999999998409, -0.6720100356738813 
12.559999999984067, -0.6741537304737575 
12.569999999984043, -0.6683814722568341 
12.57999999998402, -0.6683914126845207 
12.589999999983997, -0.6682948766418315 
12.599999999983973, -0.6676374366696495 
12.60999999998395, -0.6669120006666768 
12.619999999983927, -0.6665497689900982 
12.629999999983903, -0.6665459284859433 
12.63999999998388, -0.6668981752309078 
12.649999999983857, -0.6675333911464699 
12.659999999983834, -0.667664227573629 
12.66999999998381, -0.6673622244446347 
12.679999999983787, -0.6693558343814648 
12.689999999983764, -0.6675766925004637 
12.69999999998374, -0.667292257912451 
12.709999999983717, -0.667271073775518 
12.719999999983694, -0.6667224882327424 
12.72999999998367, -0.665919729494498 
12.739999999983647, -0.6654854378495504 
12.749999999983624, -0.66540829497056 
12.7599999999836, -0.6656837921571173 
12.769999999983577, -0.6663038419217749 
12.779999999983554, -0.6665563491647492 
12.78999999998353, -0.6663239550844582 
12.799999999983507, -0.6669737026948587 
12.809999999983484, -0.6671607825919299 
12.81999999998346, -0.6659414056683368 
12.829999999983437, -0.665992689991177 
12.839999999983414, -0.6655781692330106 
12.84999999998339, -0.6647529863477329 
12.859999999983367, -0.6642560665239609 
12.869999999983344, -0.6641094716650008 
12.87999999998332, -0.6643242088563976 
12.889999999983297, -0.6649214103567093 
12.899999999983274, -0.6653191090747206 
12.90999999998325, -0.6651613386365972 
12.919999999983228, -0.6649498838502997 
12.929999999983204, -0.6638419758293492 
12.939999999983181, -0.6600330549043951 
12.949999999983158, -0.6601269913205144 
12.959999999983134, -0.6598522319121313 
12.969999999983111, -0.6591093278898573 
12.979999999983088, -0.6585920412409837 
12.989999999983064, -0.6583918792268197 
12.999999999983041, -0.6585726404253947 
13.009999999983018, -0.6592194518118943 
13.019999999982995, -0.659866228091903 
13.029999999982971, -0.659811052359105 
13.039999999982948, -0.6591093970916422 
13.049999999982925, -0.6476684054114461 
13.059999999982901, -0.6344090280649868 
13.069999999982878, -0.6342274994902194 
13.079999999982855, -0.6341011112257706 
13.089999999982831, -0.6336532558261684 
13.099999999982808, -0.6332870408959792 
13.109999999982785, -0.6330974105380031 
13.119999999982761, -0.6333532658350521 
13.129999999982738, -0.6347041485913156 
13.139999999982715, -0.6367371593432709 
13.149999999982692, -0.6370214573283918 
13.159999999982668, -0.6363795777954802 
13.169999999982645, -0.6271964804007942 
13.179999999982622, -0.6175925799007995 
13.189999999982598, -0.6164592793102512 
13.199999999982575, -0.616391406866706 
13.209999999982552, -0.6162920441849553 
13.219999999982528, -0.6162275063139186 
13.229999999982505, -0.6161078436285323 
13.239999999982482, -0.6163179009233577 
13.249999999982458, -0.6217373522726052 
13.259999999982435, -0.6364929978808086 
13.269999999982412, -0.6382149164102332 
13.279999999982389, -0.6380692191372451 
13.289999999982365, -0.6366102571975221 
13.299999999982342, -0.6347084628752582 
13.309999999982319, -0.6340043490030984 
13.319999999982295, -0.6338981746644669 
13.329999999982272, -0.6340270479668075 
13.339999999982249, -0.6343356677546589 
13.349999999982225, -0.6344123542499951 
13.359999999982202, -0.6342115204424883 
13.369999999982179, -0.6378720684756873 
13.379999999982156, -0.6528454871228921 
13.389999999982132, -0.6534218559944114 
13.399999999982109, -0.6534502073880327 
13.409999999982086, -0.6529437302205375 
13.419999999982062, -0.6520805418706637 
13.429999999982039, -0.6516055383866551 
13.439999999982016, -0.6514936527579775 
13.449999999981992, -0.6517549469787808 
13.459999999981969, -0.6524388541491383 
13.469999999981946, -0.6528292610637699 
13.479999999981922, -0.6526392374104819 
13.4899999999819, -0.6516453476218862 
13.499999999981876, -0.6343524205040957 
13.509999999981853, -0.6285579435963614 
13.51999999998183, -0.6285430589474146 
13.529999999981806, -0.6283268601652162 
13.539999999981783, -0.6278754278056008 
13.54999999998176, -0.6275724803220336 
13.559999999981736, -0.6274681095085453 
13.569999999981713, -0.6279927093651727 
13.57999999998169, -0.630026974045126 
13.589999999981666, -0.6318204738597155 
13.599999999981643, -0.631868887120821 
13.60999999998162, -0.630500790500665 
13.619999999981596, -0.6201725778520695 
13.629999999981573, -0.6152613587058263 
13.63999999998155, -0.6147395145148558 
13.649999999981526, -0.6146925507977988 
13.659999999981503, -0.6146311117442349 
13.66999999998148, -0.614604567278966 
13.679999999981456, -0.614481115326363 
13.689999999981433, -0.6152172831735204 
13.69999999998141, -0.6273491978861557 
13.709999999981386, -0.6409723795203321 
13.719999999981363, -0.6416217940168951 
13.72999999998134, -0.6412992210219187 
13.739999999981316, -0.6396848821502094 
13.749999999981293, -0.6383840392565884 
13.75999999998127, -0.6379406164634606 
13.769999999981247, -0.6379353821847542 
13.779999999981223, -0.6381559769076616 
13.7899999999812, -0.6385082463148933 
13.799999999981177, -0.6384908284953587 
13.809999999981153, -0.6382930732994563 
13.81999999998113, -0.6462119062567823 
13.829999999981107, -0.6510898183196243 
13.839999999981083, -0.6513383591672004 
13.84999999998106, -0.6512506773744188 
13.859999999981037, -0.6506052277222363 
13.869999999981014, -0.649896606961272 
13.87999999998099, -0.6495470587869929 
13.889999999980967, -0.6495545718867768 
13.899999999980944, -0.6499844605155413 
13.90999999998092, -0.6508206382695981 
13.919999999980897, -0.6510452125932036 
13.929999999980874, -0.6506978949761877 
13.93999999998085, -0.6466407400066101 
13.949999999980827, -0.6217423220913051 
13.959999999980804, -0.619442273349448 
13.96999999998078, -0.6194088885645282 
13.979999999980757, -0.619148109644459 
13.989999999980734, -0.6188092312604071 
13.99999999998071, -0.6185886507493406 
14.009999999980687, -0.6186189981378887 
14.019999999980664, -0.619795509868978 
14.02999999998064, -0.6235799446385872 
14.039999999980617, -0.6251988187281458 
14.049999999980594, -0.6250950917739628 
14.05999999998057, -0.622855746023154 
14.069999999980547, -0.6166373828819669 
14.079999999980524, -0.6146971043369024 
14.0899999999805, -0.6144489306759265 
14.099999999980477, -0.6144433388852595 
14.109999999980454, -0.6145055075588047 
14.11999999998043, -0.6145296223703313 
14.129999999980408, -0.6143979514391592 
14.139999999980384, -0.6164721681135554 
14.149999999980361, -0.641835714754204 
14.159999999980338, -0.648779127446951 
14.169999999980314, -0.6489792881080588 
14.179999999980291, -0.6485156189560505 
14.189999999980268, -0.6472517321697957 
14.199999999980244, -0.6464896523146122 
14.209999999980221, -0.6462445506856697 
14.219999999980198, -0.6463509138390041 
14.229999999980175, -0.6467515274572957 
14.239999999980151, -0.6471327810594603 
14.249999999980128, -0.6470281023662455 
14.259999999980105, -0.6468369606624027 
14.269999999980081, -0.6503650219241609 
14.279999999980058, -0.6454871349893816 
14.289999999980035, -0.6455811225924809 
14.299999999980011, -0.6453950375372675 
14.309999999979988, -0.6447528208920545 
14.319999999979965, -0.644250126724372 
14.329999999979941, -0.6440254461294165 
14.339999999979918, -0.6441944355938077 
14.349999999979895, -0.6449784970067551 
14.359999999979872, -0.6460324735551668 
14.369999999979848, -0.6461247972266565 
14.379999999979825, -0.6454002961091895 
14.389999999979802, -0.630646919067206 
14.399999999979778, -0.612485347463025 
14.409999999979755, -0.611524263618957 
14.419999999979732, -0.6114621732456998 
14.429999999979708, -0.6112420676863415 
14.439999999979685, -0.6110514083736768 
14.449999999979662, -0.6108959686643679 
14.459999999979638, -0.6111727274533747 
14.469999999979615, -0.6144344542178831 
14.479999999979592, -0.6219531672892041 
14.489999999979569, -0.6231241334842271 
14.499999999979545, -0.6228835910074991 
14.509999999979522, -0.6206412773348091 
14.519999999979499, -0.6179327101838024 
14.529999999979475, -0.6171143954213704 
14.539999999979452, -0.6170131405528322 
14.549999999979429, -0.6171108084606618 
14.559999999979405, -0.6173622397203207 
14.569999999979382, -0.617403768576486 
14.579999999979359, -0.617214452661574 
14.589999999979335, -0.6215401740634954 
14.599999999979312, -0.6331746991185585 
14.609999999979289, -0.6332363565364459 
14.619999999979266, -0.6332479820081197 
14.629999999979242, -0.6328006529956425 
14.639999999979219, -0.632130941914477 
14.649999999979196, -0.631762142955904 
14.659999999979172, -0.6317081554994536 
14.669999999979149, -0.6321658439665816 
14.679999999979126, -0.6334070741043996 
14.689999999979102, -0.6340812040738246 
14.69999999997908, -0.6338984388931185 
14.709999999979056, -0.6306439430862895 
14.719999999979033, -0.6090421308126079 
14.72999999997901, -0.6041556926163449 
14.739999999978986, -0.6039542649324932 
14.749999999978963, -0.6038570397049877 
14.75999999997894, -0.6037056174262142 
14.769999999978916, -0.6035923910736745 
14.779999999978893, -0.6035091470720835 
14.78999999997887, -0.6049831202824858 
14.799999999978846, -0.616160545763682 
14.809999999978823, -0.6228518651246433 
14.8199999999788, -0.6230841936935895 
14.829999999978776, -0.6224556820030376 
14.839999999978753, -0.6204309937548279 
14.84999999997873, -0.6193138170262583 
14.859999999978706, -0.6190046659349498 
14.869999999978683, -0.6190697182528208 
14.87999999997866, -0.6193891042667733 
14.889999999978636, -0.6197485296904162 
14.899999999978613, -0.6196624545840158 
14.90999999997859, -0.619294176154692 
14.919999999978566, -0.61416029719678 
14.929999999978543, -0.602305630396069 
14.93999999997852, -0.6021154348341247 
14.949999999978496, -0.6020072790676602 
14.959999999978473, -0.6016444446550667 
14.96999999997845, -0.6013662495324149 
14.979999999978427, -0.6012077441618009 
14.989999999978403, -0.6015961810244577 
14.99999999997838, -0.6043136847877666 
15.009999999978357, -0.6088510245222882 
15.019999999978333, -0.6094266109313031 
15.02999999997831, -0.6089883669638231 
15.039999999978287, -0.6056530566022478 
15.049999999978263, -0.6027651955703787 
15.05999999997824, -0.6020612182464657 
15.069999999978217, -0.6020073529881247 
15.079999999978194, -0.6021208407078147 
15.08999999997817, -0.6023750463334001 
15.099999999978147, -0.6023713711286328 
15.109999999978124, -0.6021692183010651 
15.1199999999781, -0.6071262330401678 
15.129999999978077, -0.6042604076434714 
15.139999999978054, -0.6037169197460291 
15.14999999997803, -0.6036837177856761 
15.159999999978007, -0.603318218782019 
15.169999999977984, -0.6029149036729335 
15.17999999997796, -0.6026834118362131 
15.189999999977937, -0.6027691171264256 
15.199999999977914, -0.6040360401428536 
15.20999999997789, -0.6076288873151625 
15.219999999977867, -0.6088503406065933 
15.229999999977844, -0.6086727584351482 
15.23999999997782, -0.6060443589062867 
15.249999999977797, -0.6009348846513247 
15.259999999977774, -0.599516900866341 
15.26999999997775, -0.5993352614307065 
15.279999999977727, -0.5993709751038742 
15.289999999977704, -0.59953286263859 
15.29999999997768, -0.599599264221083 
15.309999999977657, -0.5994325393154332 
15.319999999977634, -0.6017517146769565 
15.32999999997761, -0.6166954504523626 
15.339999999977588, -0.6164147402540122 
15.349999999977564, -0.6164866679944914 
15.359999999977541, -0.6161720193073791 
15.369999999977518, -0.6155752880280136 
15.379999999977494, -0.6152177934151041 
15.389999999977471, -0.6151221938830693 
15.399999999977448, -0.6156056369331576 
15.409999999977424, -0.6173252783241265 
15.419999999977401, -0.6187064728241849 
15.429999999977378, -0.6186893888495415 
15.439999999977355, -0.6169873812429152 
15.449999999977331, -0.6058285118283951 
15.459999999977308, -0.6014379087020261 
15.469999999977285, -0.6010015424027421 
15.479999999977261, -0.6009628546616559 
15.489999999977238, -0.6009328273329733 
15.499999999977215, -0.6009349342266508 
15.509999999977191, -0.60081206778421 
15.519999999977168, -0.6017274095578125 
15.529999999977145, -0.6197698939451121 
15.539999999977121, -0.633436608919011 
15.549999999977098, -0.6339202137414315 
15.559999999977075, -0.6336253584842967 
15.569999999977052, -0.6324548718782472 
15.579999999977028, -0.6315874222681169 
15.589999999977005, -0.631265847144911 
15.599999999976982, -0.631330324036517 
15.609999999976958, -0.6317496450249286 
15.619999999976935, -0.6323527252091846 
15.629999999976912, -0.6323752018218657 
15.639999999976888, -0.6318540113659022 
15.649999999976865, -0.6230576845594497 
15.659999999976842, -0.6030444405335706 
15.669999999976818, -0.6022680084612414 
15.679999999976795, -0.6022069740880452 
15.689999999976772, -0.6019250825914045 
15.699999999976749, -0.6016735147147853 
15.709999999976725, -0.6015025837621031 
15.719999999976702, -0.6017432506493874 
15.729999999976679, -0.6043497545130035 
15.739999999976655, -0.6106365597468576 
15.749999999976632, -0.6117917197593473 
15.759999999976609, -0.6115580503460545 
15.769999999976585, -0.6092910483333737 
15.779999999976562, -0.6064864534002113 
15.789999999976539, -0.6056519727234225 
15.799999999976515, -0.6055472856145931 
15.809999999976492, -0.6056615356219808 
15.819999999976469, -0.6059613780300952 
15.829999999976446, -0.606040860280179 
15.839999999976422, -0.6058126989261234 
15.849999999976399, -0.6076487224425803 
15.859999999976376, -0.6010799601835423 
15.869999999976352, -0.5992002358107208 
15.879999999976329, -0.5991989842732558 
15.889999999976306, -0.598923638794085 
15.899999999976282, -0.5985412835459009 
15.90999999997626, -0.5983083311349409 
15.919999999976236, -0.5983092182347397 
15.929999999976213, -0.5994351793630631 
15.93999999997619, -0.6037230363136488 
15.949999999976166, -0.6059049416158238 
15.959999999976143, -0.6058822218449602 
15.96999999997612, -0.6043614360259452 
15.979999999976096, -0.6002228587545522 
15.989999999976073, -0.5986953007451866 
15.99999999997605, -0.5984273773383588 
16.009999999976028, -0.5984738005693544 
16.019999999976005, -0.5986871622320399 
16.02999999997598, -0.598864665057501 
16.039999999975958, -0.5987149648287561 
16.049999999975935, -0.5990475924649797 
16.05999999997591, -0.5996465926352279 
16.069999999975888, -0.5938115299783483 
16.079999999975865, -0.593806242560342 
16.08999999997584, -0.5936415395375478 
16.099999999975818, -0.5932516691359072 
16.109999999975795, -0.5929910025290086 
16.11999999997577, -0.5928726816702554 
16.129999999975748, -0.593492609862381 
16.139999999975725, -0.5971160889267714 
16.1499999999757, -0.6012859590062734 
16.15999999997568, -0.6016028380548185 
16.169999999975655, -0.6009623494744919 
16.17999999997563, -0.5976865425883886 
16.18999999997561, -0.5956811902238358 
16.199999999975585, -0.5952037903769729 
16.20999999997556, -0.5952075926295111 
16.21999999997554, -0.5954136317668417 
16.229999999975515, -0.5957473942951034 
16.239999999975492, -0.5957132350356965 
16.24999999997547, -0.5953512899814336 
16.259999999975445, -0.5907055112131905 
16.269999999975422, -0.5728991178905078 
16.2799999999754, -0.5722058597471811 
16.289999999975375, -0.5721498920291838 
16.299999999975352, -0.5719159181152741 
16.30999999997533, -0.5717344496407953 
16.319999999975305, -0.5715912514479348 
16.329999999975282, -0.5718874269988261 
16.33999999997526, -0.5769168221950262 
16.349999999975235, -0.5901541873304422 
16.359999999975212, -0.5916551854694588 
16.36999999997519, -0.5915181593008353 
16.379999999975166, -0.5904243596768716 
16.389999999975142, -0.5892700319660304 
16.39999999997512, -0.5888254871292652 
16.409999999975096, -0.5888090969158651 
16.419999999975072, -0.5892396437972347 
16.42999999997505, -0.5902799987974137 
16.439999999975026, -0.5906750263963462 
16.449999999975002, -0.5903586280832634 
16.45999999997498, -0.5846250293882346 
16.469999999974956, -0.5696088706202052 
16.479999999974932, -0.5672924128457411 
16.48999999997491, -0.5671522771676185 
16.499999999974886, -0.5671200170181593 
16.509999999974863, -0.5671573572296195 
16.51999999997484, -0.5671481639104388 
16.529999999974816, -0.56702330757621 
16.539999999974793, -0.570451594232049 
16.54999999997477, -0.5900166028660631 
16.559999999974746, -0.5902629142082542 
16.569999999974723, -0.5903224026679076 
16.5799999999747, -0.5900239437340601 
16.589999999974676, -0.5895288067025405 
16.599999999974653, -0.5892420999623705 
16.60999999997463, -0.5891882320080162 
16.619999999974606, -0.5899751845294471 
16.629999999974583, -0.5932548469640351 
16.63999999997456, -0.595594895492438 
16.649999999974536, -0.5956434582978464 
16.659999999974513, -0.5944020677940787 
16.66999999997449, -0.590049492035915 
16.679999999974466, -0.5882511014462574 
16.689999999974443, -0.5879150181486824 
16.69999999997442, -0.5879528340103096 
16.709999999974396, -0.588175521467357 
16.719999999974373, -0.5884240853366902 
16.72999999997435, -0.5883099854186714 
16.739999999974327, -0.5880050065520115 
16.749999999974303, -0.5782961996112741 
16.75999999997428, -0.5663828157041538 
16.769999999974257, -0.5661295333914861 
16.779999999974233, -0.5660403824601019 
16.78999999997421, -0.5658067130952505 
16.799999999974187, -0.5656568758625913 
16.809999999974163, -0.565532389805381 
16.81999999997414, -0.5662154875005863 
16.829999999974117, -0.5751834207686896 
16.839999999974093, -0.5876301738400195 
16.84999999997407, -0.5883424920505078 
16.859999999974047, -0.5880914854000721 
16.869999999974024, -0.5869787071192399 
16.879999999974, -0.5861422839672251 
16.889999999973977, -0.5858348944633415 
16.899999999973954, -0.5859331091350957 
16.90999999997393, -0.5866324550003027 
16.919999999973907, -0.5879273864543304 
16.929999999973884, -0.5881893579067466 
16.93999999997386, -0.5876442930032358 
16.949999999973837, -0.5797009147109039 
16.959999999973814, -0.5707471435260646 
16.96999999997379, -0.5695357799219675 
16.979999999973767, -0.5694600571713995 
16.989999999973744, -0.5694641530185762 
16.99999999997372, -0.5695717743501996 
17.009999999973697, -0.5695422863716634 
17.019999999973674, -0.5694254453248168 
17.02999999997365, -0.5755868189277248 
17.039999999973627, -0.580810013977692 
17.049999999973604, -0.5801960832334777 
17.05999999997358, -0.5801835988372696 
17.069999999973557, -0.5798741681970088 
17.079999999973534, -0.5795219948054707 
17.08999999997351, -0.5793147751702412 
17.099999999973488, -0.5793841713390933 
17.109999999973464, -0.5810705222400344 
17.11999999997344, -0.5873670162347405 
17.129999999973418, -0.5895827076462252 
17.139999999973394, -0.5895294844404784 
17.14999999997337, -0.5881958736038245 
17.159999999973348, -0.5857972774042306 
17.169999999973324, -0.5849163526582202 
17.1799999999733, -0.5847508771710389 
17.189999999973278, -0.5849135081805068 
17.199999999973254, -0.5854328097705154 
17.20999999997323, -0.5857905892918652 
17.219999999973208, -0.5856102350999791 
17.229999999973185, -0.5832286742171622 
17.23999999997316, -0.5588666844057217 
17.249999999973138, -0.5529663713628319 
17.259999999973115, -0.5527284432577658 
17.26999999997309, -0.552668861007867 
17.279999999973068, -0.5526103048979926 
17.289999999973045, -0.5525920407961793 
17.29999999997302, -0.5524710330667351 
17.309999999972998, -0.5539229839141913 
17.319999999972975, -0.5770913192957332 
17.32999999997295, -0.5814460330308033 
17.339999999972928, -0.5816178596578955 
17.349999999972905, -0.5814096410685449 
17.35999999997288, -0.5808886201871921 
17.36999999997286, -0.58055546507107 
17.379999999972835, -0.580421879647383 
17.38999999997281, -0.580922748344365 
17.39999999997279, -0.5837161386778112 
17.409999999972765, -0.5872605201409667 
17.41999999997274, -0.5875763988893793 
17.42999999997272, -0.5869457298797276 
17.439999999972695, -0.5835948056737215 
17.449999999972672, -0.5815409666425853 
17.45999999997265, -0.5810575171488278 
17.469999999972625, -0.581065756714775 
17.479999999972602, -0.5813110376494385 
17.48999999997258, -0.5817299843814451 
17.499999999972555, -0.5817317688385331 
17.509999999972532, -0.581207057465353 
17.51999999997251, -0.5692611143095871 
17.529999999972485, -0.5491748824813746 
17.539999999972462, -0.5481067041342179 
17.54999999997244, -0.5480590592899974 
17.559999999972415, -0.5479453609234781 
17.569999999972392, -0.5479023816932119 
17.57999999997237, -0.547805474892106 
17.589999999972346, -0.5479474717623845 
17.599999999972322, -0.5578984932887349 
17.6099999999723, -0.5789029346652784 
17.619999999972276, -0.5796294249331123 
17.629999999972252, -0.579587866383938 
17.63999999997223, -0.5791272046616137 
17.649999999972206, -0.5786529360564081 
17.659999999972182, -0.5784103445350631 
17.66999999997216, -0.5785087713349525 
17.679999999972136, -0.5798450891278182 
17.689999999972112, -0.5838069250633277 
17.69999999997209, -0.585104915190929 
17.709999999972066, -0.5849440782602853 
17.719999999972043, -0.5828552201222621 
17.72999999997202, -0.5795329811508828 
17.739999999971996, -0.5785333144157734 
17.749999999971973, -0.5783851565667459 
17.75999999997195, -0.5785156909552172 
17.769999999971926, -0.5789195519288655 
17.779999999971903, -0.5791432462203451 
17.78999999997188, -0.5789199358167707 
17.799999999971856, -0.5765103325725052 
17.809999999971833, -0.5504027542864964 
17.81999999997181, -0.5454551152381676 
17.829999999971786, -0.5453044683931039 
17.839999999971763, -0.5452280772775913 
17.84999999997174, -0.5451578715157775 
17.859999999971716, -0.545120059554853 
17.869999999971693, -0.5450082754060562 
17.87999999997167, -0.5471057924691766 
17.889999999971646, -0.5712313219496414 
17.899999999971623, -0.573945379838745 
17.9099999999716, -0.5740724013487035 
17.919999999971576, -0.5738403367378943 
17.929999999971553, -0.5733554634309385 
17.93999999997153, -0.5730636669326885 
17.949999999971507, -0.5729626890632813 
17.959999999971483, -0.5736480806774423 
17.96999999997146, -0.5774733623996833 
17.979999999971437, -0.581408129996157 
17.989999999971413, -0.5816621625969286 
17.99999999997139, -0.5809894022615808 
18.009999999971367, -0.5783137295931867 
18.019999999971343, -0.576872640437176 
18.02999999997132, -0.5765097882804436 
18.039999999971297, -0.5765708197647782 
18.049999999971273, -0.5769618372914913 
18.05999999997125, -0.5775328481830092 
18.069999999971227, -0.5775372249906108 
18.079999999971204, -0.5767059795285158 
18.08999999997118, -0.560680249042492 
18.099999999971157, -0.5476923826843029 
18.109999999971134, -0.5468369436570815 
18.11999999997111, -0.5467932968482382 
18.129999999971087, -0.546748966287246 
18.139999999971064, -0.546792838647348 
18.14999999997104, -0.5467100732051833 
18.159999999971017, -0.5467838426602143 
18.169999999970994, -0.5574781181917784 
18.17999999997097, -0.5598250522682621 
18.189999999970947, -0.5595659658874738 
18.199999999970924, -0.5595176875685076 
18.2099999999709, -0.5592157890318159 
18.219999999970877, -0.5589597217449969 
18.229999999970854, -0.5587977498323108 
18.23999999997083, -0.5590203738425431 
18.249999999970807, -0.562686784646392 
18.259999999970784, -0.574212788003238 
18.26999999997076, -0.5760248682254957 
18.279999999970737, -0.5759252183091838 
18.289999999970714, -0.5749129500631817 
18.29999999997069, -0.5737586508712865 
18.309999999970668, -0.5733098110131379 
18.319999999970644, -0.57328504441108 
18.32999999997062, -0.5737682148513661 
18.339999999970598, -0.5750941782168009 
18.349999999970574, -0.5757039018720697 
18.35999999997055, -0.5754679062279061 
18.369999999970528, -0.5715833616486853 
18.379999999970504, -0.5621812764916855 
18.38999999997048, -0.5602069308639617 
18.399999999970458, -0.5600187256907836 
18.409999999970434, -0.5600449809833221 
18.41999999997041, -0.560210773171652 
18.429999999970388, -0.5603106231113033 
18.439999999970365, -0.5601275271499913 
18.44999999997034, -0.5603905888189087 
18.459999999970318, -0.5446477353031826 
18.469999999970295, -0.5389600889713895 
18.47999999997027, -0.5388632210764964 
18.489999999970248, -0.5387564138358434 
18.499999999970225, -0.5386119621216725 
18.5099999999702, -0.5385327218197761 
18.519999999970178, -0.5384349915141629 
18.529999999970155, -0.5402868752543029 
18.53999999997013, -0.5644310322764814 
18.549999999970108, -0.5711594207641341 
18.559999999970085, -0.5713614122689213 
18.56999999997006, -0.5711116430495762 
18.57999999997004, -0.5705384474712533 
18.589999999970015, -0.570194621451123 
18.59999999996999, -0.5700727181751564 
18.60999999996997, -0.570620175985136 
18.619999999969945, -0.5736093484927927 
18.62999999996992, -0.5771225022876408 
18.6399999999699, -0.5773994741219969 
18.649999999969875, -0.5767427304802802 
18.659999999969852, -0.5737730171740681 
18.66999999996983, -0.5721031452570168 
18.679999999969805, -0.5716952801231812 
18.689999999969782, -0.5717369157355863 
18.69999999996976, -0.5720875820179246 
18.709999999969735, -0.5726463989532857 
18.719999999969712, -0.5726694706723117 
18.72999999996969, -0.5719320676044118 
18.739999999969665, -0.5571233549047138 
18.749999999969642, -0.5431957608258571 
18.75999999996962, -0.5422195808462617 
18.769999999969595, -0.5421739280865355 
18.779999999969572, -0.5421388641558802 
18.78999999996955, -0.5421997030595384 
18.799999999969526, -0.5421315330715251 
18.809999999969502, -0.5421051572356848 
18.81999999996948, -0.5498856877919878 
18.829999999969456, -0.5457750304220861 
18.839999999969432, -0.5450847907239034 
18.84999999996941, -0.5450496552266905 
18.859999999969386, -0.5448191845736574 
18.869999999969362, -0.544631954565845 
18.87999999996934, -0.5444953053286578 
18.889999999969316, -0.5446620112360416 
18.899999999969292, -0.5498256603782026 
18.90999999996927, -0.569177575347157 
18.919999999969246, -0.5713483605777129 
18.929999999969223, -0.5713197120060212 
18.9399999999692, -0.5706878546288207 
18.949999999969176, -0.5699442090247947 
18.959999999969153, -0.5696083759845066 
18.96999999996913, -0.5696219309020237 
18.979999999969106, -0.5704112116227288 
18.989999999969083, -0.5728905552550567 
18.99999999996906, -0.5740511678662261 
19.009999999969036, -0.5739144286393479 
19.019999999969013, -0.5716748655977123 
19.02999999996899, -0.5670311169172653 
19.039999999968966, -0.565689783866087 
19.049999999968943, -0.5654919620305568 
19.05999999996892, -0.5655860783237334 
19.069999999968896, -0.5659322111401205 
19.079999999968873, -0.5661820545198666 
19.08999999996885, -0.5659982934745661 
19.099999999968826, -0.5640885397412945 
19.109999999968803, -0.5390812332652037 
19.11999999996878, -0.5329068920799406 
19.129999999968756, -0.5326741313152306 
19.139999999968733, -0.5326235577913885 
19.14999999996871, -0.5325946031594703 
19.159999999968687, -0.5326102099672094 
19.169999999968663, -0.5324806836625414 
19.17999999996864, -0.5335134955113217 
19.189999999968617, -0.5432545555609165 
19.199999999968593, -0.5379875199259594 
19.20999999996857, -0.53792885290785 
19.219999999968547, -0.5378178164170554 
19.229999999968523, -0.5375806220017976 
19.2399999999685, -0.5374468637861594 
19.249999999968477, -0.537335439719193 
19.259999999968453, -0.5383081681576891 
19.26999999996843, -0.5533525141335096 
19.279999999968407, -0.5665909602819851 
19.289999999968384, -0.5670613186775472 
19.29999999996836, -0.5668481280363973 
19.309999999968337, -0.5661435395660643 
19.319999999968314, -0.5656705947381253 
19.32999999996829, -0.5654814978065776 
19.339999999968267, -0.565783275566851 
19.349999999968244, -0.5676471018079816 
19.35999999996822, -0.5708864785153042 
19.369999999968197, -0.5713552609504946 
19.379999999968174, -0.5708901260944872 
19.38999999996815, -0.5677814583415794 
19.399999999968127, -0.5654420647472235 
19.409999999968104, -0.5648668450868324 
19.41999999996808, -0.564850071667614 
19.429999999968057, -0.5651149044966781 
19.439999999968034, -0.5656737308722506 
19.44999999996801, -0.5657856937392718 
19.459999999967987, -0.5653065597744742 
19.469999999967964, -0.5553143708582426 
19.47999999996794, -0.5376471376867421 
19.489999999967917, -0.5360352526971754 
19.499999999967894, -0.5359631368530332 
19.50999999996787, -0.5359379875789776 
19.519999999967848, -0.5360186750924852 
19.529999999967824, -0.5360010786465174 
19.5399999999678, -0.5358416138680084 
19.549999999967778, -0.5388134696886308 
19.559999999967754, -0.5264002397035552 
19.56999999996773, -0.5241766609017501 
19.579999999967708, -0.5241413005679556 
19.589999999967684, -0.5240060708947405 
19.59999999996766, -0.5239009212323247 
19.609999999967638, -0.5238204710573479 
19.619999999967614, -0.5237757684120756 
19.62999999996759, -0.5281645467763784 
19.639999999967568, -0.5516589490910587 
19.649999999967545, -0.5523904538598715 
19.65999999996752, -0.5524389278220405 
19.669999999967498, -0.5521742175060846 
19.679999999967475, -0.5518023107567279 
19.68999999996745, -0.5515934829401851 
19.699999999967428, -0.5515749306067285 
19.709999999967405, -0.5530821416549245 
19.71999999996738, -0.5620388055880354 
19.729999999967358, -0.5666776302791768 
19.739999999967335, -0.566813831045978 
19.74999999996731, -0.566182683850393 
19.759999999967288, -0.564826487430101 
19.769999999967265, -0.5641906077798077 
19.77999999996724, -0.5640306057424049 
19.78999999996722, -0.5643273963668762 
19.799999999967195, -0.5655143985371642 
19.80999999996717, -0.5667212932146074 
19.81999999996715, -0.5667374488946603 
19.829999999967125, -0.5653549831233108 
19.8399999999671, -0.5577576753505058 
19.84999999996708, -0.5546843369788794 
19.859999999967055, -0.554242084827489 
19.869999999967032, -0.5542555460862508 
19.87999999996701, -0.5544379776011775 
19.889999999966985, -0.5547150375343668 
19.899999999966962, -0.5546400143461838 
19.90999999996694, -0.5540142602410653 
19.919999999966915, -0.5371221687058824 
19.929999999966892, -0.5224232841356409 
19.93999999996687, -0.5217702234764112 
19.949999999966845, -0.5217303084497968 
19.959999999966822, -0.5216777932803246 
19.9699999999668, -0.5217222756401189 
19.979999999966775, -0.521634376128769 
19.989999999966752, -0.5216810500281456 
19.99999999996673, -0.5270482299391841 
20.009999999966706, -0.5145030703207331 
20.019999999966682, -0.5138126622611223 
20.02999999996666, -0.5137713849738167 
20.039999999966636, -0.5136283550758385 
20.049999999966612, -0.5135729322527185 
20.05999999996659, -0.5134781223902746 
20.069999999966566, -0.513600271709215 
20.079999999966542, -0.5240554641284694 
20.08999999996652, -0.5326307408179823 
20.099999999966496, -0.5322766296069114 
20.109999999966472, -0.5322487002399044 
20.11999999996645, -0.5320039266200332 
20.129999999966426, -0.5318029953180496 
20.139999999966403, -0.5316662745719468 
20.14999999996638, -0.5318110715923089 
20.159999999966356, -0.5370189868358383 
20.169999999966333, -0.5581091385619776 
20.17999999996631, -0.5603237221125491 
20.189999999966286, -0.5603175174521655 
20.199999999966263, -0.5597923609095256 
20.20999999996624, -0.5591740524168352 
20.219999999966216, -0.5588819801909382 
20.229999999966193, -0.558912904569924 
20.23999999996617, -0.5599635728553102 
20.249999999966146, -0.5637322537602837 
20.259999999966123, -0.5654534443845457 
20.2699999999661, -0.56538543389308 
20.279999999966076, -0.56389639048275 
20.289999999966053, -0.5611265672013094 
20.29999999996603, -0.5601832296143296 
20.309999999966006, -0.5600136922511726 
20.319999999965983, -0.5601967626293597 
20.32999999996596, -0.560826234473338 
20.339999999965936, -0.5613134606960922 
20.349999999965913, -0.5611643589832993 
20.35999999996589, -0.5585320291650425 
20.369999999965867, -0.5421952994389889 
20.379999999965843, -0.5380523927309678 
20.38999999996582, -0.5377360478233743 
20.399999999965797, -0.537730631489819 
20.409999999965773, -0.537824127490646 
20.41999999996575, -0.5379526442665132 
20.429999999965727, -0.5378184156541707 
20.439999999965703, -0.537618860958254 
20.44999999996568, -0.5220096319697537 
20.459999999965657, -0.511271389715106 
20.469999999965633, -0.5109451038552862 
20.47999999996561, -0.5108952669219036 
20.489999999965587, -0.5108331761838334 
20.499999999965564, -0.5108570044068632 
20.50999999996554, -0.5107446459967412 
20.519999999965517, -0.5110565627803973 
20.529999999965494, -0.5136678648403669 
20.53999999996547, -0.5016252199756297 
20.549999999965447, -0.5012218887783716 
20.559999999965424, -0.5011728268827734 
20.5699999999654, -0.501065178777917 
20.579999999965377, -0.5010598318963677 
20.589999999965354, -0.5009616477344132 
20.59999999996533, -0.5011266601263055 
20.609999999965307, -0.5079516232420269 
20.619999999965284, -0.49604966887832436 
20.62999999996526, -0.4953837731352392 
20.639999999965237, -0.495345425401251 
20.649999999965214, -0.49523587598144225 
20.65999999996519, -0.49523047716582225 
20.669999999965167, -0.49515304129917226 
20.679999999965144, -0.4951345154969034 
20.68999999996512, -0.49969726984672064 
20.699999999965097, -0.4844256271412672 
20.709999999965074, -0.48314082852686197 
20.71999999996505, -0.4831048027302954 
20.729999999965028, -0.48303272094350813 
20.739999999965004, -0.48307449250741497 
20.74999999996498, -0.48304690287286517 
20.759999999964958, -0.48284676230602214 
20.769999999964934, -0.48057704640869964 
20.77999999996491, -0.4562747727897451 
20.789999999964888, -0.4540171456770624 
20.799999999964864, -0.45393493923823436 
20.80999999996484, -0.45396534449184534 
20.819999999964818, -0.45421341476340643 
20.829999999964794, -0.4543640894675378 
20.83999999996477, -0.45408223340960147 
20.849999999964748, -0.44922752943214866 
20.859999999964725, -0.43889991139535733 
20.8699999999647, -0.43733840711455296 
20.879999999964678, -0.43719534993084186 
20.889999999964655, -0.437435239418313 
20.89999999996463, -0.43847089032901765 
20.909999999964608, -0.4393309892554948 
20.919999999964585, -0.4392573843382462 
20.92999999996456, -0.4379523206835072 
20.939999999964538, -0.4359740145264547 
20.949999999964515, -0.4353949026500452 
20.95999999996449, -0.43533084837763986 
20.969999999964468, -0.4361320671370657 
20.979999999964445, -0.4414248165489187 
20.98999999996442, -0.4456598261858008 
20.9999999999644, -0.4458540465169029 
21.009999999964375, -0.44550748793249445 
21.01999999996435, -0.4449591515287828 
21.02999999996433, -0.4447245556446793 
21.039999999964305, -0.4446552605758228 
21.04999999996428, -0.4461638060890409 
21.05999999996426, -0.467332617964818 
21.069999999964235, -0.47450946781783404 
21.079999999964212, -0.474648407906355 
21.08999999996419, -0.47453067801663407 
21.099999999964165, -0.47430426038944257 
21.109999999964142, -0.4742106943527296 
21.11999999996412, -0.47409965344745947 
21.129999999964095, -0.47493936493812355 
21.139999999964072, -0.4905769972026434 
21.14999999996405, -0.4862267874421662 
21.159999999964025, -0.48600963370342615 
21.169999999964002, -0.4859531200683096 
21.17999999996398, -0.4858234521266787 
21.189999999963955, -0.485804180288519 
21.199999999963932, -0.48570326833960026 
21.20999999996391, -0.48588532070980855 
21.219999999963886, -0.4899668257763272 
21.229999999963862, -0.4752947420785716 
21.23999999996384, -0.47456421588617564 
21.249999999963816, -0.4745310383749218 
21.259999999963792, -0.47447996575545376 
21.26999999996377, -0.47456048022432035 
21.279999999963746, -0.4745141821123822 
21.289999999963722, -0.47421578961525024 
21.2999999999637, -0.46494913413683486 
21.309999999963676, -0.44528020620268605 
21.319999999963652, -0.4439444166873237 
21.32999999996363, -0.44389648121616726 
21.339999999963606, -0.4440057939258609 
21.349999999963583, -0.44442510957047116 
21.35999999996356, -0.444594218550819 
21.369999999963536, -0.44419050889969036 
21.379999999963513, -0.4392450437920126 
21.38999999996349, -0.4343157881247969 
21.399999999963466, -0.4335013899538581 
21.409999999963443, -0.433464346908522 
21.41999999996342, -0.433979226220988 
21.429999999963396, -0.435968503859426 
21.439999999963373, -0.4370124744060368 
21.44999999996335, -0.43691020730334884 
21.459999999963326, -0.43586734695228174 
21.469999999963303, -0.43481826235379695 
21.47999999996328, -0.43448751400539337 
21.489999999963256, -0.43453899433562004 
21.499999999963233, -0.4363596461480322 
21.50999999996321, -0.4483557125373431 
21.519999999963186, -0.45227548439372844 
21.529999999963163, -0.4523716610017277 
21.53999999996314, -0.45208001191095437 
21.549999999963116, -0.45174518973255945 
21.559999999963093, -0.4515977530521373 
21.56999999996307, -0.45155573682801026 
21.579999999963047, -0.4543533512156921 
21.589999999963023, -0.47676788390216285 
21.599999999963, -0.4759763663291359 
21.609999999962977, -0.47598185072092436 
21.619999999962953, -0.47587261239736006 
21.62999999996293, -0.47574309648205054 
21.639999999962907, -0.4757056788145279 
21.649999999962883, -0.47558525795499007 
21.65999999996286, -0.4766388258364765 
21.669999999962837, -0.474021156745781 
21.679999999962813, -0.46501843004623555 
21.68999999996279, -0.46476318914056464 
21.699999999962767, -0.46472691771391267 
21.709999999962744, -0.46473197646040215 
21.71999999996272, -0.46484321559823916 
21.729999999962697, -0.4647386807294824 
21.739999999962674, -0.46394251467421316 
21.74999999996265, -0.44524945720441 
21.759999999962627, -0.4367393485309412 
21.769999999962604, -0.43617013627483103 
21.77999999996258, -0.4361908887702284 
21.789999999962557, -0.4364817920984553 
21.799999999962534, -0.4371119812517469 
21.80999999996251, -0.437202588411175 
21.819999999962487, -0.43643920006678383 
21.829999999962464, -0.4321715062633108 
21.83999999996244, -0.43022083453764537 
21.849999999962417, -0.4298545291552782 
21.859999999962394, -0.4300094366669024 
21.86999999996237, -0.4313607495029619 
21.879999999962347, -0.43496589602273505 
21.889999999962324, -0.4357031369560103 
21.8999999999623, -0.4354998894099555 
21.909999999962277, -0.434661474197596 
21.919999999962254, -0.4341469542389033 
21.92999999996223, -0.4339662084309822 
21.939999999962208, -0.43428379103366666 
21.949999999962184, -0.4403867039044489 
21.95999999996216, -0.45942825090353356 
21.969999999962138, -0.46046976247694266 
21.979999999962114, -0.4604526907013396 
21.98999999996209, -0.46019456977101925 
21.999999999962068, -0.4600244255365704 
22.009999999962044, -0.45991918123623954 
22.01999999996202, -0.45996856853929347 
22.029999999961998, -0.46702024171113055 
22.039999999961974, -0.47091091960049775 
22.04999999996195, -0.46920063037871385 
22.059999999961928, -0.4691728553052444 
22.069999999961905, -0.4690806871628015 
22.07999999996188, -0.46907623124892445 
22.089999999961858, -0.46906745503115777 
22.099999999961835, -0.4688899432217122 
22.10999999996181, -0.46807307707160745 
22.119999999961788, -0.443475362916063 
22.129999999961765, -0.43991354447097214 
22.13999999996174, -0.4397629603763398 
22.149999999961718, -0.43980343994204835 
22.159999999961695, -0.44009339558797755 
22.16999999996167, -0.4403752516734649 
22.179999999961648, -0.4401994204506094 
22.189999999961625, -0.43742751276143654 
22.1999999999616, -0.43021572527274204 
22.20999999996158, -0.42871956530897704 
22.219999999961555, -0.42853229025680567 
22.22999999996153, -0.42881972502766563 
22.23999999996151, -0.43032692530587413 
22.249999999961485, -0.4320256485983684 
22.25999999996146, -0.43212394232672147 
22.26999999996144, -0.4314591023168574 
22.279999999961415, -0.43024016885048477 
22.289999999961392, -0.4297900242030632 
22.29999999996137, -0.4297041615379133 
22.309999999961345, -0.4306372632578227 
22.319999999961322, -0.44036781403861275 
22.3299999999613, -0.44933985420723344 
22.339999999961275, -0.44967422235965876 
22.349999999961252, -0.4495087723893236 
22.35999999996123, -0.44917153753891353 
22.369999999961205, -0.4490208416171829 
22.379999999961182, -0.448912669404187 
22.38999999996116, -0.44977788659973644 
22.399999999961135, -0.46721171006598405 
22.409999999961112, -0.46477123378720503 
22.41999999996109, -0.4645197456953758 
22.429999999961066, -0.4644741002033193 
22.439999999961042, -0.4643788420833748 
22.44999999996102, -0.46440753638379345 
22.459999999960996, -0.4643240353505014 
22.469999999960972, -0.4641444749220786 
22.47999999996095, -0.4539728416061743 
22.489999999960926, -0.4361155852986382 
22.499999999960902, -0.43513534859504804 
22.50999999996088, -0.4351113138132126 
22.519999999960856, -0.435235200558712 
22.529999999960832, -0.43565504197220833 
22.53999999996081, -0.43576936784725356 
22.549999999960786, -0.4352333317569204 
22.559999999960763, -0.429796910448958 
22.56999999996074, -0.4259470900203138 
22.579999999960716, -0.42532287030100524 
22.589999999960693, -0.4253471742179142 
22.59999999996067, -0.4260711700505527 
22.609999999960646, -0.42860879838135735 
22.619999999960623, -0.429569280669562 
22.6299999999606, -0.4294309739560697 
22.639999999960576, -0.4284932564210507 
22.649999999960553, -0.4277448021954416 
22.65999999996053, -0.42749955844063936 
22.669999999960506, -0.4276401701825695 
22.679999999960483, -0.4309052781770094 
22.68999999996046, -0.4489032242142281 
22.699999999960436, -0.4513348015950116 
22.709999999960413, -0.4513764632816758 
22.71999999996039, -0.4511343711798665 
22.729999999960366, -0.4509227396638029 
22.739999999960343, -0.4508211857061563 
22.74999999996032, -0.4507746412620622 
22.759999999960296, -0.4546252243729799 
22.769999999960273, -0.45869978299831676 
22.77999999996025, -0.4550308866885523 
22.789999999960227, -0.4549594633728192 
22.799999999960203, -0.45490319734727686 
22.80999999996018, -0.45492904531874395 
22.819999999960157, -0.4549962344718721 
22.829999999960133, -0.454825153631722 
22.83999999996011, -0.45295815093667946 
22.849999999960087, -0.43147051336430425 
22.859999999960063, -0.4271503941673807 
22.86999999996004, -0.42686014368853725 
22.879999999960017, -0.4269401060030251 
22.889999999959993, -0.42741676390524436 
22.89999999995997, -0.4280719267356849 
22.909999999959947, -0.4280557831717284 
22.919999999959924, -0.42683836745597464 
22.9299999999599, -0.4235006753653662 
22.939999999959877, -0.42246573911370383 
22.949999999959854, -0.4222811401064602 
22.95999999995983, -0.422691669723797 
22.969999999959807, -0.42566938554769995 
22.979999999959784, -0.4302625360059535 
22.98999999995976, -0.43066576429085035 
22.999999999959737, -0.43039904295221304 
23.009999999959714, -0.42978894850226446 
23.01999999995969, -0.42950522070323904 
23.029999999959667, -0.4293912721657298 
23.039999999959644, -0.43019706653048195 
23.04999999995962, -0.44710936968861575 
23.059999999959597, -0.4581328170273548 
23.069999999959574, -0.45817764166990443 
23.07999999995955, -0.45812306215972654 
23.089999999959527, -0.4579597565403274 
23.099999999959504, -0.45792300627807664 
23.10999999995948, -0.45783165389345576 
23.119999999959457, -0.457854634708273 
23.129999999959434, -0.45635716730869247 
23.13999999995941, -0.4367508039503207 
23.149999999959388, -0.4356408777386397 
23.159999999959364, -0.43560986851396033 
23.16999999995934, -0.43567168057092764 
23.179999999959318, -0.4359768955519711 
23.189999999959294, -0.4360632229142822 
23.19999999995927, -0.4355741764136309 
23.209999999959248, -0.429067666782125 
23.219999999959224, -0.4234240697832162 
23.2299999999592, -0.42262294745012063 
23.239999999959178, -0.4226052046870116 
23.249999999959154, -0.42313888544125755 
23.25999999995913, -0.42508607110095425 
23.269999999959108, -0.42597832412731734 
23.279999999959085, -0.4258392151110799 
23.28999999995906, -0.42477573057601015 
23.299999999959038, -0.42385718668551864 
23.309999999959015, -0.4235723458333153 
23.31999999995899, -0.42367462502883024 
23.329999999958968, -0.4262226079864044 
23.339999999958945, -0.44191859892729823 
23.34999999995892, -0.4449959316982179 
23.359999999958898, -0.44505799170650234 
23.369999999958875, -0.4448107738302344 
23.37999999995885, -0.4445766298897155 
23.389999999958828, -0.44447158990511376 
23.399999999958805, -0.44441343173087516 
23.40999999995878, -0.44769836840790067 
23.41999999995876, -0.45155030273729024 
23.429999999958735, -0.44714010853274067 
23.43999999995871, -0.44704329495557804 
23.44999999995869, -0.44699970984871146 
23.459999999958665, -0.44704621243182185 
23.46999999995864, -0.44714922302706805 
23.47999999995862, -0.44698927790066695 
23.489999999958595, -0.4449458871203705 
23.499999999958572, -0.42672628497461274 
23.50999999995855, -0.4228054413063392 
23.519999999958525, -0.42248696595376267 
23.529999999958502, -0.42258850097208683 
23.53999999995848, -0.4231934178275415 
23.549999999958455, -0.4240879099196642 
23.559999999958432, -0.42413831302109933 
23.56999999995841, -0.42322713918185384 
23.579999999958385, -0.4208178309519514 
23.589999999958362, -0.41998285255287043 
23.59999999995834, -0.4198170392117817 
23.609999999958315, -0.4203090828774069 
23.619999999958292, -0.42452384573829055 
23.62999999995827, -0.43131209504967805 
23.639999999958246, -0.4318154072763212 
23.649999999958222, -0.4316286325551522 
23.6599999999582, -0.4311693976822534 
23.669999999958176, -0.4309503565880601 
23.679999999958152, -0.43083482709257626 
23.68999999995813, -0.43149272838095976 
23.699999999958106, -0.4482665799479732 
23.709999999958082, -0.4510019582546006 
23.71999999995806, -0.45067006992748504 
23.729999999958036, -0.45063552429671777 
23.739999999958012, -0.45054702932229057 
23.74999999995799, -0.45059416363727167 
23.759999999957966, -0.45053751253012825 
23.769999999957943, -0.45023054187678263 
23.77999999995792, -0.43947924117335646 
23.789999999957896, -0.4222548803080523 
23.799999999957873, -0.42106856006818355 
23.80999999995785, -0.4210306516409846 
23.819999999957826, -0.4212269484505805 
23.829999999957803, -0.4218909783620403 
23.83999999995778, -0.4221729802144068 
23.849999999957756, -0.4218124816560993 
23.859999999957733, -0.4189402478730679 
23.86999999995771, -0.41671043440634015 
23.879999999957686, -0.41623612585436326 
23.889999999957663, -0.41629733623497134 
23.89999999995764, -0.4175247601226607 
23.909999999957616, -0.42311441908165215 
23.919999999957593, -0.4250563303141853 
23.92999999995757, -0.42504786604090133 
23.939999999957546, -0.4245722026303694 
23.949999999957523, -0.42415555334110305 
23.9599999999575, -0.4239884995830753 
23.969999999957476, -0.42404183014786695 
23.979999999957453, -0.4286402910471093 
23.98999999995743, -0.4495425000565775 
23.999999999957407, -0.44848563002052055 
24.009999999957383, -0.4484796997880971 
24.01999999995736, -0.44838215181786856 
24.029999999957337, -0.4483449619172983 
24.039999999957313, -0.44835634126012947 
24.04999999995729, -0.4481911404376481 
24.059999999957267, -0.44712205622766155 
24.069999999957243, -0.4234510083303564 
24.07999999995722, -0.4188781315102746 
24.089999999957197, -0.41862678621063776 
24.099999999957173, -0.41869779088152254 
24.10999999995715, -0.419130949309609 
24.119999999957127, -0.41969382155834095 
24.129999999957104, -0.4196434838558409 
24.13999999995708, -0.4182555835137011 
24.149999999957057, -0.4148251583811871 
24.159999999957034, -0.41384676127233716 
24.16999999995701, -0.4136853999229577 
24.179999999956987, -0.41415896152376636 
24.189999999956964, -0.4176406524543631 
24.19999999995694, -0.4224145401420843 
24.209999999956917, -0.4227716300120316 
24.219999999956894, -0.4225125241087504 
24.22999999995687, -0.42198701499758695 
24.239999999956847, -0.42175612942288987 
24.249999999956824, -0.4216514474218201 
24.2599999999568, -0.422596150372822 
24.269999999956777, -0.4418547880181202 
24.279999999956754, -0.4436072339427569 
24.28999999995673, -0.4434031723460826 
24.299999999956707, -0.4433620104482124 
24.309999999956684, -0.44328652076492436 
24.31999999995666, -0.4433498749993552 
24.329999999956637, -0.44328034571811753 
24.339999999956614, -0.4428485647876781 
24.34999999995659, -0.42870575225393026 
24.359999999956568, -0.4159970729219988 
24.369999999956544, -0.4151087741597497 
24.37999999995652, -0.4150999324095738 
24.389999999956498, -0.4153890468230594 
24.399999999956474, -0.4162357364329804 
24.40999999995645, -0.41652041810154644 
24.419999999956428, -0.4161156858893543 
24.429999999956404, -0.41370936311866824 
24.43999999995638, -0.4122142738957553 
24.449999999956358, -0.4118715122138245 
24.459999999956334, -0.4120267648348656 
24.46999999995631, -0.41406799456813537 
24.479999999956288, -0.4224943754406352 
24.489999999956265, -0.4242219975904598 
24.49999999995624, -0.4241974584165737 
24.509999999956218, -0.42381260965996903 
24.519999999956195, -0.42353250586768654 
24.52999999995617, -0.4234048337754747 
24.539999999956148, -0.4234659239567332 
24.549999999956125, -0.42978532118489887 
24.5599999999561, -0.4334502821672492 
24.569999999956078, -0.4311049451795401 
24.579999999956055, -0.43105609685291846 
24.58999999995603, -0.4310215802828995 
24.599999999956008, -0.4311357925352719 
24.609999999955985, -0.43123674121518163 
24.61999999995596, -0.4309998860184577 
24.62999999995594, -0.42680853863187485 
24.639999999955915, -0.41410551606188606 
24.64999999995589, -0.41220969235079147 
24.65999999995587, -0.41203632587076 
24.669999999955845, -0.41227781875974473 
24.67999999995582, -0.41346778923044286 
24.6899999999558, -0.41464893632834493 
24.699999999955775, -0.41465964325908844 
24.709999999955752, -0.413806966116028 
24.71999999995573, -0.41251502158264786 
24.729999999955705, -0.41209320471090416 
24.739999999955682, -0.41204413118608735 
24.74999999995566, -0.4132752928836484 
24.759999999955635, -0.4261033880210238 
24.769999999955612, -0.43374921648774445 
24.77999999995559, -0.4339666180890279 
24.789999999955565, -0.4338123165436894 
24.799999999955542, -0.4335709347313873 
24.80999999995552, -0.43348707309000284 
24.819999999955495, -0.4333763724920588 
24.829999999955472, -0.4341330142769678 
24.83999999995545, -0.42970191148517095 
24.849999999955426, -0.41776956232869733 
24.859999999955402, -0.41731489209110106 
24.86999999995538, -0.41731297299670794 
24.879999999955356, -0.41745740668645803 
24.889999999955332, -0.41782543624337987 
24.89999999995531, -0.4178303930642325 
24.909999999955286, -0.416863459202058 
24.919999999955262, -0.41080654416869433 
24.92999999995524, -0.40841902864105895 
24.939999999955216, -0.4080417466656137 
24.949999999955192, -0.4082040329447963 
24.95999999995517, -0.4095965501036615 
24.969999999955146, -0.4131940644370328 
24.979999999955123, -0.4138655703773904 
24.9899999999551, -0.413663992455427 
24.999999999955076, -0.4129558183291241 
