t, s[1].omega / s[0].omega 
0, -0.37993939810895655 
0.009999999999999995, -0.3717387320791278 
0.019999999999999934, -0.36154751098929633 
0.029999999999999874, -0.3523916526934544 
0.04000000000000012, -0.34556675481996285 
0.050000000000000405, -0.34097473241195686 
0.06000000000000069, -0.3380432187273139 
0.07000000000000098, -0.3362210934457616 
0.08000000000000126, -0.33510843923885664 
0.09000000000000155, -0.33444478489570895 
0.10000000000000184, -0.33406868242723375 
0.11000000000000212, -0.3338832314395681 
0.12000000000000241, -0.33383292818590077 
0.130000000000002, -0.3338897696191029 
0.1400000000000009, -0.3340458160478509 
0.1499999999999998, -0.3343100672507792 
0.1599999999999987, -0.3347079979331329 
0.1699999999999976, -0.3352820812727809 
0.1799999999999965, -0.33609111043089246 
0.1899999999999954, -0.3372051841469922 
0.1999999999999943, -0.33869201078118505 
0.2099999999999932, -0.3405899688648708 
0.2199999999999921, -0.3428686578281927 
0.229999999999991, -0.34539422139950393 
0.2399999999999899, -0.34793584308485465 
0.2499999999999888, -0.3502361353336478 
0.2599999999999877, -0.3521080991079501 
0.2699999999999866, -0.35348554245018615 
0.2799999999999855, -0.3544017113651531 
0.2899999999999844, -0.35493476462239343 
0.2999999999999833, -0.35516312987601845 
0.3099999999999822, -0.35514325107288486 
0.3199999999999811, -0.35490257573514605 
0.32999999999998, -0.354438480595918 
0.3399999999999789, -0.35371840981298264 
0.3499999999999778, -0.35268173221299776 
0.35999999999997667, -0.3512490370298594 
0.36999999999997557, -0.3493484731241714 
0.37999999999997447, -0.34696385092774856 
0.38999999999997337, -0.3441859001105232 
0.39999999999997227, -0.34122047219148927 
0.40999999999997117, -0.33832471540080705 
0.41999999999997006, -0.33571074251735145 
0.42999999999996896, -0.3334882689886142 
0.43999999999996786, -0.3316696064504565 
0.44999999999996676, -0.3302074282433711 
0.45999999999996566, -0.3290319492411862 
0.46999999999996456, -0.32807467193042467 
0.47999999999996346, -0.3272798126088289 
0.48999999999996235, -0.3266080808145294 
0.49999999999996125, -0.3260368403704445 
0.5099999999999602, -0.32555951818339646 
0.519999999999959, -0.3251862853663835 
0.529999999999958, -0.3249476038963059 
0.5399999999999568, -0.3249022817901882 
0.5499999999999557, -0.32515214976038276 
0.5599999999999546, -0.325865768661257 
0.5699999999999535, -0.32731136119594045 
0.5799999999999524, -0.3298868329944142 
0.5899999999999513, -0.33409291313850525 
0.5999999999999502, -0.34029922070720714 
0.6099999999999491, -0.34808041611829316 
0.619999999999948, -0.3553360843243222 
0.6299999999999469, -0.3587491279196233 
0.6399999999999458, -0.35667765260079515 
0.6499999999999447, -0.35095723401778395 
0.6599999999999436, -0.3446655350811028 
0.6699999999999425, -0.3395899550822389 
0.6799999999999414, -0.336070140830578 
0.6899999999999403, -0.33381013188668684 
0.6999999999999392, -0.33241728828599804 
0.7099999999999381, -0.3315821729791885 
0.719999999999937, -0.3310972674159971 
0.7299999999999359, -0.3308329186630467 
0.7399999999999348, -0.3307115954188953 
0.7499999999999337, -0.33068953840044885 
0.7599999999999326, -0.3307456109406 
0.7699999999999315, -0.3308754885859129 
0.7799999999999304, -0.3310894920180568 
0.7899999999999293, -0.3314125765900237 
0.7999999999999282, -0.3318848196315125 
0.8099999999999271, -0.33256025171910886 
0.819999999999926, -0.33350123797347575 
0.8299999999999249, -0.3347650141524078 
0.8399999999999238, -0.33637947883240543 
0.8499999999999227, -0.3383105580882235 
0.8599999999999216, -0.3404370564852657 
0.8699999999999205, -0.34256172669631835 
0.8799999999999194, -0.3444719932135868 
0.8899999999999183, -0.34601654910284696 
0.8999999999999172, -0.3471420406311495 
0.9099999999999161, -0.3478741073040528 
0.919999999999915, -0.34827373494740577 
0.9299999999999139, -0.34840136414904066 
0.9399999999999128, -0.3482980716857598 
0.9499999999999117, -0.3479783913474862 
0.9599999999999106, -0.347427620713207 
0.9699999999999095, -0.3466001644654444 
0.9799999999999084, -0.3454204261901851 
0.9899999999999073, -0.3437935927874443 
0.9999999999999062, -0.34163805623383275 
1.0099999999999052, -0.338943842287734 
1.019999999999904, -0.3358306656807392 
1.029999999999903, -0.3325477612482986 
1.039999999999902, -0.32938841963441157 
1.0499999999999008, -0.32657818069548095 
1.0599999999998997, -0.3242199084310116 
1.0699999999998986, -0.3223105959051995 
1.0799999999998975, -0.32078836403735694 
1.0899999999998964, -0.31957311226979324 
1.0999999999998953, -0.3185901919882655 
1.1099999999998942, -0.3177806319012452 
1.119999999999893, -0.31710380081730444 
1.129999999999892, -0.3165369120116125 
1.1399999999998909, -0.3160742399264015 
1.1499999999998898, -0.3157279838618817 
1.1599999999998887, -0.31553233116138324 
1.1699999999998876, -0.31555242430486113 
1.1799999999998865, -0.31590048786522845 
1.1899999999998854, -0.3167615883510476 
1.1999999999998843, -0.31842856668769215 
1.2099999999998832, -0.32133055443363223 
1.219999999999882, -0.3259898922787909 
1.229999999999881, -0.33273490723513544 
1.2399999999998799, -0.34094705714704165 
1.2499999999998788, -0.348207851532747 
1.2599999999998777, -0.35112882214640834 
1.2699999999998766, -0.3485082088576406 
1.2799999999998755, -0.34260513996066994 
1.2899999999998744, -0.3364604031583998 
1.2999999999998733, -0.33163483911184366 
1.3099999999998722, -0.32833129840803726 
1.319999999999871, -0.32622068789312336 
1.32999999999987, -0.3249207863853493 
1.3399999999998689, -0.3241406247057651 
1.3499999999998678, -0.32368785271165906 
1.3599999999998666, -0.32344324591841295 
1.3699999999998655, -0.3233361430624256 
1.3799999999998644, -0.3233275085534443 
1.3899999999998633, -0.323399898099791 
1.3999999999998622, -0.32355245715896935 
1.4099999999998611, -0.3237993183344029 
1.41999999999986, -0.3241699232454733 
1.429999999999859, -0.32470955656401795 
1.4399999999998578, -0.3254778064967383 
1.4499999999998567, -0.32654186384241357 
1.4599999999998556, -0.32796074533665637 
1.4699999999998545, -0.3297572688191339 
1.4799999999998534, -0.33188164033437 
1.4899999999998523, -0.33418721856512806 
1.4999999999998512, -0.3364512735028126 
1.5099999999998501, -0.33844916558932503 
1.519999999999849, -0.34003555082202047 
1.529999999999848, -0.34117308001298696 
1.5399999999998468, -0.3419026695803274 
1.5499999999998457, -0.3422948517035064 
1.5599999999998446, -0.3424142974908342 
1.5699999999998435, -0.3423031666058235 
1.5799999999998424, -0.3419758088531125 
1.5899999999998413, -0.3414174930009816 
1.5999999999998402, -0.34058435378947516 
1.6099999999998391, -0.3394068537887302 
1.619999999999838, -0.33780424365238154 
1.629999999999837, -0.3357194588988758 
1.6399999999998358, -0.3331726673124202 
1.6499999999998347, -0.3303024282941873 
1.6599999999998336, -0.32734642345728127 
1.6699999999998325, -0.32455606093677075 
1.6799999999998314, -0.3221071670113378 
1.6899999999998303, -0.3200675952951846 
1.6999999999998292, -0.31842012929921404 
1.709999999999828, -0.3171034082870706 
1.719999999999827, -0.316044574298191 
1.729999999999826, -0.3151777663400468 
1.7399999999998248, -0.31445198637129573 
1.7499999999998237, -0.31383297537187155 
1.7599999999998226, -0.3133026057335787 
1.7699999999998215, -0.31285824056679756 
1.7799999999998204, -0.31251382018901686 
1.7899999999998193, -0.31230412919856443 
1.7999999999998182, -0.31229379789021255 
1.809999999999817, -0.3125928243383388 
1.819999999999816, -0.31337948631144846 
1.8299999999998149, -0.314925067126197 
1.8399999999998138, -0.3175903947395081 
1.8499999999998127, -0.3216978155167196 
1.8599999999998116, -0.32708226360543435 
1.8699999999998105, -0.33225828777214667 
1.8799999999998094, -0.3341600877111742 
1.8899999999998083, -0.33030454599820036 
1.8999999999998072, -0.3217716861547971 
1.909999999999806, -0.3121576717125051 
1.919999999999805, -0.3041373239165987 
1.9299999999998039, -0.29841758912657756 
1.9399999999998028, -0.29464312574530044 
1.9499999999998017, -0.29223826853333534 
1.9599999999998006, -0.29073028816347407 
1.9699999999997995, -0.2897973716467823 
1.9799999999997984, -0.2892366389744805 
1.9899999999997973, -0.28892546309345024 
1.9999999999997962, -0.2887932245193448 
2.0099999999998173, -0.2888038108915105 
2.0199999999998384, -0.2889460522053994 
2.0299999999998595, -0.2892296353092978 
2.0399999999998806, -0.28968476405016447 
2.0499999999999017, -0.29036412292602065 
2.059999999999923, -0.29134531415757575 
2.069999999999944, -0.29273055203634063 
2.079999999999965, -0.29463744490710747 
2.089999999999986, -0.29717043385107944 
2.100000000000007, -0.3003622734965289 
2.1100000000000283, -0.3040941631057953 
2.1200000000000494, -0.30805102902885145 
2.1300000000000705, -0.3117943292805154 
2.1400000000000916, -0.31494486809545497 
2.1500000000001127, -0.3173299002104321 
2.160000000000134, -0.3189816808296978 
2.170000000000155, -0.3200378796769534 
2.180000000000176, -0.32064887959323735 
2.190000000000197, -0.32093307772523505 
2.2000000000002182, -0.3209674238487012 
2.2100000000002393, -0.32079218155987477 
2.2200000000002604, -0.3204185010955652 
2.2300000000002815, -0.3198360334540506 
2.2400000000003026, -0.3190225233361467 
2.2500000000003237, -0.3179589214134556 
2.260000000000345, -0.3166509415217324 
2.270000000000366, -0.3151496287385859 
2.280000000000387, -0.3135549382273931 
2.290000000000408, -0.31199186876445995 
2.3000000000004293, -0.310570791715706 
2.3100000000004504, -0.3093576950732334 
2.3200000000004715, -0.3083682732116554 
2.3300000000004926, -0.30757987132598685 
2.3400000000005137, -0.3069488653406299 
2.3500000000005348, -0.30642585113105714 
2.360000000000556, -0.3059661321877775 
2.370000000000577, -0.3055351359259112 
2.380000000000598, -0.3051094230186424 
2.390000000000619, -0.30467484521115906 
2.4000000000006403, -0.30422363462472374 
2.4100000000006614, -0.3037515511962066 
2.4200000000006825, -0.3032550266786963 
2.4300000000007036, -0.3027265105005251 
2.4400000000007247, -0.3021427528891495 
2.450000000000746, -0.3014325723193697 
2.460000000000767, -0.30039368566562935 
2.470000000000788, -0.29850947536571953 
2.480000000000809, -0.2946695461605693 
2.49000000000083, -0.28713359679799766 
2.5000000000008513, -0.2745924368921049 
2.5100000000008724, -0.2581666820889672 
2.5200000000008935, -0.24141535208194842 
2.5300000000009146, -0.22747958143077374 
2.5400000000009357, -0.21731450836941796 
2.550000000000957, -0.2103781289192006 
2.560000000000978, -0.20575370018260952 
2.570000000000999, -0.2026704299756185 
2.58000000000102, -0.2005970340865197 
2.5900000000010412, -0.19919544152097288 
2.6000000000010624, -0.19825939982213614 
2.6100000000010835, -0.19766924540356035 
2.6200000000011046, -0.19736427300043305 
2.6300000000011257, -0.19732859672377995 
2.6400000000011468, -0.1975873648046158 
2.650000000001168, -0.1982123539980394 
2.660000000001189, -0.19933819633315214 
2.67000000000121, -0.201192421508903 
2.680000000001231, -0.20414244981671223 
2.6900000000012523, -0.20875360139501611 
2.7000000000012734, -0.21581294032294296 
2.7100000000012945, -0.22616698151936218 
2.7200000000013156, -0.24008806810924233 
2.7300000000013367, -0.2561850972916173 
2.740000000001358, -0.27119465123735237 
2.750000000001379, -0.28212957989904897 
2.7600000000014, -0.2885004249021482 
2.770000000001421, -0.2916808714629252 
2.780000000001442, -0.2931665786848488 
2.7900000000014633, -0.2938731857259853 
2.8000000000014844, -0.2942365093998254 
2.8100000000015055, -0.2944409510673509 
2.8200000000015266, -0.2945614490724727 
2.8300000000015477, -0.2946290670426071 
2.840000000001569, -0.2946580530660536 
2.85000000000159, -0.29465695310881956 
2.860000000001611, -0.2946340033297874 
2.870000000001632, -0.29460096040460515 
2.8800000000016532, -0.294576700946845 
2.8900000000016743, -0.2945902663667513 
2.9000000000016954, -0.2946819231039679 
2.9100000000017165, -0.29490051113081167 
2.9200000000017377, -0.29529600435730535 
2.9300000000017588, -0.29590715210784285 
2.94000000000178, -0.29674508886607764 
2.950000000001801, -0.2977767607192695 
2.960000000001822, -0.2989179755547711 
2.970000000001843, -0.30004814632930293 
2.9800000000018643, -0.3010464759388307 
2.9900000000018854, -0.3018288200192281 
3.0000000000019065, -0.3023617008988104 
3.0100000000019276, -0.302650627565481 
3.0200000000019487, -0.3027176426090131 
3.03000000000197, -0.30258184819704725 
3.040000000001991, -0.3022468047443126 
3.050000000002012, -0.3016924420924131 
3.060000000002033, -0.30086850107773117 
3.070000000002054, -0.29968952075619726 
3.0800000000020753, -0.2980374521836583 
3.0900000000020964, -0.29578636838220684 
3.1000000000021175, -0.2928652341389395 
3.1100000000021386, -0.28934685707115027 
3.1200000000021597, -0.28549331136211525 
3.130000000002181, -0.28168146157448426 
3.140000000002202, -0.27824454629188 
3.150000000002223, -0.27536079138612807 
3.160000000002244, -0.2730526075675299 
3.1700000000022652, -0.2712487638063626 
3.1800000000022863, -0.2698454836522752 
3.1900000000023074, -0.26874256683150394 
3.2000000000023285, -0.26785846108559197 
3.2100000000023496, -0.26713379873485255 
3.2200000000023707, -0.2665301079410707 
3.230000000002392, -0.2660274296232533 
3.240000000002413, -0.2656229345175554 
3.250000000002434, -0.2653318975504345 
3.260000000002455, -0.2651921588857967 
3.2700000000024763, -0.26527317376099296 
3.2800000000024974, -0.26569005670629275 
3.2900000000025185, -0.266618715964492 
3.3000000000025396, -0.26829144289149714 
3.3100000000025607, -0.2709031879485831 
3.3200000000025818, -0.2742652605115671 
3.330000000002603, -0.27706349016052834 
3.340000000002624, -0.27634922197033457 
3.350000000002645, -0.26927576957504107 
3.360000000002666, -0.2567043048422821 
3.3700000000026873, -0.24296012476187984 
3.3800000000027084, -0.23157180917413833 
3.3900000000027295, -0.22346208373704995 
3.4000000000027506, -0.21807963706117534 
3.4100000000027717, -0.21459386350437515 
3.420000000002793, -0.21234375177487513 
3.430000000002814, -0.21088976182291863 
3.440000000002835, -0.209959807301006 
3.450000000002856, -0.20939228889976494 
3.460000000002877, -0.20909687384994435 
3.4700000000028983, -0.20903146860786484 
3.4800000000029194, -0.20919085001964427 
3.4900000000029405, -0.2096038033833923 
3.5000000000029616, -0.21033737590466162 
3.5100000000029827, -0.21150811906555705 
3.520000000003004, -0.21330037720772058 
3.530000000003025, -0.2159888538346803 
3.540000000003046, -0.2199514459905576 
3.550000000003067, -0.22562908828186692 
3.5600000000030882, -0.23334467191926156 
3.5700000000031094, -0.24291556793045516 
3.5800000000031305, -0.2532816059220192 
3.5900000000031516, -0.26276743403207026 
3.6000000000031727, -0.27008658590349144 
3.6100000000031938, -0.2750066388801866 
3.620000000003215, -0.27803881677469494 
3.630000000003236, -0.2798330743975656 
3.640000000003257, -0.2808790764475221 
3.650000000003278, -0.2814784040294275 
3.6600000000032993, -0.28180168230511604 
3.6700000000033204, -0.2819423965066358 
3.6800000000033415, -0.28195114014256306 
3.6900000000033626, -0.28185540612904936 
3.7000000000033837, -0.28167171674124286 
3.710000000003405, -0.28141454392638543 
3.720000000003426, -0.28110389432693095 
3.730000000003447, -0.2807709700024882 
3.740000000003468, -0.2804595747774355 
3.750000000003489, -0.2802213374674539 
3.7600000000035103, -0.2801055776632878 
3.7700000000035314, -0.28014719502035407 
3.7800000000035525, -0.2803559854199391 
3.7900000000035736, -0.28070989559503734 
3.8000000000035947, -0.2811554851985575 
3.810000000003616, -0.28161894671562315 
3.820000000003637, -0.2820257797517289 
3.830000000003658, -0.2823194658589725 
3.840000000003679, -0.2824690281083951 
3.8500000000037002, -0.2824638718266565 
3.8600000000037213, -0.28230190462956595 
3.8700000000037424, -0.2819770777757518 
3.8800000000037635, -0.2814683407798947 
3.8900000000037847, -0.28072860850346887 
3.9000000000038058, -0.27967156317015035 
3.910000000003827, -0.27815673260799667 
3.920000000003848, -0.275982155411859 
3.930000000003869, -0.2729120886189923 
3.94000000000389, -0.2687811169796905 
3.9500000000039113, -0.2636707962185305 
3.9600000000039324, -0.25801901917422965 
3.9700000000039535, -0.25247884615073285 
3.9800000000039746, -0.24760117721309083 
3.9900000000039957, -0.2436367298075058 
4.000000000004016, -0.24056948383416815 
4.010000000003993, -0.23825022673326948 
4.02000000000397, -0.23650243717672828 
4.030000000003946, -0.2351724679816937 
4.040000000003923, -0.23414357404366828 
4.0500000000039, -0.23333450043857934 
4.0600000000038765, -0.2326938562457615 
4.070000000003853, -0.2321950263587153 
4.08000000000383, -0.23183355909751135 
4.090000000003807, -0.23162810433230505 
4.100000000003783, -0.23162600110082873 
4.11000000000376, -0.23191494830971648 
4.120000000003737, -0.23264183098986702 
4.130000000003713, -0.23403530573414658 
4.14000000000369, -0.2364093222201174 
4.150000000003667, -0.24006415910162504 
4.1600000000036434, -0.24488011216365155 
4.17000000000362, -0.24941539234443452 
4.180000000003597, -0.25029743325463183 
4.1900000000035735, -0.2443517755152357 
4.20000000000355, -0.23265722139222075 
4.210000000003527, -0.21982060627861405 
4.220000000003504, -0.20930376522604927 
4.23000000000348, -0.20188928293355185 
4.240000000003457, -0.1969964722359943 
4.250000000003434, -0.19383496607552111 
4.26000000000341, -0.19179512508504465 
4.270000000003387, -0.19047822959744148 
4.280000000003364, -0.18964048001849285 
4.2900000000033405, -0.18913940510509167 
4.300000000003317, -0.18889830254092668 
4.310000000003294, -0.1888861741856521 
4.320000000003271, -0.18910884531652547 
4.330000000003247, -0.1896086236770263 
4.340000000003224, -0.19047170697211194 
4.350000000003201, -0.19184386270782489 
4.360000000003177, -0.19395480420951677 
4.370000000003154, -0.19714702692829997 
4.380000000003131, -0.20188702715269286 
4.390000000003107, -0.20869196038685728 
4.400000000003084, -0.21784708497944655 
4.410000000003061, -0.22887498872494186 
4.4200000000030375, -0.240207810244654 
4.430000000003014, -0.2498664136945142 
4.440000000002991, -0.25676619027669245 
4.450000000002968, -0.2610938855703848 
4.460000000002944, -0.26362220369963346 
4.470000000002921, -0.265064862677013 
4.480000000002898, -0.26588712020349936 
4.490000000002874, -0.2663515781565295 
4.500000000002851, -0.2665988430413976 
4.510000000002828, -0.2667036136327119 
4.520000000002804, -0.2667062632872008 
4.530000000002781, -0.26663005776800763 
4.540000000002758, -0.2664915456342145 
4.5500000000027345, -0.26630816582583966 
4.560000000002711, -0.2661044039640895 
4.570000000002688, -0.26591571601959985 
4.580000000002665, -0.2657883566090119 
4.590000000002641, -0.2657739671088318 
4.600000000002618, -0.2659197409723565 
4.610000000002595, -0.26625619995161254 
4.620000000002571, -0.2667846652219107 
4.630000000002548, -0.2674678928657036 
4.640000000002525, -0.2682306710312814 
4.6500000000025015, -0.26897637787037654 
4.660000000002478, -0.26961496495213605 
4.670000000002455, -0.27008627553011244 
4.6800000000024315, -0.27036555783979377 
4.690000000002408, -0.2704526972976312 
4.700000000002385, -0.2703556698154329 
4.710000000002362, -0.2700761345457324 
4.720000000002338, -0.2695987685078013 
4.730000000002315, -0.2688825545494037 
4.740000000002292, -0.26785278725351525 
4.750000000002268, -0.2663967617686068 
4.760000000002245, -0.26437443750641987 
4.770000000002222, -0.2616640270259828 
4.7800000000021985, -0.2582521454336305 
4.790000000002175, -0.2543238055251823 
4.800000000002152, -0.2502509475242167 
4.810000000002129, -0.2464427445215859 
4.820000000002105, -0.24317649337524797 
4.830000000002082, -0.24054157570488838 
4.840000000002059, -0.2384904606180588 
4.850000000002035, -0.2369151819562362 
4.860000000002012, -0.23569991096961332 
4.870000000001989, -0.23474523208837278 
4.880000000001965, -0.2339752634011721 
4.890000000001942, -0.23333709260977492 
4.900000000001919, -0.23279769025117142 
4.9100000000018955, -0.23234085791805792 
4.920000000001872, -0.23196556505559268 
4.930000000001849, -0.23168642137895215 
4.940000000001826, -0.231536507221128 
4.950000000001802, -0.23157151138676646 
4.960000000001779, -0.23186967651063325 
4.970000000001756, -0.23250776417013624 
4.980000000001732, -0.23345547125964444 
4.990000000001709, -0.23426697073480868 
5.000000000001686, -0.23349652286976413 
5.0100000000016625, -0.2284395270978294 
5.020000000001639, -0.2169296506238218 
5.030000000001616, -0.20061828314091631 
5.0400000000015925, -0.18426054357410332 
5.050000000001569, -0.1712776834729745 
5.060000000001546, -0.16223425909383096 
5.070000000001523, -0.15627765342313363 
5.080000000001499, -0.15240432267428058 
5.090000000001476, -0.14986828264214042 
5.100000000001453, -0.1481902089145129 
5.110000000001429, -0.14707978526512216 
5.120000000001406, -0.1463682137755494 
5.130000000001383, -0.1459651109458328 
5.1400000000013595, -0.14583505156207083 
5.150000000001336, -0.1459883004625883 
5.160000000001313, -0.1464831218079541 
5.17000000000129, -0.14744021376257438 
5.180000000001266, -0.14907286405977002 
5.190000000001243, -0.15173831533887142 
5.20000000000122, -0.1560103798680349 
5.210000000001196, -0.1627375449525666 
5.220000000001173, -0.17292885811707054 
5.23000000000115, -0.1870873568843685 
5.240000000001126, -0.20379308037094762 
5.250000000001103, -0.2190970815658051 
5.26000000000108, -0.22925276472504566 
5.2700000000010565, -0.23395357682499016 
5.280000000001033, -0.23532414331850132 
5.29000000000101, -0.23533660696677283 
5.300000000000987, -0.23499560536948697 
5.310000000000963, -0.234659117297553 
5.32000000000094, -0.23441170552941415 
5.330000000000917, -0.23425144373004655 
5.340000000000893, -0.23415909243732905 
5.35000000000087, -0.23411894512091633 
5.360000000000847, -0.2341237710492739 
5.3700000000008234, -0.23417586209477226 
5.3800000000008, -0.23428809250194135 
5.390000000000777, -0.2344859756587235 
5.4000000000007535, -0.2348104897010231 
5.41000000000073, -0.23532067122181446 
5.420000000000707, -0.23609418772401786 
5.430000000000684, -0.23722279556313447 
5.44000000000066, -0.23879719381476958 
5.450000000000637, -0.2408738163851852 
5.460000000000614, -0.24342228881942254 
5.47000000000059, -0.24627730813420037 
5.480000000000567, -0.24914899897299742 
5.490000000000544, -0.2517227628752007 
5.5000000000005205, -0.25378704268696983 
5.510000000000497, -0.2552861709513217 
5.520000000000474, -0.2562791538039041 
5.5300000000004506, -0.25686777285145845 
5.540000000000427, -0.25714670144190843 
5.550000000000404, -0.2571836086245838 
5.560000000000381, -0.2570168239259053 
5.570000000000357, -0.25665965471580143 
5.580000000000334, -0.25610710138205317 
5.590000000000311, -0.2553454736121993 
5.600000000000287, -0.2543670023784248 
5.610000000000264, -0.2531888143051497 
5.620000000000241, -0.2518683695172571 
5.6300000000002175, -0.250502011647571 
5.640000000000194, -0.24920092806000035 
5.650000000000171, -0.24805742623342125 
5.660000000000148, -0.2471224224902016 
5.670000000000124, -0.2464026611183371 
5.680000000000101, -0.24587105439562987 
5.690000000000078, -0.2454807126955151 
5.700000000000054, -0.2451779406208344 
5.710000000000031, -0.24491258384556355 
5.720000000000008, -0.24464435821478517 
5.729999999999984, -0.2443442260646913 
5.739999999999961, -0.24399142552650593 
5.749999999999938, -0.24356777467423277 
5.7599999999999145, -0.24305025692466975 
5.769999999999891, -0.24240103572640104 
5.779999999999868, -0.2415515029600496 
5.789999999999845, -0.2403738117400834 
5.799999999999821, -0.23863107963385125 
5.809999999999798, -0.2359059822502591 
5.819999999999775, -0.23155780280345045 
5.829999999999751, -0.22487984983866652 
5.839999999999728, -0.21566048852389916 
5.849999999999705, -0.20482259898016825 
5.8599999999996815, -0.1941565353810791 
5.869999999999658, -0.1851515448661582 
5.879999999999635, -0.1783097351253778 
5.8899999999996115, -0.17340016089302918 
5.899999999999588, -0.1699502941152357 
5.909999999999565, -0.16752269544700757 
5.919999999999542, -0.16579233444181724 
5.929999999999518, -0.16453953243912098 
5.939999999999495, -0.16362384027378168 
5.949999999999472, -0.16296116543955452 
5.959999999999448, -0.16250873554437548 
5.969999999999425, -0.16225767761457702 
5.979999999999402, -0.16223270982734056 
5.9899999999993785, -0.16249948049553214 
5.999999999999355, -0.1631813465768162 
6.009999999999332, -0.16448744078928762 
6.019999999999309, -0.1667473609098627 
6.029999999999285, -0.17041625465776417 
6.039999999999262, -0.17591208966728797 
6.049999999999239, -0.18295651746078617 
6.059999999999215, -0.1892618202540531 
6.069999999999192, -0.19030057669916073 
6.079999999999169, -0.18332474807008076 
6.089999999999145, -0.17136025452754614 
6.099999999999122, -0.15961796173958834 
6.109999999999099, -0.15069441122490024 
6.1199999999990755, -0.14465558560087868 
6.129999999999052, -0.14073650958757464 
6.139999999999029, -0.1382102250934595 
6.149999999999006, -0.13657456406825946 
6.159999999998982, -0.13551838737991778 
6.169999999998959, -0.13485923017247178 
6.179999999998936, -0.1344975295906298 
6.189999999998912, -0.13438995334147982 
6.199999999998889, -0.13453720960904053 
6.209999999998866, -0.13498307001361443 
6.2199999999988425, -0.13582400999854677 
6.229999999998819, -0.1372314725382921 
6.239999999998796, -0.13949048506318648 
6.2499999999987725, -0.14305536358087506 
6.259999999998749, -0.1486012877193112 
6.269999999998726, -0.15697413779621366 
6.279999999998703, -0.16878725886263252 
6.289999999998679, -0.1834355465896838 
6.299999999998656, -0.19828528407058899 
6.309999999998633, -0.20998130350700794 
6.319999999998609, -0.21714654636560823 
6.329999999998586, -0.22074209196624994 
6.339999999998563, -0.2223318433590436 
6.3499999999985395, -0.22299468857463242 
6.359999999998516, -0.22326970256889989 
6.369999999998493, -0.22338745683871544 
6.37999999999847, -0.2234399583084589 
6.389999999998446, -0.2234638748663468 
6.399999999998423, -0.22347579306543697 
6.4099999999984, -0.22348680495852352 
6.419999999998376, -0.22350935815038317 
6.429999999998353, -0.22356169896392947 
6.43999999999833, -0.22367175326001815 
6.449999999998306, -0.22388053610596215 
6.459999999998283, -0.22424415993186247 
6.46999999999826, -0.22483288922188627 
6.4799999999982365, -0.2257249573878633 
6.489999999998213, -0.22699139360970463 
6.49999999999819, -0.22866741003908744 
6.509999999998167, -0.2307123577768302 
6.519999999998143, -0.23297978728102414 
6.52999999999812, -0.23523627083491 
6.539999999998097, -0.23724183796438408 
6.549999999998073, -0.2388402321580522 
6.55999999999805, -0.23999071021234902 
6.569999999998027, -0.24073538987866136 
6.5799999999980034, -0.2411472255534755 
6.58999999999798, -0.24129353929282446 
6.599999999997957, -0.24122038655547268 
6.6099999999979335, -0.24094963751314097 
6.61999999999791, -0.24048166925078612 
6.629999999997887, -0.23980141410335842 
6.639999999997864, -0.2388892339222486 
6.64999999999784, -0.23773867728822284 
6.659999999997817, -0.23637836721584748 
6.669999999997794, -0.23488587466378244 
6.67999999999777, -0.23337802109489436 
6.689999999997747, -0.2319768403823666 
6.699999999997724, -0.2307723162868264 
6.7099999999977005, -0.22980435520077108 
6.719999999997677, -0.2290668993306763 
6.729999999997654, -0.22852274895810426 
6.7399999999976306, -0.2281190525399886 
6.749999999997607, -0.22779994310328305 
6.759999999997584, -0.22751562497431524 
6.769999999997561, -0.22722712475318488 
6.779999999997537, -0.2269063127009316 
6.789999999997514, -0.2265320864296867 
6.799999999997491, -0.22608415743773577 
6.809999999997467, -0.225534924523556 
6.819999999997444, -0.22483789738634669 
6.829999999997421, -0.22390845769297485 
6.8399999999973975, -0.22258977064086816 
6.849999999997374, -0.22059686535772688 
6.859999999997351, -0.21745096372209954 
6.869999999997328, -0.21248946487817758 
6.879999999997304, -0.20515294039121845 
6.889999999997281, -0.195621551057311 
6.899999999997258, -0.18518221202015306 
6.909999999997234, -0.1755458364026295 
6.919999999997211, -0.1677764817903507 
6.929999999997188, -0.16202583261392897 
6.939999999997164, -0.15794185981822478 
6.949999999997141, -0.15507211957840536 
6.959999999997118, -0.15304016294770817 
6.9699999999970945, -0.15157770157050804 
6.979999999997071, -0.15050693642038823 
6.989999999997048, -0.1497159906201856 
6.999999999997025, -0.14913995492684726 
7.009999999997001, -0.148749298417609 
7.019999999996978, -0.14854503858479334 
7.029999999996955, -0.14856034524759082 
7.039999999996931, -0.14886908747812472 
7.049999999996908, -0.14960197709730413 
7.059999999996885, -0.15096719571366726 
7.0699999999968615, -0.15325377325687922 
7.079999999996838, -0.15673290057350805 
7.089999999996815, -0.16123005423687192 
7.0999999999967915, -0.16511195548808183 
7.109999999996768, -0.16454583049926963 
7.119999999996745, -0.15610209468638783 
7.129999999996722, -0.14167500406304423 
7.139999999996698, -0.12695618840566314 
7.149999999996675, -0.11554169190170911 
7.159999999996652, -0.10779311188286118 
7.169999999996628, -0.1027851202184051 
7.179999999996605, -0.09956863107185016 
7.189999999996582, -0.09748142684230021 
7.1999999999965585, -0.09611476594422275 
7.209999999996535, -0.09522938309106767 
7.219999999996512, -0.09469277793468131 
7.229999999996489, -0.09444248308998879 
7.239999999996465, -0.09446863688575226 
7.249999999996442, -0.09481105211643673 
7.259999999996419, -0.09556987017065192 
7.269999999996395, -0.09693294178482426 
7.279999999996372, -0.09922669894945849 
7.289999999996349, -0.10299586515207364 
7.299999999996325, -0.10908929541772838 
7.309999999996302, -0.1186072400831816 
7.319999999996279, -0.13226541829425698 
7.3299999999962555, -0.14869120415877818 
7.339999999996232, -0.16322290208445628 
7.349999999996209, -0.17118719960849554 
7.359999999996186, -0.17264900768415203 
7.369999999996162, -0.1708988332517768 
7.379999999996139, -0.16853799754622617 
7.389999999996116, -0.16657987986204056 
7.399999999996092, -0.1651836046491079 
7.409999999996069, -0.16424713194646717 
7.419999999996046, -0.16364080854593224 
7.4299999999960225, -0.16326713455857636 
7.439999999995999, -0.1630654437540457 
7.449999999995976, -0.1630052332719881 
7.4599999999959525, -0.16308056692328238 
7.469999999995929, -0.16330823522451504 
7.479999999995906, -0.16372999932471105 
7.489999999995883, -0.16441894638635624 
7.499999999995859, -0.16548989344490123 
7.509999999995836, -0.16711262849333913 
7.519999999995813, -0.16952204545020427 
7.529999999995789, -0.17300605174308703 
7.539999999995766, -0.17782818726414426 
7.549999999995743, -0.18403347337961362 
7.5599999999957195, -0.19118499577969733 
7.569999999995696, -0.19831864572260632 
7.579999999995673, -0.20438951194142 
7.58999999999565, -0.20886258869440294 
7.599999999995626, -0.21182264656189237 
7.609999999995603, -0.21365409342177716 
7.61999999999558, -0.21474195825822454 
7.629999999995556, -0.21536257187340951 
7.639999999995533, -0.2156876061994887 
7.64999999999551, -0.2158169114649246 
7.659999999995486, -0.21580703927351386 
7.669999999995463, -0.21569053094565982 
7.67999999999544, -0.21548888472513017 
7.6899999999954165, -0.2152223230434922 
7.699999999995393, -0.21491764386194245 
7.70999999999537, -0.21461329465053075 
7.719999999995347, -0.21435964325010262 
7.729999999995323, -0.2142134484343913 
7.7399999999953, -0.21422802776754662 
7.749999999995277, -0.21444177926850688 
7.759999999995253, -0.214866614659143 
7.76999999999523, -0.21547781361907137 
7.779999999995207, -0.2162104384775227 
7.789999999995183, -0.21697002665482792 
7.79999999999516, -0.21765821993691636 
7.809999999995137, -0.21820022424917157 
7.8199999999951135, -0.218557494121605 
7.82999999999509, -0.21872166915252192 
7.839999999995067, -0.2186987502851351 
7.849999999995044, -0.21849353038201672 
7.85999999999502, -0.2180982529515163 
7.869999999994997, -0.2174849822296015 
7.879999999994974, -0.21660094114407044 
7.88999999999495, -0.21536939232192592 
7.899999999994927, -0.21370410414258262 
7.909999999994904, -0.21154799397078228 
7.9199999999948805, -0.20893326843553717 
7.929999999994857, -0.206024923162658 
7.939999999994834, -0.20309080109908897 
7.9499999999948106, -0.20039782428034875 
7.959999999994787, -0.19811475309803986 
7.969999999994764, -0.1962880843138661 
7.979999999994741, -0.19487744596553905 
7.989999999994717, -0.19380280889110774 
7.999999999994694, -0.19297712291834346 
8.00999999999467, -0.1923226384936117 
8.019999999994647, -0.19177701096215322 
8.029999999994624, -0.1912939240773858 
8.0399999999946, -0.19084069804273782 
8.049999999994577, -0.1903942691834111 
8.059999999994554, -0.18993625599388536 
8.06999999999453, -0.18944674677283962 
8.079999999994508, -0.18889449241193218 
8.089999999994484, -0.18821748937945088 
8.099999999994461, -0.18728090015764387 
8.109999999994438, -0.1857894775050106 
8.119999999994414, -0.18313808550739905 
8.129999999994391, -0.17828621701573188 
8.139999999994368, -0.17004216240280554 
8.149999999994344, -0.1582010834585563 
8.159999999994321, -0.14459017136856409 
8.169999999994298, -0.1320170899927098 
8.179999999994275, -0.12217782947412767 
8.189999999994251, -0.11519651376625391 
8.199999999994228, -0.11044768497740869 
8.209999999994205, -0.10723869136280353 
8.219999999994181, -0.10504351320824754 
8.229999999994158, -0.10351240856289982 
8.239999999994135, -0.10242583797968814 
8.249999999994111, -0.1016514939047092 
8.259999999994088, -0.10111550153427136 
8.269999999994065, -0.10078617602865832 
8.279999999994041, -0.10066750662270725 
8.289999999994018, -0.10080091819720274 
8.299999999993995, -0.10127521330657449 
8.309999999993972, -0.102244122029301 
8.319999999993948, -0.10394299949758116 
8.329999999993925, -0.10666241094340297 
8.339999999993902, -0.1105336264594055 
8.349999999993878, -0.11481194637948042 
8.359999999993855, -0.11665477639470245 
8.369999999993832, -0.11157985841433708 
8.379999999993808, -0.09844458609909766 
8.389999999993785, -0.08230032851112092 
8.399999999993762, -0.068626854755686 
8.409999999993738, -0.059068105354617886 
8.419999999993715, -0.05288943049393881 
8.429999999993692, -0.04896130480919535 
8.439999999993669, -0.046437010495010075 
8.449999999993645, -0.04478729290469222 
8.459999999993622, -0.04370232290569292 
8.469999999993599, -0.04300847563513403 
8.479999999993575, -0.04261782606849475 
8.489999999993552, -0.04250261327976739 
8.499999999993529, -0.042687425968501176 
8.509999999993505, -0.0432565000938643 
8.519999999993482, -0.04437812791240168 
8.529999999993459, -0.046351474302080684 
8.539999999993436, -0.0496762640084943 
8.549999999993412, -0.055101879843985214 
8.559999999993389, -0.06343509552058071 
8.569999999993366, -0.07449748428348858 
8.579999999993342, -0.08494506897948843 
8.589999999993319, -0.08842742021516403 
8.599999999993296, -0.08248775673408745 
8.609999999993272, -0.0720272382079781 
8.619999999993249, -0.06245720750538607 
8.629999999993226, -0.05557338891130812 
8.639999999993202, -0.05104902347137262 
8.64999999999318, -0.04814260966781434 
8.659999999993156, -0.0462699854137524 
8.669999999993133, -0.04505907435189873 
8.67999999999311, -0.04429201453340092 
8.689999999993086, -0.04385106081440089 
8.699999999993063, -0.043685791682006925 
8.70999999999304, -0.04379858713213794 
8.719999999993016, -0.04424505682767527 
8.729999999992993, -0.04514985349531704 
8.73999999999297, -0.04674291820096849 
8.749999999992946, -0.049425087793547234 
8.759999999992923, -0.053866059631973086 
8.7699999999929, -0.06108189347234548 
8.779999999992876, -0.07222100521480938 
8.789999999992853, -0.08737501375695429 
8.79999999999283, -0.10333375149946207 
8.809999999992806, -0.11404703640157465 
8.819999999992783, -0.1167166438441537 
8.82999999999276, -0.11427035082592547 
8.839999999992736, -0.11055515370717353 
8.849999999992713, -0.10738646735890027 
8.85999999999269, -0.10510917025941917 
8.869999999992666, -0.10357153926863502 
8.879999999992643, -0.10255978411379552 
8.88999999999262, -0.10191152232782015 
8.899999999992596, -0.10152449123915955 
8.909999999992573, -0.10134406888561132 
8.91999999999255, -0.10135258389776884 
8.929999999992527, -0.10156498907308213 
8.939999999992503, -0.10203156306847967 
8.94999999999248, -0.10284852030300067 
8.959999999992457, -0.1041785833488323 
8.969999999992433, -0.10628392474211164 
8.97999999999241, -0.1095688613662517 
8.989999999992387, -0.11460555874959963 
8.999999999992363, -0.12204625635753488 
9.00999999999234, -0.13222328065111374 
9.019999999992317, -0.14437721664472908 
9.029999999992294, -0.15630482291173436 
9.03999999999227, -0.16562336015730134 
9.049999999992247, -0.17152886446832363 
9.059999999992224, -0.17475080525047776 
9.0699999999922, -0.17637358172829395 
9.079999999992177, -0.17717072639081582 
9.089999999992154, -0.17756358809151102 
9.09999999999213, -0.1777571907202579 
9.109999999992107, -0.17784868341167087 
9.119999999992084, -0.17788614288251148 
9.12999999999206, -0.17789702023880657 
9.139999999992037, -0.1779022074218572 
9.149999999992014, -0.17792415089637006 
9.15999999999199, -0.17799271891572124 
9.169999999991967, -0.17814997320201323 
9.179999999991944, -0.17845360008769717 
9.18999999999192, -0.17897800257035834 
9.199999999991897, -0.17981123654793776 
9.209999999991874, -0.1810439448778695 
9.21999999999185, -0.18274356329953906 
9.229999999991827, -0.18490937383869496 
9.239999999991804, -0.1874228037981819 
9.24999999999178, -0.19003873105521682 
9.259999999991757, -0.19245946167373593 
9.269999999991734, -0.19445611080943231 
9.27999999999171, -0.19594007312107778 
9.289999999991688, -0.19694267102690446 
9.299999999991664, -0.19755047265383996 
9.309999999991641, -0.19785282066037269 
9.319999999991618, -0.19791776288719296 
9.329999999991594, -0.19778740147945786 
9.339999999991571, -0.19748177828366573 
9.349999999991548, -0.19700613713655185 
9.359999999991524, -0.1963608617997965 
9.369999999991501, -0.19555448778553852 
9.379999999991478, -0.19461756800295882 
9.389999999991455, -0.1936104224200395 
9.399999999991431, -0.19261678683654676 
9.409999999991408, -0.19172350419957668 
9.419999999991385, -0.1909975847739786 
9.429999999991361, -0.1904728223034175 
9.439999999991338, -0.1901483540756283 
9.449999999991315, -0.1899941337296184 
9.459999999991291, -0.18995932491980982 
9.469999999991268, -0.18998304927865306 
9.479999999991245, -0.19000649046756507 
9.489999999991221, -0.18998249297316927 
9.499999999991198, -0.18987869519343034 
9.509999999991175, -0.18967374632995607 
9.519999999991152, -0.18934920806867883 
9.529999999991128, -0.18887966324655237 
9.539999999991105, -0.18822154899098273 
9.549999999991082, -0.18729968651375276 
9.559999999991058, -0.18599143940683466 
9.569999999991035, -0.1841150286699693 
9.579999999991012, -0.18144491371238872 
9.589999999990988, -0.1777959215286143 
9.599999999990965, -0.17319091077413348 
9.609999999990942, -0.16799921656568859 
9.619999999990918, -0.16284313532127997 
9.629999999990895, -0.1582871740487713 
9.639999999990872, -0.15460659712626174 
9.649999999990849, -0.15179826646294498 
9.659999999990825, -0.14971494444240335 
9.669999999990802, -0.14817779534012226 
9.679999999990779, -0.14702964722555395 
9.689999999990755, -0.14614926832754785 
9.699999999990732, -0.1454494128064394 
9.709999999990709, -0.14487034468358098 
9.719999999990685, -0.1443731012890531 
9.729999999990662, -0.14393366331892382 
9.739999999990639, -0.1435379814052269 
9.749999999990616, -0.14317674805200994 
9.759999999990592, -0.14283667100614872 
9.769999999990569, -0.1424798057603776 
9.779999999990546, -0.14199048295444855 
9.789999999990522, -0.1410485517509946 
9.799999999990499, -0.13888714539315472 
9.809999999990476, -0.13406459738258875 
9.819999999990452, -0.12492886800721634 
9.829999999990429, -0.11144700822786772 
9.839999999990406, -0.09641989103848812 
9.849999999990382, -0.08330970380416608 
9.85999999999036, -0.07362115862209188 
9.869999999990336, -0.06704828631042214 
9.879999999990313, -0.06271339076006273 
9.88999999999029, -0.05984210935641475 
9.899999999990266, -0.05790301970889393 
9.909999999990243, -0.05656305336957758 
9.91999999999022, -0.05562143658986189 
9.929999999990196, -0.05496161093191404 
9.939999999990173, -0.0545223123925679 
9.94999999999015, -0.05428255801083078 
9.959999999990126, -0.054256499980574545 
9.969999999990103, -0.05449587831260361 
9.97999999999008, -0.05509766575547222 
9.989999999990056, -0.05620804330640601 
9.999999999990033, -0.05798715648779702 
10.00999999999001, -0.060419787341441586 
10.019999999989986, -0.0627238886416191 
10.029999999989963, -0.062337084682184817 
10.03999999998994, -0.0552796328501716 
10.049999999989916, -0.04064322385768592 
10.059999999989893, -0.023501543009236 
10.06999999998987, -0.00932583912579313 
10.079999999989846, 0.00037306943149633797 
10.089999999989823, 0.006125141419453883 
10.0999999999898, 0.009583790907551144 
10.109999999989776, 0.011641524332288797 
10.119999999989753, 0.012842965079979087 
10.12999999998973, 0.013502855998533663 
10.139999999989707, 0.01379778726076698 
10.149999999989683, 0.013820303546914733 
10.15999999998966, 0.013606850145749212 
10.169999999989637, 0.01314896838810255 
10.179999999989613, 0.012392872898685538 
10.18999999998959, 0.01123100176786956 
10.199999999989567, 0.009495285591801782 
10.209999999989543, 0.006992439960104989 
10.21999999998952, 0.003718782869107081 
10.229999999989497, 0.0005627633067869515 
10.239999999989474, 0.0006284191652084541 
10.24999999998945, 0.007985785058084382 
10.259999999989427, 0.02293913871809511 
10.269999999989404, 0.03937345999370248 
10.27999999998938, 0.05208521799411701 
10.289999999989357, 0.06030183882673359 
10.299999999989334, 0.06524324206604704 
10.30999999998931, 0.06815201031209477 
10.319999999989287, 0.06984950161026349 
10.329999999989264, 0.0708170894041461 
10.33999999998924, 0.0713273628724326 
10.349999999989217, 0.07153204578912357 
10.359999999989194, 0.07151135813849241 
10.36999999998917, 0.07129992627814327 
10.379999999989147, 0.07090009774783242 
10.389999999989124, 0.07029120181611659 
10.3999999999891, 0.06944812468661651 
10.409999999989077, 0.06840340396719022 
10.419999999989054, 0.0674377208365849 
10.42999999998903, 0.06752342885271956 
10.439999999989007, 0.0708070342253502 
10.449999999988984, 0.0796252163948453 
10.45999999998896, 0.093114549315829 
10.469999999988937, 0.10673663113744888 
10.479999999988914, 0.11704465989557862 
10.48999999998889, 0.12368768053189146 
10.499999999988868, 0.12767761868972735 
10.509999999988844, 0.13001289102160368 
10.519999999988821, 0.13136021527686184 
10.529999999988798, 0.1321183231195088 
10.539999999988774, 0.13252101146243625 
10.549999999988751, 0.1327080092584676 
10.559999999988728, 0.132767028243802 
10.569999999988704, 0.13275961685542434 
10.579999999988681, 0.1327408814876971 
10.589999999988658, 0.1327815235532988 
10.599999999988635, 0.13300145715901507 
10.609999999988611, 0.13362355428165498 
10.619999999988588, 0.1350364988239438 
10.629999999988565, 0.1377792987644394 
10.639999999988541, 0.1422519984327005 
10.649999999988518, 0.14815338806444817 
10.659999999988495, 0.1543398758109491 
10.669999999988471, 0.15960490208827377 
10.679999999988448, 0.1634303818208454 
10.689999999988425, 0.1659258820380511 
10.699999999988401, 0.1674276030480633 
10.709999999988378, 0.16825288067089017 
10.719999999988355, 0.16863634677480094 
10.729999999988332, 0.16874077740972876 
10.739999999988308, 0.16868056285268274 
10.749999999988285, 0.16853927205156422 
10.759999999988262, 0.1683805100029349 
10.769999999988238, 0.16825551948476405 
10.779999999988215, 0.16821019648434793 
10.789999999988192, 0.1682921002798762 
10.799999999988168, 0.16855584102728674 
10.809999999988145, 0.16906261167503225 
10.819999999988122, 0.1698668987494278 
10.829999999988098, 0.1709851401031654 
10.839999999988075, 0.17235607893091612 
10.849999999988052, 0.17382685710226267 
10.859999999988029, 0.17519580650740585 
10.869999999988005, 0.1762896516168409 
10.879999999987982, 0.17701322281593562 
10.889999999987959, 0.17734467336531584 
10.899999999987935, 0.1773031262720659 
10.909999999987912, 0.17692354496893922 
10.919999999987889, 0.17625151381218768 
10.929999999987865, 0.17535155308271128 
10.939999999987842, 0.17431367847104712 
10.949999999987819, 0.17324448498724832 
10.959999999987796, 0.17224309565518856 
10.969999999987772, 0.17137803626352605 
10.979999999987749, 0.17068011653086707 
10.989999999987726, 0.17015097882784586 
10.999999999987702, 0.16977656647336187 
11.009999999987679, 0.16953657456082444 
11.019999999987656, 0.1694071996502027 
11.029999999987632, 0.16935865513771703 
11.039999999987609, 0.16935056462226095 
11.049999999987586, 0.16932860354242962 
11.059999999987562, 0.16922436989541834 
11.06999999998754, 0.16895719239145082 
11.079999999987516, 0.16843368851471632 
11.089999999987493, 0.1675421309767123 
11.09999999998747, 0.16614590504704904 
11.109999999987446, 0.16409315814802478 
11.119999999987423, 0.16127350907504356 
11.1299999999874, 0.15774060598641354 
11.139999999987376, 0.15383027714513983 
11.149999999987353, 0.15009485383179483 
11.15999999998733, 0.14701109887450206 
11.169999999987306, 0.14474433699756883 
11.179999999987283, 0.14318645443185646 
11.18999999998726, 0.14213025235004506 
11.199999999987236, 0.14138905751984096 
11.209999999987213, 0.14082975795710362 
11.21999999998719, 0.1403632199018889 
11.229999999987166, 0.139925270410076 
11.239999999987143, 0.13945954195214894 
11.24999999998712, 0.13890286374612468 
11.259999999987096, 0.13817044852150437 
11.269999999987073, 0.13713657368229068 
11.27999999998705, 0.13560489679561202 
11.289999999987026, 0.1332630370079803 
11.299999999987003, 0.12962962201181383 
11.30999999998698, 0.1240613571702833 
11.319999999986956, 0.11603199221854617 
11.329999999986933, 0.10593098768939639 
11.33999999998691, 0.09577053021450568 
11.349999999986887, 0.08805868460593529 
11.359999999986863, 0.08361651221968341 
11.36999999998684, 0.08154816254144373 
11.379999999986817, 0.08068737911675718 
11.389999999986793, 0.08030479930006505 
11.39999999998677, 0.08006059384484265 
11.409999999986747, 0.07981615523960425 
11.419999999986723, 0.07951398947520281 
11.4299999999867, 0.07912057085735748 
11.439999999986677, 0.07859952538422699 
11.449999999986654, 0.07789480043285249 
11.45999999998663, 0.07691267502575168 
11.469999999986607, 0.07549412189620817 
11.479999999986584, 0.07336751113480379 
11.48999999998656, 0.07007044152705909 
11.499999999986537, 0.06484665456821342 
11.509999999986514, 0.056625326843771785 
11.51999999998649, 0.04449748614233689 
11.529999999986467, 0.029298511420404006 
11.539999999986444, 0.015017743266943879 
11.54999999998642, 0.005990055903254622 
11.559999999986397, 0.0024979774029611403 
11.569999999986374, 0.0020332038807291467 
11.57999999998635, 0.0025297049096182087 
11.589999999986327, 0.00308411084169125 
11.599999999986304, 0.0034417045253335938 
11.60999999998628, 0.0035773869420387323 
11.619999999986257, 0.003519350123571635 
11.629999999986234, 0.0032922823606303378 
11.63999999998621, 0.0029014535629591698 
11.649999999986187, 0.002326556424601333 
11.659999999986164, 0.0015140244010835098 
11.66999999998614, 0.00036224850903477084 
11.679999999986117, -0.0009810945810968738 
11.689999999986094, -0.0030302550321496115 
11.69999999998607, -0.006394494762963864 
11.709999999986048, -0.011848511869378842 
11.719999999986024, -0.020393101707671377 
11.729999999986001, -0.032678069502835964 
11.739999999985978, -0.047553749646792105 
11.749999999985954, -0.06126077014388407 
11.759999999985931, -0.07016826497497929 
11.769999999985908, -0.07407717961530558 
11.779999999985884, -0.07504014552129736 
11.789999999985861, -0.0748437558859142 
11.799999999985838, -0.07436321476835171 
11.809999999985815, -0.07390839084157601 
11.819999999985791, -0.07355808551197113 
11.829999999985768, -0.0733189299401198 
11.839999999985745, -0.07318435254417523 
11.849999999985721, -0.07315426899706863 
11.859999999985698, -0.07324247900321998 
11.869999999985675, -0.07348205256495467 
11.879999999985651, -0.07393284961581795 
11.889999999985628, -0.07469357347447655 
11.899999999985605, -0.07592042077407969 
11.909999999985581, -0.07785303558387302 
11.919999999985558, -0.08084078522725438 
11.929999999985535, -0.08533613394767132 
11.939999999985512, -0.09176507878426761 
11.949999999985488, -0.10015253434497166 
11.959999999985465, -0.10962104489822273 
11.969999999985442, -0.11846274092715181 
11.979999999985418, -0.12521233206095922 
11.989999999985395, -0.12955587940889077 
11.999999999985372, -0.13204878454272118 
12.009999999985348, -0.13339672017662546 
12.019999999985325, -0.13410739561553248 
12.029999999985302, -0.13447471570744302 
12.039999999985278, -0.13465490443830075 
12.049999999985255, -0.1347303361233613 
12.059999999985232, -0.13474734559205015 
12.069999999985209, -0.13473688119267863 
12.079999999985185, -0.13472646445937436 
12.089999999985162, -0.1347482277661675 
12.099999999985139, -0.13484502672829396 
12.109999999985115, -0.13507498477450186 
12.119999999985092, -0.13551402543191676 
12.129999999985069, -0.13625524634249692 
12.139999999985045, -0.13740188413297058 
12.149999999985022, -0.13904638246322656 
12.159999999984999, -0.14122628256584188 
12.169999999984976, -0.14386189770962943 
12.179999999984952, -0.14671917947876717 
12.189999999984929, -0.14946277414950285 
12.199999999984906, -0.1517950040738324 
12.209999999984882, -0.15357028249148058 
12.219999999984859, -0.15479859258671888 
12.229999999984836, -0.15557362534270802 
12.239999999984812, -0.1560033331388382 
12.249999999984789, -0.15617511764787328 
12.259999999984766, -0.156147958863733 
12.269999999984742, -0.15595673672863897 
12.27999999998472, -0.15562048449055868 
12.289999999984696, -0.15515212683389032 
12.299999999984673, -0.15456926186700554 
12.30999999998465, -0.15390430561352947 
12.319999999984626, -0.15320973481577388 
12.329999999984603, -0.15255397060013395 
12.33999999998458, -0.15200831815620622 
12.349999999984556, -0.15163154380855431 
12.359999999984533, -0.15145887473983607 
12.36999999998451, -0.15149659691450595 
12.379999999984486, -0.15171991701160273 
12.389999999984463, -0.15207436201669278 
12.39999999998444, -0.15248455471343852 
12.409999999984416, -0.15287135753211917 
12.419999999984393, -0.153170301686392 
12.42999999998437, -0.15334115355907887 
12.439999999984346, -0.15336507838717817 
12.449999999984323, -0.15323402280363257 
12.4599999999843, -0.15293870736473708 
12.469999999984276, -0.1524585748198401 
12.479999999984253, -0.1517544207403314 
12.48999999998423, -0.15076490206149812 
12.499999999984206, -0.14941180499375467 
12.509999999984183, -0.14762352769653136 
12.51999999998416, -0.14538314191847268 
12.529999999984136, -0.1427836929687853 
12.539999999984113, -0.14003986664137358 
12.54999999998409, -0.13741904998953597 
12.559999999984067, -0.13513445727080123 
12.569999999984043, -0.13328453264374956 
12.57999999998402, -0.13186423226412475 
12.589999999983997, -0.13080939377299122 
12.599999999983973, -0.130035221976402 
12.60999999998395, -0.12945798423888455 
12.619999999983927, -0.12900469510769863 
12.629999999983903, -0.12861655461185925 
12.63999999998388, -0.12824868128395012 
12.649999999983857, -0.12786689706535367 
12.659999999983834, -0.12744206756359572 
12.66999999998381, -0.1269421827021247 
12.679999999983787, -0.1263211583984106 
12.689999999983764, -0.1255013642678417 
12.69999999998374, -0.12434502745242346 
12.709999999983717, -0.12261178914148274 
12.719999999983694, -0.11991880234635184 
12.72999999998367, -0.11577784373189981 
12.739999999983647, -0.10984928076852937 
12.749999999983624, -0.10240053116914091 
12.7599999999836, -0.0944701757627139 
12.769999999983577, -0.08729231681368174 
12.779999999983554, -0.08157003965813295 
12.78999999998353, -0.07735762728681854 
12.799999999983507, -0.07437253575060211 
12.809999999983484, -0.0722746330718845 
12.81999999998346, -0.07078327620494812 
12.829999999983437, -0.06969634722465742 
12.839999999983414, -0.068876423378879 
12.84999999998339, -0.06823268905775098 
12.859999999983367, -0.06770629162507535 
12.869999999983344, -0.06725955164764608 
12.87999999998332, -0.0668675674901642 
12.889999999983297, -0.06650985321612987 
12.899999999983274, -0.06615753855092342 
12.90999999998325, -0.0657462240915386 
12.919999999983228, -0.06511314135091609 
12.929999999983204, -0.06386351237037438 
12.939999999983181, -0.061161749109177 
12.949999999983158, -0.05567596419235103 
12.959999999983134, -0.04634448857070375 
12.969999999983111, -0.03399939790642947 
12.979999999983088, -0.021484797340918592 
12.989999999983064, -0.011275966768488617 
12.999999999983041, -0.004011471516774087 
13.009999999983018, 0.0007523469149823341 
13.019999999982995, 0.0035102733579616095 
13.029999999982971, 0.005204408666961605 
13.039999999982948, 0.006227733654398798 
13.049999999982925, 0.006825164540561585 
13.059999999982901, 0.007146512355382028 
13.069999999982878, 0.007282575950247533 
13.079999999982855, 0.007287517789040939 
13.089999999982831, 0.007193065940289086 
13.099999999982808, 0.00701962176785369 
13.109999999982785, 0.00679064312625581 
13.119999999982761, 0.006562619836553617 
13.129999999982738, 0.006497214075276947 
13.139999999982715, 0.0070203599994103 
13.149999999982692, 0.009071987437431015 
13.159999999982668, 0.01413735262741991 
13.169999999982645, 0.02322830163928486 
13.179999999982622, 0.03506579564241182 
13.189999999982598, 0.04649191001660153 
13.199999999982575, 0.05527954116932062 
13.209999999982552, 0.061168819064953216 
13.219999999982528, 0.06485495111755976 
13.229999999982505, 0.06709257652520523 
13.239999999982482, 0.0684258524884512 
13.249999999982458, 0.06920065953658942 
13.259999999982435, 0.06962941163518703 
13.269999999982412, 0.06984305202724764 
13.279999999982389, 0.0699245024772191 
13.289999999982365, 0.06993003806576523 
13.299999999982342, 0.06990531279503318 
13.309999999982319, 0.06990231514176055 
13.319999999982295, 0.07000523470308508 
13.329999999982272, 0.07037686951788644 
13.339999999982249, 0.07133530631867616 
13.349999999982225, 0.07343126733452815 
13.359999999982202, 0.07736345744843323 
13.369999999982179, 0.08345999943317126 
13.379999999982156, 0.09096764111551064 
13.389999999982132, 0.09827230459673032 
13.399999999982109, 0.10411020220990375 
13.409999999982086, 0.10818159824451759 
13.419999999982062, 0.11079158783745288 
13.429999999982039, 0.1123727612704946 
13.439999999982016, 0.11327857746442149 
13.449999999981992, 0.11375512769401772 
13.459999999981969, 0.11396684963071994 
13.469999999981946, 0.11402486518210309 
13.479999999981922, 0.11400724173699506 
13.4899999999819, 0.11397300457572265 
13.499999999981876, 0.11397350546288021 
13.509999999981853, 0.11406386903771223 
13.51999999998183, 0.11431604735349851 
13.529999999981806, 0.11483277546871769 
13.539999999981783, 0.1157553645803994 
13.54999999998176, 0.11724498613473325 
13.559999999981736, 0.11940730407299185 
13.569999999981713, 0.12216628358401158 
13.57999999998169, 0.12519608161941276 
13.589999999981666, 0.12804197664503397 
13.599999999981643, 0.13035309613128757 
13.60999999998162, 0.13200164934472144 
13.619999999981596, 0.13303260479200102 
13.629999999981573, 0.13356176609344717 
13.63999999998155, 0.1337109118494306 
13.649999999981526, 0.1335869943654718 
13.659999999981503, 0.13328259009354723 
13.66999999998148, 0.13287945923256014 
13.679999999981456, 0.13244835999065743 
13.689999999981433, 0.13204654958014078 
13.69999999998141, 0.13171709152582228 
13.709999999981386, 0.13149191210005376 
13.719999999981363, 0.13139715670187074 
13.72999999998134, 0.13145762959265386 
13.739999999981316, 0.1316968841882818 
13.749999999981293, 0.1321300676423129 
13.75999999998127, 0.1327490399845995 
13.769999999981247, 0.13350574742806431 
13.779999999981223, 0.13430751876382446 
13.7899999999812, 0.13503524216378468 
13.799999999981177, 0.1355766259216343 
13.809999999981153, 0.13585139540462077 
13.81999999998113, 0.135814683978269 
13.829999999981107, 0.13544655889205953 
13.839999999981083, 0.13474471452771034 
13.84999999998106, 0.13373055998490985 
13.859999999981037, 0.1324650974415526 
13.869999999981014, 0.131057176693475 
13.87999999998099, 0.12964525957826672 
13.889999999980967, 0.12835583540528336 
13.899999999980944, 0.12726738923306516 
13.90999999998092, 0.126403429312617 
13.919999999980897, 0.12574961811503316 
13.929999999980874, 0.12527553337771177 
13.93999999998085, 0.12494847208738383 
13.949999999980827, 0.1247375292535287 
13.959999999980804, 0.12461107756335539 
13.96999999998078, 0.12453137383746646 
13.979999999980757, 0.12444953039622471 
13.989999999980734, 0.12430307243021792 
13.99999999998071, 0.12401603548710634 
14.009999999980687, 0.12349885611795959 
14.019999999980664, 0.1226452132049735 
14.02999999998064, 0.1213281975470972 
14.039999999980617, 0.11940895321461198 
14.049999999980594, 0.11678277697545414 
14.05999999998057, 0.11347981456095066 
14.069999999980547, 0.10977056007113695 
14.079999999980524, 0.1061337906986839 
14.0899999999805, 0.10302590282030685 
14.099999999980477, 0.10065471629684464 
14.109999999980454, 0.09897014964782072 
14.11999999998043, 0.09780240342373994 
14.129999999980408, 0.09697947494400906 
14.139999999980384, 0.0963712328668753 
14.149999999980361, 0.09588865447844781 
14.159999999980338, 0.095469267249357 
14.169999999980314, 0.09506221070427609 
14.179999999980291, 0.09461571745781723 
14.189999999980268, 0.09406611691803692 
14.199999999980244, 0.09332632387571119 
14.209999999980221, 0.09227098756726698 
14.219999999980198, 0.09071547690405812 
14.229999999980175, 0.08839063549115553 
14.239999999980151, 0.08493492871578326 
14.249999999980128, 0.0799740582421772 
14.259999999980105, 0.07340416245644048 
14.269999999980081, 0.06583460810639839 
14.279999999980058, 0.058627200904641776 
14.289999999980035, 0.05304210890954819 
14.299999999980011, 0.04939550233161375 
14.309999999979988, 0.04723903245437098 
14.319999999979965, 0.045979406607733045 
14.329999999979941, 0.045190377911963224 
14.339999999979918, 0.04462814341177042 
14.349999999979895, 0.044163566875309326 
14.359999999979872, 0.0437251327918463 
14.369999999979848, 0.043264553671187596 
14.379999999979825, 0.04273657940473683 
14.389999999979802, 0.04208473819692786 
14.399999999979778, 0.041227351504794986 
14.409999999979755, 0.040039335460496345 
14.419999999979732, 0.038325424757907775 
14.429999999979708, 0.03578269717825945 
14.439999999979685, 0.0319647753622628 
14.449999999979662, 0.02631078981623174 
14.459999999979638, 0.018402996297899796 
14.469999999979615, 0.008598612921543 
14.479999999979592, -0.0013881975251002951 
14.489999999979569, -0.009120624843146371 
14.499999999979545, -0.014013454237156883 
14.509999999979522, -0.0165629254185869 
14.519999999979499, -0.01771166739765661 
14.529999999979475, -0.01816411948487191 
14.539999999979452, -0.018306058113602214 
14.549999999979429, -0.018322955062340156 
14.559999999979405, -0.018302367036089826 
14.569999999979382, -0.018290798523905465 
14.579999999979359, -0.018322057791081574 
14.589999999979335, -0.018432591388101792 
14.599999999979312, -0.018672461133482764 
14.609999999979289, -0.01911663878905062 
14.619999999979266, -0.01987974317086373 
14.629999999979242, -0.02113664489437114 
14.639999999979219, -0.02314844152313395 
14.649999999979196, -0.026280464387745894 
14.659999999979172, -0.030962026253540588 
14.669999999979149, -0.0374793352291041 
14.679999999979126, -0.0455366498795586 
14.689999999979102, -0.05392956802806802 
14.69999999997908, -0.06105778544123046 
14.709999999979056, -0.06603139568523576 
14.719999999979033, -0.06901070051581916 
14.72999999997901, -0.07063055378242421 
14.739999999978986, -0.07146458942449903 
14.749999999978963, -0.07187762336396662 
14.75999999997894, -0.07207052176575131 
14.769999999978916, -0.07214958695961389 
14.779999999978893, -0.07217380132668803 
14.78999999997887, -0.07218163962173507 
14.799999999978846, -0.07220636664441628 
14.809999999978823, -0.07228603251209871 
14.8199999999788, -0.07247141163959248 
14.829999999978776, -0.0728333625827803 
14.839999999978753, -0.07347014532464777 
14.84999999997873, -0.07451393211988896 
14.859999999978706, -0.07613158848556305 
14.869999999978683, -0.07850482121536786 
14.87999999997866, -0.08176235997222595 
14.889999999978636, -0.08584883212333685 
14.899999999978613, -0.09039931382277984 
14.90999999997859, -0.09479584351681374 
14.919999999978566, -0.09846650188670715 
14.929999999978543, -0.10116237733675311 
14.93999999997852, -0.10295717507661326 
14.949999999978496, -0.10406889634798211 
14.959999999978473, -0.10471327995649464 
14.96999999997845, -0.1050496895559881 
14.979999999978427, -0.10518154836163725 
14.989999999978403, -0.10517276823174766 
14.99999999997838, -0.10506401296479706 
15.009999999978357, -0.1048855434037154 
15.019999999978333, -0.10466721326284265 
15.02999999997831, -0.10444602436972136 
15.039999999978287, -0.10427057252564653 
15.049999999978263, -0.10420146315830878 
15.05999999997824, -0.10430782214303544 
15.069999999978217, -0.10466082183788088 
15.079999999978194, -0.10532353432454025 
15.08999999997817, -0.10633346176054399 
15.099999999978147, -0.10767581630470324 
15.109999999978124, -0.10925825188502358 
15.1199999999781, -0.11091383324564938 
15.129999999978077, -0.11245024610025815 
15.139999999978054, -0.11371971288730003 
15.14999999997803, -0.11465785391430153 
15.159999999978007, -0.1152723944815672 
15.169999999977984, -0.11560697247436472 
15.17999999997796, -0.11570989812723032 
15.189999999977937, -0.11561811297232434 
15.199999999977914, -0.11535320765954031 
15.20999999997789, -0.11492448077235431 
15.219999999977867, -0.11433656150568519 
15.229999999977844, -0.11360069856653876 
15.23999999997782, -0.11274733514980104 
15.249999999977797, -0.11183385819759337 
15.259999999977774, -0.11094026828889454 
15.26999999997775, -0.11015207929724913 
15.279999999977727, -0.1095397756417554 
15.289999999977704, -0.10914575907738717 
15.29999999997768, -0.1089810397181035 
15.309999999977657, -0.10902658103082011 
15.319999999977634, -0.10923579715276721 
15.32999999997761, -0.10954046661713401 
15.339999999977588, -0.10986338990487587 
15.349999999977564, -0.11013504329262655 
15.359999999977541, -0.11030573089125686 
15.369999999977518, -0.11034717435116362 
15.379999999977494, -0.11024501644819455 
15.389999999977471, -0.10998784963503834 
15.399999999977448, -0.10955713650337214 
15.409999999977424, -0.10891985620555618 
15.419999999977401, -0.1080253877567255 
15.429999999977378, -0.1068106971749508 
15.439999999977355, -0.10522109021048423 
15.449999999977331, -0.10325039798962195 
15.459999999977308, -0.10098499953624052 
15.469999999977285, -0.09861081429762217 
15.479999999977261, -0.09635554639485942 
15.489999999977238, -0.09440127666298617 
15.499999999977215, -0.09283435442093516 
15.509999999977191, -0.09165342929815125 
15.519999999977168, -0.09080493953527959 
15.529999999977145, -0.09021433208110187 
15.539999999977121, -0.08980404486769884 
15.549999999977098, -0.08950254080374696 
15.559999999977075, -0.08924914245337481 
15.569999999977052, -0.08899586785491408 
15.579999999977028, -0.08870575556853903 
15.589999999977005, -0.08834769508225043 
15.599999999976982, -0.08788843773071578 
15.609999999976958, -0.08728203362256988 
15.619999999976935, -0.08645602383302606 
15.629999999976912, -0.0852942169654769 
15.639999999976888, -0.08362147880256607 
15.649999999976865, -0.0812121179816643 
15.659999999976842, -0.0778659596647977 
15.669999999976818, -0.07357772206903687 
15.679999999976795, -0.06869458411139948 
15.689999999976772, -0.06383810770652723 
15.699999999976749, -0.05958087688163084 
15.709999999976725, -0.056196362981496474 
15.719999999976702, -0.05367102791702729 
15.729999999976679, -0.05184864474709587 
15.739999999976655, -0.050546546290451036 
15.749999999976632, -0.049606625732980206 
15.759999999976609, -0.04890637144894515 
15.769999999976585, -0.04835511408018734 
15.779999999976562, -0.04788697913430708 
15.789999999976539, -0.04745356129841066 
15.799999999976515, -0.04701630706902889 
15.809999999976492, -0.04653772771062735 
15.819999999976469, -0.04596968516755346 
15.829999999976446, -0.04523537553397746 
15.839999999976422, -0.044199930707120486 
15.849999999976399, -0.042627010793885374 
15.859999999976376, -0.04013959569626072 
15.869999999976352, -0.03626504169531557 
15.879999999976329, -0.03070583456880019 
15.889999999976306, -0.023791976274490593 
15.899999999976282, -0.016575153040458212 
15.90999999997626, -0.010198116487718626 
15.919999999976236, -0.005232556767099399 
15.929999999976213, -0.0016528627514931307 
15.93999999997619, 0.0006726021088232861 
15.949999999976166, 0.001957843073485444 
15.959999999976143, 0.002727764730476927 
15.96999999997612, 0.0031629421350028316 
15.979999999976096, 0.003387375191300756 
15.989999999976073, 0.0034859764468704625 
15.99999999997605, 0.003518340592197662 
16.009999999976028, 0.003529887814997366 
16.019999999976005, 0.003562608582594287 
16.02999999997598, 0.0036682982698490333 
16.039999999975958, 0.003928649035118966 
16.049999999975935, 0.004488209957667721 
16.05999999997591, 0.005602710234079244 
16.069999999975888, 0.007678899119639826 
16.079999999975865, 0.011208141827386784 
16.08999999997584, 0.016441224054097307 
16.099999999975818, 0.02291640331399207 
16.109999999975795, 0.029480598493254982 
16.11999999997577, 0.03503785676926494 
16.129999999975748, 0.039144686758943205 
16.139999999975725, 0.04191726550465237 
16.1499999999757, 0.043679453352353875 
16.15999999997568, 0.04474399505649415 
16.169999999975655, 0.04534843944756737 
16.17999999997563, 0.045659302908453575 
16.18999999997561, 0.0457913544603869 
16.199999999975585, 0.04582474170574397 
16.20999999997556, 0.04581796964741992 
16.21999999997554, 0.045818734335017666 
16.229999999975515, 0.04587499419423611 
16.239999999975492, 0.04604870190979201 
16.24999999997547, 0.04643472857375647 
16.259999999975445, 0.04718543583894954 
16.269999999975422, 0.04853045267524532 
16.2799999999754, 0.0507523315291593 
16.289999999975375, 0.054049356817435404 
16.299999999975352, 0.05828920834180316 
16.30999999997533, 0.06289330543854561 
16.319999999975305, 0.06711197199430652 
16.329999999975282, 0.07045266861995127 
16.33999999997526, 0.07281577591002461 
16.349999999975235, 0.07434425142587628 
16.359999999975212, 0.07524718205567607 
16.36999999997519, 0.07571241510551431 
16.379999999975166, 0.07588635990655837 
16.389999999975142, 0.07587929842224557 
16.39999999997512, 0.07577454291834991 
16.409999999975096, 0.07563569972761151 
16.419999999975072, 0.07551282302350841 
16.42999999997505, 0.0754492057144722 
16.439999999975026, 0.0754895971030716 
16.449999999975002, 0.07568957411817857 
16.45999999997498, 0.07612430178692549 
16.469999999974956, 0.07689120176585247 
16.479999999974932, 0.07809424834600023 
16.48999999997491, 0.07979458675307535 
16.499999999974886, 0.08193394627084559 
16.509999999974863, 0.084291313191764 
16.51999999997484, 0.08654767414030116 
16.529999999974816, 0.08842958306139932 
16.539999999974793, 0.08980510733552131 
16.54999999997477, 0.09067384697765632 
16.559999999974746, 0.0911053395118546 
16.569999999974723, 0.09118933355106731 
16.5799999999747, 0.09101467630931664 
16.589999999974676, 0.09066549110598839 
16.599999999974653, 0.09022079817122768 
16.60999999997463, 0.08975126885811027 
16.619999999974606, 0.08931452009008714 
16.629999999974583, 0.08895324820257416 
16.63999999997456, 0.08869817923203262 
16.649999999974536, 0.08857416232319079 
16.659999999974513, 0.08860602092989918 
16.66999999997449, 0.08882073857480806 
16.679999999974466, 0.08924273638280891 
16.689999999974443, 0.08988000263887298 
16.69999999997442, 0.09070378092915363 
16.709999999974396, 0.09163425609385761 
16.719999999974373, 0.09254937281181319 
16.72999999997435, 0.09331912722287315 
16.739999999974327, 0.09384295325689156 
16.749999999974303, 0.09406544600820263 
16.75999999997428, 0.09396923461617532 
16.769999999974257, 0.09356207040784739 
16.779999999974233, 0.09287245578241513 
16.78999999997421, 0.09195486443025089 
16.799999999974187, 0.09089392790333536 
16.809999999974163, 0.08979475624966587 
16.81999999997414, 0.0887583660109225 
16.829999999974117, 0.0878571671378182 
16.839999999974093, 0.08712624069352151 
16.84999999997407, 0.08657132681663254 
16.859999999974047, 0.08618306527002777 
16.869999999974024, 0.08594793784831323 
16.879999999974, 0.08585235515212894 
16.889999999973977, 0.08588036570076982 
16.899999999973954, 0.08600717777725012 
16.90999999997393, 0.08619208101929082 
16.919999999973907, 0.08637548385071099 
16.929999999973884, 0.08648321395609045 
16.93999999997386, 0.08643598583710606 
16.949999999973837, 0.08615757844520391 
16.959999999973814, 0.08557769227570086 
16.96999999997379, 0.08463358472298214 
16.979999999973767, 0.08328124776960984 
16.989999999973744, 0.08152466104913006 
16.99999999997372, 0.07945394968326382 
17.009999999973697, 0.07725571997871584 
17.019999999973674, 0.07516023765698551 
17.02999999997365, 0.07334981803911732 
17.039999999973627, 0.0719022397178608 
17.049999999973604, 0.0708027654367318 
17.05999999997358, 0.0699908103111788 
17.069999999973557, 0.06939872679237871 
17.079999999973534, 0.06896927861742252 
17.08999999997351, 0.06865760369908455 
17.099999999973488, 0.06842592066053835 
17.109999999973464, 0.06823607346726508 
17.11999999997344, 0.0680426089351544 
17.129999999973418, 0.06778791713834179 
17.139999999973394, 0.06739968647613151 
17.14999999997337, 0.06678921172023586 
17.159999999973348, 0.06584880984799818 
17.169999999973324, 0.06445058887875377 
17.1799999999733, 0.06245829623725948 
17.189999999973278, 0.0597744180320514 
17.199999999973254, 0.056435618624880855 
17.20999999997323, 0.05270716217120767 
17.219999999973208, 0.04904766557253639 
17.229999999973185, 0.04589480814198628 
17.23999999997316, 0.04345616659532697 
17.249999999973138, 0.0416958719823285 
17.259999999973115, 0.040459082725645815 
17.26999999997309, 0.039583016603002494 
17.279999999973068, 0.03894206975511488 
17.289999999973045, 0.038450064207996154 
17.29999999997302, 0.03804798752668466 
17.309999999972998, 0.037690468651864546 
17.319999999972975, 0.03733442336641895 
17.32999999997295, 0.036929920380914916 
17.339999999972928, 0.036412609338022095 
17.349999999972905, 0.03569669190325842 
17.35999999997288, 0.03466713426819307 
17.36999999997286, 0.03317147967081556 
17.379999999972835, 0.03101893793815113 
17.38999999997281, 0.028010497259485862 
17.39999999997279, 0.024039055678278375 
17.409999999972765, 0.01926362824844903 
17.41999999997274, 0.014218517105300213 
17.42999999997272, 0.009627172153970909 
17.439999999972695, 0.005993790123295246 
17.449999999972672, 0.003398253907268203 
17.45999999997265, 0.0016364973204034763 
17.469999999972625, 0.0004432523911185438 
17.479999999972602, -0.0001701720661614916 
17.48999999997258, -0.0003544724041824475 
17.499999999972555, -0.00041031255416791053 
17.509999999972532, -0.00039466484037190073 
17.51999999997251, -0.00035068656787140583 
17.529999999972485, -0.0003199954319706488 
17.539999999972462, -0.0003520376255492824 
17.54999999997244, -0.0005119216773708814 
17.559999999972415, -0.0008878141279454046 
17.569999999972392, -0.0015987368098793805 
17.57999999997237, -0.00280133132824282 
17.589999999972346, -0.004686175203500972 
17.599999999972322, -0.0074385472436147345 
17.6099999999723, -0.01112878464622322 
17.619999999972276, -0.015545471873353686 
17.629999999972252, -0.020126143428195346 
17.63999999997223, -0.024179923278921822 
17.649999999972206, -0.027268723202808244 
17.659999999972182, -0.02935464057296248 
17.66999999997216, -0.030645124061864232 
17.679999999972136, -0.03139109550441031 
17.689999999972112, -0.03178979001159651 
17.69999999997209, -0.03197197946054313 
17.709999999972066, -0.03201946998498609 
17.719999999972043, -0.031985185435107824 
17.72999999997202, -0.0319087851271393 
17.739999999971996, -0.031828092497339214 
17.749999999971973, -0.031787649462021075 
17.75999999997195, -0.031845137649492886 
17.769999999971926, -0.03207608457588098 
17.779999999971903, -0.032577280688095 
17.78999999997188, -0.033468056501123555 
17.799999999971856, -0.034883498293516405 
17.809999999971833, -0.036944726202223804 
17.81999999997181, -0.03968859753614416 
17.829999999971786, -0.04296979126509344 
17.839999999971763, -0.04642194633482112 
17.84999999997174, -0.04958087810166735 
17.859999999971716, -0.05210953753537302 
17.869999999971693, -0.05391675037083919 
17.87999999997167, -0.055096669954434706 
17.889999999971646, -0.0558068059652991 
17.899999999971623, -0.056189609597411774 
17.9099999999716, -0.05634858003877656 
17.919999999971576, -0.056352215538980024 
17.929999999971553, -0.05624576658705292 
17.93999999997153, -0.05606299777799069 
17.949999999971507, -0.055836222957950085 
17.959999999971483, -0.05560421447947282 
17.96999999997146, -0.05541719934999776 
17.979999999971437, -0.05533817189671397 
17.989999999971413, -0.05544087183469191 
17.99999999997139, -0.05580550853779296 
18.009999999971367, -0.05651124245394906 
18.019999999971343, -0.057619920430016916 
18.02999999997132, -0.05914461335832764 
18.039999999971297, -0.06100917299751315 
18.049999999971273, -0.063031363738053 
18.05999999997125, -0.06496849353270384 
18.069999999971227, -0.06661225596225531 
18.079999999971204, -0.06785952015104499 
18.08999999997118, -0.06871137813880164 
18.099999999971157, -0.06922627143265785 
18.109999999971134, -0.06947464805877376 
18.11999999997111, -0.0695151897540333 
18.129999999971087, -0.06938893993947373 
18.139999999971064, -0.06912276895487815 
18.14999999997104, -0.06873691492870089 
18.159999999971017, -0.06825423526884264 
18.169999999970994, -0.06770905810430587 
18.17999999997097, -0.06715224818565776 
18.189999999970947, -0.06664918372348014 
18.199999999970924, -0.06627085755967158 
18.2099999999709, -0.06608270875810282 
18.219999999970877, -0.0661356391701376 
18.229999999970854, -0.06645862442710718 
18.23999999997083, -0.0670489870750953 
18.249999999970807, -0.06786069486765337 
18.259999999970784, -0.06880075833442997 
18.26999999997076, -0.06974657286137097 
18.279999999970737, -0.07058192491644237 
18.289999999970714, -0.07122936204455242 
18.29999999997069, -0.07165876771568516 
18.309999999970668, -0.07187385828775761 
18.319999999970644, -0.07189200155459928 
18.32999999997062, -0.07172902586199459 
18.339999999970598, -0.07139207653254157 
18.349999999970574, -0.07087951350136344 
18.35999999997055, -0.0701869750838178 
18.369999999970528, -0.06931924899752291 
18.379999999970504, -0.068305286941929 
18.38999999997048, -0.06720840394467581 
18.399999999970458, -0.06612136937515802 
18.409999999970434, -0.06514456699741979 
18.41999999997041, -0.06435975102551636 
18.429999999970388, -0.06381480492069283 
18.439999999970365, -0.06352258180094224 
18.44999999997034, -0.06346579737605826 
18.459999999970318, -0.06360111666400084 
18.469999999970295, -0.06386342101853017 
18.47999999997027, -0.06417522077772886 
18.489999999970248, -0.06446177326302982 
18.499999999970225, -0.0646650731352533 
18.5099999999702, -0.06474900525380484 
18.519999999970178, -0.06469452347009993 
18.529999999970155, -0.06448963750098596 
18.53999999997013, -0.06411945251622371 
18.549999999970108, -0.0635591955202676 
18.559999999970085, -0.06277209422880821 
18.56999999997006, -0.06171523600276467 
18.57999999997004, -0.06035786902274963 
18.589999999970015, -0.05871229413310367 
18.59999999996999, -0.05686268427382936 
18.60999999996997, -0.05496296579923667 
18.619999999969945, -0.053190101295359116 
18.62999999996992, -0.05168199910507698 
18.6399999999699, -0.05050458751450213 
18.649999999969875, -0.04965861962017855 
18.659999999969852, -0.049103891232539366 
18.66999999996983, -0.0487796713659524 
18.679999999969805, -0.048616516974841276 
18.689999999969782, -0.04854397050095475 
18.69999999996976, -0.04849775102186849 
18.709999999969735, -0.04842549453036402 
18.719999999969712, -0.04828819292516696 
18.72999999996969, -0.04805638221127381 
18.739999999969665, -0.0477026409716894 
18.749999999969642, -0.047192608520757615 
18.75999999996962, -0.04647626484976659 
18.769999999969595, -0.04548193663330808 
18.779999999969572, -0.044119200702582975 
18.78999999996955, -0.04230243810618305 
18.799999999969526, -0.040004655201420186 
18.809999999969502, -0.037323574906043724 
18.81999999996948, -0.0344981678365272 
18.829999999969456, -0.03182727396380636 
18.839999999969432, -0.029542895409020248 
18.84999999996941, -0.02774331233885393 
18.859999999969386, -0.02641312990380788 
18.869999999969362, -0.025477613001111177 
18.87999999996934, -0.024844469837983225 
18.889999999969316, -0.02442376752056066 
18.899999999969292, -0.024135056679946303 
18.90999999996927, -0.023910174741204167 
18.919999999969246, -0.02369437105977447 
18.929999999969223, -0.02344497812202959 
18.9399999999692, -0.023126848823312167 
18.949999999969176, -0.022704935883214712 
18.959999999969153, -0.022134832595572255 
18.96999999996913, -0.021352091563663682 
18.979999999969106, -0.020262620830553784 
18.989999999969083, -0.018742008215502672 
18.99999999996906, -0.016661481124671865 
19.009999999969036, -0.013960022675309908 
19.019999999969013, -0.01074444203118696 
19.02999999996899, -0.00732436469348897 
19.039999999968966, -0.004097782402783053 
19.049999999968943, -0.001365334662689211 
19.05999999996892, 0.0005898177418252762 
19.069999999968896, 0.0017102922422474625 
19.079999999968873, 0.0023665833775148954 
19.08999999996885, 0.002675760643370662 
19.099999999968826, 0.002743704868580155 
19.109999999968803, 0.0026598135548250128 
19.11999999996878, 0.0024970608166145934 
19.129999999968756, 0.0023131995088242936 
19.139999999968733, 0.0021534484330888786 
19.14999999996871, 0.0020556133881963643 
19.159999999968687, 0.002057685055305363 
19.169999999968663, 0.0022074268099750195 
19.17999999996864, 0.002573157603790635 
19.189999999968617, 0.0032529643148145764 
19.199999999968593, 0.004373371413520054 
19.20999999996857, 0.006058597496784067 
19.219999999968547, 0.00835287752476736 
19.229999999968523, 0.01112296847101887 
19.2399999999685, 0.014040800575435278 
19.249999999968477, 0.016715463828068104 
19.259999999968453, 0.018873321142751538 
19.26999999996843, 0.020428144813487266 
19.279999999968407, 0.021430361451183016 
19.289999999968384, 0.021987438606134987 
19.29999999996836, 0.022213697680962367 
19.309999999968337, 0.022211616845538497 
19.319999999968314, 0.022068314511131143 
19.32999999996829, 0.021855748971200514 
19.339999999968267, 0.021631378026291483 
19.349999999968244, 0.021440278716925307 
19.35999999996822, 0.021319917686788748 
19.369999999968197, 0.021307443864426644 
19.379999999968174, 0.02144852140708007 
19.38999999996815, 0.021806117402353033 
19.399999999968127, 0.022465500266594704 
19.409999999968104, 0.023526428515544467 
19.41999999996808, 0.025068169895354996 
19.429999999968057, 0.027082581338008088 
19.439999999968034, 0.029412255992798154 
19.44999999996801, 0.03176932930023737 
19.459999999967987, 0.03385452756528638 
19.469999999967964, 0.03547956162036885 
19.47999999996794, 0.03659738548950279 
19.489999999967917, 0.037255931497735414 
19.499999999967894, 0.03754175230255436 
19.50999999996787, 0.0375475141328922 
19.519999999967848, 0.037360691732511594 
19.529999999967824, 0.037060693713014264 
19.5399999999678, 0.03671657713807959 
19.549999999967778, 0.03638458715404756 
19.559999999967754, 0.036108039496608284 
19.56999999996773, 0.03592105255371446 
19.579999999967708, 0.03585525941484406 
19.589999999967684, 0.03594734454005105 
19.59999999996766, 0.03624476685518782 
19.609999999967638, 0.03680567097450518 
19.619999999967614, 0.037686458487782334 
19.62999999996759, 0.03891102684321383 
19.639999999967568, 0.04042854374664368 
19.649999999967545, 0.042091715790330185 
19.65999999996752, 0.043691784114356036 
19.669999999967498, 0.04503791649370972 
19.679999999967475, 0.04601907816186869 
19.68999999996745, 0.04661024232995377 
19.699999999967428, 0.04684262156316157 
19.709999999967405, 0.04677365903362648 
19.71999999996738, 0.04647177289021548 
19.729999999967358, 0.046011435142534696 
19.739999999967335, 0.04546920525392585 
19.74999999996731, 0.04491632251255995 
19.759999999967288, 0.044410640917967335 
19.769999999967265, 0.04399319165425923 
19.77999999996724, 0.04369127766400573 
19.78999999996722, 0.04352560486476095 
19.799999999967195, 0.04351745508886757 
19.80999999996717, 0.0436925139049007 
19.81999999996715, 0.044078375533375166 
19.829999999967125, 0.04469291084234336 
19.8399999999671, 0.04552371531613615 
19.84999999996708, 0.046507880186031816 
19.859999999967055, 0.04753062589252409 
19.869999999967032, 0.048453938343239814 
19.87999999996701, 0.04915968078168784 
19.889999999966985, 0.04957708232613913 
19.899999999966962, 0.049682850402391544 
19.90999999996694, 0.04948725260033783 
19.919999999966915, 0.04902345726079959 
19.929999999966892, 0.04834542319376132 
19.93999999996687, 0.04752782942912725 
19.949999999966845, 0.04665864403008614 
19.959999999966822, 0.045822542495093675 
19.9699999999668, 0.04508405795285451 
19.979999999966775, 0.04448085565546944 
19.989999999966752, 0.04402876855968328 
19.99999999996673, 0.04373229944934458 
20.009999999966706, 0.04359367873640578 
20.019999999966682, 0.04361679032564872 
20.02999999996666, 0.04380473736384953 
20.039999999966636, 0.04415115592262704 
20.049999999966612, 0.044627845769862395 
20.05999999996659, 0.045175696613204364 
20.069999999966566, 0.045707950384373267 
20.079999999966542, 0.046128008779609604 
20.08999999996652, 0.046351567621660636 
20.099999999966496, 0.04631950442003162 
20.109999999966472, 0.045998702572160245 
20.11999999996645, 0.045379605109628726 
20.129999999966426, 0.044479846358675065 
20.139999999966403, 0.04335378103888645 
20.14999999996638, 0.04209610736621502 
20.159999999966356, 0.0408260194399101 
20.169999999966333, 0.03965420532537716 
20.17999999996631, 0.03865384359916468 
20.189999999966286, 0.03785366768536316 
20.199999999966263, 0.037250664634599466 
20.20999999996624, 0.036828025959342564 
20.219999999966216, 0.03656775286623381 
20.229999999966193, 0.03645517108339441 
20.23999999996617, 0.03647660201587143 
20.249999999966146, 0.03661237156635157 
20.259999999966123, 0.03682825802137047 
20.2699999999661, 0.037070125931074074 
20.279999999966076, 0.03726634126411475 
20.289999999966053, 0.03733796479321613 
20.29999999996603, 0.037210624520382575 
20.309999999966006, 0.03682167972486946 
20.319999999965983, 0.036123309855941435 
20.32999999996596, 0.035089123411622625 
20.339999999965936, 0.03373082997644038 
20.349999999965913, 0.032119575950541386 
20.35999999996589, 0.030390348740817023 
20.369999999965867, 0.028709318065781357 
20.379999999965843, 0.02721675579749382 
20.38999999996582, 0.02598704338564637 
20.399999999965797, 0.025029493052384017 
20.409999999965773, 0.02431524913690741 
20.41999999996575, 0.023804410049815088 
20.429999999965727, 0.02346113819615873 
20.439999999965703, 0.023257350823158277 
20.44999999996568, 0.023169271199191474 
20.459999999965657, 0.02317041359484065 
20.469999999965633, 0.023224027990800138 
20.47999999996561, 0.023278385920130096 
20.489999999965587, 0.023267652754797856 
20.499999999965564, 0.023117915147812886 
20.50999999996554, 0.022754400588664198 
20.519999999965517, 0.02210664996339471 
20.529999999965494, 0.021114182063354546 
20.53999999996547, 0.019740667263434233 
20.549999999965447, 0.018001840557332872 
20.559999999965424, 0.015995611192613918 
20.5699999999654, 0.013901631532172679 
20.579999999965377, 0.011926992958421721 
20.589999999965354, 0.010227730471413331 
20.59999999996533, 0.008867042940780907 
20.609999999965307, 0.007830373557978396 
20.619999999965284, 0.007066010535718684 
20.62999999996526, 0.0065176219031980315 
20.639999999965237, 0.006138959863571358 
20.649999999965214, 0.0058955020628351385 
20.65999999996519, 0.005759425838511832 
20.669999999965167, 0.0057019398376297456 
20.679999999965144, 0.005685682508763423 
20.68999999996512, 0.005659907059758695 
20.699999999965097, 0.0055605736565787125 
20.709999999965074, 0.00531491043011271 
20.71999999996505, 0.004847323504838327 
20.729999999965028, 0.004084553434860839 
20.739999999965004, 0.0029633278044866145 
20.74999999996498, 0.0014484508112912393 
20.759999999964958, -0.0003428177573042885 
20.769999999964934, -0.0020437043401349752 
20.77999999996491, -0.0038003179864865345 
20.789999999964888, -0.0053978315944544775 
20.799999999964864, -0.006686141122456096 
20.80999999996484, -0.00761493705093944 
20.819999999964818, -0.008210278299493537 
20.829999999964794, -0.008530618711503329 
20.83999999996477, -0.00863499592000783 
20.849999999964748, -0.008570087249741872 
20.859999999964725, -0.00836986548871951 
20.8699999999647, -0.008061329086106059 
20.879999999964678, -0.007672540829368668 
20.889999999964655, -0.007240435481646863 
20.89999999996463, -0.00681566281752778 
20.909999999964608, -0.0064622369716921795 
20.919999999964585, -0.006252402399067184 
20.92999999996456, -0.006259976138938056 
20.939999999964538, -0.0065545066912130415 
20.949999999964515, -0.007193362317005426 
20.95999999996449, -0.00820459527191031 
20.969999999964468, -0.009558144006402394 
20.979999999964445, -0.01114081750121897 
20.98999999996442, -0.012767306697748526 
20.9999999999644, -0.014240958272393541 
21.009999999964375, -0.015425994013260327 
21.01999999996435, -0.016276612253539012 
21.02999999996433, -0.016815183951033742 
21.039999999964305, -0.01709308089043788 
21.04999999996428, -0.017162280578327905 
21.05999999996426, -0.01706362269105744 
21.069999999964235, -0.01682649466439495 
21.079999999964212, -0.016474406646642247 
21.08999999996419, -0.016033127225593594 
21.099999999964165, -0.01553877086672709 
21.109999999964142, -0.015042627759399494 
21.11999999996412, -0.014609960126026245 
21.129999999964095, -0.014313150139627029 
21.139999999964072, -0.014223195229035373 
21.14999999996405, -0.014402903892047125 
21.159999999964025, -0.01489977077136179 
21.169999999964002, -0.015732309366382865 
21.17999999996398, -0.0168679120196665 
21.189999999963955, -0.018205016300147498 
21.199999999963932, -0.019584428859550664 
21.20999999996391, -0.020838833011262724 
21.219999999963886, -0.021850224570605155 
21.229999999963862, -0.022573768686739118 
21.23999999996384, -0.023021606354599548 
21.249999999963816, -0.02323168007044263 
21.259999999963792, -0.023243914563468793 
21.26999999996377, -0.023089576564227946 
21.279999999963746, -0.022790581288161464 
21.289999999963722, -0.022364706939156827 
21.2999999999637, -0.02183399656167053 
21.309999999963676, -0.02123355218106382 
21.319999999963652, -0.02061660949044196 
21.32999999996363, -0.020052063685458622 
21.339999999963606, -0.01961478794215966 
21.349999999963583, -0.01937418468798898 
21.35999999996356, -0.019386155190323096 
21.369999999963536, -0.019687522748756035 
21.379999999963513, -0.02028712043521083 
21.38999999996349, -0.02115121033054233 
21.399999999963466, -0.022192466330153114 
21.409999999963443, -0.02328015126884254 
21.41999999996342, -0.024277310749543382 
21.429999999963396, -0.02508360044689827 
21.439999999963373, -0.025654412439802415 
21.44999999996335, -0.025990467080208968 
21.459999999963326, -0.026114703035507152 
21.469999999963303, -0.026053165243130783 
21.47999999996328, -0.025825577930373777 
21.489999999963256, -0.025444351834067014 
21.499999999963233, -0.02491963699072619 
21.50999999996321, -0.024268481117027327 
21.519999999963186, -0.023525073136771844 
21.529999999963163, -0.02274659671107784 
21.53999999996314, -0.022009161131804615 
21.549999999963116, -0.021394062206347673 
21.559999999963093, -0.020972159418693126 
21.56999999996307, -0.020794303039175698 
21.579999999963047, -0.02088779327973063 
21.589999999963023, -0.02125255064320041 
21.599999999963, -0.021853398664331117 
21.609999999962977, -0.022614465742356704 
21.619999999962953, -0.023428033566213403 
21.62999999996293, -0.024181836058553986 
21.639999999962907, -0.02479031364692753 
21.649999999962883, -0.02520956399955579 
21.65999999996286, -0.025430946826627786 
21.669999999962837, -0.025464223505402415 
21.679999999962813, -0.025322404517791247 
21.68999999996279, -0.025013537802272907 
21.699999999962767, -0.024539671168380864 
21.709999999962744, -0.02390212514152073 
21.71999999996272, -0.023112044725270276 
21.729999999962697, -0.02220299608254425 
21.739999999962674, -0.021238303070742877 
21.74999999996265, -0.02030513631969271 
21.759999999962627, -0.019495452833234665 
21.769999999962604, -0.01888496331523822 
21.77999999996258, -0.018521756887822625 
21.789999999962557, -0.018425184652081397 
21.799999999962534, -0.01858703274477117 
21.80999999996251, -0.01896948261926232 
21.819999999962487, -0.019503446226024953 
21.829999999962464, -0.020096409462713696 
21.83999999996244, -0.020652978905206607 
21.849999999962417, -0.02109815625954419 
21.859999999962394, -0.02138896276639697 
21.86999999996237, -0.021510213112421052 
21.879999999962347, -0.02146169773551119 
21.889999999962324, -0.02124582440121963 
21.8999999999623, -0.020860389604578124 
21.909999999962277, -0.020297668811654387 
21.919999999962254, -0.019550219525083935 
21.92999999996223, -0.01862328883545498 
21.939999999962208, -0.0175503878005502 
21.949999999962184, -0.0164025733671867 
21.95999999996216, -0.015280475857041485 
21.969999999962138, -0.01428908959465813 
21.979999999962114, -0.013510759076148595 
21.98999999996209, -0.012992180926141761 
21.999999999962068, -0.012746049060050177 
22.009999999962044, -0.012756832176154493 
22.01999999996202, -0.012983083277179739 
22.029999999961998, -0.01335838219317193 
22.039999999961974, -0.013798517976321303 
22.04999999996195, -0.01421791803444905 
22.059999999961928, -0.014548002902806962 
22.069999999961905, -0.01474649183748444 
22.07999999996188, -0.014794121426485387 
22.089999999961858, -0.014684084788371224 
22.099999999961835, -0.014411365655392827 
22.10999999996181, -0.013966185501067502 
22.119999999961788, -0.013333317460837704 
22.129999999961765, -0.012498564368887962 
22.13999999996174, -0.011463010422846072 
22.149999999961718, -0.0102613113467202 
22.159999999961695, -0.008972469509156467 
22.16999999996167, -0.007709518342970382 
22.179999999961648, -0.006588595664167229 
22.189999999961625, -0.005697117063188308 
22.1999999999616, -0.00508020382547789 
22.20999999996158, -0.004745118061741337 
22.219999999961555, -0.0046705350992684354 
22.22999999996153, -0.004811514695951743 
22.23999999996151, -0.005101767730516351 
22.249999999961485, -0.005460425580636267 
22.25999999996146, -0.005806385064398633 
22.26999999996144, -0.0060741605468738235 
22.279999999961415, -0.006221878417274613 
22.289999999961392, -0.006228276804822458 
22.29999999996137, -0.006083169898362548 
22.309999999961345, -0.005777653110267992 
22.319999999961322, -0.005298021032032809 
22.3299999999613, -0.004625431916409456 
22.339999999961275, -0.0037430639910650786 
22.349999999961252, -0.0026515906037393243 
22.35999999996123, -0.0013886905440621173 
22.369999999961205, -0.000039607760237155484 
22.379999999961182, 0.0008521085909495307 
22.38999999996116, 0.001577603161459534 
22.399999999961135, 0.002061893824511089 
22.409999999961112, 0.0022627575596734064 
22.41999999996109, 0.0021766400127266054 
22.429999999961066, 0.0018280776708554272 
22.439999999961042, 0.00126423007257194 
22.44999999996102, 0.0005524697920701926 
22.459999999960996, -0.0001021077311796315 
22.469999999960972, -0.0004318082676813548 
22.47999999996095, -0.0006840323001103057 
22.489999999960926, -0.0008176239641062828 
22.499999999960902, -0.0008113773109691559 
22.50999999996088, -0.0006546321411695898 
22.519999999960856, -0.00033777220156966717 
22.529999999960832, 0.00003506466857157705 
22.53999999996081, 0.0002837103685129976 
22.549999999960786, 0.0007416671534882606 
22.559999999960763, 0.0014060447555439102 
22.56999999996074, 0.0022359472655176056 
22.579999999960716, 0.0031433504866884574 
22.589999999960693, 0.004007744967088321 
22.59999999996067, 0.0047108766260096895 
22.609999999960646, 0.005168595942217399 
22.619999999960623, 0.005341471795485308 
22.6299999999606, 0.005227637835773092 
22.639999999960576, 0.0048526025646251966 
22.649999999960553, 0.004264477503625476 
22.65999999996053, 0.00353184747702108 
22.669999999960506, 0.0027366747168488478 
22.679999999960483, 0.0019596740830431464 
22.68999999996046, 0.0012648334663979178 
22.699999999960436, 0.0006923061171075751 
22.709999999960413, 0.00026215237037775346 
22.71999999996039, 6.275321170893777e-8 
22.729999999960366, 6.464152188622618e-7 
22.739999999960343, 0.000060886717874723804 
22.74999999996032, 0.00031045622662651033 
22.759999999960296, 0.0007662421826900177 
22.769999999960273, 0.0014225877439752997 
22.77999999996025, 0.002235813471213053 
22.789999999960227, 0.0031166510994765652 
22.799999999960203, 0.003946068108723985 
22.80999999996018, 0.004609439616979463 
22.819999999960157, 0.005026419621307692 
22.829999999960133, 0.0051599941894053675 
22.83999999996011, 0.0050092477189841705 
22.849999999960087, 0.004600095704003245 
22.859999999960063, 0.00398142054380909 
22.86999999996004, 0.0032231277170250866 
22.879999999960017, 0.002408434435746369 
22.889999999959993, 0.0016184280051005217 
22.89999999995997, 0.0009163332938709922 
22.909999999959947, 0.0003408580606397955 
22.919999999959924, -7.604032270257203e-7 
22.9299999999599, 3.0655862794735914e-7 
22.939999999959877, 3.6755700039274786e-7 
22.949999999959854, 0.0000630334320817098 
22.95999999995983, 0.00031391450008426815 
22.969999999959807, 0.0007679976400379592 
22.979999999959784, 0.0014169697058748674 
22.98999999995976, 0.002214514531077774 
22.999999999959737, 0.0030702364761585658 
23.009999999959714, 0.0038665555034552513 
23.01999999995969, 0.004492275013570909 
23.029999999959667, 0.004870584558876818 
23.039999999959644, 0.004966704854943069 
23.04999999995962, 0.0047806412379616595 
23.059999999959597, 0.004338807366522835 
23.069999999959574, 0.0036909864965819217 
23.07999999995955, 0.002908483475887353 
23.089999999959527, 0.002075744731474285 
23.099999999959504, 0.0012741228646988032 
23.10999999995948, 0.0005659705066129908 
23.119999999959457, -0.000002051536014344835 
23.129999999959434, -0.0000015354546439431257 
23.13999999995941, 1.5932713851258498e-7 
23.149999999959388, 1.1946669948279405e-7 
23.159999999959364, 0.00006486292753997953 
23.16999999995934, 0.0003174431719335549 
23.179999999959318, 0.0007702838992938814 
23.189999999959294, 0.0014125114312789559 
23.19999999995927, 0.002195300062440076 
23.209999999959248, 0.0030272264580871247 
23.219999999959224, 0.0037921375385299313 
23.2299999999592, 0.004382085585974185 
23.239999999959178, 0.004723561351473263 
23.249999999959154, 0.004783865113194798 
23.25999999995913, 0.0045639050382137525 
23.269999999959108, 0.0040906815381105185 
23.279999999959085, 0.0034149973172857124 
23.28999999995906, 0.002609620995332932 
23.299999999959038, 0.0017601920645655366 
23.309999999959015, 0.0009482203226901427 
23.31999999995899, 0.00023508444201219108 
23.329999999958968, -0.00007249087495273172 
23.339999999958945, -0.00006494674656275423 
23.34999999995892, 0.0000010665544944124978 
23.359999999958898, 5.814862686689695e-7 
23.369999999958875, 0.00006774493811886443 
23.37999999995885, 0.0003223709822938102 
23.389999999958828, 0.0007743735139228493 
23.399999999958805, 0.0014104010439255543 
23.40999999995878, 0.002179232155761145 
23.41999999995876, 0.002988508008751149 
23.429999999958735, 0.003723483672086394 
23.43999999995871, 0.004279303813087802 
23.44999999995869, 0.004585554982149175 
23.459999999958665, 0.00461148314062505 
23.46999999995864, 0.004358888818380187 
23.47999999995862, 0.0038554441857103425 
23.489999999958595, 0.003153079536495511 
23.499999999958572, 0.0023260785591885935 
23.50999999995855, 0.0014612274273814118 
23.519999999958525, 0.0006400826298371813 
23.529999999958502, -0.00002836129107545527 
23.53999999995848, -0.00017138127403839546 
23.549999999958455, -0.00016206012611629696 
23.559999999958432, -4.6851763864018336e-8 
23.56999999995841, 1.0707207623662362e-7 
23.579999999958385, 0.00007073918002760405 
23.589999999958362, 0.00032773666866520705 
23.59999999995834, 0.000779276689717001 
23.609999999958315, 0.0014096033693695614 
23.619999999958292, 0.002165202746921945 
23.62999999995827, 0.002952864933905253 
23.639999999958246, 0.0036592368044536224 
23.649999999958222, 0.004182414864757905 
23.6599999999582, 0.004454898664730546 
23.669999999958176, 0.0044477640948046735 
23.679999999958152, 0.0041637015322504006 
23.68999999995813, 0.003631138198871955 
23.699999999958106, 0.002903231075429347 
23.709999999958082, 0.00205581711717999 
23.71999999995806, 0.0011767715162410036 
23.729999999958036, 0.000347583339858438 
23.739999999958012, -0.00013789230958889318 
23.74999999995799, -0.0002806023764596113 
23.759999999957966, -0.0002689739267288879 
23.769999999957943, -0.00009848098107210972 
23.77999999995792, 2.371548409170956e-8 
23.789999999957896, 0.00007515880127876322 
23.799999999957873, 0.00033483915100887904 
23.80999999995785, 0.0007862722672229627 
23.819999999957826, 0.0014113632086329478 
23.829999999957803, 0.0021543991348190595 
23.83999999995778, 0.002921396397354899 
23.849999999957756, 0.003600378978319821 
23.859999999957733, 0.00409226823214689 
23.86999999995771, 0.00433231353917625 
23.879999999957686, 0.004293320939020199 
23.889999999957663, 0.003978875253766544 
23.89999999995764, 0.0034182403535894337 
23.909999999957616, 0.0026658903153261334 
23.919999999957593, 0.0017992411508738811 
23.92999999995757, 0.0009071893484179569 
23.939999999957546, 0.00007104026948885473 
23.949999999957523, -0.00025529248608245386 
23.9599999999575, -0.0003970241816517965 
23.969999999957476, -0.00038259020119878716 
23.979999999957453, -0.00020832276078989876 
23.98999999995743, 0.0000019316201496621163 
23.999999999957407, 0.0000789569299729461 
24.009999999957383, 0.00034161838447572797 
24.01999999995736, 0.0007932825087570256 
24.029999999957337, 0.0014135739638135006 
24.039999999957313, 0.0021446669877002228 
24.04999999995729, 0.0028918756131262073 
24.059999999957267, 0.003544587667318138 
24.069999999957243, 0.004006433871007824 
24.07999999995722, 0.0042152671104937365 
24.089999999957197, 0.004145537776822814 
24.099999999957173, 0.003801736221123905 
24.10999999995715, 0.0032140430720819235 
24.119999999957127, 0.0024383314876728224 
24.129999999957104, 0.0015536099405352951 
24.13999999995708, 0.0006497183734344451 
24.149999999957057, -0.000088427032529503 
24.159999999957034, -0.00037612611447395095 
24.16999999995701, -0.00051624002548991 
24.179999999956987, -0.0004985264383450738 
24.189999999956964, -0.0003201206012070227 
24.19999999995694, 7.356616246422422e-7 
24.209999999956917, 0.00008211751568298087 
24.219999999956894, 0.00034805216821143014 
24.22999999995687, 0.0008002762263272436 
24.239999999956847, 0.0014161867441989946 
24.249999999956824, 0.0021359238405932513 
24.2599999999568, 0.0028641648536192766 
24.269999999956777, 0.0034916488005038286 
24.279999999956754, 0.003924610116959573 
24.28999999995673, 0.004103373833192008 
24.299999999956707, 0.004003961586042782 
24.309999999956684, 0.003631786314873179 
24.31999999995666, 0.003018023913843948 
24.329999999956637, 0.0022200201763079653 
24.339999999956614, 0.001318377365955673 
24.34999999995659, 0.0004037918363334436 
24.359999999956568, -0.0002098983736134775 
24.369999999956544, -0.0004981190674104802 
24.37999999995652, -0.0006360051487639051 
24.389999999956498, -0.0006145614786520407 
24.399999999956474, -0.0004316700100483892 
24.40999999995645, -0.00008348493799607184 
24.419999999956428, 0.00008464592568436366 
24.429999999956404, 0.00035413997555116405 
24.43999999995638, 0.0008072441608303376 
24.449999999956358, 0.0014191753478903862 
24.459999999956334, 0.002128112011214667 
24.46999999995631, 0.0028381554768166753 
24.479999999956288, 0.003441384195349193 
24.489999999956265, 0.0038465397526484383 
24.49999999995624, 0.003996301486172823 
24.509999999956218, 0.0038682005361486685 
24.519999999956195, 0.003468594665479072 
24.52999999995617, 0.002829731565047862 
24.539999999956148, 0.0020104947228335194 
24.549999999956125, 0.0010930698765552658 
24.5599999999561, 0.0001689145494910891 
24.569999999956078, -0.0003287828140159448 
24.579999999956055, -0.000616746522137995 
24.58999999995603, -0.000751825501548492 
24.599999999956008, -0.0007262259600258893 
24.609999999955985, -0.0005385195139042703 
24.61999999995596, -0.00018525154464149905 
24.62999999995594, 0.00007789044522086052 
24.639999999955915, 0.0003512222987192889 
24.64999999995589, 0.0008055180644052804 
24.65999999995587, 0.001413858221147367 
24.669999999955845, 0.0021125277178558367 
24.67999999995582, 0.002805108848436798 
24.6899999999558, 0.0033850083136274705 
24.699999999955775, 0.003763385611250304 
24.709999999955752, 0.0038851680767092575 
24.71999999995573, 0.003729344955204528 
24.729999999955705, 0.003303246386764836 
24.739999999955682, 0.002640266874671514 
24.74999999995566, 0.0018008839039461797 
24.759999999955635, 0.0008688433663182647 
24.769999999955612, -0.000033221471206126546 
24.77999999995559, -0.0004510001080231678 
24.789999999955565, -0.0007379313355747999 
24.799999999955542, -0.0008696286742209964 
24.80999999995552, -0.0008394488952515949 
24.819999999955495, -0.0006465936173858611 
24.829999999955472, -0.00028795011155755283 
24.83999999995545, 0.00006322374070878223 
24.849999999955426, 0.0003406985945167525 
24.859999999955402, 0.0007965309614662474 
24.86999999995538, 0.0014017052685354615 
24.879999999955356, 0.0020906743362367206 
24.889999999955332, 0.002766550426997863 
24.89999999995531, 0.0033240534813467914 
24.909999999955286, 0.003676676168418646 
24.919999999955262, 0.0037714982939983923 
24.92999999995524, 0.003588926815850346 
24.939999999955216, 0.003137297954452787 
24.949999999955192, 0.002451226521118451 
24.95999999995517, 0.0015928306594138273 
24.969999999955146, 0.0006473793767764831 
24.979999999955123, -0.00015658743890475967 
24.9899999999551, -0.0005762972390320834 
24.999999999955076, -0.000861424311443536 
