t, s[1].omega / s[0].omega 
0, -2.3799948449871033 
0.009999999999999995, -2.3790881013539256 
0.019999999999999934, -2.3772187667251705 
0.029999999999999874, -2.3738748122351394 
0.04000000000000012, -2.368679589270365 
0.050000000000000405, -2.363660042524167 
0.06000000000000069, -2.362671945263278 
0.07000000000000098, -2.364005251556086 
0.08000000000000126, -2.364849883976736 
0.09000000000000155, -2.364908236067134 
0.10000000000000184, -2.364446414080292 
0.11000000000000212, -2.363759780938343 
0.12000000000000241, -2.3633873614693583 
0.130000000000002, -2.363682192718201 
0.1400000000000009, -2.364245788077354 
0.1499999999999998, -2.364647061656315 
0.1599999999999987, -2.3647276495867056 
0.1699999999999976, -2.364353581766143 
0.1799999999999965, -2.3632442037326724 
0.1899999999999954, -2.360670323471623 
0.1999999999999943, -2.3547703100811233 
0.2099999999999932, -2.342231354947643 
0.2199999999999921, -2.3265234374550436 
0.229999999999991, -2.326956651142484 
0.2399999999999899, -2.336766382051976 
0.2499999999999888, -2.3422881482199975 
0.2599999999999877, -2.3442623137457828 
0.2699999999999866, -2.3446817654751575 
0.2799999999999855, -2.344410589001119 
0.2899999999999844, -2.3438272886036033 
0.2999999999999833, -2.3431893397381574 
0.3099999999999822, -2.3426427149019715 
0.3199999999999811, -2.3422540345263476 
0.32999999999998, -2.342064004302722 
0.3399999999999789, -2.341897365777762 
0.3499999999999778, -2.3414406516283277 
0.35999999999997667, -2.3403084025220875 
0.36999999999997557, -2.3377103603192344 
0.37999999999997447, -2.332319929900596 
0.38999999999997337, -2.3265530279000757 
0.39999999999997227, -2.332383769371621 
0.40999999999997117, -2.3455058309690524 
0.41999999999997006, -2.3537937666380517 
0.42999999999996896, -2.357429420905214 
0.43999999999996786, -2.358728835936522 
0.44999999999996676, -2.358876612533657 
0.45999999999996566, -2.35834298744835 
0.46999999999996456, -2.3572854678672908 
0.47999999999996346, -2.3557503899558476 
0.48999999999996235, -2.353932808191993 
0.49999999999996125, -2.352579849778151 
0.5099999999999602, -2.352270383420408 
0.519999999999959, -2.352377909777205 
0.529999999999958, -2.352220730764926 
0.5399999999999568, -2.3515685220766973 
0.5499999999999557, -2.350327932453627 
0.5599999999999546, -2.3489859185609676 
0.5699999999999535, -2.349500272205425 
0.5799999999999524, -2.3523611732508902 
0.5899999999999513, -2.355171750375512 
0.5999999999999502, -2.3568321535782526 
0.6099999999999491, -2.3575033082726824 
0.619999999999948, -2.3574146693093967 
0.6299999999999469, -2.356592187288771 
0.6399999999999458, -2.354801025531412 
0.6499999999999447, -2.3514441545206575 
0.6599999999999436, -2.3457334440202118 
0.6699999999999425, -2.3388612344008908 
0.6799999999999414, -2.3361105645342266 
0.6899999999999403, -2.3376427682036254 
0.6999999999999392, -2.339129406454406 
0.7099999999999381, -2.339591708010871 
0.719999999999937, -2.339374510433129 
0.7299999999999359, -2.3387874120836427 
0.7399999999999348, -2.338223597284448 
0.7499999999999337, -2.3381460870956383 
0.7599999999999326, -2.338493167790223 
0.7699999999999315, -2.3388597760947163 
0.7799999999999304, -2.339026521926975 
0.7899999999999293, -2.3388552143945303 
0.7999999999999282, -2.3381341660963733 
0.8099999999999271, -2.3363831149725613 
0.819999999999926, -2.332350279991892 
0.8299999999999249, -2.3231740392738716 
0.8399999999999238, -2.3069758867583823 
0.8499999999999227, -2.2984015803895446 
0.8599999999999216, -2.3079070772575383 
0.8699999999999205, -2.3168787621833475 
0.8799999999999194, -2.3206884055404156 
0.8899999999999183, -2.321890806785672 
0.8999999999999172, -2.3219822149488216 
0.9099999999999161, -2.321555336685848 
0.919999999999915, -2.320909885943254 
0.9299999999999139, -2.320257312880518 
0.9399999999999128, -2.3197073628754805 
0.9499999999999117, -2.3193564840087175 
0.9599999999999106, -2.3191995982459024 
0.9699999999999095, -2.3189801550349456 
0.9799999999999084, -2.3183724497315787 
0.9899999999999073, -2.31693058557148 
0.9999999999999062, -2.3137131108206455 
1.0099999999999052, -2.3078189119793446 
1.019999999999904, -2.3047403608138315 
1.029999999999903, -2.314229720876039 
1.039999999999902, -2.326182020549502 
1.0499999999999008, -2.3327780334381054 
1.0599999999998997, -2.3355805992336904 
1.0699999999998986, -2.3365081463674944 
1.0799999999998975, -2.336463475745542 
1.0899999999998964, -2.335798373958191 
1.0999999999998953, -2.3346239786552094 
1.1099999999998942, -2.332985257703665 
1.119999999999893, -2.331165065655818 
1.129999999999892, -2.329991063745716 
1.1399999999998909, -2.3298259102295438 
1.1499999999998898, -2.329923643342137 
1.1599999999998887, -2.3296995422143616 
1.1699999999998876, -2.3289623521706266 
1.1799999999998865, -2.3276399785434525 
1.1899999999998854, -2.326378982291831 
1.1999999999998843, -2.3272457367125026 
1.2099999999998832, -2.3303244458752044 
1.219999999999882, -2.333142163224155 
1.229999999999881, -2.3347711799262414 
1.2399999999998799, -2.3354172457789675 
1.2499999999998788, -2.335309488004472 
1.2599999999998777, -2.334474695767128 
1.2699999999998766, -2.33269206457205 
1.2799999999998755, -2.3294128038857456 
1.2899999999998744, -2.3239593132273524 
1.2999999999998733, -2.317522251744488 
1.3099999999998722, -2.314879647772265 
1.319999999999871, -2.316202406299081 
1.32999999999987, -2.317566548969669 
1.3399999999998689, -2.3179905017013054 
1.3499999999998678, -2.3177596956937587 
1.3599999999998666, -2.317157815181963 
1.3699999999998655, -2.316576257813014 
1.3799999999998644, -2.3165208021267265 
1.3899999999998633, -2.316955466312664 
1.3999999999998622, -2.317422289455977 
1.4099999999998611, -2.317667108050923 
1.41999999999986, -2.317563552811033 
1.429999999999859, -2.316932318277651 
1.4399999999998578, -2.3153700745997012 
1.4499999999998567, -2.311844587537842 
1.4599999999998556, -2.303947323247871 
1.4699999999998545, -2.2889859533969843 
1.4799999999998534, -2.276350648682439 
1.4899999999998523, -2.2815552018042626 
1.4999999999998512, -2.290493340507364 
1.5099999999998501, -2.2948100427388782 
1.519999999999849, -2.2962759460984214 
1.529999999999848, -2.296496994336789 
1.5399999999998468, -2.296145120838049 
1.5499999999998457, -2.2955497275289134 
1.5599999999998446, -2.294956720930806 
1.5699999999998435, -2.2944873633518137 
1.5799999999998424, -2.294179372309866 
1.5899999999998413, -2.2940323132065474 
1.5999999999998402, -2.2938594658016362 
1.6099999999998391, -2.293367391640806 
1.619999999999838, -2.2921660164938142 
1.629999999999837, -2.2894078308602603 
1.6399999999998358, -2.283481110243904 
1.6499999999998347, -2.275691451731366 
1.6599999999998336, -2.279176462636051 
1.6699999999998325, -2.2937550697727227 
1.6799999999998314, -2.304067847888102 
1.6899999999998303, -2.308727095018761 
1.6999999999998292, -2.3104787767612813 
1.709999999999828, -2.3108640082293457 
1.719999999999827, -2.31051838014374 
1.729999999999826, -2.3096897956438287 
1.7399999999998248, -2.3084875915006347 
1.7499999999998237, -2.3070480581962722 
1.7599999999998226, -2.305806957390754 
1.7699999999998215, -2.305299977471613 
1.7799999999998204, -2.3052843810289256 
1.7899999999998193, -2.305150027450348 
1.7999999999998182, -2.3045742589501894 
1.809999999999817, -2.303330451027905 
1.819999999999816, -2.3014045406071384 
1.8299999999998149, -2.3005037687445222 
1.8399999999998138, -2.3034511816594643 
1.8499999999998127, -2.308159736052102 
1.8599999999998116, -2.311509182903067 
1.8699999999998105, -2.3132297586755834 
1.8799999999998094, -2.3138371032963136 
1.8899999999998083, -2.3136553096443526 
1.8999999999998072, -2.312758560604404 
1.909999999999806, -2.3109974841598295 
1.919999999999805, -2.308019203386727 
1.9299999999998039, -2.3036753095245923 
1.9399999999998028, -2.2995935031120562 
1.9499999999998017, -2.2985458563650703 
1.9599999999998006, -2.299435454905603 
1.9699999999997995, -2.300078358584065 
1.9799999999997984, -2.300074094504488 
1.9899999999997973, -2.299570426232329 
1.9999999999997962, -2.298797706280351 
2.0099999999998173, -2.2983409129032277 
2.0199999999998384, -2.2987963032147514 
2.0299999999998595, -2.299762634688564 
2.0399999999998806, -2.300550993511357 
2.0499999999999017, -2.3009262771312047 
2.059999999999923, -2.300824782596229 
2.069999999999944, -2.3001126356441217 
2.079999999999965, -2.2984180282482325 
2.089999999999986, -2.2948177813583346 
2.100000000000007, -2.2873797690694846 
2.1100000000000283, -2.274475758693007 
2.1200000000000494, -2.2635771523040145 
2.1300000000000705, -2.265476928716448 
2.1400000000000916, -2.270959370968853 
2.1500000000001127, -2.2737793520259295 
2.160000000000134, -2.2746801601721836 
2.170000000000155, -2.2746675945283807 
2.180000000000176, -2.274219164334874 
2.190000000000197, -2.2736549135674933 
2.2000000000002182, -2.2732589867328987 
2.2100000000002393, -2.2730890210179333 
2.2200000000002604, -2.273040696831192 
2.2300000000002815, -2.273011323675889 
2.2400000000003026, -2.2728234853424927 
2.2500000000003237, -2.2722229648288623 
2.260000000000345, -2.2707742133270155 
2.270000000000366, -2.2674108846078225 
2.280000000000387, -2.2597360063646352 
2.290000000000408, -2.2466698148735977 
2.3000000000004293, -2.242641695424136 
2.3100000000004504, -2.2569258834610193 
2.3200000000004715, -2.269497428543867 
2.3300000000004926, -2.2751932389983796 
2.3400000000005137, -2.2772758767241514 
2.3500000000005348, -2.277787234848487 
2.360000000000556, -2.277552938722695 
2.370000000000577, -2.2769133056114788 
2.380000000000598, -2.27605961189532 
2.390000000000619, -2.2751392927215046 
2.4000000000006403, -2.2743628002906995 
2.4100000000006614, -2.27397518052541 
2.4200000000006825, -2.2738535219157208 
2.4300000000007036, -2.273604183033365 
2.4400000000007247, -2.272898724920444 
2.450000000000746, -2.271323298777281 
2.460000000000767, -2.268277112426341 
2.470000000000788, -2.2648270321866084 
2.480000000000809, -2.2672875338953054 
2.49000000000083, -2.2762127733977016 
2.5000000000008513, -2.283595249491523 
2.5100000000008724, -2.2874892408406367 
2.5200000000008935, -2.289165158270352 
2.5300000000009146, -2.2896107949144264 
2.5400000000009357, -2.2892866589135212 
2.550000000000957, -2.2883477922248003 
2.560000000000978, -2.2867854065587663 
2.570000000000999, -2.284582119050943 
2.58000000000102, -2.282187079280774 
2.5900000000010412, -2.2808240918013847 
2.6000000000010624, -2.280806752501622 
2.6100000000010835, -2.2810593599259987 
2.6200000000011046, -2.280941371936942 
2.6300000000011257, -2.2803313970726493 
2.6400000000011468, -2.2792414334170457 
2.650000000001168, -2.27822024025826 
2.660000000001189, -2.278765159086457 
2.67000000000121, -2.281028635226038 
2.680000000001231, -2.2832688880736516 
2.6900000000012523, -2.2846509063854965 
2.7000000000012734, -2.2852242521088386 
2.7100000000012945, -2.2851191711692382 
2.7200000000013156, -2.284318456016455 
2.7300000000013367, -2.282581320466599 
2.740000000001358, -2.2793293833347734 
2.750000000001379, -2.2736939690310556 
2.7600000000014, -2.2661259781231142 
2.770000000001421, -2.261550170929877 
2.780000000001442, -2.262447377923679 
2.7900000000014633, -2.2643423695306044 
2.8000000000014844, -2.2652012105363015 
2.8100000000015055, -2.2652350353643587 
2.8200000000015266, -2.264783600308466 
2.8300000000015477, -2.2641493607748164 
2.840000000001569, -2.263800566342082 
2.85000000000159, -2.2640114734582886 
2.860000000001611, -2.2644750053039457 
2.870000000001632, -2.264837839364484 
2.8800000000016532, -2.264940461733411 
2.8900000000016743, -2.2646468143281524 
2.9000000000016954, -2.2637205835049943 
2.9100000000017165, -2.261607413259871 
2.9200000000017377, -2.256945395424197 
2.9300000000017588, -2.246974784416228 
2.94000000000178, -2.230800643388021 
2.950000000001801, -2.222208296708919 
2.960000000001822, -2.229425773544348 
2.970000000001843, -2.237004863591975 
2.9800000000018643, -2.2404155802589525 
2.9900000000018854, -2.2415258904488033 
3.0000000000019065, -2.2416092366496025 
3.0100000000019276, -2.241206543967791 
3.0200000000019487, -2.240620401014917 
3.03000000000197, -2.2400944674925047 
3.040000000001991, -2.2397274410328434 
3.050000000002012, -2.239513762653797 
3.060000000002033, -2.2394137222330763 
3.070000000002054, -2.239249152024951 
3.0800000000020753, -2.2387542576881687 
3.0900000000020964, -2.237552623537699 
3.1000000000021175, -2.234801473634982 
3.1100000000021386, -2.2286536786428104 
3.1200000000021597, -2.218284707341843 
3.130000000002181, -2.2152712157172223 
3.140000000002202, -2.2292243193440457 
3.150000000002223, -2.242733756785465 
3.160000000002244, -2.2493473735033893 
3.1700000000022652, -2.251956383428796 
3.1800000000022863, -2.2527450499361796 
3.1900000000023074, -2.2526566274855595 
3.2000000000023285, -2.252074650360348 
3.2100000000023496, -2.251186208398279 
3.2200000000023707, -2.2501275744760902 
3.230000000002392, -2.249107221071651 
3.240000000002413, -2.2484790844628777 
3.250000000002434, -2.2483067523853273 
3.260000000002455, -2.248187568753227 
3.2700000000024763, -2.247744784944082 
3.2800000000024974, -2.2466738380263442 
3.2900000000025185, -2.244529163075409 
3.3000000000025396, -2.2414285958988214 
3.3100000000025607, -2.241148426048306 
3.3200000000025818, -2.247485995752952 
3.330000000002603, -2.254990103134645 
3.340000000002624, -2.259639767676327 
3.350000000002645, -2.2618845552761173 
3.360000000002666, -2.2627086969457375 
3.3700000000026873, -2.2626607077441325 
3.3800000000027084, -2.2619586569096626 
3.3900000000027295, -2.2606232066869585 
3.4000000000027506, -2.258576752248234 
3.4100000000027717, -2.2559299937991466 
3.420000000002793, -2.253645972191375 
3.430000000002814, -2.2529399214406767 
3.440000000002835, -2.2532371720714286 
3.450000000002856, -2.2534189485622917 
3.460000000002877, -2.253142512609411 
3.4700000000028983, -2.2523735665688696 
3.4800000000029194, -2.2512459503808158 
3.4900000000029405, -2.2506513387192313 
3.5000000000029616, -2.251858662609227 
3.5100000000029827, -2.2541539395480914 
3.520000000003004, -2.256032327022964 
3.530000000003025, -2.257087233440389 
3.540000000003046, -2.2574211770739914 
3.550000000003067, -2.2571092100960337 
3.5600000000030882, -2.2560683778811295 
3.5700000000031094, -2.253976344346946 
3.5800000000031305, -2.2501593339810806 
3.5900000000031516, -2.2438334534073827 
3.6000000000031727, -2.2363483624577536 
3.6100000000031938, -2.2331048011941803 
3.620000000003215, -2.2345701095442925 
3.630000000003236, -2.2362789229285944 
3.640000000003257, -2.236945832271267 
3.650000000003278, -2.2368724379230605 
3.6600000000032993, -2.2363644758046886 
3.6700000000033204, -2.2357352416669065 
3.6800000000033415, -2.235471067649101 
3.6900000000033626, -2.235780569700492 
3.7000000000033837, -2.2363014744944243 
3.710000000003405, -2.236688710199406 
3.720000000003426, -2.236792850008414 
3.730000000003447, -2.2364845433649014 
3.740000000003468, -2.235533236488401 
3.750000000003489, -2.233400438555984 
3.7600000000035103, -2.2287994853785724 
3.7700000000035314, -2.219192875630486 
3.7800000000035525, -2.2035835092235905 
3.7900000000035736, -2.1938672589478108 
3.8000000000035947, -2.1992451231696304 
3.810000000003616, -2.2062971323169416 
3.820000000003637, -2.209673290756921 
3.830000000003658, -2.2108117605538165 
3.840000000003679, -2.2109221149633926 
3.8500000000037002, -2.2105406736610824 
3.8600000000037213, -2.209973797950175 
3.8700000000037424, -2.2094871336066495 
3.8800000000037635, -2.2091950005921412 
3.8900000000037847, -2.2090543947452534 
3.9000000000038058, -2.2089995490421392 
3.910000000003827, -2.2088797597502343 
3.920000000003848, -2.2084604506705263 
3.930000000003869, -2.207411990157413 
3.94000000000389, -2.2050209840572346 
3.9500000000039113, -2.1995808442165137 
3.9600000000039324, -2.188661645779497 
3.9700000000039535, -2.1778908454287302 
3.9800000000039746, -2.1851417127786776 
3.9900000000039957, -2.200763145008902 
4.000000000004016, -2.209977507958574 
4.010000000003993, -2.213819580168074 
4.02000000000397, -2.2151476239499597 
4.030000000003946, -2.2153402848389785 
4.040000000003923, -2.2149573155949507 
4.0500000000039, -2.2142596652792923 
4.0600000000038765, -2.2134210154036813 
4.070000000003853, -2.2125851769482967 
4.08000000000383, -2.2119523829880867 
4.090000000003807, -2.2116735899121616 
4.100000000003783, -2.2115527203293452 
4.11000000000376, -2.2112363999543754 
4.120000000003737, -2.2104119549207857 
4.130000000003713, -2.2085965700905787 
4.14000000000369, -2.205003017441684 
4.150000000003667, -2.2004584239295566 
4.1600000000036434, -2.2022663935214988 
4.17000000000362, -2.2128116346166036 
4.180000000003597, -2.2222896438536983 
4.1900000000035735, -2.227422494437059 
4.20000000000355, -2.22970857815828 
4.210000000003527, -2.230479600092333 
4.220000000003504, -2.2303923606678686 
4.23000000000348, -2.229720966227529 
4.240000000003457, -2.228559056512376 
4.250000000003434, -2.2269503754355737 
4.26000000000341, -2.2251214826184613 
4.270000000003387, -2.223776983869631 
4.280000000003364, -2.2234235510931777 
4.2900000000033405, -2.2235206988029907 
4.300000000003317, -2.2234198261133886 
4.310000000003294, -2.2228681001283883 
4.320000000003271, -2.2217139367182552 
4.330000000003247, -2.22005189222689 
4.340000000003224, -2.219393290129351 
4.350000000003201, -2.221926371701379 
4.360000000003177, -2.2260601114631604 
4.370000000003154, -2.2292053772501927 
4.380000000003131, -2.2309445992435863 
4.390000000003107, -2.2316442137423067 
4.400000000003084, -2.2315835089462936 
4.410000000003061, -2.2308478319961527 
4.4200000000030375, -2.229339852035543 
4.430000000003014, -2.2267836796624207 
4.440000000002991, -2.2229095148444733 
4.450000000002968, -2.218469007682419 
4.460000000002944, -2.216059352764904 
4.470000000002921, -2.216362933114842 
4.480000000002898, -2.2171882446870144 
4.490000000002874, -2.2174692371774443 
4.500000000002851, -2.217196863514992 
4.510000000002828, -2.2165060473318823 
4.520000000002804, -2.2157089338197484 
4.530000000002781, -2.21556809011953 
4.540000000002758, -2.216492011379562 
4.5500000000027345, -2.2177650424781215 
4.560000000002711, -2.218707748435625 
4.570000000002688, -2.21915418786197 
4.580000000002665, -2.219081763833884 
4.590000000002641, -2.218398982461685 
4.600000000002618, -2.216824622903736 
4.610000000002595, -2.213702331363952 
4.620000000002571, -2.2077800522333915 
4.630000000002548, -2.1979636383657972 
4.640000000002525, -2.188062336830643 
4.6500000000025015, -2.1863670850869186 
4.660000000002478, -2.189708731897112 
4.670000000002455, -2.1921056086372372 
4.6800000000024315, -2.192992860570817 
4.690000000002408, -2.193019671090283 
4.700000000002385, -2.1925909673823374 
4.710000000002362, -2.192012420766855 
4.720000000002338, -2.1916630608088123 
4.730000000002315, -2.1917229601534007 
4.740000000002292, -2.191983730856488 
4.750000000002268, -2.1922089135455596 
4.760000000002245, -2.19225163587553 
4.770000000002222, -2.1919539394366487 
4.7800000000021985, -2.1910731787112687 
4.790000000002175, -2.1890862524901697 
4.800000000002152, -2.184737940627089 
4.810000000002129, -2.1754287425041605 
4.820000000002105, -2.1594277717615418 
4.830000000002082, -2.1479589026349144 
4.840000000002059, -2.1539219682267285 
4.850000000002035, -2.1632807855563287 
4.860000000002012, -2.168103514790944 
4.870000000001989, -2.169909372801375 
4.880000000001965, -2.1703347952049037 
4.890000000001942, -2.1701126102301584 
4.900000000001919, -2.1695862543931654 
4.9100000000018955, -2.16901472592553 
4.920000000001872, -2.1685782277172363 
4.930000000001849, -2.1683058738615246 
4.940000000001826, -2.168176205131043 
4.950000000001802, -2.168098175208949 
4.960000000001779, -2.1678614029170884 
4.970000000001756, -2.1672000519361947 
4.980000000001732, -2.165671586870225 
4.990000000001709, -2.162235015089897 
5.000000000001686, -2.1547437011919173 
5.0100000000016625, -2.1426541252633284 
5.020000000001639, -2.138846448055914 
5.030000000001616, -2.152690103673773 
5.0400000000015925, -2.1664594869268816 
5.050000000001569, -2.1733417805028994 
5.060000000001546, -2.176101945063747 
5.070000000001523, -2.176978888101396 
5.080000000001499, -2.1769656279917102 
5.090000000001476, -2.1764781641697217 
5.100000000001453, -2.1757354842079084 
5.110000000001429, -2.174897425302832 
5.120000000001406, -2.1741084406802416 
5.130000000001383, -2.1735678531187617 
5.1400000000013595, -2.1733555979479666 
5.150000000001336, -2.1732240417036937 
5.160000000001313, -2.1728418514689523 
5.17000000000129, -2.171895308457088 
5.180000000001266, -2.1698388010560756 
5.190000000001243, -2.165794113945316 
5.20000000000122, -2.1607691305861954 
5.210000000001196, -2.16283685325235 
5.220000000001173, -2.1743614385110748 
5.23000000000115, -2.1846778847030857 
5.240000000001126, -2.1902677398411905 
5.250000000001103, -2.1927719736460882 
5.26000000000108, -2.193655350937557 
5.2700000000010565, -2.1936480453310474 
5.280000000001033, -2.1930673857030785 
5.29000000000101, -2.1920437966590454 
5.300000000000987, -2.1906512222042145 
5.310000000000963, -2.1890738025099785 
5.32000000000094, -2.1878377295793814 
5.330000000000917, -2.1874038097335315 
5.340000000000893, -2.1874227238798576 
5.35000000000087, -2.1873116967174964 
5.360000000000847, -2.1867803553229317 
5.3700000000008234, -2.1856150469261446 
5.3800000000008, -2.183681720875054 
5.390000000000777, -2.1821108073034394 
5.4000000000007535, -2.184124049092483 
5.41000000000073, -2.189445127134985 
5.420000000000707, -2.1941628358292866 
5.430000000000684, -2.196971335308476 
5.44000000000066, -2.1983134577245176 
5.450000000000637, -2.1986899136231037 
5.460000000000614, -2.1983601343830803 
5.47000000000059, -2.1973874326895118 
5.480000000000567, -2.195686644219333 
5.490000000000544, -2.1931022585305144 
5.5000000000005205, -2.1898026829888946 
5.510000000000497, -2.187092223868328 
5.520000000000474, -2.18639013676511 
5.5300000000004506, -2.186849145155577 
5.540000000000427, -2.18716522600994 
5.550000000000404, -2.186998363835582 
5.560000000000381, -2.18635591257626 
5.570000000000357, -2.1853529569107755 
5.580000000000334, -2.184641075127108 
5.590000000000311, -2.185370536841207 
5.600000000000287, -2.187339053236178 
5.610000000000264, -2.1892142133735026 
5.620000000000241, -2.1904014563754517 
5.6300000000002175, -2.190906420719348 
5.640000000000194, -2.1907989360458506 
5.650000000000171, -2.19004268631065 
5.660000000000148, -2.188425142354439 
5.670000000000124, -2.185465596240509 
5.680000000000101, -2.18041211830307 
5.690000000000078, -2.173194945430274 
5.700000000000054, -2.167219670840198 
5.710000000000031, -2.1665161472355403 
5.720000000000008, -2.168308938070136 
5.729999999999984, -2.1695131785547206 
5.739999999999961, -2.169827298429485 
5.749999999999938, -2.169557306976386 
5.7599999999999145, -2.1689460062041928 
5.769999999999891, -2.1683533803029316 
5.779999999999868, -2.168304193568484 
5.789999999999845, -2.1688684818751724 
5.799999999999821, -2.169569522819335 
5.809999999999798, -2.1700604553429677 
5.819999999999775, -2.170212332227035 
5.829999999999751, -2.1699229986352266 
5.839999999999728, -2.169000487080874 
5.849999999999705, -2.167005613148928 
5.8599999999996815, -2.16296137874001 
5.869999999999658, -2.1550453358177686 
5.879999999999635, -2.1420648322555533 
5.8899999999996115, -2.130676846076938 
5.899999999999588, -2.1309450064251902 
5.909999999999565, -2.1361048337049895 
5.919999999999542, -2.1392933663599445 
5.929999999999518, -2.1405093975576994 
5.939999999999495, -2.140698173791768 
5.949999999999472, -2.1403670918970827 
5.959999999999448, -2.139817554360671 
5.969999999999425, -2.1393691268013835 
5.979999999999402, -2.139236938366568 
5.9899999999993785, -2.139333860510467 
5.999999999999355, -2.139479220286801 
6.009999999999332, -2.139534161191827 
6.019999999999309, -2.1393386041827993 
6.029999999999285, -2.138677640593579 
6.039999999999262, -2.13715260753854 
6.049999999999239, -2.1338336815645884 
6.059999999999215, -2.1266497416261294 
6.069999999999192, -2.1128073594991843 
6.079999999999169, -2.0971040065354525 
6.089999999999145, -2.097005404093706 
6.099999999999122, -2.10781276125478 
6.109999999999099, -2.115281710089536 
6.1199999999990755, -2.1185110386979438 
6.129999999999052, -2.1196034620901907 
6.139999999999029, -2.119717748376312 
6.149999999999006, -2.119352014754758 
6.159999999998982, -2.1187851246484244 
6.169999999998959, -2.1182522914145645 
6.179999999998936, -2.117880314335082 
6.189999999998912, -2.1176692682008236 
6.199999999998889, -2.1175843811623305 
6.209999999998866, -2.117500004041166 
6.2199999999988425, -2.11719848085212 
6.229999999998819, -2.1164090550754704 
6.239999999998796, -2.1146337660442764 
6.2499999999987725, -2.1106993417038042 
6.259999999998749, -2.10229557771068 
6.269999999998726, -2.0890231224625984 
6.279999999998703, -2.084078992775983 
6.289999999998679, -2.097079004401798 
6.299999999998656, -2.1108078836987705 
6.309999999998633, -2.1178743467124574 
6.319999999998609, -2.1207612596880994 
6.329999999998586, -2.121713986134764 
6.339999999998563, -2.1217586285570116 
6.3499999999985395, -2.1213320983410258 
6.359999999998516, -2.12067098775478 
6.369999999998493, -2.1199540794834446 
6.37999999999847, -2.119307134409051 
6.389999999998446, -2.1188481245759285 
6.399999999998423, -2.118639450774965 
6.4099999999984, -2.1185166456554363 
6.419999999998376, -2.1181958326555006 
6.429999999998353, -2.1173839501246143 
6.43999999999833, -2.115580989409083 
6.449999999998306, -2.1117161366243966 
6.459999999998283, -2.1046136752824443 
6.46999999999826, -2.0986901608996957 
6.4799999999982365, -2.1061644600409375 
6.489999999998213, -2.1213096431318936 
6.49999999999819, -2.1316155970043575 
6.509999999998167, -2.1365535863986462 
6.519999999998143, -2.138580986720718 
6.52999999999812, -2.139182154360225 
6.539999999998097, -2.1390313194344506 
6.549999999998073, -2.13842770245413 
6.55999999999805, -2.1375328251105143 
6.569999999998027, -2.136476299379094 
6.5799999999980034, -2.135448661660738 
6.58999999999798, -2.134765627269555 
6.599999999997957, -2.134540556518835 
6.6099999999979335, -2.134452369644326 
6.61999999999791, -2.1341307416065356 
6.629999999997887, -2.1332954263821864 
6.639999999997864, -2.13153031917032 
6.64999999999784, -2.1282989653434337 
6.659999999997817, -2.124845548633665 
6.669999999997794, -2.127289280921548 
6.67999999999777, -2.136775427245118 
6.689999999997747, -2.1454674771137503 
6.699999999997724, -2.150483707705191 
6.7099999999977005, -2.1528797627763234 
6.719999999997677, -2.1537884957338473 
6.729999999997654, -2.1538248086779492 
6.7399999999976306, -2.1532681417262607 
6.749999999997607, -2.1522261037098604 
6.759999999997584, -2.150742047736927 
6.769999999997561, -2.1489488847384033 
6.779999999997537, -2.1473561322980186 
6.789999999997514, -2.1466343698052706 
6.799999999997491, -2.146630150212551 
6.809999999997467, -2.146657272426247 
6.819999999997444, -2.1463355468901364 
6.829999999997421, -2.145487540278618 
6.8399999999973975, -2.1439487102689045 
6.849999999997374, -2.1421368129452327 
6.859999999997351, -2.142409956219719 
6.869999999997328, -2.1464489188029434 
6.879999999997304, -2.1513918267556997 
6.889999999997281, -2.15483720929174 
6.899999999997258, -2.1567077432967925 
6.909999999997234, -2.157479690154849 
6.919999999997211, -2.157480399203016 
6.929999999997188, -2.1568444239762417 
6.939999999997164, -2.155555388914878 
6.949999999997141, -2.1534842171348303 
6.959999999997118, -2.150539462165919 
6.9699999999970945, -2.147256253969594 
6.979999999997071, -2.145234300527785 
6.989999999997048, -2.1451154108238177 
6.999999999997025, -2.145598784048686 
7.009999999997001, -2.145757865632712 
7.019999999996978, -2.145437698069578 
7.029999999996955, -2.1446534517358877 
7.039999999996931, -2.1435833063123964 
7.049999999996908, -2.143093186719081 
7.059999999996885, -2.144299397755396 
7.0699999999968615, -2.14659488522692 
7.079999999996838, -2.1485936927345874 
7.089999999996815, -2.1498229316405824 
7.0999999999967915, -2.150341065770438 
7.109999999996768, -2.1502382517501397 
7.119999999996745, -2.149499293257242 
7.129999999996722, -2.147955363313539 
7.139999999996698, -2.1452279281391142 
7.149999999996675, -2.1407667010539058 
7.159999999996652, -2.1346236495134567 
7.169999999996628, -2.129452919317564 
7.179999999996605, -2.128455234050371 
7.189999999996582, -2.129755388699876 
7.1999999999965585, -2.1307494524236197 
7.209999999996535, -2.130998850096473 
7.219999999996512, -2.1306996281416035 
7.229999999996489, -2.1300414541128587 
7.239999999996465, -2.1293683473043314 
7.249999999996442, -2.1293140248131532 
7.259999999996419, -2.130098122347772 
7.269999999996395, -2.131144268029705 
7.279999999996372, -2.13194102210396 
7.289999999996349, -2.1323307701636494 
7.299999999996325, -2.132259970247921 
7.309999999996302, -2.1316265189002586 
7.319999999996279, -2.130177327771977 
7.3299999999962555, -2.1273570215467856 
7.339999999996232, -2.122116962739324 
7.349999999996209, -2.1132510624115755 
7.359999999996186, -2.1025251052651126 
7.369999999996162, -2.0975858951610973 
7.379999999996139, -2.0997501503122713 
7.389999999996116, -2.102623620751662 
7.399999999996092, -2.104028294955275 
7.409999999996069, -2.104376833229405 
7.419999999996046, -2.1041349042809676 
7.4299999999960225, -2.103583661319672 
7.439999999995999, -2.1030523806604275 
7.449999999995976, -2.102929492718663 
7.4599999999959525, -2.1032531168477444 
7.469999999995929, -2.103707572508143 
7.479999999995906, -2.1040444629583916 
7.489999999995883, -2.1041288335555555 
7.499999999995859, -2.103830165733092 
7.509999999995836, -2.1029418653659087 
7.519999999995813, -2.1010301980992985 
7.529999999995789, -2.0971452205021195 
7.539999999995766, -2.0894599450382083 
7.549999999995743, -2.0762276565732116 
7.5599999999957195, -2.0623983213420733 
7.569999999995696, -2.0601635070345905 
7.579999999995673, -2.0659247108879635 
7.58999999999565, -2.070357802309794 
7.599999999995626, -2.072316491908937 
7.609999999995603, -2.0728907819568145 
7.61999999999558, -2.0727723268630287 
7.629999999995556, -2.0723037960731565 
7.639999999995533, -2.071768195388739 
7.64999999999551, -2.071460326581637 
7.659999999995486, -2.0714648965793154 
7.669999999995463, -2.0716265996376073 
7.67999999999544, -2.07178427093956 
7.6899999999954165, -2.0718004901942466 
7.699999999995393, -2.0715133858014423 
7.70999999999537, -2.0706976287943313 
7.719999999995347, -2.0689120141501407 
7.729999999995323, -2.0651648594279064 
7.7399999999953, -2.0574182650382467 
7.749999999995277, -2.0432965012420805 
7.759999999995253, -2.02748737539226 
7.76999999999523, -2.025206281881844 
7.779999999995207, -2.0336908933689664 
7.789999999995183, -2.040382499981283 
7.79999999999516, -2.043473563374089 
7.809999999995137, -2.0445710297733877 
7.8199999999951135, -2.044716540217766 
7.82999999999509, -2.0443837050265756 
7.839999999995067, -2.0438479311251823 
7.849999999995044, -2.0433725696652156 
7.85999999999502, -2.0431301182428947 
7.869999999994997, -2.043088918510339 
7.879999999994974, -2.04314142486533 
7.88999999999495, -2.043171469501671 
7.899999999994927, -2.0430173606919175 
7.909999999994904, -2.0424770117649502 
7.9199999999948805, -2.0412275860456806 
7.929999999994857, -2.038569148083934 
7.939999999994834, -2.0329471606171685 
7.9499999999948106, -2.0217130834850696 
7.959999999994787, -2.004996781659946 
7.969999999994764, -1.9959377195519088 
7.979999999994741, -2.003354814507302 
7.989999999994717, -2.013334753528065 
7.999999999994694, -2.018802609870244 
8.00999999999467, -2.0210628498465093 
8.019999999994647, -2.0217672597051477 
8.029999999994624, -2.021723164697525 
8.0399999999946, -2.021299926579501 
8.049999999994577, -2.0207490293235457 
8.059999999994554, -2.020302966289482 
8.06999999999453, -2.0200674719714007 
8.079999999994508, -2.019997665024687 
8.089999999994484, -2.0200127142427293 
8.099999999994461, -2.0199880534102914 
8.109999999994438, -2.0197435866898457 
8.119999999994414, -2.0190553078558016 
8.129999999994391, -2.0175338588415386 
8.139999999994368, -2.014313396571681 
8.149999999994344, -2.0075403441578876 
8.159999999994321, -1.9946139283753073 
8.169999999994298, -1.9782626319765815 
8.179999999994275, -1.9740846138339325 
8.189999999994251, -1.9842873427364378 
8.199999999994228, -1.9939013337339908 
8.209999999994205, -1.998764842609372 
8.219999999994181, -2.0007228303837827 
8.229999999994158, -2.0012937496629633 
8.239999999994135, -2.0011872173213607 
8.249999999994111, -2.000737238982272 
8.259999999994088, -2.000186650936583 
8.269999999994065, -1.9997551313779063 
8.279999999994041, -1.999530096340327 
8.289999999994018, -1.9994648686390075 
8.299999999993995, -1.9994805652600618 
8.309999999993972, -1.9994484083546147 
8.319999999993948, -1.999187451250147 
8.329999999993925, -1.9984731620291079 
8.339999999993902, -1.9969113259754034 
8.349999999993878, -1.9936319751450866 
8.359999999993855, -1.986799561843468 
8.369999999993832, -1.9738645993963728 
8.379999999993808, -1.957329226927838 
8.389999999993785, -1.9521986387263763 
8.399999999993762, -1.9616175698525506 
8.409999999993738, -1.9711582873353577 
8.419999999993715, -1.9761330255069267 
8.429999999993692, -1.9781773734221868 
8.439999999993669, -1.9788006162376195 
8.449999999993645, -1.9787271088090708 
8.459999999993622, -1.9782969480342227 
8.469999999993599, -1.9777536648395835 
8.479999999993575, -1.9773289028790706 
8.489999999993552, -1.9771293222616435 
8.499999999993529, -1.9771022844096975 
8.509999999993505, -1.9771547508977556 
8.519999999993482, -1.9771653128252524 
8.529999999993459, -1.9769682487703495 
8.539999999993436, -1.9763620809488596 
8.549999999993412, -1.975016733448254 
8.559999999993389, -1.9722315190941966 
8.569999999993366, -1.9665200559272606 
8.579999999993342, -1.9554451547193525 
8.589999999993319, -1.9387823482377087 
8.599999999993296, -1.9273102108449571 
8.609999999993272, -1.9313744011709884 
8.619999999993249, -1.94051128758802 
8.629999999993226, -1.9462560191474227 
8.639999999993202, -1.9488220314374065 
8.64999999999318, -1.9497189812194011 
8.659999999993156, -1.9497945165735917 
8.669999999993133, -1.9494426813269221 
8.67999999999311, -1.9489135613125463 
8.689999999993086, -1.9484664443643667 
8.699999999993063, -1.9482861546572419 
8.70999999999304, -1.948342724879503 
8.719999999993016, -1.9484991064340136 
8.729999999992993, -1.9486274535248989 
8.73999999999297, -1.9485896928802593 
8.749999999992946, -1.9482262127359842 
8.759999999992923, -1.947314409011496 
8.7699999999929, -1.9454318874172454 
8.779999999992876, -1.9417066526868183 
8.789999999992853, -1.9345037954403683 
8.79999999999283, -1.9218833212806756 
8.809999999992806, -1.905946637838247 
8.819999999992783, -1.8977368995930728 
8.82999999999276, -1.9014138773234959 
8.839999999992736, -1.9074509702558362 
8.849999999992713, -1.9110295933063721 
8.85999999999269, -1.9125586926245333 
8.869999999992666, -1.9129816908207826 
8.879999999992643, -1.912819603877285 
8.88999999999262, -1.9123451300213916 
8.899999999992596, -1.9118132552640628 
8.909999999992573, -1.9115359757628927 
8.91999999999255, -1.9116674922140722 
8.929999999992527, -1.9120553628263335 
8.939999999992503, -1.9124657183789835 
8.94999999999248, -1.9127404530181131 
8.959999999992457, -1.9127612060297767 
8.969999999992433, -1.9124046219360238 
8.97999999999241, -1.911489730176837 
8.989999999992387, -1.9096845090001646 
8.999999999992363, -1.9063703459664154 
9.00999999999234, -1.9005196943577622 
9.019999999992317, -1.891038568515318 
9.029999999992294, -1.879001290633576 
9.03999999999227, -1.8705789523861216 
9.049999999992247, -1.8701309911775277 
9.059999999992224, -1.8731625390749944 
9.0699999999922, -1.875489743897095 
9.079999999992177, -1.8765572027922026 
9.089999999992154, -1.8767940117296131 
9.09999999999213, -1.8765275264554853 
9.109999999992107, -1.8759575284983943 
9.119999999992084, -1.8753516119073985 
9.12999999999206, -1.8751601001281117 
9.139999999992037, -1.8756829358689373 
9.149999999992014, -1.8766712426846044 
9.15999999999199, -1.8776638738807527 
9.169999999991967, -1.8783949897037058 
9.179999999991944, -1.878766829720988 
9.18999999999192, -1.8787286980915912 
9.199999999991897, -1.878211535489908 
9.209999999991874, -1.8770844868101584 
9.21999999999185, -1.8751143739625402 
9.229999999991827, -1.8719372269966876 
9.239999999991804, -1.8671350930817607 
9.24999999999178, -1.8607563235503009 
9.259999999991757, -1.8545081174682274 
9.269999999991734, -1.8513437339022485 
9.27999999999171, -1.851514009143432 
9.289999999991688, -1.8526529557646896 
9.299999999991664, -1.8533847344620367 
9.309999999991641, -1.853539365230517 
9.319999999991618, -1.8532242649271904 
9.329999999991594, -1.8525212589714006 
9.339999999991571, -1.8515986658736552 
9.349999999991548, -1.8510425231208458 
9.359999999991524, -1.8517739718910877 
9.369999999991501, -1.8538913744121701 
9.379999999991478, -1.8563957337047963 
9.389999999991455, -1.8584497455251192 
9.399999999991431, -1.8598201718456409 
9.409999999991408, -1.860550187223905 
9.419999999991385, -1.8607211137954356 
9.429999999991361, -1.8603788693172976 
9.439999999991338, -1.8595186407907829 
9.449999999991315, -1.8580852643748185 
9.459999999991291, -1.8559916911142782 
9.469999999991268, -1.8532063108434784 
9.479999999991245, -1.850019997485592 
9.489999999991221, -1.8473517793825824 
9.499999999991198, -1.8461547321232004 
9.509999999991175, -1.846184156795022 
9.519999999991152, -1.8464979282193403 
9.529999999991128, -1.8465609984266453 
9.539999999991105, -1.8462286791739728 
9.549999999991082, -1.8454203255445765 
9.559999999991058, -1.8440348606313592 
9.569999999991035, -1.842295834684985 
9.579999999991012, -1.8416835921022323 
9.589999999990988, -1.8444959197919968 
9.599999999990965, -1.8502377737527336 
9.609999999990942, -1.855965429273454 
9.619999999990918, -1.8600944369393848 
9.629999999990895, -1.8626176103438847 
9.639999999990872, -1.863950809632168 
9.649999999990849, -1.8644512611942243 
9.659999999990825, -1.8643488562838457 
9.669999999990802, -1.863774557435051 
9.679999999990779, -1.8628002756995152 
9.689999999990755, -1.8614813427088284 
9.699999999990732, -1.859917484699012 
9.709999999990709, -1.8583616576598363 
9.719999999990685, -1.8572445198036494 
9.729999999990662, -1.8568067238122041 
9.739999999990639, -1.8567779966983626 
9.749999999990616, -1.8567275293045333 
9.759999999990592, -1.8563872959458017 
9.769999999990569, -1.8555557965091256 
9.779999999990546, -1.8539011682219275 
9.789999999990522, -1.8509235448768326 
9.799999999990499, -1.8468162210796593 
9.809999999990476, -1.8452783782169484 
9.819999999990452, -1.8520934156298217 
9.829999999990429, -1.8644066728049213 
9.839999999990406, -1.8748011218613523 
9.849999999990382, -1.8811395494005911 
9.85999999999036, -1.884463899694326 
9.869999999990336, -1.8859920674912076 
9.879999999990313, -1.8864868364974232 
9.88999999999029, -1.8863606713179113 
9.899999999990266, -1.8858352696173082 
9.909999999990243, -1.8850542407177298 
9.91999999999022, -1.8841436000317422 
9.929999999990196, -1.8832369617728417 
9.939999999990173, -1.8825069066630256 
9.94999999999015, -1.8821060223069104 
9.959999999990126, -1.8819746629938048 
9.969999999990103, -1.8818578341350922 
9.97999999999008, -1.8815020291448714 
9.989999999990056, -1.8806607254041001 
9.999999999990033, -1.8789033102167643 
10.00999999999001, -1.8753323059489868 
10.019999999989986, -1.868581473719863 
10.029999999989963, -1.8593346508604909 
10.03999999998994, -1.8566550916637297 
10.049999999989916, -1.8685958142068455 
10.059999999989893, -1.884596786370825 
10.06999999998987, -1.895152821994437 
10.079999999989846, -1.9004609880234864 
10.089999999989823, -1.9028019379021313 
10.0999999999898, -1.903643716540408 
10.109999999989776, -1.9037081285732989 
10.119999999989753, -1.9033417424760597 
10.12999999998973, -1.9027515508777193 
10.139999999989707, -1.9021113342007048 
10.149999999989683, -1.9015537386996688 
10.15999999998966, -1.9011512581294538 
10.169999999989637, -1.90093939942712 
10.179999999989613, -1.9008629019797418 
10.18999999998959, -1.9007471379264562 
10.199999999989567, -1.9003815708935967 
10.209999999989543, -1.8995186404295237 
10.21999999998952, -1.8977063009505089 
10.229999999989497, -1.893960587381887 
10.239999999989474, -1.8863716955977299 
10.24999999998945, -1.8730714174548482 
10.259999999989427, -1.8589979834647903 
10.269999999989404, -1.8587492107212384 
10.27999999998938, -1.8712052283496807 
10.289999999989357, -1.8822583011691543 
10.299999999989334, -1.8881370256420567 
10.30999999998931, -1.890703615527876 
10.319999999989287, -1.8916224151244365 
10.329999999989264, -1.8917255630988343 
10.33999999998924, -1.8913986477192832 
10.349999999989217, -1.8908757711901163 
10.359999999989194, -1.8903788386549727 
10.36999999998917, -1.8900762804739017 
10.379999999989147, -1.8899849329200435 
10.389999999989124, -1.8900276076168914 
10.3999999999891, -1.8901047212977347 
10.409999999989077, -1.8900802699324928 
10.419999999989054, -1.8897920447731669 
10.42999999998903, -1.8890378521650664 
10.439999999989007, -1.8874665730995588 
10.449999999988984, -1.8843662843567592 
10.45999999998896, -1.8783593667651406 
10.469999999988937, -1.8674265056775838 
10.479999999988914, -1.8514411410041496 
10.48999999998889, -1.838427433738418 
10.499999999988868, -1.8379628331156066 
10.509999999988844, -1.8443178292648263 
10.519999999988821, -1.849373329102746 
10.529999999988798, -1.8519087606928188 
10.539999999988774, -1.8528859649351606 
10.549999999988751, -1.8530392839541137 
10.559999999988728, -1.8527382251073277 
10.569999999988704, -1.8522105157058477 
10.579999999988681, -1.8517274545946762 
10.589999999988658, -1.8515954557726768 
10.599999999988635, -1.8518955425281338 
10.609999999988611, -1.852417222535634 
10.619999999988588, -1.852918139328158 
10.629999999988565, -1.853246191778301 
10.639999999988541, -1.8532957908553727 
10.649999999988518, -1.852962525323743 
10.659999999988495, -1.852097258580525 
10.669999999988471, -1.850441983122721 
10.679999999988448, -1.8475526290258404 
10.689999999988425, -1.8427493150483574 
10.699999999988401, -1.8353385286329469 
10.709999999988378, -1.8258280401603693 
10.719999999988355, -1.8178541327711115 
10.729999999988332, -1.815404711656355 
10.739999999988308, -1.8168543415775027 
10.749999999988285, -1.8186634155723502 
10.759999999988262, -1.8196508282450459 
10.769999999988238, -1.8199124233903785 
10.779999999988215, -1.819673588284418 
10.789999999988192, -1.8190764182099848 
10.799999999988168, -1.818313743476097 
10.809999999988145, -1.8178652551322059 
10.819999999988122, -1.8183733222095158 
10.829999999988098, -1.819877304323235 
10.839999999988075, -1.8216992308315696 
10.849999999988052, -1.823244238489713 
10.859999999988029, -1.8243004927288262 
10.869999999988005, -1.8248510605834851 
10.879999999987982, -1.8249173085061074 
10.889999999987959, -1.824499648625109 
10.899999999987935, -1.8235568242091325 
10.909999999987912, -1.8219984428023648 
10.919999999987889, -1.819695356591455 
10.929999999987865, -1.8165584347051655 
10.939999999987842, -1.8128115162465974 
10.949999999987819, -1.8094042122656884 
10.959999999987796, -1.807599264545632 
10.969999999987772, -1.807441451603394 
10.979999999987749, -1.8078597817483846 
10.989999999987726, -1.8081017694484949 
10.999999999987702, -1.8079601582593519 
11.009999999987679, -1.8073862254486848 
11.019999999987656, -1.8063067804823167 
11.029999999987632, -1.804760728909369 
11.039999999987609, -1.8035389012634486 
11.049999999987586, -1.8046437881640927 
11.059999999987562, -1.8090661302513351 
11.06999999998754, -1.8147746783705387 
11.079999999987516, -1.81953441647759 
11.089999999987493, -1.8227363033858421 
11.09999999998747, -1.8246191405952978 
11.109999999987446, -1.8255402868161528 
11.119999999987423, -1.8257686733384912 
11.1299999999874, -1.8254735855948538 
11.139999999987376, -1.8247530697760865 
11.149999999987353, -1.8236686940283213 
11.15999999998733, -1.822286241862218 
11.169999999987306, -1.8207407157464153 
11.179999999987283, -1.8193288568952286 
11.18999999998726, -1.818437434428287 
11.199999999987236, -1.818152749862568 
11.209999999987213, -1.8181406357087497 
11.21999999998719, -1.8180293039829702 
11.229999999987166, -1.8175917418663534 
11.239999999987143, -1.8166083312536223 
11.24999999998712, -1.8146792629313335 
11.259999999987096, -1.811194782757099 
11.269999999987073, -1.8062990339498461 
11.27999999998705, -1.8040827777501558 
11.289999999987026, -1.8112751235381708 
11.299999999987003, -1.8250708245082525 
11.30999999998698, -1.8369201179764816 
11.319999999986956, -1.8441438713453688 
11.329999999986933, -1.8479094213641791 
11.33999999998691, -1.8496485589608809 
11.349999999986887, -1.8502565057900526 
11.359999999986863, -1.8502116630873022 
11.36999999998684, -1.8497682235952897 
11.379999999986817, -1.849089970479259 
11.389999999986793, -1.8483180278364757 
11.39999999998677, -1.8475785570886785 
11.409999999986747, -1.8469891546735586 
11.419999999986723, -1.846647638012779 
11.4299999999867, -1.8465210309818514 
11.439999999986677, -1.8464167018168474 
11.449999999986654, -1.8461089210495174 
11.45999999998663, -1.8453681548987049 
11.469999999986607, -1.8438159778364231 
11.479999999986584, -1.8406471710469954 
11.48999999998656, -1.8342919783826264 
11.499999999986537, -1.823045484325337 
11.509999999986514, -1.8102929659138631 
11.51999999998649, -1.8091251178984478 
11.529999999986467, -1.8221069869033932 
11.539999999986444, -1.8355275895422867 
11.54999999998642, -1.84335574991552 
11.559999999986397, -1.8470259729726617 
11.569999999986374, -1.8485188748840031 
11.57999999998635, -1.8489317520722495 
11.589999999986327, -1.848779838223231 
11.599999999986304, -1.8483287894547633 
11.60999999998628, -1.8477869863246028 
11.619999999986257, -1.8473521676289302 
11.629999999986234, -1.847125314927824 
11.63999999998621, -1.847079497846309 
11.649999999986187, -1.847137810621033 
11.659999999986164, -1.8471910181954159 
11.66999999998614, -1.8470920249613283 
11.679999999986117, -1.8466748534544088 
11.689999999986094, -1.8457138595327536 
11.69999999998607, -1.843794868076543 
11.709999999986048, -1.840100018896352 
11.719999999986024, -1.833159361965614 
11.729999999986001, -1.8211822034111513 
11.739999999985978, -1.8051626236817473 
11.749999999985954, -1.7937527832909592 
11.759999999985931, -1.7940487940242105 
11.769999999985908, -1.7996850789168186 
11.779999999985884, -1.8040296831209708 
11.789999999985861, -1.8062155635478454 
11.799999999985838, -1.8070473572310575 
11.809999999985815, -1.8071385979134942 
11.819999999985791, -1.8068050426483537 
11.829999999985768, -1.8062549054192583 
11.839999999985745, -1.8057660765166612 
11.849999999985721, -1.8056841040797855 
11.859999999985698, -1.8061272421678827 
11.869999999985675, -1.8068579371166567 
11.879999999985651, -1.8075720692437218 
11.889999999985628, -1.808088051840024 
11.899999999985605, -1.8083087739184012 
11.909999999985581, -1.808159494648176 
11.919999999985558, -1.8075460210909386 
11.929999999985535, -1.8063152039634531 
11.939999999985512, -1.8042166824322639 
11.949999999985488, -1.8008802536500466 
11.959999999985465, -1.7958930729191507 
11.969999999985442, -1.7892596064114787 
11.979999999985418, -1.7824662747396505 
11.989999999985395, -1.7784164887831768 
11.999999999985372, -1.7779851259181618 
12.009999999985348, -1.7790662377505977 
12.019999999985325, -1.779964012007613 
12.029999999985302, -1.780300003701885 
12.039999999985278, -1.7801466470644058 
12.049999999985255, -1.7795818728909354 
12.059999999985232, -1.7786769820745576 
12.069999999985209, -1.7777462023609096 
12.079999999985185, -1.777658242945341 
12.089999999985162, -1.7792836688026512 
12.099999999985139, -1.7822167318247835 
12.109999999985115, -1.785229328155491 
12.119999999985092, -1.787580359302586 
12.129999999985069, -1.7891361203645277 
12.139999999985045, -1.7899911992583355 
12.149999999985022, -1.7902616354595817 
12.159999999984999, -1.7900279622791735 
12.169999999984976, -1.7893287334739232 
12.179999999984952, -1.7881688528917465 
12.189999999984929, -1.7865411346434836 
12.199999999984906, -1.7844826017863866 
12.209999999984882, -1.7822091234598223 
12.219999999984859, -1.7802559217443068 
12.229999999984836, -1.7792020363714705 
12.239999999984812, -1.7790118189228887 
12.249999999984789, -1.779125578313749 
12.259999999984766, -1.7790990704156158 
12.269999999984742, -1.7787334205465157 
12.27999999998472, -1.7778727626920072 
12.289999999984696, -1.7762526881488376 
12.299999999984673, -1.7735938202758201 
12.30999999998465, -1.7705538772024751 
12.319999999984626, -1.7706220203249199 
12.329999999984603, -1.7775887758892748 
12.33999999998458, -1.7885086698826835 
12.349999999984556, -1.7978567275024264 
12.359999999984533, -1.8038896985546462 
12.36999999998451, -1.8072674635050354 
12.379999999984486, -1.808942204143435 
12.389999999984463, -1.809579643542087 
12.39999999998444, -1.8095720643773743 
12.409999999984416, -1.8091423969815927 
12.419999999984393, -1.8084340128318737 
12.42999999998437, -1.8075695284477518 
12.439999999984346, -1.8066733651329483 
12.449999999984323, -1.8058876915256783 
12.4599999999843, -1.8053659170712937 
12.469999999984276, -1.80514659843645 
12.479999999984253, -1.8050628324663787 
12.48999999998423, -1.8048711646111961 
12.499999999984206, -1.8043550955197507 
12.509999999984183, -1.8032395399159937 
12.51999999998416, -1.800978342658372 
12.529999999984136, -1.7964531723848876 
12.539999999984113, -1.7879833364770736 
12.54999999998409, -1.7759164206126066 
12.559999999984067, -1.7691898928533327 
12.569999999984043, -1.7777812265230881 
12.57999999998402, -1.7931966365413703 
12.589999999983997, -1.804395220924696 
12.599999999983973, -1.8102567277024302 
12.60999999998395, -1.8129059030118242 
12.619999999983927, -1.8139196104294826 
12.629999999983903, -1.81409932456508 
12.63999999998388, -1.8138276850109585 
12.649999999983857, -1.8133279687081398 
12.659999999983834, -1.8128012580203965 
12.66999999998381, -1.8124243268005942 
12.679999999983787, -1.8122595706782867 
12.689999999983764, -1.812260691029886 
12.69999999998374, -1.8123436389424126 
12.709999999983717, -1.8123905755251974 
12.719999999983694, -1.812254836311316 
12.72999999998367, -1.81177330896111 
12.739999999983647, -1.810714398359432 
12.749999999983624, -1.8086539460789965 
12.7599999999836, -1.8047867626394445 
12.769999999983577, -1.7977472155791314 
12.779999999983554, -1.7860224229015913 
12.78999999998353, -1.7707242821280722 
12.799999999983507, -1.759448459652786 
12.809999999983484, -1.758562008181163 
12.81999999998346, -1.7630548603742369 
12.829999999983437, -1.7668931061347322 
12.839999999983414, -1.7689191341716026 
12.84999999998339, -1.7697103169538937 
12.859999999983367, -1.7697946760031962 
12.869999999983344, -1.769456013836777 
12.87999999998332, -1.7688822672480196 
12.889999999983297, -1.768345748741052 
12.899999999983274, -1.7682473898171711 
12.90999999998325, -1.7688065967212467 
12.919999999983228, -1.7697933504752097 
12.929999999983204, -1.7708108092786308 
12.939999999983181, -1.7716087733752097 
12.949999999983158, -1.7720810689749538 
12.959999999983134, -1.7721770494060678 
12.969999999983111, -1.7718483089097117 
12.979999999983088, -1.7710175789570513 
12.989999999983064, -1.7695572689641625 
12.999999999983041, -1.7672786136775698 
13.009999999983018, -1.7639573269084796 
13.019999999982995, -1.7594976984799324 
13.029999999982971, -1.75440774357007 
13.039999999982948, -1.7502431290149043 
13.049999999982925, -1.7484852767871097 
13.059999999982901, -1.7486570744520762 
13.069999999982878, -1.7493039671703894 
13.079999999982855, -1.7496655438496194 
13.089999999982831, -1.749602196093263 
13.099999999982808, -1.7491168184375856 
13.109999999982785, -1.7481838349008991 
13.119999999982761, -1.7468600455123073 
13.129999999982738, -1.7457566668258444 
13.139999999982715, -1.74642975918871 
13.149999999982692, -1.7499342025454552 
13.159999999982668, -1.7549780613940793 
13.169999999982645, -1.7595804594296383 
13.179999999982622, -1.7629162292875062 
13.189999999982598, -1.7650259890430913 
13.199999999982575, -1.7661785097637868 
13.209999999982552, -1.7666165486483316 
13.219999999982528, -1.7665100404262848 
13.229999999982505, -1.7659665246626812 
13.239999999982482, -1.7650549282929358 
13.249999999982458, -1.7638357681296832 
13.259999999982435, -1.7624016074995041 
13.269999999982412, -1.7609424893891306 
13.279999999982389, -1.7597818853068408 
13.289999999982365, -1.7591823421013395 
13.299999999982342, -1.7590437241094872 
13.309999999982319, -1.759015079571022 
13.319999999982295, -1.7588065074567627 
13.329999999982272, -1.758221024480123 
13.339999999982249, -1.756996102619309 
13.349999999982225, -1.7546192339501545 
13.359999999982202, -1.7502820674392214 
13.369999999982179, -1.7438989211280596 
13.379999999982156, -1.7397593567463854 
13.389999999982132, -1.74614374543155 
13.399999999982109, -1.7614372246078869 
13.409999999982086, -1.7754835983426207 
13.419999999982062, -1.784204116063142 
13.429999999982039, -1.7887416807606364 
13.439999999982016, -1.7908515064397765 
13.449999999981992, -1.7916528139933412 
13.459999999981969, -1.7917349307106392 
13.469999999981946, -1.791401907931882 
13.479999999981922, -1.79084311912668 
13.4899999999819, -1.7902229352596777 
13.499999999981876, -1.789680177503957 
13.509999999981853, -1.78929157625602 
13.51999999998183, -1.7890826399644735 
13.529999999981806, -1.7890207949993702 
13.539999999981783, -1.7889817043530285 
13.54999999998176, -1.7887904245204063 
13.559999999981736, -1.788260412098754 
13.569999999981713, -1.787128293390906 
13.57999999998169, -1.7848890182422004 
13.589999999981666, -1.7805313078763725 
13.599999999981643, -1.7722853870481092 
13.60999999998162, -1.758374524071387 
13.619999999981596, -1.7414087996462608 
13.629999999981573, -1.7322543462869988 
13.63999999998155, -1.7359847428392203 
13.649999999981526, -1.7437164372602496 
13.659999999981503, -1.7490595381388605 
13.66999999998148, -1.7517307710929724 
13.679999999981456, -1.7528152351969672 
13.689999999981433, -1.7530541041402798 
13.69999999998141, -1.7528200055589842 
13.709999999981386, -1.7523260548744002 
13.719999999981363, -1.751803183800687 
13.72999999998134, -1.7515595715935888 
13.739999999981316, -1.7517929132417531 
13.749999999981293, -1.7523904091385982 
13.75999999998127, -1.7530807877481795 
13.769999999981247, -1.7536566855125166 
13.779999999981223, -1.753998037999775 
13.7899999999812, -1.7540232962403202 
13.799999999981177, -1.7536523762028338 
13.809999999981153, -1.7527735861899814 
13.81999999998113, -1.7512122643519539 
13.829999999981107, -1.7487075180459442 
13.839999999981083, -1.7449242165761902 
13.84999999998106, -1.7396142552709937 
13.859999999981037, -1.7331759133587763 
13.869999999981014, -1.7274193850936517 
13.87999999998099, -1.7245979031193415 
13.889999999980967, -1.724600695331962 
13.899999999980944, -1.7255201686477601 
13.90999999998092, -1.7261822440154801 
13.919999999980897, -1.7263570134833657 
13.929999999980874, -1.7260904235752648 
13.93999999998085, -1.7254129433831331 
13.949999999980827, -1.7243598081687874 
13.959999999980804, -1.7232541304314442 
13.96999999998078, -1.723123541510829 
13.979999999980757, -1.7251667797905998 
13.989999999980734, -1.729062662344918 
13.99999999998071, -1.733221092855467 
14.009999999980687, -1.7365555939140829 
14.019999999980664, -1.7388371817474777 
14.02999999998064, -1.7402049799776544 
14.039999999980617, -1.7408519603665167 
14.049999999980594, -1.740931700043302 
14.05999999998057, -1.740547608855784 
14.069999999980547, -1.7397644722230303 
14.079999999980524, -1.7386292674966355 
14.0899999999805, -1.7372023593430128 
14.099999999980477, -1.7356108903064353 
14.109999999980454, -1.7341230435009822 
14.11999999998043, -1.733103158400823 
14.129999999980408, -1.73269700152998 
14.139999999980384, -1.732651775489337 
14.149999999980361, -1.732601363828228 
14.159999999980338, -1.7323022847882599 
14.169999999980314, -1.7315661969548697 
14.179999999980291, -1.7300870874841927 
14.189999999980268, -1.7272795133515426 
14.199999999980244, -1.7223850498322766 
14.209999999980221, -1.7160460253557317 
14.219999999980198, -1.713976024325006 
14.229999999980175, -1.7232053892261914 
14.239999999980151, -1.7390483653456381 
14.249999999980128, -1.7521423670867382 
14.259999999980105, -1.7599760160963556 
14.269999999980081, -1.7640027416849435 
14.279999999980058, -1.7658529098159559 
14.289999999980035, -1.766524118777682 
14.299999999980011, -1.7665399190505944 
14.309999999979988, -1.7661757771358402 
14.319999999979965, -1.7656131165078104 
14.329999999979941, -1.765016060452973 
14.339999999979918, -1.7645193530892573 
14.349999999979895, -1.7641882112958769 
14.359999999979872, -1.7640316788057309 
14.369999999979848, -1.7640032861323554 
14.379999999979825, -1.7639783613563296 
14.389999999979802, -1.7637913231878215 
14.399999999979778, -1.76326479065905 
14.409999999979755, -1.7621483095396588 
14.419999999979732, -1.7599741299411502 
14.429999999979708, -1.7558352179595267 
14.439999999979685, -1.748172812613539 
14.449999999979662, -1.7352855831693668 
14.459999999979638, -1.7185903441795944 
14.469999999979615, -1.7067902505212902 
14.479999999979592, -1.70679740833057 
14.489999999979569, -1.7127466798861941 
14.499999999979545, -1.7177250636345138 
14.509999999979522, -1.7204232147862757 
14.519999999979499, -1.7215813412302974 
14.529999999979475, -1.7218788676726073 
14.539999999979452, -1.7216814964194227 
14.549999999979429, -1.7211907683109136 
14.559999999979405, -1.720619196466338 
14.569999999979382, -1.7203017997416024 
14.579999999979359, -1.7205522664044892 
14.589999999979335, -1.7213409831221873 
14.599999999979312, -1.7223367772371236 
14.609999999979289, -1.7232348270467668 
14.619999999979266, -1.7238750732471542 
14.629999999979242, -1.724183815983174 
14.639999999979219, -1.7241142399574811 
14.649999999979196, -1.7236121283400134 
14.659999999979172, -1.7225939564884112 
14.669999999979149, -1.7209340151575858 
14.679999999979126, -1.7184661622120476 
14.689999999979102, -1.715033954407107 
14.69999999997908, -1.7106875399460795 
14.709999999979056, -1.7061045538516109 
14.719999999979033, -1.7027141484924506 
14.72999999997901, -1.7014640521429054 
14.739999999978986, -1.7016797204408067 
14.749999999978963, -1.7021868566048954 
14.75999999997894, -1.702420452535118 
14.769999999978916, -1.7022638706902096 
14.779999999978893, -1.7016873627984797 
14.78999999997887, -1.7006181064225738 
14.799999999978846, -1.6990487204361746 
14.809999999978823, -1.6975609224069867 
14.8199999999788, -1.6979934650410986 
14.829999999978776, -1.7021007069059457 
14.839999999978753, -1.7087064065053041 
14.84999999997873, -1.715071074766127 
14.859999999978706, -1.7197980734647882 
14.869999999978683, -1.722842364441723 
14.87999999997866, -1.7245887054871392 
14.889999999978636, -1.7254135873251328 
14.899999999978613, -1.7255899525605927 
14.90999999997859, -1.7252971100411414 
14.919999999978566, -1.724653520180551 
14.929999999978543, -1.7237532404727105 
14.93999999997852, -1.7226962273104724 
14.949999999978496, -1.7216122258320283 
14.959999999978473, -1.7206838585957733 
14.96999999997845, -1.7200970809556257 
14.979999999978427, -1.7198698198588294 
14.989999999978403, -1.7197998384794793 
14.99999999997838, -1.719634772865677 
15.009999999978357, -1.7191710300828977 
15.019999999978333, -1.7181713341973126 
15.02999999997831, -1.7161853775897753 
15.039999999978287, -1.712301846821611 
15.049999999978263, -1.7050357875296274 
15.05999999997824, -1.6937064234986465 
15.069999999978217, -1.6835336460247412 
15.079999999978194, -1.685671343409797 
15.08999999997817, -1.6995145123099131 
15.099999999978147, -1.7131830207369743 
15.109999999978124, -1.7215506962641318 
15.1199999999781, -1.7257330724822235 
15.129999999978077, -1.7275820440253185 
15.139999999978054, -1.7282279241766427 
15.14999999997803, -1.7282340496782986 
15.159999999978007, -1.7278841345649958 
15.169999999977984, -1.7273752962863178 
15.17999999997796, -1.7269156012965112 
15.189999999977937, -1.7266852325971485 
15.199999999977914, -1.7267214410100737 
15.20999999997789, -1.7269286778640631 
15.219999999977867, -1.727181314366661 
15.229999999977844, -1.7273579529599499 
15.23999999997782, -1.727338295758294 
15.249999999977797, -1.7269998826795772 
15.259999999977774, -1.7261880025958747 
15.26999999997775, -1.7246590017359327 
15.279999999977727, -1.7220136215813917 
15.289999999977704, -1.717647975347365 
15.29999999997768, -1.7108461516112428 
15.309999999977657, -1.7014161371755105 
15.319999999977634, -1.6912508282335676 
15.32999999997761, -1.684627241385534 
15.339999999977588, -1.6835077481465095 
15.349999999977564, -1.685145778134099 
15.359999999977541, -1.686779983650189 
15.369999999977518, -1.6876617012949418 
15.379999999977494, -1.6878976659284528 
15.389999999977471, -1.6876659286550928 
15.399999999977448, -1.6870665590993312 
15.409999999977424, -1.686215198650975 
15.419999999977401, -1.6854819638814813 
15.429999999977378, -1.6856419987938167 
15.439999999977355, -1.6872928686647808 
15.449999999977331, -1.6900136401134571 
15.459999999977308, -1.6928280575395398 
15.469999999977285, -1.695115705396472 
15.479999999977261, -1.6967164884511132 
15.489999999977238, -1.6976751246989956 
15.499999999977215, -1.6980786066109617 
15.509999999977191, -1.6980004603262362 
15.519999999977168, -1.6974888252175977 
15.529999999977145, -1.69656981460922 
15.539999999977121, -1.6952608050973232 
15.549999999977098, -1.693599307692154 
15.559999999977075, -1.6917040167331323 
15.569999999977052, -1.6898672756468933 
15.579999999977028, -1.6885306424538071 
15.589999999977005, -1.6879402349098733 
15.599999999976982, -1.687868272526903 
15.609999999976958, -1.6878917075601616 
15.619999999976935, -1.6877231221561626 
15.629999999976912, -1.68719206658715 
15.639999999976888, -1.6860825012007292 
15.649999999976865, -1.6839809304400972 
15.659999999976842, -1.6802491945795985 
15.669999999976818, -1.6747668594139942 
15.679999999976795, -1.670647836904055 
15.689999999976772, -1.675040836422418 
15.699999999976749, -1.6889887009466347 
15.709999999976725, -1.703994892364113 
15.719999999976702, -1.7144124635807056 
15.729999999976679, -1.7202812237758647 
15.739999999976655, -1.7232282492989832 
15.749999999976632, -1.7245280261537903 
15.759999999976609, -1.7249154090349221 
15.769999999976585, -1.7247788363992722 
15.779999999976562, -1.724337635720601 
15.789999999976539, -1.7237587100592702 
15.799999999976515, -1.7232008246670705 
15.809999999976492, -1.7227804211394173 
15.819999999976469, -1.7225382397020552 
15.829999999976446, -1.7224599253815895 
15.839999999976422, -1.7224761533047943 
15.849999999976399, -1.72245577839597 
15.859999999976376, -1.7222434721772484 
15.869999999976352, -1.721670860194871 
15.879999999976329, -1.7204930667350724 
15.889999999976306, -1.718266566608833 
15.899999999976282, -1.7141808173269606 
15.90999999997626, -1.7069309471920024 
15.919999999976236, -1.6951506146486466 
15.929999999976213, -1.6797413460357582 
15.93999999997619, -1.6671262422355313 
15.949999999976166, -1.6639843976716047 
15.959999999976143, -1.6674659828552862 
15.96999999997612, -1.6714760528137966 
15.979999999976096, -1.6739225513304437 
15.989999999976073, -1.6750449358131239 
15.99999999997605, -1.6753570679204643 
16.009999999976028, -1.6751746671988859 
16.019999999976005, -1.6746689263612722 
16.02999999997598, -1.674017180451682 
16.039999999975958, -1.6735656390299614 
16.049999999975935, -1.673788307910153 
16.05999999997591, -1.6748568536628685 
16.069999999975888, -1.676408711846565 
16.079999999975865, -1.6779435495648596 
16.08999999997584, -1.6791699243057514 
16.099999999975818, -1.6799888817485182 
16.109999999975795, -1.68038405454604 
16.11999999997577, -1.6803576565282516 
16.129999999975748, -1.6799036917371872 
16.139999999975725, -1.6789982470574718 
16.1499999999757, -1.6775997107001241 
16.15999999997568, -1.6756627860485913 
16.169999999975655, -1.6731871845945545 
16.17999999997563, -1.6703418982858924 
16.18999999997561, -1.6676371267572425 
16.199999999975585, -1.6658098293267927 
16.20999999997556, -1.6651570721278965 
16.21999999997554, -1.6652187131035956 
16.229999999975515, -1.665381143721147 
16.239999999975492, -1.6653196926685971 
16.24999999997547, -1.6649004744656488 
16.259999999975445, -1.6639821538484028 
16.269999999975422, -1.662306316886723 
16.2799999999754, -1.6595810761900815 
16.289999999975375, -1.656245238726413 
16.299999999975352, -1.6552347509407805 
16.30999999997533, -1.661029012041812 
16.319999999975305, -1.6728183995942942 
16.329999999975282, -1.68470594743254 
16.33999999997526, -1.693219064529616 
16.349999999975235, -1.6983359228039805 
16.359999999975212, -1.701092504601124 
16.36999999997519, -1.70239454573415 
16.379999999975166, -1.7028236482330303 
16.389999999975142, -1.7027175737966087 
16.39999999997512, -1.7022767267773347 
16.409999999975096, -1.7016483924747376 
16.419999999975072, -1.7009706761945735 
16.42999999997505, -1.700364033017711 
16.439999999975026, -1.6999110485923619 
16.449999999975002, -1.6996556867039 
16.45999999997498, -1.6995708421601194 
16.469999999974956, -1.69953109652782 
16.479999999974932, -1.699365602511103 
16.48999999997491, -1.6989015333306134 
16.499999999974886, -1.6979152793005077 
16.509999999974863, -1.6960069869649874 
16.51999999997484, -1.6924089396481048 
16.529999999974816, -1.6857721678127677 
16.539999999974793, -1.674361972775177 
16.54999999997477, -1.658139821442782 
16.559999999974746, -1.6431027050874534 
16.569999999974723, -1.6382509238807537 
16.5799999999747, -1.642537475438251 
16.589999999974676, -1.6482798128635217 
16.599999999974653, -1.6520204978448807 
16.60999999997463, -1.653883366435723 
16.619999999974606, -1.6546055747232895 
16.629999999974583, -1.6546758660139396 
16.63999999997456, -1.6543467397646765 
16.649999999974536, -1.6537822256197543 
16.659999999974513, -1.65321558260858 
16.66999999997449, -1.6530289408651595 
16.679999999974466, -1.6535428811770978 
16.689999999974443, -1.654670991589421 
16.69999999997442, -1.656012237720694 
16.709999999974396, -1.6572174913233302 
16.719999999974373, -1.658114782417347 
16.72999999997435, -1.658642723014795 
16.739999999974327, -1.658780791909105 
16.749999999974303, -1.658513334228179 
16.75999999997428, -1.6578130388536514 
16.769999999974257, -1.6566351936616825 
16.779999999974233, -1.6549217939029937 
16.78999999997421, -1.6526258279766057 
16.799999999974187, -1.6497871822123382 
16.809999999974163, -1.6466966715183813 
16.81999999997414, -1.6440275525441597 
16.829999999974117, -1.6424952516947875 
16.839999999974093, -1.6421253984899522 
16.84999999997407, -1.6422925608156507 
16.859999999974047, -1.6424362194206026 
16.869999999974024, -1.6423091824987701 
16.879999999974, -1.6418004150277696 
16.889999999973977, -1.640756484843721 
16.899999999973954, -1.6389043096900682 
16.90999999997393, -1.636011092175996 
16.919999999973907, -1.6328200857721 
16.929999999973884, -1.632708661506408 
16.93999999997386, -1.639724691206417 
16.949999999973837, -1.6520114747772712 
16.959999999973814, -1.6637289323181932 
16.96999999997379, -1.6719450838037144 
16.979999999973767, -1.6768484369491286 
16.989999999973744, -1.679479908056842 
16.99999999997372, -1.6807136285526536 
17.009999999973697, -1.6811074183524883 
17.019999999973674, -1.680985938693755 
17.02999999997365, -1.6805441805393553 
17.039999999973627, -1.6799290495053207 
17.049999999973604, -1.6792802492315613 
17.05999999997358, -1.6787172426853096 
17.069999999973557, -1.6783142334881493 
17.079999999973534, -1.678101056029719 
17.08999999997351, -1.6780430297539806 
17.099999999973488, -1.6780205535264052 
17.109999999973464, -1.6778730921137412 
17.11999999997344, -1.6774370950286752 
17.129999999973418, -1.6765053399503942 
17.139999999973394, -1.6747209907678493 
17.14999999997337, -1.6714218367221043 
17.159999999973348, -1.6654694539171888 
17.169999999973324, -1.6553486336079402 
17.1799999999733, -1.6405452281284347 
17.189999999973278, -1.6249860485339656 
17.199999999973254, -1.6167816650973372 
17.20999999997323, -1.6179557534962654 
17.219999999973208, -1.622490628043281 
17.229999999973185, -1.626041219339733 
17.23999999997316, -1.6279680154715748 
17.249999999973138, -1.6287746635767415 
17.259999999973115, -1.628909649972951 
17.26999999997309, -1.6286191864979973 
17.279999999973068, -1.628047609573554 
17.289999999973045, -1.6273896587489856 
17.29999999997302, -1.6270355512330608 
17.309999999972998, -1.6274656740825193 
17.319999999972975, -1.6287879996127965 
17.32999999997295, -1.630579183953009 
17.339999999972928, -1.6323203505263948 
17.349999999972905, -1.6337194701294773 
17.35999999997288, -1.6346825741595932 
17.36999999997286, -1.6352030682592253 
17.379999999972835, -1.6352973456945676 
17.38999999997281, -1.6349785847520537 
17.39999999997279, -1.6342484031444933 
17.409999999972765, -1.6330979933300074 
17.41999999997274, -1.6315193977159208 
17.42999999997272, -1.629536536229764 
17.439999999972695, -1.6272755677139763 
17.449999999972672, -1.6250669549198793 
17.45999999997265, -1.623417199986034 
17.469999999972625, -1.6226382485007202 
17.479999999972602, -1.6225192579412382 
17.48999999997258, -1.6225939590678347 
17.499999999972555, -1.6225307966971072 
17.509999999972532, -1.6221595193113472 
17.51999999997251, -1.621319714277437 
17.529999999972485, -1.6197157118623688 
17.539999999972462, -1.6168231557508115 
17.54999999997244, -1.6121138456119795 
17.559999999972415, -1.6065437655777548 
17.569999999972392, -1.6052286995563498 
17.57999999997237, -1.6141056009107224 
17.589999999972346, -1.6298497125154676 
17.599999999972322, -1.644029183671849 
17.6099999999723, -1.6532386144419235 
17.619999999972276, -1.6583120731720011 
17.629999999972252, -1.6608309633812657 
17.63999999997223, -1.661915007294752 
17.649999999972206, -1.6621977485161519 
17.659999999972182, -1.6620164703561175 
17.66999999997216, -1.6615706972826643 
17.679999999972136, -1.6610265387104817 
17.689999999972112, -1.6605501418809916 
17.69999999997209, -1.6602578417676566 
17.709999999972066, -1.6601675355454428 
17.719999999972043, -1.6602275255454064 
17.72999999997202, -1.6603502663650698 
17.739999999971996, -1.6604179381932993 
17.749999999971973, -1.6603009145219076 
17.75999999997195, -1.659864548528817 
17.769999999971926, -1.6589342938160812 
17.779999999971903, -1.6572332353052015 
17.78999999997188, -1.6543121319285543 
17.799999999971856, -1.6495061578471124 
17.809999999971833, -1.6420546368371234 
17.81999999997181, -1.6317703193671182 
17.829999999971786, -1.6205586029692565 
17.839999999971763, -1.6127587439970092 
17.84999999997174, -1.610797006849145 
17.859999999971716, -1.612270902541327 
17.869999999971693, -1.6141173659912813 
17.87999999997167, -1.6152575530410254 
17.889999999971646, -1.615701431525034 
17.899999999971623, -1.615637077589838 
17.9099999999716, -1.615180256282505 
17.919999999971576, -1.6143984524490613 
17.929999999971553, -1.6134718392549903 
17.93999999997153, -1.6129615408073348 
17.949999999971507, -1.6137777473455084 
17.959999999971483, -1.6163083752507372 
17.96999999997146, -1.6198064524284503 
17.979999999971437, -1.6232006511709471 
17.989999999971413, -1.6259096340984835 
17.99999999997139, -1.6278164527352064 
18.009999999971367, -1.6289989153862525 
18.019999999971343, -1.6295750497852268 
18.02999999997132, -1.6296502213637563 
18.039999999971297, -1.6293058904208226 
18.049999999971273, -1.6286035449600011 
18.05999999997125, -1.6275974883630362 
18.069999999971227, -1.626354841431788 
18.079999999971204, -1.6249826469000734 
18.08999999997118, -1.623662046354039 
18.099999999971157, -1.622641554653136 
18.109999999971134, -1.622091080260989 
18.11999999997111, -1.6219263243104085 
18.129999999971087, -1.6218816557827924 
18.139999999971064, -1.6217117262958856 
18.14999999997104, -1.6212358955779316 
18.159999999971017, -1.6202376492412096 
18.169999999970994, -1.6183073523353237 
18.17999999997097, -1.6146370390538742 
18.189999999970947, -1.6078980436137176 
18.199999999970924, -1.5970823907218128 
18.2099999999709, -1.585123858372752 
18.219999999970877, -1.581483538240262 
18.229999999970854, -1.5909265788711502 
18.23999999997083, -1.6049528900927226 
18.249999999970807, -1.6154500270162333 
18.259999999970784, -1.6213549825767875 
18.26999999997076, -1.6242420911034894 
18.279999999970737, -1.6254799978397252 
18.289999999970714, -1.6258391427675805 
18.29999999997069, -1.625705642747325 
18.309999999970668, -1.625290996819817 
18.319999999970644, -1.6247789722246195 
18.32999999997062, -1.6244006898013026 
18.339999999970598, -1.624367573686151 
18.349999999970574, -1.6247117982412203 
18.35999999997055, -1.6252782681424307 
18.369999999970528, -1.625873820347638 
18.379999999970504, -1.626353452242503 
18.38999999997048, -1.626616367696288 
18.399999999970458, -1.6265854741203598 
18.409999999970434, -1.6261873073979918 
18.41999999997041, -1.6253320159714715 
18.429999999970388, -1.6238991569049221 
18.439999999970365, -1.621734160726365 
18.44999999997034, -1.6186675902016283 
18.459999999970318, -1.6146004050069227 
18.469999999970295, -1.6097401562016138 
18.47999999997027, -1.604953377528312 
18.489999999970248, -1.6016228479863788 
18.499999999970225, -1.6004184261983716 
18.5099999999702, -1.6005963904272615 
18.519999999970178, -1.6010815419615618 
18.529999999970155, -1.6013392767815398 
18.53999999997013, -1.6012388160502353 
18.549999999970108, -1.6007423581024618 
18.559999999970085, -1.5997619678642716 
18.56999999997006, -1.598167750921926 
18.57999999997004, -1.5960728022645847 
18.589999999970015, -1.5946533644043084 
18.59999999996999, -1.5966015328093834 
18.60999999996997, -1.603506043016076 
18.619999999969945, -1.6129985288905488 
18.62999999996992, -1.621576936074104 
18.6399999999699, -1.627748995793316 
18.649999999969875, -1.6316430761020413 
18.659999999969852, -1.6338590372331836 
18.66999999996983, -1.6349474203703824 
18.679999999969805, -1.635298325685201 
18.689999999969782, -1.635162994840097 
18.69999999996976, -1.6347050147454554 
18.709999999969735, -1.6340517746281293 
18.719999999969712, -1.6333269565702355 
18.72999999996969, -1.6326481198145637 
18.739999999969665, -1.6321095819780378 
18.749999999969642, -1.631774004810269 
18.75999999996962, -1.631639152054154 
18.769999999969595, -1.6316029143667745 
18.779999999969572, -1.6315037129322743 
18.78999999996955, -1.6311789618782355 
18.799999999969526, -1.6304493029518885 
18.809999999969502, -1.6290329540338075 
18.81999999996948, -1.626413662319021 
18.829999999969456, -1.6216756975879705 
18.839999999969432, -1.6134398895186641 
18.84999999996941, -1.6004969398660596 
18.859999999969386, -1.5842453630394355 
18.869999999969362, -1.571198058733569 
18.87999999996934, -1.5675352188129914 
18.889999999969316, -1.5707592382134674 
18.899999999969292, -1.5750064300407174 
18.90999999996927, -1.5778367690486534 
18.919999999969246, -1.5792736293807008 
18.929999999969223, -1.5798092524198097 
18.9399999999692, -1.5797898458460284 
18.949999999969176, -1.5793968970153953 
18.959999999969153, -1.578752783855501 
18.96999999996913, -1.5780738389985933 
18.979999999969106, -1.577810339501505 
18.989999999969083, -1.5784930110943554 
18.99999999996906, -1.5802094641122069 
19.009999999969036, -1.5824566244010407 
19.019999999969013, -1.5846358659212487 
19.02999999996899, -1.586411767014559 
19.039999999968966, -1.5876830774108581 
19.049999999968943, -1.588456531616281 
19.05999999996892, -1.588770784079793 
19.069999999968896, -1.5886657773873654 
19.079999999968873, -1.5881734645402972 
19.08999999996885, -1.587318451936572 
19.099999999968826, -1.5861264089621547 
19.109999999968803, -1.5846424063503877 
19.11999999996878, -1.582964144063561 
19.129999999968756, -1.5812900639899625 
19.139999999968733, -1.5799260162667967 
19.14999999996871, -1.579127174473841 
19.159999999968687, -1.5788604993611703 
19.169999999968663, -1.5788371844039766 
19.17999999996864, -1.5787641006230089 
19.189999999968617, -1.5784491017240918 
19.199999999968593, -1.5777229521538196 
19.20999999996857, -1.5763034028261993 
19.219999999968547, -1.5736309917298983 
19.229999999968523, -1.5687117515917595 
19.2399999999685, -1.5603895784004087 
19.249999999968477, -1.5494197821776643 
19.259999999968453, -1.5422443308537779 
19.26999999996843, -1.5470848954623535 
19.279999999968407, -1.5611162605098285 
19.289999999968384, -1.5745991512787003 
19.29999999996836, -1.5832813535333157 
19.309999999968337, -1.5879087981670406 
19.319999999968314, -1.5901136232052089 
19.32999999996829, -1.5910089009819361 
19.339999999968267, -1.591190460756906 
19.349999999968244, -1.5909603199346831 
19.35999999996822, -1.5905018910735493 
19.369999999968197, -1.590002133115554 
19.379999999968174, -1.589696311177764 
19.38999999996815, -1.5897700627212321 
19.399999999968127, -1.590213987057201 
19.409999999968104, -1.5908537698511371 
19.41999999996808, -1.5914981920249551 
19.429999999968057, -1.5920086433103715 
19.439999999968034, -1.5922913896238506 
19.44999999996801, -1.592277476928045 
19.459999999967987, -1.5919040418281574 
19.469999999967964, -1.5910981963302584 
19.47999999996794, -1.5897677355963724 
19.489999999967917, -1.587801426537013 
19.499999999967894, -1.5850870392266976 
19.50999999996787, -1.5815759852531204 
19.519999999967848, -1.5774479367843923 
19.529999999967824, -1.5733511114029324 
19.5399999999678, -1.570332279362487 
19.549999999967778, -1.5690145119688983 
19.559999999967754, -1.5689571458217582 
19.56999999996773, -1.5692948325141098 
19.579999999967708, -1.5694998108162876 
19.589999999967684, -1.5693951112365458 
19.59999999996766, -1.5689102926260943 
19.609999999967638, -1.5679267085769963 
19.619999999967614, -1.5662289139345993 
19.62999999996759, -1.5636526991751596 
19.639999999967568, -1.5608176973843173 
19.649999999967545, -1.5604382860679733 
19.65999999996752, -1.566241940961626 
19.669999999967498, -1.57772651830412 
19.679999999967475, -1.5899436277350414 
19.68999999996745, -1.599315083372864 
19.699999999967428, -1.6053174849835337 
19.709999999967405, -1.608756481542938 
19.71999999996738, -1.6105282869445374 
19.729999999967358, -1.6112750379465646 
19.739999999967335, -1.6113935891072348 
19.74999999996731, -1.6111202455949798 
19.759999999967288, -1.6106137854104596 
19.769999999967265, -1.6100157907706705 
19.77999999996724, -1.609464597306116 
19.78999999996722, -1.6090604713989713 
19.799999999967195, -1.6088401527173033 
19.80999999996717, -1.608786996518937 
19.81999999996715, -1.6088309590635617 
19.829999999967125, -1.6088519942963793 
19.8399999999671, -1.6087133100396624 
19.84999999996708, -1.6082757836754158 
19.859999999967055, -1.6073633270487968 
19.869999999967032, -1.6056980412957913 
19.87999999996701, -1.6028263408968997 
19.889999999966985, -1.5980680526622921 
19.899999999966962, -1.5906082639238208 
19.90999999996694, -1.5800666630811064 
19.919999999966915, -1.5678950152564222 
19.929999999966892, -1.5582163241438547 
19.93999999996687, -1.5544743460730566 
19.949999999966845, -1.5553061999447713 
19.959999999966822, -1.5573194631546898 
19.9699999999668, -1.5588095900629493 
19.979999999966775, -1.559547674215921 
19.989999999966752, -1.5597082128586104 
19.99999999996673, -1.5594406367642446 
20.009999999966706, -1.55881372696061 
20.019999999966682, -1.5578962781502623 
20.02999999996666, -1.5569653781908896 
20.039999999966636, -1.5567692369991448 
20.049999999966612, -1.558284863819476 
20.05999999996659, -1.5616700147539002 
20.069999999966566, -1.5659190864658576 
20.079999999966542, -1.5698899018894532 
20.08999999996652, -1.5730224211589947 
20.099999999966496, -1.5752310485337255 
20.109999999966472, -1.5766242547817646 
20.11999999996645, -1.57735105722785 
20.129999999966426, -1.5775469035210898 
20.139999999966403, -1.5773208184041219 
20.14999999996638, -1.5767588570642717 
20.159999999966356, -1.5759371361654049 
20.169999999966333, -1.5749391181712382 
20.17999999996631, -1.573869212531943 
20.189999999966286, -1.5728613757180032 
20.199999999966263, -1.5720722333345463 
20.20999999996624, -1.57161216160242 
20.219999999966216, -1.5714411906789318 
20.229999999966193, -1.5713797664711122 
20.23999999996617, -1.5712266802608663 
20.249999999966146, -1.5708123669126761 
20.259999999966123, -1.5699430148374351 
20.2699999999661, -1.5682842699434025 
20.279999999966076, -1.5651950749622776 
20.289999999966053, -1.5595266298590762 
20.29999999996603, -1.5496428509327775 
20.309999999966006, -1.5346385035537986 
20.319999999965983, -1.517788825041464 
20.32999999996596, -1.507639818874315 
20.339999999965936, -1.508623540029934 
20.349999999965913, -1.5152327172209996 
20.35999999996589, -1.5212360477297437 
20.369999999965867, -1.5249157321622184 
20.379999999965843, -1.5267808506774245 
20.38999999996582, -1.527551736212722 
20.399999999965797, -1.527683109280243 
20.409999999965773, -1.5274102773385783 
20.41999999996575, -1.526868831897644 
20.429999999965727, -1.526225516630269 
20.439999999965703, -1.5258076075551599 
20.44999999996568, -1.5260744383189282 
20.459999999965657, -1.5272724832201916 
20.469999999965633, -1.5291520764837974 
20.47999999996561, -1.5312037239652032 
20.489999999965587, -1.5330346436398143 
20.499999999965564, -1.534463715420104 
20.50999999996554, -1.5354440057864942 
20.519999999965517, -1.5359857236878374 
20.529999999965494, -1.5361164745603744 
20.53999999996547, -1.5358652811378246 
20.549999999965447, -1.5352581812836312 
20.559999999965424, -1.5343207192476347 
20.5699999999654, -1.5330873422806675 
20.579999999965377, -1.5316191678096653 
20.589999999965354, -1.5300318188575122 
20.59999999996533, -1.5285255579656445 
20.609999999965307, -1.5273618394393407 
20.619999999965284, -1.526712507869136 
20.62999999996526, -1.5265004117261516 
20.639999999965237, -1.5264668118070235 
20.649999999965214, -1.5263638202114247 
20.65999999996519, -1.5260183457759813 
20.669999999965167, -1.5252611556593658 
20.679999999965144, -1.5238071523325387 
20.68999999996512, -1.5210991299915129 
20.699999999965097, -1.5161189375367108 
20.709999999965074, -1.5074023993193848 
20.71999999996505, -1.4942122840695578 
20.729999999965028, -1.4799211621865345 
20.739999999965004, -1.473091605816217 
20.74999999996498, -1.4779784077314109 
20.759999999964958, -1.4883251470800327 
20.769999999964934, -1.4970866979104505 
20.77999999996491, -1.502438447624206 
20.789999999964888, -1.505221815770989 
20.799999999964864, -1.5064898258394535 
20.80999999996484, -1.5069089740774153 
20.819999999964818, -1.5068292106386982 
20.829999999964794, -1.506433344552724 
20.83999999996477, -1.5058661236889312 
20.849999999964748, -1.5053519731656606 
20.859999999964725, -1.5052382982985408 
20.8699999999647, -1.505823200491506 
20.879999999964678, -1.507079189893621 
20.889999999964655, -1.5086709922864738 
20.89999999996463, -1.51023590871279 
20.909999999964608, -1.5115500847003271 
20.919999999964585, -1.5125162487811676 
20.92999999996456, -1.5131057738973566 
20.939999999964538, -1.5133188730864742 
20.949999999964515, -1.5131648257545844 
20.95999999996449, -1.5126540837652067 
20.969999999964468, -1.5117973980364998 
20.979999999964445, -1.5106109707849948 
20.98999999996442, -1.5091294536312536 
20.9999999999644, -1.5074300389872246 
21.009999999964375, -1.5056686384715667 
21.01999999996435, -1.5041017294742576 
21.02999999996433, -1.5030081878226806 
21.039999999964305, -1.5024879630782169 
21.04999999996428, -1.502364971155125 
21.05999999996426, -1.5023474912527717 
21.069999999964235, -1.50220673913508 
21.079999999964212, -1.5017860552931732 
21.08999999996419, -1.500908065833732 
21.099999999964165, -1.4992517559451175 
21.109999999964142, -1.4961944236980624 
21.11999999996412, -1.4906438087110314 
21.129999999964095, -1.4811869949883756 
21.139999999964072, -1.4676052287317207 
21.14999999996405, -1.454247983634958 
21.159999999964025, -1.449522193191259 
21.169999999964002, -1.4558375433838657 
21.17999999996398, -1.4663008231432317 
21.189999999963955, -1.4746977965535102 
21.199999999963932, -1.4797486789626453 
21.20999999996391, -1.4823682570682801 
21.219999999963886, -1.4835580203739072 
21.229999999963862, -1.48394051905714 
21.23999999996384, -1.4838422524684542 
21.249999999963816, -1.4834345722767661 
21.259999999963792, -1.4828561775916884 
21.26999999996377, -1.4823296566489386 
21.279999999963746, -1.4822124050881116 
21.289999999963722, -1.4828329675461045 
21.2999999999637, -1.4841948129217397 
21.309999999963676, -1.4859583003227588 
21.319999999963652, -1.487726353489854 
21.32999999996363, -1.489242881511165 
21.339999999963606, -1.4903948433154328 
21.349999999963583, -1.491150888417919 
21.35999999996356, -1.4915155873796897 
21.369999999963536, -1.4915062556103071 
21.379999999963513, -1.491143404889179 
21.38999999996349, -1.4904486413349864 
21.399999999963466, -1.4894480804588899 
21.409999999963443, -1.488181905193911 
21.41999999996342, -1.4867207566672336 
21.429999999963396, -1.4851884529428336 
21.439999999963373, -1.4837795593038083 
21.44999999996335, -1.4827222415287777 
21.459999999963326, -1.4821429989884067 
21.469999999963303, -1.4819510941053418 
21.47999999996328, -1.481911172571148 
21.489999999963256, -1.4818002449510888 
21.499999999963233, -1.481456052160466 
21.50999999996321, -1.480715978775931 
21.519999999963186, -1.4793134001057244 
21.529999999963163, -1.4767418794119804 
21.53999999996314, -1.4720832548439247 
21.549999999963116, -1.4639317750073577 
21.559999999963093, -1.4509982849147454 
21.56999999996307, -1.4344007013808606 
21.579999999963047, -1.4202241387617844 
21.589999999963023, -1.4155297512925904 
21.599999999963, -1.4196950942502178 
21.609999999962977, -1.4264292729729753 
21.619999999962953, -1.4316706535805583 
21.62999999996293, -1.4347857375719073 
21.639999999962907, -1.4363676108820576 
21.649999999962883, -1.4370154348976738 
21.65999999996286, -1.4370954893363082 
21.669999999962837, -1.4367957484813099 
21.679999999962813, -1.436219656674832 
21.68999999996279, -1.4354967125897973 
21.699999999962767, -1.434925512349789 
21.709999999962744, -1.4350436930503256 
21.71999999996272, -1.4363652558657136 
21.729999999962697, -1.4388849537873833 
21.739999999962674, -1.4420291231216007 
21.74999999996265, -1.4451327139943468 
21.759999999962627, -1.4477846040218763 
21.769999999962604, -1.4498318373974444 
21.77999999996258, -1.4512668839149565 
21.789999999962557, -1.4521435068734665 
21.799999999962534, -1.4525355350134606 
21.80999999996251, -1.4525191987261432 
21.819999999962487, -1.4521663419972168 
21.829999999962464, -1.4515452023638842 
21.83999999996244, -1.4507280513637215 
21.849999999962417, -1.4498006535478043 
21.859999999962394, -1.4488649235242235 
21.86999999996237, -1.44803236900247 
21.879999999962347, -1.4474075009313274 
21.889999999962324, -1.4470475470730735 
21.8999999999623, -1.446913484528983 
21.909999999962277, -1.4468765537280461 
21.919999999962254, -1.4467822585627135 
21.92999999996223, -1.4464915575854687 
21.939999999962208, -1.4458622890567006 
21.949999999962184, -1.44469506092629 
21.95999999996216, -1.4426679027140463 
21.969999999962138, -1.4392759293198325 
21.979999999962114, -1.4338200850301486 
21.98999999996209, -1.425565492543504 
21.999999999962068, -1.4142854943953318 
22.009999999962044, -1.401259467853525 
22.01999999996202, -1.389774665059191 
22.029999999961998, -1.3831782369046137 
22.039999999961974, -1.3817049437127786 
22.04999999996195, -1.3828756121007335 
22.059999999961928, -1.3844587000049995 
22.069999999961905, -1.3855745292779802 
22.07999999996188, -1.3861246483908887 
22.089999999961858, -1.3862124850990059 
22.099999999961835, -1.3859175265392234 
22.10999999996181, -1.385248071516966 
22.119999999961788, -1.384161785459199 
22.129999999961765, -1.3826717599782998 
22.13999999996174, -1.381148730884496 
22.149999999961718, -1.3808006308442344 
22.159999999961695, -1.383575667643715 
22.16999999996167, -1.3905063242926547 
22.179999999961648, -1.4001778848109732 
22.189999999961625, -1.4099202986958934 
22.1999999999616, -1.417891635414668 
22.20999999996158, -1.4235782912297572 
22.219999999961555, -1.427245475890489 
22.22999999996153, -1.429396329666052 
22.23999999996151, -1.4305019881922556 
22.249999999961485, -1.4309164349616763 
22.25999999996146, -1.43087881211701 
22.26999999996144, -1.4305496666324085 
22.279999999961415, -1.4300563327159481 
22.289999999961392, -1.4295296942600852 
22.29999999996137, -1.429107119147917 
22.309999999961345, -1.4288908119475927 
22.319999999961322, -1.4289047821829308 
22.3299999999613, -1.4291004368506643 
22.339999999961275, -1.4293903844182014 
22.349999999961252, -1.42967286944373 
22.35999999996123, -1.4298479047016195 
22.369999999961205, -1.42982754761519 
22.379999999961182, -1.4295338254483911 
22.38999999996116, -1.428888924532609 
22.399999999961135, -1.4278083873511842 
22.409999999961112, -1.4262025855246223 
22.41999999996109, -1.4239869782561232 
22.429999999961066, -1.4211045731073226 
22.439999999961042, -1.4175738786592131 
22.44999999996102, -1.413580353209811 
22.459999999960996, -1.409587386211261 
22.469999999960972, -1.4063068508837808 
22.47999999996095, -1.4043208541022512 
22.489999999960926, -1.4036100447979796 
22.499999999960902, -1.4036331122420758 
22.50999999996088, -1.4038330159952115 
22.519999999960856, -1.403899851123721 
22.529999999960832, -1.4037027011411554 
22.53999999996081, -1.4031481843267621 
22.549999999960786, -1.4020729689688165 
22.559999999960763, -1.400153252909264 
22.56999999996074, -1.3968287578442788 
22.579999999960716, -1.391396617817008 
22.589999999960693, -1.3838030369649192 
22.59999999996067, -1.3766216100153938 
22.609999999960646, -1.3758202843354073 
22.619999999960623, -1.3851886495199568 
22.6299999999606, -1.4004145724627055 
22.639999999960576, -1.414283111301692 
22.649999999960553, -1.4236572392832332 
22.65999999996053, -1.4290347950169768 
22.669999999960506, -1.4318255993001334 
22.679999999960483, -1.433127536454601 
22.68999999996046, -1.4335892598163467 
22.699999999960436, -1.4335555285434256 
22.709999999960413, -1.43321183081278 
22.71999999996039, -1.4326960796298507 
22.729999999960366, -1.4321927908600256 
22.739999999960343, -1.4319768840845466 
22.74999999996032, -1.4323167787847277 
22.759999999960296, -1.4332718637418194 
22.769999999960273, -1.4346368551733737 
22.77999999996025, -1.4361095980176026 
22.789999999960227, -1.4374546219918487 
22.799999999960203, -1.4385391627991788 
22.80999999996018, -1.4393032640641406 
22.819999999960157, -1.4397268061435473 
22.829999999960133, -1.439808851116283 
22.83999999996011, -1.4395572312084852 
22.849999999960087, -1.43898473985473 
22.859999999960063, -1.4381099149333747 
22.86999999996004, -1.436962464816208 
22.879999999960017, -1.435594076378702 
22.889999999959993, -1.4340942006414223 
22.89999999995997, -1.43260708547887 
22.909999999959947, -1.4313302117987237 
22.919999999959924, -1.4304490494938653 
22.9299999999599, -1.430012763018223 
22.939999999959877, -1.4298844547905714 
22.949999999959854, -1.4298423746526376 
22.95999999995983, -1.4296962270887086 
22.969999999959807, -1.4293007912742846 
22.979999999959784, -1.4284940704229743 
22.98999999995976, -1.427007217397345 
22.999999999959737, -1.4243509163902148 
23.009999999959714, -1.419684021204048 
23.01999999995969, -1.4117739104842386 
23.029999999959667, -1.3994353219195657 
23.039999999959644, -1.3830629112537538 
23.04999999995962, -1.366644935041725 
23.059999999959597, -1.3563470421174528 
23.069999999959574, -1.3544348495136322 
23.07999999995955, -1.3574352563936292 
23.089999999959527, -1.361178280413241 
23.099999999959504, -1.3638917666410983 
23.10999999995948, -1.3654491877633728 
23.119999999959457, -1.3661697068146688 
23.129999999959434, -1.3663334715072202 
23.13999999995941, -1.3660982798667924 
23.149999999959388, -1.3655287169453336 
23.159999999959364, -1.3646589247483711 
23.16999999995934, -1.3636169797760824 
23.179999999959318, -1.3628513022561821 
23.189999999959294, -1.3633022506895816 
23.19999999995927, -1.3660097033895064 
23.209999999959248, -1.371120299957036 
23.219999999959224, -1.3775606297893161 
23.2299999999592, -1.3839151623750254 
23.239999999959178, -1.3892658857588616 
23.249999999959154, -1.39330164825246 
23.25999999995913, -1.396081152676937 
23.269999999959108, -1.3978168775940127 
23.279999999959085, -1.398752331963296 
23.28999999995906, -1.399103876631151 
23.299999999959038, -1.3990412909345795 
23.309999999959015, -1.3986935662633526 
23.31999999995899, -1.3981698320479412 
23.329999999958968, -1.397581770230139 
23.339999999958945, -1.3970474337684973 
23.34999999995892, -1.3966656288889268 
23.359999999958898, -1.3964839019481894 
23.369999999958875, -1.3964918094835166 
23.37999999995885, -1.3966327597738624 
23.389999999958828, -1.3968175779955516 
23.399999999958805, -1.3969435288958123 
23.40999999995878, -1.3969133243875833 
23.41999999995876, -1.3966389603996823 
23.429999999958735, -1.3960319208431868 
23.43999999995871, -1.3949932955780087 
23.44999999995869, -1.3934131559496177 
23.459999999958665, -1.3911812667262293 
23.46999999995864, -1.3882099772072005 
23.47999999995862, -1.3844774242332423 
23.489999999958595, -1.380108643270053 
23.499999999958572, -1.3754933367363809 
23.50999999995855, -1.3713354754225462 
23.519999999958525, -1.368402640767012 
23.529999999958502, -1.366989494752497 
23.53999999995848, -1.3667043383615955 
23.549999999958455, -1.3668926458112303 
23.559999999958432, -1.3670899424724994 
23.56999999995841, -1.3670855994716398 
23.579999999958385, -1.3667882282879018 
23.589999999958362, -1.3660996851961484 
23.59999999995834, -1.3648249850298309 
23.609999999958315, -1.3625878409780934 
23.619999999958292, -1.3587686793387106 
23.62999999995827, -1.352661788764688 
23.639999999958246, -1.3443947254842386 
23.649999999958222, -1.3368622312079463 
23.6599999999582, -1.3359338763329776 
23.669999999958176, -1.3447900425371961 
23.679999999958152, -1.3590863374424171 
23.68999999995813, -1.372135998665911 
23.699999999958106, -1.3810328954667348 
23.709999999958082, -1.3861915967965355 
23.71999999995806, -1.3888985561131955 
23.729999999958036, -1.3901767148758009 
23.739999999958012, -1.3906385923006521 
23.74999999995799, -1.3906113447140014 
23.759999999957966, -1.3902678155900106 
23.769999999957943, -1.3897304750474748 
23.77999999995792, -1.389168832495669 
23.789999999957896, -1.3888734840872945 
23.799999999957873, -1.3892032832998413 
23.80999999995785, -1.3903503998421605 
23.819999999957826, -1.3921597512465254 
23.829999999957803, -1.3942520436610648 
23.83999999995778, -1.3962726470873104 
23.849999999957756, -1.3980050459495372 
23.859999999957733, -1.3993527587123376 
23.86999999995771, -1.4002899563172262 
23.879999999957686, -1.4008261700623692 
23.889999999957663, -1.4009878666205997 
23.89999999995764, -1.4008100456844144 
23.909999999957616, -1.400332986759567 
23.919999999957593, -1.3996030042999499 
23.92999999995757, -1.398677564820256 
23.939999999957546, -1.397632498885423 
23.949999999957523, -1.3965658433058221 
23.9599999999575, -1.3955942862773592 
23.969999999957476, -1.394836088371675 
23.979999999957453, -1.3943670259584793 
23.98999999995743, -1.3941658057238229 
23.999999999957407, -1.3941123908065567 
24.009999999957383, -1.3940506457895836 
24.01999999995736, -1.3938404857348408 
24.029999999957337, -1.3933529579764357 
24.039999999957313, -1.3924268283303474 
24.04999999995729, -1.3908137618140655 
24.059999999957267, -1.3881273034639965 
24.069999999957243, -1.3838213994229362 
24.07999999995722, -1.3772634898012255 
24.089999999957197, -1.3680206471952565 
24.099999999957173, -1.3564637016648078 
24.10999999995715, -1.3444436940581328 
24.119999999957127, -1.3349708509695202 
24.129999999957104, -1.3300990453460015 
24.13999999995708, -1.3291992609337 
24.149999999957057, -1.33014323570876 
24.159999999957034, -1.3313288568477302 
24.16999999995701, -1.3321456921107406 
24.179999999956987, -1.3325127963984065 
24.189999999956964, -1.3324857924731675 
24.19999999995694, -1.3320966511763608 
24.209999999956917, -1.3313084665690704 
24.219999999956894, -1.3300154369783783 
24.22999999995687, -1.3281125148668762 
24.239999999956847, -1.3257702027879645 
24.249999999956824, -1.3240633568186322 
24.2599999999568, -1.3254688246722035 
24.269999999956777, -1.3325583157361591 
24.279999999956754, -1.3449713628705016 
24.28999999995673, -1.359061197932207 
24.299999999956707, -1.3711796992027423 
24.309999999956684, -1.3798552422078374 
24.31999999995666, -1.3853453648419978 
24.329999999956637, -1.3885122535951198 
24.339999999956614, -1.3901709577083659 
24.34999999995659, -1.3908993368110305 
24.359999999956568, -1.3910565555092875 
24.369999999956544, -1.3908565945982376 
24.37999999995652, -1.3904429252997987 
24.389999999956498, -1.3899529634036314 
24.399999999956474, -1.389556055036708 
24.40999999995645, -1.3894281958314743 
24.419999999956428, -1.3896638514637023 
24.429999999956404, -1.3902188440551637 
24.43999999995638, -1.3909543332383565 
24.449999999956358, -1.391718165802483 
24.459999999956334, -1.3923878889510128 
24.46999999995631, -1.392877007856356 
24.479999999956288, -1.3931282449625664 
24.489999999956265, -1.3931041258463361 
24.49999999995624, -1.3927790881052653 
24.509999999956218, -1.3921352766586594 
24.519999999956195, -1.391162029251497 
24.52999999995617, -1.3898589646338404 
24.539999999956148, -1.388244216002566 
24.549999999956125, -1.3863705564605193 
24.5599999999561, -1.384350846494387 
24.569999999956078, -1.3823836530836724 
24.579999999956055, -1.3807387371296964 
24.58999999995603, -1.379645524819731 
24.599999999956008, -1.3791326465548022 
24.609999999955985, -1.3790043614398155 
24.61999999995596, -1.3789926404963404 
24.62999999995594, -1.3788905000677474 
24.639999999955915, -1.3785578327193062 
24.64999999995589, -1.3778538838420438 
24.65999999995587, -1.3765508322276596 
24.669999999955845, -1.3742299961723963 
24.67999999995582, -1.3701546522482226 
24.6899999999558, -1.3631889144564302 
24.699999999955775, -1.3520560224753726 
24.709999999955752, -1.3365076392476047 
24.71999999995573, -1.319328806540734 
24.729999999955705, -1.3063441465757633 
24.739999999955682, -1.3015862573919246 
24.74999999995566, -1.3033471851460265 
24.759999999955635, -1.307279477687716 
24.769999999955612, -1.3106637917121395 
24.77999999995559, -1.312838079295848 
24.789999999955565, -1.3140045992815252 
24.799999999955542, -1.3144823206182155 
24.80999999995552, -1.3144904776407216 
24.819999999955495, -1.3141367570792128 
24.829999999955472, -1.3134530378300897 
24.83999999995545, -1.3124569604232696 
24.849999999955426, -1.3112854243896248 
24.859999999955402, -1.3104473898831341 
24.86999999995538, -1.31103306008102 
24.879999999955356, -1.314318938175049 
24.889999999955332, -1.320625803308202 
24.89999999995531, -1.3287643743315263 
24.909999999955286, -1.3369426094557066 
24.919999999955262, -1.3438829416539266 
24.92999999995524, -1.3491070404133525 
24.939999999955216, -1.3526809832106466 
24.949999999955192, -1.354910392365248 
24.95999999995517, -1.356145166963146 
24.969999999955146, -1.3566854146649083 
24.979999999955123, -1.3567540728664171 
24.9899999999551, -1.356507974500904 
24.999999999955076, -1.356067728364972 
