t, s[1].omega / s[0].omega 
0, -0.5899977308047306 
0.009999999999999995, -0.5897799071155776 
0.019999999999999934, -0.5895731031075924 
0.029999999999999874, -0.5893595866275391 
0.04000000000000012, -0.5891184372616889 
0.050000000000000405, -0.5888332766853923 
0.06000000000000069, -0.5884967053712693 
0.07000000000000098, -0.5881109217474635 
0.08000000000000126, -0.587686549095097 
0.09000000000000155, -0.5872422494335925 
0.10000000000000184, -0.5868069237090545 
0.11000000000000212, -0.5864255115876881 
0.12000000000000241, -0.5861691546957406 
0.130000000000002, -0.5861505104053462 
0.1400000000000009, -0.5865446253410991 
0.1499999999999998, -0.5876138650204865 
0.1599999999999987, -0.5897298126463797 
0.1699999999999976, -0.593372308635181 
0.1799999999999965, -0.5990638636937058 
0.1899999999999954, -0.6071799223963337 
0.1999999999999943, -0.61761908260267 
0.2099999999999932, -0.6295037788413578 
0.2199999999999921, -0.6412967572413744 
0.229999999999991, -0.6514864495046488 
0.2399999999999899, -0.6592947787038963 
0.2499999999999888, -0.6647721100761618 
0.2599999999999877, -0.6684048158601514 
0.2699999999999866, -0.6707334827454 
0.2799999999999855, -0.6721850009011892 
0.2899999999999844, -0.6730512022941005 
0.2999999999999833, -0.67351730612805 
0.3099999999999822, -0.6736936163530544 
0.3199999999999811, -0.6736378570808458 
0.32999999999998, -0.6733676417255603 
0.3399999999999789, -0.6728651507130385 
0.3499999999999778, -0.6720764473754111 
0.35999999999997667, -0.6709091391226657 
0.36999999999997557, -0.6692358085708947 
0.37999999999997447, -0.666915936077255 
0.38999999999997337, -0.6638484012395728 
0.39999999999997227, -0.6600460619665444 
0.40999999999997117, -0.6556858641866109 
0.41999999999997006, -0.6510796172537867 
0.42999999999996896, -0.6465711311167259 
0.43999999999996786, -0.6424325573668525 
0.44999999999996676, -0.6388200993390571 
0.45999999999996566, -0.6357872566564147 
0.46999999999996456, -0.6333210878317745 
0.47999999999996346, -0.6313749678160191 
0.48999999999996235, -0.6298893268863645 
0.49999999999996125, -0.6288021497715186 
0.5099999999999602, -0.6280535182669792 
0.519999999999959, -0.6275875649488711 
0.529999999999958, -0.6273536515995162 
0.5399999999999568, -0.6273074133336107 
0.5499999999999557, -0.6274116996655825 
0.5599999999999546, -0.6276372750804491 
0.5699999999999535, -0.627963183475569 
0.5799999999999524, -0.6283766780683521 
0.5899999999999513, -0.6288723850675794 
0.5999999999999502, -0.6294499395105596 
0.6099999999999491, -0.6301091184285419 
0.619999999999948, -0.6308422195414378 
0.6299999999999469, -0.6316255430224745 
0.6399999999999458, -0.6324145584277365 
0.6499999999999447, -0.6331480968835432 
0.6599999999999436, -0.6337627345403727 
0.6699999999999425, -0.6342106707545664 
0.6799999999999414, -0.6344704769899585 
0.6899999999999403, -0.6345455558246511 
0.6999999999999392, -0.6344542773655593 
0.7099999999999381, -0.634219326927161 
0.719999999999937, -0.633861049385226 
0.7299999999999359, -0.633395803763663 
0.7399999999999348, -0.6328388288271565 
0.7499999999999337, -0.63221165411725 
0.7599999999999326, -0.6315553777456475 
0.7699999999999315, -0.6309519510042715 
0.7799999999999304, -0.6305540905701857 
0.7899999999999293, -0.6306166053791129 
0.7999999999999282, -0.6315018249106218 
0.8099999999999271, -0.6336012062462115 
0.819999999999926, -0.6371156176633541 
0.8299999999999249, -0.6417683478992047 
0.8399999999999238, -0.6467694720163996 
0.8499999999999227, -0.6512633974370925 
0.8599999999999216, -0.6548476216260103 
0.8699999999999205, -0.6575885611326479 
0.8799999999999194, -0.6596990217308122 
0.8899999999999183, -0.6613351290521778 
0.8999999999999172, -0.6625837726491948 
0.9099999999999161, -0.663502866841146 
0.919999999999915, -0.6641428944426405 
0.9299999999999139, -0.6645492042086283 
0.9399999999999128, -0.6647580218618289 
0.9499999999999117, -0.6647926192933264 
0.9599999999999106, -0.6646607498838054 
0.9699999999999095, -0.6643528553556644 
0.9799999999999084, -0.6638410461546937 
0.9899999999999073, -0.6630804146080479 
0.9999999999999062, -0.6620161927508058 
1.0099999999999052, -0.6606007895799746 
1.019999999999904, -0.6588202000397485 
1.029999999999903, -0.6567184044553129 
1.039999999999902, -0.6544005914733237 
1.0499999999999008, -0.6520065693456395 
1.0599999999998997, -0.6496698197831636 
1.0699999999998986, -0.6474878244768238 
1.0799999999998975, -0.6455153328926206 
1.0899999999998964, -0.6437741640492061 
1.0999999999998953, -0.6422676367471709 
1.1099999999998942, -0.6409920177245684 
1.119999999999893, -0.63994290723929 
1.129999999999892, -0.6391174865501847 
1.1399999999998909, -0.6385143310685296 
1.1499999999998898, -0.6381322685077183 
1.1599999999998887, -0.6379693068329525 
1.1699999999998876, -0.6380222267282101 
1.1799999999998865, -0.6382870461813671 
1.1899999999998854, -0.6387602066409215 
1.1999999999998843, -0.6394399974547392 
1.2099999999998832, -0.6403273989337899 
1.219999999999882, -0.641425142348935 
1.229999999999881, -0.6427334566560042 
1.2399999999998799, -0.644241205979062 
1.2499999999998788, -0.6459129496074885 
1.2599999999998777, -0.6476767255770952 
1.2699999999998766, -0.649422449481685 
1.2799999999998755, -0.651020334078473 
1.2899999999998744, -0.6523562932738399 
1.2999999999998733, -0.653364424521531 
1.3099999999998722, -0.6540359606510957 
1.319999999999871, -0.6544034595327572 
1.32999999999987, -0.6545157892784875 
1.3399999999998689, -0.6544183710892295 
1.3499999999998678, -0.6541429616899093 
1.3599999999998666, -0.6537044546347437 
1.3699999999998655, -0.6531010538130342 
1.3799999999998644, -0.6523156244279866 
1.3899999999998633, -0.6513176029483356 
1.3999999999998622, -0.650065552766025 
1.4099999999998611, -0.6485094153634938 
1.41999999999986, -0.6465872277584468 
1.429999999999859, -0.6442042154132347 
1.4399999999998578, -0.6411874836722748 
1.4499999999998567, -0.6372663406193447 
1.4599999999998556, -0.6322254613197804 
1.4699999999998545, -0.626274875640763 
1.4799999999998534, -0.620231494539043 
1.4899999999998523, -0.6150944096125578 
1.4999999999998512, -0.6114286512232959 
1.5099999999998501, -0.6092100722865923 
1.519999999999849, -0.6080826313332415 
1.529999999999848, -0.6076410636642038 
1.5399999999998468, -0.6075677275339785 
1.5499999999998457, -0.607655281413661 
1.5599999999998446, -0.607782800927714 
1.5699999999998435, -0.607884641920063 
1.5799999999998424, -0.6079257674674374 
1.5899999999998413, -0.6078853786795723 
1.5999999999998402, -0.6077472127613177 
1.6099999999998391, -0.6074948614738231 
1.619999999999838, -0.6071114220232698 
1.629999999999837, -0.6065834182977476 
1.6399999999998358, -0.6059081789351969 
1.6499999999998347, -0.6051013652815941 
1.6599999999998336, -0.6041990305403447 
1.6699999999998325, -0.6032503460400906 
1.6799999999998314, -0.6023036401550199 
1.6899999999998303, -0.6013937331498945 
1.6999999999998292, -0.6005370687607089 
1.709999999999828, -0.5997351253610274 
1.719999999999827, -0.5989821199009586 
1.729999999999826, -0.5982725764289311 
1.7399999999998248, -0.5976064443004392 
1.7499999999998237, -0.5969917893309853 
1.7599999999998226, -0.5964462727493549 
1.7699999999998215, -0.5959986077295826 
1.7799999999998204, -0.5956906024286304 
1.7899999999998193, -0.595579856481467 
1.7999999999998182, -0.5957428751270479 
1.809999999999817, -0.596278210126354 
1.819999999999816, -0.5973089796091473 
1.8299999999998149, -0.5989833527113728 
1.8399999999998138, -0.6014697217751566 
1.8499999999998127, -0.6049398156010237 
1.8599999999998116, -0.6095287263936696 
1.8699999999998105, -0.6152610416743086 
1.8799999999998094, -0.6219504210610305 
1.8899999999998083, -0.6291281153210079 
1.8999999999998072, -0.6361015050241757 
1.909999999999806, -0.6421853142150684 
1.919999999999805, -0.646967994521876 
1.9299999999998039, -0.65040320986951 
1.9399999999998028, -0.6526959608404229 
1.9499999999998017, -0.6541305221191778 
1.9599999999998006, -0.6549592705781642 
1.9699999999997995, -0.6553652512518774 
1.9799999999997984, -0.655464194105049 
1.9899999999997973, -0.6553171287456361 
1.9999999999997962, -0.6549402254164787 
2.0099999999998173, -0.6543075553533286 
2.0199999999998384, -0.6533457342793042 
2.0299999999998595, -0.6519208545745936 
2.0399999999998806, -0.6498218036738835 
2.0499999999999017, -0.6467548596434337 
2.059999999999923, -0.6423842480944131 
2.069999999999944, -0.6364634016585432 
2.079999999999965, -0.629046530232568 
2.089999999999986, -0.6206327097260824 
2.100000000000007, -0.6120504390322105 
2.1100000000000283, -0.6041204192570241 
2.1200000000000494, -0.5973712705993073 
2.1300000000000705, -0.5919811376153782 
2.1400000000000916, -0.5878796817977532 
2.1500000000001127, -0.5848773230070831 
2.160000000000134, -0.5827548286659842 
2.170000000000155, -0.5813085025398725 
2.180000000000176, -0.5803668688447429 
2.190000000000197, -0.5797932371634311 
2.2000000000002182, -0.5794825196178824 
2.2100000000002393, -0.5793562651404023 
2.2200000000002604, -0.5793575945058482 
2.2300000000002815, -0.5794467563889064 
2.2400000000003026, -0.5795976519802936 
2.2500000000003237, -0.5797954415743002 
2.260000000000345, -0.5800349874734606 
2.270000000000366, -0.5803193168335165 
2.280000000000387, -0.580656738198874 
2.290000000000408, -0.581055339705825 
2.3000000000004293, -0.5815149516986633 
2.3100000000004504, -0.5820190980818964 
2.3200000000004715, -0.5825315714224328 
2.3300000000004926, -0.5830017238989411 
2.3400000000005137, -0.5833778687616469 
2.3500000000005348, -0.5836219137578934 
2.360000000000556, -0.5837168792801236 
2.370000000000577, -0.5836646114341685 
2.380000000000598, -0.5834777560970509 
2.390000000000619, -0.5831717581817333 
2.4000000000006403, -0.5827601288965568 
2.4100000000006614, -0.5822535391125129 
2.4200000000006825, -0.5816623721572044 
2.4300000000007036, -0.5810027621340266 
2.4400000000007247, -0.5803067439662035 
2.450000000000746, -0.5796366077884814 
2.460000000000767, -0.5790994557037603 
2.470000000000788, -0.5788461737687158 
2.480000000000809, -0.5790184999202599 
2.49000000000083, -0.5796030846201531 
2.5000000000008513, -0.5802429362589968 
2.5100000000008724, -0.5802742333083646 
2.5200000000008935, -0.5792253325111276 
2.5300000000009146, -0.5773302518058644 
2.5400000000009357, -0.5753242624329789 
2.550000000000957, -0.5738035136712798 
2.560000000000978, -0.5729357325375302 
2.570000000000999, -0.5725963821810115 
2.58000000000102, -0.5725810379796374 
2.5900000000010412, -0.5727183618055084 
2.6000000000010624, -0.5728961098996878 
2.6100000000010835, -0.5730502753472811 
2.6200000000011046, -0.5731470764186402 
2.6300000000011257, -0.5731682488794778 
2.6400000000011468, -0.5731013638504794 
2.650000000001168, -0.5729344536836225 
2.660000000001189, -0.5726542854966767 
2.67000000000121, -0.5722482235090598 
2.680000000001231, -0.5717096019593186 
2.6900000000012523, -0.5710450473678119 
2.7000000000012734, -0.5702796286856773 
2.7100000000012945, -0.5694548294804013 
2.7200000000013156, -0.5686180887274974 
2.7300000000013367, -0.5678090310463574 
2.740000000001358, -0.5670500883412843 
2.750000000001379, -0.566345540462043 
2.7600000000014, -0.5656874133387546 
2.770000000001421, -0.5650638145326434 
2.780000000001442, -0.5644658683397633 
2.7900000000014633, -0.5638917533603628 
2.8000000000014844, -0.5633485263319002 
2.8100000000015055, -0.5628533571157862 
2.8200000000015266, -0.562435608421503 
2.8300000000015477, -0.5621405976484519 
2.840000000001569, -0.5620354086083947 
2.85000000000159, -0.5622168521413637 
2.860000000001611, -0.5628213726907465 
2.870000000001632, -0.5640358990851315 
2.8800000000016532, -0.5661064833925751 
2.8900000000016743, -0.5693365834911165 
2.9000000000016954, -0.5740574874665444 
2.9100000000017165, -0.5805419779899423 
2.9200000000017377, -0.5888361762207096 
2.9300000000017588, -0.598545062114703 
2.94000000000178, -0.6087406157791058 
2.950000000001801, -0.6182129400627042 
2.960000000001822, -0.6260010922605048 
2.970000000001843, -0.6317623157102934 
2.9800000000018643, -0.6356981095368646 
2.9900000000018854, -0.6382427024663342 
3.0000000000019065, -0.6398192345961096 
3.0100000000019276, -0.6407461848193992 
3.0200000000019487, -0.6412341671554295 
3.03000000000197, -0.6414104853047446 
3.040000000001991, -0.641342645197959 
3.050000000002012, -0.6410532007286278 
3.060000000002033, -0.640525904682472 
3.070000000002054, -0.6397050536253412 
3.0800000000020753, -0.6384913346040254 
3.0900000000020964, -0.6367413496402705 
3.1000000000021175, -0.6342850534398211 
3.1100000000021386, -0.6309793311136151 
3.1200000000021597, -0.6267986921843882 
3.130000000002181, -0.6219153978691628 
3.140000000002202, -0.6166890898226197 
3.150000000002223, -0.6115462704573776 
3.160000000002244, -0.6068357436400708 
3.1700000000022652, -0.6027561761087946 
3.1800000000022863, -0.599367858124415 
3.1900000000023074, -0.5966423791072966 
3.2000000000023285, -0.5945094799728166 
3.2100000000023496, -0.5928868408185098 
3.2200000000023707, -0.5916947493707235 
3.230000000002392, -0.5908616953178387 
3.240000000002413, -0.5903257458234632 
3.250000000002434, -0.5900344589080045 
3.260000000002455, -0.589944543941446 
3.2700000000024763, -0.5900216354903811 
3.2800000000024974, -0.5902401998864771 
3.2900000000025185, -0.5905834873973009 
3.3000000000025396, -0.5910433421932721 
3.3100000000025607, -0.5916194111019207 
3.3200000000025818, -0.5923168326278588 
3.330000000002603, -0.5931411422179141 
3.340000000002624, -0.5940895840675015 
3.350000000002645, -0.5951400377437401 
3.360000000002666, -0.5962423005136495 
3.3700000000026873, -0.5973192291860998 
3.3800000000027084, -0.5982825236514887 
3.3900000000027295, -0.5990577668508468 
3.4000000000027506, -0.5996040122565731 
3.4100000000027717, -0.5999166350163955 
3.420000000002793, -0.6000155260877332 
3.430000000002814, -0.5999290637072496 
3.440000000002835, -0.5996819399313286 
3.450000000002856, -0.5992887463252762 
3.460000000002877, -0.5987516266218653 
3.4700000000028983, -0.5980598065283133 
3.4800000000029194, -0.5971894798536775 
3.4900000000029405, -0.5961028059322395 
3.5000000000029616, -0.5947435401946259 
3.5100000000029827, -0.5930229018813701 
3.520000000003004, -0.5907835326851206 
3.530000000003025, -0.5877350261185483 
3.540000000003046, -0.583412046535986 
3.550000000003067, -0.5773303017463142 
3.5600000000030882, -0.5694771142092739 
3.5700000000031094, -0.5607384792001965 
3.5800000000031305, -0.5525486949047096 
3.5900000000031516, -0.5460020688503356 
3.6000000000031727, -0.5414060532267675 
3.6100000000031938, -0.5384903094731797 
3.620000000003215, -0.5367882455789948 
3.630000000003236, -0.5358709958616872 
3.640000000003257, -0.5354221042474245 
3.650000000003278, -0.5352325573298493 
3.6600000000032993, -0.5351726773592544 
3.6700000000033204, -0.5351646843751457 
3.6800000000033415, -0.5351622953809916 
3.6900000000033626, -0.5351373430687933 
3.7000000000033837, -0.535071945504427 
3.710000000003405, -0.5349549333274407 
3.720000000003426, -0.5347815658935993 
3.730000000003447, -0.5345553452927849 
3.740000000003468, -0.5342898564188729 
3.750000000003489, -0.5340078573919567 
3.7600000000035103, -0.5337358111958549 
3.7700000000035314, -0.5334950232121113 
3.7800000000035525, -0.5332934317363507 
3.7900000000035736, -0.5331223629039259 
3.8000000000035947, -0.5329600041146375 
3.810000000003616, -0.532779729231221 
3.820000000003637, -0.5325589112091238 
3.830000000003658, -0.5322842232572367 
3.840000000003679, -0.5319523714171256 
3.8500000000037002, -0.5315681383280553 
3.8600000000037213, -0.5311425070828986 
3.8700000000037424, -0.5306928876118089 
3.8800000000037635, -0.53024658714495 
3.8900000000037847, -0.5298484545212298 
3.9000000000038058, -0.5295739487860002 
3.910000000003827, -0.5295490128807935 
3.920000000003848, -0.5299765260980255 
3.930000000003869, -0.5311622817326366 
3.94000000000389, -0.5335150697749691 
3.9500000000039113, -0.5374620889395573 
3.9600000000039324, -0.5432023332902156 
3.9700000000039535, -0.5503312596036392 
3.9800000000039746, -0.5576963720384042 
3.9900000000039957, -0.5639437785215676 
4.000000000004016, -0.5684013939311929 
4.010000000003993, -0.571282724287318 
4.02000000000397, -0.5731511668914603 
4.030000000003946, -0.5744494391358692 
4.040000000003923, -0.5754081133852058 
4.0500000000039, -0.5761272412999853 
4.0600000000038765, -0.5766528914389376 
4.070000000003853, -0.5770128037988923 
4.08000000000383, -0.5772270468956721 
4.090000000003807, -0.5773091758016856 
4.100000000003783, -0.5772650480692637 
4.11000000000376, -0.5770917434204383 
4.120000000003737, -0.5767775907753716 
4.130000000003713, -0.5763044186776536 
4.14000000000369, -0.5756534895827928 
4.150000000003667, -0.5748157383764585 
4.1600000000036434, -0.5738036988820622 
4.17000000000362, -0.5726581723477004 
4.180000000003597, -0.5714425761703397 
4.1900000000035735, -0.5702256433404297 
4.20000000000355, -0.569062423780318 
4.210000000003527, -0.5679841117881266 
4.220000000003504, -0.5669994102857608 
4.23000000000348, -0.566103010214728 
4.240000000003457, -0.5652852661396109 
4.250000000003434, -0.5645394700925991 
4.26000000000341, -0.5638660111809448 
4.270000000003387, -0.5632744442521382 
4.280000000003364, -0.5627848685500239 
4.2900000000033405, -0.5624296133088678 
4.300000000003317, -0.5622556888271603 
4.310000000003294, -0.5623281042095825 
4.320000000003271, -0.5627339617002687 
4.330000000003247, -0.5635870010244246 
4.340000000003224, -0.565031610451185 
4.350000000003201, -0.567243632630535 
4.360000000003177, -0.5704217503618494 
4.370000000003154, -0.5747575587168803 
4.380000000003131, -0.5803678162740237 
4.390000000003107, -0.587181546507401 
4.400000000003084, -0.5948197835166001 
4.410000000003061, -0.6025802196824921 
4.4200000000030375, -0.609637575007164 
4.430000000003014, -0.6153807962162886 
4.440000000002991, -0.6196180496200268 
4.450000000002968, -0.6225098547530041 
4.460000000002944, -0.6243663295256437 
4.470000000002921, -0.6254888697924513 
4.480000000002898, -0.6261060354205825 
4.490000000002874, -0.6263685239957859 
4.500000000002851, -0.6263637439668392 
4.510000000002828, -0.6261301280159891 
4.520000000002804, -0.6256648906594914 
4.530000000002781, -0.624924367798329 
4.540000000002758, -0.6238181012564934 
4.5500000000027345, -0.6222006486207041 
4.560000000002711, -0.6198720783449829 
4.570000000002688, -0.6166094080350899 
4.580000000002665, -0.6122540262301122 
4.590000000002641, -0.6068435374910063 
4.600000000002618, -0.6006979578311634 
4.610000000002595, -0.5943507816162769 
4.620000000002571, -0.5883468896587828 
4.630000000002548, -0.5830638988398407 
4.640000000002525, -0.5786632086800828 
4.6500000000025015, -0.5751420600475534 
4.660000000002478, -0.5724102178971229 
4.670000000002455, -0.5703472926125042 
4.6800000000024315, -0.5688337983201108 
4.690000000002408, -0.5677639667222727 
4.700000000002385, -0.5670490931460408 
4.710000000002362, -0.5666169990758214 
4.720000000002338, -0.5664103668132868 
4.730000000002315, -0.5663850450533918 
4.740000000002292, -0.5665086603538975 
4.750000000002268, -0.5667595876636736 
4.760000000002245, -0.5671262054773926 
4.770000000002222, -0.5676061514379211 
4.7800000000021985, -0.568204878566154 
4.790000000002175, -0.5689322892481979 
4.800000000002152, -0.569796053141907 
4.810000000002129, -0.5707911752657162 
4.820000000002105, -0.5718881181713338 
4.830000000002082, -0.5730257255754352 
4.840000000002059, -0.5741169978702199 
4.850000000002035, -0.5750702423949989 
4.860000000002012, -0.5758159079555182 
4.870000000001989, -0.576322648747957 
4.880000000001965, -0.5765946010965545 
4.890000000001942, -0.5766561997408116 
4.900000000001919, -0.5765358596701342 
4.9100000000018955, -0.5762548590676161 
4.920000000001872, -0.5758215686795539 
4.930000000001849, -0.5752284618574677 
4.940000000001826, -0.5744491867219912 
4.950000000001802, -0.5734332423622044 
4.960000000001779, -0.572095127917891 
4.970000000001756, -0.5702926775642776 
4.980000000001732, -0.5677871320032244 
4.990000000001709, -0.5641853300986495 
5.000000000001686, -0.5589114619725613 
5.0100000000016625, -0.5513608715351642 
5.020000000001639, -0.5413934026492948 
5.030000000001616, -0.529877681453966 
5.0400000000015925, -0.5185050025476781 
5.050000000001569, -0.5088182523151654 
5.060000000001546, -0.5014934820581198 
5.070000000001523, -0.49641334638278956 
5.080000000001499, -0.4930966082681896 
5.090000000001476, -0.49102510136416866 
5.100000000001453, -0.4897795075326982 
5.110000000001429, -0.4890606561823412 
5.120000000001406, -0.4886685363377368 
5.130000000001383, -0.48847418960677824 
5.1400000000013595, -0.48839627549747633 
5.150000000001336, -0.4883843628246184 
5.160000000001313, -0.4884080310212305 
5.17000000000129, -0.4884504121842303 
5.180000000001266, -0.4885049838986599 
5.190000000001243, -0.4885744710961636 
5.20000000000122, -0.4886703969208897 
5.210000000001196, -0.48881138222353604 
5.220000000001173, -0.489018435354365 
5.23000000000115, -0.48930682117640617 
5.240000000001126, -0.4896764253636169 
5.250000000001103, -0.49010477027053473 
5.26000000000108, -0.4905475237965732 
5.2700000000010565, -0.4909487136324991 
5.280000000001033, -0.49125677432177417 
5.29000000000101, -0.4914376500256893 
5.300000000000987, -0.4914782596924687 
5.310000000000963, -0.49138092889535 
5.32000000000094, -0.4911542348823663 
5.330000000000917, -0.49080491861842723 
5.340000000000893, -0.4903322472785119 
5.35000000000087, -0.4897237875523398 
5.360000000000847, -0.4889504322982221 
5.3700000000008234, -0.48795757382367355 
5.3800000000008, -0.48664730283396873 
5.390000000000777, -0.48484310849495565 
5.4000000000007535, -0.4822279374354917 
5.41000000000073, -0.47826830153661637 
5.420000000000707, -0.4722231653041339 
5.430000000000684, -0.4634624991217474 
5.44000000000066, -0.45215912395096397 
5.450000000000637, -0.4396962633632957 
5.460000000000614, -0.4279999415450697 
5.47000000000059, -0.4184041694392889 
5.480000000000567, -0.4112481650597252 
5.490000000000544, -0.40622127172020867 
5.5000000000005205, -0.402809909508937 
5.510000000000497, -0.40054123692708526 
5.520000000000474, -0.39905558365214455 
5.5300000000004506, -0.3981019685573909 
5.540000000000427, -0.3975127955835927 
5.550000000000404, -0.397179303013265 
5.560000000000381, -0.3970331904075038 
5.570000000000357, -0.3970343413398659 
5.580000000000334, -0.3971633025738181 
5.590000000000311, -0.3974172100779945 
5.600000000000287, -0.39780803921474567 
5.610000000000264, -0.3983619900491403 
5.620000000000241, -0.39911836472939394 
5.6300000000002175, -0.40012550029483257 
5.640000000000194, -0.4014305095615078 
5.650000000000171, -0.40305978205246795 
5.660000000000148, -0.4049909343180153 
5.670000000000124, -0.40712711611660096 
5.680000000000101, -0.4092968939215381 
5.690000000000078, -0.4112978274626606 
5.700000000000054, -0.4129664731080177 
5.710000000000031, -0.4142263762046303 
5.720000000000008, -0.415085170139291 
5.729999999999984, -0.41559790479827063 
5.739999999999961, -0.41582931238945314 
5.749999999999938, -0.41583096624418286 
5.7599999999999145, -0.4156317100204664 
5.769999999999891, -0.4152343102762461 
5.779999999999868, -0.4146130468676058 
5.789999999999845, -0.41371035895877606 
5.799999999999821, -0.4124346752036797 
5.809999999999798, -0.4106673215913633 
5.819999999999775, -0.4082926290989339 
5.829999999999751, -0.4052614946272426 
5.839999999999728, -0.4016674967690726 
5.849999999999705, -0.3977700969712181 
5.8599999999996815, -0.39391472898197916 
5.869999999999658, -0.39039813205343277 
5.879999999999635, -0.38738283358895115 
5.8899999999996115, -0.3848997451183552 
5.899999999999588, -0.3828987433429663 
5.909999999999565, -0.3812990911422173 
5.919999999999542, -0.38002082918440194 
5.929999999999518, -0.3789989782942166 
5.939999999999495, -0.378187732152916 
5.949999999999472, -0.3775604243985127 
5.959999999999448, -0.3771087227668787 
5.969999999999425, -0.37684291452525226 
5.979999999999402, -0.37679437594886955 
5.9899999999993785, -0.37702112214262695 
5.999999999999355, -0.37761744675943265 
6.009999999999332, -0.3787287097751148 
6.019999999999309, -0.38057146761056454 
6.029999999999285, -0.3834551992269878 
6.039999999999262, -0.3877900620181268 
6.049999999999239, -0.3940386634840673 
6.059999999999215, -0.40253480963620786 
6.069999999999192, -0.41311727194293607 
6.079999999999169, -0.424763138724782 
6.089999999999145, -0.43575608141165045 
6.099999999999122, -0.44460194357083055 
6.109999999999099, -0.45082557307549137 
6.1199999999990755, -0.454839555097249 
6.129999999999052, -0.4573308767328256 
6.139999999999029, -0.4588672609421752 
6.149999999999006, -0.45981640166263216 
6.159999999998982, -0.46039392638401094 
6.169999999998959, -0.4607221373930418 
6.179999999998936, -0.46086923259902324 
6.189999999998912, -0.4608712735915678 
6.199999999998889, -0.460743976125079 
6.209999999998866, -0.46048966449307055 
6.2199999999988425, -0.46010297644874754 
6.229999999998819, -0.459577759007985 
6.239999999998796, -0.45891604959082405 
6.2499999999987725, -0.45813715231178725 
6.259999999998749, -0.45728162790675597 
6.269999999998726, -0.45640529551176934 
6.279999999998703, -0.4555643437498924 
6.289999999998679, -0.4547994985850818 
6.299999999998656, -0.45412752375316573 
6.309999999998633, -0.45354251051893335 
6.319999999998609, -0.4530239167828161 
6.329999999998586, -0.45254652935532197 
6.339999999998563, -0.4520884647427429 
6.3499999999985395, -0.4516354623466999 
6.359999999998516, -0.45118196543001643 
6.369999999998493, -0.45073081141282445 
6.37999999999847, -0.45029346567883904 
6.389999999998446, -0.44989224921147386 
6.399999999998423, -0.44956566733963177 
6.4099999999984, -0.4493779843490264 
6.419999999998376, -0.4494342650337783 
6.429999999998353, -0.44990108923003397 
6.43999999999833, -0.45102813874623077 
6.449999999998306, -0.4531506018228704 
6.459999999998283, -0.4566195299982293 
6.46999999999826, -0.46157381644383844 
6.4799999999982365, -0.46754503472297576 
6.489999999998213, -0.47324712000869695 
6.49999999999819, -0.4771839074611881 
6.509999999998167, -0.478807872380788 
6.519999999998143, -0.4787918508301042 
6.52999999999812, -0.4781622625413856 
6.539999999998097, -0.4775661280147456 
6.549999999998073, -0.4772091447432679 
6.55999999999805, -0.4770702948695112 
6.569999999998027, -0.47706765749111907 
6.5799999999980034, -0.4771274246894713 
6.58999999999798, -0.47719912497018974 
6.599999999997957, -0.47725193854228526 
6.6099999999979335, -0.4772675568990342 
6.61999999999791, -0.4772344887108898 
6.629999999997887, -0.4771448394790491 
6.639999999997864, -0.4769935968850324 
6.64999999999784, -0.47678020742810945 
6.659999999997817, -0.47651168584918946 
6.669999999997794, -0.47620537905091825 
6.67999999999777, -0.4758885955561948 
6.689999999997747, -0.4755931595954893 
6.699999999997724, -0.4753459560664961 
6.7099999999977005, -0.4751595454725578 
6.719999999997677, -0.4750273864597795 
6.729999999997654, -0.47492600953695063 
6.7399999999976306, -0.47482316781839257 
6.749999999997607, -0.47468802870016374 
6.759999999997584, -0.47449862139232196 
6.769999999997561, -0.47424400342923934 
6.779999999997537, -0.47392212006570683 
6.789999999997514, -0.4735361823400253 
6.799999999997491, -0.4730919354939802 
6.809999999997467, -0.47259688855219206 
6.819999999997444, -0.4720616826101366 
6.829999999997421, -0.4715033636980762 
6.8399999999973975, -0.4709495797688038 
6.849999999997374, -0.4704399722654973 
6.859999999997351, -0.47001328065612225 
6.869999999997328, -0.4696531857854169 
6.879999999997304, -0.4691540178361585 
6.889999999997281, -0.46792387126939927 
6.899999999997258, -0.46497311483883097 
6.909999999997234, -0.4595208373139382 
6.919999999997211, -0.45196035554220043 
6.929999999997188, -0.4438692878776419 
6.939999999997164, -0.43682683127201083 
6.949999999997141, -0.43153838215684237 
6.959999999997118, -0.4279349811626926 
6.9699999999970945, -0.4256275180648241 
6.979999999997071, -0.42421062408537613 
6.989999999997048, -0.4233700246523216 
6.999999999997025, -0.42289032335063137 
7.009999999997001, -0.4226326069508498 
7.019999999996978, -0.42251029056825457 
7.029999999996955, -0.4224708400019507 
7.039999999996931, -0.4224837369327049 
7.049999999996908, -0.42253334059830383 
7.059999999996885, -0.42261526990885667 
7.0699999999968615, -0.4227350948691506 
7.079999999996838, -0.4229080009262395 
7.089999999996815, -0.4231577084702395 
7.0999999999967915, -0.42351273569861736 
7.109999999996768, -0.42399866314699575 
7.119999999996745, -0.42462667047345104 
7.129999999996722, -0.42538124016849677 
7.139999999996698, -0.4262131104509105 
7.149999999996675, -0.4270447984148191 
7.159999999996652, -0.4277906623868377 
7.169999999996628, -0.4283821750551427 
7.179999999996605, -0.4287832691116426 
7.189999999996582, -0.428988680794492 
7.1999999999965585, -0.4290109220029855 
7.209999999996535, -0.428865560818286 
7.219999999996512, -0.42855998218875335 
7.229999999996489, -0.42808534198152176 
7.239999999996465, -0.4274087687806135 
7.249999999996442, -0.4264622935342334 
7.259999999996419, -0.42512542637093265 
7.269999999996395, -0.4232011028830044 
7.279999999996372, -0.4203955545392291 
7.289999999996349, -0.41633979043009256 
7.299999999996325, -0.4107220859846284 
7.309999999996302, -0.4035557254732772 
7.319999999996279, -0.39539810704713274 
7.3299999999962555, -0.38720556185474453 
7.339999999996232, -0.3798607716510611 
7.349999999996209, -0.3738224492673545 
7.359999999996186, -0.3691311136893464 
7.369999999996162, -0.365599577741227 
7.379999999996139, -0.3629801384693302 
7.389999999996116, -0.3610492285973313 
7.399999999996092, -0.3596334701049261 
7.409999999996069, -0.35860910997686996 
7.419999999996046, -0.3578934700533606 
7.4299999999960225, -0.35743629459224596 
7.439999999995999, -0.3572135709257129 
7.449999999995976, -0.3572243781317945 
7.4599999999959525, -0.3574907748866656 
7.469999999995929, -0.35806071836533027 
7.479999999995906, -0.35901399557688557 
7.489999999995883, -0.3604706419576096 
7.499999999995859, -0.3625994034204695 
7.509999999995836, -0.3656187166725907 
7.519999999995813, -0.36977229238463777 
7.529999999995789, -0.37524813968874826 
7.539999999995766, -0.38201638988481074 
7.549999999995743, -0.3896400780894024 
7.5599999999957195, -0.3972597761055311 
7.569999999995696, -0.4039281018378242 
7.579999999995673, -0.4090786224312014 
7.58999999999565, -0.41268299778034506 
7.599999999995626, -0.4150426092218833 
7.609999999995603, -0.416522179664719 
7.61999999999558, -0.41741450834039034 
7.629999999995556, -0.4179168105709448 
7.639999999995533, -0.4181499796524541 
7.64999999999551, -0.418182479194261 
7.659999999995486, -0.41804786489634393 
7.669999999995463, -0.41775604465901706 
7.67999999999544, -0.41730129721906967 
7.6899999999954165, -0.4166704765382098 
7.699999999995393, -0.4158541338288555 
7.70999999999537, -0.4148605531709973 
7.719999999995347, -0.4137274869901509 
7.729999999995323, -0.41252254678217365 
7.7399999999953, -0.4113276793165913 
7.749999999995277, -0.41021513393146714 
7.759999999995253, -0.40922910958646436 
7.76999999999523, -0.4083812416232832 
7.779999999995207, -0.40765771018679997 
7.789999999995183, -0.40703114642028426 
7.79999999999516, -0.4064717237733915 
7.809999999995137, -0.40595463659349085 
7.8199999999951135, -0.4054635698888854 
7.82999999999509, -0.4049913890533313 
7.839999999995067, -0.40453992815220846 
7.849999999995044, -0.40412057513632826 
7.85999999999502, -0.40375690792930896 
7.869999999994997, -0.40349039438232837 
7.879999999994974, -0.40339012914198163 
7.88999999999495, -0.40356708951308706 
7.899999999994927, -0.4041905433860126 
7.909999999994904, -0.40549438414298355 
7.9199999999948805, -0.4077362477218694 
7.929999999994857, -0.41103322616793864 
7.939999999994834, -0.4150132158276573 
7.9499999999948106, -0.4184916608168939 
7.959999999994787, -0.4198620490372962 
7.969999999994764, -0.4184127802072032 
7.979999999994741, -0.4150436006549145 
7.989999999994717, -0.4113059803796487 
7.999999999994694, -0.4082139936989062 
8.00999999999467, -0.40603744860100494 
8.019999999994647, -0.404647084163019 
8.029999999994624, -0.4038148163187601 
8.0399999999946, -0.4033424857904593 
8.049999999994577, -0.4030896332020612 
8.059999999994554, -0.4029653926654646 
8.06999999999453, -0.4029138376033032 
8.079999999994508, -0.4029019004683933 
8.089999999994484, -0.40291140774983736 
8.099999999994461, -0.4029346908575088 
8.109999999994438, -0.40297288892378724 
8.119999999994414, -0.403035943104418 
8.129999999994391, -0.40314292336124186 
8.139999999994368, -0.4033208762727898 
8.149999999994344, -0.40360040387734586 
8.159999999994321, -0.4040071571151218 
8.169999999994298, -0.404550284658158 
8.179999999994275, -0.4052113313757821 
8.189999999994251, -0.405939610751412 
8.199999999994228, -0.4066601531343891 
8.209999999994205, -0.40729410630015533 
8.219999999994181, -0.407781331274664 
8.229999999994158, -0.40809194499607004 
8.239999999994135, -0.4082225718971876 
8.249999999994111, -0.40818367447743437 
8.259999999994088, -0.4079862891227024 
8.269999999994065, -0.40763187278097074 
8.279999999994041, -0.4071043706995594 
8.289999999994018, -0.40636154696990695 
8.299999999993995, -0.40532227867161674 
8.309999999993972, -0.4038475098766218 
8.319999999993948, -0.40171744093527434 
8.329999999993925, -0.3986230793251985 
8.339999999993902, -0.39422072294217814 
8.349999999993878, -0.3883111207062031 
8.359999999993855, -0.3811029226452304 
8.369999999993832, -0.37330631773852874 
8.379999999993808, -0.36584148667967564 
8.389999999993785, -0.35939313534398976 
8.399999999993762, -0.3542173351747354 
8.409999999993738, -0.35024422863124294 
8.419999999993715, -0.3472622634509765 
8.429999999993692, -0.34504363575414787 
8.439999999993669, -0.34339766670792815 
8.449999999993645, -0.34218249063114364 
8.459999999993622, -0.341300363019613 
8.469999999993599, -0.34068936799844995 
8.479999999993575, -0.34031648116872093 
8.489999999993552, -0.3401734966691724 
8.499999999993529, -0.34027618029642565 
8.509999999993505, -0.3406668392076747 
8.519999999993482, -0.34142062848391996 
8.529999999993459, -0.3426558641564879 
8.539999999993436, -0.3445476026168188 
8.549999999993412, -0.34734002089668053 
8.559999999993389, -0.3513432549401612 
8.569999999993366, -0.3568809749478583 
8.579999999993342, -0.3641361980930776 
8.589999999993319, -0.37288135809544165 
8.599999999993296, -0.3822622497215774 
8.609999999993272, -0.39099680331965436 
8.619999999993249, -0.3980347027538461 
8.629999999993226, -0.40305629434510565 
8.639999999993202, -0.40635451090384755 
8.64999999999318, -0.40842448824109534 
8.659999999993156, -0.4096936702706845 
8.669999999993133, -0.4104532610160178 
8.67999999999311, -0.4108815078192561 
8.689999999993086, -0.4110817163465854 
8.699999999993063, -0.4111106753512453 
8.70999999999304, -0.4109961652410451 
8.719999999993016, -0.4107475487982585 
8.729999999992993, -0.41036344331978053 
8.73999999999297, -0.40983954393814415 
8.749999999992946, -0.40917814226421534 
8.759999999992923, -0.408398014248074 
8.7699999999929, -0.4075398073776791 
8.779999999992876, -0.4066614527856155 
8.789999999992853, -0.4058235610864971 
8.79999999999283, -0.40507231745829364 
8.809999999992806, -0.40442892653562473 
8.819999999992783, -0.4038891404168575 
8.82999999999276, -0.4034304742792175 
8.839999999992736, -0.40302252100689373 
8.849999999992713, -0.40263624536680503 
8.85999999999269, -0.40224969769054725 
8.869999999992666, -0.4018497061680496 
8.879999999992643, -0.40143091866496167 
8.88999999999262, -0.4009941730666017 
8.899999999992596, -0.40054571200066 
8.909999999992573, -0.400098007543434 
8.91999999999255, -0.39967236402757605 
8.929999999992527, -0.39930269159743614 
8.939999999992503, -0.39903760391902243 
8.94999999999248, -0.398931454271141 
8.959999999992457, -0.3989997139764256 
8.969999999992433, -0.3990926111299409 
8.97999999999241, -0.3986603067956295 
8.989999999992387, -0.39658410473758854 
8.999999999992363, -0.39161844217572056 
9.00999999999234, -0.38362508175061205 
9.019999999992317, -0.37418101741485243 
9.029999999992294, -0.3653913641757111 
9.03999999999227, -0.35846358835190617 
9.049999999992247, -0.3535394736248841 
9.059999999992224, -0.3502375479510442 
9.0699999999922, -0.34809088204647515 
9.079999999992177, -0.346720263953565 
9.089999999992154, -0.3458602030674235 
9.09999999999213, -0.3453371218170292 
9.109999999992107, -0.34504191362136405 
9.119999999992084, -0.344908655849269 
9.12999999999206, -0.34490056417307485 
9.139999999992037, -0.3450016753927156 
9.149999999992014, -0.34521261936107234 
9.15999999999199, -0.34554913479225763 
9.169999999991967, -0.34604204205346234 
9.179999999991944, -0.34673702362303804 
9.18999999999192, -0.34769177104756355 
9.199999999991897, -0.3489669785017376 
9.209999999991874, -0.3506070513456284 
9.21999999999185, -0.3526089461907743 
9.229999999991827, -0.3548880069885734 
9.239999999991804, -0.3572667578507973 
9.24999999999178, -0.3595148647565007 
9.259999999991757, -0.3614307508048392 
9.269999999991734, -0.36290822507420545 
9.27999999999171, -0.3639432233749619 
9.289999999991688, -0.36459393712663 
9.299999999991664, -0.364935206337962 
9.309999999991641, -0.3650301915472104 
9.319999999991618, -0.36491910155572566 
9.329999999991594, -0.36461680014646997 
9.339999999991571, -0.36411311197216645 
9.349999999991548, -0.3633738232252546 
9.359999999991524, -0.36234433341039224 
9.369999999991501, -0.36096153867629555 
9.379999999991478, -0.35918053619605217 
9.389999999991455, -0.3570145991634207 
9.399999999991431, -0.3545668088419906 
9.409999999991408, -0.3520194724680457 
9.419999999991385, -0.3495741945737808 
9.429999999991361, -0.3473829530294235 
9.439999999991338, -0.3455161959873402 
9.449999999991315, -0.34397372823925587 
9.459999999991291, -0.34271432527379786 
9.469999999991268, -0.3416826854163376 
9.479999999991245, -0.3408263751371686 
9.489999999991221, -0.34010393697500474 
9.499999999991198, -0.33948753506382595 
9.509999999991175, -0.33896317715329294 
9.519999999991152, -0.3385307536503448 
9.529999999991128, -0.33820548030566094 
9.539999999991105, -0.33802200137742855 
9.549999999991082, -0.338042435384856 
9.559999999991058, -0.3383698036211781 
9.569999999991035, -0.33916771624079234 
9.579999999991012, -0.3406832804905577 
9.589999999990988, -0.3432561037674194 
9.599999999990965, -0.3472596839872587 
9.609999999990942, -0.3528644866972072 
9.619999999990918, -0.3595455820442501 
9.629999999990895, -0.3656838187903719 
9.639999999990872, -0.36922756709628113 
9.649999999990849, -0.369410179830078 
9.659999999990825, -0.36733434941585646 
9.669999999990802, -0.36464480275912786 
9.679999999990779, -0.36233730553339355 
9.689999999990755, -0.3606868858488282 
9.699999999990732, -0.35961617802708 
9.709999999990709, -0.3589619170040378 
9.719999999990685, -0.35858033270361006 
9.729999999990662, -0.3583693698652157 
9.739999999990639, -0.35826322089709145 
9.749999999990616, -0.35822204217479403 
9.759999999990592, -0.35822366572883474 
9.769999999990569, -0.3582584507130867 
9.779999999990546, -0.358326868355243 
9.789999999990522, -0.35843904041138636 
9.799999999990499, -0.3586151606675187 
9.809999999990476, -0.35888528614116655 
9.819999999990452, -0.35928663142398115 
9.829999999990429, -0.3598566308085981 
9.839999999990406, -0.36062090977444095 
9.849999999990382, -0.36157738482837054 
9.85999999999036, -0.36268189269617845 
9.869999999990336, -0.36384580253032056 
9.879999999990313, -0.36495479212155024 
9.88999999999029, -0.3659038347458582 
9.899999999990266, -0.3666273178650557 
9.909999999990243, -0.3671062374525889 
9.91999999999022, -0.3673542303362345 
9.929999999990196, -0.36739686195055987 
9.939999999990173, -0.36725509111622745 
9.94999999999015, -0.36693503550012657 
9.959999999990126, -0.36642127675358316 
9.969999999990103, -0.3656704930017277 
9.97999999999008, -0.3646041631979679 
9.989999999990056, -0.36310330410037583 
9.999999999990033, -0.3610161031488031 
10.00999999999001, -0.35819861400344416 
10.019999999989986, -0.3546024459966495 
10.029999999989963, -0.3503747488242528 
10.03999999998994, -0.3458723235679798 
10.049999999989916, -0.3415315646998782 
10.059999999989893, -0.3376881804567088 
10.06999999998987, -0.3344905100914015 
10.079999999989846, -0.3319302034395474 
10.089999999989823, -0.3299175392029255 
10.0999999999898, -0.3283420073869725 
10.109999999989776, -0.32710421231955206 
10.119999999989753, -0.3261273738534218 
10.12999999998973, -0.32535881371966713 
10.139999999989707, -0.32476810277457957 
10.149999999989683, -0.32434534526660325 
10.15999999998966, -0.32410136538178647 
10.169999999989637, -0.32407093546832055 
10.179999999989613, -0.32432022720955844 
10.18999999998959, -0.3249600564379654 
10.199999999989567, -0.32616670998651753 
10.209999999989543, -0.32821069506157086 
10.21999999998952, -0.33148632840904374 
10.229999999989497, -0.3365116810817673 
10.239999999989474, -0.34381674401471873 
10.24999999998945, -0.35358719155418245 
10.259999999989427, -0.365072974952566 
10.269999999989404, -0.3763479060914273 
10.27999999998938, -0.38527186233605176 
10.289999999989357, -0.39098469098348054 
10.299999999989334, -0.3940906431712319 
10.30999999998931, -0.39565365933405283 
10.319999999989287, -0.39646087705368377 
10.329999999989264, -0.39692380160872964 
10.33999999998924, -0.39722073376322076 
10.349999999989217, -0.3974217547864725 
10.359999999989194, -0.39755367057734353 
10.36999999998917, -0.3976270794744235 
10.379999999989147, -0.39764635405399973 
10.389999999989124, -0.3976132714044883 
10.3999999999891, -0.3975289432989245 
10.409999999989077, -0.3973959707257519 
10.419999999989054, -0.39722142608712974 
10.42999999998903, -0.3970201445133631 
10.439999999989007, -0.3968166112090254 
10.449999999988984, -0.3966431972246055 
10.45999999998896, -0.396533645844964 
10.469999999988937, -0.3965132577760033 
10.479999999988914, -0.3965893239468847 
10.48999999998889, -0.3967457864052453 
10.499999999988868, -0.3969451525068278 
10.509999999988844, -0.3971381990381291 
10.519999999988821, -0.3972777601755042 
10.529999999988798, -0.39732975243615926 
10.539999999988774, -0.3972764287091545 
10.549999999988751, -0.39711227185423925 
10.559999999988728, -0.3968364866887516 
10.569999999988704, -0.3964454597004858 
10.579999999988681, -0.39592597631167614 
10.589999999988658, -0.3952477257518277 
10.599999999988635, -0.3943520155249147 
10.609999999988611, -0.39313203341812436 
10.619999999988588, -0.3913988792486489 
10.629999999988565, -0.3888321655149825 
10.639999999988541, -0.38494089012083743 
10.649999999988518, -0.37913074853084294 
10.659999999988495, -0.37102973674072576 
10.669999999988471, -0.36100850181169253 
10.679999999988448, -0.35032345647194935 
10.689999999988425, -0.340467152612577 
10.699999999988401, -0.33236595264799884 
10.709999999988378, -0.32619922026213855 
10.719999999988355, -0.32170177892130397 
10.729999999988332, -0.3184843207229918 
10.739999999988308, -0.31619672121054654 
10.749999999988285, -0.31457388576593104 
10.759999999988262, -0.31343117122022907 
10.769999999988238, -0.3126468246991904 
10.779999999988215, -0.3121455905983478 
10.789999999988192, -0.31188713060637674 
10.799999999988168, -0.31185941145508594 
10.809999999988145, -0.312076514311907 
10.819999999988122, -0.31258049999524323 
10.829999999988098, -0.3134472420898674 
10.839999999988075, -0.31479598931288666 
10.849999999988052, -0.316800930747539 
10.859999999988029, -0.31969822244764134 
10.869999999988005, -0.32377048936618913 
10.879999999987982, -0.32927222571911485 
10.889999999987959, -0.3362542450444278 
10.899999999987935, -0.34432039043254525 
10.909999999987912, -0.3525426108545152 
10.919999999987889, -0.35980825069432276 
10.929999999987865, -0.36541007593439034 
10.939999999987842, -0.36928925639608773 
10.949999999987819, -0.3717949049183267 
10.959999999987796, -0.37335119325939836 
10.969999999987772, -0.3742916410180283 
10.979999999987749, -0.3748353563775556 
10.989999999987726, -0.37511432400194017 
10.999999999987702, -0.3752037873384687 
11.009999999987679, -0.37514359305407113 
11.019999999987656, -0.37495155403179703 
11.029999999987632, -0.37463246584536936 
11.039999999987609, -0.3741860232345756 
11.049999999987586, -0.3736156034837722 
11.059999999987562, -0.3729375181933966 
11.06999999998754, -0.372187137165954 
11.079999999987516, -0.3714168622273198 
11.089999999987493, -0.37068448924275954 
11.09999999998747, -0.37003725235210705 
11.109999999987446, -0.36949985877789093 
11.119999999987423, -0.3690712303306233 
11.1299999999874, -0.3687292858625476 
11.139999999987376, -0.3684403798662716 
11.149999999987353, -0.3681695215958657 
11.15999999998733, -0.3678879439287056 
11.169999999987306, -0.36757616849272945 
11.179999999987283, -0.3672230227249058 
11.18999999998726, -0.36682253316042646 
11.199999999987236, -0.3663704717994271 
11.209999999987213, -0.3658612164753382 
11.21999999998719, -0.36528428761012227 
11.229999999987166, -0.3646183676248723 
11.239999999987143, -0.36381777881622324 
11.24999999998712, -0.36278074573623603 
11.259999999987096, -0.3612808313302584 
11.269999999987073, -0.3588475266670768 
11.27999999998705, -0.35465598970086004 
11.289999999987026, -0.3476948829909737 
11.299999999987003, -0.3375507015167326 
11.30999999998698, -0.32531127118196984 
11.319999999986956, -0.3131816249957678 
11.329999999986933, -0.3029666602818049 
11.33999999998691, -0.2952657897780792 
11.349999999986887, -0.28981351874428934 
11.359999999986863, -0.28606344749757834 
11.36999999998684, -0.2835088612109315 
11.379999999986817, -0.2817724572555997 
11.389999999986793, -0.28059854118153044 
11.39999999998677, -0.27982239202298365 
11.409999999986747, -0.27934272265075044 
11.419999999986723, -0.27910258368382745 
11.4299999999867, -0.2790779868192887 
11.439999999986677, -0.2792726049829732 
11.449999999986654, -0.2797173597797267 
11.45999999998663, -0.2804742578552568 
11.469999999986607, -0.2816439389067436 
11.479999999986584, -0.2833753255616274 
11.48999999998656, -0.2858719205045115 
11.499999999986537, -0.2893799111852552 
11.509999999986514, -0.2941275149887934 
11.51999999998649, -0.3001787728574411 
11.529999999986467, -0.3072232150930235 
11.539999999986444, -0.31448388196290505 
11.54999999998642, -0.3209871387931113 
11.559999999986397, -0.3260708254103573 
11.569999999986374, -0.32963187749617273 
11.57999999998635, -0.3319484474272657 
11.589999999986327, -0.3333894588778626 
11.599999999986304, -0.3342557463430164 
11.60999999998628, -0.3347491191611406 
11.619999999986257, -0.3349926047371234 
11.629999999986234, -0.33505683364842254 
11.63999999998621, -0.33497961983114916 
11.649999999986187, -0.33477880389677134 
11.659999999986164, -0.3344613910389909 
11.66999999998614, -0.3340317413231856 
11.679999999986117, -0.3335001091942821 
11.689999999986094, -0.3328903657317581 
11.69999999998607, -0.33224320433065746 
11.709999999986048, -0.331611208291621 
11.719999999986024, -0.33104647228659645 
11.729999999986001, -0.3305866271691962 
11.739999999985978, -0.33024574348426405 
11.749999999985954, -0.33001282499985524 
11.759999999985931, -0.3298570684452694 
11.769999999985908, -0.32973754483689405 
11.779999999985884, -0.3296139318942649 
11.789999999985861, -0.3294543642437525 
11.799999999985838, -0.3292379237389712 
11.809999999985815, -0.328952203981559 
11.819999999985791, -0.3285882091411082 
11.829999999985768, -0.32813444377395823 
11.839999999985745, -0.3275703728054652 
11.849999999985721, -0.3268575610404384 
11.859999999985698, -0.32592483304467323 
11.869999999985675, -0.32464153248119826 
11.879999999985651, -0.3227724189231651 
11.889999999985628, -0.3199193911627699 
11.899999999985605, -0.3155051661955909 
11.909999999985581, -0.3089492663863298 
11.919999999985558, -0.3001588995674746 
11.929999999985535, -0.2899954613807144 
11.939999999985512, -0.2799873838780443 
11.949999999985488, -0.27140667711042277 
11.959999999985465, -0.2647340593031053 
11.969999999985442, -0.25983018451748285 
11.979999999985418, -0.2563162317296585 
11.989999999985395, -0.2538133471269527 
11.999999999985372, -0.2520254501743765 
12.009999999985348, -0.250744979729673 
12.019999999985325, -0.2498355751053755 
12.029999999985302, -0.24921369780107683 
12.039999999985278, -0.24883541156228944 
12.049999999985255, -0.24868912887144473 
12.059999999985232, -0.24879402838270845 
12.069999999985209, -0.24920422095451866 
12.079999999985185, -0.2500195358961891 
12.089999999985162, -0.25140440786858465 
12.099999999985139, -0.2536154509119854 
12.109999999985115, -0.25703189851992136 
12.119999999985092, -0.26216115405064433 
12.129999999985069, -0.26953994482014393 
12.139999999985045, -0.2793930856228506 
12.149999999985022, -0.29103628481229754 
12.159999999984999, -0.3025923939801198 
12.169999999984976, -0.3119089693395759 
12.179999999984952, -0.31805110669861625 
12.189999999984929, -0.32152835654854756 
12.199999999984906, -0.3233471251937934 
12.209999999984882, -0.32429290694552565 
12.219999999984859, -0.3248075496096906 
12.229999999984836, -0.32510415222264755 
12.239999999984812, -0.3252795320463067 
12.249999999984789, -0.3253777506032586 
12.259999999984766, -0.3254198271642653 
12.269999999984742, -0.3254168460626448 
12.27999999998472, -0.3253761619191405 
12.289999999984696, -0.32530526050898 
12.299999999984673, -0.3252151601022085 
12.30999999998465, -0.3251236576816263 
12.319999999984626, -0.3250574938916503 
12.329999999984603, -0.32505176205587855 
12.33999999998458, -0.3251451975517734 
12.349999999984556, -0.32537136699440844 
12.359999999984533, -0.32574736517933495 
12.36999999998451, -0.32626303269936907 
12.379999999984486, -0.3268755054946535 
12.389999999984463, -0.327514799109603 
12.39999999998444, -0.32810185654765955 
12.409999999984416, -0.32857104505685936 
12.419999999984393, -0.3288841404592687 
12.42999999998437, -0.329029585510895 
12.439999999984346, -0.32901153110675974 
12.449999999984323, -0.3288367433906853 
12.4599999999843, -0.32850384737748406 
12.469999999984276, -0.3279948494002508 
12.479999999984253, -0.327266803360647 
12.48999999998423, -0.3262418699903731 
12.499999999984206, -0.3247970240230148 
12.509999999984183, -0.32276232616147676 
12.51999999998416, -0.31994987641901024 
12.529999999984136, -0.31624118357536524 
12.539999999984113, -0.3117202009392024 
12.54999999998409, -0.30674484492869325 
12.559999999984067, -0.30183562975253986 
12.569999999984043, -0.29744185108026777 
12.57999999998402, -0.2937891249301353 
12.589999999983997, -0.29089181547814086 
12.599999999983973, -0.28864729775934533 
12.60999999998395, -0.28691945611665554 
12.619999999983927, -0.2855835024098476 
12.629999999983903, -0.28454184828593065 
12.63999999998388, -0.28372581328168683 
12.649999999983857, -0.2830925790141225 
12.659999999983834, -0.2826219918770242 
12.66999999998381, -0.28231531857704323 
12.679999999983787, -0.2821971410569809 
12.689999999983764, -0.28232154094371564 
12.69999999998374, -0.2827841438755176 
12.709999999983717, -0.283741932895534 
12.719999999983694, -0.2854414313034612 
12.72999999998367, -0.2882480590871693 
12.739999999983647, -0.2926430271889901 
12.749999999983624, -0.29909196012400535 
12.7599999999836, -0.30762483953220504 
12.769999999983577, -0.3171565394068251 
12.779999999983554, -0.325361296846026 
12.78999999998353, -0.33014797427269144 
12.799999999983507, -0.3314191411250805 
12.809999999983484, -0.330658778016537 
12.81999999998346, -0.3293199364877972 
12.829999999983437, -0.3281288595564672 
12.839999999983414, -0.3272740146058593 
12.84999999998339, -0.32672128513986787 
12.859999999983367, -0.3263861045640702 
12.869999999983344, -0.32619395099719717 
12.87999999998332, -0.32609252861729215 
12.889999999983297, -0.32604915221690417 
12.899999999983274, -0.3260458404085627 
12.90999999998325, -0.32607574538939577 
12.919999999983228, -0.32614154423258485 
12.929999999983204, -0.3262554660448863 
12.939999999983181, -0.32644013576398717 
12.949999999983158, -0.3267289007423929 
12.959999999983134, -0.3271638531328681 
12.969999999983111, -0.3277896288351353 
12.979999999983088, -0.32864144811705087 
12.989999999983064, -0.3297273940532047 
12.999999999983041, -0.3310093057641877 
13.009999999983018, -0.33239400722593565 
13.019999999982995, -0.3337491061798457 
13.029999999982971, -0.33494338109219923 
13.039999999982948, -0.33588815988352033 
13.049999999982925, -0.3365527647608098 
13.059999999982901, -0.336950930290193 
13.069999999982878, -0.3371156203804798 
13.079999999982855, -0.3370781440589853 
13.089999999982831, -0.33685597586455673 
13.099999999982808, -0.33644653081754944 
13.109999999982785, -0.3358232507155535 
13.119999999982761, -0.3349326290701526 
13.129999999982738, -0.3336946845616269 
13.139999999982715, -0.33201466263597357 
13.149999999982692, -0.32981714179980964 
13.159999999982668, -0.32710416007003207 
13.169999999982645, -0.3240072717768173 
13.179999999982622, -0.3207775757922802 
13.189999999982598, -0.3176964730972567 
13.199999999982575, -0.31497107329186563 
13.209999999982552, -0.3126894165583509 
13.219999999982528, -0.31084166555769355 
13.229999999982505, -0.30936582241225674 
13.239999999982482, -0.30818533623993505 
13.249999999982458, -0.307230257388684 
13.259999999982435, -0.30644592053647923 
13.269999999982412, -0.3057948811733798 
13.279999999982389, -0.305256239271278 
13.289999999982365, -0.3048249049484211 
13.299999999982342, -0.3045124087396816 
13.309999999982319, -0.30435046067710403 
13.319999999982295, -0.30439847734036546 
13.329999999982272, -0.3047564177412655 
13.339999999982249, -0.30558353773469143 
13.349999999982225, -0.30711914935261536 
13.359999999982202, -0.3096854294663805 
13.369999999982179, -0.31361107205811656 
13.379999999982156, -0.3189536813434538 
13.389999999982132, -0.32495938475724684 
13.399999999982109, -0.32973150154389413 
13.409999999982086, -0.3312076312982516 
13.419999999982062, -0.3290871522800728 
13.429999999982039, -0.32503627422526404 
13.439999999982016, -0.3209185728335468 
13.449999999981992, -0.31765225342809883 
13.459999999981969, -0.31536290346935847 
13.469999999981946, -0.3138578713208066 
13.479999999981922, -0.3129028558598253 
13.4899999999819, -0.31231276585224305 
13.499999999981876, -0.3119614938961556 
13.509999999981853, -0.3117693172315158 
13.51999999998183, -0.3116889962931536 
13.529999999981806, -0.3116957533997535 
13.539999999981783, -0.3117813601418929 
13.54999999998176, -0.31195145972416977 
13.559999999981736, -0.3122251148284572 
13.569999999981713, -0.3126354203237759 
13.57999999998169, -0.31322958780321114 
13.589999999981666, -0.3140661867876168 
13.599999999981643, -0.3152063038496923 
13.60999999998162, -0.31669485581381773 
13.619999999981596, -0.3185307125386012 
13.629999999981573, -0.3206342996659224 
13.63999999998155, -0.3228376039242085 
13.649999999981526, -0.3249229687398486 
13.659999999981503, -0.3267004731749431 
13.66999999998148, -0.32806994578228976 
13.679999999981456, -0.32902647524564904 
13.689999999981433, -0.3296229210494196 
13.69999999998141, -0.3299275326351576 
13.709999999981386, -0.32999767585986417 
13.719999999981363, -0.329869340651635 
13.72999999998134, -0.3295550046480668 
13.739999999981316, -0.3290444403724496 
13.749999999981293, -0.328307084719784 
13.75999999998127, -0.32729827564355757 
13.769999999981247, -0.3259742041937216 
13.779999999981223, -0.324318830530257 
13.7899999999812, -0.3223755612471822 
13.799999999981177, -0.32026098795863445 
13.809999999981153, -0.3181391105174541 
13.81999999998113, -0.31616572887134076 
13.829999999981107, -0.3144413858187737 
13.839999999981083, -0.3129991595637217 
13.84999999998106, -0.3118209140292527 
13.859999999981037, -0.31086187555612704 
13.869999999981014, -0.31007048547589877 
13.87999999998099, -0.30940034185356874 
13.889999999980967, -0.30881563945763923 
13.899999999980944, -0.3082924779302926 
13.90999999998092, -0.3078182391006719 
13.919999999980897, -0.30739078902485983 
13.929999999980874, -0.30701872543905967 
13.93999999998085, -0.3067234050180788 
13.949999999980827, -0.3065429765204186 
13.959999999980804, -0.3065374400952141 
13.96999999998078, -0.3067898382612505 
13.979999999980757, -0.3073873664697895 
13.989999999980734, -0.3083406257738595 
13.99999999998071, -0.30936910349747687 
14.009999999980687, -0.3095491065764916 
14.019999999980664, -0.30722651238844345 
14.02999999998064, -0.3010392968729009 
14.039999999980617, -0.29161532375248567 
14.049999999980594, -0.28142392794420085 
14.05999999998057, -0.272670661482678 
14.069999999980547, -0.26614112569763193 
14.079999999980524, -0.26162308350431507 
14.0899999999805, -0.25860071613934255 
14.099999999980477, -0.2566031729160761 
14.109999999980454, -0.25528987372933554 
14.11999999998043, -0.25443692043811555 
14.129999999980408, -0.25390459540032745 
14.139999999980384, -0.2536103240721003 
14.149999999980361, -0.2535108799658372 
14.159999999980338, -0.2535923614039265 
14.169999999980314, -0.2538660297334393 
14.179999999980291, -0.25436869380781785 
14.189999999980268, -0.2551667859067251 
14.199999999980244, -0.2563630609704019 
14.209999999980221, -0.2581031467160856 
14.219999999980198, -0.2605743269200776 
14.229999999980175, -0.26397911074070135 
14.239999999980151, -0.2684552894292432 
14.249999999980128, -0.2739280816374955 
14.259999999980105, -0.2799656780611391 
14.269999999980081, -0.2858270624812943 
14.279999999980058, -0.2907936592210081 
14.289999999980035, -0.29451771405774435 
14.299999999980011, -0.29706157723667126 
14.309999999979988, -0.2986930309069499 
14.319999999979965, -0.29969235899229 
14.329999999979941, -0.3002718560898607 
14.339999999979918, -0.3005701323705675 
14.349999999979895, -0.30067043109108893 
14.359999999979872, -0.30061935084122593 
14.369999999979848, -0.3004406082454937 
14.379999999979825, -0.3001450292970534 
14.389999999979802, -0.299739133596291 
14.399999999979778, -0.2992337642336158 
14.409999999979755, -0.2986520427491877 
14.419999999979732, -0.2980334025305303 
14.429999999979708, -0.2974300225214939 
14.439999999979685, -0.2968955955398558 
14.449999999979662, -0.29647146710803757 
14.459999999979638, -0.29617646888216614 
14.469999999979615, -0.29600356558470264 
14.479999999979592, -0.2959231433173892 
14.489999999979569, -0.29589155173974924 
14.499999999979545, -0.29586243203397666 
14.509999999979522, -0.29579673041751053 
14.519999999979499, -0.2956675089097988 
14.529999999979475, -0.29545862390497474 
14.539999999979452, -0.29515931245520904 
14.549999999979429, -0.294757194864245 
14.559999999979405, -0.2942306012394763 
14.569999999979382, -0.2935390901306907 
14.579999999979359, -0.2926093908260535 
14.589999999979335, -0.2913132694853834 
14.599999999979312, -0.28943660722691456 
14.609999999979289, -0.28665374508279057 
14.619999999979266, -0.28255994224639047 
14.629999999979242, -0.2768546223232483 
14.639999999979219, -0.26967657982101945 
14.649999999979196, -0.26178741387031834 
14.659999999979172, -0.25424788580092356 
14.669999999979149, -0.24784092953730105 
14.679999999979126, -0.2428222771125244 
14.689999999979102, -0.2390682480757246 
14.69999999997908, -0.23631323756776595 
14.709999999979056, -0.2342949765025478 
14.719999999979033, -0.23280631025124565 
14.72999999997901, -0.23170014650501564 
14.739999999978986, -0.23087948470733086 
14.749999999978963, -0.23028629636402526 
14.75999999997894, -0.22989372605160105 
14.769999999978916, -0.22970275726647152 
14.779999999978893, -0.22974384371566076 
14.78999999997887, -0.23008443643139675 
14.799999999978846, -0.2308441290714244 
14.809999999978823, -0.2322194473423799 
14.8199999999788, -0.23451744258398705 
14.829999999978776, -0.23818288412875477 
14.839999999978753, -0.24375860974161542 
14.84999999997873, -0.2516272333539667 
14.859999999978706, -0.2613614235740911 
14.869999999978683, -0.2710305017533126 
14.87999999997866, -0.27785262010190886 
14.889999999978636, -0.2804958580857596 
14.899999999978613, -0.2800355287502675 
14.90999999997859, -0.27834375868755534 
14.919999999978566, -0.2766212641204399 
14.929999999978543, -0.2752868642098543 
14.93999999997852, -0.2743655829418895 
14.949999999978496, -0.27376553207964505 
14.959999999978473, -0.2733901223313108 
14.96999999997845, -0.2731673841311428 
14.979999999978427, -0.273050914096028 
14.989999999978403, -0.2730145616590619 
14.99999999997838, -0.27304775689490357 
15.009999999978357, -0.27315300844611623 
15.019999999978333, -0.27334548736816766 
15.02999999997831, -0.27365407392572144 
15.039999999978287, -0.27412280799026484 
15.049999999978263, -0.27481104255839056 
15.05999999997824, -0.2757896055263519 
15.069999999978217, -0.27712886251279023 
15.079999999978194, -0.27887380821486524 
15.08999999997817, -0.2810056580860226 
15.099999999978147, -0.2834052435399744 
15.109999999978124, -0.2858540205221061 
15.1199999999781, -0.2880989117917368 
15.129999999978077, -0.2899488438455384 
15.139999999978054, -0.29132990716817636 
15.14999999997803, -0.29226892623819906 
15.159999999978007, -0.29284106250730924 
15.169999999977984, -0.293125416664346 
15.17999999997796, -0.29318294375067994 
15.189999999977937, -0.29305049039237435 
15.199999999977914, -0.2927420116360592 
15.20999999997789, -0.2922522609057877 
15.219999999977867, -0.2915625219986374 
15.229999999977844, -0.2906505768380244 
15.23999999997782, -0.28950706707674817 
15.249999999977797, -0.28815570162061266 
15.259999999977774, -0.2866661604957522 
15.26999999997775, -0.2851455198610959 
15.279999999977727, -0.28370725815739506 
15.289999999977704, -0.2824366155502663 
15.29999999997768, -0.2813730254825122 
15.309999999977657, -0.28051341299594296 
15.319999999977634, -0.2798265631314579 
15.32999999997761, -0.27926858761210466 
15.339999999977588, -0.2787948736074172 
15.349999999977564, -0.2783674044940255 
15.359999999977541, -0.2779576632707339 
15.369999999977518, -0.27754609860627233 
15.379999999977494, -0.277119595301737 
15.389999999977471, -0.27666814815988566 
15.399999999977448, -0.27618103011597 
15.409999999977424, -0.27564136614847484 
15.419999999977401, -0.27501583985293765 
15.429999999977378, -0.27423217962292135 
15.439999999977355, -0.27313022228922584 
15.449999999977331, -0.2713681486501919 
15.459999999977308, -0.2682962842732106 
15.469999999977285, -0.2629540041212014 
15.479999999977261, -0.2545563848979398 
15.489999999977238, -0.24348905681609806 
15.499999999977215, -0.23161495902047427 
15.509999999977191, -0.22102972997215525 
15.519999999977168, -0.21277444928793526 
15.529999999977145, -0.20681951984498345 
15.539999999977121, -0.20267198314798635 
15.549999999977098, -0.19980752230384619 
15.559999999977075, -0.19782025544046783 
15.569999999977052, -0.19643265260554896 
15.579999999977028, -0.19546665809663094 
15.589999999977005, -0.194814445146877 
15.599999999976982, -0.19441798229436616 
15.609999999976958, -0.1942575977181304 
15.619999999976935, -0.19434829301188747 
15.629999999976912, -0.19474334436383003 
15.639999999976888, -0.19554603990250324 
15.649999999976865, -0.19693153042597641 
15.659999999976842, -0.19918017462038223 
15.669999999976818, -0.20271610186644531 
15.679999999976795, -0.20811524351585892 
15.689999999976772, -0.2159720800107709 
15.699999999976749, -0.22642699870771477 
15.709999999976725, -0.23837033335612481 
15.719999999976702, -0.24927118441158305 
15.729999999976679, -0.2567865477802497 
15.739999999976655, -0.2605854065854156 
15.749999999976632, -0.26192037457657114 
15.759999999976609, -0.26212390426195376 
15.769999999976585, -0.2619633035445705 
15.779999999976562, -0.26175168216292144 
15.789999999976539, -0.2615818694285977 
15.799999999976515, -0.26146612236297995 
15.809999999976492, -0.26139517318999966 
15.819999999976469, -0.2613586498846973 
15.829999999976446, -0.26135100793948524 
15.839999999976422, -0.2613731611037148 
15.849999999976399, -0.2614335278281026 
15.859999999976376, -0.2615495922189454 
15.869999999976352, -0.2617498897671742 
15.879999999976329, -0.26207554764685215 
15.889999999976306, -0.2625798591493673 
15.899999999976282, -0.26332376942912916 
15.90999999997626, -0.2643644857534297 
15.919999999976236, -0.2657344387007492 
15.929999999976213, -0.2674118185329634 
15.93999999997619, -0.2692957879423662 
15.949999999976166, -0.2712122516340406 
15.959999999976143, -0.27296527572731605 
15.96999999997612, -0.274407581110309 
15.979999999976096, -0.2754792153827041 
15.989999999976073, -0.27619538304597746 
15.99999999997605, -0.27660849951621225 
16.009999999976028, -0.27677495215769654 
16.019999999976005, -0.27673726231619766 
16.02999999997598, -0.2765180334933487 
16.039999999975958, -0.2761196912061024 
16.049999999975935, -0.27552699143315273 
16.05999999997591, -0.2747128130803519 
16.069999999975888, -0.2736500822560584 
16.079999999975865, -0.272331772188593 
16.08999999997584, -0.27079399554548084 
16.099999999975818, -0.26912676928577556 
16.109999999975795, -0.2674569547750977 
16.11999999997577, -0.2659081877681303 
16.129999999975748, -0.26456391644601746 
16.139999999975725, -0.2634544501427992 
16.1499999999757, -0.2625663340733336 
16.15999999997568, -0.2618603369003266 
16.169999999975655, -0.2612878153899152 
16.17999999997563, -0.26080204304696586 
16.18999999997561, -0.26036442444866464 
16.199999999975585, -0.2599463980983955 
16.20999999997556, -0.25952824782823514 
16.21999999997554, -0.2590962143778685 
16.229999999975515, -0.2586388623268298 
16.239999999975492, -0.25814263291531564 
16.24999999997547, -0.25758494889501954 
16.259999999975445, -0.25692061361145285 
16.269999999975422, -0.2560524655786439 
16.2799999999754, -0.2547705921153294 
16.289999999975375, -0.2526470355068494 
16.299999999975352, -0.24893121529785178 
16.30999999997533, -0.2426736475375459 
16.319999999975305, -0.23341714369903097 
16.329999999975282, -0.2220971656167082 
16.33999999997526, -0.21078685784690387 
16.349999999975235, -0.2012370326608926 
16.359999999975212, -0.19403330331674218 
16.36999999997519, -0.18891727333081074 
16.379999999975166, -0.18536631343559914 
16.389999999975142, -0.1829046771574741 
16.39999999997512, -0.1811844663859489 
16.409999999975096, -0.17997419649287613 
16.419999999975072, -0.17912834818730808 
16.42999999997505, -0.17856175674535835 
16.439999999975026, -0.17823319772341967 
16.449999999975002, -0.17813744856467928 
16.45999999997498, -0.17830489824915807 
16.469999999974956, -0.1788089273143631 
16.479999999974932, -0.17978268732075406 
16.48999999997491, -0.18144762948243687 
16.499999999974886, -0.1841529734309159 
16.509999999974863, -0.18840774036820168 
16.51999999997484, -0.1948299400346674 
16.529999999974816, -0.20382376454870071 
16.539999999974793, -0.2147955000893001 
16.54999999997477, -0.22544281171765213 
16.559999999974746, -0.2327904178713435 
16.569999999974723, -0.23576335667375964 
16.5799999999747, -0.23570617685764567 
16.589999999974676, -0.2344692174603174 
16.599999999974653, -0.2331382561962101 
16.60999999997463, -0.2320831042571201 
16.619999999974606, -0.2313392689068572 
16.629999999974583, -0.23084442618502704 
16.63999999997456, -0.23052976019335403 
16.649999999974536, -0.23034420668236333 
16.659999999974513, -0.23025641842525327 
16.66999999997449, -0.2302518426233766 
16.679999999974466, -0.23033034868408597 
16.689999999974443, -0.23050570119041786 
16.69999999997442, -0.23080686837190978 
16.709999999974396, -0.23128060682136198 
16.719999999974373, -0.23199415926731545 
16.72999999997435, -0.2330357532588406 
16.739999999974327, -0.23450828445531582 
16.749999999974303, -0.2365080088078649 
16.75999999997428, -0.23907888804929306 
16.769999999974257, -0.24214616365196986 
16.779999999974233, -0.24546992018639 
16.78999999997421, -0.248688088522381 
16.799999999974187, -0.25146012081471003 
16.809999999974163, -0.25360401136837596 
16.81999999997414, -0.2551176734173871 
16.829999999974117, -0.2561048927207784 
16.839999999974093, -0.25669329742908353 
16.84999999997407, -0.25698969870774974 
16.859999999974047, -0.2570680441183661 
16.869999999974024, -0.25697251431509466 
16.879999999974, -0.25672474944915386 
16.889999999973977, -0.256331585505673 
16.899999999973954, -0.25579353790968357 
16.90999999997393, -0.2551150813618449 
16.919999999973907, -0.254315950060371 
16.929999999973884, -0.2534390285054934 
16.93999999997386, -0.2525484425354866 
16.949999999973837, -0.25171576142457547 
16.959999999973814, -0.2510008772871616 
16.96999999997379, -0.25043780919560443 
16.979999999973767, -0.25003047555472746 
16.989999999973744, -0.24975667400646012 
16.99999999997372, -0.24957661193506547 
17.009999999973697, -0.24944339965309498 
17.019999999973674, -0.24931303685012818 
17.02999999997365, -0.24915094029309537 
17.039999999973627, -0.2489332197987794 
17.049999999973604, -0.24864332762084956 
17.05999999997358, -0.24826605573840227 
17.069999999973557, -0.24778021180120943 
17.079999999973534, -0.24714959775644657 
17.08999999997351, -0.2463102338688489 
17.099999999973488, -0.24515090046861093 
17.109999999973464, -0.2434862233408815 
17.11999999997344, -0.24103356383371213 
17.129999999973418, -0.23743717158742253 
17.139999999973394, -0.23241910385231512 
17.14999999997337, -0.22606914668285577 
17.159999999973348, -0.21902844586100834 
17.169999999973324, -0.21223810002174992 
17.1799999999733, -0.20642610845905113 
17.189999999973278, -0.20185297696064547 
17.199999999973254, -0.19842395499382678 
17.20999999997323, -0.195903117027357 
17.219999999973208, -0.19405102210431185 
17.229999999973185, -0.19267606195163461 
17.23999999997316, -0.1916408697637238 
17.249999999973138, -0.19085381677129815 
17.259999999973115, -0.19025884364255258 
17.26999999997309, -0.18982800691429597 
17.279999999973068, -0.1895578879650452 
17.289999999973045, -0.189470281666248 
17.29999999997302, -0.18961773642153384 
17.309999999972998, -0.19009464094315653 
17.319999999972975, -0.1910531027763158 
17.32999999997295, -0.19271527198740215 
17.339999999972928, -0.19534792071320722 
17.349999999972905, -0.1991019161444725 
17.35999999997288, -0.20355245153419954 
17.36999999997286, -0.20702283847020292 
17.379999999972835, -0.2068182684533549 
17.38999999997281, -0.20160772336099592 
17.39999999997279, -0.19327920429895357 
17.409999999972765, -0.18494016612853686 
17.41999999997274, -0.17832417962647987 
17.42999999997272, -0.17364585676174743 
17.439999999972695, -0.17049546381126018 
17.449999999972672, -0.16840564813977787 
17.45999999997265, -0.1670229831517239 
17.469999999972625, -0.16611491732027722 
17.479999999972602, -0.16553899785396456 
17.48999999997258, -0.16521457643285045 
17.499999999972555, -0.16510448401282424 
17.509999999972532, -0.1652058210833097 
17.51999999997251, -0.16554822331702976 
17.529999999972485, -0.166198931175344 
17.539999999972462, -0.16727502025033228 
17.54999999997244, -0.16896326010480012 
17.559999999972415, -0.17154488815666682 
17.569999999972392, -0.17540962958469994 
17.57999999997237, -0.18100890169386724 
17.589999999972346, -0.18864587387209844 
17.599999999972322, -0.1980352362758953 
17.6099999999723, -0.20792958535833556 
17.619999999972276, -0.2165429259636531 
17.629999999972252, -0.2227274217541857 
17.63999999997223, -0.22653063397698095 
17.649999999972206, -0.22865572308463852 
17.659999999972182, -0.22979694263698658 
17.66999999997216, -0.23040764831565133 
17.679999999972136, -0.23073576484660624 
17.689999999972112, -0.2309077196434343 
17.69999999997209, -0.23098761051734074 
17.709999999972066, -0.2310095168984549 
17.719999999972043, -0.23099401292432895 
17.72999999997202, -0.23095713559228487 
17.739999999971996, -0.23091620037692265 
17.749999999971973, -0.23089428435666734 
17.75999999997195, -0.23092353300581975 
17.769999999971926, -0.23104640654994263 
17.779999999971903, -0.23131363392488927 
17.78999999997188, -0.2317778229892553 
17.799999999971856, -0.23248181734080595 
17.809999999971833, -0.23344139148500598 
17.81999999997181, -0.2346254088020699 
17.829999999971786, -0.23594465912304768 
17.839999999971763, -0.23726533736102118 
17.84999999997174, -0.23844981660058914 
17.859999999971716, -0.23940120594332998 
17.869999999971693, -0.24008200757382644 
17.87999999997167, -0.2405017797808104 
17.889999999971646, -0.24069168485133208 
17.899999999971623, -0.2406831441106499 
17.9099999999716, -0.24049586482315305 
17.919999999971576, -0.24013300094217355 
17.929999999971553, -0.23958046108738157 
17.93999999997153, -0.23880980537508067 
17.949999999971507, -0.2377870298948243 
17.959999999971483, -0.23649049198433386 
17.96999999997146, -0.2349365961605831 
17.979999999971437, -0.23320026042488454 
17.989999999971413, -0.23140940562614393 
17.99999999997139, -0.22970713569534867 
18.009999999971367, -0.22820469186140352 
18.019999999971343, -0.22695590487008305 
18.02999999997132, -0.22596070931907147 
18.039999999971297, -0.22518385058091567 
18.049999999971273, -0.22457416191057028 
18.05999999997125, -0.22407851877344678 
18.069999999971227, -0.2236501605208531 
18.079999999971204, -0.22325230478013158 
18.08999999997118, -0.22285801879215295 
18.099999999971157, -0.2224475037691934 
18.109999999971134, -0.2220038574034482 
18.11999999997111, -0.22150759373774292 
18.129999999971087, -0.22092876037894676 
18.139999999971064, -0.22021332211780736 
18.14999999997104, -0.2192572500891053 
18.159999999971017, -0.21785860756115927 
18.169999999970994, -0.215644249202944 
18.17999999997097, -0.21201481773641345 
18.189999999970947, -0.20627343241379265 
18.199999999970924, -0.19814832330109305 
18.2099999999709, -0.18842250117068332 
18.219999999970877, -0.17872844480070144 
18.229999999970854, -0.17046951594672016 
18.23999999997083, -0.1641537544021819 
18.249999999970807, -0.15960154535734689 
18.259999999970784, -0.15639407437219105 
18.26999999997076, -0.15413441167299152 
18.279999999970737, -0.15252471267661608 
18.289999999970714, -0.15136286795288997 
18.29999999997069, -0.1505196619580608 
18.309999999970668, -0.14991809426984865 
18.319999999970644, -0.1495196684610441 
18.32999999997062, -0.14931763030323997 
18.339999999970598, -0.1493366480212331 
18.349999999970574, -0.14963916331812321 
18.35999999997055, -0.15033934554441183 
18.369999999970528, -0.15162454795029942 
18.379999999970504, -0.15377598985345742 
18.38999999997048, -0.15714955959701032 
18.399999999970458, -0.16199684338817155 
18.409999999970434, -0.16791174025434072 
18.41999999997041, -0.17299301840215048 
18.429999999970388, -0.1741443481936522 
18.439999999970365, -0.16992461654413948 
18.44999999997034, -0.16245252568882015 
18.459999999970318, -0.15492703063427576 
18.469999999970295, -0.14899838468583967 
18.47999999997027, -0.1448298026035414 
18.489999999970248, -0.14202901370643584 
18.499999999970225, -0.14017109534417602 
18.5099999999702, -0.1389419909135827 
18.519999999970178, -0.13813842507100163 
18.529999999970155, -0.137638512194387 
18.53999999997013, -0.13737662691562175 
18.549999999970108, -0.13732809962107134 
18.559999999970085, -0.13750278342292638 
18.56999999997006, -0.13794632821445302 
18.57999999997004, -0.13874919343375833 
18.589999999970015, -0.14006454558864237 
18.59999999996999, -0.1421357705391249 
18.60999999996997, -0.14532802748296939 
18.619999999969945, -0.15013441852558732 
18.62999999996992, -0.15706852168726188 
18.6399999999699, -0.16629124390928104 
18.649999999969875, -0.17699033049692153 
18.659999999969852, -0.18721630505783907 
18.66999999996983, -0.19501883687640562 
18.679999999969805, -0.1998329031222703 
18.689999999969782, -0.20235755112899811 
18.69999999996976, -0.20355448311128743 
18.709999999969735, -0.20409441364166483 
18.719999999969712, -0.20433277220479637 
18.72999999996969, -0.20443505933793787 
18.739999999969665, -0.20447487099134923 
18.749999999969642, -0.2044859355315513 
18.75999999996962, -0.20448634303981167 
18.769999999969595, -0.20448981168339858 
18.779999999969572, -0.2045117487167804 
18.78999999996955, -0.20457353272314327 
18.799999999969526, -0.20470617141168684 
18.809999999969502, -0.20495319159111988 
18.81999999996948, -0.20537178192709535 
18.829999999969456, -0.2060305203993364 
18.839999999969432, -0.20700096907134213 
18.84999999996941, -0.20833905389136737 
18.859999999969386, -0.2100534965621795 
18.869999999969362, -0.21206927699978156 
18.87999999996934, -0.21421406074880084 
18.889999999969316, -0.2162593140512879 
18.899999999969292, -0.21800543146193627 
18.90999999996927, -0.21934894993669957 
18.919999999969246, -0.22028656346545766 
18.929999999969223, -0.22087372501207142 
18.9399999999692, -0.2211804458700201 
18.949999999969176, -0.22126561242624193 
18.959999999969153, -0.22116825740987514 
18.96999999996913, -0.2209078552634936 
18.979999999969106, -0.22048847755053483 
18.989999999969083, -0.21990549601040335 
18.99999999996906, -0.21915555170860102 
19.009999999969036, -0.21824970273607555 
19.019999999969013, -0.21722568137600823 
19.02999999996899, -0.21615088847502378 
19.039999999968966, -0.21510994893698626 
19.049999999968943, -0.21418150735480132 
19.05999999996892, -0.2134177696116144 
19.069999999968896, -0.21283641448140914 
19.079999999968873, -0.21242396163782998 
19.08999999996885, -0.21214473664534186 
19.099999999968826, -0.2119513840674761 
19.109999999968803, -0.21179511805594736 
19.11999999996878, -0.21163380349062563 
19.129999999968756, -0.2114357503430983 
19.139999999968733, -0.21117858475845303 
19.14999999996871, -0.2108444423370263 
19.159999999968687, -0.21041312826155695 
19.169999999968663, -0.20985374167764242 
19.17999999996864, -0.20911366916770152 
19.189999999968617, -0.20810289728079492 
19.199999999968593, -0.20667301725629655 
19.20999999996857, -0.2045987809763198 
19.219999999968547, -0.20159293614038026 
19.229999999968523, -0.1974134825225778 
19.2399999999685, -0.1920854683827518 
19.249999999968477, -0.18607668106956815 
19.259999999968453, -0.18015442632808704 
19.26999999996843, -0.17497913031206758 
19.279999999968407, -0.17084045945762757 
19.289999999968384, -0.16770341846403902 
19.29999999996836, -0.16538193722549327 
19.309999999968337, -0.16366830809630487 
19.319999999968314, -0.1623885425778514 
19.32999999996829, -0.16141383827387784 
19.339999999968267, -0.16065543868721993 
19.349999999968244, -0.1600560973684433 
19.35999999996822, -0.15958283926040903 
19.369999999968197, -0.1592222794050272 
19.379999999968174, -0.1589786482069214 
19.38999999996815, -0.15887418578485593 
19.399999999968127, -0.15895053584309055 
19.409999999968104, -0.15926621751937894 
19.41999999996808, -0.15987445742057263 
19.429999999968057, -0.16073903424017064 
19.439999999968034, -0.1615061391067506 
19.44999999996801, -0.16110054074936106 
19.459999999967987, -0.1575861123186593 
19.469999999967964, -0.14942941131133797 
19.47999999996794, -0.13771436127312814 
19.489999999967917, -0.12571874239529907 
19.499999999967894, -0.11594777037265433 
19.50999999996787, -0.10895800595367633 
19.519999999967848, -0.10423722562152098 
19.529999999967824, -0.10109455769853129 
19.5399999999678, -0.09898919529675278 
19.549999999967778, -0.09756268017399992 
19.559999999967754, -0.09659380068464056 
19.56999999996773, -0.09595331702183986 
19.579999999967708, -0.09557381043670005 
19.589999999967684, -0.09543352124575896 
19.59999999996766, -0.09555130254096986 
19.609999999967638, -0.09599155577359537 
19.619999999967614, -0.09688020795038542 
19.62999999996759, -0.09843410021806812 
19.639999999967568, -0.10100260860060606 
19.649999999967545, -0.10509747595607437 
19.65999999996752, -0.11130716327042693 
19.669999999967498, -0.11982820743172262 
19.679999999967475, -0.12939575307888773 
19.68999999996745, -0.13668172386917618 
19.699999999967428, -0.13863046875632012 
19.709999999967405, -0.13578491863914183 
19.71999999996738, -0.13111054048535503 
19.729999999967358, -0.1268070070336597 
19.739999999967335, -0.12356977375981597 
19.74999999996731, -0.12132537838468704 
19.759999999967288, -0.1198160080841822 
19.769999999967265, -0.11881439960815206 
19.77999999996724, -0.11816399765441662 
19.78999999996722, -0.11776923212694923 
19.799999999967195, -0.11757992647694579 
19.80999999996717, -0.11758079665965648 
19.81999999996715, -0.11778755487478818 
19.829999999967125, -0.1182495561256397 
19.8399999999671, -0.11905947513117307 
19.84999999996708, -0.12037121896651282 
19.859999999967055, -0.12242639510686515 
19.869999999967032, -0.12558241695725897 
19.87999999996701, -0.1303099135429005 
19.889999999966985, -0.1370691085853253 
19.899999999966962, -0.14592827615643206 
19.90999999996694, -0.15600061458025535 
19.919999999966915, -0.1654226034308099 
19.929999999966892, -0.1725029494618668 
19.93999999996687, -0.17686443094436038 
19.949999999966845, -0.17918662757088605 
19.959999999966822, -0.1803209757130496 
19.9699999999668, -0.180852720890809 
19.979999999966775, -0.18109635033715593 
19.989999999966752, -0.1812033067850089 
19.99999999996673, -0.18124453111785327 
20.009999999966706, -0.18125502383916545 
20.019999999966682, -0.1812554127862753 
20.02999999996666, -0.18126264954857438 
20.039999999966636, -0.18129626368738355 
20.049999999966612, -0.18138302226971564 
20.05999999996659, -0.18156086839753366 
20.069999999966566, -0.18188184989912332 
20.079999999966542, -0.18241295020485154 
20.08999999996652, -0.18323277857659265 
20.099999999966496, -0.1844202903350675 
20.109999999966472, -0.18602986867706398 
20.11999999996645, -0.1880506388420239 
20.129999999966426, -0.19036540802142454 
20.139999999966403, -0.19274944312112247 
20.14999999996638, -0.1949399804017255 
20.159999999966356, -0.19674051769273845 
20.169999999966333, -0.19807821506414608 
20.17999999996631, -0.19898370265158782 
20.189999999966286, -0.19953502991961114 
20.199999999966263, -0.19981267895877702 
20.20999999996624, -0.1998788485607797 
20.219999999966216, -0.19977341465206414 
20.229999999966193, -0.1995172811966839 
20.23999999996617, -0.1991185055937255 
20.249999999966146, -0.1985802911810856 
20.259999999966123, -0.19791103610081898 
20.2699999999661, -0.19713500834792835 
20.279999999966076, -0.1962989587456127 
20.289999999966053, -0.19546882801369259 
20.29999999996603, -0.1947155831167185 
20.309999999966006, -0.1940972045329672 
20.319999999965983, -0.19364605491860767 
20.32999999996596, -0.19336513453453677 
20.339999999965936, -0.19323093500949914 
20.349999999965913, -0.19320018865447872 
20.35999999996589, -0.1932196015664148 
20.369999999965867, -0.19323704629200614 
20.379999999965843, -0.19321049343611635 
20.38999999996582, -0.19311115366479442 
20.399999999965797, -0.1929204623404298 
20.409999999965773, -0.19262326224682894 
20.41999999996575, -0.1921995826523543 
20.429999999965727, -0.1916157942739915 
20.439999999965703, -0.19081466873043548 
20.44999999996568, -0.1897045475327132 
20.459999999965657, -0.18815229630572233 
20.469999999965633, -0.18599501708580504 
20.47999999996561, -0.18309649573407297 
20.489999999965587, -0.1794582733511262 
20.499999999965564, -0.1753199086269799 
20.50999999996554, -0.1711195215910079 
20.519999999965517, -0.16729665435689817 
20.529999999965494, -0.1641097069622383 
20.53999999996547, -0.16160624697056575 
20.549999999965447, -0.15970207592790311 
20.559999999965424, -0.15826751686286994 
20.5699999999654, -0.15717739056851462 
20.579999999965377, -0.1563297162928954 
20.589999999965354, -0.15564841551800904 
20.59999999996533, -0.1550800195853249 
20.609999999965307, -0.15458887022961834 
20.619999999965284, -0.15415246515882838 
20.62999999996526, -0.15375730111674074 
20.639999999965237, -0.15339458145619542 
20.649999999965214, -0.15305357637986272 
20.65999999996519, -0.15270697311948087 
20.669999999965167, -0.15227507363189158 
20.679999999965144, -0.1515434362753391 
20.68999999996512, -0.15000810301276873 
20.699999999965097, -0.14671450541674508 
20.709999999965074, -0.14046056544731428 
20.71999999996505, -0.13084837457602402 
20.729999999965028, -0.11935817921523648 
20.739999999965004, -0.10849599861492772 
20.74999999996498, -0.0998703073080794 
20.759999999964958, -0.09368929395709763 
20.769999999964934, -0.08945588089629429 
20.77999999996491, -0.0865815864311262 
20.789999999964888, -0.08460960814538712 
20.799999999964864, -0.08323317267875767 
20.80999999996484, -0.08225909284884296 
20.819999999964818, -0.08157138670216754 
20.829999999964794, -0.08110645576103644 
20.83999999996477, -0.08083913121097526 
20.849999999964748, -0.08077731503321614 
20.859999999964725, -0.0809638465684271 
20.8699999999647, -0.08148490791511415 
20.879999999964678, -0.08248246883395216 
20.889999999964655, -0.08415770808141952 
20.89999999996463, -0.086716084240032 
20.909999999964608, -0.09011875649659692 
20.919999999964585, -0.09344976265654399 
20.92999999996456, -0.0942428973485713 
20.939999999964538, -0.0896442404515463 
20.949999999964515, -0.07991265519686 
20.95999999996449, -0.06879366191621863 
20.969999999964468, -0.059509469954936375 
20.979999999964445, -0.05290155983120855 
20.98999999996442, -0.04849799437035666 
20.9999999999644, -0.04560706110348811 
21.009999999964375, -0.043695068797782705 
21.01999999996435, -0.042416703849258344 
21.02999999996433, -0.041564498218095394 
21.039999999964305, -0.04102167583776433 
21.04999999996428, -0.04073245174896696 
21.05999999996426, -0.04068753791544279 
21.069999999964235, -0.04092177683888019 
21.079999999964212, -0.041523142658118455 
21.08999999996419, -0.042654544945076575 
21.099999999964165, -0.044589085910268035 
21.109999999964142, -0.047745464606410305 
21.11999999996412, -0.05265080007206765 
21.129999999964095, -0.05959842806196426 
21.139999999964072, -0.06764670372538874 
21.14999999996405, -0.07355856605007205 
21.159999999964025, -0.0736162630213922 
21.169999999964002, -0.06804092869348978 
21.17999999996398, -0.06057609147795552 
21.189999999963955, -0.054127178632078575 
21.199999999963932, -0.0494673149821802 
21.20999999996391, -0.04632369064076092 
21.219999999963886, -0.04424123318893403 
21.229999999963862, -0.04286207433898846 
21.23999999996384, -0.04195350941207174 
21.249999999963816, -0.04137794188510027 
21.259999999963792, -0.041063738264806866 
21.26999999996377, -0.040987849587194536 
21.279999999963746, -0.041169965447724846 
21.289999999963722, -0.041677582200437824 
21.2999999999637, -0.04264351109951932 
21.309999999963676, -0.044299480911241126 
21.319999999963652, -0.04702762605464749 
21.32999999996363, -0.05141075900932941 
21.339999999963606, -0.058178381930627986 
21.349999999963583, -0.06774769570414307 
21.35999999996356, -0.07903790867599113 
21.369999999963536, -0.08861616320922136 
21.379999999963513, -0.09302057924056074 
21.38999999996349, -0.09239463030413217 
21.399999999963466, -0.08947036658313187 
21.409999999963443, -0.08640225746908443 
21.41999999996342, -0.08397715971227357 
21.429999999963396, -0.08224981493268967 
21.439999999963373, -0.08106854114706623 
21.44999999996335, -0.08027883687078678 
21.459999999963326, -0.07977084706867786 
21.469999999963303, -0.079479167781211 
21.47999999996328, -0.07937465465803667 
21.489999999963256, -0.07945927603675988 
21.499999999963233, -0.07976658985889284 
21.50999999996321, -0.08036895036776848 
21.519999999963186, -0.08139311701777316 
21.529999999963163, -0.08304642203405302 
21.53999999996314, -0.08565275236358305 
21.549999999963116, -0.08968162352356408 
21.559999999963093, -0.09570295602135788 
21.56999999996307, -0.10410692682375126 
21.579999999963047, -0.11445803953367772 
21.589999999963023, -0.12497155819634467 
21.599999999963, -0.1333313196091004 
21.609999999962977, -0.1384816238418031 
21.619999999962953, -0.14100864763881277 
21.62999999996293, -0.14202290036694185 
21.639999999962907, -0.14233978818425794 
21.649999999962883, -0.14238284256899356 
21.65999999996286, -0.14233622497779566 
21.669999999962837, -0.14227292145366516 
21.679999999962813, -0.1422217574900037 
21.68999999996279, -0.14219715468340838 
21.699999999962767, -0.14221206336925624 
21.709999999962744, -0.14228452290722765 
21.71999999996272, -0.14244241801124236 
21.729999999962697, -0.14272823284828626 
21.739999999962674, -0.14320425601707057 
21.74999999996265, -0.14395768731855613 
21.759999999962627, -0.14510340935568988 
21.769999999962604, -0.14677828042693747 
21.77999999996258, -0.14911388300017697 
21.789999999962557, -0.1521707984543826 
21.799999999962534, -0.15583876605693225 
21.80999999996251, -0.15977304997705083 
21.819999999962487, -0.16348080666196638 
21.829999999962464, -0.1665490785979104 
21.83999999996244, -0.16881592077074042 
21.849999999962417, -0.17034845472957127 
21.859999999962394, -0.17131450323723083 
21.86999999996237, -0.17188055611238884 
21.879999999962347, -0.17217211822397582 
21.889999999962324, -0.172272047442881 
21.8999999999623, -0.172231315765439 
21.909999999962277, -0.17208067770892865 
21.919999999962254, -0.1718406063543859 
21.92999999996223, -0.17152983996495857 
21.939999999962208, -0.17117275382127278 
21.949999999962184, -0.17080442532510534 
21.95999999996216, -0.17047132815858967 
21.969999999962138, -0.1702265530110492 
21.979999999962114, -0.17012095841443892 
21.98999999996209, -0.17019307355672278 
21.999999999962068, -0.17045947308692344 
22.009999999962044, -0.17090633919369386 
22.01999999996202, -0.17148517070115316 
22.029999999961998, -0.1721186822885931 
22.039999999961974, -0.17271965411949786 
22.04999999996195, -0.17321489001896817 
22.059999999961928, -0.17356028392005873 
22.069999999961905, -0.17374018906406474 
22.07999999996188, -0.17375603913567395 
22.089999999961858, -0.1736130384519585 
22.099999999961835, -0.17331002214560937 
22.10999999996181, -0.17283333717838195 
22.119999999961788, -0.17215443123573443 
22.129999999961765, -0.17123240796077405 
22.13999999996174, -0.17002531059597467 
22.149999999961718, -0.1685138056840158 
22.159999999961695, -0.16673268188220097 
22.16999999996167, -0.1647895104320715 
22.179999999961648, -0.16284527927580147 
22.189999999961625, -0.16105973519849176 
22.1999999999616, -0.15953939559269306 
22.20999999996158, -0.15832062942559566 
22.219999999961555, -0.15738444067861837 
22.22999999996153, -0.15668102812003687 
22.23999999996151, -0.15614957652525224 
22.249999999961485, -0.155730591411347 
22.25999999996146, -0.15537264893317898 
22.26999999996144, -0.15503501436102593 
22.279999999961415, -0.1546867637616472 
22.289999999961392, -0.15430310712701395 
22.29999999996137, -0.15385965027973914 
22.309999999961345, -0.15332461717445758 
22.319999999961322, -0.1526476926332621 
22.3299999999613, -0.15174269661179837 
22.339999999961275, -0.15046131065942348 
22.349999999961252, -0.14856183970370673 
22.35999999996123, -0.14570247600259265 
22.369999999961205, -0.14153581250439967 
22.379999999961182, -0.13597476942354597 
22.38999999996116, -0.1294790960645075 
22.399999999961135, -0.12295931654673342 
22.409999999961112, -0.117255896838521 
22.41999999996109, -0.11274819384670139 
22.429999999961066, -0.10939549371128574 
22.439999999961042, -0.10696754246865355 
22.44999999996102, -0.1052134899003162 
22.459999999960996, -0.10392870347783345 
22.469999999960972, -0.10296477812009688 
22.47999999996095, -0.10222030256297558 
22.489999999960926, -0.10162886813534529 
22.499999999960902, -0.10114920550905546 
22.50999999996088, -0.10075806492896977 
22.519999999960856, -0.10044510540511702 
22.529999999960832, -0.10020813961290678 
22.53999999996081, -0.10004498503783266 
22.549999999960786, -0.09993264343721697 
22.559999999960763, -0.09977202313354003 
22.56999999996074, -0.09925820336259047 
22.579999999960716, -0.09765459691421231 
22.589999999960693, -0.09366339801855915 
22.59999999996067, -0.08604902277396301 
22.609999999960646, -0.07521620463846634 
22.619999999960623, -0.06363443814205094 
22.6299999999606, -0.05378242969377358 
22.639999999960576, -0.04654013380359097 
22.649999999960553, -0.04158472691757527 
22.65999999996053, -0.03826598555263379 
22.669999999960506, -0.03602847720899251 
22.679999999960483, -0.03449040812747636 
22.68999999996046, -0.03341025691027811 
22.699999999960436, -0.032641437552715834 
22.709999999960413, -0.03209925965143166 
22.71999999996039, -0.03174092869464999 
22.729999999960366, -0.03155514998536071 
22.739999999960343, -0.031558308453884173 
22.74999999996032, -0.03179433253208924 
22.759999999960296, -0.0323322645754667 
22.769999999960273, -0.03324320827114631 
22.77999999996025, -0.03450398561494523 
22.789999999960227, -0.03571633349518722 
22.799999999960203, -0.03558732025224155 
22.80999999996018, -0.03179783200399832 
22.819999999960157, -0.022837004745606276 
22.829999999960133, -0.010634956058341314 
22.83999999996011, 0.0008948978252274484 
22.849999999960087, 0.00922082565700376 
22.859999999960063, 0.014719469943620653 
22.86999999996004, 0.018155177520929117 
22.879999999960017, 0.020251459060295896 
22.889999999959993, 0.021505186558551628 
22.89999999995997, 0.022223228446626542 
22.909999999959947, 0.02258708013341707 
22.919999999959924, 0.022699804300201666 
22.9299999999599, 0.022613899711671222 
22.939999999959877, 0.02234594216001253 
22.949999999959854, 0.021883023553031115 
22.95999999995983, 0.0211856398799872 
22.969999999959807, 0.02019583765679367 
22.979999999959784, 0.01887556308799842 
22.98999999995976, 0.01734129067836984 
22.999999999959737, 0.01621048591936994 
23.009999999959714, 0.017100493142787603 
23.01999999995969, 0.02229312038718798 
23.029999999959667, 0.03225711869024998 
23.039999999959644, 0.04397683259352264 
23.04999999995962, 0.05392345370349142 
23.059999999959597, 0.06087666366338309 
23.069999999959574, 0.06529430396456423 
23.07999999995955, 0.06799092809379627 
23.089999999959527, 0.06960605960228373 
23.099999999959504, 0.07055110775495511 
23.10999999995948, 0.0710740431129835 
23.119999999959457, 0.07132116320774443 
23.129999999959434, 0.07137739597179706 
23.13999999995941, 0.07129028677411625 
23.149999999959388, 0.07108491095384514 
23.159999999959364, 0.07077644254352052 
23.16999999995934, 0.07038955376743354 
23.179999999959318, 0.07000262026608475 
23.189999999959294, 0.06985057037622383 
23.19999999995927, 0.07051568070235917 
23.209999999959248, 0.07308145820614215 
23.219999999959224, 0.07869500362941272 
23.2299999999592, 0.08717006161068522 
23.239999999959178, 0.09639069152527328 
23.249999999959154, 0.10411690399279419 
23.25999999995913, 0.1095684729371823 
23.269999999959108, 0.11306782846632772 
23.279999999959085, 0.11520927969227852 
23.28999999995906, 0.11648123773539232 
23.299999999959038, 0.1172115236684628 
23.309999999959015, 0.11760703546591764 
23.31999999995899, 0.11779790888816058 
23.329999999958968, 0.11786865879379493 
23.339999999958945, 0.11787878490780637 
23.34999999995892, 0.11787814620043521 
23.359999999958898, 0.11792199173963525 
23.369999999958875, 0.11809034340537075 
23.37999999995885, 0.11851548115512459 
23.389999999958828, 0.11941346751763234 
23.399999999958805, 0.12108765749876182 
23.40999999995878, 0.12382464551131953 
23.41999999995876, 0.12763136471449152 
23.429999999958735, 0.13201678117597399 
23.43999999995871, 0.13619202128603822 
23.44999999995869, 0.1395631951244381 
23.459999999958665, 0.14196173052926545 
23.46999999995864, 0.14351015934285477 
23.47999999995862, 0.14441971930068495 
23.489999999958595, 0.14488358373498483 
23.499999999958572, 0.14505063428247084 
23.50999999995855, 0.1450310731976347 
23.519999999958525, 0.1449072539397054 
23.529999999958502, 0.14474194746486352 
23.53999999995848, 0.14458427552458955 
23.549999999958455, 0.14447515349478482 
23.559999999958432, 0.14445312600094434 
23.56999999995841, 0.14456000897537225 
23.579999999958385, 0.144844177764991 
23.589999999958362, 0.14535729260889613 
23.59999999995834, 0.14613875840930143 
23.609999999958315, 0.14718622224360742 
23.619999999958292, 0.1484256324835697 
23.62999999995827, 0.14971086961446384 
23.639999999958246, 0.1508694091784788 
23.649999999958222, 0.15176490140808058 
23.6599999999582, 0.15232931232700028 
23.669999999958176, 0.15255354196647625 
23.679999999958152, 0.15246179266918228 
23.68999999995813, 0.15209406806570822 
23.699999999958106, 0.15150260158391665 
23.709999999958082, 0.15075459958570225 
23.71999999995806, 0.14993028343229178 
23.729999999958036, 0.14911108350309535 
23.739999999958012, 0.14836349989729042 
23.74999999995799, 0.1477291278876256 
23.759999999957966, 0.14722556130171835 
23.769999999957943, 0.1468542264157017 
23.77999999995792, 0.1466084241566537 
23.789999999957896, 0.1464774262689363 
23.799999999957873, 0.14644580881311312 
23.80999999995785, 0.14648939006624537 
23.819999999957826, 0.14657058255038308 
23.829999999957803, 0.1466365747268144 
23.83999999995778, 0.14662221539572434 
23.849999999957756, 0.14645570949358871 
23.859999999957733, 0.14606260914590552 
23.86999999995771, 0.1453659692278394 
23.879999999957686, 0.14428748246559037 
23.889999999957663, 0.14276150203799065 
23.89999999995764, 0.14077381994499225 
23.909999999957616, 0.1384172465670617 
23.919999999957593, 0.13591497915935785 
23.92999999995757, 0.13355412100599373 
23.939999999957546, 0.13155719311100603 
23.949999999957523, 0.1300034138638875 
23.9599999999575, 0.12885143622306766 
23.969999999957476, 0.12800805293260858 
23.979999999957453, 0.12737943595273854 
23.98999999995743, 0.1268903683999189 
23.999999999957407, 0.12648380157843808 
24.009999999957383, 0.12611319946070487 
24.01999999995736, 0.1257336202270833 
24.029999999957337, 0.1252931553454503 
24.039999999957313, 0.12472433964191118 
24.04999999995729, 0.12393401696473923 
24.059999999957267, 0.12278963925400552 
24.069999999957243, 0.12110210130333662 
24.07999999995722, 0.11861557693978317 
24.089999999957197, 0.11504233072517316 
24.099999999957173, 0.11021763566501785 
24.10999999995715, 0.10440172672054608 
24.119999999957127, 0.09846234973249299 
24.129999999957104, 0.09347249444631395 
24.13999999995708, 0.08997676247607564 
24.149999999957057, 0.08781839440080146 
24.159999999957034, 0.08654563465341451 
24.16999999995701, 0.08576279486572744 
24.179999999956987, 0.0852205178515923 
24.189999999956964, 0.084780753448973 
24.19999999995694, 0.08436685654755216 
24.209999999956917, 0.08392896138796045 
24.219999999956894, 0.08342272259736731 
24.22999999995687, 0.08279441294249543 
24.239999999956847, 0.08196656447706183 
24.249999999956824, 0.08081926972151218 
24.2599999999568, 0.07916236442497226 
24.269999999956777, 0.07669595471687712 
24.279999999956754, 0.07297198429487942 
24.28999999995673, 0.0674255196626683 
24.299999999956707, 0.05966154025478547 
24.309999999956684, 0.050164249904904444 
24.31999999995666, 0.04082353537910977 
24.329999999956637, 0.03385741368581553 
24.339999999956614, 0.02993453230749842 
24.34999999995659, 0.028192136059194774 
24.359999999956568, 0.027534743015737544 
24.369999999956544, 0.027281322988883604 
24.37999999995652, 0.027121853762514702 
24.389999999956498, 0.02693781883056929 
24.399999999956474, 0.026687019637590303 
24.40999999995645, 0.026349848101685207 
24.419999999956428, 0.025905885908365078 
24.429999999956404, 0.02532155349127261 
24.43999999995638, 0.024539299922604833 
24.449999999956358, 0.02346290646625417 
24.459999999956334, 0.02193433565142531 
24.46999999995631, 0.01969805720972752 
24.479999999956288, 0.01635532966319759 
24.489999999956265, 0.011342350743626753 
24.49999999995624, 0.004058540288994756 
24.509999999956218, -0.005369655242351472 
24.519999999956195, -0.01574972373685946 
24.52999999995617, -0.02472976353580436 
24.539999999956148, -0.030411835569013064 
24.549999999956125, -0.03297537033688917 
24.5599999999561, -0.0336948794376081 
24.569999999956078, -0.03363285318482112 
24.579999999956055, -0.033338004571869015 
24.58999999995603, -0.03302877134163641 
24.599999999956008, -0.03277690794918431 
24.609999999955985, -0.03260269290261211 
24.61999999995596, -0.03251487099298071 
24.62999999995594, -0.0325268932066768 
24.639999999955915, -0.032665334633427204 
24.64999999995589, -0.032977550250829706 
24.65999999995587, -0.03354218712801636 
24.669999999955845, -0.034485181283282415 
24.67999999995582, -0.03600302168313082 
24.6899999999558, -0.03839038983514885 
24.699999999955775, -0.0420509762131637 
24.709999999955752, -0.047422488590510556 
24.71999999995573, -0.05468795863355384 
24.729999999955705, -0.0632640076473632 
24.739999999955682, -0.07161164079426446 
24.74999999995566, -0.07810324796965186 
24.759999999955635, -0.08218221904694642 
24.769999999955612, -0.08434653872237775 
24.77999999995559, -0.08536319958509223 
24.789999999955565, -0.08579471258512532 
24.799999999955542, -0.08595353489760381 
24.80999999995552, -0.0859933061510205 
24.819999999955495, -0.08598771564132716 
24.829999999955472, -0.08597526336527987 
24.83999999995545, -0.08598186850363669 
24.849999999955426, -0.08603279820912665 
24.859999999955402, -0.08616038522715733 
24.86999999995538, -0.08641067428723362 
24.879999999955356, -0.08685039382452762 
24.889999999955332, -0.08757457176091885 
24.89999999995531, -0.08871346059709775 
24.909999999955286, -0.09043299807144548 
24.919999999955262, -0.09291319664872216 
24.92999999995524, -0.09627723861827006 
24.939999999955216, -0.1004577821382828 
24.949999999955192, -0.1050733527642771 
24.95999999995517, -0.10949360203791372 
24.969999999955146, -0.11314830713957225 
24.979999999955123, -0.115804287755336 
24.9899999999551, -0.11755459728347414 
24.999999999955076, -0.11863098584789775 
