t, s[1].omega / s[0].omega 
0, -1.10599807578896 
0.009999999999999995, -1.1056917028230826 
0.019999999999999934, -1.1052819448436824 
0.029999999999999874, -1.1050883007771068 
0.04000000000000012, -1.1049075971817077 
0.050000000000000405, -1.1043661551568635 
0.06000000000000069, -1.1035639150203587 
0.07000000000000098, -1.1030188706160362 
0.08000000000000126, -1.1028410670227173 
0.09000000000000155, -1.1021196940153886 
0.10000000000000184, -1.1003172435671509 
0.11000000000000212, -1.0986465499068414 
0.12000000000000241, -1.0984080153741616 
0.130000000000002, -1.0978778647566103 
0.1400000000000009, -1.0943524889153289 
0.1499999999999998, -1.0880183546025546 
0.1599999999999987, -1.0870518258082922 
0.1699999999999976, -1.0868558834852329 
0.1799999999999965, -1.083981265416324 
0.1899999999999954, -1.064360025675691 
0.1999999999999943, -1.0576664191694785 
0.2099999999999932, -1.0578765633847949 
0.2199999999999921, -1.0570843309609523 
0.229999999999991, -1.042848457367681 
0.2399999999999899, -1.0179351356850155 
0.2499999999999888, -1.0191595131744182 
0.2599999999999877, -1.0190653671638492 
0.2699999999999866, -1.0165404509768179 
0.2799999999999855, -0.990534566279918 
0.2899999999999844, -0.9856750010617358 
0.2999999999999833, -0.9864489378791443 
0.3099999999999822, -0.9860318025173925 
0.3199999999999811, -0.9789698951278387 
0.32999999999998, -0.9465158625065708 
0.3399999999999789, -0.9448148026745148 
0.3499999999999778, -0.9450216976014001 
0.35999999999997667, -0.9441887019126685 
0.36999999999997557, -0.9335446758266784 
0.37999999999997447, -0.9143881483394849 
0.38999999999997337, -0.9128686742725768 
0.39999999999997227, -0.9128351574122453 
0.40999999999997117, -0.9117855573013072 
0.41999999999997006, -0.9068303594539401 
0.42999999999996896, -0.9021436092366307 
0.43999999999996786, -0.9013536262026886 
0.44999999999996676, -0.9012238515251507 
0.45999999999996566, -0.9004387411709869 
0.46999999999996456, -0.8988047777468468 
0.47999999999996346, -0.8975086741014102 
0.48999999999996235, -0.8971247126928615 
0.49999999999996125, -0.8969937599929504 
0.5099999999999602, -0.8965598764636195 
0.519999999999959, -0.8959615594090433 
0.529999999999958, -0.8954718792440669 
0.5399999999999568, -0.8953075950598017 
0.5499999999999557, -0.8952697956044278 
0.5599999999999546, -0.8951248524131032 
0.5699999999999535, -0.8948800918499868 
0.5799999999999524, -0.8946526076810613 
0.5899999999999513, -0.8947191839717111 
0.5999999999999502, -0.8949574538913109 
0.6099999999999491, -0.8951448954830392 
0.619999999999948, -0.8950557642451776 
0.6299999999999469, -0.8949509912660637 
0.6399999999999458, -0.8955450339658153 
0.6499999999999447, -0.8966958587954457 
0.6599999999999436, -0.8974803463610985 
0.6699999999999425, -0.897456256801813 
0.6799999999999414, -0.8974163394056388 
0.6899999999999403, -0.8999417746965084 
0.6999999999999392, -0.9048924856510407 
0.7099999999999381, -0.9066881539821645 
0.719999999999937, -0.9066345949477769 
0.7299999999999359, -0.9064480188307975 
0.7399999999999348, -0.9171891145876836 
0.7499999999999337, -0.9350357573504117 
0.7599999999999326, -0.9370833710157558 
0.7699999999999315, -0.9368908461145883 
0.7799999999999304, -0.9357020435702531 
0.7899999999999293, -0.9557882475285506 
0.7999999999999282, -0.9742425857930641 
0.8099999999999271, -0.9751419929933783 
0.819999999999926, -0.9746799763558326 
0.8299999999999249, -0.9707479188242225 
0.8399999999999238, -0.9819706266622018 
0.8499999999999227, -0.9888341565546285 
0.8599999999999216, -0.9890322356751801 
0.8699999999999205, -0.987967730280406 
0.8799999999999194, -0.9783576823760616 
0.8899999999999183, -0.9828659883502753 
0.8999999999999172, -0.9852257561824119 
0.9099999999999161, -0.9850863702486737 
0.919999999999915, -0.9823483475468116 
0.9299999999999139, -0.9605228410544159 
0.9399999999999128, -0.9594056838753487 
0.9499999999999117, -0.9601658376952492 
0.9599999999999106, -0.9597513795843615 
0.9699999999999095, -0.9528775344046236 
0.9799999999999084, -0.9206688281642748 
0.9899999999999073, -0.916830832772251 
0.9999999999999062, -0.9170075804141506 
1.0099999999999052, -0.9163384082983781 
1.019999999999904, -0.910144846719443 
1.029999999999903, -0.8996197673746157 
1.039999999999902, -0.8976265466512522 
1.0499999999999008, -0.8975704426673798 
1.0599999999998997, -0.8969148636246626 
1.0699999999998986, -0.8946035366577549 
1.0799999999998975, -0.8922923453283023 
1.0899999999998964, -0.8915244579273288 
1.0999999999998953, -0.8914082816675666 
1.1099999999998942, -0.8909769831667045 
1.119999999999893, -0.8901766115854984 
1.129999999999892, -0.8894661010997521 
1.1399999999998909, -0.8891449401951732 
1.1499999999998898, -0.8890793729358112 
1.1599999999998887, -0.888895800059979 
1.1699999999998876, -0.8886061860978266 
1.1799999999998865, -0.8883009911402862 
1.1899999999998854, -0.8882280714311077 
1.1999999999998843, -0.8883661837718053 
1.2099999999998832, -0.8885025294238043 
1.219999999999882, -0.888459918746498 
1.229999999999881, -0.8882830704514059 
1.2399999999998799, -0.8885511384036038 
1.2499999999998788, -0.8893978052223016 
1.2599999999998777, -0.8902521199920882 
1.2699999999998766, -0.890394328763734 
1.2799999999998755, -0.8902256850009267 
1.2899999999998744, -0.8914454839061479 
1.2999999999998733, -0.8956243459668054 
1.3099999999998722, -0.8984832199860823 
1.319999999999871, -0.8987209082989325 
1.32999999999987, -0.8983889710060509 
1.3399999999998689, -0.9026718061919773 
1.3499999999998678, -0.9235285180896997 
1.3599999999998666, -0.9291332762028048 
1.3699999999998655, -0.9292511321502339 
1.3799999999998644, -0.9283915073967237 
1.3899999999998633, -0.9327779770049449 
1.3999999999998622, -0.9599403914316985 
1.4099999999998611, -0.9629757921136461 
1.41999999999986, -0.9628579801588921 
1.429999999999859, -0.9605643546757491 
1.4399999999998578, -0.9462868639594371 
1.4499999999998567, -0.9488929017775006 
1.4599999999998556, -0.9498336604901948 
1.4699999999998545, -0.9494777681090032 
1.4799999999998534, -0.943625508826467 
1.4899999999998523, -0.9114194821861628 
1.4999999999998512, -0.9061545258677487 
1.5099999999998501, -0.9063647856750006 
1.519999999999849, -0.9058197598335181 
1.529999999999848, -0.9008883751499562 
1.5399999999998468, -0.8916837286081059 
1.5499999999998457, -0.889349672990469 
1.5599999999998446, -0.8892810481170041 
1.5699999999998435, -0.8887745783377813 
1.5799999999998424, -0.8869891474406378 
1.5899999999998413, -0.8850875734059696 
1.5999999999998402, -0.8842939493687495 
1.6099999999998391, -0.884175112433487 
1.619999999999838, -0.8838564886983195 
1.629999999999837, -0.8832420744356165 
1.6399999999998358, -0.8826599074545447 
1.6499999999998347, -0.8823547029254596 
1.6599999999998336, -0.8823171010082793 
1.6699999999998325, -0.8822303712189191 
1.6799999999998314, -0.882046865323022 
1.6899999999998303, -0.8817906033982421 
1.6999999999998292, -0.8817426582470103 
1.709999999999828, -0.8819977933895486 
1.719999999999827, -0.8823277697824309 
1.729999999999826, -0.882429111897645 
1.7399999999998248, -0.8822629800169497 
1.7499999999998237, -0.8825592990268096 
1.7599999999998226, -0.8839849693908701 
1.7699999999998215, -0.8856324868478845 
1.7799999999998204, -0.8860517987519377 
1.7899999999998193, -0.8858534569958539 
1.7999999999998182, -0.8869446281877269 
1.809999999999817, -0.8951086914341121 
1.819999999999816, -0.9015144507913662 
1.8299999999998149, -0.9021155946048642 
1.8399999999998138, -0.9017371964995325 
1.8499999999998127, -0.90303290207392 
1.8599999999998116, -0.9342761233881299 
1.8699999999998105, -0.9443632421408039 
1.8799999999998094, -0.9446815240750864 
1.8899999999998083, -0.9438782746345551 
1.8999999999998072, -0.9366741415974787 
1.909999999999806, -0.9376789037382535 
1.919999999999805, -0.9406169702855489 
1.9299999999998039, -0.940624571455282 
1.9399999999998028, -0.9389007129703583 
1.9499999999998017, -0.9164434547276192 
1.9599999999998006, -0.89717278136749 
1.9699999999997995, -0.8972914403259766 
1.9799999999997984, -0.8971444340226966 
1.9899999999997973, -0.8951838261398464 
1.9999999999997962, -0.8875698483749928 
2.0099999999998173, -0.8828183840559368 
2.0199999999998384, -0.8824268333856059 
2.0299999999998595, -0.8822334437908619 
2.0399999999998806, -0.881207802482891 
2.0499999999999017, -0.8795259159026666 
2.059999999999923, -0.8784026322683858 
2.069999999999944, -0.8781358265421207 
2.079999999999965, -0.8779903126070637 
2.089999999999986, -0.8775726973767849 
2.100000000000007, -0.8770692425376196 
2.1100000000000283, -0.87668519766794 
2.1200000000000494, -0.8765986131862391 
2.1300000000000705, -0.8766166611342341 
2.1400000000000916, -0.8765671402442193 
2.1500000000001127, -0.8763901254297589 
2.160000000000134, -0.8762323199489968 
2.170000000000155, -0.8764804207967789 
2.180000000000176, -0.8770236307491216 
2.190000000000197, -0.8774783979008125 
2.2000000000002182, -0.8774477633922655 
2.2100000000002393, -0.8773730210332213 
2.2200000000002604, -0.878774831136684 
2.2300000000002815, -0.8818515665149406 
2.2400000000003026, -0.8835392056394844 
2.2500000000003237, -0.8835700628786326 
2.260000000000345, -0.8833385257163041 
2.270000000000366, -0.8901068130498615 
2.280000000000387, -0.9080086238246106 
2.290000000000408, -0.9114004305747425 
2.3000000000004293, -0.9113600600305642 
2.3100000000004504, -0.9101882895939529 
2.3200000000004715, -0.9158963681426716 
2.3300000000004926, -0.9357504149255146 
2.3400000000005137, -0.9375733339043463 
2.3500000000005348, -0.9373590597331501 
2.360000000000556, -0.9337458137584049 
2.370000000000577, -0.9027784864856591 
2.380000000000598, -0.8943152799771983 
2.390000000000619, -0.8947193703455424 
2.4000000000006403, -0.8943674082208416 
2.4100000000006614, -0.890574608847636 
2.4200000000006825, -0.8802730895176399 
2.4300000000007036, -0.8765868138091705 
2.4400000000007247, -0.8764703852459164 
2.450000000000746, -0.8761337166628052 
2.460000000000767, -0.8746955502893168 
2.470000000000788, -0.8728670517305626 
2.480000000000809, -0.8719013618980208 
2.49000000000083, -0.8717383521408455 
2.5000000000008513, -0.8715298694522023 
2.5100000000008724, -0.8710492778713208 
2.5200000000008935, -0.870543035765935 
2.5300000000009146, -0.8702163328730489 
2.5400000000009357, -0.8701819851082008 
2.550000000000957, -0.8701933156109265 
2.560000000000978, -0.8701306808573475 
2.570000000000999, -0.8699344203584896 
2.58000000000102, -0.8698475596295364 
2.5900000000010412, -0.8702167797289853 
2.6000000000010624, -0.8708517465773333 
2.6100000000010835, -0.8712661307361579 
2.6200000000011046, -0.871173854560569 
2.6300000000011257, -0.8712430619354353 
2.6400000000011468, -0.8734247258771132 
2.650000000001168, -0.8772381977379332 
2.660000000001189, -0.8786470711877481 
2.67000000000121, -0.8785625588527776 
2.680000000001231, -0.8784179602563776 
2.6900000000012523, -0.890904947387376 
2.7000000000012734, -0.9113088951993437 
2.7100000000012945, -0.9134050122321637 
2.7200000000013156, -0.9132159710391321 
2.7300000000013367, -0.911071471053301 
2.740000000001358, -0.9082619554467798 
2.750000000001379, -0.9155477050217936 
2.7600000000014, -0.9164275303139304 
2.770000000001421, -0.9160664428101314 
2.780000000001442, -0.9104618546420273 
2.7900000000014633, -0.8835984042330254 
2.8000000000014844, -0.8774427920041353 
2.8100000000015055, -0.8775416000909481 
2.8200000000015266, -0.8771166753012527 
2.8300000000015477, -0.8743369155950738 
2.840000000001569, -0.8699471863154785 
2.85000000000159, -0.8682042249475714 
2.860000000001611, -0.868055777996099 
2.870000000001632, -0.8677518881915508 
2.8800000000016532, -0.8668984684571204 
2.8900000000016743, -0.8660062581945699 
2.9000000000016954, -0.8654853299753169 
2.9100000000017165, -0.8653807460753391 
2.9200000000017377, -0.8652677565038246 
2.9300000000017588, -0.8650336774509457 
2.94000000000178, -0.8647420620950793 
2.950000000001801, -0.864574616332286 
2.960000000001822, -0.8647144955695558 
2.970000000001843, -0.8649862200000811 
2.9800000000018643, -0.8651639935871727 
2.9900000000018854, -0.86504117124731 
3.0000000000019065, -0.8650629280960707 
3.0100000000019276, -0.8661835633449239 
3.0200000000019487, -0.8681131342696903 
3.03000000000197, -0.8690796564144843 
3.040000000001991, -0.8690072658299974 
3.050000000002012, -0.8690345134288702 
3.060000000002033, -0.8760611425925356 
3.070000000002054, -0.8889147571583942 
3.0800000000020753, -0.8911604445373746 
3.0900000000020964, -0.8910371011367102 
3.1000000000021175, -0.8897537373023363 
3.1100000000021386, -0.8980901916286705 
3.1200000000021597, -0.9149481832326464 
3.130000000002181, -0.9163265783930348 
3.140000000002202, -0.9160616521758517 
3.150000000002223, -0.9117345427966538 
3.160000000002244, -0.881443045063753 
3.1700000000022652, -0.8726049817547885 
3.1800000000022863, -0.8727887349172007 
3.1900000000023074, -0.8724510396125149 
3.2000000000023285, -0.8697759775060995 
3.2100000000023496, -0.8644979364332568 
3.2200000000023707, -0.8621888552765532 
3.230000000002392, -0.861994027824551 
3.240000000002413, -0.8617377315797009 
3.250000000002434, -0.8608964271536328 
3.260000000002455, -0.8599364280734642 
3.2700000000024763, -0.8593381644018322 
3.2800000000024974, -0.8592006235760674 
3.2900000000025185, -0.8591063164949388 
3.3000000000025396, -0.8588865238565965 
3.3100000000025607, -0.8586045674319077 
3.3200000000025818, -0.8584061057034784 
3.330000000002603, -0.8585225277995242 
3.340000000002624, -0.8588168648656308 
3.350000000002645, -0.8590634498330847 
3.360000000002666, -0.8589880496888811 
3.3700000000026873, -0.8589263755388414 
3.3800000000027084, -0.859983842561246 
3.3900000000027295, -0.8622437224666241 
3.4000000000027506, -0.8636580361104326 
3.4100000000027717, -0.863693246539373 
3.420000000002793, -0.863479922373508 
3.430000000002814, -0.8694633302021221 
3.440000000002835, -0.8875305701043044 
3.450000000002856, -0.891511093040581 
3.460000000002877, -0.8915307727956607 
3.4700000000028983, -0.8903600636227895 
3.4800000000029194, -0.8855263990226109 
3.4900000000029405, -0.8906124377894052 
3.5000000000029616, -0.8923876463978038 
3.5100000000029827, -0.892288670686593 
3.520000000003004, -0.8900449057033165 
3.530000000003025, -0.8734238678120546 
3.540000000003046, -0.8625930908900147 
3.550000000003067, -0.8622364846666553 
3.5600000000030882, -0.8620746677597926 
3.5700000000031094, -0.8608372537957514 
3.5800000000031305, -0.858221229277902 
3.5900000000031516, -0.8564935392024347 
3.6000000000031727, -0.8561179655870718 
3.6100000000031938, -0.8559852732869302 
3.620000000003215, -0.855544082618043 
3.630000000003236, -0.8549758323914532 
3.640000000003257, -0.8545312308287538 
3.650000000003278, -0.8543935085198641 
3.6600000000032993, -0.8544204270630852 
3.6700000000033204, -0.854407227063982 
3.6800000000033415, -0.8542833345922443 
3.6900000000033626, -0.8541006418128703 
3.7000000000033837, -0.8543187488990817 
3.710000000003405, -0.8550288101962316 
3.720000000003426, -0.8558147395246435 
3.730000000003447, -0.8559728225360111 
3.740000000003468, -0.8557990465680825 
3.750000000003489, -0.8570659090642361 
3.7600000000035103, -0.8628610913086355 
3.7700000000035314, -0.867305728873285 
3.7800000000035525, -0.8677439475655165 
3.7900000000035736, -0.8673429621137186 
3.8000000000035947, -0.8687973605619902 
3.810000000003616, -0.9004130150518792 
3.820000000003637, -0.9098518398417438 
3.830000000003658, -0.9101738761746967 
3.840000000003679, -0.9093575730113871 
3.8500000000037002, -0.8962560108400806 
3.8600000000037213, -0.8664080035680211 
3.8700000000037424, -0.8655311109526503 
3.8800000000037635, -0.8655841790424788 
3.8900000000037847, -0.8646905968937406 
3.9000000000038058, -0.8597436934945608 
3.910000000003827, -0.8545390241814188 
3.920000000003848, -0.8533844332976349 
3.930000000003869, -0.8532887387936042 
3.94000000000389, -0.8528171371206242 
3.9500000000039113, -0.8518169025200732 
3.9600000000039324, -0.8509513946207722 
3.9700000000039535, -0.8505490409892581 
3.9800000000039746, -0.850484086144386 
3.9900000000039957, -0.8503511950058795 
4.000000000004016, -0.8501274737397764 
4.010000000003993, -0.8498582863084626 
4.02000000000397, -0.8497813579231723 
4.030000000003946, -0.8500344437063626 
4.040000000003923, -0.850428637676556 
4.0500000000039, -0.8506352555904957 
4.0600000000038765, -0.8504959111424009 
4.070000000003853, -0.8507080947136008 
4.08000000000383, -0.8527818864860982 
4.090000000003807, -0.8559290487465937 
4.100000000003783, -0.8569586958235301 
4.11000000000376, -0.8568174703469231 
4.120000000003737, -0.8568433528873045 
4.130000000003713, -0.8729873289709854 
4.14000000000369, -0.8937918550606895 
4.150000000003667, -0.8954742796480909 
4.1600000000036434, -0.8952336923888723 
4.17000000000362, -0.8919519475440042 
4.180000000003597, -0.8671622605266377 
4.1900000000035735, -0.8615695818009768 
4.20000000000355, -0.8620636346196402 
4.210000000003527, -0.8617530955347839 
4.220000000003504, -0.8585904265772473 
4.23000000000348, -0.8504360280640916 
4.240000000003457, -0.847017578749448 
4.250000000003434, -0.8468012062541707 
4.26000000000341, -0.8465661315002315 
4.270000000003387, -0.845663762264874 
4.280000000003364, -0.8445542918669168 
4.2900000000033405, -0.8438558577332939 
4.300000000003317, -0.8436810050012705 
4.310000000003294, -0.8436004150768152 
4.320000000003271, -0.8433971585174531 
4.330000000003247, -0.8431337955990205 
4.340000000003224, -0.8429184157073271 
4.350000000003201, -0.8430240360631417 
4.360000000003177, -0.8433804124621656 
4.370000000003154, -0.8437538432560887 
4.380000000003131, -0.8437646076737042 
4.390000000003107, -0.8436364131413838 
4.400000000003084, -0.8447135870769358 
4.410000000003061, -0.8480627297390828 
4.4200000000030375, -0.8506550454493925 
4.430000000003014, -0.8509149666761108 
4.440000000002991, -0.8505486557116804 
4.450000000002968, -0.8540581628191053 
4.460000000002944, -0.8850207400564873 
4.470000000002921, -0.8934668659939452 
4.480000000002898, -0.8937319117837338 
4.490000000002874, -0.8928568869894732 
4.500000000002851, -0.8792850927701841 
4.510000000002828, -0.8505110872468735 
4.520000000002804, -0.8498520597237803 
4.530000000002781, -0.8499008293173119 
4.540000000002758, -0.8490317803882776 
4.5500000000027345, -0.8446544796142389 
4.560000000002711, -0.8402537881669438 
4.570000000002688, -0.8391581770077128 
4.580000000002665, -0.8390592808446284 
4.590000000002641, -0.8386672193941291 
4.600000000002618, -0.8378875735690493 
4.610000000002595, -0.8372089095356908 
4.620000000002571, -0.8368681059877816 
4.630000000002548, -0.8368341771150042 
4.640000000002525, -0.8367957485175354 
4.6500000000025015, -0.8366909990839239 
4.660000000002478, -0.8364846179540455 
4.670000000002455, -0.836452269846625 
4.6800000000024315, -0.8369321772743763 
4.690000000002408, -0.8377538731882443 
4.700000000002385, -0.8382670513612317 
4.710000000002362, -0.8381788773161125 
4.720000000002338, -0.8382808663768733 
4.730000000002315, -0.8424605373843875 
4.740000000002292, -0.850799182601507 
4.750000000002268, -0.8530574050079274 
4.760000000002245, -0.8529978026742142 
4.770000000002222, -0.8519409503324196 
4.7800000000021985, -0.8548966526910248 
4.790000000002175, -0.8677117852192194 
4.800000000002152, -0.8694614808843966 
4.810000000002129, -0.8693475953171805 
4.820000000002105, -0.8670785774923699 
4.830000000002082, -0.8527690637778503 
4.840000000002059, -0.843747102707326 
4.850000000002035, -0.8432820058563947 
4.860000000002012, -0.843136774077976 
4.870000000001989, -0.8421743039418498 
4.880000000001965, -0.8403914316925007 
4.890000000001942, -0.8391640317181072 
4.900000000001919, -0.8388099727253209 
4.9100000000018955, -0.8387171241629754 
4.920000000001872, -0.8384441427769967 
4.930000000001849, -0.8380898042037367 
4.940000000001826, -0.8377750141104395 
4.950000000001802, -0.8377157735756948 
4.960000000001779, -0.8378972086752531 
4.970000000001756, -0.838136768083192 
4.980000000001732, -0.8381894325789432 
4.990000000001709, -0.838029005025377 
5.000000000001686, -0.8384353189961106 
5.0100000000016625, -0.8403725810950551 
5.020000000001639, -0.8427657995959053 
5.030000000001616, -0.8433603527347804 
5.0400000000015925, -0.8431415451014318 
5.050000000001569, -0.8439272304475278 
5.060000000001546, -0.8643904608208237 
5.070000000001523, -0.880422006187356 
5.080000000001499, -0.8814062514636258 
5.090000000001476, -0.8810288539016924 
5.100000000001453, -0.8756915773259268 
5.110000000001429, -0.8440567563123388 
5.120000000001406, -0.8389516118173012 
5.130000000001383, -0.8392171784085027 
5.1400000000013595, -0.8388306629708857 
5.150000000001336, -0.836021305407397 
5.160000000001313, -0.8312688148021468 
5.17000000000129, -0.8292924417850861 
5.180000000001266, -0.8290926497452789 
5.190000000001243, -0.8288824650869595 
5.20000000000122, -0.8282815272577964 
5.210000000001196, -0.8276413694515393 
5.220000000001173, -0.8272193467809832 
5.23000000000115, -0.8271345383729698 
5.240000000001126, -0.8271703030349153 
5.250000000001103, -0.8271748947445546 
5.26000000000108, -0.827054995549335 
5.2700000000010565, -0.8269135394104581 
5.280000000001033, -0.8273323881899397 
5.29000000000101, -0.8284838174386275 
5.300000000000987, -0.8296599422402241 
5.310000000000963, -0.8298487899821064 
5.32000000000094, -0.8296269573248902 
5.330000000000917, -0.8319887753369569 
5.340000000000893, -0.8475135291843993 
5.35000000000087, -0.8557424437335454 
5.360000000000847, -0.856203177268621 
5.3700000000008234, -0.8556286357371786 
5.3800000000008, -0.8481825406261089 
5.390000000000777, -0.8203623415165509 
5.4000000000007535, -0.8185274020234116 
5.41000000000073, -0.8187051699808254 
5.420000000000707, -0.8181863777309117 
5.430000000000684, -0.8152254787774251 
5.44000000000066, -0.8114891636199534 
5.450000000000637, -0.8100833342315782 
5.460000000000614, -0.8099282858118904 
5.47000000000059, -0.8097256445725343 
5.480000000000567, -0.8092581515429975 
5.490000000000544, -0.8087982652065122 
5.5000000000005205, -0.8085023473480386 
5.510000000000497, -0.8085108299675653 
5.520000000000474, -0.8086841861911059 
5.5300000000004506, -0.8088758747486663 
5.540000000000427, -0.8088393607854375 
5.550000000000404, -0.8087207826865284 
5.560000000000381, -0.8096351203773722 
5.570000000000357, -0.8126422094797583 
5.580000000000334, -0.815368392346592 
5.590000000000311, -0.815723563398827 
5.600000000000287, -0.8153567647879915 
5.610000000000264, -0.8163892432805264 
5.620000000000241, -0.8446225307670461 
5.6300000000002175, -0.8542057813310395 
5.640000000000194, -0.8546525646455438 
5.650000000000171, -0.8540705935315585 
5.660000000000148, -0.8467931612165467 
5.670000000000124, -0.8297239566879148 
5.680000000000101, -0.8262722850425743 
5.690000000000078, -0.8262323645695514 
5.700000000000054, -0.8258579558684993 
5.710000000000031, -0.8245149618290007 
5.720000000000008, -0.8230833304520198 
5.729999999999984, -0.8223454076266072 
5.739999999999961, -0.822206569451365 
5.749999999999938, -0.822094936473201 
5.7599999999999145, -0.8218599765830501 
5.769999999999891, -0.8215861039093939 
5.779999999999868, -0.8213980695068867 
5.789999999999845, -0.8215571730784336 
5.799999999999821, -0.821990720522801 
5.809999999999798, -0.8224385030525436 
5.819999999999775, -0.8224557569156071 
5.829999999999751, -0.8223336948847989 
5.839999999999728, -0.8239521353518867 
5.849999999999705, -0.8296291875314373 
5.8599999999996815, -0.8334406263325929 
5.869999999999658, -0.8337443373794247 
5.879999999999635, -0.833239467120314 
5.8899999999996115, -0.8326427826622443 
5.899999999999588, -0.8473317146907118 
5.909999999999565, -0.8519990140317426 
5.919999999999542, -0.8522529558748737 
5.929999999999518, -0.8515142046072043 
5.939999999999495, -0.8443330448622387 
5.949999999999472, -0.8329045510599807 
5.959999999999448, -0.8306738908379091 
5.969999999999425, -0.830610375990968 
5.979999999999402, -0.8301936305647812 
5.9899999999993785, -0.8289996935546737 
5.999999999999355, -0.8278636156035817 
6.009999999999332, -0.8272915690663417 
6.019999999999309, -0.8271916715555891 
6.029999999999285, -0.8270860555782771 
6.039999999999262, -0.826882987613918 
6.049999999999239, -0.8266294235094243 
6.059999999999215, -0.8264886618077375 
6.069999999999192, -0.8267278721777891 
6.079999999999169, -0.827243042375708 
6.089999999999145, -0.8276935173132378 
6.099999999999122, -0.8276630208826284 
6.109999999999099, -0.8275999778405246 
6.1199999999990755, -0.8298408485637399 
6.129999999999052, -0.8360890114464758 
6.139999999999029, -0.8391888405618113 
6.149999999999006, -0.8393212985592337 
6.159999999998982, -0.8386695544748297 
6.169999999998959, -0.8399577983072528 
6.179999999998936, -0.85819197636473 
6.189999999998912, -0.8617482272430262 
6.199999999998889, -0.8618403578498759 
6.209999999998866, -0.8606817269293432 
6.2199999999988425, -0.8501208382506672 
6.229999999998819, -0.8379811209871246 
6.239999999998796, -0.8366060812564077 
6.2499999999987725, -0.8365427394826019 
6.259999999998749, -0.835925503350949 
6.269999999998726, -0.8343854524642256 
6.279999999998703, -0.8330945187493036 
6.289999999998679, -0.8325713410432751 
6.299999999998656, -0.8324867972364897 
6.309999999998633, -0.8323042186000401 
6.319999999998609, -0.8320143333349834 
6.329999999998586, -0.8317112443490728 
6.339999999998563, -0.8315925680991637 
6.3499999999985395, -0.831790253864858 
6.359999999998516, -0.8321402401724374 
6.369999999998493, -0.832366646465351 
6.37999999999847, -0.8322478275356252 
6.389999999998446, -0.8323631613090909 
6.399999999998423, -0.8344296121544288 
6.4099999999984, -0.8382430443265285 
6.419999999998376, -0.8397574207654198 
6.429999999998353, -0.839696480820492 
6.43999999999833, -0.8392291520662911 
6.449999999998306, -0.852305814196841 
6.459999999998283, -0.8813872635185847 
6.46999999999826, -0.8840692825067953 
6.4799999999982365, -0.8839631521084389 
6.489999999998213, -0.8815469206255214 
6.49999999999819, -0.8559148960333672 
6.509999999998167, -0.8399932312574505 
6.519999999998143, -0.8399343490687262 
6.52999999999812, -0.8397854202521896 
6.539999999998097, -0.8383980719195746 
6.549999999998073, -0.8350963177472212 
6.55999999999805, -0.8329782966970789 
6.569999999998027, -0.8325390477342409 
6.5799999999980034, -0.8324216451822504 
6.58999999999798, -0.8320172540988411 
6.599999999997957, -0.831484788885479 
6.6099999999979335, -0.83106077723797 
6.61999999999791, -0.8309211630281225 
6.629999999997887, -0.8309936180297265 
6.639999999997864, -0.831080953361049 
6.64999999999784, -0.8310564036819721 
6.659999999997817, -0.830885464869157 
6.669999999997794, -0.8311378693557017 
6.67999999999777, -0.8323613596147823 
6.689999999997747, -0.8340044892438847 
6.699999999997724, -0.8345303623714998 
6.7099999999977005, -0.8343466216567171 
6.719999999997677, -0.8350370362114286 
6.729999999997654, -0.8492321064404769 
6.7399999999976306, -0.8638005830703483 
6.749999999997607, -0.8650420112415195 
6.759999999997584, -0.8647479956488234 
6.769999999997561, -0.860888522872205 
6.779999999997537, -0.832163610073264 
6.789999999997514, -0.8249525103104665 
6.799999999997491, -0.8252830234809502 
6.809999999997467, -0.8249999159214094 
6.819999999997444, -0.8227893691866324 
6.829999999997421, -0.8185457862472056 
6.8399999999973975, -0.8164660838220266 
6.849999999997374, -0.8161753423269492 
6.859999999997351, -0.8160256672017775 
6.869999999997328, -0.8155641844242828 
6.879999999997304, -0.8150378270789205 
6.889999999997281, -0.8146545694069774 
6.899999999997258, -0.8145715703193909 
6.909999999997234, -0.8146816495737924 
6.919999999997211, -0.8148190611357502 
6.929999999997188, -0.8148086228357643 
6.939999999997164, -0.8146523698228648 
6.949999999997141, -0.8151036460594107 
6.959999999997118, -0.8170257696718074 
6.9699999999970945, -0.8194107495809965 
6.979999999997071, -0.8199857375631813 
6.989999999997048, -0.8197529550807279 
6.999999999997025, -0.8202989450942152 
7.009999999997001, -0.8452114549345495 
7.019999999996978, -0.8635141135607658 
7.029999999996955, -0.8645172501556154 
7.039999999996931, -0.8641612947249014 
7.049999999996908, -0.8587251179827128 
7.059999999996885, -0.8305656766275167 
7.0699999999968615, -0.8232076942019924 
7.079999999996838, -0.8232406362480233 
7.089999999996815, -0.8229531677910837 
7.0999999999967915, -0.8213873537668366 
7.109999999996768, -0.8191461524938785 
7.119999999996745, -0.8179478491252786 
7.129999999996722, -0.8177136100804159 
7.139999999996698, -0.8175944863553363 
7.149999999996675, -0.8172864028505609 
7.159999999996652, -0.8169402123474574 
7.169999999996628, -0.816669449412924 
7.179999999996605, -0.8166919731511245 
7.189999999996582, -0.8169601437707279 
7.1999999999965585, -0.817299210345768 
7.209999999996535, -0.8173610752705459 
7.219999999996512, -0.8172087511061329 
7.229999999996489, -0.8180081052873416 
7.239999999996465, -0.8216933190809168 
7.249999999996442, -0.8255766632653312 
7.259999999996419, -0.8261970716557028 
7.269999999996395, -0.8258897507540105 
7.279999999996372, -0.8254294171309512 
7.289999999996349, -0.8460791403556885 
7.299999999996325, -0.8571114694067608 
7.309999999996302, -0.8577679347078043 
7.319999999996279, -0.8573447681033782 
7.3299999999962555, -0.8519596954321214 
7.339999999996232, -0.835833587442285 
7.349999999996209, -0.8313481086790331 
7.359999999996186, -0.8312647612318109 
7.369999999996162, -0.8309641831805672 
7.379999999996139, -0.8297315109318503 
7.389999999996116, -0.8282526371852168 
7.399999999996092, -0.8274270672634073 
7.409999999996069, -0.8272515931077581 
7.419999999996046, -0.8271481056835961 
7.4299999999960225, -0.8269059584263077 
7.439999999995999, -0.8266209341676595 
7.449999999995976, -0.8264020581427287 
7.4599999999959525, -0.8265054409178969 
7.469999999995929, -0.8268705489351037 
7.479999999995906, -0.8272759399308507 
7.489999999995883, -0.8273102497213238 
7.499999999995859, -0.8271724395718636 
7.509999999995836, -0.8283574283633495 
7.519999999995813, -0.8327383666219497 
7.529999999995789, -0.8362770225525497 
7.539999999995766, -0.8366572209631978 
7.549999999995743, -0.8362513554870626 
7.5599999999957195, -0.8370594032841563 
7.569999999995696, -0.8644806212010966 
7.579999999995673, -0.8730153333250807 
7.58999999999565, -0.8733819495458637 
7.599999999995626, -0.8726890688775802 
7.609999999995603, -0.8632902806488931 
7.61999999999558, -0.8422715712466596 
7.629999999995556, -0.8393371680481978 
7.639999999995533, -0.8393391106903986 
7.64999999999551, -0.8388337646885364 
7.659999999995486, -0.8369292331344861 
7.669999999995463, -0.834954877344222 
7.67999999999544, -0.8341050839630356 
7.6899999999954165, -0.8339801614943511 
7.699999999995393, -0.833781180220521 
7.70999999999537, -0.8333935361734505 
7.719999999995347, -0.8330057102379552 
7.729999999995323, -0.832777190269513 
7.7399999999953, -0.8328420500044493 
7.749999999995277, -0.8330323829630647 
7.759999999995253, -0.8331841917112105 
7.76999999999523, -0.8330817016779273 
7.779999999995207, -0.8330451225216129 
7.789999999995183, -0.8341216271804658 
7.79999999999516, -0.8364663019908225 
7.809999999995137, -0.8379685850328101 
7.8199999999951135, -0.8380189688296121 
7.82999999999509, -0.8377159470415386 
7.839999999995067, -0.8446037922037577 
7.849999999995044, -0.8714794728003338 
7.85999999999502, -0.8765522301166585 
7.869999999994997, -0.8766252045128546 
7.879999999994974, -0.8753369630746962 
7.88999999999495, -0.8566531108308054 
7.899999999994927, -0.8322180421039566 
7.909999999994904, -0.8320350647858687 
7.9199999999948805, -0.8320085851701237 
7.929999999994857, -0.8309797627770877 
7.939999999994834, -0.8272298437854273 
7.9499999999948106, -0.8241844545312659 
7.959999999994787, -0.8234146151564782 
7.969999999994764, -0.8233160972117292 
7.979999999994741, -0.8229733479238835 
7.989999999994717, -0.8224133254925147 
7.999999999994694, -0.8219358881990522 
8.00999999999467, -0.8217130937225303 
8.019999999994647, -0.8217595522360387 
8.029999999994624, -0.8218612132206743 
8.0399999999946, -0.8219005322952069 
8.049999999994577, -0.8217477388316876 
8.059999999994554, -0.8218119893088993 
8.06999999999453, -0.822914756060781 
8.079999999994508, -0.8249046073174877 
8.089999999994484, -0.8259440778055716 
8.099999999994461, -0.825885959748393 
8.109999999994438, -0.8257204103211395 
8.119999999994414, -0.8360831136943169 
8.129999999994391, -0.8609944677240964 
8.139999999994368, -0.8642719751176385 
8.149999999994344, -0.8642197641537472 
8.159999999994321, -0.8623229131045697 
8.169999999994298, -0.8382662015089416 
8.179999999994275, -0.8183078263917662 
8.189999999994251, -0.8181456641600835 
8.199999999994228, -0.8180575565634819 
8.209999999994205, -0.8169643817395148 
8.219999999994181, -0.8141119279054212 
8.229999999994158, -0.8120992291914204 
8.239999999994135, -0.8115533303473199 
8.249999999994111, -0.8114626014749312 
8.259999999994088, -0.8111876798870907 
8.269999999994065, -0.810799536214882 
8.279999999994041, -0.8104543755821648 
8.289999999994018, -0.810333322517352 
8.299999999993995, -0.8105050415332251 
8.309999999993972, -0.8108111180245614 
8.319999999993948, -0.8110039408570521 
8.329999999993925, -0.8108791638043253 
8.339999999993902, -0.8110372093739694 
8.349999999993878, -0.8134653676932259 
8.359999999993855, -0.818125643091437 
8.369999999993832, -0.8198609686640198 
8.379999999993808, -0.8198105696462978 
8.389999999993785, -0.8190049152958851 
8.399999999993762, -0.82476802347287 
8.409999999993738, -0.8414402001889617 
8.419999999993715, -0.8435094891075284 
8.429999999993692, -0.8434594853455163 
8.439999999993669, -0.8417655896367608 
8.449999999993645, -0.8316653285567539 
8.459999999993622, -0.8240098830865261 
8.469999999993599, -0.8232025281947263 
8.479999999993575, -0.8231021788909632 
8.489999999993552, -0.8224838823729166 
8.499999999993529, -0.8213549315439324 
8.509999999993505, -0.8204973740153974 
8.519999999993482, -0.8201531161197935 
8.529999999993459, -0.8201092340850554 
8.539999999993436, -0.8200111770986495 
8.549999999993412, -0.8198503527634454 
8.559999999993389, -0.8196270775986975 
8.569999999993366, -0.8196280754170648 
8.579999999993342, -0.8201124659788387 
8.589999999993319, -0.8209111107847682 
8.599999999993296, -0.8213660493920514 
8.609999999993272, -0.8212556221742732 
8.619999999993249, -0.8214546263119042 
8.629999999993226, -0.8269006472663712 
8.639999999993202, -0.8371465700374306 
8.64999999999318, -0.8393796398911958 
8.659999999993156, -0.839292387416648 
8.669999999993133, -0.8377574575577559 
8.67999999999311, -0.8241805727965518 
8.689999999993086, -0.8137324893996076 
8.699999999993063, -0.814387251389953 
8.70999999999304, -0.8143005345082344 
8.719999999993016, -0.8129241619255286 
8.729999999992993, -0.8085128320014057 
8.73999999999297, -0.8054976677857807 
8.749999999992946, -0.8048626585724299 
8.759999999992923, -0.8047660072458309 
8.7699999999929, -0.8044200911597437 
8.779999999992876, -0.803917469476869 
8.789999999992853, -0.8035026677341759 
8.79999999999283, -0.803335720312491 
8.809999999992806, -0.8034434993278935 
8.819999999992783, -0.8036520492227681 
8.82999999999276, -0.8037855007478575 
8.839999999992736, -0.8036565875883918 
8.849999999992713, -0.803775259242045 
8.85999999999269, -0.8057118450387599 
8.869999999992666, -0.8095771221913795 
8.879999999992643, -0.8112693920443516 
8.88999999999262, -0.8112460417935441 
8.899999999992596, -0.8105564060442161 
8.909999999992573, -0.8168123881169682 
8.91999999999255, -0.837176439584266 
8.929999999992527, -0.8396970233648129 
8.939999999992503, -0.8396906795299662 
8.94999999999248, -0.838218014481231 
8.959999999992457, -0.8285649269370732 
8.969999999992433, -0.8203528623908769 
8.97999999999241, -0.8193630998260909 
8.989999999992387, -0.8192761999362814 
8.999999999992363, -0.8187190873326036 
9.00999999999234, -0.8176377965554971 
9.019999999992317, -0.8167881193146734 
9.029999999992294, -0.8164219036074363 
9.03999999999227, -0.8163789623585975 
9.049999999992247, -0.8163048566159938 
9.059999999992224, -0.8161711388435886 
9.0699999999922, -0.8159593447983291 
9.079999999992177, -0.8159418426629362 
9.089999999992154, -0.8164581384808239 
9.09999999999213, -0.8173744157881151 
9.109999999992107, -0.8179618799840616 
9.119999999992084, -0.8178867838281483 
9.12999999999206, -0.8179317863259452 
9.139999999992037, -0.8235676020597152 
9.149999999992014, -0.8367275022697879 
9.15999999999199, -0.8397947023940918 
9.169999999991967, -0.8397802730880024 
9.179999999991944, -0.8383854656094301 
9.18999999999192, -0.8208936654475293 
9.199999999991897, -0.8006319351759122 
9.209999999991874, -0.8007132661889446 
9.21999999999185, -0.8006812365801873 
9.229999999991827, -0.799714257677071 
9.239999999991804, -0.7967172499516599 
9.24999999999178, -0.7944372337968526 
9.259999999991757, -0.7937566881702512 
9.269999999991734, -0.7936678610050825 
9.27999999999171, -0.7934484998342737 
9.289999999991688, -0.7931126270766294 
9.299999999991664, -0.7927969343545859 
9.309999999991641, -0.7926625720214479 
9.319999999991618, -0.7928774404373983 
9.329999999991594, -0.7933370660348197 
9.339999999991571, -0.7937390948035642 
9.349999999991548, -0.7936925032306751 
9.359999999991524, -0.7936534179375171 
9.369999999991501, -0.7966901690781881 
9.379999999991478, -0.8062046354431078 
9.389999999991455, -0.8103007888086106 
9.399999999991431, -0.8104703574413162 
9.409999999991408, -0.8096334465862228 
9.419999999991385, -0.7978271553386513 
9.429999999991361, -0.7677701786313037 
9.439999999991338, -0.765887973987214 
9.449999999991315, -0.7659543240134566 
9.459999999991291, -0.7654770605818254 
9.469999999991268, -0.7638352937825815 
9.479999999991245, -0.7623178782487808 
9.489999999991221, -0.7616226944107235 
9.499999999991198, -0.7615018521754151 
9.509999999991175, -0.7614637843563182 
9.519999999991152, -0.7613855671304347 
9.529999999991128, -0.7612487539333247 
9.539999999991105, -0.7611070624402141 
9.549999999991082, -0.7615518659943435 
9.559999999991058, -0.7631543929379293 
9.569999999991035, -0.7652450564396535 
9.579999999991012, -0.7657625899179569 
9.589999999990988, -0.7655109827447144 
9.599999999990965, -0.7650593454388944 
9.609999999990942, -0.778848377255578 
9.619999999990918, -0.7867678989681258 
9.629999999990895, -0.7875519302736754 
9.639999999990872, -0.7873412139228295 
9.649999999990849, -0.7852885233893836 
9.659999999990825, -0.7804410507506057 
9.669999999990802, -0.7779086509332619 
9.679999999990779, -0.7774762770051652 
9.689999999990755, -0.7773779151898315 
9.699999999990732, -0.7770590685900147 
9.709999999990709, -0.7766721231078227 
9.719999999990685, -0.776356023808067 
9.729999999990662, -0.7762915629919112 
9.739999999990639, -0.7765621204564764 
9.749999999990616, -0.7770541579775901 
9.759999999990592, -0.777380323079651 
9.769999999990569, -0.7772739038213631 
9.779999999990546, -0.7774358634348205 
9.789999999990522, -0.782745642212367 
9.799999999990499, -0.7952643100261829 
9.809999999990476, -0.7983665937129474 
9.819999999990452, -0.7983753028560066 
9.829999999990429, -0.7969491316670321 
9.839999999990406, -0.7777261880636246 
9.849999999990382, -0.7549741832577573 
9.85999999999036, -0.7536630138360118 
9.869999999990336, -0.7536397153818679 
9.879999999990313, -0.7531429499965338 
9.88999999999029, -0.7520137528264105 
9.899999999990266, -0.7511374513689403 
9.909999999990243, -0.7507265251561799 
9.91999999999022, -0.7506929473663316 
9.929999999990196, -0.7507648656083781 
9.939999999990173, -0.7508583283441759 
9.94999999999015, -0.7507956107526111 
9.959999999990126, -0.7506927849640177 
9.969999999990103, -0.751771863103957 
9.97999999999008, -0.756138941600099 
9.989999999990056, -0.7605265143820911 
9.999999999990033, -0.7611138704350414 
10.00999999999001, -0.7607400084064748 
10.019999999989986, -0.7560025315504162 
10.029999999989963, -0.7233167076005741 
10.03999999998994, -0.7139327240199026 
10.049999999989916, -0.7138501081881413 
10.059999999989893, -0.7137030515601281 
10.06999999998987, -0.7130082819020335 
10.079999999989846, -0.7121666792947045 
10.089999999989823, -0.711650683260444 
10.0999999999898, -0.7114893010918107 
10.109999999989776, -0.7116329605444948 
10.119999999989753, -0.7119804922322368 
10.12999999998973, -0.7123196183474431 
10.139999999989707, -0.7122682540068928 
10.149999999989683, -0.7121981098747545 
10.15999999998966, -0.7174585278467697 
10.169999999989637, -0.7428031540354492 
10.179999999989613, -0.7501058675104927 
10.18999999998959, -0.7504031337082958 
10.199999999989567, -0.7497493240794565 
10.209999999989543, -0.7445061109356028 
10.21999999998952, -0.7373884356912126 
10.229999999989497, -0.735375076639078 
10.239999999989474, -0.7352003301589366 
10.24999999998945, -0.7350556452127184 
10.259999999989427, -0.7347162988208632 
10.269999999989404, -0.7343967358897523 
10.27999999998938, -0.7341663402572396 
10.289999999989357, -0.7342746809438895 
10.299999999989334, -0.7348875663393152 
10.30999999998931, -0.7359254787853763 
10.319999999989287, -0.7364124679077875 
10.329999999989264, -0.7362657952655158 
10.33999999998924, -0.736256012291885 
10.349999999989217, -0.7531700316712284 
10.359999999989194, -0.7786846415977622 
10.36999999998917, -0.7806993997539619 
10.379999999989147, -0.7806403785291137 
10.389999999989124, -0.7791350141092852 
10.3999999999891, -0.7729868595184599 
10.409999999989077, -0.768769206224817 
10.419999999989054, -0.767956412642656 
10.42999999998903, -0.7678713911783176 
10.439999999989007, -0.7675834101001203 
10.449999999988984, -0.7671476343385661 
10.45999999998896, -0.7667832711003435 
10.469999999988937, -0.7666239070670289 
10.479999999988914, -0.7668051381600643 
10.48999999998889, -0.7672413158528668 
10.499999999988868, -0.7676768313462463 
10.509999999988844, -0.767664305911989 
10.519999999988821, -0.7675612895660291 
10.529999999988798, -0.7707289908396237 
10.539999999988774, -0.7846365385624207 
10.549999999988751, -0.7910836559970426 
10.559999999988728, -0.7914174588028516 
10.569999999988704, -0.7907357273919087 
10.579999999988681, -0.7808544848658108 
10.589999999988658, -0.7557580787330851 
10.599999999988635, -0.7518425872235751 
10.609999999988611, -0.7518070128500914 
10.619999999988588, -0.7515327079265259 
10.629999999988565, -0.7506702689707198 
10.639999999988541, -0.7498358446657959 
10.649999999988518, -0.7493609060412275 
10.659999999988495, -0.7492686062915838 
10.669999999988471, -0.7493718242737563 
10.679999999988448, -0.7495426339752204 
10.689999999988425, -0.7495907458352282 
10.699999999988401, -0.7494435598446332 
10.709999999988378, -0.7500033790426388 
10.719999999988355, -0.7543895019202149 
10.729999999988332, -0.7615284394607721 
10.739999999988308, -0.763078319651978 
10.749999999988285, -0.7629391255030092 
10.759999999988262, -0.7606871516548948 
10.769999999988238, -0.7363782465887045 
10.779999999988215, -0.7194883131818401 
10.789999999988192, -0.718707686926933 
10.799999999988168, -0.718651823382824 
10.809999999988145, -0.7181868374933006 
10.819999999988122, -0.7174119889569167 
10.829999999988098, -0.7168653138804172 
10.839999999988075, -0.7166222504745079 
10.849999999988052, -0.7167160464267253 
10.859999999988029, -0.7170526264867573 
10.869999999988005, -0.717499066460221 
10.879999999987982, -0.7175625972618062 
10.889999999987959, -0.7173844205610868 
10.899999999987935, -0.7196700104709194 
10.909999999987912, -0.7420068702178736 
10.919999999987889, -0.7559552879067974 
10.929999999987865, -0.7567555689495461 
10.939999999987842, -0.7564238223542777 
10.949999999987819, -0.7529461556422826 
10.959999999987796, -0.74456987636821 
10.969999999987772, -0.741278634237286 
10.979999999987749, -0.7409108053800506 
10.989999999987726, -0.7408065206832611 
10.999999999987702, -0.7404712350829032 
11.009999999987679, -0.7401009546552927 
11.019999999987656, -0.739812816404285 
11.029999999987632, -0.7397876983678925 
11.039999999987609, -0.7401896897788396 
11.049999999987586, -0.7409936967962939 
11.059999999987562, -0.7415829729760233 
11.06999999998754, -0.7415268490152864 
11.079999999987516, -0.7413760134176666 
11.089999999987493, -0.7501776771830772 
11.09999999998747, -0.7817765330874716 
11.109999999987446, -0.786614588217563 
11.119999999987423, -0.7867386525132201 
11.1299999999874, -0.7857506552427992 
11.139999999987376, -0.7785155718093902 
11.149999999987353, -0.7707386602416721 
11.15999999998733, -0.7691517823963193 
11.169999999987306, -0.7690600237810544 
11.179999999987283, -0.7687866556278538 
11.18999999998726, -0.7682216090365815 
11.199999999987236, -0.7677321561124562 
11.209999999987213, -0.767454999355503 
11.21999999998719, -0.7674983269107922 
11.229999999987166, -0.7677463945432736 
11.239999999987143, -0.7680635601110004 
11.24999999998712, -0.768091891983908 
11.259999999987096, -0.7679532344287926 
11.269999999987073, -0.7693529141596891 
11.27999999998705, -0.7768601668123322 
11.289999999987026, -0.7836479087763446 
11.299999999987003, -0.7843573441135869 
11.30999999998698, -0.7839786426777712 
11.319999999986956, -0.7786844738735066 
11.329999999986933, -0.7469746409957332 
11.33999999998691, -0.7382992872519325 
11.349999999986887, -0.7382193766736249 
11.359999999986863, -0.7380495752413226 
11.36999999998684, -0.7372591184788816 
11.379999999986817, -0.7362854080229538 
11.389999999986793, -0.7356924303784952 
11.39999999998677, -0.7355069309843132 
11.409999999986747, -0.7355869616188133 
11.419999999986723, -0.7357676971533532 
11.4299999999867, -0.7359110219502917 
11.439999999986677, -0.7357977914330025 
11.449999999986654, -0.7359318043804839 
11.45999999998663, -0.7395263488555632 
11.469999999986607, -0.7497331111208607 
11.479999999986584, -0.7534804768335112 
11.48999999998656, -0.7536039521520843 
11.499999999986537, -0.752591995815275 
11.509999999986514, -0.7401984951969246 
11.51999999998649, -0.7223023332943009 
11.529999999986467, -0.7198684606742193 
11.539999999986444, -0.7198033602757894 
11.54999999998642, -0.7195534327002636 
11.559999999986397, -0.7189806491526618 
11.569999999986374, -0.7184971725600999 
11.57999999998635, -0.7182156883671721 
11.589999999986327, -0.7182693055671657 
11.599999999986304, -0.7186691101073603 
11.60999999998628, -0.7193400954795914 
11.619999999986257, -0.719638311720689 
11.629999999986234, -0.719474335822075 
11.63999999998621, -0.7199057057921644 
11.649999999986187, -0.7382652552353058 
11.659999999986164, -0.7634618617582674 
11.66999999998614, -0.7653903104265923 
11.679999999986117, -0.7653025238380569 
11.689999999986094, -0.763635328256789 
11.69999999998607, -0.7572620237421902 
11.709999999986048, -0.753227584454852 
11.719999999986024, -0.7524690020012094 
11.729999999986001, -0.7523877106254795 
11.739999999985978, -0.7521289300407926 
11.749999999985954, -0.7517587703252336 
11.759999999985931, -0.7514437869266106 
11.769999999985908, -0.7513183646587042 
11.779999999985884, -0.7515893235958295 
11.789999999985861, -0.752243626549832 
11.799999999985838, -0.7529150773159502 
11.809999999985815, -0.7529638182349926 
11.819999999985791, -0.7527608042763946 
11.829999999985768, -0.7566096054113061 
11.839999999985745, -0.782841685367848 
11.849999999985721, -0.792407526300063 
11.859999999985698, -0.7928299183226978 
11.869999999985675, -0.7922413908887423 
11.879999999985651, -0.7855802072859578 
11.889999999985628, -0.7720565029235966 
11.899999999985605, -0.768804440238179 
11.909999999985581, -0.7686747883485303 
11.919999999985558, -0.7684502378155424 
11.929999999985535, -0.7677858175825585 
11.939999999985512, -0.7671270500399374 
11.949999999985488, -0.7667198337276504 
11.959999999985465, -0.7666512416123766 
11.969999999985442, -0.766786709669642 
11.979999999985418, -0.7669948558803142 
11.989999999985395, -0.7670488587567419 
11.999999999985372, -0.7668995183911816 
12.009999999985348, -0.7675074517524351 
12.019999999985325, -0.7716778586406632 
12.029999999985302, -0.7777761577722494 
12.039999999985278, -0.7790335310755955 
12.049999999985255, -0.7788477217623015 
12.059999999985232, -0.7764666196929791 
12.069999999985209, -0.749665961863909 
12.079999999985185, -0.7326969988262081 
12.089999999985162, -0.7324248113593451 
12.099999999985139, -0.7323473107346726 
12.109999999985115, -0.7316729035710885 
12.119999999985092, -0.7305194002217217 
12.129999999985069, -0.7297551506214823 
12.139999999985045, -0.7294487227071903 
12.149999999985022, -0.7294733638855034 
12.159999999984999, -0.7296110101643526 
12.169999999984976, -0.7297791405618361 
12.179999999984952, -0.7297208728245366 
12.189999999984929, -0.7296560716584594 
12.199999999984906, -0.7317399658111005 
12.209999999984882, -0.7409498972204542 
12.219999999984859, -0.747288435085899 
12.229999999984836, -0.7477761656553037 
12.239999999984812, -0.7472738955465041 
12.249999999984789, -0.7405883895982054 
12.259999999984766, -0.7214352239057975 
12.269999999984742, -0.7166899944713637 
12.27999999998472, -0.7164797440732545 
12.289999999984696, -0.7163347188210364 
12.299999999984673, -0.715863200953735 
12.30999999998465, -0.7153841080417265 
12.319999999984626, -0.71506211400351 
12.329999999984603, -0.7150321564057567 
12.33999999998458, -0.7153971803677768 
12.349999999984556, -0.716150398736758 
12.359999999984533, -0.7167126351362749 
12.36999999998451, -0.7166531355770206 
12.379999999984486, -0.7164405922396031 
12.389999999984463, -0.725491589596972 
12.39999999998444, -0.7569636699548412 
12.409999999984416, -0.7609677352945663 
12.419999999984393, -0.7611058524599055 
12.42999999998437, -0.7603262652209462 
12.439999999984346, -0.7562615221940803 
12.449999999984323, -0.7523031817033996 
12.4599999999843, -0.7510958142951049 
12.469999999984276, -0.7509674691610646 
12.479999999984253, -0.7508177522390778 
12.48999999998423, -0.7505317963398521 
12.499999999984206, -0.750258004906314 
12.509999999984183, -0.7500751721634514 
12.51999999998416, -0.7502908308158337 
12.529999999984136, -0.7510381011511202 
12.539999999984113, -0.7520738244104963 
12.54999999998409, -0.752380454848604 
12.559999999984067, -0.7521660386001519 
12.569999999984043, -0.7530634876904314 
12.57999999998402, -0.7775360010243022 
12.589999999983997, -0.7969829159064433 
12.599999999983973, -0.7981356574260893 
12.60999999998395, -0.7978927427801962 
12.619999999983927, -0.7948424518360401 
12.629999999983903, -0.7842973399088372 
12.63999999998388, -0.7794928242258143 
12.649999999983857, -0.7790691036214115 
12.659999999983834, -0.7789433102547035 
12.66999999998381, -0.7784286122505372 
12.679999999983787, -0.7777710811658951 
12.689999999983764, -0.7773027170854372 
12.69999999998374, -0.7771465790581559 
12.709999999983717, -0.7772470298779746 
12.719999999983694, -0.7774359862141146 
12.72999999998367, -0.7775476223200439 
12.739999999983647, -0.7774131636089846 
12.749999999983624, -0.777614174553108 
12.7599999999836, -0.7802207748795568 
12.769999999983577, -0.7855681376577878 
12.779999999983554, -0.7875543876521796 
12.78999999998353, -0.7875305649605298 
12.799999999983507, -0.7864098433897857 
12.809999999983484, -0.7739923991321539 
12.81999999998346, -0.7533757658607066 
12.829999999983437, -0.753062602674514 
12.839999999983414, -0.7530778395470368 
12.84999999998339, -0.7524312888300484 
12.859999999983367, -0.7506333350036369 
12.869999999983344, -0.7492330586776741 
12.87999999998332, -0.7486581495324046 
12.889999999983297, -0.7485805299801234 
12.899999999983274, -0.7485547150009082 
12.90999999998325, -0.7485113252555998 
12.919999999983228, -0.7483866755681787 
12.929999999983204, -0.7482815597337853 
12.939999999983181, -0.7489819282067334 
12.949999999983158, -0.7513812396541945 
12.959999999983134, -0.7541013498283564 
12.969999999983111, -0.7545853043277877 
12.979999999983088, -0.7542524622905514 
12.989999999983064, -0.751779577844944 
12.999999999983041, -0.7321766842728268 
13.009999999983018, -0.7246989546286774 
13.019999999982995, -0.7248852373969492 
13.029999999982971, -0.7247177443744116 
13.039999999982948, -0.7237368370056012 
13.049999999982925, -0.7223723141134608 
13.059999999982901, -0.7215844253071942 
13.069999999982878, -0.7213299383034042 
13.079999999982855, -0.7213660978005324 
13.089999999982831, -0.7214797904396565 
13.099999999982808, -0.7215929286553804 
13.109999999982785, -0.7214901868777053 
13.119999999982761, -0.7215417011726197 
13.129999999982738, -0.7243951550097133 
13.139999999982715, -0.7341447959747042 
13.149999999982692, -0.7388740290135886 
13.159999999982668, -0.739127432962232 
13.169999999982645, -0.7383851921067484 
13.179999999982622, -0.7294478253940075 
13.189999999982598, -0.7134571315034811 
13.199999999982575, -0.7103658476390496 
13.209999999982552, -0.710232197434857 
13.219999999982528, -0.7100589972199337 
13.229999999982505, -0.7096163750891544 
13.239999999982482, -0.709216713091733 
13.249999999982458, -0.7089531948570718 
13.259999999982435, -0.7090131127467469 
13.269999999982412, -0.709549931116059 
13.279999999982389, -0.7105708565384523 
13.289999999982365, -0.7111616787129864 
13.299999999982342, -0.7110579638088995 
13.309999999982319, -0.7106942921568766 
13.319999999982295, -0.7200407905155507 
13.329999999982272, -0.7345249136230534 
13.339999999982249, -0.7359973690909049 
13.349999999982225, -0.7360425229700223 
13.359999999982202, -0.7352929259374297 
13.369999999982179, -0.7328884853924845 
13.379999999982156, -0.7310306752484506 
13.389999999982132, -0.7303416832390122 
13.399999999982109, -0.7302490899795023 
13.409999999982086, -0.7302085236183778 
13.419999999982062, -0.730148963034461 
13.429999999982039, -0.7300295805647337 
13.439999999982016, -0.7299107424742614 
13.449999999981992, -0.7305646086648373 
13.459999999981969, -0.7331811246984229 
13.469999999981946, -0.7365856222083373 
13.479999999981922, -0.7372892440721789 
13.4899999999819, -0.7370164930130372 
13.499999999981876, -0.7339500589134371 
13.509999999981853, -0.7041582258717215 
13.51999999998183, -0.690539086271872 
13.529999999981806, -0.6902412862658694 
13.539999999981783, -0.6901561532898133 
13.54999999998176, -0.6896374162201001 
13.559999999981736, -0.6889381259969964 
13.569999999981713, -0.6884839920780904 
13.57999999998169, -0.6883180928347828 
13.589999999981666, -0.6885206282208466 
13.599999999981643, -0.6891034248488483 
13.60999999998162, -0.6898318120260887 
13.619999999981596, -0.6899488852821106 
13.629999999981573, -0.6896674630575182 
13.63999999998155, -0.6913285990350372 
13.649999999981526, -0.7124495771559117 
13.659999999981503, -0.7170158792974558 
13.66999999998148, -0.7174645036813121 
13.679999999981456, -0.7172304333388119 
13.689999999981433, -0.7158196629467186 
13.69999999998141, -0.713858375904257 
13.709999999981386, -0.7128482019458057 
13.719999999981363, -0.7125706017496152 
13.72999999998134, -0.7125765952461608 
13.739999999981316, -0.7126144331789763 
13.749999999981293, -0.7126511432242009 
13.75999999998127, -0.712526388624966 
13.769999999981247, -0.7126237914237261 
13.779999999981223, -0.7151437200400791 
13.7899999999812, -0.7229426909955053 
13.799999999981177, -0.7268774987081803 
13.809999999981153, -0.7270878579414478 
13.81999999998113, -0.7262983507567881 
13.829999999981107, -0.7167391008470269 
13.839999999981083, -0.7004654663563827 
13.84999999998106, -0.6974807434156486 
13.859999999981037, -0.6973481917414277 
13.869999999981014, -0.6971848624974955 
13.87999999998099, -0.6967849407257346 
13.889999999980967, -0.6964325655977206 
13.899999999980944, -0.6961937382100806 
13.90999999998092, -0.6962910392805909 
13.919999999980897, -0.6969921688533824 
13.929999999980874, -0.6983904822449338 
13.93999999998085, -0.6991991942122443 
13.949999999980827, -0.6991236708077923 
13.959999999980804, -0.6983626528879225 
13.96999999998078, -0.6928775321377698 
13.979999999980757, -0.6733795895459888 
13.989999999980734, -0.6722997355524778 
13.99999999998071, -0.6723343814321235 
14.009999999980687, -0.6719731141638244 
14.019999999980664, -0.6711464221521753 
14.02999999998064, -0.6705277612568413 
14.039999999980617, -0.6702164289931787 
14.049999999980594, -0.6702621446593736 
14.05999999998057, -0.6706877450864192 
14.069999999980547, -0.6715073073132566 
14.079999999980524, -0.671950758655757 
14.0899999999805, -0.6718123784339028 
14.099999999980477, -0.6713444371424574 
14.109999999980454, -0.6742807928967994 
14.11999999998043, -0.6668427549111221 
14.129999999980408, -0.6666760403183799 
14.139999999980384, -0.666696845063397 
14.149999999980361, -0.666252231532983 
14.159999999980338, -0.6653297715117074 
14.169999999980314, -0.6646874657320305 
14.179999999980291, -0.6643868999685393 
14.189999999980268, -0.6644511071544704 
14.199999999980244, -0.664881184324085 
14.209999999980221, -0.6656737634886591 
14.219999999980198, -0.6660485073731223 
14.229999999980175, -0.6658803898031651 
14.239999999980151, -0.6654216346445159 
14.249999999980128, -0.6670622674962681 
14.259999999980105, -0.6577100974090946 
14.269999999980081, -0.6575493179867687 
14.279999999980058, -0.6575455424236031 
14.289999999980035, -0.6570938274793301 
14.299999999980011, -0.6562715418465493 
14.309999999979988, -0.6557235109767227 
14.319999999979965, -0.6554743977602631 
14.329999999979941, -0.6556007400680057 
14.339999999979918, -0.6561864742972219 
14.349999999979895, -0.6572337639799305 
14.359999999979872, -0.6576741968091587 
14.369999999979848, -0.6574863721545705 
14.379999999979825, -0.6562900522719998 
14.389999999979802, -0.6385700639250034 
14.399999999979778, -0.6181685805083901 
14.409999999979755, -0.6172704536059281 
14.419999999979732, -0.6172446282610998 
14.429999999979708, -0.616971983896935 
14.439999999979685, -0.6165761841598608 
14.449999999979662, -0.6163093846181262 
14.459999999979638, -0.6161700789730934 
14.469999999979615, -0.6166147380085208 
14.479999999979592, -0.6189240386814817 
14.489999999979569, -0.6236987617010481 
14.499999999979545, -0.6251917200954793 
14.509999999979522, -0.6251196588567152 
14.519999999979499, -0.6235315761512799 
14.529999999979475, -0.6166423199823778 
14.539999999979452, -0.6126917048734 
14.549999999979429, -0.6118071359319169 
14.559999999979405, -0.6117230185363368 
14.569999999979382, -0.6117484408090365 
14.579999999979359, -0.6118645841744341 
14.589999999979335, -0.6119305665380488 
14.599999999979312, -0.6117901772830732 
14.609999999979289, -0.6123179850399539 
14.619999999979266, -0.6281425547968639 
14.629999999979242, -0.6546580523558307 
14.639999999979219, -0.6565464464982819 
14.649999999979196, -0.6565951303800747 
14.659999999979172, -0.6559953644703197 
14.669999999979149, -0.6545516127979322 
14.679999999979126, -0.6535791070088216 
14.689999999979102, -0.6531700229481364 
14.69999999997908, -0.6531644416663561 
14.709999999979056, -0.6534290088504555 
14.719999999979033, -0.6539531767010003 
14.72999999997901, -0.6542319183957316 
14.739999999978986, -0.6540771196743863 
14.749999999978963, -0.6540340031597682 
14.75999999997894, -0.666108210343468 
14.769999999978916, -0.6723822336884759 
14.779999999978893, -0.6729205039762564 
14.78999999997887, -0.6729356365711341 
14.799999999978846, -0.672387008304314 
14.809999999978823, -0.6712205759789495 
14.8199999999788, -0.6704315909473982 
14.829999999978776, -0.6700850035226434 
14.839999999978753, -0.6701126168779611 
14.84999999997873, -0.6704150263679703 
14.859999999978706, -0.6709565251354742 
14.869999999978683, -0.6711868833829572 
14.87999999997866, -0.671008379234795 
14.889999999978636, -0.671358226914538 
14.899999999978613, -0.6904162977452207 
14.90999999997859, -0.7058570704902315 
14.919999999978566, -0.7069355502724848 
14.929999999978543, -0.7068886208059154 
14.93999999997852, -0.705983684231652 
14.949999999978496, -0.7039706069587145 
14.959999999978473, -0.7026975597040188 
14.96999999997845, -0.7022381048623011 
14.979999999978427, -0.7022068725257975 
14.989999999978403, -0.7022657077254072 
14.99999999997838, -0.7023704146882814 
15.009999999978357, -0.7023272038609643 
15.019999999978333, -0.7022204272425403 
15.02999999997831, -0.7036764574745548 
15.039999999978287, -0.7123840849704633 
15.049999999978263, -0.7212408041780943 
15.05999999997824, -0.7221579083631054 
15.069999999978217, -0.7218656518222425 
15.079999999978194, -0.7182546210626557 
15.08999999997817, -0.7063208710633974 
15.099999999978147, -0.7016282192191062 
15.109999999978124, -0.7011248042793493 
15.1199999999781, -0.7010467184628155 
15.129999999978077, -0.700782118789871 
15.139999999978054, -0.700484659234586 
15.14999999997803, -0.7002387523347204 
15.159999999978007, -0.7002051914941222 
15.169999999977984, -0.7008078815643526 
15.17999999997796, -0.7023877869449493 
15.189999999977937, -0.7039160353871013 
15.199999999977914, -0.7040949767547083 
15.20999999997789, -0.7036140355912053 
15.219999999977867, -0.6991228087973484 
15.229999999977844, -0.6691832517184928 
15.23999999997782, -0.6629972198975543 
15.249999999977797, -0.6629896253383702 
15.259999999977774, -0.6628286897152655 
15.26999999997775, -0.6622496356761314 
15.279999999977727, -0.6616840874949068 
15.289999999977704, -0.6613441983331284 
15.29999999997768, -0.6613035037887918 
15.309999999977657, -0.6617400190540587 
15.319999999977634, -0.6628477995314849 
15.32999999997761, -0.6639086691887448 
15.339999999977588, -0.6639949729569584 
15.349999999977564, -0.6634503061824997 
15.359999999977541, -0.657113381490603 
15.369999999977518, -0.624444728895747 
15.379999999977494, -0.6189083964066673 
15.389999999977471, -0.6188023745218789 
15.399999999977448, -0.6186815784858656 
15.409999999977424, -0.6183308275557701 
15.419999999977401, -0.6180385127742346 
15.429999999977378, -0.6178310489270855 
15.439999999977355, -0.617901048439919 
15.449999999977331, -0.6191895921066226 
15.459999999977308, -0.6236938399388877 
15.469999999977285, -0.6274932416404082 
15.479999999977261, -0.6278669209573797 
15.489999999977238, -0.6273716576914651 
15.499999999977215, -0.6232647495884873 
15.509999999977191, -0.6174042473610576 
15.519999999977168, -0.6155678783672427 
15.529999999977145, -0.6152554623620912 
15.539999999977121, -0.615259673098516 
15.549999999977098, -0.6153275477485379 
15.559999999977075, -0.615467554761806 
15.569999999977052, -0.6154118776179803 
15.579999999977028, -0.6153184798389765 
15.589999999977005, -0.619476669223884 
15.599999999976982, -0.6513677357229317 
15.609999999976958, -0.6600024076922557 
15.619999999976935, -0.660455301831965 
15.629999999976912, -0.6602155879614332 
15.639999999976888, -0.6590080041695506 
15.649999999976865, -0.6576234250713111 
15.659999999976842, -0.6569373793332869 
15.669999999976818, -0.6567468094947767 
15.679999999976795, -0.6568729404118903 
15.689999999976772, -0.6572333736238102 
15.699999999976749, -0.6576582215683037 
15.709999999976725, -0.6576588578373741 
15.719999999976702, -0.6574234037014145 
15.729999999976679, -0.6614205544381757 
15.739999999976655, -0.6870967873602942 
15.749999999976632, -0.6908456028454953 
15.759999999976609, -0.6911681491362874 
15.769999999976585, -0.690886334370264 
15.779999999976562, -0.6895720911840196 
15.789999999976539, -0.6881162502870772 
15.799999999976515, -0.6873927778733058 
15.809999999976492, -0.6872049034762929 
15.819999999976469, -0.6872853863289369 
15.829999999976446, -0.6874918695083362 
15.839999999976422, -0.6876895720345068 
15.849999999976399, -0.68759927811138 
15.859999999976376, -0.6876474496427949 
15.869999999976352, -0.6934230162106222 
15.879999999976329, -0.7171293040951621 
15.889999999976306, -0.7233753933895528 
15.899999999976282, -0.7236196979487396 
15.90999999997626, -0.722942950488204 
15.919999999976236, -0.7185343027177254 
15.929999999976213, -0.7135708328377923 
15.93999999997619, -0.7120429665535424 
15.949999999976166, -0.7118637803478587 
15.959999999976143, -0.7117710424179073 
15.96999999997612, -0.7115792690482567 
15.979999999976096, -0.7113945749845347 
15.989999999976073, -0.7112191890714216 
15.99999999997605, -0.7114710537398481 
16.009999999976028, -0.7128565510652143 
16.019999999976005, -0.71546520515935 
16.02999999997598, -0.7165725889127639 
16.039999999975958, -0.7164793951491211 
16.049999999975935, -0.715158410062971 
16.05999999997591, -0.6964107042599005 
16.069999999975888, -0.6716424390555732 
16.079999999975865, -0.6703119122186421 
16.08999999997584, -0.6702978208880351 
16.099999999975818, -0.6699703098303185 
16.109999999975795, -0.6693544886072039 
16.11999999997577, -0.6689084339864091 
16.129999999975748, -0.6686811183038988 
16.139999999975725, -0.6688338930458524 
16.1499999999757, -0.6695330331324553 
16.15999999997568, -0.6707909934535005 
16.169999999975655, -0.6713358480460181 
16.17999999997563, -0.6711676651396683 
16.18999999997561, -0.669942133351354 
16.199999999975585, -0.6524633033229157 
16.20999999997556, -0.630905691200433 
16.21999999997554, -0.6299269817877339 
16.229999999975515, -0.6299051875652023 
16.239999999975492, -0.6296159166809928 
16.24999999997547, -0.6291643846933295 
16.259999999975445, -0.6288561072354711 
16.269999999975422, -0.6286982598514377 
16.2799999999754, -0.6290488011899668 
16.289999999975375, -0.6307170534045119 
16.299999999975352, -0.6340619870454806 
16.30999999997533, -0.6352636262591632 
16.319999999975305, -0.6351638734754457 
16.329999999975282, -0.6333359098424552 
16.33999999997526, -0.6223512036411571 
16.349999999975235, -0.6157570754425751 
16.359999999975212, -0.6146443084492828 
16.36999999997519, -0.614557569645662 
16.379999999975166, -0.6145130240377643 
16.389999999975142, -0.6144994642300481 
16.39999999997512, -0.6144764044922314 
16.409999999975096, -0.6143434064815106 
16.419999999975072, -0.6150295142542345 
16.42999999997505, -0.6257716068430415 
16.439999999975026, -0.6489766979905497 
16.449999999975002, -0.651708984399987 
16.45999999997498, -0.6517511682489237 
16.469999999974956, -0.6509700538651884 
16.479999999974932, -0.6488171180571828 
16.48999999997491, -0.6474076498360444 
16.499999999974886, -0.6468825740352683 
16.509999999974863, -0.6468356353908447 
16.51999999997484, -0.6469977042188118 
16.529999999974816, -0.6473412044098249 
16.539999999974793, -0.6475277325725409 
16.54999999997477, -0.6473770572210868 
16.559999999974746, -0.6476814615076688 
16.569999999974723, -0.664606640485885 
16.5799999999747, -0.6859988767665212 
16.589999999974676, -0.687447378324615 
16.599999999974653, -0.6874652428873682 
16.60999999997463, -0.6867644339545358 
16.619999999974606, -0.6850464573885755 
16.629999999974583, -0.6838824442087458 
16.63999999997456, -0.6834155209290594 
16.649999999974536, -0.6833813385419398 
16.659999999974513, -0.6835140130932984 
16.66999999997449, -0.6837585073382942 
16.679999999974466, -0.6838298243321136 
16.689999999974443, -0.6836754219962013 
16.69999999997442, -0.6847357850188196 
16.709999999974396, -0.6997415353206882 
16.719999999974373, -0.7191916847553187 
16.72999999997435, -0.7208794702155698 
16.739999999974327, -0.7207613047109233 
16.749999999974303, -0.719031733153918 
16.75999999997428, -0.7136535208396299 
16.769999999974257, -0.7106208836156469 
16.779999999974233, -0.7099563224680047 
16.78999999997421, -0.7098890144393707 
16.799999999974187, -0.7097556924250529 
16.809999999974163, -0.7095918870197282 
16.81999999997414, -0.7094094464287222 
16.829999999974117, -0.7093427769482833 
16.839999999974093, -0.7100767485383979 
16.84999999997407, -0.7124187836874225 
16.859999999974047, -0.7149962785682519 
16.869999999974024, -0.7154112885193119 
16.879999999974, -0.7150225927282079 
16.889999999973977, -0.7102832370438112 
16.899999999973954, -0.6779618076244904 
16.90999999997393, -0.6686641546407336 
16.919999999973907, -0.6684463258617681 
16.929999999973884, -0.6683400532494318 
16.93999999997386, -0.6678864321453288 
16.949999999973837, -0.6673899969520319 
16.959999999973814, -0.6670653911252039 
16.96999999997379, -0.6669980948711481 
16.979999999973767, -0.6674380713056463 
16.989999999973744, -0.6686481870850456 
16.99999999997372, -0.6699779587699559 
17.009999999973697, -0.6701684594883521 
17.019999999973674, -0.6697159399575968 
17.02999999997365, -0.6645671466571751 
17.039999999973627, -0.631715101083037 
17.049999999973604, -0.6241025110906996 
17.05999999997358, -0.623899870934833 
17.069999999973557, -0.6238045507732017 
17.079999999973534, -0.6234721396570562 
17.08999999997351, -0.6231667983645827 
17.099999999973488, -0.6229492435811746 
17.109999999973464, -0.62296036676823 
17.11999999997344, -0.6240083295458321 
17.129999999973418, -0.627879273709756 
17.139999999973394, -0.6318853005345552 
17.14999999997337, -0.6323881598447799 
17.159999999973348, -0.6319907271073505 
17.169999999973324, -0.6281786429509983 
17.1799999999733, -0.6210703023841795 
17.189999999973278, -0.6187089349790785 
17.199999999973254, -0.6183088747361911 
17.20999999997323, -0.6182942016625067 
17.219999999973208, -0.6183184702569391 
17.229999999973185, -0.6184171620023933 
17.23999999997316, -0.6183657171227396 
17.249999999973138, -0.6182700174738043 
17.259999999973115, -0.6212639759581536 
17.26999999997309, -0.6488296152644872 
17.279999999973068, -0.661882623004126 
17.289999999973045, -0.6625512267275909 
17.29999999997302, -0.6623450286607151 
17.309999999972998, -0.6610485096485378 
17.319999999972975, -0.6592894241600673 
17.32999999997295, -0.6584166571711937 
17.339999999972928, -0.6581558588926739 
17.349999999972905, -0.6582261050333372 
17.35999999997288, -0.6584755864928971 
17.36999999997286, -0.6588146668416315 
17.379999999972835, -0.6588209610800574 
17.38999999997281, -0.658637407566628 
17.39999999997279, -0.6620665372475183 
17.409999999972765, -0.6936500376530124 
17.41999999997274, -0.703120204819677 
17.42999999997272, -0.7036317607273331 
17.439999999972695, -0.7033579158286556 
17.449999999972672, -0.7017087388017564 
17.45999999997265, -0.6994860143170553 
17.469999999972625, -0.698417099887837 
17.479999999972602, -0.6981433716070805 
17.48999999997258, -0.6981517812932269 
17.499999999972555, -0.6981987155550633 
17.509999999972532, -0.6982522834872956 
17.51999999997251, -0.6981355035199834 
17.529999999972485, -0.69822637948116 
17.539999999972462, -0.7012046252184533 
17.54999999997244, -0.7115553269674748 
17.559999999972415, -0.7164384259450912 
17.569999999972392, -0.7166978755928701 
17.57999999997237, -0.7159805585659592 
17.589999999972346, -0.7088995595566808 
17.599999999972322, -0.6983951450314488 
17.6099999999723, -0.6959191555140318 
17.619999999972276, -0.6957350544783917 
17.629999999972252, -0.6956130907951124 
17.63999999997223, -0.6953263322700531 
17.649999999972206, -0.6950688716642707 
17.659999999972182, -0.6948644855144261 
17.66999999997216, -0.6950148556093604 
17.679999999972136, -0.6960346307849699 
17.689999999972112, -0.6981692910463214 
17.69999999997209, -0.6993441480340842 
17.709999999972066, -0.6993090297330559 
17.719999999972043, -0.6982855808452482 
17.72999999997202, -0.6831839275197361 
17.739999999971996, -0.6549752071869402 
17.749999999971973, -0.6527523775777345 
17.75999999997195, -0.6527342134185168 
17.769999999971926, -0.652495870598151 
17.779999999971903, -0.6520009220426505 
17.78999999997188, -0.651626466905052 
17.799999999971856, -0.6514086791096265 
17.809999999971833, -0.6515762983099903 
17.81999999997181, -0.6525465168106116 
17.829999999971786, -0.6546373288669823 
17.839999999971763, -0.6557459545617909 
17.84999999997174, -0.65569482369796 
17.859999999971716, -0.65438637204854 
17.869999999971693, -0.6378272133936115 
17.87999999997167, -0.6201153720545435 
17.889999999971646, -0.6181012410122622 
17.899999999971623, -0.618011956932251 
17.9099999999716, -0.6178896013165504 
17.919999999971576, -0.6176918544883729 
17.929999999971553, -0.6175511089378997 
17.93999999997153, -0.6174056590794434 
17.949999999971507, -0.6177968506385808 
17.959999999971483, -0.6215809681148814 
17.96999999997146, -0.6324251407153323 
17.979999999971437, -0.6358436947985248 
17.989999999971413, -0.6359574783049815 
17.99999999997139, -0.635140806927892 
18.009999999971367, -0.6316380911178453 
18.019999999971343, -0.6289898492624444 
18.02999999997132, -0.6281383341777884 
18.039999999971297, -0.6280118870021238 
18.049999999971273, -0.6280861840313086 
18.05999999997125, -0.6282922627771249 
18.069999999971227, -0.6284654421793204 
18.079999999971204, -0.6283510734646208 
18.08999999997118, -0.6284401835546471 
18.099999999971157, -0.6397098028011515 
18.109999999971134, -0.6678698750085109 
18.11999999997111, -0.6702840993681144 
18.129999999971087, -0.6704132433400491 
18.139999999971064, -0.6699379397712713 
18.14999999997104, -0.6684999026217051 
18.159999999971017, -0.667373521096987 
18.169999999970994, -0.6668700125514792 
18.17999999997097, -0.6668036430535139 
18.189999999970947, -0.6669865881973378 
18.199999999970924, -0.6673739952752584 
18.2099999999709, -0.667627136601192 
18.219999999970877, -0.6675008545378305 
18.229999999970854, -0.6676194400406754 
18.23999999997083, -0.6812301993559657 
18.249999999970807, -0.7095605434837217 
18.259999999970784, -0.7120566725159244 
18.26999999997076, -0.7121213738803016 
18.279999999970737, -0.7113703655048134 
18.289999999970714, -0.7088918066654812 
18.29999999997069, -0.7070107079195111 
18.309999999970668, -0.7063163566636137 
18.319999999970644, -0.7062215507368433 
18.32999999997062, -0.7062206965635474 
18.339999999970598, -0.7062357357506929 
18.349999999970574, -0.706179944775435 
18.35999999997055, -0.7060487695280621 
18.369999999970528, -0.7067965662631491 
18.379999999970504, -0.7113543357844246 
18.38999999997048, -0.7183090956456918 
18.399999999970458, -0.7196352950371057 
18.409999999970434, -0.7194646178871985 
18.41999999997041, -0.7168501790943412 
18.429999999970388, -0.7003052861070087 
18.439999999970365, -0.6914267000813216 
18.44999999997034, -0.6905668165473378 
18.459999999970318, -0.6905017099185429 
18.469999999970295, -0.6902329990401024 
18.47999999997027, -0.6898668037582096 
18.489999999970248, -0.6895832654961086 
18.499999999970225, -0.6894672848391367 
18.5099999999702, -0.6898702974277297 
18.519999999970178, -0.6911374438628718 
18.529999999970155, -0.6928118309434492 
18.53999999997013, -0.693191316939902 
18.549999999970108, -0.6928768461071266 
18.559999999970085, -0.6901262655441872 
18.56999999997006, -0.6615346454348329 
18.57999999997004, -0.6492686034225303 
18.589999999970015, -0.6489992597990986 
18.59999999996999, -0.6489208454745867 
18.60999999996997, -0.6485028440115285 
18.619999999969945, -0.6480095835096741 
18.62999999996992, -0.6476883555226189 
18.6399999999699, -0.6475951479100458 
18.649999999969875, -0.6480471457807899 
18.659999999969852, -0.649509072169892 
18.66999999996983, -0.6514578617706046 
18.679999999969805, -0.6518694463644037 
18.689999999969782, -0.6515212013814465 
18.69999999996976, -0.6470033142725805 
18.709999999969735, -0.6230429765612158 
18.719999999969712, -0.6153802632845577 
18.72999999996969, -0.6148228027584413 
18.739999999969665, -0.6147688134882006 
18.749999999969642, -0.6145983128859288 
18.75999999996962, -0.6144493736290884 
18.769999999969595, -0.6143085039808587 
18.779999999969572, -0.6142565148190106 
18.78999999996955, -0.6156219242959368 
18.799999999969526, -0.6239340285183983 
18.809999999969502, -0.633911495149434 
18.81999999996948, -0.6349859422393872 
18.829999999969456, -0.6347987363988532 
18.839999999969432, -0.6330667399575316 
18.84999999996941, -0.6297741740792255 
18.859999999969386, -0.6282590297781245 
18.869999999969362, -0.6278448737917675 
18.87999999996934, -0.6278524202723347 
18.889999999969316, -0.6280066484138319 
18.899999999969292, -0.6282987455278481 
18.90999999996927, -0.6283601470955626 
18.919999999969246, -0.628171273356668 
18.929999999969223, -0.6296283657896117 
18.9399999999692, -0.6542699468069134 
18.949999999969176, -0.6635987663992201 
18.959999999969153, -0.6642089176494245 
18.96999999996913, -0.6641119851061208 
18.979999999969106, -0.6633024408560403 
18.989999999969083, -0.662072144621759 
18.99999999996906, -0.6613679943497861 
19.009999999969036, -0.6611121350773799 
19.019999999969013, -0.6612108526273924 
19.02999999996899, -0.6615850466814795 
19.039999999968966, -0.6621408371341244 
19.049999999968943, -0.6622637527649152 
19.05999999996892, -0.6620231599219369 
19.069999999968896, -0.6631668379479219 
19.079999999968873, -0.6821065679171411 
19.08999999996885, -0.6857775740168723 
19.099999999968826, -0.6862420158398381 
19.109999999968803, -0.686103194874483 
19.11999999996878, -0.6851636264818737 
19.129999999968756, -0.6838093077473852 
19.139999999968733, -0.6830483507609052 
19.14999999996871, -0.6827898234042266 
19.159999999968687, -0.6828608666952748 
19.169999999968663, -0.6831095126386254 
19.17999999996864, -0.6834342881035276 
19.189999999968617, -0.6834336693116883 
19.199999999968593, -0.6832820522379855 
19.20999999996857, -0.6866282365775481 
19.219999999968547, -0.7145613615026667 
19.229999999968523, -0.7264118550268142 
19.2399999999685, -0.7270011289243176 
19.249999999968477, -0.7266502642004837 
19.259999999968453, -0.7239850932006097 
19.26999999996843, -0.7196942927670413 
19.279999999968407, -0.7179019225065589 
19.289999999968384, -0.7175846691714933 
19.29999999996836, -0.7175255910666856 
19.309999999968337, -0.7173802600673054 
19.319999999968314, -0.7172306118991217 
19.32999999996829, -0.7170470770320655 
19.339999999968267, -0.7171539359020008 
19.349999999968244, -0.7183487781513289 
19.35999999996822, -0.7211067745039489 
19.369999999968197, -0.7228034929025394 
19.379999999968174, -0.7228591769331083 
19.38999999996815, -0.7220377519540623 
19.399999999968127, -0.7104714493241894 
19.409999999968104, -0.6794162964690506 
19.41999999996808, -0.6764041329651344 
19.429999999968057, -0.6764054118564116 
19.439999999968034, -0.6761578140333788 
19.44999999996801, -0.6755265148350429 
19.459999999967987, -0.6750058949255654 
19.469999999967964, -0.6747102422745851 
19.47999999996794, -0.6747526205291293 
19.489999999967917, -0.6752534304010022 
19.499999999967894, -0.6762894981606056 
19.50999999996787, -0.6769494622499176 
19.519999999967848, -0.6768695640503668 
19.529999999967824, -0.6762054469530707 
19.5399999999678, -0.6720735307662944 
19.549999999967778, -0.6520708776288017 
19.559999999967754, -0.6506473234885815 
19.56999999996773, -0.6506797486725032 
19.579999999967708, -0.6503789634084612 
19.589999999967684, -0.6497096378924431 
19.59999999996766, -0.6492117842313669 
19.609999999967638, -0.6489484757532731 
19.619999999967614, -0.6490479294324064 
19.62999999996759, -0.6497227794542612 
19.639999999967568, -0.6511625603890359 
19.649999999967545, -0.6520051831842135 
19.65999999996752, -0.6519340909301565 
19.669999999967498, -0.6507919424501802 
19.679999999967475, -0.633472442165427 
19.68999999996745, -0.6094783778623128 
19.699999999967428, -0.6072590746429642 
19.709999999967405, -0.6071914075910488 
19.71999999996738, -0.6070496471466335 
19.729999999967358, -0.606808064792343 
19.739999999967335, -0.606641350282063 
19.74999999996731, -0.6064911793638447 
19.759999999967288, -0.606842149076133 
19.769999999967265, -0.6102822368193985 
19.77999999996724, -0.6208242463566326 
19.78999999996722, -0.6245167199987928 
19.799999999967195, -0.6246650647482775 
19.80999999996717, -0.6239395852808698 
19.81999999996715, -0.6208553031388867 
19.829999999967125, -0.6184670312490107 
19.8399999999671, -0.6176607301395707 
19.84999999996708, -0.6175316481347571 
19.859999999967055, -0.617639889009142 
19.869999999967032, -0.6179331152658298 
19.87999999996701, -0.6182058050567669 
19.889999999966985, -0.6181185394384883 
19.899999999966962, -0.6179330502876745 
19.90999999996694, -0.6246884203586862 
19.919999999966915, -0.6305136224257287 
19.929999999966892, -0.629837902974799 
19.93999999996687, -0.6299372865317053 
19.949999999966845, -0.6296731576939201 
19.959999999966822, -0.6289726621139643 
19.9699999999668, -0.628424663426189 
19.979999999966775, -0.6281318645098324 
19.989999999966752, -0.6281825421751993 
19.99999999996673, -0.628844510624595 
20.009999999966706, -0.630514419088454 
20.019999999966682, -0.6317964284003239 
20.02999999996666, -0.631851759931127 
20.039999999966636, -0.6309933915395596 
20.049999999966612, -0.6196025913421437 
20.05999999996659, -0.6016445602944657 
20.069999999966566, -0.5987745247179466 
20.079999999966542, -0.5985848750352979 
20.08999999996652, -0.5985224539769801 
20.099999999966496, -0.5984132949778088 
20.109999999966472, -0.5983629549278849 
20.11999999996645, -0.5982369526064837 
20.129999999966426, -0.5983832181064603 
20.139999999966403, -0.6028979480859171 
20.14999999996638, -0.6251768918661489 
20.159999999966356, -0.6326224208413072 
20.169999999966333, -0.6329801942650919 
20.17999999996631, -0.6326055628377071 
20.189999999966286, -0.6309657705699322 
20.199999999966263, -0.6294010326306275 
20.20999999996624, -0.6287256621341766 
20.219999999966216, -0.6285758845581022 
20.229999999966193, -0.6287381778573522 
20.23999999996617, -0.6291853924419906 
20.249999999966146, -0.6296790763710867 
20.259999999966123, -0.6296776002593244 
20.2699999999661, -0.6293116200372249 
20.279999999966076, -0.6297067694443794 
20.289999999966053, -0.6143257995962321 
20.29999999996603, -0.6097824443975113 
20.309999999966006, -0.6097945582366021 
20.319999999965983, -0.6096511780411764 
20.32999999996596, -0.6092057832895212 
20.339999999965936, -0.6088282160190324 
20.349999999965913, -0.6085907646899955 
20.35999999996589, -0.6086343333071749 
20.369999999965867, -0.6096723683093921 
20.379999999965843, -0.6132449472266084 
20.38999999996582, -0.6166202818223866 
20.399999999965797, -0.6170036989085479 
20.409999999965773, -0.6165313361809349 
20.41999999996575, -0.6124273385910093 
20.429999999965727, -0.6062053893201336 
20.439999999965703, -0.6042689197512428 
20.44999999996568, -0.6039339823504133 
20.459999999965657, -0.6039419226874414 
20.469999999965633, -0.6040309936003522 
20.47999999996561, -0.6042124526984566 
20.489999999965587, -0.604184302732464 
20.499999999965564, -0.6040331250546855 
20.50999999996554, -0.6073830538980735 
20.519999999965517, -0.6355777921979362 
20.529999999965494, -0.6405767721812645 
20.53999999996547, -0.6409516903937021 
20.549999999965447, -0.6407909040595342 
20.559999999965424, -0.6399828097403718 
20.5699999999654, -0.639066854234992 
20.579999999965377, -0.6385727499867205 
20.589999999965354, -0.6384339650821763 
20.59999999996533, -0.6386885875788094 
20.609999999965307, -0.6394441124066352 
20.619999999965284, -0.6404112355674241 
20.62999999996526, -0.6405826980612119 
20.639999999965237, -0.6401942453991482 
20.649999999965214, -0.6364050271743322 
20.65999999996519, -0.6045656233559876 
20.669999999965167, -0.5954940273848822 
20.679999999965144, -0.5951722699270734 
20.68999999996512, -0.5951056255567293 
20.699999999965097, -0.5948617080859511 
20.709999999965074, -0.5946502317219232 
20.71999999996505, -0.594484214311442 
20.729999999965028, -0.5944611831639074 
20.739999999965004, -0.595887970974755 
20.74999999996498, -0.6041120805027108 
20.759999999964958, -0.6134874634811482 
20.769999999964934, -0.6144504319735649 
20.77999999996491, -0.6142533359080187 
20.789999999964888, -0.6126581269034592 
20.799999999964864, -0.6100671493475643 
20.80999999996484, -0.6089015533160123 
20.819999999964818, -0.6085656161850131 
20.829999999964794, -0.6086207208999779 
20.83999999996477, -0.6089175390899756 
20.849999999964748, -0.6094443182477084 
20.859999999964725, -0.6096054960442712 
20.8699999999647, -0.6093591232752343 
20.879999999964678, -0.608633400888732 
20.889999999964655, -0.5914590132988076 
20.89999999996463, -0.5764570884579497 
20.909999999964608, -0.5759105346295567 
20.919999999964585, -0.5758720914037181 
20.92999999996456, -0.5756418411767317 
20.939999999964538, -0.5753982296904486 
20.949999999964515, -0.5752352674742381 
20.95999999996449, -0.5751395584008269 
20.969999999964468, -0.5760651767752317 
20.979999999964445, -0.5835951792991917 
20.98999999996442, -0.5977543015039298 
20.9999999999644, -0.5996961115561801 
21.009999999964375, -0.5996702868438704 
21.01999999996435, -0.5987780425550148 
21.02999999996433, -0.5969128146679623 
21.039999999964305, -0.595892188227635 
21.04999999996428, -0.5955268964402668 
21.05999999996426, -0.5955755434895688 
21.069999999964235, -0.5960032998638513 
21.079999999964212, -0.5969316545458442 
21.08999999996419, -0.5974509091192153 
21.099999999964165, -0.5973153761530284 
21.109999999964142, -0.5958257162584547 
21.11999999996412, -0.5761922532308539 
21.129999999964095, -0.5597517368510277 
21.139999999964072, -0.5581040190986508 
21.14999999996405, -0.5580170347358665 
21.159999999964025, -0.5579611924050927 
21.169999999964002, -0.5579372582473422 
21.17999999996398, -0.557955856608911 
21.189999999963955, -0.5578329167468179 
21.199999999963932, -0.5580868340189624 
21.20999999996391, -0.5694674474118431 
21.219999999963886, -0.5936603221173269 
21.229999999963862, -0.5946072487405397 
21.23999999996384, -0.5947210616804968 
21.249999999963816, -0.5944501678020769 
21.259999999963792, -0.5938011420296837 
21.26999999996377, -0.5933355688593911 
21.279999999963746, -0.593089320011619 
21.289999999963722, -0.5932036637030678 
21.2999999999637, -0.5942758064913628 
21.309999999963676, -0.5974638600026647 
21.319999999963652, -0.5997962893302881 
21.32999999996363, -0.5999726621058312 
21.339999999963606, -0.5992572926386223 
21.349999999963583, -0.5940868146582465 
21.35999999996356, -0.5887372682893411 
21.369999999963536, -0.5872908023061923 
21.379999999963513, -0.5870655937619659 
21.38999999996349, -0.5871087718043747 
21.399999999963466, -0.5872832800015626 
21.409999999963443, -0.5875369311088625 
21.41999999996342, -0.5874990713850023 
21.429999999963396, -0.5872652369822841 
21.439999999963373, -0.5901435487819137 
21.44999999996335, -0.5862928085807346 
21.459999999963326, -0.5816778362064199 
21.469999999963303, -0.5816796717708411 
21.47999999996328, -0.5815650792007212 
21.489999999963256, -0.5811925543519053 
21.499999999963233, -0.5808866727167137 
21.50999999996321, -0.5806848122348877 
21.519999999963186, -0.5807170290091477 
21.529999999963163, -0.5821392068803097 
21.53999999996314, -0.588878250947837 
21.549999999963116, -0.5956466833330979 
21.559999999963093, -0.5963334386069257 
21.56999999996307, -0.596058464444624 
21.579999999963047, -0.5941937112746183 
21.589999999963023, -0.5916769447496908 
21.599999999963, -0.5906461616976083 
21.609999999962977, -0.5903717757080698 
21.619999999962953, -0.5904712283534392 
21.62999999996293, -0.5908771048725286 
21.639999999962907, -0.5915554827425248 
21.649999999962883, -0.5917423401127107 
21.65999999996286, -0.5914402459786104 
21.669999999962837, -0.5886378189072424 
21.679999999962813, -0.5594650969143011 
21.68999999996279, -0.5483763782418427 
21.699999999962767, -0.5476922807699449 
21.709999999962744, -0.547653147464716 
21.71999999996272, -0.5475615023254208 
21.729999999962697, -0.5475403202521234 
21.739999999962674, -0.5475067213266159 
21.74999999996265, -0.5473754217737022 
21.759999999962627, -0.5485194733788352 
21.769999999962604, -0.5701549123991012 
21.77999999996258, -0.5834273624857244 
21.789999999962557, -0.5838596727854988 
21.799999999962534, -0.5838637366636248 
21.80999999996251, -0.5834842416316585 
21.819999999962487, -0.5829090942907026 
21.829999999962464, -0.5825615968535399 
21.83999999996244, -0.5824014700470092 
21.849999999962417, -0.5827666371885031 
21.859999999962394, -0.5848093411935418 
21.86999999996237, -0.5897142708106767 
21.879999999962347, -0.5915251431442475 
21.889999999962324, -0.5915204451902399 
21.8999999999623, -0.5903618815459664 
21.909999999962277, -0.5860042016817355 
21.919999999962254, -0.5834038622487102 
21.92999999996223, -0.5826738501062299 
21.939999999962208, -0.5825936649517256 
21.949999999962184, -0.5827462433711758 
21.95999999996216, -0.5831546194797613 
21.969999999962138, -0.5834948482791852 
21.979999999962114, -0.583399075827917 
21.98999999996209, -0.5828079106392714 
21.999999999962068, -0.5736771992600485 
22.009999999962044, -0.5445967761299265 
22.01999999996202, -0.5416651090228668 
22.029999999961998, -0.5415710717627659 
22.039999999961974, -0.5414900404343437 
22.04999999996195, -0.5413708597012378 
22.059999999961928, -0.5413406043839644 
22.069999999961905, -0.5412288291566293 
22.07999999996188, -0.5413211172266693 
22.089999999961858, -0.547905066774937 
22.099999999961835, -0.5785865192855475 
22.10999999996181, -0.5814078030388337 
22.119999999961788, -0.5816206096001999 
22.129999999961765, -0.581437518109146 
22.13999999996174, -0.5808464428576126 
22.149999999961718, -0.5803581025318835 
22.159999999961695, -0.5800897561219533 
22.16999999996167, -0.5801142147842945 
22.179999999961648, -0.5810619100354525 
22.189999999961625, -0.5846107595547247 
22.1999999999616, -0.5883952896160374 
22.20999999996158, -0.5888759443377871 
22.219999999961555, -0.5884941871899911 
22.22999999996153, -0.5855997335948236 
22.23999999996151, -0.5815406908366862 
22.249999999961485, -0.5801261253908059 
22.25999999996146, -0.5798129432718094 
22.26999999996144, -0.5798728817558287 
22.279999999961415, -0.5801517902714474 
22.289999999961392, -0.5806370684855435 
22.29999999996137, -0.5807508965523395 
22.309999999961345, -0.580456424948016 
22.319999999961322, -0.5785221616525642 
22.3299999999613, -0.5499308741227402 
22.339999999961275, -0.5381727009126819 
22.349999999961252, -0.5375722183054326 
22.35999999996123, -0.5375347334629532 
22.369999999961205, -0.5374285097087541 
22.379999999961182, -0.5373952554343456 
22.38999999996116, -0.5373558618612574 
22.399999999961135, -0.5372261224712404 
22.409999999961112, -0.5384107559551767 
22.41999999996109, -0.559987612623491 
22.429999999961066, -0.5694201270416236 
22.439999999961042, -0.5696099476760829 
22.44999999996102, -0.5696121348432684 
22.459999999960996, -0.5692831378372228 
22.469999999960972, -0.5688142427785983 
22.47999999996095, -0.5685331343284279 
22.489999999960926, -0.568392204386485 
22.499999999960902, -0.5688566107424231 
22.50999999996088, -0.5719816490329394 
22.519999999960856, -0.5801285259832755 
22.529999999960832, -0.5825922251813471 
22.53999999996081, -0.5826410666735394 
22.549999999960786, -0.5817884603265324 
22.559999999960763, -0.5792435850599265 
22.56999999996074, -0.5777074832434684 
22.579999999960716, -0.5771853184824883 
22.589999999960693, -0.5771522436303466 
22.59999999996067, -0.5774599415485109 
22.609999999960646, -0.5782526411946104 
22.619999999960623, -0.5788984578250207 
22.6299999999606, -0.5788568614919798 
22.639999999960576, -0.5778931852599288 
22.649999999960553, -0.5642257063250423 
22.65999999996053, -0.546264804698072 
22.669999999960506, -0.5438371451179118 
22.679999999960483, -0.5436600722599862 
22.68999999996046, -0.5436437519296116 
22.699999999960436, -0.5436799963648581 
22.709999999960413, -0.5438014373855997 
22.71999999996039, -0.5437299701544367 
22.729999999960366, -0.5435747789273678 
22.739999999960343, -0.5472710519769737 
22.74999999996032, -0.5394062979200663 
22.759999999960296, -0.534027559113681 
22.769999999960273, -0.5339317595877345 
22.77999999996025, -0.5338544399676718 
22.789999999960227, -0.5336397232160587 
22.799999999960203, -0.5335163631930925 
22.80999999996018, -0.5334001274461508 
22.819999999960157, -0.5333800675895745 
22.829999999960133, -0.5361964951666531 
22.83999999996011, -0.5632406695188791 
22.849999999960087, -0.5756586875872931 
22.859999999960063, -0.5762177356931225 
22.86999999996004, -0.5761202584936629 
22.879999999960017, -0.5755325727916704 
22.889999999959993, -0.5748796818891013 
22.89999999995997, -0.5745281115885538 
22.909999999959947, -0.574431423483565 
22.919999999959924, -0.574967464254666 
22.9299999999599, -0.5772935715560328 
22.939999999959877, -0.5813270973954573 
22.949999999959854, -0.5822803071594099 
22.95999999995983, -0.5821046677528736 
22.969999999959807, -0.5801610444194969 
22.979999999959784, -0.5754883116371061 
22.98999999995976, -0.5734802123493132 
22.999999999959737, -0.572975390439162 
23.009999999959714, -0.5729731064553919 
23.01999999995969, -0.5731948799219044 
23.029999999959667, -0.5737018773944998 
23.039999999959644, -0.5739716868273984 
23.04999999995962, -0.5737928795238517 
23.059999999959597, -0.5725842009589336 
23.069999999959574, -0.5511584009832111 
23.07999999995955, -0.5317102254070077 
23.089999999959527, -0.5302326673988301 
23.099999999959504, -0.5301692900764537 
23.10999999995948, -0.5301104106374376 
23.119999999959457, -0.5301042784174849 
23.129999999959434, -0.5301440830841038 
23.13999999995941, -0.5300218142970411 
23.149999999959388, -0.5301467133384856 
23.159999999959364, -0.5391970690304385 
23.16999999995934, -0.5348515464881256 
23.179999999959318, -0.5327078668652204 
23.189999999959294, -0.5327045173169661 
23.19999999995927, -0.5325753156061975 
23.209999999959248, -0.5323365527959422 
23.219999999959224, -0.532210739486298 
23.2299999999592, -0.5320790058901095 
23.239999999959178, -0.5322329964583856 
23.249999999959154, -0.5373239397001929 
23.25999999995913, -0.5669105871696322 
23.269999999959108, -0.5736850692670001 
23.279999999959085, -0.5740100846766903 
23.28999999995906, -0.5738083329076119 
23.299999999959038, -0.5730983142950129 
23.309999999959015, -0.5724928991125734 
23.31999999995899, -0.5721826054066758 
23.329999999958968, -0.5721744691895295 
23.339999999958945, -0.572943198900612 
23.34999999995892, -0.5758201040442271 
23.359999999958898, -0.579269478708835 
23.369999999958875, -0.5797831045751635 
23.37999999995885, -0.5794315097030954 
23.389999999958828, -0.5766059333486772 
23.399999999958805, -0.5723100223176477 
23.40999999995878, -0.5708069092008309 
23.41999999995876, -0.5704684617302951 
23.429999999958735, -0.5705251290257897 
23.43999999995871, -0.5708194458023106 
23.44999999995869, -0.5713655536782285 
23.459999999958665, -0.571531467184104 
23.46999999995864, -0.5712510613894486 
23.47999999995862, -0.5688133641322894 
23.489999999958595, -0.5405944172828321 
23.499999999958572, -0.5290601159304195 
23.50999999995855, -0.528278496607375 
23.519999999958525, -0.5282404507026643 
23.529999999958502, -0.5281909119624777 
23.53999999995848, -0.5282397722164023 
23.549999999958455, -0.5282673014684787 
23.559999999958432, -0.5281162434169349 
23.56999999995841, -0.5285317508251907 
23.579999999958385, -0.5351526075471865 
23.589999999958362, -0.5201248533743975 
23.59999999995834, -0.5188952512134837 
23.609999999958315, -0.5188758080052441 
23.619999999958292, -0.5187437521457179 
23.62999999995827, -0.5185983522409512 
23.639999999958246, -0.5185432100262325 
23.649999999958222, -0.5184192997154563 
23.6599999999582, -0.5187400180032314 
23.669999999958176, -0.5296869317683771 
23.679999999958152, -0.552843215818763 
23.68999999995813, -0.5530463369357447 
23.699999999958106, -0.5531390932427026 
23.709999999958082, -0.5529466956797999 
23.71999999995806, -0.5525160730246831 
23.729999999958036, -0.5522291375213375 
23.739999999958012, -0.5520484029326955 
23.74999999995799, -0.5522116890991063 
23.759999999957966, -0.5546092216429722 
23.769999999957943, -0.565813486240668 
23.77999999995792, -0.5724846732894198 
23.789999999957896, -0.5729170899009688 
23.799999999957873, -0.5725910822578077 
23.80999999995785, -0.5711788736535997 
23.819999999957826, -0.5698838865524093 
23.829999999957803, -0.5693388544200577 
23.83999999995778, -0.5692300118391295 
23.849999999957756, -0.5695677846501797 
23.859999999957733, -0.5706934773902366 
23.86999999995771, -0.5722316437352609 
23.879999999957686, -0.572536878976302 
23.889999999957663, -0.5721193019510802 
23.89999999995764, -0.5674179507131998 
23.909999999957616, -0.5568183660191405 
23.919999999957593, -0.5538444806095778 
23.92999999995757, -0.5533900955612768 
23.939999999957546, -0.5533920734513463 
23.949999999957523, -0.5535151335269037 
23.9599999999575, -0.5538179474062006 
23.969999999957476, -0.5539100542010188 
23.979999999957453, -0.5536782656288436 
23.98999999995743, -0.5529020301833392 
23.999999999957407, -0.5303773871975501 
24.009999999957383, -0.5148922296846402 
24.01999999995736, -0.5140422097227129 
24.029999999957337, -0.5140062391538789 
24.039999999957313, -0.5139320063344094 
24.04999999995729, -0.5139414955116233 
24.059999999957267, -0.5139637547154082 
24.069999999957243, -0.5138218340490972 
24.07999999995722, -0.5141035310259865 
24.089999999957197, -0.5195188968660529 
24.099999999957173, -0.5016490889568586 
24.10999999995715, -0.49991071126685493 
24.119999999957127, -0.4998732478219385 
24.129999999957104, -0.4997827996210266 
24.13999999995708, -0.4997012588246822 
24.149999999957057, -0.49971521260369783 
24.159999999957034, -0.4996086113369542 
24.16999999995701, -0.49960581799183595 
24.179999999956987, -0.5052299901896862 
24.189999999956964, -0.49293900434265897 
24.19999999995694, -0.48850372871069714 
24.209999999956917, -0.48838018222210594 
24.219999999956894, -0.4883266173832583 
24.22999999995687, -0.48824020413787256 
24.239999999956847, -0.48828275665224175 
24.249999999956824, -0.4882350490031061 
24.2599999999568, -0.4880592485544501 
24.269999999956777, -0.4891042680600837 
24.279999999956754, -0.4690177579075767 
24.28999999995673, -0.4581336750592376 
24.299999999956707, -0.45757175008146445 
24.309999999956684, -0.45755119681844403 
24.31999999995666, -0.4575668178274483 
24.329999999956637, -0.457780341064257 
24.339999999956614, -0.45792897823193035 
24.34999999995659, -0.4577448079130077 
24.359999999956568, -0.4560214416724042 
24.369999999956544, -0.4387257365143534 
24.37999999995652, -0.43049157683051925 
24.389999999956498, -0.4294554739725587 
24.399999999956474, -0.4293833853962953 
24.40999999995645, -0.42962581413281853 
24.419999999956428, -0.4305361641275176 
24.429999999956404, -0.43161036405739944 
24.43999999995638, -0.4317360445854001 
24.449999999956358, -0.43112194862842 
24.459999999956334, -0.42843770063220576 
24.46999999995631, -0.4266212001676873 
24.479999999956288, -0.42609796808483325 
24.489999999956265, -0.4260547683424015 
24.49999999995624, -0.4268159691685118 
24.509999999956218, -0.43136258753182427 
24.519999999956195, -0.43911404879962557 
24.52999999995617, -0.44014402105220407 
24.539999999956148, -0.4400757839028261 
24.549999999956125, -0.4395509516570164 
24.5599999999561, -0.43903745261204336 
24.569999999956078, -0.4388145007710671 
24.579999999956055, -0.43871517937821525 
24.58999999995603, -0.43958372339568663 
24.599999999956008, -0.4540343322030434 
24.609999999955985, -0.476593465821864 
24.61999999995596, -0.47677576637653957 
24.62999999995594, -0.47681792824882285 
24.639999999955915, -0.4766635632131135 
24.64999999995589, -0.4764536220673171 
24.65999999995587, -0.47638081755857964 
24.669999999955845, -0.47626636294393876 
24.67999999995582, -0.47636562887057143 
24.6899999999558, -0.48342509884908874 
24.699999999955775, -0.4871424480551649 
24.709999999955752, -0.48275076107084247 
24.71999999995573, -0.48264832114117484 
24.729999999955705, -0.4825917089339718 
24.739999999955682, -0.4824753560493137 
24.74999999995566, -0.4824879973351809 
24.759999999955635, -0.48244097616452 
24.769999999955612, -0.4822800462975621 
24.77999999995559, -0.4834564013853135 
24.789999999955565, -0.46777449559814266 
24.799999999955542, -0.45504123846172434 
24.80999999995552, -0.45437510171840556 
24.819999999955495, -0.4543510122264361 
24.829999999955472, -0.4543598295694225 
24.83999999995545, -0.454561816379075 
24.849999999955426, -0.4547300037698442 
24.859999999955402, -0.4545697593576769 
24.86999999995538, -0.4530997892416115 
24.879999999955356, -0.4371203271669259 
24.889999999955332, -0.42831562389488403 
24.89999999995531, -0.4271737704872408 
24.909999999955286, -0.4270796330068704 
24.919999999955262, -0.4273146740714264 
24.92999999995524, -0.4282334818327092 
24.939999999955216, -0.42943622723422525 
24.949999999955192, -0.42961960086757994 
24.95999999995517, -0.429103552110071 
24.969999999955146, -0.4267270940460181 
24.979999999955123, -0.4249596644829729 
24.9899999999551, -0.4244329289318304 
24.999999999955076, -0.4243718483891733 
