t, s[1].omega / s[0].omega 
0, -1.1059980660914324 
0.009999999999999995, -1.105690857360873 
0.019999999999999934, -1.1052837638496256 
0.029999999999999874, -1.1050950659317202 
0.04000000000000012, -1.104903918748592 
0.050000000000000405, -1.1043482782194858 
0.06000000000000069, -1.1035470357354482 
0.07000000000000098, -1.1030440643895671 
0.08000000000000126, -1.102855607397773 
0.09000000000000155, -1.1020496582820878 
0.10000000000000184, -1.100187987392345 
0.11000000000000212, -1.0986903522552083 
0.12000000000000241, -1.0985025357112357 
0.130000000000002, -1.097808168675112 
0.1400000000000009, -1.0936264934320854 
0.1499999999999998, -1.0878417702734686 
0.1599999999999987, -1.087368211998698 
0.1699999999999976, -1.087048435009232 
0.1799999999999965, -1.0824223206314427 
0.1899999999999954, -1.0615027360716884 
0.1999999999999943, -1.0585445724283096 
0.2099999999999932, -1.0585936715593776 
0.2199999999999921, -1.057124361195827 
0.229999999999991, -1.034456229322806 
0.2399999999999899, -1.0201321056634969 
0.2499999999999888, -1.0210729164220185 
0.2599999999999877, -1.0207436223889663 
0.2699999999999866, -1.0150985368508925 
0.2799999999999855, -0.989391961074602 
0.2899999999999844, -0.9909838358252034 
0.2999999999999833, -0.9912312160944712 
0.3099999999999822, -0.9902480956655004 
0.3199999999999811, -0.9738937453612199 
0.32999999999998, -0.9524777221131652 
0.3399999999999789, -0.9535097476641071 
0.3499999999999778, -0.9534074237533671 
0.35999999999997667, -0.9509354843131573 
0.36999999999997557, -0.9286626501829248 
0.37999999999997447, -0.9167806578103013 
0.38999999999997337, -0.9168884056620931 
0.39999999999997227, -0.9165918995478836 
0.40999999999997117, -0.9136339123946634 
0.41999999999997006, -0.905860159687413 
0.42999999999996896, -0.9027053922809306 
0.43999999999996786, -0.902577772956506 
0.44999999999996676, -0.9021989720485206 
0.45999999999996566, -0.9005992024441482 
0.46999999999996456, -0.8985958068312575 
0.47999999999996346, -0.8976523461315127 
0.48999999999996235, -0.8975160725844737 
0.49999999999996125, -0.8972001487236618 
0.5099999999999602, -0.896515903775132 
0.519999999999959, -0.8958446366863261 
0.529999999999958, -0.8954857007604428 
0.5399999999999568, -0.8954192479785594 
0.5499999999999557, -0.8952687663847789 
0.5599999999999546, -0.8950035608790747 
0.5699999999999535, -0.8946997382503499 
0.5799999999999524, -0.894606642252126 
0.5899999999999513, -0.8947387945467674 
0.5999999999999502, -0.8948749340070383 
0.6099999999999491, -0.8948366196902355 
0.619999999999948, -0.8946558228501598 
0.6299999999999469, -0.8948958611309961 
0.6399999999999458, -0.8956725599858222 
0.6499999999999447, -0.8964391488303391 
0.6599999999999436, -0.8965434140274855 
0.6699999999999425, -0.8963883334758969 
0.6799999999999414, -0.8976078645373569 
0.6899999999999403, -0.9011373936954115 
0.6999999999999392, -0.9033364022298028 
0.7099999999999381, -0.9034563670637104 
0.719999999999937, -0.903188173028982 
0.7299999999999359, -0.9085038248296152 
0.7399999999999348, -0.924297322771186 
0.7499999999999337, -0.9277618243338008 
0.7599999999999326, -0.927729730549957 
0.7699999999999315, -0.9268646213034527 
0.7799999999999304, -0.9408012652747556 
0.7899999999999293, -0.9661987196151085 
0.7999999999999282, -0.967900341188621 
0.8099999999999271, -0.9676116504840014 
0.819999999999926, -0.9647275221447347 
0.8299999999999249, -0.9728058755617477 
0.8399999999999238, -0.982421417218438 
0.8499999999999227, -0.9828407941419688 
0.8599999999999216, -0.9820763015079437 
0.8699999999999205, -0.9728939663609419 
0.8799999999999194, -0.9696191398678745 
0.8899999999999183, -0.9724107464150311 
0.8999999999999172, -0.9723661521247811 
0.9099999999999161, -0.9702453986592664 
0.919999999999915, -0.9446725132331887 
0.9299999999999139, -0.9335537810665747 
0.9399999999999128, -0.9342420674490677 
0.9499999999999117, -0.9339430894917378 
0.9599999999999106, -0.9294745721473299 
0.9699999999999095, -0.9092588171322847 
0.9799999999999084, -0.9035228494436379 
0.9899999999999073, -0.9035666153136016 
0.9999999999999062, -0.903100730020619 
1.0099999999999052, -0.9000522912254302 
1.019999999999904, -0.8953724579239546 
1.029999999999903, -0.8937783017002636 
1.039999999999902, -0.8936648369922785 
1.0499999999999008, -0.8932247081947041 
1.0599999999998997, -0.8920182273809211 
1.0699999999998986, -0.8908290814494576 
1.0799999999998975, -0.8902844482604881 
1.0899999999998964, -0.8901789247187892 
1.0999999999998953, -0.8899063661597241 
1.1099999999998942, -0.8894516159682566 
1.119999999999893, -0.889016474386637 
1.129999999999892, -0.8888209006068903 
1.1399999999998909, -0.8888341599717344 
1.1499999999998898, -0.8888054413708205 
1.1599999999998887, -0.8886664907136737 
1.1699999999998876, -0.8884493390336825 
1.1799999999998865, -0.8885293323390555 
1.1899999999998854, -0.8889331423226272 
1.1999999999998843, -0.8893614045316985 
1.2099999999998832, -0.8894076435439535 
1.219999999999882, -0.8892567890520365 
1.229999999999881, -0.8899718970102709 
1.2399999999998799, -0.8919811224342226 
1.2499999999998788, -0.8935495669534234 
1.2599999999998777, -0.8936849530223658 
1.2699999999998766, -0.8934794815080165 
1.2799999999998755, -0.8967543299151427 
1.2899999999998744, -0.9072109822020159 
1.2999999999998733, -0.9107712381141725 
1.3099999999998722, -0.9108238094951255 
1.319999999999871, -0.9101903462683454 
1.32999999999987, -0.9209548813536867 
1.3399999999998689, -0.9496380556177527 
1.3499999999998678, -0.9522761782631703 
1.3599999999998666, -0.9521054229350869 
1.3699999999998655, -0.9498702961930785 
1.3799999999998644, -0.9503346705454637 
1.3899999999998633, -0.9607388102585446 
1.3999999999998622, -0.9615075570792023 
1.4099999999998611, -0.961011598198807 
1.41999999999986, -0.952903273514733 
1.429999999999859, -0.924681535945752 
1.4399999999998578, -0.924737735979445 
1.4499999999998567, -0.9248826436982223 
1.4599999999998556, -0.9238811134445135 
1.4699999999998545, -0.9125951774235765 
1.4799999999998534, -0.8970902146504759 
1.4899999999998523, -0.895989515053892 
1.4999999999998512, -0.8959102465709977 
1.5099999999998501, -0.8948054897201385 
1.519999999999849, -0.8910364830814442 
1.529999999999848, -0.8880393884023712 
1.5399999999998468, -0.8874881727113685 
1.5499999999998457, -0.8873392374083603 
1.5599999999998446, -0.8866630359411773 
1.5699999999998435, -0.8855910865731984 
1.5799999999998424, -0.8847875562735794 
1.5899999999998413, -0.8845379735451881 
1.5999999999998402, -0.884431856737859 
1.6099999999998391, -0.8841378169889089 
1.619999999999838, -0.883763143788841 
1.629999999999837, -0.8834584887341926 
1.6399999999998358, -0.8834266408484412 
1.6499999999998347, -0.8835134984946557 
1.6599999999998336, -0.883545750857062 
1.6699999999998325, -0.8834006726906605 
1.6799999999998314, -0.8832832188147892 
1.6899999999998303, -0.8836772464737895 
1.6999999999998292, -0.8844263592677373 
1.709999999999828, -0.8849535657675722 
1.719999999999827, -0.8848907782049685 
1.729999999999826, -0.8849044070704238 
1.7399999999998248, -0.8870008317914552 
1.7499999999998237, -0.890757162091322 
1.7599999999998226, -0.8921417456274982 
1.7699999999998215, -0.892049476296648 
1.7799999999998204, -0.8920349443417074 
1.7899999999998193, -0.9035853411321698 
1.7999999999998182, -0.9195806353023268 
1.809999999999817, -0.9211895692574656 
1.819999999999816, -0.9209398649965479 
1.8299999999998149, -0.9193550046564362 
1.8399999999998138, -0.9366426320457263 
1.8499999999998127, -0.9498598596376139 
1.8599999999998116, -0.9504751451004128 
1.8699999999998105, -0.9498867983061231 
1.8799999999998094, -0.9408187543035689 
1.8899999999998083, -0.9171145844431055 
1.8999999999998072, -0.9180550568535601 
1.909999999999806, -0.9181548285864783 
1.919999999999805, -0.9169992209413016 
1.9299999999998039, -0.90476287391872 
1.9399999999998028, -0.8902143725299577 
1.9499999999998017, -0.8893210329603878 
1.9599999999998006, -0.8892237693723102 
1.9699999999997995, -0.8880773396866724 
1.9799999999997984, -0.8845745664345946 
1.9899999999997973, -0.8819377690527321 
1.9999999999997962, -0.8814426934676886 
2.0099999999998173, -0.8812919548313393 
2.0199999999998384, -0.8806605151031045 
2.0299999999998595, -0.879724328415543 
2.0399999999998806, -0.8790250818129133 
2.0499999999999017, -0.8788039641107268 
2.059999999999923, -0.8787168007890152 
2.069999999999944, -0.8784769370396577 
2.079999999999965, -0.8781601448114835 
2.089999999999986, -0.877896186340226 
2.100000000000007, -0.8779103949830431 
2.1100000000000283, -0.8780709049212679 
2.1200000000000494, -0.8781898239087638 
2.1300000000000705, -0.8780818640670037 
2.1400000000000916, -0.8779814016000594 
2.1500000000001127, -0.8785479645673466 
2.160000000000134, -0.8796640461785987 
2.170000000000155, -0.8804331718564102 
2.180000000000176, -0.8804025597468326 
2.190000000000197, -0.8803794513586849 
2.2000000000002182, -0.8834886315756464 
2.2100000000002393, -0.8897328772073958 
2.2200000000002604, -0.8916830758365095 
2.2300000000002815, -0.8916097619281337 
2.2400000000003026, -0.8912183070627231 
2.2500000000003237, -0.9065377154984896 
2.260000000000345, -0.9299579701347949 
2.270000000000366, -0.9317458402113781 
2.280000000000387, -0.9314918473075294 
2.290000000000408, -0.9286244567646655 
2.3000000000004293, -0.9245722614483789 
2.3100000000004504, -0.9307054142489154 
2.3200000000004715, -0.9312589615059212 
2.3300000000004926, -0.9306967772999912 
2.3400000000005137, -0.9214471475353977 
2.3500000000005348, -0.8923263749464527 
2.360000000000556, -0.8897548685715129 
2.370000000000577, -0.889821592197837 
2.380000000000598, -0.889034593389516 
2.390000000000619, -0.8842630293321028 
2.4000000000006403, -0.8787391499451425 
2.4100000000006614, -0.877561775125141 
2.4200000000006825, -0.8774621885233503 
2.4300000000007036, -0.8768811755575069 
2.4400000000007247, -0.8755699110074227 
2.450000000000746, -0.8744520254815391 
2.460000000000767, -0.8740211594157684 
2.470000000000788, -0.8739257788678689 
2.480000000000809, -0.8736505918564148 
2.49000000000083, -0.8732486092579089 
2.5000000000008513, -0.8728792076267844 
2.5100000000008724, -0.8727566634466286 
2.5200000000008935, -0.8728284247102348 
2.5300000000009146, -0.8728838917577038 
2.5400000000009357, -0.8728011362481508 
2.550000000000957, -0.872620954388384 
2.560000000000978, -0.8728569022657188 
2.570000000000999, -0.8736117952536747 
2.58000000000102, -0.8743926857161699 
2.5900000000010412, -0.8745135632835428 
2.6000000000010624, -0.8743511405353002 
2.6100000000010835, -0.875735953712516 
2.6200000000011046, -0.8805284602071503 
2.6300000000011257, -0.883598398327825 
2.6400000000011468, -0.8838097163648237 
2.650000000001168, -0.8834106409268127 
2.660000000001189, -0.8888572938401069 
2.67000000000121, -0.9168202110851306 
2.680000000001231, -0.9221695631606697 
2.6900000000012523, -0.9222208592863318 
2.7000000000012734, -0.9209598304240871 
2.7100000000012945, -0.9130703333756699 
2.7200000000013156, -0.9162699853953797 
2.7300000000013367, -0.917863079973165 
2.740000000001358, -0.9176980120489144 
2.750000000001379, -0.9146137858437766 
2.7600000000014, -0.8912377798024665 
2.770000000001421, -0.8809812628443057 
2.780000000001442, -0.881020154260319 
2.7900000000014633, -0.8807350955359778 
2.8000000000014844, -0.878511617013413 
2.8100000000015055, -0.8740535642563851 
2.8200000000015266, -0.8719335904818593 
2.8300000000015477, -0.8717294836435059 
2.840000000001569, -0.8714699189992189 
2.85000000000159, -0.8706387689130696 
2.860000000001611, -0.8697007318569677 
2.870000000001632, -0.8691286804600963 
2.8800000000016532, -0.8690045888730585 
2.8900000000016743, -0.8688855661255431 
2.9000000000016954, -0.8686320804932084 
2.9100000000017165, -0.8683245784298705 
2.9200000000017377, -0.8681403180659367 
2.9300000000017588, -0.8682494255896265 
2.94000000000178, -0.8684693900127256 
2.950000000001801, -0.8685961877559218 
2.960000000001822, -0.8684561002881941 
2.970000000001843, -0.868495824749444 
2.9800000000018643, -0.8694899597386947 
2.9900000000018854, -0.8710637670676294 
3.0000000000019065, -0.8717798057680748 
3.0100000000019276, -0.8716609569450946 
3.0200000000019487, -0.8719348374109294 
3.03000000000197, -0.8786190431927794 
3.040000000001991, -0.887759312828888 
3.050000000002012, -0.8891417670465737 
3.060000000002033, -0.8889177071799463 
3.070000000002054, -0.8880287460909219 
3.0800000000020753, -0.9092725631152347 
3.0900000000020964, -0.925363639959005 
3.1000000000021175, -0.9261508879171394 
3.1100000000021386, -0.9256688233366352 
3.1200000000021597, -0.9178660039878911 
3.130000000002181, -0.8862138291065679 
3.140000000002202, -0.884315282742251 
3.150000000002223, -0.8844779892641182 
3.160000000002244, -0.8837491955605399 
3.1700000000022652, -0.8779434491124151 
3.1800000000022863, -0.8698825847542047 
3.1900000000023074, -0.8682804961649905 
3.2000000000023285, -0.868201158607899 
3.2100000000023496, -0.8676411901751478 
3.2200000000023707, -0.8661648994249942 
3.230000000002392, -0.8648455524477902 
3.240000000002413, -0.8643173689831675 
3.250000000002434, -0.8642196699934495 
3.260000000002455, -0.8639578009528139 
3.2700000000024763, -0.8635489460782507 
3.2800000000024974, -0.8631645195390821 
3.2900000000025185, -0.8630100311971888 
3.3000000000025396, -0.8630815956164454 
3.3100000000025607, -0.8631634708130632 
3.3200000000025818, -0.8631246976060661 
3.330000000002603, -0.8629419110237173 
3.340000000002624, -0.8631283539520289 
3.350000000002645, -0.863974196985576 
3.360000000002666, -0.8649930278078669 
3.3700000000026873, -0.865267782381755 
3.3800000000027084, -0.86508520607203 
3.3900000000027295, -0.8661635435823828 
3.4000000000027506, -0.8725145111145183 
3.4100000000027717, -0.877657718428124 
3.420000000002793, -0.8781681674685543 
3.430000000002814, -0.8777762816127095 
3.440000000002835, -0.8791821322029398 
3.450000000002856, -0.9106022106290159 
3.460000000002877, -0.9195648980613427 
3.4700000000028983, -0.9198308514399945 
3.4800000000029194, -0.9189108169535458 
3.4900000000029405, -0.9045596484833966 
3.5000000000029616, -0.8799490114446842 
3.5100000000029827, -0.8802625589132459 
3.520000000003004, -0.8802544736978977 
3.530000000003025, -0.8789305384572529 
3.540000000003046, -0.8712370194459874 
3.550000000003067, -0.864639555866725 
3.5600000000030882, -0.8638678391707174 
3.5700000000031094, -0.8637454895803026 
3.5800000000031305, -0.8629720754427207 
3.5900000000031516, -0.8614787309527631 
3.6000000000031727, -0.8603648384358399 
3.6100000000031938, -0.8600146946440923 
3.620000000003215, -0.8599154384424581 
3.630000000003236, -0.8596229872661193 
3.640000000003257, -0.8592382496158815 
3.650000000003278, -0.8589055492130714 
3.6600000000032993, -0.8588361513808755 
3.6700000000033204, -0.8589527147228317 
3.6800000000033415, -0.8590660546091893 
3.6900000000033626, -0.8590066354783821 
3.7000000000033837, -0.8588504555172567 
3.710000000003405, -0.8592541623636293 
3.720000000003426, -0.8604160984398751 
3.730000000003447, -0.8615420897122181 
3.740000000003468, -0.861697849770253 
3.750000000003489, -0.861504469209631 
3.7600000000035103, -0.8637886230532381 
3.7700000000035314, -0.8734219673400784 
3.7800000000035525, -0.8781579282230204 
3.7900000000035736, -0.8783859055899731 
3.8000000000035947, -0.8777660316529662 
3.810000000003616, -0.8799045096846538 
3.820000000003637, -0.9058836491044647 
3.830000000003658, -0.9101745908889314 
3.840000000003679, -0.9102084363773395 
3.8500000000037002, -0.9086107151124434 
3.8600000000037213, -0.8872084858044553 
3.8700000000037424, -0.8673278951601155 
3.8800000000037635, -0.8672173803925702 
3.8900000000037847, -0.8670956786508237 
3.9000000000038058, -0.865571241159847 
3.910000000003827, -0.8607826005809269 
3.920000000003848, -0.8576406909400418 
3.930000000003869, -0.8571831829588263 
3.94000000000389, -0.8570300919479139 
3.9500000000039113, -0.8563918058356315 
3.9600000000039324, -0.8554945875558406 
3.9700000000039535, -0.8548463059942348 
3.9800000000039746, -0.8546411431925883 
3.9900000000039957, -0.8545867708747549 
4.000000000004016, -0.85442727460691 
4.010000000003993, -0.8541926725410801 
4.02000000000397, -0.8539729565727946 
4.030000000003946, -0.854068125611789 
4.040000000003923, -0.8544277335491304 
4.0500000000039, -0.8548032758784391 
4.0600000000038765, -0.8548129656460083 
4.070000000003853, -0.8546861438667064 
4.08000000000383, -0.8557112280984295 
4.090000000003807, -0.8586534553034448 
4.100000000003783, -0.8607942971376998 
4.11000000000376, -0.8609631791729322 
4.120000000003737, -0.860631585425485 
4.130000000003713, -0.8657209247345177 
4.14000000000369, -0.8911483217785146 
4.150000000003667, -0.8968946403420064 
4.1600000000036434, -0.8969960370899629 
4.17000000000362, -0.8958410718156835 
4.180000000003597, -0.8825510420187131 
4.1900000000035735, -0.8698970762673007 
4.20000000000355, -0.8709342499656209 
4.210000000003527, -0.8708657720154331 
4.220000000003504, -0.8691379886867977 
4.23000000000348, -0.8599797046895381 
4.240000000003457, -0.8535168811765047 
4.250000000003434, -0.8529425653561777 
4.26000000000341, -0.852799367887405 
4.270000000003387, -0.8519678257239445 
4.280000000003364, -0.8505364030892304 
4.2900000000033405, -0.8495306998273425 
4.300000000003317, -0.8492302852095072 
4.310000000003294, -0.8491381457781688 
4.320000000003271, -0.8488780424215664 
4.330000000003247, -0.8485459185244539 
4.340000000003224, -0.8482569846152836 
4.350000000003201, -0.8482392286680221 
4.360000000003177, -0.8484328069345197 
4.370000000003154, -0.848649517481133 
4.380000000003131, -0.8486375169733809 
4.390000000003107, -0.8484919173773646 
4.400000000003084, -0.8490954451117604 
4.410000000003061, -0.8509688673077295 
4.4200000000030375, -0.852711709015561 
4.430000000003014, -0.8529490857558181 
4.440000000002991, -0.8526861251783754 
4.450000000002968, -0.8557193589366486 
4.460000000002944, -0.8748145587520317 
4.470000000002921, -0.88208364059107 
4.480000000002898, -0.8823568756010026 
4.490000000002874, -0.8815803741588716 
4.500000000002851, -0.8732645092905923 
4.510000000002828, -0.8603546565243211 
4.520000000002804, -0.8616142250849754 
4.530000000002781, -0.8616668014342231 
4.540000000002758, -0.8605333999159392 
4.5500000000027345, -0.8530376985232612 
4.560000000002711, -0.845729872997837 
4.570000000002688, -0.8446837569648241 
4.580000000002665, -0.8445893304660946 
4.590000000002641, -0.8439844292553128 
4.600000000002618, -0.8427535352956833 
4.610000000002595, -0.8417778389768028 
4.620000000002571, -0.8413969059782106 
4.630000000002548, -0.8413279438666954 
4.640000000002525, -0.8411519730916395 
4.6500000000025015, -0.8408936898100214 
4.660000000002478, -0.8406207011199867 
4.670000000002455, -0.8405827355987477 
4.6800000000024315, -0.8408493972202936 
4.690000000002408, -0.8412275787960524 
4.700000000002385, -0.8413670958750816 
4.710000000002362, -0.8412107755657625 
4.720000000002338, -0.8416606443208987 
4.730000000002315, -0.8442945087444931 
4.740000000002292, -0.8475260325120212 
4.750000000002268, -0.8482213336178275 
4.760000000002245, -0.8479809982333518 
4.770000000002222, -0.8485995384291593 
4.7800000000021985, -0.8738682013400322 
4.790000000002175, -0.8897416406808429 
4.800000000002152, -0.8905070486244614 
4.810000000002129, -0.890032638304965 
4.820000000002105, -0.8825358594235069 
4.830000000002082, -0.849675176469732 
4.840000000002059, -0.8462449989661912 
4.850000000002035, -0.8463998935150304 
4.860000000002012, -0.8458577839433263 
4.870000000001989, -0.8425526237436256 
4.880000000001965, -0.8382488233816201 
4.890000000001942, -0.8368149676765763 
4.900000000001919, -0.8366908437963536 
4.9100000000018955, -0.8363924294098692 
4.920000000001872, -0.835712321749347 
4.930000000001849, -0.8350747945231332 
4.940000000001826, -0.8347171784461489 
4.950000000001802, -0.8346782636962193 
4.960000000001779, -0.8346751897000487 
4.970000000001756, -0.8346146126149594 
4.980000000001732, -0.8344313086724878 
4.990000000001709, -0.8343824569399805 
5.000000000001686, -0.8349143692665913 
5.0100000000016625, -0.8358941322660735 
5.020000000001639, -0.8365393481753018 
5.030000000001616, -0.8364754181782308 
5.0400000000015925, -0.8365112704322081 
5.050000000001569, -0.8414359128524557 
5.060000000001546, -0.8520651396640864 
5.070000000001523, -0.8545964389479936 
5.080000000001499, -0.8545331177409421 
5.090000000001476, -0.8532076262831095 
5.100000000001453, -0.8474577355023437 
5.110000000001429, -0.8478045392123866 
5.120000000001406, -0.848929326681754 
5.130000000001383, -0.8487908330481045 
5.1400000000013595, -0.8466540140525279 
5.150000000001336, -0.8378488839704471 
5.160000000001313, -0.8327660646150589 
5.17000000000129, -0.8323148632844379 
5.180000000001266, -0.832161549112126 
5.190000000001243, -0.8314343348178038 
5.20000000000122, -0.8303826693668708 
5.210000000001196, -0.8296573770023512 
5.220000000001173, -0.8294276321705882 
5.23000000000115, -0.8293830638545373 
5.240000000001126, -0.8292529176305511 
5.250000000001103, -0.8290568872523514 
5.26000000000108, -0.8288460374549291 
5.2700000000010565, -0.8289649205600942 
5.280000000001033, -0.8294839496235529 
5.29000000000101, -0.8301301614612997 
5.300000000000987, -0.8302916117299546 
5.310000000000963, -0.8301223710463905 
5.32000000000094, -0.8312480776286573 
5.330000000000917, -0.8374919208035065 
5.340000000000893, -0.8428873801800905 
5.35000000000087, -0.8434553595953033 
5.360000000000847, -0.843055017457795 
5.3700000000008234, -0.8414534976819547 
5.3800000000008, -0.8511209563008489 
5.390000000000777, -0.8562693854103764 
5.4000000000007535, -0.8566217941872428 
5.41000000000073, -0.8560072212072406 
5.420000000000707, -0.8495383557784754 
5.430000000000684, -0.8377224292295674 
5.44000000000066, -0.8352465453722158 
5.450000000000637, -0.8351817743020621 
5.460000000000614, -0.8347650285666479 
5.47000000000059, -0.83351995658558 
5.480000000000567, -0.8323236899511584 
5.490000000000544, -0.8317403948379646 
5.5000000000005205, -0.8316404854610621 
5.510000000000497, -0.8315099357903664 
5.520000000000474, -0.8312728945722045 
5.5300000000004506, -0.8309975839879914 
5.540000000000427, -0.8308650981611427 
5.550000000000404, -0.83108279818704 
5.560000000000381, -0.831509533851754 
5.570000000000357, -0.8318277316886509 
5.580000000000334, -0.8317377369349611 
5.590000000000311, -0.8317936431848547 
5.600000000000287, -0.8341067160157145 
5.610000000000264, -0.8388530256636438 
5.620000000000241, -0.8407020343428421 
5.6300000000002175, -0.8406628637945829 
5.640000000000194, -0.8400257362072846 
5.650000000000171, -0.8512472571125391 
5.660000000000148, -0.877794394016013 
5.670000000000124, -0.8801461999870981 
5.680000000000101, -0.8800227282937898 
5.690000000000078, -0.8773974683338791 
5.700000000000054, -0.8548344069451688 
5.710000000000031, -0.8425202212851379 
5.720000000000008, -0.8423722763588859 
5.729999999999984, -0.842186637050973 
5.739999999999961, -0.8408078075265852 
5.749999999999938, -0.8381398358549982 
5.7599999999999145, -0.8365407834396017 
5.769999999999891, -0.8362200186039115 
5.779999999999868, -0.836088450142315 
5.789999999999845, -0.8356926632346166 
5.799999999999821, -0.835223871524138 
5.809999999999798, -0.834866480450505 
5.819999999999775, -0.8347973688685127 
5.829999999999751, -0.8349022711989509 
5.839999999999728, -0.8350100087976526 
5.849999999999705, -0.8349532432916236 
5.8599999999996815, -0.8348068081222024 
5.869999999999658, -0.8353012021330025 
5.879999999999635, -0.8368189662570594 
5.8899999999996115, -0.8383423657129611 
5.899999999999588, -0.8385817458069649 
5.909999999999565, -0.838332402254231 
5.919999999999542, -0.8409955186354054 
5.929999999999518, -0.859995417213131 
5.939999999999495, -0.8682433009979282 
5.949999999999472, -0.8686023338614756 
5.959999999999448, -0.8679050596245066 
5.969999999999425, -0.858264095374453 
5.979999999999402, -0.8324102066571608 
5.9899999999993785, -0.8318705343325324 
5.999999999999355, -0.8319651665314771 
6.009999999999332, -0.8312094752740893 
6.019999999999309, -0.8272704181306323 
6.029999999999285, -0.8231886206463633 
6.039999999999262, -0.8220640962169906 
6.049999999999239, -0.8219605673154174 
6.059999999999215, -0.8216380630704406 
6.069999999999192, -0.8210186783616096 
6.079999999999169, -0.8204762343174582 
6.089999999999145, -0.82019663567096 
6.099999999999122, -0.8202063973257995 
6.109999999999099, -0.8202702914775674 
6.1199999999990755, -0.8202854582671464 
6.129999999999052, -0.8201310141717807 
6.139999999999029, -0.8201510227992126 
6.149999999999006, -0.8210692209008491 
6.159999999998982, -0.8227869645835865 
6.169999999998959, -0.8237585389183754 
6.179999999998936, -0.8237039013038235 
6.189999999998912, -0.8235881936234879 
6.199999999998889, -0.8332821328871391 
6.209999999998866, -0.8558201087679173 
6.2199999999988425, -0.8588511588604583 
6.229999999998819, -0.8587750806070561 
6.239999999998796, -0.8567046705095737 
6.2499999999987725, -0.831374319246534 
6.259999999998749, -0.8135796918429296 
6.269999999998726, -0.8135414265483372 
6.279999999998703, -0.8134187193060031 
6.289999999998679, -0.8122063668545231 
6.299999999998656, -0.8094529899463494 
6.309999999998633, -0.8076870026638018 
6.319999999998609, -0.8072540444885382 
6.329999999998586, -0.8071610936414807 
6.339999999998563, -0.8068809690973665 
6.3499999999985395, -0.8065245011424486 
6.359999999998516, -0.8062160758608794 
6.369999999998493, -0.8061599298354432 
6.37999999999847, -0.8063970372463088 
6.389999999998446, -0.8067701279424139 
6.399999999998423, -0.8069406141315755 
6.4099999999984, -0.8067934882843529 
6.419999999998376, -0.8072299852258088 
6.429999999998353, -0.8109784296586613 
6.43999999999833, -0.8164687386425772 
6.449999999998306, -0.8176632304705593 
6.459999999998283, -0.817468638426992 
6.46999999999826, -0.815952644453196 
6.4799999999982365, -0.8134695568654208 
6.489999999998213, -0.8146507822073743 
6.49999999999819, -0.815385918954039 
6.509999999998167, -0.8151737667936394 
6.519999999998143, -0.812952982891818 
6.52999999999812, -0.8072527159454247 
6.539999999998097, -0.8043733681349685 
6.549999999998073, -0.8040036908934823 
6.55999999999805, -0.8038661722544157 
6.569999999998027, -0.8033916992927035 
6.5799999999980034, -0.8028261511315715 
6.58999999999798, -0.8024170454213421 
6.599999999997957, -0.8023122120864078 
6.6099999999979335, -0.8024181941352226 
6.61999999999791, -0.8025677607325633 
6.629999999997887, -0.8025818001661443 
6.639999999997864, -0.8024267804874733 
6.64999999999784, -0.8028797261114794 
6.659999999997817, -0.8051380137288329 
6.669999999997794, -0.8080954699862682 
6.67999999999777, -0.8087916634197929 
6.689999999997747, -0.8085545337757307 
6.699999999997724, -0.8083510689395674 
6.7099999999977005, -0.8305157376779961 
6.719999999997677, -0.8455175522061402 
6.729999999997654, -0.8463801157245537 
6.7399999999976306, -0.8460351757032016 
6.749999999997607, -0.8414915091191908 
6.759999999997584, -0.8263774541880897 
6.769999999997561, -0.8215780624438985 
6.779999999997537, -0.8214477727645553 
6.789999999997514, -0.8211854452156375 
6.799999999997491, -0.8201255002882472 
6.809999999997467, -0.8188677578824682 
6.819999999997444, -0.8181421073793119 
6.829999999997421, -0.8179766806967976 
6.8399999999973975, -0.8179042825974201 
6.849999999997374, -0.8177324007355211 
6.859999999997351, -0.8175063925064981 
6.869999999997328, -0.8173240050807434 
6.879999999997304, -0.8175187305094047 
6.889999999997281, -0.8180876794356822 
6.899999999997258, -0.8187099720854237 
6.909999999997234, -0.8187892799547417 
6.919999999997211, -0.81863329144873 
6.929999999997188, -0.8205309047476389 
6.939999999997164, -0.8289315451850934 
6.949999999997141, -0.8341166460689959 
6.959999999997118, -0.8344650307943154 
6.9699999999970945, -0.8338876417211545 
6.979999999997071, -0.8287746310638907 
6.989999999997048, -0.8148438142832238 
6.999999999997025, -0.8151921223038869 
7.009999999997001, -0.8153590565908775 
7.019999999996978, -0.8147202193553407 
7.029999999996955, -0.8110358546774878 
7.039999999996931, -0.8068137130833681 
7.049999999996908, -0.8055044982218863 
7.059999999996885, -0.8053845357392876 
7.0699999999968615, -0.8051332610086099 
7.079999999996838, -0.8046164589167879 
7.089999999996815, -0.8041437767559092 
7.0999999999967915, -0.8038752357147817 
7.109999999996768, -0.8039092523505017 
7.119999999996745, -0.804074712090398 
7.129999999996722, -0.8042302880326025 
7.139999999996698, -0.8041457606175217 
7.149999999996675, -0.8040971277375812 
7.159999999996652, -0.8053672063777929 
7.169999999996628, -0.8086643201906226 
7.179999999996605, -0.8108364521973028 
7.189999999996582, -0.8109620741222441 
7.1999999999965585, -0.8104509251480385 
7.209999999996535, -0.8141926002585731 
7.219999999996512, -0.8405096783164423 
7.229999999996489, -0.8448590349351423 
7.239999999996465, -0.844975002187019 
7.249999999996442, -0.8438832495622556 
7.259999999996419, -0.8341884158654939 
7.269999999996395, -0.8232648024047583 
7.279999999996372, -0.8218884083967732 
7.289999999996349, -0.821819070219982 
7.299999999996325, -0.8212707201620875 
7.309999999996302, -0.8200408651029069 
7.319999999996279, -0.8190431065714592 
7.3299999999962555, -0.8186167355135214 
7.339999999996232, -0.8185550485086681 
7.349999999996209, -0.8184438245182863 
7.359999999996186, -0.8182635621882887 
7.369999999996162, -0.8180298191192151 
7.379999999996139, -0.8179913674383121 
7.389999999996116, -0.8183999011537435 
7.399999999996092, -0.8191070657935656 
7.409999999996069, -0.8195395297219928 
7.419999999996046, -0.8194342522383669 
7.4299999999960225, -0.819619023577367 
7.439999999995999, -0.8245628643848133 
7.449999999995976, -0.8338730629074979 
7.4599999999959525, -0.8359504450984917 
7.469999999995929, -0.8358462865270696 
7.479999999995906, -0.834259601627258 
7.489999999995883, -0.821456307444398 
7.499999999995859, -0.8134016387826615 
7.509999999995836, -0.8140576545719389 
7.519999999995813, -0.8139279568772924 
7.529999999995789, -0.8123213651375596 
7.539999999995766, -0.8077588785750309 
7.549999999995743, -0.8049996820609028 
7.5599999999957195, -0.8045081433133945 
7.569999999995696, -0.8043984914637264 
7.579999999995673, -0.804011452317717 
7.58999999999565, -0.8035106313486183 
7.599999999995626, -0.8031194251011725 
7.609999999995603, -0.8030018943950091 
7.61999999999558, -0.8031308317064333 
7.629999999995556, -0.8033373824581975 
7.639999999995533, -0.8034160324844253 
7.64999999999551, -0.8032646085976526 
7.659999999995486, -0.8036114158946557 
7.669999999995463, -0.806051659900017 
7.67999999999544, -0.8097326810749332 
7.6899999999954165, -0.8107467493012557 
7.699999999995393, -0.8105679080122721 
7.70999999999537, -0.8098093513118868 
7.719999999995347, -0.8234568603743484 
7.729999999995323, -0.8375654999575416 
7.7399999999953, -0.8386723662913982 
7.749999999995277, -0.8384411034650152 
7.759999999995253, -0.8353815421643965 
7.76999999999523, -0.8241663038101563 
7.779999999995207, -0.8191922243854325 
7.789999999995183, -0.8188985305368047 
7.79999999999516, -0.8187122015969901 
7.809999999995137, -0.817913642815822 
7.8199999999951135, -0.8168834154967074 
7.82999999999509, -0.8162172479936333 
7.839999999995067, -0.8160280389814664 
7.849999999995044, -0.8159972024787019 
7.85999999999502, -0.8159004795437943 
7.869999999994997, -0.8157357083989879 
7.879999999994974, -0.8155510098221158 
7.88999999999495, -0.8157601733924306 
7.899999999994927, -0.8165049020706319 
7.909999999994904, -0.8174182720432315 
7.9199999999948805, -0.8176406943822128 
7.929999999994857, -0.8174477185824968 
7.939999999994834, -0.818959902191683 
7.9499999999948106, -0.8305828550861113 
7.959999999994787, -0.8391855005524905 
7.969999999994764, -0.8398287508363641 
7.979999999994741, -0.839372452371025 
7.989999999994717, -0.83336701911595 
7.999999999994694, -0.8033831359877756 
8.00999999999467, -0.7996180623732456 
8.019999999994647, -0.7998025549312818 
8.029999999994624, -0.7993974572195355 
8.0399999999946, -0.7972200857374013 
8.049999999994577, -0.7944957069676976 
8.059999999994554, -0.7933107866128035 
8.06999999999453, -0.7931327444772549 
8.079999999994508, -0.7929958572014754 
8.089999999994484, -0.7926915996975005 
8.099999999994461, -0.7923764805428054 
8.109999999994438, -0.792156494656886 
8.119999999994414, -0.7922688012763 
8.129999999994391, -0.7926856512025714 
8.139999999994368, -0.7931955789489905 
8.149999999994344, -0.7932798866726865 
8.159999999994321, -0.7931215355488015 
8.169999999994298, -0.7947432021762386 
8.179999999994275, -0.8036556506910009 
8.189999999994251, -0.8103155095766216 
8.199999999994228, -0.8108569600115206 
8.209999999994205, -0.8103758964126453 
8.219999999994181, -0.8036546561577282 
8.229999999994158, -0.7707217483182887 
8.239999999994135, -0.7656779212303525 
8.249999999994111, -0.7657810597207545 
8.259999999994088, -0.7654615729043913 
8.269999999994065, -0.7640801734099324 
8.279999999994041, -0.7625461074915822 
8.289999999994018, -0.7617674219452925 
8.299999999993995, -0.7615995090938598 
8.309999999993972, -0.7615737368466586 
8.319999999993948, -0.761511016682272 
8.329999999993925, -0.7613958784836636 
8.339999999993902, -0.7612389362671804 
8.349999999993878, -0.761608492129661 
8.359999999993855, -0.7631871175477984 
8.369999999993832, -0.7654399508085463 
8.379999999993808, -0.7660681764760765 
8.389999999993785, -0.7658438870107561 
8.399999999993762, -0.7651629839322351 
8.409999999993738, -0.7749206456245552 
8.419999999993715, -0.780745951102786 
8.429999999993692, -0.7814898300303684 
8.439999999993669, -0.7812917141578118 
8.449999999993645, -0.7794108224122196 
8.459999999993622, -0.7752722132085244 
8.469999999993599, -0.7731157942958838 
8.479999999993575, -0.7727210342132491 
8.489999999993552, -0.7726273305789932 
8.499999999993529, -0.772347287544019 
8.509999999993505, -0.7720216276794636 
8.519999999993482, -0.7717470770559737 
8.529999999993459, -0.7717386466250732 
8.539999999993436, -0.772116738800599 
8.549999999993412, -0.7727729227626644 
8.559999999993389, -0.7731409992848804 
8.569999999993366, -0.7730146336514454 
8.579999999993342, -0.7733172127571324 
8.589999999993319, -0.7822374169342856 
8.599999999993296, -0.798895954900673 
8.609999999993272, -0.8012689197375451 
8.619999999993249, -0.8011673092311923 
8.629999999993226, -0.7989087600735894 
8.639999999993202, -0.7784120487325085 
8.64999999999318, -0.7651091801839484 
8.659999999993156, -0.7644682526001768 
8.669999999993133, -0.7643799755234569 
8.67999999999311, -0.7637670624310035 
8.689999999993086, -0.7627536096749284 
8.699999999993063, -0.7620525831942286 
8.70999999999304, -0.7617760692573926 
8.719999999993016, -0.7617960123987998 
8.729999999992993, -0.7618752523876419 
8.73999999999297, -0.7619329961097886 
8.749999999992946, -0.7618050602139046 
8.759999999992923, -0.7618775405843761 
8.7699999999929, -0.763682253911236 
8.779999999992876, -0.7680781264779464 
8.789999999992853, -0.7703404306787353 
8.79999999999283, -0.7704029621135547 
8.809999999992806, -0.769523298760448 
8.819999999992783, -0.7585488556402663 
8.82999999999276, -0.7326100612449697 
8.839999999992736, -0.7313389228350639 
8.849999999992713, -0.7313778926624827 
8.85999999999269, -0.7309038040296599 
8.869999999992666, -0.7296100128093231 
8.879999999992643, -0.7285774206075849 
8.88999999999262, -0.728102210327904 
8.899999999992596, -0.7280464636188363 
8.909999999992573, -0.7281254165384248 
8.91999999999255, -0.7282524635252849 
8.929999999992527, -0.7282326800192077 
8.939999999992503, -0.7281067713474509 
8.94999999999248, -0.7292087059657195 
8.959999999992457, -0.7355198304434936 
8.969999999992433, -0.7425648703400165 
8.97999999999241, -0.7434377850533654 
8.989999999992387, -0.7431263635527912 
8.999999999992363, -0.7387018330337044 
9.00999999999234, -0.7177167283477781 
9.019999999992317, -0.710622129288711 
9.029999999992294, -0.7102627797564397 
9.03999999999227, -0.7101523584647051 
9.049999999992247, -0.7097154045997894 
9.059999999992224, -0.7092237153408228 
9.0699999999922, -0.7088866528653002 
9.079999999992177, -0.7088218656432842 
9.089999999992154, -0.7091637434791144 
9.09999999999213, -0.7099361916413176 
9.109999999992107, -0.7105944663519367 
9.119999999992084, -0.7105749162332553 
9.12999999999206, -0.710277139952101 
9.139999999992037, -0.7171160016717419 
9.149999999992014, -0.7442570321545011 
9.15999999999199, -0.7477013584509171 
9.169999999991967, -0.7478594849320831 
9.179999999991944, -0.7472115291904362 
9.18999999999192, -0.7442558959984372 
9.199999999991897, -0.7414927198596739 
9.209999999991874, -0.7405211857650317 
9.21999999999185, -0.7403924166723111 
9.229999999991827, -0.7402972469311123 
9.239999999991804, -0.7401291008020636 
9.24999999999178, -0.739942220723401 
9.259999999991757, -0.7398009680026677 
9.269999999991734, -0.7402018100390727 
9.27999999999171, -0.7415960507584362 
9.289999999991688, -0.7434372361401411 
9.299999999991664, -0.7438761697835395 
9.309999999991641, -0.7435996686296334 
9.319999999991618, -0.7428254484710857 
9.329999999991594, -0.745869901124445 
9.339999999991571, -0.7457274221254528 
9.349999999991548, -0.7461793211284684 
9.359999999991524, -0.7459745323205781 
9.369999999991501, -0.7445454251422109 
9.379999999991478, -0.7422759780320198 
9.389999999991455, -0.7410738013848174 
9.399999999991431, -0.7407666465965034 
9.409999999991408, -0.7407325007991505 
9.419999999991385, -0.7406585605307844 
9.429999999991361, -0.7405652557019898 
9.439999999991338, -0.7403948809193187 
9.449999999991315, -0.7405394876880625 
9.459999999991291, -0.7419136049831149 
9.469999999991268, -0.7447751873576121 
9.479999999991245, -0.7461998430142323 
9.489999999991221, -0.7461687359544042 
9.499999999991198, -0.7452063947030474 
9.509999999991175, -0.7347818978205259 
9.519999999991152, -0.7131297134727373 
9.529999999991128, -0.7123849084818231 
9.539999999991105, -0.7124010293604139 
9.549999999991082, -0.7119056650159469 
9.559999999991058, -0.7107507704223579 
9.569999999991035, -0.709901933913719 
9.579999999991012, -0.7095172844914703 
9.589999999990988, -0.7095082051340398 
9.599999999990965, -0.7096773882927164 
9.609999999990942, -0.7099464849389044 
9.619999999990918, -0.7099908423580578 
9.629999999990895, -0.7098416728076006 
9.639999999990872, -0.7113664385476972 
9.649999999990849, -0.7252474072473626 
9.659999999990825, -0.7382737045221965 
9.669999999990802, -0.7392884951557406 
9.679999999990779, -0.7390096631700536 
9.689999999990755, -0.7357174187856906 
9.699999999990732, -0.7263723261491886 
9.709999999990709, -0.7226421865364936 
9.719999999990685, -0.7222211851323963 
9.729999999990662, -0.7221296855988915 
9.739999999990639, -0.7218362579503115 
9.749999999990616, -0.7215164746814068 
9.759999999990592, -0.7212590381094925 
9.769999999990569, -0.7212600986737059 
9.779999999990546, -0.7218074693662847 
9.789999999990522, -0.7229893967022943 
9.799999999990499, -0.7238581919896372 
9.809999999990476, -0.7238398580577818 
9.819999999990452, -0.7233946083720301 
9.829999999990429, -0.7285029073819349 
9.839999999990406, -0.7422349367554919 
9.849999999990382, -0.7439444313207784 
9.85999999999036, -0.7440489069669365 
9.869999999990336, -0.7434038916738692 
9.879999999990313, -0.7409854246882838 
9.88999999999029, -0.7389268838038353 
9.899999999990266, -0.7381548663898624 
9.909999999990243, -0.738046357009708 
9.91999999999022, -0.7379845213238498 
9.929999999990196, -0.7378844387219936 
9.939999999990173, -0.7377383030888736 
9.94999999999015, -0.7376188300553944 
9.959999999990126, -0.7381877399066605 
9.969999999990103, -0.7402095456619919 
9.97999999999008, -0.7426918480803477 
9.989999999990056, -0.7431798316954716 
9.999999999990033, -0.7428604790695913 
10.00999999999001, -0.7403804419152199 
10.019999999989986, -0.718845408516809 
10.029999999989963, -0.7106675721524471 
10.03999999998994, -0.7107855846528899 
10.049999999989916, -0.7106214928218083 
10.059999999989893, -0.7097519152626947 
10.06999999998987, -0.7086558652082697 
10.079999999989846, -0.7080286643911397 
10.089999999989823, -0.7078372705365061 
10.0999999999898, -0.7079310001555197 
10.109999999989776, -0.7081680490878609 
10.119999999989753, -0.7083889524287142 
10.12999999998973, -0.7083010873480095 
10.139999999989707, -0.7083592883719532 
10.149999999989683, -0.7137684403856004 
10.15999999998966, -0.7334899240340728 
10.169999999989637, -0.7387300037272215 
10.179999999989613, -0.7388982207421267 
10.18999999998959, -0.7380095984345182 
10.199999999989567, -0.7313826046355208 
10.209999999989543, -0.7243541448183216 
10.21999999998952, -0.7227657228148096 
10.229999999989497, -0.7226481287061179 
10.239999999989474, -0.7224779135491122 
10.24999999998945, -0.7221540559767454 
10.259999999989427, -0.7218685906386592 
10.269999999989404, -0.7216883871551121 
10.27999999998938, -0.7219234165920204 
10.289999999989357, -0.7227988782980921 
10.299999999989334, -0.7240996855739815 
10.30999999998931, -0.7245006277852848 
10.319999999989287, -0.7242699592553276 
10.329999999989264, -0.7240648538543029 
10.33999999998924, -0.7362878639078361 
10.349999999989217, -0.7408269328978978 
10.359999999989194, -0.7414610005179326 
10.36999999998917, -0.7413004093035228 
10.379999999989147, -0.7399509786521646 
10.389999999989124, -0.7374918875321896 
10.3999999999891, -0.7361373233522317 
10.409999999989077, -0.7357714605973438 
10.419999999989054, -0.7357338360143721 
10.42999999998903, -0.735661952854313 
10.439999999989007, -0.7355757641903146 
10.449999999988984, -0.7354090784650332 
10.45999999998896, -0.7354918444412958 
10.469999999988937, -0.7367754677941174 
10.479999999988914, -0.7397747592717053 
10.48999999998889, -0.7415454293677485 
10.499999999988868, -0.7415916876282889 
10.509999999988844, -0.740758675983046 
10.519999999988821, -0.7301146895996774 
10.529999999988798, -0.702280728751222 
10.539999999988774, -0.7003985354458555 
10.549999999988751, -0.7004295977248056 
10.559999999988728, -0.7000667873563764 
10.569999999988704, -0.699158061789423 
10.579999999988681, -0.6984427860179439 
10.589999999988658, -0.6980848442370988 
10.599999999988635, -0.6980866774498925 
10.609999999988611, -0.6983518227415333 
10.619999999988588, -0.6988156241182641 
10.629999999988565, -0.6990063937640691 
10.639999999988541, -0.6988376032920882 
10.649999999988518, -0.6996264719207155 
10.659999999988495, -0.7192566936015788 
10.669999999988471, -0.7415498981222838 
10.679999999988448, -0.7430647568111182 
10.689999999988425, -0.7429298512658947 
10.699999999988401, -0.7411409059469707 
10.709999999988378, -0.7360470517067745 
10.719999999988355, -0.733275803379302 
10.729999999988332, -0.7327203933612355 
10.739999999988308, -0.732649258245344 
10.749999999988285, -0.7324589055860029 
10.759999999988262, -0.7322293231022934 
10.769999999988238, -0.7320042653736109 
10.779999999988215, -0.7319830365270377 
10.789999999988192, -0.7326076187905946 
10.799999999988168, -0.7340771203494413 
10.809999999988145, -0.7352814016221166 
10.819999999988122, -0.7353458100212878 
10.829999999988098, -0.7348706144789849 
10.839999999988075, -0.7365211081160121 
10.849999999988052, -0.7432811383784792 
10.859999999988029, -0.744488650479903 
10.869999999988005, -0.7446518510651514 
10.879999999987982, -0.7441448588479349 
10.889999999987959, -0.7420406648956382 
10.899999999987935, -0.7400315052348069 
10.909999999987912, -0.7392009508999704 
10.919999999987889, -0.7390649259201821 
10.929999999987865, -0.7390198222127787 
10.939999999987842, -0.7389379185734959 
10.949999999987819, -0.7388115702993379 
10.959999999987796, -0.7386720550369231 
10.969999999987772, -0.7391596068701398 
10.979999999987749, -0.7411627900783744 
10.989999999987726, -0.7439364650642631 
10.999999999987702, -0.7445969036975401 
11.009999999987679, -0.7443400882332448 
11.019999999987656, -0.742164149635552 
11.029999999987632, -0.7203334923765222 
11.039999999987609, -0.7088497906652286 
11.049999999987586, -0.7088827938471256 
11.059999999987562, -0.7087640454685661 
11.06999999998754, -0.7080063546724267 
11.079999999987516, -0.7069447839178018 
11.089999999987493, -0.7063075194967787 
11.09999999998747, -0.7060890274292554 
11.109999999987446, -0.7061783518859922 
11.119999999987423, -0.7064337810670208 
11.1299999999874, -0.7067092401210135 
11.139999999987376, -0.706655409040904 
11.149999999987353, -0.706605253922553 
11.15999999998733, -0.7111898096793052 
11.169999999987306, -0.7331597782142203 
11.179999999987283, -0.7402336788485567 
11.18999999998726, -0.7405208855646297 
11.199999999987236, -0.7398434258484637 
11.209999999987213, -0.7344664550970198 
11.21999999998719, -0.7276542806942982 
11.229999999987166, -0.7258284412754831 
11.239999999987143, -0.7256713962797731 
11.24999999998712, -0.7255280520516304 
11.259999999987096, -0.7252227118543819 
11.269999999987073, -0.7249429472894623 
11.27999999998705, -0.724745386841156 
11.289999999987026, -0.7249350813809702 
11.299999999987003, -0.7257638187415149 
11.30999999998698, -0.7270969066270292 
11.319999999986956, -0.7275930182974396 
11.329999999986933, -0.7274017607065749 
11.33999999998691, -0.727071651967177 
11.349999999986887, -0.739282431400975 
11.359999999986863, -0.746426982731806 
11.36999999998684, -0.7472486689033829 
11.379999999986817, -0.7471324703737059 
11.389999999986793, -0.7458662626995064 
11.39999999998677, -0.7431297686401497 
11.409999999986747, -0.741527251734123 
11.419999999986723, -0.7410843798721921 
11.4299999999867, -0.74103294425188 
11.439999999986677, -0.7409322264624707 
11.449999999986654, -0.740809954636229 
11.45999999998663, -0.7406294780569429 
11.469999999986607, -0.7406553874744553 
11.479999999986584, -0.7416072929684885 
11.48999999998656, -0.7438555809557341 
11.499999999986537, -0.7454270066819575 
11.509999999986514, -0.7454953861274864 
11.51999999998649, -0.7448662171521566 
11.529999999986467, -0.7415493723251504 
11.539999999986444, -0.7273975243593174 
11.54999999998642, -0.7266203915629857 
11.559999999986397, -0.726718555735693 
11.569999999986374, -0.7262697201668213 
11.57999999998635, -0.7248081032793753 
11.589999999986327, -0.7235512060337003 
11.599999999986304, -0.722975624144541 
11.60999999998628, -0.7228827949858367 
11.619999999986257, -0.7229341078689602 
11.629999999986234, -0.7230274279854814 
11.63999999998621, -0.7230141574036972 
11.649999999986187, -0.7228776931385897 
11.659999999986164, -0.7236931837839473 
11.66999999998614, -0.7289901629928277 
11.679999999986117, -0.7363066310105797 
11.689999999986094, -0.7374717175509955 
11.69999999998607, -0.737247209111412 
11.709999999986048, -0.7339376474257021 
11.719999999986024, -0.7142377733016856 
11.729999999986001, -0.7056843126946535 
11.739999999985978, -0.7051296077325212 
11.749999999985954, -0.7050447754184439 
11.759999999985931, -0.704666643002777 
11.769999999985908, -0.7041998332628959 
11.779999999985884, -0.7038666038079582 
11.789999999985861, -0.7037752319573389 
11.799999999985838, -0.7041176726088682 
11.809999999985815, -0.7049753886330588 
11.819999999985791, -0.7058360302016338 
11.829999999985768, -0.7059002907402319 
11.839999999985745, -0.7055361656878111 
11.849999999985721, -0.7081681729512196 
11.859999999985698, -0.7225916431320447 
11.869999999985675, -0.7244115833166905 
11.879999999985651, -0.7246439210591072 
11.889999999985628, -0.7242517740246998 
11.899999999985605, -0.7225269418830125 
11.909999999985581, -0.7207586607943053 
11.919999999985558, -0.7199582277509545 
11.929999999985535, -0.7197979416351823 
11.939999999985512, -0.7198057543833817 
11.949999999985488, -0.7198267669648863 
11.959999999985465, -0.7197972481618311 
11.969999999985442, -0.7196518482951637 
11.979999999985418, -0.7201281759520665 
11.989999999985395, -0.7235803197076088 
11.999999999985372, -0.7297702764260232 
12.009999999985348, -0.7313187147514475 
12.019999999985325, -0.7311961168022421 
12.029999999985302, -0.7289931892873569 
12.039999999985278, -0.7088988104638544 
12.049999999985255, -0.6960404600612696 
12.059999999985232, -0.695106362232385 
12.069999999985209, -0.6950458554195944 
12.079999999985185, -0.6947149283053696 
12.089999999985162, -0.6942340004355702 
12.099999999985139, -0.6938839183289346 
12.109999999985115, -0.6937420137292324 
12.119999999985092, -0.6940301034786639 
12.129999999985069, -0.694893456306568 
12.139999999985045, -0.6959917871846997 
12.149999999985022, -0.6962067798273825 
12.159999999984999, -0.6958817850715575 
12.169999999984976, -0.6953344404340513 
12.179999999984952, -0.6898361573601398 
12.189999999984929, -0.6855731349531049 
12.199999999984906, -0.6857644863781273 
12.209999999984882, -0.6855869938627257 
12.219999999984859, -0.684733518191033 
12.229999999984836, -0.6837539983807739 
12.239999999984812, -0.6832118009515813 
12.249999999984789, -0.6830625101137245 
12.259999999984766, -0.6832252153184619 
12.269999999984742, -0.6836327634771949 
12.27999999998472, -0.6840310454244323 
12.289999999984696, -0.6839856023415877 
12.299999999984673, -0.6838353848570294 
12.30999999998465, -0.6909757696525087 
12.319999999984626, -0.7234182273838534 
12.329999999984603, -0.7284014027070819 
12.33999999998458, -0.7286099152540797 
12.349999999984556, -0.7280216657078152 
12.359999999984533, -0.7252117574894952 
12.36999999998451, -0.7224969460111011 
12.379999999984486, -0.7215035923635678 
12.389999999984463, -0.7213573500398001 
12.39999999998444, -0.7213000497725818 
12.409999999984416, -0.7211999789951682 
12.419999999984393, -0.7210729501056288 
12.42999999998437, -0.7209290074866858 
12.439999999984346, -0.721392537919077 
12.449999999984323, -0.7235614436780311 
12.4599999999843, -0.7269098918124567 
12.469999999984276, -0.7277875462313255 
12.479999999984253, -0.7275776896321535 
12.48999999998423, -0.7250605511246783 
12.499999999984206, -0.6974264246575662 
12.509999999984183, -0.6820858634735192 
12.51999999998416, -0.6815988431389863 
12.529999999984136, -0.6815295769579834 
12.539999999984113, -0.6810854380234799 
12.54999999998409, -0.6804838690154814 
12.559999999984067, -0.6800853861820748 
12.569999999984043, -0.6799443620699588 
12.57999999998402, -0.6802115991227201 
12.589999999983997, -0.6809901959505174 
12.599999999983973, -0.6819523375035008 
12.60999999998395, -0.6821135378704116 
12.619999999983927, -0.6817657867622132 
12.629999999983903, -0.6810946578237131 
12.63999999998388, -0.6704440124087906 
12.649999999983857, -0.665368114514259 
12.659999999983834, -0.6654820420404092 
12.66999999998381, -0.6653124783139966 
12.679999999983787, -0.6646032092217934 
12.689999999983764, -0.6638665158139547 
12.69999999998374, -0.6634508068418635 
12.709999999983717, -0.6633661424237045 
12.719999999983694, -0.6636696762473244 
12.72999999998367, -0.6644325958438672 
12.739999999983647, -0.6651659908329182 
12.749999999983624, -0.6651845375274077 
12.7599999999836, -0.6647209338929418 
12.769999999983577, -0.6633989913964812 
12.779999999983554, -0.64488976743009 
12.78999999998353, -0.641796556110441 
12.799999999983507, -0.6418466805304415 
12.809999999983484, -0.6416293098549939 
12.81999999998346, -0.6410279386303652 
12.829999999983437, -0.640537252848796 
12.839999999983414, -0.6402609243445686 
12.84999999998339, -0.640322411809854 
12.859999999983367, -0.6410179374136921 
12.869999999983344, -0.6427081067713452 
12.87999999998332, -0.6438844656676718 
12.889999999983297, -0.643893864335555 
12.899999999983274, -0.6428914183785234 
12.90999999998325, -0.6288619245733946 
12.919999999983228, -0.6096587724709082 
12.929999999983204, -0.6072468986593529 
12.939999999983181, -0.6071308574201628 
12.949999999983158, -0.607031335011606 
12.959999999983134, -0.6068684111863706 
12.969999999983111, -0.6067606758127175 
12.979999999983088, -0.6066206631706632 
12.989999999983064, -0.6069959155578626 
12.999999999983041, -0.6118070385038117 
13.009999999983018, -0.6269241742681458 
13.019999999982995, -0.6308202360091296 
13.029999999982971, -0.630946666890591 
13.039999999982948, -0.630235105936808 
13.049999999982925, -0.6277182666485752 
13.059999999982901, -0.62593995081473 
13.069999999982878, -0.625311523967188 
13.079999999982855, -0.6252322785633914 
13.089999999982831, -0.625385685205924 
13.099999999982808, -0.6257531327806517 
13.109999999982785, -0.6260092287004881 
13.119999999982761, -0.6258811886137009 
13.129999999982738, -0.6257654939409607 
13.139999999982715, -0.6345613672901183 
13.149999999982692, -0.6344853868537229 
13.159999999982668, -0.6342975485909271 
13.169999999982645, -0.6343299409199574 
13.179999999982622, -0.6339585500401168 
13.189999999982598, -0.6332321373972466 
13.199999999982575, -0.6327425443302923 
13.209999999982552, -0.6325106017676073 
13.219999999982528, -0.6326732136360573 
13.229999999982505, -0.6334977292806129 
13.239999999982482, -0.6351576647296856 
13.249999999982458, -0.6359095354684535 
13.259999999982435, -0.6357704531173116 
13.269999999982412, -0.6338839958451097 
13.279999999982389, -0.6139941961094566 
13.289999999982365, -0.6007943572811634 
13.299999999982342, -0.5995366434322702 
13.309999999982319, -0.59947396333508 
13.319999999982295, -0.5993590444169052 
13.329999999982272, -0.5992397293519378 
13.339999999982249, -0.599146565504495 
13.349999999982225, -0.5990270622601862 
13.359999999982202, -0.5998770585142513 
13.369999999982179, -0.6090593508799947 
13.379999999982156, -0.6266035033058395 
13.389999999982132, -0.6287052857175829 
13.399999999982109, -0.6286826141746347 
13.409999999982086, -0.6277481149751116 
13.419999999982062, -0.6256585005810507 
13.429999999982039, -0.6244871253337679 
13.439999999982016, -0.6240821094053786 
13.449999999981992, -0.6240986215056628 
13.459999999981969, -0.624370164251561 
13.469999999981946, -0.6249013675754392 
13.479999999981922, -0.6251264311708254 
13.4899999999819, -0.6249270649356887 
13.499999999981876, -0.6245699003572437 
13.509999999981853, -0.6191976574986814 
13.51999999998183, -0.6048644361886716 
13.529999999981806, -0.6044236085307597 
13.539999999981783, -0.6043912040810135 
13.54999999998176, -0.6040711492961384 
13.559999999981736, -0.6036592751724038 
13.569999999981713, -0.6033955492721156 
13.57999999998169, -0.6032880626999266 
13.589999999981666, -0.603872914275836 
13.599999999981643, -0.6067340429707454 
13.60999999998162, -0.6118037877483662 
13.619999999981596, -0.6129401746384555 
13.629999999981573, -0.6127819032543717 
13.63999999998155, -0.610797758946137 
13.649999999981526, -0.6053761996328542 
13.659999999981503, -0.6029644171504265 
13.66999999998148, -0.6024103743347392 
13.679999999981456, -0.6023865296622802 
13.689999999981433, -0.602492053000075 
13.69999999998141, -0.6027447793119292 
13.709999999981386, -0.6028246880657733 
13.719999999981363, -0.6026407219991476 
13.72999999998134, -0.6035126441863231 
13.739999999981316, -0.619562778405637 
13.749999999981293, -0.6192990662587032 
13.75999999998127, -0.6194683457688759 
13.769999999981247, -0.6194168191992886 
13.779999999981223, -0.6189354147011163 
13.7899999999812, -0.6182992486704693 
13.799999999981177, -0.6179195566928144 
13.809999999981153, -0.6177881963890515 
13.81999999998113, -0.6181657148779938 
13.829999999981107, -0.6195855687618376 
13.839999999981083, -0.6218408898713116 
13.84999999998106, -0.6224188692032855 
13.859999999981037, -0.6221424552494728 
13.869999999981014, -0.6185789442949854 
13.87999999998099, -0.6041640620050511 
13.889999999980967, -0.5990502703181306 
13.899999999980944, -0.598420701788709 
13.90999999998092, -0.5983792553264409 
13.919999999980897, -0.5983321542334685 
13.929999999980874, -0.5983517730619432 
13.93999999998085, -0.5982999461182836 
13.949999999980827, -0.5981939537086646 
13.959999999980804, -0.6001914183880556 
13.96999999998078, -0.6231551057624856 
13.979999999980757, -0.6396487934198244 
13.989999999980734, -0.6405271579085046 
13.99999999998071, -0.640391684880243 
14.009999999980687, -0.6393802681657721 
14.019999999980664, -0.6379430895186688 
14.02999999998064, -0.6372052789188046 
14.039999999980617, -0.6369696152563 
14.049999999980594, -0.6370908656570605 
14.05999999998057, -0.6375204226484711 
14.069999999980547, -0.6381398323807023 
14.079999999980524, -0.6382539881979714 
14.0899999999805, -0.6379502932959206 
14.099999999980477, -0.6376284644672956 
14.109999999980454, -0.624263131492585 
14.11999999998043, -0.6164258673901601 
14.129999999980408, -0.6163757309674928 
14.139999999980384, -0.6162727951421049 
14.149999999980361, -0.6158421712145377 
14.159999999980338, -0.6154209307693572 
14.169999999980314, -0.6151579624231358 
14.179999999980291, -0.6151420354650735 
14.189999999980268, -0.6159359907047786 
14.199999999980244, -0.6187306058248186 
14.209999999980221, -0.6218071552953509 
14.219999999980198, -0.6222251808461039 
14.229999999980175, -0.6217841139470673 
14.239999999980151, -0.6173006068195174 
14.249999999980128, -0.6092096026601512 
14.259999999980105, -0.6068287958238916 
14.269999999980081, -0.6064750157595561 
14.279999999980058, -0.6064643726536911 
14.289999999980035, -0.6064955558602975 
14.299999999980011, -0.6066009556047909 
14.309999999979988, -0.6065384516019692 
14.319999999979965, -0.6064641739132584 
14.329999999979941, -0.6107512301989578 
14.339999999979918, -0.6422933130350752 
14.349999999979895, -0.650189911881292 
14.359999999979872, -0.6505879377520392 
14.369999999979848, -0.650331087238056 
14.379999999979825, -0.6491679858135729 
14.389999999979802, -0.6479670366560865 
14.399999999979778, -0.6473863255000327 
14.409999999979755, -0.6472495083099405 
14.419999999979732, -0.6474362989387049 
14.429999999979708, -0.6479296184459442 
14.439999999979685, -0.6484351783972111 
14.449999999979662, -0.6484182322708332 
14.459999999979638, -0.6480693835447956 
14.469999999979615, -0.6506012907694115 
14.479999999979592, -0.6472444842175775 
14.489999999979569, -0.6454846521078035 
14.499999999979545, -0.6455845772878998 
14.509999999979522, -0.6453367657134866 
14.519999999979499, -0.6446178279840747 
14.529999999979475, -0.6440258973757307 
14.539999999979452, -0.6437095367960571 
14.549999999979429, -0.6437346818971839 
14.559999999979405, -0.6442680914935172 
14.569999999979382, -0.6455248603772198 
14.579999999979359, -0.646432543651333 
14.589999999979335, -0.6464098539642159 
14.599999999979312, -0.645490953623275 
14.609999999979289, -0.6309367290678062 
14.619999999979266, -0.605212199663714 
14.629999999979242, -0.6025965019310572 
14.639999999979219, -0.6025149740966825 
14.649999999979196, -0.6023856956728865 
14.659999999979172, -0.6021586535746435 
14.669999999979149, -0.6020046988146476 
14.679999999979126, -0.6018578850430658 
14.689999999979102, -0.6022173097674258 
14.69999999997908, -0.6060884704037232 
14.709999999979056, -0.6181028046488807 
14.719999999979033, -0.6217572887740485 
14.72999999997901, -0.6218810904158527 
14.739999999978986, -0.6211394991508049 
14.749999999978963, -0.618411481824652 
14.75999999997894, -0.6164975204455758 
14.769999999978916, -0.6158436102819624 
14.779999999978893, -0.6157599883227891 
14.78999999997887, -0.6159157587683617 
14.799999999978846, -0.6163010806553685 
14.809999999978823, -0.6165871461916208 
14.8199999999788, -0.6164686980785872 
14.829999999978776, -0.6161947484966671 
14.839999999978753, -0.6196260434378701 
14.84999999997873, -0.607519828007331 
14.859999999978706, -0.6064043106568298 
14.869999999978683, -0.6064234159237434 
14.87999999997866, -0.6061612188742626 
14.889999999978636, -0.6056791531723028 
14.899999999978613, -0.6053543638800293 
14.90999999997859, -0.6051761629569851 
14.919999999978566, -0.6054660129532439 
14.929999999978543, -0.607236503786499 
14.93999999997852, -0.6115802785962577 
14.949999999978496, -0.6133777896733714 
14.959999999978473, -0.6133735914919073 
14.96999999997845, -0.6121093752086876 
14.979999999978427, -0.6060105348087546 
14.989999999978403, -0.6021577505338036 
14.99999999997838, -0.6012436830275693 
15.009999999978357, -0.6011476016498503 
15.019999999978333, -0.6012006750303764 
15.02999999997831, -0.6013781059477451 
15.039999999978287, -0.6015024071934795 
15.049999999978263, -0.601364627011371 
15.05999999997824, -0.6016197162721408 
15.069999999978217, -0.61624136994903 
15.079999999978194, -0.6289903343198857 
15.08999999997817, -0.6294831625747583 
15.099999999978147, -0.6295181994623983 
15.109999999978124, -0.6290980328132494 
15.1199999999781, -0.628283342601599 
15.129999999978077, -0.6277510317618182 
15.139999999978054, -0.6275099126432375 
15.14999999997803, -0.6276614934610263 
15.159999999978007, -0.628430378676253 
15.169999999977984, -0.6299719888209233 
15.17999999997796, -0.6306685493310544 
15.189999999977937, -0.6305198384096473 
15.199999999977914, -0.6285825903554251 
15.20999999997789, -0.6083048908832952 
15.219999999977867, -0.595315953405856 
15.229999999977844, -0.5940935023106855 
15.23999999997782, -0.5940319013782133 
15.249999999977797, -0.5939239672560588 
15.259999999977774, -0.5938210440467548 
15.26999999997775, -0.5937397885652562 
15.279999999977727, -0.5936194669124748 
15.289999999977704, -0.5945039933536377 
15.29999999997768, -0.6051567917445257 
15.309999999977657, -0.6248279553315924 
15.319999999977634, -0.6268865644678899 
15.32999999997761, -0.6268710841163413 
15.339999999977588, -0.6260198210282109 
15.349999999977564, -0.624212198479922 
15.359999999977541, -0.6231879225047168 
15.369999999977518, -0.6228197007240273 
15.379999999977494, -0.6228564277188077 
15.389999999977471, -0.6231876306106723 
15.399999999977448, -0.6238269699885642 
15.409999999977424, -0.6241008823812524 
15.419999999977401, -0.6238973275860971 
15.429999999977378, -0.6230352430272441 
15.439999999977355, -0.6073728042806465 
15.449999999977331, -0.5895274837307194 
15.459999999977308, -0.588806048519328 
15.469999999977285, -0.5887724352803335 
15.479999999977261, -0.5885311493825133 
15.489999999977238, -0.5882449134336045 
15.499999999977215, -0.5880548519793559 
15.509999999977191, -0.5879560355968038 
15.519999999977168, -0.5887568515719687 
15.529999999977145, -0.5941537644351647 
15.539999999977121, -0.6040933348125513 
15.549999999977098, -0.6057137345265631 
15.559999999977075, -0.6056314337597248 
15.569999999977052, -0.6044009961015342 
15.579999999977028, -0.6017634087789608 
15.589999999977005, -0.6004524960023294 
15.599999999976982, -0.6000480923195514 
15.609999999976958, -0.6000754937313283 
15.619999999976935, -0.600371143321039 
15.629999999976912, -0.6009662178588937 
15.639999999976888, -0.6012216908240021 
15.649999999976865, -0.6010098892800303 
15.659999999976842, -0.5997431101419035 
15.669999999976818, -0.5770205323013861 
15.679999999976795, -0.5596648851182771 
15.689999999976772, -0.5587462671498633 
15.699999999976749, -0.5587073191095401 
15.709999999976725, -0.5585631454520222 
15.719999999976702, -0.5584378746358475 
15.729999999976679, -0.5583516989740462 
15.739999999976655, -0.5582379169645688 
15.749999999976632, -0.5592842815704956 
15.759999999976609, -0.5746486397170875 
15.769999999976585, -0.5975289248301532 
15.779999999976562, -0.599061715565663 
15.789999999976539, -0.5990598281317939 
15.799999999976515, -0.59847212838617 
15.809999999976492, -0.5974707837805444 
15.819999999976469, -0.5968990490759919 
15.829999999976446, -0.5966752871201009 
15.839999999976422, -0.5968699096453783 
15.849999999976399, -0.5977828477636388 
15.859999999976376, -0.5996378340155837 
15.869999999976352, -0.6003939996699761 
15.879999999976329, -0.6002363011409916 
15.889999999976306, -0.5980027093474617 
15.899999999976282, -0.5849396932200867 
15.90999999997626, -0.578588945971052 
15.919999999976236, -0.5776579654584295 
15.929999999976213, -0.5775943435927808 
15.93999999997619, -0.5775947897876288 
15.949999999976166, -0.577690897127959 
15.959999999976143, -0.5777374023690783 
15.96999999997612, -0.5775893860195654 
15.979999999976096, -0.5782583395758308 
15.989999999976073, -0.5966619373273124 
15.99999999997605, -0.6064026384290816 
16.009999999976028, -0.6067319271781185 
16.019999999976005, -0.6067340283723339 
16.02999999997598, -0.6063238349719484 
16.039999999975958, -0.6056724572884177 
16.049999999975935, -0.605272051376325 
16.05999999997591, -0.6050998294944907 
16.069999999975888, -0.6054047767640369 
16.079999999975865, -0.6068196065209726 
16.08999999997584, -0.6096646807056939 
16.099999999975818, -0.6106665602391289 
16.109999999975795, -0.6105302195765349 
16.11999999997577, -0.6084522329618202 
16.129999999975748, -0.5988585500445743 
16.139999999975725, -0.5941816295832372 
16.1499999999757, -0.5933518055197337 
16.15999999997568, -0.5932905051928726 
16.169999999975655, -0.5933078909300925 
16.17999999997563, -0.5934244127921054 
16.18999999997561, -0.5934692365366634 
16.199999999975585, -0.5933187757186978 
16.20999999997556, -0.594163870009847 
16.21999999997554, -0.6148565554172682 
16.229999999975515, -0.6301487890700358 
16.239999999975492, -0.6308929765020045 
16.24999999997547, -0.6308744408848918 
16.259999999975445, -0.6303186519638233 
16.269999999975422, -0.6294002482368141 
16.2799999999754, -0.6288495075813032 
16.289999999975375, -0.6286299785279089 
16.299999999975352, -0.6288087784950708 
16.30999999997533, -0.6295454990692921 
16.319999999975305, -0.6308359064919984 
16.329999999975282, -0.6312882077907898 
16.33999999997526, -0.6310519028310015 
16.349999999975235, -0.6284045373124245 
16.359999999975212, -0.6027846038602578 
16.36999999997519, -0.590838656403554 
16.379999999975166, -0.5900165030904827 
16.389999999975142, -0.5899687170214155 
16.39999999997512, -0.5898257365944414 
16.409999999975096, -0.5897023993820248 
16.419999999975072, -0.5895950267221117 
16.42999999997505, -0.5895024458073496 
16.439999999975026, -0.590781018308 
16.449999999975002, -0.602876969854981 
16.45999999997498, -0.6191590917577217 
16.469999999974956, -0.6205595610685695 
16.479999999974932, -0.6204674850749028 
16.48999999997491, -0.6194332671255124 
16.499999999974886, -0.617657043551204 
16.509999999974863, -0.6167492085427362 
16.51999999997484, -0.6164478662882825 
16.529999999974816, -0.6165312747868301 
16.539999999974793, -0.6169355360486687 
16.54999999997477, -0.6176403580569022 
16.559999999974746, -0.6178692281882047 
16.569999999974723, -0.6176101049585779 
16.5799999999747, -0.6159609772713539 
16.589999999974676, -0.5903657785376151 
16.599999999974653, -0.5763525470464784 
16.60999999997463, -0.575770257039869 
16.619999999974606, -0.5757252963485442 
16.629999999974583, -0.575526583392583 
16.63999999997456, -0.5753456189606863 
16.649999999974536, -0.5752101625837069 
16.659999999974513, -0.575135581629708 
16.66999999997449, -0.5764612559196868 
16.679999999974466, -0.5878827546425514 
16.689999999974443, -0.6029101692206217 
16.69999999997442, -0.6042088189477652 
16.709999999974396, -0.6041097322145838 
16.719999999974373, -0.6031182131727415 
16.72999999997435, -0.6015571671374842 
16.739999999974327, -0.6007776416756788 
16.749999999974303, -0.6005208505925682 
16.75999999997428, -0.6006552709078078 
16.769999999974257, -0.6012295010873243 
16.779999999974233, -0.6022436737243135 
16.78999999997421, -0.6025848002446113 
16.799999999974187, -0.6023170050990969 
16.809999999974163, -0.599225309556068 
16.81999999997414, -0.5744391345221003 
16.829999999974117, -0.5649108992531112 
16.839999999974093, -0.5641586900205585 
16.84999999997407, -0.5641156573022431 
16.859999999974047, -0.5640398670018985 
16.869999999974024, -0.5640326695054119 
16.879999999974, -0.5639952882919863 
16.889999999973977, -0.5638695302442133 
16.899999999973954, -0.5653233286452456 
16.90999999997393, -0.5890052760230304 
16.919999999973907, -0.6046714024032162 
16.929999999973884, -0.6053710717196285 
16.93999999997386, -0.6053281263311874 
16.949999999973837, -0.6047780961740664 
16.959999999973814, -0.6040051393658152 
16.96999999997379, -0.6035648633558567 
16.979999999973767, -0.6034061003287953 
16.989999999973744, -0.6037215369610258 
16.99999999997372, -0.6049908155122119 
17.009999999973697, -0.6072236847660627 
17.019999999973674, -0.6078917523792238 
17.02999999997365, -0.6076641462114476 
17.039999999973627, -0.6047237266692171 
17.049999999973604, -0.5925638878299556 
17.05999999997358, -0.5877932355702535 
17.069999999973557, -0.5870943114245482 
17.079999999973534, -0.5870519713767266 
17.08999999997351, -0.5870541358903619 
17.099999999973488, -0.5871514804391835 
17.109999999973464, -0.5871598814745523 
17.11999999997344, -0.5870107388913071 
17.129999999973418, -0.5883959607981971 
17.139999999973394, -0.6126311917044017 
17.14999999997337, -0.6248487376193415 
17.159999999973348, -0.6254525184044991 
17.169999999973324, -0.6253936552013759 
17.1799999999733, -0.6247857878501883 
17.189999999973278, -0.6239231190143727 
17.199999999973254, -0.6234294634651731 
17.20999999997323, -0.6232536276175029 
17.219999999973208, -0.623500885134308 
17.229999999973185, -0.6244032234997579 
17.23999999997316, -0.6258444050507468 
17.249999999973138, -0.626251188648204 
17.259999999973115, -0.6259575716908534 
17.26999999997309, -0.6222611695907327 
17.279999999973068, -0.5985015421023776 
17.289999999973045, -0.5902198650653746 
17.29999999997302, -0.5895745725292556 
17.309999999972998, -0.589527992408585 
17.319999999972975, -0.5894120283322253 
17.32999999997295, -0.5893422851214358 
17.339999999972928, -0.5892515302450715 
17.349999999972905, -0.5891715727348269 
17.35999999997288, -0.5909530981940606 
17.36999999997286, -0.6083201275064098 
17.379999999972835, -0.6244853894622373 
17.38999999997281, -0.6255040463014132 
17.39999999997279, -0.6253711722395935 
17.409999999972765, -0.6243191154635603 
17.41999999997274, -0.6227891156245375 
17.42999999997272, -0.6220244169882536 
17.439999999972695, -0.6217813146506959 
17.449999999972672, -0.6219076106012634 
17.45999999997265, -0.6223831220639063 
17.469999999972625, -0.6231178181787795 
17.479999999972602, -0.6232947798296751 
17.48999999997258, -0.6229829089262638 
17.499999999972555, -0.6207937618754393 
17.509999999972532, -0.5925388191323224 
17.51999999997251, -0.5816496574812328 
17.529999999972485, -0.5812712128371339 
17.539999999972462, -0.5812132288967361 
17.54999999997244, -0.5809875702326577 
17.559999999972415, -0.580796719515824 
17.569999999972392, -0.5806467546260451 
17.57999999997237, -0.5806148581178164 
17.589999999972346, -0.5822255496567628 
17.599999999972322, -0.5933452657259111 
17.6099999999723, -0.6049241633594198 
17.619999999972276, -0.6058612079240877 
17.629999999972252, -0.60568186481 
17.63999999997223, -0.6044023208940363 
17.649999999972206, -0.602643085736429 
17.659999999972182, -0.6018365586231209 
17.66999999997216, -0.6016003592225719 
17.679999999972136, -0.6017398506774532 
17.689999999972112, -0.6022646483885705 
17.69999999997209, -0.603092065059046 
17.709999999972066, -0.603299292364081 
17.719999999972043, -0.6029636411216704 
17.72999999997202, -0.5991998726448083 
17.739999999971996, -0.5700753572436368 
17.749999999971973, -0.5613236642583477 
17.75999999997195, -0.560801284803655 
17.769999999971926, -0.5607590636822191 
17.779999999971903, -0.5606526778742902 
17.78999999997188, -0.56061788426942 
17.799999999971856, -0.560548386780438 
17.809999999971833, -0.5604536062012616 
17.81999999997181, -0.5626025347031153 
17.829999999971786, -0.5888874558851463 
17.839999999971763, -0.6027306969062453 
17.84999999997174, -0.6033646852827343 
17.859999999971716, -0.6032737173287964 
17.869999999971693, -0.6026259015538691 
17.87999999997167, -0.6018292978094434 
17.889999999971646, -0.6013980178442898 
17.899999999971623, -0.6012688292506352 
17.9099999999716, -0.6016318725099127 
17.919999999971576, -0.6029628113966407 
17.929999999971553, -0.605025458124724 
17.93999999997153, -0.6055267681369311 
17.949999999971507, -0.6052187305099217 
17.959999999971483, -0.6014004863296707 
17.96999999997146, -0.5888887265475968 
17.979999999971437, -0.5847970197456729 
17.989999999971413, -0.5842392468931542 
17.99999999997139, -0.5842103722895102 
18.009999999971367, -0.5842194887941853 
18.019999999971343, -0.5843279449598335 
18.02999999997132, -0.5843181521185554 
18.039999999971297, -0.5841700907087304 
18.049999999971273, -0.5861649665477704 
18.05999999997125, -0.6122691636954785 
18.069999999971227, -0.6196385742999213 
18.079999999971204, -0.6200635747860229 
18.08999999997118, -0.6199707188320629 
18.099999999971157, -0.6193513145678816 
18.109999999971134, -0.618593997101138 
18.11999999997111, -0.6181701824013163 
18.129999999971087, -0.6180442504504268 
18.139999999971064, -0.6183912974908743 
18.14999999997104, -0.6195735625260181 
18.159999999971017, -0.6212687746631015 
18.169999999970994, -0.6216477046722979 
18.17999999997097, -0.6212896051428327 
18.189999999970947, -0.6165467436027872 
18.199999999970924, -0.5976116094483866 
18.2099999999709, -0.592135389051981 
18.219999999970877, -0.5916207283622099 
18.229999999970854, -0.5915798682392387 
18.23999999997083, -0.5915028752024614 
18.249999999970807, -0.5914908084738484 
18.259999999970784, -0.5914132269091527 
18.26999999997076, -0.5913422069635024 
18.279999999970737, -0.5938298713209472 
18.289999999970714, -0.6175189014319776 
18.29999999997069, -0.6316031493999164 
18.309999999970668, -0.6323242826356376 
18.319999999970644, -0.6321503635460366 
18.32999999997062, -0.6310801531247474 
18.339999999970598, -0.6297347866793436 
18.349999999970574, -0.629070471405448 
18.35999999997055, -0.6288756082303909 
18.369999999970528, -0.6290393718937507 
18.379999999970504, -0.6295662086617466 
18.38999999997048, -0.6302762068333939 
18.399999999970458, -0.6303887851701442 
18.409999999970434, -0.6300236258506984 
18.41999999997041, -0.6276158958614433 
18.429999999970388, -0.5994690179402135 
18.439999999970365, -0.5913286429915977 
18.44999999997034, -0.5911357298280969 
18.459999999970318, -0.5910519027237194 
18.469999999970295, -0.5907680286537786 
18.47999999997027, -0.5905334537039746 
18.489999999970248, -0.590357113046547 
18.499999999970225, -0.5903875804059412 
18.5099999999702, -0.5920526999580742 
18.519999999970178, -0.6004190845586053 
18.529999999970155, -0.6077367258225906 
18.53999999997013, -0.608351629472094 
18.549999999970108, -0.6080419821148114 
18.559999999970085, -0.6060918450733893 
18.56999999997006, -0.6037116709752739 
18.57999999997004, -0.6027611954779457 
18.589999999970015, -0.6025287088188621 
18.59999999996999, -0.602638191682883 
18.60999999996997, -0.6030208977987277 
18.619999999969945, -0.6035609113546889 
18.62999999996992, -0.6036277919429198 
18.6399999999699, -0.6032645128562718 
18.649999999969875, -0.600768845146256 
18.659999999969852, -0.5713346250260836 
18.66999999996983, -0.5636280858325 
18.679999999969805, -0.5633834648019256 
18.689999999969782, -0.5633171221640436 
18.69999999996976, -0.5631203933739211 
18.709999999969735, -0.5629938025745228 
18.719999999969712, -0.5628684967640039 
18.72999999996969, -0.5628707693789124 
18.739999999969665, -0.5655240101422639 
18.749999999969642, -0.5862878660475254 
18.75999999996962, -0.5984995453401882 
18.769999999969595, -0.5991338981784081 
18.779999999969572, -0.5989482603138385 
18.78999999996955, -0.5979787391571048 
18.799999999969526, -0.5969250869794456 
18.809999999969502, -0.5964180872960557 
18.81999999996948, -0.5962934457265474 
18.829999999969456, -0.5966097855538216 
18.839999999969432, -0.597653613106854 
18.84999999996941, -0.59907433154751 
18.859999999969386, -0.5993522681340081 
18.869999999969362, -0.5989253788981881 
18.87999999996934, -0.5933253506986996 
18.889999999969316, -0.5768447309654917 
18.899999999969292, -0.5727023999210858 
18.90999999996927, -0.572267548794422 
18.919999999969246, -0.5722429287489629 
18.929999999969223, -0.5722361881388388 
18.9399999999692, -0.5723258403937108 
18.949999999969176, -0.5722882875033499 
18.959999999969153, -0.5721570987383746 
18.96999999996913, -0.5750285502448153 
18.979999999969106, -0.6009310177845448 
18.989999999969083, -0.6040443261659671 
18.99999999996906, -0.604316926704144 
19.009999999969036, -0.6042025203122903 
19.019999999969013, -0.6036377362485831 
19.02999999996899, -0.6030496476426604 
19.039999999968966, -0.602719572347111 
19.049999999968943, -0.6026597087368714 
19.05999999996892, -0.6032344326515177 
19.069999999968896, -0.6052696371784886 
19.079999999968873, -0.6078863344585361 
19.08999999996885, -0.6083373186866038 
19.099999999968826, -0.6079505350400844 
19.109999999968803, -0.6037537421757047 
19.11999999996878, -0.594876729781413 
19.129999999968756, -0.5921905795570466 
19.139999999968733, -0.5917787516153256 
19.14999999996871, -0.591769771166409 
19.159999999968687, -0.5918234690126952 
19.169999999968663, -0.5919777051513335 
19.17999999996864, -0.5919552340824562 
19.189999999968617, -0.5918034989023091 
19.199999999968593, -0.5947925288148924 
19.20999999996857, -0.6206242150966903 
19.219999999968547, -0.6239746819646186 
19.229999999968523, -0.6242800656998706 
19.2399999999685, -0.6241370681260611 
19.249999999968477, -0.623458288643381 
19.259999999968453, -0.6227417745396394 
19.26999999996843, -0.6223504461388802 
19.279999999968407, -0.6222690895272095 
19.289999999968384, -0.6226809659826404 
19.29999999996836, -0.6239397001436764 
19.309999999968337, -0.6254376943526263 
19.319999999968314, -0.6256718949027533 
19.32999999996829, -0.6251828637687313 
19.339999999968267, -0.618382627123321 
19.349999999968244, -0.5977967386702301 
19.35999999996822, -0.59325356141326 
19.369999999968197, -0.592905231289286 
19.379999999968174, -0.5928580253166382 
19.38999999996815, -0.592758546825665 
19.399999999968127, -0.5927234095346445 
19.409999999968104, -0.5926182833410677 
19.41999999996808, -0.5926280296062248 
19.429999999968057, -0.5960460077222658 
19.439999999968034, -0.6196296493867348 
19.44999999996801, -0.6299144066002453 
19.459999999967987, -0.6304189731136923 
19.469999999967964, -0.6301502557119366 
19.47999999996794, -0.6288355106809408 
19.489999999967917, -0.6274479533364615 
19.499999999967894, -0.6268131439693763 
19.50999999996787, -0.6266596527600063 
19.519999999967848, -0.6268454084221975 
19.529999999967824, -0.6273788086729214 
19.5399999999678, -0.6279917647658171 
19.549999999967778, -0.6280255780028745 
19.559999999967754, -0.6275966402179447 
19.56999999996773, -0.6247416632107172 
19.579999999967708, -0.5968618971178975 
19.589999999967684, -0.5914281025198876 
19.59999999996766, -0.5913410134322163 
19.609999999967638, -0.5912271131488478 
19.619999999967614, -0.5909180026104812 
19.62999999996759, -0.5906848850932487 
19.639999999967568, -0.5905088755287337 
19.649999999967545, -0.5906208038698786 
19.65999999996752, -0.5926629200125068 
19.669999999967498, -0.6014154774832033 
19.679999999967475, -0.607121943627151 
19.68999999996745, -0.6075162448433483 
19.699999999967428, -0.6070832599503245 
19.709999999967405, -0.6047808255904887 
19.71999999996738, -0.6024922249720351 
19.729999999967358, -0.6016416435749085 
19.739999999967335, -0.6014641304789243 
19.74999999996731, -0.6015980869943852 
19.759999999967288, -0.6020081472284349 
19.769999999967265, -0.6024972774870976 
19.77999999996724, -0.6025028464957942 
19.78999999996722, -0.6020728551741775 
19.799999999967195, -0.5984720113548139 
19.80999999996717, -0.5683924714922377 
19.81999999996715, -0.563101591294944 
19.829999999967125, -0.5629600046670291 
19.8399999999671, -0.5628748017080297 
19.84999999996708, -0.5626723937946907 
19.859999999967055, -0.5625532984003028 
19.869999999967032, -0.5624219596317552 
19.87999999996701, -0.5625076437853646 
19.889999999966985, -0.5661650962949815 
19.899999999966962, -0.5890964831775354 
19.90999999996694, -0.5980955788299981 
19.919999999966915, -0.5985266776756232 
19.929999999966892, -0.5982685247499356 
19.93999999996687, -0.5972064690909245 
19.949999999966845, -0.5962273262570812 
19.959999999966822, -0.5957728463982499 
19.9699999999668, -0.595698080335767 
19.979999999966775, -0.5960846246995491 
19.989999999966752, -0.5972560393441598 
19.99999999996673, -0.5985836193232913 
20.009999999966706, -0.5987583592147891 
20.019999999966682, -0.598185266523421 
20.02999999996666, -0.5907546581711182 
20.039999999966636, -0.5755692744405502 
20.049999999966612, -0.572393966279463 
20.05999999996659, -0.5720804730320136 
20.069999999966566, -0.5720613263518223 
20.079999999966542, -0.5720684189039668 
20.08999999996652, -0.5721635041368214 
20.099999999966496, -0.5721022725021806 
20.109999999966472, -0.5720017942835826 
20.11999999996645, -0.5764096787262791 
20.129999999966426, -0.6013026487596708 
20.139999999966403, -0.6025461796065192 
20.14999999996638, -0.6027519735097878 
20.159999999966356, -0.6025931767964304 
20.169999999966333, -0.602001609879762 
20.17999999996631, -0.6014669787144918 
20.189999999966286, -0.601170432954107 
20.199999999966263, -0.601167406201887 
20.20999999996624, -0.6018992676690015 
20.219999999966216, -0.6043250001308766 
20.229999999966193, -0.6068476910227648 
20.23999999996617, -0.6071643417303613 
20.249999999966146, -0.6066491348885799 
20.259999999966123, -0.6016997671501967 
20.2699999999661, -0.5941433519966518 
20.279999999966076, -0.5920762074362739 
20.289999999966053, -0.5917689441419576 
20.29999999996603, -0.5917763208007981 
20.309999999966006, -0.5918619288736829 
20.319999999965983, -0.5920338328060898 
20.32999999996596, -0.591988395082523 
20.339999999965936, -0.5918454491496317 
20.349999999965913, -0.5962322244023286 
20.35999999996589, -0.6179947619135812 
20.369999999965867, -0.6186220691656484 
20.379999999965843, -0.6188217647036048 
20.38999999996582, -0.6186404342108086 
20.399999999965797, -0.6179795229738847 
20.409999999965773, -0.6173790560963388 
20.41999999996575, -0.6170521414828605 
20.429999999965727, -0.6170375369238627 
20.439999999965703, -0.6176221549346179 
20.44999999996568, -0.6193365154569511 
20.459999999965657, -0.6210205974139734 
20.469999999965633, -0.621202845157977 
20.47999999996561, -0.62056959720836 
20.489999999965587, -0.6127058491067553 
20.499999999965564, -0.598586797954596 
20.50999999996554, -0.5956728110473496 
20.519999999965517, -0.5954043871214704 
20.529999999965494, -0.5953690629687745 
20.53999999996547, -0.5953244207658136 
20.549999999965447, -0.5953418482916655 
20.559999999965424, -0.5952395210470646 
20.5699999999654, -0.5952940277878315 
20.579999999965377, -0.6005419161573559 
20.589999999965354, -0.6300727522840587 
20.59999999996533, -0.6371818070597307 
20.609999999965307, -0.637507928091249 
20.619999999965284, -0.6371789603230451 
20.62999999996526, -0.6358790026630707 
20.639999999965237, -0.6346985706698036 
20.649999999965214, -0.6341607711797248 
20.65999999996519, -0.6340609956670745 
20.669999999965167, -0.6342917973871778 
20.679999999965144, -0.6348814932583932 
20.68999999996512, -0.6354331076069809 
20.699999999965097, -0.6354040890011131 
20.709999999965074, -0.6349149498364374 
20.71999999996505, -0.6319721731804563 
20.729999999965028, -0.607150903084911 
20.739999999965004, -0.6039055265736641 
20.74999999996498, -0.6038940672039519 
20.759999999964958, -0.6037242285259095 
20.769999999964934, -0.6033368748827845 
20.77999999996491, -0.6030539876090917 
20.789999999964888, -0.6028662103508686 
20.799999999964864, -0.6030619495955705 
20.80999999996484, -0.6049010147292967 
20.819999999964818, -0.6106881798508323 
20.829999999964794, -0.6138189906236898 
20.83999999996477, -0.6139862310628015 
20.849999999964748, -0.6132351673757742 
20.859999999964725, -0.6091621548890374 
20.8699999999647, -0.6057636459659657 
20.879999999964678, -0.6047601704501281 
20.889999999964655, -0.6046081313563103 
20.89999999996463, -0.6046829137737547 
20.909999999964608, -0.6049138525248418 
20.919999999964585, -0.6051439040834028 
20.92999999996456, -0.6050510761474377 
20.939999999964538, -0.6049079440612245 
20.949999999964515, -0.6121539380623651 
20.95999999996449, -0.6155679276958822 
20.969999999964468, -0.6147112002711854 
20.979999999964445, -0.6147817730018391 
20.98999999996442, -0.6145213989734564 
20.9999999999644, -0.6139195038510594 
21.009999999964375, -0.6134839539832113 
21.01999999996435, -0.6132501998221311 
21.02999999996433, -0.6133945039796501 
21.039999999964305, -0.6144459845199042 
21.04999999996428, -0.6171362244307255 
21.05999999996426, -0.6187226370967954 
21.069999999964235, -0.6187518381055637 
21.079999999964212, -0.6176260652195132 
21.08999999996419, -0.6086953403878462 
21.099999999964165, -0.6011967119171877 
21.109999999964142, -0.5997447787740647 
21.11999999996412, -0.5996058363360314 
21.129999999964095, -0.5995930174171754 
21.139999999964072, -0.599631089102602 
21.14999999996405, -0.5996814889595589 
21.159999999964025, -0.5995569085854321 
21.169999999964002, -0.5998691915354946 
21.17999999996398, -0.6114337427352249 
21.189999999963955, -0.6408380579477486 
21.199999999963932, -0.6434641833783606 
21.20999999996391, -0.6435672270482002 
21.219999999963886, -0.6430677726664104 
21.229999999963862, -0.6417672250873481 
21.23999999996384, -0.6408586355417315 
21.249999999963816, -0.6404665269391923 
21.259999999963792, -0.6404695781442962 
21.26999999996377, -0.6407998860913597 
21.279999999963746, -0.6414900553825699 
21.289999999963722, -0.6418881469479915 
21.2999999999637, -0.6417468006688553 
21.309999999963676, -0.6411177891246437 
21.319999999963652, -0.6347875264119831 
21.32999999996363, -0.6151196298671239 
21.339999999963606, -0.6141211008061297 
21.349999999963583, -0.6141127008047367 
21.35999999996356, -0.6138332553075303 
21.369999999963536, -0.6133876485005961 
21.379999999963513, -0.6130912123163611 
21.38999999996349, -0.6129386186543824 
21.399999999963466, -0.6133235258890306 
21.409999999963443, -0.6153415774158788 
21.41999999996342, -0.6195912167448702 
21.429999999963396, -0.6209749383234874 
21.439999999963373, -0.6208872703436858 
21.44999999996335, -0.6191765872292501 
21.459999999963326, -0.6119451023928509 
21.469999999963303, -0.6080975671814043 
21.47999999996328, -0.607289700366771 
21.489999999963256, -0.60722230175478 
21.499999999963233, -0.607251648785255 
21.50999999996321, -0.6073796355016992 
21.519999999963186, -0.6074300572698682 
21.529999999963163, -0.6072810235524444 
21.53999999996314, -0.6081287667355834 
21.549999999963116, -0.628521202251318 
21.559999999963093, -0.6486390509143631 
21.56999999996307, -0.6497461381014171 
21.579999999963047, -0.6497205103698667 
21.589999999963023, -0.649036788046604 
21.599999999963, -0.6477926431366673 
21.609999999962977, -0.6470512156733916 
21.619999999962953, -0.6467633254862285 
21.62999999996293, -0.6468478491182538 
21.639999999962907, -0.6472580467048519 
21.649999999962883, -0.6479487181937154 
21.65999999996286, -0.6481742008440691 
21.669999999962837, -0.6479368870603873 
21.679999999962813, -0.6475233805540948 
21.68999999996279, -0.6410854621829402 
21.699999999962767, -0.6304420922927267 
21.709999999962744, -0.6303237450876612 
21.71999999996272, -0.6302587208317415 
21.729999999962697, -0.6298162447376017 
21.739999999962674, -0.6292727315106463 
21.74999999996265, -0.6289364222123438 
21.759999999962627, -0.6288340756864815 
21.769999999962604, -0.6292849118715276 
21.77999999996258, -0.6308697097528702 
21.789999999962557, -0.6331079755223507 
21.799999999962534, -0.6335863166239042 
21.80999999996251, -0.6332482209270228 
21.819999999962487, -0.6288391393402154 
21.829999999962464, -0.6124978791816129 
21.83999999996244, -0.6074286175811867 
21.849999999962417, -0.6069026753971534 
21.859999999962394, -0.6068590165869511 
21.86999999996237, -0.6067721389457472 
21.879999999962347, -0.6067386417180266 
21.889999999962324, -0.6066461619529845 
21.8999999999623, -0.6065947357387381 
21.909999999962277, -0.6089088849235194 
21.919999999962254, -0.6272559419977842 
21.92999999996223, -0.6402053884284428 
21.939999999962208, -0.6409668381459944 
21.949999999962184, -0.6407465326130599 
21.95999999996216, -0.6393183685366648 
21.969999999962138, -0.6374236164112752 
21.979999999962114, -0.6365484493582517 
21.98999999996209, -0.6363048245020968 
21.999999999962068, -0.6363960680681844 
22.009999999962044, -0.6367103575068492 
22.01999999996202, -0.6371348606658525 
22.029999999961998, -0.6371597757444467 
22.039999999961974, -0.6368986828274655 
22.04999999996195, -0.6394508488677606 
22.059999999961928, -0.6504948609501612 
22.069999999961905, -0.6494419364400043 
22.07999999996188, -0.6496366121409092 
22.089999999961858, -0.6494424604314102 
22.099999999961835, -0.6486780715549179 
22.10999999996181, -0.647930663633501 
22.119999999961788, -0.647526621890541 
22.129999999961765, -0.6474601199954526 
22.13999999996174, -0.6478101279681115 
22.149999999961718, -0.6487117757301629 
22.159999999961695, -0.6495746591597984 
22.16999999996167, -0.6496148513521538 
22.179999999961648, -0.6490392777256968 
22.189999999961625, -0.64193024145634 
22.1999999999616, -0.6103497312717145 
22.20999999996158, -0.6060200277231127 
22.219999999961555, -0.6059394279747315 
22.22999999996153, -0.6058081365397654 
22.23999999996151, -0.6054936084312241 
22.249999999961485, -0.6052596042149063 
22.25999999996146, -0.60508237288044 
22.26999999996144, -0.6052567029017389 
22.279999999961415, -0.6073279496168938 
22.289999999961392, -0.6145609511295241 
22.29999999996137, -0.6185611027075595 
22.309999999961345, -0.6187990341742557 
22.319999999961322, -0.6181706265731779 
22.3299999999613, -0.6147696596936787 
22.339999999961275, -0.6117134180438041 
22.349999999961252, -0.6107305002737511 
22.35999999996123, -0.6105642145863156 
22.369999999961205, -0.6106450516206949 
22.379999999961182, -0.6108909295443797 
22.38999999996116, -0.6111478141301651 
22.399999999961135, -0.6110681776414116 
22.409999999961112, -0.6108926907055116 
22.41999999996109, -0.6174603131237978 
22.429999999961066, -0.6229546608687277 
22.439999999961042, -0.6221341627044047 
22.44999999996102, -0.6222216689970966 
22.459999999960996, -0.6219624130466791 
22.469999999960972, -0.621313986594614 
22.47999999996095, -0.6208270469359243 
22.489999999960926, -0.6205679870332365 
22.499999999960902, -0.620668759699651 
22.50999999996088, -0.6215144310670326 
22.519999999960856, -0.6236387981106777 
22.529999999960832, -0.6250114521126959 
22.53999999996081, -0.6250317194143433 
22.549999999960786, -0.6239305619946273 
22.559999999960763, -0.6127647208101749 
22.56999999996074, -0.6018073776977092 
22.579999999960716, -0.6000066950235613 
22.589999999960693, -0.5998665077466377 
22.59999999996067, -0.5998211319056916 
22.609999999960646, -0.5997858000518931 
22.619999999960623, -0.5997808779861025 
22.6299999999606, -0.5996535463267509 
22.639999999960576, -0.600014865903704 
22.649999999960553, -0.6089965452050665 
22.65999999996053, -0.6364027457223344 
22.669999999960506, -0.6400678258358233 
22.679999999960483, -0.6401926849849787 
22.68999999996046, -0.6396404450393358 
22.699999999960436, -0.6380468037481709 
22.709999999960413, -0.6369223133557813 
22.71999999996039, -0.6364614507901349 
22.729999999960366, -0.6364307569838914 
22.739999999960343, -0.6366880179032179 
22.74999999996032, -0.6372478096854849 
22.759999999960296, -0.637596988460168 
22.769999999960273, -0.6374631759523456 
22.77999999996025, -0.6370551913268551 
22.789999999960227, -0.6375363416215138 
22.799999999960203, -0.6233903038057833 
22.80999999996018, -0.6226029730421755 
22.819999999960157, -0.6226100305970247 
22.829999999960133, -0.622295515073958 
22.83999999996011, -0.6217497297643504 
22.849999999960087, -0.6213854538409768 
22.859999999960063, -0.6212055749188505 
22.86999999996004, -0.6214871653604639 
22.879999999960017, -0.6228716259012618 
22.889999999959993, -0.6257368847600965 
22.89999999995997, -0.6268372537149992 
22.909999999959947, -0.6267270902683203 
22.919999999959924, -0.6248054581725039 
22.9299999999599, -0.6133983962247622 
22.939999999959877, -0.6070611293802991 
22.949999999959854, -0.6060539134347604 
22.95999999995983, -0.6059796968278578 
22.969999999959807, -0.6059435632968809 
22.979999999959784, -0.6059576059384729 
22.98999999995976, -0.6059419732469976 
22.999999999959737, -0.6058095409634463 
23.009999999959714, -0.6067670792263976 
23.01999999995969, -0.6224078838504905 
23.029999999959667, -0.6454944132389849 
23.039999999959644, -0.6472128881496935 
23.04999999995962, -0.647183893518036 
23.059999999959597, -0.6463442677202235 
23.069999999959574, -0.644641022713302 
23.07999999995955, -0.6436575246496894 
23.089999999959527, -0.6432992985509465 
23.099999999959504, -0.6433334651057148 
23.10999999995948, -0.6436153024543315 
23.119999999959457, -0.6441161819499698 
23.129999999959434, -0.6442837572698097 
23.13999999995941, -0.6440714287066777 
23.149999999959388, -0.6445169708549255 
23.159999999959364, -0.6562655176281404 
23.16999999995934, -0.6549616973591753 
23.179999999959318, -0.6552276119685283 
23.189999999959294, -0.6551479730258828 
23.19999999995927, -0.6545167922374467 
23.209999999959248, -0.6536410927241395 
23.219999999959224, -0.6531261333586702 
23.2299999999592, -0.6529460286561108 
23.239999999959178, -0.653147847907978 
23.249999999959154, -0.653797884816305 
23.25999999995913, -0.6546941218284045 
23.269999999959108, -0.6548794094891661 
23.279999999959085, -0.6545464193368904 
23.28999999995906, -0.6526904055485279 
23.299999999959038, -0.6285473290151646 
23.309999999959015, -0.6192152059113312 
23.31999999995899, -0.6190671148976209 
23.329999999958968, -0.6189734785213211 
23.339999999958945, -0.6185880841531455 
23.34999999995892, -0.6182119398460327 
23.359999999958898, -0.6179665975323348 
23.369999999958875, -0.6179561528646661 
23.37999999995885, -0.6188253132647246 
23.389999999958828, -0.6219658464638237 
23.399999999958805, -0.6253603963388545 
23.40999999995878, -0.6258047159436612 
23.41999999995876, -0.625373754888996 
23.429999999958735, -0.6211057554854365 
23.43999999995871, -0.6135439622032567 
23.44999999995869, -0.6112544655899836 
23.459999999958665, -0.6109027619949773 
23.46999999995864, -0.6108926436065171 
23.47999999995862, -0.6109244328310701 
23.489999999958595, -0.6110272289464465 
23.499999999958572, -0.6109617829261569 
23.50999999995855, -0.6108969052988157 
23.519999999958525, -0.6152175403328012 
23.529999999958502, -0.6464022150597305 
23.53999999995848, -0.6547646576661017 
23.549999999958455, -0.6551721449795582 
23.559999999958432, -0.6548958507468887 
23.56999999995841, -0.6536198414518885 
23.579999999958385, -0.6522916111006748 
23.589999999958362, -0.6516628148107192 
23.59999999995834, -0.651513046996664 
23.609999999958315, -0.6516686493969825 
23.619999999958292, -0.6520782917396363 
23.62999999995827, -0.6524919931466023 
23.639999999958246, -0.6524514171466796 
23.649999999958222, -0.6521987314563864 
23.6599999999582, -0.6578923506954025 
23.669999999958176, -0.6733735861913003 
23.679999999958152, -0.6742506318666631 
23.68999999995813, -0.6744081727992308 
23.699999999958106, -0.6740576586811131 
23.709999999958082, -0.6729261389676553 
23.71999999995806, -0.6719681894886821 
23.729999999958036, -0.6715060862429446 
23.739999999958012, -0.6714452373272893 
23.74999999995799, -0.6716653415425575 
23.759999999957966, -0.6721318413155257 
23.769999999957943, -0.6724398328011122 
23.77999999995792, -0.6723172972575949 
23.789999999957896, -0.672345034941335 
23.799999999957873, -0.6862309903393518 
23.80999999995785, -0.7103439631094617 
23.819999999957826, -0.71222446617232 
23.829999999957803, -0.7122546371793197 
23.83999999995778, -0.7114683665025199 
23.849999999957756, -0.7092097851852753 
23.859999999957733, -0.7076273949221102 
23.86999999995771, -0.7070543752446485 
23.879999999957686, -0.7069903772091998 
23.889999999957663, -0.7070054281692371 
23.89999999995764, -0.7070471331563931 
23.909999999957616, -0.7069823800890515 
23.919999999957593, -0.7068778372182433 
23.92999999995757, -0.7080343648688442 
23.939999999957546, -0.7140772653814063 
23.949999999957523, -0.7207105964868704 
23.9599999999575, -0.7215181687859407 
23.969999999957476, -0.7211946512869782 
23.979999999957453, -0.7168466352887427 
23.98999999995743, -0.7006208485166672 
23.999999999957407, -0.6951351797527208 
24.009999999957383, -0.694726413993702 
24.01999999995736, -0.6946340740827579 
24.029999999957337, -0.6943138078425177 
24.039999999957313, -0.693974093769852 
24.04999999995729, -0.6937162626937615 
24.059999999957267, -0.6937106997595367 
24.069999999957243, -0.6943187555995907 
24.07999999995722, -0.6958055363430633 
24.089999999957197, -0.6970436312903091 
24.099999999957173, -0.6971130114164737 
24.10999999995715, -0.6965048486098415 
24.119999999957127, -0.6900793116031406 
24.129999999957104, -0.6610207998849168 
24.13999999995708, -0.657546933800082 
24.149999999957057, -0.6575633467433171 
24.159999999957034, -0.6573392087847346 
24.16999999995701, -0.6567434017076952 
24.179999999956987, -0.6562559292827819 
24.189999999956964, -0.6559793129963658 
24.19999999995694, -0.6560438174711465 
24.209999999956917, -0.6566758409012184 
24.219999999956894, -0.6580831407740717 
24.22999999995687, -0.6589781998306743 
24.239999999956847, -0.6589269089887512 
24.249999999956824, -0.6578950053701756 
24.2599999999568, -0.6416555044504341 
24.269999999956777, -0.6162450127614232 
24.279999999956754, -0.6140599891777572 
24.28999999995673, -0.6140061210861509 
24.299999999956707, -0.6138398046158223 
24.309999999956684, -0.6135560466887424 
24.31999999995666, -0.6133561679232893 
24.329999999956637, -0.6132061634943593 
24.339999999956614, -0.6136046252440104 
24.34999999995659, -0.6166245410401983 
24.359999999956568, -0.624344116027807 
24.369999999956544, -0.6268012450264218 
24.37999999995652, -0.6268314037161746 
24.389999999956498, -0.6257509377757602 
24.399999999956474, -0.6214355397333035 
24.40999999995645, -0.6186772898849388 
24.419999999956428, -0.6179054973626509 
24.429999999956404, -0.6178196448866262 
24.43999999995638, -0.6178972512243305 
24.449999999956358, -0.6181101818831976 
24.459999999956334, -0.6182400621254008 
24.46999999995631, -0.6180959254400191 
24.479999999956288, -0.6184629023633365 
24.489999999956265, -0.6351643596479782 
24.49999999995624, -0.6532837532400546 
24.509999999956218, -0.6542972885379674 
24.519999999956195, -0.654314097244234 
24.52999999995617, -0.6537494008453398 
24.539999999956148, -0.6526024430481686 
24.549999999956125, -0.6518669448871176 
24.5599999999561, -0.6515582968811914 
24.569999999956078, -0.6516236147079172 
24.579999999956055, -0.6520239320825758 
24.58999999995603, -0.6527394722193149 
24.599999999956008, -0.6530221384872086 
24.609999999955985, -0.6528149696547907 
24.61999999995596, -0.652372622488071 
24.62999999995594, -0.6490712499427218 
24.639999999955915, -0.6377996665806114 
24.64999999995589, -0.637639816873087 
24.65999999995587, -0.6375936029443275 
24.669999999955845, -0.6371496625319949 
24.67999999995582, -0.6365369490731005 
24.6899999999558, -0.6361540071576889 
24.699999999955775, -0.6360127054095157 
24.709999999955752, -0.6363481309053589 
24.71999999995573, -0.6375490413790338 
24.729999999955705, -0.6393883689303704 
24.739999999955682, -0.6398641061209078 
24.74999999995566, -0.639567134954616 
24.759999999955635, -0.635692810057792 
24.769999999955612, -0.6136056584279654 
24.77999999995559, -0.6059918319289122 
24.789999999955565, -0.6053758907540553 
24.799999999955542, -0.6053257827485062 
24.80999999995552, -0.6051900463436899 
24.819999999955495, -0.6050887921979912 
24.829999999955472, -0.604973904710591 
24.83999999995545, -0.604917933712491 
24.849999999955426, -0.6066198819057123 
24.859999999955402, -0.6191454942972326 
24.86999999995538, -0.6315253511959386 
24.879999999955356, -0.6324791074963986 
24.889999999955332, -0.6322850895709446 
24.89999999995531, -0.6308024666667964 
24.909999999955286, -0.6285642773372243 
24.919999999955262, -0.6275376497749494 
24.92999999995524, -0.6272457715495229 
24.939999999955216, -0.6273127835355371 
24.949999999955192, -0.627595476597604 
24.95999999995517, -0.6280277193855278 
24.969999999955146, -0.6280887611561777 
24.979999999955123, -0.6278312659214228 
24.9899999999551, -0.6291896112788264 
24.999999999955076, -0.6338878850650073 
