t, s[1].omega / s[0].omega 
0, -2.000121417741623 
0.009999999999999995, -2.009222454494129 
0.019999999999999934, -2.013677684371368 
0.029999999999999874, -2.0155828722235256 
0.04000000000000012, -2.0161831519119238 
0.050000000000000405, -2.0160766205717064 
0.06000000000000069, -2.0155495159392816 
0.07000000000000098, -2.0147723961546746 
0.08000000000000126, -2.0138845469242006 
0.09000000000000155, -2.0130282337509664 
0.10000000000000184, -2.012395726151913 
0.11000000000000212, -2.012109395950507 
0.12000000000000241, -2.012007551125584 
0.130000000000002, -2.0117861733276508 
0.1400000000000009, -2.0111797109553886 
0.1499999999999998, -2.0098365316385642 
0.1599999999999987, -2.007039533122182 
0.1699999999999976, -2.001715501430366 
0.1799999999999965, -1.9950705096294832 
0.1899999999999954, -1.9962331498664816 
0.1999999999999943, -2.009447756975606 
0.2099999999999932, -2.0229390947099875 
0.2199999999999921, -2.030842525329752 
0.229999999999991, -2.034601949343286 
0.2399999999999899, -2.0361510256874364 
0.2499999999999888, -2.0365597741566193 
0.2599999999999877, -2.0363336678132087 
0.2699999999999866, -2.035718025785822 
0.2799999999999855, -2.0348667458346545 
0.2899999999999844, -2.0339129889158323 
0.2999999999999833, -2.033021401889452 
0.3099999999999822, -2.0324228051440043 
0.3199999999999811, -2.0321967645773293 
0.32999999999998, -2.032098706368774 
0.3399999999999789, -2.0318094429084135 
0.3499999999999778, -2.031060931878815 
0.35999999999997667, -2.029445234273185 
0.36999999999997557, -2.026175906188711 
0.37999999999997447, -2.020680909287101 
0.38999999999997337, -2.016819698114681 
0.39999999999997227, -2.023640706764407 
0.40999999999997117, -2.0373556423276873 
0.41999999999997006, -2.0477045138086702 
0.42999999999996896, -2.0531950225134823 
0.43999999999996786, -2.0556976030048486 
0.44999999999996676, -2.0566225465536134 
0.45999999999996566, -2.0566889266459087 
0.46999999999996456, -2.0562351209163743 
0.47999999999996346, -2.0554346300544513 
0.48999999999996235, -2.0544106947537983 
0.49999999999996125, -2.0533051836610223 
0.5099999999999602, -2.0523726003088756 
0.519999999999959, -2.0518884973669502 
0.529999999999958, -2.051770292044206 
0.5399999999999568, -2.0516460270385166 
0.5499999999999557, -2.051209423663734 
0.5599999999999546, -2.0501813377590654 
0.5699999999999535, -2.048074426007205 
0.5799999999999524, -2.0443038920087724 
0.5899999999999513, -2.040402582766467 
0.5999999999999502, -2.043194921352467 
0.6099999999999491, -2.054022714679327 
0.619999999999948, -2.064228890589063 
0.6299999999999469, -2.0702739155809318 
0.6399999999999458, -2.0732453605063914 
0.6499999999999447, -2.0744766919516855 
0.6599999999999436, -2.0747287580778297 
0.6699999999999425, -2.074371818219384 
0.6799999999999414, -2.0735801246994474 
0.6899999999999403, -2.0724518721418037 
0.6999999999999392, -2.071098551240042 
0.7099999999999381, -2.0697880769256147 
0.719999999999937, -2.068966730034929 
0.7299999999999359, -2.068751944570494 
0.7399999999999348, -2.0687279401598158 
0.7499999999999337, -2.0684866550868715 
0.7599999999999326, -2.0677840547373942 
0.7699999999999315, -2.0663179503491054 
0.7799999999999304, -2.0637361605575237 
0.7899999999999293, -2.06095591851796 
0.7999999999999282, -2.062446900293284 
0.8099999999999271, -2.070083811485663 
0.819999999999926, -2.078163922334612 
0.8299999999999249, -2.083364620360793 
0.8399999999999238, -2.0860871983443166 
0.8499999999999227, -2.0872760587683503 
0.8599999999999216, -2.087531833413294 
0.8699999999999205, -2.087156793858866 
0.8799999999999194, -2.086279954506369 
0.8899999999999183, -2.0849474015587517 
0.8999999999999172, -2.0832207261101834 
0.9099999999999161, -2.081394730931418 
0.919999999999915, -2.0801407952371433 
0.9299999999999139, -2.0798112208848796 
0.9399999999999128, -2.079894485560236 
0.9499999999999117, -2.0798172273242317 
0.9599999999999106, -2.0793307486130033 
0.9699999999999095, -2.0782565796761228 
0.9799999999999084, -2.076445992644245 
0.9899999999999073, -2.074648318355547 
0.9999999999999062, -2.0757279070256716 
1.0099999999999052, -2.080798609765751 
1.019999999999904, -2.08636221870081 
1.029999999999903, -2.0901456234536497 
1.039999999999902, -2.0922170582042026 
1.0499999999999008, -2.0931193312513545 
1.0599999999998997, -2.09322621567597 
1.0699999999998986, -2.0927181593643196 
1.0799999999998975, -2.0916391052660557 
1.0899999999998964, -2.0899475404552805 
1.0999999999998953, -2.087623510973378 
1.1099999999998942, -2.085013608660393 
1.119999999999893, -2.0831601248162657 
1.129999999999892, -2.082733969031799 
1.1399999999998909, -2.082994748191346 
1.1499999999998898, -2.0831059130263636 
1.1599999999998887, -2.082801510452647 
1.1699999999998876, -2.082003015893729 
1.1799999999998865, -2.0807000031129763 
1.1899999999998854, -2.079509393444394 
1.1999999999998843, -2.0802306384246387 
1.2099999999998832, -2.083435365811319 
1.219999999999882, -2.087043332675332 
1.229999999999881, -2.089606343264947 
1.2399999999998799, -2.0910441052968465 
1.2499999999998788, -2.091621441020152 
1.2599999999998777, -2.091527494684251 
1.2699999999998766, -2.0908230623304283 
1.2799999999998755, -2.0894476177535095 
1.2899999999998744, -2.087233395696365 
1.2999999999998733, -2.0840253480105124 
1.3099999999998722, -2.0802293548454025 
1.319999999999871, -2.0774843531700404 
1.32999999999987, -2.0769703827037143 
1.3399999999998689, -2.0775261222214088 
1.3499999999998678, -2.077894979564008 
1.3599999999998666, -2.0777837386118496 
1.3699999999998655, -2.077207816285896 
1.3799999999998644, -2.07623888759301 
1.3899999999998633, -2.0753396634536916 
1.3999999999998622, -2.0756541626843505 
1.4099999999998611, -2.077593488600756 
1.41999999999986, -2.0799417051782334 
1.429999999999859, -2.081702998813228 
1.4399999999998578, -2.0827085467040147 
1.4499999999998567, -2.0830546743319447 
1.4599999999998556, -2.0828076059751455 
1.4699999999998545, -2.0819333269315417 
1.4799999999998534, -2.080266177411146 
1.4899999999998523, -2.0774824626343076 
1.4999999999998512, -2.0732113064246986 
1.5099999999998501, -2.0678073306867466 
1.519999999999849, -2.063657207340246 
1.529999999999848, -2.0628982000429756 
1.5399999999998468, -2.0638743629365837 
1.5499999999998457, -2.0646245327266444 
1.5599999999998446, -2.064763201132911 
1.5699999999998435, -2.06440084319899 
1.5799999999998424, -2.063665759905152 
1.5899999999998413, -2.0628785056742815 
1.5999999999998402, -2.062796758352019 
1.6099999999998391, -2.063875648528165 
1.619999999999838, -2.0654584059270134 
1.629999999999837, -2.066768300495809 
1.6399999999998358, -2.067556701473367 
1.6499999999998347, -2.0678153661987477 
1.6599999999998336, -2.067537986861347 
1.6699999999998325, -2.0666340999366684 
1.6799999999998314, -2.0648675248852606 
1.6899999999998303, -2.0617849733142317 
1.6999999999998292, -2.0567502512480207 
1.709999999999828, -2.0497232148029396 
1.719999999999827, -2.0433856817600136 
1.729999999999826, -2.0416080536706738 
1.7399999999998248, -2.0429678611571753 
1.7499999999998237, -2.044299188009608 
1.7599999999998226, -2.0448222771652778 
1.7699999999998215, -2.0447221078981395 
1.7799999999998204, -2.044199275154025 
1.7899999999998193, -2.043477976838578 
1.7999999999998182, -2.0430557317820783 
1.809999999999817, -2.043473862844432 
1.819999999999816, -2.0445432629786593 
1.8299999999998149, -2.045626468009235 
1.8399999999998138, -2.0463726384585845 
1.8499999999998127, -2.046691335747311 
1.8599999999998116, -2.0465393006135555 
1.8699999999998105, -2.0458183566270542 
1.8799999999998094, -2.0442997005529637 
1.8899999999998083, -2.0415258481914162 
1.8999999999998072, -2.036730948613851 
1.909999999999806, -2.0292154451054314 
1.919999999999805, -2.0204458122667335 
1.9299999999998039, -2.0156616262147056 
1.9399999999998028, -2.0164349577143907 
1.9499999999998017, -2.0185066212316087 
1.9599999999998006, -2.019687449569203 
1.9699999999997995, -2.0200002786008127 
1.9799999999997984, -2.019756454560998 
1.9899999999997973, -2.01916929172338 
1.9999999999997962, -2.0185339920939027 
2.0099999999998173, -2.0183640455612997 
2.0199999999998384, -2.018935004526107 
2.0299999999998595, -2.0198728833621264 
2.0399999999998806, -2.020699598400108 
2.0499999999999017, -2.0212053003646497 
2.059999999999923, -2.0213147899668322 
2.069999999999944, -2.020952214074363 
2.079999999999965, -2.019964172243735 
2.089999999999986, -2.0180320578248754 
2.100000000000007, -2.0145559136420905 
2.1100000000000283, -2.0086202130038724 
2.1200000000000494, -1.9997655454645205 
2.1300000000000705, -1.990805092270638 
2.1400000000000916, -1.9874836768292625 
2.1500000000001127, -1.9891959314505274 
2.160000000000134, -1.991322936126559 
2.170000000000155, -1.9923845825087472 
2.180000000000176, -1.9926109862585022 
2.190000000000197, -1.992317027455049 
2.2000000000002182, -1.9917140594301148 
2.2100000000002393, -1.9911162689608992 
2.2200000000002604, -1.9910236875802316 
2.2300000000002815, -1.991637789226461 
2.2400000000003026, -1.9925647871990475 
2.2500000000003237, -1.9933653554533168 
2.260000000000345, -1.9938494557158228 
2.270000000000366, -1.9939430483866676 
2.280000000000387, -1.9935691892332386 
2.290000000000408, -1.9925775464679252 
2.3000000000004293, -1.9906644926092976 
2.3100000000004504, -1.9872723743808975 
2.3200000000004715, -1.9815693742150173 
2.3300000000004926, -1.9731298924410345 
2.3400000000005137, -1.9643837581087993 
2.3500000000005348, -1.960639944627611 
2.360000000000556, -1.961921827473707 
2.370000000000577, -1.9639473549538429 
2.380000000000598, -1.9650346178428912 
2.390000000000619, -1.9653012537225538 
2.4000000000006403, -1.9650379756707157 
2.4100000000006614, -1.9644397014584805 
2.4200000000006825, -1.963788658184928 
2.4300000000007036, -1.9636044991075228 
2.4400000000007247, -1.964221568468778 
2.450000000000746, -1.965297171520086 
2.460000000000767, -1.9662997548626753 
2.470000000000788, -1.9669737133514236 
2.480000000000809, -1.9672430819517248 
2.49000000000083, -1.9670595815636354 
2.5000000000008513, -1.96632849685341 
2.5100000000008724, -1.9648505162224925 
2.5200000000008935, -1.9622556148230152 
2.5300000000009146, -1.957965660080971 
2.5400000000009357, -1.9514690630914011 
2.550000000000957, -1.943683804224893 
2.560000000000978, -1.938384707329234 
2.570000000000999, -1.937887049485246 
2.58000000000102, -1.9394489898076857 
2.5900000000010412, -1.9406274539373816 
2.6000000000010624, -1.941043705676913 
2.6100000000010835, -1.9408940277896676 
2.6200000000011046, -1.9403432211961582 
2.6300000000011257, -1.9395855515527156 
2.6400000000011468, -1.9391029076720887 
2.650000000001168, -1.9395351515572838 
2.660000000001189, -1.9408484745557704 
2.67000000000121, -1.942339474342178 
2.680000000001231, -1.9435003083253164 
2.6900000000012523, -1.944188618170432 
2.7000000000012734, -1.9443933771303343 
2.7100000000012945, -1.944098863034157 
2.7200000000013156, -1.943231062476731 
2.7300000000013367, -1.9416218869411668 
2.740000000001358, -1.9389801652455716 
2.750000000001379, -1.9349348357503058 
2.7600000000014, -1.929442935678678 
2.770000000001421, -1.9238922022681042 
2.780000000001442, -1.9209986726608501 
2.7900000000014633, -1.9211385257790414 
2.8000000000014844, -1.922139236086693 
2.8100000000015055, -1.9227325906656259 
2.8200000000015266, -1.9227730745638472 
2.8300000000015477, -1.9223549233051618 
2.840000000001569, -1.9215627301596314 
2.85000000000159, -1.9206617915578899 
2.860000000001611, -1.920429189141641 
2.870000000001632, -1.9216462636228644 
2.8800000000016532, -1.9238711769782335 
2.8900000000016743, -1.9260264856015206 
2.9000000000016954, -1.9275776703132823 
2.9100000000017165, -1.9284722538537238 
2.9200000000017377, -1.9287817450160827 
2.9300000000017588, -1.9285544414341458 
2.94000000000178, -1.9277779832127897 
2.950000000001801, -1.9263676271747054 
2.960000000001822, -1.9241678579173978 
2.970000000001843, -1.921021720545656 
2.9800000000018643, -1.9170926131267176 
2.9900000000018854, -1.9134732684132376 
3.0000000000019065, -1.9117302291873315 
3.0100000000019276, -1.9118014141339752 
3.0200000000019487, -1.912334628065714 
3.03000000000197, -1.9125648707688239 
3.040000000001991, -1.9123552508752113 
3.050000000002012, -1.9116974847716228 
3.060000000002033, -1.91059999287938 
3.070000000002054, -1.9094179657544725 
3.0800000000020753, -1.9094004864577425 
3.0900000000020964, -1.9117171996796247 
3.1000000000021175, -1.915404508703335 
3.1100000000021386, -1.9187204333609915 
3.1200000000021597, -1.9210000512838512 
3.130000000002181, -1.9223142979215293 
3.140000000002202, -1.9228715218964285 
3.150000000002223, -1.9228238621860083 
3.160000000002244, -1.922243895331453 
3.1700000000022652, -1.9211357452800062 
3.1800000000022863, -1.9194572046298386 
3.1900000000023074, -1.9171846725368074 
3.2000000000023285, -1.9145189784364185 
3.2100000000023496, -1.9121884039821524 
3.2200000000023707, -1.9110664127349437 
3.230000000002392, -1.9110350882318585 
3.240000000002413, -1.911265309428531 
3.250000000002434, -1.9112484591008532 
3.260000000002455, -1.9108260503643248 
3.2700000000024763, -1.9098864248953138 
3.2800000000024974, -1.9083205368046863 
3.2900000000025185, -1.906551739909744 
3.3000000000025396, -1.9066017502943318 
3.3100000000025607, -1.910525846276914 
3.3200000000025818, -1.9165354911472452 
3.330000000002603, -1.9216505539608337 
3.340000000002624, -1.9249863107870167 
3.350000000002645, -1.926855179365819 
3.360000000002666, -1.9277009552174533 
3.3700000000026873, -1.9278297754914504 
3.3800000000027084, -1.9274141217404985 
3.3900000000027295, -1.926536527643013 
3.4000000000027506, -1.9252343335532927 
3.4100000000027717, -1.9235610511793264 
3.420000000002793, -1.9217187429197982 
3.430000000002814, -1.9202044630580761 
3.440000000002835, -1.9194998016776286 
3.450000000002856, -1.9194416267437973 
3.460000000002877, -1.919481407247498 
3.4700000000028983, -1.919264056736892 
3.4800000000029194, -1.9186042537670924 
3.4900000000029405, -1.917264932900418 
3.5000000000029616, -1.9149526430188746 
3.5100000000029827, -1.9121741461709156 
3.520000000003004, -1.9122364383540162 
3.530000000003025, -1.9185327523191193 
3.540000000003046, -1.9276226312505034 
3.550000000003067, -1.9347574402691439 
3.5600000000030882, -1.93905806023938 
3.5700000000031094, -1.9413112059271036 
3.5800000000031305, -1.9422865637091884 
3.5900000000031516, -1.9424593368452912 
3.6000000000031727, -1.942087616822732 
3.6100000000031938, -1.941308234516884 
3.620000000003215, -1.940209756965429 
3.630000000003236, -1.9388939561930574 
3.640000000003257, -1.9375684761275658 
3.650000000003278, -1.9365988598125419 
3.6600000000032993, -1.9362089017525044 
3.6700000000033204, -1.9361585454306507 
3.6800000000033415, -1.9360465903964712 
3.6900000000033626, -1.9356069219205765 
3.7000000000033837, -1.9345966311998406 
3.710000000003405, -1.9325895652132488 
3.720000000003426, -1.9290597855267024 
3.730000000003447, -1.9250182052767097 
3.740000000003468, -1.926140971038718 
3.750000000003489, -1.9360474039066218 
3.7600000000035103, -1.9477462749189265 
3.7700000000035314, -1.955708849512948 
3.7800000000035525, -1.9600233390708297 
3.7900000000035736, -1.9620741095066532 
3.8000000000035947, -1.9628412556068724 
3.810000000003616, -1.9628561888125042 
3.820000000003637, -1.962389530501898 
3.830000000003658, -1.9615925462737736 
3.840000000003679, -1.9605817042118883 
3.8500000000037002, -1.9594908208138304 
3.8600000000037213, -1.9585396061160207 
3.8700000000037424, -1.9579850193238055 
3.8800000000037635, -1.9578185372929195 
3.8900000000037847, -1.9577303732098046 
3.9000000000038058, -1.9574158876570014 
3.910000000003827, -1.9566265365453421 
3.920000000003848, -1.9549659744523058 
3.930000000003869, -1.9516933530375549 
3.94000000000389, -1.946315163336467 
3.9500000000039113, -1.9423235484445076 
3.9600000000039324, -1.9483328735588703 
3.9700000000039535, -1.9621745636872643 
3.9800000000039746, -1.9736102022932607 
3.9900000000039957, -1.9800657933959165 
4.000000000004016, -1.9831718588334737 
4.010000000003993, -1.984452705330046 
4.02000000000397, -1.9847469245087273 
4.030000000003946, -1.9844659404348828 
4.040000000003923, -1.9838212273702112 
4.0500000000039, -1.982955253255864 
4.0600000000038765, -1.9819981835221205 
4.070000000003853, -1.981113325728136 
4.08000000000383, -1.9805195797215365 
4.090000000003807, -1.980290038612018 
4.100000000003783, -1.9801968013130462 
4.11000000000376, -1.9799344257796387 
4.120000000003737, -1.9792466214251818 
4.130000000003713, -1.977759547404465 
4.14000000000369, -1.9747188898948178 
4.150000000003667, -1.9691676528367146 
4.1600000000036434, -1.9630438668585128 
4.17000000000362, -1.9657353020597437 
4.180000000003597, -1.979493350954635 
4.1900000000035735, -1.992641464322863 
4.20000000000355, -2.00028482200839 
4.210000000003527, -2.0039492832149577 
4.220000000003504, -2.005474740709597 
4.23000000000348, -2.00588465028335 
4.240000000003457, -2.005670011020904 
4.250000000003434, -2.0050738310371523 
4.26000000000341, -2.0042520150864265 
4.270000000003387, -2.0033390888868743 
4.280000000003364, -2.002487024930171 
4.2900000000033405, -2.0018997100570557 
4.300000000003317, -2.0016613781343633 
4.310000000003294, -2.0015629726375193 
4.320000000003271, -2.001300768833153 
4.330000000003247, -2.0006130287586794 
4.340000000003224, -1.999117057621041 
4.350000000003201, -1.9960335996963914 
4.360000000003177, -1.9903604920785607 
4.370000000003154, -1.9841436694803185 
4.380000000003131, -1.9871501730097012 
4.390000000003107, -2.001135706343713 
4.400000000003084, -2.014022494974724 
4.410000000003061, -2.021331357475931 
4.4200000000030375, -2.0247710647208543 
4.430000000003014, -2.0261646151554222 
4.440000000002991, -2.0264945719301175 
4.450000000002968, -2.0262252291916787 
4.460000000002944, -2.0255866704674506 
4.470000000002921, -2.0247295299334476 
4.480000000002898, -2.0237873174485657 
4.490000000002874, -2.0229267671315254 
4.500000000002851, -2.0223693816439208 
4.510000000002828, -2.0221664956496674 
4.520000000002804, -2.0220632136439476 
4.530000000002781, -2.0217504136363607 
4.540000000002758, -2.020960116647842 
4.5500000000027345, -2.0192636738355096 
4.560000000002711, -2.0158304758050662 
4.570000000002688, -2.010056961856806 
4.580000000002665, -2.0059677979382995 
4.590000000002641, -2.012945623212802 
4.600000000002618, -2.0270499616568145 
4.610000000002595, -2.037679225419707 
4.620000000002571, -2.0433024783922127 
4.630000000002548, -2.0458595982666976 
4.640000000002525, -2.046808622489471 
4.6500000000025015, -2.0468908883154504 
4.660000000002478, -2.046455322058794 
4.670000000002455, -2.0456827084384264 
4.6800000000024315, -2.0447025437706694 
4.690000000002408, -2.043654405310938 
4.700000000002385, -2.04276964708576 
4.710000000002362, -2.0422991488851214 
4.720000000002338, -2.042172911278527 
4.730000000002315, -2.0420428920180482 
4.740000000002292, -2.0416078528702775 
4.750000000002268, -2.0405841716303077 
4.760000000002245, -2.038464413967275 
4.770000000002222, -2.034535120607801 
4.7800000000021985, -2.029887535512314 
4.790000000002175, -2.031522722192407 
4.800000000002152, -2.0425924025470303 
4.810000000002129, -2.0539625717591816 
4.820000000002105, -2.0608530899795197 
4.830000000002082, -2.0642566417999797 
4.840000000002059, -2.0656982257831507 
4.850000000002035, -2.0660656366066603 
4.860000000002012, -2.0657920145343494 
4.870000000001989, -2.0650834768427786 
4.880000000001965, -2.064057104184951 
4.890000000001942, -2.0628254848273793 
4.900000000001919, -2.061609020954723 
4.9100000000018955, -2.0607899028795265 
4.920000000001872, -2.060525850049461 
4.930000000001849, -2.0604803695065375 
4.940000000001826, -2.0602540478813394 
4.950000000001802, -2.0595887234656054 
4.960000000001779, -2.0581665684692156 
4.970000000001756, -2.055515375072641 
4.980000000001732, -2.052040838528778 
4.990000000001709, -2.0520829120634425 
5.000000000001686, -2.059669528251932 
5.0100000000016625, -2.069223142593236 
5.020000000001639, -2.0757070027055096 
5.030000000001616, -2.0791550916922015 
5.0400000000015925, -2.0807232521773296 
5.050000000001569, -2.081196471735778 
5.060000000001546, -2.080979910547909 
5.070000000001523, -2.080260225912671 
5.080000000001499, -2.0791202189237223 
5.090000000001476, -2.0776285600959854 
5.100000000001453, -2.0759947364638776 
5.110000000001429, -2.0747403037310286 
5.120000000001406, -2.074279636506797 
5.130000000001383, -2.0742920148925075 
5.1400000000013595, -2.074225240476876 
5.150000000001336, -2.0737866422714433 
5.160000000001313, -2.072768446323775 
5.17000000000129, -2.0709112376591143 
5.180000000001266, -2.0685527285745837 
5.190000000001243, -2.0684938268452417 
5.20000000000122, -2.073538314746558 
5.210000000001196, -2.08039023073179 
5.220000000001173, -2.085391505772164 
5.23000000000115, -2.0882136661496156 
5.240000000001126, -2.0895460701037694 
5.250000000001103, -2.089925962237783 
5.26000000000108, -2.0896394765120903 
5.2700000000010565, -2.0888023966012432 
5.280000000001033, -2.087430104766187 
5.29000000000101, -2.0855190096373724 
5.300000000000987, -2.083267468224084 
5.310000000000963, -2.081413873492714 
5.32000000000094, -2.080720920473964 
5.330000000000917, -2.0808301399653866 
5.340000000000893, -2.080938073972485 
5.35000000000087, -2.0806830689209526 
5.360000000000847, -2.0799368130667406 
5.3700000000008234, -2.078594843644724 
5.3800000000008, -2.077001760499013 
5.390000000000777, -2.0769982596479477 
5.4000000000007535, -2.0802398043189614 
5.41000000000073, -2.084754746456661 
5.420000000000707, -2.0882198654471447 
5.430000000000684, -2.0902603771742383 
5.44000000000066, -2.091219927791445 
5.450000000000637, -2.0914024472239943 
5.460000000000614, -2.090958785147974 
5.47000000000059, -2.0899083748700784 
5.480000000000567, -2.088166112130186 
5.490000000000544, -2.085613517004754 
5.5000000000005205, -2.0824229828527057 
5.510000000000497, -2.079680940594058 
5.520000000000474, -2.078698372544985 
5.5300000000004506, -2.078992865000219 
5.540000000000427, -2.079340812841461 
5.550000000000404, -2.079277607414357 
5.560000000000381, -2.078748531362792 
5.570000000000357, -2.0777574383476045 
5.580000000000334, -2.0766123097353746 
5.590000000000311, -2.0765093881927643 
5.600000000000287, -2.078472413008149 
5.610000000000264, -2.0813747255344692 
5.620000000000241, -2.0837281880997347 
5.6300000000002175, -2.0851621327944203 
5.640000000000194, -2.085807172821904 
5.650000000000171, -2.085804740489349 
5.660000000000148, -2.085195537661938 
5.670000000000124, -2.083900689920151 
5.680000000000101, -2.081709167351386 
5.690000000000078, -2.0783296956569837 
5.700000000000054, -2.0738349185845744 
5.710000000000031, -2.0697507581986843 
5.720000000000008, -2.0682903856343433 
5.729999999999984, -2.068861959155784 
5.739999999999961, -2.0695631636515843 
5.749999999999938, -2.0697445013809483 
5.7599999999999145, -2.0694241655087913 
5.769999999999891, -2.0686882670386733 
5.779999999999868, -2.067780023485242 
5.789999999999845, -2.0674724746021336 
5.799999999999821, -2.0685321977313444 
5.809999999999798, -2.0704137489298673 
5.819999999999775, -2.0720874267274434 
5.829999999999751, -2.07316049528787 
5.839999999999728, -2.073631196624187 
5.849999999999705, -2.073539816186395 
5.8599999999996815, -2.072853236524308 
5.869999999999658, -2.071415382587838 
5.879999999999635, -2.068895344482443 
5.8899999999996115, -2.0647888248599884 
5.899999999999588, -2.0588826290496263 
5.909999999999565, -2.0528819616507614 
5.919999999999542, -2.0503279444784694 
5.929999999999518, -2.0511077784940457 
5.939999999999495, -2.0523255479045117 
5.949999999999472, -2.052870470980028 
5.959999999999448, -2.0528012515862915 
5.969999999999425, -2.0522888202877065 
5.979999999999402, -2.051525832156826 
5.9899999999993785, -2.0510006430531402 
5.999999999999355, -2.051379225012458 
6.009999999999332, -2.052581085415115 
6.019999999999309, -2.0538690083361515 
6.029999999999285, -2.0547893081569883 
6.039999999999262, -2.0552390176376067 
6.049999999999239, -2.055198247226315 
6.059999999999215, -2.054602197732588 
6.069999999999192, -2.053271478500076 
6.079999999999169, -2.0508313599764043 
6.089999999999145, -2.04663846289615 
6.099999999999122, -2.040031703310831 
6.109999999999099, -2.0319705093802645 
6.1199999999990755, -2.0269033820929923 
6.129999999999052, -2.027071579699339 
6.139999999999029, -2.028909402960498 
6.149999999999006, -2.0300491459797687 
6.159999999998982, -2.0303605136543297 
6.169999999998959, -2.030115937342863 
6.179999999998936, -2.0295157960664962 
6.189999999998912, -2.028850587994745 
6.199999999998889, -2.0286652960516607 
6.209999999998866, -2.0292867525759557 
6.2199999999988425, -2.0303205280627123 
6.229999999998819, -2.0312337237302898 
6.239999999998796, -2.031798594727463 
6.2499999999987725, -2.0319472130419984 
6.259999999998749, -2.031615749953457 
6.269999999998726, -2.0306644025454696 
6.279999999998703, -2.028794434024457 
6.289999999998679, -2.0254396425750683 
6.299999999998656, -2.0197357486915632 
6.309999999998633, -2.0112553810006473 
6.319999999998609, -2.0026885008789064 
6.329999999998586, -1.999507237587821 
6.339999999998563, -2.0011163216477974 
6.3499999999985395, -2.0031136828915206 
6.359999999998516, -2.004093816221896 
6.369999999998493, -2.0042727293156006 
6.37999999999847, -2.0039464429802534 
6.389999999998446, -2.0033232448918925 
6.399999999998423, -2.0027375279325708 
6.4099999999984, -2.002704876109573 
6.419999999998376, -2.003383495663192 
6.429999999998353, -2.004334688447073 
6.43999999999833, -2.0051254951374275 
6.449999999998306, -2.00558177992468 
6.459999999998283, -2.005635060849829 
6.46999999999826, -2.005205285308203 
6.4799999999982365, -2.0041289893638607 
6.489999999998213, -2.0020744057565008 
6.49999999999819, -1.9984358519201368 
6.509999999998167, -1.9923446543829697 
6.519999999998143, -1.9835573629164345 
6.52999999999812, -1.9751548678679995 
6.539999999998097, -1.9723764187931263 
6.549999999998073, -1.9740816737412132 
6.55999999999805, -1.9760315551221663 
6.569999999998027, -1.976978433286272 
6.5799999999980034, -1.9771455985172284 
6.58999999999798, -1.9768159482972834 
6.599999999997957, -1.976187987087222 
6.6099999999979335, -1.975586902318954 
6.61999999999791, -1.9755394882048063 
6.629999999997887, -1.9762489593970805 
6.639999999997864, -1.9772851934930038 
6.64999999999784, -1.9781770474935112 
6.659999999997817, -1.978727873608035 
6.669999999997794, -1.9788724954098977 
6.67999999999777, -1.978549137170416 
6.689999999997747, -1.9776316690076545 
6.699999999997724, -1.975863133254046 
6.7099999999977005, -1.9727773591060072 
6.719999999997677, -1.9676860160641714 
6.729999999997654, -1.960197448611277 
6.7399999999976306, -1.9521431572872334 
6.749999999997607, -1.9480606210505242 
6.759999999997584, -1.9487115511632767 
6.769999999997561, -1.950472239151488 
6.779999999997537, -1.9515056423760069 
6.789999999997514, -1.9517730947967984 
6.799999999997491, -1.9515148457327094 
6.809999999997467, -1.9509015198538155 
6.819999999997444, -1.9501911575477133 
6.829999999997421, -1.9499346169018814 
6.8399999999973975, -1.9505981631936578 
6.849999999997374, -1.9518795912923619 
6.859999999997351, -1.9531333422534671 
6.869999999997328, -1.9540221320951336 
6.879999999997304, -1.9544651137184395 
6.889999999997281, -1.954441071675226 
6.899999999997258, -1.9538977135503146 
6.909999999997234, -1.9527033261262434 
6.919999999997211, -1.9506016375979496 
6.929999999997188, -1.9471825810965622 
6.939999999997164, -1.9420236584080228 
6.949999999997141, -1.9355062691294944 
6.959999999997118, -1.930155535581418 
6.9699999999970945, -1.9286241721063913 
6.979999999997071, -1.9295946134504036 
6.989999999997048, -1.9306629002094522 
6.999999999997025, -1.9311085775146903 
7.009999999997001, -1.9310016472059726 
7.019999999996978, -1.930467644248426 
7.029999999996955, -1.9296449581040889 
7.039999999996931, -1.9289624502373368 
7.049999999996908, -1.9292273760042 
7.059999999996885, -1.9307171597251922 
7.0699999999968615, -1.9326605152884184 
7.079999999996838, -1.9342854847803157 
7.089999999996815, -1.9353439300467348 
7.0999999999967915, -1.93584150927147 
7.109999999996768, -1.9358138808242802 
7.119999999996745, -1.9352519939987611 
7.129999999996722, -1.9340751013698807 
7.139999999996698, -1.9321143514519903 
7.149999999996675, -1.9291277916762293 
7.159999999996652, -1.9249878042440787 
7.169999999996628, -1.9203260094783414 
7.179999999996605, -1.9170308180632578 
7.189999999996582, -1.9163050275414562 
7.1999999999965585, -1.916926473411793 
7.209999999996535, -1.9174845833983025 
7.219999999996512, -1.917579472232878 
7.229999999996489, -1.9172170664638404 
7.239999999996465, -1.916426064618993 
7.249999999996442, -1.9153428146837919 
7.259999999996419, -1.9146569071377837 
7.269999999996395, -1.9155909302779324 
7.279999999996372, -1.9182500263040236 
7.289999999996349, -1.9212499342497786 
7.299999999996325, -1.923572331456316 
7.309999999996302, -1.9250339697825183 
7.319999999996279, -1.9257570712018413 
7.3299999999962555, -1.9258708761382202 
7.339999999996232, -1.925441494874211 
7.349999999996209, -1.9244656047296158 
7.359999999996186, -1.9228776635778477 
7.369999999996162, -1.9205841665901826 
7.379999999996139, -1.9176147499933667 
7.389999999996116, -1.914511319506499 
7.399999999996092, -1.9124466795223616 
7.409999999996069, -1.9119753529781438 
7.419999999996046, -1.9122838248465321 
7.4299999999960225, -1.9125098433308785 
7.439999999995999, -1.9123611094670037 
7.449999999995976, -1.9117656018431455 
7.4599999999959525, -1.9106479251644426 
7.469999999995929, -1.909118414682192 
7.479999999995906, -1.908242547079393 
7.489999999995883, -1.9100493629002773 
7.499999999995859, -1.9145365008365576 
7.509999999995836, -1.9192565964532189 
7.519999999995813, -1.922705847499723 
7.529999999995789, -1.9248016146485143 
7.539999999995766, -1.9258676165202075 
7.549999999995743, -1.9261842556089672 
7.5599999999957195, -1.9259209740291836 
7.569999999995696, -1.9251565873349132 
7.579999999995673, -1.9239103936126143 
7.58999999999565, -1.9221871008635296 
7.599999999995626, -1.920086782620159 
7.609999999995603, -1.9180274313026253 
7.61999999999558, -1.9167217492534754 
7.629999999995556, -1.9164039176291117 
7.639999999995533, -1.916521453626984 
7.64999999999551, -1.916519446917033 
7.659999999995486, -1.9161589631682638 
7.669999999995463, -1.9152869018290122 
7.67999999999544, -1.913686391586047 
7.6899999999954165, -1.9113896723627168 
7.699999999995393, -1.9100361470175886 
7.70999999999537, -1.9130744132720259 
7.719999999995347, -1.9202740376075842 
7.729999999995323, -1.927349708065759 
7.7399999999953, -1.9321609182531572 
7.749999999995277, -1.9349107720812957 
7.759999999995253, -1.936262528577681 
7.76999999999523, -1.9367063246545488 
7.779999999995207, -1.9365281586901641 
7.789999999995183, -1.9358788529084898 
7.79999999999516, -1.9348385296731248 
7.809999999995137, -1.9334745570670289 
7.8199999999951135, -1.93192671190811 
7.82999999999509, -1.9305369203971783 
7.839999999995067, -1.9297426921190202 
7.849999999995044, -1.9295626017109513 
7.85999999999502, -1.9295642911327746 
7.869999999994997, -1.9293705399961372 
7.879999999994974, -1.9287634028549636 
7.88999999999495, -1.927480289302587 
7.899999999994927, -1.9250986557259704 
7.909999999994904, -1.921606315493244 
7.9199999999948805, -1.9198214705720829 
7.929999999994857, -1.9251124217169715 
7.939999999994834, -1.935656171574991 
7.9499999999948106, -1.9447533585294416 
7.959999999994787, -1.9503206818272627 
7.969999999994764, -1.9532330242019658 
7.979999999994741, -1.9545414104893566 
7.989999999994717, -1.9548997331063993 
7.999999999994694, -1.9546576939116231 
8.00999999999467, -1.9539980540270758 
8.019999999994647, -1.9530340172842287 
8.029999999994624, -1.951872761938953 
8.0399999999946, -1.950684899247732 
8.049999999994577, -1.9497686684261288 
8.059999999994554, -1.9493509216679783 
8.06999999999453, -1.949266235975657 
8.079999999994508, -1.9491463815226546 
8.089999999994484, -1.9487163030020231 
8.099999999994461, -1.94771961830941 
8.109999999994438, -1.9456968057071076 
8.119999999994414, -1.9419609175464831 
8.129999999994391, -1.9370495140146193 
8.139999999994368, -1.9367047982517736 
8.149999999994344, -1.9464902282061651 
8.159999999994321, -1.9593996054313565 
8.169999999994298, -1.9683520383606652 
8.179999999994275, -1.9731502459566257 
8.189999999994251, -1.9754012273360853 
8.199999999994228, -1.9762506007036127 
8.209999999994205, -1.976306311215233 
8.219999999994181, -1.9758710663699095 
8.229999999994158, -1.975111536771576 
8.239999999994135, -1.9741535980901013 
8.249999999994111, -1.9731309523479765 
8.259999999994088, -1.9722461747826425 
8.269999999994065, -1.9717315486065494 
8.279999999994041, -1.971571570249635 
8.289999999994018, -1.9714690340800431 
8.299999999993995, -1.9711277148354516 
8.309999999993972, -1.9702900948064983 
8.319999999993948, -1.968525491710113 
8.329999999993925, -1.9650200460432963 
8.339999999993902, -1.9592436588369675 
8.349999999993878, -1.9551128244027094 
8.359999999993855, -1.9617561199606008 
8.369999999993832, -1.9760513787415306 
8.379999999993808, -1.9873777215542368 
8.389999999993785, -1.9935914058066149 
8.399999999993762, -1.9965115451485294 
8.409999999993738, -1.99767339938493 
8.419999999993715, -1.9978928681086363 
8.429999999993692, -1.9975635016200972 
8.439999999993669, -1.9968893614405059 
8.449999999993645, -1.9960126866385326 
8.459999999993622, -1.9950657478901719 
8.469999999993599, -1.9942197950603127 
8.479999999993575, -1.9936891181700873 
8.489999999993552, -1.993501666463925 
8.499999999993529, -1.9933977249464934 
8.509999999993505, -1.9930785711027799 
8.519999999993482, -1.9922815686732918 
8.529999999993459, -1.9905792838806922 
8.539999999993436, -1.9871280463320407 
8.549999999993412, -1.9811554701636236 
8.559999999993389, -1.976071981955186 
8.569999999993366, -1.981760340270548 
8.579999999993342, -1.9962610758823973 
8.589999999993319, -2.0080398357247433 
8.599999999993296, -2.0144612999914053 
8.609999999993272, -2.017439230772425 
8.619999999993249, -2.018607109991609 
8.629999999993226, -2.018819110522411 
8.639999999993202, -2.018480096467626 
8.64999999999318, -2.017797485774615 
8.659999999993156, -2.0169151260064293 
8.669999999993133, -2.015966672512824 
8.67999999999311, -2.015129801955857 
8.689999999993086, -2.014622158653574 
8.699999999993063, -2.014451356116249 
8.70999999999304, -2.0143383017769954 
8.719999999993016, -2.0139832419348354 
8.729999999992993, -2.013114768781017 
8.73999999999297, -2.011268890668056 
8.749999999992946, -2.0075705594587516 
8.759999999992923, -2.0015922631736913 
8.7699999999929, -1.998151989334438 
8.779999999992876, -2.0063050714334354 
8.789999999992853, -2.020515846036795 
8.79999999999283, -2.0307422998724496 
8.809999999992806, -2.036067927873652 
8.819999999992783, -2.038466928913171 
8.82999999999276, -2.039334807669862 
8.839999999992736, -2.039373452681134 
8.849999999992713, -2.0389142596867442 
8.85999999999269, -2.038133168981354 
8.869999999992666, -2.0371605182183616 
8.879999999992643, -2.0361381531309495 
8.88999999999262, -2.035295282933683 
8.899999999992596, -2.034861230457789 
8.909999999992573, -2.0347436030016595 
8.91999999999255, -2.03459984843506 
8.929999999992527, -2.0341378707042224 
8.939999999992503, -2.0330661846472937 
8.94999999999248, -2.0308483487801836 
8.959999999992457, -2.026723334085959 
8.969999999992433, -2.021807242888083 
8.97999999999241, -2.023411258671117 
8.989999999992387, -2.034859178242498 
8.999999999992363, -2.0466232436230154 
9.00999999999234, -2.0537262513036563 
9.019999999992317, -2.0572195812270637 
9.029999999992294, -2.058697408454958 
9.03999999999227, -2.059082928419389 
9.049999999992247, -2.0588253129045677 
9.059999999992224, -2.058139696108048 
9.0699999999922, -2.0571508115174053 
9.079999999992177, -2.055975082264117 
9.089999999992154, -2.054819896036904 
9.09999999999213, -2.054035457020366 
9.109999999992107, -2.0537701753317434 
9.119999999992084, -2.05371286608293 
9.12999999999206, -2.053479089744021 
9.139999999992037, -2.0528077909101756 
9.149999999992014, -2.051366848803899 
9.15999999999199, -2.048626316649756 
9.169999999991967, -2.0447958991015196 
9.179999999991944, -2.044171186030046 
9.18999999999192, -2.0517696627014725 
9.199999999991897, -2.06214782915608 
9.209999999991874, -2.069348050350217 
9.21999999999185, -2.0731884846535142 
9.229999999991827, -2.0749505553388956 
9.239999999991804, -2.0755272128226085 
9.24999999999178, -2.0753815347613433 
9.259999999991757, -2.0747310895637296 
9.269999999991734, -2.073678634314294 
9.27999999999171, -2.0723026826893216 
9.289999999991688, -2.0707865994874797 
9.299999999991664, -2.069579395465671 
9.309999999991641, -2.0690835831940158 
9.319999999991618, -2.069058130651397 
9.329999999991594, -2.0689842325169194 
9.339999999991571, -2.0685562739106347 
9.349999999991548, -2.0675496821425385 
9.359999999991524, -2.065651758774133 
9.369999999991501, -2.0629928082316416 
9.379999999991478, -2.0622397672649595 
9.389999999991455, -2.067157416526904 
9.399999999991431, -2.074851168536413 
9.409999999991408, -2.0807174762330685 
9.419999999991385, -2.0840690874065886 
9.429999999991361, -2.0856898858044373 
9.439999999991338, -2.086237860431926 
9.449999999991315, -2.0860741787368426 
9.459999999991291, -2.0853608209684484 
9.469999999991268, -2.084147309481328 
9.479999999991245, -2.082449558051132 
9.489999999991221, -2.080420259872213 
9.499999999991198, -2.0786480118051456 
9.509999999991175, -2.077859316619489 
9.519999999991152, -2.0778754730632083 
9.529999999991128, -2.077963167421484 
9.539999999991105, -2.0777236206587504 
9.549999999991082, -2.0769980259139493 
9.559999999991058, -2.075632396878146 
9.569999999991035, -2.073810625384187 
9.579999999991012, -2.0732986055392932 
9.589999999990988, -2.0764559061444747 
9.599999999990965, -2.0816239286255014 
9.609999999990942, -2.0858100353788513 
9.619999999990918, -2.0883312967991676 
9.629999999990895, -2.089579223665562 
9.639999999990872, -2.089950325367707 
9.649999999990849, -2.089663484880376 
9.659999999990825, -2.088790272769555 
9.669999999990802, -2.087294853762483 
9.679999999990779, -2.0850942669723094 
9.689999999990755, -2.082289780679347 
9.699999999990732, -2.0796896905122955 
9.709999999990709, -2.078515894882541 
9.719999999990685, -2.0786317295932752 
9.729999999990662, -2.0789374022699803 
9.739999999990639, -2.0788891426977667 
9.749999999990616, -2.0783820359860217 
9.759999999990592, -2.0773776417454024 
9.769999999990569, -2.07608103882992 
9.779999999990546, -2.0756630708855974 
9.789999999990522, -2.0775807017357213 
9.799999999990499, -2.080909241240039 
9.809999999990476, -2.0837651798700874 
9.819999999990452, -2.0855615236071516 
9.829999999990429, -2.086444696273575 
9.839999999990406, -2.086617271958164 
9.849999999990382, -2.0861752319095137 
9.85999999999036, -2.0850946082446127 
9.869999999990336, -2.08323085247389 
9.879999999990313, -2.0803552207667764 
9.88999999999029, -2.076457700500341 
9.899999999990266, -2.072621767471342 
9.909999999990243, -2.070854565656758 
9.91999999999022, -2.0711315021943433 
9.929999999990196, -2.071758203677725 
9.939999999990173, -2.0719495481990267 
9.94999999999015, -2.07164952280889 
9.959999999990126, -2.070910710734749 
9.969999999990103, -2.0699201674162087 
9.97999999999008, -2.0694376296304635 
9.989999999990056, -2.0704584988762678 
9.999999999990033, -2.0725828608641916 
10.00999999999001, -2.0745769881553473 
10.019999999989986, -2.0759001459900723 
10.029999999989963, -2.076547147982967 
10.03999999998994, -2.0765961342061745 
10.049999999989916, -2.07605671454025 
10.059999999989893, -2.0748254254915937 
10.06999999998987, -2.072647849961269 
10.079999999989846, -2.069113169502439 
10.089999999989823, -2.063972134232944 
10.0999999999898, -2.0584118618056206 
10.109999999989776, -2.0555201890687593 
10.119999999989753, -2.055874258208351 
10.12999999998973, -2.056961654488975 
10.139999999989707, -2.057500219751849 
10.149999999989683, -2.0574443071850874 
10.15999999998966, -2.0569346040133047 
10.169999999989637, -2.0561374470787865 
10.179999999989613, -2.0555290135367885 
10.18999999998959, -2.055872148065918 
10.199999999989567, -2.0571920846288263 
10.209999999989543, -2.0586700604787844 
10.21999999998952, -2.0597519782632934 
10.229999999989497, -2.0603189754929065 
10.239999999989474, -2.0603713551087437 
10.24999999998945, -2.0598721082865197 
10.259999999989427, -2.0586795951033867 
10.269999999989404, -2.0564799731720442 
10.27999999998938, -2.0527230365830653 
10.289999999989357, -2.0468045847924357 
10.299999999989334, -2.0393859681217035 
10.30999999998931, -2.0342650672548355 
10.319999999989287, -2.0339867355087913 
10.329999999989264, -2.0356044792024655 
10.33999999998924, -2.036691825401772 
10.349999999989217, -2.0369944105059394 
10.359999999989194, -2.036745453668556 
10.36999999998917, -2.036131005111498 
10.379999999989147, -2.0354358856859567 
10.389999999989124, -2.0352349284601763 
10.3999999999891, -2.035908345787515 
10.409999999989077, -2.037043627238482 
10.419999999989054, -2.0380502556453113 
10.42999999998903, -2.038680320947857 
10.439999999989007, -2.0388732083833156 
10.449999999988984, -2.038578226321002 
10.45999999998896, -2.0376711607225344 
10.469999999988937, -2.0358770491119618 
10.479999999988914, -2.03267119396928 
10.48999999998889, -2.0272517067815357 
10.499999999988868, -2.019214176072392 
10.509999999988844, -2.011038050150934 
10.519999999988821, -2.007884198875384 
10.529999999988798, -2.009322123718386 
10.539999999988774, -2.0111912537038985 
10.549999999988751, -2.012105616501084 
10.559999999988728, -2.0122493118701903 
10.569999999988704, -2.0118984255274692 
10.579999999988681, -2.0112566410314345 
10.589999999988658, -2.010674070282712 
10.599999999988635, -2.0106867135135724 
10.609999999988611, -2.01143018169853 
10.619999999988588, -2.012426529927269 
10.629999999988565, -2.0132355908950346 
10.639999999988541, -2.0136910303724482 
10.649999999988518, -2.0137305453217222 
10.659999999988495, -2.0132758577131606 
10.669999999988471, -2.012160231420402 
10.679999999988448, -2.0100430386994814 
10.689999999988425, -2.0063057290801156 
10.699999999988401, -2.0000880466148176 
10.709999999988378, -1.991290818552575 
10.719999999988355, -1.983304710543577 
10.729999999988332, -1.9810937225146037 
10.739999999988308, -1.9829258158244425 
10.749999999988285, -1.9847649515944918 
10.759999999988262, -1.9856056433264437 
10.769999999988238, -1.985703887242072 
10.779999999988215, -1.9853282679898663 
10.789999999988192, -1.9846803820032748 
10.799999999988168, -1.984117558508285 
10.809999999988145, -1.9841677963579691 
10.819999999988122, -1.984945988854483 
10.829999999988098, -1.9859732217359192 
10.839999999988075, -1.9868133698846928 
10.849999999988052, -1.9872996792559445 
10.859999999988029, -1.9873721826496236 
10.869999999988005, -1.9869610613802724 
10.879999999987982, -1.9859198744267466 
10.889999999987959, -1.9839533905270201 
10.899999999987935, -1.9805337664867806 
10.909999999987912, -1.9749220896000446 
10.919999999987889, -1.9669099380034853 
10.929999999987865, -1.9590515311384415 
10.939999999987842, -1.95599036178931 
10.949999999987819, -1.9572226759424247 
10.959999999987796, -1.9589708359698292 
10.969999999987772, -1.9598687159075054 
10.979999999987749, -1.9600298468296145 
10.989999999987726, -1.959697673615598 
10.999999999987702, -1.9590481947520964 
11.009999999987679, -1.9583909326195545 
11.019999999987656, -1.9583014618048722 
11.029999999987632, -1.959095707316708 
11.039999999987609, -1.9603385569592082 
11.049999999987586, -1.9614530428502115 
11.059999999987562, -1.962189011337255 
11.06999999998754, -1.9624876551463288 
11.079999999987516, -1.962316691589259 
11.089999999987493, -1.9615969212146669 
11.09999999998747, -1.9601516999625275 
11.109999999987446, -1.9576542405344104 
11.119999999987423, -1.9536095266403581 
11.1299999999874, -1.947629917938142 
11.139999999987376, -1.9406428234533604 
11.149999999987353, -1.9359696572208596 
11.15999999998733, -1.9354933497108135 
11.169999999987306, -1.9368108588638173 
11.179999999987283, -1.9378051821563447 
11.18999999998726, -1.938120221082679 
11.199999999987236, -1.9379065585374775 
11.209999999987213, -1.9372980953650862 
11.21999999998719, -1.936489192532843 
11.229999999987166, -1.9360192631801034 
11.239999999987143, -1.9366025363545165 
11.24999999998712, -1.9381597929889214 
11.259999999987096, -1.9398728543809458 
11.269999999987073, -1.9411866134451556 
11.27999999998705, -1.9419687015744365 
11.289999999987026, -1.9422316849375847 
11.299999999987003, -1.9419824071686684 
11.30999999998698, -1.9411704078217276 
11.319999999986956, -1.9396599931423437 
11.329999999986933, -1.9372114722173848 
11.33999999998691, -1.9335290481435137 
11.349999999986887, -1.928622015372405 
11.359999999986863, -1.9237226784507822 
11.36999999998684, -1.921139551930797 
11.379999999986817, -1.9211894023650171 
11.389999999986793, -1.9220179927268397 
11.39999999998677, -1.9224983241522948 
11.409999999986747, -1.9224704337080047 
11.419999999986723, -1.921993466913954 
11.4299999999867, -1.9211277407436924 
11.439999999986677, -1.9201512312422633 
11.449999999986654, -1.919946770320679 
11.45999999998663, -1.9214102018839712 
11.469999999986607, -1.9240004100896837 
11.479999999986584, -1.9264655954585805 
11.48999999998656, -1.9282200303047614 
11.499999999986537, -1.9292360261133603 
11.509999999986514, -1.9296201293635449 
11.51999999998649, -1.929449292678337 
11.529999999986467, -1.9287361169201787 
11.539999999986444, -1.9274235466463867 
11.54999999998642, -1.9253927174485626 
11.559999999986397, -1.9225310788620331 
11.569999999986374, -1.9190165005953905 
11.57999999998635, -1.9158226174101902 
11.589999999986327, -1.9142830811341693 
11.599999999986304, -1.9143171577088456 
11.60999999998628, -1.9147496118262854 
11.619999999986257, -1.9149009252269003 
11.629999999986234, -1.9146285488086945 
11.63999999998621, -1.9138961234244234 
11.649999999986187, -1.9126868200837628 
11.659999999986164, -1.9113877411871176 
11.66999999998614, -1.91143841284032 
11.679999999986117, -1.9141663866848195 
11.689999999986094, -1.9183826782934563 
11.69999999998607, -1.9220891263618216 
11.709999999986048, -1.9245924660461242 
11.719999999986024, -1.9260215367208353 
11.729999999986001, -1.9266362874010015 
11.739999999985978, -1.926622536111895 
11.749999999985954, -1.9260755940263572 
11.759999999985931, -1.9250188421081436 
11.769999999985908, -1.9234316665311895 
11.779999999985884, -1.9213157966348 
11.789999999985861, -1.9188862751744835 
11.799999999985838, -1.9168222320405974 
11.809999999985815, -1.9158660336868514 
11.819999999985791, -1.9158478327500585 
11.829999999985768, -1.9160202245109983 
11.839999999985745, -1.9159363432916767 
11.849999999985721, -1.9154383641799284 
11.859999999985698, -1.9143853982490762 
11.869999999985675, -1.912640935151849 
11.879999999985651, -1.9107164938916086 
11.889999999985628, -1.9109870295151403 
11.899999999985605, -1.9156112705076342 
11.909999999985581, -1.9222628320013075 
11.919999999985558, -1.927700428696379 
11.929999999985535, -1.9311468647521728 
11.939999999985512, -1.9330323505821654 
11.949999999985488, -1.9338608809618656 
11.959999999985465, -1.9339655749170384 
11.969999999985442, -1.9335315472566432 
11.979999999985418, -1.9326500181201116 
11.989999999985395, -1.9313693353091117 
11.999999999985372, -1.9297599039110875 
12.009999999985348, -1.92804495014778 
12.019999999985325, -1.9267105911448745 
12.029999999985302, -1.9261459816391393 
12.039999999985278, -1.926116967564115 
12.049999999985255, -1.9261116994102405 
12.059999999985232, -1.925818232681965 
12.069999999985209, -1.9250447328399294 
12.079999999985185, -1.923510689360215 
12.089999999985162, -1.9209042300741246 
12.099999999985139, -1.9180139680398631 
12.109999999985115, -1.9188387971989453 
12.119999999985092, -1.92632239224071 
12.129999999985069, -1.9358364163829151 
12.139999999985045, -1.9428251817288043 
12.149999999985022, -1.9468778146501635 
12.159999999984999, -1.9489301799043712 
12.169999999984976, -1.949763136772639 
12.179999999984952, -1.9498362852430475 
12.189999999984929, -1.9493937239454517 
12.199999999984906, -1.9485664790167 
12.209999999984882, -1.9474464316032152 
12.219999999984859, -1.9461492093762096 
12.229999999984836, -1.9449096175713332 
12.239999999984812, -1.9440865416304596 
12.249999999984789, -1.943807997091898 
12.259999999984766, -1.9437675800718317 
12.269999999984742, -1.9435919223145768 
12.27999999998472, -1.9430365055796215 
12.289999999984696, -1.941823639614031 
12.299999999984673, -1.9394520399099733 
12.30999999998465, -1.9354725623029725 
12.319999999984626, -1.9318179526120378 
12.329999999984603, -1.9351293764480406 
12.33999999998458, -1.9464973148102653 
12.349999999984556, -1.9576581729850049 
12.359999999984533, -1.964652006826168 
12.36999999998451, -1.9682842866325427 
12.379999999984486, -1.9699316278866619 
12.389999999984463, -1.9704611288774108 
12.39999999998444, -1.9703260441388983 
12.409999999984416, -1.9697567896301575 
12.419999999984393, -1.9688904692621836 
12.42999999998437, -1.9678439213124885 
12.439999999984346, -1.9667683832882155 
12.449999999984323, -1.9659132628944036 
12.4599999999843, -1.9654927793183568 
12.469999999984276, -1.9653868408065343 
12.479999999984253, -1.9652565567532254 
12.48999999998423, -1.9648241313162302 
12.499999999984206, -1.96382052031652 
12.509999999984183, -1.9617537693563474 
12.51999999998416, -1.9578151694492807 
12.529999999984136, -1.952229566621997 
12.539999999984113, -1.950832692858421 
12.54999999998409, -1.9605568967046723 
12.559999999984067, -1.9742803322783804 
12.569999999984043, -1.9838087302000023 
12.57999999998402, -1.9888297153361845 
12.589999999983997, -1.9911399307698403 
12.599999999983973, -1.9919955061088075 
12.60999999998395, -1.9920461976233548 
12.619999999983927, -1.9916089898934513 
12.629999999983903, -1.9908577768120594 
12.63999999998388, -1.9899242641004657 
12.649999999983857, -1.9889442567242572 
12.659999999983834, -1.9881161020948466 
12.66999999998381, -1.987652617178228 
12.679999999983787, -1.9875106496759334 
12.689999999983764, -1.9873893889373906 
12.69999999998374, -1.987000816122017 
12.709999999983717, -1.9860744167838245 
12.719999999983694, -1.9841283022267806 
12.72999999998367, -1.980275913193846 
12.739999999983647, -1.9741895591147696 
12.749999999983624, -1.9709138764799854 
12.7599999999836, -1.9793265734242875 
12.769999999983577, -1.993748819607444 
12.779999999983554, -2.0042030551571943 
12.78999999998353, -2.0097033752189124 
12.799999999983507, -2.0122106028592155 
12.809999999983484, -2.0131447102098488 
12.81999999998346, -2.0132301357742053 
12.829999999983437, -2.0128126816859644 
12.839999999983414, -2.012077391061262 
12.84999999998339, -2.011160995361882 
12.859999999983367, -2.010199675585249 
12.869999999983344, -2.009388683634305 
12.87999999998332, -2.008937960778473 
12.889999999983297, -2.0087994529438555 
12.899999999983274, -2.0086688905391075 
12.90999999998325, -2.008257063316332 
12.919999999983228, -2.0072835480717366 
12.929999999983204, -2.005237653472215 
12.939999999983181, -2.0012139110863156 
12.949999999983158, -1.9951709392149966 
12.959999999983134, -1.9930787989261547 
12.969999999983111, -2.0028425571285764 
12.979999999983088, -2.016823611181118 
12.989999999983064, -2.0262618782074613 
12.999999999983041, -2.0310750304241125 
13.009999999983018, -2.033211466525073 
13.019999999982995, -2.033945294465384 
13.029999999982971, -2.033909058703957 
13.039999999982948, -2.033403451201054 
13.049999999982925, -2.032594015406171 
13.059999999982901, -2.0316093902310506 
13.069999999982878, -2.03059713884977 
13.079999999982855, -2.029795450916601 
13.089999999982831, -2.0294098508957887 
13.099999999982808, -2.0293066060844716 
13.109999999982785, -2.0291410594176718 
13.119999999982761, -2.0286313425543048 
13.129999999982738, -2.0274727096910428 
13.139999999982715, -2.0250901990929977 
13.149999999982692, -2.0207302055855303 
13.159999999982668, -2.0158875144799357 
13.169999999982645, -2.018342029957163 
13.179999999982622, -2.0303443422204936 
13.189999999982598, -2.0419584372362873 
13.199999999982575, -2.048812954458882 
13.209999999982552, -2.052148880692057 
13.219999999982528, -2.053540062020171 
13.229999999982505, -2.0538773385563784 
13.239999999982482, -2.05359205310888 
13.249999999982458, -2.0528927165317628 
13.259999999982435, -2.0519043621548034 
13.269999999982412, -2.050747060273024 
13.279999999982389, -2.0496319710180577 
13.289999999982365, -2.048896603864143 
13.299999999982342, -2.0486565428950607 
13.309999999982319, -2.048592960276905 
13.319999999982295, -2.0483361574685928 
13.329999999982272, -2.0476269143050367 
13.339999999982249, -2.0461146155169327 
13.349999999982225, -2.0432361788313798 
13.359999999982202, -2.0392231772441636 
13.369999999982179, -2.0386277165734907 
13.379999999982156, -2.0466093418711977 
13.389999999982132, -2.057347266845998 
13.399999999982109, -2.064724045803269 
13.409999999982086, -2.0686309598050916 
13.419999999982062, -2.070414506218051 
13.429999999982039, -2.0709983040896045 
13.439999999982016, -2.0708587976789175 
13.449999999981992, -2.0702209544175267 
13.459999999981969, -2.0691945090224424 
13.469999999981946, -2.0678647549863687 
13.479999999981922, -2.0664131232075595 
13.4899999999819, -2.065263440538768 
13.499999999981876, -2.0647870720344352 
13.509999999981853, -2.064751417487222 
13.51999999998183, -2.064661652923375 
13.529999999981806, -2.0642168600298243 
13.539999999981783, -2.0631813079348724 
13.54999999998176, -2.06121165375867 
13.559999999981736, -2.0583762852725456 
13.569999999981713, -2.0573866731738004 
13.57999999998169, -2.0624232404985725 
13.589999999981666, -2.0706203955902778 
13.599999999981643, -2.076921953065317 
13.60999999998162, -2.0805183282176043 
13.619999999981596, -2.0822619214318148 
13.629999999981573, -2.082875371529481 
13.63999999998155, -2.082756963576114 
13.649999999981526, -2.082090501728454 
13.659999999981503, -2.0809421230977883 
13.66999999998148, -2.079340969101064 
13.679999999981456, -2.0774318787984973 
13.689999999981433, -2.075745701915763 
13.69999999998141, -2.074958735334692 
13.709999999981386, -2.0749397197120656 
13.719999999981363, -2.075005340843595 
13.72999999998134, -2.0747565887971264 
13.739999999981316, -2.0740201032698455 
13.749999999981293, -2.072614280209568 
13.75999999998127, -2.070655861183432 
13.769999999981247, -2.069905830420579 
13.779999999981223, -2.073092652472538 
13.7899999999812, -2.0786995162419606 
13.799999999981177, -2.0833356075255427 
13.809999999981153, -2.086143430810743 
13.81999999998113, -2.0875534261070103 
13.829999999981107, -2.0880225465054205 
13.839999999981083, -2.087811099536614 
13.84999999998106, -2.087019916968539 
13.859999999981037, -2.0856396672673396 
13.869999999981014, -2.0836109569841095 
13.87999999998099, -2.0810210451202416 
13.889999999980967, -2.078563203171668 
13.899999999980944, -2.077361165582683 
13.90999999998092, -2.0773942972628805 
13.919999999980897, -2.077660862173347 
13.929999999980874, -2.07760375978433 
13.93999999998085, -2.077092811233095 
13.949999999980827, -2.0760642218195344 
13.959999999980804, -2.074672933572149 
13.96999999998078, -2.074087134329525 
13.979999999980757, -2.0760160486112316 
13.989999999980734, -2.079655520980011 
13.99999999998071, -2.082860741249182 
14.009999999980687, -2.0848999456582336 
14.019999999980664, -2.0859339634588547 
14.02999999998064, -2.0862087193365597 
14.039999999980617, -2.0858561574156598 
14.049999999980594, -2.084884380405108 
14.05999999998057, -2.0831855608754775 
14.069999999980547, -2.0805705960570924 
14.079999999980524, -2.0770165406515435 
14.0899999999805, -2.073415890728362 
14.099999999980477, -2.0715857996474134 
14.109999999980454, -2.071710415187684 
14.11999999998043, -2.072270375857097 
14.129999999980408, -2.0724477618994115 
14.139999999980384, -2.072145405014697 
14.149999999980361, -2.071392419773216 
14.159999999980338, -2.070344936696433 
14.169999999980314, -2.069762259916413 
14.179999999980291, -2.0707847117117533 
14.189999999980268, -2.073102373494713 
14.199999999980244, -2.075335599164908 
14.209999999980221, -2.076838258843332 
14.219999999980198, -2.0776047154967667 
14.229999999980175, -2.077741233149704 
14.239999999980151, -2.0772860909423225 
14.249999999980128, -2.0761675172999765 
14.259999999980105, -2.0741750791905105 
14.269999999980081, -2.0709560896233543 
14.279999999980058, -2.0662732311462557 
14.289999999980035, -2.0610845690358373 
14.299999999980011, -2.0581423700657995 
14.309999999979988, -2.058268063561238 
14.319999999979965, -2.059245337885245 
14.329999999979941, -2.0597555843714335 
14.339999999979918, -2.059693119505358 
14.349999999979895, -2.059174038586747 
14.359999999979872, -2.0583471203563737 
14.369999999979848, -2.0576870680383714 
14.379999999979825, -2.0580263960020515 
14.389999999979802, -2.0594549478942197 
14.399999999979778, -2.0610860706637713 
14.409999999979755, -2.062291630269622 
14.419999999979732, -2.062943264306733 
14.429999999979708, -2.0630576562505465 
14.439999999979685, -2.062617883004931 
14.449999999979662, -2.06150707446976 
14.459999999979638, -2.0594498422960146 
14.469999999979615, -2.055956931019773 
14.479999999979592, -2.0504791868477943 
14.489999999979569, -2.043550705568528 
14.499999999979545, -2.0385527786943545 
14.509999999979522, -2.0380498208604316 
14.519999999979499, -2.039498571268952 
14.529999999979475, -2.0405226933399216 
14.539999999979452, -2.0408026861977904 
14.549999999979429, -2.0405401051058414 
14.559999999979405, -2.039907665773552 
14.569999999979382, -2.039189132270056 
14.579999999979359, -2.0389883646150104 
14.589999999979335, -2.039721983490291 
14.599999999979312, -2.0409512632318565 
14.609999999979289, -2.0420378681148112 
14.619999999979266, -2.0427206427177436 
14.629999999979242, -2.042946727716548 
14.639999999979219, -2.042676725259372 
14.649999999979196, -2.0417988420677533 
14.659999999979172, -2.040056573255174 
14.669999999979149, -2.036958245526776 
14.679999999979126, -2.031755988815946 
14.689999999979102, -2.024083889876948 
14.69999999997908, -2.0162826638188713 
14.709999999979056, -2.013216422592765 
14.719999999979033, -2.0145229732876797 
14.72999999997901, -2.0162728513672574 
14.739999999978986, -2.0171228700239627 
14.749999999978963, -2.017231794037988 
14.75999999997894, -2.0168565118085366 
14.769999999978916, -2.0161962065896577 
14.779999999978893, -2.0156169558786705 
14.78999999997887, -2.0156756382408934 
14.799999999978846, -2.0164865941036525 
14.809999999978823, -2.01753350908247 
14.8199999999788, -2.018367593375305 
14.829999999978776, -2.0188292314180494 
14.839999999978753, -2.0188626873930677 
14.84999999997873, -2.0183930898696656 
14.859999999978706, -2.017254177419212 
14.869999999978683, -2.01510442127662 
14.87999999997866, -2.0113276292790783 
14.889999999978636, -2.005091352824025 
14.899999999978613, -1.9964168886206939 
14.90999999997859, -1.9888426923844134 
14.919999999978566, -1.9870094010100712 
14.929999999978543, -1.9888582041637832 
14.93999999997852, -1.9905839709443967 
14.949999999978496, -1.9913373970095862 
14.959999999978473, -1.9913813739402446 
14.96999999997845, -1.9909691319816922 
14.979999999978427, -1.9903050732968908 
14.989999999978403, -1.9897737493884784 
14.99999999997838, -1.9899045780020372 
15.009999999978357, -1.9907461257001995 
15.019999999978333, -1.9917835449205312 
15.02999999997831, -1.9926016915753682 
15.039999999978287, -1.9930524154717275 
15.049999999978263, -1.993080118172799 
15.05999999997824, -1.992610888897202 
15.069999999978217, -1.991485933455547 
15.079999999978194, -1.9893866953503605 
15.08999999997817, -1.9857509005434213 
15.099999999978147, -1.979830261990276 
15.109999999978124, -1.9716050870855397 
15.1199999999781, -1.9641163985136938 
15.129999999978077, -1.9617984248745757 
15.139999999978054, -1.963302223355641 
15.14999999997803, -1.9649716552843763 
15.159999999978007, -1.965757226347429 
15.169999999977984, -1.9658395033512517 
15.17999999997796, -1.9654532907629672 
15.189999999977937, -1.964780164906297 
15.199999999977914, -1.9641707914244304 
15.20999999997789, -1.964208058008115 
15.219999999977867, -1.9650929156482337 
15.229999999977844, -1.9663168992208615 
15.23999999997782, -1.9673534771072556 
15.249999999977797, -1.968000602066131 
15.259999999977774, -1.9682097303175148 
15.26999999997775, -1.9679408504543932 
15.279999999977727, -1.9670961516888057 
15.289999999977704, -1.9654669034126595 
15.29999999997768, -1.962676895664774 
15.309999999977657, -1.9581835060834436 
15.319999999977634, -1.951690480360084 
15.32999999997761, -1.9446324095367025 
15.339999999977588, -1.9407004556648169 
15.349999999977564, -1.940891087716908 
15.359999999977541, -1.9423124821638527 
15.369999999977518, -1.943205457679475 
15.379999999977494, -1.9434183097150792 
15.389999999977471, -1.9431269946059004 
15.399999999977448, -1.9424691305270059 
15.409999999977424, -1.9416895751114893 
15.419999999977401, -1.94139528160227 
15.429999999977378, -1.942183446334275 
15.439999999977355, -1.9437548580513213 
15.449999999977331, -1.9453190619325884 
15.459999999977308, -1.946450849676839 
15.469999999977285, -1.9470694052356072 
15.479999999977261, -1.947184724930219 
15.489999999977238, -1.946783548396123 
15.499999999977215, -1.9457856655913897 
15.509999999977191, -1.9440136693981938 
15.519999999977168, -1.941176063528527 
15.529999999977145, -1.9369616254222237 
15.539999999977121, -1.9315831932424392 
15.549999999977098, -1.9268082042053538 
15.559999999977075, -1.9249424143819969 
15.569999999977052, -1.925451399393436 
15.579999999977028, -1.9263166123418336 
15.589999999977005, -1.9267036482996946 
15.599999999976982, -1.926578598676858 
15.609999999976958, -1.9260180466546981 
15.619999999976935, -1.9251154987566228 
15.629999999976912, -1.924273276502479 
15.639999999976888, -1.9244462875223274 
15.649999999976865, -1.9261835905540383 
15.659999999976842, -1.9286391185326697 
15.669999999976818, -1.9307609949149072 
15.679999999976795, -1.9321873879439928 
15.689999999976772, -1.932943961473235 
15.699999999976749, -1.9331177839010387 
15.709999999976725, -1.93275246806127 
15.719999999976702, -1.9318247377743192 
15.729999999976679, -1.9302382178167892 
15.739999999976655, -1.9278373056726335 
15.749999999976632, -1.924525175764111 
15.759999999976609, -1.9206869627416334 
15.769999999976585, -1.91766370426459 
15.779999999976562, -1.9166473633125989 
15.789999999976539, -1.9169785760001563 
15.799999999976515, -1.9174215252838702 
15.809999999976492, -1.917487497884192 
15.819999999976469, -1.9171133141189305 
15.829999999976446, -1.9162792282203065 
15.839999999976422, -1.9150437445384672 
15.849999999976399, -1.9140456347777484 
15.859999999976376, -1.914815738403623 
15.869999999976352, -1.9179321594525032 
15.879999999976329, -1.9217674387217987 
15.889999999976306, -1.924824684528834 
15.899999999976282, -1.926787161525521 
15.90999999997626, -1.9278338109068751 
15.919999999976236, -1.928173845812313 
15.929999999976213, -1.9279383329880275 
15.93999999997619, -1.9271783832216212 
15.949999999976166, -1.9258815206007742 
15.959999999976143, -1.9240036874828945 
15.96999999997612, -1.9215721054693937 
15.979999999976096, -1.9189583562025334 
15.989999999976073, -1.9170495358931816 
15.99999999997605, -1.916435314497381 
16.009999999976028, -1.9165932109537505 
16.019999999976005, -1.9167534735285323 
16.02999999997598, -1.9165827735663687 
16.039999999975958, -1.9159656274815533 
16.049999999975935, -1.914771872243362 
16.05999999997591, -1.9129935070840862 
16.069999999975888, -1.911615368382164 
16.079999999975865, -1.9131857893994506 
16.08999999997584, -1.9184019192677364 
16.099999999975818, -1.9242951746109476 
16.109999999975795, -1.9286629180133197 
16.11999999997577, -1.9313153953541877 
16.129999999975748, -1.9326970932637735 
16.139999999975725, -1.933203456976535 
16.1499999999757, -1.9330793711067311 
16.15999999997568, -1.932452780508529 
16.169999999975655, -1.9313797289885741 
16.17999999997563, -1.9298927297921247 
16.18999999997561, -1.928087346139693 
16.199999999975585, -1.926295219558731 
16.20999999997556, -1.925100079092994 
16.21999999997554, -1.9247460974604471 
16.229999999975515, -1.9247993046928222 
16.239999999975492, -1.9247548751440806 
16.24999999997547, -1.9243618069089752 
16.259999999975445, -1.9234354932153326 
16.269999999975422, -1.9216937318685487 
16.2799999999754, -1.9190337398746233 
16.289999999975375, -1.9170807462875252 
16.299999999975352, -1.9200321091045356 
16.30999999997533, -1.9282275146621983 
16.319999999975305, -1.9364893888413282 
16.329999999975282, -1.9420502371622 
16.33999999997526, -1.9451694644440098 
16.349999999975235, -1.9466873154144384 
16.359999999975212, -1.9472085596958901 
16.36999999997519, -1.9470785026841668 
16.379999999975166, -1.9464789549686081 
16.389999999975142, -1.9455103189029597 
16.39999999997512, -1.9442552868752538 
16.409999999975096, -1.9428546618764475 
16.419999999975072, -1.941617380635422 
16.42999999997505, -1.940919281271827 
16.439999999975026, -1.9407540172065567 
16.449999999975002, -1.9407237511256121 
16.45999999997498, -1.9404807206225438 
16.469999999974956, -1.9398001997569037 
16.479999999974932, -1.9383769926702996 
16.48999999997491, -1.9357067297843646 
16.499999999974886, -1.9317538434098787 
16.509999999974863, -1.9298104531556237 
16.51999999997484, -1.9358980904251069 
16.529999999974816, -1.9473979107029646 
16.539999999974793, -1.9568876109792641 
16.54999999997477, -1.962491064578948 
16.559999999974746, -1.965332769764999 
16.569999999974723, -1.9665616289666137 
16.5799999999747, -1.9668570304586979 
16.589999999974676, -1.9665718081278232 
16.599999999974653, -1.9658896718492975 
16.60999999997463, -1.964929151887897 
16.619999999974606, -1.963805873176034 
16.629999999974583, -1.962700620515001 
16.63999999997456, -1.961902791600172 
16.649999999974536, -1.9615760199712746 
16.659999999974513, -1.961502955221278 
16.66999999997449, -1.9613313376965327 
16.679999999974466, -1.9608020194300742 
16.689999999974443, -1.959625019017497 
16.69999999997442, -1.957252907361132 
16.709999999974396, -1.9529745138929033 
16.719999999974373, -1.9480306043517526 
16.72999999997435, -1.9495438717083133 
16.739999999974327, -1.961115063818503 
16.749999999974303, -1.973718307657482 
16.75999999997428, -1.9817240523039732 
16.769999999974257, -1.9858248258904685 
16.779999999974233, -1.9876641887384838 
16.78999999997421, -1.9882750124214135 
16.799999999974187, -1.9881835205504923 
16.809999999974163, -1.9876504875803556 
16.81999999997414, -1.986828090991913 
16.829999999974117, -1.9858413515346292 
16.839999999974093, -1.9848366924673304 
16.84999999997407, -1.984041979614537 
16.859999999974047, -1.983650586397641 
16.869999999974024, -1.9835430784238224 
16.879999999974, -1.9833933499126875 
16.889999999973977, -1.9829266219657378 
16.899999999973954, -1.9818566700588023 
16.90999999997393, -1.9796427921342457 
16.919999999973907, -1.975400574706364 
16.929999999973884, -1.969483192939208 
16.93999999997386, -1.968488377221106 
16.949999999973837, -1.9791173245510791 
16.959999999973814, -1.9929262021331209 
16.96999999997379, -2.002062770819256 
16.979999999973767, -2.0067323522191947 
16.989999999973744, -2.008817931965039 
16.99999999997372, -2.009537715884057 
17.009999999973697, -2.009502418193397 
17.019999999973674, -2.0090068335851576 
17.02999999997365, -2.008216996378938 
17.039999999973627, -2.0072637888854095 
17.049999999973604, -2.0062901430483193 
17.05999999997358, -2.005512709574577 
17.069999999973557, -2.0051235541178047 
17.079999999973534, -2.0050120249722285 
17.08999999997351, -2.00485510571434 
17.099999999973488, -2.004374833366726 
17.109999999973464, -2.0032749668051464 
17.11999999997344, -2.0009907296705887 
17.129999999973418, -1.9966212420912726 
17.139999999973394, -1.9907439812785743 
17.14999999997337, -1.990544348927434 
17.159999999973348, -2.001857153749391 
17.169999999973324, -2.015250661397304 
17.1799999999733, -2.0237274184042127 
17.189999999973278, -2.0279579841083435 
17.199999999973254, -2.0297986144741906 
17.20999999997323, -2.030379325928797 
17.219999999973208, -2.0302546767775147 
17.229999999973185, -2.029691224051156 
17.23999999997316, -2.0288426393728742 
17.249999999973138, -2.027835425782402 
17.259999999973115, -2.026827322171214 
17.26999999997309, -2.026071212877048 
17.279999999973068, -2.025740722485731 
17.289999999973045, -2.025650651021524 
17.29999999997302, -2.025454448614477 
17.309999999972998, -2.024880018444388 
17.319999999972975, -2.023602644453926 
17.32999999997295, -2.0210033846662636 
17.339999999972928, -2.0164038085834646 
17.349999999972905, -2.011987847979919 
17.35999999997288, -2.0159148373186975 
17.36999999997286, -2.028430221475497 
17.379999999972835, -2.039492028025574 
17.38999999997281, -2.0458140763115376 
17.39999999997279, -2.0488470468293802 
17.409999999972765, -2.050079318308216 
17.41999999997274, -2.050328465053062 
17.42999999997272, -2.049988425547518 
17.439999999972695, -2.0492523376058847 
17.449999999972672, -2.048241521543834 
17.45999999997265, -2.047080478582404 
17.469999999972625, -2.0459956007843716 
17.479999999972602, -2.045320142727263 
17.48999999997258, -2.0451191093614685 
17.499999999972555, -2.045049065704794 
17.509999999972532, -2.0447558997055006 
17.51999999997251, -2.0439827511847253 
17.529999999972485, -2.0423548597220167 
17.539999999972462, -2.0392961269622165 
17.54999999997244, -2.0352496217656 
17.559999999972415, -2.0352815972619402 
17.569999999972392, -2.043958742202667 
17.57999999997237, -2.054678417757123 
17.589999999972346, -2.061803945030724 
17.599999999972322, -2.0655249344388342 
17.6099999999723, -2.06719944305858 
17.619999999972276, -2.0677194229312663 
17.629999999972252, -2.0675400191945035 
17.63999999997223, -2.0668761918577414 
17.649999999972206, -2.065835698303007 
17.659999999972182, -2.064508245222501 
17.66999999997216, -2.063087605702618 
17.679999999972136, -2.062000776120558 
17.689999999972112, -2.0615766506525266 
17.69999999997209, -2.0615473449066077 
17.709999999972066, -2.0614342126606786 
17.719999999972043, -2.060950538078565 
17.72999999997202, -2.0598508351021403 
17.739999999971996, -2.0577737380039274 
17.749999999971973, -2.054843274702143 
17.75999999997195, -2.0540334042133703 
17.769999999971926, -2.059512131828325 
17.779999999971903, -2.0679460479335363 
17.78999999997188, -2.0742768410472285 
17.799999999971856, -2.0778473929806975 
17.809999999971833, -2.079562111602024 
17.81999999997181, -2.080152963224785 
17.829999999971786, -2.080019067397821 
17.839999999971763, -2.079344906043297 
17.84999999997174, -2.0781998894695035 
17.859999999971716, -2.0766205672236286 
17.869999999971693, -2.074762910508566 
17.87999999997167, -2.0731554067193816 
17.889999999971646, -2.0724281313267516 
17.899999999971623, -2.072415731446788 
17.9099999999716, -2.0724598679022974 
17.919999999971576, -2.0721827981785377 
17.929999999971553, -2.0714073035308838 
17.93999999997153, -2.0699369719385 
17.949999999971507, -2.0678981577702564 
17.959999999971483, -2.067173070177023 
17.96999999997146, -2.0706000727862426 
17.979999999971437, -2.0764764619969878 
17.989999999971413, -2.081270600188878 
17.99999999997139, -2.084150747344436 
18.009999999971367, -2.0855908185463186 
18.019999999971343, -2.0860726305051953 
18.02999999997132, -2.085869796433585 
18.039999999971297, -2.085092186400005 
18.049999999971273, -2.083740101800201 
18.05999999997125, -2.0817671793722448 
18.069999999971227, -2.079272313257118 
18.079999999971204, -2.076930036249522 
18.08999999997118, -2.0757946031952548 
18.099999999971157, -2.0758215232091533 
18.109999999971134, -2.076058542102441 
18.11999999997111, -2.0759752333691974 
18.129999999971087, -2.0754371870577484 
18.139999999971064, -2.0743674383763895 
18.14999999997104, -2.072917691333591 
18.159999999971017, -2.0723172546613036 
18.169999999970994, -2.0743803085799097 
18.17999999997097, -2.0782378917125084 
18.189999999970947, -2.0816127137709675 
18.199999999970924, -2.0837501660215065 
18.2099999999709, -2.08483668643945 
18.219999999970877, -2.0851418112236937 
18.229999999970854, -2.0848136239759545 
18.23999999997083, -2.0838736036030694 
18.249999999970807, -2.0822297690322067 
18.259999999970784, -2.079714570133835 
18.26999999997076, -2.076321134670245 
18.279999999970737, -2.0728992178011922 
18.289999999970714, -2.07114831879858 
18.29999999997069, -2.071242218980172 
18.309999999970668, -2.071754974355595 
18.319999999970644, -2.071901807246509 
18.32999999997062, -2.071576757099476 
18.339999999970598, -2.0707954620466276 
18.349999999970574, -2.069708005556655 
18.35999999997055, -2.0691067683362796 
18.369999999970528, -2.0702067313666825 
18.379999999970504, -2.0726794748277824 
18.38999999997048, -2.075051182888177 
18.399999999970458, -2.076642688300138 
18.409999999970434, -2.077460890959725 
18.41999999997041, -2.0776300936149963 
18.429999999970388, -2.077203412556261 
18.439999999970365, -2.0761239075881464 
18.44999999997034, -2.074201697953043 
18.459999999970318, -2.0711153732298433 
18.469999999970295, -2.0666569425926657 
18.47999999997027, -2.0617324974541744 
18.489999999970248, -2.058910267961621 
18.499999999970225, -2.0589820957821114 
18.5099999999702, -2.0598844226634827 
18.519999999970178, -2.0603516392413272 
18.529999999970155, -2.0602644023214234 
18.53999999997013, -2.0597228383523563 
18.549999999970108, -2.058868559875703 
18.559999999970085, -2.05819362549913 
18.56999999997006, -2.058578040045445 
18.57999999997004, -2.0601118649623773 
18.589999999970015, -2.0618469162420805 
18.59999999996999, -2.0631230476817324 
18.60999999996997, -2.0638162751929956 
18.619999999969945, -2.063955942537384 
18.62999999996992, -2.0635368169321624 
18.6399999999699, -2.062454648768027 
18.649999999969875, -2.0604533058322994 
18.659999999969852, -2.0570770283041555 
18.66999999996983, -2.051823284660025 
18.679999999969805, -2.0452206237228525 
18.689999999969782, -2.040455043958946 
18.69999999996976, -2.039933062953073 
18.709999999969735, -2.0412769303760965 
18.719999999969712, -2.0422314483634567 
18.72999999996969, -2.042474550224129 
18.739999999969665, -2.0421875520374257 
18.749999999969642, -2.041532678658986 
18.75999999996962, -2.0408009811161456 
18.769999999969595, -2.0406262968962396 
18.779999999969572, -2.041433258297278 
18.78999999996955, -2.0427413057380215 
18.799999999969526, -2.0438822126456806 
18.809999999969502, -2.04459469603537 
18.81999999996948, -2.044834569262125 
18.829999999969456, -2.0445704272198753 
18.839999999969432, -2.043697634110972 
18.84999999996941, -2.0419696828430633 
18.859999999969386, -2.0389143679550967 
18.869999999969362, -2.033823470863268 
18.87999999996934, -2.02639177276656 
18.889999999969316, -2.0189401447505144 
18.899999999969292, -2.016072721361227 
18.90999999996927, -2.0173236535605237 
18.919999999969246, -2.0189663592301867 
18.929999999969223, -2.0197480925568283 
18.9399999999692, -2.0198178274985246 
18.949999999969176, -2.019415158617755 
18.959999999969153, -2.0187364900664027 
18.96999999996913, -2.0181670369893228 
18.979999999969106, -2.018281030689054 
18.989999999969083, -2.019161535277455 
18.99999999996906, -2.0202545073877105 
19.009999999969036, -2.021108488486505 
19.019999999969013, -2.021572642956411 
19.02999999996899, -2.0215976191702816 
19.039999999968966, -2.0211115276854423 
19.049999999968943, -2.0199486075175552 
19.05999999996892, -2.0177675145574767 
19.069999999968896, -2.013957818980872 
19.079999999968873, -2.0077218435424227 
19.08999999996885, -1.9992009138706788 
19.099999999968826, -1.992033082270338 
19.109999999968803, -1.9905130706370564 
19.11999999996878, -1.9923452753273492 
19.129999999968756, -1.9939613126861075 
19.139999999968733, -1.99463663769706 
19.14999999996871, -1.9946327271150353 
19.159999999968687, -1.9941878023948891 
19.169999999968663, -1.993509604326995 
19.17999999996864, -1.993008373205382 
19.189999999968617, -1.9932143609409514 
19.199999999968593, -1.9941185342689098 
19.20999999996857, -1.9951756738746547 
19.219999999968547, -1.9959857558260665 
19.229999999968523, -1.9964147668266796 
19.2399999999685, -1.9964114974941807 
19.249999999968477, -1.99590030683121 
19.259999999968453, -1.9947150840394445 
19.26999999996843, -1.9925239036775992 
19.279999999968407, -1.988748469052408 
19.289999999968384, -1.9826563865793763 
19.29999999996836, -1.9744017420574203 
19.309999999968337, -1.9673288596689098 
19.319999999968314, -1.9655427251708228 
19.32999999996829, -1.9671600319096254 
19.339999999968267, -1.9687326349021366 
19.349999999968244, -1.9694248251152562 
19.35999999996822, -1.9694451340109105 
19.369999999968197, -1.9690163045237068 
19.379999999968174, -1.9683253688839766 
19.38999999996815, -1.9677573875811434 
19.399999999968127, -1.9678974429817795 
19.409999999968104, -1.9688583872035352 
19.41999999996808, -1.9700835326038597 
19.429999999968057, -1.9710801142592729 
19.439999999968034, -1.9716755551506036 
19.44999999996801, -1.9718280616778123 
19.459999999967987, -1.9714933925679226 
19.469999999967964, -1.9705620641043438 
19.47999999996794, -1.968804985551228 
19.489999999967917, -1.9658165870794893 
19.499999999967894, -1.9610380239707257 
19.50999999996787, -1.9542853608301982 
19.519999999967848, -1.9473793747114556 
19.529999999967824, -1.9440753395953247 
19.5399999999678, -1.9446465723092512 
19.549999999967778, -1.9460636597766867 
19.559999999967754, -1.946860761469638 
19.56999999996773, -1.946994905947987 
19.579999999967708, -1.9466453082170692 
19.589999999967684, -1.9459520606597427 
19.59999999996766, -1.9452025534037598 
19.609999999967638, -1.9450466386445442 
19.619999999967614, -1.9459797046219642 
19.62999999996759, -1.9475652071314156 
19.639999999967568, -1.9490463811985521 
19.649999999967545, -1.950074627604876 
19.65999999996752, -1.9505957740780993 
19.669999999967498, -1.9506174914435364 
19.679999999967475, -1.9501139796085003 
19.68999999996745, -1.9489855184775784 
19.699999999967428, -1.9470270478967084 
19.709999999967405, -1.9439165614954874 
19.71999999996738, -1.939357907829478 
19.729999999967358, -1.9337721045599405 
19.739999999967335, -1.9292891456428933 
19.74999999996731, -1.9279782340365377 
19.759999999967288, -1.928719209687377 
19.769999999967265, -1.9295530065879578 
19.77999999996724, -1.929857159576685 
19.78999999996722, -1.9296577646900541 
19.799999999967195, -1.929035392757071 
19.80999999996717, -1.9281148119938856 
19.81999999996715, -1.9273962520248762 
19.829999999967125, -1.9278458945414532 
19.8399999999671, -1.929741717044656 
19.84999999996708, -1.9321000814802365 
19.859999999967055, -1.9340203345034106 
19.869999999967032, -1.9352581278514371 
19.87999999996701, -1.9358606801591605 
19.889999999966985, -1.9359018888462778 
19.899999999966962, -1.9354050024638916 
19.90999999996694, -1.934323526587154 
19.919999999966915, -1.932534970127051 
19.929999999966892, -1.9298642720700125 
19.93999999996687, -1.9262546955167363 
19.949999999966845, -1.9222969359394615 
19.959999999966822, -1.919554017319658 
19.9699999999668, -1.9189354603061624 
19.979999999966775, -1.919410797453608 
19.989999999966752, -1.9198197013344669 
19.99999999996673, -1.9198101357837345 
20.009999999966706, -1.9193557499667357 
20.019999999966682, -1.9184468996520068 
20.02999999996666, -1.9172183566202523 
20.039999999966636, -1.916502148380688 
20.049999999966612, -1.9177746022430675 
20.05999999996659, -1.9210550558616646 
20.069999999966566, -1.9246059880510678 
20.079999999966542, -1.9272758237293313 
20.08999999996652, -1.928926249535333 
20.099999999966496, -1.929746538312062 
20.109999999966472, -1.9299142282152197 
20.11999999996645, -1.9295286234059652 
20.129999999966426, -1.9286139576282106 
20.139999999966403, -1.9271352988490846 
20.14999999996638, -1.9250389930464702 
20.159999999966356, -1.9223962473366651 
20.169999999966333, -1.9197323236563615 
20.17999999996631, -1.9180423541569855 
20.189999999966286, -1.9176886169956013 
20.199999999966263, -1.917929472789902 
20.20999999996624, -1.9180513229345189 
20.219999999966216, -1.9178031246519225 
20.229999999966193, -1.9170875342280358 
20.23999999996617, -1.9157884286566322 
20.249999999966146, -1.9140421059303523 
20.259999999966123, -1.9132065761840131 
20.2699999999661, -1.915670721083281 
20.279999999966076, -1.9210493102985402 
20.289999999966053, -1.9263548260873535 
20.29999999996603, -1.9300679907732234 
20.309999999966006, -1.9322530044570538 
20.319999999965983, -1.9333312934760774 
20.32999999996596, -1.9336326663012122 
20.339999999965936, -1.9333516342994 
20.349999999965913, -1.9325827307865506 
20.35999999996589, -1.9313613777574077 
20.369999999965867, -1.9297158822252853 
20.379999999965843, -1.9277809305151965 
20.38999999996582, -1.9259918071580433 
20.399999999965797, -1.924963571997841 
20.409999999965773, -1.92476695757634 
20.41999999996575, -1.9248518461429562 
20.429999999965727, -1.924757036211765 
20.439999999965703, -1.9242734583123837 
20.44999999996568, -1.9232134235603013 
20.459999999965657, -1.921310445529738 
20.469999999965633, -1.9187206233246332 
20.47999999996561, -1.917748828262748 
20.489999999965587, -1.9221528297668051 
20.499999999965564, -1.9303978463719438 
20.50999999996554, -1.9376677759475605 
20.519999999965517, -1.942314956467187 
20.529999999965494, -1.9448556131661454 
20.53999999996547, -1.9460339346340056 
20.549999999965447, -1.9463463571238577 
20.559999999965424, -1.9460702418406146 
20.5699999999654, -1.9453501072577328 
20.579999999965377, -1.9442686529444209 
20.589999999965354, -1.9429085097723537 
20.59999999996533, -1.9414459507010289 
20.609999999965307, -1.9402544574786884 
20.619999999965284, -1.9396831960258136 
20.62999999996526, -1.9395960727928796 
20.639999999965237, -1.9395532894933853 
20.649999999965214, -1.9392409679645541 
20.65999999996519, -1.938442029698009 
20.669999999965167, -1.9368240085410977 
20.679999999965144, -1.9339198244417255 
20.68999999996512, -1.9302108379204086 
20.699999999965097, -1.930014877707567 
20.709999999965074, -1.9378806278480034 
20.71999999996505, -1.9489168083522266 
20.729999999965028, -1.9570995917814293 
20.739999999965004, -1.961753392952183 
20.74999999996498, -1.964061214581174 
20.759999999964958, -1.9649987057832488 
20.769999999964934, -1.9651223091587735 
20.77999999996491, -1.9647199764813799 
20.789999999964888, -1.963945558047238 
20.799999999964864, -1.9629067545590697 
20.80999999996484, -1.9617249489992374 
20.819999999964818, -1.9606162664658615 
20.829999999964794, -1.9598929957012703 
20.83999999996477, -1.9596475430903517 
20.849999999964748, -1.9595876039265199 
20.859999999964725, -1.9593669988781541 
20.8699999999647, -1.9587398851073021 
20.879999999964678, -1.9573889339840602 
20.889999999964655, -1.9547245539077065 
20.89999999996463, -1.950229795617787 
20.909999999964608, -1.9462714724805121 
20.919999999964585, -1.9503974998283564 
20.92999999996456, -1.9628034912224197 
20.939999999964538, -1.9741895568280987 
20.949999999964515, -1.9809999591257 
20.95999999996449, -1.984412296132102 
20.969999999964468, -1.9858950065798588 
20.979999999964445, -1.9863133558934003 
20.98999999996442, -1.9861043324770897 
20.9999999999644, -1.9854886004558323 
21.009999999964375, -1.984603331002375 
21.01999999996435, -1.9835708371059322 
21.02999999996433, -1.9825544093114487 
21.039999999964305, -1.9818075520715908 
21.04999999996428, -1.981486376124359 
21.05999999996426, -1.9814002025131525 
21.069999999964235, -1.9812132010431411 
21.079999999964212, -1.9806625961550222 
21.08999999996419, -1.9794392018410931 
21.099999999964165, -1.9769447265641777 
21.109999999964142, -1.972360862564975 
21.11999999996412, -1.9669311563801606 
21.129999999964095, -1.9684012483125155 
21.139999999964072, -1.9805306610248212 
21.14999999996405, -1.9934104036636207 
21.159999999964025, -2.0013566516355388 
21.169999999964002, -2.005322447050066 
21.17999999996398, -2.007049850936112 
21.189999999963955, -2.0075824502333024 
21.199999999963932, -2.007437296151532 
21.20999999996391, -2.00686778289353 
21.219999999963886, -2.006024859458142 
21.229999999963862, -2.005035640558634 
21.23999999996384, -2.004054905394347 
21.249999999963816, -2.0033208359381907 
21.259999999963792, -2.0029943528712804 
21.26999999996377, -2.0029013493743415 
21.279999999963746, -2.0027094392144065 
21.289999999963722, -2.002150863889439 
21.2999999999637, -2.0009063626643218 
21.309999999963676, -1.9983545052486875 
21.319999999963652, -1.9936586721366159 
21.32999999996363, -1.9882563595897889 
21.339999999963606, -1.9902975682638313 
21.349999999963583, -2.0027821961153953 
21.35999999996356, -2.015297439342941 
21.369999999963536, -2.022775266777427 
21.379999999963513, -2.0264311089917 
21.38999999996349, -2.02797982576425 
21.399999999963466, -2.028406101190511 
21.409999999963443, -2.028188952947239 
21.41999999996342, -2.0275623269923853 
21.429999999963396, -2.026668556874618 
21.439999999963373, -2.0256331224592072 
21.44999999996335, -2.0246296272979794 
21.459999999963326, -2.0239268319687973 
21.469999999963303, -2.023654189605043 
21.47999999996328, -2.023571682693354 
21.489999999963256, -2.0233353873694093 
21.499999999963233, -2.0226809368700605 
21.50999999996321, -2.0212563155898557 
21.519999999963186, -2.0184002127639182 
21.529999999963163, -2.013608888604681 
21.53999999996314, -2.0100309862353227 
21.549999999963116, -2.0157863635613533 
21.559999999963093, -2.0285511945828794 
21.56999999996307, -2.0387680446427674 
21.579999999963047, -2.0444101129470367 
21.589999999963023, -2.047070864572958 
21.599999999963, -2.0481088243668664 
21.609999999962977, -2.0482482845564114 
21.619999999962953, -2.04783696943561 
21.62999999996293, -2.047048835298656 
21.639999999962907, -2.0459998480215114 
21.649999999962883, -2.044821776669882 
21.65999999996286, -2.043766339122821 
21.669999999962837, -2.0431618390810002 
21.679999999962813, -2.0430055357162007 
21.68999999996279, -2.0429240428275035 
21.699999999962767, -2.042581536418106 
21.709999999962744, -2.041721101793132 
21.71999999996272, -2.0399387718883153 
21.729999999962697, -2.0366773397208573 
21.739999999962674, -2.0327955985505053 
21.74999999996265, -2.0339782816840053 
21.759999999962627, -2.0434428134266667 
21.769999999962604, -2.0537864449546492 
21.77999999996258, -2.0603587674865627 
21.789999999962557, -2.063728804598248 
21.799999999962534, -2.0652100035907606 
21.80999999996251, -2.065619404703025 
21.819999999962487, -2.0653684158082823 
21.829999999962464, -2.0646510210943445 
21.83999999996244, -2.063567565735888 
21.849999999962417, -2.062212120662333 
21.859999999962394, -2.060804030802434 
21.86999999996237, -2.059790209867056 
21.879999999962347, -2.0594398396966698 
21.889999999962324, -2.0594231517308628 
21.8999999999623, -2.0592775176436353 
21.909999999962277, -2.0587352985900904 
21.919999999962254, -2.057540039134548 
21.92999999996223, -2.0553273451513427 
21.939999999962208, -2.0523999219267113 
21.949999999962184, -2.052167823502237 
21.95999999996216, -2.0583165605720377 
21.969999999962138, -2.0667155400042625 
21.979999999962114, -2.0727388446228625 
21.98999999996209, -2.076071663556384 
21.999999999962068, -2.0776414905915694 
22.009999999962044, -2.0781430738025763 
22.01999999996202, -2.077947848537802 
22.029999999961998, -2.0772250084750383 
22.039999999961974, -2.076037737870594 
22.04999999996195, -2.0744269116446206 
22.059999999961928, -2.0725757775967133 
22.069999999961905, -2.0710480475751614 
22.07999999996188, -2.070421057421924 
22.089999999961858, -2.070440123930088 
22.099999999961835, -2.070459925953606 
22.10999999996181, -2.070137811991125 
22.119999999961788, -2.069298334191359 
22.129999999961765, -2.0677418707367092 
22.13999999996174, -2.065681082950034 
22.149999999961718, -2.0652396885575177 
22.159999999961695, -2.0690967490846885 
22.16999999996167, -2.0750706143725557 
22.179999999961648, -2.079753160402583 
22.189999999961625, -2.0825153097998252 
22.1999999999616, -2.083871609223987 
22.20999999996158, -2.084294799984664 
22.219999999961555, -2.0840468330438764 
22.22999999996153, -2.0832298878092117 
22.23999999996151, -2.0818411733518953 
22.249999999961485, -2.0798404438657396 
22.25999999996146, -2.077357960323098 
22.26999999996144, -2.0751156068723167 
22.279999999961415, -2.0741123260923784 
22.289999999961392, -2.074184494233367 
22.29999999996137, -2.074397308086505 
22.309999999961345, -2.074273289449493 
22.319999999961322, -2.073687814691988 
22.3299999999613, -2.0725610979177804 
22.339999999961275, -2.0710881572141613 
22.349999999961252, -2.070627810768438 
22.35999999996123, -2.0729507575016726 
22.369999999961205, -2.076931988348888 
22.379999999961182, -2.08029775991915 
22.38999999996116, -2.0823936226549593 
22.399999999961135, -2.0834408030001352 
22.409999999961112, -2.0837123569697593 
22.41999999996109, -2.0833540016211773 
22.429999999961066, -2.08238492796489 
22.439999999961042, -2.0807132828407626 
22.44999999996102, -2.0781805229488666 
22.459999999960996, -2.074816756832343 
22.469999999960972, -2.0715306444514447 
22.47999999996095, -2.069955124958933 
22.489999999960926, -2.070105600604628 
22.499999999960902, -2.0705865465035482 
22.50999999996088, -2.070689872009624 
22.519999999960856, -2.0703247301861927 
22.529999999960832, -2.0695021406232854 
22.53999999996081, -2.068391642340027 
22.549999999960786, -2.067856838050568 
22.559999999960763, -2.069116259548933 
22.56999999996074, -2.0717041569398957 
22.579999999960716, -2.0741087952205786 
22.589999999960693, -2.0756962662946536 
22.59999999996067, -2.07649940395682 
22.609999999960646, -2.0766500462859474 
22.619999999960623, -2.076203082824042 
22.6299999999606, -2.0751022764498277 
22.639999999960576, -2.0731604091106974 
22.649999999960553, -2.070067955855589 
22.65999999996053, -2.0656589487723727 
22.669999999960506, -2.0609123548973516 
22.679999999960483, -2.058325799455764 
22.68999999996046, -2.0584745527365977 
22.699999999960436, -2.059331995477487 
22.709999999960413, -2.059745393659159 
22.71999999996039, -2.059618022497566 
22.729999999960366, -2.059042189920498 
22.739999999960343, -2.058163988515618 
22.74999999996032, -2.0575145743674956 
22.759999999960296, -2.0579979641194175 
22.769999999960273, -2.0596322389866866 
22.77999999996025, -2.061416306524649 
22.789999999960227, -2.0627055407469364 
22.799999999960203, -2.0633953620195746 
22.80999999996018, -2.0635236748627106 
22.819999999960157, -2.0630885904695893 
22.829999999960133, -2.061987592589445 
22.83999999996011, -2.0599678443377534 
22.849999999960087, -2.056585345265426 
22.859999999960063, -2.0513786272599908 
22.86999999996004, -2.0449665543202786 
22.879999999960017, -2.040512251566523 
22.889999999959993, -2.0401333074035604 
22.89999999995997, -2.0414267623788467 
22.909999999959947, -2.0423074343258283 
22.919999999959924, -2.0425012594981373 
22.9299999999599, -2.0421798442008483 
22.939999999959877, -2.0414989549610647 
22.949999999959854, -2.040767413782639 
22.95999999995983, -2.0406494657824363 
22.969999999959807, -2.0415429610013973 
22.979999999959784, -2.0429094837700097 
22.98999999995976, -2.044073709392881 
22.999999999959737, -2.044789089546639 
23.009999999959714, -2.0450207294731304 
23.01999999995969, -2.044741299156528 
23.029999999959667, -2.043847533848779 
23.039999999959644, -2.042094077696253 
23.04999999995962, -2.039014515184623 
23.059999999959597, -2.033926914718755 
23.069999999959574, -2.0266127980042805 
23.07999999995955, -2.019492353641512 
23.089999999959527, -2.01693432053798 
23.099999999959504, -2.0182015769222637 
23.10999999995948, -2.019747712552779 
23.119999999959457, -2.0204561813167756 
23.129999999959434, -2.0204812510991053 
23.13999999995941, -2.020047495538583 
23.149999999959388, -2.019351544757117 
23.159999999959364, -2.018802327975777 
23.16999999995934, -2.018984581063976 
23.179999999959318, -2.0199348702238904 
23.189999999959294, -2.021063910995489 
23.19999999995927, -2.0219270753645526 
23.209999999959248, -2.022385276657181 
23.219999999959224, -2.022394876193059 
23.2299999999592, -2.0218855229525707 
23.239999999959178, -2.020690254054856 
23.249999999959154, -2.01846588441963 
23.25999999995913, -2.0146060267659816 
23.269999999959108, -2.0083505970714066 
23.279999999959085, -1.9999753115695469 
23.28999999995906, -1.993218154607495 
23.299999999959038, -1.9920004853273017 
23.309999999959015, -1.9938099930253208 
23.31999999995899, -1.995320441009493 
23.329999999958968, -1.995922157745013 
23.339999999958945, -1.995872986086709 
23.34999999995892, -1.995396963054923 
23.359999999958898, -1.9947064728803028 
23.369999999958875, -1.994237500141553 
23.37999999995885, -1.9945186629884049 
23.389999999958828, -1.9954854020826445 
23.399999999958805, -1.9965660270371406 
23.40999999995878, -1.997374064610319 
23.41999999995876, -1.9977878212247009 
23.429999999958735, -1.9977605273146377 
23.43999999995871, -1.9972161304102376 
23.44999999995869, -1.9959843062063967 
23.459999999958665, -1.9937261966366973 
23.46999999995864, -1.98985955472785 
23.47999999995862, -1.9836832827378774 
23.489999999958595, -1.9755068218954164 
23.499999999958572, -1.96884973663473 
23.50999999995855, -1.9674521076168083 
23.519999999958525, -1.969100235980837 
23.529999999958502, -1.9705735986342312 
23.53999999995848, -1.9711861822202745 
23.549999999958455, -1.971155249882342 
23.559999999958432, -1.9706906447145627 
23.56999999995841, -1.9699845934638804 
23.579999999958385, -1.969452453034587 
23.589999999958362, -1.9696813386129217 
23.59999999995834, -1.9707144169377984 
23.609999999958315, -1.971957363751013 
23.619999999958292, -1.9729389877721863 
23.62999999995827, -1.9735065630238953 
23.639999999958246, -1.9736242333809912 
23.649999999958222, -1.9732465835787383 
23.6599999999582, -1.9722582195560308 
23.669999999958176, -1.9704197754346713 
23.679999999958152, -1.9673134786633242 
23.68999999995813, -1.9623873833588152 
23.699999999958106, -1.955565501023625 
23.709999999958082, -1.9489161195361362 
23.71999999995806, -1.9460879067040309 
23.729999999958036, -1.9468539646925798 
23.739999999958012, -1.9482203707633534 
23.74999999995799, -1.9489342530172755 
23.759999999957966, -1.9490071781784235 
23.769999999957943, -1.9486122655182463 
23.77999999995792, -1.947890913259489 
23.789999999957896, -1.9471653311493953 
23.799999999957873, -1.9471173833169044 
23.80999999995785, -1.9481661468021993 
23.819999999957826, -1.949782546479815 
23.829999999957803, -1.9512307870133732 
23.83999999995778, -1.9522074261918854 
23.849999999957756, -1.9526747810213188 
23.859999999957733, -1.9526408212268316 
23.86999999995771, -1.9520737466332396 
23.879999999957686, -1.9508636364647276 
23.889999999957663, -1.9487915105632267 
23.89999999995764, -1.9455245621367017 
23.909999999957616, -1.9407986062476652 
23.919999999957593, -1.9352003958027146 
23.92999999995757, -1.9310409361372827 
23.939999999957546, -1.9300996582815404 
23.949999999957523, -1.9309348194410467 
23.9599999999575, -1.9317149144837675 
23.969999999957476, -1.9319515527167634 
23.979999999957453, -1.9316955886210994 
23.98999999995743, -1.9310257399772943 
23.999999999957407, -1.9300924312695666 
24.009999999957383, -1.9294704757780656 
24.01999999995736, -1.9301221026925535 
24.029999999957337, -1.932136576493288 
24.039999999957313, -1.934457216960147 
24.04999999995729, -1.936276501537265 
24.059999999957267, -1.9374144936991413 
24.069999999957243, -1.9379307228178124 
24.07999999995722, -1.9378931336072742 
24.089999999957197, -1.9373145031098222 
24.099999999957173, -1.936135787199089 
24.10999999995715, -1.9342210197183458 
24.119999999957127, -1.9313907927178182 
24.129999999957104, -1.9276359297805556 
24.13999999995708, -1.9237033814966988 
24.149999999957057, -1.921239315634909 
24.159999999957034, -1.9208776593371049 
24.16999999995701, -1.9214059946833093 
24.179999999956987, -1.9217688142147016 
24.189999999956964, -1.9216980494170979 
24.19999999995694, -1.921181339895383 
24.209999999956917, -1.9202150555596624 
24.219999999956894, -1.9189990786471505 
24.22999999995687, -1.9185054637298329 
24.239999999956847, -1.9201259702945865 
24.249999999956824, -1.9235103259044763 
24.2599999999568, -1.9269046277614907 
24.269999999956777, -1.929364303058685 
24.279999999956754, -1.9308425416557022 
24.28999999995673, -1.931532716135776 
24.299999999956707, -1.9315959626169747 
24.309999999956684, -1.9311147196549558 
24.31999999995666, -1.9300984461431483 
24.329999999956637, -1.9285005479974136 
24.339999999956614, -1.9262682567823604 
24.34999999995659, -1.9235202003500547 
24.359999999956568, -1.9208980253937036 
24.369999999956544, -1.9194175785059637 
24.37999999995652, -1.9192334859864342 
24.389999999956498, -1.9195016057848622 
24.399999999956474, -1.9195796249193056 
24.40999999995645, -1.9192671605263047 
24.419999999956428, -1.9184717739394137 
24.429999999956404, -1.9170914299097066 
24.43999999995638, -1.9153942943392308 
24.449999999956358, -1.9150046481720033 
24.459999999956334, -1.9180656610042663 
24.46999999995631, -1.9234961526651062 
24.479999999956288, -1.9284361249880515 
24.489999999956265, -1.9317704482815512 
24.49999999995624, -1.9336841716758766 
24.509999999956218, -1.934580349259011 
24.519999999956195, -1.9347524147682869 
24.52999999995617, -1.9343670078021862 
24.539999999956148, -1.9334998867529578 
24.549999999956125, -1.932175769715279 
24.5599999999561, -1.9304265541919896 
24.569999999956078, -1.9284284593022942 
24.579999999956055, -1.9266943832197085 
24.58999999995603, -1.92581966097816 
24.599999999956008, -1.9257254825890988 
24.609999999955985, -1.9258125148128429 
24.61999999995596, -1.9256676206380003 
24.62999999995594, -1.9251058118720994 
24.639999999955915, -1.9239314677376207 
24.64999999995589, -1.9219030729629698 
24.65999999995587, -1.9194335466549752 
24.669999999955845, -1.9193095544305154 
24.67999999995582, -1.9246551861632573 
24.6899999999558, -1.9327779043907092 
24.699999999955775, -1.939375843078075 
24.709999999955752, -1.9434545516965744 
24.71999999995573, -1.9456352389382423 
24.729999999955705, -1.946595520300417 
24.739999999955682, -1.9467672902356337 
24.74999999995566, -1.9463876191230214 
24.759999999955635, -1.9455789653834512 
24.769999999955612, -1.9444147554301217 
24.77999999995559, -1.9429835870986245 
24.789999999955565, -1.941498828459909 
24.799999999955542, -1.9403777625931429 
24.80999999995552, -1.9399162511915802 
24.819999999955495, -1.9398760543867142 
24.829999999955472, -1.9398088670479319 
24.83999999995545, -1.939430862061818 
24.849999999955426, -1.9385233474879875 
24.859999999955402, -1.9367295448798967 
24.86999999995538, -1.9336484627652175 
24.879999999955356, -1.9302971234040018 
24.889999999955332, -1.9316312240420088 
24.89999999995531, -1.9405549120570984 
24.909999999955286, -1.9510201537267993 
24.919999999955262, -1.9582610433401992 
24.92999999995524, -1.962271721907161 
24.939999999955216, -1.9642154704173411 
24.949999999955192, -1.9649475414873891 
24.95999999995517, -1.9649442662546168 
24.969999999955146, -1.9644514993858568 
24.979999999955123, -1.9636042154710958 
24.9899999999551, -1.962504770572433 
24.999999999955076, -1.961285238836549 
