t, s[1].omega / s[0].omega 
0, -1.1999978616535 
0.009999999999999995, -1.199639393604929 
0.019999999999999934, -1.1991260957904788 
0.029999999999999874, -1.1988614783967362 
0.04000000000000012, -1.1985669627633837 
0.050000000000000405, -1.1974141611989957 
0.06000000000000069, -1.1951927712715134 
0.07000000000000098, -1.194156783412066 
0.08000000000000126, -1.193959579173457 
0.09000000000000155, -1.19173458933963 
0.10000000000000184, -1.1727043039631098 
0.11000000000000212, -1.1645208239288527 
0.12000000000000241, -1.1649234393707664 
0.130000000000002, -1.1642116118814534 
0.1400000000000009, -1.1639400405559635 
0.1499999999999998, -1.1950370281102487 
0.1599999999999987, -1.198904358705449 
0.1699999999999976, -1.1987507477617585 
0.1799999999999965, -1.1991350180936702 
0.1899999999999954, -1.2023011709251947 
0.1999999999999943, -1.2038202947811376 
0.2099999999999932, -1.2038283556774398 
0.2199999999999921, -1.2036545072851557 
0.229999999999991, -1.2038612542320382 
0.2399999999999899, -1.2039497720499635 
0.2499999999999888, -1.2037312193194059 
0.2599999999999877, -1.2033074672773227 
0.2699999999999866, -1.2030417953908557 
0.2799999999999855, -1.202833800598702 
0.2899999999999844, -1.2020651217185774 
0.2999999999999833, -1.2005314485638192 
0.3099999999999822, -1.1994345650593834 
0.3199999999999811, -1.199252985605828 
0.32999999999998, -1.1979009743600142 
0.3399999999999789, -1.1867910475693348 
0.3499999999999778, -1.176921204618902 
0.35999999999997667, -1.1772611513122793 
0.36999999999997557, -1.1767085255491856 
0.37999999999997447, -1.1723127360498025 
0.38999999999997337, -1.2007877954701556 
0.39999999999997227, -1.2066786741986921 
0.40999999999997117, -1.2066098474490041 
0.41999999999997006, -1.2067263137167534 
0.42999999999996896, -1.2102781604025836 
0.43999999999996786, -1.2122285983883783 
0.44999999999996676, -1.2123254034701214 
0.45999999999996566, -1.2121272490107493 
0.46999999999996456, -1.2123324124709955 
0.47999999999996346, -1.2124504026068241 
0.48999999999996235, -1.2122559243903581 
0.49999999999996125, -1.211832529243912 
0.5099999999999602, -1.2115426465257049 
0.519999999999959, -1.2113437105106653 
0.529999999999958, -1.210589830740244 
0.5399999999999568, -1.2089762786656466 
0.5499999999999557, -1.2077301035049792 
0.5599999999999546, -1.2075538585572132 
0.5699999999999535, -1.206275428577917 
0.5799999999999524, -1.1936998544964887 
0.5899999999999513, -1.181693541100908 
0.5999999999999502, -1.1821909105819233 
0.6099999999999491, -1.181696952800931 
0.619999999999948, -1.1794774684531686 
0.6299999999999469, -1.2095255387088728 
0.6399999999999458, -1.2154179935379228 
0.6499999999999447, -1.2153661217148755 
0.6599999999999436, -1.215467753233276 
0.6699999999999425, -1.2179856392350923 
0.6799999999999414, -1.2193774714470327 
0.6899999999999403, -1.219415704932603 
0.6999999999999392, -1.2192002638386936 
0.7099999999999381, -1.219292678843685 
0.719999999999937, -1.2192960355433324 
0.7299999999999359, -1.2190042608420097 
0.7399999999999348, -1.2184877649083588 
0.7499999999999337, -1.2181412541799 
0.7599999999999326, -1.217905646180441 
0.7699999999999315, -1.2168790523227586 
0.7799999999999304, -1.2143759491869994 
0.7899999999999293, -1.2127595934787585 
0.7999999999999282, -1.2126172472857983 
0.8099999999999271, -1.2110074171475396 
0.819999999999926, -1.188991773908269 
0.8299999999999249, -1.1767735002667208 
0.8399999999999238, -1.1776839239180312 
0.8499999999999227, -1.1772088070000364 
0.8599999999999216, -1.1785941668404247 
0.8699999999999205, -1.200921628671003 
0.8799999999999194, -1.2051170452822817 
0.8899999999999183, -1.2050475318616858 
0.8999999999999172, -1.2051584360618213 
0.9099999999999161, -1.2068138410405143 
0.919999999999915, -1.2077437109927316 
0.9299999999999139, -1.2077282612062663 
0.9399999999999128, -1.2074960918521105 
0.9499999999999117, -1.2075220644708926 
0.9599999999999106, -1.2074735062286104 
0.9699999999999095, -1.2071355236098122 
0.9799999999999084, -1.2065683451283638 
0.9899999999999073, -1.2061840039425764 
0.9999999999999062, -1.2059558197995808 
1.0099999999999052, -1.2049228178452946 
1.019999999999904, -1.2022515959264775 
1.029999999999903, -1.2003847086927515 
1.039999999999902, -1.2002573922294468 
1.0499999999999008, -1.1989445607041875 
1.0599999999998997, -1.1799174586867278 
1.0699999999998986, -1.163978765463334 
1.0799999999998975, -1.165049419839649 
1.0899999999998964, -1.1646661483807157 
1.0999999999998953, -1.1641886589103385 
1.1099999999998942, -1.1895362020478504 
1.119999999999893, -1.1960335584435893 
1.129999999999892, -1.19608320786926 
1.1399999999998909, -1.1960267315510469 
1.1499999999998898, -1.1980827292497291 
1.1599999999998887, -1.1995209045139312 
1.1699999999998876, -1.1996602180902063 
1.1799999999998865, -1.199427762335701 
1.1899999999998854, -1.1995021017084158 
1.1999999999998843, -1.1995688204513058 
1.2099999999998832, -1.199362295581398 
1.219999999999882, -1.1989099769014804 
1.229999999999881, -1.198538941487664 
1.2399999999998799, -1.198360662359022 
1.2499999999998788, -1.197704740038893 
1.2599999999998777, -1.1960703939098132 
1.2699999999998766, -1.1944232491848334 
1.2799999999998755, -1.1942116759956949 
1.2899999999998744, -1.1934544252197121 
1.2999999999998733, -1.1848874463175605 
1.3099999999998722, -1.168401246144808 
1.319999999999871, -1.1686383541402083 
1.32999999999987, -1.1683939134474013 
1.3399999999998689, -1.1654487210581705 
1.3499999999998678, -1.186833486721085 
1.3599999999998666, -1.2002844559094248 
1.3699999999998655, -1.2006071337746584 
1.3799999999998644, -1.2003161414903292 
1.3899999999998633, -1.2030700586266552 
1.3999999999998622, -1.2057834214284846 
1.4099999999998611, -1.2062324333570795 
1.41999999999986, -1.2060061972976255 
1.429999999999859, -1.2061208660310816 
1.4399999999998578, -1.2063313492436587 
1.4499999999998567, -1.206253601832001 
1.4599999999998556, -1.2058869413184523 
1.4699999999998545, -1.205533849118331 
1.4799999999998534, -1.2053771985606339 
1.4899999999998523, -1.2048964363789894 
1.4999999999998512, -1.2036725347377137 
1.5099999999998501, -1.2021912493028253 
1.519999999999849, -1.2018904965739845 
1.529999999999848, -1.201336313253147 
1.5399999999998468, -1.195651535234728 
1.5499999999998457, -1.1808450216479198 
1.5599999999998446, -1.1803046420077856 
1.5699999999998435, -1.180138860393439 
1.5799999999998424, -1.1774595823882439 
1.5899999999998413, -1.1925901313142213 
1.5999999999998402, -1.209405026955767 
1.6099999999998391, -1.209907743666241 
1.619999999999838, -1.2095794017772719 
1.629999999999837, -1.212026459804031 
1.6399999999998358, -1.2148019625389044 
1.6499999999998347, -1.2153191890039956 
1.6599999999998336, -1.2150944854373733 
1.6699999999998325, -1.215159042310889 
1.6799999999998314, -1.2153351591840467 
1.6899999999998303, -1.2152345445495205 
1.6999999999998292, -1.214845107746233 
1.709999999999828, -1.214450784341801 
1.719999999999827, -1.2142782597662276 
1.729999999999826, -1.213760217233712 
1.7399999999998248, -1.212305405036446 
1.7499999999998237, -1.2104858422695983 
1.7599999999998226, -1.2101786774929828 
1.7699999999998215, -1.2096113561849269 
1.7799999999998204, -1.20226805957089 
1.7899999999998193, -1.1816737365398944 
1.7999999999998182, -1.1818329042368314 
1.809999999999817, -1.1816897030004812 
1.819999999999816, -1.1798000739857057 
1.8299999999998149, -1.2002516084452295 
1.8399999999998138, -1.214396552365211 
1.8499999999998127, -1.2148587007256653 
1.8599999999998116, -1.2145946241332142 
1.8699999999998105, -1.21629154194438 
1.8799999999998094, -1.2180255310326538 
1.8899999999998083, -1.2183469455268339 
1.8999999999998072, -1.2181059996198846 
1.909999999999806, -1.2180874550760739 
1.919999999999805, -1.2181361391027776 
1.9299999999998039, -1.2179220736608105 
1.9399999999998028, -1.2174287434723614 
1.9499999999998017, -1.2169461779628952 
1.9599999999998006, -1.2167519555317157 
1.9699999999997995, -1.2160889873492577 
1.9799999999997984, -1.2138896090886568 
1.9899999999997973, -1.2112549948211653 
1.9999999999997962, -1.211014986032395 
2.0099999999998173, -1.2103801903099713 
2.0199999999998384, -1.1994031609196922 
2.0299999999998595, -1.1735246724998523 
2.0399999999998806, -1.1754614263367025 
2.0499999999999017, -1.1753279021657068 
2.059999999999923, -1.1743334831709857 
2.069999999999944, -1.1915765401405878 
2.079999999999965, -1.2014030828357654 
2.089999999999986, -1.2018107624274534 
2.100000000000007, -1.2015819955579863 
2.1100000000000283, -1.2028451199053853 
2.1200000000000494, -1.2041403998865905 
2.1300000000000705, -1.2043968508858636 
2.1400000000000916, -1.2041521734916578 
2.1500000000001127, -1.2040954483448716 
2.160000000000134, -1.204121863224844 
2.170000000000155, -1.203900320173096 
2.180000000000176, -1.2034014795758339 
2.190000000000197, -1.2028926858707318 
2.2000000000002182, -1.202698031861707 
2.2100000000002393, -1.2021195092309942 
2.2200000000002604, -1.2001592837020776 
2.2300000000002815, -1.197549059086458 
2.2400000000003026, -1.1971931072738171 
2.2500000000003237, -1.196712617994277 
2.260000000000345, -1.1893840980518366 
2.270000000000366, -1.1624602972275087 
2.280000000000387, -1.162904024016765 
2.290000000000408, -1.1628829658169266 
2.3000000000004293, -1.1614719345525424 
2.3100000000004504, -1.1771509795492792 
2.3200000000004715, -1.1951004393435363 
2.3300000000004926, -1.195986149024232 
2.3400000000005137, -1.195692022742103 
2.3500000000005348, -1.197103646578664 
2.360000000000556, -1.1993533241269547 
2.370000000000577, -1.1999806076514328 
2.380000000000598, -1.1997870517754812 
2.390000000000619, -1.1997444217790918 
2.4000000000006403, -1.1999033735746671 
2.4100000000006614, -1.19983966441895 
2.4200000000006825, -1.1994864689466247 
2.4300000000007036, -1.1990516394138815 
2.4400000000007247, -1.198860153782051 
2.450000000000746, -1.1984955923458152 
2.460000000000767, -1.1973417043388743 
2.470000000000788, -1.19555693371244 
2.480000000000809, -1.1949677718589953 
2.49000000000083, -1.194658970951873 
2.5000000000008513, -1.1913232315076099 
2.5100000000008724, -1.174804622920474 
2.5200000000008935, -1.1712965544563887 
2.5300000000009146, -1.171389630649595 
2.5400000000009357, -1.1700861599463894 
2.550000000000957, -1.1719602308013801 
2.560000000000978, -1.1995644354776214 
2.570000000000999, -1.201362823565778 
2.58000000000102, -1.201067490932962 
2.5900000000010412, -1.202332586618757 
2.6000000000010624, -1.2060926094444202 
2.6100000000010835, -1.2073066535030712 
2.6200000000011046, -1.2071855642077995 
2.6300000000011257, -1.2071192853892312 
2.6400000000011468, -1.207394871552716 
2.650000000001168, -1.2074537951584121 
2.660000000001189, -1.207187868926701 
2.67000000000121, -1.206787528197392 
2.680000000001231, -1.2065915605977644 
2.6900000000012523, -1.2063109649098678 
2.7000000000012734, -1.205400005208404 
2.7100000000012945, -1.2038770764240234 
2.7200000000013156, -1.2031714142320111 
2.7300000000013367, -1.2029185229465762 
2.740000000001358, -1.2004864865763591 
2.750000000001379, -1.1867994368647428 
2.7600000000014, -1.1818379830297878 
2.770000000001421, -1.1819923017694414 
2.780000000001442, -1.1809170561017484 
2.7900000000014633, -1.1800078131274727 
2.8000000000014844, -1.2090656007969116 
2.8100000000015055, -1.2113758017108427 
2.8200000000015266, -1.2111129306911248 
2.8300000000015477, -1.2120816245280874 
2.840000000001569, -1.215486766218023 
2.85000000000159, -1.216675074297296 
2.860000000001611, -1.2165649252797504 
2.870000000001632, -1.2164599731555361 
2.8800000000016532, -1.2166641020065472 
2.8900000000016743, -1.2166696417715628 
2.9000000000016954, -1.216364662226444 
2.9100000000017165, -1.215914604577386 
2.9200000000017377, -1.2156870160043645 
2.9300000000017588, -1.2153751519735883 
2.94000000000178, -1.2142560015446484 
2.950000000001801, -1.212250704727182 
2.960000000001822, -1.2114445360313137 
2.970000000001843, -1.2111912911030531 
2.9800000000018643, -1.2081423864538006 
2.9900000000018854, -1.1864157114801084 
3.0000000000019065, -1.1816941846654934 
3.0100000000019276, -1.1819390085701649 
3.0200000000019487, -1.1809858140399276 
3.03000000000197, -1.1875400164895766 
3.040000000001991, -1.2124913493873521 
3.050000000002012, -1.2144524679498687 
3.060000000002033, -1.2142069116320482 
3.070000000002054, -1.2149646367890854 
3.0800000000020753, -1.2169931045219833 
3.0900000000020964, -1.217719215564196 
3.1000000000021175, -1.2175640614960928 
3.1100000000021386, -1.2174189232806412 
3.1200000000021597, -1.217490272863135 
3.130000000002181, -1.2173738619533738 
3.140000000002202, -1.2169581954220663 
3.150000000002223, -1.2163985214172697 
3.160000000002244, -1.2161389803461033 
3.1700000000022652, -1.215761729180676 
3.1800000000022863, -1.214157748550615 
3.1900000000023074, -1.2110804334055814 
3.2000000000023285, -1.2101968997408408 
3.2100000000023496, -1.2099411538628757 
3.2200000000023707, -1.2060401134731757 
3.230000000002392, -1.1752591038563656 
3.240000000002413, -1.1742653432089432 
3.250000000002434, -1.174585442457173 
3.260000000002455, -1.1737914489104173 
3.2700000000024763, -1.1814501296499837 
3.2800000000024974, -1.1989065963671939 
3.2900000000025185, -1.2006160691376349 
3.3000000000025396, -1.2003905843373182 
3.3100000000025607, -1.2009763514519447 
3.3200000000025818, -1.2025470921831916 
3.330000000002603, -1.203161915847149 
3.340000000002624, -1.203010326644875 
3.350000000002645, -1.2028413802530178 
3.360000000002666, -1.202892753060749 
3.3700000000026873, -1.2027814559678047 
3.3800000000027084, -1.202378534866565 
3.3900000000027295, -1.2018172024090636 
3.4000000000027506, -1.201537778551524 
3.4100000000027717, -1.2012200013798244 
3.420000000002793, -1.1998820559562509 
3.430000000002814, -1.1971965048769289 
3.440000000002835, -1.1960927336433949 
3.450000000002856, -1.1958976420039602 
3.460000000002877, -1.1933809474983883 
3.4700000000028983, -1.1693949582850025 
3.4800000000029194, -1.1619687293225858 
3.4900000000029405, -1.1624436098208417 
3.5000000000029616, -1.1617518610870017 
3.5100000000029827, -1.1639886583019063 
3.520000000003004, -1.1924769777271376 
3.530000000003025, -1.1959598369491835 
3.540000000003046, -1.1958047872086206 
3.550000000003067, -1.1961812041396556 
3.5600000000030882, -1.1988064365755833 
3.5700000000031094, -1.2000856883588196 
3.5800000000031305, -1.2000726308395282 
3.5900000000031516, -1.199892005422218 
3.6000000000031727, -1.2000562124793586 
3.6100000000031938, -1.200109253739304 
3.620000000003215, -1.1998678096576507 
3.630000000003236, -1.1994249067851654 
3.640000000003257, -1.1991451054733602 
3.650000000003278, -1.1989339623524886 
3.6600000000032993, -1.1981387230160552 
3.6700000000033204, -1.1965208437148573 
3.6800000000033415, -1.1953582775638143 
3.6900000000033626, -1.1951819358551254 
3.7000000000033837, -1.193877863404096 
3.710000000003405, -1.1826980754790786 
3.720000000003426, -1.1721443861774226 
3.730000000003447, -1.1725021813081145 
3.740000000003468, -1.171990424915302 
3.750000000003489, -1.1674511779611654 
3.7600000000035103, -1.1947660845165227 
3.7700000000035314, -1.2014101747935029 
3.7800000000035525, -1.2013798665853685 
3.7900000000035736, -1.2013959981924112 
3.8000000000035947, -1.2051576148982066 
3.810000000003616, -1.2074132938330147 
3.820000000003637, -1.207575463147744 
3.830000000003658, -1.2073697306374875 
3.840000000003679, -1.2076020316379452 
3.8500000000037002, -1.2077785767567943 
3.8600000000037213, -1.207633994769104 
3.8700000000037424, -1.2072415897296112 
3.8800000000037635, -1.2069582949720354 
3.8900000000037847, -1.206785333612327 
3.9000000000038058, -1.2061530742235056 
3.910000000003827, -1.2048073752620905 
3.920000000003848, -1.203613678176411 
3.930000000003869, -1.2034215798005155 
3.94000000000389, -1.2024252063201288 
3.9500000000039113, -1.193674338744484 
3.9600000000039324, -1.1823513309625735 
3.9700000000039535, -1.1826153479849133 
3.9800000000039746, -1.1821965499034344 
3.9900000000039957, -1.177880574078123 
4.000000000004016, -1.2034413106096444 
4.010000000003993, -1.2115909910104086 
4.02000000000397, -1.2116265879221146 
4.030000000003946, -1.211551668767972 
4.040000000003923, -1.214779359414552 
4.0500000000039, -1.2168566206882858 
4.0600000000038765, -1.2170276944396095 
4.070000000003853, -1.2168080966614843 
4.08000000000383, -1.2169634433658512 
4.090000000003807, -1.2170716212720427 
4.100000000003783, -1.216877441992979 
4.11000000000376, -1.2164379954675348 
4.120000000003737, -1.216107244640369 
4.130000000003713, -1.215912458458862 
4.14000000000369, -1.2151554302177503 
4.150000000003667, -1.2133684338382005 
4.1600000000036434, -1.2118642301742328 
4.17000000000362, -1.211694986546376 
4.180000000003597, -1.2105503337732182 
4.1900000000035735, -1.1966375313079771 
4.20000000000355, -1.1813709080774686 
4.210000000003527, -1.1821215745357019 
4.220000000003504, -1.18171503609297 
4.23000000000348, -1.180536063296282 
4.240000000003457, -1.2079194902577488 
4.250000000003434, -1.2143226799454974 
4.26000000000341, -1.2143307711014804 
4.270000000003387, -1.214332829312214 
4.280000000003364, -1.216334015246003 
4.2900000000033405, -1.2175584188727375 
4.300000000003317, -1.217611169576071 
4.310000000003294, -1.2173756632216293 
4.320000000003271, -1.2174145096278692 
4.330000000003247, -1.217393858463478 
4.340000000003224, -1.2170822816457747 
4.350000000003201, -1.2165290116501928 
4.360000000003177, -1.21613260541416 
4.370000000003154, -1.2159082275223674 
4.380000000003131, -1.2148884534709266 
4.390000000003107, -1.2121147775966057 
4.400000000003084, -1.2101185161460042 
4.410000000003061, -1.2099981119142593 
4.4200000000030375, -1.2086733420781324 
4.430000000003014, -1.1878098320086083 
4.440000000002991, -1.1732645180026047 
4.450000000002968, -1.174527477380571 
4.460000000002944, -1.1741465925662868 
4.470000000002921, -1.17473198413334 
4.480000000002898, -1.1951799664012452 
4.490000000002874, -1.2002281764652734 
4.500000000002851, -1.2002394404027257 
4.510000000002828, -1.2002255302357525 
4.520000000002804, -1.2017695745133483 
4.530000000002781, -1.2027757172961626 
4.540000000002758, -1.2028223611087872 
4.5500000000027345, -1.2025776842367866 
4.560000000002711, -1.2025882655373352 
4.570000000002688, -1.2025689566854794 
4.580000000002665, -1.202271341058679 
4.590000000002641, -1.201729494624258 
4.600000000002618, -1.2013104292126153 
4.610000000002595, -1.2011100054929102 
4.620000000002571, -1.2002688853254733 
4.630000000002548, -1.19796185850106 
4.640000000002525, -1.1959008578934984 
4.6500000000025015, -1.1957450608040774 
4.660000000002478, -1.1948308145985178 
4.670000000002455, -1.1815355923350168 
4.6800000000024315, -1.1611963243654373 
4.690000000002408, -1.1622357275541855 
4.700000000002385, -1.161971968773365 
4.710000000002362, -1.1601794829919618 
4.720000000002338, -1.1850460611582445 
4.730000000002315, -1.195550598773661 
4.740000000002292, -1.195799628612451 
4.750000000002268, -1.1955824370022246 
4.760000000002245, -1.197759554483365 
4.770000000002222, -1.199732037070854 
4.7800000000021985, -1.2000561754379848 
4.790000000002175, -1.1998248437486807 
4.800000000002152, -1.1998948764553345 
4.810000000002129, -1.2000348721270655 
4.820000000002105, -1.1999074187982228 
4.830000000002082, -1.199508987232024 
4.840000000002059, -1.199130372710924 
4.850000000002035, -1.1989661383033698 
4.860000000002012, -1.1984566536876555 
4.870000000001989, -1.197123689491866 
4.880000000001965, -1.1955177108678015 
4.890000000001942, -1.1952129450776496 
4.900000000001919, -1.1946728088516225 
4.9100000000018955, -1.1889356823556934 
4.920000000001872, -1.1732773980520015 
4.930000000001849, -1.1726272098171076 
4.940000000001826, -1.1724881627539687 
4.950000000001802, -1.1699694089381383 
4.960000000001779, -1.1822227121553226 
4.970000000001756, -1.2006666450893448 
4.980000000001732, -1.201291339389282 
4.990000000001709, -1.2009360394032433 
5.000000000001686, -1.203431051780749 
5.0100000000016625, -1.2068042271132389 
5.020000000001639, -1.2075023312765965 
5.030000000001616, -1.2072933007909874 
5.0400000000015925, -1.2073688117102166 
5.050000000001569, -1.2076338000251277 
5.060000000001546, -1.2076174234422035 
5.070000000001523, -1.2072888066121423 
5.080000000001499, -1.206925184120599 
5.090000000001476, -1.2067685629379723 
5.100000000001453, -1.2063698666951994 
5.110000000001429, -1.2052872040787221 
5.120000000001406, -1.203816074207984 
5.130000000001383, -1.203418440974709 
5.1400000000013595, -1.2029910231463732 
5.150000000001336, -1.198691923040063 
5.160000000001313, -1.1842442034819625 
5.17000000000129, -1.1827554755557097 
5.180000000001266, -1.18268058109095 
5.190000000001243, -1.180573395665182 
5.20000000000122, -1.1895330152780887 
5.210000000001196, -1.2106327671851143 
5.220000000001173, -1.2114599604795095 
5.23000000000115, -1.2111148347264487 
5.240000000001126, -1.213166928320261 
5.250000000001103, -1.2162117481563213 
5.26000000000108, -1.2169009189463893 
5.2700000000010565, -1.2166939019453378 
5.280000000001033, -1.2167112594880993 
5.29000000000101, -1.216901173715115 
5.300000000000987, -1.216829600515955 
5.310000000000963, -1.2164590624780467 
5.32000000000094, -1.2160418521349992 
5.330000000000917, -1.2158611671315236 
5.340000000000893, -1.215404183947419 
5.35000000000087, -1.214017680929598 
5.360000000000847, -1.2120777434122174 
5.3700000000008234, -1.2116731623574564 
5.3800000000008, -1.211216747168845 
5.390000000000777, -1.2051742990138974 
5.4000000000007535, -1.1827597494388054 
5.41000000000073, -1.1823726156720378 
5.420000000000707, -1.1823196618581548 
5.430000000000684, -1.1807386230178862 
5.44000000000066, -1.197602595230128 
5.450000000000637, -1.2142449444101913 
5.460000000000614, -1.2149485353186291 
5.47000000000059, -1.214664865723884 
5.480000000000567, -1.2160785117635862 
5.490000000000544, -1.21783542628452 
5.5000000000005205, -1.218235807674377 
5.510000000000497, -1.2180044209556231 
5.520000000000474, -1.217947379875693 
5.5300000000004506, -1.2179977403463769 
5.540000000000427, -1.217800033564821 
5.550000000000404, -1.2173139964256028 
5.560000000000381, -1.216794882991317 
5.570000000000357, -1.216592560836241 
5.580000000000334, -1.2160075730568563 
5.590000000000311, -1.2138873801355905 
5.600000000000287, -1.2109714561281373 
5.610000000000264, -1.2106306680188983 
5.620000000000241, -1.210127894954675 
5.6300000000002175, -1.2014357622082978 
5.640000000000194, -1.1729092998270314 
5.650000000000171, -1.1750376699835512 
5.660000000000148, -1.174999991916979 
5.670000000000124, -1.1740008274005305 
5.680000000000101, -1.1885899713423393 
5.690000000000078, -1.200003143530276 
5.700000000000054, -1.200628305792903 
5.710000000000031, -1.2003752574275233 
5.720000000000008, -1.2014495321197132 
5.729999999999984, -1.202795531153665 
5.739999999999961, -1.2031307758486989 
5.749999999999938, -1.2028993473413931 
5.7599999999999145, -1.202810288167684 
5.769999999999891, -1.2028456375628578 
5.779999999999868, -1.202651531857596 
5.789999999999845, -1.2021734503708645 
5.799999999999821, -1.2016392185216667 
5.809999999999798, -1.201431003895309 
5.819999999999775, -1.2009393639447958 
5.829999999999751, -1.199152726220614 
5.839999999999728, -1.1964446837137448 
5.849999999999705, -1.195929580287823 
5.8599999999996815, -1.1955581221589036 
5.869999999999658, -1.1901150796080788 
5.879999999999635, -1.162648346015057 
5.8899999999996115, -1.1617950767606906 
5.899999999999588, -1.161888899067151 
5.909999999999565, -1.160689360646696 
5.919999999999542, -1.1719879620000686 
5.929999999999518, -1.1939961996819535 
5.939999999999495, -1.195360120963234 
5.949999999999472, -1.1950796914161268 
5.959999999999448, -1.196201272967233 
5.969999999999425, -1.1986757022574066 
5.979999999999402, -1.1994938736690317 
5.9899999999993785, -1.199339307372766 
5.999999999999355, -1.1992556654879898 
6.009999999999332, -1.19943345511258 
6.019999999999309, -1.1994129689828403 
6.029999999999285, -1.1990968922954286 
6.039999999999262, -1.1986591871613033 
6.049999999999239, -1.1984491350334747 
6.059999999999215, -1.1981453657485048 
6.069999999999192, -1.1971272145732532 
6.079999999999169, -1.1954148111098055 
6.089999999999145, -1.1946708661274439 
6.099999999999122, -1.194425001340961 
6.109999999999099, -1.1919557454460619 
6.1199999999990755, -1.1773320208742248 
6.129999999999052, -1.1719296577019203 
6.139999999999029, -1.1721156033114037 
6.149999999999006, -1.1711204883520667 
6.159999999998982, -1.168524064506137 
6.169999999998959, -1.1977086841608127 
6.179999999998936, -1.2004370426521673 
6.189999999998912, -1.2001985669975472 
6.199999999998889, -1.2010209842772934 
6.209999999998866, -1.205125037489644 
6.2199999999988425, -1.2066994532868074 
6.229999999998819, -1.2066479658958866 
6.239999999998796, -1.2065322530182834 
6.2499999999987725, -1.206828075850169 
6.259999999998749, -1.2069426061693942 
6.269999999998726, -1.2067232673782071 
6.279999999998703, -1.2063282586326465 
6.289999999998679, -1.206114170104171 
6.299999999998656, -1.2058829765494943 
6.309999999998633, -1.2050928106783154 
6.319999999998609, -1.2036786792822027 
6.329999999998586, -1.2028390801683768 
6.339999999998563, -1.2026280157898774 
6.3499999999985395, -1.2008470726269977 
6.359999999998516, -1.189440343122664 
6.369999999998493, -1.1827268087596694 
6.37999999999847, -1.1829479042491904 
6.389999999998446, -1.1821350955771772 
6.399999999998423, -1.1775318252597384 
6.4099999999984, -1.2063973472664145 
6.419999999998376, -1.2099329133435701 
6.429999999998353, -1.209737854655776 
6.43999999999833, -1.2103067274334427 
6.449999999998306, -1.2140831986664788 
6.459999999998283, -1.2156579718899188 
6.46999999999826, -1.215627330145404 
6.4799999999982365, -1.2154804161766934 
6.489999999998213, -1.2157094044378254 
6.49999999999819, -1.2157765214420029 
6.509999999998167, -1.2155256602794269 
6.519999999998143, -1.2150904469903048 
6.52999999999812, -1.2148416751985598 
6.539999999998097, -1.2145894641811787 
6.549999999998073, -1.21365800322868 
6.55999999999805, -1.2118597954976895 
6.569999999998027, -1.2108704582104588 
6.5799999999980034, -1.2106674365157715 
6.58999999999798, -1.208577309042259 
6.599999999997957, -1.1910803343732104 
6.6099999999979335, -1.1831945967708757 
6.61999999999791, -1.183568635430815 
6.629999999997887, -1.182817994712482 
6.639999999997864, -1.1847166866910754 
6.64999999999784, -1.2136554869514928 
6.659999999997817, -1.2167234862718412 
6.669999999997794, -1.2165323571457864 
6.67999999999777, -1.2170296861332974 
6.689999999997747, -1.219276771003102 
6.699999999997724, -1.2202177725344827 
6.7099999999977005, -1.2201200257666696 
6.719999999997677, -1.219943876025875 
6.729999999997654, -1.220023430432441 
6.7399999999976306, -1.2199464447868233 
6.749999999997607, -1.2195687874075556 
6.759999999997584, -1.2190110865479935 
6.769999999997561, -1.2187171767251093 
6.779999999997537, -1.2183986680309427 
6.789999999997514, -1.2169833076738723 
6.799999999997491, -1.213949459014079 
6.809999999997467, -1.2127809249772243 
6.819999999997444, -1.2125831691208706 
6.829999999997421, -1.2096805081501851 
6.8399999999973975, -1.1801327588445143 
6.849999999997374, -1.1768565076929651 
6.859999999997351, -1.1773698889503124 
6.869999999997328, -1.176704563754539 
6.879999999997304, -1.1820469810337617 
6.889999999997281, -1.1999847457124064 
6.899999999997258, -1.2022052190160741 
6.909999999997234, -1.202018007269112 
6.919999999997211, -1.2024133792243719 
6.929999999997188, -1.2039010502483067 
6.939999999997164, -1.204555836487046 
6.949999999997141, -1.2044335598473177 
6.959999999997118, -1.2042336176036303 
6.9699999999970945, -1.204263832353695 
6.979999999997071, -1.2041576951901498 
6.989999999997048, -1.203755688360757 
6.999999999997025, -1.2031658767145874 
7.009999999997001, -1.2028460816055608 
7.019999999996978, -1.2025584659945414 
7.029999999996955, -1.2012575531801506 
7.039999999996931, -1.1983540162659765 
7.049999999996908, -1.196964479130135 
7.059999999996885, -1.1968067304326844 
7.0699999999968615, -1.1947426751516041 
7.079999999996838, -1.1707140724572767 
7.089999999996815, -1.1610252302104325 
7.0999999999967915, -1.161709835842096 
7.109999999996768, -1.1611500033720985 
7.119999999996745, -1.1624401953181391 
7.129999999996722, -1.1895047497570919 
7.139999999996698, -1.1938257738211635 
7.149999999996675, -1.1937335805605207 
7.159999999996652, -1.1939154893191648 
7.169999999996628, -1.1962830778949896 
7.179999999996605, -1.1976077028517524 
7.189999999996582, -1.1976471057007483 
7.1999999999965585, -1.1974410162199394 
7.209999999996535, -1.1975733361062733 
7.219999999996512, -1.1976349166111313 
7.229999999996489, -1.1974107294233105 
7.239999999996465, -1.1969657494534462 
7.249999999996442, -1.1966537959586472 
7.259999999996419, -1.1964630387118833 
7.269999999996395, -1.1957383995010198 
7.279999999996372, -1.1941594144124348 
7.289999999996349, -1.192835567026164 
7.299999999996325, -1.192655916764464 
7.309999999996302, -1.191640827128916 
7.319999999996279, -1.1821427763849268 
7.3299999999962555, -1.1697406904992813 
7.339999999996232, -1.170041167445691 
7.349999999996209, -1.1696566869715292 
7.359999999996186, -1.1653201881105957 
7.369999999996162, -1.1881961645620405 
7.379999999996139, -1.1976305450963995 
7.389999999996116, -1.1977356015693912 
7.399999999996092, -1.197536287364951 
7.409999999996069, -1.2012555669614557 
7.419999999996046, -1.2040875494647671 
7.4299999999960225, -1.20441434912323 
7.439999999995999, -1.2041923874829434 
7.449999999995976, -1.2044145810477478 
7.4599999999959525, -1.2046652916308136 
7.469999999995929, -1.2045911994020344 
7.479999999995906, -1.2042332537270313 
7.489999999995883, -1.2039378016384523 
7.499999999995859, -1.2037912963682469 
7.509999999995836, -1.2032872762712399 
7.519999999995813, -1.20215868341967 
7.529999999995789, -1.200954298376352 
7.539999999995766, -1.2007168542971998 
7.549999999995743, -1.2000227034147661 
7.5599999999957195, -1.1941781232627504 
7.569999999995696, -1.1831651210241445 
7.579999999995673, -1.1829441040256858 
7.58999999999565, -1.1826597334354167 
7.599999999995626, -1.178483634471773 
7.609999999995603, -1.190929919062775 
7.61999999999558, -1.2033123192996917 
7.629999999995556, -1.2035651000594838 
7.639999999995533, -1.2032431151967102 
7.64999999999551, -1.2068727189411095 
7.659999999995486, -1.2102157513087004 
7.669999999995463, -1.2106821931355747 
7.67999999999544, -1.210456107822037 
7.6899999999954165, -1.210645491652096 
7.699999999995393, -1.2109145567305197 
7.70999999999537, -1.2108613923324543 
7.719999999995347, -1.2105090616555765 
7.729999999995323, -1.2101912640568906 
7.7399999999953, -1.2100421804102206 
7.749999999995277, -1.2095529244212522 
7.759999999995253, -1.2083862142582418 
7.76999999999523, -1.2070586412022979 
7.779999999995207, -1.2067979488192835 
7.789999999995183, -1.206153679686876 
7.79999999999516, -1.1999747839929054 
7.809999999995137, -1.1867024289892167 
7.8199999999951135, -1.1865032033921734 
7.82999999999509, -1.1862611863555421 
7.839999999995067, -1.1830054985847138 
7.849999999995044, -1.202173393797382 
7.85999999999502, -1.2155461367758646 
7.869999999994997, -1.215839098150304 
7.879999999994974, -1.215569866264624 
7.88999999999495, -1.2182151962670484 
7.899999999994927, -1.220554248137141 
7.909999999994904, -1.2208918456650437 
7.9199999999948805, -1.2206569470473458 
7.929999999994857, -1.2207383177779079 
7.939999999994834, -1.2208533327962539 
7.9499999999948106, -1.2206827666604232 
7.959999999994787, -1.2202413222079453 
7.969999999994764, -1.2198469028667633 
7.979999999994741, -1.2196620567868879 
7.989999999994717, -1.2189879371301457 
7.999999999994694, -1.217126395265378 
8.00999999999467, -1.2151825897759787 
8.019999999994647, -1.214984172375329 
8.029999999994624, -1.2141631168616653 
8.0399999999946, -1.2018839597448732 
8.049999999994577, -1.1808690129153745 
8.059999999994554, -1.1820297726840487 
8.06999999999453, -1.1817718450223207 
8.079999999994508, -1.1806289508329286 
8.089999999994484, -1.2029528869863095 
8.099999999994461, -1.2112613470739655 
8.109999999994438, -1.2114417804508917 
8.119999999994414, -1.2112902383956479 
8.129999999994391, -1.2128615408116434 
8.139999999994368, -1.2140780972758924 
8.149999999994344, -1.2142142819611272 
8.159999999994321, -1.213961233242411 
8.169999999994298, -1.213943820730286 
8.179999999994275, -1.2139326574042117 
8.189999999994251, -1.2136429389322188 
8.199999999994228, -1.2130847199214032 
8.209999999994205, -1.2126104616687738 
8.219999999994181, -1.2124099941259125 
8.229999999994158, -1.2115732716208043 
8.239999999994135, -1.2089124310236927 
8.249999999994111, -1.2063175307882357 
8.259999999994088, -1.2061711272117046 
8.269999999994065, -1.2053326359473682 
8.279999999994041, -1.19057344779371 
8.289999999994018, -1.1686441477870433 
8.299999999993995, -1.1705434652036453 
8.309999999993972, -1.1703245417936812 
8.319999999993948, -1.1696130770569622 
8.329999999993925, -1.1884976326356138 
8.339999999993902, -1.1965450952438474 
8.349999999993878, -1.1967947768820644 
8.359999999993855, -1.1966090290571707 
8.369999999993832, -1.198040825517523 
8.379999999993808, -1.1993203697186479 
8.389999999993785, -1.1995293350831828 
8.399999999993762, -1.1992835613801953 
8.409999999993738, -1.1992636767449245 
8.419999999993715, -1.199300948173985 
8.429999999993692, -1.1990844737948134 
8.439999999993669, -1.198602970523644 
8.449999999993645, -1.198141269912267 
8.459999999993622, -1.1979571060031053 
8.469999999993599, -1.197365325469682 
8.479999999993575, -1.195572411649683 
8.489999999993552, -1.193370682824856 
8.499999999993529, -1.1930630793654964 
8.509999999993505, -1.192529909437507 
8.519999999993482, -1.1852752909280904 
8.529999999993459, -1.1626315476586326 
8.539999999993436, -1.1625819579098822 
8.549999999993412, -1.1625004653893372 
8.559999999993389, -1.1606694103123905 
8.569999999993366, -1.1772018275502096 
8.579999999993342, -1.1961280693966294 
8.589999999993319, -1.1968923000803067 
8.599999999993296, -1.1965728688795754 
8.609999999993272, -1.1984181462900776 
8.619999999993249, -1.2011598543990896 
8.629999999993226, -1.2018364725819584 
8.639999999993202, -1.2016374420366045 
8.64999999999318, -1.2016472260618474 
8.659999999993156, -1.2018610454087482 
8.669999999993133, -1.2018279205703128 
8.67999999999311, -1.2014944936905119 
8.689999999993086, -1.2010986720836936 
8.699999999993063, -1.2009271710706215 
8.70999999999304, -1.2005572803084166 
8.719999999993016, -1.1994769689807614 
8.729999999992993, -1.1979013857182663 
8.73999999999297, -1.1974052356204217 
8.749999999992946, -1.1970561671780768 
8.759999999992923, -1.193521495351827 
8.7699999999929, -1.178953318153562 
8.779999999992876, -1.1763282976273413 
8.789999999992853, -1.1763437923572413 
8.79999999999283, -1.1747275193386726 
8.809999999992806, -1.1767925163651067 
8.819999999992783, -1.2018369546174297 
8.82999999999276, -1.2031963453316175 
8.839999999992736, -1.2028638273237249 
8.849999999992713, -1.2045369518911737 
8.85999999999269, -1.2084254743912253 
8.869999999992666, -1.2095118837582377 
8.879999999992643, -1.2093570540212173 
8.88999999999262, -1.2093369923318746 
8.899999999992596, -1.2096234714940313 
8.909999999992573, -1.2096647169603463 
8.91999999999255, -1.2093792226324356 
8.929999999992527, -1.208989117338602 
8.939999999992503, -1.2088096769989232 
8.94999999999248, -1.2084925357214196 
8.959999999992457, -1.20751771830131 
8.969999999992433, -1.205985147857324 
8.97999999999241, -1.205395668280898 
8.989999999992387, -1.2050936430200658 
8.999999999992363, -1.2020427313998379 
9.00999999999234, -1.187252957071377 
9.019999999992317, -1.1837620216729305 
9.029999999992294, -1.1838372790381488 
9.03999999999227, -1.1824811277782672 
9.049999999992247, -1.1859749204535834 
9.059999999992224, -1.212825425079983 
9.0699999999922, -1.2144068055165058 
9.079999999992177, -1.2141036561075722 
9.089999999992154, -1.2154070660306615 
9.09999999999213, -1.2184201476560712 
9.109999999992107, -1.2193193453335918 
9.119999999992084, -1.21915524306241 
9.12999999999206, -1.2190854308716423 
9.139999999992037, -1.219253308036787 
9.149999999992014, -1.2191975049132497 
9.15999999999199, -1.2188391147936006 
9.169999999991967, -1.2183737046444223 
9.179999999991944, -1.2181610989337035 
9.18999999999192, -1.2177720122742834 
9.199999999991897, -1.2164020831982887 
9.209999999991874, -1.2141374933305435 
9.21999999999185, -1.2135142522181865 
9.229999999991827, -1.213184346698044 
9.239999999991804, -1.2086023880340218 
9.24999999999178, -1.1823784586651949 
9.259999999991757, -1.180877072375701 
9.269999999991734, -1.180995991332907 
9.27999999999171, -1.1798875497936419 
9.289999999991688, -1.191299253029665 
9.299999999991664, -1.2101858995967043 
9.309999999991641, -1.2114021379721351 
9.319999999991618, -1.2111330440901966 
9.329999999991594, -1.2120780988639512 
9.339999999991571, -1.2137738228416481 
9.349999999991548, -1.2142921172049912 
9.359999999991524, -1.21409217813535 
9.369999999991501, -1.2139718991746833 
9.379999999991478, -1.2140207020776737 
9.389999999991455, -1.2138570071458763 
9.399999999991431, -1.2133966526713702 
9.409999999991408, -1.2128318191607863 
9.419999999991385, -1.2125980262040508 
9.429999999991361, -1.2121502292028083 
9.439999999991338, -1.2103220524230647 
9.449999999991315, -1.2071802621448187 
9.459999999991291, -1.2065216634812366 
9.469999999991268, -1.2062005756317995 
9.479999999991245, -1.2010972685637564 
9.489999999991221, -1.1700403272788524 
9.499999999991198, -1.1705246746855051 
9.509999999991175, -1.1707099045469234 
9.519999999991152, -1.1697947684225227 
9.529999999991128, -1.1797832517577191 
9.539999999991105, -1.1965268938720535 
9.549999999991082, -1.197874419522159 
9.559999999991058, -1.1976245001865131 
9.569999999991035, -1.198400800294383 
9.579999999991012, -1.2000665013374516 
9.589999999990988, -1.2006572892582414 
9.599999999990965, -1.2004868166506812 
9.609999999990942, -1.200349920491264 
9.619999999990918, -1.2004248390291117 
9.629999999990895, -1.2003187520941712 
9.639999999990872, -1.199925898006282 
9.649999999990849, -1.1994002818482554 
9.659999999990825, -1.1991519356535474 
9.669999999990802, -1.1988157453904764 
9.679999999990779, -1.1975152550738015 
9.689999999990755, -1.1951302532808348 
9.699999999990732, -1.1942243177444236 
9.709999999990709, -1.19399701974576 
9.719999999990685, -1.1912061482911762 
9.729999999990662, -1.1694025605315033 
9.739999999990639, -1.163221487851019 
9.749999999990616, -1.1635512885374293 
9.759999999990592, -1.162723649706207 
9.769999999990569, -1.1649006112570017 
9.779999999990546, -1.1948205912394656 
9.789999999990522, -1.1978175861575537 
9.799999999990499, -1.1976194131670708 
9.809999999990476, -1.1981920116059412 
9.819999999990452, -1.2012190946127677 
9.829999999990429, -1.2025369424992063 
9.839999999990406, -1.202494469374583 
9.849999999990382, -1.2023415352779019 
9.85999999999036, -1.2025468307225535 
9.869999999990336, -1.2026093161566662 
9.879999999990313, -1.2023664058396444 
9.88999999999029, -1.2019375799468104 
9.899999999990266, -1.2016870702931801 
9.909999999990243, -1.2014605541503545 
9.91999999999022, -1.2006371659029411 
9.929999999990196, -1.1990613120891336 
9.939999999990173, -1.1980515591689944 
9.94999999999015, -1.1978629977087198 
9.959999999990126, -1.196301107176729 
9.969999999990103, -1.1843766668480085 
9.97999999999008, -1.175655942283483 
9.989999999990056, -1.1759698077290364 
9.999999999990033, -1.1753302778967705 
10.00999999999001, -1.1708626010964138 
10.019999999989986, -1.1998781679534691 
10.029999999989963, -1.2047999357729329 
10.03999999998994, -1.2046827874925128 
10.049999999989916, -1.204933440646279 
10.059999999989893, -1.2087017449518467 
10.06999999998987, -1.2105957030970833 
10.079999999989846, -1.2106549868595566 
10.089999999989823, -1.2104729398387193 
10.0999999999898, -1.2107073132575485 
10.109999999989776, -1.2108307832659555 
10.119999999989753, -1.2106347459565427 
10.12999999998973, -1.2102201550824907 
10.139999999989707, -1.2099520004128999 
10.149999999989683, -1.2097484467782038 
10.15999999998966, -1.2089925852790688 
10.169999999989637, -1.2074532647196463 
10.179999999989613, -1.2063290644076383 
10.18999999998959, -1.2061472802109612 
10.199999999989567, -1.2047698753546896 
10.209999999989543, -1.1926857856963173 
10.21999999998952, -1.1822968425721105 
10.229999999989497, -1.1827005984020977 
10.239999999989474, -1.1821435922696573 
10.24999999998945, -1.179327783003832 
10.259999999989427, -1.2098057680344003 
10.269999999989404, -1.2151357579066937 
10.27999999998938, -1.2150460911663739 
10.289999999989357, -1.2152327250686998 
10.299999999989334, -1.2180471520790248 
10.30999999998931, -1.2195006634570167 
10.319999999989287, -1.2195228131786044 
10.329999999989264, -1.2193212993964293 
10.33999999998924, -1.2194444769565815 
10.349999999989217, -1.2194602658093079 
10.359999999989194, -1.2191771320203952 
10.36999999998917, -1.2186795106761037 
10.379999999989147, -1.2183592390333395 
10.389999999989124, -1.2181166396032168 
10.3999999999891, -1.2170929131464319 
10.409999999989077, -1.2147447114688974 
10.419999999989054, -1.2133160687151077 
10.42999999998903, -1.2131587892649607 
10.439999999989007, -1.2113774050098358 
10.449999999988984, -1.1893691224050915 
10.45999999998896, -1.1784173278524979 
10.469999999988937, -1.1791617897672213 
10.479999999988914, -1.1786260013848415 
10.48999999998889, -1.1805010654648433 
10.499999999988868, -1.2041087741452767 
10.509999999988844, -1.2079065866733392 
10.519999999988821, -1.207799152951291 
10.529999999988798, -1.2079938948803186 
10.539999999988774, -1.2097340821007239 
10.549999999988751, -1.2106366216294135 
10.559999999988728, -1.2105922989272007 
10.569999999988704, -1.210370853247923 
10.579999999988681, -1.2104065249843854 
10.589999999988658, -1.2103441785885836 
10.599999999988635, -1.209987894859218 
10.609999999988611, -1.2094132127998007 
10.619999999988588, -1.2090517526836606 
10.629999999988565, -1.208802843076174 
10.639999999988541, -1.207656372769798 
10.649999999988518, -1.2048111444322591 
10.659999999988495, -1.203104937841303 
10.669999999988471, -1.2029735646495199 
10.679999999988448, -1.2013557947031033 
10.689999999988425, -1.1789461965919446 
10.699999999988401, -1.1664365539679928 
10.709999999988378, -1.167388916546253 
10.719999999988355, -1.1669342929364923 
10.729999999988332, -1.1676934224643825 
10.739999999988308, -1.1918065622034486 
10.749999999988285, -1.1967265713736055 
10.759999999988262, -1.1966936412469473 
10.769999999988238, -1.1967493782934453 
10.779999999988215, -1.1986867667259056 
10.789999999988192, -1.19988045577139 
10.799999999988168, -1.199936758245138 
10.809999999988145, -1.1997095664030988 
10.819999999988122, -1.1997793797969334 
10.829999999988098, -1.1998043582247246 
10.839999999988075, -1.1995521064689751 
10.849999999988052, -1.199068348110122 
10.859999999988029, -1.1987057689076477 
10.869999999988005, -1.1985122463312623 
10.879999999987982, -1.1977478164406994 
10.889999999987959, -1.1958937201239472 
10.899999999987935, -1.1942578147367457 
10.909999999987912, -1.1940834928775987 
10.919999999987889, -1.1931432738469698 
10.929999999987865, -1.1821763859575694 
10.939999999987842, -1.1658794799701395 
10.949999999987819, -1.1664229461188467 
10.959999999987796, -1.1661104589539608 
10.969999999987772, -1.163211628632975 
10.979999999987749, -1.188906638990476 
10.989999999987726, -1.1995940563413474 
10.999999999987702, -1.1997829102182607 
11.009999999987679, -1.199566625521433 
11.019999999987656, -1.2023688360976619 
11.029999999987632, -1.2047147673752796 
11.039999999987609, -1.2050420072922514 
11.049999999987586, -1.204813469387503 
11.059999999987562, -1.2049435686167624 
11.06999999998754, -1.2051201928153423 
11.079999999987516, -1.205006936585069 
11.089999999987493, -1.2046197880945022 
11.09999999998747, -1.204275030149752 
11.109999999987446, -1.2041147198372104 
11.119999999987423, -1.2035803335288584 
11.1299999999874, -1.2022703586882086 
11.139999999987376, -1.2008049423977194 
11.149999999987353, -1.2005490520689253 
11.15999999998733, -1.199902686485132 
11.169999999987306, -1.193290320492167 
11.179999999987283, -1.1786857063416831 
11.18999999998726, -1.1785180886047164 
11.199999999987236, -1.1782987059875436 
11.209999999987213, -1.1752606280784887 
11.21999999998719, -1.1934294165153276 
11.229999999987166, -1.2079459752322912 
11.239999999987143, -1.2083108681957435 
11.24999999998712, -1.208006867456599 
11.259999999987096, -1.2106912394283917 
11.269999999987073, -1.2133655809805366 
11.27999999998705, -1.213806630270234 
11.289999999987026, -1.2135777044092333 
11.299999999987003, -1.213671781044111 
11.30999999998698, -1.2138470734330837 
11.319999999986956, -1.2137373011756836 
11.329999999986933, -1.2133441842192705 
11.33999999998691, -1.212968392604929 
11.349999999986887, -1.2127993341770247 
11.359999999986863, -1.2122564489883672 
11.36999999998684, -1.210808041351564 
11.379999999986817, -1.2091035973481714 
11.389999999986793, -1.2088328253552654 
11.39999999998677, -1.208202439135041 
11.409999999986747, -1.2004289220702555 
11.419999999986723, -1.181573174038574 
11.4299999999867, -1.181803118274511 
11.439999999986677, -1.1816136984913643 
11.449999999986654, -1.1794568389729116 
11.45999999998663, -1.2016035121315032 
11.469999999986607, -1.2147822351903792 
11.479999999986584, -1.2151462147198226 
11.48999999998656, -1.2148972461909109 
11.499999999986537, -1.2168027018119487 
11.509999999986514, -1.21858246733793 
11.51999999998649, -1.2188745050316299 
11.529999999986467, -1.2186324895605607 
11.539999999986444, -1.218639662108938 
11.54999999998642, -1.2186931588297227 
11.559999999986397, -1.2184768273182527 
11.569999999986374, -1.217986937284662 
11.57999999998635, -1.2175299270625335 
11.589999999986327, -1.217337508032406 
11.599999999986304, -1.2166378745107855 
11.60999999998628, -1.2144444281619975 
11.619999999986257, -1.212008046212487 
11.629999999986234, -1.2118031893078907 
11.63999999998621, -1.2110815847781073 
11.649999999986187, -1.198828439825138 
11.659999999986164, -1.174689351516654 
11.66999999998614, -1.1764309891691491 
11.679999999986117, -1.17624622377176 
11.689999999986094, -1.1752940781378518 
11.69999999998607, -1.1940590739396133 
11.709999999986048, -1.2030018718390492 
11.719999999986024, -1.2033059732475881 
11.729999999986001, -1.203102584068942 
11.739999999985978, -1.2044670208607384 
11.749999999985954, -1.2057205490329135 
11.759999999985931, -1.2059293205138943 
11.769999999985908, -1.205679716036389 
11.779999999985884, -1.2056396850835014 
11.789999999985861, -1.2056561647071675 
11.799999999985838, -1.205414407448331 
11.809999999985815, -1.204899573962349 
11.819999999985791, -1.2044051011050512 
11.829999999985768, -1.2042134257640371 
11.839999999985745, -1.2035683783777829 
11.849999999985721, -1.2014586609660889 
11.859999999985698, -1.1988892685149806 
11.869999999985675, -1.1986133549450129 
11.879999999985651, -1.1980448473575764 
11.889999999985628, -1.1890770759323601 
11.899999999985605, -1.1627828748407427 
11.909999999985581, -1.1638249367715956 
11.919999999985558, -1.1637384987924657 
11.929999999985535, -1.1622761643833017 
11.939999999985512, -1.1804430384039266 
11.949999999985488, -1.195460479323851 
11.959999999985465, -1.1961102615227954 
11.969999999985442, -1.1958259620343086 
11.979999999985418, -1.1973641116168157 
11.989999999985395, -1.1993964616954935 
11.999999999985372, -1.199900499451393 
12.009999999985348, -1.1996877783624273 
12.019999999985325, -1.199665710175748 
12.029999999985302, -1.1998027049463653 
12.039999999985278, -1.199705748836231 
12.049999999985255, -1.1993257916060027 
12.059999999985232, -1.1988912658135211 
12.069999999985209, -1.1987073458357205 
12.079999999985185, -1.1982955799397677 
12.089999999985162, -1.1970331476456886 
12.099999999985139, -1.1951912657588906 
12.109999999985115, -1.194691244962922 
12.119999999985092, -1.1943316120744987 
12.129999999985069, -1.1902754227115813 
12.139999999985045, -1.172546585495993 
12.149999999985022, -1.1701059494127597 
12.159999999984999, -1.1701417376581478 
12.169999999984976, -1.1686227346021603 
12.179999999984952, -1.1741782294031302 
12.189999999984929, -1.1998250125685799 
12.199999999984906, -1.2012146420330279 
12.209999999984882, -1.2008962101497958 
12.219999999984859, -1.2024172631222734 
12.229999999984836, -1.2059424434687873 
12.239999999984812, -1.2069751512810134 
12.249999999984789, -1.2068226421299062 
12.259999999984766, -1.206786059433138 
12.269999999984742, -1.207048036433625 
12.27999999998472, -1.2070777459324156 
12.289999999984696, -1.206788361233518 
12.299999999984673, -1.2063889491951267 
12.30999999998465, -1.2062030117149838 
12.319999999984626, -1.2058917960232733 
12.329999999984603, -1.2049165056424884 
12.33999999998458, -1.2033575253307303 
12.349999999984556, -1.2027324205530225 
12.359999999984533, -1.2024469821562336 
12.36999999998451, -1.1995878846378734 
12.379999999984486, -1.185037282760621 
12.389999999984463, -1.1810793404423858 
12.39999999998444, -1.1811818059052934 
12.409999999984416, -1.1799267359697128 
12.419999999984393, -1.1812972869768525 
12.42999999998437, -1.2091283276394007 
12.439999999984346, -1.210962690995209 
12.449999999984323, -1.2106712327178832 
12.4599999999843, -1.2118719802820515 
12.469999999984276, -1.2151847351682792 
12.479999999984253, -1.2162381403616533 
12.48999999998423, -1.216098406268862 
12.499999999984206, -1.2160197700771944 
12.509999999984183, -1.2162221348257074 
12.51999999998416, -1.2162092304349437 
12.529999999984136, -1.2158875796017687 
12.539999999984113, -1.2154418015099133 
12.54999999998409, -1.215227983075909 
12.559999999984067, -1.214887929746325 
12.569999999984043, -1.2137096798961637 
12.57999999998402, -1.2117038808934912 
12.589999999983997, -1.2110020499109477 
12.599999999983973, -1.2107150715044994 
12.60999999998395, -1.207164914568275 
12.619999999983927, -1.1849594717844925 
12.629999999983903, -1.181494813379931 
12.63999999998388, -1.1816645497316367 
12.649999999983857, -1.1805828706115093 
12.659999999983834, -1.1891494339542745 
12.66999999998381, -1.2127348843796297 
12.679999999983787, -1.2143375744267637 
12.689999999983764, -1.2140716758743 
12.69999999998374, -1.214982054914455 
12.709999999983717, -1.2169951909654095 
12.719999999983694, -1.2176561902852505 
12.72999999998367, -1.2174804058387971 
12.739999999983647, -1.2173556191915549 
12.749999999983624, -1.2174287271971047 
12.7599999999836, -1.2172988207984028 
12.769999999983577, -1.216871206550896 
12.779999999983554, -1.2163207861988905 
12.78999999998353, -1.2160786633287821 
12.799999999983507, -1.2156668844340246 
12.809999999983484, -1.2139797636963476 
12.81999999998346, -1.2109493186859384 
12.829999999983437, -1.2102094328041821 
12.839999999983414, -1.2099135645791743 
12.84999999998339, -1.2053050847484064 
12.859999999983367, -1.1743721018900135 
12.869999999983344, -1.1743500913201448 
12.87999999998332, -1.1745757301061859 
12.889999999983297, -1.173703784690168 
12.899999999983274, -1.1829222309054506 
12.90999999998325, -1.199502506760306 
12.919999999983228, -1.200921928856487 
12.929999999983204, -1.2006786494223292 
12.939999999983181, -1.2013823271020787 
12.949999999983158, -1.202941801921424 
12.959999999983134, -1.2035028485767416 
12.969999999983111, -1.203330268255791 
12.979999999983088, -1.2031793196091218 
12.989999999983064, -1.2032326906198467 
12.999999999983041, -1.2031065153905416 
13.009999999983018, -1.2026892854961682 
13.019999999982995, -1.2021328311677049 
13.029999999982971, -1.2018730804485591 
13.039999999982948, -1.2015248140268653 
13.049999999982925, -1.2001007592428468 
13.059999999982901, -1.197399458154872 
13.069999999982878, -1.1964444883282033 
13.079999999982855, -1.1962202139622367 
13.089999999982831, -1.193235867234475 
13.099999999982808, -1.167977669624966 
13.109999999982785, -1.1624077410592293 
13.119999999982761, -1.16278370979545 
13.129999999982738, -1.161994491260567 
13.139999999982715, -1.1658810081275794 
13.149999999982692, -1.1934194339293782 
13.159999999982668, -1.1962577433789519 
13.169999999982645, -1.1960646121374725 
13.179999999982622, -1.1965942061389918 
13.189999999982598, -1.1991978820576155 
13.199999999982575, -1.2003576082543284 
13.209999999982552, -1.2003040240318865 
13.219999999982528, -1.20014195025151 
13.229999999982505, -1.2003102764377904 
13.239999999982482, -1.2003438209665003 
13.249999999982458, -1.2000817493426927 
13.259999999982435, -1.1996347227342976 
13.269999999982412, -1.1993710910797308 
13.279999999982389, -1.199141149933634 
13.289999999982365, -1.1982859451438543 
13.299999999982342, -1.1966139875016686 
13.309999999982319, -1.1955418441655667 
13.319999999982295, -1.1953595162477197 
13.329999999982272, -1.1938279866866353 
13.339999999982249, -1.1814466956592722 
13.349999999982225, -1.1720313770391149 
13.359999999982202, -1.172381232805277 
13.369999999982179, -1.1717818959479842 
13.379999999982156, -1.1674770133079284 
13.389999999982132, -1.1964758219411051 
13.399999999982109, -1.2018658468347987 
13.409999999982086, -1.2017746459102372 
13.419999999982062, -1.2019433389771164 
13.429999999982039, -1.205734248278283 
13.439999999982016, -1.2077606692978708 
13.449999999981992, -1.2078556022033136 
13.459999999981969, -1.2076650161102174 
13.469999999981946, -1.2079066082866141 
13.479999999981922, -1.2080572782624237 
13.4899999999819, -1.207886183816299 
13.499999999981876, -1.20748464377815 
13.509999999981853, -1.2072145935861989 
13.51999999998183, -1.2070275329879956 
13.529999999981806, -1.2063396558471258 
13.539999999981783, -1.2049273273980547 
13.54999999998176, -1.2037956279563249 
13.559999999981736, -1.2036109655272755 
13.569999999981713, -1.2024357403634982 
13.57999999998169, -1.1924707109582964 
13.589999999981666, -1.1819632933039377 
13.599999999981643, -1.1822888853796722 
13.60999999998162, -1.1817927987553802 
13.619999999981596, -1.1775401875032971 
13.629999999981573, -1.2055561070588474 
13.63999999998155, -1.2121445024286324 
13.649999999981526, -1.2121076033621834 
13.659999999981503, -1.212162158194619 
13.66999999998148, -1.2153980341099055 
13.679999999981456, -1.217244796497784 
13.689999999981433, -1.2173446189570976 
13.69999999998141, -1.2171364313865325 
13.709999999981386, -1.2172976170723266 
13.719999999981363, -1.2173781695456902 
13.72999999998134, -1.2171550597290894 
13.739999999981316, -1.2167019674204431 
13.749999999981293, -1.2163857295817053 
13.75999999998127, -1.2161746859758302 
13.769999999981247, -1.2153362398675962 
13.779999999981223, -1.213428396311574 
13.7899999999812, -1.2120144824408001 
13.799999999981177, -1.2118512093088367 
13.809999999981153, -1.2104680239560688 
13.81999999998113, -1.1942125030244477 
13.829999999981107, -1.1807697597751048 
13.839999999981083, -1.1814816958983776 
13.84999999998106, -1.1810032556612826 
13.859999999981037, -1.180730293231205 
13.869999999981014, -1.2081706898390565 
13.87999999998099, -1.2133205974004617 
13.889999999980967, -1.2132640350209238 
13.899999999980944, -1.21336867251382 
13.90999999998092, -1.215361817698645 
13.919999999980897, -1.2164685232156303 
13.929999999980874, -1.2164728480613987 
13.93999999998085, -1.21624676034788 
13.949999999980827, -1.216293028869646 
13.959999999980804, -1.2162550561709597 
13.96999999998078, -1.2159231450105161 
13.979999999980757, -1.2153622315808106 
13.989999999980734, -1.2149894980136937 
13.99999999998071, -1.2147494694324663 
14.009999999980687, -1.213644755039573 
14.019999999980664, -1.2107979370884856 
14.02999999998064, -1.2089924503441225 
14.039999999980617, -1.20886622275788 
14.049999999980594, -1.2073109074039157 
14.05999999998057, -1.18449529631257 
14.069999999980547, -1.1722762058999756 
14.079999999980524, -1.1733377353679177 
14.0899999999805, -1.172900867317503 
14.099999999980477, -1.1740735126071118 
14.109999999980454, -1.195239525262768 
14.11999999998043, -1.1997022235852872 
14.129999999980408, -1.1996641023594725 
14.139999999980384, -1.1997192430997912 
14.149999999980361, -1.2013497580881762 
14.159999999980338, -1.2023361751685433 
14.169999999980314, -1.2023546547523185 
14.179999999980291, -1.2021183306171985 
14.189999999980268, -1.2021468128722843 
14.199999999980244, -1.2021245050427936 
14.209999999980221, -1.2018215263589958 
14.219999999980198, -1.2012847490291902 
14.229999999980175, -1.2008923177513364 
14.239999999980151, -1.200685231647313 
14.249999999980128, -1.1998050149225001 
14.259999999980105, -1.1975252347462262 
14.269999999980081, -1.1956477304905393 
14.279999999980058, -1.1954996129075004 
14.289999999980035, -1.1944651371527986 
14.299999999980011, -1.1802929391572532 
14.309999999979988, -1.1619440584196141 
14.319999999979965, -1.162869647207943 
14.329999999979941, -1.1625551554964253 
14.339999999979918, -1.1606664919415817 
14.349999999979895, -1.1872085153587422 
14.359999999979872, -1.1965796803207478 
14.369999999979848, -1.196747110857007 
14.379999999979825, -1.1965713928694215 
14.389999999979802, -1.1989383683943586 
14.399999999979778, -1.200876370565959 
14.409999999979755, -1.2011484861752535 
14.419999999979732, -1.2009172633624183 
14.429999999979708, -1.2010121446683097 
14.439999999979685, -1.2011472137429926 
14.449999999979662, -1.2010064218290748 
14.459999999979638, -1.2006006666700189 
14.469999999979615, -1.2002375809636845 
14.479999999979592, -1.2000729108218977 
14.489999999979569, -1.1995246740858907 
14.499999999979545, -1.1981474410618187 
14.509999999979522, -1.1965948155854031 
14.519999999979499, -1.1963323216209811 
14.529999999979475, -1.1957108382882151 
14.539999999979452, -1.1891717545936178 
14.549999999979429, -1.1738832901580363 
14.559999999979405, -1.1736244526606108 
14.569999999979382, -1.17343171279946 
14.579999999979359, -1.1705591343190036 
14.589999999979335, -1.1865515209438262 
14.599999999979312, -1.202465888169315 
14.609999999979289, -1.2029181437837073 
14.619999999979266, -1.2025836120238929 
14.629999999979242, -1.2052875065163944 
14.639999999979219, -1.2083437454603587 
14.649999999979196, -1.2089009916671989 
14.659999999979172, -1.2086797828858655 
14.669999999979149, -1.208779549932873 
14.679999999979126, -1.2090123059548894 
14.689999999979102, -1.2089576155554973 
14.69999999997908, -1.2086036321365066 
14.709999999979056, -1.208243109453806 
14.719999999979033, -1.2080855060949434 
14.72999999997901, -1.207631443778313 
14.739999999978986, -1.2064367574597106 
14.749999999978963, -1.2049204119747137 
14.75999999997894, -1.2045879145837939 
14.769999999978916, -1.2040771662661043 
14.779999999978893, -1.1986853253012082 
14.78999999997887, -1.183135524904826 
14.799999999978846, -1.1824107049451098 
14.809999999978823, -1.1822764470311091 
14.8199999999788, -1.1798819021637355 
14.829999999978776, -1.1951172741563096 
14.839999999978753, -1.212914368623111 
14.84999999997873, -1.2134893258661736 
14.859999999978706, -1.2131672943358758 
14.869999999978683, -1.2153352665530062 
14.87999999997866, -1.2178811586577551 
14.889999999978636, -1.2183823072290967 
14.899999999978613, -1.2181565978686049 
14.90999999997859, -1.21818751948043 
14.919999999978566, -1.2183268648664858 
14.929999999978543, -1.2181986618311889 
14.93999999997852, -1.217784811883463 
14.949999999978496, -1.2173599054349156 
14.959999999978473, -1.2171778712795556 
14.96999999997845, -1.2166290285407955 
14.979999999978427, -1.214982248132509 
14.989999999978403, -1.2128951864426127 
14.99999999997838, -1.2125908860279182 
15.009999999978357, -1.2120187437233012 
15.019999999978333, -1.203638290108009 
15.02999999997831, -1.1797358143679357 
15.039999999978287, -1.1804803630289522 
15.049999999978263, -1.180353367272388 
15.05999999997824, -1.1788569393628898 
15.069999999978217, -1.1983008634025856 
15.079999999978194, -1.2108561390518762 
15.08999999997817, -1.211319036841606 
15.099999999978147, -1.2110691042760435 
15.109999999978124, -1.2125252132684203 
15.1199999999781, -1.2140291217256365 
15.129999999978077, -1.2143189450817184 
15.139999999978054, -1.214075268100415 
15.14999999997803, -1.2140319152585781 
15.159999999978007, -1.2140621134180472 
15.169999999977984, -1.2138349494958787 
15.17999999997796, -1.2133264206621521 
15.189999999977937, -1.2128195967527176 
15.199999999977914, -1.2126232540979225 
15.20999999997789, -1.2119792083730838 
15.219999999977867, -1.2097577791319623 
15.229999999977844, -1.2069712771299195 
15.23999999997782, -1.2066982017638124 
15.249999999977797, -1.2061257733271054 
15.259999999977774, -1.196314214654441 
15.26999999997775, -1.169042160614936 
15.279999999977727, -1.170922942337933 
15.289999999977704, -1.170835719307245 
15.29999999997768, -1.1697282421775819 
15.309999999977657, -1.1863739687499937 
15.319999999977634, -1.197972446692217 
15.32999999997761, -1.198518837337467 
15.339999999977588, -1.1982651219909946 
15.349999999977564, -1.1995256300023034 
15.359999999977541, -1.2010177404106677 
15.369999999977518, -1.201369239939752 
15.379999999977494, -1.2011389423978291 
15.389999999977471, -1.2010809270148552 
15.399999999977448, -1.201142347130346 
15.409999999977424, -1.2009701881932395 
15.419999999977401, -1.2005205782477906 
15.429999999977378, -1.2000286724899667 
15.439999999977355, -1.1998324304942785 
15.449999999977331, -1.1993474035100893 
15.459999999977308, -1.1977283161523276 
15.469999999977285, -1.1953878073408266 
15.479999999977261, -1.194917988074309 
15.489999999977238, -1.194524730422098 
15.499999999977215, -1.1892079807143658 
15.509999999977191, -1.1652311935948148 
15.519999999977168, -1.1639556762234724 
15.529999999977145, -1.163999967915526 
15.539999999977121, -1.1626033970849186 
15.549999999977098, -1.1739423503462871 
15.559999999977075, -1.197074525194203 
15.569999999977052, -1.1983248126369481 
15.579999999977028, -1.1980243741500363 
15.589999999977005, -1.1993725760718306 
15.599999999976982, -1.2021400804235756 
15.609999999976958, -1.2029797963292157 
15.619999999976935, -1.2028149866183977 
15.629999999976912, -1.202759484103405 
15.639999999976888, -1.2029611014858554 
15.649999999976865, -1.2029460044996547 
15.659999999976842, -1.202629358504201 
15.669999999976818, -1.2022058079981983 
15.679999999976795, -1.2020093088848613 
15.689999999976772, -1.2016856419269377 
15.699999999976749, -1.2006416949617198 
15.709999999976725, -1.1989540105492007 
15.719999999976702, -1.198296667041432 
15.729999999976679, -1.1980196526004474 
15.739999999976655, -1.195153013865271 
15.749999999976632, -1.179726719920057 
15.759999999976609, -1.1754192740779217 
15.769999999976585, -1.1755509011393885 
15.779999999976562, -1.1743822196715832 
15.789999999976539, -1.1748716832819506 
15.799999999976515, -1.2034460600960863 
15.809999999976492, -1.205522906780683 
15.819999999976469, -1.2052464683477453 
15.829999999976446, -1.2063331467451264 
15.839999999976422, -1.209923131684632 
15.849999999976399, -1.2111438047759118 
15.859999999976376, -1.2110323949516228 
15.869999999976352, -1.2109436637321438 
15.879999999976329, -1.211185682195031 
15.889999999976306, -1.2112230613745816 
15.899999999976282, -1.2109432536821232 
15.90999999997626, -1.2105212914186392 
15.919999999976236, -1.2103090216318255 
15.929999999976213, -1.210019025923639 
15.93999999997619, -1.2090330022022455 
15.949999999976166, -1.2073240369727984 
15.959999999976143, -1.206558992648615 
15.96999999997612, -1.2063108926446502 
15.979999999976096, -1.203697173437527 
15.989999999976073, -1.187010901872629 
15.99999999997605, -1.1817067831016679 
16.009999999976028, -1.1819131116275783 
16.019999999976005, -1.1809113147879737 
16.02999999997598, -1.1837535590043062 
16.039999999975958, -1.2127232727990436 
16.049999999975935, -1.2149801583786828 
16.05999999997591, -1.2147294897752152 
16.069999999975888, -1.215573354197758 
16.079999999975865, -1.2182296072103522 
16.08999999997584, -1.2191791888516461 
16.099999999975818, -1.2190489916547698 
16.109999999975795, -1.2189216919507164 
16.11999999997577, -1.219050280646026 
16.129999999975748, -1.218988833579838 
16.139999999975725, -1.2186272558149618 
16.1499999999757, -1.2181208977272588 
16.15999999997568, -1.2178732351790154 
16.169999999975655, -1.2175246223551892 
16.17999999997563, -1.216151948966546 
16.18999999997561, -1.2135865385096627 
16.199999999975585, -1.2127309675761677 
16.20999999997556, -1.212474160992111 
16.21999999997554, -1.2088611894767534 
16.229999999975515, -1.1807560658909637 
16.239999999975492, -1.177936676106214 
16.24999999997547, -1.178225738964887 
16.259999999975445, -1.1773663281107256 
16.269999999975422, -1.185201587313026 
16.2799999999754, -1.2050332530911998 
16.289999999975375, -1.2067919275116747 
16.299999999975352, -1.2065576680740353 
16.30999999997533, -1.2072078639972663 
16.319999999975305, -1.208888250812719 
16.329999999975282, -1.2095167528202377 
16.33999999997526, -1.2093580990149342 
16.349999999975235, -1.2091972017226458 
16.359999999975212, -1.2092488085129238 
16.36999999997519, -1.209125185689577 
16.379999999975166, -1.208705375369391 
16.389999999975142, -1.2081340141954002 
16.39999999997512, -1.207862646974571 
16.409999999975096, -1.2075131536212629 
16.419999999975072, -1.2060157265736293 
16.42999999997505, -1.2030552888207662 
16.439999999975026, -1.2020448495527498 
16.449999999975002, -1.2018247817505388 
16.45999999997498, -1.1986940840621607 
16.469999999974956, -1.1704239799932912 
16.479999999974932, -1.166130237957531 
16.48999999997491, -1.1665473118747813 
16.499999999974886, -1.165798578417802 
16.509999999974863, -1.1710815700346908 
16.51999999997484, -1.194370035207883 
16.529999999974816, -1.1968854045413484 
16.539999999974793, -1.196691766381814 
16.54999999997477, -1.197185142832926 
16.559999999974746, -1.1992695348481224 
16.569999999974723, -1.2001976178272933 
16.5799999999747, -1.200115598081145 
16.589999999974676, -1.1999425434933249 
16.599999999974653, -1.2000549694941973 
16.60999999997463, -1.2000339913190168 
16.619999999974606, -1.19972569262651 
16.629999999974583, -1.1992368148568586 
16.63999999997456, -1.1989539240409237 
16.649999999974536, -1.1987050000635382 
16.659999999974513, -1.1977300397492745 
16.66999999997449, -1.1957548436112173 
16.679999999974466, -1.1945853185657902 
16.689999999974443, -1.1944106183142802 
16.69999999997442, -1.1927353829580902 
16.709999999974396, -1.1774235662055434 
16.719999999974373, -1.1671036833951647 
16.72999999997435, -1.1675591129652891 
16.739999999974327, -1.1669742570971322 
16.749999999974303, -1.1644317854512376 
16.75999999997428, -1.1952953805711675 
16.769999999974257, -1.2005669446609173 
16.779999999974233, -1.2004803574391 
16.78999999997421, -1.2006489436960421 
16.799999999974187, -1.203961255018804 
16.809999999974163, -1.2057655437760166 
16.81999999997414, -1.2058470186911854 
16.829999999974117, -1.2056513150708108 
16.839999999974093, -1.2058557631313447 
16.84999999997407, -1.2059763502363545 
16.859999999974047, -1.2057882708318497 
16.869999999974024, -1.2053728647594153 
16.879999999974, -1.205088802520874 
16.889999999973977, -1.2048989799697931 
16.899999999973954, -1.2041922055060825 
16.90999999997393, -1.2027093176131833 
16.919999999973907, -1.2015112207931193 
16.929999999973884, -1.2013296562702604 
16.93999999997386, -1.2001866976987434 
16.949999999973837, -1.1899919832264771 
16.959999999973814, -1.1787182429532679 
16.96999999997379, -1.1790712293375636 
16.979999999973767, -1.1786076141753776 
16.989999999973744, -1.1745378622558722 
16.99999999997372, -1.2022298880789541 
17.009999999973697, -1.209417393071061 
17.019999999973674, -1.2094117429755435 
17.02999999997365, -1.2094045702121494 
17.039999999973627, -1.212638908045467 
17.049999999973604, -1.2146043174501362 
17.05999999997358, -1.2147416965120321 
17.069999999973557, -1.2145280068789888 
17.079999999973534, -1.2146928806728226 
17.08999999997351, -1.2147968801777813 
17.099999999973488, -1.214597634747602 
17.109999999973464, -1.2141596654355435 
17.11999999997344, -1.213840401778333 
17.129999999973418, -1.2136435905396483 
17.139999999973394, -1.2128808710087822 
17.14999999997337, -1.2111346305175343 
17.159999999973348, -1.2097096273356391 
17.169999999973324, -1.2095394363703154 
17.1799999999733, -1.2083534367197117 
17.189999999973278, -1.1948209548229853 
17.199999999973254, -1.180558886692964 
17.20999999997323, -1.1812201814288994 
17.219999999973208, -1.1807902080050707 
17.229999999973185, -1.1792844694370666 
17.23999999997316, -1.2078098013623886 
17.249999999973138, -1.2141810671772202 
17.259999999973115, -1.2141741182697694 
17.26999999997309, -1.2141975574977097 
17.279999999973068, -1.2163747375505736 
17.289999999973045, -1.2176769929352027 
17.29999999997302, -1.2177321769621927 
17.309999999972998, -1.2175027157321425 
17.319999999972975, -1.217561056500821 
17.32999999997295, -1.217553130354147 
17.339999999972928, -1.2172542098109336 
17.349999999972905, -1.216718873698347 
17.35999999997288, -1.2163399241366668 
17.36999999997286, -1.2161148940063564 
17.379999999972835, -1.215113865013613 
17.38999999997281, -1.2124961469835756 
17.39999999997279, -1.2106384096646434 
17.409999999972765, -1.2105094512037566 
17.41999999997274, -1.2091334584110967 
17.42999999997272, -1.1884333814011192 
17.439999999972695, -1.1739919714041693 
17.449999999972672, -1.1751250383052891 
17.45999999997265, -1.1747207306901608 
17.469999999972625, -1.1753336949225541 
17.479999999972602, -1.1970327966612941 
17.48999999997258, -1.2020238533956435 
17.499999999972555, -1.2020163061644014 
17.509999999972532, -1.202028890141956 
17.51999999997251, -1.2036537064190953 
17.529999999972485, -1.2046753889757507 
17.539999999972462, -1.2047117994633552 
17.54999999997244, -1.2044708979667054 
17.559999999972415, -1.2044908019687346 
17.569999999972392, -1.2044692006874747 
17.57999999997237, -1.204166502756995 
17.589999999972346, -1.203623372406705 
17.599999999972322, -1.2032161090121904 
17.6099999999723, -1.2030102619814802 
17.619999999972276, -1.2021296139886246 
17.629999999972252, -1.199761808489656 
17.63999999997223, -1.1977646314845674 
17.649999999972206, -1.197619350331892 
17.659999999972182, -1.1966131603652859 
17.66999999997216, -1.181975806299581 
17.679999999972136, -1.1626518070304084 
17.689999999972112, -1.1637259869797572 
17.69999999997209, -1.163428212543646 
17.709999999972066, -1.161872077939574 
17.719999999972043, -1.1873518058517545 
17.72999999997202, -1.1965234633463064 
17.739999999971996, -1.1967046662756415 
17.749999999971973, -1.1965294095150523 
17.75999999997195, -1.198681298233343 
17.769999999971926, -1.2004695321762175 
17.779999999971903, -1.2007290140792821 
17.78999999997188, -1.200495318880766 
17.799999999971856, -1.2005665114003619 
17.809999999971833, -1.200680265848092 
17.81999999997181, -1.2005246820011426 
17.829999999971786, -1.2001062218577474 
17.839999999971763, -1.199726592939594 
17.84999999997174, -1.1995580904241836 
17.859999999971716, -1.1989997730087902 
17.869999999971693, -1.197553829646961 
17.87999999997167, -1.1959027115778302 
17.889999999971646, -1.195633976606837 
17.899999999971623, -1.195027110195296 
17.9099999999716, -1.1883087746135073 
17.919999999971576, -1.1718119008791357 
17.929999999971553, -1.1715699248522797 
17.93999999997153, -1.1713964392464036 
17.949999999971507, -1.168753978133028 
17.959999999971483, -1.1853103790569073 
17.96999999997146, -1.2018854466984221 
17.979999999971437, -1.2023860128383037 
17.989999999971413, -1.202053211620455 
17.99999999997139, -1.2045759632118818 
18.009999999971367, -1.2075541399461125 
18.019999999971343, -1.208127923559622 
18.02999999997132, -1.2079090282430833 
18.039999999971297, -1.2079905510943538 
18.049999999971273, -1.2082157628903683 
18.05999999997125, -1.208161049353791 
18.069999999971227, -1.2078074653533122 
18.079999999971204, -1.2074381278725594 
18.08999999997118, -1.2072780749604555 
18.099999999971157, -1.2068342202426043 
18.109999999971134, -1.2056411759917942 
18.11999999997111, -1.2040895659495074 
18.129999999971087, -1.2037352267691022 
18.139999999971064, -1.2032528763572599 
18.14999999997104, -1.19810840932822 
18.159999999971017, -1.1822447447269067 
18.169999999970994, -1.1813193927818966 
18.17999999997097, -1.1812101365359893 
18.189999999970947, -1.1789684880609188 
18.199999999970924, -1.1927983947327665 
18.2099999999709, -1.211785575320042 
18.219999999970877, -1.2124482827369758 
18.229999999970854, -1.2121192275089498 
18.23999999997083, -1.2141979203010071 
18.249999999970807, -1.216844867964306 
18.259999999970784, -1.2174007110526641 
18.26999999997076, -1.2171807039971048 
18.279999999970737, -1.217202113741277 
18.289999999970714, -1.217353605638784 
18.29999999997069, -1.2172419299956092 
18.309999999970668, -1.2168408772097994 
18.319999999970644, -1.2164142145868142 
18.32999999997062, -1.2162320107139575 
18.339999999970598, -1.2157183809229968 
18.349999999970574, -1.2141595599322792 
18.35999999997055, -1.2120954573475267 
18.369999999970528, -1.2117514020728337 
18.379999999970504, -1.211231123578359 
18.38999999997048, -1.2038402069840552 
18.399999999970458, -1.1800434782549336 
18.409999999970434, -1.180421730482105 
18.41999999997041, -1.1803281597019495 
18.429999999970388, -1.1787898726100632 
18.439999999970365, -1.1972635085273913 
18.44999999997034, -1.2114262686330108 
18.459999999970318, -1.2119886657024983 
18.469999999970295, -1.2117217313467517 
18.47999999997027, -1.2131569892741367 
18.489999999970248, -1.2147698998791527 
18.499999999970225, -1.215109951937135 
18.5099999999702, -1.2148718885588052 
18.519999999970178, -1.21482284392056 
18.529999999970155, -1.2148646242095658 
18.53999999997013, -1.2146544281084293 
18.549999999970108, -1.2141602791085728 
18.559999999970085, -1.2136497849849726 
18.56999999997006, -1.2134515657260276 
18.57999999997004, -1.21284553378599 
18.589999999970015, -1.2107199728349358 
18.59999999996999, -1.2079163889987672 
18.60999999996997, -1.207602977208743 
18.619999999969945, -1.207074419742037 
18.62999999996992, -1.1981102432706578 
18.6399999999699, -1.1700715019260088 
18.649999999969875, -1.1718695876881284 
18.659999999969852, -1.1718117615252372 
18.66999999996983, -1.170700889741259 
18.679999999969805, -1.1865655276549343 
18.689999999969782, -1.1988013925497778 
18.69999999996976, -1.1994190355391585 
18.709999999969735, -1.1991599051317055 
18.719999999969712, -1.2003579182863011 
18.72999999996969, -1.2018578285827128 
18.739999999969665, -1.2022296876522678 
18.749999999969642, -1.202002857551241 
18.75999999996962, -1.2019334211511432 
18.769999999969595, -1.2019928369414987 
18.779999999969572, -1.2018227258289955 
18.78999999996955, -1.2013727197505426 
18.799999999969526, -1.200869723020685 
18.809999999969502, -1.2006683514570116 
18.81999999996948, -1.2001945868080401 
18.829999999969456, -1.198566410328389 
18.839999999969432, -1.196142740090224 
18.84999999996941, -1.1956382970800967 
18.859999999969386, -1.1952638213606541 
18.869999999969362, -1.1901201684907718 
18.87999999996934, -1.1652722742588246 
18.889999999969316, -1.1638626974776385 
18.899999999969292, -1.163934155571613 
18.90999999996927, -1.1626286552032237 
18.919999999969246, -1.173489036451888 
18.929999999969223, -1.1968172192195397 
18.9399999999692, -1.198160839104691 
18.949999999969176, -1.1978692585512345 
18.959999999969153, -1.1991071827287252 
18.96999999996913, -1.2017854326389181 
18.979999999969106, -1.2026321800731452 
18.989999999969083, -1.202473622655824 
18.99999999996906, -1.2024039546097844 
19.009999999969036, -1.2025952200209415 
19.019999999969013, -1.2025777879792177 
19.02999999996899, -1.2022608205548369 
19.039999999968966, -1.2018292068319258 
19.049999999968943, -1.201625629039351 
19.05999999996892, -1.201308970523242 
19.069999999968896, -1.2002645404773924 
19.079999999968873, -1.1985398911752023 
19.08999999996885, -1.1978422632172427 
19.099999999968826, -1.1975782735460008 
19.109999999968803, -1.19483581181203 
19.11999999996878, -1.1792097815892597 
19.129999999968756, -1.174457468197183 
19.139999999968733, -1.174617383746284 
19.14999999996871, -1.173527717053532 
19.159999999968687, -1.173588932061471 
19.169999999968663, -1.2027703458659729 
19.17999999996864, -1.2050560621532025 
19.189999999968617, -1.2047940967740158 
19.199999999968593, -1.2057679902109 
19.20999999996857, -1.2093456082976166 
19.219999999968547, -1.2106192791001213 
19.229999999968523, -1.2105222120674624 
19.2399999999685, -1.2104203787077112 
19.249999999968477, -1.210660580652844 
19.259999999968453, -1.2107058178819035 
19.26999999996843, -1.2104340591372902 
19.279999999968407, -1.21001061199674 
19.289999999968384, -1.2097919296686948 
19.29999999996836, -1.2095143709592193 
19.309999999968337, -1.208556050153409 
19.319999999968314, -1.2068604273480112 
19.32999999996829, -1.206050140634826 
19.339999999968267, -1.205815770103715 
19.349999999968244, -1.2034061584028288 
19.35999999996822, -1.1872745284078894 
19.369999999968197, -1.1813442106992564 
19.379999999968174, -1.1815807764600885 
19.38999999996815, -1.1806485802379456 
19.399999999968127, -1.1822630950728747 
19.409999999968104, -1.211990109725212 
19.41999999996808, -1.214531225124037 
19.429999999968057, -1.2142958746367978 
19.439999999968034, -1.215048834163577 
19.44999999996801, -1.2177811553355575 
19.459999999967987, -1.2188057160425014 
19.469999999967964, -1.2186931672709265 
19.47999999996794, -1.218555824271011 
19.489999999967917, -1.2186903184088733 
19.499999999967894, -1.2186439882038258 
19.50999999996787, -1.2182968749649132 
19.519999999967848, -1.217794373408822 
19.529999999967824, -1.2175392351697512 
19.5399999999678, -1.2172112345188102 
19.549999999967778, -1.215910813563627 
19.559999999967754, -1.2134146308276434 
19.56999999996773, -1.2124884959692785 
19.579999999967708, -1.2122512512126995 
19.589999999967684, -1.209022000928263 
19.59999999996766, -1.1819730930438084 
19.609999999967638, -1.1780009002777845 
19.619999999967614, -1.178339736489216 
19.62999999996759, -1.177522377687999 
19.639999999967568, -1.1842991388282336 
19.649999999967545, -1.2054243708884442 
19.65999999996752, -1.207423105540318 
19.669999999967498, -1.207200523181257 
19.679999999967475, -1.2077908134722377 
19.68999999996745, -1.209527782685304 
19.699999999967428, -1.2102075419077793 
19.709999999967405, -1.2100635730993536 
19.71999999996738, -1.2098945652960533 
19.729999999967358, -1.2099488576293715 
19.739999999967335, -1.2098368477703334 
19.74999999996731, -1.2094284183887374 
19.759999999967288, -1.208858048906729 
19.769999999967265, -1.208576696976127 
19.77999999996724, -1.2082440415241762 
19.78999999996722, -1.206801225430448 
19.799999999967195, -1.2038604484054616 
19.80999999996717, -1.2027707285319917 
19.81999999996715, -1.202565823891576 
19.829999999967125, -1.1996861804821797 
19.8399999999671, -1.1719186071394432 
19.84999999996708, -1.1668009215560406 
19.859999999967055, -1.1672717239527681 
19.869999999967032, -1.1665649679290744 
19.87999999996701, -1.171166247211803 
19.889999999966985, -1.1946248369712031 
19.899999999966962, -1.197347789956521 
19.90999999996694, -1.1971685750536056 
19.919999999966915, -1.1975997869388182 
19.929999999966892, -1.1996510294428218 
19.93999999996687, -1.2005973197376005 
19.949999999966845, -1.2005269455960845 
19.959999999966822, -1.2003450161970706 
19.9699999999668, -1.2004498714066976 
19.979999999966775, -1.2004300575328912 
19.989999999966752, -1.2001235560835144 
19.99999999996673, -1.1996296915946751 
20.009999999966706, -1.1993362169833652 
20.019999999966682, -1.1990933453855395 
20.02999999996666, -1.198127673998729 
20.039999999966636, -1.1961213222928284 
20.049999999966612, -1.194887242023212 
20.05999999996659, -1.194718414326746 
20.069999999966566, -1.1931260367844854 
20.079999999966542, -1.1778057389210879 
20.08999999996652, -1.1667241426226915 
20.099999999966496, -1.1672213793963968 
20.109999999966472, -1.166672545083212 
20.11999999996645, -1.164227322460619 
20.129999999966426, -1.1949450197183666 
20.139999999966403, -1.2005945448647022 
20.14999999996638, -1.20052961497419 
20.159999999966356, -1.2006457872650993 
20.169999999966333, -1.2038349947384108 
20.17999999996631, -1.2056453189756262 
20.189999999966286, -1.2057432434839899 
20.199999999966263, -1.2055408683904052 
20.20999999996624, -1.205731380358173 
20.219999999966216, -1.205850067281168 
20.229999999966193, -1.2056639218271248 
20.23999999996617, -1.2052459597033671 
20.249999999966146, -1.2049519850815114 
20.259999999966123, -1.2047652070953638 
20.2699999999661, -1.2040673054422852 
20.279999999966076, -1.202571391008636 
20.289999999966053, -1.201322239524167 
20.29999999996603, -1.2011400419394112 
20.309999999966006, -1.2000559201151464 
20.319999999965983, -1.190010607789822 
20.32999999996596, -1.1780749968852133 
20.339999999965936, -1.1784373745839574 
20.349999999965913, -1.1780053641426036 
20.35999999996589, -1.174113211451278 
20.369999999965867, -1.2014412699214956 
20.379999999965843, -1.2092144728119338 
20.38999999996582, -1.2092382497206882 
20.399999999965797, -1.2091855029885834 
20.409999999965773, -1.2123259351212203 
20.41999999996575, -1.214328441868196 
20.429999999965727, -1.2144894904139154 
20.439999999965703, -1.2142708083543743 
20.44999999996568, -1.2144254394685385 
20.459999999965657, -1.2145330102910434 
20.469999999965633, -1.2143399792437524 
20.47999999996561, -1.213903016565662 
20.489999999965587, -1.2135746449791858 
20.499999999965564, -1.2133824178807577 
20.50999999996554, -1.2126411498404155 
20.519999999965517, -1.2109080969074284 
20.529999999965494, -1.209429588404522 
20.53999999996547, -1.209256825687091 
20.549999999965447, -1.2081523912196488 
20.559999999965424, -1.1952172202050024 
20.5699999999654, -1.1801505261502696 
20.579999999965377, -1.1808329060528797 
20.589999999965354, -1.1804346524059615 
20.59999999996533, -1.1787382457002584 
20.609999999965307, -1.206829864092345 
20.619999999965284, -1.2137888418802776 
20.62999999996526, -1.213813822545066 
20.639999999965237, -1.2137920285946537 
20.649999999965214, -1.2159492701505026 
20.65999999996519, -1.21730450012786 
20.669999999965167, -1.2173842853796097 
20.679999999965144, -1.2171508179046813 
20.68999999996512, -1.2172051072495904 
20.699999999965097, -1.2172063385617917 
20.709999999965074, -1.216918769413785 
20.71999999996505, -1.2163894043168084 
20.729999999965028, -1.216000477894188 
20.739999999965004, -1.2157832747001545 
20.74999999996498, -1.2148306579737531 
20.759999999964958, -1.2122869558490383 
20.769999999964934, -1.2103550677245984 
20.77999999996491, -1.2102248397918027 
20.789999999964888, -1.2089698523630688 
20.799999999964864, -1.1896491002695178 
20.80999999996484, -1.173675035697118 
20.819999999964818, -1.17488542647913 
20.829999999964794, -1.1745115690788601 
20.83999999996477, -1.1747075699289475 
20.849999999964748, -1.1966105515009726 
20.859999999964725, -1.2021347020789714 
20.8699999999647, -1.2021607567077088 
20.879999999964678, -1.2021326920215019 
20.889999999964655, -1.2037633854469083 
20.89999999996463, -1.204840451318724 
20.909999999964608, -1.2049025080620226 
20.919999999964585, -1.2046589650104407 
20.92999999996456, -1.2046755806507623 
20.939999999964538, -1.204664051503362 
20.949999999964515, -1.2043741367460346 
20.95999999996449, -1.2038388332893806 
20.969999999964468, -1.2034219521173455 
20.979999999964445, -1.2032216216082974 
20.98999999996442, -1.202384055397167 
20.9999999999644, -1.2000843027943056 
21.009999999964375, -1.1980276502120597 
21.01999999996435, -1.197872461107389 
21.02999999996433, -1.1969467118567634 
21.039999999964305, -1.1833348901564573 
21.04999999996428, -1.1630412009792714 
21.05999999996426, -1.1641256819567516 
21.069999999964235, -1.1638560477919115 
21.079999999964212, -1.1622077237420911 
21.08999999996419, -1.1869750842767475 
21.099999999964165, -1.1969302626629588 
21.109999999964142, -1.197158422581198 
21.11999999996412, -1.1969571222429394 
21.129999999964095, -1.1990509287286684 
21.139999999964072, -1.200887623755365 
21.14999999996405, -1.201177431987323 
21.159999999964025, -1.2009437143985995 
21.169999999964002, -1.2010042637207379 
21.17999999996398, -1.201121900010516 
21.189999999963955, -1.2009733097121307 
21.199999999963932, -1.2005582169247617 
21.20999999996391, -1.2001702931916278 
21.219999999963886, -1.2000015064873009 
21.229999999963862, -1.199460184186045 
21.23999999996384, -1.1980259992533984 
21.249999999963816, -1.1963345853505771 
21.259999999963792, -1.1960469357048755 
21.26999999996377, -1.195474739129061 
21.279999999963746, -1.18903452347789 
21.289999999963722, -1.1720288817176197 
21.2999999999637, -1.1716626883660104 
21.309999999963676, -1.171512754839633 
21.319999999963652, -1.169046432920627 
21.32999999996363, -1.1848594357781106 
21.339999999963606, -1.2023732241888028 
21.349999999963583, -1.2029390768866401 
21.35999999996356, -1.2026038201987364 
21.369999999963536, -1.2049789017600268 
21.379999999963513, -1.207940857687301 
21.38999999996349, -1.2085420828147915 
21.399999999963466, -1.2083262457182298 
21.409999999963443, -1.2083904948450306 
21.41999999996342, -1.2086098838623915 
21.429999999963396, -1.2085555351891881 
21.439999999963373, -1.2082020146423886 
21.44999999996335, -1.2078232215235298 
21.459999999963326, -1.2076596606148906 
21.469999999963303, -1.2072228736860389 
21.47999999996328, -1.2060196528414464 
21.489999999963256, -1.2044176250829095 
21.499999999963233, -1.204042224115084 
21.50999999996321, -1.2035809973510394 
21.519999999963186, -1.1985396564002322 
21.529999999963163, -1.181976740113705 
21.53999999996314, -1.1809179931206126 
21.549999999963116, -1.1808307725064862 
21.559999999963093, -1.178748485173967 
21.56999999996307, -1.1923310347489287 
21.579999999963047, -1.2120487990446844 
21.589999999963023, -1.2127789396327016 
21.599999999963, -1.2124526354071323 
21.609999999962977, -1.21439113512568 
21.619999999962953, -1.2169771118142496 
21.62999999996293, -1.2175466688121936 
21.639999999962907, -1.2173293545382242 
21.649999999962883, -1.2173347610256533 
21.65999999996286, -1.2174782141347569 
21.669999999962837, -1.2173640690885208 
21.679999999962813, -1.216960141585936 
21.68999999996279, -1.2165216569955215 
21.699999999962767, -1.216335710502126 
21.709999999962744, -1.2158295468584448 
21.71999999996272, -1.2142488392311548 
21.729999999962697, -1.2120995424747911 
21.739999999962674, -1.2117333787832008 
21.74999999996265, -1.211237325949022 
21.759999999962627, -1.2040494244094755 
21.769999999962604, -1.1792854286325483 
21.77999999996258, -1.1796668690494374 
21.789999999962557, -1.179597165756518 
21.799999999962534, -1.1781458980325554 
21.80999999996251, -1.19567911580736 
21.819999999962487, -1.2101850747254723 
21.829999999962464, -1.2108072514206982 
21.83999999996244, -1.2105368922851807 
21.849999999962417, -1.2118955013243855 
21.859999999962394, -1.2135075136376106 
21.86999999996237, -1.213868686028072 
21.879999999962347, -1.2136341672148747 
21.889999999962324, -1.213575425461213 
21.8999999999623, -1.2136199568135964 
21.909999999962277, -1.213418034678487 
21.919999999962254, -1.2129307312463056 
21.92999999996223, -1.2124135757016574 
21.939999999962208, -1.2122129405200859 
21.949999999962184, -1.2116383701225155 
21.95999999996216, -1.2095911276095177 
21.969999999962138, -1.20677170526031 
21.979999999962114, -1.2064136671767245 
21.98999999996209, -1.2059280301410595 
21.999999999962068, -1.1978627597074365 
22.009999999962044, -1.1691674350749115 
22.01999999996202, -1.1706942654906831 
22.029999999961998, -1.1706713348944953 
22.039999999961974, -1.1695288362431104 
22.04999999996195, -1.1847226278110246 
22.059999999961928, -1.1983322753620604 
22.069999999961905, -1.1990645333656789 
22.07999999996188, -1.1987970201062041 
22.089999999961858, -1.1999645045062564 
22.099999999961835, -1.201571814476687 
22.10999999996181, -1.20200147011978 
22.119999999961788, -1.2017844828782311 
22.129999999961765, -1.2017089624371609 
22.13999999996174, -1.2017822103288345 
22.149999999961718, -1.201633293409964 
22.159999999961695, -1.201202916280478 
22.16999999996167, -1.200703748291422 
22.179999999961648, -1.200498125103343 
22.189999999961625, -1.2000592974936082 
22.1999999999616, -1.1985395582786158 
22.20999999996158, -1.1961906396787552 
22.219999999961555, -1.1956256036868962 
22.22999999996153, -1.1952840362737074 
22.23999999996151, -1.1907633162890734 
22.249999999961485, -1.166978867382786 
22.25999999996146, -1.1647709001813664 
22.26999999996144, -1.164878318653394 
22.279999999961415, -1.1636439149596391 
22.289999999961392, -1.1725195160989104 
22.29999999996137, -1.197591595355781 
22.309999999961345, -1.1991426119945998 
22.319999999961322, -1.1988588653758951 
22.3299999999613, -1.2000047759371884 
22.339999999961275, -1.2028042195359951 
22.349999999961252, -1.203730057321516 
22.35999999996123, -1.2035860380451695 
22.369999999961205, -1.2035039280772009 
22.379999999961182, -1.2037012209204003 
22.38999999996116, -1.2036965364244394 
22.399999999961135, -1.2033898572956288 
22.409999999961112, -1.202957056156199 
22.41999999996109, -1.2027472155985193 
22.429999999961066, -1.2024440293514573 
22.439999999961042, -1.2014251437378467 
22.44999999996102, -1.1997013372457674 
22.459999999960996, -1.1989600193757524 
22.469999999960972, -1.1987095553800424 
22.47999999996095, -1.196127281827114 
22.489999999960926, -1.1805529906371117 
22.499999999960902, -1.1753076937312585 
22.50999999996088, -1.175495966266733 
22.519999999960856, -1.1744784644529973 
22.529999999960832, -1.1743439875465862 
22.53999999996081, -1.2040422668829764 
22.549999999960786, -1.2065235026636179 
22.559999999960763, -1.2062753428244783 
22.56999999996074, -1.207146394156874 
22.579999999960716, -1.2105887341979318 
22.589999999960693, -1.2118601904864634 
22.59999999996067, -1.2117707074266368 
22.609999999960646, -1.2116557150916494 
22.619999999960623, -1.2118772929512418 
22.6299999999606, -1.2119125776990105 
22.639999999960576, -1.2116349017491916 
22.649999999960553, -1.2111998177807697 
22.65999999996053, -1.2109709034155742 
22.669999999960506, -1.2106927447179392 
22.679999999960483, -1.2097059208344543 
22.68999999996046, -1.2079162624756221 
22.699999999960436, -1.2070578760628978 
22.709999999960413, -1.2068305224770706 
22.71999999996039, -1.204415897324696 
22.729999999960366, -1.187011552104774 
22.739999999960343, -1.1806997569222495 
22.74999999996032, -1.1809751554515273 
22.759999999960296, -1.180093922162083 
22.769999999960273, -1.1824761804319914 
22.77999999996025, -1.2117942184799393 
22.789999999960227, -1.2144122507578183 
22.799999999960203, -1.214187747384859 
22.80999999996018, -1.2148656129854591 
22.819999999960157, -1.2173933499116498 
22.829999999960133, -1.2183708136154663 
22.83999999996011, -1.2182596028326065 
22.849999999960087, -1.2181107246630039 
22.859999999960063, -1.2182260954084139 
22.86999999996004, -1.2181678353113363 
22.879999999960017, -1.2178102964903779 
22.889999999959993, -1.2172915971046796 
22.89999999995997, -1.2170262721834881 
22.909999999959947, -1.21670028652817 
22.919999999959924, -1.2153668145089438 
22.9299999999599, -1.2127352108968603 
22.939999999959877, -1.2117479145743066 
22.949999999959854, -1.2115221930741975 
22.95999999995983, -1.2083975711112063 
22.969999999959807, -1.1806270797727298 
22.979999999959784, -1.1765551432992323 
22.98999999995976, -1.1769400805415091 
22.999999999959737, -1.1761687322174963 
23.009999999959714, -1.1824173919555354 
23.01999999995969, -1.2032044962574504 
23.029999999959667, -1.2053257443742156 
23.039999999959644, -1.2051144155029374 
23.04999999995962, -1.2056456511964067 
23.059999999959597, -1.207363042373163 
23.069999999959574, -1.2080648900942432 
23.07999999995955, -1.207932673752207 
23.089999999959527, -1.2077558825756884 
23.099999999959504, -1.2078107620438587 
23.10999999995948, -1.2077097664614629 
23.119999999959457, -1.2073141449627969 
23.129999999959434, -1.206748435127747 
23.13999999995941, -1.2064577813703714 
23.149999999959388, -1.2061459174822728 
23.159999999959364, -1.2047943038877047 
23.16999999995934, -1.2019768431868647 
23.179999999959318, -1.2008033463856491 
23.189999999959294, -1.2006154213067175 
23.19999999995927, -1.198093550820692 
23.209999999959248, -1.1723129409069935 
23.219999999959224, -1.1652975552319926 
23.2299999999592, -1.1658266237798427 
23.239999999959178, -1.1651643567002863 
23.249999999959154, -1.1683375098362225 
23.25999999995913, -1.194003173461395 
23.269999999959108, -1.1972546859312196 
23.279999999959085, -1.1971006239564919 
23.28999999995906, -1.1974542029595745 
23.299999999959038, -1.1996793749505779 
23.309999999959015, -1.2007668870473098 
23.31999999995899, -1.200731189613761 
23.329999999958968, -1.200542104034792 
23.339999999958945, -1.2006614823473394 
23.34999999995892, -1.2006706905985984 
23.359999999958898, -1.2003924995124107 
23.369999999958875, -1.1999159278173384 
23.37999999995885, -1.1996171201125385 
23.389999999958828, -1.199392348669744 
23.399999999958805, -1.1985090700068797 
23.40999999995878, -1.1966457054373918 
23.41999999995876, -1.195376934828286 
23.429999999958735, -1.1952095038687274 
23.43999999995871, -1.193811000799268 
23.44999999995869, -1.1803170709389594 
23.459999999958665, -1.1685885014275166 
23.46999999995864, -1.1690716854373189 
23.47999999995862, -1.168569840999868 
23.489999999958595, -1.1654135781555284 
23.499999999958572, -1.1952236729202377 
23.50999999995855, -1.201684029403273 
23.519999999958525, -1.201654744154944 
23.529999999958502, -1.2016906148726598 
23.53999999995848, -1.2049438708280233 
23.549999999958455, -1.2069009891782667 
23.559999999958432, -1.2070365611216016 
23.56999999995841, -1.2068273103038498 
23.579999999958385, -1.2070159249540795 
23.589999999958362, -1.2071488316192283 
23.59999999995834, -1.206976087314356 
23.609999999958315, -1.206562850147131 
23.619999999958292, -1.2062614966664065 
23.62999999995827, -1.20608025899456 
23.639999999958246, -1.205406035295264 
23.649999999958222, -1.2039297880832507 
23.6599999999582, -1.202640087142278 
23.669999999958176, -1.202453996373151 
23.679999999958152, -1.201436274013731 
23.68999999995813, -1.1916915879610157 
23.699999999958106, -1.1791392910557454 
23.709999999958082, -1.1795020403048948 
23.71999999995806, -1.1790993840967052 
23.729999999958036, -1.1754298453411536 
23.739999999958012, -1.2025233228924719 
23.74999999995799, -1.2108180949003777 
23.759999999957966, -1.210868272869402 
23.769999999957943, -1.2107853040838739 
23.77999999995792, -1.213755256566509 
23.789999999957896, -1.2157143110765136 
23.799999999957873, -1.21588440194243 
23.80999999995785, -1.2156610144050732 
23.819999999957826, -1.2157949869407352 
23.829999999957803, -1.2158896769065142 
23.83999999995778, -1.2156880384524762 
23.849999999957756, -1.2152402393704946 
23.859999999957733, -1.2148970931147185 
23.86999999995771, -1.2147029249889152 
23.879999999957686, -1.2139447313566474 
23.889999999957663, -1.2121111826388782 
23.89999999995764, -1.210531661977113 
23.909999999957616, -1.2103630452439331 
23.919999999957593, -1.2092716367744127 
23.92999999995757, -1.195518746276822 
23.939999999957546, -1.1793651747198044 
23.949999999957523, -1.1801657592200268 
23.9599999999575, -1.1797864791594197 
23.969999999957476, -1.1784858740511874 
23.979999999957453, -1.2054288677683407 
23.98999999995743, -1.2123368689578908 
23.999999999957407, -1.2123761583593982 
24.009999999957383, -1.2123377805268045 
24.01999999995736, -1.2143358217075466 
24.029999999957337, -1.2156248151511435 
24.039999999957313, -1.2157059341343963 
24.04999999995729, -1.215468003244991 
24.059999999957267, -1.2155074029107504 
24.069999999957243, -1.2155026217624763 
24.07999999995722, -1.2152111252992217 
24.089999999957197, -1.2146741502583807 
24.099999999957173, -1.2142714984887122 
24.10999999995715, -1.2140580900036875 
24.119999999957127, -1.2131221676983721 
24.129999999957104, -1.2105574635248628 
24.13999999995708, -1.208526994771864 
24.149999999957057, -1.2083976300410673 
24.159999999957034, -1.2072316205067875 
24.16999999995701, -1.1888495559524088 
24.179999999956987, -1.1716462767809361 
24.189999999956964, -1.1729428355650766 
24.19999999995694, -1.1725981713696563 
24.209999999956917, -1.172456098895604 
24.219999999956894, -1.194440921195382 
24.22999999995687, -1.2005584382079997 
24.239999999956847, -1.2006232009935474 
24.249999999956824, -1.2005547292149064 
24.2599999999568, -1.202208483133311 
24.269999999956777, -1.2033689431917982 
24.279999999956754, -1.2034663975845177 
24.28999999995673, -1.2032221862095451 
24.299999999956707, -1.2032401546022686 
24.309999999956684, -1.2032475357421142 
24.31999999995666, -1.202981751752593 
24.329999999956637, -1.202466869768878 
24.339999999956614, -1.2020462696638325 
24.34999999995659, -1.201853928558784 
24.359999999956568, -1.2010903035287404 
24.369999999956544, -1.1989807317536643 
24.37999999995652, -1.1969343129928398 
24.389999999956498, -1.1967538527879655 
24.399999999956474, -1.1959381630168036 
24.40999999995645, -1.1843485854734026 
24.419999999956428, -1.1634752020579966 
24.429999999956404, -1.1643800762284013 
24.43999999995638, -1.164147764171332 
24.449999999956358, -1.1621988686486386 
24.459999999956334, -1.1861468397070931 
24.46999999995631, -1.1978890647328289 
24.479999999956288, -1.1981994546208987 
24.489999999956265, -1.1979560716978563 
24.49999999995624, -1.2000901469413088 
24.509999999956218, -1.2021400111143048 
24.519999999956195, -1.2024994265513127 
24.52999999995617, -1.2022687953456772 
24.539999999956148, -1.2023266449222305 
24.549999999956125, -1.2024668025885428 
24.5599999999561, -1.2023417181304796 
24.569999999956078, -1.201942429549342 
24.579999999956055, -1.20155311044892 
24.58999999995603, -1.2013857793752514 
24.599999999956008, -1.2008787939492955 
24.609999999955985, -1.1995128113419398 
24.61999999995596, -1.1978299810878121 
24.62999999995594, -1.1975128747063848 
24.639999999955915, -1.196984996007764 
24.64999999995589, -1.1910828380243774 
24.65999999995587, -1.174113723545057 
24.669999999955845, -1.1735034956916068 
24.67999999995582, -1.173379395372997 
24.6899999999558, -1.1710642823105113 
24.699999999955775, -1.1855115224100137 
24.709999999955752, -1.2041252288718356 
24.71999999995573, -1.2047679178013275 
24.729999999955705, -1.2044305725990394 
24.739999999955682, -1.2066643382615891 
24.74999999995566, -1.2096094933660728 
24.759999999955635, -1.2102357073237417 
24.769999999955612, -1.210022814169597 
24.77999999995559, -1.2100687930073932 
24.789999999955565, -1.210277490079822 
24.799999999955542, -1.2102184002905771 
24.80999999995552, -1.2098607683628768 
24.819999999955495, -1.2094694146815894 
24.829999999955472, -1.209300451292896 
24.83999999995545, -1.2088621924074026 
24.849999999955426, -1.2076173454326853 
24.859999999955402, -1.2059258377447213 
24.86999999995538, -1.2055338233018371 
24.879999999955356, -1.2050830155811623 
24.889999999955332, -1.1999005608609536 
24.89999999995531, -1.1818690958807714 
24.909999999955286, -1.1808360157332396 
24.919999999955262, -1.1807666832816583 
24.92999999995524, -1.1788526520028149 
24.939999999955216, -1.1934902818598494 
24.949999999955192, -1.2131163586620146 
24.95999999995517, -1.2138769780797505 
24.969999999955146, -1.2135618567351298 
24.979999999955123, -1.2153186018439832 
24.9899999999551, -1.2176713833413388 
24.999999999955076, -1.2182060956638887 
