t, s[1].omega / s[0].omega 
0, -1.3399976627540777 
0.009999999999999995, -1.3395680916663224 
0.019999999999999934, -1.338834215590246 
0.029999999999999874, -1.3383460709483912 
0.04000000000000012, -1.3380983599528997 
0.050000000000000405, -1.3365078157454942 
0.06000000000000069, -1.3265518147324793 
0.07000000000000098, -1.3149255425693192 
0.08000000000000126, -1.3155778097705912 
0.09000000000000155, -1.315287441523931 
0.10000000000000184, -1.3143069646779708 
0.11000000000000212, -1.328285443230389 
0.12000000000000241, -1.3364253210544594 
0.130000000000002, -1.3371861889430523 
0.1400000000000009, -1.3369411787627479 
0.1499999999999998, -1.3370590681409746 
0.1599999999999987, -1.3373310093396482 
0.1699999999999976, -1.3372656087662578 
0.1799999999999965, -1.3368152741731123 
0.1899999999999954, -1.33610065825854 
0.1999999999999943, -1.3356882786139943 
0.2099999999999932, -1.3354025902838877 
0.2199999999999921, -1.3335123506337112 
0.229999999999991, -1.323303117089486 
0.2399999999999899, -1.314268389553561 
0.2499999999999888, -1.3148151191822428 
0.2599999999999877, -1.3144163741417727 
0.2699999999999866, -1.3136045042164681 
0.2799999999999855, -1.330551610959719 
0.2899999999999844, -1.338103283396854 
0.2999999999999833, -1.3386548984429403 
0.3099999999999822, -1.338401217955748 
0.3199999999999811, -1.3386065553777566 
0.32999999999998, -1.3388903507872147 
0.3399999999999789, -1.3388084097162747 
0.3499999999999778, -1.3383432267848068 
0.35999999999997667, -1.337656729164579 
0.36999999999997557, -1.337309598918312 
0.37999999999997447, -1.3369703107498476 
0.38999999999997337, -1.3347146577454503 
0.39999999999997227, -1.3241321799919865 
0.40999999999997117, -1.3173307389219375 
0.41999999999997006, -1.3177671087749019 
0.42999999999996896, -1.3172364627938158 
0.43999999999996786, -1.3171676895547493 
0.44999999999996676, -1.336001520068385 
0.45999999999996566, -1.3421663305412015 
0.46999999999996456, -1.3424930102206034 
0.47999999999996346, -1.342247914445138 
0.48999999999996235, -1.3425216016481065 
0.49999999999996125, -1.3427693644770695 
0.5099999999999602, -1.3426351798601655 
0.519999999999959, -1.342122301731723 
0.529999999999958, -1.3414381767704746 
0.5399999999999568, -1.3411478551797253 
0.5499999999999557, -1.3407117343069326 
0.5599999999999546, -1.3376999090334518 
0.5699999999999535, -1.3252537525313233 
0.5799999999999524, -1.3206216457465143 
0.5899999999999513, -1.3209432163320578 
0.5999999999999502, -1.3202396636603932 
0.6099999999999491, -1.3223287013226461 
0.619999999999948, -1.3397946569459616 
0.6299999999999469, -1.3439499160334225 
0.6399999999999458, -1.3440574379340213 
0.6499999999999447, -1.3438497892122019 
0.6599999999999436, -1.344143132018885 
0.6699999999999425, -1.344306035227437 
0.6799999999999414, -1.3440854065053802 
0.6899999999999403, -1.343493799904769 
0.6999999999999392, -1.3428031724288034 
0.7099999999999381, -1.3425608837723961 
0.719999999999937, -1.3419618766630153 
0.7299999999999359, -1.3375805002214334 
0.7399999999999348, -1.322524794593843 
0.7499999999999337, -1.320252681050643 
0.7599999999999326, -1.320421531103802 
0.7699999999999315, -1.319536136750602 
0.7799999999999304, -1.3245564312699105 
0.7899999999999293, -1.3388538583842915 
0.7999999999999282, -1.3415284782233645 
0.8099999999999271, -1.34148265473065 
0.819999999999926, -1.341334615321794 
0.8299999999999249, -1.3416208179463989 
0.8399999999999238, -1.3417054977606502 
0.8499999999999227, -1.3414065628967373 
0.8599999999999216, -1.3407476074084557 
0.8699999999999205, -1.3400851820823232 
0.8799999999999194, -1.3398705673394875 
0.8899999999999183, -1.3390633222047255 
0.8999999999999172, -1.3331304331627958 
0.9099999999999161, -1.3174352723895049 
0.919999999999915, -1.3168045615883466 
0.9299999999999139, -1.316826919388682 
0.9399999999999128, -1.3157825545236765 
0.9499999999999117, -1.323479676437449 
0.9599999999999106, -1.335974334922696 
0.9699999999999095, -1.3379016631183427 
0.9799999999999084, -1.337769977813318 
0.9899999999999073, -1.3376897599385256 
0.9999999999999062, -1.33798939598204 
1.0099999999999052, -1.3380375906726532 
1.019999999999904, -1.3377003781524608 
1.029999999999903, -1.3370244350754918 
1.039999999999902, -1.336430376581885 
1.0499999999999008, -1.3362207691276478 
1.0599999999998997, -1.3352201385010625 
1.0699999999998986, -1.3284577271796547 
1.0799999999998975, -1.3146028023034653 
1.0899999999998964, -1.3145883756246834 
1.0999999999998953, -1.3144945281067797 
1.1099999999998942, -1.3132648289649151 
1.119999999999893, -1.323780687051355 
1.129999999999892, -1.3360413057814446 
1.1399999999998909, -1.3375816887316019 
1.1499999999998898, -1.3373991209453229 
1.1599999999998887, -1.3373948907105224 
1.1699999999998876, -1.3377303249054155 
1.1799999999998865, -1.337768053764025 
1.1899999999998854, -1.3374160901616365 
1.1999999999998843, -1.3367522025189666 
1.2099999999998832, -1.3362348817031833 
1.219999999999882, -1.3360149570445408 
1.229999999999881, -1.3348204435886148 
1.2399999999998799, -1.327612117828684 
1.2499999999998788, -1.3160140432891818 
1.2599999999998777, -1.3162632347081076 
1.2699999999998766, -1.3160629848992211 
1.2799999999998755, -1.314658842373339 
1.2899999999998744, -1.3283461843018336 
1.2999999999998733, -1.3398146237571682 
1.3099999999998722, -1.3409759844244244 
1.319999999999871, -1.3407525610786586 
1.32999999999987, -1.340833646369011 
1.3399999999998689, -1.3411765578971238 
1.3499999999998678, -1.3411820316781982 
1.3599999999998666, -1.340794942072321 
1.3699999999998655, -1.340123767589707 
1.3799999999998644, -1.339674340367638 
1.3899999999998633, -1.3394238062109085 
1.3999999999998622, -1.3378968649807295 
1.4099999999998611, -1.3293728954779438 
1.41999999999986, -1.3194473673360592 
1.429999999999859, -1.3199241452007942 
1.4399999999998578, -1.3196005791717393 
1.4499999999998567, -1.3184058949495827 
1.4599999999998556, -1.334464996074344 
1.4699999999998545, -1.343222040751608 
1.4799999999998534, -1.3439410692105527 
1.4899999999998523, -1.343690046475548 
1.4999999999998512, -1.3438484131524344 
1.5099999999998501, -1.3441343725872728 
1.519999999999849, -1.3440634246579255 
1.529999999999848, -1.3436035875797447 
1.5399999999998468, -1.3428936173635186 
1.5499999999998457, -1.3425107008065322 
1.5599999999998446, -1.3421946604218502 
1.5699999999998435, -1.3400297269567485 
1.5799999999998424, -1.328668894298779 
1.5899999999998413, -1.3206288767367291 
1.5999999999998402, -1.3211740479938296 
1.6099999999998391, -1.3207033898057747 
1.619999999999838, -1.3206492647417876 
1.629999999999837, -1.3367785678859347 
1.6399999999998358, -1.3426100904329321 
1.6499999999998347, -1.3429717041910625 
1.6599999999998336, -1.3427219043225516 
1.6699999999998325, -1.3429293760793404 
1.6799999999998314, -1.3431342742581782 
1.6899999999998303, -1.3429754322937928 
1.6999999999998292, -1.3424329802816852 
1.709999999999828, -1.3416908681035093 
1.719999999999827, -1.3413762431713736 
1.729999999999826, -1.340958622837706 
1.7399999999998248, -1.3378633608236443 
1.7499999999998237, -1.3235047978613168 
1.7599999999998226, -1.3180464886170278 
1.7699999999998215, -1.3184689045447648 
1.7799999999998204, -1.3178433823307079 
1.7899999999998193, -1.3195589565298456 
1.7999999999998182, -1.3349018797505747 
1.809999999999817, -1.3390362987609872 
1.819999999999816, -1.3391866045165848 
1.8299999999998149, -1.3389635523314014 
1.8399999999998138, -1.3392115038750412 
1.8499999999998127, -1.339367211300599 
1.8599999999998116, -1.3391518681031105 
1.8699999999998105, -1.3385620277875474 
1.8799999999998094, -1.3378401553641759 
1.8899999999998083, -1.3375790961696465 
1.8999999999998072, -1.3370499924296815 
1.909999999999806, -1.333147128810507 
1.919999999999805, -1.3182248738429736 
1.9299999999998039, -1.314901650995878 
1.9399999999998028, -1.3151588941280867 
1.9499999999998017, -1.3143715762390094 
1.9599999999998006, -1.3178941592295945 
1.9699999999997995, -1.3336947689323524 
1.9799999999997984, -1.3370775530154073 
1.9899999999997973, -1.33711169460545 
1.9999999999997962, -1.3369290175101791 
2.0099999999998173, -1.3372342369400692 
2.0199999999998384, -1.3373796770163493 
2.0299999999998595, -1.3371435878839608 
2.0399999999998806, -1.336547339687101 
2.0499999999999017, -1.3358858886996499 
2.059999999999923, -1.3356574205398408 
2.069999999999944, -1.3350211799799827 
2.079999999999965, -1.3306401845479843 
2.089999999999986, -1.3170052036997149 
2.100000000000007, -1.3150214345292162 
2.1100000000000283, -1.315137579731953 
2.1200000000000494, -1.3141558317599036 
2.1300000000000705, -1.3198080782917563 
2.1400000000000916, -1.336471527892075 
2.1500000000001127, -1.3393095537669613 
2.160000000000134, -1.3392569412446127 
2.170000000000155, -1.3391288658456713 
2.180000000000176, -1.3394873551873594 
2.190000000000197, -1.3396206515436717 
2.2000000000002182, -1.3393612635575698 
2.2100000000002393, -1.3387564538687275 
2.2200000000002604, -1.3381543280471082 
2.2300000000002815, -1.3379428424725066 
2.2400000000003026, -1.3371579404549212 
2.2500000000003237, -1.332057114383625 
2.260000000000345, -1.3192593182545778 
2.270000000000366, -1.3183835036380012 
2.280000000000387, -1.3183715862568524 
2.290000000000408, -1.317172272648617 
2.3000000000004293, -1.3258682927887668 
2.3100000000004504, -1.3409807072833595 
2.3200000000004715, -1.3430427726460141 
2.3300000000004926, -1.3429035454093108 
2.3400000000005137, -1.3428507157185408 
2.3500000000005348, -1.3432078376213261 
2.360000000000556, -1.343283705189797 
2.370000000000577, -1.3429643849234236 
2.380000000000598, -1.3423162456279911 
2.390000000000619, -1.3417625380028135 
2.4000000000006403, -1.341549360482238 
2.4100000000006614, -1.3404894407539587 
2.4200000000006825, -1.333685180943677 
2.4300000000007036, -1.320970245944852 
2.4400000000007247, -1.3210945971782275 
2.450000000000746, -1.3209491869883225 
2.460000000000767, -1.3196711368598175 
2.470000000000788, -1.331419184925251 
2.480000000000809, -1.342593973554403 
2.49000000000083, -1.3438648833982538 
2.5000000000008513, -1.343655116640982 
2.5100000000008724, -1.3436848745336583 
2.5200000000008935, -1.3439848075306091 
2.5300000000009146, -1.3439712130136612 
2.5400000000009357, -1.3435660505413265 
2.550000000000957, -1.342853054515342 
2.560000000000978, -1.342357986711372 
2.570000000000999, -1.3421157140918827 
2.58000000000102, -1.3406011738884076 
2.5900000000010412, -1.3310398122071019 
2.6000000000010624, -1.3192424517693329 
2.6100000000010835, -1.319881884638659 
2.6200000000011046, -1.3196019269296084 
2.6300000000011257, -1.3186339317703182 
2.6400000000011468, -1.332145109120243 
2.650000000001168, -1.340085466264509 
2.660000000001189, -1.3408394882250367 
2.67000000000121, -1.3405940379600212 
2.680000000001231, -1.3406969002528173 
2.6900000000012523, -1.3409436539047785 
2.7000000000012734, -1.3408572322717776 
2.7100000000012945, -1.3403829498826132 
2.7200000000013156, -1.339634860481349 
2.7300000000013367, -1.3392142724697365 
2.740000000001358, -1.338920680759134 
2.750000000001379, -1.336878832728857 
2.7600000000014, -1.325151798554303 
2.770000000001421, -1.3156718245690642 
2.780000000001442, -1.3163158309168923 
2.7900000000014633, -1.3159121202842643 
2.8000000000014844, -1.3155035152090382 
2.8100000000015055, -1.3306428446544647 
2.8200000000015266, -1.3370880133071137 
2.8300000000015477, -1.337571094686752 
2.840000000001569, -1.337318286473015 
2.85000000000159, -1.3374956974361731 
2.860000000001611, -1.3377295517000798 
2.870000000001632, -1.337610514017169 
2.8800000000016532, -1.337109577164092 
2.8900000000016743, -1.3363828062491543 
2.9000000000016954, -1.3360319700803414 
2.9100000000017165, -1.3356813105644378 
2.9200000000017377, -1.3332337397304377 
2.9300000000017588, -1.3212623374374621 
2.94000000000178, -1.314246465199504 
2.950000000001801, -1.3147311600618128 
2.960000000001822, -1.3142044998905917 
2.970000000001843, -1.3144158527984533 
2.9800000000018643, -1.331956930707503 
2.9900000000018854, -1.3377348946035408 
3.0000000000019065, -1.3380523815951493 
3.0100000000019276, -1.337807986813153 
3.0200000000019487, -1.338067400094978 
3.03000000000197, -1.3383068973351713 
3.040000000001991, -1.338171683580569 
3.050000000002012, -1.3376602773520665 
3.060000000002033, -1.3369744689945682 
3.070000000002054, -1.3366794978144345 
3.0800000000020753, -1.336259523968308 
3.0900000000020964, -1.3334056153544331 
3.1000000000021175, -1.3215692390329652 
3.1100000000021386, -1.316622961012843 
3.1200000000021597, -1.3169560487398377 
3.130000000002181, -1.316278714318578 
3.140000000002202, -1.3177331751250043 
3.150000000002223, -1.3367104538038144 
3.160000000002244, -1.341469932284555 
3.1700000000022652, -1.3416269476678893 
3.1800000000022863, -1.341409705552806 
3.1900000000023074, -1.3417297017512415 
3.2000000000023285, -1.3419398926617088 
3.2100000000023496, -1.3417612925841147 
3.2200000000023707, -1.3412134509447637 
3.230000000002392, -1.3405505991386735 
3.240000000002413, -1.3403003560854156 
3.250000000002434, -1.3397626473427922 
3.260000000002455, -1.336084157385741 
3.2700000000024763, -1.3231335484875648 
3.2800000000024974, -1.3201644354775914 
3.2900000000025185, -1.3203570981177029 
3.3000000000025396, -1.319487602332451 
3.3100000000025607, -1.3236220768557612 
3.3200000000025818, -1.3406664263040429 
3.330000000002603, -1.343925299461889 
3.340000000002624, -1.343921842611298 
3.350000000002645, -1.3437598044467696 
3.360000000002666, -1.34408459425014 
3.3700000000026873, -1.3442152794003643 
3.3800000000027084, -1.3439563149172813 
3.3900000000027295, -1.3433380827782564 
3.4000000000027506, -1.3426893748941513 
3.4100000000027717, -1.3424702651016178 
3.420000000002793, -1.3417284922825647 
3.430000000002814, -1.3364598241882946 
3.440000000002835, -1.3217331004876243 
3.450000000002856, -1.320712191914421 
3.460000000002877, -1.3207549422507892 
3.4700000000028983, -1.3197105293469802 
3.4800000000029194, -1.3270533404301823 
3.4900000000029405, -1.340270072273225 
3.5000000000029616, -1.3423233483633517 
3.5100000000029827, -1.342200954070852 
3.520000000003004, -1.3421116132312165 
3.530000000003025, -1.3424076467116945 
3.540000000003046, -1.342454269858524 
3.550000000003067, -1.3421129766057696 
3.5600000000030882, -1.3414260252441974 
3.5700000000031094, -1.340818355114439 
3.5800000000031305, -1.3406074033699604 
3.5900000000031516, -1.3395859406686597 
3.6000000000031727, -1.3323448197386791 
3.6100000000031938, -1.317535917260844 
3.620000000003215, -1.317700388733505 
3.630000000003236, -1.3176062842250111 
3.640000000003257, -1.3164717471040235 
3.650000000003278, -1.3264938637605084 
3.6600000000032993, -1.3372385028615554 
3.6700000000033204, -1.3386362712184137 
3.6800000000033415, -1.3384467063742815 
3.6900000000033626, -1.3384335114483923 
3.7000000000033837, -1.3387205788673173 
3.710000000003405, -1.3387196695122998 
3.720000000003426, -1.3383316887098766 
3.730000000003447, -1.337623335218987 
3.740000000003468, -1.3370879656114694 
3.750000000003489, -1.336864164576309 
3.7600000000035103, -1.3355721982473219 
3.7700000000035314, -1.3272032580944808 
3.7800000000035525, -1.3144510521258435 
3.7900000000035736, -1.3149247313396086 
3.8000000000035947, -1.3147196224524866 
3.810000000003616, -1.3135048898541999 
3.820000000003637, -1.3263524983527115 
3.830000000003658, -1.3363225746130667 
3.840000000003679, -1.3373833686581704 
3.8500000000037002, -1.3371579706538512 
3.8600000000037213, -1.3372271229700705 
3.8700000000037424, -1.3375349539785772 
3.8800000000037635, -1.3375182665988015 
3.8900000000037847, -1.3371141042214454 
3.9000000000038058, -1.3364232647698184 
3.910000000003827, -1.3359650995381533 
3.920000000003848, -1.3357159051500305 
3.930000000003869, -1.3341809427414406 
3.94000000000389, -1.3254670112552616 
3.9500000000039113, -1.3152150538247673 
3.9600000000039324, -1.3157039211519823 
3.9700000000039535, -1.3153938015829048 
3.9800000000039746, -1.3141476426759844 
3.9900000000039957, -1.3301117671115137 
4.000000000004016, -1.3393305586615365 
4.010000000003993, -1.34011276365261 
4.02000000000397, -1.3398648009193546 
4.030000000003946, -1.3400211777669853 
4.040000000003923, -1.3403350222039692 
4.0500000000039, -1.3402918971921083 
4.0600000000038765, -1.3398605574318228 
4.070000000003853, -1.339178225946297 
4.08000000000383, -1.3387885072136716 
4.090000000003807, -1.3384934530751085 
4.100000000003783, -1.3365796732775892 
4.11000000000376, -1.3268330007664708 
4.120000000003737, -1.3186643702911485 
4.130000000003713, -1.3191528026517922 
4.14000000000369, -1.318714811830394 
4.150000000003667, -1.3180165012099245 
4.1600000000036434, -1.3358315237814726 
4.17000000000362, -1.3429794884064812 
4.180000000003597, -1.3434480423731356 
4.1900000000035735, -1.3431943669811632 
4.20000000000355, -1.3434201083589172 
4.210000000003527, -1.3436816625478776 
4.220000000003504, -1.3435709090608783 
4.23000000000348, -1.3430761696786466 
4.240000000003457, -1.3423739687192366 
4.250000000003434, -1.3420478965705582 
4.26000000000341, -1.3416663508791353 
4.270000000003387, -1.3390029271822592 
4.280000000003364, -1.3266998066822997 
4.2900000000033405, -1.3207232690216273 
4.300000000003317, -1.321145887037438 
4.310000000003294, -1.3205470938259258 
4.320000000003271, -1.321618245441864 
4.330000000003247, -1.338470598916644 
4.340000000003224, -1.3432116902899502 
4.350000000003201, -1.3434092175515497 
4.360000000003177, -1.3431787380431934 
4.370000000003154, -1.3434354622449958 
4.380000000003131, -1.343612310776153 
4.390000000003107, -1.3434137464314144 
4.400000000003084, -1.342837655834571 
4.410000000003061, -1.3421177999863374 
4.4200000000030375, -1.3418501706909505 
4.430000000003014, -1.3413339251963075 
4.440000000002991, -1.3374943310193896 
4.450000000002968, -1.3223766753084745 
4.460000000002944, -1.3189329848918265 
4.470000000002921, -1.3192048992960628 
4.480000000002898, -1.318434763571972 
4.490000000002874, -1.3219340385117515 
4.500000000002851, -1.3367688160475675 
4.510000000002828, -1.3399881168806358 
4.520000000002804, -1.3400142279911273 
4.530000000002781, -1.3398296403372991 
4.540000000002758, -1.340104020543989 
4.5500000000027345, -1.3402195341970002 
4.560000000002711, -1.3399563127192713 
4.570000000002688, -1.3393262463756017 
4.580000000002665, -1.3386340013942488 
4.590000000002641, -1.338405690611983 
4.600000000002618, -1.3377350114156268 
4.610000000002595, -1.3327876750268035 
4.620000000002571, -1.3172404257558556 
4.630000000002548, -1.315610110893783 
4.640000000002525, -1.3157291953158057 
4.6500000000025015, -1.3147838065004864 
4.660000000002478, -1.3206541307015147 
4.670000000002455, -1.334856986064998 
4.6800000000024315, -1.337353249669732 
4.690000000002408, -1.3372838841769732 
4.700000000002385, -1.3371561498061895 
4.710000000002362, -1.3374682311349628 
4.720000000002338, -1.337562693552888 
4.730000000002315, -1.3372727063104752 
4.740000000002292, -1.3366344100173813 
4.750000000002268, -1.3360086945253913 
4.760000000002245, -1.335797670771886 
4.770000000002222, -1.3349831612147842 
4.7800000000021985, -1.3294456396484928 
4.790000000002175, -1.315580857742474 
4.800000000002152, -1.3148464048906103 
4.810000000002129, -1.3148410774026476 
4.820000000002105, -1.3136853001064575 
4.830000000002082, -1.3221775925554304 
4.840000000002059, -1.336615124532066 
4.850000000002035, -1.338659910466761 
4.860000000002012, -1.3385252545320203 
4.870000000001989, -1.3384658197109112 
4.880000000001965, -1.3388207544160808 
4.890000000001942, -1.33890313068516 
4.900000000001919, -1.338593388319823 
4.9100000000018955, -1.3379559481585563 
4.920000000001872, -1.3373999431979335 
4.930000000001849, -1.3371899531382172 
4.940000000001826, -1.3361970249433137 
4.950000000001802, -1.3299918825907477 
4.960000000001779, -1.3177293932303447 
4.970000000001756, -1.3176188396107995 
4.980000000001732, -1.3174977401838674 
4.990000000001709, -1.316140157997269 
5.000000000001686, -1.3277714294231124 
5.0100000000016625, -1.3408230249201376 
5.020000000001639, -1.342319311405649 
5.030000000001616, -1.3421247389645217 
5.0400000000015925, -1.3421475582969062 
5.050000000001569, -1.3424985462156451 
5.060000000001546, -1.3425325614484882 
5.070000000001523, -1.3421721654622474 
5.080000000001499, -1.3415062344189257 
5.090000000001476, -1.341011195894844 
5.100000000001453, -1.3407812687472866 
5.110000000001429, -1.3394623384151663 
5.120000000001406, -1.3315651413767782 
5.130000000001383, -1.3203090192738547 
5.1400000000013595, -1.3207270687618113 
5.150000000001336, -1.3204782894190559 
5.160000000001313, -1.3192061342372567 
5.17000000000129, -1.3334152127838195 
5.180000000001266, -1.3430335616850384 
5.190000000001243, -1.3439475229573774 
5.20000000000122, -1.3437079987840745 
5.210000000001196, -1.343810656307875 
5.220000000001173, -1.344099076111297 
5.23000000000115, -1.3440479307650455 
5.240000000001126, -1.3436062425439133 
5.250000000001103, -1.3428870733150857 
5.26000000000108, -1.342457942309208 
5.2700000000010565, -1.3421769978385851 
5.280000000001033, -1.3402888475487962 
5.29000000000101, -1.3294473033377348 
5.300000000000987, -1.3197837221615207 
5.310000000000963, -1.3204091194088843 
5.32000000000094, -1.3200213109385754 
5.330000000000917, -1.3194861094023274 
5.340000000000893, -1.3345378464764694 
5.35000000000087, -1.341136964560867 
5.360000000000847, -1.341639554957991 
5.3700000000008234, -1.3413858666715575 
5.3800000000008, -1.3415503453665447 
5.390000000000777, -1.3417720548309537 
5.4000000000007535, -1.3416420813927608 
5.41000000000073, -1.341126198129281 
5.420000000000707, -1.3403759138070044 
5.430000000000684, -1.3400193644184992 
5.44000000000066, -1.3396617622206675 
5.450000000000637, -1.3370600567787319 
5.460000000000614, -1.3237180303419558 
5.47000000000059, -1.3165646280736283 
5.480000000000567, -1.3170954788918985 
5.490000000000544, -1.316569480247344 
5.5000000000005205, -1.3171808250246686 
5.510000000000497, -1.332786965131972 
5.520000000000474, -1.3378408530224581 
5.5300000000004506, -1.338116268428914 
5.540000000000427, -1.3378739277356 
5.550000000000404, -1.338099213527118 
5.560000000000381, -1.3382924576540087 
5.570000000000357, -1.3381210856405916 
5.580000000000334, -1.3375720422483885 
5.590000000000311, -1.336846138124272 
5.600000000000287, -1.3365504121975222 
5.610000000000264, -1.3361116054862614 
5.620000000000241, -1.3329528319326744 
5.6300000000002175, -1.3193785823287663 
5.640000000000194, -1.3144769415072104 
5.650000000000171, -1.314838142026235 
5.660000000000148, -1.3141677087274555 
5.670000000000124, -1.316010907224985 
5.680000000000101, -1.3331524510070472 
5.690000000000078, -1.3375027117305351 
5.700000000000054, -1.3376449349069124 
5.710000000000031, -1.337428779571555 
5.720000000000008, -1.337725478373792 
5.729999999999984, -1.3379168760999514 
5.739999999999961, -1.3377278772739967 
5.749999999999938, -1.337171289801599 
5.7599999999999145, -1.3364974439606496 
5.769999999999891, -1.3362450522068392 
5.779999999999868, -1.3357175405710189 
5.789999999999845, -1.3321063903454209 
5.799999999999821, -1.3192297586070774 
5.809999999999798, -1.3160424364438215 
5.819999999999775, -1.316252114338765 
5.829999999999751, -1.3154054750646669 
5.839999999999728, -1.3190471113790638 
5.849999999999705, -1.3371345236089511 
5.8599999999996815, -1.340721154659325 
5.869999999999658, -1.340746852370332 
5.879999999999635, -1.340574920585035 
5.8899999999996115, -1.3409241084521115 
5.899999999999588, -1.3410916610305248 
5.909999999999565, -1.3408668714631142 
5.919999999999542, -1.3402850381033562 
5.929999999999518, -1.339652955766589 
5.939999999999495, -1.339430164446536 
5.949999999999472, -1.338761361531123 
5.959999999999448, -1.334284549442577 
5.969999999999425, -1.3211872414948869 
5.979999999999402, -1.319573956013059 
5.9899999999993785, -1.3196447823676927 
5.999999999999355, -1.31859029071973 
6.009999999999332, -1.325251336469381 
6.019999999999309, -1.341178688648411 
6.029999999999285, -1.3436737814604616 
6.039999999999262, -1.3435830141534923 
6.049999999999239, -1.3434801064017128 
6.059999999999215, -1.3438230826370685 
6.069999999999192, -1.343918444826243 
6.079999999999169, -1.34362066894669 
6.089999999999145, -1.3429790550255607 
6.099999999999122, -1.3423808452757993 
6.109999999999099, -1.3421702361032006 
6.1199999999990755, -1.3412497586658496 
6.129999999999052, -1.3350000127873716 
6.139999999999029, -1.321128735335326 
6.149999999999006, -1.3209367244457777 
6.159999999998982, -1.3208662189393474 
6.169999999998959, -1.319681712801691 
6.179999999998936, -1.3295067072743858 
6.189999999998912, -1.3413936031408713 
6.199999999998889, -1.3429407374437703 
6.209999999998866, -1.3427608943421305 
6.2199999999988425, -1.3427380807276474 
6.229999999998819, -1.3430348503085192 
6.239999999998796, -1.3430433431840427 
6.2499999999987725, -1.3426615399318607 
6.259999999998749, -1.341953476404637 
6.269999999998726, -1.3414086928156934 
6.279999999998703, -1.3411851271131239 
6.289999999998679, -1.3398952671786535 
6.299999999998656, -1.3312565680108015 
6.309999999998633, -1.3179823566022706 
6.319999999998609, -1.3185322504759018 
6.329999999998586, -1.318329996613413 
6.339999999998563, -1.317222098396237 
6.3499999999985395, -1.3293638849078833 
6.359999999998516, -1.3384396296287158 
6.369999999998493, -1.3394324112352436 
6.37999999999847, -1.3392043173501214 
6.389999999998446, -1.3392592146727313 
6.399999999998423, -1.3395266191616029 
6.4099999999984, -1.339477774702228 
6.419999999998376, -1.339041309860159 
6.429999999998353, -1.3383089646934785 
6.43999999999833, -1.3378389892247187 
6.449999999998306, -1.3375829718464265 
6.459999999998283, -1.3359154298406228 
6.46999999999826, -1.3257885542665182 
6.4799999999982365, -1.3147686498489475 
6.489999999998213, -1.3154077800238428 
6.49999999999819, -1.3150920422587968 
6.509999999998167, -1.3141532658681847 
6.519999999998143, -1.3287448037961065 
6.52999999999812, -1.3366908331709921 
6.539999999998097, -1.3373946455698018 
6.549999999998073, -1.3371463263289656 
6.55999999999805, -1.3372835175493263 
6.569999999998027, -1.337556304507298 
6.5799999999980034, -1.337485313005245 
6.58999999999798, -1.337029787697042 
6.599999999997957, -1.3363194781615446 
6.6099999999979335, -1.3359232477432132 
6.61999999999791, -1.3356258149129838 
6.629999999997887, -1.3336467962217198 
6.639999999997864, -1.3232814146006875 
6.64999999999784, -1.3147829491413074 
6.659999999997817, -1.3153093959566515 
6.669999999997794, -1.3148814372652662 
6.67999999999777, -1.3142050515996595 
6.689999999997747, -1.3316253672272709 
6.699999999997724, -1.3388356133862298 
6.7099999999977005, -1.3393293349095365 
6.719999999997677, -1.3390758356017674 
6.729999999997654, -1.3392982657695507 
6.7399999999976306, -1.3395746116077605 
6.749999999997607, -1.3394810398186558 
6.759999999997584, -1.3390051872897581 
6.769999999997561, -1.3383187419136917 
6.779999999997537, -1.3379856507085899 
6.789999999997514, -1.337627275880043 
6.799999999997491, -1.3352233330305867 
6.809999999997467, -1.3242477581773433 
6.819999999997444, -1.3179350076788086 
6.829999999997421, -1.318349825395972 
6.8399999999973975, -1.3177816574423593 
6.849999999997374, -1.3181057573675523 
6.859999999997351, -1.3368605371290911 
6.869999999997328, -1.3425352643387591 
6.879999999997304, -1.342806179624295 
6.889999999997281, -1.3425672293662092 
6.899999999997258, -1.342849875434121 
6.909999999997234, -1.3430804043525035 
6.919999999997211, -1.3429281276967777 
6.929999999997188, -1.342399130671989 
6.939999999997164, -1.3417133034626558 
6.949999999997141, -1.3414352329240187 
6.959999999997118, -1.3409685137537788 
6.9699999999970945, -1.3377090449104263 
6.979999999997071, -1.3247161291700504 
6.989999999997048, -1.3206153092034107 
6.999999999997025, -1.3209038652482556 
7.009999999997001, -1.3201572697858293 
7.019999999996978, -1.3228747408568708 
7.029999999996955, -1.3397877568325813 
7.039999999996931, -1.343568701054928 
7.049999999996908, -1.3436366447984491 
7.059999999996885, -1.3434410116487163 
7.0699999999968615, -1.3437363417907664 
7.079999999996838, -1.3438824108921397 
7.089999999996815, -1.343644679948617 
7.0999999999967915, -1.3430383956200922 
7.109999999996768, -1.3423528295342255 
7.119999999996745, -1.3421188068282242 
7.129999999996722, -1.3414783432261241 
7.139999999996698, -1.3367830675498484 
7.149999999996675, -1.3215062606696788 
7.159999999996652, -1.3196660404385445 
7.169999999996628, -1.3197995911263314 
7.179999999996605, -1.3188742524212231 
7.189999999996582, -1.3245074660028557 
7.1999999999965585, -1.3384019949496142 
7.209999999996535, -1.3408813978332723 
7.219999999996512, -1.3408127296181993 
7.229999999996489, -1.3406794115934768 
7.239999999996465, -1.3409689460181744 
7.249999999996442, -1.341044174700447 
7.259999999996419, -1.3407350817613777 
7.269999999996395, -1.3400701175477576 
7.279999999996372, -1.3394221899745322 
7.289999999996349, -1.3392102791058365 
7.299999999996325, -1.3383583330416262 
7.309999999996302, -1.332187922415731 
7.319999999996279, -1.3168203413248123 
7.3299999999962555, -1.316388934896831 
7.339999999996232, -1.3163821625748426 
7.349999999996209, -1.3152983247806356 
7.359999999996186, -1.3236119631242456 
7.369999999996162, -1.3359737220582184 
7.379999999996139, -1.3377937649635432 
7.389999999996116, -1.3376481531524393 
7.399999999996092, -1.337584617702717 
7.409999999996069, -1.337890617632629 
7.419999999996046, -1.3379342238796186 
7.4299999999960225, -1.3375915224413373 
7.439999999995999, -1.336915694438608 
7.449999999995976, -1.3363390465550895 
7.4599999999959525, -1.3361280657572099 
7.469999999995929, -1.3350797881692968 
7.479999999995906, -1.3281519906085306 
7.489999999995883, -1.3147711861975944 
7.499999999995859, -1.3148519619073697 
7.509999999995836, -1.3147322394844076 
7.519999999995813, -1.3134641791945956 
7.529999999995789, -1.3246810766025836 
7.539999999995766, -1.3367177591343882 
7.549999999995743, -1.338158464655534 
7.5599999999957195, -1.337964759994455 
7.569999999995696, -1.3379797174547146 
7.579999999995673, -1.3383167786136705 
7.58999999999565, -1.3383465182170904 
7.599999999995626, -1.3379859192432078 
7.609999999995603, -1.3373193863220207 
7.61999999999558, -1.336817788118396 
7.629999999995556, -1.336592445682975 
7.639999999995533, -1.3353280660011553 
7.64999999999551, -1.327827716136176 
7.659999999995486, -1.316586808692458 
7.669999999995463, -1.3169122151773611 
7.67999999999544, -1.3166841173418542 
7.6899999999954165, -1.315289137889053 
7.699999999995393, -1.3296271697515447 
7.70999999999537, -1.3404776978814261 
7.719999999995347, -1.3415268630336243 
7.729999999995323, -1.3412948557494366 
7.7399999999953, -1.3413954432399 
7.749999999995277, -1.3417279294531783 
7.759999999995253, -1.3417173106757956 
7.76999999999523, -1.341314957429267 
7.779999999995207, -1.3406357319984799 
7.789999999995183, -1.3402014006806506 
7.79999999999516, -1.339939117409507 
7.809999999995137, -1.3382942429722018 
7.8199999999951135, -1.3292351663247346 
7.82999999999509, -1.319682460992867 
7.839999999995067, -1.3201949506925026 
7.849999999995044, -1.319839320705673 
7.85999999999502, -1.3188082698226267 
7.869999999994997, -1.3351332111107805 
7.879999999994974, -1.3431849332858898 
7.88999999999495, -1.3438122135964707 
7.899999999994927, -1.3435587183258675 
7.909999999994904, -1.3437319586300949 
7.9199999999948805, -1.344001564786924 
7.929999999994857, -1.3439119024695525 
7.939999999994834, -1.3434347245330218 
7.9499999999948106, -1.3427175420886708 
7.959999999994787, -1.3423506216132097 
7.969999999994764, -1.3420153009343518 
7.979999999994741, -1.3396751036563341 
7.989999999994717, -1.3276913980626925 
7.999999999994694, -1.3202077740660918 
8.00999999999467, -1.3207324063714845 
8.019999999994647, -1.3202273443864494 
8.029999999994624, -1.3205080183892666 
8.0399999999946, -1.336601748579297 
8.049999999994577, -1.342006152753817 
8.059999999994554, -1.3423126756502473 
8.06999999999453, -1.3420669764032926 
8.079999999994508, -1.3422856632707527 
8.089999999994484, -1.3424793401831883 
8.099999999994461, -1.3423071125013173 
8.109999999994438, -1.3417529896951568 
8.119999999994414, -1.3410135903466385 
8.129999999994391, -1.3407128015298502 
8.139999999994368, -1.3402713132860948 
8.149999999994344, -1.33699083967277 
8.159999999994321, -1.3223932839230195 
8.169999999994298, -1.317483774579412 
8.179999999994275, -1.317866527656866 
8.189999999994251, -1.3172053130043766 
8.199999999994228, -1.3193111360901946 
8.209999999994205, -1.3347264736351754 
8.219999999994181, -1.3386554458492066 
8.229999999994158, -1.3387745104484723 
8.239999999994135, -1.3385595940634156 
8.249999999994111, -1.338819867710377 
8.259999999994088, -1.3389712496720758 
8.269999999994065, -1.338749101939972 
8.279999999994041, -1.338155268819743 
8.289999999994018, -1.3374452628501516 
8.299999999993995, -1.3371933990146867 
8.309999999993972, -1.3366387436474385 
8.319999999993948, -1.3325915704180662 
8.329999999993925, -1.3178368487789534 
8.339999999993902, -1.3148936634632669 
8.349999999993878, -1.3151154320315561 
8.359999999993855, -1.3142866432546103 
8.369999999993832, -1.3182803008249806 
8.379999999993808, -1.3342023676951522 
8.389999999993785, -1.3374345396144374 
8.399999999993762, -1.337445539730868 
8.409999999993738, -1.3372744453506253 
8.419999999993715, -1.3375910446452317 
8.429999999993692, -1.3377321964333633 
8.439999999993669, -1.3374894040743686 
8.449999999993645, -1.336889551374719 
8.459999999993622, -1.336240700331414 
8.469999999993599, -1.336017715382006 
8.479999999993575, -1.3353484145015608 
8.489999999993552, -1.3307902241777008 
8.499999999993529, -1.31728273377142 
8.509999999993505, -1.3156026948150386 
8.519999999993482, -1.3156877623115046 
8.529999999993459, -1.3146566016934964 
8.539999999993436, -1.3209829156104536 
8.549999999993412, -1.3373396214742486 
8.559999999993389, -1.3399825107044838 
8.569999999993366, -1.3399075689870554 
8.579999999993342, -1.339795862589098 
8.589999999993319, -1.3401564363105438 
8.599999999993296, -1.3402774520099467 
8.609999999993272, -1.3400050251238793 
8.619999999993249, -1.339390831074681 
8.629999999993226, -1.3387991614676797 
8.639999999993202, -1.3385893759149339 
8.64999999999318, -1.3377511814252323 
8.659999999993156, -1.3323246122736647 
8.669999999993133, -1.3195086869880093 
8.67999999999311, -1.3188999168298263 
8.689999999993086, -1.3188573452139047 
8.699999999993063, -1.3176183119539882 
8.70999999999304, -1.327104310347439 
8.719999999993016, -1.3413717189740915 
8.729999999992993, -1.3432331022618864 
8.73999999999297, -1.3430750550297335 
8.749999999992946, -1.3430418170640006 
8.759999999992923, -1.3433895534283307 
8.7699999999929, -1.3434466549184643 
8.779999999992876, -1.3431094195095719 
8.789999999992853, -1.3424480492907382 
8.79999999999283, -1.3419067517694483 
8.809999999992806, -1.3416897359859628 
8.819999999992783, -1.3405455791399792 
8.82999999999276, -1.3332304528329675 
8.839999999992736, -1.3206511783120067 
8.849999999992713, -1.320933823655894 
8.85999999999269, -1.3207579200852777 
8.869999999992666, -1.3195005873059822 
8.879999999992643, -1.331809208112189 
8.88999999999262, -1.3422231109243896 
8.899999999992596, -1.3433603942113579 
8.909999999992573, -1.3431398516824689 
8.91999999999255, -1.3431879070174353 
8.929999999992527, -1.343477314305404 
8.939999999992503, -1.3434475188193207 
8.94999999999248, -1.343026895921864 
8.959999999992457, -1.3423053562082952 
8.969999999992433, -1.3418271641899624 
8.97999999999241, -1.341575284445713 
8.989999999992387, -1.3399527029989418 
8.999999999992363, -1.329899182328386 
9.00999999999234, -1.3185964942637083 
9.019999999992317, -1.3192563769737258 
9.029999999992294, -1.3189481083622256 
9.03999999999227, -1.318074480044825 
9.049999999992247, -1.3320008406556196 
9.059999999992224, -1.3395557110665146 
9.0699999999922, -1.340237818158346 
9.079999999992177, -1.339988851336669 
9.089999999992154, -1.3401089786691884 
9.09999999999213, -1.3403517083676795 
9.109999999992107, -1.3402562732542609 
9.119999999992084, -1.3397739909111333 
9.12999999999206, -1.339028137616109 
9.139999999992037, -1.338624743483684 
9.149999999992014, -1.3383184256382716 
9.15999999999199, -1.3361738148109101 
9.169999999991967, -1.3242669971980046 
9.179999999991944, -1.315390936041463 
9.18999999999192, -1.316001654179353 
9.199999999991897, -1.3155700652948858 
9.209999999991874, -1.3152994032478709 
9.21999999999185, -1.3309203703857597 
9.229999999991827, -1.3371640839811638 
9.239999999991804, -1.3376021428078597 
9.24999999999178, -1.3373500695445135 
9.259999999991757, -1.337545404277217 
9.269999999991734, -1.3377785163603002 
9.27999999999171, -1.3376538331968044 
9.289999999991688, -1.33714844393584 
9.299999999991664, -1.3364288516231444 
9.309999999991641, -1.336092360676823 
9.319999999991618, -1.3357259158386765 
9.329999999991594, -1.3331731095514945 
9.339999999991571, -1.3211357090432485 
9.349999999991548, -1.314642387897613 
9.359999999991524, -1.3150922052012637 
9.369999999991501, -1.3145326223521523 
9.379999999991478, -1.3149982456008331 
9.389999999991455, -1.3328764364563621 
9.399999999991431, -1.3383945016323502 
9.409999999991408, -1.33867034123345 
9.419999999991385, -1.33843063994044 
9.429999999991361, -1.33870494328861 
9.439999999991338, -1.3389378023392335 
9.449999999991315, -1.3387925049168083 
9.459999999991291, -1.3382724819446146 
9.469999999991268, -1.3375910517039207 
9.479999999991245, -1.3373077771054822 
9.489999999991221, -1.336863838893347 
9.499999999991198, -1.3338412043788492 
9.509999999991175, -1.3217399199475872 
9.519999999991152, -1.3172661682637026 
9.529999999991128, -1.3175678057822502 
9.539999999991105, -1.3168480654684713 
9.549999999991082, -1.3188405293165057 
9.559999999991058, -1.3375579305191647 
9.569999999991035, -1.3419480509121564 
9.579999999991012, -1.3420642478171578 
9.589999999990988, -1.3418577122960464 
9.599999999990965, -1.3421829845319684 
9.609999999990942, -1.342376839332927 
9.619999999990918, -1.342181345132158 
9.629999999990895, -1.3416190176940326 
9.639999999990872, -1.3409587926062607 
9.649999999990849, -1.3407174319812092 
9.659999999990825, -1.3401412560016908 
9.669999999990802, -1.336173353770033 
9.679999999990779, -1.3228245112772283 
9.689999999990755, -1.3203192103322694 
9.699999999990732, -1.3204779124264576 
9.709999999990709, -1.3195622517518526 
9.719999999990685, -1.3244394843003988 
9.729999999990662, -1.3407362519841162 
9.739999999990639, -1.3436889157713605 
9.749999999990616, -1.3436546622127354 
9.759999999990592, -1.3435083507871073 
9.769999999990569, -1.3438302962235356 
9.779999999990546, -1.3439430060381294 
9.789999999990522, -1.3436663413894279 
9.799999999990499, -1.3430334770676475 
9.809999999990476, -1.342392829927131 
9.819999999990452, -1.342177798391759 
9.829999999990429, -1.3413816269139127 
9.839999999990406, -1.3357257318908209 
9.849999999990382, -1.3209055627059922 
9.85999999999036, -1.3202107635370521 
9.869999999990336, -1.3202209363042736 
9.879999999990313, -1.3191435188404192 
9.88999999999029, -1.327139625833424 
9.899999999990266, -1.3397914457119595 
9.909999999990243, -1.3416741827104353 
9.91999999999022, -1.3415336794208665 
9.929999999990196, -1.3414615074655314 
9.939999999990173, -1.3417561222416563 
9.94999999999015, -1.3417911826559632 
9.959999999990126, -1.3414382259639612 
9.969999999990103, -1.340744633343551 
9.97999999999008, -1.3401528483341292 
9.989999999990056, -1.3399404476920498 
9.999999999990033, -1.3388581930848538 
10.00999999999001, -1.3313131062921577 
10.019999999989986, -1.3169123298615912 
10.029999999989963, -1.317189038017731 
10.03999999998994, -1.3170678284067574 
10.049999999989916, -1.3159130492583262 
10.059999999989893, -1.3265568998393442 
10.06999999998987, -1.3370604009922298 
10.079999999989846, -1.3383663423252772 
10.089999999989823, -1.3381666532677798 
10.0999999999898, -1.3381717085148181 
10.109999999989776, -1.3384617780589951 
10.119999999989753, -1.3384551787347834 
10.12999999998973, -1.3380613626018047 
10.139999999989707, -1.3373542690735976 
10.149999999989683, -1.3368370129174443 
10.15999999998966, -1.3366080347322467 
10.169999999989637, -1.335254878735719 
10.179999999989613, -1.326721270188749 
10.18999999998959, -1.3145301929639046 
10.199999999989567, -1.3150274451546873 
10.209999999989543, -1.3147973751729154 
10.21999999998952, -1.313576112099931 
10.229999999989497, -1.3270986828498177 
10.239999999989474, -1.336846150457545 
10.24999999998945, -1.3378327562088477 
10.259999999989427, -1.337600651669003 
10.269999999989404, -1.3376894621356314 
10.27999999998938, -1.3379978546180349 
10.289999999989357, -1.3379740736883126 
10.299999999989334, -1.3375626652919717 
10.30999999998931, -1.3368723238893798 
10.319999999989287, -1.336430552121426 
10.329999999989264, -1.336172105053187 
10.33999999998924, -1.3345538591381518 
10.349999999989217, -1.3255823026783593 
10.359999999989194, -1.3158041002121044 
10.36999999998917, -1.3163055808437585 
10.379999999989147, -1.3159670540192823 
10.389999999989124, -1.3147986841215682 
10.3999999999891, -1.3312876138336616 
10.409999999989077, -1.3400186933049778 
10.419999999989054, -1.3407210166505774 
10.42999999998903, -1.3404696153302116 
10.439999999989007, -1.3406439623360709 
10.449999999988984, -1.340947694120516 
10.45999999998896, -1.340890112186337 
10.469999999988937, -1.3404452465437653 
10.479999999988914, -1.3397585429235856 
10.48999999998889, -1.3393838850165602 
10.499999999988868, -1.339072468404627 
10.509999999988844, -1.337017721814247 
10.519999999988821, -1.326767298415674 
10.529999999988798, -1.3190633020835825 
10.539999999988774, -1.3195470321013654 
10.549999999988751, -1.3190741574745826 
10.559999999988728, -1.3186741115228482 
10.569999999988704, -1.3365232424562172 
10.579999999988681, -1.3430838343640408 
10.589999999988658, -1.3434830280148709 
10.599999999988635, -1.343232030836892 
10.609999999988611, -1.343469077526078 
10.619999999988588, -1.34371333077385 
10.629999999988565, -1.3435839917015973 
10.639999999988541, -1.3430723435886598 
10.649999999988518, -1.3423659353322788 
10.659999999988495, -1.3420541498250214 
10.669999999988471, -1.3416469913375726 
10.679999999988448, -1.338765464289347 
10.689999999988425, -1.3258674598121551 
10.699999999988401, -1.3204542513733168 
10.709999999988378, -1.3208455770416665 
10.719999999988355, -1.3202078937732735 
10.729999999988332, -1.3217750084642854 
10.739999999988308, -1.3383176839967748 
10.749999999988285, -1.3426737604042762 
10.759999999988262, -1.342826773319269 
10.769999999988238, -1.3426049651630418 
10.779999999988215, -1.3428683122885556 
10.789999999988192, -1.3430314883399055 
10.799999999988168, -1.342818110304977 
10.809999999988145, -1.3422293460646746 
10.819999999988122, -1.3415141420001795 
10.829999999988098, -1.3412572802563554 
10.839999999988075, -1.340708772158603 
10.849999999988052, -1.3366258548372718 
10.859999999988029, -1.3213115992456812 
10.869999999988005, -1.3183460522939878 
10.879999999987982, -1.3185806535848639 
10.889999999987959, -1.3177709347393534 
10.899999999987935, -1.321792570901912 
10.909999999987912, -1.3364675039890637 
10.919999999987889, -1.3394941182072997 
10.929999999987865, -1.3394947208678862 
10.939999999987842, -1.339322148461491 
10.949999999987819, -1.3396046787208957 
10.959999999987796, -1.3397137205852 
10.969999999987772, -1.339442541322174 
10.979999999987749, -1.3388081482810694 
10.989999999987726, -1.3381296694963865 
10.999999999987702, -1.3379069237197005 
11.009999999987679, -1.3372021336759832 
11.019999999987656, -1.3320751071649457 
11.029999999987632, -1.3168036831698497 
11.039999999987609, -1.315445110666128 
11.049999999987586, -1.3155327766073692 
11.059999999987562, -1.3145429872673693 
11.06999999998754, -1.3209897816984166 
11.079999999987516, -1.335167686688781 
11.089999999987493, -1.3375393722564204 
11.09999999998747, -1.3374524617189754 
11.109999999987446, -1.3373395841567561 
11.119999999987423, -1.33766021027811 
11.1299999999874, -1.3377501409849477 
11.139999999987376, -1.3374540014544376 
11.149999999987353, -1.336813881025839 
11.15999999998733, -1.3362035674328014 
11.169999999987306, -1.335994144719438 
11.179999999987283, -1.3351385532434885 
11.18999999998726, -1.3294174485418722 
11.199999999987236, -1.3158636562943808 
11.209999999987213, -1.3153161560823912 
11.21999999998719, -1.3152827367742828 
11.229999999987166, -1.3140795477387734 
11.239999999987143, -1.323281330814189 
11.24999999998712, -1.337404075734937 
11.259999999987096, -1.3393088096497507 
11.269999999987073, -1.33915836584335 
11.27999999998705, -1.3391173921889505 
11.289999999987026, -1.3394728477968156 
11.299999999987003, -1.3395444837984858 
11.30999999998698, -1.3392233728371543 
11.319999999986956, -1.3385793508943142 
11.329999999986933, -1.33803699236961 
11.33999999998691, -1.3378244523877973 
11.349999999986887, -1.3367668280995737 
11.359999999986863, -1.330223101869374 
11.36999999998684, -1.3181505925872437 
11.379999999986817, -1.318194582132147 
11.389999999986793, -1.318044472197899 
11.39999999998677, -1.316670822925838 
11.409999999986747, -1.3290152342424113 
11.419999999986723, -1.3412992402594814 
11.4299999999867, -1.3426476492554102 
11.439999999986677, -1.3424403072523008 
11.449999999986654, -1.3424829704673742 
11.45999999998663, -1.342822778490324 
11.469999999986607, -1.3428388976560786 
11.479999999986584, -1.3424615259468542 
11.48999999998656, -1.3417846508951998 
11.499999999986537, -1.3413040884410876 
11.509999999986514, -1.3410655811335679 
11.51999999998649, -1.3396415701074067 
11.529999999986467, -1.3311932198294156 
11.539999999986444, -1.3202305310022469 
11.54999999998642, -1.3207247706511727 
11.559999999986397, -1.320445174711463 
11.569999999986374, -1.3192658096526886 
11.57999999998635, -1.3338729073093318 
11.589999999986327, -1.3427661656659677 
11.599999999986304, -1.3435739016408423 
11.60999999998628, -1.3433284927637168 
11.619999999986257, -1.3434478842811772 
11.629999999986234, -1.3437227495020612 
11.63999999998621, -1.343654350657093 
11.649999999986187, -1.343196464438556 
11.659999999986164, -1.342469827498253 
11.66999999998614, -1.3420575274867952 
11.679999999986117, -1.3417617854305652 
11.689999999986094, -1.339731765153395 
11.69999999998607, -1.3283372700018137 
11.709999999986048, -1.3192227890927881 
11.719999999986024, -1.3198370896722338 
11.729999999986001, -1.319418393226003 
11.739999999985978, -1.319093440070684 
11.749999999985954, -1.334354143885966 
11.759999999985931, -1.3405598881677308 
11.769999999985908, -1.3410026473971992 
11.779999999985884, -1.3407496973215423 
11.789999999985861, -1.340928926772206 
11.799999999985838, -1.3411434272308893 
11.809999999985815, -1.3410028099679416 
11.819999999985791, -1.3404777549651046 
11.829999999985768, -1.3397307117452266 
11.839999999985745, -1.3393895851435236 
11.849999999985721, -1.339013971656117 
11.859999999985698, -1.3362749073927167 
11.869999999985675, -1.3227540403714952 
11.879999999985651, -1.3161737415159975 
11.889999999985628, -1.3166649307016685 
11.899999999985605, -1.3161069747267524 
11.909999999985581, -1.3169861663266909 
11.919999999985558, -1.3328859607592678 
11.929999999985535, -1.3377397255171952 
11.939999999985512, -1.3379791429673888 
11.949999999985488, -1.3377416807846865 
11.959999999985465, -1.3379824202188306 
11.969999999985442, -1.338173218090958 
11.979999999985418, -1.3379958357523218 
11.989999999985395, -1.3374428215124752 
11.999999999985372, -1.336726785138322 
12.009999999985348, -1.3364426901201925 
12.019999999985325, -1.33598322060321 
12.029999999985302, -1.3326995979733545 
12.039999999985278, -1.3191731832419793 
12.049999999985255, -1.314728218068555 
12.059999999985232, -1.3150523369271716 
12.069999999985209, -1.3143438436135444 
12.079999999985185, -1.316574286899758 
12.089999999985162, -1.3339077183608923 
12.099999999985139, -1.3380575732266602 
12.109999999985115, -1.3381693106963883 
12.119999999985092, -1.337962046323394 
12.129999999985069, -1.3382711802439218 
12.139999999985045, -1.3384565859735493 
12.149999999985022, -1.3382588076628728 
12.159999999984999, -1.3376956620690374 
12.169999999984976, -1.3370303920347089 
12.179999999984952, -1.3367864345038354 
12.189999999984929, -1.33622930067221 
12.199999999984906, -1.3324312416887687 
12.209999999984882, -1.3194625096856356 
12.219999999984859, -1.3166752878701722 
12.229999999984836, -1.316852149741889 
12.239999999984812, -1.3159582526091735 
12.249999999984789, -1.3202501955405535 
12.259999999984766, -1.3379622535589253 
12.269999999984742, -1.341277672897002 
12.27999999998472, -1.3412736267875054 
12.289999999984696, -1.3411161957636206 
12.299999999984673, -1.34146752062996 
12.30999999998465, -1.341620031662572 
12.319999999984626, -1.3413797559488678 
12.329999999984603, -1.340785465556992 
12.33999999998458, -1.3401603549323269 
12.349999999984556, -1.3399424315583885 
12.359999999984533, -1.3392258676444804 
12.36999999998451, -1.334421181339403 
12.379999999984486, -1.3211204630147972 
12.389999999984463, -1.3198679107243472 
12.39999999998444, -1.3199062464615934 
12.409999999984416, -1.3188074119421964 
12.419999999984393, -1.3262565769655812 
12.42999999998437, -1.3413368094334275 
12.439999999984346, -1.3435904704178536 
12.449999999984323, -1.3434763226640212 
12.4599999999843, -1.3433917488789466 
12.469999999984276, -1.343727734589865 
12.479999999984253, -1.343804609351792 
12.48999999998423, -1.3434889693499386 
12.499999999984206, -1.3428334114340301 
12.509999999984183, -1.3422462303440814 
12.51999999998416, -1.3420351425089063 
12.529999999984136, -1.341044193477894 
12.539999999984113, -1.3343345409727851 
12.54999999998409, -1.3205240442366422 
12.559999999984067, -1.32054999664725 
12.569999999984043, -1.3204488019297753 
12.57999999998402, -1.31925374374566 
12.589999999983997, -1.3296989312334884 
12.599999999983973, -1.3409281571673612 
12.60999999998395, -1.342331272348304 
12.619999999983927, -1.3421378629066287 
12.629999999983903, -1.3421333535184834 
12.63999999998388, -1.34242431224872 
12.649999999983857, -1.3424193942647187 
12.659999999983834, -1.3420245426963617 
12.66999999998381, -1.3413095637311865 
12.679999999983787, -1.3407816625948545 
12.689999999983764, -1.340552235643768 
12.69999999998374, -1.3391800708439765 
12.709999999983717, -1.3301630982705799 
12.719999999983694, -1.317367721575502 
12.72999999998367, -1.3179644162655495 
12.739999999983647, -1.3177353879769371 
12.749999999983624, -1.316653194388226 
12.7599999999836, -1.3293490177755491 
12.769999999983577, -1.3381142685369163 
12.779999999983554, -1.3390293260577315 
12.78999999998353, -1.3387948564110128 
12.799999999983507, -1.3388682329574026 
12.809999999983484, -1.3391353290838874 
12.81999999998346, -1.3390795317834467 
12.829999999983437, -1.3386366286248794 
12.839999999983414, -1.3379066053613682 
12.84999999998339, -1.3374544657033562 
12.859999999983367, -1.3371893351360922 
12.869999999983344, -1.3354422944241238 
12.87999999998332, -1.3251550382593082 
12.889999999983297, -1.3147316210912705 
12.899999999983274, -1.3153537478386987 
12.90999999998325, -1.3150120878773355 
12.919999999983228, -1.314131187702164 
12.929999999983204, -1.3293188674397605 
12.939999999983181, -1.3370476901085289 
12.949999999983158, -1.3376951576585285 
12.959999999983134, -1.3374442945660507 
12.969999999983111, -1.337600582307247 
12.979999999983088, -1.337872861967679 
12.989999999983064, -1.3377953348439193 
12.999999999983041, -1.337333758126172 
13.009999999983018, -1.3366271480838872 
13.019999999982995, -1.3362465776485972 
13.029999999982971, -1.3359360646554734 
13.039999999982948, -1.3338585932877172 
13.049999999982925, -1.3233006893145989 
13.059999999982901, -1.3153250569294317 
13.069999999982878, -1.315830310729718 
13.079999999982855, -1.3153716173493473 
13.089999999982831, -1.3148748150600162 
13.099999999982808, -1.332679379954491 
13.109999999982785, -1.3395168919705098 
13.119999999982761, -1.339953580068522 
13.129999999982738, -1.3397014814089316 
13.139999999982715, -1.3399397097116614 
13.149999999982692, -1.3402067123710015 
13.159999999982668, -1.3401003112263916 
13.169999999982645, -1.3396128275448023 
13.179999999982622, -1.3389261348562358 
13.189999999982598, -1.3386067061682287 
13.199999999982575, -1.33822715076216 
13.209999999982552, -1.3356581839293045 
13.219999999982528, -1.324259479110197 
13.229999999982505, -1.3184441200421413 
13.239999999982482, -1.3188339903614847 
13.249999999982458, -1.318226744385738 
13.259999999982435, -1.3190034431628483 
13.269999999982412, -1.337565514593892 
13.279999999982389, -1.3427740024625263 
13.289999999982365, -1.342993116017238 
13.299999999982342, -1.3427617783894794 
13.309999999982319, -1.3430517156646433 
13.319999999982295, -1.3432648454416158 
13.329999999982272, -1.3430945311280809 
13.339999999982249, -1.3425495478185039 
13.349999999982225, -1.3418632466092704 
13.359999999982202, -1.3415967051781377 
13.369999999982179, -1.3410970232855037 
13.379999999982156, -1.3375733689381497 
13.389999999982132, -1.3240777835053972 
13.399999999982109, -1.3205015616965092 
13.409999999982086, -1.3207554892192996 
13.419999999982062, -1.3199657234411901 
13.429999999982039, -1.323324904601735 
13.439999999982016, -1.3396791828611394 
13.449999999981992, -1.3431291147560367 
13.459999999981969, -1.3431616205301637 
13.469999999981946, -1.3429788679902044 
13.479999999981922, -1.3432758471774051 
13.4899999999819, -1.3434063494912127 
13.499999999981876, -1.343152673833333 
13.509999999981853, -1.3425331098221251 
13.51999999998183, -1.3418546722349398 
13.529999999981806, -1.3416276729100038 
13.539999999981783, -1.340944146579505 
13.54999999998176, -1.3359373326332051 
13.559999999981736, -1.3205512769907053 
13.569999999981713, -1.319095076920378 
13.57999999998169, -1.319194469128785 
13.589999999981666, -1.3182296685074442 
13.599999999981643, -1.3244753470159316 
13.60999999998162, -1.338009391568251 
13.619999999981596, -1.340315253956904 
13.629999999981573, -1.3402260029195192 
13.63999999998155, -1.3401079304123051 
13.649999999981526, -1.3404010935692259 
13.659999999981503, -1.3404677786713497 
13.66999999998148, -1.3401494420062625 
13.679999999981456, -1.339479729614875 
13.689999999981433, -1.3388471929802246 
13.69999999998141, -1.338636938966618 
13.709999999981386, -1.337739083518635 
13.719999999981363, -1.3313430680492713 
13.72999999998134, -1.3163491398142089 
13.739999999981316, -1.3160872757273983 
13.749999999981293, -1.3160523414183185 
13.75999999998127, -1.314929279915585 
13.769999999981247, -1.3238774510463438 
13.779999999981223, -1.3360930777818043 
13.7899999999812, -1.337809266052858 
13.799999999981177, -1.3376505318501122 
13.809999999981153, -1.3376042824343357 
13.81999999998113, -1.3379158676449048 
13.829999999981107, -1.3379544192827935 
13.839999999981083, -1.3376058126185766 
13.84999999998106, -1.3369298092106512 
13.859999999981037, -1.3363703349109028 
13.869999999981014, -1.336157097143315 
13.87999999998099, -1.3350573384008666 
13.889999999980967, -1.3279462284612331 
13.899999999980944, -1.3150219723906358 
13.90999999998092, -1.3151897091806797 
13.919999999980897, -1.3150440488496546 
13.929999999980874, -1.3137436547890153 
13.93999999998085, -1.3256654403673536 
13.949999999980827, -1.3374054881799498 
13.959999999980804, -1.3387447607056024 
13.96999999998078, -1.3385404970792683 
13.979999999980757, -1.3385749899119472 
13.989999999980734, -1.338911524998396 
13.99999999998071, -1.3389318567335189 
14.009999999980687, -1.338561477397626 
14.019999999980664, -1.3378914111478528 
14.02999999998064, -1.3374053926399243 
14.039999999980617, -1.337173405019866 
14.049999999980594, -1.335831139578926 
14.05999999998057, -1.3279990855577462 
14.069999999980547, -1.3171169527431998 
14.079999999980524, -1.317507755120236 
14.0899999999805, -1.3172511561097162 
14.099999999980477, -1.31588916308536 
14.109999999980454, -1.33081880813509 
14.11999999998043, -1.3410239738778562 
14.129999999980408, -1.341965878273156 
14.139999999980384, -1.341726577662239 
14.149999999980361, -1.3418460127265999 
14.159999999980338, -1.3421666440139692 
14.169999999980314, -1.3421393288391714 
14.179999999980291, -1.3417212670092928 
14.189999999980268, -1.341034068711576 
14.199999999980244, -1.3406151144988117 
14.209999999980221, -1.3403395091500496 
14.219999999980198, -1.338565804845299 
14.229999999980175, -1.3289459481692139 
14.239999999980151, -1.3198088881021868 
14.249999999980128, -1.3203414879182052 
14.259999999980105, -1.3199532127901266 
14.269999999980081, -1.3191259817400343 
14.279999999980058, -1.3356335746371162 
14.289999999980035, -1.3430398383637208 
14.299999999980011, -1.343584496353149 
14.309999999979988, -1.3433301416934793 
14.319999999979965, -1.3435172254631504 
14.329999999979941, -1.3437711826554202 
14.339999999979918, -1.3436636661044996 
14.349999999979895, -1.343169998620254 
14.359999999979872, -1.342447344150124 
14.369999999979848, -1.3420962263142378 
14.379999999979825, -1.341740300473659 
14.389999999979802, -1.3392178241586397 
14.399999999979778, -1.3266597891902594 
14.409999999979755, -1.3197516258255109 
14.419999999979732, -1.3202486083641114 
14.429999999979708, -1.3197087666625147 
14.439999999979685, -1.3203474360465697 
14.449999999979662, -1.3363958968665284 
14.459999999979638, -1.3414253660476194 
14.469999999979615, -1.3416828106181269 
14.479999999979592, -1.3414423291084594 
14.489999999979569, -1.341672016073447 
14.499999999979545, -1.3418556729348692 
14.509999999979522, -1.3416712460961961 
14.519999999979499, -1.341106834235227 
14.529999999979475, -1.3403721414705734 
14.539999999979452, -1.3400842338640284 
14.549999999979429, -1.3396180704330312 
14.559999999979405, -1.3361551243758025 
14.569999999979382, -1.321402443859155 
14.579999999979359, -1.3170094920497988 
14.589999999979335, -1.3173530117542307 
14.599999999979312, -1.3166550365178198 
14.609999999979289, -1.319171431403893 
14.619999999979266, -1.3346608387022227 
14.629999999979242, -1.3383989413552435 
14.639999999979219, -1.3384889886764673 
14.649999999979196, -1.3382830515597621 
14.659999999979172, -1.3385553975606619 
14.669999999979149, -1.3387025467019789 
14.679999999979126, -1.3384737509852234 
14.689999999979102, -1.3378761890173299 
14.69999999997908, -1.337178474490196 
14.709999999979056, -1.336934908681344 
14.719999999979033, -1.3363532336788717 
14.72999999997901, -1.3321571101581862 
14.739999999978986, -1.31757664651641 
14.749999999978963, -1.3149907869896378 
14.75999999997894, -1.3151783274257534 
14.769999999978916, -1.3143062521550568 
14.779999999978893, -1.318811743892295 
14.78999999997887, -1.3347842969213135 
14.799999999978846, -1.3378590085565936 
14.809999999978823, -1.3378473399802753 
14.8199999999788, -1.3376888727122511 
14.829999999978776, -1.338015320328123 
14.839999999978753, -1.3381508600540355 
14.84999999997873, -1.3379003251150294 
14.859999999978706, -1.3372959482632016 
14.869999999978683, -1.3366593756596066 
14.87999999997866, -1.3364410411856726 
14.889999999978636, -1.335735233049207 
14.899999999978613, -1.330976333405707 
14.90999999997859, -1.3175729388873354 
14.919999999978566, -1.3161844894745736 
14.929999999978543, -1.3162388989207223 
14.93999999997852, -1.315158210667566 
14.949999999978496, -1.322197129938827 
14.959999999978473, -1.3381351638085335 
14.96999999997845, -1.3405818542456174 
14.979999999978427, -1.3404854334408909 
14.989999999978403, -1.3403910395286875 
14.99999999997838, -1.340751409276115 
15.009999999978357, -1.3408588544657878 
15.019999999978333, -1.3405724670058399 
15.02999999997831, -1.3399482076613851 
15.039999999978287, -1.3393673908937185 
15.049999999978263, -1.3391581567595527 
15.05999999997824, -1.33826120000525 
15.069999999978217, -1.3324761791896609 
15.079999999978194, -1.3196701946199345 
15.08999999997817, -1.319304904885979 
15.099999999978147, -1.3192318017833877 
15.109999999978124, -1.3179610735863811 
15.1199999999781, -1.3282046317778071 
15.129999999978077, -1.3416239127577314 
15.139999999978054, -1.3433006557155462 
15.14999999997803, -1.3431256278053814 
15.159999999978007, -1.3431119776074045 
15.169999999977984, -1.3434496167990215 
15.17999999997796, -1.3434882816061702 
15.189999999977937, -1.343133442977183 
15.199999999977914, -1.3424595129520105 
15.20999999997789, -1.3419317341739623 
15.219999999977867, -1.3417095084975261 
15.229999999977844, -1.340475342063059 
15.23999999997782, -1.3326369613752196 
15.249999999977797, -1.3202752202212344 
15.259999999977774, -1.320681440219865 
15.26999999997775, -1.3204754879487821 
15.279999999977727, -1.3192555326974276 
15.289999999977704, -1.3320763995355773 
15.29999999997768, -1.3418073203567829 
15.309999999977657, -1.3428264685483364 
15.319999999977634, -1.3425969349163465 
15.32999999997761, -1.3426629295136914 
15.339999999977588, -1.3429427497494724 
15.349999999977564, -1.3428980115207834 
15.359999999977541, -1.342463179365083 
15.369999999977518, -1.3417350322151473 
15.379999999977494, -1.3412741056470296 
15.389999999977471, -1.3410116216328118 
15.399999999977448, -1.3392787782566844 
15.409999999977424, -1.3287756980186267 
15.419999999977401, -1.3180090933505646 
15.429999999977378, -1.3186726344757964 
15.439999999977355, -1.3183362184672287 
15.449999999977331, -1.3175709288958548 
15.459999999977308, -1.3319088536262618 
15.469999999977285, -1.3391195225538055 
15.479999999977261, -1.3397366279689276 
15.489999999977238, -1.3394852467622722 
15.499999999977215, -1.3396226260155795 
15.509999999977191, -1.3398618965525195 
15.519999999977168, -1.3397581368400353 
15.529999999977145, -1.3392686203918502 
15.539999999977121, -1.33852620830218 
15.549999999977098, -1.3381394690307997 
15.559999999977075, -1.3378196488042522 
15.569999999977052, -1.3355708543917453 
15.579999999977028, -1.323514148518384 
15.589999999977005, -1.3152279515168965 
15.599999999976982, -1.315803740945147 
15.609999999976958, -1.315343405664216 
15.619999999976935, -1.315233225630986 
15.629999999976912, -1.331313833608922 
15.639999999976888, -1.3373488905640412 
15.649999999976865, -1.3377433532019862 
15.659999999976842, -1.3374928896487692 
15.669999999976818, -1.3377057255831812 
15.679999999976795, -1.3379371612213535 
15.689999999976772, -1.3378061759302229 
15.699999999976749, -1.3372957261985723 
15.709999999976725, -1.3365829933115554 
15.719999999976702, -1.336260223317329 
15.729999999976679, -1.335876517731642 
15.739999999976655, -1.333208239985892 
15.749999999976632, -1.3210763156294647 
15.759999999976609, -1.3150905244471114 
15.769999999976585, -1.3155061278969107 
15.779999999976562, -1.3149117497221454 
15.789999999976539, -1.3156835738456167 
15.799999999976515, -1.333798836457393 
15.809999999976492, -1.3390352936364605 
15.819999999976469, -1.3392700241378832 
15.829999999976446, -1.3390362699050413 
15.839999999976422, -1.3393238646179986 
15.849999999976399, -1.339548289010979 
15.859999999976376, -1.3393916853848964 
15.869999999976352, -1.3388620351537666 
15.879999999976329, -1.338184701362109 
15.889999999976306, -1.3379125127013858 
15.899999999976282, -1.3374420548084438 
15.90999999997626, -1.3342307494180958 
15.919999999976236, -1.3218398723509133 
15.929999999976213, -1.3178355145081433 
15.93999999997619, -1.3181049510286311 
15.949999999976166, -1.3173411739537295 
15.959999999976143, -1.3199292099966973 
15.96999999997612, -1.3382709816981166 
15.979999999976096, -1.3423046743524696 
15.989999999976073, -1.3423824933121487 
15.99999999997605, -1.3421879786059567 
16.009999999976028, -1.342516654901857 
16.019999999976005, -1.3426936648347698 
16.02999999997598, -1.3424810218153027 
16.039999999975958, -1.3419040950102592 
16.049999999975935, -1.3412475376682682 
16.05999999997591, -1.3410140945308018 
16.069999999975888, -1.3403962474059719 
16.079999999975865, -1.336117485702245 
16.08999999997584, -1.3224182313913972 
16.099999999975818, -1.320356046707226 
16.109999999975795, -1.3204806211068494 
16.11999999997577, -1.3195200122627855 
16.129999999975748, -1.325135767342777 
16.139999999975725, -1.3406916613151652 
16.1499999999757, -1.3433711294436288 
16.15999999997568, -1.3433091698204842 
16.169999999975655, -1.34317915952604 
16.17999999997563, -1.3434979565120944 
16.18999999997561, -1.3435937745912598 
16.199999999975585, -1.3433003857680919 
16.20999999997556, -1.3426541481721381 
16.21999999997554, -1.3420233636224839 
16.229999999975515, -1.341811101958727 
16.239999999975492, -1.3409580695497618 
16.24999999997547, -1.334915861916082 
16.259999999975445, -1.3201102770039381 
16.269999999975422, -1.3196934013083224 
16.2799999999754, -1.3196721109365974 
16.289999999975375, -1.3185649935870418 
16.299999999975352, -1.3272002956568356 
16.30999999997533, -1.3393459961409409 
16.319999999975305, -1.341077793760963 
16.329999999975282, -1.3409211825450442 
16.33999999997526, -1.340866447122689 
16.349999999975235, -1.3411601940459192 
16.359999999975212, -1.3411847702856037 
16.36999999997519, -1.3408212370838317 
16.379999999975166, -1.3401225520183233 
16.389999999975142, -1.3395474105330158 
16.39999999997512, -1.3393325466549761 
16.409999999975096, -1.3381882426305711 
16.419999999975072, -1.3303611041134906 
16.42999999997505, -1.3164156143169807 
16.439999999975026, -1.316778652109075 
16.449999999975002, -1.3166310092677733 
16.45999999997498, -1.315459447907764 
16.469999999974956, -1.3267336760441983 
16.479999999974932, -1.337002961974928 
16.48999999997491, -1.3382222909040051 
16.499999999974886, -1.3380133779358492 
16.509999999974863, -1.3380370369232155 
16.51999999997484, -1.3383297042913918 
16.529999999974816, -1.3383172914393004 
16.539999999974793, -1.3379175360538198 
16.54999999997477, -1.337211802451806 
16.559999999974746, -1.3367123842592825 
16.569999999974723, -1.336477344821723 
16.5799999999747, -1.3350590787354197 
16.589999999974676, -1.3263500734656326 
16.599999999974653, -1.3147066274549097 
16.60999999997463, -1.3152221272385796 
16.619999999974606, -1.3149666788886436 
16.629999999974583, -1.3137516611615414 
16.63999999997456, -1.3279338019515745 
16.649999999974536, -1.3374111727493472 
16.659999999974513, -1.3383232320498466 
16.66999999997449, -1.3380851215779581 
16.679999999974466, -1.3381935388174155 
16.689999999974443, -1.338500631242679 
16.69999999997442, -1.3384685070717863 
16.709999999974396, -1.338048792486739 
16.719999999974373, -1.337358171776868 
16.72999999997435, -1.3369324855978717 
16.739999999974327, -1.3366634569212767 
16.749999999974303, -1.3349523691880638 
16.75999999997428, -1.3256832550695674 
16.769999999974257, -1.3163741574265144 
16.779999999974233, -1.316883165706075 
16.78999999997421, -1.316515081279424 
16.799999999974187, -1.3154616712796652 
16.809999999974163, -1.3323947201445152 
16.81999999997414, -1.340612461773859 
16.829999999974117, -1.341237584325602 
16.839999999974093, -1.3409840233321697 
16.84999999997407, -1.3411752614383796 
16.859999999974047, -1.341467312997931 
16.869999999974024, -1.3413944284244101 
16.879999999974, -1.3409353897184244 
16.889999999973977, -1.3402443107610287 
16.899999999973954, -1.3398846095512131 
16.90999999997393, -1.339555020149222 
16.919999999973907, -1.3373453511687867 
16.929999999973884, -1.3265671463859465 
16.93999999997386, -1.3193521038158256 
16.949999999973837, -1.319823283068517 
16.959999999973814, -1.3193144442514548 
16.96999999997379, -1.3192633442110846 
16.979999999973767, -1.3370529446772172 
16.989999999973744, -1.3430702498234497 
16.99999999997372, -1.3434062367524053 
17.009999999973697, -1.3431594243627014 
17.019999999973674, -1.3434064907391796 
17.02999999997365, -1.3436338960576677 
17.039999999973627, -1.3434865416442374 
17.049999999973604, -1.3429585893153957 
17.05999999997358, -1.3422495847466855 
17.069999999973557, -1.3419515235535089 
17.079999999973534, -1.3415170474650473 
17.08999999997351, -1.3384070525643217 
17.099999999973488, -1.3249693241040437 
17.109999999973464, -1.3201193552768773 
17.11999999997344, -1.3204763518509912 
17.129999999973418, -1.319799347199073 
17.139999999973394, -1.3218812176266874 
17.14999999997337, -1.3381118158128988 
17.159999999973348, -1.3421291932426458 
17.169999999973324, -1.3422424624415326 
17.1799999999733, -1.3420303012657455 
17.189999999973278, -1.3423000628223674 
17.199999999973254, -1.3424508326050932 
17.20999999997323, -1.3422238486484468 
17.219999999973208, -1.3416238624708219 
17.229999999973185, -1.3409153333923727 
17.23999999997316, -1.340668098597963 
17.249999999973138, -1.3400862775001412 
17.259999999973115, -1.3357643961689138 
17.26999999997309, -1.320352533592179 
17.279999999973068, -1.3178225251721385 
17.289999999973045, -1.318020893036136 
17.29999999997302, -1.31717081228593 
17.309999999972998, -1.3217282647319504 
17.319999999972975, -1.336260537345676 
17.32999999997295, -1.3391116777328607 
17.339999999972928, -1.3390888701102364 
17.349999999972905, -1.3389290329079988 
17.35999999997288, -1.3392196359635413 
17.36999999997286, -1.3393226234214446 
17.379999999972835, -1.3390439320752465 
17.38999999997281, -1.3384058586271395 
17.39999999997279, -1.3377417507335856 
17.409999999972765, -1.3375235938008116 
17.41999999997274, -1.3367831666408019 
17.42999999997272, -1.3314768261513732 
17.439999999972695, -1.3165034327773086 
17.449999999972672, -1.3153914479270417 
17.45999999997265, -1.315448730814599 
17.469999999972625, -1.31441353204641 
17.479999999972602, -1.3214660320849982 
17.48999999997258, -1.3355705998370506 
17.499999999972555, -1.337816446880231 
17.509999999972532, -1.337712593728437 
17.51999999997251, -1.3376154108315341 
17.529999999972485, -1.3379432423556512 
17.539999999972462, -1.3380276490507168 
17.54999999997244, -1.3377245309015173 
17.559999999972415, -1.3370818725808793 
17.569999999972392, -1.3364866997724587 
17.57999999997237, -1.3362779812196979 
17.589999999972346, -1.3353772708186549 
17.599999999972322, -1.3294484025414086 
17.6099999999723, -1.3161863563100171 
17.619999999972276, -1.3158146632566576 
17.629999999972252, -1.3157533092761997 
17.63999999997223, -1.3145058151525082 
17.649999999972206, -1.3244335526211637 
17.659999999972182, -1.3381498661262494 
17.66999999997216, -1.339913357253256 
17.679999999972136, -1.3397478143449497 
17.689999999972112, -1.3397258863785462 
17.69999999997209, -1.3400796030943447 
17.709999999972066, -1.3401391442913575 
17.719999999972043, -1.339805641585886 
17.72999999997202, -1.3391542864552815 
17.739999999971996, -1.338625744780737 
17.749999999971973, -1.3384094316266795 
17.75999999997195, -1.3372801384113726 
17.769999999971926, -1.330361242899631 
17.779999999971903, -1.318498417418232 
17.78999999997188, -1.318678006339146 
17.799999999971856, -1.318498673602768 
17.809999999971833, -1.3171253530045246 
17.81999999997181, -1.3301321004192577 
17.829999999971786, -1.3416437251280697 
17.839999999971763, -1.3428542349016912 
17.84999999997174, -1.3426356455582809 
17.859999999971716, -1.3426977443027839 
17.869999999971693, -1.3430255157180688 
17.87999999997167, -1.3430237194974908 
17.889999999971646, -1.3426294016286486 
17.899999999971623, -1.3419420798216983 
17.9099999999716, -1.3414766528713236 
17.919999999971576, -1.3412281381712892 
17.929999999971553, -1.3396909953086706 
17.93999999997153, -1.3306764152560329 
17.949999999971507, -1.3200688981736028 
17.959999999971483, -1.3206156289093336 
17.96999999997146, -1.3203051664431937 
17.979999999971437, -1.3192464172922598 
17.989999999971413, -1.3341904162522586 
17.99999999997139, -1.342430654815123 
18.009999999971367, -1.3431438297733471 
18.019999999971343, -1.3428941744278573 
18.02999999997132, -1.3430296420101708 
18.039999999971297, -1.3432919089288102 
18.049999999971273, -1.3432073933218538 
18.05999999997125, -1.3427344525300606 
18.069999999971227, -1.3420022831800542 
18.079999999971204, -1.341606805855735 
18.08999999997118, -1.3412952187965301 
18.099999999971157, -1.3391198222982408 
18.109999999971134, -1.3272242475180922 
18.11999999997111, -1.3186832151000834 
18.129999999971087, -1.3192765648919247 
18.139999999971064, -1.3188267720652984 
18.14999999997104, -1.3187317715270497 
18.159999999971017, -1.3341956321317296 
18.169999999970994, -1.3400527571582357 
18.17999999997097, -1.3404417697825173 
18.189999999970947, -1.3401906548389872 
18.199999999970924, -1.3403845088805488 
18.2099999999709, -1.3405926377662345 
18.219999999970877, -1.3404422715668722 
18.229999999970854, -1.339909077354762 
18.23999999997083, -1.3391668108304768 
18.249999999970807, -1.3388403316811386 
18.259999999970784, -1.3384459244856315 
18.26999999997076, -1.3355697815654493 
18.279999999970737, -1.321922217979406 
18.289999999970714, -1.3158921881911914 
18.29999999997069, -1.316343650921354 
18.309999999970668, -1.3157525962490024 
18.319999999970644, -1.3169252750756626 
18.32999999997062, -1.3330995137409605 
18.339999999970598, -1.3377567078880752 
18.349999999970574, -1.3379618643124145 
18.35999999997055, -1.3377301940017263 
18.369999999970528, -1.3379858854093376 
18.379999999970504, -1.338173708265923 
18.38999999997048, -1.3379899549096452 
18.399999999970458, -1.3374326632307807 
18.409999999970434, -1.33672647679004 
18.41999999997041, -1.3364532528258837 
18.429999999970388, -1.3359714878302509 
18.439999999970365, -1.332553195715391 
18.44999999997034, -1.3190584668762952 
18.459999999970318, -1.315052836905431 
18.469999999970295, -1.3153410030293748 
18.47999999997027, -1.3145924450382944 
18.489999999970248, -1.3172614607056814 
18.499999999970225, -1.334689335970627 
18.5099999999702, -1.3386256584942389 
18.519999999970178, -1.3387073730505286 
18.529999999970155, -1.338510206671452 
18.53999999997013, -1.3388300248812994 
18.549999999970108, -1.3390078219171344 
18.559999999970085, -1.3388000917845277 
18.56999999997006, -1.3382293944887655 
18.57999999997004, -1.3375724544546963 
18.589999999970015, -1.337336154804711 
18.59999999996999, -1.3367462567774067 
18.60999999996997, -1.3327382728132542 
18.619999999969945, -1.3196581873652151 
18.62999999996992, -1.3172602614550168 
18.6399999999699, -1.3174045256536597 
18.649999999969875, -1.3164623859597202 
18.659999999969852, -1.3214504870679689 
18.66999999996983, -1.3386774968702546 
18.679999999969805, -1.3417278480186523 
18.689999999969782, -1.3416955863547955 
18.69999999996976, -1.34155374450951 
18.709999999969735, -1.3419051878315347 
18.719999999969712, -1.3420418536019108 
18.72999999996969, -1.341785574792734 
18.739999999969665, -1.341178509271361 
18.749999999969642, -1.3405611871552168 
18.75999999996962, -1.340347010850961 
18.769999999969595, -1.3395783715305574 
18.779999999969572, -1.3344193214262596 
18.78999999996955, -1.3209619677290498 
18.799999999969526, -1.3200426281154556 
18.809999999969502, -1.320048756120618 
18.81999999996948, -1.3189099266290072 
18.829999999969456, -1.3271234399854948 
18.839999999969432, -1.3413724296132477 
18.84999999996941, -1.3434083929604888 
18.859999999969386, -1.343273199957685 
18.869999999969362, -1.3432071881219863 
18.87999999996934, -1.3435358858648279 
18.889999999969316, -1.3435951008340947 
18.899999999969292, -1.343262343262258 
18.90999999996927, -1.3425939309406254 
18.919999999969246, -1.342019216813326 
18.929999999969223, -1.3418063269827922 
18.9399999999692, -1.3407411813786922 
18.949999999969176, -1.3335702938485443 
18.959999999969153, -1.3199162347903164 
18.96999999996913, -1.320118203024036 
18.979999999969106, -1.3199871532600074 
18.989999999969083, -1.3187902559298557 
18.99999999996906, -1.329827990858158 
19.009999999969036, -1.3404690524001368 
19.019999999969013, -1.3417447988373112 
19.02999999996899, -1.3415396128805852 
19.039999999968966, -1.341553386767557 
19.049999999968943, -1.3418393127797952 
19.05999999996892, -1.3418221557176355 
19.069999999968896, -1.3414154442456137 
19.079999999968873, -1.3406953121646796 
19.08999999996885, -1.3401847876939637 
19.099999999968826, -1.3399485429101279 
19.109999999968803, -1.3384926533647472 
19.11999999996878, -1.3291308129400574 
19.129999999968756, -1.3168543430414328 
19.139999999968733, -1.3174783958344258 
19.14999999996871, -1.3172229271563385 
19.159999999968687, -1.3161750802585344 
19.169999999968663, -1.329426235626608 
19.17999999996864, -1.3379030185278622 
19.189999999968617, -1.3387461387133635 
19.199999999968593, -1.3385062701183754 
19.20999999996857, -1.338598251053161 
19.219999999968547, -1.3388650155063773 
19.229999999968523, -1.3388024539252665 
19.2399999999685, -1.338353329713356 
19.249999999968477, -1.3376261468427773 
19.259999999968453, -1.3371914405230885 
19.26999999996843, -1.3369163263195871 
19.279999999968407, -1.3350862066120583 
19.289999999968384, -1.3246403690239887 
19.29999999996836, -1.3148007939562585 
19.309999999968337, -1.3154032050229427 
19.319999999968314, -1.315034864215317 
19.32999999996829, -1.3142325654136864 
19.339999999968267, -1.3299874331755914 
19.349999999968244, -1.3374725065646123 
19.35999999996822, -1.3380642225107446 
19.369999999968197, -1.3378116520569387 
19.379999999968174, -1.3379866422770992 
19.38999999996815, -1.3382569093859957 
19.399999999968127, -1.3381718112290517 
19.409999999968104, -1.3377032686528239 
19.41999999996808, -1.3369997655158008 
19.429999999968057, -1.336634389344624 
19.439999999968034, -1.3363093213890616 
19.44999999996801, -1.3341224217921865 
19.459999999967987, -1.3233351698281928 
19.469999999967964, -1.315873315751745 
19.47999999996794, -1.3163560107587835 
19.489999999967917, -1.3158649723186984 
19.499999999967894, -1.3155973352161756 
19.50999999996787, -1.3336867675028403 
19.519999999967848, -1.3401300818706616 
19.529999999967824, -1.3405112128809789 
19.5399999999678, -1.3402618250824352 
19.549999999967778, -1.3405143921607723 
19.559999999967754, -1.3407704114696168 
19.56999999996773, -1.3406501749403348 
19.579999999967708, -1.3401502683503557 
19.589999999967684, -1.3394632864095721 
19.59999999996766, -1.3391570963195574 
19.609999999967638, -1.3387541726619245 
19.619999999967614, -1.3360028768257715 
19.62999999996759, -1.3241615483018638 
19.639999999967568, -1.3188516625263635 
19.649999999967545, -1.3192135271061305 
19.65999999996752, -1.318565804916211 
19.669999999967498, -1.3198492041797074 
19.679999999967475, -1.3381195497407 
19.68999999996745, -1.342891339114526 
19.699999999967428, -1.3430626730861575 
19.709999999967405, -1.3428403245644367 
19.71999999996738, -1.3431360611178211 
19.729999999967358, -1.3433319300135602 
19.739999999967335, -1.343143843397211 
19.74999999996731, -1.34258322654527 
19.759999999967288, -1.3418978978976868 
19.769999999967265, -1.3416420288971977 
19.77999999996724, -1.3411070639393992 
19.78999999996722, -1.3373047289505753 
19.799999999967195, -1.3233672887220547 
19.80999999996717, -1.3202988597205776 
19.81999999996715, -1.3205173824650658 
19.829999999967125, -1.3196845635973584 
19.8399999999671, -1.3236916885271706 
19.84999999996708, -1.339497502926129 
19.859999999967055, -1.3426548942307244 
19.869999999967032, -1.3426556567519143 
19.87999999996701, -1.3424865384563232 
19.889999999966985, -1.342785018832888 
19.899999999966962, -1.3429011888866726 
19.90999999996694, -1.3426327207391338 
19.919999999966915, -1.3420013197599874 
19.929999999966892, -1.3413319127713514 
19.93999999996687, -1.3411106884209136 
19.949999999966845, -1.3403825827628502 
19.959999999966822, -1.3350697154053637 
19.9699999999668, -1.3196793456079354 
19.979999999966775, -1.3185594887337795 
19.989999999966752, -1.3186259709089407 
19.99999999996673, -1.3176221871412888 
20.009999999966706, -1.3244829770737945 
20.019999999966682, -1.337691715106534 
20.02999999996666, -1.339841509079972 
20.039999999966636, -1.3397335922290314 
20.049999999966612, -1.339631286695553 
20.05999999996659, -1.3399282483910604 
20.069999999966566, -1.3399870736371802 
20.079999999966542, -1.33966019332533 
20.08999999996652, -1.338986744659332 
20.099999999966496, -1.3383702314787265 
20.109999999966472, -1.3381606402998296 
20.11999999996645, -1.3372153276689762 
20.129999999966426, -1.3306017939274897 
20.139999999966403, -1.3160130816682492 
20.14999999996638, -1.3158961536964278 
20.159999999966356, -1.3158338209612122 
20.169999999966333, -1.3146725226294242 
20.17999999996631, -1.3242721194980538 
20.189999999966286, -1.3363173926574963 
20.199999999966263, -1.3379318466290726 
20.20999999996624, -1.3377607092502413 
20.219999999966216, -1.3377323204427805 
20.229999999966193, -1.3380484626150013 
20.23999999996617, -1.3380813009706174 
20.249999999966146, -1.3377262129555207 
20.259999999966123, -1.3370495991689542 
20.2699999999661, -1.3365070462899005 
20.279999999966076, -1.336290621368208 
20.289999999966053, -1.335134827078998 
20.29999999996603, -1.3278180571940388 
20.309999999966006, -1.315334437668582 
20.319999999965983, -1.3155810234973961 
20.32999999996596, -1.3154092154253763 
20.339999999965936, -1.314085249823681 
20.349999999965913, -1.3267054353994137 
20.35999999996589, -1.338080353206904 
20.369999999965867, -1.3393175875143724 
20.379999999965843, -1.3391034657154786 
20.38999999996582, -1.339157667325542 
20.399999999965797, -1.3394915547302262 
20.409999999965773, -1.3395011505155396 
20.41999999996575, -1.3391199370564313 
20.429999999965727, -1.338445588825968 
20.439999999965703, -1.337975097239845 
20.44999999996568, -1.337735159807734 
20.459999999965657, -1.3363063477923292 
20.469999999965633, -1.3281037120032941 
20.47999999996561, -1.317590346063118 
20.489999999965587, -1.3180346581382143 
20.499999999965564, -1.3177488645363693 
20.50999999996554, -1.316448189544773 
20.519999999965517, -1.3318995313940807 
20.529999999965494, -1.3414507805334435 
20.53999999996547, -1.3422913831096444 
20.549999999965447, -1.342046180807276 
20.559999999965424, -1.3421836426261835 
20.5699999999654, -1.3424913807373227 
20.579999999965377, -1.342447033247773 
20.589999999965354, -1.3420130373603631 
20.59999999996533, -1.3413182338499918 
20.609999999965307, -1.3409148789819207 
20.619999999965284, -1.3406243836603355 
20.62999999996526, -1.3387110357150491 
20.639999999965237, -1.3285150642958714 
20.649999999965214, -1.319835052816036 
20.65999999996519, -1.3203738825012585 
20.669999999965167, -1.3199523957147885 
20.679999999965144, -1.319368326811413 
20.68999999996512, -1.335986451968608 
20.699999999965097, -1.3428076276036545 
20.709999999965074, -1.343278076839108 
20.71999999996505, -1.3430243921017506 
20.729999999965028, -1.343224402078666 
20.739999999965004, -1.3434635667396564 
20.74999999996498, -1.343339142996866 
20.759999999964958, -1.3428299638073238 
20.769999999964934, -1.3421037153445041 
20.77999999996491, -1.3417680092508446 
20.789999999964888, -1.3413902380093539 
20.799999999964864, -1.338679970390788 
20.80999999996484, -1.3256084963698107 
20.819999999964818, -1.319281899192229 
20.829999999964794, -1.3197463917509995 
20.83999999996477, -1.3191712954066483 
20.849999999964748, -1.3201889924938426 
20.859999999964725, -1.3361895304243385 
20.8699999999647, -1.3408878564759017 
20.879999999964678, -1.3411013201915896 
20.889999999964655, -1.3408670886582124 
20.89999999996463, -1.3411076161786153 
20.909999999964608, -1.3412822843512306 
20.919999999964585, -1.3410866942346968 
20.92999999996456, -1.3405132312702235 
20.939999999964538, -1.3397849854238892 
20.949999999964515, -1.339508967420475 
20.95999999996449, -1.3390172625943655 
20.969999999964468, -1.3353743771135969 
20.979999999964445, -1.3205398077702597 
20.98999999996442, -1.3166299325274147 
20.9999999999644, -1.3169350685677546 
21.009999999964375, -1.31619909061557 
21.01999999996435, -1.319149507950642 
21.02999999996433, -1.334704456894026 
21.039999999964305, -1.338261638553024 
21.04999999996428, -1.3383244700378893 
21.05999999996426, -1.3381283760859257 
21.069999999964235, -1.3384123562342243 
21.079999999964212, -1.3385551173893804 
21.08999999996419, -1.3383196080280966 
21.099999999964165, -1.337718350587297 
21.109999999964142, -1.3370331663162358 
21.11999999996412, -1.3367970242018727 
21.129999999964095, -1.3361865425531 
21.139999999964072, -1.3318336503593138 
21.14999999996405, -1.317426007898714 
21.159999999964025, -1.315177365819963 
21.169999999964002, -1.3153317629565326 
21.17999999996398, -1.3144147166567164 
21.189999999963955, -1.3194743244801441 
21.199999999963932, -1.335415606361743 
21.20999999996391, -1.338326466944559 
21.219999999963886, -1.3382926254527938 
21.229999999963862, -1.3381478424892794 
21.23999999996384, -1.3384824101797523 
21.249999999963816, -1.3386109611582158 
21.259999999963792, -1.338351623107416 
21.26999999996377, -1.3377418131910839 
21.279999999963746, -1.3371173057989558 
21.289999999963722, -1.336902737840047 
21.2999999999637, -1.3361565930450015 
21.309999999963676, -1.3311714448972503 
21.319999999963652, -1.3178567913229722 
21.32999999996363, -1.316746328238184 
21.339999999963606, -1.316770394691761 
21.349999999963583, -1.3156411741553051 
21.35999999996356, -1.323419907947852 
21.369999999963536, -1.3388424607844203 
21.379999999963513, -1.3410955282729125 
21.38999999996349, -1.3409786721497048 
21.399999999963466, -1.3409023722776525 
21.409999999963443, -1.3412604411889686 
21.41999999996342, -1.3413532949732374 
21.429999999963396, -1.341052227067386 
21.439999999963373, -1.3404174334706405 
21.44999999996335, -1.3398480292640274 
21.459999999963326, -1.3396381332772098 
21.469999999963303, -1.3386767136526527 
21.47999999996328, -1.332502076135381 
21.489999999963256, -1.3197459855949696 
21.499999999963233, -1.3195975372926252 
21.50999999996321, -1.3194940751806907 
21.519999999963186, -1.318201901106363 
21.529999999963163, -1.3291608788812441 
21.53999999996314, -1.3417502705921416 
21.549999999963116, -1.343258557756722 
21.559999999963093, -1.3430683958729925 
21.56999999996307, -1.3430741814276814 
21.579999999963047, -1.3434013697468792 
21.589999999963023, -1.3434221249684535 
21.599999999963, -1.3430501740757177 
21.609999999962977, -1.3423646025906626 
21.619999999962953, -1.3418513540781074 
21.62999999996293, -1.3416225866222604 
21.639999999962907, -1.3402929481533243 
21.649999999962883, -1.3319277197839017 
21.65999999996286, -1.3198612281791646 
21.669999999962837, -1.3203592828083985 
21.679999999962813, -1.3201236919354418 
21.68999999996279, -1.3189582716645478 
21.699999999962767, -1.3322512837914067 
21.709999999962744, -1.3413716478168924 
21.71999999996272, -1.3422860770037468 
21.729999999962697, -1.3420491897093194 
21.739999999962674, -1.3421328124987644 
21.74999999996265, -1.3424039800358243 
21.759999999962627, -1.3423454843355374 
21.769999999962604, -1.3418976578691852 
21.77999999996258, -1.3411648003620917 
21.789999999962557, -1.340721290599219 
21.799999999962534, -1.3404472774532947 
21.80999999996251, -1.3386023486235827 
21.819999999962487, -1.3276953590587137 
21.829999999962464, -1.3174922205407489 
21.83999999996244, -1.3181468212783762 
21.849999999962417, -1.3177822273817865 
21.859999999962394, -1.317140250944665 
21.86999999996237, -1.3318862599131198 
21.879999999962347, -1.338784250688249 
21.889999999962324, -1.3393419695418962 
21.8999999999623, -1.3390892005544355 
21.909999999962277, -1.3392437829293928 
21.919999999962254, -1.3394799199029988 
21.92999999996223, -1.3393682979552457 
21.939999999962208, -1.3388720783030261 
21.949999999962184, -1.3381340281034066 
21.95999999996216, -1.3377633491130856 
21.969999999962138, -1.3374291634572049 
21.979999999962114, -1.3350735642165767 
21.98999999996209, -1.322886589345368 
21.999999999962068, -1.3151740491681507 
22.009999999962044, -1.315714137660982 
22.01999999996202, -1.3152239749864765 
22.029999999961998, -1.3153017061790306 
22.039999999961974, -1.331807136938137 
22.04999999996195, -1.3376226391114645 
22.059999999961928, -1.337974649473346 
22.069999999961905, -1.3377267303077585 
22.07999999996188, -1.3379564426976516 
22.089999999961858, -1.3381850801360307 
22.099999999961835, -1.3380470009063326 
22.10999999996181, -1.3375307783787604 
22.119999999961788, -1.3368245499295766 
22.129999999961765, -1.3365148837081984 
22.13999999996174, -1.3361122508482548 
22.149999999961718, -1.3333165115089276 
22.159999999961695, -1.321060408676994 
22.16999999996167, -1.3155696956888632 
22.179999999961648, -1.3159514879628484 
22.189999999961625, -1.3153203741247976 
22.1999999999616, -1.3164545036003197 
22.20999999996158, -1.3346978567758345 
22.219999999961555, -1.3396368707510555 
22.22999999996153, -1.339831377978778 
22.23999999996151, -1.3396048807431307 
22.249999999961485, -1.3399040230593289 
22.25999999996146, -1.3401183847107456 
22.26999999996144, -1.3399493888640779 
22.279999999961415, -1.3394092351935896 
22.289999999961392, -1.3387359422226612 
22.29999999996137, -1.3384741720218774 
22.309999999961345, -1.3379744778640037 
22.319999999961322, -1.3345537087049844 
22.3299999999613, -1.3218597039030566 
22.339999999961275, -1.3183198856480125 
22.349999999961252, -1.318556449857026 
22.35999999996123, -1.3177473618639668 
22.369999999961205, -1.3209789947901438 
22.379999999961182, -1.3388476551461528 
22.38999999996116, -1.3425430967792205 
22.399999999961135, -1.3425851291023907 
22.409999999961112, -1.3424038253461257 
22.41999999996109, -1.3427342538041356 
22.429999999961066, -1.3428942260616947 
22.439999999961042, -1.3426644045994096 
22.44999999996102, -1.342072994728907 
22.459999999960996, -1.3414213424991364 
22.469999999960972, -1.3411947532684279 
22.47999999996095, -1.3405320295406475 
22.489999999960926, -1.3359232215111734 
22.499999999960902, -1.321936479752105 
22.50999999996088, -1.320289201020419 
22.519999999960856, -1.3203798667918345 
22.529999999960832, -1.3193761609330725 
22.53999999996081, -1.325718816437281 
22.549999999960786, -1.3405576801469425 
22.559999999960763, -1.342994049157823 
22.56999999996074, -1.342907224130139 
22.579999999960716, -1.342793974219229 
22.589999999960693, -1.343109550575187 
22.59999999996067, -1.3431895911183875 
22.609999999960646, -1.3428805065929441 
22.619999999960623, -1.342222266053899 
22.6299999999606, -1.341602991201434 
22.639999999960576, -1.3413922156848634 
22.649999999960553, -1.3404800355339967 
22.65999999996053, -1.3340573818094887 
22.669999999960506, -1.3193670918032019 
22.679999999960483, -1.3191822478158863 
22.68999999996046, -1.3191305993327112 
22.699999999960436, -1.3179972838178138 
22.709999999960413, -1.3272621707204064 
22.71999999996039, -1.3389529498464208 
22.729999999960366, -1.3405499896771624 
22.739999999960343, -1.3403790114490457 
22.74999999996032, -1.3403419841212956 
22.759999999960296, -1.3406353054410634 
22.769999999960273, -1.3406502833751184 
22.77999999996025, -1.3402770804511408 
22.789999999960227, -1.3395746399189155 
22.799999999960203, -1.3390166501632166 
22.80999999996018, -1.3387983638011598 
22.819999999960157, -1.3375904708412711 
22.829999999960133, -1.329499817879316 
22.83999999996011, -1.3160424716989703 
22.849999999960087, -1.3164711326430591 
22.859999999960063, -1.3162975133123849 
22.86999999996004, -1.3151139058430839 
22.879999999960017, -1.3270248376557618 
22.889999999959993, -1.33705677333719 
22.89999999995997, -1.338193374072842 
22.909999999959947, -1.3379760629531137 
22.919999999959924, -1.3380186256757252 
22.9299999999599, -1.3383132353606404 
22.939999999959877, -1.338294673144864 
22.949999999959854, -1.3378886817570286 
22.95999999995983, -1.3371842151871003 
22.969999999959807, -1.3367023221578962 
22.979999999959784, -1.336460276829485 
22.98999999995976, -1.3349720420050895 
22.999999999959737, -1.3260710044113766 
23.009999999959714, -1.3149615454646457 
23.01999999995969, -1.3154905648007218 
23.029999999959667, -1.3152091513539674 
23.039999999959644, -1.314017192191893 
23.04999999995962, -1.3288320329523662 
23.059999999959597, -1.3379930933376187 
23.069999999959574, -1.3388307018581411 
23.07999999995955, -1.3385873870381013 
23.089999999959527, -1.3387151713297432 
23.099999999959504, -1.3390190743780659 
23.10999999995948, -1.3389773787070498 
23.119999999959457, -1.3385483392867072 
23.129999999959434, -1.3378567680509794 
23.13999999995941, -1.3374469060477208 
23.149999999959388, -1.3371658684461918 
23.159999999959364, -1.3353514901744472 
23.16999999995934, -1.3257460959433478 
23.179999999959318, -1.3169075678420363 
23.189999999959294, -1.3174184298695675 
23.19999999995927, -1.3170195819793125 
23.209999999959248, -1.3161232657521316 
23.219999999959224, -1.3334107908208754 
23.2299999999592, -1.341103989300472 
23.239999999959178, -1.3416553782312137 
23.249999999959154, -1.3414010250029156 
23.25999999995913, -1.3416079349262726 
23.269999999959108, -1.3418870905365028 
23.279999999959085, -1.3417983046068884 
23.28999999995906, -1.3413246526657678 
23.299999999959038, -1.340629479218589 
23.309999999959015, -1.340284564474984 
23.31999999995899, -1.339934965273925 
23.329999999958968, -1.3375563620856599 
23.339999999958945, -1.3262378872602678 
23.34999999995892, -1.319534081702452 
23.359999999958898, -1.3199859132679959 
23.369999999958875, -1.3194401042158324 
23.37999999995885, -1.3197848507018326 
23.389999999958828, -1.3374353929880527 
23.399999999958805, -1.3429556751149039 
23.40999999995878, -1.343234306140314 
23.41999999995876, -1.3429930955538352 
23.429999999958735, -1.3432490567622997 
23.43999999995871, -1.3434602683223733 
23.44999999995869, -1.3432956063805648 
23.459999999958665, -1.3427521236129025 
23.46999999995864, -1.3420422910699916 
23.47999999995862, -1.3417572325959615 
23.489999999958595, -1.3412938096425224 
23.499999999958572, -1.3379470013970107 
23.50999999995855, -1.3240385776973458 
23.519999999958525, -1.3197403429905985 
23.529999999958502, -1.320061279701508 
23.53999999995848, -1.3193445272283146 
23.549999999958455, -1.3219561412755374 
23.559999999958432, -1.3378816793996042 
23.56999999995841, -1.3415999954162134 
23.579999999958385, -1.3416776451099832 
23.589999999958362, -1.3414760209464962 
23.59999999995834, -1.3417520817567326 
23.609999999958315, -1.3418915844555181 
23.619999999958292, -1.3416521012255473 
23.62999999995827, -1.3410422643548785 
23.639999999958246, -1.3403422037203858 
23.649999999958222, -1.340103447621441 
23.6599999999582, -1.339487235662809 
23.669999999958176, -1.3349314956401106 
23.679999999958152, -1.3195105047029996 
23.68999999995813, -1.317373964339248 
23.699999999958106, -1.3175373318619397 
23.709999999958082, -1.3166460242650257 
23.71999999995806, -1.321755364261407 
23.729999999958036, -1.3361529596401478 
23.739999999958012, -1.3388417079265196 
23.74999999995799, -1.338797228117395 
23.759999999957966, -1.3386508536830055 
23.769999999957943, -1.3389492748381975 
23.77999999995792, -1.3390463835913882 
23.789999999957896, -1.338760399088591 
23.799999999957873, -1.3381190414001642 
23.80999999995785, -1.3374696990439459 
23.819999999957826, -1.3372551871118754 
23.829999999957803, -1.336477211695421 
23.83999999995778, -1.330988011910387 
23.849999999957756, -1.3163244186216578 
23.859999999957733, -1.3154374054809828 
23.86999999995771, -1.3154651592719984 
23.879999999957686, -1.3143840340477235 
23.889999999957663, -1.3220706690264474 
23.89999999995764, -1.336043676517181 
23.909999999957616, -1.33816202123659 
23.919999999957593, -1.338041801642379 
23.92999999995757, -1.337961129639806 
23.939999999957546, -1.3382946210069797 
23.949999999957523, -1.3383724032208686 
23.9599999999575, -1.3380614088084197 
23.969999999957476, -1.3374154593051135 
23.979999999957453, -1.3368352225974793 
23.98999999995743, -1.3366262595669072 
23.999999999957407, -1.3356758612473278 
24.009999999957383, -1.3295123944450775 
24.01999999995736, -1.3165287705861866 
24.029999999957337, -1.3163207456292214 
24.039999999957313, -1.3162315033928333 
24.04999999995729, -1.314944808065073 
24.059999999957267, -1.3256034552084692 
24.069999999957243, -1.3388338183628266 
24.07999999995722, -1.3404571320037681 
24.089999999957197, -1.340277336992705 
24.099999999957173, -1.3402748579308006 
24.10999999995715, -1.3406247402157863 
24.119999999957127, -1.3406710377496018 
24.129999999957104, -1.3403242854699688 
24.13999999995708, -1.3396650403641448 
24.149999999957057, -1.3391506018782864 
24.159999999957034, -1.3389292335891112 
24.16999999995701, -1.3377209217023922 
24.179999999956987, -1.3303920419953292 
24.189999999956964, -1.318767961488168 
24.19999999995694, -1.3190627808413102 
24.209999999956917, -1.3188540085149865 
24.219999999956894, -1.3175007233036407 
24.22999999995687, -1.3311103910610114 
24.239999999956847, -1.3418640352585518 
24.249999999956824, -1.3429471859489832 
24.2599999999568, -1.3427189250178033 
24.269999999956777, -1.3427999131604687 
24.279999999956754, -1.3431151651184343 
24.28999999995673, -1.34309566493996 
24.299999999956707, -1.3426846315488106 
24.309999999956684, -1.3419876305218692 
24.31999999995666, -1.3415378999538565 
24.329999999956637, -1.3412779894694105 
24.339999999956614, -1.3396199958851427 
24.34999999995659, -1.3300344843248537 
24.359999999956568, -1.3198395966122054 
24.369999999956544, -1.3204179439214732 
24.37999999995652, -1.320076534499609 
24.389999999956498, -1.319166119255267 
24.399999999956474, -1.33439584501003 
24.40999999995645, -1.342050980404575 
24.419999999956428, -1.3426799158210254 
24.429999999956404, -1.3424275433068193 
24.43999999995638, -1.3425785122089 
24.449999999956358, -1.342829171502545 
24.459999999956334, -1.3427296608694872 
24.46999999995631, -1.3422428349843378 
24.479999999956288, -1.341507088758072 
24.489999999956265, -1.3411282167553942 
24.49999999995624, -1.3407998075297063 
24.509999999956218, -1.338476393508928 
24.519999999956195, -1.326137700102756 
24.52999999995617, -1.3181816516817055 
24.539999999956148, -1.3187471078662596 
24.549999999956125, -1.3182658410048567 
24.5599999999561, -1.3184207047798022 
24.569999999956078, -1.3340834287483074 
24.579999999956055, -1.3396278388028586 
24.58999999995603, -1.339968144919461 
24.599999999956008, -1.339719896348166 
24.609999999955985, -1.3399282303745879 
24.61999999995596, -1.3401306055542046 
24.62999999995594, -1.3399711802057752 
24.639999999955915, -1.3394306651212757 
24.64999999995589, -1.338694429845909 
24.65999999995587, -1.3383817881351925 
24.669999999955845, -1.3379676997136964 
24.67999999995582, -1.3349535910045933 
24.6899999999558, -1.3212200805836625 
24.699999999955775, -1.3157165160060935 
24.709999999955752, -1.3161287022778876 
24.71999999995573, -1.315503211957933 
24.729999999955705, -1.3169993135190385 
24.739999999955682, -1.3334163604978906 
24.74999999995566, -1.3378767321344434 
24.759999999955635, -1.338049028583733 
24.769999999955612, -1.337824108558584 
24.77999999995559, -1.3380940426252421 
24.789999999955565, -1.338278150396979 
24.799999999955542, -1.3380874956431388 
24.80999999995552, -1.337525468138399 
24.819999999955495, -1.3368290279684913 
24.829999999955472, -1.3365659199238629 
24.83999999995545, -1.3360599673558042 
24.849999999955426, -1.3324948346246006 
24.859999999955402, -1.3190129618976993 
24.86999999995538, -1.3154310279788188 
24.879999999955356, -1.315684191590957 
24.889999999955332, -1.3148935941932836 
24.89999999995531, -1.3180544964708567 
24.909999999955286, -1.3354716605621075 
24.919999999955262, -1.3391843837197808 
24.92999999995524, -1.33923670941199 
24.939999999955216, -1.3390508675571005 
24.949999999955192, -1.3393794833283872 
24.95999999995517, -1.3395481396250775 
24.969999999955146, -1.339329365023025 
24.979999999955123, -1.3387502173253802 
24.9899999999551, -1.338101543683959 
24.999999999955076, -1.3378720656414784 
