t, s[1].omega / s[0].omega 
0, -1.5001055389155777 
0.009999999999999995, -1.5088076667627752 
0.019999999999999934, -1.5142236206818647 
0.029999999999999874, -1.5172773053033852 
0.04000000000000012, -1.5188238100753737 
0.050000000000000405, -1.5194510554929672 
0.06000000000000069, -1.5195173119479815 
0.07000000000000098, -1.5192370862669784 
0.08000000000000126, -1.5187615539185695 
0.09000000000000155, -1.5182372183232837 
0.10000000000000184, -1.5178164344624843 
0.11000000000000212, -1.5176071883450983 
0.12000000000000241, -1.5176242701772344 
0.130000000000002, -1.517806481800323 
0.1400000000000009, -1.5180589444907748 
0.1499999999999998, -1.5182742194614562 
0.1599999999999987, -1.5183459640023174 
0.1699999999999976, -1.5181766757082864 
0.1799999999999965, -1.5176681961294831 
0.1899999999999954, -1.5167027191631441 
0.1999999999999943, -1.5151288098785547 
0.2099999999999932, -1.5127608888066284 
0.2199999999999921, -1.509401420691861 
0.229999999999991, -1.5049134236713146 
0.2399999999999899, -1.4994017144257799 
0.2499999999999888, -1.4935181313191994 
0.2599999999999877, -1.48856982240299 
0.2699999999999866, -1.4857656423950185 
0.2799999999999855, -1.485070402763169 
0.2899999999999844, -1.4854276893703626 
0.2999999999999833, -1.4859151433291333 
0.3099999999999822, -1.4861484715128177 
0.3199999999999811, -1.4860399013319605 
0.32999999999998, -1.485553462037914 
0.3399999999999789, -1.4845928144592375 
0.3499999999999778, -1.4829765620372626 
0.35999999999997667, -1.4805673543210274 
0.36999999999997557, -1.4778447301946007 
0.37999999999997447, -1.4769938543613532 
0.38999999999997337, -1.4815543932509687 
0.39999999999997227, -1.4923523668881993 
0.40999999999997117, -1.5054775916379024 
0.41999999999997006, -1.5166522368682798 
0.42999999999996896, -1.5243755968036083 
0.43999999999996786, -1.5290770127241111 
0.44999999999996676, -1.5316755677624803 
0.45999999999996566, -1.5329464590865851 
0.46999999999996456, -1.533405800341659 
0.47999999999996346, -1.533365545726993 
0.48999999999996235, -1.5330171136523711 
0.49999999999996125, -1.5325059140400654 
0.5099999999999602, -1.5319791345268712 
0.519999999999959, -1.531579213237864 
0.529999999999958, -1.5313892962232107 
0.5399999999999568, -1.531404710161926 
0.5499999999999557, -1.5315611992567466 
0.5599999999999546, -1.5317644985975902 
0.5699999999999535, -1.5319047485819204 
0.5799999999999524, -1.531872887149301 
0.5899999999999513, -1.5315651577231661 
0.5999999999999502, -1.530866322643039 
0.6099999999999491, -1.52962568652275 
0.619999999999948, -1.5276412900424583 
0.6299999999999469, -1.5246628996852767 
0.6399999999999458, -1.5204342499094217 
0.6499999999999447, -1.514829778460398 
0.6599999999999436, -1.5081705764146232 
0.6699999999999425, -1.5016208415029584 
0.6799999999999414, -1.4969401567746599 
0.6899999999999403, -1.4950312071350838 
0.6999999999999392, -1.4950803327173925 
0.7099999999999381, -1.4957358990759917 
0.719999999999937, -1.4962410017255947 
0.7299999999999359, -1.4963905759761191 
0.7399999999999348, -1.4961676786876654 
0.7499999999999337, -1.4955448295655116 
0.7599999999999326, -1.4944239409477031 
0.7699999999999315, -1.4926846976676855 
0.7799999999999304, -1.4904897881396038 
0.7899999999999293, -1.489054042917994 
0.7999999999999282, -1.4910677629650793 
0.8099999999999271, -1.4984512559622916 
0.819999999999926, -1.5093259964302812 
0.8299999999999249, -1.5198864933382294 
0.8399999999999238, -1.5279319664601276 
0.8499999999999227, -1.533230940798894 
0.8599999999999216, -1.5363828066834024 
0.8699999999999205, -1.538069172952386 
0.8799999999999194, -1.538811619035014 
0.8899999999999183, -1.5389542947703942 
0.8999999999999172, -1.5387134761166334 
0.9099999999999161, -1.5382385475334872 
0.919999999999915, -1.537663474020631 
0.9299999999999139, -1.5371250531425362 
0.9399999999999128, -1.5367334216621649 
0.9499999999999117, -1.5365345476474517 
0.9599999999999106, -1.5365123019433615 
0.9699999999999095, -1.536604097683846 
0.9799999999999084, -1.5367082637447573 
0.9899999999999073, -1.5367050881525126 
0.9999999999999062, -1.5364772948820025 
1.0099999999999052, -1.5359008820376405 
1.019999999999904, -1.5348131128252485 
1.029999999999903, -1.5329788796591244 
1.039999999999902, -1.5300719466937793 
1.0499999999999008, -1.525695819148208 
1.0599999999998997, -1.519508571764458 
1.0699999999998986, -1.5115812235322792 
1.0799999999998975, -1.5030204818200779 
1.0899999999998964, -1.496126259533125 
1.0999999999998953, -1.4927674252987813 
1.1099999999998942, -1.4924576811721493 
1.119999999999893, -1.4933500814892195 
1.129999999999892, -1.494198918029008 
1.1399999999998909, -1.494633362769388 
1.1499999999998898, -1.4946466072669766 
1.1599999999998887, -1.4942726204366248 
1.1699999999998876, -1.493487938009537 
1.1799999999998865, -1.4922293091090633 
1.1899999999998854, -1.4905687360561553 
1.1999999999998843, -1.4891968199351924 
1.2099999999998832, -1.4899085728310182 
1.219999999999882, -1.4945790843719684 
1.229999999999881, -1.5027150178988626 
1.2399999999998799, -1.5116343291739867 
1.2499999999998788, -1.5191240741398633 
1.2599999999998777, -1.5244854100909173 
1.2699999999998766, -1.5279324202615225 
1.2799999999998755, -1.5299387103061373 
1.2899999999998744, -1.5309443623063492 
1.2999999999998733, -1.5312778937239042 
1.3099999999998722, -1.531162491800425 
1.319999999999871, -1.5307510713849388 
1.32999999999987, -1.5301679312625556 
1.3399999999998689, -1.5295376128697915 
1.3499999999998678, -1.5289795820006924 
1.3599999999998666, -1.528577423307373 
1.3699999999998655, -1.5283632436686505 
1.3799999999998644, -1.5283180964637668 
1.3899999999998633, -1.528366282081993 
1.3999999999998622, -1.52838844857142 
1.4099999999998611, -1.5282562925186247 
1.41999999999986, -1.5278433012454282 
1.429999999999859, -1.5269969923181348 
1.4399999999998578, -1.5254940092173832 
1.4499999999998567, -1.5229987985438496 
1.4599999999998556, -1.519048461296523 
1.4699999999998545, -1.5131194804302812 
1.4799999999998534, -1.504909560095894 
1.4899999999998523, -1.495003159548342 
1.4999999999998512, -1.4855852806289873 
1.5099999999998501, -1.4795873317906614 
1.519999999999849, -1.4778767340288694 
1.529999999999848, -1.4786288519028756 
1.5399999999998468, -1.47984099634104 
1.5499999999998457, -1.4806704936803323 
1.5599999999998446, -1.481003666062823 
1.5699999999998435, -1.4809108859199465 
1.5799999999998424, -1.4804337919857022 
1.5899999999998413, -1.4795510236807672 
1.5999999999998402, -1.4782466347783123 
1.6099999999998391, -1.4767627801914585 
1.619999999999838, -1.4760869477423115 
1.629999999999837, -1.4780088067980872 
1.6399999999998358, -1.4835613693230605 
1.6499999999998347, -1.4914423137643111 
1.6599999999998336, -1.4992690892789406 
1.6699999999998325, -1.505556692634662 
1.6799999999998314, -1.5099838318502465 
1.6899999999998303, -1.5128086311496023 
1.6999999999998292, -1.514428622844316 
1.709999999999828, -1.515199319905411 
1.719999999999827, -1.5153874231016862 
1.729999999999826, -1.515178621417832 
1.7399999999998248, -1.5147072154611645 
1.7499999999998237, -1.514090849855569 
1.7599999999998226, -1.5134505952770296 
1.7699999999998215, -1.5128988142570905 
1.7799999999998204, -1.5125106652999005 
1.7899999999998193, -1.5123127295091707 
1.7999999999998182, -1.5122793283707148 
1.809999999999817, -1.5123261674170887 
1.819999999999816, -1.5123302328253745 
1.8299999999998149, -1.5121646000725666 
1.8399999999998138, -1.5117029669491135 
1.8499999999998127, -1.510788749743069 
1.8599999999998116, -1.509191876746034 
1.8699999999998105, -1.5065728949431614 
1.8799999999998094, -1.5024778854927927 
1.8899999999998083, -1.4964207223961599 
1.8999999999998072, -1.4881781063088129 
1.909999999999806, -1.4784283246269825 
1.919999999999805, -1.4693431172267686 
1.9299999999998039, -1.4636414119337227 
1.9399999999998028, -1.4620097683413842 
1.9499999999998017, -1.4626933977248657 
1.9599999999998006, -1.4638225654094172 
1.9699999999997995, -1.4646005216276492 
1.9799999999997984, -1.4649078733351502 
1.9899999999997973, -1.464801653411717 
1.9999999999997962, -1.464312838303982 
2.0099999999998173, -1.4634079283703552 
2.0199999999998384, -1.4620460957069703 
2.0299999999998595, -1.4604173529972289 
2.0399999999998806, -1.459459397746801 
2.0499999999999017, -1.4610870922167118 
2.059999999999923, -1.4667329298631182 
2.069999999999944, -1.4753151669727664 
2.079999999999965, -1.4841646407145865 
2.089999999999986, -1.491401119696821 
2.100000000000007, -1.496527344926426 
2.1100000000000283, -1.499806425384661 
2.1200000000000494, -1.5017041478138098 
2.1300000000000705, -1.5026437670699562 
2.1400000000000916, -1.5029402523759914 
2.1500000000001127, -1.5028080663052115 
2.160000000000134, -1.5023958591066895 
2.170000000000155, -1.5018273572413052 
2.180000000000176, -1.5012286912467903 
2.190000000000197, -1.5007201736818894 
2.2000000000002182, -1.5003812867968351 
2.2100000000002393, -1.5002331217233107 
2.2200000000002604, -1.5002450967383543 
2.2300000000002815, -1.500339163831558 
2.2400000000003026, -1.5004030782126596 
2.2500000000003237, -1.500318324217873 
2.260000000000345, -1.4999704481187208 
2.270000000000366, -1.499229666647929 
2.280000000000387, -1.49791983384314 
2.290000000000408, -1.495794635511448 
2.3000000000004293, -1.4925359744864592 
2.3100000000004504, -1.487801123320422 
2.3200000000004715, -1.4813811879836871 
2.3300000000004926, -1.47356597210779 
2.3400000000005137, -1.4656275374927916 
2.3500000000005348, -1.4596506137422731 
2.360000000000556, -1.456936492189478 
2.370000000000577, -1.4567622788136396 
2.380000000000598, -1.4575277159539124 
2.390000000000619, -1.4582282821941808 
2.4000000000006403, -1.45856137772871 
2.4100000000006614, -1.4585086810144374 
2.4200000000006825, -1.4580780287876454 
2.4300000000007036, -1.4572161615666412 
2.4400000000007247, -1.4558126297282568 
2.450000000000746, -1.4538482426273573 
2.460000000000767, -1.4518907712435345 
2.470000000000788, -1.4518365892177376 
2.480000000000809, -1.4563302712728492 
2.49000000000083, -1.4657430319792017 
2.5000000000008513, -1.4770484006805817 
2.5100000000008724, -1.4869508981750617 
2.5200000000008935, -1.4941144766484564 
2.5300000000009146, -1.4987009510639482 
2.5400000000009357, -1.5013682984707153 
2.550000000000957, -1.5027495732221268 
2.560000000000978, -1.503307040327545 
2.570000000000999, -1.503340507555225 
2.58000000000102, -1.5030404195296854 
2.5900000000010412, -1.5025468161408368 
2.6000000000010624, -1.5019953246149085 
2.6100000000010835, -1.5015246678289191 
2.6200000000011046, -1.501236387346499 
2.6300000000011257, -1.501156477397652 
2.6400000000011468, -1.5012452333973132 
2.650000000001168, -1.5014233641660386 
2.660000000001189, -1.5015871149698454 
2.67000000000121, -1.5016263706741149 
2.680000000001231, -1.5014376622278516 
2.6900000000012523, -1.5009158448884614 
2.7000000000012734, -1.499932961590521 
2.7100000000012945, -1.4983211464834405 
2.7200000000013156, -1.4958701487477 
2.7300000000013367, -1.4923500806161485 
2.740000000001358, -1.4875871553624755 
2.750000000001379, -1.4816519085113544 
2.7600000000014, -1.4751857678346254 
2.770000000001421, -1.4695658768619864 
2.780000000001442, -1.4661920816426857 
2.7900000000014633, -1.4652037296761846 
2.8000000000014844, -1.4655204214893383 
2.8100000000015055, -1.4660829732898017 
2.8200000000015266, -1.4664150413254393 
2.8300000000015477, -1.4664050494811962 
2.840000000001569, -1.4660294864513375 
2.85000000000159, -1.465220615506866 
2.860000000001611, -1.4638261049779007 
2.870000000001632, -1.4616773943170787 
2.8800000000016532, -1.4589803120847176 
2.8900000000016743, -1.4572683561971547 
2.9000000000016954, -1.4598334604706875 
2.9100000000017165, -1.4688487814894824 
2.9200000000017377, -1.4818200563415398 
2.9300000000017588, -1.4941096773191773 
2.94000000000178, -1.503204871453684 
2.950000000001801, -1.509004982600946 
2.960000000001822, -1.512345939125553 
2.970000000001843, -1.514083984681249 
2.9800000000018643, -1.5148333991830045 
2.9900000000018854, -1.514977320787497 
3.0000000000019065, -1.5147455501115696 
3.0100000000019276, -1.5142936234412767 
3.0200000000019487, -1.5137647499062439 
3.03000000000197, -1.5133107274439355 
3.040000000001991, -1.5130517143786744 
3.050000000002012, -1.513021443666333 
3.060000000002033, -1.5131716134658943 
3.070000000002054, -1.5134132209350888 
3.0800000000020753, -1.5136408935667918 
3.0900000000020964, -1.5137471188711695 
3.1000000000021175, -1.5136328143167581 
3.1100000000021386, -1.513201520161694 
3.1200000000021597, -1.5123412714503195 
3.130000000002181, -1.510909043256487 
3.140000000002202, -1.5087273448375254 
3.150000000002223, -1.5056005725443038 
3.160000000002244, -1.5013723678281636 
3.1700000000022652, -1.496074968244511 
3.1800000000022863, -1.4902097458783536 
3.1900000000023074, -1.4849481484825349 
3.2000000000023285, -1.481614194737485 
3.2100000000023496, -1.4805019675779 
3.2200000000023707, -1.480703422460642 
3.230000000002392, -1.4812031824939704 
3.240000000002413, -1.4815056223851744 
3.250000000002434, -1.4814789812525393 
3.260000000002455, -1.4810874713876796 
3.2700000000024763, -1.4802525864263756 
3.2800000000024974, -1.4788063394613074 
3.2900000000025185, -1.476558815234473 
3.3000000000025396, -1.473715349216691 
3.3100000000025607, -1.4719126902726933 
3.3200000000025818, -1.4746536066552725 
3.330000000002603, -1.4840880863405592 
3.340000000002624, -1.4973490195030617 
3.350000000002645, -1.5096091039677961 
3.360000000002666, -1.51848482795186 
3.3700000000026873, -1.5240395558824527 
3.3800000000027084, -1.5271838873385932 
3.3900000000027295, -1.5287845555153772 
3.4000000000027506, -1.529442623713496 
3.4100000000027717, -1.5295256205399097 
3.420000000002793, -1.52925321337009 
3.430000000002814, -1.5287783568199091 
3.440000000002835, -1.528246861876024 
3.450000000002856, -1.5278095223906563 
3.460000000002877, -1.5275743080638369 
3.4700000000028983, -1.5275593175966922 
3.4800000000029194, -1.5277089270960968 
3.4900000000029405, -1.5279323864159395 
3.5000000000029616, -1.5281225464603585 
3.5100000000029827, -1.5281705445376554 
3.520000000003004, -1.5279748756128608 
3.530000000003025, -1.5274308972650892 
3.540000000003046, -1.5264090945518616 
3.550000000003067, -1.524737993081443 
3.5600000000030882, -1.5222017558444942 
3.5700000000031094, -1.51856509030961 
3.5800000000031305, -1.5136614970634423 
3.5900000000031516, -1.50761801986737 
3.6000000000031727, -1.5012243879594087 
3.6100000000031938, -1.4960131507034717 
3.620000000003215, -1.493270095294287 
3.630000000003236, -1.4927710969668362 
3.640000000003257, -1.4932715607425018 
3.650000000003278, -1.4938191234212626 
3.6600000000032993, -1.4940652850402227 
3.6700000000033204, -1.493950366659104 
3.6800000000033415, -1.4934517566143908 
3.6900000000033626, -1.4924841909657323 
3.7000000000033837, -1.4908978584194732 
3.710000000003405, -1.48865867323553 
3.720000000003426, -1.4864792265620363 
3.730000000003447, -1.4867018125307154 
3.740000000003468, -1.4922540473583141 
3.750000000003489, -1.502846009965603 
3.7600000000035103, -1.5146008184639774 
3.7700000000035314, -1.5242133649584146 
3.7800000000035525, -1.5307804829894496 
3.7900000000035736, -1.5347818118478656 
3.8000000000035947, -1.5369931267862729 
3.810000000003616, -1.5380532448124626 
3.820000000003637, -1.5383921823426938 
3.830000000003658, -1.5382765773388907 
3.840000000003679, -1.5378777940751818 
3.8500000000037002, -1.5373340951648204 
3.8600000000037213, -1.5367863539159987 
3.8700000000037424, -1.536363042097377 
3.8800000000037635, -1.5361335023534823 
3.8900000000037847, -1.5360940156066585 
3.9000000000038058, -1.5361898401625909 
3.910000000003827, -1.5363292127041963 
3.920000000003848, -1.5363976738671015 
3.930000000003869, -1.5362799550859862 
3.94000000000389, -1.5358618363203917 
3.9500000000039113, -1.5350061132748187 
3.9600000000039324, -1.5335215039856254 
3.9700000000039535, -1.5311414132672903 
3.9800000000039746, -1.5275288451265678 
3.9900000000039957, -1.522345712561156 
4.000000000004016, -1.5154786731141139 
4.010000000003993, -1.507522825788684 
4.02000000000397, -1.5002213786806884 
4.030000000003946, -1.4956960878833878 
4.040000000003923, -1.4944193081139825 
4.0500000000039, -1.4949500117340593 
4.0600000000038765, -1.49579970888627 
4.070000000003853, -1.4963401673204835 
4.08000000000383, -1.4964690680036206 
4.090000000003807, -1.496210131013728 
4.100000000003783, -1.4955508627431386 
4.11000000000376, -1.4944178338279661 
4.120000000003737, -1.4927767568191959 
4.130000000003713, -1.4910107458263593 
4.14000000000369, -1.4905845444278885 
4.150000000003667, -1.4938096342489422 
4.1600000000036434, -1.5013710583221453 
4.17000000000362, -1.5109275457502032 
4.180000000003597, -1.51958666576173 
4.1900000000035735, -1.526033533339059 
4.20000000000355, -1.5302775461011842 
4.210000000003527, -1.5328116608719795 
4.220000000003504, -1.534152934402652 
4.23000000000348, -1.534699981121258 
4.240000000003457, -1.5347240420485904 
4.250000000003434, -1.5344042198283976 
4.26000000000341, -1.533873881255019 
4.270000000003387, -1.5332593397314989 
4.280000000003364, -1.5326873992226677 
4.2900000000033405, -1.5322563937409115 
4.300000000003317, -1.5320106329983223 
4.310000000003294, -1.5319418368546658 
4.320000000003271, -1.5319893224480685 
4.330000000003247, -1.5320446153843366 
4.340000000003224, -1.5319811874752038 
4.350000000003201, -1.5316753300037265 
4.360000000003177, -1.5309894145758558 
4.370000000003154, -1.5297316182559069 
4.380000000003131, -1.5276144630664632 
4.390000000003107, -1.5242311561658728 
4.400000000003084, -1.5190881658849391 
4.410000000003061, -1.5117927670971727 
4.4200000000030375, -1.5025665752181867 
4.430000000003014, -1.4930154459535685 
4.440000000002991, -1.4859744066596676 
4.450000000002968, -1.4831414164816183 
4.460000000002944, -1.4833661861921181 
4.470000000002921, -1.4845214773107103 
4.480000000002898, -1.4854509863374648 
4.490000000002874, -1.4858962974653347 
4.500000000002851, -1.4859012213467042 
4.510000000002828, -1.485517590447591 
4.520000000002804, -1.4847343228993792 
4.530000000002781, -1.4835151173556178 
4.540000000002758, -1.481992913533959 
4.5500000000027345, -1.4809291002044176 
4.560000000002711, -1.4820245443116347 
4.570000000002688, -1.486760381746574 
4.580000000002665, -1.4943950987575894 
4.590000000002641, -1.5025220216611692 
4.600000000002618, -1.5093081222612228 
4.610000000002595, -1.5141971425958327 
4.620000000002571, -1.5173742394235101 
4.630000000002548, -1.519240811416054 
4.640000000002525, -1.5201776051715847 
4.6500000000025015, -1.5204764997932616 
4.660000000002478, -1.520341405238986 
4.670000000002455, -1.5199159844407286 
4.6800000000024315, -1.5193195823479484 
4.690000000002408, -1.5186728249628867 
4.700000000002385, -1.5180925515602612 
4.710000000002362, -1.5176636029993584 
4.720000000002338, -1.5174232202133422 
4.730000000002315, -1.5173577912522151 
4.740000000002292, -1.5173943298539132 
4.750000000002268, -1.5174136193075252 
4.760000000002245, -1.5172866153146962 
4.770000000002222, -1.5168870671707537 
4.7800000000021985, -1.5160649095034335 
4.790000000002175, -1.514601811852794 
4.800000000002152, -1.5121698558854706 
4.810000000002129, -1.5083151455736856 
4.820000000002105, -1.50251785518027 
4.830000000002082, -1.4944505843416205 
4.840000000002059, -1.4845980545763193 
4.850000000002035, -1.474980587866381 
4.860000000002012, -1.4685183593760358 
4.870000000001989, -1.46636596205 
4.880000000001965, -1.4669199547754332 
4.890000000001942, -1.4681197188387098 
4.900000000001919, -1.469000758739971 
4.9100000000018955, -1.4693917442988316 
4.920000000001872, -1.4693521768015319 
4.930000000001849, -1.4689284328549221 
4.940000000001826, -1.4681020893888237 
4.950000000001802, -1.4668359694381692 
4.960000000001779, -1.465280630499407 
4.970000000001756, -1.4642454646156728 
4.980000000001732, -1.4654883762748931 
4.990000000001709, -1.4705007418728564 
5.000000000001686, -1.4784943400479404 
5.0100000000016625, -1.4869901864624067 
5.020000000001639, -1.4940899963907364 
5.030000000001616, -1.4992079568958743 
5.0400000000015925, -1.502534699926907 
5.050000000001569, -1.5044931920729687 
5.060000000001546, -1.5054865170534095 
5.070000000001523, -1.5058232125639672 
5.080000000001499, -1.505717486743277 
5.090000000001476, -1.5053184593939526 
5.100000000001453, -1.5047481612780464 
5.110000000001429, -1.5041295739315264 
5.120000000001406, -1.5035827748260335 
5.130000000001383, -1.5031934027202287 
5.1400000000013595, -1.5029933463450496 
5.150000000001336, -1.5029630542945056 
5.160000000001313, -1.5030313454319486 
5.17000000000129, -1.5030863195181297 
5.180000000001266, -1.5030058325468585 
5.190000000001243, -1.502671874610806 
5.20000000000122, -1.5019516703305402 
5.210000000001196, -1.500663172584756 
5.220000000001173, -1.498545313160896 
5.23000000000115, -1.4952496706212834 
5.240000000001126, -1.4903836185240078 
5.250000000001103, -1.4836755166962834 
5.26000000000108, -1.4753740943964586 
5.2700000000010565, -1.4668092572830491 
5.280000000001033, -1.4602740496859412 
5.29000000000101, -1.4572805019365094 
5.300000000000987, -1.457093151711117 
5.310000000000963, -1.4579525981537194 
5.32000000000094, -1.4587469115722325 
5.330000000000917, -1.4591478584888011 
5.340000000000893, -1.4591456733458528 
5.35000000000087, -1.458764036949202 
5.360000000000847, -1.4579678787487826 
5.3700000000008234, -1.4566680701642944 
5.3800000000008, -1.4548603689041657 
5.390000000000777, -1.4530748589968359 
5.4000000000007535, -1.4530394360221823 
5.41000000000073, -1.4571656489398415 
5.420000000000707, -1.4658503364077542 
5.430000000000684, -1.4764029805844303 
5.44000000000066, -1.485791164935101 
5.450000000000637, -1.4927032998008698 
5.460000000000614, -1.497210168206142 
5.47000000000059, -1.4998790610718575 
5.480000000000567, -1.50128771873936 
5.490000000000544, -1.5018734406725671 
5.5000000000005205, -1.5019279633356086 
5.510000000000497, -1.5016399065619654 
5.520000000000474, -1.5011474096469157 
5.5300000000004506, -1.500581888852396 
5.540000000000427, -1.5000783286881003 
5.550000000000404, -1.499740751632107 
5.560000000000381, -1.4996050836540706 
5.570000000000357, -1.499643693698475 
5.580000000000334, -1.4997857707010807 
5.590000000000311, -1.4999299062180513 
5.600000000000287, -1.4999635844388775 
5.610000000000264, -1.4997796067665374 
5.620000000000241, -1.4992692855607799 
5.6300000000002175, -1.4982997068822912 
5.640000000000194, -1.4966933126122142 
5.650000000000171, -1.4942221055484997 
5.660000000000148, -1.490628577377478 
5.670000000000124, -1.485702691245611 
5.680000000000101, -1.4794785980992633 
5.690000000000078, -1.472588942498799 
5.700000000000054, -1.466482681334973 
5.710000000000031, -1.4627213402188721 
5.720000000000008, -1.4615600824452943 
5.729999999999984, -1.4618746598325458 
5.739999999999961, -1.4624990260484778 
5.749999999999938, -1.4628962507688765 
5.7599999999999145, -1.4629427003945692 
5.769999999999891, -1.4626239063834758 
5.779999999999868, -1.4618894023313753 
5.789999999999845, -1.460609153475449 
5.799999999999821, -1.4586298256585724 
5.809999999999798, -1.4561108345597853 
5.819999999999775, -1.4543781360893155 
5.829999999999751, -1.4564449783762883 
5.839999999999728, -1.4646195084961475 
5.849999999999705, -1.4769616517370363 
5.8599999999996815, -1.489085916147879 
5.869999999999658, -1.4983175848978303 
5.879999999999635, -1.5043425780568942 
5.8899999999996115, -1.5078856765983095 
5.899999999999588, -1.5097724286466154 
5.909999999999565, -1.510622007693281 
5.919999999999542, -1.5108312690056842 
5.929999999999518, -1.510640874587869 
5.939999999999495, -1.5102101251385656 
5.949999999999472, -1.5096792520728903 
5.959999999999448, -1.5091970979494147 
5.969999999999425, -1.5088905545661018 
5.979999999999402, -1.5088089494112826 
5.9899999999993785, -1.5089178773397542 
5.999999999999355, -1.5091362475952015 
6.009999999999332, -1.5093618854270066 
6.019999999999309, -1.5094864176817784 
6.029999999999285, -1.5094084107716759 
6.039999999999262, -1.509030976030323 
6.049999999999239, -1.5082444758205447 
6.059999999999215, -1.5069093909169422 
6.069999999999192, -1.5048503545581347 
6.079999999999169, -1.5018686192484585 
6.089999999999145, -1.4977905177392419 
6.099999999999122, -1.4925974773379935 
6.109999999999099, -1.4866883273593117 
6.1199999999990755, -1.481132970489252 
6.129999999999052, -1.4773253497574346 
6.139999999999029, -1.475820768285835 
6.149999999999006, -1.4758616118633476 
6.159999999998982, -1.4763646320370543 
6.169999999998959, -1.4767288720639271 
6.179999999998936, -1.476775667201098 
6.189999999998912, -1.4764661285309497 
6.199999999998889, -1.4757377956433282 
6.209999999998866, -1.4744421950550695 
6.2199999999988425, -1.4723754551227441 
6.229999999998819, -1.469581631544893 
6.239999999998796, -1.4672577415832664 
6.2499999999987725, -1.4685966985456482 
6.259999999998749, -1.4765545501099218 
6.269999999998726, -1.4894587304742675 
6.279999999998703, -1.502404931548697 
6.289999999998679, -1.5122415390192283 
6.299999999998656, -1.5185820058332322 
6.309999999998633, -1.5222540693025655 
6.319999999998609, -1.5241811947795711 
6.329999999998586, -1.5250371131770817 
6.339999999998563, -1.5252423070586105 
6.3499999999985395, -1.5250461279307959 
6.359999999998516, -1.524611709692998 
6.369999999998493, -1.524083338601796 
6.37999999999847, -1.5236141753735697 
6.389999999998446, -1.5233309878022256 
6.399999999998423, -1.5232762753232494 
6.4099999999984, -1.5234071784614014 
6.419999999998376, -1.5236370588219077 
6.429999999998353, -1.5238611237285444 
6.43999999999833, -1.5239704811020733 
6.449999999998306, -1.5238636861115338 
6.459999999998283, -1.5234418219626986 
6.46999999999826, -1.5225893478276213 
6.4799999999982365, -1.5211561537434997 
6.489999999998213, -1.5189516135236185 
6.49999999999819, -1.5157595059318165 
6.509999999998167, -1.511397612138241 
6.519999999998143, -1.505879759840718 
6.52999999999812, -1.4997289024716571 
6.539999999998097, -1.4942105943249104 
6.549999999998073, -1.4907612424621224 
6.55999999999805, -1.4896744590474946 
6.569999999998027, -1.4899457225848372 
6.5799999999980034, -1.4904963317800228 
6.58999999999798, -1.4908238235051952 
6.599999999997957, -1.4908073885479425 
6.6099999999979335, -1.4904210727354572 
6.61999999999791, -1.48959526705906 
6.629999999997887, -1.4881793301503248 
6.639999999997864, -1.4860329585518057 
6.64999999999784, -1.4834827395044081 
6.659999999997817, -1.4823073038856849 
6.669999999997794, -1.4857898158540077 
6.67999999999777, -1.495323632063378 
6.689999999997747, -1.5077556040604139 
6.699999999997724, -1.5188554451973622 
6.7099999999977005, -1.5267963216372586 
6.719999999997677, -1.5317650691544846 
6.729999999997654, -1.5345833754172098 
6.7399999999976306, -1.5360089969189061 
6.749999999997607, -1.5365696904209378 
6.759999999997584, -1.5365932687368322 
6.769999999997561, -1.5362811043965772 
6.779999999997537, -1.5357794786074739 
6.789999999997514, -1.5352303568564902 
6.799999999997491, -1.5347752877805285 
6.809999999997467, -1.5345093102683256 
6.819999999997444, -1.5344470617764183 
6.829999999997421, -1.5345410180468884 
6.8399999999973975, -1.534706638346083 
6.849999999997374, -1.5348352709492976 
6.859999999997351, -1.5348132459083765 
6.869999999997328, -1.5345316682203884 
6.879999999997304, -1.5338710629186558 
6.889999999997281, -1.5326736952533442 
6.899999999997258, -1.5307214195049568 
6.909999999997234, -1.5277319839382488 
6.919999999997211, -1.5233961672798606 
6.929999999997188, -1.5175153710604339 
6.939999999997164, -1.510342297900365 
6.949999999997141, -1.5030639546691296 
6.959999999997118, -1.497662980470137 
6.9699999999970945, -1.495339159052576 
6.979999999997071, -1.4953198280717488 
6.989999999997048, -1.4960696502803257 
6.999999999997025, -1.4966878626290947 
7.009999999997001, -1.496928921635638 
7.019999999996978, -1.4967846782093486 
7.029999999996955, -1.4962507526852862 
7.039999999996931, -1.4952578305100976 
7.049999999996908, -1.4937108792390097 
7.059999999996885, -1.4917459359192518 
7.0699999999968615, -1.4903863227395524 
7.079999999996838, -1.4919750966927963 
7.089999999996815, -1.4983792621857233 
7.0999999999967915, -1.5082053590356437 
7.109999999996768, -1.5180810524726147 
7.119999999996745, -1.5258394775991595 
7.129999999996722, -1.5310959819794325 
7.139999999996698, -1.534308712435891 
7.149999999996675, -1.5360783553491828 
7.159999999996652, -1.5368927708146982 
7.169999999996628, -1.5370876361540267 
7.179999999996605, -1.5368796054445322 
7.189999999996582, -1.5364176675189793 
7.1999999999965585, -1.5358311865893648 
7.209999999996535, -1.5352522521564032 
7.219999999996512, -1.5347948351757272 
7.229999999996489, -1.5345192257624527 
7.239999999996465, -1.5344271669762033 
7.249999999996442, -1.5344706139624384 
7.259999999996419, -1.5345541900460806 
7.269999999996395, -1.5345559443963621 
7.279999999996372, -1.5343539352166808 
7.289999999996349, -1.5338220489390406 
7.299999999996325, -1.532796930929991 
7.309999999996302, -1.5310384373811918 
7.319999999996279, -1.528201747077409 
7.3299999999962555, -1.5238467804110132 
7.339999999996232, -1.5175510614611187 
7.349999999996209, -1.5092671093619683 
7.359999999996186, -1.500006831082466 
7.369999999996162, -1.4921879296963563 
7.379999999996139, -1.4880899024505316 
7.389999999996116, -1.4875078022041484 
7.399999999996092, -1.4884554687980263 
7.409999999996069, -1.4894483227945226 
7.419999999996046, -1.4900097024946262 
7.4299999999960225, -1.4901224398199828 
7.439999999995999, -1.4898401195435347 
7.449999999995976, -1.4891635056803105 
7.4599999999959525, -1.4880446898173962 
7.469999999995929, -1.486522167324666 
7.479999999995906, -1.485118192115729 
7.489999999995883, -1.4853409722403002 
7.499999999995859, -1.4890626367917543 
7.509999999995836, -1.4963066250978323 
7.519999999995813, -1.5048018775133785 
7.529999999995789, -1.5122807713659714 
7.539999999995766, -1.5178279155691317 
7.549999999995743, -1.5215054266289347 
7.5599999999957195, -1.523717293088255 
7.569999999995696, -1.5248826994168798 
7.579999999995673, -1.5253319171035926 
7.58999999999565, -1.525296808673626 
7.599999999995626, -1.5249366252950816 
7.609999999995603, -1.5243755543854534 
7.61999999999558, -1.5237343777918346 
7.629999999995556, -1.5231342220432347 
7.639999999995533, -1.5226702058137151 
7.64999999999551, -1.5223902433766623 
7.659999999995486, -1.5222923490691502 
7.669999999995463, -1.522317212304575 
7.67999999999544, -1.5223532952031493 
7.6899999999954165, -1.5222710689946333 
7.699999999995393, -1.5219444591940352 
7.70999999999537, -1.5212317384649188 
7.719999999995347, -1.5199324608580587 
7.729999999995323, -1.5177430010944575 
7.7399999999953, -1.5142305859217224 
7.749999999995277, -1.5088685453377062 
7.759999999995253, -1.5012402333639931 
7.76999999999523, -1.4915896108267106 
7.779999999995207, -1.4816241261972194 
7.789999999995183, -1.4743105285311617 
7.79999999999516, -1.4713866513741816 
7.809999999995137, -1.4716353985655597 
7.8199999999951135, -1.4728503396725547 
7.82999999999509, -1.4738349455490942 
7.839999999995067, -1.4743222556112976 
7.849999999995044, -1.4743605992139057 
7.85999999999502, -1.4740095028874556 
7.869999999994997, -1.4732649482577214 
7.879999999994974, -1.4720900971093207 
7.88999999999495, -1.470586755989753 
7.899999999994927, -1.4694211830544737 
7.909999999994904, -1.470196560819402 
7.9199999999948805, -1.474525113262502 
7.929999999994857, -1.4819896754638426 
7.939999999994834, -1.4902834492876382 
7.9499999999948106, -1.4974112870639584 
7.959999999994787, -1.5026504700970302 
7.969999999994764, -1.506112260266098 
7.979999999994741, -1.5081868468546458 
7.989999999994717, -1.50926855000801 
7.999999999994694, -1.5096677758008366 
8.00999999999467, -1.509603659099098 
8.019999999994647, -1.5092287171994996 
8.029999999994624, -1.5086647442385912 
8.0399999999946, -1.5080322892389337 
8.049999999994577, -1.507451769461649 
8.059999999994554, -1.5070153492167568 
8.06999999999453, -1.5067655414272927 
8.079999999994508, -1.5066940740977592 
8.089999999994484, -1.5067382719844145 
8.099999999994461, -1.5067883000153022 
8.109999999994438, -1.506718993550006 
8.119999999994414, -1.5064092615010087 
8.129999999994391, -1.505725228300372 
8.139999999994368, -1.5044831350269605 
8.149999999994344, -1.5024137383330456 
8.159999999994321, -1.4991459788859027 
8.169999999994298, -1.4942420593594958 
8.179999999994275, -1.4873606431433037 
8.189999999994251, -1.478678174342361 
8.199999999994228, -1.4695280352313906 
8.209999999994205, -1.4623847250200277 
8.219999999994181, -1.4590263166531723 
8.229999999994158, -1.4587752820635937 
8.239999999994135, -1.459718658370287 
8.249999999994111, -1.4606125996229606 
8.259999999994088, -1.4610887304344917 
8.269999999994065, -1.4611420373194257 
8.279999999994041, -1.460811654051222 
8.289999999994018, -1.4600800062656465 
8.299999999993995, -1.4588763857007552 
8.309999999993972, -1.4572049066279393 
8.319999999993948, -1.4555503679516861 
8.329999999993925, -1.4554799061774957 
8.339999999993902, -1.4592096277618327 
8.349999999993878, -1.4671879443150564 
8.359999999993855, -1.4770315195474761 
8.369999999993832, -1.485933728779623 
8.379999999993808, -1.4926014648683514 
8.389999999993785, -1.4970252609504788 
8.399999999993762, -1.4996907060148792 
8.409999999993738, -1.5011234300330085 
8.419999999993715, -1.5017357115916332 
8.429999999993692, -1.5018103860081164 
8.439999999993669, -1.5015337119956178 
8.449999999993645, -1.5010419185765362 
8.459999999993622, -1.5004625609285405 
8.469999999993599, -1.4999270221608956 
8.479999999993575, -1.4995412297694242 
8.489999999993552, -1.4993502195844437 
8.499999999993529, -1.4993382053696513 
8.509999999993505, -1.4994431857252344 
8.519999999993482, -1.499566385742569 
8.529999999993459, -1.4995928663582552 
8.539999999993436, -1.4994115186442323 
8.549999999993412, -1.4989098846833195 
8.559999999993389, -1.4979496246148938 
8.569999999993366, -1.49634221020056 
8.579999999993342, -1.4938389282339404 
8.589999999993319, -1.490149353169263 
8.599999999993296, -1.4850206819146048 
8.609999999993272, -1.478448102511736 
8.619999999993249, -1.4710664046372375 
8.629999999993226, -1.4644239153543066 
8.639999999993202, -1.460265358850843 
8.64999999999318, -1.4589504505260422 
8.659999999993156, -1.45928479141737 
8.669999999993133, -1.4599834242596348 
8.67999999999311, -1.4604498084982371 
8.689999999993086, -1.4605514509110646 
8.699999999993063, -1.46028428206745 
8.70999999999304, -1.459614656349104 
8.719999999993016, -1.4584342344349297 
8.729999999992993, -1.456610187970398 
8.73999999999297, -1.4542832104810732 
8.749999999992946, -1.4526321698763802 
8.759999999992923, -1.4544017849269124 
8.7699999999929, -1.461868076499639 
8.779999999992876, -1.4734899297859636 
8.789999999992853, -1.4852175568201016 
8.79999999999283, -1.4943650902219947 
8.809999999992806, -1.500465640349669 
8.819999999992783, -1.5041258756777254 
8.82999999999276, -1.5061168013126198 
8.839999999992736, -1.5070433734894844 
8.849999999992713, -1.5073051024432003 
8.85999999999269, -1.5071484747171935 
8.869999999992666, -1.5067352648758905 
8.879999999992643, -1.5062029757052993 
8.88999999999262, -1.5056963462673385 
8.899999999992596, -1.5053450341356012 
8.909999999992573, -1.5052103597967619 
8.91999999999255, -1.5052716438296412 
8.929999999992527, -1.5054572876134928 
8.939999999992503, -1.5056694597799254 
8.94999999999248, -1.5057993190118333 
8.959999999992457, -1.5057426646258514 
8.969999999992433, -1.5054007665991551 
8.97999999999241, -1.504663783961931 
8.989999999992387, -1.5033919091984482 
8.999999999992363, -1.5014068266572358 
9.00999999999234, -1.4985012420848058 
9.019999999992317, -1.494482271070528 
9.029999999992294, -1.489291084851869 
9.03999999999227, -1.4832563073264224 
9.049999999992247, -1.477384079165796 
9.059999999992224, -1.4731300444905284 
9.0699999999922, -1.471261280904366 
9.079999999992177, -1.4711510355313868 
9.089999999992154, -1.4716574793332817 
9.09999999999213, -1.4720803598713752 
9.109999999992107, -1.4721944378437795 
9.119999999992084, -1.4719563316597888 
9.12999999999206, -1.4713178734720578 
9.139999999992037, -1.4701516351980533 
9.149999999992014, -1.468260119259475 
9.15999999999199, -1.4656022781053748 
9.169999999991967, -1.4630619459678855 
9.179999999991944, -1.4634452184155329 
9.18999999999192, -1.470065321911606 
9.199999999991897, -1.4823002735782944 
9.209999999991874, -1.4955276538829185 
9.21999999999185, -1.506059301754706 
9.229999999991827, -1.5130547948362953 
9.239999999991804, -1.5171988710017414 
9.24999999999178, -1.5194297043552722 
9.259999999991757, -1.5204731578510047 
9.269999999991734, -1.5207946554962146 
9.27999999999171, -1.520671542116221 
9.289999999991688, -1.5202784398092155 
9.299999999991664, -1.5197589542167758 
9.309999999991641, -1.5192648080835292 
9.319999999991618, -1.5189346780392712 
9.329999999991594, -1.5188335047764931 
9.339999999991571, -1.5189344389395045 
9.349999999991548, -1.5191570144089939 
9.359999999991524, -1.5193991231576285 
9.369999999991501, -1.519551940909998 
9.379999999991478, -1.5195128543060892 
9.389999999991455, -1.519185265144984 
9.399999999991431, -1.5184621867652015 
9.409999999991408, -1.5172077185721102 
9.419999999991385, -1.5152484278316463 
9.429999999991361, -1.5123821255350745 
9.439999999991338, -1.5084204819821385 
9.449999999991315, -1.5033104345888904 
9.459999999991291, -1.49739454796611 
9.469999999991268, -1.4917019469290724 
9.479999999991245, -1.4876808174810265 
9.489999999991221, -1.486017711070469 
9.499999999991198, -1.4860096922392445 
9.509999999991175, -1.4865270799086745 
9.519999999991152, -1.486919604223962 
9.529999999991128, -1.4869916640236642 
9.539999999991105, -1.4867053435174062 
9.549999999991082, -1.486005239537677 
9.559999999991058, -1.4847540477010832 
9.569999999991035, -1.482766479185936 
9.579999999991012, -1.4801163106103647 
9.589999999990988, -1.4780229972742331 
9.599999999990965, -1.479595955950777 
9.609999999990942, -1.4875205120174477 
9.619999999990918, -1.499970017559827 
9.629999999990895, -1.5122764439911118 
9.639999999990872, -1.5215811325054054 
9.649999999990849, -1.5275848226353415 
9.659999999990825, -1.5310719837879654 
9.669999999990802, -1.5329027735587097 
9.679999999990779, -1.533706851028453 
9.689999999990755, -1.5338808038467318 
9.699999999990732, -1.5336629586214099 
9.709999999990709, -1.5332122856842199 
9.719999999990685, -1.5326709748237788 
9.729999999990662, -1.5321873157476356 
9.739999999990639, -1.531879760459897 
9.749999999990616, -1.5317868721263719 
9.759999999990592, -1.5318712438307318 
9.769999999990569, -1.5320533666459153 
9.779999999990546, -1.5322296867779497 
9.789999999990522, -1.5322881745496113 
9.799999999990499, -1.532122205589968 
9.809999999990476, -1.5316234701214122 
9.819999999990452, -1.5306584544984014 
9.829999999990429, -1.5290461556187693 
9.839999999990406, -1.5265495700612375 
9.849999999990382, -1.5228948096518622 
9.85999999999036, -1.5178548037484823 
9.869999999990336, -1.5114790289044413 
9.879999999990313, -1.5045111083719047 
9.88999999999029, -1.4985904430093373 
9.899999999990266, -1.495292929928804 
9.909999999990243, -1.494582175356783 
9.91999999999022, -1.4951138035055176 
9.929999999990196, -1.4957642328955405 
9.939999999990173, -1.49610637050222 
9.94999999999015, -1.496073060413583 
9.959999999990126, -1.4956600023176132 
9.969999999990103, -1.4948095220047388 
9.97999999999008, -1.4934025548064587 
9.989999999990056, -1.491408787163994 
9.999999999990033, -1.4894189539207179 
10.00999999999001, -1.4894403962261942 
10.019999999989986, -1.4941581395078853 
10.029999999989963, -1.5036301084853225 
10.03999999998994, -1.5145436497850688 
10.049999999989916, -1.523761529245222 
10.059999999989893, -1.5302438431709668 
10.06999999998987, -1.5343011889997986 
10.079999999989846, -1.53660469703645 
10.089999999989823, -1.5377475492698613 
10.0999999999898, -1.538147417665435 
10.109999999989776, -1.5380715585822575 
10.119999999989753, -1.5376929560044539 
10.12999999998973, -1.537147041861213 
10.139999999989707, -1.5365688785222789 
10.149999999989683, -1.536086546564704 
10.15999999998966, -1.5357805192507525 
10.169999999989637, -1.535664992750298 
10.179999999989613, -1.5357015296079202 
10.18999999998959, -1.5358073443647222 
10.199999999989567, -1.5358677525794167 
10.209999999989543, -1.535762453140556 
10.21999999998952, -1.5353729632202948 
10.229999999989497, -1.5345589082202626 
10.239999999989474, -1.5331219764459596 
10.24999999998945, -1.530776649813079 
10.259999999989427, -1.5271459048525888 
10.269999999989404, -1.5218230797764642 
10.27999999998938, -1.5146007253600915 
10.289999999989357, -1.5059977975391554 
10.299999999989334, -1.4978290760397155 
10.30999999998931, -1.492538401554063 
10.319999999989287, -1.4909075228401991 
10.329999999989264, -1.4914431296994852 
10.33999999998924, -1.4924253528081441 
10.349999999989217, -1.4930934887047407 
10.359999999989194, -1.4933205728666565 
10.36999999998917, -1.4931460032588801 
10.379999999989147, -1.4925818051887718 
10.389999999989124, -1.4915785640885575 
10.3999999999891, -1.4901047667374994 
10.409999999989077, -1.4884562082187587 
10.419999999989054, -1.4878417698415818 
10.42999999998903, -1.4903446643994862 
10.439999999989007, -1.4969029526592341 
10.449999999988984, -1.5056992980458184 
10.45999999998896, -1.5140283626201616 
10.469999999988937, -1.5204491266412665 
10.479999999988914, -1.5248049352136983 
10.48999999998889, -1.5274839614221802 
10.499999999988868, -1.5289549181319702 
10.509999999988844, -1.5296018198335415 
10.519999999988821, -1.5296967142845275 
10.529999999988798, -1.5294226930486017 
10.539999999988774, -1.5289133830635102 
10.549999999988751, -1.5282908663106645 
10.559999999988728, -1.5276799404150427 
10.569999999988704, -1.5271866735812085 
10.579999999988681, -1.5268706870593467 
10.589999999988658, -1.526740640793254 
10.599999999988635, -1.5267514945800251 
10.609999999988611, -1.5268032464617671 
10.619999999988588, -1.5267684903156422 
10.629999999988565, -1.526521192018427 
10.639999999988541, -1.5259279747076397 
10.649999999988518, -1.5248093827298494 
10.659999999988495, -1.5228947710898877 
10.669999999988471, -1.5197897527093924 
10.679999999988448, -1.514989005763516 
10.689999999988425, -1.5080199937988672 
10.699999999988401, -1.4988866796809053 
10.709999999988378, -1.488862605328626 
10.719999999988355, -1.4807293577339473 
10.729999999988332, -1.4767944174467684 
10.739999999988308, -1.4765009761158763 
10.749999999988285, -1.4776324962578735 
10.759999999988262, -1.4787071551872697 
10.769999999988238, -1.4793017220297762 
10.779999999988215, -1.4794302178907204 
10.789999999988192, -1.4791605057473507 
10.799999999988168, -1.4785027951315644 
10.809999999988145, -1.4774203044295628 
10.819999999988122, -1.4759630691017285 
10.829999999988098, -1.4746422114560909 
10.839999999988075, -1.4748851379532273 
10.849999999988052, -1.4784487875838086 
10.859999999988029, -1.485386928786569 
10.869999999988005, -1.4936022361622792 
10.879999999987982, -1.500931019338403 
10.889999999987959, -1.5064438312358583 
10.899999999987935, -1.5101503953660542 
10.909999999987912, -1.5124131915033843 
10.919999999987889, -1.5136292477960909 
10.929999999987865, -1.5141206624166705 
10.939999999987842, -1.5141182296576943 
10.949999999987819, -1.5137819618571486 
10.959999999987796, -1.5132355490279088 
10.969999999987772, -1.5125979413446546 
10.979999999987749, -1.51199025010999 
10.989999999987726, -1.5115114579106568 
10.999999999987702, -1.5112145294498673 
11.009999999987679, -1.511102549769677 
11.019999999987656, -1.5111232739878584 
11.029999999987632, -1.511171524085538 
11.039999999987609, -1.5111202633313776 
11.049999999987586, -1.5108457637950903 
11.059999999987562, -1.5102149529326125 
11.06999999998754, -1.5090473111225233 
11.079999999987516, -1.5070742947721316 
11.089999999987493, -1.5039146339237077 
11.09999999998747, -1.4990974541363444 
11.109999999987446, -1.4922116892752637 
11.119999999987423, -1.4833261916513545 
11.1299999999874, -1.4736927109898856 
11.139999999987376, -1.4658954635447112 
11.149999999987353, -1.4620372958957488 
11.15999999998733, -1.4616234411662614 
11.169999999987306, -1.4626193559622431 
11.179999999987283, -1.4636149907798937 
11.18999999998726, -1.4641754264755238 
11.199999999987236, -1.4642918398383125 
11.209999999987213, -1.4640174233436882 
11.21999999998719, -1.46335145416574 
11.229999999987166, -1.4622386247256416 
11.239999999987143, -1.4606832716555531 
11.24999999998712, -1.4591124941206681 
11.259999999987096, -1.4589344880036952 
11.269999999987073, -1.462216171780274 
11.27999999998705, -1.4695135178562928 
11.289999999987026, -1.478735317347024 
11.299999999987003, -1.4872421359830807 
11.30999999998698, -1.4937281248989824 
11.319999999986956, -1.4981046396949111 
11.329999999986933, -1.5007860769446353 
11.33999999998691, -1.5022539742188483 
11.349999999986887, -1.5028997103272317 
11.359999999986863, -1.5029990514180311 
11.36999999998684, -1.5027367537494094 
11.379999999986817, -1.5022476709263413 
11.389999999986793, -1.501655992884818 
11.39999999998677, -1.5010899338563826 
11.409999999986747, -1.5006573990705259 
11.419999999986723, -1.5004121965590431 
11.4299999999867, -1.500350179650628 
11.439999999986677, -1.5004185217142654 
11.449999999986654, -1.5005216166325346 
11.45999999998663, -1.5005422652078055 
11.469999999986607, -1.5003654134762525 
11.479999999986584, -1.4998750454354994 
11.48999999998656, -1.4989279423289128 
11.499999999986537, -1.4973250520395975 
11.509999999986514, -1.4947962687716696 
11.51999999998649, -1.4910150629073602 
11.529999999986467, -1.485679420684186 
11.539999999986444, -1.4787377898483447 
11.54999999998642, -1.4708251236141496 
11.559999999986397, -1.4636027274001306 
11.569999999986374, -1.4590226412281457 
11.57999999998635, -1.4575567072689515 
11.589999999986327, -1.45792497439991 
11.599999999986304, -1.4587093420434514 
11.60999999998628, -1.4592504377742097 
11.619999999986257, -1.4594082880719428 
11.629999999986234, -1.4591903476387111 
11.63999999998621, -1.458579600213029 
11.649999999986187, -1.4574884085315323 
11.659999999986164, -1.4558055701894166 
11.66999999998614, -1.4536657433760063 
11.679999999986117, -1.4521357882358665 
11.689999999986094, -1.4537124335099023 
11.69999999998607, -1.4605573150393043 
11.709999999986048, -1.4714167210931892 
11.719999999986024, -1.4825999773807628 
11.729999999986001, -1.4915048846746797 
11.739999999985978, -1.497564257109117 
11.749999999985954, -1.5012708492319442 
11.759999999985931, -1.5033272884162652 
11.769999999985908, -1.504310377532204 
11.779999999985884, -1.5046132142972963 
11.789999999985861, -1.5044835378567014 
11.799999999985838, -1.5040841101927147 
11.809999999985815, -1.50354980853707 
11.819999999985791, -1.5030208662963498 
11.829999999985768, -1.5026271990664604 
11.839999999985745, -1.5024391122865102 
11.849999999985721, -1.5024488707197012 
11.859999999985698, -1.502595341920612 
11.869999999985675, -1.5027859655429543 
11.879999999985651, -1.502911771559684 
11.889999999985628, -1.5028655537334255 
11.899999999985605, -1.5025458333906927 
11.909999999985581, -1.5018408258455866 
11.919999999985558, -1.5006076009944413 
11.929999999985535, -1.4986606869535013 
11.939999999985512, -1.4957789384803806 
11.949999999985488, -1.4917461342250014 
11.959999999985465, -1.4864666816493313 
11.969999999985442, -1.4802195245297678 
11.979999999985418, -1.473981241590517 
11.989999999985395, -1.469282201429913 
11.999999999985372, -1.4670731344146453 
12.009999999985348, -1.4668301566032156 
12.019999999985325, -1.4673481056561817 
12.029999999985302, -1.4678307090901248 
12.039999999985278, -1.468008421070777 
12.049999999985255, -1.4678336960543423 
12.059999999985232, -1.4672715526511166 
12.069999999985209, -1.4662152680964378 
12.079999999985185, -1.4644836019685752 
12.089999999985162, -1.4619977361946472 
12.099999999985139, -1.4594343172370687 
12.109999999985115, -1.459238291154525 
12.119999999985092, -1.4647780844868024 
12.129999999985069, -1.476204971267721 
12.139999999985045, -1.489364048390701 
12.149999999985022, -1.5002938214147803 
12.159999999984999, -1.507768345993616 
12.169999999984976, -1.512296554596802 
12.179999999984952, -1.5147902622749465 
12.189999999984929, -1.5160018234294816 
12.199999999984906, -1.5164291948445388 
12.209999999984882, -1.51637314994246 
12.219999999984859, -1.5160194884301617 
12.229999999984836, -1.5155120628657188 
12.239999999984812, -1.5149992733268582 
12.249999999984789, -1.514625716912576 
12.259999999984766, -1.5144745180763555 
12.269999999984742, -1.5145360931232341 
12.27999999998472, -1.5147386588674845 
12.289999999984696, -1.5149838820618482 
12.299999999984673, -1.5151634371330331 
12.30999999998465, -1.5151729704834112 
12.319999999984626, -1.5149159211483751 
12.329999999984603, -1.5142898807542577 
12.33999999998458, -1.5131676619173344 
12.349999999984556, -1.5113864029598516 
12.359999999984533, -1.5087521737566685 
12.36999999998451, -1.5050723220269397 
12.379999999984486, -1.5002512978286286 
12.389999999984463, -1.4945108208218156 
12.39999999998444, -1.4886955150893573 
12.409999999984416, -1.4842062021987457 
12.419999999984393, -1.4820058383978185 
12.42999999998437, -1.481694992930907 
12.439999999984346, -1.4821519991331533 
12.449999999984323, -1.4825950903963268 
12.4599999999843, -1.4827463321033816 
12.469999999984276, -1.4825486114053206 
12.479999999984253, -1.4819575881624019 
12.48999999998423, -1.4808546428859108 
12.499999999984206, -1.4790451255614046 
12.509999999984183, -1.4764571532322692 
12.51999999998416, -1.4738652248039699 
12.529999999984136, -1.4739361124677193 
12.539999999984113, -1.4800627651827296 
12.54999999998409, -1.4919214131823695 
12.559999999984067, -1.5050053483306507 
12.569999999984043, -1.5155314681434704 
12.57999999998402, -1.5225644898001982 
12.589999999983997, -1.5267479094700884 
12.599999999983973, -1.5290081024628606 
12.60999999998395, -1.5300701133930947 
12.619999999983927, -1.5304017150755764 
12.629999999983903, -1.5302827012038844 
12.63999999998388, -1.5298890932175702 
12.649999999983857, -1.529364341633104 
12.659999999983834, -1.5288582650769764 
12.66999999998381, -1.5285069328064123 
12.679999999983787, -1.5283751291815395 
12.689999999983764, -1.5284404374503795 
12.69999999998374, -1.5286282956754127 
12.709999999983717, -1.5288390761763808 
12.719999999983694, -1.5289624116283422 
12.72999999998367, -1.5288921314782185 
12.739999999983647, -1.5285260777066154 
12.749999999983624, -1.5277472395262959 
12.7599999999836, -1.5264018464579125 
12.769999999983577, -1.5242878608164045 
12.779999999983554, -1.5211638521403834 
12.78999999998353, -1.516801088469583 
12.799999999983507, -1.5111378859587492 
12.809999999983484, -1.5046078219241759 
12.81999999998346, -1.4984710115382969 
12.829999999983437, -1.494378280144248 
12.839999999983414, -1.4929161380926943 
12.84999999998339, -1.4931175212056569 
12.859999999983367, -1.493742183092137 
12.869999999983344, -1.4941667623593848 
12.87999999998332, -1.494237393598868 
12.889999999983297, -1.4939377772774818 
12.899999999983274, -1.4932232063370132 
12.90999999998325, -1.4919745009654493 
12.919999999983228, -1.4900687304227878 
12.929999999983204, -1.487755081063674 
12.939999999983181, -1.4865151236912166 
12.949999999983158, -1.4892859615875609 
12.959999999983134, -1.4976710949843244 
12.969999999983111, -1.5091682081177953 
12.979999999983088, -1.5198352658718706 
12.989999999983064, -1.527710943018223 
12.999999999983041, -1.5327761945123124 
13.009999999983018, -1.5357250486011953 
13.019999999982995, -1.5372622018881077 
13.029999999982971, -1.5379033740019143 
13.039999999982948, -1.5379799669945922 
13.049999999982925, -1.5376984679318138 
13.059999999982901, -1.537205230351206 
13.069999999982878, -1.5366369522045322 
13.079999999982855, -1.5361318896242326 
13.089999999982831, -1.5357927531060411 
13.099999999982808, -1.5356513811672023 
13.109999999982785, -1.5356779541033911 
13.119999999982761, -1.5357995810783005 
13.129999999982738, -1.5359101699359128 
13.139999999982715, -1.5358918192795328 
13.149999999982692, -1.5356303465772387 
13.159999999982668, -1.5350020573287924 
13.169999999982645, -1.5338425890055492 
13.179999999982622, -1.53191786384266 
13.189999999982598, -1.5289123844665153 
13.199999999982575, -1.5244598739342408 
13.209999999982552, -1.5182816367570218 
13.219999999982528, -1.51055404588834 
13.229999999982505, -1.5024830081376515 
13.239999999982482, -1.4962859846167165 
13.249999999982458, -1.4934932409802346 
13.259999999982435, -1.4933927385252654 
13.269999999982412, -1.4942484380118566 
13.279999999982389, -1.4949941107772036 
13.289999999982365, -1.4953356396946293 
13.299999999982342, -1.4952728219970661 
13.309999999982319, -1.494824165271279 
13.319999999982295, -1.493947104498859 
13.329999999982272, -1.492568179791301 
13.339999999982249, -1.4907964179992017 
13.349999999982225, -1.4894792728310993 
13.359999999982202, -1.490643313476447 
13.369999999982179, -1.4961092825028843 
13.379999999982156, -1.5049430303931686 
13.389999999982132, -1.5141831092500102 
13.399999999982109, -1.5216899665837402 
13.409999999982086, -1.526929272557252 
13.419999999982062, -1.5302230772589762 
13.429999999982039, -1.5320934495652065 
13.439999999982016, -1.5329946690151641 
13.449999999981992, -1.5332538092593786 
13.459999999981969, -1.5330883250238898 
13.469999999981946, -1.532647678973123 
13.479999999981922, -1.5320574566345617 
13.4899999999819, -1.5314451846715886 
13.499999999981876, -1.530927962141423 
13.509999999981853, -1.5305793627696969 
13.51999999998183, -1.5304184337661728 
13.529999999981806, -1.5304130052144653 
13.539999999981783, -1.5304771573684928 
13.54999999998176, -1.5304890384557241 
13.559999999981736, -1.5303228534056872 
13.569999999981713, -1.5298520923584273 
13.57999999998169, -1.5289181556772253 
13.589999999981666, -1.5272869447945223 
13.599999999981643, -1.524612909665853 
13.60999999998162, -1.5204349367644794 
13.619999999981596, -1.5142659741920446 
13.629999999981573, -1.5059169269604111 
13.63999999998155, -1.4961900837542639 
13.649999999981526, -1.4874410708263557 
13.659999999981503, -1.4823511262657203 
13.66999999998148, -1.481240170318596 
13.679999999981456, -1.4821326765419034 
13.689999999981433, -1.4832585415863422 
13.69999999998141, -1.4839651728528158 
13.709999999981386, -1.4841956799578875 
13.719999999981363, -1.484016635616289 
13.72999999998134, -1.4834519512701585 
13.739999999981316, -1.482467353789854 
13.749999999981293, -1.4810652860797267 
13.75999999998127, -1.4795975750650483 
13.769999999981247, -1.4792759025862456 
13.779999999981223, -1.4819677063480436 
13.7899999999812, -1.4882992098220194 
13.799999999981177, -1.496499898845769 
13.809999999981153, -1.5041951374058313 
13.81999999998113, -1.510153748142316 
13.829999999981107, -1.5142383247052282 
13.839999999981083, -1.5167798670237433 
13.84999999998106, -1.5181885853703037 
13.859999999981037, -1.5188095357144453 
13.869999999981014, -1.5188936287059112 
13.87999999998099, -1.5186138729782732 
13.889999999980967, -1.5180989123300535 
13.899999999980944, -1.5174672242619567 
13.90999999998092, -1.5168407295907627 
13.919999999980897, -1.5163254255587204 
13.929999999980874, -1.5159847220185307 
13.93999999998085, -1.5158328043775646 
13.949999999980827, -1.5158294827863072 
13.959999999980804, -1.5158775023269986 
13.96999999998078, -1.5158498651488663 
13.979999999980757, -1.5156206044428193 
13.989999999980734, -1.5150588420970268 
13.99999999998071, -1.513991943459548 
14.009999999980687, -1.512161573153349 
14.019999999980664, -1.50919143965978 
14.02999999998064, -1.5045961484119994 
14.039999999980617, -1.497905365457616 
14.049999999980594, -1.4890532088687891 
14.05999999998057, -1.479109424490595 
14.069999999980547, -1.4706436227374184 
14.079999999980524, -1.4661132958800285 
14.0899999999805, -1.4653810671596943 
14.099999999980477, -1.4663679982422244 
14.109999999980454, -1.4674599084926665 
14.11999999998043, -1.4681145727192642 
14.129999999980408, -1.4683040085878112 
14.139999999980384, -1.4680923909775918 
14.149999999980361, -1.4674952418933151 
14.159999999980338, -1.466470199370079 
14.169999999980314, -1.4650143946834857 
14.179999999980291, -1.4634842385379072 
14.189999999980268, -1.4631255160470868 
14.199999999980244, -1.4658969030421283 
14.209999999980221, -1.4725316178069936 
14.219999999980198, -1.4812363007898024 
14.229999999980175, -1.4894762316865005 
14.239999999980151, -1.4958837838817058 
14.249999999980128, -1.5002811378898242 
14.259999999980105, -1.503020034388455 
14.269999999980081, -1.504548157029498 
14.279999999980058, -1.5052429722818241 
14.289999999980035, -1.5053771974822217 
14.299999999980011, -1.5051362775223276 
14.309999999979988, -1.5046548630216285 
14.319999999979965, -1.5040544642506548 
14.329999999979941, -1.5034606642988693 
14.339999999979918, -1.502983711548625 
14.349999999979895, -1.502686120325046 
14.359999999979872, -1.5025752193765842 
14.369999999979848, -1.5026079154669651 
14.379999999979825, -1.502692802779721 
14.389999999979802, -1.5027109512040755 
14.399999999979778, -1.5025434726922684 
14.409999999979755, -1.502071349250644 
14.419999999979732, -1.5011480199715594 
14.429999999979708, -1.4995663233741678 
14.439999999979685, -1.497037159175312 
14.449999999979662, -1.493198343823949 
14.459999999979638, -1.4876943009542842 
14.469999999979615, -1.4804148475149237 
14.479999999979592, -1.4719772026110571 
14.489999999979569, -1.464146404425655 
14.499999999979545, -1.459101903460533 
14.509999999979522, -1.4574604301247833 
14.519999999979499, -1.4578616504146131 
14.529999999979475, -1.4587394612138591 
14.539999999979452, -1.4593618359970923 
14.549999999979429, -1.4595791892313872 
14.559999999979405, -1.4594107473516242 
14.569999999979382, -1.4588560068738174 
14.579999999979359, -1.457846841749356 
14.589999999979335, -1.456292064823443 
14.599999999979312, -1.4543225697001354 
14.609999999979289, -1.4529085622757312 
14.619999999979266, -1.4543202373143478 
14.629999999979242, -1.4605846489591907 
14.639999999979219, -1.4706762068763726 
14.649999999979196, -1.4812510772702518 
14.659999999979172, -1.4898297552745023 
14.669999999979149, -1.4957783722925333 
14.679999999979126, -1.4994854883418454 
14.689999999979102, -1.5015811397957919 
14.69999999997908, -1.5026065670449746 
14.709999999979056, -1.502942678780689 
14.719999999979033, -1.5028352231895612 
14.72999999997901, -1.502446759437381 
14.739999999978986, -1.501909596132614 
14.749999999978963, -1.5013594790690077 
14.75999999997894, -1.5009252628187826 
14.769999999978916, -1.5006841690652815 
14.779999999978893, -1.5006405137861376 
14.78999999997887, -1.5007441060598885 
14.799999999978846, -1.500908315091094 
14.809999999978823, -1.5010242943443992 
14.8199999999788, -1.5009816763176165 
14.829999999978776, -1.5006756894768725 
14.839999999978753, -1.4999915450514423 
14.84999999997873, -1.4987812930917512 
14.859999999978706, -1.4968490852498817 
14.869999999978683, -1.4939551270860956 
14.87999999997866, -1.4898546202353267 
14.889999999978636, -1.4844140195828919 
14.899999999978613, -1.4778739463895412 
14.90999999997859, -1.4712089034693583 
14.919999999978566, -1.4660470350085402 
14.929999999978543, -1.4635130524640387 
14.93999999997852, -1.463158807940556 
14.949999999978496, -1.4637016309208475 
14.959999999978473, -1.4642486295080241 
14.96999999997845, -1.4644887532268036 
14.979999999978427, -1.4643717850955904 
14.989999999978403, -1.4638755623060162 
14.99999999997838, -1.4629131780222973 
15.009999999978357, -1.4613239175625892 
15.019999999978333, -1.4590188926496095 
15.02999999997831, -1.4565439360665011 
15.039999999978287, -1.456042953623808 
15.049999999978263, -1.4607690620011102 
15.05999999997824, -1.4713651088274848 
15.069999999978217, -1.4841874199905456 
15.079999999978194, -1.4952289528333724 
15.08999999997817, -1.5029874760092812 
15.099999999978147, -1.5077920837188858 
15.109999999978124, -1.5104948627576014 
15.1199999999781, -1.5118481150273941 
15.129999999978077, -1.5123674583003104 
15.139999999978054, -1.5123704752426788 
15.14999999997803, -1.5120524015932717 
15.159999999978007, -1.511557839928276 
15.169999999977984, -1.5110312150593932 
15.17999999997796, -1.5106186708121536 
15.189999999977937, -1.510416567730435 
15.199999999977914, -1.5104319293423485 
15.20999999997789, -1.5106037197666609 
15.219999999977867, -1.5108389075059725 
15.229999999977844, -1.5110303678591528 
15.23999999997782, -1.511071852272808 
15.249999999977797, -1.5108653690156317 
15.259999999977774, -1.5103102329962779 
15.26999999997775, -1.5092837977846134 
15.279999999977727, -1.507628409499592 
15.289999999977704, -1.5051528084284698 
15.29999999997768, -1.5016580529045451 
15.309999999977657, -1.497017599171732 
15.319999999977634, -1.4913701322883324 
15.32999999997761, -1.4854256440018292 
15.339999999977588, -1.4805279046294746 
15.349999999977564, -1.477834317301465 
15.359999999977541, -1.477218565509368 
15.369999999977518, -1.4776001159878471 
15.379999999977494, -1.4780835620874264 
15.389999999977471, -1.4783064158328587 
15.399999999977448, -1.4781875080252247 
15.409999999977424, -1.4776904029616347 
15.419999999977401, -1.476716037730402 
15.429999999977378, -1.4750787739104285 
15.439999999977355, -1.4726334705584605 
15.449999999977331, -1.4698437814393401 
15.459999999977308, -1.4688808933253008 
15.469999999977285, -1.4733422599172197 
15.479999999977261, -1.4842049826072636 
15.489999999977238, -1.4975930832052455 
15.499999999977215, -1.5090851752709056 
15.509999999977191, -1.5170595553331196 
15.519999999977168, -1.5219217276066492 
15.529999999977145, -1.5246137213481754 
15.539999999977121, -1.5259379944181277 
15.549999999977098, -1.5264294087822243 
15.559999999977075, -1.5264103068875916 
15.569999999977052, -1.5260767356380704 
15.579999999977028, -1.5255753879597669 
15.589999999977005, -1.5250545328640794 
15.599999999976982, -1.5246609174631438 
15.609999999976958, -1.5244837614155178 
15.619999999976935, -1.5245199258235638 
15.629999999976912, -1.524701894362277 
15.639999999976888, -1.5249333971611634 
15.649999999976865, -1.5251056818523454 
15.659999999976842, -1.5251120980111295 
15.669999999976818, -1.5248530970546859 
15.679999999976795, -1.5242221530278113 
15.689999999976772, -1.5230846572566845 
15.699999999976749, -1.5212642868905943 
15.709999999976725, -1.518545682350912 
15.719999999976702, -1.5147080759785694 
15.729999999976679, -1.5096315855847193 
15.739999999976655, -1.5035478441156345 
15.749999999976632, -1.497390440410236 
15.759999999976609, -1.49270763255818 
15.769999999976585, -1.4905142062410666 
15.779999999976562, -1.4903019925178014 
15.789999999976539, -1.4908398866220323 
15.799999999976515, -1.4913227173912538 
15.809999999976492, -1.4914876633206229 
15.819999999976469, -1.4912924935039216 
15.829999999976446, -1.4907024139567322 
15.839999999976422, -1.4896106030925138 
15.849999999976399, -1.4878548617294394 
15.859999999976376, -1.4854567502578242 
15.869999999976352, -1.4833689706411128 
15.879999999976329, -1.4842876048985965 
15.889999999976306, -1.4909909270725963 
15.899999999976282, -1.5024070084980576 
15.90999999997626, -1.5142958339201713 
15.919999999976236, -1.5236319357473804 
15.929999999976213, -1.529837161092439 
15.93999999997619, -1.533536120871819 
15.949999999976166, -1.5355329086743414 
15.959999999976143, -1.5364517369839938 
15.96999999997612, -1.5367002606782219 
15.979999999976096, -1.536527962462463 
15.989999999976073, -1.536098211371945 
15.99999999997605, -1.5355498506978056 
16.009999999976028, -1.5350264257197823 
16.019999999976005, -1.5346511460992318 
16.02999999997598, -1.5344789106331922 
16.039999999975958, -1.5344910489572192 
16.049999999975935, -1.5346217500055597 
16.05999999997591, -1.5347729239362915 
16.069999999975888, -1.5348300589809507 
16.079999999975865, -1.5346810660497983 
16.08999999997584, -1.5342130615339824 
16.099999999975818, -1.5332872874432717 
16.109999999975795, -1.5317112188439013 
16.11999999997577, -1.529222984437375 
16.129999999975748, -1.52550410649598 
16.139999999975725, -1.5202605951473633 
16.1499999999757, -1.5134642353184995 
16.15999999997568, -1.5058268738886755 
16.169999999975655, -1.4991209750615915 
16.17999999997563, -1.495232888292851 
16.18999999997561, -1.4943124005326809 
16.199999999975585, -1.4948939115760151 
16.20999999997556, -1.4956636275612005 
16.21999999997554, -1.4961101939323374 
16.229999999975515, -1.4961596568263755 
16.239999999975492, -1.4958266323708203 
16.24999999997547, -1.495079772408912 
16.259999999975445, -1.4938287930682141 
16.269999999975422, -1.4920511851284541 
16.2799999999754, -1.4902409329452753 
16.289999999975375, -1.4901112091895787 
16.299999999975352, -1.4940856546623753 
16.30999999997533, -1.5024784834429803 
16.319999999975305, -1.512512998674381 
16.329999999975282, -1.5212682839315232 
16.33999999997526, -1.5276092985881893 
16.349999999975235, -1.531689583499247 
16.359999999975212, -1.5340713385144211 
16.36999999997519, -1.5352939536513937 
16.379999999975166, -1.5357564370389112 
16.389999999975142, -1.535723365431482 
16.39999999997512, -1.5353683608593787 
16.409999999975096, -1.5348242649367434 
16.419999999975072, -1.5342205487560694 
16.42999999997505, -1.5336841079939538 
16.439999999975026, -1.5333050982983525 
16.449999999975002, -1.533114744487577 
16.45999999997498, -1.5330914917554277 
16.469999999974956, -1.5331636367675732 
16.479999999974932, -1.533218288772287 
16.48999999997491, -1.5331309384299998 
16.499999999974886, -1.532779757428804 
16.509999999974863, -1.532024254385285 
16.51999999997484, -1.530665727813324 
16.529999999974816, -1.5284104965257408 
16.539999999974793, -1.524854991848399 
16.54999999997477, -1.519534223646262 
16.559999999974746, -1.5121374244288908 
16.569999999974723, -1.5030485963720168 
16.5799999999747, -1.494041048956647 
16.589999999974676, -1.4878329830805397 
16.599999999974653, -1.485651846696655 
16.60999999997463, -1.4860913864367633 
16.619999999974606, -1.4871910460388567 
16.629999999974583, -1.4880018012016032 
16.63999999997456, -1.4883435691881675 
16.649999999974536, -1.488264176021529 
16.659999999974513, -1.487798847874906 
16.66999999997449, -1.4869197944212684 
16.679999999974466, -1.4855924643344465 
16.689999999974443, -1.4840181314947294 
16.69999999997442, -1.4831497186140612 
16.709999999974396, -1.4848635274310227 
16.719999999974373, -1.4904135827065528 
16.72999999997435, -1.4985643766093344 
16.739999999974327, -1.5067593479871957 
16.749999999974303, -1.5133499285250245 
16.75999999997428, -1.5179712272289454 
16.769999999974257, -1.5209034324070374 
16.779999999974233, -1.5225774619889576 
16.78999999997421, -1.5233738944231656 
16.799999999974187, -1.5235742090068847 
16.809999999974163, -1.523371621052974 
16.81999999997414, -1.5229040245622003 
16.829999999974117, -1.522291133013336 
16.839999999974093, -1.5216556274808926 
16.84999999997407, -1.5211105516763657 
16.859999999974047, -1.5207301829284214 
16.869999999974024, -1.52053937332154 
16.879999999974, -1.5205106489209794 
16.889999999973977, -1.5205580226916635 
16.899999999973954, -1.5205573608512775 
16.90999999997393, -1.5203809949127256 
16.919999999973907, -1.5199007660505512 
16.929999999973884, -1.5189552338657262 
16.93999999997386, -1.517304491490981 
16.949999999973837, -1.5145922093846593 
16.959999999973814, -1.5103403504988102 
16.96999999997379, -1.504040810454396 
16.979999999973767, -1.4954866337323913 
16.989999999973744, -1.4854777450804244 
16.99999999997372, -1.4764015637429326 
17.009999999973697, -1.4710254755231957 
17.019999999973674, -1.4697634326282483 
17.02999999997365, -1.470638118603064 
17.039999999973627, -1.471806795611553 
17.049999999973604, -1.472564237697989 
17.05999999997358, -1.4728382571123393 
17.069999999973557, -1.4726980097619464 
17.079999999973534, -1.4721744850204381 
17.08999999997351, -1.4712369116162163 
17.099999999973488, -1.4698703069982408 
17.109999999973464, -1.4683500247357837 
17.11999999997344, -1.4677501197245584 
17.129999999973418, -1.4699431001258292 
17.139999999973394, -1.475909733825479 
17.14999999997337, -1.4841916868787983 
17.159999999973348, -1.4923089526441282 
17.169999999973324, -1.498769365232742 
17.1799999999733, -1.5032821866408943 
17.189999999973278, -1.5061398783754145 
17.199999999973254, -1.5077666411244834 
17.20999999997323, -1.5085348229480005 
17.219999999973208, -1.5087198975285634 
17.229999999973185, -1.508511465171401 
17.23999999997316, -1.508045876449421 
17.249999999973138, -1.5074429073173263 
17.259999999973115, -1.5068260322982505 
17.26999999997309, -1.5063082335834739 
17.279999999973068, -1.5059607692397616 
17.289999999973045, -1.505802266592949 
17.29999999997302, -1.5058001021571688 
17.309999999972998, -1.5058687322568132 
17.319999999972975, -1.5058885830353599 
17.32999999997295, -1.5057372066672594 
17.339999999972928, -1.5052933144627423 
17.349999999972905, -1.5044093045840603 
17.35999999997288, -1.5028741914306116 
17.36999999997286, -1.5003857076749667 
17.379999999972835, -1.496551366706383 
17.38999999997281, -1.4909621605916188 
17.39999999997279, -1.4834357932523399 
17.409999999972765, -1.4745369606943526 
17.41999999997274, -1.4660937285294782 
17.42999999997272, -1.4605197991125665 
17.439999999972695, -1.4586397704495428 
17.449999999972672, -1.4590496393317793 
17.45999999997265, -1.4600218635478983 
17.469999999972625, -1.4607325761088163 
17.479999999972602, -1.4610150336824848 
17.48999999997258, -1.4608989339440475 
17.499999999972555, -1.4604000694479138 
17.509999999972532, -1.45946855919165 
17.51999999997251, -1.4580299402627481 
17.529999999972485, -1.4562069537437514 
17.539999999972462, -1.454875298039687 
17.54999999997244, -1.4560987404456012 
17.559999999972415, -1.4617909449920332 
17.569999999972392, -1.471139126457817 
17.57999999997237, -1.4811155039602744 
17.589999999972346, -1.4893575817915627 
17.599999999972322, -1.495177139621884 
17.6099999999723, -1.4988690474216864 
17.619999999972276, -1.5009939514505448 
17.629999999972252, -1.5020564022666714 
17.63999999997223, -1.5024230633526592 
17.649999999972206, -1.502336253833211 
17.659999999972182, -1.5019577959808634 
17.66999999997216, -1.501417593925677 
17.679999999972136, -1.5008471663532936 
17.689999999972112, -1.5003738352874771 
17.69999999997209, -1.5000805841496887 
17.709999999972066, -1.4999830552710551 
17.719999999972043, -1.5000421814668068 
17.72999999997202, -1.5001777669008511 
17.739999999971996, -1.5002813376062842 
17.749999999971973, -1.5002392753349991 
17.75999999997195, -1.4999432443936491 
17.769999999971926, -1.499275015602942 
17.779999999971903, -1.4980807325196914 
17.78999999997188, -1.4961522217276424 
17.799999999971856, -1.4932273253466113 
17.809999999971833, -1.4890272953223376 
17.81999999997181, -1.4833762755917177 
17.829999999971786, -1.4764800334552297 
17.839999999971763, -1.4693292772143203 
17.84999999997174, -1.4636746248973582 
17.859999999971716, -1.4608196850179904 
17.869999999971693, -1.4603727287108108 
17.87999999997167, -1.4609555613133112 
17.889999999971646, -1.461574059265165 
17.899999999971623, -1.4618775697549018 
17.9099999999716, -1.4618150697529186 
17.919999999971576, -1.461377392219254 
17.929999999971553, -1.4604965573431161 
17.93999999997153, -1.459033697629128 
17.949999999971507, -1.4569048447126907 
17.959999999971483, -1.4545744991229586 
17.96999999997146, -1.4539444799428403 
17.979999999971437, -1.4580708692226723 
17.989999999971413, -1.4678666796151514 
17.99999999997139, -1.4801648645926562 
18.009999999971367, -1.4910747123769887 
18.019999999971343, -1.49893168113899 
18.02999999997132, -1.503901663015107 
18.039999999971297, -1.5067548507140924 
18.049999999971273, -1.5082201431287596 
18.05999999997125, -1.5088159173138045 
18.069999999971227, -1.5088691056643166 
18.079999999971204, -1.5085817296568522 
18.08999999997118, -1.5080991120376157 
18.099999999971157, -1.5075616575923523 
18.109999999971134, -1.5071142634910066 
18.11999999997111, -1.5068620595180544 
18.129999999971087, -1.5068268494443726 
18.139999999971064, -1.5069595702176652 
18.14999999997104, -1.5071740241717473 
18.159999999971017, -1.5073651058596869 
18.169999999970994, -1.5074247407221377 
18.17999999997097, -1.5072525911122954 
18.189999999970947, -1.5067476924709668 
18.199999999970924, -1.5057888179594543 
18.2099999999709, -1.5042192225300561 
18.219999999970877, -1.5018452122481671 
18.229999999970854, -1.4984578158756077 
18.23999999997083, -1.493903516505566 
18.249999999970807, -1.4882605051034412 
18.259999999970784, -1.482144361008632 
18.26999999997076, -1.476856973188891 
18.279999999970737, -1.4737047586165415 
18.289999999970714, -1.4727953312165547 
18.29999999997069, -1.473098336439754 
18.309999999970668, -1.473617562385602 
18.319999999970644, -1.4739069872848922 
18.32999999997062, -1.473859081618101 
18.339999999970598, -1.4734430255370792 
18.349999999970574, -1.4725783832508297 
18.35999999997055, -1.4710968830039535 
18.369999999970528, -1.4688242963955047 
18.379999999970504, -1.4660255063886445 
18.38999999997048, -1.4644374940715772 
18.399999999970458, -1.4675477713784462 
18.409999999970434, -1.4772541071747265 
18.41999999997041, -1.4905299928633704 
18.429999999970388, -1.502666739812011 
18.439999999970365, -1.5114203898285927 
18.44999999997034, -1.5168958993167294 
18.459999999970318, -1.5199966228139983 
18.469999999970295, -1.5215750795414018 
18.47999999997027, -1.522222453354292 
18.489999999970248, -1.5223008327401188 
18.499999999970225, -1.5220272308244946 
18.5099999999702, -1.5215534845799 
18.519999999970178, -1.5210251832803503 
18.529999999970155, -1.5205936677508833 
18.53999999997013, -1.5203678625587214 
18.549999999970108, -1.5203658068727388 
18.559999999970085, -1.520530145479301 
18.56999999997006, -1.520768551993651 
18.57999999997004, -1.5209740235859075 
18.589999999970015, -1.5210390795601234 
18.59999999996999, -1.5208644464550285 
18.60999999996997, -1.5203495894765129 
18.619999999969945, -1.5193727509881982 
18.62999999996992, -1.5177756471710455 
18.6399999999699, -1.5153619909382752 
18.649999999969875, -1.5119200664270072 
18.659999999969852, -1.5072991410397645 
18.66999999996983, -1.5016025918843343 
18.679999999969805, -1.4955143704962783 
18.689999999969782, -1.4904124021944953 
18.69999999996976, -1.4875577493522645 
18.709999999969735, -1.4868875502659644 
18.719999999969712, -1.4872851118617159 
18.72999999996969, -1.4878001632417035 
18.739999999969665, -1.488048299756279 
18.749999999969642, -1.4879481166504651 
18.75999999996962, -1.4874693887296 
18.769999999969595, -1.486522219208759 
18.779999999969572, -1.4849376142111144 
18.78999999996955, -1.482606523257876 
18.799999999969526, -1.4800574274068516 
18.809999999969502, -1.479484173348915 
18.81999999996948, -1.4842416486522156 
18.829999999969456, -1.4948847115312605 
18.839999999969432, -1.5075615385081553 
18.84999999996941, -1.5182806809181724 
18.859999999969386, -1.5256935387688269 
18.869999999969362, -1.5302231799349142 
18.87999999996934, -1.5327362778885592 
18.889999999969316, -1.5339657083902942 
18.899999999969292, -1.5344035708456754 
18.90999999996927, -1.534350384947215 
18.919999999969246, -1.5339927949071006 
18.929999999969223, -1.5334741135504553 
18.9399999999692, -1.5329391764516909 
18.949999999969176, -1.532526622819808 
18.959999999969153, -1.5323170966285127 
18.96999999996913, -1.5323081896625081 
18.979999999969106, -1.532440408941882 
18.989999999969083, -1.532621862440236 
18.99999999996906, -1.5327419311836517 
19.009999999969036, -1.5326895059188264 
19.019999999969013, -1.5323577843989937 
19.02999999996899, -1.5316260066309755 
19.039999999968966, -1.5303334243157947 
19.049999999968943, -1.5282616085010778 
19.05999999996892, -1.5251370872627779 
19.069999999968896, -1.5206784104047508 
19.079999999968873, -1.514750780058427 
19.08999999996885, -1.5077203635604746 
19.099999999968826, -1.500878848780809 
19.109999999968803, -1.4961112150248288 
19.11999999996878, -1.4942830005809244 
19.129999999968756, -1.4944381092812484 
19.139999999968733, -1.4951557887872553 
19.14999999996871, -1.4956863217197018 
19.159999999968687, -1.4958441908094244 
19.169999999968663, -1.4956240469795508 
19.17999999996864, -1.4950052489830346 
19.189999999968617, -1.493898718772017 
19.199999999968593, -1.492205190397422 
19.20999999996857, -1.4901311590626993 
19.219999999968547, -1.488928966469384 
19.229999999968523, -1.4911814609891212 
19.2399999999685, -1.4985222390199107 
19.249999999968477, -1.5089905554368082 
19.259999999968453, -1.519033735850339 
19.26999999996843, -1.5266746920853846 
19.279999999968407, -1.531727029890035 
19.289999999968384, -1.5347479614218231 
19.29999999996836, -1.5363693607672937 
19.309999999968337, -1.537079397361009 
19.319999999968314, -1.5372042217819049 
19.32999999996829, -1.5369516448626066 
19.339999999968267, -1.5364672826383703 
19.349999999968244, -1.5358827115360472 
19.35999999996822, -1.5353319693008793 
19.369999999968197, -1.5349231467529847 
19.379999999968174, -1.5347036239103609 
19.38999999996815, -1.5346614852527263 
19.399999999968127, -1.5347370452740035 
19.409999999968104, -1.5348284549835893 
19.41999999996808, -1.5348143756201638 
19.429999999968057, -1.5345757058710947 
19.439999999968034, -1.5339858137430786 
19.44999999996801, -1.5328768780161652 
19.459999999967987, -1.5310041001404306 
19.469999999967964, -1.5280248950261497 
19.47999999996794, -1.5235199795142584 
19.489999999967917, -1.5171260649829041 
19.499999999967894, -1.5089181880800957 
19.50999999996787, -1.500067891474113 
19.519999999967848, -1.4929880921614322 
19.529999999967824, -1.489595955403439 
19.5399999999678, -1.4893363129154777 
19.549999999967778, -1.490284306676128 
19.559999999967754, -1.4911700292010812 
19.56999999996773, -1.4916263480644336 
19.579999999967708, -1.4916541337579672 
19.589999999967684, -1.4912936547242466 
19.59999999996766, -1.490527272474884 
19.609999999967638, -1.489297873845348 
19.619999999967614, -1.4876793600470506 
19.62999999996759, -1.4863418066052045 
19.639999999967568, -1.4870191378604845 
19.649999999967545, -1.4915383100222366 
19.65999999996752, -1.4994640992804515 
19.669999999967498, -1.5082184593251504 
19.679999999967475, -1.5156261760136713 
19.68999999996745, -1.5209681645045916 
19.699999999967428, -1.524427641526041 
19.709999999967405, -1.5264567337247976 
19.71999999996738, -1.5274847139954342 
19.729999999967358, -1.5278362901798834 
19.739999999967335, -1.5277341220308567 
19.74999999996731, -1.5273312147750668 
19.759999999967288, -1.5267511864433039 
19.769999999967265, -1.5261174605452235 
19.77999999996724, -1.5255497923672392 
19.78999999996722, -1.5251342887712307 
19.799999999967195, -1.524906462147667 
19.80999999996717, -1.524850963927244 
19.81999999996715, -1.5248955342856632 
19.829999999967125, -1.5249224860312818 
19.8399999999671, -1.524803493640434 
19.84999999996708, -1.5244127747513576 
19.859999999967055, -1.5236014172330556 
19.869999999967032, -1.5221533642484366 
19.87999999996701, -1.5197441400545155 
19.889999999966985, -1.5159238208917025 
19.899999999966962, -1.51017521279472 
19.90999999996694, -1.5021703154872492 
19.919999999966915, -1.492393745952191 
19.929999999966892, -1.4828759524726511 
19.93999999996687, -1.476540808994685 
19.949999999966845, -1.4745004232396433 
19.959999999966822, -1.4751062979354963 
19.9699999999668, -1.4763078686505817 
19.979999999966775, -1.4771712523574612 
19.989999999966752, -1.477541856941628 
19.99999999996673, -1.4774828203207844 
20.009999999966706, -1.4770390405098432 
20.019999999966682, -1.4761912379857072 
20.02999999996666, -1.4749110310788134 
20.039999999966636, -1.4733875883789336 
20.049999999966612, -1.472509320615167 
20.05999999996659, -1.4740550187578412 
20.069999999966566, -1.4793080523986188 
20.079999999966542, -1.4872234552141161 
20.08999999996652, -1.495357631486862 
20.099999999966496, -1.5020206436658796 
20.109999999966472, -1.5067667456494873 
20.11999999996645, -1.5098236777703167 
20.129999999966426, -1.5116008900705658 
20.139999999966403, -1.5124755017721947 
20.14999999996638, -1.5127331275807627 
20.159999999966356, -1.5125722981337248 
20.169999999966333, -1.5121338355146368 
20.17999999996631, -1.5115371107234856 
20.189999999966286, -1.5109039634728305 
20.199999999966263, -1.5103503614850964 
20.20999999996624, -1.5099563792134245 
20.219999999966216, -1.5097517041147364 
20.229999999966193, -1.509714883999111 
20.23999999996617, -1.5097684509836864 
20.249999999966146, -1.5097940036981468 
20.259999999966123, -1.509666039385031 
20.2699999999661, -1.509261682068021 
20.279999999966076, -1.5084348949472897 
20.289999999966053, -1.5069764323977048 
20.29999999996603, -1.5045796560891769 
20.309999999966006, -1.5008323406172388 
20.319999999965983, -1.4952787610333362 
20.32999999996596, -1.4876539339957244 
20.339999999965936, -1.4784226898011164 
20.349999999965913, -1.4693997132018866 
20.35999999996589, -1.4632123968462225 
20.369999999965867, -1.4609835410916432 
20.379999999965843, -1.4613455347782947 
20.38999999996582, -1.4624026108960577 
20.399999999965797, -1.4632083465056394 
20.409999999965773, -1.4635637169755247 
20.41999999996575, -1.4635052285344659 
20.429999999965727, -1.4630644637010812 
20.439999999965703, -1.4622086014983589 
20.44999999996568, -1.460875949815295 
20.459999999965657, -1.4591733884005504 
20.469999999965633, -1.4578767320557937 
20.47999999996561, -1.4588605347464372 
20.489999999965587, -1.4639687725175579 
20.499999999965564, -1.4726181414689488 
20.50999999996554, -1.4820613484630276 
20.519999999965517, -1.490017216778188 
20.529999999965494, -1.4957362365062716 
20.53999999996547, -1.4994272648942355 
20.549999999965447, -1.5015891083009738 
20.559999999965424, -1.502693426383848 
20.5699999999654, -1.5030939915028017 
20.579999999965377, -1.5030301547104918 
20.589999999965354, -1.5026633183438936 
20.59999999996533, -1.502121390925625 
20.609999999965307, -1.5015320766194267 
20.619999999965284, -1.501021215530289 
20.62999999996526, -1.5006770891396457 
20.639999999965237, -1.5005261811976383 
20.649999999965214, -1.5005406224024562 
20.65999999996519, -1.5006472041538577 
20.669999999965167, -1.5007382433001484 
20.679999999965144, -1.5006968924250543 
20.68999999996512, -1.5004111923553993 
20.699999999965097, -1.499759619892659 
20.709999999965074, -1.4985826457153262 
20.71999999996505, -1.4966594885294726 
20.729999999965028, -1.4937037916579325 
20.739999999965004, -1.4893985544219794 
20.74999999996498, -1.4835194096131374 
20.759999999964958, -1.476233173518277 
20.769999999964934, -1.4685524701859616 
20.77999999996491, -1.4623690479045597 
20.789999999964888, -1.4591818123782558 
20.799999999964864, -1.4586508197113852 
20.80999999996484, -1.4592863850959499 
20.819999999964818, -1.4599845079980507 
20.829999999964794, -1.4603543147754467 
20.83999999996477, -1.460345268168635 
20.849999999964748, -1.4599615930326961 
20.859999999964725, -1.4591535067328232 
20.8699999999647, -1.4578037269517772 
20.879999999964678, -1.45583995058608 
20.889999999964655, -1.4536736333249756 
20.89999999996463, -1.4530088827682874 
20.909999999964608, -1.456675434883482 
20.919999999964585, -1.4657127821772167 
20.92999999996456, -1.4773712294593473 
20.939999999964538, -1.4879701605825735 
20.949999999964515, -1.4957746201860598 
20.95999999996449, -1.5008128492900812 
20.969999999964468, -1.5037623948402734 
20.979999999964445, -1.5053116060894511 
20.98999999996442, -1.5059690288086132 
20.9999999999644, -1.506063985833094 
21.009999999964375, -1.5058024101805898 
21.01999999996435, -1.5053299445079018 
21.02999999996433, -1.504783153342482 
21.039999999964305, -1.5043041257168572 
21.04999999996428, -1.5040033419168906 
21.05999999996426, -1.5039152243842078 
21.069999999964235, -1.5040031303236343 
21.079999999964212, -1.5041889354013336 
21.08999999996419, -1.5043703242349487 
21.099999999964165, -1.504437544392618 
21.109999999964142, -1.5042873506366807 
21.11999999996412, -1.5038171433580017 
21.129999999964095, -1.5029048598837045 
21.139999999964072, -1.5013913039481508 
21.14999999996405, -1.4990758535622066 
21.159999999964025, -1.495734991776504 
21.169999999964002, -1.491187840542272 
21.17999999996398, -1.4854642986100202 
21.189999999963955, -1.4791152156796015 
21.199999999963932, -1.4734254866990126 
21.20999999996391, -1.4698337363000824 
21.219999999963886, -1.468647360029109 
21.229999999963862, -1.4688783755106345 
21.23999999996384, -1.4694346002508347 
21.249999999963816, -1.4697884644348123 
21.259999999963792, -1.4698058876003797 
21.26999999996377, -1.4694605416984017 
21.279999999963746, -1.468689303675264 
21.289999999963722, -1.4673443874263024 
21.2999999999637, -1.4652476543735067 
21.309999999963676, -1.4625457769895287 
21.319999999963652, -1.4606382660777075 
21.32999999996363, -1.462756549345157 
21.339999999963606, -1.4713373428239906 
21.349999999963583, -1.4841970160835607 
21.35999999996356, -1.4966455431133965 
21.369999999963536, -1.5059653799528416 
21.379999999963513, -1.51194703680135 
21.38999999996349, -1.515408625192752 
21.399999999963466, -1.5172204156699531 
21.409999999963443, -1.518013676553092 
21.41999999996342, -1.51818378016308 
21.429999999963396, -1.5179674580424949 
21.439999999963373, -1.5175228270593615 
21.44999999996335, -1.5169928640797643 
21.459999999963326, -1.516529176400694 
21.469999999963303, -1.5162545621465986 
21.47999999996328, -1.5162074304646151 
21.489999999963256, -1.5163433247656717 
21.499999999963233, -1.5165754213684657 
21.50999999996321, -1.5167990114869423 
21.519999999963186, -1.5169058379492824 
21.529999999963163, -1.5167954740117433 
21.53999999996314, -1.5163701368782818 
21.549999999963116, -1.5155161071446712 
21.559999999963093, -1.5140870065255103 
21.56999999996307, -1.5118991717060004 
21.579999999963047, -1.5087472666742252 
21.589999999963023, -1.5044621730768042 
21.599999999963, -1.499064521708686 
21.609999999962977, -1.4930578269763357 
21.619999999962953, -1.4876477052102135 
21.62999999996293, -1.4842151215616397 
21.639999999962907, -1.4830773670710722 
21.649999999962883, -1.4832958038189896 
21.65999999996286, -1.4838194800774833 
21.669999999962837, -1.4841397498479587 
21.679999999962813, -1.4841255078850129 
21.68999999996279, -1.4837452699460587 
21.699999999962767, -1.482926181726811 
21.709999999962744, -1.481509440082238 
21.71999999996272, -1.4793228614494216 
21.729999999962697, -1.4766008380850821 
21.739999999962674, -1.4749910866567377 
21.74999999996265, -1.4778925885677896 
21.759999999962627, -1.4872470517295837 
21.769999999962604, -1.5001677828621225 
21.77999999996258, -1.5120409523540395 
21.789999999962557, -1.5206384209571246 
21.799999999962534, -1.526036889399176 
21.80999999996251, -1.5291046799541381 
21.819999999962487, -1.5306697872374724 
21.829999999962464, -1.5313105499649755 
21.83999999996244, -1.5313836368631635 
21.849999999962417, -1.5311042157557606 
21.859999999962394, -1.530623407436177 
21.86999999996237, -1.530085289053518 
21.879999999962347, -1.5296375225420975 
21.889999999962324, -1.529385080405778 
21.8999999999623, -1.5293469062119605 
21.909999999962277, -1.5294718404337617 
21.919999999962254, -1.5296726307750634 
21.92999999996223, -1.5298423715981937 
21.939999999962208, -1.529870529755798 
21.949999999962184, -1.5296530000158681 
21.95999999996216, -1.5290807180875938 
21.969999999962138, -1.5280161267511754 
21.979999999962114, -1.5262742507760745 
21.98999999996209, -1.5236193854040356 
21.999999999962068, -1.519792402473588 
22.009999999962044, -1.5146103391848458 
22.01999999996202, -1.5082200609131464 
22.029999999961998, -1.5015046808531647 
22.039999999961974, -1.496133518784517 
22.04999999996195, -1.4934230235545702 
22.059999999961928, -1.4930293731862985 
22.069999999961905, -1.4936060663130606 
22.07999999996188, -1.4941880142614026 
22.089999999961858, -1.4944455060754924 
22.099999999961835, -1.4943330901557579 
22.10999999996181, -1.4938358128941824 
22.119999999961788, -1.4928758484468063 
22.129999999961765, -1.4913203075614083 
22.13999999996174, -1.4891776820038907 
22.149999999961718, -1.4872298068226466 
22.159999999961695, -1.4878024620221884 
22.16999999996167, -1.493534507847167 
22.179999999961648, -1.5038432906982946 
22.189999999961625, -1.5150140184207386 
22.1999999999616, -1.524080104657864 
22.20999999996158, -1.530281344327471 
22.219999999961555, -1.5340769431009 
22.22999999996153, -1.5361821177563755 
22.23999999996151, -1.537188248582768 
22.249999999961485, -1.5374978826068537 
22.25999999996146, -1.5373640930760597 
22.26999999996144, -1.536952306316888 
22.279999999961415, -1.5363979814203628 
22.289999999961392, -1.5358390599554808 
22.29999999996137, -1.535400251239486 
22.309999999961345, -1.5351496275766658 
22.319999999961322, -1.5350868858523012 
22.3299999999613, -1.5351614718530269 
22.339999999961275, -1.5352824433081156 
22.349999999961252, -1.5353336705659664 
22.35999999996123, -1.5351977023254002 
22.369999999961205, -1.5347572084085006 
22.379999999961182, -1.5338689824924938 
22.38999999996116, -1.532330411595036 
22.399999999961135, -1.529855893852735 
22.409999999961112, -1.5260814585939007 
22.41999999996109, -1.5206413786865167 
22.429999999961066, -1.5134196015016035 
22.439999999961042, -1.5050808465539358 
22.44999999996102, -1.4975207885422763 
22.459999999960996, -1.4929599373926714 
22.469999999960972, -1.49178167744962 
22.47999999996095, -1.4924083887893578 
22.489999999960926, -1.4933106947020065 
22.499999999960902, -1.4938745262706736 
22.50999999996088, -1.494014027731238 
22.519999999960856, -1.4937622599387173 
22.529999999960832, -1.493113154711768 
22.53999999996081, -1.492001723629914 
22.549999999960786, -1.490408102603194 
22.559999999960763, -1.4887303645889296 
22.56999999996074, -1.4884085721720757 
22.579999999960716, -1.4916395846858783 
22.589999999960693, -1.499006739751407 
22.59999999996067, -1.5082475905932053 
22.609999999960646, -1.5166239658733496 
22.619999999960623, -1.5228883938005715 
22.6299999999606, -1.527037980346996 
22.639999999960576, -1.5295317125313885 
22.649999999960553, -1.530859292965072 
22.65999999996053, -1.5314033831111753 
22.669999999960506, -1.5314275741713002 
22.679999999960483, -1.5311076701423278 
22.68999999996046, -1.530575212526309 
22.699999999960436, -1.5299547515023417 
22.709999999960413, -1.5293718089844899 
22.71999999996039, -1.528925465148381 
22.729999999960366, -1.5286630770251255 
22.739999999960343, -1.5285801302437758 
22.74999999996032, -1.5286187239241622 
22.759999999960296, -1.528671262974676 
22.769999999960273, -1.5286106605763945 
22.77999999996025, -1.5283126985405062 
22.789999999960227, -1.5276402928478179 
22.799999999960203, -1.5264031969790222 
22.80999999996018, -1.524315774831985 
22.819999999960157, -1.5209718149888913 
22.829999999960133, -1.515873933585524 
22.83999999996011, -1.5086137644791184 
22.849999999960087, -1.4993729392523425 
22.859999999960063, -1.4896978655060171 
22.86999999996004, -1.482421246844434 
22.879999999960017, -1.4793648790329397 
22.889999999959993, -1.4794888806803626 
22.89999999995997, -1.480641955987325 
22.909999999959947, -1.4816025565944684 
22.919999999959924, -1.4820800758155603 
22.9299999999599, -1.4821126671175633 
22.939999999959877, -1.481755597773823 
22.949999999959854, -1.48100185493552 
22.95999999995983, -1.4798121821043466 
22.969999999959807, -1.4782917463752756 
22.979999999959784, -1.477129871937262 
22.98999999995976, -1.4779705222008492 
22.999999999959737, -1.4824161562187066 
23.009999999959714, -1.489954514036862 
23.01999999995969, -1.4982178658620688 
23.029999999959667, -1.5052427802358292 
23.039999999959644, -1.5103618088380024 
23.04999999995962, -1.5137184109479245 
23.059999999959597, -1.5157122697864007 
23.069999999959574, -1.516735710610078 
23.07999999995955, -1.5170934337504485 
23.089999999959527, -1.5169991249532102 
23.099999999959504, -1.516601917421171 
23.10999999995948, -1.5160226867396194 
23.119999999959457, -1.5153821300566723 
23.129999999959434, -1.5147992295150572 
23.13999999995941, -1.5143630047669117 
23.149999999959388, -1.5141139646339357 
23.159999999959364, -1.5140421745376815 
23.16999999995934, -1.5140806410575622 
23.179999999959318, -1.5141147566346997 
23.189999999959294, -1.5140168548473245 
23.19999999995927, -1.5136629150306808 
23.209999999959248, -1.5129107702707212 
23.219999999959224, -1.5115587350344932 
23.2299999999592, -1.5093061993392904 
23.239999999959178, -1.5057358475682625 
23.249999999959154, -1.500359319312323 
23.25999999995913, -1.4928269045968436 
23.269999999959108, -1.4834550531036486 
23.279999999959085, -1.4739385323338914 
23.28999999995906, -1.4670523415572938 
23.299999999959038, -1.4643162265606535 
23.309999999959015, -1.464532280885492 
23.31999999995899, -1.465648481761565 
23.329999999958968, -1.4665537726035458 
23.339999999958945, -1.46699166113032 
23.34999999995892, -1.4669982475873533 
23.359999999958898, -1.4666198063557743 
23.369999999958875, -1.4658396458355654 
23.37999999995885, -1.4646052457240875 
23.389999999958828, -1.4629995117669372 
23.399999999958805, -1.4616896420092274 
23.40999999995878, -1.4623721273469639 
23.41999999995876, -1.466870281859841 
23.429999999958735, -1.4748700437573758 
23.43999999995871, -1.4838777025808134 
23.44999999995869, -1.4916414064724486 
23.459999999958665, -1.4973266685874873 
23.46999999995864, -1.5010582330798228 
23.47999999995862, -1.5032818982643232 
23.489999999958595, -1.5044434256196157 
23.499999999958572, -1.5048877829308691 
23.50999999995855, -1.5048535735764328 
23.519999999958525, -1.5045030257941965 
23.529999999958502, -1.5039628156702594 
23.53999999995848, -1.5033573557802442 
23.549999999958455, -1.5028113029368457 
23.559999999958432, -1.5024181848219589 
23.56999999995841, -1.5022150299485453 
23.579999999958385, -1.502185234251907 
23.589999999958362, -1.5022633562922665 
23.59999999995834, -1.5023432973672124 
23.609999999958315, -1.502305201027776 
23.619999999958292, -1.5020335828527658 
23.62999999995827, -1.5014042768174158 
23.639999999958246, -1.500253483284657 
23.649999999958222, -1.4983495563360845 
23.6599999999582, -1.4953828685216002 
23.669999999958176, -1.4909964172736037 
23.679999999958152, -1.4849109326492116 
23.68999999995813, -1.47724283240859 
23.699999999958106, -1.4690156124695215 
23.709999999958082, -1.462266363498484 
23.71999999995806, -1.4587144991013274 
23.729999999958036, -1.4580898760381689 
23.739999999958012, -1.4587837263285617 
23.74999999995799, -1.4595691184460675 
23.759999999957966, -1.4600098435856192 
23.769999999957943, -1.4600554961322385 
23.77999999995792, -1.4597239345965085 
23.789999999957896, -1.4589829928685167 
23.799999999957873, -1.4577358148138095 
23.80999999995785, -1.455923076716291 
23.819999999957826, -1.4539159259556136 
23.829999999957803, -1.453248820382669 
23.83999999995778, -1.456525403591401 
23.849999999957756, -1.464839026452671 
23.859999999957733, -1.4758039010082147 
23.86999999995771, -1.4859867801124038 
23.879999999957686, -1.4936393390103802 
23.889999999957663, -1.4986764533957415 
23.89999999995764, -1.5016815646391901 
23.909999999957616, -1.5032928618846102 
23.919999999957593, -1.5040004427882057 
23.92999999995757, -1.5041307051812267 
23.939999999957546, -1.5038910632901215 
23.949999999957523, -1.5034269942333944 
23.9599999999575, -1.5028714686992921 
23.969999999957476, -1.502363055672835 
23.979999999957453, -1.5020153204374938 
23.98999999995743, -1.5018733980114216 
23.999999999957407, -1.5019130113414105 
24.009999999957383, -1.5020649690414252 
24.01999999995736, -1.5022303884654788 
24.029999999957337, -1.5022979917120296 
24.039999999957313, -1.5021612816704093 
24.04999999995729, -1.5017151683227303 
24.059999999957267, -1.5008352609553488 
24.069999999957243, -1.4993574741930489 
24.07999999995722, -1.4970705406628178 
24.089999999957197, -1.493731748244587 
24.099999999957173, -1.489129839024288 
24.10999999995715, -1.4832514582763505 
24.119999999957127, -1.4766027589080055 
24.129999999957104, -1.4704776757838185 
24.13999999995708, -1.466449371042706 
24.149999999957057, -1.465001998579475 
24.159999999957034, -1.465173553054885 
24.16999999995701, -1.4657728357874882 
24.179999999956987, -1.466191862341968 
24.189999999956964, -1.4662710997939263 
24.19999999995694, -1.465988638210202 
24.209999999956917, -1.4652975926055145 
24.219999999956894, -1.464071295439196 
24.22999999995687, -1.4621412206559399 
24.239999999956847, -1.4595889341420376 
24.249999999956824, -1.4575674493174708 
24.2599999999568, -1.4590114958896057 
24.269999999956777, -1.466599472556845 
24.279999999956754, -1.4788548968151638 
24.28999999995673, -1.4913137112887491 
24.299999999956707, -1.5009664867936687 
24.309999999956684, -1.5073196306594148 
24.31999999995666, -1.5110749020919707 
24.329999999956637, -1.513088370320971 
24.339999999956614, -1.5140120404595636 
24.34999999995659, -1.5142653610387904 
24.359999999956568, -1.5141016424240823 
24.369999999956544, -1.513685401337543 
24.37999999995652, -1.513157520841439 
24.389999999956498, -1.5126672864395803 
24.399999999956474, -1.5123459237406576 
24.40999999995645, -1.512249478475089 
24.419999999956428, -1.512347924372572 
24.429999999956404, -1.5125618794560167 
24.43999999995638, -1.5127898871568342 
24.449999999956358, -1.5129232559960564 
24.459999999956334, -1.5128596110797743 
24.46999999995631, -1.512501658553047 
24.479999999956288, -1.5117401150979835 
24.489999999956265, -1.5104356957837317 
24.49999999995624, -1.5084117925042064 
24.509999999956218, -1.505465348540504 
24.519999999956195, -1.5014131735367813 
24.52999999995617, -1.4962193492649623 
24.539999999956148, -1.490259243852481 
24.549999999956125, -1.484593018206206 
24.5599999999561, -1.4806525178562935 
24.569999999956078, -1.4790598061333493 
24.579999999956055, -1.4790773502779784 
24.58999999995603, -1.4795919722169262 
24.599999999956008, -1.4799750271189358 
24.609999999955985, -1.4800388130825775 
24.61999999995596, -1.479745551162394 
24.62999999995594, -1.479037615038265 
24.639999999955915, -1.4777738418433437 
24.64999999995589, -1.475760146079303 
24.65999999995587, -1.4730476683561147 
24.669999999955845, -1.470816261394785 
24.67999999995582, -1.4721859417061032 
24.6899999999558, -1.4800209030795322 
24.699999999955775, -1.4926685292294792 
24.709999999955752, -1.5053545275930664 
24.71999999995573, -1.515015061469849 
24.729999999955705, -1.5212645839416068 
24.739999999955682, -1.52489824387487 
24.74999999995566, -1.5268116190890553 
24.759999999955635, -1.52766299828196 
24.769999999955612, -1.5278661520571997 
24.77999999995559, -1.5276680249861374 
24.789999999955565, -1.5272308417920397 
24.799999999955542, -1.5266977770871801 
24.80999999995552, -1.5262198139916445 
24.819999999955495, -1.525921486223651 
24.829999999955472, -1.5258457630143885 
24.83999999995545, -1.5259535801582742 
24.849999999955426, -1.5261621671769188 
24.859999999955402, -1.526367880516565 
24.86999999995538, -1.5264606970378252 
24.879999999955356, -1.5263370319128453 
24.889999999955332, -1.5258946488755742 
24.89999999995531, -1.525012142195903 
24.909999999955286, -1.5235293002763157 
24.919999999955262, -1.5212399400447565 
24.92999999995524, -1.5179075716201758 
24.939999999955216, -1.5133312560391947 
24.949999999955192, -1.5075264016440009 
24.95999999995517, -1.5010709113648968 
24.969999999955146, -1.4953448652893717 
24.979999999955123, -1.4918611969536641 
24.9899999999551, -1.4908503010261074 
24.999999999955076, -1.4911994317925343 
