t, s[1].omega / s[0].omega 
0, -1.0959981216295256 
0.009999999999999995, -1.0956991550913724 
0.019999999999999934, -1.0952927791463185 
0.029999999999999874, -1.095093895710294 
0.04000000000000012, -1.094949280542818 
0.050000000000000405, -1.0944854549442646 
0.06000000000000069, -1.0937604090915114 
0.07000000000000098, -1.0931644903268862 
0.08000000000000126, -1.092993068106424 
0.09000000000000155, -1.0925175750401366 
0.10000000000000184, -1.0911963858840446 
0.11000000000000212, -1.0895842923698098 
0.12000000000000241, -1.0890871088331655 
0.130000000000002, -1.0888334079932247 
0.1400000000000009, -1.0872084706387275 
0.1499999999999998, -1.0828653433984157 
0.1599999999999987, -1.0803702335480825 
0.1699999999999976, -1.0802724582673593 
0.1799999999999965, -1.0794935322489363 
0.1899999999999954, -1.07240689477948 
0.1999999999999943, -1.06022088357469 
0.2099999999999932, -1.0594460633246525 
0.2199999999999921, -1.0592952014654426 
0.229999999999991, -1.0566247323039442 
0.2399999999999899, -1.0322092919115236 
0.2499999999999888, -1.0211966413265805 
0.2599999999999877, -1.0216201202933928 
0.2699999999999866, -1.021185416976009 
0.2799999999999855, -1.014068745829689 
0.2899999999999844, -0.981140095188522 
0.2999999999999833, -0.9783946635256355 
0.3099999999999822, -0.9786177858234503 
0.3199999999999811, -0.9778186914949609 
0.32999999999998, -0.9662810701376514 
0.3399999999999789, -0.9404785074404358 
0.3499999999999778, -0.9389201562135423 
0.35999999999997667, -0.9389516733862631 
0.36999999999997557, -0.9378987122600856 
0.37999999999997447, -0.9298126958224596 
0.38999999999997337, -0.9196319486379211 
0.39999999999997227, -0.9183628647768406 
0.40999999999997117, -0.9182857663107469 
0.41999999999997006, -0.9173688596663352 
0.42999999999996896, -0.9141287517898727 
0.43999999999996786, -0.9110580433819214 
0.44999999999996676, -0.9102878437448281 
0.45999999999996566, -0.9101660031720493 
0.46999999999996456, -0.9095625334343359 
0.47999999999996346, -0.9083256212144758 
0.48999999999996235, -0.9072366378986184 
0.49999999999996125, -0.9068058938838555 
0.5099999999999602, -0.9067003383580698 
0.519999999999959, -0.9063678496931928 
0.529999999999958, -0.9058488834103136 
0.5399999999999568, -0.9053658691149893 
0.5499999999999557, -0.9051515281002652 
0.5599999999999546, -0.9051356897962978 
0.5699999999999535, -0.9050402136966188 
0.5799999999999524, -0.9048360532814417 
0.5899999999999513, -0.904573746355935 
0.5999999999999502, -0.9045509952410129 
0.6099999999999491, -0.9047709381963481 
0.619999999999948, -0.9050007801534932 
0.6299999999999469, -0.9050092878256355 
0.6399999999999458, -0.9048294487261768 
0.6499999999999447, -0.9050789589411133 
0.6599999999999436, -0.9059766568356891 
0.6699999999999425, -0.9069274998998792 
0.6799999999999414, -0.9071564671305479 
0.6899999999999403, -0.9069787521536119 
0.6999999999999392, -0.9077500777146613 
0.7099999999999381, -0.9110521473304878 
0.719999999999937, -0.913991987699478 
0.7299999999999359, -0.9144482726516784 
0.7399999999999348, -0.9141919681798981 
0.7499999999999337, -0.9158889908048318 
0.7599999999999326, -0.9286013959965624 
0.7699999999999315, -0.9360476983504866 
0.7799999999999304, -0.9365610182186404 
0.7899999999999293, -0.936134812839372 
0.7999999999999282, -0.9382985559059115 
0.8099999999999271, -0.9689617774472966 
0.819999999999926, -0.9780832789515392 
0.8299999999999249, -0.978364562997289 
0.8399999999999238, -0.977648270987938 
0.8499999999999227, -0.9808204660226764 
0.8599999999999216, -1.0137192334330707 
0.8699999999999205, -1.0186057334266447 
0.8799999999999194, -1.0185873164012265 
0.8899999999999183, -1.0175577807097915 
0.8999999999999172, -1.0318659951759208 
0.9099999999999161, -1.0566198669244558 
0.919999999999915, -1.0583252067273874 
0.9299999999999139, -1.058040728930654 
0.9399999999999128, -1.0588739675843906 
0.9499999999999117, -1.075260864538957 
0.9599999999999106, -1.082157812981408 
0.9699999999999095, -1.08242787469085 
0.9799999999999084, -1.0821528353507284 
0.9899999999999073, -1.0852621954573929 
0.9999999999999062, -1.090092670459622 
1.0099999999999052, -1.091261613153228 
1.019999999999904, -1.091103464612953 
1.029999999999903, -1.0913977725102548 
1.039999999999902, -1.0929558211150283 
1.0499999999999008, -1.0939995224444823 
1.0599999999998997, -1.0940614479587603 
1.0699999999998986, -1.0938840927754776 
1.0799999999998975, -1.0942200805207478 
1.0899999999998964, -1.0946414212308573 
1.0999999999998953, -1.0947422167561078 
1.1099999999998942, -1.0945109978088745 
1.119999999999893, -1.0943890379186108 
1.129999999999892, -1.0944616694319529 
1.1399999999998909, -1.094405923779088 
1.1499999999998898, -1.0941273044328155 
1.1599999999998887, -1.093760021699858 
1.1699999999998876, -1.0936046579688767 
1.1799999999998865, -1.0934652252645678 
1.1899999999998854, -1.0930333767334306 
1.1999999999998843, -1.092385924178428 
1.2099999999998832, -1.0918844820548332 
1.219999999999882, -1.0917262413386264 
1.229999999999881, -1.0912429375333168 
1.2399999999998799, -1.0900720088521605 
1.2499999999998788, -1.0887452531851396 
1.2599999999998777, -1.0883487319769989 
1.2699999999998766, -1.0880644313116858 
1.2799999999998755, -1.0864858623183047 
1.2899999999998744, -1.0829752795948766 
1.2999999999998733, -1.0811154248879151 
1.3099999999998722, -1.0810002635719602 
1.319999999999871, -1.0801086235833741 
1.32999999999987, -1.0736348043634563 
1.3399999999998689, -1.0645996463601635 
1.3499999999998678, -1.0640550147391297 
1.3599999999998666, -1.063836869811561 
1.3699999999998655, -1.0605672380859847 
1.3799999999998644, -1.037867378955711 
1.3899999999998633, -1.0298926338452419 
1.3999999999998622, -1.0301766424435175 
1.4099999999998611, -1.0296000925784614 
1.41999999999986, -1.0201628304210806 
1.429999999999859, -0.9890660837021698 
1.4399999999998578, -0.9878377917572755 
1.4499999999998567, -0.9879461803221002 
1.4599999999998556, -0.9868255487241607 
1.4699999999998545, -0.9712523285790801 
1.4799999999998534, -0.9475360336900543 
1.4899999999998523, -0.9471250198671369 
1.4999999999998512, -0.9470751108433046 
1.5099999999998501, -0.9455112474920876 
1.519999999999849, -0.9342603085152946 
1.529999999999848, -0.9237598315979676 
1.5399999999998468, -0.9231257659239033 
1.5499999999998457, -0.9229923241206055 
1.5599999999998446, -0.9216388149856791 
1.5699999999998435, -0.9172728354056958 
1.5799999999998424, -0.9138739839501878 
1.5899999999998413, -0.9133395581944352 
1.5999999999998402, -0.9131788618377931 
1.6099999999998391, -0.9123298460394537 
1.619999999999838, -0.9107530182427895 
1.629999999999837, -0.9095248357130538 
1.6399999999998358, -0.9091692609871744 
1.6499999999998347, -0.9090322632074855 
1.6599999999998336, -0.908571265677629 
1.6699999999998325, -0.9079240392877309 
1.6799999999998314, -0.9073837299821346 
1.6899999999998303, -0.9071878165978876 
1.6999999999998292, -0.9071334615601382 
1.709999999999828, -0.9069475794331681 
1.719999999999827, -0.9066601788566503 
1.729999999999826, -0.9063786316032081 
1.7399999999998248, -0.9063569227990663 
1.7499999999998237, -0.9064973037264649 
1.7599999999998226, -0.9065959552168623 
1.7699999999998215, -0.9064996237185363 
1.7799999999998204, -0.9063269145539307 
1.7899999999998193, -0.9065906756862058 
1.7999999999998182, -0.9072476290350049 
1.809999999999817, -0.9078437510467625 
1.819999999999816, -0.907893852394245 
1.8299999999998149, -0.9077473033518922 
1.8399999999998138, -0.9086503803228496 
1.8499999999998127, -0.9110051892592752 
1.8599999999998116, -0.9127466824467068 
1.8699999999998105, -0.9129180690295304 
1.8799999999998094, -0.9126986005299728 
1.8899999999998083, -0.9152165383798637 
1.8999999999998072, -0.9240771031534656 
1.909999999999806, -0.9281626006932778 
1.919999999999805, -0.9283668177872991 
1.9299999999998039, -0.9279230493014458 
1.9399999999998028, -0.9334547415755834 
1.9499999999998017, -0.9592338625188306 
1.9599999999998006, -0.9646804008179412 
1.9699999999997995, -0.9647620756448911 
1.9799999999997984, -0.963929298845611 
1.9899999999997973, -0.9724909710762004 
1.9999999999997962, -1.003549086289705 
2.0099999999998173, -1.0067613099932162 
2.0199999999998384, -1.0066334984678016 
2.0299999999998595, -1.0054744540014746 
2.0399999999998806, -1.0244143314785827 
2.0499999999999017, -1.0459885087058587 
2.059999999999923, -1.0471722219135091 
2.069999999999944, -1.0468091294799953 
2.079999999999965, -1.0482490552464763 
2.089999999999986, -1.069245496626183 
2.100000000000007, -1.0759776928589 
2.1100000000000283, -1.0761479299527397 
2.1200000000000494, -1.0758541659895602 
2.1300000000000705, -1.080358611567625 
2.1400000000000916, -1.0866945555705925 
2.1500000000001127, -1.0878867553040348 
2.160000000000134, -1.0877025689756252 
2.170000000000155, -1.0881920489218613 
2.180000000000176, -1.0903847655222885 
2.190000000000197, -1.0917220971231774 
2.2000000000002182, -1.0917883876875365 
2.2100000000002393, -1.0916346503058327 
2.2200000000002604, -1.092158311372754 
2.2300000000002815, -1.0927732857138106 
2.2400000000003026, -1.0929498237111852 
2.2500000000003237, -1.092735493286716 
2.260000000000345, -1.0926796121387528 
2.270000000000366, -1.0928400032924959 
2.280000000000387, -1.0928627991751636 
2.290000000000408, -1.0926384834700327 
2.3000000000004293, -1.092328746489965 
2.3100000000004504, -1.0922297277988746 
2.3200000000004715, -1.0921298709449567 
2.3300000000004926, -1.0917864128559003 
2.3400000000005137, -1.0912620876298396 
2.3500000000005348, -1.0908632003884262 
2.360000000000556, -1.090722974143943 
2.370000000000577, -1.0902987655950327 
2.380000000000598, -1.0893963111593155 
2.390000000000619, -1.0884061244434164 
2.4000000000006403, -1.0880748806625609 
2.4100000000006614, -1.0877894379775315 
2.4200000000006825, -1.0864997468787843 
2.4300000000007036, -1.0840829022539131 
2.4400000000007247, -1.0827407252803798 
2.450000000000746, -1.0825978022402865 
2.460000000000767, -1.0817137368339411 
2.470000000000788, -1.0769713963412346 
2.480000000000809, -1.0711142464362593 
2.49000000000083, -1.070616546162916 
2.5000000000008513, -1.0703495625611794 
2.5100000000008724, -1.066971125923068 
2.5200000000008935, -1.049792073969253 
2.5300000000009146, -1.0440243903240987 
2.5400000000009357, -1.0441738353015355 
2.550000000000957, -1.0434471404369614 
2.560000000000978, -1.0321385553636628 
2.570000000000999, -1.0048610540350602 
2.58000000000102, -1.0043199015429034 
2.5900000000010412, -1.0043251185912343 
2.6000000000010624, -1.0027349948763749 
2.6100000000010835, -0.9822214870812945 
2.6200000000011046, -0.9621784517848986 
2.6300000000011257, -0.9624636713444529 
2.6400000000011468, -0.9623113509387575 
2.650000000001168, -0.9597797543641088 
2.660000000001189, -0.942395225850854 
2.67000000000121, -0.931883094829297 
2.680000000001231, -0.9318077015087527 
2.6900000000012523, -0.9315676059586425 
2.7000000000012734, -0.9292499207742866 
2.7100000000012945, -0.9222174855372655 
2.7200000000013156, -0.918281046432014 
2.7300000000013367, -0.918024590485239 
2.740000000001358, -0.9177662017712958 
2.750000000001379, -0.9163767954186479 
2.7600000000014, -0.9140016848680975 
2.770000000001421, -0.9125180051655368 
2.780000000001442, -0.9122677936412034 
2.7900000000014633, -0.9120489668564552 
2.8000000000014844, -0.9113278848608882 
2.8100000000015055, -0.9104118153353761 
2.8200000000015266, -0.9097623557468915 
2.8300000000015477, -0.9095895767484362 
2.840000000001569, -0.9094569468447787 
2.85000000000159, -0.9091182647357359 
2.860000000001611, -0.9087008768491374 
2.870000000001632, -0.9083795273108295 
2.8800000000016532, -0.9083336029864363 
2.8900000000016743, -0.9083568142975454 
2.9000000000016954, -0.9082906630407496 
2.9100000000017165, -0.9080834544498398 
2.9200000000017377, -0.9079220682679594 
2.9300000000017588, -0.9081134672881491 
2.94000000000178, -0.9084784843841114 
2.950000000001801, -0.9087351183032792 
2.960000000001822, -0.908639823664725 
2.970000000001843, -0.9085715750423454 
2.9800000000018643, -0.9093294503540381 
2.9900000000018854, -0.9106570028957897 
3.0000000000019065, -0.911481054050016 
3.0100000000019276, -0.9114502614929472 
3.0200000000019487, -0.9114098111738547 
3.03000000000197, -0.9138155471119167 
3.040000000001991, -0.9184298037690597 
3.050000000002012, -0.9202651404850302 
3.060000000002033, -0.9202474121980838 
3.070000000002054, -0.9200586507880099 
3.0800000000020753, -0.9273930982377009 
3.0900000000020964, -0.9422497744342739 
3.1000000000021175, -0.9449550168642039 
3.1100000000021386, -0.9448727998936249 
3.1200000000021597, -0.9442078678288185 
3.130000000002181, -0.959862757505148 
3.140000000002202, -0.9846598849945674 
3.150000000002223, -0.9866318591142267 
3.160000000002244, -0.9864005694385869 
3.1700000000022652, -0.9853012325078482 
3.1800000000022863, -1.0091524727807792 
3.1900000000023074, -1.0269619782898363 
3.2000000000023285, -1.0277746376173138 
3.2100000000023496, -1.0273207707850083 
3.2200000000023707, -1.0291680584068599 
3.230000000002392, -1.0569320627726548 
3.240000000002413, -1.063774796503587 
3.250000000002434, -1.0638830545503053 
3.260000000002455, -1.0634781358104195 
3.2700000000024763, -1.0706682326472536 
3.2800000000024974, -1.0808319999150993 
3.2900000000025185, -1.0822267280267546 
3.3000000000025396, -1.0820176219810997 
3.3100000000025607, -1.0827626747610484 
3.3200000000025818, -1.0865646996472116 
3.330000000002603, -1.0886665823640578 
3.340000000002624, -1.0887810622208869 
3.350000000002645, -1.0886361111879723 
3.360000000002666, -1.0895458583698079 
3.3700000000026873, -1.0906433111454035 
3.3800000000027084, -1.090994908915157 
3.3900000000027295, -1.0908057231595474 
3.4000000000027506, -1.09084267910562 
3.4100000000027717, -1.0912000917323503 
3.420000000002793, -1.0913927722398964 
3.430000000002814, -1.0912524557725092 
3.440000000002835, -1.0910045221778566 
3.450000000002856, -1.0909937186804843 
3.460000000002877, -1.090988520370055 
3.4700000000028983, -1.090777592910932 
3.4800000000029194, -1.0903855999600955 
3.4900000000029405, -1.0900899963132706 
3.5000000000029616, -1.0899890853427119 
3.5100000000029827, -1.0896804274429186 
3.520000000003004, -1.0890661757045559 
3.530000000003025, -1.0883813399296631 
3.540000000003046, -1.0881031901212548 
3.550000000003067, -1.0878548524637248 
3.5600000000030882, -1.086959059532774 
3.5700000000031094, -1.0854964930582767 
3.5800000000031305, -1.0845554263743786 
3.5900000000031516, -1.0843902001576518 
3.6000000000031727, -1.0836528182889116 
3.6100000000031938, -1.0808302763349236 
3.620000000003215, -1.077487545980219 
3.630000000003236, -1.0769806358716614 
3.640000000003257, -1.0766980970837752 
3.650000000003278, -1.0739883822270972 
3.6600000000032993, -1.0641008125725646 
3.6700000000033204, -1.0600961533975248 
3.6800000000033415, -1.0601189226866523 
3.6900000000033626, -1.0592984792980744 
3.7000000000033837, -1.0486892467455233 
3.710000000003405, -1.0281811692882348 
3.720000000003426, -1.0276163066467427 
3.730000000003447, -1.027534696666122 
3.740000000003468, -1.025382642725331 
3.750000000003489, -1.0013964548914949 
3.7600000000035103, -0.9861644129671839 
3.7700000000035314, -0.9866358573158076 
3.7800000000035525, -0.9863595790401934 
3.7900000000035736, -0.9821404272787425 
3.8000000000035947, -0.9562274561634749 
3.810000000003616, -0.9481204651004516 
3.820000000003637, -0.9483344519176213 
3.830000000003658, -0.9479064450549173 
3.840000000003679, -0.9432764242330665 
3.8500000000037002, -0.9301818871057489 
3.8600000000037213, -0.9262346527516148 
3.8700000000037424, -0.9262140069451804 
3.8800000000037635, -0.9257394251596166 
3.8900000000037847, -0.9229665833041356 
3.9000000000038058, -0.9186359473391026 
3.910000000003827, -0.9169227607002244 
3.920000000003848, -0.9167970487246515 
3.930000000003869, -0.9163908755465472 
3.94000000000389, -0.915067564411225 
3.9500000000039113, -0.9135501085859166 
3.9600000000039324, -0.9127622292950934 
3.9700000000039535, -0.9126273994039416 
3.9800000000039746, -0.9123455414526922 
3.9900000000039957, -0.91172704296298 
4.000000000004016, -0.9110813819187028 
4.010000000003993, -0.9106898170214284 
4.02000000000397, -0.9106144462122775 
4.030000000003946, -0.9104860247131408 
4.040000000003923, -0.9102214448468835 
4.0500000000039, -0.9098910748363335 
4.0600000000038765, -0.909711363858331 
4.070000000003853, -0.9097852573923177 
4.08000000000383, -0.9098851271986098 
4.090000000003807, -0.9098688478384176 
4.100000000003783, -0.9096696913183091 
4.11000000000376, -0.9096563012007975 
4.120000000003737, -0.9100936181702559 
4.130000000003713, -0.9106746382007632 
4.14000000000369, -0.9109369907640837 
4.150000000003667, -0.9107888706819258 
4.1600000000036434, -0.9109689109082022 
4.17000000000362, -0.9124520414419927 
4.180000000003597, -0.914352026146048 
4.1900000000035735, -0.9150034741059523 
4.20000000000355, -0.9148513591567643 
4.210000000003527, -0.9152713043287615 
4.220000000003504, -0.9203228530749641 
4.23000000000348, -0.9261216185825983 
4.240000000003457, -0.9271724106772684 
4.250000000003434, -0.9269605041913507 
4.26000000000341, -0.927448193591427 
4.270000000003387, -0.9435326149939042 
4.280000000003364, -0.956698688078688 
4.2900000000033405, -0.95769487393462 
4.300000000003317, -0.9573535398460424 
4.310000000003294, -0.9575149876901271 
4.320000000003271, -0.9863981586565265 
4.330000000003247, -0.9992299049346747 
4.340000000003224, -0.9997255927004949 
4.350000000003201, -0.9991574390489364 
4.360000000003177, -1.0016886899361541 
4.370000000003154, -1.0339949596386961 
4.380000000003131, -1.0401309073394898 
4.390000000003107, -1.0401790052533808 
4.400000000003084, -1.0395278228814706 
4.410000000003061, -1.0509404648083993 
4.4200000000030375, -1.0687128327127606 
4.430000000003014, -1.0703946830369264 
4.440000000002991, -1.0701544396984264 
4.450000000002968, -1.071107043931327 
4.460000000002944, -1.0792191711531642 
4.470000000002921, -1.0832192423509301 
4.480000000002898, -1.0834303787486337 
4.490000000002874, -1.0832427550060968 
4.500000000002851, -1.0849942627289046 
4.510000000002828, -1.0874055950348192 
4.520000000002804, -1.0881382795415016 
4.530000000002781, -1.0879760974204713 
4.540000000002758, -1.088135876692198 
4.5500000000027345, -1.0889734104939788 
4.560000000002711, -1.0895439665257134 
4.570000000002688, -1.0895261713553501 
4.580000000002665, -1.0893267451997397 
4.590000000002641, -1.0894783106034938 
4.600000000002618, -1.0896782506609408 
4.610000000002595, -1.0896514911159247 
4.620000000002571, -1.0893758818722585 
4.630000000002548, -1.089184418217199 
4.640000000002525, -1.0891724101585258 
4.6500000000025015, -1.089024900780612 
4.660000000002478, -1.0886571598753534 
4.670000000002455, -1.0882055266389428 
4.6800000000024315, -1.0879942939945553 
4.690000000002408, -1.0878220389908042 
4.700000000002385, -1.08728502261503 
4.710000000002362, -1.0864682392089977 
4.720000000002338, -1.0858374088061533 
4.730000000002315, -1.085668120782738 
4.740000000002292, -1.085152618634633 
4.750000000002268, -1.0837079955605984 
4.760000000002245, -1.0819903790578311 
4.770000000002222, -1.0815013973069378 
4.7800000000021985, -1.0812443448652977 
4.790000000002175, -1.079582553870483 
4.800000000002152, -1.0752011464742783 
4.810000000002129, -1.0727121620268047 
4.820000000002105, -1.0726124615667278 
4.830000000002082, -1.0718616363312328 
4.840000000002059, -1.0653724814635197 
4.850000000002035, -1.0541544220800714 
4.860000000002012, -1.0532335138682838 
4.870000000001989, -1.0530939032080289 
4.880000000001965, -1.0506891180047842 
4.890000000001942, -1.0299117710573906 
4.900000000001919, -1.0185569371720902 
4.9100000000018955, -1.0188775602604054 
4.920000000001872, -1.018478586788657 
4.930000000001849, -1.0122388969099676 
4.940000000001826, -0.9823189317590376 
4.950000000001802, -0.9780636103231671 
4.960000000001779, -0.9782702935248443 
4.970000000001756, -0.9775432422838708 
4.980000000001732, -0.9679089410095688 
4.990000000001709, -0.9456744974612002 
5.000000000001686, -0.9435789144172296 
5.0100000000016625, -0.9436059319718052 
5.020000000001639, -0.9426446716323714 
5.030000000001616, -0.9356991513932701 
5.0400000000015925, -0.9266988939006482 
5.050000000001569, -0.92537284809923 
5.060000000001546, -0.9252932164359452 
5.070000000001523, -0.9244115051500764 
5.080000000001499, -0.9213027790217518 
5.090000000001476, -0.9182983678042234 
5.100000000001453, -0.9175291402093625 
5.110000000001429, -0.917404951336504 
5.120000000001406, -0.9167827229356075 
5.130000000001383, -0.9154858999237132 
5.1400000000013595, -0.9143393118738805 
5.150000000001336, -0.9139017629591635 
5.160000000001313, -0.9137888128762501 
5.17000000000129, -0.9134181054704069 
5.180000000001266, -0.9128379660092043 
5.190000000001243, -0.9123084940666735 
5.20000000000122, -0.9120775378931247 
5.210000000001196, -0.9120378711385968 
5.220000000001173, -0.9118888375560622 
5.23000000000115, -0.9116291388051014 
5.240000000001126, -0.9113387577611123 
5.250000000001103, -0.9112856814800152 
5.26000000000108, -0.9114282717441827 
5.2700000000010565, -0.9115464458274697 
5.280000000001033, -0.9114805736366718 
5.29000000000101, -0.9112904256612141 
5.300000000000987, -0.9114819158089 
5.310000000000963, -0.9120936087081429 
5.32000000000094, -0.9127014689542481 
5.330000000000917, -0.9128006809480824 
5.340000000000893, -0.9126356554573856 
5.35000000000087, -0.9133068073412866 
5.360000000000847, -0.9153531196525505 
5.3700000000008234, -0.9170898974776134 
5.3800000000008, -0.9173387091960553 
5.390000000000777, -0.9171228178824717 
5.4000000000007535, -0.9188788250818455 
5.41000000000073, -0.9260053216477073 
5.420000000000707, -0.9301629390072529 
5.430000000000684, -0.9304714701773437 
5.44000000000066, -0.9300997464718894 
5.450000000000637, -0.9339160544213458 
5.460000000000614, -0.9552739918457313 
5.47000000000059, -0.9616162709275792 
5.480000000000567, -0.9618040991017203 
5.490000000000544, -0.9611524376184107 
5.5000000000005205, -0.9677943871847751 
5.510000000000497, -0.9991221518589187 
5.520000000000474, -1.0034698488953497 
5.5300000000004506, -1.0034299056917833 
5.540000000000427, -1.0024999526587355 
5.550000000000404, -1.0175984524375559 
5.560000000000381, -1.0416352832726112 
5.570000000000357, -1.0433359883641011 
5.580000000000334, -1.0430567021736956 
5.590000000000311, -1.0436581147723076 
5.600000000000287, -1.0621685160266632 
5.610000000000264, -1.070441385692277 
5.620000000000241, -1.0707850066204925 
5.6300000000002175, -1.0704523557957495 
5.640000000000194, -1.0739982983161338 
5.650000000000171, -1.080817002758609 
5.660000000000148, -1.0824562585682314 
5.670000000000124, -1.082327215884043 
5.680000000000101, -1.0825859442984385 
5.690000000000078, -1.084823173909694 
5.700000000000054, -1.0864654035534544 
5.710000000000031, -1.0866617243634022 
5.720000000000008, -1.0864731843257482 
5.729999999999984, -1.086956224494914 
5.739999999999961, -1.087696912885079 
5.749999999999938, -1.0880020244610025 
5.7599999999999145, -1.0878285325564236 
5.769999999999891, -1.0877377561248411 
5.779999999999868, -1.08794314690626 
5.789999999999845, -1.0880523317452908 
5.799999999999821, -1.0879027369028411 
5.809999999999798, -1.0876049586159566 
5.819999999999775, -1.0875026483446355 
5.829999999999751, -1.0874635172446125 
5.839999999999728, -1.0872180721563294 
5.849999999999705, -1.08677824684604 
5.8599999999996815, -1.086382632847703 
5.869999999999658, -1.0862486959125348 
5.879999999999635, -1.0859553946713076 
5.8899999999996115, -1.0852727918547385 
5.899999999999588, -1.0844347903140548 
5.909999999999565, -1.084028466727136 
5.919999999999542, -1.0838278759081166 
5.929999999999518, -1.082980073280912 
5.939999999999495, -1.0812792706174092 
5.949999999999472, -1.079927186782863 
5.959999999999448, -1.0797271138864182 
5.969999999999425, -1.0791942523109583 
5.979999999999402, -1.0764768335287025 
5.9899999999993785, -1.072125199589487 
5.999999999999355, -1.0710844410822686 
6.009999999999332, -1.0709221580450756 
6.019999999999309, -1.0691416605118176 
6.029999999999285, -1.0593249075653064 
6.039999999999262, -1.052366834910416 
6.049999999999239, -1.0523650022406446 
6.059999999999215, -1.051915031194102 
6.069999999999192, -1.0456120695841158 
6.079999999999169, -1.022150914231184 
6.089999999999145, -1.0190974554464614 
6.099999999999122, -1.0191935787682094 
6.109999999999099, -1.0181389863413541 
6.1199999999990755, -1.0032294314195216 
6.129999999999052, -0.9797312379536373 
6.139999999999029, -0.9795618715273778 
6.149999999999006, -0.979489636538606 
6.159999999998982, -0.9775572463602765 
6.169999999998959, -0.9599829395178774 
6.179999999998936, -0.9458670184522128 
6.189999999998912, -0.9457677773034237 
6.199999999998889, -0.9455785299067843 
6.209999999998866, -0.9432879029334162 
6.2199999999988425, -0.9336522799825953 
6.229999999998819, -0.9277839659061348 
6.239999999998796, -0.9275174853538094 
6.2499999999987725, -0.9272734764727983 
6.259999999998749, -0.9255893335172264 
6.269999999998726, -0.9219653432116097 
6.279999999998703, -0.9197439601049462 
6.289999999998679, -0.9194654823695567 
6.299999999998656, -0.9192264596073706 
6.309999999998633, -0.9182538179064745 
6.319999999998609, -0.9168612730995662 
6.329999999998586, -0.9159177126802502 
6.339999999998563, -0.9157016047313116 
6.3499999999985395, -0.9155173345542049 
6.359999999998516, -0.9150046562834171 
6.369999999998493, -0.9143861540979938 
6.37999999999847, -0.9139269230309357 
6.389999999998446, -0.9138074353948988 
6.399999999998423, -0.9137281629520901 
6.4099999999984, -0.9135077602413694 
6.419999999998376, -0.9131956826949287 
6.429999999998353, -0.9129571734939262 
6.43999999999833, -0.9129918550522894 
6.449999999998306, -0.9131114100713105 
6.459999999998283, -0.9131454710421228 
6.46999999999826, -0.9129786403528634 
6.4799999999982365, -0.9128687263854749 
6.489999999998213, -0.9132152633137842 
6.49999999999819, -0.9137917600797537 
6.509999999998167, -0.9141689115633003 
6.519999999998143, -0.9140795109730185 
6.52999999999812, -0.9140616357464192 
6.539999999998097, -0.9151969259346566 
6.549999999998073, -0.9170614969103589 
6.55999999999805, -0.918011901656133 
6.569999999998027, -0.917953336218871 
6.5799999999980034, -0.9179755373324623 
6.58999999999798, -0.9214626882359154 
6.599999999997957, -0.9273700636693286 
6.6099999999979335, -0.9291144324089068 
6.61999999999791, -0.9290319610412447 
6.629999999997887, -0.9289127269789978 
6.639999999997864, -0.9391313377646328 
6.64999999999784, -0.9546092877516189 
6.659999999997817, -0.9566013143163872 
6.669999999997794, -0.9564252829243325 
6.67999999999777, -0.9558980158178826 
6.689999999997747, -0.9764665978525917 
6.699999999997724, -0.9961575100784982 
6.7099999999977005, -0.9973521301600824 
6.719999999997677, -0.9970051319138684 
6.729999999997654, -0.9970076242892011 
6.7399999999976306, -1.025440271053179 
6.749999999997607, -1.0368877312219742 
6.759999999997584, -1.0372735227602998 
6.769999999997561, -1.0367338414481782 
6.779999999997537, -1.0423111263446658 
6.789999999997514, -1.063007152280724 
6.799999999997491, -1.066481820432101 
6.809999999997467, -1.066400698930409 
6.819999999997444, -1.0664296773081625 
6.829999999997421, -1.0733183997649347 
6.8399999999973975, -1.079080382590731 
6.849999999997374, -1.0797231259914193 
6.859999999997351, -1.0794848245408577 
6.869999999997328, -1.0806115298831531 
6.879999999997304, -1.0833635245388744 
6.889999999997281, -1.0845975543955526 
6.899999999997258, -1.0845495282499735 
6.909999999997234, -1.0845087358707 
6.919999999997211, -1.0853398718362464 
6.929999999997188, -1.0861129766317965 
6.939999999997164, -1.0862645731916902 
6.949999999997141, -1.086049967364406 
6.959999999997118, -1.086132291377217 
6.9699999999970945, -1.0864073758765265 
6.979999999997071, -1.086494377451024 
6.989999999997048, -1.0862869998750737 
6.999999999997025, -1.086052626407834 
7.009999999997001, -1.0860449778067878 
7.019999999996978, -1.0859886845381657 
7.029999999996955, -1.0857188311832293 
7.039999999996931, -1.0852990052147464 
7.049999999996908, -1.0850316702035072 
7.059999999996885, -1.0849206307322712 
7.0699999999968615, -1.084548497850889 
7.079999999996838, -1.083882904590518 
7.089999999996815, -1.0832145067365189 
7.0999999999967915, -1.0829883105587181 
7.109999999996768, -1.0826836687500545 
7.119999999996745, -1.0816849731164226 
7.129999999996722, -1.080221060002691 
7.139999999996698, -1.0794424277826604 
7.149999999996675, -1.0792744093391047 
7.159999999996652, -1.0783822903581144 
7.169999999996628, -1.0754801655596413 
7.179999999996605, -1.0726051933730667 
7.189999999996582, -1.07226902420822 
7.1999999999965585, -1.0719062285933303 
7.209999999996535, -1.0687819696879914 
7.219999999996512, -1.0599709568660753 
7.229999999996489, -1.057176701445583 
7.239999999996465, -1.057153878475164 
7.249999999996442, -1.0561006247227949 
7.259999999996419, -1.0447988631227074 
7.269999999996395, -1.0288556238251403 
7.279999999996372, -1.0285663776508376 
7.289999999996349, -1.0284025609403498 
7.299999999996325, -1.0255549861292372 
7.309999999996302, -1.0013603474996715 
7.319999999996279, -0.990260383678411 
7.3299999999962555, -0.9905976867952417 
7.339999999996232, -0.9902125886860393 
7.349999999996209, -0.9846686106546757 
7.359999999996186, -0.9600458185365869 
7.369999999996162, -0.9546806982086675 
7.379999999996139, -0.9548299469821174 
7.389999999996116, -0.9542442047206119 
7.399999999996092, -0.9483932149987271 
7.409999999996069, -0.935688147155867 
7.419999999996046, -0.9329495708015267 
7.4299999999960225, -0.9329321900710736 
7.439999999995999, -0.9322793050990329 
7.449999999995976, -0.9288398646329272 
7.4599999999959525, -0.924320984477868 
7.469999999995929, -0.9229675090650722 
7.479999999995906, -0.9228652942189098 
7.489999999995883, -0.9223098174460962 
7.499999999995859, -0.9206877807105665 
7.509999999995836, -0.9190195747902515 
7.519999999995813, -0.9183262545082859 
7.529999999995789, -0.918206727204588 
7.539999999995766, -0.9178179716658589 
7.549999999995743, -0.9170577948691119 
7.5599999999957195, -0.9163273968370941 
7.569999999995696, -0.9159576175919628 
7.579999999995673, -0.9158783747535539 
7.58999999999565, -0.9156667451119181 
7.599999999995626, -0.9153086998261208 
7.609999999995603, -0.9149281051269716 
7.61999999999558, -0.9147561167323616 
7.629999999995556, -0.914792187162139 
7.639999999995533, -0.914788876471085 
7.64999999999551, -0.9146625127798128 
7.659999999995486, -0.9144287034936923 
7.669999999995463, -0.9144401763742622 
7.67999999999544, -0.9147513971776985 
7.6899999999954165, -0.9150907792391264 
7.699999999995393, -0.9151536410070061 
7.70999999999537, -0.9149770927084452 
7.719999999995347, -0.9152571650117146 
7.729999999995323, -0.9163043025220057 
7.7399999999953, -0.9173922164564638 
7.749999999995277, -0.9176494480205054 
7.759999999995253, -0.9174680888892539 
7.76999999999523, -0.9182649502064595 
7.779999999995207, -0.921637513789334 
7.789999999995183, -0.9245192512073566 
7.79999999999516, -0.9249402811639211 
7.809999999995137, -0.9246849519700305 
7.8199999999951135, -0.9265001599171394 
7.82999999999509, -0.9375959796500679 
7.839999999995067, -0.9437771112150584 
7.849999999995044, -0.9441939699348226 
7.85999999999502, -0.9437768162438569 
7.869999999994997, -0.9471251150802127 
7.879999999994974, -0.9732135340942818 
7.88999999999495, -0.9804662827440539 
7.899999999994927, -0.980665602124759 
7.909999999994904, -0.979989763387509 
7.9199999999948805, -0.9869167622841094 
7.929999999994857, -1.017253281294273 
7.939999999994834, -1.0212298475369288 
7.9499999999948106, -1.0211567869822107 
7.959999999994787, -1.0204634629152909 
7.969999999994764, -1.036241802977385 
7.979999999994741, -1.0544053024690077 
7.989999999994717, -1.055692166839483 
7.999999999994694, -1.0553893533153118 
8.00999999999467, -1.0568794151506948 
8.019999999994647, -1.069114761433477 
8.029999999994624, -1.0739587592897242 
8.0399999999946, -1.074129317231671 
8.049999999994577, -1.073924504089329 
8.059999999994554, -1.0767419145822692 
8.06999999999453, -1.0805881072240042 
8.079999999994508, -1.081536238513065 
8.089999999994484, -1.0813673854932417 
8.099999999994461, -1.0816845134618434 
8.109999999994438, -1.0831315462706554 
8.119999999994414, -1.0841003422252435 
8.129999999994391, -1.0841483939151453 
8.139999999994368, -1.0839759825278776 
8.149999999994344, -1.0843280128001729 
8.159999999994321, -1.0847767067663006 
8.169999999994298, -1.0849013327412704 
8.179999999994275, -1.0846811538459031 
8.189999999994251, -1.084573895244827 
8.199999999994228, -1.0846816121881726 
8.209999999994205, -1.084673770444267 
8.219999999994181, -1.0844399872761468 
8.229999999994158, -1.0841050964472592 
8.239999999994135, -1.0839739783276057 
8.249999999994111, -1.083878082015569 
8.259999999994088, -1.0835391240964787 
8.269999999994065, -1.083007569535209 
8.279999999994041, -1.0825679151406205 
8.289999999994018, -1.0824238815595002 
8.299999999993995, -1.0820558132490468 
8.309999999993972, -1.0812111609991224 
8.319999999993948, -1.0802200237429913 
8.329999999993925, -1.079816415575456 
8.339999999993902, -1.0795899047317823 
8.349999999993878, -1.0785555080999452 
8.359999999993855, -1.0764609802219962 
8.369999999993832, -1.0749793181576182 
8.379999999993808, -1.074806904069538 
8.389999999993785, -1.0741933429945743 
8.399999999993762, -1.0708831371746643 
8.409999999993738, -1.0657971191988505 
8.419999999993715, -1.0648408895711805 
8.429999999993692, -1.064668643361385 
8.439999999993669, -1.0626613089961439 
8.449999999993645, -1.0514635847191707 
8.459999999993622, -1.044327840719842 
8.469999999993599, -1.0443698373788681 
8.479999999993575, -1.0439011657199724 
8.489999999993552, -1.037359057580502 
8.499999999993529, -1.0139868937739225 
8.509999999993505, -1.010997602923009 
8.519999999993482, -1.0110874333281132 
8.529999999993459, -1.0100476226185702 
8.539999999993436, -0.996186053666401 
8.549999999993412, -0.9741166060045297 
8.559999999993389, -0.9736588055008348 
8.569999999993366, -0.973591035969204 
8.579999999993342, -0.9718087666841282 
8.589999999993319, -0.9572455150988658 
8.599999999993296, -0.9447725317351294 
8.609999999993272, -0.9444833592325379 
8.619999999993249, -0.9443072314110498 
8.629999999993226, -0.9423108405952366 
8.639999999993202, -0.9346151664627885 
8.64999999999318, -0.9295584849967139 
8.659999999993156, -0.9292220966393905 
8.669999999993133, -0.9289943729577611 
8.67999999999311, -0.9275205850837078 
8.689999999993086, -0.9244683912057343 
8.699999999993063, -0.9224891598957548 
8.70999999999304, -0.9221948927147919 
8.719999999993016, -0.9219701580096036 
8.729999999992993, -0.9210887654230712 
8.73999999999297, -0.9198379863673473 
8.749999999992946, -0.9189624405034207 
8.759999999992923, -0.9187474692160279 
8.7699999999929, -0.9185738745648285 
8.779999999992876, -0.9180949402391396 
8.789999999992853, -0.9175120819693907 
8.79999999999283, -0.9170722165195718 
8.809999999992806, -0.9169583811752532 
8.819999999992783, -0.9168872033609612 
8.82999999999276, -0.9166792902429656 
8.839999999992736, -0.9163752065885441 
8.849999999992713, -0.9161420018795906 
8.85999999999269, -0.9161824891737088 
8.869999999992666, -0.9163068734706791 
8.879999999992643, -0.916342556104308 
8.88999999999262, -0.9161741076096969 
8.899999999992596, -0.9160669729680807 
8.909999999992573, -0.916412934663079 
8.91999999999255, -0.9169761259928411 
8.929999999992527, -0.9173336597407737 
8.939999999992503, -0.9172359806698464 
8.94999999999248, -0.917227620206575 
8.959999999992457, -0.9183268225513329 
8.969999999992433, -0.9200680047677456 
8.97999999999241, -0.920934225626219 
8.989999999992387, -0.9208606260280803 
8.999999999992363, -0.9209212355850472 
9.00999999999234, -0.9242047974644315 
9.019999999992317, -0.9294089372376296 
9.029999999992294, -0.9309369356108979 
9.03999999999227, -0.9308349950050586 
9.049999999992247, -0.9308381574741978 
9.059999999992224, -0.9404142528931718 
9.0699999999922, -0.953554899748173 
9.079999999992177, -0.955290978443211 
9.089999999992154, -0.9550968785572663 
9.09999999999213, -0.954841231061304 
9.109999999992107, -0.9752653860391747 
9.119999999992084, -0.9927868931397562 
9.12999999999206, -0.9938610342095899 
9.139999999992037, -0.9935015696684948 
9.149999999992014, -0.993982181520245 
9.15999999999199, -1.0219974694853424 
9.169999999991967, -1.0325525600102579 
9.179999999991944, -1.032901522720038 
9.18999999999192, -1.0323635792940518 
9.199999999991897, -1.0382258344261752 
9.209999999991874, -1.058477334200134 
9.21999999999185, -1.0618307692102626 
9.229999999991827, -1.0617435295598703 
9.239999999991804, -1.0617794872575543 
9.24999999999178, -1.068970216107598 
9.259999999991757, -1.0749901497873355 
9.269999999991734, -1.0756502863007855 
9.27999999999171, -1.0754081375453668 
9.289999999991688, -1.0765947302020102 
9.299999999991664, -1.0796269443387483 
9.309999999991641, -1.0809854010731443 
9.319999999991618, -1.080950651730877 
9.329999999991594, -1.0809080881445847 
9.339999999991571, -1.081843097833536 
9.349999999991548, -1.0827428006396624 
9.359999999991524, -1.082943044275377 
9.369999999991501, -1.082734906032974 
9.379999999991478, -1.0828434947664674 
9.389999999991455, -1.083188121528068 
9.399999999991431, -1.083337092171802 
9.409999999991408, -1.0831594581420865 
9.419999999991385, -1.082939948976002 
9.429999999991361, -1.082963635972192 
9.439999999991338, -1.0829545013841555 
9.449999999991315, -1.08273882087208 
9.459999999991291, -1.0823608622580572 
9.469999999991268, -1.0821177410351202 
9.479999999991245, -1.0820304595130252 
9.489999999991221, -1.0817247067427467 
9.499999999991198, -1.081163173679532 
9.509999999991175, -1.0805761768834201 
9.519999999991152, -1.0803544516037877 
9.529999999991128, -1.0800956043241075 
9.539999999991105, -1.079288517878274 
9.549999999991082, -1.0781147471813104 
9.559999999991058, -1.0773973902675935 
9.569999999991035, -1.0772314282558306 
9.579999999991012, -1.0765083690314292 
9.589999999990988, -1.0743632165409576 
9.599999999990965, -1.0720845544612159 
9.609999999990942, -1.0716812087888297 
9.619999999990918, -1.0713670723222186 
9.629999999990895, -1.0690528616569066 
9.639999999990872, -1.0629276698419463 
9.649999999990849, -1.0603153200606088 
9.659999999990825, -1.0602565814918838 
9.669999999990802, -1.0593634204214168 
9.679999999990779, -1.051207850590352 
9.689999999990755, -1.0386294098872493 
9.699999999990732, -1.037957743382271 
9.709999999990709, -1.0378047145879037 
9.719999999990685, -1.0352549473420882 
9.729999999990662, -1.0147828014026135 
9.739999999990639, -1.0039571575048643 
9.749999999990616, -1.0042180585503835 
9.759999999990592, -1.0038297514531584 
9.769999999990569, -0.9982124591294177 
9.779999999990546, -0.9733158788913046 
9.789999999990522, -0.9682931223758553 
9.799999999990499, -0.9684487833472024 
9.809999999990476, -0.9677997854687008 
9.819999999990452, -0.9606811944433958 
9.829999999990429, -0.9450686398650995 
9.839999999990406, -0.94255617275947 
9.849999999990382, -0.94255647412155 
9.85999999999036, -0.9417554167098231 
9.869999999990336, -0.9369743928934388 
9.879999999990313, -0.9307773153231966 
9.88999999999029, -0.9294388659753055 
9.899999999990266, -0.9293478627036118 
9.909999999990243, -0.9286153990963514 
9.91999999999022, -0.9262863915856767 
9.929999999990196, -0.9239751776833387 
9.939999999990173, -0.9232465517344476 
9.94999999999015, -0.923122438468002 
9.959999999990126, -0.9225832515076475 
9.969999999990103, -0.9215004379849241 
9.97999999999008, -0.9205160462099456 
9.989999999990056, -0.9201054556071784 
9.999999999990033, -0.9199989719566923 
10.00999999999001, -0.9196644277655494 
10.019999999989986, -0.9191391536525069 
10.029999999989963, -0.9186464947156491 
10.03999999998994, -0.9184304085821943 
10.049999999989916, -0.918399021653687 
10.059999999989893, -0.9182634081810701 
10.06999999998987, -0.9180136907081557 
10.079999999989846, -0.9177287608670058 
10.089999999989823, -0.9176831043749717 
10.0999999999898, -0.9178271356613514 
10.109999999989776, -0.9179388356181784 
10.119999999989753, -0.917861366188652 
10.12999999998973, -0.9176709807298655 
10.139999999989707, -0.9178617739024744 
10.149999999989683, -0.9184288416102485 
10.15999999998966, -0.9189659352406254 
10.169999999989637, -0.9190253005655354 
10.179999999989613, -0.9188668241518178 
10.18999999998959, -0.9195206505316049 
10.199999999989567, -0.9212642868574383 
10.209999999989543, -0.9226717421865751 
10.21999999998952, -0.922838384995096 
10.229999999989497, -0.9226485226386913 
10.239999999989474, -0.9243833158044109 
10.24999999998945, -0.9298298415147906 
10.259999999989427, -0.9328796958430021 
10.269999999989404, -0.9330775781410041 
10.27999999998938, -0.932759629099053 
10.289999999989357, -0.9369842275972328 
10.299999999989334, -0.9525877549283672 
10.30999999998931, -0.9571731856341285 
10.319999999989287, -0.9572762352254558 
10.329999999989264, -0.9567070839264532 
10.33999999998924, -0.9654142110427394 
10.349999999989217, -0.9915864670348888 
10.359999999989194, -0.9950944404085887 
10.36999999998917, -0.9950116233432682 
10.379999999989147, -0.9942605381319541 
10.389999999989124, -1.0107733591101313 
10.3999999999891, -1.031853715576579 
10.409999999989077, -1.0333320116097968 
10.419999999989054, -1.0330363590768212 
10.42999999998903, -1.0338761161871575 
10.439999999989007, -1.0526114970381348 
10.449999999988984, -1.0606511348930605 
10.45999999998896, -1.060976219095536 
10.469999999988937, -1.0606288820455612 
10.479999999988914, -1.0645163969842506 
10.48999999998889, -1.0723654310255626 
10.499999999988868, -1.074188552537407 
10.509999999988844, -1.0740666217796329 
10.519999999988821, -1.0743244309035929 
10.529999999988798, -1.0770833625666802 
10.539999999988774, -1.0791790057782724 
10.549999999988751, -1.0794545592412381 
10.559999999988728, -1.0792598513043687 
10.569999999988704, -1.0798635989708956 
10.579999999988681, -1.0808955949403847 
10.589999999988658, -1.0813689483930369 
10.599999999988635, -1.0812323268733444 
10.609999999988611, -1.0811612449741483 
10.619999999988588, -1.0814935873209817 
10.629999999988565, -1.0817477432650147 
10.639999999988541, -1.0816890322104826 
10.649999999988518, -1.0814284208700713 
10.659999999988495, -1.0813782435053496 
10.669999999988471, -1.0814250280740618 
10.679999999988448, -1.0812984634626628 
10.689999999988425, -1.0809664613512466 
10.699999999988401, -1.0806423720383445 
10.709999999988378, -1.0805433879146464 
10.719999999988355, -1.0803555364360733 
10.729999999988332, -1.0798916125146212 
10.739999999988308, -1.0792869727187988 
10.749999999988285, -1.0789264411269135 
10.759999999988262, -1.0787696097149082 
10.769999999988238, -1.0782135060633338 
10.779999999988215, -1.0771745599560596 
10.789999999988192, -1.0762040975889846 
10.799999999988168, -1.0759607371378614 
10.809999999988145, -1.0755885131087928 
10.819999999988122, -1.074091901499225 
10.829999999988098, -1.071733471049558 
10.839999999988075, -1.0707206151738957 
10.849999999988052, -1.0705664972232316 
10.859999999988029, -1.0694795129797594 
10.869999999988005, -1.0649524478162924 
10.879999999987982, -1.0605565241718595 
10.889999999987959, -1.0602440035359801 
10.899999999987935, -1.0598970292984922 
10.909999999987912, -1.0562335606330715 
10.919999999987889, -1.0435446389638334 
10.929999999987865, -1.0398096724689012 
10.939999999987842, -1.03984890759448 
10.949999999987819, -1.038947757907849 
10.959999999987796, -1.0279416317192975 
10.969999999987772, -1.0087508247650792 
10.979999999987749, -1.0081008782452878 
10.989999999987726, -1.008015085129194 
10.999999999987702, -1.0059958852615491 
11.009999999987679, -0.9870705580373483 
11.019999999987656, -0.9730757131515129 
11.029999999987632, -0.9731961612118849 
11.039999999987609, -0.9729522947752485 
11.049999999987586, -0.9697114783053872 
11.059999999987562, -0.9537558220392053 
11.06999999998754, -0.9465920783885005 
11.079999999987516, -0.9465957653646975 
11.089999999987493, -0.946238054667473 
11.09999999998747, -0.9431522204828363 
11.109999999987446, -0.9356311690148981 
11.119999999987423, -0.9324778526204515 
11.1299999999874, -0.9323619241422276 
11.139999999987376, -0.9319668626634712 
11.149999999987353, -0.9300057809885219 
11.15999999998733, -0.9270820699268274 
11.169999999987306, -0.9256732080522823 
11.179999999987283, -0.9255200577381025 
11.18999999998726, -0.9251676663647703 
11.199999999987236, -0.9241028149291282 
11.209999999987213, -0.9228802627236388 
11.21999999998719, -0.922187417983398 
11.229999999987166, -0.9220532593986956 
11.239999999987143, -0.9217959091713351 
11.24999999998712, -0.9212412176286289 
11.259999999987096, -0.9206497977224449 
11.269999999987073, -0.9202848991891969 
11.27999999998705, -0.9202163289520948 
11.289999999987026, -0.9200920903602896 
11.299999999987003, -0.91983128411847 
11.30999999998698, -0.9195007136254946 
11.319999999986956, -0.9193263888937554 
11.329999999986933, -0.9193955167589148 
11.33999999998691, -0.9194722908626975 
11.349999999986887, -0.9194246285592689 
11.359999999986863, -0.9192112985232795 
11.36999999998684, -0.9192006364573628 
11.379999999986817, -0.919574725172096 
11.389999999986793, -0.9200326059794128 
11.39999999998677, -0.9201969926456032 
11.409999999986747, -0.9200301207349579 
11.419999999986723, -0.920234699814591 
11.4299999999867, -0.9213886812657656 
11.439999999986677, -0.9227176413253401 
11.449999999986654, -0.9231245536619079 
11.45999999998663, -0.922952213767878 
11.469999999986607, -0.9235215708240574 
11.479999999986584, -0.9269914867605905 
11.48999999998656, -0.9304082469459387 
11.499999999986537, -0.9310257408165563 
11.509999999986514, -0.9307929191822656 
11.51999999998649, -0.9319877390922601 
11.529999999986467, -0.942490086447811 
11.539999999986444, -0.9496904605614817 
11.54999999998642, -0.9502953991281979 
11.559999999986397, -0.9499344700206559 
11.569999999986374, -0.9521014776582026 
11.57999999998635, -0.9757208897006626 
11.589999999986327, -0.9843340197115394 
11.599999999986304, -0.9846570800976301 
11.60999999998628, -0.9840911798349121 
11.619999999986257, -0.9892856878993047 
11.629999999986234, -1.0179767333563448 
11.63999999998621, -1.0228677507642472 
11.649999999986187, -1.0228656018770719 
11.659999999986164, -1.0222709463689335 
11.66999999998614, -1.0345986190308527 
11.679999999986117, -1.0521045488132112 
11.689999999986094, -1.0537052538508427 
11.69999999998607, -1.053455405880777 
11.709999999986048, -1.0544275589456031 
11.719999999986024, -1.0646608163032372 
11.729999999986001, -1.069701917395533 
11.739999999985978, -1.0699721362520818 
11.749999999985954, -1.0697388188110146 
11.759999999985931, -1.072015982006632 
11.769999999985908, -1.0757065459284547 
11.779999999985884, -1.0768105801713668 
11.789999999985861, -1.0766753503988644 
11.799999999985838, -1.0768636265435796 
11.809999999985815, -1.0782370426071763 
11.819999999985791, -1.079279912601138 
11.829999999985768, -1.0793970871246683 
11.839999999985745, -1.0792055276471582 
11.849999999985721, -1.0795132956642453 
11.859999999985698, -1.0799990871492582 
11.869999999985675, -1.0801849686029323 
11.879999999985651, -1.0799924215620935 
11.889999999985628, -1.0798587410316909 
11.899999999985605, -1.0799806357610828 
11.909999999985581, -1.0800207667077022 
11.919999999985558, -1.0798356234590003 
11.929999999985535, -1.0795104283496453 
11.939999999985512, -1.079368372798358 
11.949999999985488, -1.079309706173423 
11.959999999985465, -1.0790399312050056 
11.969999999985442, -1.078571161355375 
11.979999999985418, -1.0781338783057766 
11.989999999985395, -1.077984767861861 
11.999999999985372, -1.077707278916884 
12.009999999985348, -1.0770212662851486 
12.019999999985325, -1.0761519151645138 
12.029999999985302, -1.075689315743074 
12.039999999985278, -1.0755102619810422 
12.049999999985255, -1.0747603283483915 
12.059999999985232, -1.073161060207611 
12.069999999985209, -1.0717416100333788 
12.079999999985185, -1.071490952447488 
12.089999999985162, -1.0710738028191384 
12.099999999985139, -1.0689132016475977 
12.109999999985115, -1.0650706696695051 
12.119999999985092, -1.0637267522042424 
12.129999999985069, -1.0635999559330662 
12.139999999985045, -1.0623738637649363 
12.149999999985022, -1.0555087903092946 
12.159999999984999, -1.0486840152839418 
12.169999999984976, -1.0484089546281263 
12.179999999984952, -1.0480998803189565 
12.189999999984929, -1.044216054031559 
12.199999999984906, -1.026879585320682 
12.209999999984882, -1.0217260490887656 
12.219999999984859, -1.0218432957224743 
12.229999999984836, -1.021117554337308 
12.239999999984812, -1.0114512789832781 
12.249999999984789, -0.9894612971785121 
12.259999999984766, -0.9880271645339512 
12.269999999984742, -0.9880231361861807 
12.27999999998472, -0.9866504384513665 
12.289999999984696, -0.9732599477601233 
12.299999999984673, -0.9582251595097709 
12.30999999998465, -0.9577534941551591 
12.319999999984626, -0.9576222541623111 
12.329999999984603, -0.9557587819704586 
12.33999999998458, -0.946371487666553 
12.349999999984556, -0.9394410229960025 
12.359999999984533, -0.9390659936224882 
12.36999999998451, -0.9388567625732782 
12.379999999984486, -0.9371870111972019 
12.389999999984463, -0.9328702431063796 
12.39999999998444, -0.930055703003944 
12.409999999984416, -0.929736223796348 
12.419999999984393, -0.929500613093981 
12.42999999998437, -0.928374024627032 
12.439999999984346, -0.9265426533178233 
12.449999999984323, -0.9253114051556147 
12.4599999999843, -0.925065803722021 
12.469999999984276, -0.9248535594276205 
12.479999999984253, -0.9241858958448197 
12.48999999998423, -0.9233414889400985 
12.499999999984206, -0.9227329039505018 
12.509999999984183, -0.9225711351239384 
12.51999999998416, -0.9224283008384742 
12.529999999984136, -0.9220716812457447 
12.539999999984113, -0.9216345581642729 
12.54999999998409, -0.9213076849012423 
12.559999999984067, -0.9212561719347799 
12.569999999984043, -0.9212407891104253 
12.57999999998402, -0.9211163219414731 
12.589999999983997, -0.9208668049143135 
12.599999999983973, -0.9206992213724607 
12.60999999998395, -0.9208347199475404 
12.619999999983927, -0.9210640523099659 
12.629999999983903, -0.9211727101934495 
12.63999999998388, -0.9210167615737015 
12.649999999983857, -0.92097325420015 
12.659999999983834, -0.9215067487777543 
12.66999999998381, -0.9222838523902005 
12.679999999983787, -0.92269952151254 
12.689999999983764, -0.9225835297096755 
12.69999999998374, -0.9226725847197831 
12.709999999983717, -0.9242228337638491 
12.719999999983694, -0.9263966340950329 
12.72999999998367, -0.9272273581544936 
12.739999999983647, -0.927105186393233 
12.749999999983624, -0.9273486750092896 
12.7599999999836, -0.9318472714657021 
12.769999999983577, -0.9375640098332071 
12.779999999983554, -0.9387598441016577 
12.78999999998353, -0.9385806833803555 
12.799999999983507, -0.9389493347237053 
12.809999999983484, -0.9513483656944743 
12.81999999998346, -0.9629042988163475 
12.829999999983437, -0.9639905597910325 
12.839999999983414, -0.963694028191734 
12.84999999998339, -0.9643288181679899 
12.859999999983367, -0.9880674062144369 
12.869999999983344, -1.0000780671504423 
12.87999999998332, -1.0006314622468957 
12.889999999983297, -1.0001522798047164 
12.899999999983274, -1.0034270128565241 
12.90999999998325, -1.0300990371734184 
12.919999999983228, -1.0361184816181037 
12.929999999983204, -1.0361983486336845 
12.939999999983181, -1.0357169444284646 
12.949999999983158, -1.0445648632212372 
12.959999999983134, -1.0586982191668832 
12.969999999983111, -1.0604387023909878 
12.979999999983088, -1.060232881026493 
12.989999999983064, -1.0609450963308797 
12.999999999983041, -1.0676669681321806 
13.009999999983018, -1.0715662053579749 
13.019999999982995, -1.0718513742508904 
13.029999999982971, -1.0716422511586698 
13.039999999982948, -1.0731748863769341 
13.049999999982925, -1.075670309398468 
13.059999999982901, -1.0765645196835363 
13.069999999982878, -1.0764372991427749 
13.079999999982855, -1.0765278657289954 
13.089999999982831, -1.0774570163508015 
13.099999999982808, -1.0781948118326028 
13.109999999982785, -1.0782709567058828 
13.119999999982761, -1.0780657755903593 
13.129999999982738, -1.0782400497631226 
13.139999999982715, -1.0785585298192863 
13.149999999982692, -1.0786523321543717 
13.159999999982668, -1.0784372475106994 
13.169999999982645, -1.0782539824323245 
13.179999999982622, -1.078299507509871 
13.189999999982598, -1.0782702809509095 
13.199999999982575, -1.0780319500294315 
13.209999999982552, -1.0776605948646092 
13.219999999982528, -1.07746400098464 
13.229999999982505, -1.0773744755217936 
13.239999999982482, -1.07704861069403 
13.249999999982458, -1.0764985774892248 
13.259999999982435, -1.0759752262194064 
13.269999999982412, -1.0757975982295205 
13.279999999982389, -1.075504372923791 
13.289999999982365, -1.0747071463311872 
13.299999999982342, -1.0736564635038168 
13.309999999982319, -1.073092710621717 
13.319999999982295, -1.0729185556497587 
13.329999999982272, -1.0721329904150856 
13.339999999982249, -1.070215524745403 
13.349999999982225, -1.0684311038325212 
13.359999999982202, -1.068138383627054 
13.369999999982179, -1.0677583692148267 
13.379999999982156, -1.065448157969038 
13.389999999982132, -1.0606874596869642 
13.399999999982109, -1.0589153568436103 
13.409999999982086, -1.0588181313123382 
13.419999999982062, -1.057741712791803 
13.429999999982039, -1.0504085498249105 
13.439999999982016, -1.0417399993190106 
13.449999999981992, -1.0413117714380207 
13.459999999981969, -1.0410770373582674 
13.469999999981946, -1.0379105141808873 
13.479999999981922, -1.020122556469331 
13.4899999999819, -1.0129794456846133 
13.499999999981876, -1.0131365598482323 
13.509999999981853, -1.0125959172215944 
13.51999999998183, -1.0053054169308273 
13.529999999981806, -0.9831123783211895 
13.539999999981783, -0.9802680741848014 
13.54999999998176, -0.9803327450078968 
13.559999999981736, -0.979376677578161 
13.569999999981713, -0.9697237104128017 
13.57999999998169, -0.9547605312307803 
13.589999999981666, -0.9535062104788294 
13.599999999981643, -0.9534448832454632 
13.60999999998162, -0.9521901553478541 
13.619999999981596, -0.9453824359338444 
13.629999999981573, -0.9386978616942717 
13.63999999998155, -0.9379388984600286 
13.649999999981526, -0.9377992894699527 
13.659999999981503, -0.9366318083223991 
13.66999999998148, -0.9332915950067714 
13.679999999981456, -0.9305986592111852 
13.689999999981433, -0.9301048460645692 
13.69999999998141, -0.9299332873914004 
13.709999999981386, -0.9290852675769713 
13.719999999981363, -0.9275612438915676 
13.72999999998134, -0.9263759724408582 
13.739999999981316, -0.9260535941080004 
13.749999999981293, -0.9258942675125913 
13.75999999998127, -0.9253592095433538 
13.769999999981247, -0.9246202602038589 
13.779999999981223, -0.9240265083874533 
13.7899999999812, -0.9238328697046203 
13.799999999981177, -0.9237321051589057 
13.809999999981153, -0.9234437041068095 
13.81999999998113, -0.9230550602007604 
13.829999999981107, -0.922726015386196 
13.839999999981083, -0.9226640095650321 
13.84999999998106, -0.92268713795386 
13.859999999981037, -0.9226155097291002 
13.869999999981014, -0.9224021395839226 
13.87999999998099, -0.9222149021834409 
13.889999999980967, -0.9223490034697731 
13.899999999980944, -0.9226293844897431 
13.90999999998092, -0.9228117667523007 
13.919999999980897, -0.922695856951459 
13.929999999980874, -0.9226038498082301 
13.93999999998085, -0.9231306444209249 
13.949999999980827, -0.9240108157741477 
13.959999999980804, -0.9245688568141188 
13.96999999998078, -0.9245029339924532 
13.979999999980757, -0.9244874369334032 
13.989999999980734, -0.9259742209679114 
13.99999999998071, -0.9284265150486984 
14.009999999980687, -0.9295426783980533 
14.019999999980664, -0.9294804361254593 
14.02999999998064, -0.9295122832934156 
14.039999999980617, -0.9336394178250836 
14.049999999980594, -0.9401935957338822 
14.05999999998057, -0.941860237087534 
14.069999999980547, -0.9417470751756118 
14.079999999980524, -0.9417392502976758 
14.0899999999805, -0.9525507738338365 
14.099999999980477, -0.9661047883726582 
14.109999999980454, -0.9676728626534615 
14.11999999998043, -0.9674482038378642 
14.129999999980408, -0.9674675888738089 
14.139999999980384, -0.988210857074076 
14.149999999980361, -1.0028522679718774 
14.159999999980338, -1.0036879526166347 
14.169999999980314, -1.003292203507601 
14.179999999980291, -1.005144391376319 
14.189999999980268, -1.0299352146252618 
14.199999999980244, -1.0375404958935446 
14.209999999980221, -1.0377446223853284 
14.219999999980198, -1.0372771760389359 
14.229999999980175, -1.0439217843743884 
14.239999999980151, -1.0579262210219043 
14.249999999980128, -1.0601599880283439 
14.259999999980105, -1.0600119925501748 
14.269999999980081, -1.0603731637931146 
14.279999999980058, -1.066196608508169 
14.289999999980035, -1.0703244330823056 
14.299999999980011, -1.0707457629918538 
14.309999999979988, -1.0705217814197232 
14.319999999979965, -1.071728933706878 
14.329999999979941, -1.0741208454383036 
14.339999999979918, -1.0751358143963552 
14.349999999979895, -1.0750507750033187 
14.359999999979872, -1.0750528846247778 
14.369999999979848, -1.0758980392537625 
14.379999999979825, -1.076652241188097 
14.389999999979802, -1.0767829140899443 
14.399999999979778, -1.0765716552179498 
14.409999999979755, -1.076690970486872 
14.419999999979732, -1.077006297886551 
14.429999999979708, -1.0771253132698815 
14.439999999979685, -1.0769325531536642 
14.449999999979662, -1.0767222366749551 
14.459999999979638, -1.0767531117520357 
14.469999999979615, -1.076741806139571 
14.479999999979592, -1.0765261679744567 
14.489999999979569, -1.0761558209617141 
14.499999999979545, -1.0759305076633714 
14.509999999979522, -1.0758511095405823 
14.519999999979499, -1.0755598581445291 
14.529999999979475, -1.0750324851060942 
14.539999999979452, -1.0744880409285862 
14.549999999979429, -1.0742824446094958 
14.559999999979405, -1.074036929387261 
14.569999999979382, -1.0733101908907814 
14.579999999979359, -1.0722856142741302 
14.589999999979335, -1.0716395783262058 
14.599999999979312, -1.0714760628110778 
14.609999999979289, -1.0708277003033797 
14.619999999979266, -1.0690884047895 
14.629999999979242, -1.0672400850750992 
14.639999999979219, -1.0668354266584643 
14.649999999979196, -1.066541677977164 
14.659999999979172, -1.064688039268683 
14.669999999979149, -1.0603084109363505 
14.679999999979126, -1.058110272535835 
14.689999999979102, -1.0580117168813 
14.69999999997908, -1.0572216640693934 
14.709999999979056, -1.0514222094873822 
14.719999999979033, -1.0425259755676117 
14.72999999997901, -1.0416311716841216 
14.739999999978986, -1.0414763300761076 
14.749999999978963, -1.0392403846319247 
14.75999999997894, -1.0242271459169408 
14.769999999978916, -1.0150607039310842 
14.779999999978893, -1.0151662385824816 
14.78999999997887, -1.0147733415424398 
14.799999999978846, -1.0094563885281804 
14.809999999978823, -0.988057570175324 
14.8199999999788, -0.983480677436012 
14.829999999978776, -0.9835982649049982 
14.839999999978753, -0.9828831458547227 
14.84999999997873, -0.9750158049912175 
14.859999999978706, -0.9589050078881918 
14.869999999978683, -0.9568633214550294 
14.87999999997866, -0.9568507760901102 
14.889999999978636, -0.9558580049541705 
14.899999999978613, -0.9495090028801898 
14.90999999997859, -0.9418459836757214 
14.919999999978566, -0.9407430136866103 
14.929999999978543, -0.940640338415566 
14.93999999997852, -0.9396300934691718 
14.949999999978496, -0.9362004650752608 
14.959999999978473, -0.9330702119740437 
14.96999999997845, -0.9324188487438567 
14.979999999978427, -0.9322724563569277 
14.989999999978403, -0.9314744480450334 
14.99999999997838, -0.9298313062763451 
15.009999999978357, -0.9284659524800842 
15.019999999978333, -0.9280650262536828 
15.02999999997831, -0.9279179273457762 
15.039999999978287, -0.9273805938887848 
15.049999999978263, -0.9265702204429093 
15.05999999997824, -0.9258943251115536 
15.069999999978217, -0.9256533693281227 
15.079999999978194, -0.9255497893400985 
15.08999999997817, -0.9252400341662824 
15.099999999978147, -0.9248140768481803 
15.109999999978124, -0.9244392497522403 
15.1199999999781, -0.9243348022273449 
15.129999999978077, -0.9243337536397195 
15.139999999978054, -0.924230750834126 
15.14999999997803, -0.9240006346434029 
15.159999999978007, -0.9237786573487518 
15.169999999977984, -0.9238484712019847 
15.17999999997796, -0.9240614561780114 
15.189999999977937, -0.924198478815389 
15.199999999977914, -0.9240809378323471 
15.20999999997789, -0.9239518805371489 
15.219999999977867, -0.9243367401100572 
15.229999999977844, -0.925034593604453 
15.23999999997782, -0.9255257681067967 
15.249999999977797, -0.9254730525016175 
15.259999999977774, -0.9254095729983712 
15.26999999997775, -0.9265105315257687 
15.279999999977727, -0.9284416637868286 
15.289999999977704, -0.9294852711555455 
15.29999999997768, -0.929452421904401 
15.309999999977657, -0.9294256678309563 
15.319999999977634, -0.9323986286222821 
15.32999999997761, -0.937598021241707 
15.339999999977588, -0.9393057179682537 
15.349999999977564, -0.93923814958391 
15.359999999977541, -0.939177994133042 
15.369999999977518, -0.9470201168179733 
15.379999999977494, -0.9589007735692227 
15.389999999977471, -0.9607746521802524 
15.399999999977448, -0.9606118814426964 
15.409999999977424, -0.9604835967611121 
15.419999999977401, -0.9771844194820748 
15.429999999977378, -0.9931223397183182 
15.439999999977355, -0.9943040104463772 
15.449999999977331, -0.9939873723825455 
15.459999999977308, -0.9947294728183744 
15.469999999977285, -1.018299718399985 
15.479999999977261, -1.0285442758385566 
15.489999999977238, -1.0289543553414768 
15.499999999977215, -1.0284880795461235 
15.509999999977191, -1.033313182842079 
15.519999999977168, -1.0506268389358817 
15.529999999977145, -1.0541418028115417 
15.539999999977121, -1.0540945702970157 
15.549999999977098, -1.0540487383587418 
15.559999999977075, -1.0602966021053144 
15.569999999977052, -1.0663338952569186 
15.579999999977028, -1.0671329065396054 
15.589999999977005, -1.0669022602559581 
15.599999999976982, -1.0678879504301984 
15.609999999976958, -1.071036623992883 
15.619999999976935, -1.0726370393513776 
15.629999999976912, -1.0726660413060882 
15.639999999976888, -1.0725691925849299 
15.649999999976865, -1.073546209653239 
15.659999999976842, -1.0746399731430183 
15.669999999976818, -1.0749667877082592 
15.679999999976795, -1.0747757372948497 
15.689999999976772, -1.0748695409876374 
15.699999999976749, -1.0753222440683998 
15.709999999976725, -1.0755968640788032 
15.719999999976702, -1.075490683526343 
15.729999999976679, -1.0752733158757346 
15.739999999976655, -1.075334682839101 
15.749999999976632, -1.0754200305701074 
15.759999999976609, -1.0753092675190794 
15.769999999976585, -1.0749960624574948 
15.779999999976562, -1.0747715912263418 
15.789999999976539, -1.0747300088902683 
15.799999999976515, -1.0745477427826167 
15.809999999976492, -1.0741437549984623 
15.819999999976469, -1.0736621049515618 
15.829999999976446, -1.0734345160344747 
15.839999999976422, -1.0732692765024077 
15.849999999976399, -1.0727462837669268 
15.859999999976376, -1.071946410598829 
15.869999999976352, -1.0713032762490662 
15.879999999976329, -1.071131369464618 
15.889999999976306, -1.0706957992259756 
15.899999999976282, -1.0694792886784983 
15.90999999997626, -1.0679784840557982 
15.919999999976236, -1.0674225182237034 
15.929999999976213, -1.0672159468216618 
15.93999999997619, -1.0660449614501972 
15.949999999976166, -1.0630655855657545 
15.959999999976143, -1.0608301762512282 
15.96999999997612, -1.060637655537731 
15.979999999976096, -1.0601327536741578 
15.989999999976073, -1.0566319350387092 
15.99999999997605, -1.0497745249039863 
16.009999999976028, -1.0481534602262088 
16.019999999976005, -1.0480599366565335 
16.02999999997598, -1.0466636303349737 
16.039999999975958, -1.0365834471288633 
16.049999999975935, -1.0267564704760679 
16.05999999997591, -1.0265696754918592 
16.069999999975888, -1.026300078576862 
16.079999999975865, -1.0226518651701215 
16.08999999997584, -1.003707306400337 
16.099999999975818, -0.9971056979773829 
16.109999999975795, -0.9972518648616648 
16.11999999997577, -0.9966988771821813 
16.129999999975748, -0.9899083808770036 
16.139999999975725, -0.9712772259096332 
16.1499999999757, -0.9683512845441615 
16.15999999997568, -0.9683898127668401 
16.169999999975655, -0.9675190087571092 
16.17999999997563, -0.9603556526598738 
16.18999999997561, -0.9496968378352262 
16.199999999975585, -0.948252539473812 
16.20999999997556, -0.9481829361174655 
16.21999999997554, -0.947156283710878 
16.229999999975515, -0.942603493823124 
16.239999999975492, -0.9380098028335415 
16.24999999997547, -0.9371929171359205 
16.259999999975445, -0.9370598047877016 
16.269999999975422, -0.9361491895109707 
16.2799999999754, -0.9338544416789643 
16.289999999975375, -0.931897322569533 
16.299999999975352, -0.9314032301552091 
16.30999999997533, -0.9312493212425452 
16.319999999975305, -0.9305857238959034 
16.329999999975282, -0.9294599442945246 
16.33999999997526, -0.9285330413178153 
16.349999999975235, -0.9282271729689691 
16.359999999975212, -0.928094021818042 
16.36999999997519, -0.92767235277426 
16.379999999975166, -0.9270892212644013 
16.389999999975142, -0.926594791707484 
16.39999999997512, -0.9264256604853276 
16.409999999975096, -0.9263610120920303 
16.419999999975072, -0.926148556188829 
16.42999999997505, -0.9258297340971405 
16.439999999975026, -0.9255424788211426 
16.449999999975002, -0.9255164153985205 
16.45999999997498, -0.9255949974244692 
16.469999999974956, -0.9255916115582642 
16.479999999974932, -0.9254158699011018 
16.48999999997491, -0.9252468236629284 
16.499999999974886, -0.9254411629867496 
16.509999999974863, -0.9258215488732865 
16.51999999997484, -0.9260870658330325 
16.529999999974816, -0.9259937996213047 
16.539999999974793, -0.9259084615734047 
16.54999999997477, -0.9265513344964013 
16.559999999974746, -0.9276368279167136 
16.569999999974723, -0.928305123770196 
16.5799999999747, -0.9282502356639514 
16.589999999974676, -0.9282344172583145 
16.599999999974653, -0.92996960939248 
16.60999999997463, -0.9328538098105765 
16.619999999974606, -0.9340807717511387 
16.629999999974583, -0.9340169418691998 
16.63999999997456, -0.9340471101909835 
16.649999999974536, -0.9386973729573247 
16.659999999974513, -0.9459005532197134 
16.66999999997449, -0.9475691312430954 
16.679999999974466, -0.9474421394223778 
16.689999999974443, -0.9474683136567197 
16.69999999997442, -0.9589936916290569 
16.709999999974396, -0.9723015549243637 
16.719999999974373, -0.9737220545823145 
16.72999999997435, -0.973474780684854 
16.739999999974327, -0.973749088699294 
16.749999999974303, -0.9944946168983382 
16.75999999997428, -1.0073625432618474 
16.769999999974257, -1.0080590384678916 
16.779999999974233, -1.0076436505567077 
16.78999999997421, -1.0103244257246435 
16.799999999974187, -1.0327948263734574 
16.809999999974163, -1.0389968279275068 
16.81999999997414, -1.0391265042623583 
16.829999999974117, -1.038725140291816 
16.839999999974093, -1.0455264828485664 
16.84999999997407, -1.0570394394765097 
16.859999999974047, -1.0588225098028674 
16.869999999974024, -1.0586462958691236 
16.879999999974, -1.0591808418318294 
16.889999999973977, -1.064442456090739 
16.899999999973954, -1.0678852310795441 
16.90999999997393, -1.0682049660983948 
16.919999999973907, -1.067996518082803 
16.929999999973884, -1.0692205189359147 
16.93999999997386, -1.0713710790439719 
16.949999999973837, -1.0722457137238144 
16.959999999973814, -1.0721372380638987 
16.96999999997379, -1.0721671002612658 
16.979999999973767, -1.072980850582323 
16.989999999973744, -1.0736767494205504 
16.99999999997372, -1.0737746485542687 
17.009999999973697, -1.0735636304573524 
17.019999999973674, -1.073693565170018 
17.02999999997365, -1.0739991377995781 
17.039999999973627, -1.0741052190514262 
17.049999999973604, -1.0739049855775145 
17.05999999997358, -1.0737025252357248 
17.069999999973557, -1.0737400080919004 
17.079999999973534, -1.0737287699979303 
17.08999999997351, -1.0735138862382643 
17.099999999973488, -1.0731490070234115 
17.109999999973464, -1.0729361573618454 
17.11999999997344, -1.0728614255608748 
17.129999999973418, -1.0725776653873675 
17.139999999973394, -1.0720683601556167 
17.14999999997337, -1.0715482241011782 
17.159999999973348, -1.0713536528420897 
17.169999999973324, -1.0711133694665358 
17.1799999999733, -1.0704241697248562 
17.189999999973278, -1.0694705032999965 
17.199999999973254, -1.0688657502232974 
17.20999999997323, -1.0687041033425542 
17.219999999973208, -1.068085418271165 
17.229999999973185, -1.0665167447528812 
17.23999999997316, -1.064863665301309 
17.249999999973138, -1.064471026404379 
17.259999999973115, -1.0641829396968354 
17.26999999997309, -1.0625070892497677 
17.279999999973068, -1.058798622718304 
17.289999999973045, -1.056831357469256 
17.29999999997302, -1.056715508123659 
17.309999999972998, -1.0559622574318892 
17.319999999972975, -1.0510458088979582 
17.32999999997295, -1.0437004276088102 
17.339999999972928, -1.0427799684525279 
17.349999999972905, -1.0426194574804677 
17.35999999997288, -1.0405180655041844 
17.36999999997286, -1.0279500679987517 
17.379999999972835, -1.0199143300583982 
17.38999999997281, -1.0199463364003214 
17.39999999997279, -1.019546400758432 
17.409999999972765, -1.0144132912169104 
17.41999999997274, -0.995241752179152 
17.42999999997272, -0.9910008392747854 
17.439999999972695, -0.9910925020941735 
17.449999999972672, -0.9903348885650806 
17.45999999997265, -0.9821748045984561 
17.469999999972625, -0.9664143119503289 
17.479999999972602, -0.9646446626139223 
17.48999999997258, -0.9646171154593117 
17.499999999972555, -0.963499795648895 
17.509999999972532, -0.9562519886570682 
17.51999999997251, -0.9480338351943137 
17.529999999972485, -0.9471113372707458 
17.539999999972462, -0.9469919695668287 
17.54999999997244, -0.9457860839490813 
17.559999999972415, -0.9416069646906734 
17.569999999972392, -0.9380494583238638 
17.57999999997237, -0.9374855160917412 
17.589999999972346, -0.9373160754489661 
17.599999999972322, -0.9363278798773611 
17.6099999999723, -0.9342796007582527 
17.619999999972276, -0.932692474279046 
17.629999999972252, -0.9323263835744621 
17.63999999997223, -0.9321482645345529 
17.649999999972206, -0.9314662045890792 
17.659999999972182, -0.9304533504484558 
17.66999999997216, -0.9296655415587238 
17.679999999972136, -0.9294301067471271 
17.689999999972112, -0.9292852331508099 
17.69999999997209, -0.9288677216329881 
17.709999999972066, -0.9283300536424011 
17.719999999972043, -0.9278973773160772 
17.72999999997202, -0.9277751658479021 
17.739999999971996, -0.9277122500838672 
17.749999999971973, -0.9275097049181217 
17.75999999997195, -0.9272029706788395 
17.769999999971926, -0.9269545880328032 
17.779999999971903, -0.9269737620901198 
17.78999999997188, -0.9270702627598635 
17.799999999971856, -0.9270727471186715 
17.809999999971833, -0.9268872126940316 
17.81999999997181, -0.9267598904724752 
17.829999999971786, -0.9270226894082443 
17.839999999971763, -0.927443755452899 
17.84999999997174, -0.9276930702529819 
17.859999999971716, -0.9275698257306451 
17.869999999971693, -0.9275517352936916 
17.87999999997167, -0.9283385694897024 
17.889999999971646, -0.9294924041142839 
17.899999999971623, -0.930073368229272 
17.9099999999716, -0.9299681601291485 
17.919999999971576, -0.9300804109504333 
17.929999999971553, -0.9321823491333225 
17.93999999997153, -0.935092585488831 
17.949999999971507, -0.936056934777869 
17.959999999971483, -0.935925341610644 
17.96999999997146, -0.936210799929376 
17.979999999971437, -0.9418614417780052 
17.989999999971413, -0.9485064985094857 
17.99999999997139, -0.9496600462549332 
18.009999999971367, -0.9494530205857391 
18.019999999971343, -0.949995520105671 
18.02999999997132, -0.9637034629595116 
18.039999999971297, -0.9744777532474331 
18.049999999971273, -0.9753457575528719 
18.05999999997125, -0.9750076993378132 
18.069999999971227, -0.9764628780955669 
18.079999999971204, -0.9991594281038833 
18.08999999997118, -1.0082824581612888 
18.099999999971157, -1.0086437519536358 
18.109999999971134, -1.0081483331680319 
18.11999999997111, -1.0133534500088686 
18.129999999971087, -1.034507863256461 
18.139999999971064, -1.0385479180511465 
18.14999999997104, -1.0385198327207452 
18.159999999971017, -1.038287228500046 
18.169999999970994, -1.0468786160116064 
18.17999999997097, -1.0564140427700808 
18.189999999970947, -1.057531882311417 
18.199999999970924, -1.0572908395182072 
18.2099999999709, -1.0583794389699093 
18.219999999970877, -1.0637704581568914 
18.229999999970854, -1.0665181949215463 
18.23999999997083, -1.0666575277199988 
18.249999999970807, -1.0665053042895893 
18.259999999970784, -1.0680204278795293 
18.26999999997076, -1.0700575140952133 
18.279999999970737, -1.0707225305605481 
18.289999999970714, -1.0705640430547372 
18.29999999997069, -1.0707132324082316 
18.309999999970668, -1.071575919220625 
18.319999999970644, -1.0722128114653247 
18.32999999997062, -1.0722364170020604 
18.339999999970598, -1.0720395702176335 
18.349999999970574, -1.0722341777323479 
18.35999999997055, -1.0725389954863227 
18.369999999970528, -1.072613108525322 
18.379999999970504, -1.0723888058873046 
18.38999999997048, -1.0722249663489807 
18.399999999970458, -1.0722848583851503 
18.409999999970434, -1.0722606654805547 
18.41999999997041, -1.0720284916496374 
18.429999999970388, -1.0716730815476332 
18.439999999970365, -1.0715022562809353 
18.44999999997034, -1.071423338303742 
18.459999999970318, -1.0711205462504718 
18.469999999970295, -1.0706139486802095 
18.47999999997027, -1.0701418542845313 
18.489999999970248, -1.06998240557739 
18.499999999970225, -1.069706878574205 
18.5099999999702, -1.0690047004752945 
18.519999999970178, -1.0681061519852935 
18.529999999970155, -1.0676099802152332 
18.53999999997013, -1.0674406100311815 
18.549999999970108, -1.0667453069188806 
18.559999999970085, -1.065221650921643 
18.56999999997006, -1.063796368546574 
18.57999999997004, -1.0635074811695913 
18.589999999970015, -1.0631515366052529 
18.59999999996999, -1.0613347369378732 
18.60999999996997, -1.0579784331978122 
18.619999999969945, -1.056510310385688 
18.62999999996992, -1.0563881246976239 
18.6399999999699, -1.0554421155687357 
18.649999999969875, -1.0503848719629407 
18.659999999969852, -1.044420315069563 
18.66999999996983, -1.0438721494674708 
18.679999999969805, -1.0436362614619374 
18.689999999969782, -1.0409533024072486 
18.69999999996976, -1.0287843213475512 
18.709999999969735, -1.023056636553492 
18.719999999969712, -1.0231043862540532 
18.72999999996969, -1.0225518409683956 
18.739999999969665, -1.0159793328915747 
18.749999999969642, -0.998354996991556 
18.75999999996962, -0.9958259615542128 
18.769999999969595, -0.99584693454828 
18.779999999969572, -0.9947742031699088 
18.78999999996955, -0.9845281280878063 
18.799999999969526, -0.970452709360933 
18.809999999969502, -0.9695890689349421 
18.81999999996948, -0.9694882428953308 
18.829999999969456, -0.9678766140393888 
18.839999999969432, -0.9589754563302707 
18.84999999996941, -0.9515121154224623 
18.859999999969386, -0.9510580538781593 
18.869999999969362, -0.9508643834222482 
18.87999999996934, -0.9491634785713077 
18.889999999969316, -0.9441548713602302 
18.899999999969292, -0.9407962762854425 
18.90999999996927, -0.9404699601866046 
18.919999999969246, -0.9402253012666945 
18.929999999969223, -0.9388976797510803 
18.9399999999692, -0.9365065679909866 
18.949999999969176, -0.9349576884901755 
18.959999999969153, -0.9347096901693914 
18.96999999996913, -0.9344611863056945 
18.979999999969106, -0.9335869776917264 
18.989999999969083, -0.9324263740795645 
18.99999999996906, -0.9316416672399962 
19.009999999969036, -0.9314623410765964 
19.019999999969013, -0.9312560176574106 
19.02999999996899, -0.9307303894268775 
19.039999999968966, -0.9301161561153495 
19.049999999968943, -0.9296844076166245 
19.05999999996892, -0.9295834397212833 
19.069999999968896, -0.9294641773094786 
19.079999999968873, -0.9291848679674384 
19.08999999996885, -0.9288256639907851 
19.099999999968826, -0.9285884107990338 
19.109999999968803, -0.9286038192193368 
19.11999999996878, -0.9286324528188699 
19.129999999968756, -0.928547991166128 
19.139999999968733, -0.9283147987434699 
19.14999999996871, -0.9282217679234183 
19.159999999968687, -0.9284507528143441 
19.169999999968663, -0.9287471212058431 
19.17999999996864, -0.9288518854891493 
19.189999999968617, -0.9286780219760868 
19.199999999968593, -0.9287439808586159 
19.20999999996857, -0.9294342659627363 
19.219999999968547, -0.9302725825538313 
19.229999999968523, -0.930584213637667 
19.2399999999685, -0.9304242078654897 
19.249999999968477, -0.9307354913131843 
19.259999999968453, -0.9325673482003738 
19.26999999996843, -0.9345647538951356 
19.279999999968407, -0.9350728573238454 
19.289999999968384, -0.9348840248741763 
19.29999999996836, -0.9356481902452137 
19.309999999968337, -0.9405529312124806 
19.319999999968314, -0.9447755408216636 
19.32999999996829, -0.9453567276384995 
19.339999999968267, -0.9450893570248013 
19.349999999968244, -0.946743640492631 
19.35999999996822, -0.9590172762071868 
19.369999999968197, -0.9656834833340934 
19.379999999968174, -0.966109020054515 
19.38999999996815, -0.9657042774741342 
19.399999999968127, -0.9693166492052493 
19.409999999968104, -0.9908155694306334 
19.41999999996808, -0.9967463043744681 
19.429999999968057, -0.9968844401539035 
19.439999999968034, -0.9963417713482546 
19.44999999996801, -1.0046336454665887 
19.459999999967987, -1.0253564861418363 
19.469999999967964, -1.028206808705662 
19.47999999996794, -1.0280796009180257 
19.489999999967917, -1.0280207249995317 
19.499999999967894, -1.0398665522604078 
19.50999999996787, -1.0498608241108403 
19.519999999967848, -1.0507046653278607 
19.529999999967824, -1.0504130999816392 
19.5399999999678, -1.0521909315764095 
19.549999999967778, -1.0595119021525419 
19.559999999967754, -1.0624697381697004 
19.56999999996773, -1.062542428144493 
19.579999999967708, -1.062430662810725 
19.589999999967684, -1.0646620774616107 
19.59999999996766, -1.067367474032826 
19.609999999967638, -1.0680736470841643 
19.619999999967614, -1.0678975534663746 
19.62999999996759, -1.0682057752661054 
19.639999999967568, -1.0694432712990385 
19.649999999967545, -1.0702883708756146 
19.65999999996752, -1.0703208188675382 
19.669999999967498, -1.070150396651289 
19.679999999967475, -1.0704986994449075 
19.68999999996745, -1.0709636617970268 
19.699999999967428, -1.0711152241941702 
19.709999999967405, -1.0709092742855528 
19.71999999996738, -1.0708109613430925 
19.729999999967358, -1.070960709546905 
19.739999999967335, -1.0710158560275065 
19.74999999996731, -1.0708388146179035 
19.759999999967288, -1.070536040792618 
19.769999999967265, -1.0704339043662183 
19.77999999996724, -1.0703985809168945 
19.78999999996722, -1.0701678878202774 
19.799999999967195, -1.0697530149861327 
19.80999999996717, -1.0693799881822974 
19.81999999996715, -1.0692594584384238 
19.829999999967125, -1.069017604365344 
19.8399999999671, -1.0684567075968732 
19.84999999996708, -1.0677616208115204 
19.859999999967055, -1.0673779733470925 
19.869999999967032, -1.0672131069477042 
19.87999999996701, -1.0666044768955576 
19.889999999966985, -1.0654640113428018 
19.899999999966962, -1.0644293059196517 
19.90999999996694, -1.0641847960692192 
19.919999999966915, -1.0638200977209589 
19.929999999966892, -1.0623458598141877 
19.93999999996687, -1.0600333735868108 
19.949999999966845, -1.0589905839279503 
19.959999999966822, -1.0588425538909585 
19.9699999999668, -1.0578895417256533 
19.979999999966775, -1.0541047705948032 
19.989999999966752, -1.0501735621108825 
19.99999999996673, -1.0497473446965218 
20.009999999966706, -1.0494563126277978 
20.019999999966682, -1.04674533978684 
20.02999999996666, -1.0377395843031842 
20.039999999966636, -1.0339295990097976 
20.049999999966612, -1.0339199561654173 
20.05999999996659, -1.0332182388702398 
20.069999999966566, -1.0260967196736885 
20.079999999966542, -1.0119647881430347 
20.08999999996652, -1.0104711644517614 
20.099999999966496, -1.0104128056645054 
20.109999999966472, -1.0088902566791862 
20.11999999996645, -0.9962561123133484 
20.129999999966426, -0.9840802913203711 
20.139999999966403, -0.9838307483489314 
20.14999999996638, -0.9836287966348177 
20.159999999966356, -0.9810459630062721 
20.169999999966333, -0.9684682573591622 
20.17999999996631, -0.9615574042398992 
20.189999999966286, -0.9614811610041384 
20.199999999966263, -0.9611485707157734 
20.20999999996624, -0.9582245760682946 
20.219999999966216, -0.9506190000032552 
20.229999999966193, -0.9472976549802635 
20.23999999996617, -0.9471886192613127 
20.249999999966146, -0.9467728008095224 
20.259999999966123, -0.9445076075061962 
20.2699999999661, -0.9409020112785805 
20.279999999966076, -0.9393047043044643 
20.289999999966053, -0.9391694996418871 
20.29999999996603, -0.9387457004115259 
20.309999999966006, -0.9373255473621214 
20.319999999965983, -0.9356462640986409 
20.32999999996596, -0.9348185010816078 
20.339999999965936, -0.9346854046506426 
20.349999999965913, -0.9343231755190016 
20.35999999996589, -0.9335003505267423 
20.369999999965867, -0.9326496052503395 
20.379999999965843, -0.9321886088803787 
20.38999999996582, -0.9320866314371584 
20.399999999965797, -0.9318303946689387 
20.409999999965773, -0.9313675298663674 
20.41999999996575, -0.9308867826126858 
20.429999999965727, -0.930632669980018 
20.439999999965703, -0.9306008138191789 
20.44999999996568, -0.9304841587698979 
20.459999999965657, -0.9302429849890519 
20.469999999965633, -0.9299402837288044 
20.47999999996561, -0.9298446353135759 
20.489999999965587, -0.9299532053628349 
20.499999999965564, -0.930030527984208 
20.50999999996554, -0.9299439916170812 
20.519999999965517, -0.9297313618826746 
20.529999999965494, -0.9298199755960027 
20.53999999996547, -0.9302224616369804 
20.549999999965447, -0.9306123220967322 
20.559999999965424, -0.9306471540465625 
20.5699999999654, -0.9304765403316316 
20.579999999965377, -0.9308726636962702 
20.589999999965354, -0.9319519665183321 
20.59999999996533, -0.932895880266889 
20.609999999965307, -0.93301981901705 
20.619999999965284, -0.9328540883460316 
20.62999999996526, -0.9338893218578461 
20.639999999965237, -0.9366775672681456 
20.649999999965214, -0.9385584352494941 
20.65999999996519, -0.9387126867629585 
20.669999999965167, -0.9385063504372682 
20.679999999965144, -0.9410173584603377 
20.68999999996512, -0.9480796924412176 
20.699999999965097, -0.9510772573117025 
20.709999999965074, -0.9511740932842515 
20.71999999996505, -0.9508648414509748 
20.729999999965028, -0.9566898831567849 
20.739999999965004, -0.971256570796049 
20.74999999996498, -0.9743977165289611 
20.759999999964958, -0.9743591051473318 
20.769999999964934, -0.9739543703576149 
20.77999999996491, -0.9857038775302014 
20.789999999964888, -1.003516117777274 
20.799999999964864, -1.0054015591314172 
20.80999999996484, -1.0051890040663394 
20.819999999964818, -1.0053728665167816 
20.829999999964794, -1.0223258950334853 
20.83999999996477, -1.0334440641074112 
20.849999999964748, -1.034118105720808 
20.859999999964725, -1.0337563013571642 
20.8699999999647, -1.0365431080160379 
20.879999999964678, -1.0491087872658729 
20.889999999964655, -1.0529813322860193 
20.89999999996463, -1.0530349342831498 
20.909999999964608, -1.0528881082865005 
20.919999999964585, -1.0569200043755276 
20.92999999996456, -1.061868189579668 
20.939999999964538, -1.0628456892528122 
20.949999999964515, -1.0626562843404124 
20.95999999996449, -1.0632045543986457 
20.969999999964468, -1.0656122099739966 
20.979999999964445, -1.0671506620778985 
20.98999999996442, -1.0672616527420749 
20.9999999999644, -1.0671038706735612 
21.009999999964375, -1.0678128482566385 
21.01999999996435, -1.0687845998062666 
21.02999999996433, -1.0691681187413875 
21.039999999964305, -1.0690020287227893 
21.04999999996428, -1.0689954615757022 
21.05999999996426, -1.0693883495883794 
21.069999999964235, -1.0696733916937586 
21.079999999964212, -1.0696130810250803 
21.08999999996419, -1.0693732782721108 
21.099999999964165, -1.0693869159466007 
21.109999999964142, -1.0694862407506422 
21.11999999996412, -1.0694126996557682 
21.129999999964095, -1.069123675252372 
21.139999999964072, -1.068863143083791 
21.14999999996405, -1.068815638026704 
21.159999999964025, -1.0686852043940838 
21.169999999964002, -1.068334141313333 
21.17999999996398, -1.0678637277823104 
21.189999999963955, -1.0675893280091953 
21.199999999963932, -1.06746569453554 
21.20999999996391, -1.0670545439803294 
21.219999999963886, -1.0663548805907357 
21.229999999963862, -1.0656868583984656 
21.23999999996384, -1.0654722024465486 
21.249999999963816, -1.065174991330692 
21.259999999963792, -1.0642495899956963 
21.26999999996377, -1.0629524586735253 
21.279999999963746, -1.062229948377226 
21.289999999963722, -1.0620677350595602 
21.2999999999637, -1.061329088007765 
21.309999999963676, -1.0592224386246396 
21.319999999963652, -1.0570528296803379 
21.32999999996363, -1.0566472583785451 
21.339999999963606, -1.0563524104562902 
21.349999999963583, -1.0543797825722045 
21.35999999996356, -1.049564491195304 
21.369999999963536, -1.0471814379629616 
21.379999999963513, -1.0470888898247033 
21.38999999996349, -1.0463520890775777 
21.399999999963466, -1.040947120679291 
21.409999999963443, -1.0322800637056198 
21.41999999996342, -1.031188321379545 
21.429999999963396, -1.031059511757756 
21.439999999963373, -1.029205550033829 
21.44999999996335, -1.0172429618056773 
21.459999999963326, -1.0083330395222614 
21.469999999963303, -1.0082767293781993 
21.47999999996328, -1.007955081285094 
21.489999999963256, -1.0040093338826164 
21.499999999963233, -0.987991777518473 
21.50999999996321, -0.9827455289120807 
21.519999999963186, -0.9828162203575738 
21.529999999963163, -0.9822425558617528 
21.53999999996314, -0.976629068075778 
21.549999999963116, -0.9642913927719784 
21.559999999963093, -0.9617721219306635 
21.56999999996307, -0.9617545609485719 
21.579999999963047, -0.960949203721075 
21.589999999963023, -0.9560567888660667 
21.599999999963, -0.949587256278087 
21.609999999962977, -0.9483122971493908 
21.619999999962953, -0.9482160744523482 
21.62999999996293, -0.9473392807523718 
21.639999999962907, -0.9443046405244723 
21.649999999962883, -0.9413342773096889 
21.65999999996286, -0.9406251578602085 
21.669999999962837, -0.9404850001877251 
21.679999999962813, -0.9397233168639301 
21.68999999996279, -0.938080079086663 
21.699999999962767, -0.9366651483349978 
21.709999999962744, -0.9362394062033642 
21.71999999996272, -0.9360905966695979 
21.729999999962697, -0.9355276267232508 
21.739999999962674, -0.9346447136584459 
21.74999999996265, -0.9339034755093941 
21.759999999962627, -0.9336433506484297 
21.769999999962604, -0.9335232339475323 
21.77999999996258, -0.9331607785064389 
21.789999999962557, -0.9326658075678186 
21.799999999962534, -0.9322401345369155 
21.80999999996251, -0.9321069970855969 
21.819999999962487, -0.9320620695956356 
21.829999999962464, -0.9318850966207046 
21.83999999996244, -0.931595027148503 
21.849999999962417, -0.9313381138381815 
21.859999999962394, -0.9313474871658972 
21.86999999996237, -0.9314520739921792 
21.879999999962347, -0.9314675212631972 
21.889999999962324, -0.9312916628624526 
21.8999999999623, -0.9311454004677732 
21.909999999962277, -0.9313818140207589 
21.919999999962254, -0.931786260724466 
21.92999999996223, -0.932038929973921 
21.939999999962208, -0.9319242016431809 
21.949999999962184, -0.9318750815866913 
21.95999999996216, -0.9325690940636853 
21.969999999962138, -0.9336211504447719 
21.979999999962114, -0.9341879759778648 
21.98999999996209, -0.9340922456406954 
21.999999999962068, -0.9341581310755773 
22.009999999962044, -0.9359255099483927 
22.01999999996202, -0.938441881890025 
22.029999999961998, -0.9393676709315079 
22.039999999961974, -0.9392487203778567 
22.04999999996195, -0.9394798050377883 
22.059999999961928, -0.943967714467387 
22.069999999961905, -0.9494861751860301 
22.07999999996188, -0.9506112034076505 
22.089999999961858, -0.9504241869296641 
22.099999999961835, -0.9509410874892454 
22.10999999996181, -0.9616393337741711 
22.119999999961788, -0.9708629322386214 
22.129999999961765, -0.9717665258527074 
22.13999999996174, -0.9714632999005272 
22.149999999961718, -0.9728151153579259 
22.159999999961695, -0.9918218013734729 
22.16999999996167, -1.0007036937455898 
22.179999999961648, -1.0011295338789332 
22.189999999961625, -1.0006817553578173 
22.1999999999616, -1.0049923699920178 
22.20999999996158, -1.025044819340818 
22.219999999961555, -1.0296016854721521 
22.22999999996153, -1.0296289144578175 
22.23999999996151, -1.0293065938874464 
22.249999999961485, -1.037294351478899 
22.25999999996146, -1.0481739229857965 
22.26999999996144, -1.0496253727259204 
22.279999999961415, -1.0494133376362924 
22.289999999961392, -1.0502053135163991 
22.29999999996137, -1.056362026628643 
22.309999999961345, -1.0599745841403676 
22.319999999961322, -1.0602470992431605 
22.3299999999613, -1.0600392890448607 
22.339999999961275, -1.0616160207461383 
22.349999999961252, -1.0642990237511067 
22.35999999996123, -1.0652917627254932 
22.369999999961205, -1.0651793774034373 
22.379999999961182, -1.0652667854547493 
22.38999999996116, -1.066373266965535 
22.399999999961135, -1.0673179275129727 
22.409999999961112, -1.0674726630132485 
22.41999999996109, -1.0672727923708865 
22.429999999961066, -1.0675078684924235 
22.439999999961042, -1.0679888410774503 
22.44999999996102, -1.0682203599062625 
22.459999999960996, -1.068062264252695 
22.469999999960972, -1.067901606208629 
22.47999999996095, -1.0680339026927403 
22.489999999960926, -1.068132662932476 
22.499999999960902, -1.068013863904444 
22.50999999996088, -1.0677128226061605 
22.519999999960856, -1.0675653686546167 
22.529999999960832, -1.0675551466001172 
22.53999999996081, -1.0673842000704723 
22.549999999960786, -1.0670153053453237 
22.559999999960763, -1.0666159335959764 
22.56999999996074, -1.0664646518913217 
22.579999999960716, -1.066296352693223 
22.589999999960693, -1.0658274307173359 
22.59999999996067, -1.0651764436754168 
22.609999999960646, -1.0647107599142738 
22.619999999960623, -1.0645657451714798 
22.6299999999606, -1.0641242849586945 
22.639999999960576, -1.0631622223051576 
22.649999999960553, -1.062114539267078 
22.65999999996053, -1.0617442716214522 
22.669999999960506, -1.0615064448398943 
22.679999999960483, -1.0604573701837101 
22.68999999996046, -1.0584950321853244 
22.699999999960436, -1.057157362976217 
22.709999999960413, -1.0569856726553497 
22.71999999996039, -1.0564149678274706 
22.729999999960366, -1.0538040579896601 
22.739999999960343, -1.050054977132224 
22.74999999996032, -1.049121165631112 
22.759999999960296, -1.0489562915700092 
22.769999999960273, -1.0474455867649641 
22.77999999996025, -1.0410091266555255 
22.789999999960227, -1.0359974696344947 
22.799999999960203, -1.035815968865071 
22.80999999996018, -1.0354293411785216 
22.819999999960157, -1.0314391828938803 
22.829999999960133, -1.0191506583934107 
22.83999999996011, -1.0157080527604745 
22.849999999960087, -1.0157271592230932 
22.859999999960063, -1.0148859763253808 
22.86999999996004, -1.0066279536155205 
22.879999999960017, -0.992692825099809 
22.889999999959993, -0.9914864362943233 
22.89999999995997, -0.9914090299180628 
22.909999999959947, -0.989861978328366 
22.919999999959924, -0.9793302177521777 
22.9299999999599, -0.9697210701246539 
22.939999999959877, -0.9693304695083093 
22.949999999959854, -0.9691332081945289 
22.95999999995983, -0.9670142236169503 
22.969999999959807, -0.9589783180786414 
22.979999999959784, -0.9540044809206062 
22.98999999995976, -0.9537774401646933 
22.999999999959737, -0.9534866940706086 
23.009999999959714, -0.951457419713366 
23.01999999995969, -0.947059942420999 
23.029999999959667, -0.9446794898625039 
23.039999999959644, -0.9444884876901954 
23.04999999995962, -0.9441502328841825 
23.059999999959597, -0.9426614392387964 
23.069999999959574, -0.9404967791140998 
23.07999999995955, -0.9393053021955882 
23.089999999959527, -0.9391388567594406 
23.099999999959504, -0.9388102717563219 
23.10999999995948, -0.9378586036605187 
23.119999999959457, -0.9367569326697827 
23.129999999959434, -0.9361110128254385 
23.13999999995941, -0.9359789828928898 
23.149999999959388, -0.9357111800812271 
23.159999999959364, -0.9351401569872653 
23.16999999995934, -0.9345288989708251 
23.179999999959318, -0.9341609635790505 
23.189999999959294, -0.9340851390958896 
23.19999999995927, -0.933918913725074 
23.209999999959248, -0.9335979787693665 
23.219999999959224, -0.9332237890952866 
23.2299999999592, -0.933030213274851 
23.239999999959178, -0.9330537121130558 
23.249999999959154, -0.9330350695240621 
23.25999999995913, -0.9328892127398726 
23.269999999959108, -0.9326356385829576 
23.279999999959085, -0.9325963534710451 
23.28999999995906, -0.9328100398058303 
23.299999999959038, -0.9330208567829039 
23.309999999959015, -0.9330131900487174 
23.31999999995899, -0.9328202714304556 
23.329999999958968, -0.9329849833005006 
23.339999999958945, -0.933598412994083 
23.34999999995892, -0.9342035307663351 
23.359999999958898, -0.934309383366584 
23.369999999958875, -0.9341389486735447 
23.37999999995885, -0.9346681774528169 
23.389999999958828, -0.9362082618319673 
23.399999999958805, -0.9375088371557307 
23.40999999995878, -0.9376874543897258 
23.41999999995876, -0.9375048144359918 
23.429999999958735, -0.9388069500459865 
23.43999999995871, -0.9426313783322882 
23.44999999995869, -0.944999434552939 
23.459999999958665, -0.9451746898439406 
23.46999999995864, -0.9449358450208801 
23.47999999995862, -0.9479919731940204 
23.489999999958595, -0.9569271183505359 
23.499999999958572, -0.9602220086398232 
23.50999999995855, -0.960301091586903 
23.519999999958525, -0.9599617360183139 
23.529999999958502, -0.9667398119868591 
23.53999999995848, -0.982325215638952 
23.549999999958455, -0.9852029584711268 
23.559999999958432, -0.9851241097165084 
23.56999999995841, -0.9848068842207125 
23.579999999958385, -0.9974401468433174 
23.589999999958362, -1.0129424942019367 
23.59999999995834, -1.014421485921495 
23.609999999958315, -1.0141666674963254 
23.619999999958292, -1.014931319881708 
23.62999999995827, -1.030218879312531 
23.639999999958246, -1.0383443636553311 
23.649999999958222, -1.0387921192052887 
23.6599999999582, -1.0384435359830626 
23.669999999958176, -1.0417334150825328 
23.679999999958152, -1.0511145470315981 
23.68999999995813, -1.0537525038118116 
23.699999999958106, -1.0537158871740702 
23.709999999958082, -1.053740059851139 
23.71999999995806, -1.057276541083907 
23.729999999958036, -1.0608098460745834 
23.739999999958012, -1.0614534461228526 
23.74999999995799, -1.0612492008508583 
23.759999999957966, -1.0618864871263416 
23.769999999957943, -1.0638019035064885 
23.77999999995792, -1.0649237836679968 
23.789999999957896, -1.0649409329387618 
23.799999999957873, -1.064818079951732 
23.80999999995785, -1.0654631368189489 
23.819999999957826, -1.066227190741113 
23.829999999957803, -1.0664803349454741 
23.83999999995778, -1.0662881672450293 
23.849999999957756, -1.0662993136798264 
23.859999999957733, -1.0666264379963106 
23.86999999995771, -1.066828371205225 
23.879999999957686, -1.066716547258666 
23.889999999957663, -1.0664743363053986 
23.89999999995764, -1.0664828483554318 
23.909999999957616, -1.0665444136214852 
23.919999999957593, -1.0664268419089713 
23.92999999995757, -1.0661111190485182 
23.939999999957546, -1.0658521595147763 
23.949999999957523, -1.0657994162421625 
23.9599999999575, -1.0656382379717486 
23.969999999957476, -1.0652533112749674 
23.979999999957453, -1.0647667040679736 
23.98999999995743, -1.0645042891148968 
23.999999999957407, -1.0643690402635728 
24.009999999957383, -1.0639219889099707 
24.01999999995736, -1.063192034283434 
24.029999999957337, -1.0625303915168745 
24.039999999957313, -1.0623323339797532 
24.04999999995729, -1.0620080527214897 
24.059999999957267, -1.0610411301326967 
24.069999999957243, -1.0597408949828873 
24.07999999995722, -1.059070246234841 
24.089999999957197, -1.058904742073883 
24.099999999957173, -1.0581194120467952 
24.10999999995715, -1.056014182354805 
24.119999999957127, -1.0539657431776006 
24.129999999957104, -1.053608485952949 
24.13999999995708, -1.053290699406425 
24.149999999957057, -1.051279401446408 
24.159999999957034, -1.0467625715025277 
24.16999999995701, -1.04464782617973 
24.179999999956987, -1.044550589921873 
24.189999999956964, -1.0437711514900565 
24.19999999995694, -1.038583863644283 
24.209999999956917, -1.0309559450827017 
24.219999999956894, -1.030000567964988 
24.22999999995687, -1.0298514118317108 
24.239999999956847, -1.0279313386739974 
24.249999999956824, -1.0170381101087997 
24.2599999999568, -1.009388550182087 
24.269999999956777, -1.0093168278268267 
24.279999999956754, -1.008967616957915 
24.28999999995673, -1.0049477619790743 
24.299999999956707, -0.9905318492286598 
24.309999999956684, -0.9860111359759008 
24.31999999995666, -0.9860563612383436 
24.329999999956637, -0.9854322443416774 
24.339999999956614, -0.979699200925934 
24.34999999995659, -0.9682932401321411 
24.359999999956568, -0.9661396895431003 
24.369999999956544, -0.9661053131603003 
24.37999999995652, -0.9652121282888935 
24.389999999956498, -0.9600737221840606 
24.399999999956474, -0.9537851985114714 
24.40999999995645, -0.9526987030014118 
24.419999999956428, -0.9525876468110982 
24.429999999956404, -0.9515943086818219 
24.43999999995638, -0.9482986470293531 
24.449999999956358, -0.9452729921942861 
24.459999999956334, -0.9446582779303978 
24.46999999995631, -0.9445002107159318 
24.479999999956288, -0.94362295853051 
24.489999999956265, -0.9417958170423063 
24.49999999995624, -0.9403090406088637 
24.509999999956218, -0.9399291112437979 
24.519999999956195, -0.9397572098371639 
24.52999999995617, -0.9390994183906937 
24.539999999956148, -0.938102613316356 
24.549999999956125, -0.9373107198084398 
24.5599999999561, -0.9370697063761343 
24.569999999956078, -0.936920173666941 
24.579999999956055, -0.9364832473121093 
24.58999999995603, -0.9359150349273413 
24.599999999956008, -0.9354583944993733 
24.609999999955985, -0.9353256951715503 
24.61999999995596, -0.9352407774494925 
24.62999999995594, -0.9349965516042054 
24.639999999955915, -0.9346522081950078 
24.64999999995589, -0.9343802802745743 
24.65999999995587, -0.9343693434810516 
24.669999999955845, -0.9344086718665593 
24.67999999995582, -0.9343420671240189 
24.6899999999558, -0.9341183178222863 
24.699999999955775, -0.9339738130712432 
24.709999999955752, -0.9341523436029425 
24.71999999995573, -0.9344232991824113 
24.729999999955705, -0.9345447199358932 
24.739999999955682, -0.9343828852007798 
24.74999999995566, -0.9343612165191036 
24.759999999955635, -0.9349057906249134 
24.769999999955612, -0.9356331086336872 
24.77999999995559, -0.9359696662002193 
24.789999999955565, -0.9358279821280024 
24.799999999955542, -0.9359735380826486 
24.80999999995552, -0.9373342210301385 
24.819999999955495, -0.9389972315283809 
24.829999999955472, -0.9395533393096139 
24.83999999995545, -0.9393942468460776 
24.849999999955426, -0.9398273553759435 
24.859999999955402, -0.9431774303066681 
24.86999999995538, -0.9466330581203046 
24.879999999955356, -0.947311334566303 
24.889999999955332, -0.9470952316894221 
24.89999999995531, -0.94809205038769 
24.909999999955286, -0.9561273783299282 
24.919999999955262, -0.961988963889657 
24.92999999995524, -0.9625619755319494 
24.939999999955216, -0.9622441840557134 
24.949999999955192, -0.9644947212316657 
24.95999999995517, -0.9801598392433697 
24.969999999955146, -0.9866162825384995 
24.979999999955123, -0.9869005065401004 
24.9899999999551, -0.9864549740887597 
24.999999999955076, -0.9917565710081261 
