t, s[1].omega / s[0].omega 
0, -1.4699973258491557 
0.009999999999999995, -1.4694832560068187 
0.019999999999999934, -1.4685242991830136 
0.029999999999999874, -1.4679955329613872 
0.04000000000000012, -1.4676220050513233 
0.050000000000000405, -1.4630701814297395 
0.06000000000000069, -1.4305882569166173 
0.07000000000000098, -1.4436297753142329 
0.08000000000000126, -1.4445182984738005 
0.09000000000000155, -1.4441751555144586 
0.10000000000000184, -1.4449688036004442 
0.11000000000000212, -1.4458462214860786 
0.12000000000000241, -1.4459361550444154 
0.130000000000002, -1.4455209774616053 
0.1400000000000009, -1.4449393358131781 
0.1499999999999998, -1.4446692429299595 
0.1599999999999987, -1.4440515415942992 
0.1699999999999976, -1.438805000950246 
0.1799999999999965, -1.418702313347726 
0.1899999999999954, -1.4187706787239704 
0.1999999999999943, -1.4188580709762904 
0.2099999999999932, -1.4183056632343014 
0.2199999999999921, -1.422033614473637 
0.229999999999991, -1.4250003411019552 
0.2399999999999899, -1.4254771920831253 
0.2499999999999888, -1.4251879487312336 
0.2599999999999877, -1.4249224397084697 
0.2699999999999866, -1.4247804586323392 
0.2799999999999855, -1.4242501619496737 
0.2899999999999844, -1.4223170855980045 
0.2999999999999833, -1.4183149748344153 
0.3099999999999822, -1.4175869930738985 
0.3199999999999811, -1.4173337495446308 
0.32999999999998, -1.4148868399381482 
0.3399999999999789, -1.4320216020643928 
0.3499999999999778, -1.4453430464462749 
0.35999999999997667, -1.446193609818976 
0.36999999999997557, -1.4459211763881332 
0.37999999999997447, -1.4459752818870204 
0.38999999999997337, -1.4460429196987197 
0.39999999999997227, -1.4457084674587315 
0.40999999999997117, -1.4447841072670211 
0.41999999999997006, -1.4433970375355083 
0.42999999999996896, -1.443062054059338 
0.43999999999996786, -1.4424573009240422 
0.44999999999996676, -1.4331055615185126 
0.45999999999996566, -1.4329300311787914 
0.46999999999996456, -1.4458946244214828 
0.47999999999996346, -1.4461988631049763 
0.48999999999996235, -1.4459411170127816 
0.49999999999996125, -1.4466427213628958 
0.5099999999999602, -1.447050124232595 
0.519999999999959, -1.446890671513835 
0.529999999999958, -1.4463033622249049 
0.5399999999999568, -1.4456448384332883 
0.5499999999999557, -1.4454028547166182 
0.5599999999999546, -1.4443338744150078 
0.5699999999999535, -1.4321277580355132 
0.5799999999999524, -1.4091312296383083 
0.5899999999999513, -1.4119108918195944 
0.5999999999999502, -1.4117921718374744 
0.6099999999999491, -1.4116734095988694 
0.619999999999948, -1.4147714168684455 
0.6299999999999469, -1.416366964296856 
0.6399999999999458, -1.4164984965030487 
0.6499999999999447, -1.4161457475052053 
0.6599999999999436, -1.415871511136438 
0.6699999999999425, -1.4156894065710868 
0.6799999999999414, -1.4149197872316135 
0.6899999999999403, -1.412061948467035 
0.6999999999999392, -1.4073199936440912 
0.7099999999999381, -1.4071102635034718 
0.719999999999937, -1.406729953847823 
0.7299999999999359, -1.4045443339237966 
0.7399999999999348, -1.4242108970235625 
0.7499999999999337, -1.4327307379942054 
0.7599999999999326, -1.4331924445720319 
0.7699999999999315, -1.4329199262926862 
0.7799999999999304, -1.4330038409131476 
0.7899999999999293, -1.4330296394175603 
0.7999999999999282, -1.4326370939578523 
0.8099999999999271, -1.4316471432899127 
0.819999999999926, -1.4303266092623355 
0.8299999999999249, -1.430059394683485 
0.8399999999999238, -1.4293242600423728 
0.8499999999999227, -1.4175793399427206 
0.8599999999999216, -1.4132115010972193 
0.8699999999999205, -1.423813192017933 
0.8799999999999194, -1.4240220750828472 
0.8899999999999183, -1.423777805679496 
0.8999999999999172, -1.424742308955351 
0.9099999999999161, -1.4253437714080857 
0.919999999999915, -1.42528338856426 
0.9299999999999139, -1.4247984917620076 
0.9399999999999128, -1.4242613199709762 
0.9499999999999117, -1.4240304061708549 
0.9599999999999106, -1.4231608883727116 
0.9699999999999095, -1.4164888098866493 
0.9799999999999084, -1.4001697403979294 
0.9899999999999073, -1.4008510894728206 
0.9999999999999062, -1.400743994882269 
1.0099999999999052, -1.4002091839579929 
1.019999999999904, -1.4059198352330444 
1.029999999999903, -1.4094865283045237 
1.039999999999902, -1.4099471663980219 
1.0499999999999008, -1.409661966177948 
1.0599999999998997, -1.4094871665104822 
1.0699999999998986, -1.4093928475497348 
1.0799999999998975, -1.4089107626555932 
1.0899999999998964, -1.4074599261245837 
1.0999999999998953, -1.4049036193387558 
1.1099999999998942, -1.404341569719087 
1.119999999999893, -1.4040025009131456 
1.129999999999892, -1.3998663706921062 
1.1399999999998909, -1.4137743069650812 
1.1499999999998898, -1.4350063273835658 
1.1599999999998887, -1.4359725180276832 
1.1699999999998876, -1.4356893746822672 
1.1799999999998865, -1.4359773996210243 
1.1899999999998854, -1.4363008987172297 
1.1999999999998843, -1.4361594506377855 
1.2099999999998832, -1.4355629165890669 
1.219999999999882, -1.434690446825551 
1.229999999999881, -1.4343651397326997 
1.2399999999998799, -1.4337834276622032 
1.2499999999998788, -1.4265419610067254 
1.2599999999998777, -1.3926153111998154 
1.2699999999998766, -1.3974987977513544 
1.2799999999998755, -1.3978589382134725 
1.2899999999998744, -1.3974381440623422 
1.2999999999998733, -1.3993633325773949 
1.3099999999998722, -1.401335761379893 
1.319999999999871, -1.4017667654841108 
1.32999999999987, -1.4014938788662579 
1.3399999999998689, -1.401144979144632 
1.3499999999998678, -1.400971644601026 
1.3599999999998666, -1.4005436148412729 
1.3699999999998655, -1.3987402662542898 
1.3799999999998644, -1.394076691765299 
1.3899999999998633, -1.392295584922225 
1.3999999999998622, -1.39224459060703 
1.4099999999998611, -1.390792575320635 
1.41999999999986, -1.398103989504553 
1.429999999999859, -1.419473805342122 
1.4399999999998578, -1.421752057868956 
1.4499999999998567, -1.4215823652783623 
1.4599999999998556, -1.4215165994416021 
1.4699999999998545, -1.4217218230496296 
1.4799999999998534, -1.4216095111697804 
1.4899999999998523, -1.4210282475466258 
1.4999999999998512, -1.4199423436893854 
1.5099999999998501, -1.4192686642998886 
1.519999999999849, -1.4189979112095787 
1.529999999999848, -1.4162792683446481 
1.5399999999998468, -1.3841087265077867 
1.5499999999998457, -1.3866026299791339 
1.5599999999998446, -1.3886984633602417 
1.5699999999998435, -1.3884194825441099 
1.5799999999998424, -1.3888854647858941 
1.5899999999998413, -1.3908908929376556 
1.5999999999998402, -1.391667925188085 
1.6099999999998391, -1.391574025948353 
1.619999999999838, -1.3911757005165244 
1.629999999999837, -1.3909072027812956 
1.6399999999998358, -1.3906819181913064 
1.6499999999998347, -1.3896440831430188 
1.6599999999998336, -1.385971069884875 
1.6699999999998325, -1.3813933440192971 
1.6799999999998314, -1.3814027139617464 
1.6899999999998303, -1.3809089757704116 
1.6999999999998292, -1.378585414306363 
1.709999999999828, -1.4021300338928315 
1.719999999999827, -1.4104979284145225 
1.729999999999826, -1.4108805614514586 
1.7399999999998248, -1.4106199633497916 
1.7499999999998237, -1.410810741579991 
1.7599999999998226, -1.4109220063371692 
1.7699999999998215, -1.410625994927706 
1.7799999999998204, -1.409853646829212 
1.7899999999998193, -1.4088416150049308 
1.7999999999998182, -1.4085607626550434 
1.809999999999817, -1.4078878270073263 
1.819999999999816, -1.3987975564827024 
1.8299999999998149, -1.365075231395276 
1.8399999999998138, -1.3712135237241672 
1.8499999999998127, -1.3715496185949638 
1.8599999999998116, -1.3711250916193332 
1.8699999999998105, -1.3731779647045947 
1.8799999999998094, -1.3754756904990308 
1.8899999999998083, -1.3760477197106313 
1.8999999999998072, -1.3758228081110018 
1.909999999999806, -1.3755112819555197 
1.919999999999805, -1.3753734418047152 
1.9299999999998039, -1.375054215973105 
1.9399999999998028, -1.373841979751646 
1.9499999999998017, -1.3709713425072443 
1.9599999999998006, -1.369104167205839 
1.9699999999997995, -1.369035642684482 
1.9799999999997984, -1.3678197737861084 
1.9899999999997973, -1.3603002295745164 
1.9999999999997962, -1.396140705994727 
2.0099999999998173, -1.4018613079266489 
2.0199999999998384, -1.4018541592731482 
2.0299999999998595, -1.401733024358265 
2.0399999999998806, -1.4023823443253665 
2.0499999999999017, -1.4026629207735912 
2.059999999999923, -1.4024492287898889 
2.069999999999944, -1.40186024910863 
2.079999999999965, -1.4012829690841013 
2.089999999999986, -1.4010571969421903 
2.100000000000007, -1.399996460935287 
2.1100000000000283, -1.3913036811972954 
2.1200000000000494, -1.3736422226976457 
2.1300000000000705, -1.3747363025123878 
2.1400000000000916, -1.3746118803059382 
2.1500000000001127, -1.3740744213475506 
2.160000000000134, -1.3802723929170455 
2.170000000000155, -1.3843650480588063 
2.180000000000176, -1.3849392096785578 
2.190000000000197, -1.3846776718640499 
2.2000000000002182, -1.3845398726987086 
2.2100000000002393, -1.3845053237873064 
2.2200000000002604, -1.3841529129737964 
2.2300000000002815, -1.3831292714527086 
2.2400000000003026, -1.3813267079242344 
2.2500000000003237, -1.3806211446667869 
2.260000000000345, -1.3803519523868728 
2.270000000000366, -1.3771359266805356 
2.280000000000387, -1.3521032196641087 
2.290000000000408, -1.3726496554391587 
2.3000000000004293, -1.3748336441841986 
2.3100000000004504, -1.3745802975628425 
2.3200000000004715, -1.3749468525065491 
2.3300000000004926, -1.376477668908268 
2.3400000000005137, -1.3770899727319712 
2.3500000000005348, -1.3769729901483647 
2.360000000000556, -1.3765534690201782 
2.370000000000577, -1.3762536044407099 
2.380000000000598, -1.3760375666381566 
2.390000000000619, -1.3750446622699186 
2.4000000000006403, -1.3713632010584844 
2.4100000000006614, -1.3662264889706024 
2.4200000000006825, -1.366149428234636 
2.4300000000007036, -1.3657572662443567 
2.4400000000007247, -1.3630984659005378 
2.450000000000746, -1.3852955274522714 
2.460000000000767, -1.3968627952333668 
2.470000000000788, -1.397533651370807 
2.480000000000809, -1.397266756242198 
2.49000000000083, -1.397460533684845 
2.5000000000008513, -1.3976831758316597 
2.5100000000008724, -1.397509427907441 
2.5200000000008935, -1.396900975986205 
2.5300000000009146, -1.396004010088706 
2.5400000000009357, -1.3956444892290825 
2.550000000000957, -1.395187248541314 
2.560000000000978, -1.3904403201679747 
2.570000000000999, -1.3598435822398207 
2.58000000000102, -1.3581563443441627 
2.5900000000010412, -1.3588508914406174 
2.6000000000010624, -1.3583703731081287 
2.6100000000010835, -1.360170752916589 
2.6200000000011046, -1.3645726749073284 
2.6300000000011257, -1.3659428347177338 
2.6400000000011468, -1.3658911583075708 
2.650000000001168, -1.3656079043268878 
2.660000000001189, -1.3655303380887962 
2.67000000000121, -1.3653782893706647 
2.680000000001231, -1.364711341161825 
2.6900000000012523, -1.3631809390117133 
2.7000000000012734, -1.361454865128815 
2.7100000000012945, -1.3612512167412867 
2.7200000000013156, -1.3605691378854543 
2.7300000000013367, -1.3504310532401569 
2.740000000001358, -1.3365608770451647 
2.750000000001379, -1.349573033239211 
2.7600000000014, -1.3500906978642626 
2.770000000001421, -1.3497317466917207 
2.780000000001442, -1.3510441996139309 
2.7900000000014633, -1.3527799649423744 
2.8000000000014844, -1.3532983976930006 
2.8100000000015055, -1.3530975807106025 
2.8200000000015266, -1.3527476765034794 
2.8300000000015477, -1.352577224405642 
2.840000000001569, -1.3523191864798028 
2.85000000000159, -1.3512718476757402 
2.860000000001611, -1.3486182105986475 
2.870000000001632, -1.3461485856079272 
2.8800000000016532, -1.3460691379984473 
2.8900000000016743, -1.3453363234081446 
2.9000000000016954, -1.3366354661382818 
2.9100000000017165, -1.360044296482901 
2.9200000000017377, -1.3728100843741284 
2.9300000000017588, -1.3732034962198127 
2.94000000000178, -1.3729231969233568 
2.950000000001801, -1.3737310769953373 
2.960000000001822, -1.3744873152474335 
2.970000000001843, -1.374585799817391 
2.9800000000018643, -1.374221020045237 
2.9900000000018854, -1.3737287632048694 
3.0000000000019065, -1.3734890815710317 
3.0100000000019276, -1.3730564765054674 
3.0200000000019487, -1.3707079970224385 
3.03000000000197, -1.3628841455858833 
3.040000000001991, -1.3595562491704822 
3.050000000002012, -1.3597126547643412 
3.060000000002033, -1.3588292947268314 
3.070000000002054, -1.3619313153105916 
3.0800000000020753, -1.3809755854456134 
3.0900000000020964, -1.3845203830039072 
3.1000000000021175, -1.3845259122339433 
3.1100000000021386, -1.384340642322257 
3.1200000000021597, -1.3845670365910316 
3.130000000002181, -1.3845992500652666 
3.140000000002202, -1.3842217791940654 
3.150000000002223, -1.3834005244305387 
3.160000000002244, -1.3825429130717728 
3.1700000000022652, -1.3823226163873883 
3.1800000000022863, -1.3813872786506471 
3.1900000000023074, -1.3702904415700008 
3.2000000000023285, -1.3411461675350793 
3.2100000000023496, -1.3441809566604936 
3.2200000000023707, -1.3442924011940183 
3.230000000002392, -1.3437628935052495 
3.240000000002413, -1.347467541150782 
3.250000000002434, -1.3514006719846519 
3.260000000002455, -1.3522864746290533 
3.2700000000024763, -1.3521028479569832 
3.2800000000024974, -1.3518930267399307 
3.2900000000025185, -1.3518766201059655 
3.3000000000025396, -1.3516756761196487 
3.3100000000025607, -1.3509507925617394 
3.3200000000025818, -1.3495311211662746 
3.330000000002603, -1.3483759071686872 
3.340000000002624, -1.3482079527763127 
3.350000000002645, -1.3470729838048376 
3.360000000002666, -1.3305082372646417 
3.3700000000026873, -1.305328061801668 
3.3800000000027084, -1.311247861992477 
3.3900000000027295, -1.3114114094972258 
3.4000000000027506, -1.3109595839794967 
3.4100000000027717, -1.3139279091761291 
3.420000000002793, -1.3174981466046534 
3.430000000002814, -1.3184758605388582 
3.440000000002835, -1.3183423443636726 
3.450000000002856, -1.3181200655657692 
3.460000000002877, -1.3181300311010749 
3.4700000000028983, -1.318021008085466 
3.4800000000029194, -1.3174944699247113 
3.4900000000029405, -1.3164518462471246 
3.5000000000029616, -1.3153448338276224 
3.5100000000029827, -1.315115414351217 
3.520000000003004, -1.3144877620680766 
3.530000000003025, -1.3079811738361176 
3.540000000003046, -1.2783336131538747 
3.550000000003067, -1.2761732750349006 
3.5600000000030882, -1.276722526199151 
3.5700000000031094, -1.276164951823922 
3.5800000000031305, -1.2778545096694909 
3.5900000000031516, -1.2902432653900788 
3.6000000000031727, -1.2946135096468816 
3.6100000000031938, -1.2949342097379215 
3.620000000003215, -1.2946922982349118 
3.630000000003236, -1.2949299456931431 
3.640000000003257, -1.2952523898611135 
3.650000000003278, -1.2952353535203043 
3.6600000000032993, -1.2948568233800763 
3.6700000000033204, -1.294273154167737 
3.6800000000033415, -1.2939214633376028 
3.6900000000033626, -1.2936894599387243 
3.7000000000033837, -1.2925242780574135 
3.710000000003405, -1.2882460419971264 
3.720000000003426, -1.2824575952009263 
3.730000000003447, -1.2821665920302683 
3.740000000003468, -1.2819172278014352 
3.750000000003489, -1.2789748001341206 
3.7600000000035103, -1.2839991293761879 
3.7700000000035314, -1.3162492831685308 
3.7800000000035525, -1.3188470034518545 
3.7900000000035736, -1.3186719205746733 
3.8000000000035947, -1.31881030075571 
3.810000000003616, -1.3202378500449337 
3.820000000003637, -1.321021875333633 
3.830000000003658, -1.3210578062896134 
3.840000000003679, -1.3207066008702226 
3.8500000000037002, -1.3204144629240369 
3.8600000000037213, -1.320278436149443 
3.8700000000037424, -1.3197984510171312 
3.8800000000037635, -1.318264669409415 
3.8900000000037847, -1.3153923660320206 
3.9000000000038058, -1.3142258363462471 
3.910000000003827, -1.3140916065616102 
3.920000000003848, -1.3123556444224602 
3.930000000003869, -1.2916896612386792 
3.94000000000389, -1.30463721920288 
3.9500000000039113, -1.3103329430861503 
3.9600000000039324, -1.3103537505745408 
3.9700000000039535, -1.3101188646223003 
3.9800000000039746, -1.3124299648823545 
3.9900000000039957, -1.3143978066853288 
4.000000000004016, -1.314888286172214 
4.010000000003993, -1.314666060363813 
4.02000000000397, -1.3144225619053753 
4.030000000003946, -1.314362910153541 
4.040000000003923, -1.3141447174308882 
4.0500000000039, -1.3133890168612998 
4.0600000000038765, -1.3119291235240733 
4.070000000003853, -1.3106486284235292 
4.08000000000383, -1.310477789666134 
4.090000000003807, -1.3096508448343296 
4.100000000003783, -1.2991393263534634 
4.11000000000376, -1.263285454779553 
4.120000000003737, -1.2664110558215942 
4.130000000003713, -1.2668664839744184 
4.14000000000369, -1.2663072411727267 
4.150000000003667, -1.268754450784697 
4.1600000000036434, -1.2778440927980859 
4.17000000000362, -1.2809677867348026 
4.180000000003597, -1.2811717497650763 
4.1900000000035735, -1.280937813817528 
4.20000000000355, -1.2811532211716936 
4.210000000003527, -1.2814173980947623 
4.220000000003504, -1.2813622102027922 
4.23000000000348, -1.2809607570751913 
4.240000000003457, -1.280366956824352 
4.250000000003434, -1.280021279489263 
4.26000000000341, -1.2797916231093318 
4.270000000003387, -1.278653922973578 
4.280000000003364, -1.274668246183775 
4.2900000000033405, -1.2692774362154333 
4.300000000003317, -1.2688957789335658 
4.310000000003294, -1.2686631643282515 
4.320000000003271, -1.2657710867159715 
4.330000000003247, -1.259466698238352 
4.340000000003224, -1.2920737675723766 
4.350000000003201, -1.2953571697421968 
4.360000000003177, -1.2952272886626373 
4.370000000003154, -1.2952506481833266 
4.380000000003131, -1.2973715598269595 
4.390000000003107, -1.2988009861195713 
4.400000000003084, -1.2990849843957342 
4.410000000003061, -1.2988180609603102 
4.4200000000030375, -1.298594900952617 
4.430000000003014, -1.2985358220887337 
4.440000000002991, -1.298273280602264 
4.450000000002968, -1.2974567195820763 
4.460000000002944, -1.2959844683231436 
4.470000000002921, -1.2948663954907391 
4.480000000002898, -1.294704795620227 
4.490000000002874, -1.2937468911863366 
4.500000000002851, -1.2826569069440272 
4.510000000002828, -1.2499769891592982 
4.520000000002804, -1.251508303737747 
4.530000000002781, -1.251839972645197 
4.540000000002758, -1.2511804330632723 
4.5500000000027345, -1.2541852719760644 
4.560000000002711, -1.2674992533119755 
4.570000000002688, -1.2716100385969742 
4.580000000002665, -1.2718559781403338 
4.590000000002641, -1.2716249340223371 
4.600000000002618, -1.271995021602332 
4.610000000002595, -1.2724572389089384 
4.620000000002571, -1.2725427668086102 
4.630000000002548, -1.272248249448321 
4.640000000002525, -1.2717760279916175 
4.6500000000025015, -1.2714939208502862 
4.660000000002478, -1.271298378431544 
4.670000000002455, -1.2704529725736977 
4.6800000000024315, -1.2680636835558434 
4.690000000002408, -1.264737248159124 
4.700000000002385, -1.2641654078605575 
4.710000000002362, -1.2639323451487516 
4.720000000002338, -1.26112690884428 
4.730000000002315, -1.2313976791301902 
4.740000000002292, -1.2309023526736704 
4.750000000002268, -1.2345302055940075 
4.760000000002245, -1.2344794838851694 
4.770000000002222, -1.2339978918701817 
4.7800000000021985, -1.2393684914682654 
4.790000000002175, -1.2458045394636328 
4.800000000002152, -1.2474177321398134 
4.810000000002129, -1.2473584245741471 
4.820000000002105, -1.2472184705576894 
4.830000000002082, -1.2475935145088837 
4.840000000002059, -1.2478770830350054 
4.850000000002035, -1.2478200589464983 
4.860000000002012, -1.2474378137636943 
4.870000000001989, -1.2469666031097706 
4.880000000001965, -1.2467466638255473 
4.890000000001942, -1.2464986832419902 
4.900000000001919, -1.2454840658801787 
4.9100000000018955, -1.2430701423416937 
4.920000000001872, -1.2403915062845328 
4.930000000001849, -1.2400658439739805 
4.940000000001826, -1.239732330717047 
4.950000000001802, -1.235969117404254 
4.960000000001779, -1.2021181482286918 
4.970000000001756, -1.190134175298111 
4.980000000001732, -1.1922344871856019 
4.990000000001709, -1.1921069365826429 
5.000000000001686, -1.1911095692942038 
5.0100000000016625, -1.2013160389203628 
5.020000000001639, -1.2181591706359338 
5.030000000001616, -1.2211997765597087 
5.0400000000015925, -1.221211428957173 
5.050000000001569, -1.2210664205996296 
5.060000000001546, -1.222120631645893 
5.070000000001523, -1.223200060826399 
5.080000000001499, -1.2236017203248106 
5.090000000001476, -1.2234397157391566 
5.100000000001453, -1.2231606796553725 
5.110000000001429, -1.2230973703687535 
5.120000000001406, -1.223036278507267 
5.130000000001383, -1.222653331003678 
5.1400000000013595, -1.2218770709326816 
5.150000000001336, -1.22089262460807 
5.160000000001313, -1.2204571802257504 
5.17000000000129, -1.2202297112333886 
5.180000000001266, -1.2188814650444808 
5.190000000001243, -1.2132003789550065 
5.20000000000122, -1.2051608002893284 
5.210000000001196, -1.2044637397339781 
5.220000000001173, -1.2043729052380063 
5.23000000000115, -1.2026299267917693 
5.240000000001126, -1.1858029164544692 
5.250000000001103, -1.199170950259977 
5.26000000000108, -1.2067514508658965 
5.2700000000010565, -1.2070052490518706 
5.280000000001033, -1.20650700753882 
5.29000000000101, -1.2094346162557794 
5.300000000000987, -1.2167250828802014 
5.310000000000963, -1.2194984745905457 
5.32000000000094, -1.2197163908534694 
5.330000000000917, -1.2194913634731084 
5.340000000000893, -1.219804963141509 
5.35000000000087, -1.2203074551700441 
5.360000000000847, -1.2204907123543176 
5.3700000000008234, -1.2202983012383646 
5.3800000000008, -1.2198997037739208 
5.390000000000777, -1.2196411513682444 
5.4000000000007535, -1.219528819611641 
5.41000000000073, -1.2190877798567603 
5.420000000000707, -1.2179702938137285 
5.430000000000684, -1.2162782498647433 
5.44000000000066, -1.215322648681463 
5.450000000000637, -1.215176217579024 
5.460000000000614, -1.2142375597202757 
5.47000000000059, -1.2069271912286132 
5.480000000000567, -1.187442429763736 
5.490000000000544, -1.1845590167742586 
5.5000000000005205, -1.1848372286058437 
5.510000000000497, -1.184146474348292 
5.520000000000474, -1.1794566041267591 
5.5300000000004506, -1.208793852324533 
5.540000000000427, -1.227850190725044 
5.550000000000404, -1.2289484405300655 
5.560000000000381, -1.2286560534731006 
5.570000000000357, -1.2293238496418657 
5.580000000000334, -1.2325823488053682 
5.590000000000311, -1.2345039597147411 
5.600000000000287, -1.2348462035143764 
5.610000000000264, -1.2346126401900301 
5.620000000000241, -1.234567654185257 
5.6300000000002175, -1.2347253186016947 
5.640000000000194, -1.2346940498226864 
5.650000000000171, -1.2343490038456852 
5.660000000000148, -1.2337394539863746 
5.670000000000124, -1.2331980510253908 
5.680000000000101, -1.2330205027384389 
5.690000000000078, -1.2325243332790803 
5.700000000000054, -1.2304930708245871 
5.710000000000031, -1.226108302689835 
5.720000000000008, -1.223566415734601 
5.729999999999984, -1.2235478067532841 
5.739999999999961, -1.2228783699921277 
5.749999999999938, -1.214123710045587 
5.7599999999999145, -1.1778793532800231 
5.769999999999891, -1.1841755502579443 
5.779999999999868, -1.1853506810543666 
5.789999999999845, -1.185015667303302 
5.799999999999821, -1.1847916730066057 
5.809999999999798, -1.1979214877517368 
5.819999999999775, -1.2079955412643126 
5.829999999999751, -1.209449929689622 
5.839999999999728, -1.2092987689717858 
5.849999999999705, -1.2093650553929522 
5.8599999999996815, -1.210479683258854 
5.869999999999658, -1.2113431714789105 
5.879999999999635, -1.2115746799340157 
5.8899999999996115, -1.211341252432012 
5.899999999999588, -1.2111018523382415 
5.909999999999565, -1.2110758927916592 
5.919999999999542, -1.2109792033139952 
5.929999999999518, -1.2105419460283047 
5.939999999999495, -1.2097502874704789 
5.949999999999472, -1.2088681509940316 
5.959999999999448, -1.2085608930232041 
5.969999999999425, -1.2082683297298786 
5.979999999999402, -1.2066554063317836 
5.9899999999993785, -1.2013557946214102 
5.999999999999355, -1.1956071958716308 
6.009999999999332, -1.195281393918034 
6.019999999999309, -1.1950756503890831 
6.029999999999285, -1.1924913885749473 
6.039999999999262, -1.1652510193454821 
6.049999999999239, -1.1583153135545352 
6.059999999999215, -1.1627192252454717 
6.069999999999192, -1.1628343987297796 
6.079999999999169, -1.1620843719465828 
6.089999999999145, -1.1667453065483724 
6.099999999999122, -1.1852069262145706 
6.109999999999099, -1.1908408110943192 
6.1199999999990755, -1.1912154153913581 
6.129999999999052, -1.1909577082295375 
6.139999999999029, -1.1917330146279175 
6.149999999999006, -1.1933357341617257 
6.159999999998982, -1.1942397853268973 
6.169999999998959, -1.1943317231528776 
6.179999999998936, -1.1940726273507187 
6.189999999998912, -1.1940106703265025 
6.199999999998889, -1.1941051267258707 
6.209999999998866, -1.1940201585254095 
6.2199999999988425, -1.1936418636882715 
6.229999999998819, -1.1930291854373278 
6.239999999998796, -1.1925073449423678 
6.2499999999987725, -1.1923419360548575 
6.259999999998749, -1.1919226996417855 
6.269999999998726, -1.1904014962051752 
6.279999999998703, -1.187458069478117 
6.289999999998679, -1.1852597816251595 
6.299999999998656, -1.1851144368518858 
6.309999999998633, -1.184647485494875 
6.319999999998609, -1.1800075717622598 
6.329999999998586, -1.1531319870393766 
6.339999999998563, -1.140561652793485 
6.3499999999985395, -1.1414879751589009 
6.359999999998516, -1.1412970394547879 
6.369999999998493, -1.139184586235111 
6.37999999999847, -1.1416342021050812 
6.389999999998446, -1.180473634673406 
6.399999999998423, -1.1861790508388081 
6.4099999999984, -1.1862956745806355 
6.419999999998376, -1.1859004268679294 
6.429999999998353, -1.1888712720233323 
6.43999999999833, -1.1942042669281623 
6.449999999998306, -1.1962890872944778 
6.459999999998283, -1.1964276058356749 
6.46999999999826, -1.1962131569676875 
6.4799999999982365, -1.1965341760005848 
6.489999999998213, -1.1970304099671274 
6.49999999999819, -1.1972275707833153 
6.509999999998167, -1.1970565072031616 
6.519999999998143, -1.1966831739906703 
6.52999999999812, -1.1964526076862043 
6.539999999998097, -1.1963684081488297 
6.549999999998073, -1.1960157544533454 
6.55999999999805, -1.1951517169016184 
6.569999999998027, -1.1938781548961002 
6.5799999999980034, -1.1930088454772592 
6.58999999999798, -1.1928485472957664 
6.599999999997957, -1.1921758663744293 
6.6099999999979335, -1.1882955922685372 
6.61999999999791, -1.178417232260708 
6.629999999997887, -1.1743940681724259 
6.639999999997864, -1.1745514582484893 
6.64999999999784, -1.1740108896416013 
6.659999999997817, -1.1675419664385007 
6.669999999997794, -1.141554203380619 
6.67999999999777, -1.1535934576334772 
6.689999999997747, -1.1555474974680666 
6.699999999997724, -1.1553554714821062 
6.7099999999977005, -1.1546413242032942 
6.719999999997677, -1.1653310069462912 
6.729999999997654, -1.1798043532990596 
6.7399999999976306, -1.18257654459475 
6.749999999997607, -1.1825862911368568 
6.759999999997584, -1.1824348097257078 
6.769999999997561, -1.183720248753692 
6.779999999997537, -1.1852410852327335 
6.789999999997514, -1.1859198243483675 
6.799999999997491, -1.185859914139554 
6.809999999997467, -1.1856211211817465 
6.819999999997444, -1.1856643821234532 
6.829999999997421, -1.1857665321376527 
6.8399999999973975, -1.185639810188521 
6.849999999997374, -1.18523236766756 
6.859999999997351, -1.1846546166530012 
6.869999999997328, -1.1842753307940694 
6.879999999997304, -1.1841291276053616 
6.889999999997281, -1.1835716901056985 
6.899999999997258, -1.1819862038559363 
6.909999999997234, -1.1795175270158946 
6.919999999997211, -1.1781964850795648 
6.929999999997188, -1.178085202795467 
6.939999999997164, -1.1773310329431819 
6.949999999997141, -1.1709504700834936 
6.959999999997118, -1.1495444885462087 
6.9699999999970945, -1.143703945968585 
6.979999999997071, -1.1441466368041 
6.989999999997048, -1.14372476051829 
6.999999999997025, -1.139471477807032 
7.009999999997001, -1.1364663832480042 
7.019999999996978, -1.1634648724812182 
7.029999999996955, -1.1663982280163407 
7.039999999996931, -1.166300133097218 
7.049999999996908, -1.1658420486835857 
7.059999999996885, -1.1721628798567991 
7.0699999999968615, -1.1811021498605985 
7.079999999996838, -1.1835053104849418 
7.089999999996815, -1.1835569858224366 
7.0999999999967915, -1.183383246826895 
7.109999999996768, -1.1841512890351884 
7.119999999996745, -1.1851106679633234 
7.129999999996722, -1.185558876984387 
7.139999999996698, -1.1854652580449518 
7.149999999996675, -1.1851820297329116 
7.159999999996652, -1.1851110077736313 
7.169999999996628, -1.1851247740017214 
7.179999999996605, -1.184907251394669 
7.189999999996582, -1.184375998202696 
7.1999999999965585, -1.1836326948312625 
7.209999999996535, -1.1831200894875042 
7.219999999996512, -1.1829624215731862 
7.229999999996489, -1.1823695844603928 
7.239999999996465, -1.1802845841893799 
7.249999999996442, -1.1765812025942421 
7.259999999996419, -1.174621669132435 
7.269999999996395, -1.1745559680089006 
7.279999999996372, -1.1739051698875866 
7.289999999996349, -1.1670947161372245 
7.299999999996325, -1.1352870878529813 
7.309999999996302, -1.127191235774817 
7.319999999996279, -1.1280049679542736 
7.3299999999962555, -1.1277170949985487 
7.339999999996232, -1.12502852092647 
7.349999999996209, -1.129640059212572 
7.359999999996186, -1.1657440047586165 
7.369999999996162, -1.1701844858361814 
7.379999999996139, -1.1702137812825097 
7.389999999996116, -1.1697867811710807 
7.399999999996092, -1.173799731824613 
7.409999999996069, -1.1807274240205714 
7.419999999996046, -1.1831553879777055 
7.4299999999960225, -1.1832951298683538 
7.439999999995999, -1.1830874009766055 
7.449999999995976, -1.183584539016524 
7.4599999999959525, -1.1843353480976722 
7.469999999995929, -1.1847082765007555 
7.479999999995906, -1.1846201545875776 
7.489999999995883, -1.1843071089521577 
7.499999999995859, -1.1841589045134262 
7.509999999995836, -1.1841396581825605 
7.519999999995813, -1.1839062373702585 
7.529999999995789, -1.1833188644195338 
7.539999999995766, -1.1824638837578352 
7.549999999995743, -1.181806603934571 
7.5599999999957195, -1.181638347906664 
7.569999999995696, -1.1811188472918697 
7.579999999995673, -1.1789332515172248 
7.58999999999565, -1.1743595108446514 
7.599999999995626, -1.1715015634646309 
7.609999999995603, -1.1714431003877137 
7.61999999999558, -1.1709636285206335 
7.629999999995556, -1.165674444796666 
7.639999999995533, -1.1310417777984392 
7.64999999999551, -1.1185268224231069 
7.659999999995486, -1.11982322332109 
7.669999999995463, -1.1196767702762416 
7.67999999999544, -1.117888082290165 
7.6899999999954165, -1.1201672255279262 
7.699999999995393, -1.1604745351724903 
7.70999999999537, -1.1675408062182069 
7.719999999995347, -1.167772717859488 
7.729999999995323, -1.1673436666561245 
7.7399999999953, -1.1699095137109161 
7.749999999995277, -1.1764958199381743 
7.759999999995253, -1.1794294353098231 
7.76999999999523, -1.179750388759756 
7.779999999995207, -1.1795254987349026 
7.789999999995183, -1.17984873841216 
7.79999999999516, -1.1805875164829807 
7.809999999995137, -1.1810179699361536 
7.8199999999951135, -1.1809995342872484 
7.82999999999509, -1.1806932398319825 
7.839999999995067, -1.1804963045103196 
7.849999999995044, -1.180476212952889 
7.85999999999502, -1.1803037867166442 
7.869999999994997, -1.179783624153314 
7.879999999994974, -1.1789673544902115 
7.88999999999495, -1.1782153814138345 
7.899999999994927, -1.17800391829966 
7.909999999994904, -1.1776375400999222 
7.9199999999948805, -1.1759640328893224 
7.929999999994857, -1.1719394598853954 
7.939999999994834, -1.168375664541041 
7.9499999999948106, -1.1681274185347816 
7.959999999994787, -1.1678380017476577 
7.969999999994764, -1.1647898842478994 
7.979999999994741, -1.1387868184135497 
7.989999999994717, -1.1164455346853648 
7.999999999994694, -1.11778594176583 
8.00999999999467, -1.1178197315112008 
8.019999999994647, -1.1166239052367717 
8.029999999994624, -1.1121342362690618 
8.0399999999946, -1.148050614229834 
8.049999999994577, -1.1608335374575536 
8.059999999994554, -1.1614867814095973 
8.06999999999453, -1.1610976930355008 
8.079999999994508, -1.162315959210311 
8.089999999994484, -1.1702646933390264 
8.099999999994461, -1.1749961300851453 
8.109999999994438, -1.1757644087720232 
8.119999999994414, -1.1755713216573582 
8.129999999994391, -1.1757217465855634 
8.139999999994368, -1.1766358458241282 
8.149999999994344, -1.177319324576903 
8.159999999994321, -1.1774840512164573 
8.169999999994298, -1.177242458031885 
8.179999999994275, -1.1770222301541082 
8.189999999994251, -1.177024513209602 
8.199999999994228, -1.1769674297006174 
8.209999999994205, -1.1766179535051169 
8.219999999994181, -1.1759825172237912 
8.229999999994158, -1.1752711179989326 
8.239999999994135, -1.1749726641123737 
8.249999999994111, -1.1747502338751628 
8.259999999994088, -1.1737441480994246 
8.269999999994065, -1.1711370902100757 
8.279999999994041, -1.1678939251407727 
8.289999999994018, -1.1671298723583294 
8.299999999993995, -1.166984057168466 
8.309999999993972, -1.1654956424883995 
8.319999999993948, -1.1524603325995135 
8.329999999993925, -1.1267353742552313 
8.339999999993902, -1.1255775351474444 
8.349999999993878, -1.125826061415792 
8.359999999993855, -1.1250933025105743 
8.369999999993832, -1.1185219981528276 
8.379999999993808, -1.128846271959142 
8.389999999993785, -1.1493155841398643 
8.399999999993762, -1.1508398750966014 
8.409999999993738, -1.15058518520176 
8.419999999993715, -1.1504219046400048 
8.429999999993692, -1.159845639783826 
8.439999999993669, -1.169149960680057 
8.449999999993645, -1.1710252425379692 
8.459999999993622, -1.1709635034327963 
8.469999999993599, -1.1708840915659902 
8.479999999993575, -1.1720403137663318 
8.489999999993552, -1.1732637579265643 
8.499999999993529, -1.1737903349652505 
8.509999999993505, -1.1736879108410154 
8.519999999993482, -1.173452306471462 
8.529999999993459, -1.1734923074530015 
8.539999999993436, -1.173578088634047 
8.549999999993412, -1.1734356386569214 
8.559999999993389, -1.1730210324116777 
8.569999999993366, -1.1724507863782792 
8.579999999993342, -1.1720883989254092 
8.589999999993319, -1.1719476402328453 
8.599999999993296, -1.171411703716856 
8.609999999993272, -1.169961998865104 
8.619999999993249, -1.1677815035633505 
8.629999999993226, -1.1665490767855589 
8.639999999993202, -1.1664247637292002 
8.64999999999318, -1.1657358527456478 
8.659999999993156, -1.1606682733714975 
8.669999999993133, -1.1449515201987175 
8.67999999999311, -1.138965147032053 
8.689999999993086, -1.139278002504462 
8.699999999993063, -1.1388869045963834 
8.70999999999304, -1.134492952396497 
8.719999999993016, -1.1093987151117715 
8.729999999992993, -1.1190472487059535 
8.73999999999297, -1.1221809869803372 
8.749999999992946, -1.1221613778047757 
8.759999999992923, -1.121238422582186 
8.7699999999929, -1.1279871368211913 
8.779999999992876, -1.1534829481518956 
8.789999999992853, -1.1599640989496935 
8.79999999999283, -1.1603226059733085 
8.809999999992806, -1.1600233926795847 
8.819999999992783, -1.161243336756457 
8.82999999999276, -1.1643160926379026 
8.839999999992736, -1.1661055958077715 
8.849999999992713, -1.166409573817826 
8.85999999999269, -1.1661913230078276 
8.869999999992666, -1.1662710848922693 
8.879999999992643, -1.1666760869534951 
8.88999999999262, -1.1669101341468857 
8.899999999992596, -1.166830817938815 
8.909999999992573, -1.166485575609958 
8.91999999999255, -1.1661804068029173 
8.929999999992527, -1.1660933597879433 
8.939999999992503, -1.1659176606509027 
8.94999999999248, -1.165345125431593 
8.959999999992457, -1.164391567284692 
8.969999999992433, -1.163400529434203 
8.97999999999241, -1.1630833482603937 
8.989999999992387, -1.162824663825876 
8.999999999992363, -1.1614574110521185 
9.00999999999234, -1.1573223474191994 
9.019999999992317, -1.1524147201028152 
9.029999999992294, -1.1516709145427113 
9.03999999999227, -1.151548104935539 
9.049999999992247, -1.1499764383119333 
9.059999999992224, -1.1336116042496975 
9.0699999999922, -1.1008725995417534 
9.079999999992177, -1.1005407446995825 
9.089999999992154, -1.1008887814160535 
9.09999999999213, -1.1002628488324058 
9.109999999992107, -1.094863036679883 
9.119999999992084, -1.1023613814118018 
9.12999999999206, -1.125736112734542 
9.139999999992037, -1.1278043859048594 
9.149999999992014, -1.1276332831797107 
9.15999999999199, -1.1270386842211202 
9.169999999991967, -1.1364678093961313 
9.179999999991944, -1.1507725940300364 
9.18999999999192, -1.1539690524773198 
9.199999999991897, -1.1540541860255242 
9.209999999991874, -1.1538433461458362 
9.21999999999185, -1.155193422387085 
9.229999999991827, -1.157261353200344 
9.239999999991804, -1.1583408930991836 
9.24999999999178, -1.158426061641455 
9.259999999991757, -1.158197568488317 
9.269999999991734, -1.1583031233103038 
9.27999999999171, -1.1585935304376525 
9.289999999991688, -1.1586955805391044 
9.299999999991664, -1.1585121747333318 
9.309999999991641, -1.158115611512132 
9.319999999991618, -1.1578113638958727 
9.329999999991594, -1.1577225592351092 
9.339999999991571, -1.1574772777848716 
9.349999999991548, -1.1567843496906494 
9.359999999991524, -1.1557047171298227 
9.369999999991501, -1.1547102472663826 
9.379999999991478, -1.1544610401314446 
9.389999999991455, -1.1541386263374525 
9.399999999991431, -1.1524677839440163 
9.409999999991408, -1.1478465157720956 
9.419999999991385, -1.1431967220901522 
9.429999999991361, -1.1427256158929018 
9.439999999991338, -1.1425497980356145 
9.449999999991315, -1.1405818398367955 
9.459999999991291, -1.1220068882319267 
9.469999999991268, -1.092995546358607 
9.479999999991245, -1.0930229870468378 
9.489999999991221, -1.0932568239070455 
9.499999999991198, -1.0925002945250728 
9.509999999991175, -1.0852724021078646 
9.519999999991152, -1.0821845273028656 
9.529999999991128, -1.0992362723536204 
9.539999999991105, -1.1009328701582615 
9.549999999991082, -1.1007275561690724 
9.559999999991058, -1.0997036056077605 
9.569999999991035, -1.112398694534229 
9.579999999991012, -1.1370949941173192 
9.589999999990988, -1.1415173372104386 
9.599999999990965, -1.141648124725502 
9.609999999990942, -1.1413485164357111 
9.619999999990918, -1.1434012865890857 
9.629999999990895, -1.1474187302888634 
9.639999999990872, -1.1494426943593543 
9.649999999990849, -1.1496930165049617 
9.659999999990825, -1.149475090112495 
9.669999999990802, -1.1497324130716575 
9.679999999990779, -1.1503901752860695 
9.689999999990755, -1.1508132640511373 
9.699999999990732, -1.150828961979262 
9.709999999990709, -1.1505443366609793 
9.719999999990685, -1.150349762984461 
9.729999999990662, -1.1503598891865756 
9.739999999990639, -1.1502757330804652 
9.749999999990616, -1.149908349216449 
9.759999999990592, -1.1492921653189037 
9.769999999990569, -1.1486589277164008 
9.779999999990546, -1.1484156133183283 
9.789999999990522, -1.1481942593452819 
9.799999999990499, -1.147298759308305 
9.809999999990476, -1.1453593233396198 
9.819999999990452, -1.14311126459106 
9.829999999990429, -1.1424472089785056 
9.839999999990406, -1.1422875111804158 
9.849999999990382, -1.1410567644774094 
9.85999999999036, -1.1339836979919424 
9.869999999990336, -1.1210363821459464 
9.879999999990313, -1.1186080563045275 
9.88999999999029, -1.1187328872794828 
9.899999999990266, -1.1180238879858921 
9.909999999990243, -1.1095277004067214 
9.91999999999022, -1.068184892000754 
9.929999999990196, -1.0645654263489661 
9.939999999990173, -1.0659111382446314 
9.94999999999015, -1.0657407309867681 
9.959999999990126, -1.063790212384422 
9.969999999990103, -1.0580780376839884 
9.97999999999008, -1.088205913919397 
9.989999999990056, -1.0963278444041127 
9.999999999990033, -1.096722927386669 
10.00999999999001, -1.096180298306443 
10.019999999989986, -1.0972463133922286 
10.029999999989963, -1.1192752781286812 
10.03999999998994, -1.132116464523863 
10.049999999989916, -1.1334684176680074 
10.059999999989893, -1.1332775317375112 
10.06999999998987, -1.133455790015627 
10.079999999989846, -1.1368043908040755 
10.089999999989823, -1.1400685370920454 
10.0999999999898, -1.1411677510562397 
10.109999999989776, -1.141110753914425 
10.119999999989753, -1.140981304959044 
10.12999999998973, -1.1415226631035111 
10.139999999989707, -1.1421646909299261 
10.149999999989683, -1.1424693092581961 
10.15999999998966, -1.1423515917916025 
10.169999999989637, -1.1420657223244488 
10.179999999989613, -1.1419906482274218 
10.18999999998959, -1.1420318245863594 
10.199999999989567, -1.1418864068398604 
10.209999999989543, -1.141474499115639 
10.21999999998952, -1.1408772854873779 
10.229999999989497, -1.1404112591312974 
10.239999999989474, -1.1402705987704065 
10.24999999998945, -1.139927155252973 
10.259999999989427, -1.1388671117815843 
10.269999999989404, -1.1371169429641688 
10.27999999998938, -1.135598935476338 
10.289999999989357, -1.135325997611983 
10.299999999989334, -1.1350175762914194 
10.30999999998931, -1.1330531667809134 
10.319999999989287, -1.126080353270972 
10.329999999989264, -1.118681810037699 
10.33999999998924, -1.1180484525638463 
10.349999999989217, -1.1179582038113198 
10.359999999989194, -1.1164665704610452 
10.36999999998917, -1.100262549316694 
10.379999999989147, -1.0641546919232208 
10.389999999989124, -1.0629516047127008 
10.3999999999891, -1.0634108216999136 
10.409999999989077, -1.0629290805823304 
10.419999999989054, -1.0580199207413543 
10.42999999998903, -1.0339564735083036 
10.439999999989007, -1.0394319519804176 
10.449999999988984, -1.04231611918724 
10.45999999998896, -1.0423608110677776 
10.469999999988937, -1.0412809603087472 
10.479999999988914, -1.036875515974134 
10.48999999998889, -1.066590209963155 
10.499999999988868, -1.0825882742390325 
10.509999999988844, -1.0836691600000379 
10.519999999988821, -1.083357615796501 
10.529999999988798, -1.0826958359791303 
10.539999999988774, -1.0988151654021407 
10.549999999988751, -1.11936027925062 
10.559999999988728, -1.1225760646630205 
10.569999999988704, -1.1225993759553552 
10.579999999988681, -1.1223363465475562 
10.589999999988658, -1.1249847774077402 
10.599999999988635, -1.1295874716929657 
10.609999999988611, -1.1317386263600044 
10.619999999988588, -1.1319644632385342 
10.629999999988565, -1.1317486595018516 
10.639999999988541, -1.1321474793331976 
10.649999999988518, -1.1330694071055223 
10.659999999988495, -1.1337028168894905 
10.669999999988471, -1.1338119233087278 
10.679999999988448, -1.133567845408819 
10.689999999988425, -1.1334461419507875 
10.699999999988401, -1.1335626199348146 
10.709999999988378, -1.133600435741989 
10.719999999988355, -1.1334002715743352 
10.729999999988332, -1.132972724050888 
10.739999999988308, -1.132520744686657 
10.749999999988285, -1.1323343242236277 
10.759999999988262, -1.1321871441262958 
10.769999999988238, -1.1316344326143681 
10.779999999988215, -1.130592899403376 
10.789999999988192, -1.1293605637230557 
10.799999999988168, -1.1287747862258852 
10.809999999988145, -1.1286221843885387 
10.819999999988122, -1.127861731611902 
10.829999999988098, -1.1250508300631583 
10.839999999988075, -1.1203759970768516 
10.849999999988052, -1.1182059554413066 
10.859999999988029, -1.1181543596347947 
10.869999999988005, -1.1176171677234312 
10.879999999987982, -1.1128791855588287 
10.889999999987959, -1.0922522855334365 
10.899999999987935, -1.0809137202063257 
10.909999999987912, -1.0812743285542956 
10.919999999987889, -1.081126062121129 
10.929999999987865, -1.079058016549726 
10.939999999987842, -1.0562509334633623 
10.949999999987819, -1.0246135683685083 
10.959999999987796, -1.026867481544675 
10.969999999987772, -1.027319390901169 
10.979999999987749, -1.0268076617276563 
10.989999999987726, -1.0217665970782377 
10.999999999987702, -0.9951598957649974 
11.009999999987679, -0.9945799475174754 
11.019999999987656, -0.9971888151894787 
11.029999999987632, -0.9972801371702292 
11.039999999987609, -0.996276988704366 
11.049999999987586, -0.9861282414789986 
11.059999999987562, -0.9542269205904457 
11.06999999998754, -0.9542478798924839 
11.079999999987516, -0.9555073252419174 
11.089999999987493, -0.9554073509364315 
11.09999999998747, -0.9537428104762093 
11.109999999987446, -0.936900960511199 
11.119999999987423, -0.8981055851871297 
11.1299999999874, -0.8919077214850122 
11.139999999987376, -0.8922473405102742 
11.149999999987353, -0.8920871207998683 
11.15999999998733, -0.8905831976340158 
11.169999999987306, -0.8841336312881798 
11.179999999987283, -0.8761037296453179 
11.18999999998726, -0.8729669430389556 
11.199999999987236, -0.8727086834373267 
11.209999999987213, -0.8725698751780804 
11.21999999998719, -0.8718388180572934 
11.229999999987166, -0.8703001246033177 
11.239999999987143, -0.8687827587451248 
11.24999999998712, -0.8678235841175251 
11.259999999987096, -0.8675530737239155 
11.269999999987073, -0.8674843023263002 
11.27999999998705, -0.8672326326647183 
11.289999999987026, -0.8668255232860657 
11.299999999987003, -0.8663909768764612 
11.30999999998698, -0.8660546019479678 
11.319999999986956, -0.8660044733710868 
11.329999999986933, -0.8661642463741431 
11.33999999998691, -0.8663470900647214 
11.349999999986887, -0.8664517424362734 
11.359999999986863, -0.8663367850164133 
11.36999999998684, -0.8661714193660088 
11.379999999986817, -0.8665095495516203 
11.389999999986793, -0.8675859728675357 
11.39999999998677, -0.8690450655896803 
11.409999999986747, -0.8700357238415919 
11.419999999986723, -0.870149457729031 
11.4299999999867, -0.8699361199401581 
11.439999999986677, -0.8708214597861968 
11.449999999986654, -0.8768676886174971 
11.45999999998663, -0.8860473392972943 
11.469999999986607, -0.8896552343438904 
11.479999999986584, -0.889986849375289 
11.48999999998656, -0.8895957016363314 
11.499999999986537, -0.8893309773353848 
11.509999999986514, -0.9113616312846895 
11.51999999998649, -0.9484405649040727 
11.529999999986467, -0.9539996978825107 
11.539999999986444, -0.9542816019131062 
11.54999999998642, -0.9536524339669036 
11.559999999986397, -0.9497683093417063 
11.569999999986374, -0.9531539638733646 
11.57999999998635, -0.9713560953267101 
11.589999999986327, -0.9741872197861641 
11.599999999986304, -0.9742451129773053 
11.60999999998628, -0.973185813151658 
11.619999999986257, -0.9630908945630561 
11.629999999986234, -0.933881033420877 
11.63999999998621, -0.9341593514933988 
11.649999999986187, -0.9353746614406029 
11.659999999986164, -0.9352843889768527 
11.66999999998614, -0.9337070378637926 
11.679999999986117, -0.9190758567285066 
11.689999999986094, -0.8864145435186469 
11.69999999998607, -0.8792273578125532 
11.709999999986048, -0.8793716391027937 
11.719999999986024, -0.8792438529088632 
11.729999999986001, -0.8780567733388516 
11.739999999985978, -0.8737110707898004 
11.749999999985954, -0.8684844943844613 
11.759999999985931, -0.8659605637649623 
11.769999999985908, -0.8655938716632178 
11.779999999985884, -0.8654838255004289 
11.789999999985861, -0.8649576929171234 
11.799999999985838, -0.8639171848707891 
11.809999999985815, -0.8628804366095938 
11.819999999985791, -0.8621551773742921 
11.829999999985768, -0.8619039389490383 
11.839999999985745, -0.861878943724237 
11.849999999985721, -0.8617597005079864 
11.859999999985698, -0.8615349170484873 
11.869999999985675, -0.8612409565954413 
11.879999999985651, -0.8609764563874885 
11.889999999985628, -0.8610018567074333 
11.899999999985605, -0.8613251060166643 
11.909999999985581, -0.8617665681484589 
11.919999999985558, -0.8621234735937785 
11.929999999985535, -0.8621254534254713 
11.939999999985512, -0.861953105211247 
11.949999999985488, -0.8623740760325529 
11.959999999985465, -0.8642905831743901 
11.969999999985442, -0.867217705916378 
11.979999999985418, -0.8691696406733934 
11.989999999985395, -0.8694870993744634 
11.999999999985372, -0.8692373390854042 
12.009999999985348, -0.869652079532522 
12.019999999985325, -0.880086621326951 
12.029999999985302, -0.9012740512916693 
12.039999999985278, -0.908004887176602 
12.049999999985255, -0.9085591027612754 
12.059999999985232, -0.9081810559787449 
12.069999999985209, -0.9063768387996919 
12.079999999985185, -0.9149772734055699 
12.089999999985162, -0.9465114530462077 
12.099999999985139, -0.9524051414766854 
12.109999999985115, -0.9527818453775143 
12.119999999985092, -0.952215296709104 
12.129999999985069, -0.9469223440187997 
12.139999999985045, -0.9142164306543705 
12.149999999985022, -0.8997388452254617 
12.159999999984999, -0.9011406681166837 
12.169999999984976, -0.9013057842965619 
12.179999999984952, -0.9006321685226509 
12.189999999984929, -0.895164617947463 
12.199999999984906, -0.8774368260853649 
12.209999999984882, -0.8667269560761067 
12.219999999984859, -0.8656409844549503 
12.229999999984836, -0.8656385024545521 
12.239999999984812, -0.8651805968364603 
12.249999999984789, -0.8634119646592551 
12.259999999984766, -0.8607545461288816 
12.269999999984742, -0.8587981353614541 
12.27999999998472, -0.8580561398657154 
12.289999999984696, -0.8579545599783536 
12.299999999984673, -0.857758817719028 
12.30999999998465, -0.8572656636379964 
12.319999999984626, -0.8566804501848115 
12.329999999984603, -0.8561652040530418 
12.33999999998458, -0.8558916151062683 
12.349999999984556, -0.8559132646685116 
12.359999999984533, -0.8560175675285797 
12.36999999998451, -0.8560835477283206 
12.379999999984486, -0.8560327289344384 
12.389999999984463, -0.8558289405422317 
12.39999999998444, -0.8558016208224787 
12.409999999984416, -0.8563805609274779 
12.419999999984393, -0.8574770731226795 
12.42999999998437, -0.8586722159247699 
12.439999999984346, -0.8591762606766351 
12.449999999984323, -0.8590765041878964 
12.4599999999843, -0.8590058705538702 
12.469999999984276, -0.8615447396524972 
12.479999999984253, -0.8696447811083327 
12.48999999998423, -0.8770379549856862 
12.499999999984206, -0.8786797530881457 
12.509999999984183, -0.8786444978082141 
12.51999999998416, -0.8779698518823237 
12.529999999984136, -0.880457035266501 
12.539999999984113, -0.9191788112944841 
12.54999999998409, -0.941440596929097 
12.559999999984067, -0.9434177860807123 
12.569999999984043, -0.9433360898569845 
12.57999999998402, -0.9419312306315126 
12.589999999983997, -0.9309441027187352 
12.599999999983973, -0.913708888124489 
12.60999999998395, -0.9171227498878484 
12.619999999983927, -0.9180881986869011 
12.629999999983903, -0.9179191426120943 
12.63999999998388, -0.9159325317452133 
12.649999999983857, -0.8997261600708922 
12.659999999983834, -0.8720988961446964 
12.66999999998381, -0.8666300434866892 
12.679999999983787, -0.8667116453096307 
12.689999999983764, -0.8665493875989965 
12.69999999998374, -0.8653542795410459 
12.709999999983717, -0.8618198449448528 
12.719999999983694, -0.8580954073857922 
12.72999999998367, -0.8562390960661045 
12.739999999983647, -0.8559164249635811 
12.749999999983624, -0.8558088392295747 
12.7599999999836, -0.8553654118659245 
12.769999999983577, -0.8545940417074327 
12.779999999983554, -0.853847603073568 
12.78999999998353, -0.853313149408541 
12.799999999983507, -0.8531391159944687 
12.809999999983484, -0.8531710070803742 
12.81999999998346, -0.8531646708007979 
12.829999999983437, -0.8530888143895767 
12.839999999983414, -0.8528956079228237 
12.84999999998339, -0.852689984782634 
12.859999999983367, -0.852841833077578 
12.869999999983344, -0.8534573192322364 
12.87999999998332, -0.8543315880286507 
12.889999999983297, -0.855038219614564 
12.899999999983274, -0.8551437834391084 
12.90999999998325, -0.8549563439825738 
12.919999999983228, -0.8555171514120865 
12.929999999983204, -0.8593575550765888 
12.939999999983181, -0.8659529968803829 
12.949999999983158, -0.8695659166590755 
12.959999999983134, -0.8700502702856019 
12.969999999983111, -0.8697572078770222 
12.979999999983088, -0.869323641107658 
12.989999999983064, -0.8846482690895431 
12.999999999983041, -0.9255856712106917 
13.009999999983018, -0.9342701180874523 
13.019999999982995, -0.9348453006853038 
13.029999999982971, -0.9344222371725068 
13.039999999982948, -0.9311630872152161 
13.049999999982925, -0.915988687681024 
13.059999999982901, -0.9146110141658172 
13.069999999982878, -0.9177511432823193 
13.079999999982855, -0.9180665853648899 
13.089999999982831, -0.917515972030829 
13.099999999982808, -0.9122727537137602 
13.109999999982785, -0.8848561743398372 
13.119999999982761, -0.8656610027909363 
13.129999999982738, -0.8644059597136722 
13.139999999982715, -0.8644851904902644 
13.149999999982692, -0.8640501069793706 
13.159999999982668, -0.8618925507144674 
13.169999999982645, -0.8577716298132017 
13.179999999982622, -0.8546584595499284 
13.189999999982598, -0.8535851005146864 
13.199999999982575, -0.8534686699708238 
13.209999999982552, -0.8532602745708224 
13.219999999982528, -0.8526476193340997 
13.229999999982505, -0.8518610890697672 
13.239999999982482, -0.8511859461878388 
13.249999999982458, -0.8507955177837608 
13.259999999982435, -0.8507448450212689 
13.269999999982412, -0.8507836125393777 
13.279999999982389, -0.8507596967446408 
13.289999999982365, -0.8506547317152431 
13.299999999982342, -0.8504297398277015 
13.309999999982319, -0.8503269746583879 
13.319999999982295, -0.850701560028134 
13.329999999982272, -0.8514982411282752 
13.339999999982249, -0.8524493430645143 
13.349999999982225, -0.852957025820728 
13.359999999982202, -0.852896886217731 
13.369999999982179, -0.8527733400923355 
13.379999999982156, -0.8544282379335736 
13.389999999982132, -0.8603807365151714 
13.399999999982109, -0.8671885125448262 
13.409999999982086, -0.8692739139381059 
13.419999999982062, -0.869352950519325 
13.429999999982039, -0.8688244935427443 
13.439999999982016, -0.8698096956851984 
13.449999999981992, -0.9020022061442278 
13.459999999981969, -0.931671409591162 
13.469999999981946, -0.9348762746606977 
13.479999999981922, -0.934948947796121 
13.4899999999819, -0.9339915637124654 
13.499999999981876, -0.925893717604019 
13.509999999981853, -0.90069865212259 
13.51999999998183, -0.8998484746300202 
13.529999999981806, -0.9011747227261623 
13.539999999981783, -0.901160153927692 
13.54999999998176, -0.8999860077311843 
13.559999999981736, -0.890597604638767 
13.569999999981713, -0.8688634898429886 
13.57999999998169, -0.8607274465039132 
13.589999999981666, -0.8603875983304166 
13.599999999981643, -0.8603285568538667 
13.60999999998162, -0.8596226881597779 
13.619999999981596, -0.8573504912032963 
13.629999999981573, -0.8545715108132091 
13.63999999998155, -0.8528068409197276 
13.649999999981526, -0.8522914348128409 
13.659999999981503, -0.8522123073602337 
13.66999999998148, -0.851947484099694 
13.679999999981456, -0.8514086586222283 
13.689999999981433, -0.8508328540845971 
13.69999999998141, -0.8503598440213693 
13.709999999981386, -0.8501640358334359 
13.719999999981363, -0.8502324960042129 
13.72999999998134, -0.8503485514794799 
13.739999999981316, -0.8504245130866703 
13.749999999981293, -0.8503519740749831 
13.75999999998127, -0.8501512122842105 
13.769999999981247, -0.8502412517868397 
13.779999999981223, -0.8510346871662164 
13.7899999999812, -0.8523739876838884 
13.799999999981177, -0.8536576879593714 
13.809999999981153, -0.8540529548536642 
13.81999999998113, -0.853897378922021 
13.829999999981107, -0.8539771484418347 
13.839999999981083, -0.8581407008066969 
13.84999999998106, -0.8694875589862777 
13.859999999981037, -0.8770833344749803 
13.869999999981014, -0.8782544240251825 
13.87999999998099, -0.8781027728283592 
13.889999999980967, -0.8771196799072423 
13.899999999980944, -0.8803479481311968 
13.90999999998092, -0.9179596883482593 
13.919999999980897, -0.93198547800107 
13.929999999980874, -0.9331581844134951 
13.93999999998085, -0.9329500469398275 
13.949999999980827, -0.9307522647113226 
13.959999999980804, -0.9092826556357201 
13.96999999998078, -0.8715482611830676 
13.979999999980757, -0.8694043144743607 
13.989999999980734, -0.8698682825101555 
13.99999999998071, -0.869652531509825 
14.009999999980687, -0.8678141444733887 
14.019999999980664, -0.8602543068483361 
14.02999999998064, -0.8518410411254799 
14.039999999980617, -0.8489171401864027 
14.049999999980594, -0.8486911755395842 
14.05999999998057, -0.8485513773217498 
14.069999999980547, -0.8478714126315495 
14.079999999980524, -0.846575980182491 
14.0899999999805, -0.845362671638507 
14.099999999980477, -0.8445832657690829 
14.109999999980454, -0.8443447439848292 
14.11999999998043, -0.8443143308640149 
14.129999999980408, -0.8441779840494261 
14.139999999980384, -0.8439466653828784 
14.149999999980361, -0.8436567096061067 
14.159999999980338, -0.8434064496456339 
14.169999999980314, -0.8434619236260166 
14.179999999980291, -0.8438452650368303 
14.189999999980268, -0.8443905483109738 
14.199999999980244, -0.8448526256007255 
14.209999999980221, -0.8448984281763202 
14.219999999980198, -0.8447233250696718 
14.229999999980175, -0.8451976499523044 
14.239999999980151, -0.8479177064226756 
14.249999999980128, -0.8525442177630177 
14.259999999980105, -0.8555106774743141 
14.269999999980081, -0.8559882729080327 
14.279999999980058, -0.8557286462933624 
14.289999999980035, -0.8554700776895449 
14.299999999980011, -0.8688173984441703 
14.309999999979988, -0.9078585932224364 
14.319999999979965, -0.9178242557898715 
14.329999999979941, -0.9185422506417004 
14.339999999979918, -0.9181910502832314 
14.349999999979895, -0.9153822280274863 
14.359999999979872, -0.8974440735157845 
14.369999999979848, -0.8842448902233735 
14.379999999979825, -0.886510544439579 
14.389999999979802, -0.8869308144955452 
14.399999999979778, -0.886547988111615 
14.409999999979755, -0.8832752643574516 
14.419999999979732, -0.8682315516672773 
14.429999999979708, -0.8544083061429365 
14.439999999979685, -0.8519021270997241 
14.449999999979662, -0.8518897088946182 
14.459999999979638, -0.8516368518405986 
14.469999999979615, -0.8504624581552914 
14.479999999979592, -0.848295992091586 
14.489999999979569, -0.8464502989371245 
14.499999999979545, -0.8455044448800566 
14.509999999979522, -0.8453147367200776 
14.519999999979499, -0.8452205580666774 
14.529999999979475, -0.8449104731940364 
14.539999999979452, -0.8444808657685101 
14.549999999979429, -0.8440535389230873 
14.559999999979405, -0.8437631887164952 
14.569999999979382, -0.8437758739880579 
14.579999999979359, -0.8439920740666196 
14.589999999979335, -0.8442537104888991 
14.599999999979312, -0.8444220389996406 
14.609999999979289, -0.8443248246776593 
14.619999999979266, -0.8441879912460379 
14.629999999979242, -0.8447531348793981 
14.639999999979219, -0.8465307460179272 
14.649999999979196, -0.8490009342545682 
14.659999999979172, -0.8504706946038746 
14.669999999979149, -0.8506357430768026 
14.679999999979126, -0.8503542808949716 
14.689999999979102, -0.8513057939158257 
14.69999999997908, -0.8649060576191696 
14.709999999979056, -0.8872955312774601 
14.719999999979033, -0.8928237367423266 
14.72999999997901, -0.8932072855703912 
14.739999999978986, -0.8927238876477757 
14.749999999978963, -0.8897813019535565 
14.75999999997894, -0.8839830467975331 
14.769999999978916, -0.8907887942888232 
14.779999999978893, -0.8939745095693804 
14.78999999997887, -0.8942650398543639 
14.799999999978846, -0.8937066939906985 
14.809999999978823, -0.8886796287513885 
14.8199999999788, -0.8660969448438044 
14.829999999978776, -0.8502540911043255 
14.839999999978753, -0.8486866202194795 
14.84999999997873, -0.8487281398052208 
14.859999999978706, -0.8483600599380683 
14.869999999978683, -0.846746932395151 
14.87999999997866, -0.8439989997117212 
14.889999999978636, -0.8418707708104561 
14.899999999978613, -0.840960002015624 
14.90999999997859, -0.8408203982876699 
14.919999999978566, -0.840683997054068 
14.929999999978543, -0.8402891442538795 
14.93999999997852, -0.8397881971360969 
14.949999999978496, -0.8393228664099007 
14.959999999978473, -0.8390406718712506 
14.96999999997845, -0.8390653639423747 
14.979999999978427, -0.8392550643074644 
14.989999999978403, -0.8394664332081815 
14.99999999997838, -0.8395716243911722 
15.009999999978357, -0.839438087592598 
15.019999999978333, -0.8393378590525986 
15.02999999997831, -0.8400009131143216 
15.039999999978287, -0.8417728491458388 
15.049999999978263, -0.8440789358488345 
15.05999999997824, -0.8453071011483695 
15.069999999978217, -0.8453881513460156 
15.079999999978194, -0.8450956957884882 
15.08999999997817, -0.8466242049493063 
15.099999999978147, -0.8623391437126889 
15.109999999978124, -0.883623728672538 
15.1199999999781, -0.8880447190454109 
15.129999999978077, -0.888300526662595 
15.139999999978054, -0.8877116393595771 
15.14999999997803, -0.8839530217628961 
15.159999999978007, -0.873091507310368 
15.169999999977984, -0.8742622827057422 
15.17999999997796, -0.8765236919008711 
15.189999999977937, -0.8767263479666284 
15.199999999977914, -0.87609780182761 
15.20999999997789, -0.8710271071959778 
15.219999999977867, -0.8541643487302693 
15.229999999977844, -0.8433772678326197 
15.23999999997782, -0.8419795064801325 
15.249999999977797, -0.8419713353744708 
15.259999999977774, -0.8416176032952283 
15.26999999997775, -0.8403033353405756 
15.279999999977727, -0.8383722821759889 
15.289999999977704, -0.8368879727530653 
15.29999999997768, -0.8361906709629155 
15.309999999977657, -0.8360700160831513 
15.319999999977634, -0.8359746333241473 
15.32999999997761, -0.835701924226365 
15.339999999977588, -0.8353586870990358 
15.349999999977564, -0.8350051958864553 
15.359999999977541, -0.8348056812979189 
15.369999999977518, -0.8349342883016441 
15.379999999977494, -0.835288519938536 
15.389999999977471, -0.8357229681944885 
15.399999999977448, -0.8359820199887625 
15.409999999977424, -0.8358907401144013 
15.419999999977401, -0.8357900942293761 
15.429999999977378, -0.836798177889195 
15.439999999977355, -0.839945745515492 
15.449999999977331, -0.8440411741441449 
15.459999999977308, -0.8458494409075022 
15.469999999977285, -0.8459772238401999 
15.479999999977261, -0.8455799315307357 
15.489999999977238, -0.8465451711810221 
15.499999999977215, -0.8718572750037914 
15.509999999977191, -0.9048340074200223 
15.519999999977168, -0.909515590459324 
15.529999999977145, -0.9097486097370235 
15.539999999977121, -0.9090690179779198 
15.549999999977098, -0.9031635448159239 
15.559999999977075, -0.8710031780855695 
15.569999999977052, -0.8577556218802266 
15.579999999977028, -0.8587910577077545 
15.589999999977005, -0.8589309618687043 
15.599999999976982, -0.8583076256482984 
15.609999999976958, -0.8542692050382181 
15.619999999976935, -0.8446555653494733 
15.629999999976912, -0.8384510124665667 
15.639999999976888, -0.8372061787637887 
15.649999999976865, -0.8371452985953304 
15.659999999976842, -0.8368512885503663 
15.669999999976818, -0.8359290844462399 
15.679999999976795, -0.8347268355546928 
15.689999999976772, -0.833775640165537 
15.699999999976749, -0.8332745746610032 
15.709999999976725, -0.8331894176285581 
15.719999999976702, -0.8331692899964982 
15.729999999976679, -0.8330543659835845 
15.739999999976655, -0.8328768812542096 
15.749999999976632, -0.8326222567119904 
15.759999999976609, -0.8324957238734383 
15.769999999976585, -0.8327962848859634 
15.779999999976562, -0.833480636615172 
15.789999999976539, -0.8343437204840437 
15.799999999976515, -0.8348561029677107 
15.809999999976492, -0.8348172173157082 
15.819999999976469, -0.8346687036719677 
15.829999999976446, -0.8361530854739332 
15.839999999976422, -0.8425407389480832 
15.849999999976399, -0.850834455247245 
15.859999999976376, -0.8535770953796155 
15.869999999976352, -0.8537589236895037 
15.879999999976329, -0.8532463716703065 
15.889999999976306, -0.8521447137098559 
15.899999999976282, -0.8713484375198857 
15.90999999997626, -0.8990420806245171 
15.919999999976236, -0.9029281929297734 
15.929999999976213, -0.9031524665159896 
15.93999999997619, -0.9024560874902464 
15.949999999976166, -0.8955560342737036 
15.959999999976143, -0.8602610371409082 
15.96999999997612, -0.8409162349546133 
15.979999999976096, -0.8402185957126493 
15.989999999976073, -0.8402934184965016 
15.99999999997605, -0.8398175759473435 
16.009999999976028, -0.8376289116241225 
16.019999999976005, -0.8338787321088953 
16.02999999997598, -0.8312031443336625 
16.039999999975958, -0.8302479512532558 
16.049999999975935, -0.8301300811844 
16.05999999997591, -0.8299603270454778 
16.069999999975888, -0.8294924155713868 
16.079999999975865, -0.8289224328221106 
16.08999999997584, -0.8284201979126669 
16.099999999975818, -0.8281291570058629 
16.109999999975795, -0.8281492762786674 
16.11999999997577, -0.828324738737151 
16.129999999975748, -0.8285211953727372 
16.139999999975725, -0.8286175732054012 
16.1499999999757, -0.8284827036325474 
16.15999999997568, -0.8283891743397958 
16.169999999975655, -0.8290972364578917 
16.17999999997563, -0.8310344447534236 
16.18999999997561, -0.833610618170623 
16.199999999975585, -0.8349707822694793 
16.20999999997556, -0.8350738452540865 
16.21999999997554, -0.8347522271979851 
16.229999999975515, -0.8360597821712261 
16.239999999975492, -0.8552566900462097 
16.24999999997547, -0.8827552472921575 
16.259999999975445, -0.8878073498292434 
16.269999999975422, -0.8881030195985037 
16.2799999999754, -0.887518851397692 
16.289999999975375, -0.8828037841827755 
16.299999999975352, -0.85439563335047 
16.30999999997533, -0.8379069551866424 
16.319999999975305, -0.838751872429522 
16.329999999975282, -0.838959186434084 
16.33999999997526, -0.8384850373811283 
16.349999999975235, -0.8355275852232263 
16.359999999975212, -0.8283334641946362 
16.36999999997519, -0.8230852928210982 
16.379999999975166, -0.8215985404626888 
16.389999999975142, -0.8214814382744183 
16.39999999997512, -0.8212899508519323 
16.409999999975096, -0.8206628190255442 
16.419999999975072, -0.8198173928871305 
16.42999999997505, -0.8191071422727055 
16.439999999975026, -0.8186771874533325 
16.449999999975002, -0.818602160635652 
16.45999999997498, -0.8186824951855682 
16.469999999974956, -0.8187507720207663 
16.479999999974932, -0.8187645301582299 
16.48999999997491, -0.8186149534405366 
16.499999999974886, -0.8184752375059751 
16.509999999974863, -0.8189077255175017 
16.51999999997484, -0.8202414405777075 
16.529999999974816, -0.8222008170519141 
16.539999999974793, -0.8235418197379382 
16.54999999997477, -0.8237324214365785 
16.559999999974746, -0.8234698070074148 
16.569999999974723, -0.8241052254595862 
16.5799999999747, -0.8371806151691201 
16.589999999974676, -0.8642858615179202 
16.599999999974653, -0.8717430554852186 
16.60999999997463, -0.8723216933371702 
16.619999999974606, -0.8719376027449028 
16.629999999974583, -0.8688307783489745 
16.63999999997456, -0.8437869702891595 
16.649999999974536, -0.8139011538774656 
16.659999999974513, -0.8129337914264195 
16.66999999997449, -0.8132549974545665 
16.679999999974466, -0.8130061225800607 
16.689999999974443, -0.811378443699347 
16.69999999997442, -0.8070636805248742 
16.709999999974396, -0.8032516141771976 
16.719999999974373, -0.8015869392677648 
16.72999999997435, -0.8012977365706401 
16.739999999974327, -0.8012127262933203 
16.749999999974303, -0.8008960062199336 
16.75999999997428, -0.8004134963868088 
16.769999999974257, -0.7999588248775996 
16.779999999974233, -0.7996191803328802 
16.78999999997421, -0.7995707135801876 
16.799999999974187, -0.7998138146857183 
16.809999999974163, -0.800212334183071 
16.81999999997414, -0.8006253367732612 
16.829999999974117, -0.8007213120987494 
16.839999999974093, -0.8005547552548514 
16.84999999997407, -0.8008062324914135 
16.859999999974047, -0.8035788140670973 
16.869999999974024, -0.8101557704933031 
16.879999999974, -0.8156255023043634 
16.889999999973977, -0.8167430233247563 
16.899999999973954, -0.8166250602747084 
16.90999999997393, -0.8156345583971689 
16.919999999973907, -0.8127665223651499 
16.929999999973884, -0.8131116181836551 
16.93999999997386, -0.8160748116027925 
16.949999999973837, -0.8171934789573205 
16.959999999973814, -0.8171900920067464 
16.96999999997379, -0.8162533658748198 
16.979999999973767, -0.81149008559847 
16.989999999973744, -0.8040699545634622 
16.99999999997372, -0.800197297348858 
17.009999999973697, -0.7994028283973188 
17.019999999973674, -0.79933290831013 
17.02999999997365, -0.799070565838088 
17.039999999973627, -0.7984541881097061 
17.049999999973604, -0.7977928318022629 
17.05999999997358, -0.7972687873319158 
17.069999999973557, -0.7970087227156317 
17.079999999973534, -0.7970635606032636 
17.08999999997351, -0.7972704761947362 
17.099999999973488, -0.7975262037121335 
17.109999999973464, -0.7976674398868702 
17.11999999997344, -0.7975475259318491 
17.129999999973418, -0.7974769103144376 
17.139999999973394, -0.7985379860856084 
17.14999999997337, -0.8019064641544806 
17.159999999973348, -0.8066086030575953 
17.169999999973324, -0.8087163817586025 
17.1799999999733, -0.8088966895052102 
17.189999999973278, -0.8084520023788189 
17.199999999973254, -0.8075559809539886 
17.20999999997323, -0.8226289533429978 
17.219999999973208, -0.8473864249732199 
17.229999999973185, -0.8515802705127404 
17.23999999997316, -0.8519429039453554 
17.249999999973138, -0.851481136016832 
17.259999999973115, -0.8476480359737252 
17.26999999997309, -0.8319348225658563 
17.279999999973068, -0.8194137281973202 
17.289999999973045, -0.8171360520996007 
17.29999999997302, -0.8170917409330231 
17.309999999972998, -0.8168708069505403 
17.319999999972975, -0.8159647608469242 
17.32999999997295, -0.8145171068901623 
17.339999999972928, -0.8133262452518456 
17.349999999972905, -0.81264664231525 
17.35999999997288, -0.8124782576865957 
17.36999999997286, -0.8124700512543188 
17.379999999972835, -0.8123839795360062 
17.38999999997281, -0.8122439598912301 
17.39999999997279, -0.8120244954533968 
17.409999999972765, -0.811836798398549 
17.41999999997274, -0.8120460884760089 
17.42999999997272, -0.8127942440359429 
17.439999999972695, -0.8139337099085565 
17.449999999972672, -0.814886118314449 
17.45999999997265, -0.8150676799710663 
17.469999999972625, -0.8148597812997104 
17.479999999972602, -0.8153498486031047 
17.48999999997258, -0.8227629004037644 
17.499999999972555, -0.8401265103360953 
17.509999999972532, -0.8478681137207655 
17.51999999997251, -0.8486876596060634 
17.529999999972485, -0.8484243074329556 
17.539999999972462, -0.8464020547086104 
17.54999999997244, -0.8304589371527188 
17.559999999972415, -0.7994937381764362 
17.569999999972392, -0.7971507304336517 
17.57999999997237, -0.7975975835225769 
17.589999999972346, -0.7974653904819271 
17.599999999972322, -0.7963116401710904 
17.6099999999723, -0.792753105978902 
17.619999999972276, -0.7891257356391825 
17.629999999972252, -0.7872814366642961 
17.63999999997223, -0.7868333001319844 
17.649999999972206, -0.7867709123019938 
17.659999999972182, -0.7865688341885435 
17.66999999997216, -0.7862113432739022 
17.679999999972136, -0.7858521316989724 
17.689999999972112, -0.7855382537380705 
17.69999999997209, -0.785469156311509 
17.709999999972066, -0.785781744203099 
17.719999999972043, -0.7863968888454879 
17.72999999997202, -0.7871552682853783 
17.739999999971996, -0.7875233124308743 
17.749999999971973, -0.7874226749864867 
17.75999999997195, -0.7873363523915241 
17.769999999971926, -0.790047173611826 
17.779999999971903, -0.8023741392755649 
17.78999999997188, -0.816012653613055 
17.799999999971856, -0.818857764569383 
17.809999999971833, -0.8189813465635774 
17.81999999997181, -0.8182365755225106 
17.829999999971786, -0.8116101530449623 
17.839999999971763, -0.7718726751101416 
17.84999999997174, -0.7493095548480319 
17.859999999971716, -0.7483233548646109 
17.869999999971693, -0.7484186894356624 
17.87999999997167, -0.7481250304342983 
17.889999999971646, -0.7469815489506517 
17.899999999971623, -0.7453345870507363 
17.9099999999716, -0.7441512213705893 
17.919999999971576, -0.7435319221793051 
17.929999999971553, -0.7433907850136736 
17.93999999997153, -0.7434553250320209 
17.949999999971507, -0.7435495100229502 
17.959999999971483, -0.7436577333711419 
17.96999999997146, -0.7436145525720822 
17.979999999971437, -0.7434507947139691 
17.989999999971413, -0.7437833455098666 
17.99999999997139, -0.7462507228386801 
18.009999999971367, -0.7522618531944796 
18.019999999971343, -0.7578047745260851 
18.02999999997132, -0.7590211847550814 
18.039999999971297, -0.7589384458261613 
18.049999999971273, -0.757812221248635 
18.05999999997125, -0.7472764595302943 
18.069999999971227, -0.7039214387135024 
18.079999999971204, -0.6886744890184134 
18.08999999997118, -0.68788231603903 
18.099999999971157, -0.6879022605913381 
18.109999999971134, -0.6876393667642039 
18.11999999997111, -0.6869173680839961 
18.129999999971087, -0.6861490004336677 
18.139999999971064, -0.6856161769810908 
18.14999999997104, -0.6853305939051073 
18.159999999971017, -0.685401394266574 
18.169999999970994, -0.6858710543883008 
18.17999999997097, -0.6867892932643711 
18.189999999970947, -0.6878688534915406 
18.199999999970924, -0.6882451302672051 
18.2099999999709, -0.6880839108426787 
18.219999999970877, -0.6875896160530951 
18.229999999970854, -0.6905591501521172 
18.23999999997083, -0.7058865144202698 
18.249999999970807, -0.7070236418516206 
18.259999999970784, -0.7078283840112443 
18.26999999997076, -0.7079204122551275 
18.279999999970737, -0.7074702572860855 
18.289999999970714, -0.7059041625682977 
18.29999999997069, -0.7039772583427678 
18.309999999970668, -0.702768878999623 
18.319999999970644, -0.7022085855621683 
18.32999999997062, -0.7021151607854157 
18.339999999970598, -0.7022234522496655 
18.349999999970574, -0.7024161192706968 
18.35999999997055, -0.7026569810581024 
18.369999999970528, -0.7026847355850134 
18.379999999970504, -0.7025204453572973 
18.38999999997048, -0.7028835810306928 
18.399999999970458, -0.707824204613713 
18.409999999970434, -0.7252288871261073 
18.41999999997041, -0.7383584549430398 
18.429999999970388, -0.7401574898458501 
18.439999999970365, -0.7401505094507798 
18.44999999997034, -0.7390848487899748 
18.459999999970318, -0.7315595123541134 
18.469999999970295, -0.7166653233603292 
18.47999999997027, -0.7101785717914234 
18.489999999970248, -0.7090294913711604 
18.499999999970225, -0.7089520929454741 
18.5099999999702, -0.7088040065974542 
18.519999999970178, -0.7084329384963372 
18.529999999970155, -0.7080524043853866 
18.53999999997013, -0.7077347802125803 
18.549999999970108, -0.707546890415701 
18.559999999970085, -0.7077703869063106 
18.56999999997006, -0.7086483981105928 
18.57999999997004, -0.7103304869703717 
18.589999999970015, -0.7120498137063835 
18.59999999996999, -0.7125366946729976 
18.60999999996997, -0.712354536657799 
18.619999999969945, -0.7115275383275496 
18.62999999996992, -0.7099848818411304 
18.6399999999699, -0.6959776101529817 
18.649999999969875, -0.6886059695741623 
18.659999999969852, -0.6888263045379595 
18.66999999996983, -0.688874289818815 
18.679999999969805, -0.6884687836724102 
18.689999999969782, -0.6873101300598856 
18.69999999996976, -0.6860780946438343 
18.709999999969735, -0.6852961546123061 
18.719999999969712, -0.6849170145175805 
18.72999999996969, -0.6849146320759 
18.739999999969665, -0.6851842652208002 
18.749999999969642, -0.6856915482316519 
18.75999999996962, -0.6862832706197325 
18.769999999969595, -0.6864557784301478 
18.779999999969572, -0.6862726740692642 
18.78999999996955, -0.6862888602550341 
18.799999999969526, -0.6943750282286638 
18.809999999969502, -0.7364718837204105 
18.81999999996948, -0.7544783896987038 
18.829999999969456, -0.7561376528854773 
18.839999999969432, -0.756161559274815 
18.84999999996941, -0.755293964304297 
18.859999999969386, -0.751018751456854 
18.869999999969362, -0.7446601578329037 
18.87999999996934, -0.7413281621340508 
18.889999999969316, -0.7404259637074992 
18.899999999969292, -0.7403299511055178 
18.90999999996927, -0.7402142598195923 
18.919999999969246, -0.739934634096063 
18.929999999969223, -0.7396433648290072 
18.9399999999692, -0.7393630769094768 
18.949999999969176, -0.7392059768497317 
18.959999999969153, -0.7394937166667241 
18.96999999996913, -0.740422394588796 
18.979999999969106, -0.7420081727856356 
18.989999999969083, -0.7433754694202431 
18.99999999996906, -0.7436660445828583 
19.009999999969036, -0.7434205583899687 
19.019999999969013, -0.743058322524545 
19.02999999996899, -0.753248386617626 
19.039999999968966, -0.7918623876443073 
19.049999999968943, -0.8017373137621845 
19.05999999996892, -0.8027331221860655 
19.069999999968896, -0.8026126796946329 
19.079999999968873, -0.801184635148873 
19.08999999996885, -0.7942500677491232 
19.099999999968826, -0.785353551246579 
19.109999999968803, -0.781668773799433 
19.11999999996878, -0.7811121928697307 
19.129999999968756, -0.7810462460633546 
19.139999999968733, -0.7807324808424422 
19.14999999996871, -0.7801007867783808 
19.159999999968687, -0.7794838926465737 
19.169999999968663, -0.779015479522361 
19.17999999996864, -0.7788204831616468 
19.189999999968617, -0.7789395323141048 
19.199999999968593, -0.779233487981094 
19.20999999996857, -0.779613338387821 
19.219999999968547, -0.7798223495017574 
19.229999999968523, -0.7797128049982278 
19.2399999999685, -0.7796562270881197 
19.249999999968477, -0.7812758946994691 
19.259999999968453, -0.7873344116066592 
19.26999999996843, -0.7955658384292006 
19.279999999968407, -0.7983287171643332 
19.289999999968384, -0.7985265229521942 
19.29999999996836, -0.7979691891684731 
19.309999999968337, -0.7941137660151085 
19.319999999968314, -0.7663622801596748 
19.32999999996829, -0.7403936841696102 
19.339999999968267, -0.7392413642841275 
19.349999999968244, -0.7394226549026364 
19.35999999996822, -0.7391955854739196 
19.369999999968197, -0.7381154901318856 
19.379999999968174, -0.7362653465923572 
19.38999999996815, -0.7348678149756591 
19.399999999968127, -0.7341173648305831 
19.409999999968104, -0.7339051012104054 
19.41999999996808, -0.7339506574246806 
19.429999999968057, -0.7340368947890592 
19.439999999968034, -0.7341522608551285 
19.44999999996801, -0.7341516343557057 
19.459999999967987, -0.7339898657704975 
19.469999999967964, -0.7341389051138388 
19.47999999996794, -0.7362079656653828 
19.489999999967917, -0.7423500770905559 
19.499999999967894, -0.7495510626070808 
19.50999999996787, -0.7515176801847847 
19.519999999967848, -0.7515838156827411 
19.529999999967824, -0.750798650199819 
19.5399999999678, -0.7436565709663717 
19.549999999967778, -0.7068701855276905 
19.559999999967754, -0.6871257905002862 
19.56999999996773, -0.6852463138253061 
19.579999999967708, -0.6852317775226039 
19.589999999967684, -0.6850712398746515 
19.59999999996766, -0.6845341504774934 
19.609999999967638, -0.6838833105041143 
19.619999999967614, -0.6834039519059483 
19.62999999996759, -0.6831076327105133 
19.639999999967568, -0.6831430291512228 
19.649999999967545, -0.6836511113241547 
19.65999999996752, -0.6847475453823284 
19.669999999967498, -0.6862368687887432 
19.679999999967475, -0.6869215238296382 
19.68999999996745, -0.686862776974517 
19.699999999967428, -0.6862910936628656 
19.709999999967405, -0.6848086425253521 
19.71999999996738, -0.6712740091351941 
19.729999999967358, -0.653102234531561 
19.739999999967335, -0.6521712281240097 
19.74999999996731, -0.652279652268096 
19.759999999967288, -0.6520979069700378 
19.769999999967265, -0.6514315327642474 
19.77999999996724, -0.6505887356102565 
19.78999999996722, -0.6500082211520521 
19.799999999967195, -0.6496688499610778 
19.80999999996717, -0.6496606669459088 
19.81999999996715, -0.6501260583169416 
19.829999999967125, -0.6512470046543262 
19.8399999999671, -0.6529992197520901 
19.84999999996708, -0.6539732555037315 
19.859999999967055, -0.6540143501834499 
19.869999999967032, -0.6534581077099484 
19.87999999996701, -0.6495785580165692 
19.889999999966985, -0.616569394604843 
19.899999999966962, -0.5889039688933999 
19.90999999996694, -0.5854793133342238 
19.919999999966915, -0.5852884372620288 
19.929999999966892, -0.5852401052587974 
19.93999999996687, -0.5850414020987711 
19.949999999966845, -0.5848279591604356 
19.959999999966822, -0.5846989458873092 
19.9699999999668, -0.5845386549823436 
19.979999999966775, -0.5845200900589658 
19.989999999966752, -0.5859659718396161 
19.99999999996673, -0.5951484269822603 
20.009999999966706, -0.6187633582963026 
20.019999999966682, -0.6269979932844457 
20.02999999996666, -0.6277725665236847 
20.039999999966636, -0.6276337815120802 
20.049999999966612, -0.6265396429409207 
20.05999999996659, -0.6238843804834832 
20.069999999966566, -0.6218170843212741 
20.079999999966542, -0.6208280705213056 
20.08999999996652, -0.6204802767112972 
20.099999999966496, -0.6205270223598534 
20.109999999966472, -0.620822837237181 
20.11999999996645, -0.6214171553861689 
20.129999999966426, -0.6220687806550645 
20.139999999966403, -0.6222187834151485 
20.14999999996638, -0.621975376268334 
20.159999999966356, -0.6213782167881999 
20.169999999966333, -0.6206666261442199 
20.17999999996631, -0.5935434859681071 
20.189999999966286, -0.5835914578060095 
20.199999999966263, -0.5831891594124052 
20.20999999996624, -0.5831954688251237 
20.219999999966216, -0.582993188942593 
20.229999999966193, -0.5825893042559214 
20.23999999996617, -0.582275638348162 
20.249999999966146, -0.5820527169105023 
20.259999999966123, -0.5819088308947643 
20.2699999999661, -0.5823202766757315 
20.279999999966076, -0.5851006430226314 
20.289999999966053, -0.5951592428807314 
20.29999999996603, -0.6068419653100793 
20.309999999966006, -0.6090744534907079 
20.319999999965983, -0.6091984121979536 
20.32999999996596, -0.6086051176049726 
20.339999999965936, -0.6060856062093172 
20.349999999965913, -0.6027750011131862 
20.35999999996589, -0.601065828642429 
20.369999999965867, -0.6003867693333543 
20.379999999965843, -0.600258214775817 
20.38999999996582, -0.600430074914865 
20.399999999965797, -0.6008652028820497 
20.409999999965773, -0.6016041625382179 
20.41999999996575, -0.6020640678678926 
20.429999999965727, -0.6020117245312353 
20.439999999965703, -0.6015275234859446 
20.44999999996568, -0.5994281888808344 
20.459999999965657, -0.571661316145187 
20.469999999965633, -0.5422298582058851 
20.47999999996561, -0.538917755560839 
20.489999999965587, -0.5387324128450398 
20.499999999965564, -0.5386960408135425 
20.50999999996554, -0.5385567494246374 
20.519999999965517, -0.5384559407801429 
20.529999999965494, -0.5384420474434103 
20.53999999996547, -0.5383349825302435 
20.549999999965447, -0.5382222862042279 
20.559999999965424, -0.539579857968407 
20.5699999999654, -0.5574323295361225 
20.579999999965377, -0.5945164686879116 
20.589999999965354, -0.597951118249444 
20.59999999996533, -0.5984174413199769 
20.609999999965307, -0.5983953691620294 
20.619999999965284, -0.5979379860632303 
20.62999999996526, -0.5970686457117192 
20.639999999965237, -0.596396689124194 
20.649999999965214, -0.5959953101995132 
20.65999999996519, -0.5958416212779947 
20.669999999965167, -0.5961705187149358 
20.679999999965144, -0.5974640161146967 
20.68999999996512, -0.6006057542874397 
20.699999999965097, -0.6040167599697167 
20.709999999965074, -0.6048993906856688 
20.71999999996505, -0.6047947647245798 
20.729999999965028, -0.603536815199532 
20.739999999965004, -0.5961326652752034 
20.74999999996498, -0.5861487187057657 
20.759999999964958, -0.5824650825264227 
20.769999999964934, -0.5815397979634769 
20.77999999996491, -0.5814208205649676 
20.789999999964888, -0.5814768328086963 
20.799999999964864, -0.5816285836224767 
20.80999999996484, -0.5819318513563793 
20.819999999964818, -0.5820791838856262 
20.829999999964794, -0.5819393867854061 
20.83999999996477, -0.5817154205547114 
20.849999999964748, -0.584727438158727 
20.859999999964725, -0.5961053080505964 
20.8699999999647, -0.5854016706362236 
20.879999999964678, -0.5845342070623981 
20.889999999964655, -0.5846149039456593 
20.89999999996463, -0.5844816971084545 
20.909999999964608, -0.5840364610523178 
20.919999999964585, -0.5835555528862559 
20.92999999996456, -0.5832440081237708 
20.939999999964538, -0.5830277158432916 
20.949999999964515, -0.5831173774892647 
20.95999999996449, -0.5843696271232985 
20.969999999964468, -0.5891534184402201 
20.979999999964445, -0.5988562041478477 
20.98999999996442, -0.6029594158700339 
20.9999999999644, -0.6034095979385762 
21.009999999964375, -0.6031006868314385 
21.01999999996435, -0.6012073217146503 
21.02999999996433, -0.5968569638561239 
21.039999999964305, -0.5940338743532222 
21.04999999996428, -0.5929019651651533 
21.05999999996426, -0.592576643901447 
21.069999999964235, -0.5926350438669536 
21.079999999964212, -0.5929122142021326 
21.08999999996419, -0.5934853354322871 
21.099999999964165, -0.5940773258457306 
21.109999999964142, -0.5941795427596743 
21.11999999996412, -0.5938919896389403 
21.129999999964095, -0.5929050711649796 
21.139999999964072, -0.5822880912507603 
21.14999999996405, -0.5411732230327971 
21.159999999964025, -0.5324934383406914 
21.169999999964002, -0.5318567899698794 
21.17999999996398, -0.5318302168823008 
21.189999999963955, -0.531737773189285 
21.199999999963932, -0.531616108819338 
21.20999999996391, -0.5316136063272386 
21.219999999963886, -0.531570654040847 
21.229999999963862, -0.5314164286116281 
21.23999999996384, -0.5316608892827015 
21.249999999963816, -0.5387889987530129 
21.259999999963792, -0.5737716370502363 
21.26999999996377, -0.5779194847687703 
21.279999999963746, -0.5781836653126433 
21.289999999963722, -0.578289377646135 
21.2999999999637, -0.5780875634793488 
21.309999999963676, -0.5775177994332572 
21.319999999963652, -0.5769554671194377 
21.32999999996363, -0.5766039265026173 
21.339999999963606, -0.5763891724492073 
21.349999999963583, -0.5765399616493901 
21.35999999996356, -0.5778587340858901 
21.369999999963536, -0.5824465045269364 
21.379999999963513, -0.5907210312676134 
21.38999999996349, -0.5938343918297271 
21.399999999963466, -0.5941434418084065 
21.409999999963443, -0.593736882163841 
21.41999999996342, -0.5914587057246028 
21.429999999963396, -0.586965673842498 
21.439999999963373, -0.5843647615634254 
21.44999999996335, -0.5833597678176826 
21.459999999963326, -0.5830955993825581 
21.469999999963303, -0.5831890761145894 
21.47999999996328, -0.5835227873710153 
21.489999999963256, -0.5841977200136559 
21.499999999963233, -0.5848248378863886 
21.50999999996321, -0.5849071602684466 
21.519999999963186, -0.5845648195705028 
21.529999999963163, -0.5829204179608486 
21.53999999996314, -0.562832464115114 
21.549999999963116, -0.525815935573112 
21.559999999963093, -0.5194547992891276 
21.56999999996307, -0.5188623557969528 
21.579999999963047, -0.5188310526711181 
21.589999999963023, -0.518787911167594 
21.599999999963, -0.5187889131826952 
21.609999999962977, -0.5189221025902606 
21.619999999962953, -0.5189397831140268 
21.62999999996293, -0.5187615749442683 
21.639999999962907, -0.5186782815058828 
21.649999999962883, -0.5222845505924538 
21.65999999996286, -0.5030249478936435 
21.669999999962837, -0.48666143036898946 
21.679999999962813, -0.4853334921103077 
21.68999999996279, -0.4852772754138808 
21.699999999962767, -0.4852329362259208 
21.709999999962744, -0.4851581733306501 
21.71999999996272, -0.4852296425879569 
21.729999999962697, -0.48532368158924205 
21.739999999962674, -0.4852212908074858 
21.74999999996265, -0.484946733702669 
21.759999999962627, -0.48480082147284026 
21.769999999962604, -0.46380954470120966 
21.77999999996258, -0.4327570263752025 
21.789999999962557, -0.42880565615386107 
21.799999999962534, -0.4283961308665914 
21.80999999996251, -0.42839624608042765 
21.819999999962487, -0.428504545761646 
21.829999999962464, -0.42890348273627615 
21.83999999996244, -0.42956449586519696 
21.849999999962417, -0.4298271398338225 
21.859999999962394, -0.42962214142725663 
21.86999999996237, -0.428150522313616 
21.879999999962347, -0.42056295994973003 
21.889999999962324, -0.4136636900082908 
21.8999999999623, -0.41168275716335256 
21.909999999962277, -0.4111422224615365 
21.919999999962254, -0.4111434369503018 
21.92999999996223, -0.4117111251986268 
21.939999999962208, -0.4138385914381471 
21.949999999962184, -0.41907247612214815 
21.95999999996216, -0.4219535808400561 
21.969999999962138, -0.4223361856808849 
21.979999999962114, -0.42210763953501923 
21.98999999996209, -0.42121381702972466 
21.999999999962068, -0.4201572732756411 
22.009999999962044, -0.4196327534541066 
22.01999999996202, -0.4193797093634373 
22.029999999961998, -0.41934103322349287 
22.039999999961974, -0.4203569893568263 
22.04999999996195, -0.42948006087499035 
22.059999999961928, -0.46855222873049546 
22.069999999961905, -0.4772761690540675 
22.07999999996188, -0.4777176424858086 
22.089999999961858, -0.4777708835705058 
22.099999999961835, -0.47758328947739376 
22.10999999996181, -0.4772424950010412 
22.119999999961788, -0.47704520301599634 
22.129999999961765, -0.47693698280705593 
22.13999999996174, -0.47679258760541643 
22.149999999961718, -0.4769435774200971 
22.159999999961695, -0.48148308002614815 
22.16999999996167, -0.5126665991356417 
22.179999999961648, -0.5149358218014136 
22.189999999961625, -0.5139320218375053 
22.1999999999616, -0.5139898772495567 
22.20999999996158, -0.5139166726561382 
22.219999999961555, -0.5136458721134486 
22.22999999996153, -0.5133967192216519 
22.23999999996151, -0.5132777466932387 
22.249999999961485, -0.5131358392628581 
22.25999999996146, -0.5130897829881983 
22.26999999996144, -0.5147485508339185 
22.279999999961415, -0.5323837261881271 
22.289999999961392, -0.5720280501963532 
22.29999999996137, -0.5767213136933305 
22.309999999961345, -0.5772117986223421 
22.319999999961322, -0.5771819187601671 
22.3299999999613, -0.5767269300110196 
22.339999999961275, -0.5759188029732136 
22.349999999961252, -0.5753259443092179 
22.35999999996123, -0.5749729768814816 
22.369999999961205, -0.5748459898767905 
22.379999999961182, -0.575268892157262 
22.38999999996116, -0.5770664307995781 
22.399999999961135, -0.5819367511856381 
22.409999999961112, -0.5870677682706872 
22.41999999996109, -0.588218378418131 
22.429999999961066, -0.5881696938293546 
22.439999999961042, -0.5871492906931978 
22.44999999996102, -0.5827293313422903 
22.459999999960996, -0.5778013272693089 
22.469999999960972, -0.5757205325408918 
22.47999999996095, -0.5750382994506468 
22.489999999960926, -0.5749467621602177 
22.499999999960902, -0.5751130639988971 
22.50999999996088, -0.5755282005298303 
22.519999999960856, -0.5762161591631212 
22.529999999960832, -0.5765864557217 
22.53999999996081, -0.5764860618521122 
22.549999999960786, -0.575875027525658 
22.559999999960763, -0.5715816240757425 
22.56999999996074, -0.5344702560000638 
22.579999999960716, -0.513610815995751 
22.589999999960693, -0.5111641061558739 
22.59999999996067, -0.5109638151569382 
22.609999999960646, -0.510948409820787 
22.619999999960623, -0.5109225320581936 
22.6299999999606, -0.511027017316417 
22.639999999960576, -0.5111839091537007 
22.649999999960553, -0.5111281252445423 
22.65999999996053, -0.5108718023024678 
22.669999999960506, -0.5108171775131453 
22.679999999960483, -0.5028848525038567 
22.68999999996046, -0.4652059811709001 
22.699999999960436, -0.4588231640999727 
22.709999999960413, -0.45826564437629025 
22.71999999996039, -0.45824057958060627 
22.729999999960366, -0.45824973885083276 
22.739999999960343, -0.45838998262457875 
22.74999999996032, -0.45874087625982535 
22.759999999960296, -0.45890594529421425 
22.769999999960273, -0.45873156980041274 
22.77999999996025, -0.45776864816325274 
22.789999999960227, -0.4479262674791585 
22.799999999960203, -0.42518788609532326 
22.80999999996018, -0.4190499468381691 
22.819999999960157, -0.41789684748299133 
22.829999999960133, -0.4177324519927225 
22.83999999996011, -0.4179147740931026 
22.849999999960087, -0.4185853832569464 
22.859999999960063, -0.42030049863530994 
22.86999999996004, -0.4218554262831916 
22.879999999960017, -0.42216977040970527 
22.889999999959993, -0.4218687253593732 
22.89999999995997, -0.42031292605732556 
22.909999999959947, -0.4176243288884052 
22.919999999959924, -0.4162525304212602 
22.9299999999599, -0.41573296884546773 
22.939999999959877, -0.41560158060366836 
22.949999999959854, -0.4160802511926049 
22.95999999995983, -0.41888024909315236 
22.969999999959807, -0.431982446894009 
22.979999999959784, -0.44631973605507086 
22.98999999995976, -0.4481349177990628 
22.999999999959737, -0.448277152662506 
23.009999999959714, -0.448031211978601 
23.01999999995969, -0.4474756341702091 
23.029999999959667, -0.4470595051085385 
23.039999999959644, -0.44685887299647636 
23.04999999995962, -0.44670321145429875 
23.059999999959597, -0.4468011324675373 
23.069999999959574, -0.4497185957134444 
23.07999999995955, -0.47708966799200986 
23.089999999959527, -0.49546943282981554 
23.099999999959504, -0.4943403064755545 
23.10999999995948, -0.49440176362568444 
23.119999999959457, -0.49436745845225916 
23.129999999959434, -0.494143467243279 
23.13999999995941, -0.4939059932356016 
23.149999999959388, -0.4938159422671405 
23.159999999959364, -0.4937065137153123 
23.16999999995934, -0.49357993977439635 
23.179999999959318, -0.49438996979002553 
23.189999999959294, -0.507109354863428 
23.19999999995927, -0.5360400995755269 
23.209999999959248, -0.5338143433566568 
23.219999999959224, -0.5337955995087538 
23.2299999999592, -0.5338283908713107 
23.239999999959178, -0.533632349768025 
23.249999999959154, -0.5332489311863616 
23.25999999995913, -0.5329787515368724 
23.269999999959108, -0.5328033579742486 
23.279999999959085, -0.5326564332590197 
23.28999999995906, -0.5329985371259984 
23.299999999959038, -0.5369296362438329 
23.309999999959015, -0.5593138634847331 
23.31999999995899, -0.5836391081065182 
23.329999999958968, -0.5864832006201658 
23.339999999958945, -0.5867250366827307 
23.34999999995892, -0.5864331478280569 
23.359999999958898, -0.5853743678289909 
23.369999999958875, -0.5840841461590057 
23.37999999995885, -0.5833214918949797 
23.389999999958828, -0.5829386066340076 
23.399999999958805, -0.5829174662496601 
23.40999999995878, -0.583414422541939 
23.41999999995876, -0.5848233033777972 
23.429999999958735, -0.5874796781953249 
23.43999999995871, -0.5891608215654567 
23.44999999995869, -0.589381459717947 
23.459999999958665, -0.5889290444210147 
23.46999999995864, -0.5855503132310422 
23.47999999995862, -0.5729159206064808 
23.489999999958595, -0.5648753909122957 
23.499999999958572, -0.5626947569681939 
23.50999999995855, -0.5622629957777322 
23.519999999958525, -0.5622612310127884 
23.529999999958502, -0.5623631863629296 
23.53999999995848, -0.5626333403310001 
23.549999999958455, -0.5629749123605607 
23.559999999958432, -0.5630154013051097 
23.56999999995841, -0.5627691607614298 
23.579999999958385, -0.5624052046791979 
23.589999999958362, -0.5608700864896459 
23.59999999995834, -0.5260145208259055 
23.609999999958315, -0.516091316412493 
23.619999999958292, -0.5154192608858058 
23.62999999995827, -0.5153968844991912 
23.639999999958246, -0.5153080708511848 
23.649999999958222, -0.5151852009467945 
23.6599999999582, -0.515191358144432 
23.669999999958176, -0.5151713014412894 
23.679999999958152, -0.5150189773516262 
23.68999999995813, -0.5150905374481295 
23.699999999958106, -0.5204302112435093 
23.709999999958082, -0.5403025447988866 
23.71999999995806, -0.5309412846221342 
23.729999999958036, -0.5299270707932323 
23.739999999958012, -0.5299617227255817 
23.74999999995799, -0.5298648028250741 
23.759999999957966, -0.5295781792931973 
23.769999999957943, -0.5293375428774151 
23.77999999995792, -0.5292066460285946 
23.789999999957896, -0.5290534428989002 
23.799999999957873, -0.5290929284641348 
23.80999999995785, -0.5313822810302765 
23.819999999957826, -0.5505455347628511 
23.829999999957803, -0.5867719152964674 
23.83999999995778, -0.5918912612753562 
23.849999999957756, -0.5923730280529316 
23.859999999957733, -0.5922608802340895 
23.86999999995771, -0.5915713793257712 
23.879999999957686, -0.5904368559006133 
23.889999999957663, -0.5896537411694116 
23.89999999995764, -0.5892220800356006 
23.909999999957616, -0.5891008634997325 
23.919999999957593, -0.5894644816928931 
23.92999999995757, -0.5906867916412987 
23.939999999957546, -0.5933999092147134 
23.949999999957523, -0.5958876773494661 
23.9599999999575, -0.5964330522197394 
23.969999999957476, -0.5962107690501062 
23.979999999957453, -0.5943888885670935 
23.98999999995743, -0.5845086787664068 
23.999999999957407, -0.574252211232157 
24.009999999957383, -0.5710121442979823 
24.01999999995736, -0.5702810920236424 
24.029999999957337, -0.5702132104217755 
24.039999999957313, -0.570281176593923 
24.04999999995729, -0.5704676488495067 
24.059999999957267, -0.5707960108056811 
24.069999999957243, -0.5709129016360047 
24.07999999995722, -0.5707403207066067 
24.089999999957197, -0.5704676066313288 
24.099999999957173, -0.573100389703031 
24.10999999995715, -0.5615316259016047 
24.119999999957127, -0.545385072760832 
24.129999999957104, -0.5442615586649664 
24.13999999995708, -0.5442626054151276 
24.149999999957057, -0.5441578293017875 
24.159999999957034, -0.5438906482256537 
24.16999999995701, -0.5436887394087472 
24.179999999956987, -0.5435665124365366 
24.189999999956964, -0.5434127466372811 
24.19999999995694, -0.5435289498582163 
24.209999999956917, -0.5464236088624073 
24.219999999956894, -0.5674215977496312 
24.22999999995687, -0.5994155591587189 
24.239999999956847, -0.6037149284507014 
24.249999999956824, -0.6041092357891055 
24.2599999999568, -0.6039193705853579 
24.269999999956777, -0.6030097202042948 
24.279999999956754, -0.6016184352788136 
24.28999999995673, -0.6007085304383943 
24.299999999956707, -0.6002328857234402 
24.309999999956684, -0.6001178767796933 
24.31999999995666, -0.6004390458500737 
24.329999999956637, -0.6013912843663068 
24.339999999956614, -0.6032713638342986 
24.34999999995659, -0.604793976666019 
24.359999999956568, -0.6050688634479425 
24.369999999956544, -0.604719120816757 
24.37999999995652, -0.6020808415119364 
24.389999999956498, -0.5844211743396306 
24.399999999956474, -0.5672378976607045 
24.40999999995645, -0.5632242953610058 
24.419999999956428, -0.5626014906353726 
24.429999999956404, -0.5625613294010094 
24.43999999995638, -0.5625638105655869 
24.449999999956358, -0.5626334654185428 
24.459999999956334, -0.5628056145179328 
24.46999999995631, -0.5628143784468939 
24.479999999956288, -0.56263101155364 
24.489999999956265, -0.5628109437747604 
24.49999999995624, -0.5715129805863813 
24.509999999956218, -0.5902949035926616 
24.519999999956195, -0.5862624192627445 
24.52999999995617, -0.5862787394131308 
24.539999999956148, -0.5863309417538408 
24.549999999956125, -0.586092012667109 
24.5599999999561, -0.5855299723907476 
24.569999999956078, -0.5850345967774182 
24.579999999956055, -0.5847169863491655 
24.58999999995603, -0.584534231700332 
24.599999999956008, -0.5847937526649469 
24.609999999955985, -0.5864260507204923 
24.61999999995596, -0.5916650335323097 
24.62999999995594, -0.5993158554591316 
24.639999999955915, -0.601561648451011 
24.64999999995589, -0.6017182445430702 
24.65999999995587, -0.601134666873437 
24.669999999955845, -0.5980872154275563 
24.67999999995582, -0.5930661073812931 
24.6899999999558, -0.5904921457198127 
24.699999999955775, -0.5895617624033322 
24.709999999955752, -0.5893584530483488 
24.71999999995573, -0.5894621600654193 
24.729999999955705, -0.5897642769399548 
24.739999999955682, -0.5903368656423881 
24.74999999995566, -0.5907702062947965 
24.759999999955635, -0.5907474136864193 
24.769999999955612, -0.5903588973564339 
24.77999999995559, -0.5892288085156114 
24.789999999955565, -0.5711737635996408 
24.799999999955542, -0.5368754311871925 
24.80999999995552, -0.5323474639532769 
24.819999999955495, -0.5320852279825496 
24.829999999955472, -0.5320573323627805 
24.83999999995545, -0.5319270869363333 
24.849999999955426, -0.5318123547300675 
24.859999999955402, -0.5318037777742856 
24.86999999995538, -0.5317164262326991 
24.879999999955356, -0.5315755270349628 
24.889999999955332, -0.5324210310681039 
24.89999999995531, -0.5460645435335028 
24.909999999955286, -0.5820195397450106 
24.919999999955262, -0.5845730738001627 
24.92999999995524, -0.5849790082044087 
24.939999999955216, -0.5850078117834784 
24.949999999955192, -0.5846756415358894 
24.95999999995517, -0.5839778149049921 
24.969999999955146, -0.5834051646669245 
24.979999999955123, -0.5830514537852898 
24.9899999999551, -0.5828827708906088 
24.999999999955076, -0.5831962157250377 
