t, s[1].omega / s[0].omega 
0, -1.1139979290559507 
0.009999999999999995, -1.1136763365197742 
0.019999999999999934, -1.1132927995417456 
0.029999999999999874, -1.1131289019778687 
0.04000000000000012, -1.1127875492401809 
0.050000000000000405, -1.1120631828159167 
0.06000000000000069, -1.1113680574544667 
0.07000000000000098, -1.1111596223971638 
0.08000000000000126, -1.1104519134022293 
0.09000000000000155, -1.1084454625195546 
0.10000000000000184, -1.1070519665548457 
0.11000000000000212, -1.106867877553381 
0.12000000000000241, -1.1053173671935341 
0.130000000000002, -1.0977037954715432 
0.1400000000000009, -1.0950432153980298 
0.1499999999999998, -1.0949207088629433 
0.1599999999999987, -1.0919177404631362 
0.1699999999999976, -1.0673259373521795 
0.1799999999999965, -1.0656667573404173 
0.1899999999999954, -1.0656091196792592 
0.1999999999999943, -1.0627061337092518 
0.2099999999999932, -1.052284801573913 
0.2199999999999921, -1.0575962947664632 
0.229999999999991, -1.057601360339467 
0.2399999999999899, -1.0561155273725171 
0.2499999999999888, -1.0758335514085766 
0.2599999999999877, -1.08555000265726 
0.2699999999999866, -1.085571766960984 
0.2799999999999855, -1.0854911096869564 
0.2899999999999844, -1.096838734583146 
0.2999999999999833, -1.1013268042952238 
0.3099999999999822, -1.1012818909476614 
0.3199999999999811, -1.1015997026929674 
0.32999999999998, -1.1045730910857654 
0.3399999999999789, -1.105843929209695 
0.3499999999999778, -1.1057141031792874 
0.35999999999997667, -1.1058752346475094 
0.36999999999997557, -1.1066153085157335 
0.37999999999997447, -1.1068956821498428 
0.38999999999997337, -1.1066892758580444 
0.39999999999997227, -1.1066596143356024 
0.40999999999997117, -1.1067694065771378 
0.41999999999997006, -1.106669019716318 
0.42999999999996896, -1.1063568126921723 
0.43999999999996786, -1.106179425686111 
0.44999999999996676, -1.1060540721500103 
0.45999999999996566, -1.1056793864173802 
0.46999999999996456, -1.1051436803517043 
0.47999999999996346, -1.1048515121072453 
0.48999999999996235, -1.1045852220641939 
0.49999999999996125, -1.1037473299239822 
0.5099999999999602, -1.1026194056749075 
0.519999999999959, -1.1022522504299819 
0.529999999999958, -1.1018325461415779 
0.5399999999999568, -1.099655234943737 
0.5499999999999557, -1.0967146615878014 
0.5599999999999546, -1.0963944067571907 
0.5699999999999535, -1.0957693617445758 
0.5799999999999524, -1.0888709181545704 
0.5899999999999513, -1.0805143308592866 
0.5999999999999502, -1.0805217436381331 
0.6099999999999491, -1.079743306939554 
0.619999999999948, -1.0633163962258247 
0.6299999999999469, -1.0493577777330607 
0.6399999999999458, -1.0498838729585769 
0.6499999999999447, -1.0491774582608933 
0.6599999999999436, -1.0369531792574394 
0.6699999999999425, -1.0367572107504301 
0.6799999999999414, -1.0378105817246435 
0.6899999999999403, -1.03725817277766 
0.6999999999999392, -1.034937873262985 
0.7099999999999381, -1.055013020149203 
0.719999999999937, -1.0566440212422397 
0.7299999999999359, -1.0562124069127237 
0.7399999999999348, -1.0602077057759876 
0.7499999999999337, -1.0820800947947133 
0.7599999999999326, -1.0837430323512054 
0.7699999999999315, -1.0834160209416122 
0.7799999999999304, -1.086614976796128 
0.7899999999999293, -1.0938425029722658 
0.7999999999999282, -1.0947358916566294 
0.8099999999999271, -1.0945056325563551 
0.819999999999926, -1.0958484959051658 
0.8299999999999249, -1.0977501347944563 
0.8399999999999238, -1.098048623697261 
0.8499999999999227, -1.0978608400172798 
0.8599999999999216, -1.0983163091973545 
0.8699999999999205, -1.0988039927246869 
0.8799999999999194, -1.0987877891120952 
0.8899999999999183, -1.0985758856929746 
0.8999999999999172, -1.098646611401019 
0.9099999999999161, -1.0986669669044067 
0.919999999999915, -1.0984462528152654 
0.9299999999999139, -1.0981467343489502 
0.9399999999999128, -1.0980417526227442 
0.9499999999999117, -1.0978286273008282 
0.9599999999999106, -1.0973705541532333 
0.9699999999999095, -1.0968917215211968 
0.9799999999999084, -1.0967067968708968 
0.9899999999999073, -1.0962735029456163 
0.9999999999999062, -1.0953182723154062 
1.0099999999999052, -1.09447273018069 
1.019999999999904, -1.0942686468228535 
1.029999999999903, -1.093481624242424 
1.039999999999902, -1.0910542810460688 
1.0499999999999008, -1.089431432379745 
1.0599999999998997, -1.0892628743725388 
1.0699999999998986, -1.0878181505640312 
1.0799999999998975, -1.080266903403725 
1.0899999999998964, -1.0771792266511946 
1.0999999999998953, -1.0770886448509962 
1.1099999999998942, -1.0748230584793124 
1.119999999999893, -1.0540134566525503 
1.129999999999892, -1.0500659459594213 
1.1399999999998909, -1.0500751935897932 
1.1499999999998898, -1.0478255338166045 
1.1599999999998887, -1.0226325255659203 
1.1699999999998876, -1.0214120678450882 
1.1799999999998865, -1.0215509925346706 
1.1899999999998854, -1.0199268293090242 
1.1999999999998843, -1.001928818662741 
1.2099999999998832, -1.0031808368377615 
1.219999999999882, -1.003511534156462 
1.229999999999881, -1.0024112465753512 
1.2399999999998799, -0.9868677702432962 
1.2499999999998788, -0.9856304516444433 
1.2599999999998777, -0.9862387355859686 
1.2699999999998766, -0.9855225337446762 
1.2799999999998755, -0.970895800811548 
1.2899999999998744, -0.9570505738385104 
1.2999999999998733, -0.9578358599862513 
1.3099999999998722, -0.9574304951444258 
1.319999999999871, -0.9489422439057185 
1.32999999999987, -0.9265394674805167 
1.3399999999998689, -0.925948774862556 
1.3499999999998678, -0.9257832768634431 
1.3599999999998666, -0.923107450530422 
1.3699999999998655, -0.9140589972956276 
1.3799999999998644, -0.9115025481821108 
1.3899999999998633, -0.9114161187943213 
1.3999999999998622, -0.9105954172483129 
1.4099999999998611, -0.9080647704074614 
1.41999999999986, -0.9063039184937585 
1.429999999999859, -0.9060553414329354 
1.4399999999998578, -0.9057545275337792 
1.4499999999998567, -0.9049025039713303 
1.4599999999998556, -0.9040626309456609 
1.4699999999998545, -0.9037191466622277 
1.4799999999998534, -0.9035972147772461 
1.4899999999998523, -0.9032721128192243 
1.4999999999998512, -0.9028658145152606 
1.5099999999998501, -0.9025955275877755 
1.519999999999849, -0.9025710329718117 
1.529999999999848, -0.9025280394164673 
1.5399999999998468, -0.9023684421959585 
1.5499999999998457, -0.9021670380189268 
1.5599999999998446, -0.9022871867327165 
1.5699999999998435, -0.9025967261381964 
1.5799999999998424, -0.9027503562685915 
1.5899999999998413, -0.9025905813224622 
1.5999999999998402, -0.9028394361387787 
1.6099999999998391, -0.9040034436602148 
1.619999999999838, -0.9049823494361999 
1.629999999999837, -0.9049835822425957 
1.6399999999998358, -0.9050128488243848 
1.6499999999998347, -0.9083920214737913 
1.6599999999998336, -0.9127048708700082 
1.6699999999998325, -0.9132435698817284 
1.6799999999998314, -0.9129259134638135 
1.6899999999998303, -0.9178714109667522 
1.6999999999998292, -0.9358665090266435 
1.709999999999828, -0.9381120277588642 
1.719999999999827, -0.9378565646641621 
1.729999999999826, -0.9372193956024402 
1.7399999999998248, -0.9619003332010723 
1.7499999999998237, -0.9672745055993786 
1.7599999999998226, -0.9671953109766964 
1.7699999999998215, -0.964827262655399 
1.7799999999998204, -0.9628045572639006 
1.7899999999998193, -0.9684598417031566 
1.7999999999998182, -0.9685796367258107 
1.809999999999817, -0.9669006140755765 
1.819999999999816, -0.9447266954550033 
1.8299999999998149, -0.9401117085154918 
1.8399999999998138, -0.940436155378526 
1.8499999999998127, -0.9395860704636722 
1.8599999999998116, -0.9262896108856016 
1.8699999999998105, -0.9123864090516333 
1.8799999999998094, -0.9122947405418846 
1.8899999999998083, -0.9119557647788219 
1.8999999999998072, -0.9087135520384565 
1.909999999999806, -0.9032241810694929 
1.919999999999805, -0.902092231377646 
1.9299999999998039, -0.9019498825725379 
1.9399999999998028, -0.9010569273487082 
1.9499999999998017, -0.8994145574790096 
1.9599999999998006, -0.8984587817830529 
1.9699999999997995, -0.8982965976614369 
1.9799999999997984, -0.8979891575382556 
1.9899999999997973, -0.8973961542501787 
1.9999999999997962, -0.896874350836754 
2.0099999999998173, -0.8966842527251312 
2.0199999999998384, -0.8966033314728017 
2.0299999999998595, -0.8964018767651398 
2.0399999999998806, -0.8961223639882226 
2.0499999999999017, -0.8959922221363558 
2.059999999999923, -0.8961088299664987 
2.069999999999944, -0.8962349063277674 
2.079999999999965, -0.8961523013422618 
2.089999999999986, -0.8960320203975167 
2.100000000000007, -0.8965092449267439 
2.1100000000000283, -0.8973438654759921 
2.1200000000000494, -0.8976728385330215 
2.1300000000000705, -0.8975071150733188 
2.1400000000000916, -0.8983525468152125 
2.1500000000001127, -0.9017487944348136 
2.160000000000134, -0.9036070204175707 
2.170000000000155, -0.9035671802597383 
2.180000000000176, -0.9036772262585618 
2.190000000000197, -0.915169242348863 
2.2000000000002182, -0.9244634072762223 
2.2100000000002393, -0.9248546929002941 
2.2200000000002604, -0.924206488444262 
2.2300000000002815, -0.931390653527 
2.2400000000003026, -0.9536534226112217 
2.2500000000003237, -0.9548608924806674 
2.260000000000345, -0.9543809073183205 
2.270000000000366, -0.9471161832773509 
2.280000000000387, -0.942214533715124 
2.290000000000408, -0.9438613617273498 
2.3000000000004293, -0.9436229012594184 
2.3100000000004504, -0.9381549292026605 
2.3200000000004715, -0.9118714167897217 
2.3300000000004926, -0.9099855296944396 
2.3400000000005137, -0.9099431134391571 
2.3500000000005348, -0.9083045139162225 
2.360000000000556, -0.900550968467055 
2.370000000000577, -0.8968593214719356 
2.380000000000598, -0.8967309630416274 
2.390000000000619, -0.896242012671424 
2.4000000000006403, -0.894452558302275 
2.4100000000006614, -0.892823189828579 
2.4200000000006825, -0.892413729142686 
2.4300000000007036, -0.892236062054281 
2.4400000000007247, -0.8916798431930935 
2.450000000000746, -0.8910399005262905 
2.460000000000767, -0.8906695206700104 
2.470000000000788, -0.8905907006487644 
2.480000000000809, -0.8904306578830404 
2.49000000000083, -0.8901701853604391 
2.5000000000008513, -0.8899271400387103 
2.5100000000008724, -0.8899561755831383 
2.5200000000008935, -0.89010565341547 
2.5300000000009146, -0.8901489635019361 
2.5400000000009357, -0.8899756277862878 
2.550000000000957, -0.8901463591349602 
2.560000000000978, -0.8909656389355045 
2.570000000000999, -0.8917088775355949 
2.58000000000102, -0.891699017416797 
2.5900000000010412, -0.8917177780394464 
2.6000000000010624, -0.894474586532855 
2.6100000000010835, -0.8983185103757086 
2.6200000000011046, -0.8989069669974821 
2.6300000000011257, -0.8986079672582734 
2.6400000000011468, -0.9027718579404653 
2.650000000001168, -0.9221689302615699 
2.660000000001189, -0.9250137094859889 
2.67000000000121, -0.9248133673070116 
2.680000000001231, -0.9230418501724004 
2.6900000000012523, -0.9377833228856896 
2.7000000000012734, -0.9436605598489042 
2.7100000000012945, -0.9436817646912457 
2.7200000000013156, -0.9415080722077267 
2.7300000000013367, -0.916286022525702 
2.740000000001358, -0.9112670035298289 
2.750000000001379, -0.9114796570230159 
2.7600000000014, -0.9105984939667748 
2.770000000001421, -0.901397096614891 
2.780000000001442, -0.8928984506178372 
2.7900000000014633, -0.8925711489541442 
2.8000000000014844, -0.8922779894553086 
2.8100000000015055, -0.8904327993714841 
2.8200000000015266, -0.887900052943687 
2.8300000000015477, -0.8870661419825774 
2.840000000001569, -0.8869314562761532 
2.85000000000159, -0.8864160384422032 
2.860000000001611, -0.8856313087009802 
2.870000000001632, -0.8850844036977985 
2.8800000000016532, -0.8849476087691404 
2.8900000000016743, -0.8848043120643548 
2.9000000000016954, -0.88453351993147 
2.9100000000017165, -0.8842361502880599 
2.9200000000017377, -0.8841603670860712 
2.9300000000017588, -0.8842723600013886 
2.94000000000178, -0.8843501505305458 
2.950000000001801, -0.8842136678475456 
2.960000000001822, -0.8841835915599442 
2.970000000001843, -0.8848090049436426 
2.9800000000018643, -0.8856728352528143 
2.9900000000018854, -0.8858715768818564 
3.0000000000019065, -0.8857098488816262 
3.0100000000019276, -0.8873045322318411 
3.0200000000019487, -0.8917869771191513 
3.03000000000197, -0.8933462490328031 
3.040000000001991, -0.8931986421750682 
3.050000000002012, -0.8937780375366229 
3.060000000002033, -0.9134208484794362 
3.070000000002054, -0.9218120301870881 
3.0800000000020753, -0.9219508099688595 
3.0900000000020964, -0.9207781061427465 
3.1000000000021175, -0.9198717366967527 
3.1100000000021386, -0.9282795541110462 
3.1200000000021597, -0.9288346099397199 
3.130000000002181, -0.9281081864799753 
3.140000000002202, -0.9136929905674321 
3.150000000002223, -0.8944670307355534 
3.160000000002244, -0.8944888638511463 
3.1700000000022652, -0.8942200711511453 
3.1800000000022863, -0.8911648352086894 
3.1900000000023074, -0.8848600621161651 
3.2000000000023285, -0.8833230031077374 
3.2100000000023496, -0.8832083649268458 
3.2200000000023707, -0.8825015625096906 
3.230000000002392, -0.8810672156690963 
3.240000000002413, -0.8801137032843164 
3.250000000002434, -0.8799136876755582 
3.260000000002455, -0.8797037550440965 
3.2700000000024763, -0.8792643363541616 
3.2800000000024974, -0.8788355943981245 
3.2900000000025185, -0.8786482186644681 
3.3000000000025396, -0.8786444833022813 
3.3100000000025607, -0.8785876835029047 
3.3200000000025818, -0.8784071139873793 
3.330000000002603, -0.8782882683457633 
3.340000000002624, -0.8785797615693206 
3.350000000002645, -0.8790544327912242 
3.360000000002666, -0.8792054303692504 
3.3700000000026873, -0.879047288267484 
3.3800000000027084, -0.8798367953428919 
3.3900000000027295, -0.8823559194508103 
3.4000000000027506, -0.8837528768584784 
3.4100000000027717, -0.8836818332615741 
3.420000000002793, -0.883927131417409 
3.430000000002814, -0.8955549443947183 
3.440000000002835, -0.9046391564173982 
3.450000000002856, -0.9050178338613489 
3.460000000002877, -0.9043062083397889 
3.4700000000028983, -0.906277023923431 
3.4800000000029194, -0.9217165392120078 
3.4900000000029405, -0.9228878141270931 
3.5000000000029616, -0.92246021393236 
3.5100000000029827, -0.91322303450665 
3.520000000003004, -0.8883359851516371 
3.530000000003025, -0.8877937565255392 
3.540000000003046, -0.8876643557828653 
3.550000000003067, -0.8856084875089165 
3.5600000000030882, -0.8793291802017902 
3.5700000000031094, -0.8769611938634297 
3.5800000000031305, -0.8768395354412999 
3.5900000000031516, -0.8763476463200244 
3.6000000000031727, -0.8750794266071226 
3.6100000000031938, -0.8740610778760041 
3.620000000003215, -0.8737685303030513 
3.630000000003236, -0.8736237991503165 
3.640000000003257, -0.8732647311412121 
3.650000000003278, -0.8728670369349987 
3.6600000000032993, -0.8726418993895049 
3.6700000000033204, -0.872657692855458 
3.6800000000033415, -0.8726756841104464 
3.6900000000033626, -0.8725686205459572 
3.7000000000033837, -0.8724079351028963 
3.710000000003405, -0.8727057547206514 
3.720000000003426, -0.8733856205076471 
3.730000000003447, -0.8737881237328623 
3.740000000003468, -0.8736538934175204 
3.750000000003489, -0.8741310625120962 
3.7600000000035103, -0.8776590135158765 
3.7700000000035314, -0.8805651089084621 
3.7800000000035525, -0.88073060719671 
3.7900000000035736, -0.8803795305401283 
3.8000000000035947, -0.8909621154799501 
3.810000000003616, -0.9103702851765113 
3.820000000003637, -0.91155917195837 
3.830000000003658, -0.9111153432637316 
3.840000000003679, -0.9048813299854465 
3.8500000000037002, -0.8968136224033253 
3.8600000000037213, -0.8982649494912278 
3.8700000000037424, -0.8981118142410901 
3.8800000000037635, -0.8947468653059183 
3.8900000000037847, -0.8794590621427777 
3.9000000000038058, -0.8758913286828098 
3.910000000003827, -0.8758472127319266 
3.920000000003848, -0.8751121525289626 
3.930000000003869, -0.8726545497834557 
3.94000000000389, -0.8708513827924533 
3.9500000000039113, -0.8705318225226636 
3.9600000000039324, -0.870324370536439 
3.9700000000039535, -0.8697376493606386 
3.9800000000039746, -0.8691323674430752 
3.9900000000039957, -0.8688166223437036 
4.000000000004016, -0.8687622048239277 
4.010000000003993, -0.8686456082358975 
4.02000000000397, -0.8684388615245242 
4.030000000003946, -0.8682437244042231 
4.040000000003923, -0.8683766381984797 
4.0500000000039, -0.868711819383914 
4.0600000000038765, -0.8688999636070229 
4.070000000003853, -0.8687516693379255 
4.08000000000383, -0.8691020819884367 
4.090000000003807, -0.8710166930073843 
4.100000000003783, -0.8727325256613315 
4.11000000000376, -0.8728338760426269 
4.120000000003737, -0.8726639439270418 
4.130000000003713, -0.8801346915949984 
4.14000000000369, -0.8932123657056706 
4.150000000003667, -0.8943644276813897 
4.1600000000036434, -0.8939680534821894 
4.17000000000362, -0.891190055581227 
4.180000000003597, -0.8982455483126195 
4.1900000000035735, -0.9006488790402333 
4.20000000000355, -0.9005194176155921 
4.210000000003527, -0.8971133488573637 
4.220000000003504, -0.8771924206750442 
4.23000000000348, -0.8728201683134152 
4.240000000003457, -0.8728125045151472 
4.250000000003434, -0.8720555927317292 
4.26000000000341, -0.8690897253170804 
4.270000000003387, -0.8668564326576996 
4.280000000003364, -0.8664986878545414 
4.2900000000033405, -0.8662913957472903 
4.300000000003317, -0.8656503617725919 
4.310000000003294, -0.8649737322793128 
4.320000000003271, -0.8646175324902525 
4.330000000003247, -0.8645513968965068 
4.340000000003224, -0.8644200358750227 
4.350000000003201, -0.8642022385022866 
4.360000000003177, -0.8639917248720573 
4.370000000003154, -0.8640931184606953 
4.380000000003131, -0.8644011485843929 
4.390000000003107, -0.8645962617141987 
4.400000000003084, -0.8644558487910149 
4.410000000003061, -0.8647308852092792 
4.4200000000030375, -0.8665601704534132 
4.430000000003014, -0.8683909633071659 
4.440000000002991, -0.8685542718539281 
4.450000000002968, -0.868332842464636 
4.460000000002944, -0.8750289451334639 
4.470000000002921, -0.8898165159136594 
4.480000000002898, -0.8913286316270395 
4.490000000002874, -0.8909967919406648 
4.500000000002851, -0.8875058647898001 
4.510000000002828, -0.8865158222034322 
4.520000000002804, -0.8887974098733015 
4.530000000002781, -0.8887388726864773 
4.540000000002758, -0.8863064158402134 
4.5500000000027345, -0.8714233972824096 
4.560000000002711, -0.8663703326859117 
4.570000000002688, -0.8663220000222123 
4.580000000002665, -0.8657820165276554 
4.590000000002641, -0.8637061062835267 
4.600000000002618, -0.8619180345330099 
4.610000000002595, -0.8614878704114934 
4.620000000002571, -0.8613340475042969 
4.630000000002548, -0.8608678809349065 
4.640000000002525, -0.8603399196768184 
4.6500000000025015, -0.8600177388311668 
4.660000000002478, -0.8599774446769927 
4.670000000002455, -0.8599396534770071 
4.6800000000024315, -0.8598128435380883 
4.690000000002408, -0.8596195075625096 
4.700000000002385, -0.8597813889014905 
4.710000000002362, -0.8603225994244618 
4.720000000002338, -0.8607646716129742 
4.730000000002315, -0.8606797757644078 
4.740000000002292, -0.8608578136548267 
4.750000000002268, -0.8638381634545886 
4.760000000002245, -0.8674660869367578 
4.770000000002222, -0.8679163486630461 
4.7800000000021985, -0.8675542216544305 
4.790000000002175, -0.8731292032484322 
4.800000000002152, -0.8991921384157255 
4.810000000002129, -0.9018231945642837 
4.820000000002105, -0.9015956869598922 
4.830000000002082, -0.8969000730473663 
4.840000000002059, -0.8707819693004751 
4.850000000002035, -0.8695916544141319 
4.860000000002012, -0.8696167982820141 
4.870000000001989, -0.8683207688743768 
4.880000000001965, -0.8618359754922494 
4.890000000001942, -0.8580675917051616 
4.900000000001919, -0.8578229875455561 
4.9100000000018955, -0.8575240146278073 
4.920000000001872, -0.8565080821903709 
4.930000000001849, -0.8555093453174183 
4.940000000001826, -0.8550909629611883 
4.950000000001802, -0.8549975661700886 
4.960000000001779, -0.8547704980838595 
4.970000000001756, -0.8544679012635186 
4.980000000001732, -0.8542303674695992 
4.990000000001709, -0.8542784012725616 
5.000000000001686, -0.8544655803743988 
5.0100000000016625, -0.8545581636809616 
5.020000000001639, -0.8544031827236139 
5.030000000001616, -0.854673587255937 
5.0400000000015925, -0.8561343386292373 
5.050000000001569, -0.8575811259762599 
5.060000000001546, -0.8576915299106156 
5.070000000001523, -0.8575219196240398 
5.080000000001499, -0.8640598354576196 
5.090000000001476, -0.8775166438409849 
5.100000000001453, -0.8789282889824278 
5.110000000001429, -0.8785891126115466 
5.120000000001406, -0.8745381464759405 
5.130000000001383, -0.8674206676430825 
5.1400000000013595, -0.8690015950346505 
5.150000000001336, -0.8689567134148902 
5.160000000001313, -0.8669341362421896 
5.17000000000129, -0.8568590764511792 
5.180000000001266, -0.8527205296372158 
5.190000000001243, -0.8525948439299029 
5.20000000000122, -0.8521877503748594 
5.210000000001196, -0.8508641548299886 
5.220000000001173, -0.8496945862153887 
5.23000000000115, -0.8492998398288316 
5.240000000001126, -0.849191666102288 
5.250000000001103, -0.8489089238385886 
5.26000000000108, -0.8485667736791948 
5.2700000000010565, -0.8483314590659614 
5.280000000001033, -0.8483772646586578 
5.29000000000101, -0.8485282024105292 
5.300000000000987, -0.848573639264163 
5.310000000000963, -0.8484126402772568 
5.32000000000094, -0.8487491231642317 
5.330000000000917, -0.850188869817972 
5.340000000000893, -0.8514818797658279 
5.35000000000087, -0.8515319606178612 
5.360000000000847, -0.8514239385723024 
5.3700000000008234, -0.8591910545105191 
5.3800000000008, -0.8722997836353674 
5.390000000000777, -0.8734286642659113 
5.4000000000007535, -0.8730233235014956 
5.41000000000073, -0.8673801562704995 
5.420000000000707, -0.8542475860683195 
5.430000000000684, -0.8551353387747905 
5.44000000000066, -0.8550553677101769 
5.450000000000637, -0.8530651277287826 
5.460000000000614, -0.8456822209328083 
5.47000000000059, -0.8426818824461842 
5.480000000000567, -0.8425321827340947 
5.490000000000544, -0.8421692284389797 
5.5000000000005205, -0.8411950119126412 
5.510000000000497, -0.8403647502735545 
5.520000000000474, -0.8400492183606514 
5.5300000000004506, -0.8399752276577211 
5.540000000000427, -0.8397993460368305 
5.550000000000404, -0.8395587401699852 
5.560000000000381, -0.8393850687362138 
5.570000000000357, -0.8395550888112404 
5.580000000000334, -0.839938612398415 
5.590000000000311, -0.8401487001088789 
5.600000000000287, -0.8400021236389722 
5.610000000000264, -0.8405515125504898 
5.620000000000241, -0.8438017666526765 
5.6300000000002175, -0.8465291969190707 
5.640000000000194, -0.8466848050654939 
5.650000000000171, -0.8462262026051813 
5.660000000000148, -0.8571472172591389 
5.670000000000124, -0.8801746541468997 
5.680000000000101, -0.8814635275368945 
5.690000000000078, -0.8810659538802768 
5.700000000000054, -0.8728032802889276 
5.710000000000031, -0.8486058088817157 
5.720000000000008, -0.8472399761067954 
5.729999999999984, -0.8471600676060854 
5.739999999999961, -0.845951306660547 
5.749999999999938, -0.8429098747753779 
5.7599999999999145, -0.8413021431384545 
5.769999999999891, -0.8410966136878002 
5.779999999999868, -0.840856250781387 
5.789999999999845, -0.840322194257498 
5.799999999999821, -0.8398381334390848 
5.809999999999798, -0.8396234881214052 
5.819999999999775, -0.8396312409812181 
5.829999999999751, -0.8396257800496649 
5.839999999999728, -0.8395053704534299 
5.849999999999705, -0.8393775377319361 
5.8599999999996815, -0.8398167923830564 
5.869999999999658, -0.8407865298438593 
5.879999999999635, -0.8413328023242305 
5.8899999999996115, -0.8411979079684297 
5.899999999999588, -0.8418929299604605 
5.909999999999565, -0.8503273738362191 
5.919999999999542, -0.8564711779904425 
5.929999999999518, -0.8567427880103838 
5.939999999999495, -0.8559435229417636 
5.949999999999472, -0.8501999973546547 
5.959999999999448, -0.8489951182859006 
5.969999999999425, -0.8497746579943442 
5.979999999999402, -0.8494667784900558 
5.9899999999993785, -0.8456255092518109 
5.999999999999355, -0.8380374662120984 
6.009999999999332, -0.8364090793928197 
6.019999999999309, -0.8363075208060469 
6.029999999999285, -0.8357617148874341 
6.039999999999262, -0.8347660296416473 
6.049999999999239, -0.8340787907335939 
6.059999999999215, -0.8338888549069549 
6.069999999999192, -0.8338071395460419 
6.079999999999169, -0.833631818509894 
6.089999999999145, -0.8333970129404341 
6.099999999999122, -0.8333150220701405 
6.109999999999099, -0.8336158977787373 
6.1199999999990755, -0.8340983890387791 
6.129999999999052, -0.8342341734531334 
6.139999999999029, -0.8340829495830933 
6.149999999999006, -0.8354215933017844 
6.159999999998982, -0.8404047949331042 
6.169999999998959, -0.8427334745104146 
6.179999999998936, -0.8426880638947745 
6.189999999998912, -0.8419208306942073 
6.199999999998889, -0.8559051172720286 
6.209999999998866, -0.8674365429386613 
6.2199999999988425, -0.8678944304589904 
6.229999999998819, -0.8671583731782107 
6.239999999998796, -0.8567954593558038 
6.2499999999987725, -0.8444381250114924 
6.259999999998749, -0.8438207827618348 
6.269999999998726, -0.843640131137791 
6.279999999998703, -0.8424444935256711 
6.289999999998679, -0.8406702956054466 
6.299999999998656, -0.8398288329511355 
6.309999999998633, -0.8396958225836015 
6.319999999998609, -0.8394665900901077 
6.329999999998586, -0.8390924999028349 
6.339999999998563, -0.8387601512105161 
6.3499999999985395, -0.8386781602722592 
6.359999999998516, -0.8387943069850101 
6.369999999998493, -0.838912383326758 
6.37999999999847, -0.8388135703686541 
6.389999999998446, -0.8387894908888306 
6.399999999998423, -0.839813802824514 
6.4099999999984, -0.8416101472865208 
6.419999999998376, -0.8421810314410862 
6.429999999998353, -0.84196966396992 
6.43999999999833, -0.8439590957386028 
6.449999999998306, -0.8626933450593626 
6.459999999998283, -0.8684070452579818 
6.46999999999826, -0.8684341314208253 
6.4799999999982365, -0.8666283502905725 
6.489999999998213, -0.8434167754790491 
6.49999999999819, -0.8351818904790481 
6.509999999998167, -0.835400182942886 
6.519999999998143, -0.8349128321086365 
6.52999999999812, -0.8317168576451617 
6.539999999998097, -0.8283185519277599 
6.549999999998073, -0.8275742150982276 
6.55999999999805, -0.8274508289318211 
6.569999999998027, -0.8269998927132893 
6.5799999999980034, -0.8264223459341674 
6.58999999999798, -0.8260359577154854 
6.599999999997957, -0.8259673428337138 
6.6099999999979335, -0.8259901225118393 
6.61999999999791, -0.825965209108208 
6.629999999997887, -0.8257969477278843 
6.639999999997864, -0.8258994314274789 
6.64999999999784, -0.8268154007651667 
6.659999999997817, -0.8280195605092112 
6.669999999997794, -0.8282313383627826 
6.67999999999777, -0.8280196089968406 
6.689999999997747, -0.8322876083293486 
6.699999999997724, -0.8486058231904685 
6.7099999999977005, -0.8514415556498746 
6.719999999997677, -0.8512837278841386 
6.729999999997654, -0.8478656012643088 
6.7399999999976306, -0.8202748293229162 
6.749999999997607, -0.8159991368954981 
6.759999999997584, -0.816083054939147 
6.769999999997561, -0.8154189151364557 
6.779999999997537, -0.8127011512218381 
6.789999999997514, -0.810621546262563 
6.799999999997491, -0.810170833320034 
6.809999999997467, -0.8100482748556692 
6.819999999997444, -0.8097016879902043 
6.829999999997421, -0.8093207863004953 
6.8399999999973975, -0.8090764975835838 
6.849999999997374, -0.8091295580137252 
6.859999999997351, -0.8093390027574169 
6.869999999997328, -0.8094776691734054 
6.879999999997304, -0.8093401278523342 
6.889999999997281, -0.8097050405859898 
6.899999999997258, -0.8124835606458407 
6.909999999997234, -0.8155924554992067 
6.919999999997211, -0.815922335472244 
6.929999999997188, -0.8154503125820272 
6.939999999997164, -0.8183223949525925 
6.949999999997141, -0.8346183545755665 
6.959999999997118, -0.8363344285648047 
6.9699999999970945, -0.8361572439458165 
6.979999999997071, -0.8331104183770933 
6.989999999997048, -0.8237790644207927 
6.999999999997025, -0.8211293095639022 
7.009999999997001, -0.8210248495014931 
7.019999999996978, -0.8206123580753444 
7.029999999996955, -0.8196787900709106 
7.039999999996931, -0.8189597264363894 
7.049999999996908, -0.8187067181058066 
7.059999999996885, -0.8186607285705932 
7.0699999999968615, -0.8185532396896472 
7.079999999996838, -0.8183719527132473 
7.089999999996815, -0.8182483398387735 
7.0999999999967915, -0.8186074293460271 
7.109999999996768, -0.8193815669668751 
7.119999999996745, -0.8198189351587151 
7.129999999996722, -0.8196772165276736 
7.139999999996698, -0.8204668764252716 
7.149999999996675, -0.8296094789167789 
7.159999999996652, -0.8362028899606966 
7.169999999996628, -0.8364893810087884 
7.179999999996605, -0.835619631255307 
7.189999999996582, -0.8212481253345512 
7.1999999999965585, -0.8052159358821573 
7.209999999996535, -0.8054358174514415 
7.219999999996512, -0.8052211148174468 
7.229999999996489, -0.8034186258047095 
7.239999999996465, -0.8006530401683744 
7.249999999996442, -0.7995911522541767 
7.259999999996419, -0.7994611819822971 
7.269999999996395, -0.7992413383146924 
7.279999999996372, -0.7988901547333597 
7.289999999996349, -0.7985844276651402 
7.299999999996325, -0.7985231222556256 
7.309999999996302, -0.7987459229526472 
7.319999999996279, -0.7990714541412131 
7.3299999999962555, -0.7990940452705938 
7.339999999996232, -0.7989945743843414 
7.349999999996209, -0.8009643999390104 
7.359999999996186, -0.8069525564841549 
7.369999999996162, -0.80900541189469 
7.379999999996139, -0.8088880982024148 
7.389999999996116, -0.8069443239605997 
7.399999999996092, -0.7900010105334972 
7.409999999996069, -0.7860079130419607 
7.419999999996046, -0.7861890776233159 
7.4299999999960225, -0.785686973187814 
7.439999999995999, -0.7833495713429223 
7.449999999995976, -0.7813443073950053 
7.4599999999959525, -0.780787353462367 
7.469999999995929, -0.780697900610585 
7.479999999995906, -0.7804795759339336 
7.489999999995883, -0.7802181520367415 
7.499999999995859, -0.7800060125418269 
7.509999999995836, -0.7801338968042372 
7.519999999995813, -0.78066337848839 
7.529999999995789, -0.7812323063905993 
7.539999999995766, -0.7812158935250669 
7.549999999995743, -0.781209613095973 
7.5599999999957195, -0.7882869148474576 
7.569999999995696, -0.8028458354136994 
7.579999999995673, -0.8043416507914198 
7.58999999999565, -0.8040387615238521 
7.599999999995626, -0.7980788230471142 
7.609999999995603, -0.776736711991351 
7.61999999999558, -0.7737900428466955 
7.629999999995556, -0.773745635469198 
7.639999999995533, -0.7732545220932245 
7.64999999999551, -0.7722178109569259 
7.659999999995486, -0.7715099106651826 
7.669999999995463, -0.7712805310604788 
7.67999999999544, -0.7712778257504388 
7.6899999999954165, -0.7712770918259811 
7.699999999995393, -0.7711886376885511 
7.70999999999537, -0.7710812086778751 
7.719999999995347, -0.7718585557818808 
7.729999999995323, -0.7742260531520362 
7.7399999999953, -0.7757323055249098 
7.749999999995277, -0.7756928538396433 
7.759999999995253, -0.7749129365734345 
7.76999999999523, -0.7781261948403636 
7.779999999995207, -0.7806140241033642 
7.789999999995183, -0.7810638349470137 
7.79999999999516, -0.7806956964722529 
7.809999999995137, -0.7781568657956278 
7.8199999999951135, -0.7752703971675217 
7.82999999999509, -0.7744192500105853 
7.839999999995067, -0.7743185841177589 
7.849999999995044, -0.7740968842706584 
7.85999999999502, -0.7738008413316032 
7.869999999994997, -0.7735496675450274 
7.879999999994974, -0.7735821435951027 
7.88999999999495, -0.7740000564386912 
7.899999999994927, -0.7745805623229381 
7.909999999994904, -0.7746523380303266 
7.9199999999948805, -0.774514269822417 
7.929999999994857, -0.7789079053860508 
7.939999999994834, -0.7949316294680197 
7.9499999999948106, -0.7978145623585831 
7.959999999994787, -0.797687487314107 
7.969999999994764, -0.7944572095379804 
7.979999999994741, -0.77470865819154 
7.989999999994717, -0.7693559469471764 
7.999999999994694, -0.7692760642744306 
8.00999999999467, -0.7689487251175956 
8.019999999994647, -0.7680508390695706 
8.029999999994624, -0.7673342249298838 
8.0399999999946, -0.7670394515862938 
8.049999999994577, -0.7670398070588591 
8.059999999994554, -0.7670844541861654 
8.06999999999453, -0.7670650501370277 
8.079999999994508, -0.7669210411793133 
8.089999999994484, -0.7675002448594418 
8.099999999994461, -0.7702481646546718 
8.109999999994438, -0.7728077707968264 
8.119999999994414, -0.772979831080813 
8.129999999994391, -0.7722760502739199 
8.139999999994368, -0.7646224813597149 
8.149999999994344, -0.7517958559116312 
8.159999999994321, -0.7519710607607489 
8.169999999994298, -0.7518259458128284 
8.179999999994275, -0.7506564421795824 
8.189999999994251, -0.7489978781622252 
8.199999999994228, -0.7482256121942109 
8.209999999994205, -0.7480875834211588 
8.219999999994181, -0.7480416463948772 
8.229999999994158, -0.7479712513891472 
8.239999999994135, -0.747821661556372 
8.249999999994111, -0.7478414962477132 
8.259999999994088, -0.7489837260960936 
8.269999999994065, -0.7514878157560609 
8.279999999994041, -0.752415077017041 
8.289999999994018, -0.7522153505195232 
8.299999999993995, -0.7503861710317392 
8.309999999993972, -0.7349987724627695 
8.319999999993948, -0.7314640576224061 
8.329999999993925, -0.7315709924784242 
8.339999999993902, -0.7311418673369691 
8.349999999993878, -0.7297874514490384 
8.359999999993855, -0.7287916794343421 
8.369999999993832, -0.7284358796399244 
8.379999999993808, -0.7284229574111232 
8.389999999993785, -0.7284642660496237 
8.399999999993762, -0.7284755463450443 
8.409999999993738, -0.7283365759957547 
8.419999999993715, -0.7288946716060134 
8.429999999993692, -0.733129961936674 
8.439999999993669, -0.7381021800106216 
8.449999999993645, -0.7385644376901856 
8.459999999993622, -0.7379600922838013 
8.469999999993599, -0.7273083195183527 
8.479999999993575, -0.7102351961740084 
8.489999999993552, -0.7087784800366066 
8.499999999993529, -0.7087083039599094 
8.509999999993505, -0.7083330749696561 
8.519999999993482, -0.7078358165095662 
8.529999999993459, -0.7075121239386947 
8.539999999993436, -0.7074837002348577 
8.549999999993412, -0.7078448831480396 
8.559999999993389, -0.7085351096307243 
8.569999999993366, -0.7087697991747424 
8.579999999993342, -0.7085464917766288 
8.589999999993319, -0.7108749298957351 
8.599999999993296, -0.7365054915786271 
8.609999999993272, -0.7408727281076313 
8.619999999993249, -0.7409821188733434 
8.629999999993226, -0.7401510655911366 
8.639999999993202, -0.7372520670711087 
8.64999999999318, -0.7354710026208903 
8.659999999993156, -0.7350740385582337 
8.669999999993133, -0.7350079948131083 
8.67999999999311, -0.7348712138460751 
8.689999999993086, -0.7347149715995174 
8.699999999993063, -0.7345703190969067 
8.70999999999304, -0.7350007245015446 
8.719999999993016, -0.736642073391663 
8.729999999992993, -0.7382730378836224 
8.73999999999297, -0.7383717669475278 
8.749999999992946, -0.7377081639760106 
8.759999999992923, -0.731449462318056 
8.7699999999929, -0.7185205333055947 
8.779999999992876, -0.7185494526907557 
8.789999999992853, -0.7184268961449568 
8.79999999999283, -0.7175394614049834 
8.809999999992806, -0.7164125404346274 
8.819999999992783, -0.7158540323111509 
8.82999999999276, -0.7157522848354385 
8.839999999992736, -0.7158289927448866 
8.849999999992713, -0.7159692259617839 
8.85999999999269, -0.715926134826469 
8.869999999992666, -0.7158870966152799 
8.879999999992643, -0.7188669618660476 
8.88999999999262, -0.7297994605765489 
8.899999999992596, -0.7327469826078492 
8.909999999992573, -0.7326825046480621 
8.91999999999255, -0.7304001316415669 
8.929999999992527, -0.7192784180716298 
8.939999999992503, -0.7151340026408313 
8.94999999999248, -0.7148595634538627 
8.959999999992457, -0.7147128776333512 
8.969999999992433, -0.7143602897033062 
8.97999999999241, -0.7140552948586967 
8.989999999992387, -0.7138998353519374 
8.999999999992363, -0.7141779365964076 
9.00999999999234, -0.7150481651873976 
9.019999999992317, -0.7158546735865498 
9.029999999992294, -0.7158233238774824 
9.03999999999227, -0.7154181676782352 
9.049999999992247, -0.7234007966221112 
9.059999999992224, -0.7284087660972254 
9.0699999999922, -0.7289415400423117 
9.079999999992177, -0.7287309896477799 
9.089999999992154, -0.7273188560938605 
9.09999999999213, -0.7256390293856335 
9.109999999992107, -0.724944777962167 
9.119999999992084, -0.7248393563255474 
9.12999999999206, -0.7248204769178211 
9.139999999992037, -0.7248033570906012 
9.149999999992014, -0.7246777828035101 
9.15999999999199, -0.7247512648075272 
9.169999999991967, -0.7266922484500485 
9.179999999991944, -0.7312676372996468 
9.18999999999192, -0.7325781725150058 
9.199999999991897, -0.7323750159940899 
9.209999999991874, -0.7284467014032043 
9.21999999999185, -0.7043453375248114 
9.229999999991827, -0.6991406184685437 
9.239999999991804, -0.6990486610242074 
9.24999999999178, -0.6988104705883429 
9.259999999991757, -0.6982785108409894 
9.269999999991734, -0.6978802268233608 
9.27999999999171, -0.697718457944808 
9.289999999991688, -0.6979416206057383 
9.299999999991664, -0.6985988229089743 
9.309999999991641, -0.6991577787376002 
9.319999999991618, -0.6990719017693404 
9.329999999991594, -0.6988927466746025 
9.339999999991571, -0.711978446764132 
9.349999999991548, -0.7190966296063037 
9.359999999991524, -0.7195804546545258 
9.369999999991501, -0.7193215181699205 
9.379999999991478, -0.7178302954389192 
9.389999999991455, -0.7162751870747068 
9.399999999991431, -0.715663583725246 
9.409999999991408, -0.715582588324925 
9.419999999991385, -0.7155865953427858 
9.429999999991361, -0.7156036213088663 
9.439999999991338, -0.7154862359431313 
9.449999999991315, -0.7156120470911883 
9.459999999991291, -0.7183364337922808 
9.469999999991268, -0.7245931352362376 
9.479999999991245, -0.7259775099325823 
9.489999999991221, -0.7257514172440798 
9.499999999991198, -0.7214458420000496 
9.509999999991175, -0.7043679122335975 
9.519999999991152, -0.7006584055015699 
9.529999999991128, -0.7005319468092193 
9.539999999991105, -0.7003215632041734 
9.549999999991082, -0.6999090594275228 
9.559999999991058, -0.6995924948463815 
9.569999999991035, -0.6994780857748399 
9.579999999991012, -0.6998229462999564 
9.589999999990988, -0.700768288079877 
9.599999999990965, -0.7014704454201811 
9.609999999990942, -0.7013748278012614 
9.619999999990918, -0.7008054541579045 
9.629999999990895, -0.7007634939618756 
9.639999999990872, -0.6964389804810818 
9.649999999990849, -0.6966423269171769 
9.659999999990825, -0.6964150571647758 
9.669999999990802, -0.6954229471338469 
9.679999999990779, -0.6945207837931636 
9.689999999990755, -0.6941231830132127 
9.699999999990732, -0.6941098652454092 
9.709999999990709, -0.6942927780177574 
9.719999999990685, -0.6945548359270385 
9.729999999990662, -0.6945101202723464 
9.739999999990639, -0.6945186389090823 
9.749999999990616, -0.7022563359470414 
9.759999999990592, -0.7238008379964506 
9.769999999990569, -0.7259111271616694 
9.779999999990546, -0.7257671734390906 
9.789999999990522, -0.723653868379615 
9.799999999990499, -0.7191296070281401 
9.809999999990476, -0.7174901560792926 
9.819999999990452, -0.7172937016156922 
9.829999999990429, -0.717188178337573 
9.839999999990406, -0.7170083413589388 
9.849999999990382, -0.7168224417121278 
9.85999999999036, -0.7167641506456246 
9.869999999990336, -0.7174946916349196 
9.879999999990313, -0.7195172959827321 
9.88999999999029, -0.7207239896706208 
9.899999999990266, -0.7206389303598951 
9.909999999990243, -0.7191476638166677 
9.91999999999022, -0.6974862700994194 
9.929999999990196, -0.6863374846680981 
9.939999999990173, -0.6862725175602249 
9.94999999999015, -0.6860822227670792 
9.959999999990126, -0.6854217764916032 
9.969999999990103, -0.6848610292957843 
9.97999999999008, -0.6845916859977746 
9.989999999990056, -0.6846759600418802 
9.999999999990033, -0.6851187419167255 
10.00999999999001, -0.6857044937597251 
10.019999999989986, -0.6857248133298605 
10.029999999989963, -0.6854515384719261 
10.03999999998994, -0.6932226414956917 
10.049999999989916, -0.7062404709093139 
10.059999999989893, -0.7071082115265497 
10.06999999998987, -0.7070153814431012 
10.079999999989846, -0.7059969134739129 
10.089999999989823, -0.7044616166780644 
10.0999999999898, -0.7037302576540773 
10.109999999989776, -0.7035789098700459 
10.119999999989753, -0.7036186857621838 
10.12999999998973, -0.7037177049062193 
10.139999999989707, -0.7036866713007289 
10.149999999989683, -0.7036056371320922 
10.15999999998966, -0.7058523049999311 
10.169999999989637, -0.7164467885501212 
10.179999999989613, -0.7204677383403225 
10.18999999998959, -0.7205069982640893 
10.199999999989567, -0.7189420653480166 
10.209999999989543, -0.709981978404557 
10.21999999998952, -0.7056192632465003 
10.229999999989497, -0.7051949829725974 
10.239999999989474, -0.7050910998394992 
10.24999999998945, -0.704819587081772 
10.259999999989427, -0.7045679684701517 
10.269999999989404, -0.7044040599996403 
10.27999999998938, -0.7047098688307112 
10.289999999989357, -0.7059084196735951 
10.299999999989334, -0.7072806667257108 
10.30999999998931, -0.7073934795233402 
10.319999999989287, -0.7067728632491657 
10.329999999989264, -0.6980682787470566 
10.33999999998924, -0.6782270223864681 
10.349999999989217, -0.6776669087837184 
10.359999999989194, -0.6775942616819434 
10.36999999998917, -0.6770573238949766 
10.379999999989147, -0.6764079698730743 
10.389999999989124, -0.6760470989625249 
10.3999999999891, -0.6760199963011221 
10.409999999989077, -0.6763729566642621 
10.419999999989054, -0.6770822781535776 
10.42999999998903, -0.6773300567084383 
10.439999999989007, -0.6770820767036809 
10.449999999988984, -0.6778628303444403 
10.45999999998896, -0.6807819271646565 
10.469999999988937, -0.6800738518705141 
10.479999999988914, -0.6801497538537331 
10.48999999998889, -0.6797138327061938 
10.499999999988868, -0.678712178478564 
10.509999999988844, -0.6780783999565199 
10.519999999988821, -0.6778604146112949 
10.529999999988798, -0.677974006657671 
10.539999999988774, -0.6783397685519783 
10.549999999988751, -0.6786490853224034 
10.559999999988728, -0.6785312093836432 
10.569999999988704, -0.678865805855268 
10.579999999988681, -0.6987402742673757 
10.589999999988658, -0.712272887076591 
10.599999999988635, -0.7128341642231596 
10.609999999988611, -0.7125210117030967 
10.619999999988588, -0.7107062200807852 
10.629999999988565, -0.7089044916788438 
10.639999999988541, -0.7082626361805363 
10.649999999988518, -0.7081844209252595 
10.659999999988495, -0.708171720453311 
10.669999999988471, -0.7081695755677565 
10.679999999988448, -0.7080457597104844 
10.689999999988425, -0.708197533489866 
10.699999999988401, -0.7109941409658113 
10.709999999988378, -0.7172640190121105 
10.719999999988355, -0.7185894607580934 
10.729999999988332, -0.7183522441020068 
10.739999999988308, -0.7139903195451858 
10.749999999988285, -0.6987656240343543 
10.759999999988262, -0.6954472040760783 
10.769999999988238, -0.6953125719076391 
10.779999999988215, -0.6951187461210749 
10.789999999988192, -0.6947575823945861 
10.799999999988168, -0.6944759482860609 
10.809999999988145, -0.6943819515082582 
10.819999999988122, -0.6948171608192095 
10.829999999988098, -0.6960295361076222 
10.839999999988075, -0.696899925864403 
10.849999999988052, -0.6968156540315497 
10.859999999988029, -0.6957837070367978 
10.869999999988005, -0.6806289313567856 
10.879999999987982, -0.6691395376737268 
10.889999999987959, -0.6690862060525374 
10.899999999987935, -0.6689196180991488 
10.909999999987912, -0.668300829109571 
10.919999999987889, -0.6677665770685498 
10.929999999987865, -0.6675037725948012 
10.939999999987842, -0.6676032213170199 
10.949999999987819, -0.6681633784489595 
10.959999999987796, -0.6689981857859695 
10.969999999987772, -0.6691127389986928 
10.979999999987749, -0.6686925810656925 
10.989999999987726, -0.6658887274245037 
10.999999999987702, -0.6477140865130778 
11.009999999987679, -0.6466510557706822 
11.019999999987656, -0.6466209724286243 
11.029999999987632, -0.6462188675804782 
11.039999999987609, -0.6456831991744326 
11.049999999987586, -0.6453673484576115 
11.059999999987562, -0.6453441387813185 
11.06999999998754, -0.6458928805005725 
11.079999999987516, -0.6473063720149702 
11.089999999987493, -0.6480514570558312 
11.09999999998747, -0.6478837759934888 
11.109999999987446, -0.645053693428449 
11.119999999987423, -0.6219577635052902 
11.1299999999874, -0.6155754687809777 
11.139999999987376, -0.6153253982642495 
11.149999999987353, -0.6152246297752608 
11.15999999998733, -0.6150181566764861 
11.169999999987306, -0.6148677495877242 
11.179999999987283, -0.6147515903782887 
11.18999999998726, -0.6155401124200398 
11.199999999987236, -0.6213870606092868 
11.209999999987213, -0.6281837118477446 
11.21999999998719, -0.6286867189551415 
11.229999999987166, -0.6282156109184283 
11.239999999987143, -0.625412962380369 
11.24999999998712, -0.6231801990097923 
11.259999999987096, -0.6225614723468518 
11.269999999987073, -0.6225150628887504 
11.27999999998705, -0.622631159421644 
11.289999999987026, -0.6228713827787746 
11.299999999987003, -0.6228609046361167 
11.30999999998698, -0.6227141714089327 
11.319999999986956, -0.6297159985299241 
11.329999999986933, -0.6468533649497044 
11.33999999998691, -0.647614217413201 
11.349999999986887, -0.6476060045202776 
11.359999999986863, -0.6470348209011043 
11.36999999998684, -0.6461710565818533 
11.379999999986817, -0.6457106063192193 
11.389999999986793, -0.6456119838069482 
11.39999999998677, -0.6458992000845561 
11.409999999986747, -0.646650430885324 
11.419999999986723, -0.647110283676431 
11.4299999999867, -0.6469423972479106 
11.439999999986677, -0.64561990860738 
11.449999999986654, -0.6238569354315417 
11.45999999998663, -0.6150188867282758 
11.469999999986607, -0.6148960570050434 
11.479999999986584, -0.6147541968215597 
11.48999999998656, -0.6144017137394113 
11.499999999986537, -0.6141468629415247 
11.509999999986514, -0.6140090586250819 
11.51999999998649, -0.6145026664936205 
11.529999999986467, -0.6173361294811329 
11.539999999986444, -0.6212898043920057 
11.54999999998642, -0.6217365376236634 
11.559999999986397, -0.6212099118952774 
11.569999999986374, -0.6168865600161613 
11.57999999998635, -0.6130309213928332 
11.589999999986327, -0.6121756856658132 
11.599999999986304, -0.6121019167945259 
11.60999999998628, -0.6121430236267058 
11.619999999986257, -0.6122822799250838 
11.629999999986234, -0.6122537555763864 
11.63999999998621, -0.612164164706445 
11.649999999986187, -0.6186315919964865 
11.659999999986164, -0.6437762046955847 
11.66999999998614, -0.6455671498825416 
11.679999999986117, -0.6455854239527105 
11.689999999986094, -0.6449834978298454 
11.69999999998607, -0.6439662719752645 
11.709999999986048, -0.6434285871765313 
11.719999999986024, -0.6432923138654998 
11.729999999986001, -0.6435156176553195 
11.739999999985978, -0.6441400057619482 
11.749999999985954, -0.644576933878602 
11.759999999985931, -0.6444314672123899 
11.769999999985908, -0.6435855976749326 
11.779999999985884, -0.6277391593860534 
11.789999999985861, -0.6178742045021435 
11.799999999985838, -0.6177645569864729 
11.809999999985815, -0.6176246903380482 
11.819999999985791, -0.6172291205080861 
11.829999999985768, -0.6169329537713145 
11.839999999985745, -0.6167741008778974 
11.849999999985721, -0.6171512107158735 
11.859999999985698, -0.6192989583929492 
11.869999999985675, -0.6226501845702309 
11.879999999985651, -0.6231253541772263 
11.889999999985628, -0.6226347882458891 
11.899999999985605, -0.6176950101192586 
11.909999999985581, -0.6125031510279062 
11.919999999985558, -0.6114396003243354 
11.929999999985535, -0.6113471807010575 
11.939999999985512, -0.611352254542988 
11.949999999985488, -0.6114374106889159 
11.959999999985465, -0.6114002536164898 
11.969999999985442, -0.6113291762024351 
11.979999999985418, -0.6166237338336996 
11.989999999985395, -0.643910420402362 
11.999999999985372, -0.6469387631357801 
12.009999999985348, -0.6469870494840879 
12.019999999985325, -0.6463514719099657 
12.029999999985302, -0.6451275482092108 
12.039999999985278, -0.6444797498198647 
12.049999999985255, -0.64429961668222 
12.059999999985232, -0.6444580623183745 
12.069999999985209, -0.6449371049732128 
12.079999999985185, -0.6453136459284339 
12.089999999985162, -0.6451833466121757 
12.099999999985139, -0.6448730864958734 
12.109999999985115, -0.6424862216312014 
12.119999999985092, -0.6349928872577132 
12.129999999985069, -0.635011413398452 
12.139999999985045, -0.6348497151138652 
12.149999999985022, -0.6343037707772589 
12.159999999984999, -0.6338690757084696 
12.169999999984976, -0.6336564054712429 
12.179999999984952, -0.6338548565578533 
12.189999999984929, -0.6348927069582129 
12.199999999984906, -0.6365644972994149 
12.209999999984882, -0.6368641612281093 
12.219999999984859, -0.6363388722958533 
12.229999999984836, -0.6272700213920785 
12.239999999984812, -0.6124540474682836 
12.249999999984789, -0.6106902064719683 
12.259999999984766, -0.6106058693682648 
12.269999999984742, -0.6104918348832549 
12.27999999998472, -0.6103875325123653 
12.289999999984696, -0.6102714049602697 
12.299999999984673, -0.6102939416728073 
12.30999999998465, -0.613197546338288 
12.319999999984626, -0.6272756896588048 
12.329999999984603, -0.631297723737302 
12.33999999998458, -0.6313490257649029 
12.349999999984556, -0.6304257745188377 
12.359999999984533, -0.6282479643652105 
12.36999999998451, -0.6272154030991401 
12.379999999984486, -0.6269576528025974 
12.389999999984463, -0.6270335988579736 
12.39999999998444, -0.627325030075475 
12.409999999984416, -0.6275963616988204 
12.419999999984393, -0.6274769641496527 
12.42999999998437, -0.627504925448303 
12.439999999984346, -0.6353443890217294 
12.449999999984323, -0.6318572564361404 
12.4599999999843, -0.6319590990286592 
12.469999999984276, -0.631807106534289 
12.479999999984253, -0.6312203008055249 
12.48999999998423, -0.6307309499569063 
12.499999999984206, -0.6304920364511367 
12.509999999984183, -0.630640592732066 
12.51999999998416, -0.6315314786954908 
12.529999999984136, -0.6331056163146418 
12.539999999984113, -0.6334494182634139 
12.54999999998409, -0.6329985811548705 
12.559999999984067, -0.6249447298336075 
12.569999999984043, -0.6085570042430983 
12.57999999998402, -0.6064574809379 
12.589999999983997, -0.6063600661238037 
12.599999999983973, -0.6062531489056199 
12.60999999998395, -0.6061492393179846 
12.619999999983927, -0.6060412581431189 
12.629999999983903, -0.6060251467393312 
12.63999999998388, -0.608629845695298 
12.649999999983857, -0.6235575933040823 
12.659999999983834, -0.6285345484462773 
12.66999999998381, -0.6286434599883837 
12.679999999983787, -0.6278761483816548 
12.689999999983764, -0.625900802248647 
12.69999999998374, -0.6248917426046159 
12.709999999983717, -0.6246171024282697 
12.719999999983694, -0.6246964198470653 
12.72999999998367, -0.6250242089366614 
12.739999999983647, -0.6253704946955204 
12.749999999983624, -0.6252794379921297 
12.7599999999836, -0.6250013452847061 
12.769999999983577, -0.6250348821621856 
12.779999999983554, -0.6149705570923587 
12.78999999998353, -0.6148333475758446 
12.799999999983507, -0.6147313690431845 
12.809999999983484, -0.6143006445376201 
12.81999999998346, -0.6139284213387282 
12.829999999983437, -0.6137217396335787 
12.839999999983414, -0.6139176441318975 
12.84999999998339, -0.6153693051490721 
12.859999999983367, -0.6184479149691012 
12.869999999983344, -0.6191970734485095 
12.87999999998332, -0.6188904616587934 
12.889999999983297, -0.61485313578974 
12.899999999983274, -0.608000759598612 
12.90999999998325, -0.606427831954776 
12.919999999983228, -0.6062696079321231 
12.929999999983204, -0.606263779672174 
12.939999999983181, -0.6063308002128395 
12.949999999983158, -0.6063315537171217 
12.959999999983134, -0.6062071957305616 
12.969999999983111, -0.6090069432084816 
12.979999999983088, -0.6360689233533527 
12.989999999983064, -0.6415605372797927 
12.999999999983041, -0.6417347871080704 
13.009999999983018, -0.6412956076122135 
13.019999999982995, -0.6401624667959014 
13.029999999982971, -0.6394673018343978 
13.039999999982948, -0.6392290567514737 
13.049999999982925, -0.6393581327805496 
13.059999999982901, -0.639859488439503 
13.069999999982878, -0.6404214382810932 
13.079999999982855, -0.6403833170399981 
13.089999999982831, -0.6398053940932915 
13.099999999982808, -0.630909839524123 
13.109999999982785, -0.6137879901060441 
13.119999999982761, -0.6133031244866205 
13.129999999982738, -0.6132294196143636 
13.139999999982715, -0.612885214272717 
13.149999999982692, -0.6125705743752469 
13.159999999982668, -0.6123749438632288 
13.169999999982645, -0.6125591268923313 
13.179999999982622, -0.6142840929879158 
13.189999999982598, -0.6184679810847832 
13.199999999982575, -0.6195639262786752 
13.209999999982552, -0.6193451597261814 
13.219999999982528, -0.6164713471979769 
13.229999999982505, -0.6112105900519079 
13.239999999982482, -0.6097397778882296 
13.249999999982458, -0.6095507030488971 
13.259999999982435, -0.6095695096805784 
13.269999999982412, -0.6096864976401986 
13.279999999982389, -0.6097358466808281 
13.289999999982365, -0.609588656949737 
13.299999999982342, -0.6116230853616108 
13.309999999982319, -0.6371605811918505 
13.319999999982295, -0.6421189086059458 
13.329999999982272, -0.6423222376394544 
13.339999999982249, -0.6419717674339456 
13.349999999982225, -0.6409926474271274 
13.359999999982202, -0.6403444273276953 
13.369999999982179, -0.6401020524995554 
13.379999999982156, -0.6402358075839255 
13.389999999982132, -0.6407950034207646 
13.399999999982109, -0.6414851598457769 
13.409999999982086, -0.6414955055106146 
13.419999999982062, -0.6408794472065968 
13.429999999982039, -0.6298210596610152 
13.439999999982016, -0.6092145626101505 
13.449999999981992, -0.6083820887909175 
13.459999999981969, -0.6083247522581614 
13.469999999981946, -0.6080417229587948 
13.479999999981922, -0.6077717867948087 
13.4899999999819, -0.6075878533752188 
13.499999999981876, -0.6077453999576229 
13.509999999981853, -0.6097536110527411 
13.51999999998183, -0.6154754961313467 
13.529999999981806, -0.6170703249799252 
13.539999999981783, -0.6169345929572471 
13.54999999998176, -0.614927186119469 
13.559999999981736, -0.6110459875206683 
13.569999999981713, -0.6097503390263721 
13.57999999998169, -0.6095380614121015 
13.589999999981666, -0.6095879256303448 
13.599999999981643, -0.6097832482484968 
13.60999999998162, -0.6099113789291495 
13.619999999981596, -0.6097538584975353 
13.629999999981573, -0.6107566317194467 
13.63999999998155, -0.6263372259250299 
13.649999999981526, -0.6263547000099053 
13.659999999981503, -0.6265033586043756 
13.66999999998148, -0.626273324447391 
13.679999999981456, -0.6256161611067993 
13.689999999981433, -0.6251497569762189 
13.69999999998141, -0.6249506928852481 
13.709999999981386, -0.6251802592984989 
13.719999999981363, -0.6262230461046729 
13.72999999998134, -0.6277019008573753 
13.739999999981316, -0.6278958700406384 
13.749999999981293, -0.6272212475129569 
13.75999999998127, -0.6163972167027989 
13.769999999981247, -0.6037354389442413 
13.779999999981223, -0.6023931895547081 
13.7899999999812, -0.6023234548202615 
13.799999999981177, -0.6022218021648219 
13.809999999981153, -0.6021543460077206 
13.81999999998113, -0.6020472089699399 
13.829999999981107, -0.6021169537215412 
13.839999999981083, -0.6064603220016245 
13.84999999998106, -0.6251046742603755 
13.859999999981037, -0.6283792543320795 
13.869999999981014, -0.6283855674862345 
13.87999999998099, -0.6275013910277972 
13.889999999980967, -0.6258657134125519 
13.899999999980944, -0.6251076810741935 
13.90999999998092, -0.6249233376655975 
13.919999999980897, -0.6250673895562108 
13.929999999980874, -0.6255143825787359 
13.93999999998085, -0.6258608836029087 
13.949999999980827, -0.6257209492606525 
13.959999999980804, -0.6251806506790829 
13.96999999998078, -0.6132435885845525 
13.979999999980757, -0.6029537743011422 
13.989999999980734, -0.6028194529009958 
13.99999999998071, -0.6026966412512573 
14.009999999980687, -0.6023408949632681 
14.019999999980664, -0.6020778792873407 
14.02999999998064, -0.6019247806104793 
14.039999999980617, -0.6023396856545682 
14.049999999980594, -0.6052166605946175 
14.05999999998057, -0.6101812074712194 
14.069999999980547, -0.6108682076973888 
14.079999999980524, -0.6104995963276166 
14.0899999999805, -0.6074673760427655 
14.099999999980477, -0.6043500177254942 
14.109999999980454, -0.6035146505629453 
14.11999999998043, -0.6034238339880575 
14.129999999980408, -0.6035221899191243 
14.139999999980384, -0.6037835004269355 
14.149999999980361, -0.6038431190826443 
14.159999999980338, -0.6036341936876352 
14.169999999980314, -0.6061728126268123 
14.179999999980291, -0.6074443843461879 
14.189999999980268, -0.6057273407510205 
14.199999999980244, -0.60575428684182 
14.209999999980221, -0.6054747606566405 
14.219999999980198, -0.6050086934512587 
14.229999999980175, -0.6047233614001557 
14.239999999980151, -0.6046527039637833 
14.249999999980128, -0.6053434040163639 
14.259999999980105, -0.6081554938910212 
14.269999999980081, -0.6105338278796586 
14.279999999980058, -0.6106393266714615 
14.289999999980035, -0.609556547403089 
14.299999999980011, -0.6036709713041221 
14.309999999979988, -0.6006179023375627 
14.319999999979965, -0.6000796598071299 
14.329999999979941, -0.6000596396549148 
14.339999999979918, -0.6001347721679664 
14.349999999979895, -0.600285959597685 
14.359999999979872, -0.6002068925290093 
14.369999999979848, -0.6002563081617465 
14.379999999979825, -0.612615459584186 
14.389999999979802, -0.6240519622524549 
14.399999999979778, -0.6244394582455034 
14.409999999979755, -0.624364255237768 
14.419999999979732, -0.6237884349279891 
14.429999999979708, -0.6231656205694858 
14.439999999979685, -0.6228491379605713 
14.449999999979662, -0.6228736412510695 
14.459999999979638, -0.6234981341615616 
14.469999999979615, -0.6249902823543468 
14.479999999979592, -0.6256073527041649 
14.489999999979569, -0.6253685317332192 
14.499999999979545, -0.6211723291262071 
14.509999999979522, -0.6033479187235787 
14.519999999979499, -0.5996335459125457 
14.529999999979475, -0.5994238905729268 
14.539999999979452, -0.5993513566045218 
14.549999999979429, -0.5992589589462564 
14.559999999979405, -0.5991890892720085 
14.569999999979382, -0.5990845145469602 
14.579999999979359, -0.6005574827717273 
14.589999999979335, -0.616144123011948 
14.599999999979312, -0.6262136011458117 
14.609999999979289, -0.6265965601186375 
14.619999999979266, -0.6261883667527384 
14.629999999979242, -0.624672301611873 
14.639999999979219, -0.6236388414901242 
14.649999999979196, -0.6232848507978376 
14.659999999979172, -0.6233311226281785 
14.669999999979149, -0.6236871158420224 
14.679999999979126, -0.624233770717063 
14.689999999979102, -0.6242695982243706 
14.69999999997908, -0.6238320107363268 
14.709999999979056, -0.6184359937546868 
14.719999999979033, -0.5963098169345051 
14.72999999997901, -0.5950410292516084 
14.739999999978986, -0.5950007293561974 
14.749999999978963, -0.5947515257185362 
14.75999999997894, -0.5944910090246723 
14.769999999978916, -0.5943122971644649 
14.779999999978893, -0.5943960389278682 
14.78999999997887, -0.5964105533581264 
14.799999999978846, -0.6040027246448479 
14.809999999978823, -0.6066206511557485 
14.8199999999788, -0.60660302506042 
14.829999999978776, -0.6053690163906755 
14.839999999978753, -0.6026749935443432 
14.84999999997873, -0.6015762686938148 
14.859999999978706, -0.6013380616625656 
14.869999999978683, -0.6014313509458642 
14.87999999997866, -0.6017779626155912 
14.889999999978636, -0.6020977683089237 
14.899999999978613, -0.60197656421844 
14.90999999997859, -0.6013824424170495 
14.919999999978566, -0.58662263037305 
14.929999999978543, -0.5736667531055972 
14.93999999997852, -0.573343737461699 
14.949999999978496, -0.5732632828749543 
14.959999999978473, -0.5730309731876683 
14.96999999997845, -0.5728741198546864 
14.979999999978427, -0.5727391623114657 
14.989999999978403, -0.5732056174759415 
14.99999999997838, -0.5797757197832917 
15.009999999978357, -0.5933325051399039 
15.019999999978333, -0.5945590043720295 
15.02999999997831, -0.5943965896330641 
15.039999999978287, -0.5932730755055954 
15.049999999978263, -0.5921261283702113 
15.05999999997824, -0.5916757127065749 
15.069999999978217, -0.5916518558018348 
15.079999999978194, -0.5920638030454975 
15.08999999997817, -0.5930887724013532 
15.099999999978147, -0.5935461967370991 
15.109999999978124, -0.5932922016423084 
15.1199999999781, -0.5889229268750978 
15.129999999978077, -0.5716372759649383 
15.139999999978054, -0.5682577064721168 
15.14999999997803, -0.568039426307467 
15.159999999978007, -0.5680026775093716 
15.169999999977984, -0.5680059621229915 
15.17999999997796, -0.5680203630268513 
15.189999999977937, -0.567889253186701 
15.199999999977914, -0.5692690671643443 
15.20999999997789, -0.5918764783161805 
15.219999999977867, -0.5958619724400057 
15.229999999977844, -0.5960557534378055 
15.23999999997782, -0.5958583172759723 
15.249999999977797, -0.595285299956146 
15.259999999977774, -0.5948861033496924 
15.26999999997775, -0.5947079719985731 
15.279999999977727, -0.5950201844462437 
15.289999999977704, -0.5967564870285025 
15.29999999997768, -0.5996357733908245 
15.309999999977657, -0.6000910568091607 
15.319999999977634, -0.5996141561899234 
15.32999999997761, -0.5951234478713884 
15.339999999977588, -0.5906649607207854 
15.349999999977564, -0.5897040459463027 
15.359999999977541, -0.5896163689046393 
15.369999999977518, -0.5896820948066054 
15.379999999977494, -0.5898888788627052 
15.389999999977471, -0.5899208326932346 
15.399999999977448, -0.5897266388352401 
15.409999999977424, -0.592775753966354 
15.419999999977401, -0.5937561881944251 
15.429999999977378, -0.5920131337078882 
15.439999999977355, -0.5920305697039153 
15.449999999977331, -0.5917711631801413 
15.459999999977308, -0.5913687360191189 
15.469999999977285, -0.5911232453802172 
15.479999999977261, -0.5910713046760216 
15.489999999977238, -0.5919890027758874 
15.499999999977215, -0.5962428494458505 
15.509999999977191, -0.5995563765645184 
15.519999999977168, -0.5997102600234854 
15.529999999977145, -0.598833525517319 
15.539999999977121, -0.5952955360534352 
15.549999999977098, -0.5934577617694449 
15.559999999977075, -0.593033798580104 
15.569999999977052, -0.5930537605884519 
15.579999999977028, -0.5932783325681638 
15.589999999977005, -0.5936235465255463 
15.599999999976982, -0.5935897825307351 
15.609999999976958, -0.593202263427842 
15.619999999976935, -0.5879435214043006 
15.629999999976912, -0.5680170401353538 
15.639999999976888, -0.5670626442804823 
15.649999999976865, -0.5670178631088377 
15.659999999976842, -0.566811528519894 
15.669999999976818, -0.5666418812259783 
15.679999999976795, -0.5665041100476597 
15.689999999976772, -0.5666413843554531 
15.699999999976749, -0.5707942098076036 
15.709999999976725, -0.587837899638254 
15.719999999976702, -0.5907682781103426 
15.729999999976679, -0.5907716615967549 
15.739999999976655, -0.5900306711044596 
15.749999999976632, -0.5888874307923215 
15.759999999976609, -0.5883651513477323 
15.769999999976585, -0.5882586859847573 
15.779999999976562, -0.5886043323962296 
15.789999999976539, -0.5897264734037624 
15.799999999976515, -0.5906095084610727 
15.809999999976492, -0.5905360843704309 
15.819999999976469, -0.5886176820355641 
15.829999999976446, -0.5755500076183278 
15.839999999976422, -0.5707274955516322 
15.849999999976399, -0.5702540510220689 
15.859999999976376, -0.5702296293418333 
15.869999999976352, -0.5702523440597521 
15.879999999976329, -0.5703400457732614 
15.889999999976306, -0.5702367884366116 
15.899999999976282, -0.5704591870422212 
15.90999999997626, -0.5841615044747865 
15.919999999976236, -0.5871539677221148 
15.929999999976213, -0.5872002272135337 
15.93999999997619, -0.587120665548478 
15.949999999976166, -0.5867047023342344 
15.959999999976143, -0.5863371269899461 
15.96999999997612, -0.5861328533363409 
15.979999999976096, -0.5863085776946179 
15.989999999976073, -0.5881062971134181 
15.99999999997605, -0.5929882065696906 
16.009999999976028, -0.5943206803944243 
16.019999999976005, -0.5941571714684413 
16.02999999997598, -0.5921461750322413 
16.039999999975958, -0.5888954098724258 
16.049999999975935, -0.5878503581266654 
16.05999999997591, -0.5876781887788728 
16.069999999975888, -0.587789287437197 
16.079999999975865, -0.5881488187618656 
16.08999999997584, -0.5883925739772389 
16.099999999975818, -0.5882154127977867 
16.109999999975795, -0.5872167015138341 
16.11999999997577, -0.5648791203910263 
16.129999999975748, -0.5562760551888527 
16.139999999975725, -0.5560561357669014 
16.1499999999757, -0.5559729163464671 
16.15999999997568, -0.5558135506914709 
16.169999999975655, -0.5557290537643468 
16.17999999997563, -0.5556107180000879 
16.18999999997561, -0.5564456774931466 
16.199999999975585, -0.5719148916302214 
16.20999999997556, -0.5878614394400853 
16.21999999997554, -0.5884888035161092 
16.229999999975515, -0.5883161707936816 
16.239999999975492, -0.5875566844516031 
16.24999999997547, -0.5869418430767307 
16.259999999975445, -0.5866751990353433 
16.269999999975422, -0.5868016944242045 
16.2799999999754, -0.5877782844308872 
16.289999999975375, -0.5899351439191507 
16.299999999975352, -0.5905476577114392 
16.30999999997533, -0.5902311096383521 
16.319999999975305, -0.5860964128016617 
16.329999999975282, -0.5793849018949305 
16.33999999997526, -0.5779015924339198 
16.349999999975235, -0.5777443672982363 
16.359999999975212, -0.5777816979567318 
16.36999999997519, -0.5779570414746192 
16.379999999975166, -0.5780441439972345 
16.389999999975142, -0.5778653673858551 
16.39999999997512, -0.5789366885361712 
16.409999999975096, -0.5763598653485302 
16.419999999975072, -0.5714577345618955 
16.42999999997505, -0.5714380357098732 
16.439999999975026, -0.5712818453099849 
16.449999999975002, -0.5709751702952951 
16.45999999997498, -0.5707820553161784 
16.469999999974956, -0.5706772386367073 
16.479999999974932, -0.5715451531122366 
16.48999999997491, -0.5786796687902632 
16.499999999974886, -0.5868608798692622 
16.509999999974863, -0.5873902008161622 
16.51999999997484, -0.5870287350288192 
16.529999999974816, -0.5854708259702326 
16.539999999974793, -0.5843662620905747 
16.54999999997477, -0.5839951227332426 
16.559999999974746, -0.584047121980552 
16.569999999974723, -0.584545055176273 
16.5799999999747, -0.5855112003810004 
16.589999999974676, -0.5857447165524032 
16.599999999974653, -0.585285581016579 
16.60999999997463, -0.5771883739075737 
16.619999999974606, -0.5626097805568413 
16.629999999974583, -0.5607238200282851 
16.63999999997456, -0.5606144339107826 
16.649999999974536, -0.5605873940566387 
16.659999999974513, -0.5606430035955747 
16.66999999997449, -0.5606403885783229 
16.679999999974466, -0.5605019963666305 
16.689999999974443, -0.5635205955537502 
16.69999999997442, -0.577486586564698 
16.709999999974396, -0.5761594911232175 
16.719999999974373, -0.5762095055769153 
16.72999999997435, -0.5759869056335822 
16.739999999974327, -0.5755855400249636 
16.749999999974303, -0.5753413462883471 
16.75999999997428, -0.5752540272056325 
16.769999999974257, -0.5760860547856834 
16.779999999974233, -0.5810504012397292 
16.78999999997421, -0.5861011095387856 
16.799999999974187, -0.5864400105300264 
16.809999999974163, -0.5858975762136545 
16.81999999997414, -0.583609711108248 
16.829999999974117, -0.5821891797485672 
16.839999999974093, -0.5817821170909205 
16.84999999997407, -0.5818196151320667 
16.859999999974047, -0.5821963775572703 
16.869999999974024, -0.5828669212910893 
16.879999999974, -0.5829731978945644 
16.889999999973977, -0.5824415462004695 
16.899999999973954, -0.5718089153099356 
16.90999999997393, -0.5531713455167212 
16.919999999973907, -0.5514456214320322 
16.929999999973884, -0.5513704340465707 
16.93999999997386, -0.5513148388016891 
16.949999999973837, -0.5513336139791712 
16.959999999973814, -0.5512970678749362 
16.96999999997379, -0.5511945811978073 
16.979999999973767, -0.5555224367932484 
16.989999999973744, -0.5723611183382104 
16.99999999997372, -0.5718294002233512 
17.009999999973697, -0.571873898492697 
17.019999999973674, -0.5716218773817724 
17.02999999997365, -0.5712208427597227 
17.039999999973627, -0.570984358352568 
17.049999999973604, -0.5709225837594878 
17.05999999997358, -0.5719158621659008 
17.069999999973557, -0.5775422168184672 
17.079999999973534, -0.5822797368314665 
17.08999999997351, -0.5825367477965201 
17.099999999973488, -0.5819284451861857 
17.109999999973464, -0.5797655223587002 
17.11999999997344, -0.578551840499645 
17.129999999973418, -0.578207223872315 
17.139999999973394, -0.5782820079007414 
17.14999999997337, -0.5787495377253423 
17.159999999973348, -0.5795029576688895 
17.169999999973324, -0.5795936002243497 
17.1799999999733, -0.5789369233698733 
17.189999999973278, -0.5670515426287098 
17.199999999973254, -0.5529813589985455 
17.20999999997323, -0.5516341302047362 
17.219999999973208, -0.5515675876694379 
17.229999999973185, -0.5515381404939119 
17.23999999997316, -0.5516038127128023 
17.249999999973138, -0.551574033415267 
17.259999999973115, -0.5514519927081338 
17.26999999997309, -0.5561530754310869 
17.279999999973068, -0.5612862448174372 
17.289999999973045, -0.5597464491378711 
17.29999999997302, -0.5597540685032785 
17.309999999972998, -0.5595341083046971 
17.319999999972975, -0.5592392005620296 
17.32999999997295, -0.5590613420891458 
17.339999999972928, -0.5590261184645903 
17.349999999972905, -0.5606161662259282 
17.35999999997288, -0.5714211012450159 
17.36999999997286, -0.5776731931440826 
17.379999999972835, -0.5779083877604289 
17.38999999997281, -0.5774097756349306 
17.39999999997279, -0.5760733644871363 
17.409999999972765, -0.5753411024174377 
17.41999999997274, -0.5751123792137061 
17.42999999997272, -0.5753067937503019 
17.439999999972695, -0.5762091370572506 
17.449999999972672, -0.577508500957138 
17.45999999997265, -0.5776632570699355 
17.469999999972625, -0.5768958577378116 
17.479999999972602, -0.5686442982210912 
17.48999999997258, -0.5622732171876578 
17.499999999972555, -0.5613484640595601 
17.509999999972532, -0.5612921893157325 
17.51999999997251, -0.5613476776218187 
17.529999999972485, -0.5615425507141907 
17.539999999972462, -0.5615471171785239 
17.54999999997244, -0.5613195612661248 
17.559999999972415, -0.5624373443787057 
17.569999999972392, -0.5445915986562396 
17.57999999997237, -0.5422545985343312 
17.589999999972346, -0.5422176581769087 
17.599999999972322, -0.5420699372142699 
17.6099999999723, -0.5419248401841817 
17.619999999972276, -0.5418248770548926 
17.629999999972252, -0.5417762124396456 
17.63999999997223, -0.5446921487194134 
17.649999999972206, -0.5698565959284526 
17.659999999972182, -0.5752705851634097 
17.66999999997216, -0.5754343405932042 
17.679999999972136, -0.5751113746105844 
17.689999999972112, -0.5744413873829667 
17.69999999997209, -0.5740562839313849 
17.709999999972066, -0.573929502608078 
17.719999999972043, -0.5744084835886093 
17.72999999997202, -0.5767419724633952 
17.739999999971996, -0.5796214397952172 
17.749999999971973, -0.579895310378676 
17.75999999997195, -0.5792326776108289 
17.769999999971926, -0.5754258651426906 
17.779999999971903, -0.5729864044796467 
17.78999999997188, -0.57242220413223 
17.799999999971856, -0.5724090850402849 
17.809999999971833, -0.5726288672186022 
17.81999999997181, -0.5730755330381417 
17.829999999971786, -0.5731432045122734 
17.839999999971763, -0.5727243365240344 
17.84999999997174, -0.564694601364364 
17.859999999971716, -0.5405204577484765 
17.869999999971693, -0.5384221080078984 
17.87999999997167, -0.5383500689919964 
17.889999999971646, -0.538276766329517 
17.899999999971623, -0.538267070801517 
17.9099999999716, -0.5382309421722311 
17.919999999971576, -0.5381221872988979 
17.929999999971553, -0.5416857879340842 
17.93999999997153, -0.5565939954373077 
17.949999999971507, -0.5551847119411172 
17.959999999971483, -0.5552203706809244 
17.96999999997146, -0.555021537050772 
17.979999999971437, -0.5546959983801065 
17.989999999971413, -0.5545039926589098 
17.99999999997139, -0.5544264456314216 
18.009999999971367, -0.5555843607029398 
18.019999999971343, -0.5649161869486432 
18.02999999997132, -0.5729213214264013 
18.039999999971297, -0.573313794358177 
18.049999999971273, -0.5729344984107383 
18.05999999997125, -0.5716806825066972 
18.069999999971227, -0.5709006600184364 
18.079999999971204, -0.5706342511830629 
18.08999999997118, -0.5707882496691266 
18.099999999971157, -0.5716640631681925 
18.109999999971134, -0.5732187315852473 
18.11999999997111, -0.5735190651316608 
18.129999999971087, -0.5729896334209578 
18.139999999971064, -0.5669611043126884 
18.14999999997104, -0.56077407597155 
18.159999999971017, -0.5596798974082 
18.169999999970994, -0.5595912663351448 
18.17999999997097, -0.5596650366106732 
18.189999999970947, -0.559914043570486 
18.199999999970924, -0.5599887174702683 
18.2099999999709, -0.5597426310355578 
18.219999999970877, -0.5585806226817939 
18.229999999970854, -0.5341751911638203 
18.23999999997083, -0.5301581892397176 
18.249999999970807, -0.5300628624736777 
18.259999999970784, -0.5299745221332218 
18.26999999997076, -0.5298975773763797 
18.279999999970737, -0.5298604642963224 
18.289999999970714, -0.5297440965973169 
18.29999999997069, -0.5315662549079374 
18.309999999970668, -0.5526318815100753 
18.319999999970644, -0.5528382502983227 
18.32999999997062, -0.5529171245716679 
18.339999999970598, -0.5527644160587645 
18.349999999970574, -0.5524069963865069 
18.35999999997055, -0.55218500502 
18.369999999970528, -0.5520606883266163 
18.379999999970504, -0.5527255855801776 
18.38999999997048, -0.5592889703955313 
18.399999999970458, -0.5694546291679173 
18.409999999970434, -0.5702373955430035 
18.41999999997041, -0.5699976695202021 
18.429999999970388, -0.5688382613833266 
18.439999999970365, -0.5679158744292887 
18.44999999997034, -0.5675738310279325 
18.459999999970318, -0.5676408920864123 
18.469999999970295, -0.5683484357976815 
18.47999999997027, -0.5700120052438779 
18.489999999970248, -0.5705650672679593 
18.499999999970225, -0.5702617365708166 
18.5099999999702, -0.5661892160079735 
18.519999999970178, -0.559293183983278 
18.529999999970155, -0.5577897569446945 
18.53999999997013, -0.5576236621171076 
18.549999999970108, -0.5576878166430158 
18.559999999970085, -0.5579436231744505 
18.56999999997006, -0.5581109528938428 
18.57999999997004, -0.5579210163311966 
18.589999999970015, -0.5568016944781451 
18.59999999996999, -0.5325578703753415 
18.60999999996997, -0.5252136645506975 
18.619999999969945, -0.5249733959508301 
18.62999999996992, -0.524918474513967 
18.6399999999699, -0.524861210586728 
18.649999999969875, -0.5248740476346856 
18.659999999969852, -0.5247543205175045 
18.66999999996983, -0.5253025594875983 
18.679999999969805, -0.5366187465197859 
18.689999999969782, -0.5301703963722725 
18.69999999996976, -0.5299526545712746 
18.709999999969735, -0.5298860273858983 
18.719999999969712, -0.5296671641715154 
18.72999999996969, -0.5295393129759393 
18.739999999969665, -0.5294165274881334 
18.749999999969642, -0.5297508333098363 
18.75999999996962, -0.5396371385847331 
18.769999999969595, -0.5616978159958735 
18.779999999969572, -0.5627824610599961 
18.78999999996955, -0.5627377736437955 
18.799999999969526, -0.5622475733447331 
18.809999999969502, -0.5617452570337392 
18.81999999996948, -0.5614947489162623 
18.829999999969456, -0.5615662389507243 
18.839999999969432, -0.5629072042966897 
18.84999999996941, -0.5677262101523247 
18.859999999969386, -0.5697647444835516 
18.869999999969362, -0.569729555200795 
18.87999999996934, -0.5684664257142829 
18.889999999969316, -0.5659580173745041 
18.899999999969292, -0.5650051517881902 
18.90999999996927, -0.5648037134744347 
18.919999999969246, -0.5649736758722566 
18.929999999969223, -0.5656042164556944 
18.9399999999692, -0.5662320021784863 
18.949999999969176, -0.5661669333241773 
18.959999999969153, -0.5646090044686224 
18.96999999996913, -0.5492401468271364 
18.979999999969106, -0.5427072034862321 
18.989999999969083, -0.5421265796398844 
18.99999999996906, -0.5421039731187349 
19.009999999969036, -0.5421507755999619 
19.019999999969013, -0.542302993126869 
19.02999999996899, -0.542236593361954 
19.039999999968966, -0.5420319372048364 
19.049999999968943, -0.539783821202487 
19.05999999996892, -0.5201212892638626 
19.069999999968896, -0.5190193793209246 
19.079999999968873, -0.5189803666605072 
19.08999999996885, -0.5188664962874637 
19.099999999968826, -0.5188325663319346 
19.109999999968803, -0.5187618947327691 
19.11999999996878, -0.5187239224495287 
19.129999999968756, -0.5248741594507188 
19.139999999968733, -0.5337480885997858 
19.14999999996871, -0.5324455839892082 
19.159999999968687, -0.5324470265902742 
19.169999999968663, -0.5322557325538367 
19.17999999996864, -0.5320370489261201 
19.189999999968617, -0.5319067411027936 
19.199999999968593, -0.5318655325216955 
19.20999999996857, -0.5342568312405177 
19.219999999968547, -0.5559561465475314 
19.229999999968523, -0.5628065137666559 
19.2399999999685, -0.563011454192139 
19.249999999968477, -0.5626980737380876 
19.259999999968453, -0.5620139697985116 
19.26999999996843, -0.5616223717264679 
19.279999999968407, -0.5614878755067659 
19.289999999968384, -0.5619653063167931 
19.29999999996836, -0.5645488092274632 
19.309999999968337, -0.5680837936982764 
19.319999999968314, -0.5684584761911889 
19.32999999996829, -0.5679334577077134 
19.339999999968267, -0.5651220897234553 
19.349999999968244, -0.5632230576410636 
19.35999999996822, -0.5627203687439482 
19.369999999968197, -0.5627246057020902 
19.379999999968174, -0.5630589064627235 
19.38999999996815, -0.5637632339216828 
19.399999999968127, -0.5639447496229052 
19.409999999968104, -0.5635058179846492 
19.41999999996808, -0.5554377673316246 
19.429999999968057, -0.5397373202652551 
19.439999999968034, -0.5377815891056454 
19.44999999996801, -0.5376662841752998 
19.459999999967987, -0.5376654405337293 
19.469999999967964, -0.5377842412374854 
19.47999999996794, -0.5378361942975999 
19.489999999967917, -0.5376490862005785 
19.499999999967894, -0.5380780735867811 
19.50999999996787, -0.5199651329996117 
19.519999999967848, -0.5142182536394636 
19.529999999967824, -0.5140843092667462 
19.5399999999678, -0.5140112727456805 
19.549999999967778, -0.5139385660494284 
19.559999999967754, -0.5139306446337347 
19.56999999996773, -0.5138060564280135 
19.579999999967708, -0.5146806809599459 
19.589999999967684, -0.5245792309574243 
19.59999999996766, -0.51743020420178 
19.609999999967638, -0.517250724122823 
19.619999999967614, -0.517179176032814 
19.62999999996759, -0.5169973086459076 
19.639999999967568, -0.5169151633928495 
19.649999999967545, -0.5168006051305432 
19.65999999996752, -0.5172120073139959 
19.669999999967498, -0.5316429660638412 
19.679999999967475, -0.5466725358667388 
19.68999999996745, -0.546932192133379 
19.699999999967428, -0.5468811477480764 
19.709999999967405, -0.5465297230057385 
19.71999999996738, -0.5462264591305819 
19.729999999967358, -0.5460509732882468 
19.739999999967335, -0.5462128352547077 
19.74999999996731, -0.5492278306596562 
19.759999999967288, -0.5611145924582462 
19.769999999967265, -0.563787568044841 
19.77999999996724, -0.5637793976296137 
19.78999999996722, -0.5630021226506075 
19.799999999967195, -0.5618738667353451 
19.80999999996717, -0.5613870411855367 
19.81999999996715, -0.5613037959330194 
19.829999999967125, -0.5617591675656451 
19.8399999999671, -0.5633940506911382 
19.84999999996708, -0.5647046054703071 
19.859999999967055, -0.5646915791457239 
19.869999999967032, -0.5631953952036105 
19.87999999996701, -0.5570515577368677 
19.889999999966985, -0.5546729928109468 
19.899999999966962, -0.5542724932404742 
19.90999999996694, -0.5543051431998939 
19.919999999966915, -0.5545536186170364 
19.929999999966892, -0.5549279551030927 
19.93999999996687, -0.5548892841517009 
19.949999999966845, -0.5541715564078346 
19.959999999966822, -0.5380952937267623 
19.9699999999668, -0.5224261863434329 
19.979999999966775, -0.5214356209676091 
19.989999999966752, -0.5213933838758686 
19.99999999996673, -0.5213710922104651 
20.009999999966706, -0.5214663774466943 
20.019999999966682, -0.5214319770360759 
20.02999999996666, -0.5212463117311491 
20.039999999966636, -0.521932908750114 
20.049999999966612, -0.5007348871623052 
20.05999999996659, -0.49849384014495035 
20.069999999966566, -0.4984383066254064 
20.079999999966542, -0.4983663153722083 
20.08999999996652, -0.4983757061867921 
20.099999999966496, -0.49837366555341567 
20.109999999966472, -0.4982136115115475 
20.11999999996645, -0.49918352760608675 
20.129999999966426, -0.48098995637511444 
20.139999999966403, -0.47537205162848367 
20.14999999996638, -0.4752041665430897 
20.159999999966356, -0.47517066604174196 
20.169999999966333, -0.4752123031532501 
20.17999999996631, -0.4753231439358881 
20.189999999966286, -0.47519263964348807 
20.199999999966263, -0.47425331472545385 
20.20999999996624, -0.453549217006973 
20.219999999966216, -0.4451791121060998 
20.229999999966193, -0.44463638860736515 
20.23999999996617, -0.44465062099579 
20.249999999966146, -0.44488695435487846 
20.259999999966123, -0.44541888572033506 
20.2699999999661, -0.4454975282237723 
20.279999999966076, -0.4447802638762911 
20.289999999966053, -0.43928604249959735 
20.29999999996603, -0.4361924219485998 
20.309999999966006, -0.4356517800828821 
20.319999999965983, -0.43570061346161465 
20.32999999996596, -0.43646351753562884 
20.339999999965936, -0.4389349463961951 
20.349999999965913, -0.439851086906932 
20.35999999996589, -0.4397040409219507 
20.369999999965867, -0.43865306503041174 
20.379999999965843, -0.43772982182447956 
20.38999999996582, -0.43742884965879536 
20.399999999965797, -0.437502520225319 
20.409999999965773, -0.4395161355247746 
20.41999999996575, -0.45259686124005694 
20.429999999965727, -0.45682029549109265 
20.439999999965703, -0.4569378185424018 
20.44999999996568, -0.4566621938942946 
20.459999999965657, -0.45630778444054476 
20.469999999965633, -0.45615061422435893 
20.47999999996561, -0.456078498909279 
20.489999999965587, -0.4579250771054448 
20.499999999965564, -0.4815709915499518 
20.50999999996554, -0.48341529009309564 
20.519999999965517, -0.48343838877046824 
20.529999999965494, -0.48334712645319516 
20.53999999996547, -0.48316233135143194 
20.549999999965447, -0.48309692111148994 
20.559999999965424, -0.4829851671682203 
20.5699999999654, -0.4834387660023891 
20.579999999965377, -0.495977056448456 
20.589999999965354, -0.48964349999166357 
20.59999999996533, -0.489131623340623 
20.609999999965307, -0.48909470991154774 
20.619999999965284, -0.4889680019835518 
20.62999999996526, -0.4889460673500639 
20.639999999965237, -0.48887315471470505 
20.649999999965214, -0.48882046923216843 
20.65999999996519, -0.49337674833062006 
20.669999999965167, -0.47871443967727406 
20.679999999965144, -0.47665438289847734 
20.68999999996512, -0.47660663403603715 
20.699999999965097, -0.4765447778884674 
20.709999999965074, -0.4765861313775629 
20.71999999996505, -0.4766108173319325 
20.729999999965028, -0.4764172158033096 
20.739999999965004, -0.47502489554413885 
20.74999999996498, -0.4497890119112351 
20.759999999964958, -0.4451764004621601 
20.769999999964934, -0.44494393690525275 
20.77999999996491, -0.44497780398807574 
20.789999999964888, -0.4452408375224325 
20.799999999964864, -0.44560441709202786 
20.80999999996484, -0.4455219604315105 
20.819999999964818, -0.44389974393374276 
20.829999999964794, -0.43605908279167066 
20.83999999996477, -0.4336530548415229 
20.849999999964748, -0.4332963885471296 
20.859999999964725, -0.4334398386779531 
20.8699999999647, -0.43440674597122725 
20.879999999964678, -0.4364009039617186 
20.889999999964655, -0.4367804429413031 
20.89999999996463, -0.43640446504550384 
20.909999999964608, -0.4349814115688012 
20.919999999964585, -0.4341949918542265 
20.92999999996456, -0.4339653024622399 
20.939999999964538, -0.4342371593092287 
20.949999999964515, -0.43761461357673465 
20.95999999996449, -0.44979327953974907 
20.969999999964468, -0.45149005866063413 
20.979999999964445, -0.4514720537191478 
20.98999999996442, -0.45109948648966763 
20.9999999999644, -0.45079796340647843 
21.009999999964375, -0.450655273943795 
21.01999999996435, -0.4506991311821021 
21.02999999996433, -0.45542443518014414 
21.039999999964305, -0.4777640459503889 
21.04999999996428, -0.47713067065708276 
21.05999999996426, -0.47714607430152567 
21.069999999964235, -0.47701633559883283 
21.079999999964212, -0.4768846366612999 
21.08999999996419, -0.4768374859594005 
21.099999999964165, -0.47671882753336015 
21.109999999964142, -0.47802973402734855 
21.11999999996412, -0.47899733506898945 
21.129999999964095, -0.4702390567699381 
21.139999999964072, -0.4699906607288001 
21.14999999996405, -0.4699487981792225 
21.159999999964025, -0.469918537323382 
21.169999999964002, -0.4700045057114042 
21.17999999996398, -0.46991480774432004 
21.189999999963955, -0.4694975385001371 
21.199999999963932, -0.4541290108124273 
21.20999999996391, -0.43949771871202536 
21.219999999963886, -0.4385837743320459 
21.229999999963862, -0.4385628233421291 
21.23999999996384, -0.43872257800576697 
21.249999999963816, -0.43922577840578 
21.259999999963792, -0.4393964433580414 
21.26999999996377, -0.4389519152034164 
21.279999999963746, -0.4344380335647078 
21.289999999963722, -0.4304693105203402 
21.2999999999637, -0.4297453297419683 
21.309999999963676, -0.4297198464628975 
21.319999999963652, -0.4303246298201029 
21.32999999996363, -0.4328450400048809 
21.339999999963606, -0.4343149022419052 
21.349999999963583, -0.43429341345435335 
21.35999999996356, -0.4335202421546627 
21.369999999963536, -0.43259127746516945 
21.379999999963513, -0.4322634151644859 
21.38999999996349, -0.43224740246988314 
21.399999999963466, -0.43377700613138065 
21.409999999963443, -0.44824924894115226 
21.41999999996342, -0.4556464955979435 
21.429999999963396, -0.45587126094400626 
21.439999999963373, -0.4556958132302642 
21.44999999996335, -0.4553869072678972 
21.459999999963326, -0.45525228919678806 
21.469999999963303, -0.45514359298506774 
21.47999999996328, -0.45601912670762196 
21.489999999963256, -0.47350571297062455 
21.499999999963233, -0.4711693291693458 
21.50999999996321, -0.470879675366199 
21.519999999963186, -0.47083778826769296 
21.529999999963163, -0.47072441317159686 
21.53999999996314, -0.4707328765715957 
21.549999999963116, -0.470660742422129 
21.559999999963093, -0.47053579165462944 
21.56999999996307, -0.468249391598563 
21.579999999963047, -0.4452873982678278 
21.589999999963023, -0.4435772366919735 
21.599999999963, -0.44351849314596975 
21.609999999962977, -0.4435593669753629 
21.619999999962953, -0.44383758755828867 
21.62999999996293, -0.4439987879530185 
21.639999999962907, -0.44371062813454726 
21.649999999962883, -0.4392191874810749 
21.65999999996286, -0.430376025280311 
21.669999999962837, -0.4288956566052586 
21.679999999962813, -0.42873744679698716 
21.68999999996279, -0.4290097260366107 
21.699999999962767, -0.4302898703562497 
21.709999999962744, -0.43160455932752295 
21.71999999996272, -0.43164994828147485 
21.729999999962697, -0.4308359353342846 
21.739999999962674, -0.42929311586694197 
21.74999999996265, -0.42873974882065824 
21.759999999962627, -0.4286260496851316 
21.769999999962604, -0.42933369717254033 
21.77999999996258, -0.43598290894448727 
21.789999999962557, -0.44507953292435426 
21.799999999962534, -0.44559714148287527 
21.80999999996251, -0.44544790438230597 
21.819999999962487, -0.4450425768076301 
21.829999999962464, -0.44483572022340717 
21.83999999996244, -0.44471368024340147 
21.849999999962417, -0.4451409651869429 
21.859999999962394, -0.4587026755308592 
21.86999999996237, -0.4671252535118313 
21.879999999962347, -0.46663304987784243 
21.889999999962324, -0.46661052170283895 
21.8999999999623, -0.466482281349921 
21.909999999962277, -0.46645758323791736 
21.919999999962254, -0.466411236838432 
21.92999999996223, -0.46626577559893573 
21.939999999962208, -0.4667895418118345 
21.949999999962184, -0.4431954283305005 
21.95999999996216, -0.4400003466838013 
21.969999999962138, -0.43988002078198823 
21.979999999962114, -0.43990408217989235 
21.98999999996209, -0.44014375841778086 
21.999999999962068, -0.44038732420610405 
22.009999999962044, -0.44021745723827654 
22.01999999996202, -0.437587316811545 
22.029999999961998, -0.42845782976228264 
22.039999999961974, -0.42642699862246813 
22.04999999996195, -0.42616387767879194 
22.059999999961928, -0.4263636130004827 
22.069999999961905, -0.42749407601970574 
22.07999999996188, -0.4292498244736849 
22.089999999961858, -0.4294628587175494 
22.099999999961835, -0.4289406998138687 
22.10999999996181, -0.4275185709486698 
22.119999999961788, -0.4268881913828626 
22.129999999961765, -0.42671673834744 
22.13999999996174, -0.42718299099178003 
22.149999999961718, -0.4326186349057263 
22.159999999961695, -0.4453864726588095 
22.16999999996167, -0.4463384091090983 
22.179999999961648, -0.44627289692702804 
22.189999999961625, -0.4459264070150078 
22.1999999999616, -0.4457129104860777 
22.20999999996158, -0.44559214518182283 
22.219999999961555, -0.4457150047393136 
22.22999999996153, -0.45366733173898555 
22.23999999996151, -0.4617065821715257 
22.249999999961485, -0.4601116452774194 
22.25999999996146, -0.4600878321659655 
22.26999999996144, -0.4599991753584583 
22.279999999961415, -0.4599957319365144 
22.289999999961392, -0.4600093884508193 
22.29999999996137, -0.4598319081066226 
22.309999999961345, -0.4587444700679598 
22.319999999961322, -0.4341172942783286 
22.3299999999613, -0.42916024929685054 
22.339999999961275, -0.42889147002849304 
22.349999999961252, -0.4289403498669052 
22.35999999996123, -0.4292743738646892 
22.369999999961205, -0.4297726366352368 
22.379999999961182, -0.42974261255688534 
22.38999999996116, -0.4284774692387069 
22.399999999961135, -0.4235309807261355 
22.409999999961112, -0.4218718831163027 
22.41999999996109, -0.4215765743031363 
22.429999999961066, -0.42180053805637585 
22.439999999961042, -0.42344310359609266 
22.44999999996102, -0.427189001049816 
22.459999999960996, -0.42782614336009217 
22.469999999960972, -0.42760913462272915 
22.47999999996095, -0.4268237641869882 
22.489999999960926, -0.42636300438916985 
22.499999999960902, -0.4261922213478049 
22.50999999996088, -0.42649745533851324 
22.519999999960856, -0.4333553467995834 
22.529999999960832, -0.455296276758252 
22.53999999996081, -0.4560795739683527 
22.549999999960786, -0.4560873199510817 
22.559999999960763, -0.45589260235302925 
22.56999999996074, -0.4557621513163683 
22.579999999960716, -0.45569032466538034 
22.589999999960693, -0.4556013038107889 
22.59999999996067, -0.45848116973346303 
22.609999999960646, -0.4477970804698952 
22.619999999960623, -0.4429843752888179 
22.6299999999606, -0.44284414486803336 
22.639999999960576, -0.4428278165867952 
22.649999999960553, -0.4429398555237547 
22.65999999996053, -0.4431240443578606 
22.669999999960506, -0.442992774177105 
22.679999999960483, -0.4411467331287024 
22.68999999996046, -0.427630610865145 
22.699999999960436, -0.4239214369967416 
22.709999999960413, -0.42351682429031023 
22.71999999996039, -0.4236156380428509 
22.729999999960366, -0.4243003104273034 
22.739999999960343, -0.4256687688126677 
22.74999999996032, -0.4259248525469875 
22.759999999960296, -0.42544105518260805 
22.769999999960273, -0.423616836095717 
22.77999999996025, -0.42269714790342494 
22.789999999960227, -0.4224557188945468 
22.799999999960203, -0.4227341624624932 
22.80999999996018, -0.4259399707959427 
22.819999999960157, -0.43692922925225003 
22.829999999960133, -0.4384496138138561 
22.83999999996011, -0.4384194866534684 
22.849999999960087, -0.43805129627332523 
22.859999999960063, -0.43777935572605803 
22.86999999996004, -0.4376493306748088 
22.879999999960017, -0.4376920220544317 
22.889999999959993, -0.4431289513369677 
22.89999999995997, -0.45569892193608724 
22.909999999959947, -0.4533283930913076 
22.919999999959924, -0.4532928163950709 
22.9299999999599, -0.4532174021084487 
22.939999999959877, -0.4532079700298363 
22.949999999959854, -0.4532529092143195 
22.95999999995983, -0.45309520594773633 
22.969999999959807, -0.4520205918982637 
22.979999999959784, -0.4293746621009905 
22.98999999995976, -0.4232058947386884 
22.999999999959737, -0.4228157623570646 
23.009999999959714, -0.42286387151216503 
23.01999999995969, -0.4232305277556569 
23.029999999959667, -0.4239089305356493 
23.039999999959644, -0.42397903215450716 
23.04999999995962, -0.42315654537300107 
23.059999999959597, -0.4195827567193328 
23.069999999959574, -0.41807361766280937 
23.07999999995955, -0.41776440646729585 
23.089999999959527, -0.4179777424707704 
23.099999999959504, -0.4198881115203647 
23.10999999995948, -0.4255451071463166 
23.119999999959457, -0.4266222486234509 
23.129999999959434, -0.42651686498649793 
23.13999999995941, -0.4259568467214964 
23.149999999959388, -0.42557373113229846 
23.159999999959364, -0.4254141001279385 
23.16999999995934, -0.4255680788183448 
23.179999999959318, -0.4318718410721161 
23.189999999959294, -0.4533792469030123 
23.19999999995927, -0.4528746825022107 
23.209999999959248, -0.4528794752838019 
23.219999999959224, -0.4527615827722855 
23.2299999999592, -0.4527003176215095 
23.239999999959178, -0.45269108321424884 
23.249999999959154, -0.4525387965693517 
23.25999999995913, -0.45245907576584143 
23.269999999959108, -0.42947187501571304 
23.279999999959085, -0.42322585742835156 
23.28999999995906, -0.4229214458877023 
23.299999999959038, -0.4229564284623203 
23.309999999959015, -0.42324468885524197 
23.31999999995899, -0.42373365863260276 
23.329999999958968, -0.42372511067269714 
23.339999999958945, -0.4226052245562008 
23.34999999995892, -0.4177067508880195 
23.359999999958898, -0.41593902032600644 
23.369999999958875, -0.41562087084448024 
23.37999999995885, -0.4158275491834719 
23.389999999958828, -0.417472573706573 
23.399999999958805, -0.4216837188081238 
23.40999999995878, -0.4224641842385974 
23.41999999995876, -0.4222947609261796 
23.429999999958735, -0.4216086904558413 
23.43999999995871, -0.42118420567211207 
23.44999999995869, -0.42101874836412856 
23.459999999958665, -0.421261751864008 
23.46999999995864, -0.42835093345057895 
23.47999999995862, -0.45059812597536675 
23.489999999958595, -0.4507183898260579 
23.499999999958572, -0.45072672814485143 
23.50999999995855, -0.45058349952489474 
23.519999999958525, -0.45050789121609924 
23.529999999958502, -0.4504757802816662 
23.53999999995848, -0.4503306867562188 
23.549999999958455, -0.45079165909041924 
23.559999999958432, -0.4281164618605944 
23.56999999995841, -0.42283096614909976 
23.579999999958385, -0.42259641378601676 
23.589999999958362, -0.42263172285145406 
23.59999999995834, -0.4229158945447723 
23.609999999958315, -0.42334008638794 
23.619999999958292, -0.4232861892673244 
23.62999999995827, -0.4218893606262207 
23.639999999958246, -0.4164858688552017 
23.649999999958222, -0.4147887566012517 
23.6599999999582, -0.41450063311368096 
23.669999999958176, -0.4147364846621606 
23.679999999958152, -0.41645649826074793 
23.68999999995813, -0.4202633329027127 
23.699999999958106, -0.4208721723888939 
23.709999999958082, -0.42065506052787627 
23.71999999995806, -0.4199227829426623 
23.729999999958036, -0.41951177679824636 
23.739999999958012, -0.419354228359624 
23.74999999995799, -0.4196883630847218 
23.759999999957966, -0.4282019386802669 
23.769999999957943, -0.44908546644730524 
23.77999999995792, -0.4492279340525192 
23.789999999957896, -0.4492265467925311 
23.799999999957873, -0.44907473222803296 
23.80999999995785, -0.44900861840022366 
23.819999999957826, -0.4489679073367074 
23.829999999957803, -0.44882242978518905 
23.83999999995778, -0.44918637984142534 
23.849999999957756, -0.42540765254422946 
23.859999999957733, -0.4212037202158534 
23.86999999995771, -0.42101732888760657 
23.879999999957686, -0.42106385618089465 
23.889999999957663, -0.4213870663277199 
23.89999999995764, -0.4217991367362914 
23.909999999957616, -0.4217133636687366 
23.919999999957593, -0.42007502456156987 
23.92999999995757, -0.41498580900792753 
23.939999999957546, -0.4135530389521247 
23.949999999957523, -0.41331490307479163 
23.9599999999575, -0.4136138587852498 
23.969999999957476, -0.41568362941105835 
23.979999999957453, -0.41958895110228495 
23.98999999995743, -0.4200897472167562 
23.999999999957407, -0.41984478307534495 
24.009999999957383, -0.4191471494015558 
24.01999999995736, -0.4187883287647276 
24.029999999957337, -0.4186462164358642 
24.039999999957313, -0.4190873478072801 
24.04999999995729, -0.4301345300965424 
24.059999999957267, -0.4478426304008784 
24.069999999957243, -0.44776544989277595 
24.07999999995722, -0.44775171737465413 
24.089999999957197, -0.4476116456413415 
24.099999999957173, -0.44757799172269014 
24.10999999995715, -0.44753951520507124 
24.119999999957127, -0.4473702590288765 
24.129999999957104, -0.4461501952907622 
24.13999999995708, -0.4210113418738451 
24.149999999957057, -0.4178336252913895 
24.159999999957034, -0.4176792468531288 
24.16999999995701, -0.4177555141022813 
24.179999999956987, -0.41817946733142985 
24.189999999956964, -0.41863370984684434 
24.19999999995694, -0.4185280284880857 
24.209999999956917, -0.4167970893902545 
24.219999999956894, -0.41281386585364455 
24.22999999995687, -0.4117509834925673 
24.239999999956847, -0.41157761637205154 
24.249999999956824, -0.4120047192446727 
24.2599999999568, -0.41498991117447137 
24.269999999956777, -0.4195939812556206 
24.279999999956754, -0.4200233644591198 
24.28999999995673, -0.4197814506977546 
24.299999999956707, -0.41920222889125913 
24.309999999956684, -0.41892645048045274 
24.31999999995666, -0.4188024109020196 
24.329999999956637, -0.4193647575815558 
24.339999999956614, -0.4341737377890914 
24.34999999995659, -0.443057823798655 
24.359999999956568, -0.44263786598915894 
24.369999999956544, -0.4426149023616808 
24.37999999995652, -0.4425199924852003 
24.389999999956498, -0.4425595429578626 
24.399999999956474, -0.44254179528184123 
24.40999999995645, -0.44227759326458604 
24.419999999956428, -0.4364034725326606 
24.429999999956404, -0.4154455962599067 
24.43999999995638, -0.41333249360274626 
24.449999999956358, -0.41320452018305875 
24.459999999956334, -0.41336117265791034 
24.46999999995631, -0.41406540627329996 
24.479999999956288, -0.4146886740208505 
24.489999999956265, -0.4145894026733543 
24.49999999995624, -0.41313267796057224 
24.509999999956218, -0.41077941710713256 
24.519999999956195, -0.4101207945932383 
24.52999999995617, -0.41002840381360256 
24.539999999956148, -0.41076987281696475 
24.549999999956125, -0.41669948718367406 
24.5599999999561, -0.4231422436688857 
24.569999999956078, -0.42349812017344324 
24.579999999956055, -0.42330042758176833 
24.58999999995603, -0.42290474876004513 
24.599999999956008, -0.42273426182764484 
24.609999999955985, -0.42262279287882426 
24.61999999995596, -0.4232356458917221 
24.62999999995594, -0.43604072879664896 
24.639999999955915, -0.4267536508280442 
24.64999999995589, -0.4260226658629907 
24.65999999995587, -0.4259992058040271 
24.669999999955845, -0.4260056892320214 
24.67999999995582, -0.4262139534191027 
24.6899999999558, -0.4262614926969895 
24.699999999955775, -0.4258098904862162 
24.709999999955752, -0.4185957333134392 
24.71999999995573, -0.4106819487315302 
24.729999999955705, -0.4096415152540923 
24.739999999955682, -0.40957834099880197 
24.74999999995566, -0.4100033370456404 
24.759999999955635, -0.4117972261007387 
24.769999999955612, -0.41298856886191465 
24.77999999995559, -0.4129503513122104 
24.789999999955565, -0.4121147439442864 
24.799999999955542, -0.4111332165934606 
24.80999999995552, -0.41080622231737796 
24.819999999955495, -0.410791551738707 
24.829999999955472, -0.41248261186725 
24.83999999995545, -0.43056452226908387 
24.849999999955426, -0.43757418052855107 
24.859999999955402, -0.43774053689280384 
24.86999999995538, -0.4376166396682193 
24.879999999955356, -0.43742024111655814 
24.889999999955332, -0.4373677203427771 
24.89999999995531, -0.43725541536152684 
24.909999999955286, -0.4375270218339988 
24.919999999955262, -0.42961590243058384 
24.92999999995524, -0.4139036368138473 
24.939999999955216, -0.41315239085238237 
24.949999999955192, -0.4131430833512193 
24.95999999995517, -0.41329543859666573 
24.969999999955146, -0.4137804714954557 
24.979999999955123, -0.4139206778615532 
24.9899999999551, -0.41340966174627225 
24.999999999955076, -0.40934191290977284 
