t, s[1].omega / s[0].omega 
0, -1.1259979568794758 
0.009999999999999995, -1.1256744538587384 
0.019999999999999934, -1.1252639095882164 
0.029999999999999874, -1.1250829972010696 
0.04000000000000012, -1.1247877288862473 
0.050000000000000405, -1.1240394295671674 
0.06000000000000069, -1.1231262469055332 
0.07000000000000098, -1.122820946651644 
0.08000000000000126, -1.1223973235768696 
0.09000000000000155, -1.1204302525343506 
0.10000000000000184, -1.1175319718278522 
0.11000000000000212, -1.1170740450584626 
0.12000000000000241, -1.1166377792208864 
0.130000000000002, -1.1112758829076956 
0.1400000000000009, -1.0985229409234014 
0.1499999999999998, -1.0980673905384695 
0.1599999999999987, -1.0977713135485099 
0.1699999999999976, -1.0913899012335915 
0.1799999999999965, -1.066901093202162 
0.1899999999999954, -1.0691360931591876 
0.1999999999999943, -1.0690628756288552 
0.2099999999999932, -1.0669696351104156 
0.2199999999999921, -1.0811822000570623 
0.229999999999991, -1.0936224245182595 
0.2399999999999899, -1.0938418323964403 
0.2499999999999888, -1.0932897469517118 
0.2599999999999877, -1.1035879241944628 
0.2699999999999866, -1.1128653352675058 
0.2799999999999855, -1.1133175967924012 
0.2899999999999844, -1.1130902486405259 
0.2999999999999833, -1.1153954946484965 
0.3099999999999822, -1.117873004387847 
0.3199999999999811, -1.1181997577628147 
0.32999999999998, -1.1180062570535934 
0.3399999999999789, -1.1185070010146487 
0.3499999999999778, -1.1190823893523303 
0.35999999999997667, -1.1191412109651386 
0.36999999999997557, -1.1189024453430743 
0.37999999999997447, -1.1189075704158589 
0.38999999999997337, -1.1189402141336375 
0.39999999999997227, -1.1187493588756072 
0.40999999999997117, -1.1183811253100184 
0.41999999999997006, -1.1181658241464743 
0.42999999999996896, -1.1180055013443744 
0.43999999999996786, -1.1175213487930875 
0.44999999999996676, -1.1167940259537787 
0.45999999999996566, -1.116350765246928 
0.46999999999996456, -1.1161238770283075 
0.47999999999996346, -1.1151361104344677 
0.48999999999996235, -1.1131727033763674 
0.49999999999996125, -1.1122039068658627 
0.5099999999999602, -1.1119973794792775 
0.519999999999959, -1.1101947696401462 
0.529999999999958, -1.1029361457791838 
0.5399999999999568, -1.1002171314299103 
0.5499999999999557, -1.1001350375499364 
0.5599999999999546, -1.0981101093676673 
0.5699999999999535, -1.0749800617322973 
0.5799999999999524, -1.0681398114814131 
0.5899999999999513, -1.0683851847827344 
0.5999999999999502, -1.0673156684705585 
0.6099999999999491, -1.0531493401233145 
0.619999999999948, -1.056766947009356 
0.6299999999999469, -1.0579048583391493 
0.6399999999999458, -1.0574215551858495 
0.6499999999999447, -1.0572450851776805 
0.6599999999999436, -1.0854346924169254 
0.6699999999999425, -1.0887429508285633 
0.6799999999999414, -1.0885140831718645 
0.6899999999999403, -1.0895980864008121 
0.6999999999999392, -1.102539202218843 
0.7099999999999381, -1.1059848219000954 
0.719999999999937, -1.1058938903007847 
0.7299999999999359, -1.106231058346807 
0.7399999999999348, -1.1091748039111748 
0.7499999999999337, -1.1106548152138485 
0.7599999999999326, -1.110605375531246 
0.7699999999999315, -1.1105969977003485 
0.7799999999999304, -1.1112902668529403 
0.7899999999999293, -1.1117243574494664 
0.7999999999999282, -1.111616526521961 
0.8099999999999271, -1.111442505283617 
0.819999999999926, -1.111537679352082 
0.8299999999999249, -1.11153273339362 
0.8399999999999238, -1.111283468972479 
0.8499999999999227, -1.1109572650171162 
0.8599999999999216, -1.11083366534123 
0.8699999999999205, -1.1106146812242463 
0.8799999999999194, -1.1100994799767492 
0.8899999999999183, -1.1094804829768266 
0.8999999999999172, -1.1092245305546966 
0.9099999999999161, -1.1088866463175424 
0.919999999999915, -1.107782158891349 
0.9299999999999139, -1.1062988967312752 
0.9399999999999128, -1.1058677313562595 
0.9499999999999117, -1.1055017011735415 
0.9599999999999106, -1.1030358536991312 
0.9699999999999095, -1.098201578603849 
0.9799999999999084, -1.097372614845401 
0.9899999999999073, -1.097088624457973 
0.9999999999999062, -1.092797390745396 
1.0099999999999052, -1.0749537674691 
1.019999999999904, -1.0733150448451816 
1.029999999999903, -1.0732097632562565 
1.039999999999902, -1.070154275223455 
1.0499999999999008, -1.0425873700005526 
1.0599999999998997, -1.0420479368907147 
1.0699999999998986, -1.042268385692033 
1.0799999999998975, -1.041065880324222 
1.0899999999998964, -1.0317318926776768 
1.0999999999998953, -1.0416567578712037 
1.1099999999998942, -1.042694459592718 
1.119999999999893, -1.0421836064210808 
1.129999999999892, -1.0419665954462232 
1.1399999999998909, -1.0698124182504523 
1.1499999999998898, -1.07303425875231 
1.1599999999998887, -1.0728032087552477 
1.1699999999998876, -1.0736312162230162 
1.1799999999998865, -1.0904137530972018 
1.1899999999998854, -1.0948418841125682 
1.1999999999998843, -1.094778107020423 
1.2099999999998832, -1.095059641797322 
1.219999999999882, -1.099407713315056 
1.229999999999881, -1.1016969264764416 
1.2399999999998799, -1.1017160400761328 
1.2499999999998788, -1.1016988630534825 
1.2599999999998777, -1.1028082011077056 
1.2699999999998766, -1.1036146704737233 
1.2799999999998755, -1.1036021439389767 
1.2899999999998744, -1.1034447892942403 
1.2999999999998733, -1.1036909371779937 
1.3099999999998722, -1.1038679132977092 
1.319999999999871, -1.1037355218176166 
1.32999999999987, -1.1034680284722014 
1.3399999999998689, -1.1034105883766014 
1.3499999999998678, -1.1033163416828187 
1.3599999999998666, -1.1029956841192399 
1.3699999999998655, -1.1025519758452043 
1.3799999999998644, -1.1023262791518313 
1.3899999999998633, -1.102106949168287 
1.3999999999998622, -1.1014767258299343 
1.4099999999998611, -1.1006054215220817 
1.41999999999986, -1.10017926118523 
1.429999999999859, -1.0999221108090094 
1.4399999999998578, -1.098743256161029 
1.4499999999998567, -1.0965601583908857 
1.4599999999998556, -1.0956684654795932 
1.4699999999998545, -1.0954500407563335 
1.4799999999998534, -1.0935263233575627 
1.4899999999998523, -1.0867221509522227 
1.4999999999998512, -1.0843423248451942 
1.5099999999998501, -1.0842431447302279 
1.519999999999849, -1.0822611020831825 
1.529999999999848, -1.0634505653607995 
1.5399999999998468, -1.0564366892681323 
1.5499999999998457, -1.0566081109974022 
1.5599999999998446, -1.055538367189792 
1.5699999999998435, -1.0359299747622535 
1.5799999999998424, -1.0232389627167666 
1.5899999999998413, -1.0240967302908823 
1.5999999999998402, -1.0236487786888326 
1.6099999999998391, -1.0154044814057546 
1.619999999999838, -1.0012007172195305 
1.629999999999837, -1.0036550140534441 
1.6399999999998358, -1.0035535476516704 
1.6499999999998347, -1.0007018861804418 
1.6599999999998336, -0.981496359110799 
1.6699999999998325, -0.9836934835123693 
1.6799999999998314, -0.9840251713232463 
1.6899999999998303, -0.98308277039796 
1.6999999999998292, -0.9662418945694307 
1.709999999999828, -0.9499617160259712 
1.719999999999827, -0.950839735251592 
1.729999999999826, -0.950576101263706 
1.7399999999998248, -0.9456704533695754 
1.7499999999998237, -0.9216497278318688 
1.7599999999998226, -0.9177856608043679 
1.7699999999998215, -0.917829355611798 
1.7799999999998204, -0.9169200019714171 
1.7899999999998193, -0.9110574625393307 
1.7999999999998182, -0.9054520530452886 
1.809999999999817, -0.9048766848566542 
1.819999999999816, -0.9046790433887258 
1.8299999999998149, -0.9034789349034343 
1.8399999999998138, -0.9014334147145322 
1.8499999999998127, -0.9003030353919649 
1.8599999999998116, -0.900134145420996 
1.8699999999998105, -0.899832052174839 
1.8799999999998094, -0.8991415684228261 
1.8899999999998083, -0.8984742729390885 
1.8999999999998072, -0.8981568435630549 
1.909999999999806, -0.8980805087299856 
1.919999999999805, -0.8978767983701715 
1.9299999999998039, -0.8975726150994022 
1.9399999999998028, -0.8972987229454767 
1.9499999999998017, -0.8972885478131999 
1.9599999999998006, -0.8973911149963265 
1.9699999999997995, -0.8974167771372238 
1.9799999999997984, -0.8972444121265444 
1.9899999999997973, -0.8972254047755129 
1.9999999999997962, -0.8977281266613436 
2.0099999999998173, -0.8983925468010678 
2.0199999999998384, -0.8985825300240702 
2.0299999999998595, -0.8984166346856456 
2.0399999999998806, -0.8991834377255549 
2.0499999999999017, -0.9018046594705469 
2.059999999999923, -0.9035705995632205 
2.069999999999944, -0.9036265807474735 
2.079999999999965, -0.9034897736128384 
2.089999999999986, -0.9095151435540944 
2.100000000000007, -0.9202566129268456 
2.1100000000000283, -0.9217530370656521 
2.1200000000000494, -0.9214992130355447 
2.1300000000000705, -0.9217010928733791 
2.1400000000000916, -0.9491855072775831 
2.1500000000001127, -0.9585275003953995 
2.160000000000134, -0.9587038935607667 
2.170000000000155, -0.957623646731256 
2.180000000000176, -0.9569362182022165 
2.190000000000197, -0.9716420698336976 
2.2000000000002182, -0.972878465139149 
2.2100000000002393, -0.9724716388815505 
2.2200000000002604, -0.965816584813734 
2.2300000000002815, -0.9511954068399782 
2.2400000000003026, -0.9534703582506465 
2.2500000000003237, -0.9534660406353705 
2.260000000000345, -0.9513991445233275 
2.270000000000366, -0.926655441259559 
2.280000000000387, -0.9154537952484142 
2.290000000000408, -0.9157004990820095 
2.3000000000004293, -0.9152522583025128 
2.3100000000004504, -0.9104021326193386 
2.3200000000004715, -0.901118414145547 
2.3300000000004926, -0.8994146080576658 
2.3400000000005137, -0.8993248897919285 
2.3500000000005348, -0.8984881732117656 
2.360000000000556, -0.8961669669285716 
2.370000000000577, -0.894417869079416 
2.380000000000598, -0.8940697019167549 
2.390000000000619, -0.8938761586913627 
2.4000000000006403, -0.8932411629684289 
2.4100000000006614, -0.8924848016025065 
2.4200000000006825, -0.8920111719695645 
2.4300000000007036, -0.8919079666864734 
2.4400000000007247, -0.8917557591195645 
2.450000000000746, -0.8914760353344681 
2.460000000000767, -0.8911646602907909 
2.470000000000788, -0.8910641128532634 
2.480000000000809, -0.8911689627649321 
2.49000000000083, -0.8912579392363218 
2.5000000000008513, -0.891160942949932 
2.5100000000008724, -0.8910195646723387 
2.5200000000008935, -0.8914019888821942 
2.5300000000009146, -0.8921797047542067 
2.5400000000009357, -0.8926664488627578 
2.550000000000957, -0.8925606313567697 
2.560000000000978, -0.8927618062202284 
2.570000000000999, -0.89536202861396 
2.58000000000102, -0.8985013249339989 
2.5900000000010412, -0.8990535593769696 
2.6000000000010624, -0.8987918667584472 
2.6100000000010835, -0.9013009039498335 
2.6200000000011046, -0.9176684829778496 
2.6300000000011257, -0.9227563736377592 
2.6400000000011468, -0.9228051560148858 
2.650000000001168, -0.9218792926138141 
2.660000000001189, -0.9333682759821987 
2.67000000000121, -0.9541264862149604 
2.680000000001231, -0.9552215274000083 
2.6900000000012523, -0.9547711846062414 
2.7000000000012734, -0.9481800683309246 
2.7100000000012945, -0.9376769599560865 
2.7200000000013156, -0.9400366642494039 
2.7300000000013367, -0.9400172794698358 
2.740000000001358, -0.9378806664279258 
2.750000000001379, -0.9144489951705363 
2.7600000000014, -0.903536967652118 
2.770000000001421, -0.9036977777782244 
2.780000000001442, -0.9032776713896914 
2.7900000000014633, -0.8994089055250705 
2.8000000000014844, -0.892646793941425 
2.8100000000015055, -0.8910633502450503 
2.8200000000015266, -0.8909637538589179 
2.8300000000015477, -0.890292312183929 
2.840000000001569, -0.8886454598022867 
2.85000000000159, -0.8873492138729979 
2.860000000001611, -0.8870063976129903 
2.870000000001632, -0.8868522351178986 
2.8800000000016532, -0.8863937903920308 
2.8900000000016743, -0.8858462398875845 
2.9000000000016954, -0.88547146301943 
2.9100000000017165, -0.8853998456185554 
2.9200000000017377, -0.8853406482813083 
2.9300000000017588, -0.8851846466068484 
2.94000000000178, -0.8849415396119309 
2.950000000001801, -0.8849016404917263 
2.960000000001822, -0.8851632002988147 
2.970000000001843, -0.8854713582172723 
2.9800000000018643, -0.8854866500643782 
2.9900000000018854, -0.885343600240536 
3.0000000000019065, -0.8860006654117039 
3.0100000000019276, -0.8876211606387863 
3.0200000000019487, -0.8886641991545808 
3.03000000000197, -0.8886271848037703 
3.040000000001991, -0.8886841924454031 
3.050000000002012, -0.8939348997211652 
3.060000000002033, -0.9015135333256754 
3.070000000002054, -0.902587806442649 
3.0800000000020753, -0.9023001343086019 
3.0900000000020964, -0.9031786935663111 
3.1000000000021175, -0.9317075398523227 
3.1100000000021386, -0.9399339399475307 
3.1200000000021597, -0.9400673037637904 
3.130000000002181, -0.938829359783072 
3.140000000002202, -0.9296505633277163 
3.150000000002223, -0.932678356921723 
3.160000000002244, -0.9336907472729994 
3.1700000000022652, -0.9333206236207053 
3.1800000000022863, -0.9263994678474848 
3.1900000000023074, -0.89931416044858 
3.2000000000023285, -0.8968221141442881 
3.2100000000023496, -0.896840154469034 
3.2200000000023707, -0.8957954988119147 
3.230000000002392, -0.8901841914952882 
3.240000000002413, -0.885580650482162 
3.250000000002434, -0.8850837051677942 
3.260000000002455, -0.8848862072826216 
3.2700000000024763, -0.8838914191107834 
3.2800000000024974, -0.8824354107839664 
3.2900000000025185, -0.8815920161118121 
3.3000000000025396, -0.881433062817756 
3.3100000000025607, -0.8812108106288656 
3.3200000000025818, -0.8807596635010164 
3.330000000002603, -0.8803116951552719 
3.340000000002624, -0.8800893567790905 
3.350000000002645, -0.8800899581249498 
3.360000000002666, -0.8800568750529186 
3.3700000000026873, -0.8799138459611511 
3.3800000000027084, -0.8797188091722299 
3.3900000000027295, -0.8798753803918851 
3.4000000000027506, -0.8803413353826017 
3.4100000000027717, -0.8807332415160882 
3.420000000002793, -0.8806687686321508 
3.430000000002814, -0.8806726340909605 
3.440000000002835, -0.8822491740051007 
3.450000000002856, -0.8848379948936281 
3.460000000002877, -0.885658905092041 
3.4700000000028983, -0.8854784958901577 
3.4800000000029194, -0.8864128331221531 
3.4900000000029405, -0.8994210760619585 
3.5000000000029616, -0.9073560882944428 
3.5100000000029827, -0.9077152663409435 
3.520000000003004, -0.907077019090065 
3.530000000003025, -0.9093863419857707 
3.540000000003046, -0.9325213487718098 
3.550000000003067, -0.9350584838272421 
3.5600000000030882, -0.9348749833415552 
3.5700000000031094, -0.9311054981475942 
3.5800000000031305, -0.901893872367791 
3.5900000000031516, -0.8978556616989339 
3.6000000000031727, -0.8980715583805692 
3.6100000000031938, -0.8973493858448074 
3.620000000003215, -0.8904874013100061 
3.630000000003236, -0.8816497036122569 
3.640000000003257, -0.8806367320326474 
3.650000000003278, -0.8805098548413861 
3.6600000000032993, -0.8795417787752288 
3.6700000000033204, -0.877523714348257 
3.6800000000033415, -0.876213278330652 
3.6900000000033626, -0.8759606827146132 
3.7000000000033837, -0.8757661728805698 
3.710000000003405, -0.8752524622590999 
3.720000000003426, -0.8747020508138484 
3.730000000003447, -0.8743699525130098 
3.740000000003468, -0.8743240141257526 
3.750000000003489, -0.8742660470566596 
3.7600000000035103, -0.8741170619285736 
3.7700000000035314, -0.8738895251263011 
3.7800000000035525, -0.8739169522619571 
3.7900000000035736, -0.8742709456127382 
3.8000000000035947, -0.8746642687304375 
3.810000000003616, -0.8746801612806715 
3.820000000003637, -0.8745609811710677 
3.830000000003658, -0.8755863907144052 
3.840000000003679, -0.8780061401561168 
3.8500000000037002, -0.8792876036267496 
3.8600000000037213, -0.8792285296465637 
3.8700000000037424, -0.8792942732738008 
3.8800000000037635, -0.8888566256342953 
3.8900000000037847, -0.9008603998032192 
3.9000000000038058, -0.9019040698441708 
3.910000000003827, -0.9015336919930399 
3.920000000003848, -0.8999773058276185 
3.930000000003869, -0.9172957167228979 
3.94000000000389, -0.9226030392335983 
3.9500000000039113, -0.9226750368502326 
3.9600000000039324, -0.9210505586131773 
3.9700000000039535, -0.8982631834791762 
3.9800000000039746, -0.8834379349198523 
3.9900000000039957, -0.8836369185753821 
4.000000000004016, -0.8833389743239298 
4.010000000003993, -0.8803769115343313 
4.02000000000397, -0.8741454717240142 
4.030000000003946, -0.8721125891601106 
4.040000000003923, -0.8720012649876282 
4.0500000000039, -0.8715500352129301 
4.0600000000038765, -0.8703605393894571 
4.070000000003853, -0.8693054017819868 
4.08000000000383, -0.8689001576905292 
4.090000000003807, -0.8688011475783775 
4.100000000003783, -0.8685282962673575 
4.11000000000376, -0.8681609747854169 
4.120000000003737, -0.8678541384647467 
4.130000000003713, -0.8678171350071289 
4.14000000000369, -0.8679150386031719 
4.150000000003667, -0.8679671446307908 
4.1600000000036434, -0.8678242430456522 
4.17000000000362, -0.8677816073847848 
4.180000000003597, -0.8684089233665454 
4.1900000000035735, -0.869429955782452 
4.20000000000355, -0.8698742365131317 
4.210000000003527, -0.8697198217620605 
4.220000000003504, -0.870397411506002 
4.23000000000348, -0.8759035214108283 
4.240000000003457, -0.8806245049659647 
4.250000000003434, -0.8810268328337905 
4.26000000000341, -0.8805900689676346 
4.270000000003387, -0.8850130292399547 
4.280000000003364, -0.915073038185255 
4.2900000000033405, -0.9190955981397954 
4.300000000003317, -0.9190135964631636 
4.310000000003294, -0.9165664013730676 
4.320000000003271, -0.891960544214313 
4.330000000003247, -0.8861218880914683 
4.340000000003224, -0.8864979830144641 
4.350000000003201, -0.8859999095821234 
4.360000000003177, -0.8805896704932377 
4.370000000003154, -0.8710744048457376 
4.380000000003131, -0.8694012990334603 
4.390000000003107, -0.8693155003441636 
4.400000000003084, -0.8686186444411667 
4.410000000003061, -0.8669235423868026 
4.4200000000030375, -0.8656344611464816 
4.430000000003014, -0.8652852881083016 
4.440000000002991, -0.865152721266949 
4.450000000002968, -0.8647710843640417 
4.460000000002944, -0.8643164420069236 
4.470000000002921, -0.8639924332462283 
4.480000000002898, -0.8639539559928031 
4.490000000002874, -0.8639901404621216 
4.500000000002851, -0.8639585322898192 
4.510000000002828, -0.8637752904223848 
4.520000000002804, -0.863779142719803 
4.530000000002781, -0.8643362693642751 
4.540000000002758, -0.8651266129425952 
4.5500000000027345, -0.8653860919700743 
4.560000000002711, -0.8652167898869606 
4.570000000002688, -0.8662089707013715 
4.580000000002665, -0.8710952082415128 
4.590000000002641, -0.874480639935029 
4.600000000002618, -0.8746796332298831 
4.610000000002595, -0.8742178491838454 
4.620000000002571, -0.8822057660876266 
4.630000000002548, -0.9101378511937691 
4.640000000002525, -0.9128544764688252 
4.6500000000025015, -0.9126742066191926 
4.660000000002478, -0.9093067949291788 
4.670000000002455, -0.8836832597465598 
4.6800000000024315, -0.8804845336472706 
4.690000000002408, -0.8807489557746466 
4.700000000002385, -0.8801031368289391 
4.710000000002362, -0.8740483277207569 
4.720000000002338, -0.8658153302284545 
4.730000000002315, -0.8646084811649137 
4.740000000002292, -0.8645016813867533 
4.750000000002268, -0.8637468430904934 
4.760000000002245, -0.8622041096914318 
4.770000000002222, -0.8611162899477554 
4.7800000000021985, -0.8608363499909888 
4.790000000002175, -0.8607022167969706 
4.800000000002152, -0.8603518665145057 
4.810000000002129, -0.8599513506442561 
4.820000000002105, -0.8596803181940409 
4.830000000002082, -0.8596870609943966 
4.840000000002059, -0.8597720443862372 
4.850000000002035, -0.859782654259838 
4.860000000002012, -0.8596115073875393 
4.870000000001989, -0.8596883265266179 
4.880000000001965, -0.8604766257496668 
4.890000000001942, -0.8615295253617988 
4.900000000001919, -0.8618177273838643 
4.9100000000018955, -0.8616327385438912 
4.920000000001872, -0.8631057519452553 
4.930000000001849, -0.8706634774598815 
4.940000000001826, -0.8748058984590817 
4.950000000001802, -0.874963870576664 
4.960000000001779, -0.8743113837187072 
4.970000000001756, -0.8813921667579351 
4.980000000001732, -0.9059228362132368 
4.990000000001709, -0.9079386280211666 
5.000000000001686, -0.9077111082375118 
5.0100000000016625, -0.9032532607576517 
5.020000000001639, -0.873601721464846 
5.030000000001616, -0.8683562802950368 
5.0400000000015925, -0.8684749024555131 
5.050000000001569, -0.867852456551928 
5.060000000001546, -0.8640046270709572 
5.070000000001523, -0.8597353457756685 
5.080000000001499, -0.8588155093681282 
5.090000000001476, -0.8586972918796119 
5.100000000001453, -0.8581413796536472 
5.110000000001429, -0.857215098949779 
5.120000000001406, -0.8565322434157799 
5.130000000001383, -0.8563187080639425 
5.1400000000013595, -0.856241937605967 
5.150000000001336, -0.8560482863917698 
5.160000000001313, -0.8557871349058359 
5.17000000000129, -0.8556048870825196 
5.180000000001266, -0.8557447206866305 
5.190000000001243, -0.8560570930328782 
5.20000000000122, -0.8562551585368253 
5.210000000001196, -0.8561223585018632 
5.220000000001173, -0.8563043509287159 
5.23000000000115, -0.8580647856415247 
5.240000000001126, -0.8604183165628941 
5.250000000001103, -0.8609545414989994 
5.26000000000108, -0.8607145350107399 
5.2700000000010565, -0.8626919850541982 
5.280000000001033, -0.8821700941131475 
5.29000000000101, -0.8895515251275421 
5.300000000000987, -0.8897393289223637 
5.310000000000963, -0.8887259292883839 
5.32000000000094, -0.8776020462925567 
5.330000000000917, -0.8703006877697788 
5.340000000000893, -0.8712368063952516 
5.35000000000087, -0.8710385270155188 
5.360000000000847, -0.8680783804080784 
5.3700000000008234, -0.8577467064294718 
5.3800000000008, -0.8540185136974843 
5.390000000000777, -0.8538981404665572 
5.4000000000007535, -0.8535325327314829 
5.41000000000073, -0.8522518235119739 
5.420000000000707, -0.8509594279063316 
5.430000000000684, -0.8503959835736825 
5.44000000000066, -0.8502959298745583 
5.450000000000637, -0.8500717039863588 
5.460000000000614, -0.849731490997639 
5.47000000000059, -0.8494133867792072 
5.480000000000567, -0.8493378195994066 
5.490000000000544, -0.8494800640710747 
5.5000000000005205, -0.8496427211598546 
5.510000000000497, -0.8495969501433304 
5.520000000000474, -0.8494732230086037 
5.5300000000004506, -0.8501522261985425 
5.540000000000427, -0.8518396912940649 
5.550000000000404, -0.8529766057410483 
5.560000000000381, -0.8529576522944718 
5.570000000000357, -0.8529071501044291 
5.580000000000334, -0.8609887098724228 
5.590000000000311, -0.8751908496357671 
5.600000000000287, -0.8768038274740176 
5.610000000000264, -0.8765398306994675 
5.620000000000241, -0.873373008200862 
5.6300000000002175, -0.8612324816540854 
5.640000000000194, -0.8622222714112873 
5.650000000000171, -0.8624583746840983 
5.660000000000148, -0.8617008946412189 
5.670000000000124, -0.8550629293722588 
5.680000000000101, -0.8472630858476001 
5.690000000000078, -0.8462084310733168 
5.700000000000054, -0.846097869319403 
5.710000000000031, -0.8454026876452854 
5.720000000000008, -0.8441435754960402 
5.729999999999984, -0.8432695638289404 
5.739999999999961, -0.8430217183861048 
5.749999999999938, -0.8429254356903788 
5.7599999999999145, -0.8426874842745807 
5.769999999999891, -0.8423971819722773 
5.779999999999868, -0.8421922837665148 
5.789999999999845, -0.8422982478010652 
5.799999999999821, -0.8425824058233403 
5.809999999999798, -0.8427902575149947 
5.819999999999775, -0.842672420207492 
5.829999999999751, -0.8427954448201623 
5.839999999999728, -0.8445999382650107 
5.849999999999705, -0.8473740729479214 
5.8599999999996815, -0.8481241321952453 
5.869999999999658, -0.8479069087030361 
5.879999999999635, -0.8489466650691908 
5.8899999999996115, -0.8726040779315984 
5.899999999999588, -0.8835867390421337 
5.909999999999565, -0.8839433989028779 
5.919999999999542, -0.8831055208656348 
5.929999999999518, -0.868467156842725 
5.939999999999495, -0.8450243682010065 
5.949999999999472, -0.8449976848343147 
5.959999999999448, -0.8449019103207713 
5.969999999999425, -0.8433909810279359 
5.979999999999402, -0.8388413843227082 
5.9899999999993785, -0.8362842162180187 
5.999999999999355, -0.8359749828957901 
6.009999999999332, -0.8357831524846642 
6.019999999999309, -0.8351789200502183 
6.029999999999285, -0.8345260194177252 
6.039999999999262, -0.8341279743393756 
6.049999999999239, -0.8340637953892814 
6.059999999999215, -0.8340504529532301 
6.069999999999192, -0.8339783117872005 
6.079999999999169, -0.8337901662243745 
6.089999999999145, -0.8337934737144773 
6.099999999999122, -0.8343845170976592 
6.109999999999099, -0.8353152750286886 
6.1199999999990755, -0.8356825912530212 
6.129999999999052, -0.8355148870110729 
6.139999999999029, -0.8364874189521204 
6.149999999999006, -0.8450102375224287 
6.159999999998982, -0.8515789088138414 
6.169999999998959, -0.8520133136244166 
6.179999999998936, -0.851436440827171 
6.189999999998912, -0.8467547152834592 
6.199999999998889, -0.8416250735988211 
6.209999999998866, -0.8430369620723396 
6.2199999999988425, -0.8430214162037878 
6.229999999998819, -0.8415483104957007 
6.239999999998796, -0.8344729988803743 
6.2499999999987725, -0.8299946045019454 
6.259999999998749, -0.8295647052725128 
6.269999999998726, -0.8293907414540577 
6.279999999998703, -0.828682007024872 
6.289999999998679, -0.8278152193082835 
6.299999999998656, -0.8272801980991454 
6.309999999998633, -0.8271606356084185 
6.319999999998609, -0.8271116204122999 
6.329999999998586, -0.826994417624162 
6.339999999998563, -0.8267925729284347 
6.3499999999985395, -0.8267168657719957 
6.359999999998516, -0.8271303348522001 
6.369999999998493, -0.8278914699922081 
6.37999999999847, -0.8283140388725547 
6.389999999998446, -0.8281829270222015 
6.399999999998423, -0.8286558299679938 
6.4099999999984, -0.8351167199498513 
6.419999999998376, -0.8425562518010328 
6.429999999998353, -0.8433493972592524 
6.43999999999833, -0.8429591390939692 
6.449999999998306, -0.8393664984161904 
6.459999999998283, -0.8301504514884006 
6.46999999999826, -0.8311739094144253 
6.4799999999982365, -0.8312943073601572 
6.489999999998213, -0.8304070596259998 
6.49999999999819, -0.825243585915315 
6.509999999998167, -0.8206957172159367 
6.519999999998143, -0.8199280366516822 
6.52999999999812, -0.8198130447256342 
6.539999999998097, -0.8193189157560665 
6.549999999998073, -0.8186143578989621 
6.55999999999805, -0.8181117282732425 
6.569999999998027, -0.8179620906107726 
6.5799999999980034, -0.8179780864987256 
6.58999999999798, -0.8179700411543468 
6.599999999997957, -0.8178491098575882 
6.6099999999979335, -0.8177268225421279 
6.61999999999791, -0.8182293740271726 
6.629999999997887, -0.8194921926117095 
6.639999999997864, -0.8204722505984932 
6.64999999999784, -0.8204673258046649 
6.659999999997817, -0.8203612320817563 
6.669999999997794, -0.8285297041427443 
6.67999999999777, -0.8467959111012013 
6.689999999997747, -0.8489996820893831 
6.699999999997724, -0.8488124350192019 
6.7099999999977005, -0.8453324510837238 
6.719999999997677, -0.8157555100836192 
6.729999999997654, -0.8078945406091831 
6.7399999999976306, -0.8080077016095647 
6.749999999997607, -0.8076408678510735 
6.759999999997584, -0.8057363417288806 
6.769999999997561, -0.8035597735902142 
6.779999999997537, -0.8026945923432648 
6.789999999997514, -0.8025750277091989 
6.799999999997491, -0.8023905911033122 
6.809999999997467, -0.8020828616722163 
6.819999999997444, -0.8017852248988471 
6.829999999997421, -0.8016830093573661 
6.8399999999973975, -0.8019178305995408 
6.849999999997374, -0.8023474387797246 
6.859999999997351, -0.802568892753655 
6.869999999997328, -0.8024240816528665 
6.879999999997304, -0.8030174511310677 
6.889999999997281, -0.8083300865181152 
6.899999999997258, -0.8143526339181075 
6.909999999997234, -0.8150395048779475 
6.919999999997211, -0.8146323377023486 
6.929999999997188, -0.8098140813701296 
6.939999999997164, -0.7880254811558501 
6.949999999997141, -0.7865807672753015 
6.959999999997118, -0.7866818108815143 
6.9699999999970945, -0.7860612105327062 
6.979999999997071, -0.7835963659720038 
6.989999999997048, -0.7815268966357941 
6.999999999997025, -0.7808864096222751 
7.009999999997001, -0.7807994981596096 
7.019999999996978, -0.7806081641128483 
7.029999999996955, -0.7803485241165931 
7.039999999996931, -0.7800991753156507 
7.049999999996908, -0.7800980000610037 
7.059999999996885, -0.7805312187599599 
7.0699999999968615, -0.7812564330996454 
7.079999999996838, -0.7815528791350211 
7.089999999996815, -0.7813826113721852 
7.0999999999967915, -0.782504491248867 
7.109999999996768, -0.796558650781148 
7.119999999996745, -0.8072528466813536 
7.129999999996722, -0.8078449262166542 
7.139999999996698, -0.8072882441628736 
7.149999999996675, -0.7980290284911171 
7.159999999996652, -0.7759224790729105 
7.169999999996628, -0.7734130029992818 
7.179999999996605, -0.7733810428744214 
7.189999999996582, -0.7729155571749188 
7.1999999999965585, -0.7718216115289895 
7.209999999996535, -0.7709936272754604 
7.219999999996512, -0.7706567041865736 
7.229999999996489, -0.7706391557768583 
7.239999999996465, -0.7706469886573858 
7.249999999996442, -0.770618245107055 
7.259999999996419, -0.7704605440306416 
7.269999999996395, -0.7706707564434399 
7.279999999996372, -0.7723036009897322 
7.289999999996349, -0.7749783163931903 
7.299999999996325, -0.7757274608762568 
7.309999999996302, -0.7754941438380771 
7.319999999996279, -0.77454344270402 
7.3299999999962555, -0.779002743679521 
7.339999999996232, -0.7810857789321146 
7.349999999996209, -0.781431964883359 
7.359999999996186, -0.7810097416020988 
7.369999999996162, -0.7783394739510081 
7.379999999996139, -0.7751738948679697 
7.389999999996116, -0.7741005362514288 
7.399999999996092, -0.7739776392075307 
7.409999999996069, -0.7737966151269826 
7.419999999996046, -0.7734924784436912 
7.4299999999960225, -0.7732073287118718 
7.439999999995999, -0.7731020279014887 
7.449999999995976, -0.7733917994969631 
7.4599999999959525, -0.7740079226678036 
7.469999999995929, -0.7744321785910301 
7.479999999995906, -0.7743254860441731 
7.489999999995883, -0.7746057031597327 
7.499999999995859, -0.7841009221697639 
7.509999999995836, -0.7990188430943057 
7.519999999995813, -0.8004912227544014 
7.529999999995789, -0.8002296183428559 
7.539999999995766, -0.7957052164187324 
7.549999999995743, -0.7738325708565811 
7.5599999999957195, -0.7682600277165536 
7.569999999995696, -0.7681765657745473 
7.579999999995673, -0.7679022316173405 
7.58999999999565, -0.7670055163152931 
7.599999999995626, -0.7661694275323655 
7.609999999995603, -0.7657446375640468 
7.61999999999558, -0.7656948800586322 
7.629999999995556, -0.7657443787792544 
7.639999999995533, -0.765792767153046 
7.64999999999551, -0.7656793218673252 
7.659999999995486, -0.7656893862878082 
7.669999999995463, -0.7671749190015656 
7.67999999999544, -0.7708309114222767 
7.6899999999954165, -0.772545199600043 
7.699999999995393, -0.7724969723159769 
7.70999999999537, -0.7713211218974371 
7.719999999995347, -0.7587713676333517 
7.729999999995323, -0.7463589680913384 
7.7399999999953, -0.7465418793564206 
7.749999999995277, -0.7464061386507123 
7.759999999995253, -0.7453390057187068 
7.76999999999523, -0.7436905508314752 
7.779999999995207, -0.7428089993626418 
7.789999999995183, -0.7425915216085937 
7.79999999999516, -0.742577417326215 
7.809999999995137, -0.7425539458428414 
7.8199999999951135, -0.7424755916305271 
7.82999999999509, -0.7423380049099696 
7.839999999995067, -0.7429188037529978 
7.849999999995044, -0.7455361555560182 
7.85999999999502, -0.7485708131839213 
7.869999999994997, -0.7489884870373316 
7.879999999994974, -0.7485384540877916 
7.88999999999495, -0.7423523844428869 
7.899999999994927, -0.7128552997609531 
7.909999999994904, -0.7094631851609164 
7.9199999999948805, -0.709490904130099 
7.929999999994857, -0.7091417996775493 
7.939999999994834, -0.7082425148509637 
7.9499999999948106, -0.7075578340951536 
7.959999999994787, -0.7072476478436144 
7.969999999994764, -0.7072848813183108 
7.979999999994741, -0.7075352487360398 
7.989999999994717, -0.7078699919192882 
7.999999999994694, -0.7078608329226977 
8.00999999999467, -0.7077580883630558 
8.019999999994647, -0.7125750578076344 
8.029999999994624, -0.7362820655983842 
8.0399999999946, -0.7416163939679112 
8.049999999994577, -0.741726889346648 
8.059999999994554, -0.7406682696210664 
8.06999999999453, -0.734810911520213 
8.079999999994508, -0.7305556310465862 
8.089999999994484, -0.7297700816688383 
8.099999999994461, -0.729688745634002 
8.109999999994438, -0.729464733210261 
8.119999999994414, -0.729187775739872 
8.129999999994391, -0.7289483055471154 
8.139999999994368, -0.7289585589621003 
8.149999999994344, -0.7295573528236097 
8.159999999994321, -0.7307897074664983 
8.169999999994298, -0.7314520721349004 
8.179999999994275, -0.7313204605182664 
8.189999999994251, -0.7309912844271985 
8.199999999994228, -0.743751132799525 
8.209999999994205, -0.7521575740628947 
8.219999999994181, -0.7528574250973279 
8.229999999994158, -0.7526470764835993 
8.239999999994135, -0.750913209414754 
8.249999999994111, -0.7481262841189388 
8.259999999994088, -0.7468785986156227 
8.269999999994065, -0.7466614237766636 
8.279999999994041, -0.7465828229279436 
8.289999999994018, -0.7464234249057546 
8.299999999993995, -0.7462419077909281 
8.309999999993972, -0.7461032315208345 
8.319999999993948, -0.7465140173735008 
8.329999999993925, -0.7478731617659101 
8.339999999993902, -0.7493500210016889 
8.349999999993878, -0.7495252304394828 
8.359999999993855, -0.7491165106174671 
8.369999999993832, -0.7511022767734958 
8.379999999993808, -0.7630993334361983 
8.389999999993785, -0.7649550738438902 
8.399999999993762, -0.7650241185097874 
8.409999999993738, -0.764186573480185 
8.419999999993715, -0.7611370159871327 
8.429999999993692, -0.7589546489963191 
8.439999999993669, -0.758383402077659 
8.449999999993645, -0.7583061054940575 
8.459999999993622, -0.7581258226494233 
8.469999999993599, -0.7579030947561283 
8.479999999993575, -0.7576830138619643 
8.489999999993552, -0.7577440321812818 
8.499999999993529, -0.7583977045033453 
8.509999999993505, -0.7595244016359821 
8.519999999993482, -0.7599699164347363 
8.529999999993459, -0.75978073133321 
8.539999999993436, -0.7605477947766534 
8.549999999993412, -0.7853801675152416 
8.559999999993389, -0.7997802837691788 
8.569999999993366, -0.8003844154316082 
8.579999999993342, -0.7999016588394166 
8.589999999993319, -0.7946137182481957 
8.599999999993296, -0.7857187962847084 
8.609999999993272, -0.7837722425128013 
8.619999999993249, -0.7836759133926521 
8.629999999993226, -0.7833503418467349 
8.639999999993202, -0.7826917137187898 
8.64999999999318, -0.7821601856600279 
8.659999999993156, -0.7819206150086061 
8.669999999993133, -0.7819665116534515 
8.67999999999311, -0.7820998877983028 
8.689999999993086, -0.7821726336898539 
8.699999999993063, -0.7820306166821879 
8.70999999999304, -0.7823264944631122 
8.719999999993016, -0.7848688201507587 
8.729999999992993, -0.788776860242097 
8.73999999999297, -0.7896204948949173 
8.749999999992946, -0.7893522283215905 
8.759999999992923, -0.7872917613776658 
8.7699999999929, -0.7771288116871569 
8.779999999992876, -0.7755488501388393 
8.789999999992853, -0.7757865239378471 
8.79999999999283, -0.7753545406827436 
8.809999999992806, -0.7731079165705571 
8.819999999992783, -0.7707536850228126 
8.82999999999276, -0.7699011907657033 
8.839999999992736, -0.7697900397075353 
8.849999999992713, -0.7696453772008964 
8.85999999999269, -0.7694185342124689 
8.869999999992666, -0.7691812907769431 
8.879999999992643, -0.7691220888762905 
8.88999999999262, -0.7695649713459977 
8.899999999992596, -0.7704836312598733 
8.909999999992573, -0.7710632575942421 
8.91999999999255, -0.7709576255014179 
8.929999999992527, -0.7711333963978396 
8.939999999992503, -0.7857289748448182 
8.94999999999248, -0.8059901260020748 
8.959999999992457, -0.8073708971595444 
8.969999999992433, -0.8070940547663409 
8.97999999999241, -0.8027308393864862 
8.989999999992387, -0.7873007242880983 
8.999999999992363, -0.7831439165951631 
9.00999999999234, -0.7830299687699015 
9.019999999992317, -0.7827480549467041 
9.029999999992294, -0.7819162287078646 
9.03999999999227, -0.7811576186074332 
9.049999999992247, -0.7807709328192985 
9.059999999992224, -0.780734259855095 
9.0699999999922, -0.7807738495853174 
9.079999999992177, -0.780793209448581 
9.089999999992154, -0.7806555237197519 
9.09999999999213, -0.7807158263464823 
9.109999999992107, -0.78207838999787 
9.119999999992084, -0.7848280147262641 
9.12999999999206, -0.7859448556443246 
9.139999999992037, -0.7858134504641352 
9.149999999992014, -0.7850824525013301 
9.15999999999199, -0.7949325549690588 
9.169999999991967, -0.802842695967599 
9.179999999991944, -0.8035202043194356 
9.18999999999192, -0.8032054638039081 
9.199999999991897, -0.8002082730339075 
9.209999999991874, -0.7948110127801548 
9.21999999999185, -0.7929784883261125 
9.229999999991827, -0.7928255460196535 
9.239999999991804, -0.7925930738954804 
9.24999999999178, -0.7920905989916404 
9.259999999991757, -0.7916430378071182 
9.269999999991734, -0.79141356749568 
9.27999999999171, -0.7914805572016588 
9.289999999991688, -0.7916779484088499 
9.299999999991664, -0.7918206087357709 
9.309999999991641, -0.791694552152771 
9.319999999991618, -0.7919074246956739 
9.329999999991594, -0.7945548511319912 
9.339999999991571, -0.7990301317480633 
9.349999999991548, -0.8000914610757154 
9.359999999991524, -0.7998654726854783 
9.369999999991501, -0.7980434793901465 
9.379999999991478, -0.7904211139646886 
9.389999999991455, -0.789352465278057 
9.399999999991431, -0.7896594828494722 
9.409999999991408, -0.789245895884728 
9.419999999991385, -0.7866902434993311 
9.429999999991361, -0.7836515177174453 
9.439999999991338, -0.78260002033838 
9.449999999991315, -0.7824778230305925 
9.459999999991291, -0.7822860785370996 
9.469999999991268, -0.7819623590443847 
9.479999999991245, -0.7816619635835186 
9.489999999991221, -0.7815498204985093 
9.499999999991198, -0.7818009169205379 
9.509999999991175, -0.7823148560472118 
9.519999999991152, -0.7826461594078201 
9.529999999991128, -0.7825235501044533 
9.539999999991105, -0.7829276851951054 
9.549999999991082, -0.7904479351483616 
9.559999999991058, -0.8011428736548898 
9.569999999991035, -0.8023295054495492 
9.579999999991012, -0.8020223582204064 
9.589999999990988, -0.7967649095754478 
9.599999999990965, -0.7684275566400046 
9.609999999990942, -0.7628366971502719 
9.619999999990918, -0.7628328806223476 
9.629999999990895, -0.7625062304637397 
9.639999999990872, -0.761415206231751 
9.649999999990849, -0.7604313959525286 
9.659999999990825, -0.7599687089839576 
9.669999999990802, -0.7599109655825822 
9.679999999990779, -0.7599290199734471 
9.689999999990755, -0.7599393316518601 
9.699999999990732, -0.7598115719950653 
9.709999999990709, -0.7598342439767841 
9.719999999990685, -0.7612268920760734 
9.729999999990662, -0.7645543723916597 
9.739999999990639, -0.7661274422965983 
9.749999999990616, -0.766067773728305 
9.759999999990592, -0.7648890623245382 
9.769999999990569, -0.7523647961988124 
9.779999999990546, -0.740015852734171 
9.789999999990522, -0.740176008326848 
9.799999999990499, -0.7400412970811152 
9.809999999990476, -0.7390202410674807 
9.819999999990452, -0.7374950452595439 
9.829999999990429, -0.736676467996893 
9.839999999990406, -0.7364699713565548 
9.849999999990382, -0.7364729800535789 
9.85999999999036, -0.7364873336258456 
9.869999999990336, -0.736438821535203 
9.879999999990313, -0.7363022386381103 
9.88999999999029, -0.7369594314568625 
9.899999999990266, -0.7403338770265563 
9.909999999990243, -0.7442785559412731 
9.91999999999022, -0.7447916637978207 
9.929999999990196, -0.7443442352885282 
9.939999999990173, -0.7369955687397096 
9.94999999999015, -0.7078290101427855 
9.959999999990126, -0.7038302521879516 
9.969999999990103, -0.703802826865058 
9.97999999999008, -0.7035229774340709 
9.989999999990056, -0.7028467550809697 
9.999999999990033, -0.7023215212661937 
10.00999999999001, -0.7020680321199592 
10.019999999989986, -0.7021626342572691 
10.029999999989963, -0.7025753159940278 
10.03999999998994, -0.7031308707085003 
10.049999999989916, -0.7031900570081476 
10.059999999989893, -0.7029711064561468 
10.06999999998987, -0.7078044733202873 
10.079999999989846, -0.7382199384003107 
10.089999999989823, -0.7432110386945918 
10.0999999999898, -0.7433530894803735 
10.109999999989776, -0.7425583157340818 
10.119999999989753, -0.7390304195305413 
10.12999999998973, -0.7363452311938632 
10.139999999989707, -0.7356468979529818 
10.149999999989683, -0.7355682643000621 
10.15999999998966, -0.7354192006562533 
10.169999999989637, -0.7352321987244502 
10.179999999989613, -0.7350301094402765 
10.18999999998959, -0.7350656915296335 
10.199999999989567, -0.7358816641878501 
10.209999999989543, -0.7376048461296516 
10.21999999998952, -0.7384882555509723 
10.229999999989497, -0.738371735550921 
10.239999999989474, -0.7376050683120555 
10.24999999998945, -0.7385730691740992 
10.259999999989427, -0.7363905972769945 
10.269999999989404, -0.73682808316998 
10.27999999998938, -0.7366591278827282 
10.289999999989357, -0.7354137710325778 
10.299999999989334, -0.7335956855244041 
10.30999999998931, -0.7326904372427006 
10.319999999989287, -0.7324868954550416 
10.329999999989264, -0.7324721766087944 
10.33999999998924, -0.7324512162987274 
10.349999999989217, -0.7323752221201826 
10.359999999989194, -0.7322438570326887 
10.36999999998917, -0.7329067121353193 
10.379999999989147, -0.7359848876149632 
10.389999999989124, -0.7394618965422998 
10.3999999999891, -0.7399013191151067 
10.409999999989077, -0.7394236657398761 
10.419999999989054, -0.7316064619710165 
10.42999999998903, -0.7022107882373763 
10.439999999989007, -0.6985472765208078 
10.449999999988984, -0.6985246858826454 
10.45999999998896, -0.6982374799199128 
10.469999999988937, -0.6975734894849822 
10.479999999988914, -0.6970690845325457 
10.48999999998889, -0.6968304450153584 
10.499999999988868, -0.6969455939434771 
10.509999999988844, -0.6974084904255503 
10.519999999988821, -0.6980240424021045 
10.529999999988798, -0.6980934299621079 
10.539999999988774, -0.697841503730636 
10.549999999988751, -0.70247595892927 
10.559999999988728, -0.7300622277259737 
10.569999999988704, -0.733854899547336 
10.579999999988681, -0.7339862644162617 
10.589999999988658, -0.7332804580316559 
10.599999999988635, -0.7305856745354954 
10.609999999988611, -0.7285812441230467 
10.619999999988588, -0.7279763932259092 
10.629999999988565, -0.7279081454230972 
10.639999999988541, -0.7278234264459957 
10.649999999988518, -0.7277215196943906 
10.659999999988495, -0.7275566276937088 
10.669999999988471, -0.727620991184639 
10.679999999988448, -0.728874045297267 
10.689999999988425, -0.7317863726158804 
10.699999999988401, -0.7331613065908709 
10.709999999988378, -0.7330821594250808 
10.719999999988355, -0.7315950327626664 
10.729999999988332, -0.7099584824743385 
10.739999999988308, -0.6930409186456771 
10.749999999988285, -0.6927005633474349 
10.759999999988262, -0.6926042779301627 
10.769999999988238, -0.6920358739844306 
10.779999999988215, -0.6913405208962291 
10.789999999988192, -0.6909285031736717 
10.799999999988168, -0.6908432368024182 
10.809999999988145, -0.6911006235671131 
10.819999999988122, -0.6916785521494677 
10.829999999988098, -0.6920523476364954 
10.839999999988075, -0.6919203254052383 
10.849999999988052, -0.6920546867341039 
10.859999999988029, -0.7101552405719168 
10.869999999988005, -0.7260144591282028 
10.879999999987982, -0.7269173643228823 
10.889999999987959, -0.7267464573379576 
10.899999999987935, -0.7252429553410641 
10.909999999987912, -0.7227835475429022 
10.919999999987889, -0.7216343385700769 
10.929999999987865, -0.7213959123905058 
10.939999999987842, -0.7213628889692255 
10.949999999987819, -0.7213065511079331 
10.959999999987796, -0.7212173606333107 
10.969999999987772, -0.7210786074677831 
10.979999999987749, -0.7216350888493414 
10.989999999987726, -0.7244540032756637 
10.999999999987702, -0.7280937722101012 
11.009999999987679, -0.728650119498136 
11.019999999987656, -0.7282459090501534 
11.029999999987632, -0.721664736218103 
11.039999999987609, -0.6938148392841873 
11.049999999987586, -0.6892185125854189 
11.059999999987562, -0.689150528466264 
11.06999999998754, -0.6889286423056403 
11.079999999987516, -0.6883868118261027 
11.089999999987493, -0.6879555658377012 
11.09999999998747, -0.6877319572218681 
11.109999999987446, -0.6878798747173819 
11.119999999987423, -0.6885139974720089 
11.1299999999874, -0.6894505682808777 
11.139999999987376, -0.6896504134260941 
11.149999999987353, -0.6893350256889846 
11.15999999998733, -0.6895195877159181 
11.169999999987306, -0.6867262466531149 
11.179999999987283, -0.6850638568345826 
11.18999999998726, -0.6851871916485955 
11.199999999987236, -0.6848554712653615 
11.209999999987213, -0.6838452576902422 
11.21999999998719, -0.6830513729184576 
11.229999999987166, -0.6826927642684312 
11.239999999987143, -0.6827051576193733 
11.24999999998712, -0.6829696427596289 
11.259999999987096, -0.6834008639160075 
11.269999999987073, -0.68348113337307 
11.27999999998705, -0.6832846300149237 
11.289999999987026, -0.6864643852055631 
11.299999999987003, -0.7162889879101951 
11.30999999998698, -0.7235453258706231 
11.319999999986956, -0.7238175853929268 
11.329999999986933, -0.7232730684390317 
11.33999999998691, -0.7206287434805267 
11.349999999986887, -0.7182919095410876 
11.359999999986863, -0.7175278092392825 
11.36999999998684, -0.7174351036593107 
11.379999999986817, -0.7173703547951271 
11.389999999986793, -0.717290653495591 
11.39999999998677, -0.7171476823739139 
11.409999999986747, -0.7171291118512865 
11.419999999986723, -0.7182997872777263 
11.4299999999867, -0.7218051459087191 
11.439999999986677, -0.7240273723651884 
11.449999999986654, -0.7240940755546337 
11.45999999998663, -0.7230187861136529 
11.469999999986607, -0.7058462292006741 
11.479999999986584, -0.6857126902857045 
11.48999999998656, -0.6845146585555039 
11.499999999986537, -0.6844614205898881 
11.509999999986514, -0.6840994816842838 
11.51999999998649, -0.6835848392262017 
11.529999999986467, -0.6832383589064299 
11.539999999986444, -0.6831442074548075 
11.54999999998642, -0.6834976599368923 
11.559999999986397, -0.6844347311932956 
11.569999999986374, -0.6852481950984314 
11.57999999998635, -0.6852282800054662 
11.589999999986327, -0.6846318535572038 
11.599999999986304, -0.6809084666646112 
11.60999999998628, -0.6649332956804674 
11.619999999986257, -0.6643555969746782 
11.629999999986234, -0.6643331627773392 
11.63999999998621, -0.6638706206816879 
11.649999999986187, -0.6631425265203619 
11.659999999986164, -0.6626937946461845 
11.66999999998614, -0.6625470855387088 
11.679999999986117, -0.6627959478324438 
11.689999999986094, -0.6635374644733473 
11.69999999998607, -0.6643154962411938 
11.709999999986048, -0.6643357583970401 
11.719999999986024, -0.6638028058874834 
11.729999999986001, -0.6591406154012015 
11.739999999985978, -0.637109964016135 
11.749999999985954, -0.6355801389504373 
11.759999999985931, -0.6355734474353739 
11.769999999985908, -0.6352638772346815 
11.779999999985884, -0.6347571674720623 
11.789999999985861, -0.6344259881012184 
11.799999999985838, -0.6343034975193583 
11.809999999985815, -0.6347247858207027 
11.819999999985791, -0.6363086218491988 
11.829999999985768, -0.6383364669485677 
11.839999999985745, -0.6386332639534421 
11.849999999985721, -0.6380977843126843 
11.859999999985698, -0.6303763817190361 
11.869999999985675, -0.6160751671658524 
11.879999999985651, -0.6135976697213321 
11.889999999985628, -0.6134360340151548 
11.899999999985605, -0.6133616242549443 
11.909999999985581, -0.6132628347862976 
11.919999999985558, -0.6131893006461375 
11.929999999985535, -0.6130662593271243 
11.939999999985512, -0.6139045501266941 
11.949999999985488, -0.6233316190848373 
11.959999999985465, -0.6375271964832556 
11.969999999985442, -0.6387485746680649 
11.979999999985418, -0.638575423100292 
11.989999999985395, -0.6370838116633912 
11.999999999985372, -0.634930791409851 
12.009999999985348, -0.6340243653944385 
12.019999999985325, -0.6338163140155751 
12.029999999985302, -0.6339057183330462 
12.039999999985278, -0.6341883009076562 
12.049999999985255, -0.6344571699269497 
12.059999999985232, -0.6343575444541815 
12.069999999985209, -0.6343259164414918 
12.079999999985185, -0.6463484263431074 
12.089999999985162, -0.655863631228236 
12.099999999985139, -0.6563713390154335 
12.109999999985115, -0.6563360431795237 
12.119999999985092, -0.6557219606384981 
12.129999999985069, -0.6547756220969022 
12.139999999985045, -0.6542404291790885 
12.149999999985022, -0.6540760335283607 
12.159999999984999, -0.6542756925961103 
12.169999999984976, -0.6548708538612247 
12.179999999984952, -0.6554865720102657 
12.189999999984929, -0.6554709052690073 
12.199999999984906, -0.6549991256536248 
12.209999999984882, -0.6533561763216404 
12.219999999984859, -0.6366529495457053 
12.229999999984836, -0.6355802564550215 
12.239999999984812, -0.6355758141131961 
12.249999999984789, -0.6352298190572292 
12.259999999984766, -0.6346778068188308 
12.269999999984742, -0.6343265126218934 
12.27999999998472, -0.634204935301865 
12.289999999984696, -0.6346061803678651 
12.299999999984673, -0.6360490196620034 
12.30999999998465, -0.6378287688744853 
12.319999999984626, -0.6380698499599299 
12.329999999984603, -0.6374903471095211 
12.33999999998458, -0.6287831911326932 
12.349999999984556, -0.6129774302588225 
12.359999999984533, -0.6105193145933253 
12.36999999998451, -0.6103775381898486 
12.379999999984486, -0.6102932590607558 
12.389999999984463, -0.610181584556905 
12.39999999998444, -0.6100976074321368 
12.409999999984416, -0.609978341653639 
12.419999999984393, -0.6108786634021655 
12.42999999998437, -0.6203845687138834 
12.439999999984346, -0.6339391691576075 
12.449999999984323, -0.6350688879414046 
12.4599999999843, -0.6348809822746218 
12.469999999984276, -0.6333630569269955 
12.479999999984253, -0.6312817597650848 
12.48999999998423, -0.6304185121017047 
12.499999999984206, -0.630225280660626 
12.509999999984183, -0.6303279015893086 
12.51999999998416, -0.6306412520344425 
12.529999999984136, -0.6309298842488195 
12.539999999984113, -0.6308284989466612 
12.54999999998409, -0.6307251359992848 
12.559999999984067, -0.6404603454901183 
12.569999999984043, -0.6423928337371674 
12.57999999998402, -0.6425400314174439 
12.589999999983997, -0.6425051035009809 
12.599999999983973, -0.6419837306070654 
12.60999999998395, -0.6412411917718686 
12.619999999983927, -0.6408134569665583 
12.629999999983903, -0.6406947728694828 
12.63999999998388, -0.6410122910672383 
12.649999999983857, -0.6419747581825573 
12.659999999983834, -0.6429627390466872 
12.66999999998381, -0.6430098596895932 
12.679999999983787, -0.642272586290005 
12.689999999983764, -0.6291954261519744 
12.69999999998374, -0.6052715321540773 
12.709999999983717, -0.6032420650899482 
12.719999999983694, -0.6031827228267298 
12.72999999998367, -0.60302116992832 
12.739999999983647, -0.6028094840760471 
12.749999999983624, -0.6026561817942999 
12.7599999999836, -0.6025709271631894 
12.769999999983577, -0.6036336918281369 
12.779999999983554, -0.6108659494229264 
12.78999999998353, -0.6192724231416448 
12.799999999983507, -0.6199933306630285 
12.809999999983484, -0.6196862194149955 
12.81999999998346, -0.6176298522932261 
12.829999999983437, -0.6153306313063857 
12.839999999983414, -0.6145027192866999 
12.84999999998339, -0.6143534475091137 
12.859999999983367, -0.6144757581184622 
12.869999999983344, -0.6148249868530896 
12.87999999998332, -0.6150983487647951 
12.889999999983297, -0.6149699574392546 
12.899999999983274, -0.6147507855159712 
12.90999999998325, -0.6157664672599777 
12.919999999983228, -0.6038655578986079 
12.929999999983204, -0.6035099143058253 
12.939999999983181, -0.6034619763568745 
12.949999999983158, -0.6031081358438729 
12.959999999983134, -0.6027161669104729 
12.969999999983111, -0.6024742777409804 
12.979999999983088, -0.6024667272464909 
12.989999999983064, -0.603442593687286 
12.999999999983041, -0.6072413921087663 
13.009999999983018, -0.6104227070452368 
13.019999999982995, -0.6106516673000387 
13.029999999982971, -0.6099409474844575 
13.039999999982948, -0.6054397585861175 
13.049999999982925, -0.6018726366212135 
13.059999999982901, -0.600986464685732 
13.069999999982878, -0.6008921618554237 
13.079999999982855, -0.6009655592485499 
13.089999999982831, -0.6011861104138796 
13.099999999982808, -0.6012848901517064 
13.109999999982785, -0.6011120559746345 
13.119999999982761, -0.6020611566686599 
13.129999999982738, -0.6161502714946343 
13.139999999982715, -0.6144575209228635 
13.149999999982692, -0.6145949626810827 
13.159999999982668, -0.614468487081785 
13.169999999982645, -0.6139299318772219 
13.179999999982622, -0.613436184306576 
13.189999999982598, -0.6131658939214925 
13.199999999982575, -0.6132227158537902 
13.209999999982552, -0.6140785651043815 
13.219999999982528, -0.6164573200309619 
13.229999999982505, -0.6178598590369535 
13.239999999982482, -0.617831155772491 
13.249999999982458, -0.6162890123040436 
13.259999999982435, -0.606228828829393 
13.269999999982412, -0.6008184610204038 
13.279999999982389, -0.6000237938784959 
13.289999999982365, -0.5999717489661153 
13.299999999982342, -0.599953716900246 
13.309999999982319, -0.6000108282258443 
13.319999999982295, -0.5999632029313755 
13.329999999982272, -0.5998790332200454 
13.339999999982249, -0.6035496930074853 
13.349999999982225, -0.6325100317292367 
13.359999999982202, -0.6392148486738327 
13.369999999982179, -0.6394825173973165 
13.379999999982156, -0.63913066677999 
13.389999999982132, -0.6379485519041981 
13.399999999982109, -0.6370495452027267 
13.409999999982086, -0.6366711535538881 
13.419999999982062, -0.6366857615144591 
13.429999999982039, -0.6370444143696401 
13.439999999982016, -0.6377545208666151 
13.449999999981992, -0.6380281403725128 
13.459999999981969, -0.6377895657550088 
13.469999999981946, -0.6365632276899305 
13.479999999981922, -0.6155292187972977 
13.4899999999819, -0.6061550774642909 
13.499999999981876, -0.6060041128926159 
13.509999999981853, -0.6058958447645189 
13.51999999998183, -0.6055486158854015 
13.529999999981806, -0.6052684320917885 
13.539999999981783, -0.6050817993233695 
13.54999999998176, -0.6052674935698306 
13.559999999981736, -0.6071872175299764 
13.569999999981713, -0.6128849308905701 
13.57999999998169, -0.6150902890977616 
13.589999999981666, -0.6150840201851979 
13.599999999981643, -0.6137773801886958 
13.60999999998162, -0.6093166518114452 
13.619999999981596, -0.6071232974935361 
13.629999999981573, -0.6066182503675477 
13.63999999998155, -0.60660642515669 
13.649999999981526, -0.6067333838628922 
13.659999999981503, -0.6069890750153301 
13.66999999998148, -0.6069967500739164 
13.679999999981456, -0.6067990667584577 
13.689999999981433, -0.6104406952749329 
13.69999999998141, -0.6219472573334709 
13.709999999981386, -0.6210801829083479 
13.719999999981363, -0.6211791581139534 
13.72999999998134, -0.6209204371192542 
13.739999999981316, -0.6202829284434856 
13.749999999981293, -0.6198330802367635 
13.75999999998127, -0.6196194132149011 
13.769999999981247, -0.6198220181455746 
13.779999999981223, -0.6208967574962111 
13.7899999999812, -0.6229816759940299 
13.799999999981177, -0.6236227620715231 
13.809999999981153, -0.6233637360052587 
13.81999999998113, -0.6195169827819194 
13.829999999981107, -0.6052168155495927 
13.839999999981083, -0.601200092290732 
13.84999999998106, -0.6008212257195782 
13.859999999981037, -0.600780923913495 
13.869999999981014, -0.6007248260316417 
13.87999999998099, -0.6007223439442868 
13.889999999980967, -0.600608160591233 
13.899999999980944, -0.6008372370229302 
13.90999999998092, -0.6087108525868431 
13.919999999980897, -0.63366112311672 
13.929999999980874, -0.6365586177677358 
13.93999999998085, -0.6365953306106793 
13.949999999980827, -0.6358840061100081 
13.959999999980804, -0.6343716680787762 
13.96999999998078, -0.6335299223991528 
13.979999999980757, -0.6332489279525798 
13.989999999980734, -0.6333381904765045 
13.99999999998071, -0.6337314448078698 
14.009999999980687, -0.6342936827362857 
14.019999999980664, -0.6343498043535258 
14.02999999998064, -0.6339917350280133 
14.039999999980617, -0.6333191262704148 
14.049999999980594, -0.6147585938555603 
14.05999999998057, -0.6118359091786371 
14.069999999980547, -0.6118410184232677 
14.079999999980524, -0.6116221548161869 
14.0899999999805, -0.6111918794412672 
14.099999999980477, -0.6108996066649637 
14.109999999980454, -0.6107516983894504 
14.11999999998043, -0.611167680793073 
14.129999999980408, -0.6134061382868566 
14.139999999980384, -0.617410884725745 
14.149999999980361, -0.6182385131617799 
14.159999999980338, -0.6179727307264893 
14.169999999980314, -0.614892710981459 
14.179999999980291, -0.6087433586686786 
14.189999999980268, -0.6068267969620766 
14.199999999980244, -0.6065314249635007 
14.209999999980221, -0.6065389174443536 
14.219999999980198, -0.6066282533848781 
14.229999999980175, -0.6067547558307179 
14.239999999980151, -0.6066522279353116 
14.249999999980128, -0.6067976072190595 
14.259999999980105, -0.6194555500624871 
14.269999999980081, -0.6411378769996995 
14.279999999980058, -0.642272227028521 
14.289999999980035, -0.6422690773812371 
14.299999999980011, -0.6416746422147556 
14.309999999979988, -0.6406677638240549 
14.319999999979965, -0.6400978192190271 
14.329999999979941, -0.6399101144534032 
14.339999999979918, -0.6401004358552581 
14.349999999979895, -0.6407359856939475 
14.359999999979872, -0.6415003936304482 
14.369999999979848, -0.6415536455365187 
14.379999999979825, -0.6410340792676292 
14.389999999979802, -0.6341423935778588 
14.399999999979778, -0.6064252844465268 
14.409999999979755, -0.6038469752059914 
14.419999999979732, -0.603810717532502 
14.429999999979708, -0.6036190033052692 
14.439999999979685, -0.6033135311505086 
14.449999999979662, -0.6031071739763366 
14.459999999979638, -0.6029979427006331 
14.469999999979615, -0.6037007377521266 
14.479999999979592, -0.6079984178142283 
14.489999999979569, -0.6144836463694682 
14.499999999979545, -0.6153277480831053 
14.509999999979522, -0.6150507579858352 
14.519999999979499, -0.6126978192494322 
14.529999999979475, -0.6094494315316825 
14.539999999979452, -0.6083328547106778 
14.549999999979429, -0.608124455580088 
14.559999999979405, -0.6081982875722746 
14.569999999979382, -0.6084515425042196 
14.579999999979359, -0.608698987004577 
14.589999999979335, -0.6085942530308515 
14.599999999979312, -0.6084689624763611 
14.609999999979289, -0.6150933464412878 
14.619999999979266, -0.6086512661142737 
14.629999999979242, -0.6083010559741491 
14.639999999979219, -0.6082751857465253 
14.649999999979196, -0.607907631500988 
14.659999999979172, -0.607436301154285 
14.669999999979149, -0.6071520145479252 
14.679999999979126, -0.6070938142257821 
14.689999999979102, -0.6077829948937236 
14.69999999997908, -0.6104569155834348 
14.709999999979056, -0.6132601295989795 
14.719999999979033, -0.6135410260152105 
14.72999999997901, -0.6129122638165242 
14.739999999978986, -0.6075628699255189 
14.749999999978963, -0.6022091361773495 
14.75999999997894, -0.600988773317826 
14.769999999978916, -0.600855719176789 
14.779999999978893, -0.600879814125208 
14.78999999997887, -0.601005302248045 
14.799999999978846, -0.6010747966166797 
14.809999999978823, -0.6009268000788599 
14.8199999999788, -0.6018976412792008 
14.829999999978776, -0.6240063894440974 
14.839999999978753, -0.633334357618112 
14.84999999997873, -0.6337826062295582 
14.859999999978706, -0.633653814500302 
14.869999999978683, -0.6329256683256064 
14.87999999997866, -0.6321436075046892 
14.889999999978636, -0.6317444722955067 
14.899999999978613, -0.6316937237869983 
14.90999999997859, -0.6320886184493268 
14.919999999978566, -0.6331218818760918 
14.929999999978543, -0.6338836499743571 
14.93999999997852, -0.6338137882277876 
14.949999999978496, -0.6325822079646406 
14.959999999978473, -0.6128636477279502 
14.96999999997845, -0.59612205360381 
14.979999999978427, -0.5950514229633116 
14.989999999978403, -0.5950001747954216 
14.99999999997838, -0.5948351591664582 
15.009999999978357, -0.5946826848886001 
15.019999999978333, -0.5945500251099242 
15.02999999997831, -0.5945308053178399 
15.039999999978287, -0.5965283544672734 
15.049999999978263, -0.6091806383869678 
15.05999999997824, -0.6170083639661402 
15.069999999978217, -0.6174008318454199 
15.079999999978194, -0.6169794260944226 
15.08999999997817, -0.6151350068225863 
15.099999999978147, -0.6136613254851242 
15.109999999978124, -0.6131252010397193 
15.1199999999781, -0.6130754947454642 
15.129999999978077, -0.613314863734191 
15.139999999978054, -0.6138699814327999 
15.14999999997803, -0.6141564342323049 
15.159999999978007, -0.6139631183812414 
15.169999999977984, -0.6129308387530825 
15.17999999997796, -0.5922964789278533 
15.189999999977937, -0.5795018613157418 
15.199999999977914, -0.5791216768332498 
15.20999999997789, -0.5790555934691779 
15.219999999977867, -0.5788190894577534 
15.229999999977844, -0.5786362042438471 
15.23999999997782, -0.5784855509200233 
15.249999999977797, -0.5785994061857883 
15.259999999977774, -0.5815733342743743 
15.26999999997775, -0.59553565910441 
15.279999999977727, -0.6005468862991565 
15.289999999977704, -0.6007233673704575 
15.29999999997768, -0.6001447727866355 
15.309999999977657, -0.598436587349572 
15.319999999977634, -0.5973908252900398 
15.32999999997761, -0.5970265581300469 
15.339999999977588, -0.5970767316821783 
15.349999999977564, -0.5975151660280876 
15.359999999977541, -0.5983908176473567 
15.369999999977518, -0.5986981926197659 
15.379999999977494, -0.5984093007298479 
15.389999999977471, -0.5944153442814 
15.399999999977448, -0.569576066306536 
15.409999999977424, -0.5635891961061545 
15.419999999977401, -0.5632414800485631 
15.429999999977378, -0.5631956730388634 
15.439999999977355, -0.5631223500413173 
15.449999999977331, -0.5631244647932597 
15.459999999977308, -0.5630211088314521 
15.469999999977285, -0.5631593947853591 
15.479999999977261, -0.572231817596976 
15.489999999977238, -0.5987375852500724 
15.499999999977215, -0.6003471039920134 
15.509999999977191, -0.6004108557592717 
15.519999999977168, -0.6000124559647605 
15.529999999977145, -0.5992831174137145 
15.539999999977121, -0.5988499916407901 
15.549999999977098, -0.5986873257357633 
15.559999999977075, -0.5990123996510354 
15.569999999977052, -0.6004378917813028 
15.579999999977028, -0.6027350801062545 
15.589999999977005, -0.6032057175912052 
15.599999999976982, -0.6028210281240376 
15.609999999976958, -0.5981522995895581 
15.619999999976935, -0.5896133812483653 
15.629999999976912, -0.5875343835943283 
15.639999999976888, -0.587287063958049 
15.649999999976865, -0.587290377473504 
15.659999999976842, -0.5873723060965994 
15.669999999976818, -0.5874843804541702 
15.679999999976795, -0.5873715171094286 
15.689999999976772, -0.5875624735821708 
15.699999999976749, -0.6013142922920286 
15.709999999976725, -0.6123134928399576 
15.719999999976702, -0.61262408201559 
15.729999999976679, -0.6126068080645485 
15.739999999976655, -0.6121551074294738 
15.749999999976632, -0.6115279809238073 
15.759999999976609, -0.6111683633833518 
15.769999999976585, -0.6110747916799025 
15.779999999976562, -0.6115495766074958 
15.789999999976539, -0.6132515804009656 
15.799999999976515, -0.6151900610482852 
15.809999999976492, -0.6154094261337794 
15.819999999976469, -0.6147470461609217 
15.829999999976446, -0.6071856693665629 
15.839999999976422, -0.5981445230552259 
15.849999999976399, -0.5965012418444461 
15.859999999976376, -0.5963620731626208 
15.869999999976352, -0.5963384472582686 
15.879999999976329, -0.5963674281535686 
15.889999999976306, -0.5963792538064567 
15.899999999976282, -0.5962458889273515 
15.90999999997626, -0.5973439940226292 
15.919999999976236, -0.6185569095252447 
15.929999999976213, -0.6350670639238398 
15.93999999997619, -0.6357991622189135 
15.949999999976166, -0.6356568960503135 
15.959999999976143, -0.634757309901825 
15.96999999997612, -0.6337270915848564 
15.979999999976096, -0.6332298231334621 
15.989999999976073, -0.6331332310144371 
15.99999999997605, -0.6334047296097136 
16.009999999976028, -0.6341234440670386 
16.019999999976005, -0.6346937104254297 
16.02999999997598, -0.6346103468808565 
16.039999999975958, -0.6337460639679308 
16.049999999975935, -0.6181674091220233 
16.05999999997591, -0.5972689983592449 
16.069999999975888, -0.5962684841579367 
16.079999999975865, -0.5962257596987056 
16.08999999997584, -0.5959979605164588 
16.099999999975818, -0.595753673856178 
16.109999999975795, -0.5955793212670845 
16.11999999997577, -0.5955606605069576 
16.129999999975748, -0.5969990033225874 
16.139999999975725, -0.604664445401224 
16.1499999999757, -0.610743867171821 
16.15999999997568, -0.6111385984381952 
16.169999999975655, -0.6106672550807246 
16.17999999997563, -0.6082662811277579 
16.18999999997561, -0.6062737372596823 
16.199999999975585, -0.6056162292434537 
16.20999999997556, -0.6055364041058627 
16.21999999997554, -0.6057126779285237 
16.229999999975515, -0.6061522372023446 
16.239999999975492, -0.6064003184845371 
16.24999999997547, -0.6062211534514941 
16.259999999975445, -0.6056206349455586 
16.269999999975422, -0.5906979711818173 
16.2799999999754, -0.5771577629042358 
16.289999999975375, -0.5767771325224712 
16.299999999975352, -0.57671401390353 
16.30999999997533, -0.5764630472248946 
16.319999999975305, -0.5762593230686776 
16.329999999975282, -0.5761028846532787 
16.33999999997526, -0.5761917857077713 
16.349999999975235, -0.5788187775267941 
16.359999999975212, -0.5917713794637178 
16.36999999997519, -0.5971501743531094 
16.379999999975166, -0.597360919559344 
16.389999999975142, -0.5968179681481828 
16.39999999997512, -0.5951133492014711 
16.409999999975096, -0.5940336278881717 
16.419999999975072, -0.5936534659862247 
16.42999999997505, -0.59369327361957 
16.439999999975026, -0.5941285421656023 
16.449999999975002, -0.595040790636737 
16.45999999997498, -0.5953972098064995 
16.469999999974956, -0.5951351812195239 
16.479999999974932, -0.5915089423665887 
16.48999999997491, -0.5683746246810855 
16.499999999974886, -0.5622088383236551 
16.509999999974863, -0.561802302336468 
16.51999999997484, -0.5617628745535722 
16.529999999974816, -0.56170782254897 
16.539999999974793, -0.561732928564002 
16.54999999997477, -0.5616412296209966 
16.559999999974746, -0.5616968368888705 
16.569999999974723, -0.5698962919282714 
16.5799999999747, -0.5944033703772524 
16.589999999974676, -0.595511660514555 
16.599999999974653, -0.5955862917169447 
16.60999999997463, -0.595250703036819 
16.619999999974606, -0.5946146624994215 
16.629999999974583, -0.5942243279918019 
16.63999999997456, -0.5940654267843731 
16.649999999974536, -0.5944222209405189 
16.659999999974513, -0.5961499439239515 
16.66999999997449, -0.599164031409257 
16.679999999974466, -0.5998110713188831 
16.689999999974443, -0.59950089318995 
16.69999999997442, -0.5960323076889157 
16.709999999974396, -0.5897633931619294 
16.719999999974373, -0.5879695193897415 
16.72999999997435, -0.5877005458272059 
16.739999999974327, -0.5877273627600929 
16.749999999974303, -0.5878763061626586 
16.75999999997428, -0.5880682690911987 
16.769999999974257, -0.5879763630736768 
16.779999999974233, -0.5878875133282291 
16.78999999997421, -0.5952866120898817 
16.799999999974187, -0.5904665829546506 
16.809999999974163, -0.589807768904636 
16.81999999997414, -0.5898017511062522 
16.829999999974117, -0.5895041080919512 
16.839999999974093, -0.5891007551658443 
16.84999999997407, -0.5888532875328125 
16.859999999974047, -0.5887789257764013 
16.869999999974024, -0.5895760992026863 
16.879999999974, -0.5936142803556074 
16.889999999973977, -0.598578842157372 
16.899999999973954, -0.5991250314504142 
16.90999999997393, -0.5987354514183656 
16.919999999973907, -0.5960302102693216 
16.929999999973884, -0.593174593475003 
16.93999999997386, -0.5922744048226162 
16.949999999973837, -0.5921302670425413 
16.959999999973814, -0.5922560555451007 
16.96999999997379, -0.5926309628723351 
16.979999999973767, -0.5929346175449215 
16.989999999973744, -0.5928091716563657 
16.99999999997372, -0.5921931041385061 
17.009999999973697, -0.578769768589387 
17.019999999973674, -0.5596663363889282 
17.02999999997365, -0.558795363395928 
17.039999999973627, -0.5587545412873687 
17.049999999973604, -0.5585823952726724 
17.05999999997358, -0.5584437512817597 
17.069999999973557, -0.5583300529421995 
17.079999999973534, -0.5582963870908735 
17.08999999997351, -0.5608070865044529 
17.099999999973488, -0.5824047998378481 
17.109999999973464, -0.5921001353556552 
17.11999999997344, -0.5924898487959903 
17.129999999973418, -0.5922216056741206 
17.139999999973394, -0.5912697096409338 
17.14999999997337, -0.5905354687958614 
17.159999999973348, -0.5902153752627078 
17.169999999973324, -0.5902750792970017 
17.1799999999733, -0.5909651983213324 
17.189999999973278, -0.5927191332425024 
17.199999999973254, -0.593635909059557 
17.20999999997323, -0.5935205981559708 
17.219999999973208, -0.5914081724593545 
17.229999999973185, -0.58043470758712 
17.23999999997316, -0.5759456860534772 
17.249999999973138, -0.5753290057852138 
17.259999999973115, -0.5752998965265511 
17.26999999997309, -0.5753381680579002 
17.279999999973068, -0.5754874047571806 
17.289999999973045, -0.5754662774118943 
17.29999999997302, -0.5753076915212727 
17.309999999972998, -0.5791933824175877 
17.319999999972975, -0.5888552659200391 
17.32999999997295, -0.5869667741920986 
17.339999999972928, -0.5870296817938043 
17.349999999972905, -0.5868327704481031 
17.35999999997288, -0.5863828611640386 
17.36999999997286, -0.5860779852346996 
17.379999999972835, -0.5859118834144939 
17.38999999997281, -0.5862567753824846 
17.39999999997279, -0.5887101420781453 
17.409999999972765, -0.5944873517068745 
17.41999999997274, -0.5959390306187374 
17.42999999997272, -0.5958192417236784 
17.439999999972695, -0.5941621480519058 
17.449999999972672, -0.5907229171047408 
17.45999999997265, -0.5893515618124258 
17.469999999972625, -0.5890363800024492 
17.479999999972602, -0.5890983795066504 
17.48999999997258, -0.5893966819196478 
17.499999999972555, -0.5898358553552947 
17.509999999972532, -0.5898480472531944 
17.51999999997251, -0.5894230721381459 
17.529999999972485, -0.5840671655627564 
17.539999999972462, -0.5560171661468719 
17.54999999997244, -0.5529712598614022 
17.559999999972415, -0.5528947193051003 
17.569999999972392, -0.5527876099136175 
17.57999999997237, -0.5526520270864651 
17.589999999972346, -0.552580520890101 
17.599999999972322, -0.5524604538521994 
17.6099999999723, -0.5533127033753407 
17.619999999972276, -0.5693998830994539 
17.629999999972252, -0.5895228897238822 
17.63999999997223, -0.5904773418592746 
17.649999999972206, -0.5904104895978551 
17.659999999972182, -0.5897944685753373 
17.66999999997216, -0.5890646101576297 
17.679999999972136, -0.5886928535846738 
17.689999999972112, -0.5886313879280465 
17.69999999997209, -0.5891759264052849 
17.709999999972066, -0.5910931254128233 
17.719999999972043, -0.5930276918284765 
17.72999999997202, -0.5931959262296183 
17.739999999971996, -0.5924211750609307 
17.749999999971973, -0.5860362262689205 
17.75999999997195, -0.5806005930331593 
17.769999999971926, -0.579491845274929 
17.779999999971903, -0.5793835114934934 
17.78999999997188, -0.5794343800039341 
17.799999999971856, -0.5796283101105033 
17.809999999971833, -0.579739077914832 
17.81999999997181, -0.5795729261108056 
17.829999999971786, -0.580004514725057 
17.839999999971763, -0.5831627975857163 
17.84999999997174, -0.5740869775963298 
17.859999999971716, -0.573908510844193 
17.869999999971693, -0.5738376418450009 
17.87999999997167, -0.57352507181447 
17.889999999971646, -0.5732584580736859 
17.899999999971623, -0.5730803730032671 
17.9099999999716, -0.5731675891325976 
17.919999999971576, -0.5752990924465218 
17.929999999971553, -0.5851522486318199 
17.93999999997153, -0.5899754522337631 
17.949999999971507, -0.5901829410320479 
17.959999999971483, -0.5896006427561656 
17.96999999997146, -0.5876799908805314 
17.979999999971437, -0.5864772202823886 
17.989999999971413, -0.586070995006631 
17.99999999997139, -0.5860994067493851 
18.009999999971367, -0.5865104596411739 
18.019999999971343, -0.5874011915795302 
18.02999999997132, -0.5877689307021318 
18.039999999971297, -0.5875177150545418 
18.049999999971273, -0.5840172380408958 
18.05999999997125, -0.5622809422335225 
18.069999999971227, -0.5563051138583593 
18.079999999971204, -0.5558681413265316 
18.08999999997118, -0.5558355899027922 
18.099999999971157, -0.5558082375722102 
18.109999999971134, -0.5558698606480457 
18.11999999997111, -0.5557934758480129 
18.129999999971087, -0.5557626483911717 
18.139999999971064, -0.5629954600505811 
18.14999999997104, -0.5773451879624064 
18.159999999971017, -0.5767823283892745 
18.169999999970994, -0.5768344668675861 
18.17999999997097, -0.5765898784231128 
18.189999999970947, -0.5761463391850348 
18.199999999970924, -0.5758706504682258 
18.2099999999709, -0.5757372139207758 
18.219999999970877, -0.5762578771024921 
18.229999999970854, -0.5796861607940098 
18.23999999997083, -0.5863215336223735 
18.249999999970807, -0.5874561334400371 
18.259999999970784, -0.5872744129216065 
18.26999999997076, -0.585588267713288 
18.279999999970737, -0.5830877170621444 
18.289999999970714, -0.5821405018135711 
18.29999999997069, -0.5819289386415007 
18.309999999970668, -0.5820685843817096 
18.319999999970644, -0.5825640690441465 
18.32999999997062, -0.5831577608932275 
18.339999999970598, -0.5831602837412924 
18.349999999970574, -0.5824489474460078 
18.35999999997055, -0.5693225883292969 
18.369999999970528, -0.5486579418766494 
18.379999999970504, -0.5466768809839386 
18.38999999997048, -0.5465867201846468 
18.399999999970458, -0.546531826939597 
18.409999999970434, -0.5465309502715474 
18.41999999997041, -0.5465384032177099 
18.429999999970388, -0.5464025168325664 
18.439999999970365, -0.5473786066699747 
18.44999999997034, -0.565778143340536 
18.459999999970318, -0.5662800131907346 
18.469999999970295, -0.566301432949923 
18.47999999997027, -0.566236517479822 
18.489999999970248, -0.5658809714208636 
18.499999999970225, -0.5655560087181121 
18.5099999999702, -0.5653586317119832 
18.519999999970178, -0.5654094383810017 
18.529999999970155, -0.5671368451535359 
18.53999999997013, -0.575582217895889 
18.549999999970108, -0.580752489005508 
18.559999999970085, -0.5810220458183073 
18.56999999997006, -0.5805078762552756 
18.57999999997004, -0.5786575589967348 
18.589999999970015, -0.5774295824407887 
18.59999999996999, -0.5770069923879777 
18.60999999996997, -0.5770249244713284 
18.619999999969945, -0.5774600101267126 
18.62999999996992, -0.5784868119972866 
18.6399999999699, -0.578985998846163 
18.649999999969875, -0.5787860055311209 
18.659999999969852, -0.5758830005336265 
18.66999999996983, -0.5591661995892936 
18.679999999969805, -0.5537680666763425 
18.689999999969782, -0.5532345016718655 
18.69999999996976, -0.5532111648287641 
18.709999999969735, -0.5532371941819382 
18.719999999969712, -0.5533755799007242 
18.72999999996969, -0.5533404598095868 
18.739999999969665, -0.5531677063840414 
18.749999999969642, -0.5565592159851361 
18.75999999996962, -0.5489694973341026 
18.769999999969595, -0.5454978331524488 
18.779999999969572, -0.5454707461085508 
18.78999999996955, -0.5453381495667432 
18.799999999969526, -0.5451049371774226 
18.809999999969502, -0.5449742153930373 
18.81999999996948, -0.5448481873245953 
18.829999999969456, -0.5454232075955882 
18.839999999969432, -0.5551553189037363 
18.84999999996941, -0.5765773817829359 
18.859999999969386, -0.5782815337113961 
18.869999999969362, -0.578262476917973 
18.87999999996934, -0.5776619894240269 
18.889999999969316, -0.5768223512577524 
18.899999999969292, -0.5763962331895214 
18.90999999996927, -0.5762863024103738 
18.919999999969246, -0.5767317640920827 
18.929999999969223, -0.5785138810949576 
18.9399999999692, -0.5808284927610056 
18.949999999969176, -0.581147721808562 
18.959999999969153, -0.5806147336645434 
18.96999999996913, -0.5760117194269894 
18.979999999969106, -0.5711120334748551 
18.989999999969083, -0.5699251340447135 
18.99999999996906, -0.5697722559706954 
19.009999999969036, -0.5698557020579068 
19.019999999969013, -0.5701421843791958 
19.02999999996899, -0.5703866355009868 
19.039999999968966, -0.5702557757867496 
19.049999999968943, -0.5696629254252538 
19.05999999996892, -0.5546861559502065 
19.069999999968896, -0.5358541679237817 
19.079999999968873, -0.5349104084283247 
19.08999999996885, -0.5348704079070143 
19.099999999968826, -0.5347558654457426 
19.109999999968803, -0.5347073106796557 
19.11999999996878, -0.5346464329764664 
19.129999999968756, -0.5345515952026642 
19.139999999968733, -0.5373116672301027 
19.14999999996871, -0.5626232909539332 
19.159999999968687, -0.5645875152414624 
19.169999999968663, -0.564740087965262 
19.17999999996864, -0.5645993825882976 
19.189999999968617, -0.5641609449369567 
19.199999999968593, -0.563838010905773 
19.20999999996857, -0.5636514696983084 
19.219999999968547, -0.5638539429138578 
19.229999999968523, -0.566196164532267 
19.2399999999685, -0.5744340968355894 
19.249999999968477, -0.5773883345221397 
19.259999999968453, -0.5774483900444292 
19.26999999996843, -0.5766180028924619 
19.279999999968407, -0.5745475523312082 
19.289999999968384, -0.5734929194793724 
19.29999999996836, -0.5731709519903718 
19.309999999968337, -0.573264426479544 
19.319999999968314, -0.5738054972894276 
19.32999999996829, -0.5748280454709767 
19.339999999968267, -0.5751251998190133 
19.349999999968244, -0.574768730335768 
19.35999999996822, -0.5694360463092515 
19.369999999968197, -0.5534678294660137 
19.379999999968174, -0.5501331950063513 
19.38999999996815, -0.549832436593841 
19.399999999968127, -0.5498258032392113 
19.409999999968104, -0.5498929041663304 
19.41999999996808, -0.5500397397192973 
19.429999999968057, -0.5499587801879889 
19.439999999968034, -0.549802830672508 
19.44999999996801, -0.5524848066119555 
19.459999999967987, -0.5348900386406483 
19.469999999967964, -0.5330196557409241 
19.47999999996794, -0.5329897376282317 
19.489999999967917, -0.5328515893074564 
19.499999999967894, -0.5327039196590759 
19.50999999996787, -0.532623430861213 
19.519999999967848, -0.5325121227773981 
19.529999999967824, -0.5337030989575317 
19.5399999999678, -0.5545435057973295 
19.549999999967778, -0.5695917549043141 
19.559999999967754, -0.5701162135232022 
19.56999999996773, -0.5700362140163632 
19.579999999967708, -0.5695355792355034 
19.589999999967684, -0.5690402904583121 
19.59999999996766, -0.5687772544526429 
19.609999999967638, -0.568794902186447 
19.619999999967614, -0.5698579110123227 
19.62999999996759, -0.574216887561983 
19.639999999967568, -0.5776509430872838 
19.649999999967545, -0.5778794040419175 
19.65999999996752, -0.5772355394294167 
19.669999999967498, -0.5743347031388684 
19.679999999967475, -0.5723747800950252 
19.68999999996745, -0.5717984031466792 
19.699999999967428, -0.5717622470821849 
19.709999999967405, -0.572030363035557 
19.71999999996738, -0.572695415436761 
19.729999999967358, -0.5730520587170416 
19.739999999967335, -0.5728524580854326 
19.74999999996731, -0.5703821636890927 
19.759999999967288, -0.5479055007444742 
19.769999999967265, -0.5400363850007839 
19.77999999996724, -0.5394565743611845 
19.78999999996722, -0.5394257330332637 
19.799999999967195, -0.5394138421979314 
19.80999999996717, -0.5395137767336172 
19.81999999996715, -0.5394772325413797 
19.829999999967125, -0.5393178392092997 
19.8399999999671, -0.5424849395253579 
19.84999999996708, -0.5348618757592369 
19.859999999967055, -0.5306598520457478 
19.869999999967032, -0.530604486841488 
19.87999999996701, -0.5304976375048737 
19.889999999966985, -0.5303099994934454 
19.899999999966962, -0.5302213101107027 
19.90999999996694, -0.5300989699157336 
19.919999999966915, -0.5305400647090653 
19.929999999966892, -0.5424573828144367 
19.93999999996687, -0.5666170935488584 
19.949999999966845, -0.5677663476867884 
19.959999999966822, -0.5677821735521963 
19.9699999999668, -0.567382647108955 
19.979999999966775, -0.5668243260057901 
19.989999999966752, -0.5665162068501169 
19.99999999996673, -0.5664276343071144 
20.009999999966706, -0.5670947610645399 
20.019999999966682, -0.5705082917365096 
20.02999999996666, -0.5752478569295084 
20.039999999966636, -0.5758484282741542 
20.049999999966612, -0.5755077974763266 
20.05999999996659, -0.5732391957690927 
20.069999999966566, -0.5708778747803793 
20.079999999966542, -0.5701003397052493 
20.08999999996652, -0.5699712231619682 
20.099999999966496, -0.570175010611936 
20.109999999966472, -0.5708003378809938 
20.11999999996645, -0.5713656062588612 
20.129999999966426, -0.571298732036486 
20.139999999966403, -0.570092050381901 
20.14999999996638, -0.5533383121051769 
20.159999999966356, -0.5411977756106355 
20.169999999966333, -0.5400416556743693 
20.17999999996631, -0.5399812481005613 
20.189999999966286, -0.5399710778342799 
20.199999999966263, -0.5400756366573306 
20.20999999996624, -0.5401093087642322 
20.219999999966216, -0.5399352626333049 
20.229999999966193, -0.5408033817611019 
20.23999999996617, -0.5342695098798108 
20.249999999966146, -0.5244684272187605 
20.259999999966123, -0.5242032730258455 
20.2699999999661, -0.5241457760660023 
20.279999999966076, -0.5239853599608905 
20.289999999966053, -0.5239187726079851 
20.29999999996603, -0.5238184450252673 
20.309999999966006, -0.5238620951816478 
20.319999999965983, -0.5301318824599847 
20.32999999996596, -0.5553879275631757 
20.339999999965936, -0.5561225555117706 
20.349999999965913, -0.556213041033347 
20.35999999996589, -0.5559945517884033 
20.369999999965867, -0.5555625757857665 
20.379999999965843, -0.5552977158529305 
20.38999999996582, -0.5551550725779102 
20.399999999965797, -0.5556335888302308 
20.409999999965773, -0.5597825090419378 
20.41999999996575, -0.5697497352731299 
20.429999999965727, -0.5714641794825845 
20.439999999965703, -0.5713878448447252 
20.44999999996568, -0.5703596636939795 
20.459999999965657, -0.5687901471837815 
20.469999999965633, -0.5681050155203662 
20.47999999996561, -0.5679270468283674 
20.489999999965587, -0.5681718956027821 
20.499999999965564, -0.5691105248479514 
20.50999999996554, -0.5703989017082751 
20.519999999965517, -0.5705860448625637 
20.529999999965494, -0.5699759255968767 
20.53999999996547, -0.5628943243284237 
20.549999999965447, -0.5543179546891067 
20.559999999965424, -0.5527267356863427 
20.5699999999654, -0.5525663188151096 
20.579999999965377, -0.5526091037134024 
20.589999999965354, -0.5528082109883979 
20.59999999996533, -0.5529978775794098 
20.609999999965307, -0.552867926845243 
20.619999999965284, -0.5524290815581778 
20.62999999996526, -0.5394149913966951 
20.639999999965237, -0.5200957204220059 
20.649999999965214, -0.5190853841617505 
20.65999999996519, -0.5190463083700279 
20.669999999965167, -0.5189572511095497 
20.679999999965144, -0.518951183661065 
20.68999999996512, -0.5189225187466986 
20.699999999965097, -0.5187876592829441 
20.709999999965074, -0.5207528786427327 
20.71999999996505, -0.527781990428896 
20.729999999965028, -0.5209859767642507 
20.739999999965004, -0.5208453337641917 
20.74999999996498, -0.5207755238705741 
20.759999999964958, -0.5205796780608416 
20.769999999964934, -0.520482278311968 
20.77999999996491, -0.5203703249367143 
20.789999999964888, -0.5204695089682486 
20.799999999964864, -0.5270761840498097 
20.80999999996484, -0.5544851720807507 
20.819999999964818, -0.556033826653656 
20.829999999964794, -0.5561326927908476 
20.83999999996477, -0.5558861321508012 
20.849999999964748, -0.5554130788224856 
20.859999999964725, -0.555127668363201 
20.8699999999647, -0.5549860279881885 
20.879999999964678, -0.5554728260961938 
20.889999999964655, -0.559304793373892 
20.89999999996463, -0.5680327851059634 
20.909999999964608, -0.5695576711925813 
20.919999999964585, -0.5694559968903503 
20.92999999996456, -0.5683166393501415 
20.939999999964538, -0.5666336006045989 
20.949999999964515, -0.5659255550768827 
20.95999999996449, -0.5657495799460742 
20.969999999964468, -0.5659898422955592 
20.979999999964445, -0.5668942053506368 
20.98999999996442, -0.5680974834741369 
20.9999999999644, -0.5682555925875841 
21.009999999964375, -0.5676025392273907 
21.01999999996435, -0.5600465390345722 
21.02999999996433, -0.5514158935044022 
21.039999999964305, -0.5498778060669065 
21.04999999996428, -0.5497287715029244 
21.05999999996426, -0.5497741077403517 
21.069999999964235, -0.549980655681969 
21.079999999964212, -0.55016829843763 
21.08999999996419, -0.5500322672695833 
21.099999999964165, -0.5495247118547196 
21.109999999964142, -0.5343284342268992 
21.11999999996412, -0.5159503773745013 
21.129999999964095, -0.5149891446090918 
21.139999999964072, -0.5149502564563577 
21.14999999996405, -0.5148758584739433 
21.159999999964025, -0.5148968446428082 
21.169999999964002, -0.5148798741176005 
21.17999999996398, -0.5147291232811093 
21.189999999963955, -0.5163632599307622 
21.199999999963932, -0.5126152580550967 
21.20999999996391, -0.5041164350571804 
21.219999999963886, -0.5038847080399362 
21.229999999963862, -0.5038311174565229 
21.23999999996384, -0.5037098005209772 
21.249999999963816, -0.5036976741206219 
21.259999999963792, -0.5036152233505469 
21.26999999996377, -0.5035771784348348 
21.279999999963746, -0.5092039769742581 
21.289999999963722, -0.5066079082783945 
21.2999999999637, -0.5034213062969436 
21.309999999963676, -0.5033763435111561 
21.319999999963652, -0.5032791307018128 
21.32999999996363, -0.503153628378881 
21.339999999963606, -0.5031239622659214 
21.349999999963583, -0.5030069434853581 
21.35999999996356, -0.5033553057255002 
21.369999999963536, -0.5157984701697091 
21.379999999963513, -0.5132449476248936 
21.38999999996349, -0.5123612033950659 
21.399999999963466, -0.5123465089943461 
21.409999999963443, -0.5121831932861594 
21.41999999996342, -0.5120404278560005 
21.429999999963396, -0.5119605395781694 
21.439999999963373, -0.5118576665805432 
21.44999999996335, -0.5134753835758146 
21.459999999963326, -0.5374738308856132 
21.469999999963303, -0.5431977241127387 
21.47999999996328, -0.5433554024869525 
21.489999999963256, -0.5432774796894403 
21.499999999963233, -0.5429244251359903 
21.50999999996321, -0.5426390121320873 
21.519999999963186, -0.5424644016827722 
21.529999999963163, -0.5425503343525443 
21.53999999996314, -0.5450485215289083 
21.549999999963116, -0.5589589735918924 
21.559999999963093, -0.5650360044266811 
21.56999999996307, -0.5652891028953705 
21.579999999963047, -0.5648829339091317 
21.589999999963023, -0.5637400681239743 
21.599999999963, -0.5630205942596511 
21.609999999962977, -0.5627434185882311 
21.619999999962953, -0.562878970226903 
21.62999999996293, -0.5638233315593407 
21.639999999962907, -0.5661350127708584 
21.649999999962883, -0.5670671581032973 
21.65999999996286, -0.5669158953611095 
21.669999999962837, -0.5647353243784901 
21.679999999962813, -0.5587995545133424 
21.68999999996279, -0.556703393020185 
21.699999999962767, -0.5563079548203246 
21.709999999962744, -0.5563433643731663 
21.71999999996272, -0.5565981881905875 
21.729999999962697, -0.5570537573268477 
21.739999999962674, -0.5571127925162922 
21.74999999996265, -0.5566825443860686 
21.759999999962627, -0.5495152694317212 
21.769999999962604, -0.5237517716154587 
21.77999999996258, -0.5203312575845042 
21.789999999962557, -0.520152384983943 
21.799999999962534, -0.520127951078906 
21.80999999996251, -0.5201680792432757 
21.819999999962487, -0.5202743467108855 
21.829999999962464, -0.5201671828986622 
21.83999999996244, -0.5200019137871605 
21.849999999962417, -0.5155833258585051 
21.859999999962394, -0.49306276841980956 
21.86999999996237, -0.49152765579891955 
21.879999999962347, -0.4914794151477467 
21.889999999962324, -0.49142506147262693 
21.8999999999623, -0.4914703058490783 
21.909999999962277, -0.4915177179450692 
21.919999999962254, -0.4913553342073692 
21.92999999996223, -0.4911019407538376 
21.939999999962208, -0.47112175821860175 
21.949999999962184, -0.4581196076429065 
21.95999999996216, -0.4574195179691486 
21.969999999962138, -0.45739923530262294 
21.979999999962114, -0.4574619406515783 
21.98999999996209, -0.4577532150215447 
21.999999999962068, -0.4578692433415172 
22.009999999962044, -0.457556304273071 
22.01999999996202, -0.4529261436273878 
22.029999999961998, -0.43959275558030614 
22.039999999961974, -0.4370525802885332 
22.04999999996195, -0.4367433569932505 
22.059999999961928, -0.4368637647415231 
22.069999999961905, -0.43752207340292976 
22.07999999996188, -0.4387928063520971 
22.089999999961858, -0.4390870673316041 
22.099999999961835, -0.4386737839879227 
22.10999999996181, -0.4363968604713196 
22.119999999961788, -0.43467663532222556 
22.129999999961765, -0.4342033583584636 
22.13999999996174, -0.43420591852223916 
22.149999999961718, -0.4351598668109322 
22.159999999961695, -0.4405642844746265 
22.16999999996167, -0.4453565758767566 
22.179999999961648, -0.4456875314876533 
22.189999999961625, -0.4454147921948288 
22.1999999999616, -0.4447605876942106 
22.20999999996158, -0.4444102182608693 
22.219999999961555, -0.44425270373624604 
22.22999999996153, -0.44454554190842716 
22.23999999996151, -0.4508942116228182 
22.249999999961485, -0.476976737726693 
22.25999999996146, -0.4786362303126437 
22.26999999996144, -0.4787086698586751 
22.279999999961415, -0.47852612208182427 
22.289999999961392, -0.47827561360981036 
22.29999999996137, -0.4781663002676504 
22.309999999961345, -0.47805001809832803 
22.319999999961322, -0.4787164579272835 
22.3299999999613, -0.49535465465783857 
22.339999999961275, -0.5022271724595843 
22.349999999961252, -0.5018376510674348 
22.35999999996123, -0.5018251933108885 
22.369999999961205, -0.5016396825209779 
22.379999999961182, -0.5014880314252765 
22.38999999996116, -0.501401481285783 
22.399999999961135, -0.5013077039470089 
22.409999999961112, -0.5032143420190248 
22.41999999996109, -0.5271993137518308 
22.429999999961066, -0.5294876652150252 
22.439999999961042, -0.5295531973761461 
22.44999999996102, -0.5294759322772701 
22.459999999960996, -0.529176106431839 
22.469999999960972, -0.5289619101501659 
22.47999999996095, -0.5288151767447192 
22.489999999960926, -0.5289164690661551 
22.499999999960902, -0.5326248718087793 
22.50999999996088, -0.5549083946945496 
22.519999999960856, -0.5607163593229608 
22.529999999960832, -0.560927082603513 
22.53999999996081, -0.5606028532152351 
22.549999999960786, -0.5598201001953955 
22.559999999960763, -0.5593333217231103 
22.56999999996074, -0.5591272004501545 
22.579999999960716, -0.5593769245988607 
22.589999999960693, -0.5610225892877939 
22.59999999996067, -0.5651108594720512 
22.609999999960646, -0.5663932512079503 
22.619999999960623, -0.566274914888905 
22.6299999999606, -0.5646478324349943 
22.639999999960576, -0.5613457410630815 
22.649999999960553, -0.5600763679103279 
22.65999999996053, -0.5597801017490379 
22.669999999960506, -0.55987965540041 
22.679999999960483, -0.5603412927424801 
22.68999999996046, -0.5610736693863514 
22.699999999960436, -0.5611902144378693 
22.709999999960413, -0.5606599823060034 
22.71999999996039, -0.5520962138675883 
22.729999999960366, -0.5354751712206142 
22.739999999960343, -0.533021360585308 
22.74999999996032, -0.5328370829569276 
22.759999999960296, -0.5328422461042599 
22.769999999960273, -0.5329570685153444 
22.77999999996025, -0.5331133409443831 
22.789999999960227, -0.5330013581842096 
22.799999999960203, -0.5326680354267777 
22.80999999996018, -0.5227919404796785 
22.819999999960157, -0.5010170351181971 
22.829999999960133, -0.49967088410634414 
22.83999999996011, -0.4996244972992889 
22.849999999960087, -0.4995719799564553 
22.859999999960063, -0.4996232696306009 
22.86999999996004, -0.4996573857017564 
22.879999999960017, -0.49948881554239694 
22.889999999959993, -0.49950779426206365 
22.89999999995997, -0.4806714926249681 
22.909999999959947, -0.46850899601432905 
22.919999999959924, -0.4679342903866685 
22.9299999999599, -0.46791270964055043 
22.939999999959877, -0.4679373228312309 
22.949999999959854, -0.4681459830459546 
22.95999999995983, -0.4681958499069762 
22.969999999959807, -0.46787125804320073 
22.979999999959784, -0.46261691893204765 
22.98999999995976, -0.44316325306594867 
22.999999999959737, -0.43998752369821637 
23.009999999959714, -0.43968937658967233 
23.01999999995969, -0.43977256399143433 
23.029999999959667, -0.44023157589160783 
23.039999999959644, -0.4410668373477912 
23.04999999995962, -0.44122411770325887 
23.059999999959597, -0.4406593825989125 
23.069999999959574, -0.4371194799802497 
23.07999999995955, -0.43459602512289 
23.089999999959527, -0.4340040233049799 
23.099999999959504, -0.4339844659218362 
23.10999999995948, -0.4346934726510965 
23.119999999959457, -0.4381069414940316 
23.129999999959434, -0.441187460064331 
23.13999999995941, -0.4414215507087362 
23.149999999959388, -0.4410275512366497 
23.159999999959364, -0.440125436784704 
23.16999999995934, -0.4396726467512398 
23.179999999959318, -0.4395011881172773 
23.189999999959294, -0.4398469240261625 
23.19999999995927, -0.4451927473320169 
23.209999999959248, -0.4670492576007844 
23.219999999959224, -0.46946165609977836 
23.2299999999592, -0.4695389591883797 
23.239999999959178, -0.4693067026481533 
23.249999999959154, -0.46900711522667493 
23.25999999995913, -0.468872095181136 
23.269999999959108, -0.46876186174459383 
23.279999999959085, -0.4696236167904218 
23.28999999995906, -0.48808002875099354 
23.299999999959038, -0.4964931878733427 
23.309999999959015, -0.49628643929097704 
23.31999999995899, -0.49626866983269224 
23.329999999958968, -0.4960743652929906 
23.339999999958945, -0.4959294371109002 
23.34999999995892, -0.49584259491424093 
23.359999999958898, -0.4957557108392919 
23.369999999958875, -0.4979794233896575 
23.37999999995885, -0.5207549769178813 
23.389999999958828, -0.5202226282648638 
23.399999999958805, -0.5202279652937007 
23.40999999995878, -0.520150210650885 
23.41999999995876, -0.5198897163955464 
23.429999999958735, -0.5197264408366485 
23.43999999995871, -0.5195971593446596 
23.44999999995869, -0.5197067282564325 
23.459999999958665, -0.5247389474168163 
23.46999999995864, -0.5524635126524533 
23.47999999995862, -0.5564019146986239 
23.489999999958595, -0.5565565946208465 
23.499999999958572, -0.5562801024615315 
23.50999999995855, -0.5556883631167008 
23.519999999958525, -0.5553265514808583 
23.529999999958502, -0.5551603713030301 
23.53999999995848, -0.5555270321204477 
23.549999999958455, -0.5581634537801489 
23.559999999958432, -0.5646322384304788 
23.56999999995841, -0.5661499078814355 
23.579999999958385, -0.5660513606405555 
23.589999999958362, -0.5647719044244698 
23.59999999995834, -0.5626238946858027 
23.609999999958315, -0.5617457819611537 
23.619999999958292, -0.5615237232316377 
23.62999999995827, -0.5617016891287306 
23.639999999958246, -0.5624189985455426 
23.649999999958222, -0.5634670550761662 
23.6599999999582, -0.5636303338152779 
23.669999999958176, -0.5630440252670055 
23.679999999958152, -0.5553861837072959 
23.68999999995813, -0.544886020832748 
23.699999999958106, -0.5430738172368211 
23.709999999958082, -0.5429020320659452 
23.71999999995806, -0.5429374037388625 
23.729999999958036, -0.5431248105162718 
23.739999999958012, -0.5433237386832129 
23.74999999995799, -0.5432041460959806 
23.759999999957966, -0.5426787781101752 
23.769999999957943, -0.5281059272362737 
23.77999999995792, -0.5082285172062123 
23.789999999957896, -0.5070515448456557 
23.799999999957873, -0.5070073438446779 
23.80999999995785, -0.5069568218566439 
23.819999999957826, -0.507013325677241 
23.829999999957803, -0.5070341739091941 
23.83999999995778, -0.5068619278345549 
23.849999999957756, -0.5072291293102332 
23.859999999957733, -0.49025120499054575 
23.86999999995771, -0.4792460850407818 
23.879999999957686, -0.478794162208787 
23.889999999957663, -0.4787672029782393 
23.89999999995764, -0.47875368899006787 
23.909999999957616, -0.4788913442818637 
23.919999999957593, -0.47888832109340007 
23.92999999995757, -0.4785924979112042 
23.939999999957546, -0.4741169341336671 
23.949999999957523, -0.4482013100069669 
23.9599999999575, -0.4444201657200892 
23.969999999957476, -0.44416183426128775 
23.979999999957453, -0.444209552689874 
23.98999999995743, -0.4445082577469566 
23.999999999957407, -0.4450368501388438 
24.009999999957383, -0.44508676170057637 
24.01999999995736, -0.44434847013388595 
24.029999999957337, -0.4385202599288309 
24.039999999957313, -0.43451958976450616 
24.04999999995729, -0.4337588093357117 
24.059999999957267, -0.43371175672597007 
24.069999999957243, -0.4342094969504376 
24.07999999995722, -0.4363086846303976 
24.089999999957197, -0.4381968467023012 
24.099999999957173, -0.4383241353677998 
24.10999999995715, -0.437740944251791 
24.119999999957127, -0.4364178640351672 
24.129999999957104, -0.4358119764345522 
24.13999999995708, -0.4356200311651486 
24.149999999957057, -0.4359697347666286 
24.159999999957034, -0.4399468154605812 
24.16999999995701, -0.4552951093158388 
24.179999999956987, -0.45782142685820043 
24.189999999956964, -0.4578849861086548 
24.19999999995694, -0.45758178230561225 
24.209999999956917, -0.45721477823719175 
24.219999999956894, -0.457050168975332 
24.22999999995687, -0.45695124841511303 
24.239999999956847, -0.4580191178514796 
24.249999999956824, -0.47795060109314247 
24.2599999999568, -0.4876072502699597 
24.269999999956777, -0.487537150043854 
24.279999999956754, -0.4875131945004243 
24.28999999995673, -0.4873155415073804 
24.299999999956707, -0.4871852118830294 
24.309999999956684, -0.4871027507896967 
24.31999999995666, -0.4870170872582385 
24.329999999956637, -0.48952257205623234 
24.339999999956614, -0.5065676244033669 
24.34999999995659, -0.5021674690566571 
24.359999999956568, -0.5020679665227588 
24.369999999956544, -0.5020017130782827 
24.37999999995652, -0.5018188135015762 
24.389999999956498, -0.5017441108653911 
24.399999999956474, -0.5016446509339622 
24.40999999995645, -0.5016806958636176 
24.419999999956428, -0.5082036819566718 
24.429999999956404, -0.5239846936843554 
24.43999999995638, -0.5224379247289298 
24.449999999956358, -0.5224619704423322 
24.459999999956334, -0.5223159288911371 
24.46999999995631, -0.5220686502883755 
24.479999999956288, -0.5219402700355271 
24.489999999956265, -0.5218170260832159 
24.49999999995624, -0.5223906326402967 
24.509999999956218, -0.5342767768836112 
24.519999999956195, -0.5575881940171311 
24.52999999995617, -0.5588362423423932 
24.539999999956148, -0.5588355457127576 
24.549999999956125, -0.5584026016320754 
24.5599999999561, -0.5578414849893517 
24.569999999956078, -0.5575419277035075 
24.579999999956055, -0.5574706189397712 
24.58999999995603, -0.5582288558420693 
24.599999999956008, -0.5621769551576129 
24.609999999955985, -0.567255136189822 
24.61999999995596, -0.5678205149791858 
24.62999999995594, -0.5674749860567332 
24.639999999955915, -0.565464487088943 
24.64999999995589, -0.5635805172605799 
24.65999999995587, -0.5629403418394452 
24.669999999955845, -0.5628499000346496 
24.67999999995582, -0.56313615778057 
24.6899999999558, -0.5639977673572439 
24.699999999955775, -0.5647224401533634 
24.709999999955752, -0.5646682102461559 
24.71999999995573, -0.5632704895579762 
24.729999999955705, -0.5502674056424594 
24.739999999955682, -0.5427657933729128 
24.74999999995566, -0.541817946722209 
24.759999999955635, -0.5417627414350339 
24.769999999955612, -0.5418128855064346 
24.77999999995559, -0.5420247506209053 
24.789999999955565, -0.5421072853398785 
24.799999999955542, -0.5418946705286876 
24.80999999995552, -0.5412796039690051 
24.819999999955495, -0.5178351929000637 
24.829999999955472, -0.5082810091174992 
24.83999999995545, -0.5079004000026073 
24.849999999955426, -0.5078632761334037 
24.859999999955402, -0.5078090841527981 
24.86999999995538, -0.5078708528743909 
24.879999999955356, -0.5078149593712328 
24.889999999955332, -0.5076598941181877 
24.89999999995531, -0.5097730301881256 
24.909999999955286, -0.4897071144661383 
24.919999999955262, -0.4855806155052134 
24.92999999995524, -0.4854599525711472 
24.939999999955216, -0.485411261495273 
24.949999999955192, -0.48539969037880365 
24.95999999995517, -0.4854830700033386 
24.969999999955146, -0.4853836846483963 
24.979999999955123, -0.48511043850445806 
24.9899999999551, -0.4757382404087344 
24.999999999955076, -0.4526594126829186 
