t, s[1].omega / s[0].omega 
0, -0.5499977421749701 
0.009999999999999995, -0.5497768444083934 
0.019999999999999934, -0.5495612205095225 
0.029999999999999874, -0.5493396384177418 
0.04000000000000012, -0.5490986134367671 
0.050000000000000405, -0.5488271139147829 
0.06000000000000069, -0.5485193070799599 
0.07000000000000098, -0.5481749501548978 
0.08000000000000126, -0.5477984836654328 
0.09000000000000155, -0.5473982448785649 
0.10000000000000184, -0.5469868071456221 
0.11000000000000212, -0.5465829592161672 
0.12000000000000241, -0.5462155918516509 
0.130000000000002, -0.5459296394363496 
0.1400000000000009, -0.545793845050474 
0.1499999999999998, -0.5459088504485974 
0.1599999999999987, -0.546411051377359 
0.1699999999999976, -0.5474621670139349 
0.1799999999999965, -0.5492088311243271 
0.1899999999999954, -0.5517016694974382 
0.1999999999999943, -0.5547990339167203 
0.2099999999999932, -0.5581411632891514 
0.2199999999999921, -0.561277559633067 
0.229999999999991, -0.5638820197335846 
0.2399999999999899, -0.5658636447919305 
0.2499999999999888, -0.5673037272127363 
0.2599999999999877, -0.5683346352200391 
0.2699999999999866, -0.5690686763624637 
0.2799999999999855, -0.569583337824487 
0.2899999999999844, -0.5699293254126493 
0.2999999999999833, -0.5701401662398836 
0.3099999999999822, -0.5702379939530299 
0.3199999999999811, -0.5702362494945625 
0.32999999999998, -0.5701407849649491 
0.3399999999999789, -0.5699504009672614 
0.3499999999999778, -0.5696575893152225 
0.35999999999997667, -0.5692503266943256 
0.36999999999997557, -0.568715851940059 
0.37999999999997447, -0.5680468497198622 
0.38999999999997337, -0.5672487807699531 
0.39999999999997227, -0.5663447723485264 
0.40999999999997117, -0.5653739361931047 
0.41999999999997006, -0.5643823871118555 
0.42999999999996896, -0.5634114809783488 
0.43999999999996786, -0.5624896147254087 
0.44999999999996676, -0.5616306914029452 
0.45999999999996566, -0.5608378581638215 
0.46999999999996456, -0.560109145435128 
0.47999999999996346, -0.5594423740395984 
0.48999999999996235, -0.5588383845162962 
0.49999999999996125, -0.558302879900879 
0.5099999999999602, -0.5578475943424841 
0.519999999999959, -0.5574913803696113 
0.529999999999958, -0.5572615251739287 
0.5399999999999568, -0.5571953623769487 
0.5499999999999557, -0.5573420492533165 
0.5599999999999546, -0.5577641208004731 
0.5699999999999535, -0.5585379308810118 
0.5799999999999524, -0.5597511307796693 
0.5899999999999513, -0.5614938224403005 
0.5999999999999502, -0.5638385265424334 
0.6099999999999491, -0.5668049983318695 
0.619999999999948, -0.5703141306878081 
0.6299999999999469, -0.5741539497477339 
0.6399999999999458, -0.5779976045854973 
0.6499999999999447, -0.5814942877639359 
0.6599999999999436, -0.5843896376731719 
0.6699999999999425, -0.5865919849156415 
0.6799999999999414, -0.5881496629174149 
0.6899999999999403, -0.5891811648381092 
0.6999999999999392, -0.5898140290511342 
0.7099999999999381, -0.5901535694988238 
0.719999999999937, -0.5902745956525715 
0.7299999999999359, -0.5902235372345785 
0.7399999999999348, -0.5900227970114013 
0.7499999999999337, -0.5896738456518901 
0.7599999999999326, -0.5891582363820991 
0.7699999999999315, -0.5884371990871841 
0.7799999999999304, -0.5874519839875927 
0.7899999999999293, -0.5861292969495503 
0.7999999999999282, -0.5843979826217423 
0.8099999999999271, -0.5822204405439546 
0.819999999999926, -0.5796301224291466 
0.8299999999999249, -0.5767502132140633 
0.8399999999999238, -0.5737704164218587 
0.8499999999999227, -0.5708897370591366 
0.8599999999999216, -0.568261981318648 
0.8699999999999205, -0.5659727723397108 
0.8799999999999194, -0.5640473420871672 
0.8899999999999183, -0.5624717487058992 
0.8999999999999172, -0.5612130035504892 
0.9099999999999161, -0.5602325629207349 
0.919999999999915, -0.5594935094674689 
0.9299999999999139, -0.558963601524223 
0.9399999999999128, -0.5586161748093373 
0.9499999999999117, -0.5584301651364393 
0.9599999999999106, -0.5583899061623809 
0.9699999999999095, -0.558484961442303 
0.9799999999999084, -0.5587100135104343 
0.9899999999999073, -0.5590646531733673 
0.9999999999999062, -0.5595526991889538 
1.0099999999999052, -0.5601803990425145 
1.019999999999904, -0.560952630432158 
1.029999999999903, -0.5618664128361162 
1.039999999999902, -0.5629022493188057 
1.0499999999999008, -0.5640163702625706 
1.0599999999998997, -0.5651396618538675 
1.0699999999998986, -0.5661884364382427 
1.0799999999998975, -0.5670853254956777 
1.0899999999998964, -0.5677795738532698 
1.0999999999998953, -0.568255016224877 
1.1099999999998942, -0.5685234816725134 
1.119999999999893, -0.5686109198664433 
1.129999999999892, -0.5685445932246972 
1.1399999999998909, -0.5683449333899591 
1.1499999999998898, -0.5680214202886538 
1.1599999999998887, -0.5675703331037674 
1.1699999999998876, -0.5669723930787536 
1.1799999999998865, -0.5661888720584268 
1.1899999999998854, -0.5651552891895507 
1.1999999999998843, -0.5637729274767297 
1.2099999999998832, -0.5619017366900747 
1.219999999999882, -0.5593661529112898 
1.229999999999881, -0.555996477569795 
1.2399999999998799, -0.5517250455459605 
1.2499999999998788, -0.5467061046359182 
1.2599999999998777, -0.5413515616269391 
1.2699999999998766, -0.5361992839500097 
1.2799999999998755, -0.5316958646626032 
1.2899999999998744, -0.5280640105829979 
1.2999999999998733, -0.5253137299148867 
1.3099999999998722, -0.5233286895372259 
1.319999999999871, -0.5219490596843949 
1.32999999999987, -0.5210210630906351 
1.3399999999998689, -0.5204173492897711 
1.3499999999998678, -0.5200406593538369 
1.3599999999998666, -0.51982031667293 
1.3699999999998655, -0.5197067181167452 
1.3799999999998644, -0.5196660987296607 
1.3899999999998633, -0.5196763684716725 
1.3999999999998622, -0.519724175705424 
1.4099999999998611, -0.5198030635525298 
1.41999999999986, -0.5199123604286324 
1.429999999999859, -0.5200561598233102 
1.4399999999998578, -0.520241484423906 
1.4499999999998567, -0.520474821026083 
1.4599999999998556, -0.5207570182145278 
1.4699999999998545, -0.5210780156936563 
1.4799999999998534, -0.5214142254963456 
1.4899999999998523, -0.5217312253492212 
1.4999999999998512, -0.5219918254699266 
1.5099999999998501, -0.5221658007547977 
1.519999999999849, -0.522236090138914 
1.529999999999848, -0.5221988847734558 
1.5399999999998468, -0.5220591265923229 
1.5499999999998457, -0.5218247538079914 
1.5599999999998446, -0.5215020522631469 
1.5699999999998435, -0.5210926821186135 
1.5799999999998424, -0.5205918201506426 
1.5899999999998413, -0.5199864798365353 
1.5999999999998402, -0.5192529437568184 
1.6099999999998391, -0.51835197280946 
1.619999999999838, -0.5172201336763225 
1.629999999999837, -0.5157565407763276 
1.6399999999998358, -0.5138105404669814 
1.6499999999998347, -0.5111926108358829 
1.6599999999998336, -0.5077485680782532 
1.6699999999998325, -0.5035061652291024 
1.6799999999998314, -0.4987881243827805 
1.6899999999998303, -0.4941306589207025 
1.6999999999998292, -0.4900329444980659 
1.709999999999828, -0.48676197401555676 
1.719999999999827, -0.484340139751852 
1.729999999999826, -0.48264400046635086 
1.7399999999998248, -0.4815043165587176 
1.7499999999998237, -0.4807636053442398 
1.7599999999998226, -0.4802970049808336 
1.7699999999998215, -0.4800135985293995 
1.7799999999998204, -0.47985048590330004 
1.7899999999998193, -0.4797656676215561 
1.7999999999998182, -0.479732029984988 
1.809999999999817, -0.4797329979681396 
1.819999999999816, -0.47975977555683197 
1.8299999999998149, -0.4798098530764259 
1.8399999999998138, -0.4798862643475368 
1.8499999999998127, -0.47999679845623267 
1.8599999999998116, -0.4801521434134983 
1.8699999999998105, -0.4803621252113227 
1.8799999999998094, -0.48063013691568496 
1.8899999999998083, -0.48094740482546905 
1.8999999999998072, -0.4812900976134572 
1.909999999999806, -0.48162210310057274 
1.919999999999805, -0.4819035990092968 
1.9299999999998039, -0.4821015369273156 
1.9399999999998028, -0.4821964710930051 
1.9499999999998017, -0.48218287295639445 
1.9599999999998006, -0.48206445114568036 
1.9699999999997995, -0.4818479722887954 
1.9799999999997984, -0.4815380471308884 
1.9899999999997973, -0.4811334098231367 
1.9999999999997962, -0.48062395234465416 
2.0099999999998173, -0.479987295303808 
2.0199999999998384, -0.4791835233835557 
2.0299999999998595, -0.4781467255674636 
2.0399999999998806, -0.47677291066541044 
2.0499999999999017, -0.47490822844583913 
2.059999999999923, -0.47235321902526206 
2.069999999999944, -0.4689154409095065 
2.079999999999965, -0.46453431795445355 
2.089999999999986, -0.45942174849579587 
2.100000000000007, -0.4540671980301287 
2.1100000000000283, -0.4490398120317769 
2.1200000000000494, -0.4447468187482956 
2.1300000000000705, -0.4413394877470308 
2.1400000000000916, -0.4387715323046469 
2.1500000000001127, -0.4369029010286999 
2.160000000000134, -0.4355761569135064 
2.170000000000155, -0.4346533553275879 
2.180000000000176, -0.4340268456044994 
2.190000000000197, -0.433617975776346 
2.2000000000002182, -0.4333719219018885 
2.2100000000002393, -0.43325232000173486 
2.2200000000002604, -0.43323697208630163 
2.2300000000002815, -0.4333148566110327 
2.2400000000003026, -0.43348426382841493 
2.2500000000003237, -0.4337516569247318 
2.260000000000345, -0.43413060335056164 
2.270000000000366, -0.4346397640112106 
2.280000000000387, -0.435298607431604 
2.290000000000408, -0.43611964776528056 
2.3000000000004293, -0.4370973024518155 
2.3100000000004504, -0.4381965517397923 
2.3200000000004715, -0.4393485361889578 
2.3300000000004926, -0.4404607435943544 
2.3400000000005137, -0.4414415303980623 
2.3500000000005348, -0.4422262922433452 
2.360000000000556, -0.4427895997123416 
2.370000000000577, -0.44313916955921845 
2.380000000000598, -0.4433002573172676 
2.390000000000619, -0.44330084377618056 
2.4000000000006403, -0.4431621393368245 
2.4100000000006614, -0.442893722072529 
2.4200000000006825, -0.4424908999487972 
2.4300000000007036, -0.44193234236481754 
2.4400000000007247, -0.4411772504114156 
2.450000000000746, -0.440163140491026 
2.460000000000767, -0.43880822348886256 
2.470000000000788, -0.4370259890984629 
2.480000000000809, -0.43475961221822634 
2.49000000000083, -0.4320311737439423 
2.5000000000008513, -0.4289751331703718 
2.5100000000008724, -0.42581666932887535 
2.5200000000008935, -0.4227955514116683 
2.5300000000009146, -0.4200884965427645 
2.5400000000009357, -0.4177783800595282 
2.550000000000957, -0.41587011846643396 
2.560000000000978, -0.41432439478375915 
2.570000000000999, -0.41308659750896615 
2.58000000000102, -0.41210414186542693 
2.5900000000010412, -0.411334286365541 
2.6000000000010624, -0.4107464928069279 
2.6100000000010835, -0.41032244649842375 
2.6200000000011046, -0.41005555394942605 
2.6300000000011257, -0.4099508243992271 
2.6400000000011468, -0.41002552927949765 
2.650000000001168, -0.41031073299737875 
2.660000000001189, -0.41085347439295195 
2.67000000000121, -0.4117187788301103 
2.680000000001231, -0.41298943944318134 
2.6900000000012523, -0.41475929586021143 
2.7000000000012734, -0.4171129682224451 
2.7100000000012945, -0.42008477387998794 
2.7200000000013156, -0.4235998336793726 
2.7300000000013367, -0.42742818777309655 
2.740000000001358, -0.43120907420492954 
2.750000000001379, -0.43457090077189575 
2.7600000000014, -0.43727518544605504 
2.770000000001421, -0.4392727938750928 
2.780000000001442, -0.4406522403989457 
2.7900000000014633, -0.4415527665777108 
2.8000000000014844, -0.44210473828325114 
2.8100000000015055, -0.4424072306510878 
2.8200000000015266, -0.4425271174365206 
2.8300000000015477, -0.44250525624814385 
2.840000000001569, -0.4423629427571704 
2.85000000000159, -0.4421068300516387 
2.860000000001611, -0.4417327434788764 
2.870000000001632, -0.4412297089056046 
2.8800000000016532, -0.44058573364406983 
2.8900000000016743, -0.43979613200673695 
2.9000000000016954, -0.4388728464635291 
2.9100000000017165, -0.4378500330581633 
2.9200000000017377, -0.43678056737203474 
2.9300000000017588, -0.43572306475249106 
2.94000000000178, -0.43472614440894886 
2.950000000001801, -0.43381845008753717 
2.960000000001822, -0.4330078360786057 
2.970000000001843, -0.43228717690147744 
2.9800000000018643, -0.4316422056744818 
2.9900000000018854, -0.43105805562087934 
3.0000000000019065, -0.43052331503192065 
3.0100000000019276, -0.43003196395471743 
3.0200000000019487, -0.4295842266673338 
3.03000000000197, -0.4291873807927109 
3.040000000001991, -0.428857299937284 
3.050000000002012, -0.4286212523648487 
3.060000000002033, -0.4285222850227012 
3.070000000002054, -0.4286252007147852 
3.0800000000020753, -0.42902320891506285 
3.0900000000020964, -0.42984189840194126 
3.1000000000021175, -0.43123204060139714 
3.1100000000021386, -0.433335169770286 
3.1200000000021597, -0.4362039695662334 
3.130000000002181, -0.43968742802695254 
3.140000000002202, -0.44336763651455335 
3.150000000002223, -0.4466832189545289 
3.160000000002244, -0.4492211355368207 
3.1700000000022652, -0.45091039668177635 
3.1800000000022863, -0.4519406178393279 
3.1900000000023074, -0.45255837778264396 
3.2000000000023285, -0.45294507245928717 
3.2100000000023496, -0.4532016200275775 
3.2200000000023707, -0.4533757237385353 
3.230000000002392, -0.45348820977778 
3.240000000002413, -0.4535481417006664 
3.250000000002434, -0.4535595486282891 
3.260000000002455, -0.45352392438936295 
3.2700000000024763, -0.45344113585733004 
3.2800000000024974, -0.4533101188874169 
3.2900000000025185, -0.45313007003344447 
3.3000000000025396, -0.45290240614366095 
3.3100000000025607, -0.45263319364806903 
3.3200000000025818, -0.45233496699969866 
3.330000000002603, -0.45202634115299745 
3.340000000002624, -0.45172840315414586 
3.350000000002645, -0.45145868973477643 
3.360000000002666, -0.45122537721221134 
3.3700000000026873, -0.4510245663027062 
3.3800000000027084, -0.4508419975006722 
3.3900000000027295, -0.45065824013691796 
3.4000000000027506, -0.45045471732072445 
3.4100000000027717, -0.4502178721024344 
3.420000000002793, -0.44994031083322217 
3.430000000002814, -0.449619583477061 
3.440000000002835, -0.44925607520404787 
3.450000000002856, -0.44885117881040726 
3.460000000002877, -0.44840620365300143 
3.4700000000028983, -0.44792189446105 
3.4800000000029194, -0.44739799544622666 
3.4900000000029405, -0.4468316669044407 
3.5000000000029616, -0.44621231545986745 
3.5100000000029827, -0.44550851933678726 
3.520000000003004, -0.44464237844590854 
3.530000000003025, -0.44345578161938404 
3.540000000003046, -0.4417037586841051 
3.550000000003067, -0.4391454804693371 
3.5600000000030882, -0.4357490140148735 
3.5700000000031094, -0.4318371956219121 
3.5800000000031305, -0.4279598434829316 
3.5900000000031516, -0.42459057759606045 
3.6000000000031727, -0.421946087059798 
3.6100000000031938, -0.42001504985517474 
3.620000000003215, -0.4186722538334444 
3.630000000003236, -0.41776917144047543 
3.640000000003257, -0.41717718069966825 
3.650000000003278, -0.41679913264010604 
3.6600000000032993, -0.4165669345956099 
3.6700000000033204, -0.4164352050139536 
3.6800000000033415, -0.41637518208134583 
3.6900000000033626, -0.4163701436397645 
3.7000000000033837, -0.416412441724586 
3.710000000003405, -0.41650185575244364 
3.720000000003426, -0.4166447653229346 
3.730000000003447, -0.41685339667291654 
3.740000000003468, -0.41714410964405035 
3.750000000003489, -0.41753359852552335 
3.7600000000035103, -0.4180323662814175 
3.7700000000035314, -0.41863624159853385 
3.7800000000035525, -0.4193189940339921 
3.7900000000035736, -0.42003109024101937 
3.8000000000035947, -0.4207085593381848 
3.810000000003616, -0.42128995536013925 
3.820000000003637, -0.4217325131659189 
3.830000000003658, -0.42201858430618905 
3.840000000003679, -0.4221510285267862 
3.8500000000037002, -0.4221430845148383 
3.8600000000037213, -0.42200867982207 
3.8700000000037424, -0.4217556569595846 
3.8800000000037635, -0.42138140344240443 
3.8900000000037847, -0.42086931229371033 
3.9000000000038058, -0.4201847496925583 
3.910000000003827, -0.4192702421207473 
3.920000000003848, -0.4180417966800564 
3.930000000003869, -0.4163925014722801 
3.94000000000389, -0.4142148159757979 
3.9500000000039113, -0.41145133667885736 
3.9600000000039324, -0.4081611034613677 
3.9700000000039535, -0.40455081072703447 
3.9800000000039746, -0.40092190784024356 
3.9900000000039957, -0.3975579848306298 
4.000000000004016, -0.3946368602508645 
4.010000000003993, -0.39221569831854775 
4.02000000000397, -0.3902673960371017 
4.030000000003946, -0.3887259449080709 
4.040000000003923, -0.387518275831322 
4.0500000000039, -0.38658034087964166 
4.0600000000038765, -0.3858628025556804 
4.070000000003853, -0.38533166987224565 
4.08000000000383, -0.384967233793007 
4.090000000003807, -0.3847630081849989 
4.100000000003783, -0.38472543129813713 
4.11000000000376, -0.38487460826106923 
4.120000000003737, -0.38524609206269295 
4.130000000003713, -0.38589333089930883 
4.14000000000369, -0.38688961985678066 
4.150000000003667, -0.38832675086579627 
4.1600000000036434, -0.390304755613552 
4.17000000000362, -0.3929041705396754 
4.180000000003597, -0.39613416468622453 
4.1900000000035735, -0.39986722234785793 
4.20000000000355, -0.4038068630872621 
4.210000000003527, -0.40755095562108384 
4.220000000003504, -0.4107456340141929 
4.23000000000348, -0.4132175690571865 
4.240000000003457, -0.4149847969616574 
4.250000000003434, -0.41617394756434356 
4.26000000000341, -0.4169333311652486 
4.270000000003387, -0.41738697727986984 
4.280000000003364, -0.4176234015388197 
4.2900000000033405, -0.4176999403786768 
4.300000000003317, -0.41765044260671924 
4.310000000003294, -0.4174918163512345 
4.320000000003271, -0.41722887335355024 
4.330000000003247, -0.4168583847684162 
4.340000000003224, -0.41637366900322803 
4.350000000003201, -0.41577073221086003 
4.360000000003177, -0.41505564853075966 
4.370000000003154, -0.41425054097197933 
4.380000000003131, -0.41339393957251913 
4.390000000003107, -0.4125332198281434 
4.400000000003084, -0.41171209027626476 
4.410000000003061, -0.4109598128765201 
4.4200000000030375, -0.4102871312957519 
4.430000000003014, -0.4096890606983658 
4.440000000002991, -0.40915138110186416 
4.450000000002968, -0.4086573363362981 
4.460000000002944, -0.4081924059994434 
4.470000000002921, -0.4077466655861586 
4.480000000002898, -0.40731540233853014 
4.490000000002874, -0.4068990623917362 
4.500000000002851, -0.4065034537202729 
4.510000000002828, -0.4061407869349979 
4.520000000002804, -0.4058318264603278 
4.530000000002781, -0.4056090832315893 
4.540000000002758, -0.405520230643151 
4.5500000000027345, -0.40562902793169586 
4.560000000002711, -0.40600701868307076 
4.570000000002688, -0.40670351331446597 
4.580000000002665, -0.4076813388081306 
4.590000000002641, -0.4087340414684899 
4.600000000002618, -0.409472750195165 
4.610000000002595, -0.40950163976873694 
4.620000000002571, -0.40871139161526526 
4.630000000002548, -0.4073729090755919 
4.640000000002525, -0.40591059690019576 
4.6500000000025015, -0.40463526848274645 
4.660000000002478, -0.403665951953273 
4.670000000002455, -0.4029909125244798 
4.6800000000024315, -0.4025466568435901 
4.690000000002408, -0.4022649205234082 
4.700000000002385, -0.4020905285495978 
4.710000000002362, -0.4019842260444578 
4.720000000002338, -0.40192014971537154 
4.730000000002315, -0.40188243263608625 
4.740000000002292, -0.40186254894244466 
4.750000000002268, -0.4018577735058006 
4.760000000002245, -0.40187064103482256 
4.770000000002222, -0.40190898442521056 
4.7800000000021985, -0.40198579303732374 
4.790000000002175, -0.40211783915687904 
4.800000000002152, -0.4023220953468349 
4.810000000002129, -0.40260972420998725 
4.820000000002105, -0.4029788748608401 
4.830000000002082, -0.4034092254405273 
4.840000000002059, -0.40386208865754414 
4.850000000002035, -0.40428824129162033 
4.860000000002012, -0.40464097047242786 
4.870000000001989, -0.40488756209801624 
4.880000000001965, -0.4050133809541542 
4.890000000001942, -0.4050181846045552 
4.900000000001919, -0.4049086451106213 
4.9100000000018955, -0.40469105891414925 
4.920000000001872, -0.4043658122022734 
4.930000000001849, -0.4039231290439548 
4.940000000001826, -0.40333884453789076 
4.950000000001802, -0.4025691038252842 
4.960000000001779, -0.40154391100505704 
4.970000000001756, -0.40016215886752704 
4.980000000001732, -0.39829641965128615 
4.990000000001709, -0.39582269541553533 
5.000000000001686, -0.3926865833720341 
5.0100000000016625, -0.38898364289007303 
5.020000000001639, -0.3849837208435841 
5.030000000001616, -0.3810463827527711 
5.0400000000015925, -0.3774797204893977 
5.050000000001569, -0.3744515259767857 
5.060000000001546, -0.37199247608975383 
5.070000000001523, -0.37004898951321613 
5.080000000001499, -0.36853556917221836 
5.090000000001476, -0.36736700796048305 
5.100000000001453, -0.366472530619688 
5.110000000001429, -0.36579951446831915 
5.120000000001406, -0.3653127751166222 
5.130000000001383, -0.3649927500357145 
5.1400000000013595, -0.3648341207943848 
5.150000000001336, -0.36484549192906435 
5.160000000001313, -0.36505031903826 
5.17000000000129, -0.3654890074320297 
5.180000000001266, -0.3662216668937478 
5.190000000001243, -0.36733001049275604 
5.20000000000122, -0.3689148106939105 
5.210000000001196, -0.37108192775551047 
5.220000000001173, -0.3739069263414204 
5.23000000000115, -0.37737295888119915 
5.240000000001126, -0.38130164107204656 
5.250000000001103, -0.3853383136675478 
5.26000000000108, -0.3890530642451047 
5.2700000000010565, -0.39211750406577867 
5.280000000001033, -0.394416320826671 
5.29000000000101, -0.39601851168383967 
5.300000000000987, -0.397075584204334 
5.310000000000963, -0.3977395824636482 
5.32000000000094, -0.39812863768528073 
5.330000000000917, -0.3983234633150897 
5.340000000000893, -0.3983748817804493 
5.35000000000087, -0.3983122966061155 
5.360000000000847, -0.3981502341948871 
5.3700000000008234, -0.397893150600496 
5.3800000000008, -0.39753962695153444 
5.390000000000777, -0.3970871174142304 
5.4000000000007535, -0.3965377635050519 
5.41000000000073, -0.395904281376399 
5.420000000000707, -0.3952131123641937 
5.430000000000684, -0.39450178038594474 
5.44000000000066, -0.3938102643419686 
5.450000000000637, -0.3931703825256015 
5.460000000000614, -0.3925985801621212 
5.47000000000059, -0.39209488233789574 
5.480000000000567, -0.39164706404894434 
5.490000000000544, -0.39123711666162697 
5.5000000000005205, -0.3908471432591253 
5.510000000000497, -0.3904630082371997 
5.520000000000474, -0.39007553868021744 
5.5300000000004506, -0.38968010871194403 
5.540000000000427, -0.3892756949251923 
5.550000000000404, -0.388864176110591 
5.560000000000381, -0.3884501669069117 
5.570000000000357, -0.3880412025598109 
5.580000000000334, -0.38764746283750884 
5.590000000000311, -0.38727898093693197 
5.600000000000287, -0.38693589914466425 
5.610000000000264, -0.38658431826009854 
5.620000000000241, -0.38611200085660524 
5.6300000000002175, -0.385280358960247 
5.640000000000194, -0.3837439632703396 
5.650000000000171, -0.3812321418535437 
5.660000000000148, -0.3778238275351347 
5.670000000000124, -0.3740066247764187 
5.680000000000101, -0.37038791582938746 
5.690000000000078, -0.36736923888603584 
5.700000000000054, -0.36506493019233544 
5.710000000000031, -0.3634033519155365 
5.720000000000008, -0.3622465075994824 
5.729999999999984, -0.36145920867343595 
5.739999999999961, -0.3609340312025512 
5.749999999999938, -0.36059392982439625 
5.7599999999999145, -0.3603871737324019 
5.769999999999891, -0.36028125686103263 
5.779999999999868, -0.3602580398005882 
5.789999999999845, -0.3603105517885187 
5.799999999999821, -0.3604412392146298 
5.809999999999798, -0.36066118987412665 
5.819999999999775, -0.36098961126457757 
5.829999999999751, -0.36145246757490657 
5.839999999999728, -0.3620787579782231 
5.849999999999705, -0.36289278341215636 
5.8599999999996815, -0.36390164489812615 
5.869999999999658, -0.36508026140338656 
5.879999999999635, -0.36636149912965676 
5.8899999999996115, -0.36764237408831496 
5.899999999999588, -0.36881059406301475 
5.909999999999565, -0.3697790283498325 
5.919999999999542, -0.37050649265793256 
5.929999999999518, -0.3709949120362397 
5.939999999999495, -0.3712715245971884 
5.949999999999472, -0.3713702524557869 
5.959999999999448, -0.3713195544639608 
5.969999999999425, -0.37113670917046215 
5.979999999999402, -0.37082577657414323 
5.9899999999993785, -0.37037701996066175 
5.999999999999355, -0.3697671379791818 
6.009999999999332, -0.36896142288485606 
6.019999999999309, -0.36792063354634413 
6.029999999999285, -0.3666157095317909 
6.039999999999262, -0.36504959957477523 
6.049999999999239, -0.36327622214884336 
6.059999999999215, -0.36139970307495684 
6.069999999999192, -0.3595465105426371 
6.079999999999169, -0.3578258124792467 
6.089999999999145, -0.35630313697842275 
6.099999999999122, -0.35499790856635993 
6.109999999999099, -0.35389694908678826 
6.1199999999990755, -0.3529712894336233 
6.129999999999052, -0.3521889906044098 
6.139999999999029, -0.3515225239501405 
6.149999999999006, -0.3509520568077224 
6.159999999998982, -0.3504665389799058 
6.169999999998959, -0.35006414159825955 
6.179999999998936, -0.34975310462131093 
6.189999999998912, -0.3495536739969816 
6.199999999998889, -0.3495015671297178 
6.209999999998866, -0.34965311282042966 
6.2199999999988425, -0.35009141619331113 
6.229999999998819, -0.35093066385146215 
6.239999999998796, -0.352310483196958 
6.2499999999987725, -0.35436337267135815 
6.259999999998749, -0.35713246089886796 
6.269999999998726, -0.3604420713936925 
6.279999999998703, -0.36381530373236826 
6.289999999998679, -0.366615887190965 
6.299999999998656, -0.36841695579912376 
6.309999999998633, -0.36924233680789587 
6.319999999998609, -0.36942576035554997 
6.329999999998586, -0.3693182997119534 
6.339999999998563, -0.36913862859387186 
6.3499999999985395, -0.3689795979042477 
6.359999999998516, -0.3688633255995276 
6.369999999998493, -0.3687838307353901 
6.37999999999847, -0.36872847702903033 
6.389999999998446, -0.3686860576329645 
6.399999999998423, -0.36864886434572397 
6.4099999999984, -0.36861275570101526 
6.419999999998376, -0.3685769897221869 
6.429999999998353, -0.3685444609852645 
6.43999999999833, -0.3685223882956715 
6.449999999998306, -0.36852303024458444 
6.459999999998283, -0.3685635638132846 
6.46999999999826, -0.36866405914352474 
6.4799999999982365, -0.36884286209154715 
6.489999999998213, -0.36910977614144036 
6.49999999999819, -0.36945896648663484 
6.509999999998167, -0.3698649322615822 
6.519999999998143, -0.3702850591087864 
6.52999999999812, -0.370669610572614 
6.539999999998097, -0.3709750357626417 
6.549999999998073, -0.3711735280230929 
6.55999999999805, -0.3712545179708815 
6.569999999998027, -0.37121945419144453 
6.5799999999980034, -0.3710741937447331 
6.58999999999798, -0.37082225440389915 
6.599999999997957, -0.37045973408635924 
6.6099999999979335, -0.3699711260425218 
6.61999999999791, -0.36932492923627047 
6.629999999997887, -0.3684686123514655 
6.639999999997864, -0.36732439137203765 
6.64999999999784, -0.3657912327300386 
6.659999999997817, -0.3637639100191874 
6.669999999997794, -0.3611798619853758 
6.67999999999777, -0.3580845422763118 
6.689999999997747, -0.3546677276637163 
6.699999999997724, -0.35121818840949487 
6.7099999999977005, -0.3480137434562155 
6.719999999997677, -0.34523046683751796 
6.729999999997654, -0.34292466104104424 
6.7399999999976306, -0.34106842143307303 
6.749999999997607, -0.33959537087724695 
6.759999999997584, -0.3384328053047189 
6.769999999997561, -0.33751776360116836 
6.779999999997537, -0.33680258708283634 
6.789999999997514, -0.3362554893531906 
6.799999999997491, -0.3358595942725514 
6.809999999997467, -0.3356122283579656 
6.819999999997444, -0.335525321873684 
6.829999999997421, -0.3356273434258682 
6.8399999999973975, -0.3359669567577225 
6.849999999997374, -0.33661819338572496 
6.859999999997351, -0.33768582896741695 
6.869999999997328, -0.3393068840814821 
6.879999999997304, -0.34163859356533327 
6.889999999997281, -0.3448156796488906 
6.899999999997258, -0.3488603117846892 
6.909999999997234, -0.35356290248193073 
6.919999999997211, -0.358432851445272 
6.929999999997188, -0.3628481036727181 
6.939999999997164, -0.366354104343643 
6.949999999997141, -0.3688442482365522 
6.959999999997118, -0.37048172719010325 
6.9699999999970945, -0.37151373172887336 
6.979999999997071, -0.372150855982398 
6.989999999997048, -0.37253621481100707 
6.999999999997025, -0.37275735797548176 
7.009999999997001, -0.37286551554510095 
7.019999999996978, -0.37289010772629017 
7.029999999996955, -0.3728476884465749 
7.039999999996931, -0.3727472701572553 
7.049999999996908, -0.3725938885413415 
7.059999999996885, -0.3723916501456378 
7.0699999999968615, -0.3721468302772987 
7.079999999996838, -0.37187076882631914 
7.089999999996815, -0.3715814375390579 
7.0999999999967915, -0.37130221312973105 
7.109999999996768, -0.37105727431357644 
7.119999999996745, -0.3708649028213011 
7.129999999996722, -0.37073143621646987 
7.139999999996698, -0.37064859388335997 
7.149999999996675, -0.37059552465361645 
7.159999999996652, -0.37054487578732925 
7.169999999996628, -0.37047021733099833 
7.179999999996605, -0.37035150359431174 
7.189999999996582, -0.3701766615267582 
7.1999999999965585, -0.3699397260470796 
7.209999999996535, -0.36963725785689905 
7.219999999996512, -0.36926449860983285 
7.229999999996489, -0.36881167100337675 
7.239999999996465, -0.36825987352241885 
7.249999999996442, -0.36757538649841476 
7.259999999996419, -0.36670089890182184 
7.269999999996395, -0.36554276081746184 
7.279999999996372, -0.3639570780341607 
7.289999999996349, -0.36174839664884284 
7.299999999996325, -0.35871234851199546 
7.309999999996302, -0.3547520054774134 
7.319999999996279, -0.3500253998802477 
7.3299999999962555, -0.3449749654038923 
7.339999999996232, -0.34014802057195953 
7.349999999996209, -0.3359522781562314 
7.359999999996186, -0.3325508939255347 
7.369999999996162, -0.3299145198535346 
7.379999999996139, -0.32792229963306596 
7.389999999996116, -0.32643612890407037 
7.399999999996092, -0.32533595672781085 
7.409999999996069, -0.3245299932446401 
7.419999999996046, -0.32395374516670505 
7.4299999999960225, -0.3235658071684132 
7.439999999995999, -0.32334386756111233 
7.449999999995976, -0.32328213218217977 
7.4599999999959525, -0.32339045157840146 
7.469999999995929, -0.3236950930259894 
7.479999999995906, -0.3242408444347439 
7.489999999995883, -0.3250935768795814 
7.499999999995859, -0.32634104679195786 
7.509999999995836, -0.3280870435771272 
7.519999999995813, -0.33043015896876365 
7.529999999995789, -0.33341705904068814 
7.539999999995766, -0.33697200289229673 
7.549999999995743, -0.34084071844539043 
7.5599999999957195, -0.34462249462726324 
7.569999999995696, -0.3479195152611272 
7.579999999995673, -0.350502645559874 
7.58999999999565, -0.35235697709278 
7.599999999995626, -0.3536040907323609 
7.609999999995603, -0.35440127098447294 
7.61999999999558, -0.3548833978549637 
7.629999999995556, -0.3551472022295145 
7.639999999995533, -0.3552556442854281 
7.64999999999551, -0.3552469699982964 
7.659999999995486, -0.35514258735117926 
7.669999999995463, -0.354952893968237 
7.67999999999544, -0.35468187661095063 
7.6899999999954165, -0.3543315459785353 
7.699999999995393, -0.3539067906890197 
7.70999999999537, -0.3534201227930156 
7.719999999995347, -0.3528944088310533 
7.729999999995323, -0.3523612638722077 
7.7399999999953, -0.3518545501224125 
7.749999999995277, -0.3514015263070424 
7.759999999995253, -0.35101583309118634 
7.76999999999523, -0.3506952350032163 
7.779999999995207, -0.35042438749877386 
7.789999999995183, -0.35018083937302646 
7.79999999999516, -0.3499415877823876 
7.809999999995137, -0.3496877598592717 
7.8199999999951135, -0.34940627917910555 
7.82999999999509, -0.3490889237373492 
7.839999999995067, -0.34872998360832475 
7.849999999995044, -0.3483235191008779 
7.85999999999502, -0.347860486139159 
7.869999999994997, -0.3473252110486199 
7.879999999994974, -0.34668995154275833 
7.88999999999495, -0.34590550802094583 
7.899999999994927, -0.3448855343857681 
7.909999999994904, -0.34348486884895185 
7.9199999999948805, -0.34148422413873897 
7.929999999994857, -0.33861990059704694 
7.939999999994834, -0.334711844132488 
7.9499999999948106, -0.3298652434326293 
7.959999999994787, -0.32455437232714235 
7.969999999994764, -0.31942432209534677 
7.979999999994741, -0.3149723121932525 
7.989999999994717, -0.31139901208971066 
7.999999999994694, -0.3086699563907824 
8.00999999999467, -0.30664245365290477 
8.019999999994647, -0.3051565699554983 
8.029999999994624, -0.3040760623356847 
8.0399999999946, -0.30329864822758096 
8.049999999994577, -0.3027535119631714 
8.059999999994554, -0.3023955977404541 
8.06999999999453, -0.30220054341157393 
8.079999999994508, -0.30216143310727006 
8.089999999994484, -0.3022875419701069 
8.099999999994461, -0.3026049152146195 
8.109999999994438, -0.30315839022614466 
8.119999999994414, -0.30401410674196944 
8.129999999994391, -0.30526015560557024 
8.139999999994368, -0.3070002335050209 
8.149999999994344, -0.3093312488881276 
8.159999999994321, -0.3122947465991594 
8.169999999994298, -0.31580537781938217 
8.179999999994275, -0.3195981499771762 
8.189999999994251, -0.3232697855983167 
8.199999999994228, -0.3264351310678536 
8.209999999994205, -0.328887176008413 
8.219999999994181, -0.3306290644744737 
8.229999999994158, -0.3317893940469301 
8.239999999994135, -0.33252389553238937 
8.249999999994111, -0.3329624949870491 
8.259999999994088, -0.33319690734772217 
8.269999999994065, -0.3332862461259972 
8.279999999994041, -0.3332662590586184 
8.289999999994018, -0.33315709851017383 
8.299999999993995, -0.3329690794740469 
8.309999999993972, -0.3327072997609152 
8.319999999993948, -0.33237607182306605 
8.329999999993925, -0.3319835033931072 
8.339999999993902, -0.33154544039471445 
8.349999999993878, -0.3310868923719023 
8.359999999993855, -0.33063917347436395 
8.369999999993832, -0.33023298912211674 
8.379999999993808, -0.32989027099884916 
8.389999999993785, -0.3296183971536212 
8.399999999993762, -0.3294090210573096 
8.409999999993738, -0.32924157304794915 
8.419999999993715, -0.329089764335939 
8.429999999993692, -0.3289283942391275 
8.439999999993669, -0.32873786648630215 
8.449999999993645, -0.32850525281003246 
8.459999999993622, -0.32822251208821757 
8.469999999993599, -0.3278832804147679 
8.479999999993575, -0.3274792626641213 
8.489999999993552, -0.32699634829621893 
8.499999999993529, -0.32640973344574803 
8.509999999993505, -0.3256767436377933 
8.519999999993482, -0.3247259666304163 
8.529999999993459, -0.32344298016181916 
8.539999999993436, -0.3216597033320454 
8.549999999993412, -0.31916970103702497 
8.559999999993389, -0.31580560160224974 
8.569999999993366, -0.3115829320009608 
8.579999999993342, -0.306807723633985 
8.589999999993319, -0.30199616247035993 
8.599999999993296, -0.2976336254864032 
8.609999999993272, -0.2939900045543511 
8.619999999993249, -0.2911097483141205 
8.629999999993226, -0.28890359204585503 
8.639999999993202, -0.2872385534532752 
8.64999999999318, -0.2859886751987339 
8.659999999993156, -0.2850537658110942 
8.669999999993133, -0.284361835249783 
8.67999999999311, -0.28386578327743045 
8.689999999993086, -0.28353940293181906 
8.699999999993063, -0.28337466798188615 
8.70999999999304, -0.28338095071810887 
8.719999999993016, -0.28358636186484665 
8.729999999992993, -0.2840412063021369 
8.73999999999297, -0.2848231127727058 
8.749999999992946, -0.28604203625154995 
8.759999999992923, -0.2878399027743708 
8.7699999999929, -0.2903729791194587 
8.779999999992876, -0.2937572445918059 
8.789999999992853, -0.2979629843347567 
8.79999999999283, -0.302696118363876 
8.809999999992806, -0.30739428349980136 
8.819999999992783, -0.3114472755619234 
8.82999999999276, -0.3145036984498828 
8.839999999992736, -0.31657207094934703 
8.849999999992713, -0.3178749101258099 
8.85999999999269, -0.3186640846608142 
8.869999999992666, -0.31913140886722546 
8.879999999992643, -0.31939928893983943 
8.88999999999262, -0.31953973069745634 
8.899999999992596, -0.3195938644369945 
8.909999999992573, -0.31958516527353853 
8.91999999999255, -0.31952735405444377 
8.929999999992527, -0.319429213337613 
8.939999999992503, -0.3192980049783198 
8.94999999999248, -0.31914239829122837 
8.959999999992457, -0.31897503420217327 
8.969999999992433, -0.31881408040884296 
8.97999999999241, -0.31868266500148035 
8.989999999992387, -0.3186053845929221 
8.999999999992363, -0.31860223996606396 
9.00999999999234, -0.31868171851419824 
9.019999999992317, -0.3188356038789546 
9.029999999992294, -0.31903818310886306 
9.03999999999227, -0.3192514016822451 
9.049999999992247, -0.3194346682896807 
9.059999999992224, -0.3195548235444162 
9.0699999999922, -0.31959145279229495 
9.079999999992177, -0.3195360166419271 
9.089999999992154, -0.31938689903691386 
9.09999999999213, -0.31914340964520993 
9.109999999992107, -0.3188004392973637 
9.119999999992084, -0.31834384217836065 
9.12999999999206, -0.31774583341260043 
9.139999999992037, -0.31695993246022386 
9.149999999992014, -0.31591648805699557 
9.15999999999199, -0.314523285594551 
9.169999999991967, -0.3126809210560143 
9.179999999991944, -0.3103238842756165 
9.18999999999192, -0.3074820371065712 
9.199999999991897, -0.3043209686851268 
9.209999999991874, -0.30110770458240765 
9.21999999999185, -0.2981086804518046 
9.229999999991827, -0.29549788642065833 
9.239999999991804, -0.29333364160389597 
9.24999999999178, -0.2915906097244794 
9.259999999991757, -0.29020443135338103 
9.269999999991734, -0.28910383866401634 
9.27999999999171, -0.28822687057820706 
9.289999999991688, -0.287526511751674 
9.299999999991664, -0.28697127325174365 
9.309999999991641, -0.2865442231493847 
9.319999999991618, -0.2862423216939304 
9.329999999991594, -0.28607699881121557 
9.339999999991571, -0.28607649952513736 
9.349999999991548, -0.2862902903382123 
9.359999999991524, -0.2867953268183211 
9.369999999991501, -0.2877024032377704 
9.379999999991478, -0.28915654599415175 
9.389999999991455, -0.29131644853947447 
9.399999999991431, -0.29428634965258127 
9.409999999991408, -0.2979807088692305 
9.419999999991385, -0.30197866013380115 
9.429999999991361, -0.30556479506607054 
9.439999999991338, -0.308098344477636 
9.449999999991315, -0.3094179546485727 
9.459999999991291, -0.3098279505946042 
9.469999999991268, -0.3097611261529161 
9.479999999991245, -0.30953030260596104 
9.489999999991221, -0.3092901555545697 
9.499999999991198, -0.309093501460482 
9.509999999991175, -0.3089468110026991 
9.519999999991152, -0.30884149813639544 
9.529999999991128, -0.3087673251799664 
9.539999999991105, -0.30871697226057004 
9.549999999991082, -0.30868721854954606 
9.559999999991058, -0.3086792605124654 
9.569999999991035, -0.30869913677511635 
9.579999999991012, -0.30875843637730976 
9.589999999990988, -0.30887493981258995 
9.599999999990965, -0.3090723843106326 
9.609999999990942, -0.3093782209518708 
9.619999999990918, -0.30981825678866765 
9.629999999990895, -0.3104077407814515 
9.639999999990872, -0.31114020509885243 
9.649999999990849, -0.3119784827828758 
9.659999999990825, -0.31285510595165167 
9.669999999990802, -0.3136869831691681 
9.679999999990779, -0.3143994803523329 
9.689999999990755, -0.31494601219069324 
9.699999999990732, -0.3153124832154528 
9.709999999990709, -0.3155081929232436 
9.719999999990685, -0.31555228593255497 
9.729999999990662, -0.3154628300579406 
9.739999999990639, -0.3152503701266416 
9.749999999990616, -0.3149147654132082 
9.759999999990592, -0.3144438092351488 
9.769999999990569, -0.3138132336501606 
9.779999999990546, -0.31298933630416126 
9.789999999990522, -0.3119369856891102 
9.799999999990499, -0.31063549680417624 
9.809999999990476, -0.30909994199694113 
9.819999999990452, -0.30739605021629524 
9.829999999990429, -0.3056328329733822 
9.839999999990406, -0.30393058723869926 
9.849999999990382, -0.3023835890527289 
9.85999999999036, -0.30104031345878246 
9.869999999990336, -0.299906377204899 
9.879999999990313, -0.29895978590301947 
9.88999999999029, -0.29816687857797464 
9.899999999990266, -0.2974935148909039 
9.909999999990243, -0.2969110420290174 
9.91999999999022, -0.29639854926488995 
9.929999999990196, -0.2959431450787497 
9.939999999990173, -0.2955396143693523 
9.94999999999015, -0.29519032769621634 
9.959999999990126, -0.29490583750473226 
9.969999999990103, -0.29470615909472736 
9.97999999999008, -0.29462200266686567 
9.989999999990056, -0.29469353547584654 
9.999999999990033, -0.29496054495614055 
10.00999999999001, -0.2954317547108393 
10.019999999989986, -0.29601826508155094 
10.029999999989963, -0.29644076718873097 
10.03999999998994, -0.2962062100782429 
10.049999999989916, -0.2948243146338312 
10.059999999989893, -0.29222233868502057 
10.06999999998987, -0.28889937970735424 
10.079999999989846, -0.28556821884642414 
10.089999999989823, -0.282720307555569 
10.0999999999898, -0.2805157192202911 
10.109999999989776, -0.27890432624859096 
10.119999999989753, -0.2777625132446149 
10.12999999998973, -0.2769677254052413 
10.139999999989707, -0.2764238549632336 
10.149999999989683, -0.27606370965847266 
10.15999999998966, -0.27584430932356374 
10.169999999989637, -0.275741593445854 
10.179999999989613, -0.2757466065835291 
10.18999999998959, -0.2758634994214339 
10.199999999989567, -0.2761091080910077 
10.209999999989543, -0.27651359193518965 
10.21999999998952, -0.2771211789987794 
10.229999999989497, -0.27798920034325564 
10.239999999989474, -0.27918213327982994 
10.24999999998945, -0.28075579037271775 
10.259999999989427, -0.28272757298479334 
10.269999999989404, -0.2850373698185674 
10.27999999998938, -0.2875228700808988 
10.289999999989357, -0.289945359251481 
10.299999999989334, -0.2920724494656856 
10.30999999998931, -0.29376388947553544 
10.319999999989287, -0.2949968761906528 
10.329999999989264, -0.2958295202925519 
10.33999999998924, -0.2963483453892998 
10.349999999989217, -0.29663348942465895 
10.359999999989194, -0.2967454991228437 
10.36999999998917, -0.2967246108245401 
10.379999999989147, -0.296594509030346 
10.389999999989124, -0.296366833416849 
10.3999999999891, -0.2960456186167977 
10.409999999989077, -0.2956321027941451 
10.419999999989054, -0.2951303703502631 
10.42999999998903, -0.2945532554157699 
10.439999999989007, -0.2939262587038265 
10.449999999988984, -0.2932864529308904 
10.45999999998896, -0.29267527586237657 
10.469999999988937, -0.2921280311197542 
10.479999999988914, -0.291665182573049 
10.48999999998889, -0.2912889791156687 
10.499999999988868, -0.290985668956975 
10.509999999988844, -0.2907314087139802 
10.519999999988821, -0.2904993203622698 
10.529999999988798, -0.2902652811789808 
10.539999999988774, -0.29001086454505 
10.549999999988751, -0.28972324172665825 
10.559999999988728, -0.2893929729141352 
10.569999999988704, -0.2890107926112281 
10.579999999988681, -0.2885638935464123 
10.589999999988658, -0.2880313776333706 
10.599999999988635, -0.2873778173673192 
10.609999999988611, -0.2865434936138883 
10.619999999988588, -0.2854307156679026 
10.629999999988565, -0.28389034269975527 
10.639999999988541, -0.28172539725594764 
10.649999999988518, -0.27874604405998266 
10.659999999988495, -0.27489822836765554 
10.669999999988471, -0.2703984284050701 
10.679999999988448, -0.26571565262473407 
10.689999999988425, -0.26135776226423996 
10.699999999988401, -0.2576516678017142 
10.709999999988378, -0.2546892679761367 
10.719999999988355, -0.2524049208457092 
10.729999999988332, -0.250671890384899 
10.739999999988308, -0.24936245909452417 
10.749999999988285, -0.24837236763286324 
10.759999999988262, -0.24762562776226335 
10.769999999988238, -0.2470718716921232 
10.779999999988215, -0.24668236899686563 
10.789999999988192, -0.24644719825594769 
10.799999999988168, -0.2463744615180558 
10.809999999988145, -0.24649189136697922 
10.819999999988122, -0.24685102088770283 
10.829999999988098, -0.24753368803868683 
10.839999999988075, -0.24865915125983032 
10.849999999988052, -0.25038582474244436 
10.859999999988029, -0.2528922947366666 
10.869999999988005, -0.256309327920219 
10.879999999987982, -0.2605789869969227 
10.889999999987959, -0.2652929056093629 
10.899999999987935, -0.2697100437017354 
10.909999999987912, -0.2731160932695888 
10.919999999987889, -0.27525120201572795 
10.929999999987865, -0.2763406371790964 
10.939999999987842, -0.27678645895619847 
10.949999999987819, -0.276913876777687 
10.959999999987796, -0.2769103925548335 
10.969999999987772, -0.27686348297851376 
10.979999999987749, -0.27680779486999 
10.989999999987726, -0.2767550414263178 
10.999999999987702, -0.27670881076551285 
11.009999999987679, -0.2766710961404445 
11.019999999987656, -0.2766451978819814 
11.029999999987632, -0.27663736886803786 
11.039999999987609, -0.27665819567901007 
11.049999999987586, -0.2767238908530756 
11.059999999987562, -0.2768570741814602 
11.06999999998754, -0.2770861421437104 
11.079999999987516, -0.2774420610306014 
11.089999999987493, -0.2779515512016627 
11.09999999998747, -0.2786264888770419 
11.109999999987446, -0.27945162103337745 
11.119999999987423, -0.2803765474597271 
11.1299999999874, -0.2813203658180511 
11.139999999987376, -0.2821922794534453 
11.149999999987353, -0.28291882724760453 
11.15999999998733, -0.28346120130441943 
11.169999999987306, -0.2838145046666384 
11.179999999987283, -0.2839948291506812 
11.18999999998726, -0.2840247627399693 
11.199999999987236, -0.28392333428993904 
11.209999999987213, -0.2837008905047886 
11.21999999998719, -0.28335719743586985 
11.229999999987166, -0.282881442376789 
11.239999999987143, -0.28225416326496683 
11.24999999998712, -0.2814524820583234 
11.259999999987096, -0.2804603734392479 
11.269999999987073, -0.27928339460798135 
11.27999999998705, -0.277961639329555 
11.289999999987026, -0.2765700933089109 
11.299999999987003, -0.2752006540913372 
11.30999999998698, -0.27393445996458343 
11.319999999986956, -0.2728213706091602 
11.329999999986933, -0.27187574205649695 
11.33999999998691, -0.27108482282044766 
11.349999999986887, -0.2704212079182144 
11.359999999986863, -0.26985344057713456 
11.36999999998684, -0.2693527611457328 
11.379999999986817, -0.2688962333894142 
11.389999999986793, -0.2684672927609959 
11.39999999998677, -0.2680548673427623 
11.409999999986747, -0.26765194369967393 
11.419999999986723, -0.26725395292052356 
11.4299999999867, -0.26685672157567314 
11.439999999986677, -0.2664528613291582 
11.449999999986654, -0.266024035291771 
11.45999999998663, -0.26552433605227455 
11.469999999986607, -0.26484855004744906 
11.479999999986584, -0.2637861213843091 
11.48999999998656, -0.26199506231353725 
11.499999999986537, -0.25909045515897583 
11.509999999986514, -0.25492046489753334 
11.51999999998649, -0.24984158462935854 
11.529999999986467, -0.2446107045393692 
11.539999999986444, -0.23993346154346035 
11.54999999998642, -0.23615461175584515 
11.559999999986397, -0.23328674320226428 
11.569999999986374, -0.23118025469939854 
11.57999999998635, -0.22965402213724467 
11.589999999986327, -0.22855356006992844 
11.599999999986304, -0.22776494637958086 
11.60999999998628, -0.2272113328018251 
11.619999999986257, -0.22684561847961607 
11.629999999986234, -0.22664434090780908 
11.63999999998621, -0.2266041641665074 
11.649999999986187, -0.22674114382618585 
11.659999999986164, -0.2270926718639581 
11.66999999998614, -0.2277218268945933 
11.679999999986117, -0.2287231003284042 
11.689999999986094, -0.2302261034563906 
11.69999999998607, -0.23238829533972286 
11.709999999986048, -0.23535852312083372 
11.719999999986024, -0.23918850780266038 
11.729999999986001, -0.2436992927766147 
11.739999999985978, -0.24840321270602517 
11.749999999985954, -0.2526448536301195 
11.759999999985931, -0.25593704816276824 
11.769999999985908, -0.2581780826420384 
11.779999999985884, -0.25956333547416405 
11.789999999985861, -0.2603698437859272 
11.799999999985838, -0.2608228736644699 
11.809999999985815, -0.2610680928231134 
11.819999999985791, -0.26119000815826154 
11.829999999985768, -0.26123572461438554 
11.839999999985745, -0.26123175651406755 
11.849999999985721, -0.2611940396113247 
11.859999999985698, -0.26113378224088296 
11.869999999985675, -0.26106125918371476 
11.879999999985651, -0.2609887015720612 
11.889999999985628, -0.26093259107878414 
11.899999999985605, -0.26091495367780565 
11.909999999985581, -0.26096278891737906 
11.919999999985558, -0.2611047901502856 
11.929999999985535, -0.26136506869414 
11.939999999985512, -0.2617545681506338 
11.949999999985488, -0.26226234972455503 
11.959999999985465, -0.26285096398347574 
11.969999999985442, -0.2634609228134329 
11.979999999985418, -0.2640254912158446 
11.989999999985395, -0.26448926245402604 
11.999999999985372, -0.26482005578580886 
12.009999999985348, -0.26500898789098537 
12.019999999985325, -0.26506214631865543 
12.029999999985302, -0.2649904912892039 
12.039999999985278, -0.2648021063345382 
12.049999999985255, -0.26449750111170517 
12.059999999985232, -0.2640671478399456 
12.069999999985209, -0.2634907310701363 
12.079999999985185, -0.26273886752662046 
12.089999999985162, -0.2617795303358831 
12.099999999985139, -0.2605916267590071 
12.109999999985115, -0.2591844822558847 
12.119999999985092, -0.25761359404592 
12.129999999985069, -0.25597750809648145 
12.139999999985045, -0.25439046905693735 
12.149999999985022, -0.252946279686503 
12.159999999984999, -0.25169612342111314 
12.169999999984976, -0.25064844804761605 
12.179999999984952, -0.24978248467646402 
12.189999999984929, -0.24906385514678822 
12.199999999984906, -0.24845615639816948 
12.209999999984882, -0.24792747952558006 
12.219999999984859, -0.24745296972547912 
12.229999999984836, -0.24701492157024255 
12.239999999984812, -0.24660166503163294 
12.249999999984789, -0.2462060439465022 
12.259999999984766, -0.24582373170519906 
12.269999999984742, -0.24545095152918087 
12.27999999998472, -0.24508016287693984 
12.289999999984696, -0.2446905476154825 
12.299999999984673, -0.2442275931418513 
12.30999999998465, -0.24356518445512423 
12.319999999984626, -0.24245515175534385 
12.329999999984603, -0.24051391354976306 
12.33999999998458, -0.23735874144216398 
12.349999999984556, -0.23293277195847356 
12.359999999984533, -0.22773275863973583 
12.36999999998451, -0.22257377979336507 
12.379999999984486, -0.21810208927704192 
12.389999999984463, -0.21456692369448332 
12.39999999998444, -0.21191787434429138 
12.409999999984416, -0.20998308496463963 
12.419999999984393, -0.20858257089899582 
12.42999999998437, -0.20757138956694376 
12.439999999984346, -0.20684624137621288 
12.449999999984323, -0.20633961664049916 
12.4599999999843, -0.20601233380731654 
12.469999999984276, -0.20584812474138675 
12.479999999984253, -0.2058511357520223 
12.48999999998423, -0.2060464258002423 
12.499999999984206, -0.20648339810789093 
12.509999999984183, -0.20724181133111239 
12.51999999998416, -0.20843869392476902 
12.529999999984136, -0.2102305321944634 
12.539999999984113, -0.2127962843921746 
12.54999999998409, -0.21627426444394496 
12.559999999984067, -0.2206290270919299 
12.569999999984043, -0.2254937512389291 
12.57999999998402, -0.2301722639171445 
12.589999999983997, -0.23395820925651162 
12.599999999983973, -0.23653826669044947 
12.60999999998395, -0.23805484295974022 
12.619999999983927, -0.23885065418809198 
12.629999999983903, -0.23923357287612362 
12.63999999998388, -0.2394018446080422 
12.649999999983857, -0.239463167128224 
12.659999999983834, -0.23947137961304352 
12.66999999998381, -0.23945301913936395 
12.679999999983787, -0.23942223010426428 
12.689999999983764, -0.23938847114662595 
12.69999999998374, -0.23936069214368666 
12.709999999983717, -0.23935005242512286 
12.719999999983694, -0.23937207602277782 
12.72999999998367, -0.23944832411843137 
12.739999999983647, -0.2396070408686482 
12.749999999983624, -0.23988178442224303 
12.7599999999836, -0.24030686525190004 
12.769999999983577, -0.24090861986945505 
12.779999999983554, -0.24169270376822832 
12.78999999998353, -0.2426307825569273 
12.799999999983507, -0.24365484917658317 
12.809999999983484, -0.24466850910435745 
12.81999999998346, -0.24557491570376871 
12.829999999983437, -0.2463058771769438 
12.839999999983414, -0.24683423191928688 
12.84999999998339, -0.24716638753941678 
12.859999999983367, -0.24732577368646913 
12.869999999983344, -0.2473382879883693 
12.87999999998332, -0.24722381822879105 
12.889999999983297, -0.24699286608091517 
12.899999999983274, -0.24664622550656734 
12.90999999998325, -0.24617665583869391 
12.919999999983228, -0.24557279199399423 
12.929999999983204, -0.24482615818207765 
12.939999999983181, -0.24394114244041698 
12.949999999983158, -0.24294461627807085 
12.959999999983134, -0.24188855441466406 
12.969999999983111, -0.24084054060601706 
12.979999999983088, -0.23986524488663274 
12.989999999983064, -0.23900730057849554 
12.999999999983041, -0.23828405885158604 
13.009999999983018, -0.23768858624223893 
13.019999999982995, -0.23719803799068107 
13.029999999982971, -0.23678268832401522 
13.039999999982948, -0.23641303227208654 
13.049999999982925, -0.23606397949363878 
13.059999999982901, -0.23571613506262484 
13.069999999982878, -0.23535482168203853 
13.079999999982855, -0.2349677167964269 
13.089999999982831, -0.23454166103654422 
13.099999999982808, -0.23405852544746436 
13.109999999982785, -0.23348923169478622 
13.119999999982761, -0.2327842823697137 
13.129999999982738, -0.23185909940699792 
13.139999999982715, -0.2305754349495134 
13.149999999982692, -0.22873144659554648 
13.159999999982668, -0.2260955857936223 
13.169999999982645, -0.22252764681452578 
13.179999999982622, -0.21815414728428797 
13.189999999982598, -0.21342220410365811 
13.199999999982575, -0.20890269726828933 
13.209999999982552, -0.20501006726320742 
13.219999999982528, -0.20189119070447706 
13.229999999982505, -0.19949536422097164 
13.239999999982482, -0.19768887637218907 
13.249999999982458, -0.19633100899780564 
13.259999999982435, -0.19530567430505322 
13.269999999982412, -0.1945279478153224 
13.279999999982389, -0.19394101896179378 
13.289999999982365, -0.19351132628277784 
13.299999999982342, -0.19322491336446176 
13.309999999982319, -0.19308600315407382 
13.319999999982295, -0.1931181095958135 
13.329999999982272, -0.19336775622813435 
13.339999999982249, -0.1939102930006636 
13.349999999982225, -0.19485519990779804 
13.359999999982202, -0.19634230080165538 
13.369999999982179, -0.19850754076876634 
13.379999999982156, -0.20138202149111128 
13.389999999982132, -0.20471007332119778 
13.399999999982109, -0.20781393550085753 
13.409999999982086, -0.20981765899791777 
13.419999999982062, -0.21026499778754165 
13.429999999982039, -0.20945593483315889 
13.439999999982016, -0.2080740941774019 
13.449999999981992, -0.20666759331463158 
13.459999999981969, -0.2054894431992768 
13.469999999981946, -0.204590055567835 
13.479999999981922, -0.20393489397297207 
13.4899999999819, -0.20347116527083792 
13.499999999981876, -0.2031537148991164 
13.509999999981853, -0.20295155372993695 
13.51999999998183, -0.20284773211593374 
13.529999999981806, -0.20283801953358208 
13.539999999981783, -0.20293031400629163 
13.54999999998176, -0.2031452879792111 
13.559999999981736, -0.20351816670763495 
13.569999999981713, -0.2041009892598392 
13.57999999998169, -0.20496369770498707 
13.589999999981666, -0.20619043139128584 
13.599999999981643, -0.2078644047561252 
13.60999999998162, -0.21003312322470094 
13.619999999981596, -0.21265368226730633 
13.629999999981573, -0.21554536453401876 
13.63999999998155, -0.2184068786527368 
13.649999999981526, -0.22092628236660103 
13.659999999981503, -0.22291197161474416 
13.66999999998148, -0.2243369822703014 
13.679999999981456, -0.2252857820397522 
13.689999999981433, -0.2258770650204079 
13.69999999998141, -0.2262161005640145 
13.709999999981386, -0.22637996585505288 
13.719999999981363, -0.22641972996592208 
13.72999999998134, -0.22636742044751196 
13.739999999981316, -0.2262427790669177 
13.749999999981293, -0.22605883408852692 
13.75999999998127, -0.22582664835560737 
13.769999999981247, -0.22555955271656275 
13.779999999981223, -0.225276487400703 
13.7899999999812, -0.22500333208809886 
13.799999999981177, -0.2247710492161994 
13.809999999981153, -0.224610506899576 
13.81999999998113, -0.22454534080429633 
13.829999999981107, -0.22458500961444178 
13.839999999981083, -0.22472017787804588 
13.84999999998106, -0.22492245445551698 
13.859999999981037, -0.2251499275405188 
13.869999999981014, -0.2253574986826279 
13.87999999998099, -0.22550761289670568 
13.889999999980967, -0.22557624104871515 
13.899999999980944, -0.22555226817714882 
13.90999999998092, -0.22543240448393248 
13.919999999980897, -0.2252149198872441 
13.929999999980874, -0.22489421579388838 
13.93999999998085, -0.22445667621279003 
13.949999999980827, -0.2238777073408941 
13.959999999980804, -0.22312058511672786 
13.96999999998078, -0.22213946669794896 
13.979999999980757, -0.22089073750756344 
13.989999999980734, -0.21935564986250164 
13.99999999998071, -0.217568337397899 
14.009999999980687, -0.21562929401763326 
14.019999999980664, -0.21368401825029681 
14.02999999998064, -0.21187348433638958 
14.039999999980617, -0.21029039986556888 
14.049999999980594, -0.20896658345362762 
14.05999999998057, -0.2078870384017136 
14.069999999980547, -0.20701221236962555 
14.079999999980524, -0.2062958286117437 
14.0899999999805, -0.20569521581576064 
14.099999999980477, -0.20517569991232215 
14.109999999980454, -0.20471136481021718 
14.11999999998043, -0.20428394964002367 
14.129999999980408, -0.20388097212630285 
14.139999999980384, -0.20349352821695194 
14.149999999980361, -0.2031135360232999 
14.159999999980338, -0.2027292826527028 
14.169999999980314, -0.20231668397208388 
14.179999999980291, -0.20182154480243386 
14.189999999980268, -0.20112696714117256 
14.199999999980244, -0.2000079603802854 
14.209999999980221, -0.1981104797688195 
14.219999999980198, -0.19505325440414634 
14.229999999980175, -0.19071966164667525 
14.239999999980151, -0.18552473100038772 
14.249999999980128, -0.18026343844617848 
14.259999999980105, -0.17562967617956868 
14.269999999980081, -0.17192742099056946 
14.279999999980058, -0.16913345442010017 
14.289999999980035, -0.16708004078872243 
14.299999999980011, -0.16558164932116354 
14.309999999979988, -0.16448611137120425 
14.319999999979965, -0.16368402173153623 
14.329999999979941, -0.16310331724296012 
14.339999999979918, -0.16270154467881845 
14.349999999979895, -0.1624601311291625 
14.359999999979872, -0.16238174869560149 
14.369999999979848, -0.16249095402782499 
14.379999999979825, -0.16283811236984347 
14.389999999979802, -0.16350621345582333 
14.399999999979778, -0.16461828236322087 
14.409999999979755, -0.1663371468342661 
14.419999999979732, -0.16883561715135517 
14.429999999979708, -0.17219636595680593 
14.439999999979685, -0.17621531265167456 
14.449999999979662, -0.18022433898568832 
14.459999999979638, -0.1832695299165465 
14.469999999979615, -0.1847456063118445 
14.479999999979592, -0.18481753587926253 
14.489999999979569, -0.18411055638671775 
14.499999999979545, -0.1831836079974195 
14.509999999979522, -0.1823315511876894 
14.519999999979499, -0.18164913449639286 
14.529999999979475, -0.18113722994236506 
14.539999999979452, -0.18076814599960137 
14.549999999979429, -0.18051365028375774 
14.559999999979405, -0.18035406413195645 
14.569999999979382, -0.18028022142144645 
14.579999999979359, -0.18029367218170778 
14.589999999979335, -0.18040720008429362 
14.599999999979312, -0.18064630360482364 
14.609999999979289, -0.1810516030803023 
14.619999999979266, -0.1816814564908209 
14.629999999979242, -0.18261281257165574 
14.639999999979219, -0.18393591473175938 
14.649999999979196, -0.18573501558569377 
14.659999999979172, -0.18804639464234973 
14.669999999979149, -0.1907973996374522 
14.679999999979126, -0.1937647416858405 
14.689999999979102, -0.1966163190100567 
14.69999999997908, -0.1990460183848139 
14.709999999979056, -0.2008999129751166 
14.719999999979033, -0.202191746866592 
14.72999999997901, -0.20302950876415843 
14.739999999978986, -0.20353803018652203 
14.749999999978963, -0.20381965374390032 
14.75999999997894, -0.2039461725543299 
14.769999999978916, -0.20396414249061517 
14.779999999978893, -0.2039027987000872 
14.78999999997887, -0.2037809261995976 
14.799999999978846, -0.20361232849539848 
14.809999999978823, -0.20341036460399842 
14.8199999999788, -0.2031917354623689 
14.829999999978776, -0.20297901402150087 
14.839999999978753, -0.20280090792240232 
14.84999999997873, -0.20268946801490717 
14.859999999978706, -0.20267442742823785 
14.869999999978683, -0.20277585529244604 
14.87999999997866, -0.20299683821979458 
14.889999999978636, -0.2033184848511466 
14.899999999978613, -0.20370037661979615 
14.90999999997859, -0.2040887574552212 
14.919999999978566, -0.20443045354546424 
14.929999999978543, -0.20468568227746756 
14.93999999997852, -0.20483329186603227 
14.949999999978496, -0.20486765433276632 
14.959999999978473, -0.20479126240732745 
14.96999999997845, -0.20460735764471844 
14.979999999978427, -0.2043145921938363 
14.989999999978403, -0.20390387390883694 
14.99999999997838, -0.20335722881665214 
15.009999999978357, -0.20264936529502448 
15.019999999978333, -0.2017538071645523 
15.02999999997831, -0.2006554560397768 
15.039999999978287, -0.19936788313178336 
15.049999999978263, -0.19794624483265807 
15.05999999997824, -0.19648263120645365 
15.069999999978217, -0.19508032096858247 
15.079999999978194, -0.19382161646516027 
15.08999999997817, -0.19274909320404837 
15.099999999978147, -0.19186640690816878 
15.109999999978124, -0.19115067157678522 
15.1199999999781, -0.19056639382010265 
15.129999999978077, -0.19007593183996357 
15.139999999978054, -0.18964561880024688 
15.14999999997803, -0.18924825530664435 
15.159999999978007, -0.188862966115829 
15.169999999977984, -0.18847336394965547 
15.17999999997796, -0.18806467990224823 
15.189999999977937, -0.18761997185563778 
15.199999999977914, -0.18711477661228096 
15.20999999997789, -0.18650873327389633 
15.219999999977867, -0.185732149431507 
15.229999999977844, -0.1846668683019059 
15.23999999997782, -0.1831288457538272 
15.249999999977797, -0.18088073962517615 
15.259999999977774, -0.17772443553368147 
15.26999999997775, -0.17368063472510736 
15.279999999977727, -0.16911156297591548 
15.289999999977704, -0.16459214946864745 
15.29999999997768, -0.16060904531888281 
15.309999999977657, -0.15738056771455855 
15.319999999977634, -0.1548925313011711 
15.32999999997761, -0.15301900638852972 
15.339999999977588, -0.15161396429163443 
15.349999999977564, -0.15055276582684302 
15.359999999977541, -0.14974246169264963 
15.369999999977518, -0.14911940332140644 
15.379999999977494, -0.14864386351227596 
15.389999999977471, -0.14829546991088285 
15.399999999977448, -0.14807060436915637 
15.409999999977424, -0.14798194045877838 
15.419999999977401, -0.1480597981281097 
15.429999999977378, -0.14835405084245795 
15.439999999977355, -0.14893256851573827 
15.449999999977331, -0.14986530527610403 
15.459999999977308, -0.1511706795779723 
15.469999999977285, -0.15269478187682323 
15.479999999977261, -0.1539503452279439 
15.489999999977238, -0.15413050163236458 
15.499999999977215, -0.1525947719363982 
15.509999999977191, -0.14951655527911073 
15.519999999977168, -0.14579620907259674 
15.529999999977145, -0.14231823083088638 
15.539999999977121, -0.1395061432008552 
15.549999999977098, -0.1374002437258613 
15.559999999977075, -0.13587793762964145 
15.569999999977052, -0.1347925795252039 
15.579999999977028, -0.13402498514191993 
15.589999999977005, -0.1334923642581525 
15.599999999976982, -0.13314375037835935 
15.609999999976958, -0.13295392479177096 
15.619999999976935, -0.13291960830501878 
15.629999999976912, -0.13305882409449638 
15.639999999976888, -0.1334136130305695 
15.649999999976865, -0.13405605289458478 
15.659999999976842, -0.13509665332886786 
15.669999999976818, -0.1366909378768566 
15.679999999976795, -0.13903129708944223 
15.689999999976772, -0.14229490056089208 
15.699999999976749, -0.14650851862342545 
15.709999999976725, -0.15134759622943533 
15.719999999976702, -0.1560659317461088 
15.729999999976679, -0.1598222082005081 
15.739999999976655, -0.16221379203149092 
15.749999999976632, -0.16341744708450268 
15.759999999976609, -0.1638678561750654 
15.769999999976585, -0.16394098375122138 
15.779999999976562, -0.1638615136714738 
15.789999999976539, -0.1637381927025082 
15.799999999976515, -0.16361691172614465 
15.809999999976492, -0.16351574883335024 
15.819999999976469, -0.16344301108640996 
15.829999999976446, -0.16340575622976813 
15.839999999976422, -0.16341408641688354 
15.849999999976399, -0.16348396173371804 
15.859999999976376, -0.16363971724029153 
15.869999999976352, -0.16391653690865066 
15.879999999976329, -0.16436237863279635 
15.889999999976306, -0.16503786483013846 
15.899999999976282, -0.166011111144459 
15.90999999997626, -0.16734257974045802 
15.919999999976236, -0.16905534605539332 
15.929999999976213, -0.17109505294115904 
15.93999999997619, -0.17330479045898112 
15.949999999976166, -0.1754532491869493 
15.959999999976143, -0.1773204861008918 
15.96999999997612, -0.17878155443501362 
15.979999999976096, -0.17982499521842682 
15.989999999976073, -0.18051216549157123 
15.99999999997605, -0.1809262381253297 
16.009999999976028, -0.18114134453826852 
16.019999999976005, -0.18121257077613465 
16.02999999997598, -0.18117701622340437 
16.039999999975958, -0.18105847859569774 
16.049999999975935, -0.18087259338138725 
16.05999999997591, -0.18063169611294655 
16.069999999975888, -0.18034937548162092 
16.079999999975865, -0.18004434770522043 
16.08999999997584, -0.17974258687209194 
16.099999999975818, -0.17947641892145888 
16.109999999975795, -0.1792801409830415 
16.11999999997577, -0.1791832187558116 
16.129999999975748, -0.17920298237475735 
16.139999999975725, -0.17933863718015336 
16.1499999999757, -0.17956840270727017 
16.15999999997568, -0.1798519772747965 
16.169999999975655, -0.18013938819338332 
16.17999999997563, -0.1803834835041485 
16.18999999997561, -0.18055002228533018 
16.199999999975585, -0.18062075191316646 
16.20999999997556, -0.1805897941062568 
16.21999999997554, -0.18045700304861087 
16.229999999975515, -0.18022165147370908 
16.239999999975492, -0.17987787496249732 
16.24999999997547, -0.1794120546535277 
16.259999999975445, -0.17880239506184728 
16.269999999975422, -0.17802194828675239 
16.2799999999754, -0.17704722819817914 
16.289999999975375, -0.17587333603982758 
16.299999999975352, -0.17453100220744833 
16.30999999997533, -0.17309347664617453 
16.319999999975305, -0.1716620875274087 
16.329999999975282, -0.17033485481557914 
16.33999999997526, -0.16917796662228182 
16.349999999975235, -0.1682157640657303 
16.359999999975212, -0.1674380236880541 
16.36999999997519, -0.16681402153440625 
16.379999999975166, -0.16630523093325886 
16.389999999975142, -0.1658738871876169 
16.39999999997512, -0.1654875399000591 
16.409999999975096, -0.16512040846764187 
16.419999999975072, -0.16475240990469403 
16.42999999997505, -0.16436665213323629 
16.439999999975026, -0.16394586869328798 
16.449999999975002, -0.1634676850376064 
16.45999999997498, -0.16289791113378668 
16.469999999974956, -0.1621805851613268 
16.479999999974932, -0.1612242465256995 
16.48999999997491, -0.1598886298430529 
16.499999999974886, -0.15798882037672704 
16.509999999974863, -0.15535087504469353 
16.51999999997484, -0.15193825662518656 
16.529999999974816, -0.14797501101322136 
16.539999999974793, -0.14390875239388146 
16.54999999997477, -0.14019284328434994 
16.559999999974746, -0.1370903114469408 
16.569999999974723, -0.13464804158811394 
16.5799999999747, -0.1327829014273875 
16.589999999974676, -0.13137033094565959 
16.599999999974653, -0.13029339411696977 
16.60999999997463, -0.129459756333368 
16.619999999974606, -0.1288029570491449 
16.629999999974583, -0.12827844790196286 
16.63999999997456, -0.12785906047902662 
16.649999999974536, -0.12753148886032706 
16.659999999974513, -0.1272940184519257 
16.66999999997449, -0.1271549642899452 
16.679999999974466, -0.12713020210816334 
16.689999999974443, -0.12723573409352007 
16.69999999997442, -0.12746610971216543 
16.709999999974396, -0.1277423865145751 
16.719999999974373, -0.12781739215794233 
16.72999999997435, -0.12718599864981964 
16.739999999974327, -0.1251929088014077 
16.749999999974303, -0.12151888897198367 
16.75999999997428, -0.116654240914324 
16.769999999974257, -0.1116288511429151 
16.779999999974233, -0.1072717317401162 
16.78999999997421, -0.10388200899299463 
16.799999999974187, -0.10138952869513133 
16.809999999974163, -0.0995967828444362 
16.81999999997414, -0.09831134185919307 
16.829999999974117, -0.09738676736495679 
16.839999999974093, -0.09672383592965435 
16.84999999997407, -0.09626137809729948 
16.859999999974047, -0.09596765686692005 
16.869999999974024, -0.09583521129961572 
16.879999999974, -0.09587958309860159 
16.889999999973977, -0.0961418118379433 
16.899999999973954, -0.09669423009005312 
16.90999999997393, -0.09764733857769972 
16.919999999973907, -0.09914949877511542 
16.929999999973884, -0.10135595160894748 
16.93999999997386, -0.104319827215509 
16.949999999973837, -0.1077682197881896 
16.959999999973814, -0.11089923198171461 
16.96999999997379, -0.1126376511507244 
16.979999999973767, -0.11246728258370989 
16.989999999973744, -0.11087220673467715 
16.99999999997372, -0.1087664363182412 
17.009999999973697, -0.10680024435802937 
17.019999999973674, -0.10522017635492409 
17.02999999997365, -0.10403590549702561 
17.039999999973627, -0.1031764743690901 
17.049999999973604, -0.102565328549723 
17.05999999997358, -0.10214431774419246 
17.069999999973557, -0.10187730635128489 
17.079999999973534, -0.10174843203749306 
17.08999999997351, -0.10176067935791504 
17.099999999973488, -0.10193664763924988 
17.109999999973464, -0.10232217171337485 
17.11999999997344, -0.10299294879360417 
17.129999999973418, -0.10406320518506798 
17.139999999973394, -0.10569176574272147 
17.14999999997337, -0.10807140198032042 
17.159999999973348, -0.11137055793446096 
17.169999999973324, -0.1155901987016394 
17.1799999999733, -0.12036812288978553 
17.189999999973278, -0.12494670189496607 
17.199999999973254, -0.1285366190476281 
17.20999999997323, -0.13081202379159834 
17.219999999973208, -0.131978224601104 
17.229999999973185, -0.13244596632966127 
17.23999999997316, -0.13255669750937515 
17.249999999973138, -0.13251404726747762 
17.259999999973115, -0.13241944640381664 
17.26999999997309, -0.13231885924729536 
17.279999999973068, -0.13223325740697028 
17.289999999973045, -0.13217467285892442 
17.29999999997302, -0.13215425657522115 
17.309999999972998, -0.1321868066466627 
17.319999999972975, -0.1322941023690923 
17.32999999997295, -0.13250804048396128 
17.339999999972928, -0.13287368603281804 
17.349999999972905, -0.13345145150540633 
17.35999999997288, -0.1343161761840877 
17.36999999997286, -0.13554843476195316 
17.379999999972835, -0.13721081653462383 
17.38999999997281, -0.1393044699125897 
17.39999999997279, -0.14171915009011452 
17.409999999972765, -0.14422117388787192 
17.41999999997274, -0.14652344665893616 
17.42999999997272, -0.14840719221628432 
17.439999999972695, -0.1497961851183352 
17.449999999972672, -0.15073571098075292 
17.45999999997265, -0.15132476741148262 
17.469999999972625, -0.15166259846107502 
17.479999999972602, -0.15182649598846845 
17.48999999997258, -0.15186983742212085 
17.499999999972555, -0.15182761278816428 
17.509999999972532, -0.1517230073405399 
17.51999999997251, -0.15157315840316657 
17.529999999972485, -0.15139398819238242 
17.539999999972462, -0.15120420293439324 
17.54999999997244, -0.15102808813809315 
17.559999999972415, -0.15089628751480616 
17.569999999972392, -0.1508438345728899 
17.57999999997237, -0.15090533083754615 
17.589999999972346, -0.15110776289256364 
17.599999999972322, -0.1514617730469179 
17.6099999999723, -0.15195318728162582 
17.619999999972276, -0.1525389863922217 
17.629999999972252, -0.15315321156891934 
17.63999999997223, -0.1537238932082268 
17.649999999972206, -0.15419313886184569 
17.659999999972182, -0.15452884342192688 
17.66999999997216, -0.15472343389801899 
17.679999999972136, -0.1547844216324013 
17.689999999972112, -0.15472407778599603 
17.69999999997209, -0.1545522905424013 
17.709999999972066, -0.15427314901709713 
17.719999999972043, -0.15388452168022332 
17.72999999997202, -0.1533802425147613 
17.739999999971996, -0.15275513851801767 
17.749999999971973, -0.1520128270648823 
17.75999999997195, -0.15117419368313492 
17.769999999971926, -0.15028159901811028 
17.779999999971903, -0.14939370764547222 
17.78999999997188, -0.14857123945187975 
17.799999999971856, -0.1478609912582599 
17.809999999971833, -0.14728632729845975 
17.81999999997181, -0.14684648422850005 
17.829999999971786, -0.14652172547210457 
17.839999999971763, -0.14628070367124268 
17.84999999997174, -0.14608794211109627 
17.859999999971716, -0.1459101355384542 
17.869999999971693, -0.14572002005528376 
17.87999999997167, -0.14549711146004943 
17.889999999971646, -0.14522569581122582 
17.899999999971623, -0.14489113342481075 
17.9099999999716, -0.14447538270576202 
17.919999999971576, -0.1439521260560266 
17.929999999971553, -0.14328174389437426 
17.93999999997153, -0.1424073677372788 
17.949999999971507, -0.14125601837184149 
17.959999999971483, -0.13975284938518323 
17.96999999997146, -0.13785642937158088 
17.979999999971437, -0.13560767780262795 
17.989999999971413, -0.13315559415761374 
17.99999999997139, -0.1307192327505677 
18.009999999971367, -0.12850094869384357 
18.019999999971343, -0.1266184087679525 
18.02999999997132, -0.12509586571654363 
18.039999999971297, -0.1238957206585594 
18.049999999971273, -0.12295473772613053 
18.05999999997125, -0.12220770627187097 
18.069999999971227, -0.12159834225035757 
18.079999999971204, -0.12108233902371415 
18.08999999997118, -0.1206265563920749 
18.099999999971157, -0.12020652971433077 
18.109999999971134, -0.11980324011552448 
18.11999999997111, -0.11939925099675844 
18.129999999971087, -0.11897352106382168 
18.139999999971064, -0.11849321280019479 
18.14999999997104, -0.11789968133767877 
18.159999999971017, -0.11708580985789194 
18.169999999970994, -0.11586791643211021 
18.17999999997097, -0.1139778993071194 
18.189999999970947, -0.11113885450590735 
18.199999999970924, -0.10727070844222568 
18.2099999999709, -0.10269321614975904 
18.219999999970877, -0.098041697182286 
18.229999999970854, -0.09390490969888975 
18.23999999997083, -0.0905650395382896 
18.249999999970807, -0.08801978710512211 
18.259999999970784, -0.08612927610504154 
18.26999999997076, -0.08472951820015887 
18.279999999970737, -0.08368191547911867 
18.289999999970714, -0.08288408080091063 
18.29999999997069, -0.08226581892000323 
18.309999999970668, -0.08178198241149678 
18.319999999970644, -0.08140630223344045 
18.32999999997062, -0.08112704173614739 
18.339999999970598, -0.08094405525242562 
18.349999999970574, -0.08086591656438548 
18.35999999997055, -0.08090401335560965 
18.369999999970528, -0.08105652702677424 
18.379999999970504, -0.0812683649153392 
18.38999999997048, -0.08135019667751356 
18.399999999970458, -0.080874168709302 
18.409999999970434, -0.07919041071055849 
18.41999999997041, -0.07580954092134926 
18.429999999970388, -0.07099081790892116 
18.439999999970365, -0.06573035908022143 
18.44999999997034, -0.06101373825798586 
18.459999999970318, -0.05728739951487738 
18.469999999970295, -0.05453684195732002 
18.47999999997027, -0.05256107093562391 
18.489999999970248, -0.05114620332708655 
18.499999999970225, -0.05012495639901221 
18.5099999999702, -0.04938213054263439 
18.519999999970178, -0.048844652484637 
18.529999999970155, -0.048471060985653444 
18.53999999997013, -0.04824438409376211 
18.549999999970108, -0.04816875082254819 
18.559999999970085, -0.04826908121846626 
18.56999999997006, -0.048592348276966776 
18.57999999997004, -0.04920622100961853 
18.589999999970015, -0.05018330674321686 
18.59999999996999, -0.05154343848974807 
18.60999999996997, -0.053113231532162866 
18.619999999969945, -0.05432239396080468 
18.62999999996992, -0.05420783866956239 
18.6399999999699, -0.05204608189582914 
18.649999999969875, -0.04818017678427852 
18.659999999969852, -0.04379183792360473 
18.66999999996983, -0.03988965330705532 
18.679999999969805, -0.03685372689046767 
18.689999999969782, -0.03463832129772612 
18.69999999996976, -0.033058734939358084 
18.709999999969735, -0.03193590726300756 
18.719999999969712, -0.031136841697485883 
18.72999999996969, -0.030574376316211783 
18.739999999969665, -0.030197829579240464 
18.749999999969642, -0.0299850944862599 
18.75999999996962, -0.029938664964489815 
18.769999999969595, -0.03008576888814925 
18.779999999969572, -0.030482094167504286 
18.78999999996955, -0.031217138120272186 
18.799999999969526, -0.03241394709149234 
18.809999999969502, -0.034201488232007526 
18.81999999996948, -0.036611249097844877 
18.829999999969456, -0.03934734103522943 
18.839999999969432, -0.0415487545655723 
18.84999999996941, -0.04204870870006218 
18.859999999969386, -0.040368457827113846 
18.869999999969362, -0.037257886230143054 
18.87999999996934, -0.033904755439278234 
18.889999999969316, -0.031043028864251736 
18.899999999969292, -0.02886067460844745 
18.90999999996927, -0.027275828065518242 
18.919999999969246, -0.026144227899039352 
18.929999999969223, -0.02534145803218272 
18.9399999999692, -0.024780689726126025 
18.949999999969176, -0.02440958480838867 
18.959999999969153, -0.024204217845115818 
18.96999999996913, -0.024165529155829278 
18.979999999969106, -0.024319670609218056 
18.989999999969083, -0.024722496517695956 
18.99999999996906, -0.02546756635607205 
19.009999999969036, -0.02669367014225555 
19.019999999969013, -0.028576994879572985 
19.02999999996899, -0.031267460094460485 
19.039999999968966, -0.03470017671394877 
19.049999999968943, -0.038287452742105904 
19.05999999996892, -0.04085465552829961 
19.069999999968896, -0.041379515854939805 
19.079999999968873, -0.03996105251697028 
19.08999999996885, -0.037604431430820706 
19.099999999968826, -0.03523964087476349 
19.109999999968803, -0.03328992616731644 
19.11999999996878, -0.03181732410329605 
19.129999999968756, -0.030745665372896008 
19.139999999968733, -0.029979237813923622 
19.14999999996871, -0.029442602108306654 
19.159999999968687, -0.029087507675163486 
19.169999999968663, -0.02889080035923981 
19.17999999996864, -0.028852261568954263 
19.189999999968617, -0.028995262616919544 
19.199999999968593, -0.029371246516944515 
19.20999999996857, -0.030068318800895603 
19.219999999968547, -0.031222338285701156 
19.229999999968523, -0.03302202871444572 
19.2399999999685, -0.035680745306724576 
19.249999999968477, -0.039314558956065546 
19.259999999968453, -0.043671214438632075 
19.26999999996843, -0.047868616418227636 
19.279999999968407, -0.05068379852949255 
19.289999999968384, -0.05150691314336629 
19.29999999996836, -0.05079344786771377 
19.309999999968337, -0.04942678433484324 
19.319999999968314, -0.048033530805401334 
19.32999999996829, -0.04686919856761972 
19.339999999968267, -0.04597525759422722 
19.349999999968244, -0.045316608410874794 
19.35999999996822, -0.04484706068706556 
19.369999999968197, -0.044531764062313677 
19.379999999968174, -0.0443526129370999 
19.38999999996815, -0.0443091786445773 
19.399999999968127, -0.04442012807104294 
19.409999999968104, -0.04472709178783619 
19.41999999996808, -0.04530189234831053 
19.429999999968057, -0.04625703237743501 
19.439999999968034, -0.047756059984225864 
19.44999999996801, -0.05001050061179143 
19.459999999967987, -0.05322816289173967 
19.469999999967964, -0.05745571963644641 
19.47999999996794, -0.062317937998429475 
19.489999999967917, -0.06691035647812185 
19.499999999967894, -0.07024311826717715 
19.50999999996787, -0.0719560203740646 
19.519999999967848, -0.0724184279674045 
19.529999999967824, -0.07222307656286038 
19.5399999999678, -0.07179908284924366 
19.549999999967778, -0.07135927917401452 
19.559999999967754, -0.07098247013471419 
19.56999999996773, -0.07068803471933138 
19.579999999967708, -0.07047624272980524 
19.589999999967684, -0.07034598857111699 
19.59999999996766, -0.07030222789330517 
19.609999999967638, -0.07035992980726867 
19.619999999967614, -0.07054773730592198 
19.62999999996759, -0.07091278865093173 
19.639999999967568, -0.07152718042413345 
19.649999999967545, -0.07249517699143498 
19.65999999996752, -0.07395679164678001 
19.669999999967498, -0.07607534202780762 
19.679999999967475, -0.07898430849743282 
19.68999999996745, -0.08266955573651497 
19.699999999967428, -0.08682536477445717 
19.709999999967405, -0.09085160272073012 
19.71999999996738, -0.0941336233409937 
19.729999999967358, -0.0963917606267973 
19.739999999967335, -0.09773320087092105 
19.74999999996731, -0.09843842487167058 
19.759999999967288, -0.09876694824467447 
19.769999999967265, -0.09889295567791936 
19.77999999996724, -0.09891711016021738 
19.78999999996722, -0.09889459958436712 
19.799999999967195, -0.0988569015441985 
19.80999999996717, -0.09882514162917123 
19.81999999996715, -0.09881801020696312 
19.829999999967125, -0.09885695746613893 
19.8399999999671, -0.09897026007488587 
19.84999999996708, -0.09919659914387943 
19.859999999967055, -0.09958797702341121 
19.869999999967032, -0.10021077380285273 
19.87999999996701, -0.10114195792044456 
19.889999999966985, -0.10245476315154436 
19.899999999966962, -0.10418697945399118 
19.90999999996694, -0.10629342719717645 
19.919999999966915, -0.10860982498940888 
19.929999999966892, -0.11087770801253125 
19.93999999996687, -0.11284439089592009 
19.949999999966845, -0.11436691154234309 
19.959999999966822, -0.11543634825719944 
19.9699999999668, -0.11612771680731908 
19.979999999966775, -0.1165383027678851 
19.989999999966752, -0.11675238730621676 
19.99999999996673, -0.11683153108071279 
20.009999999966706, -0.11681737910002148 
20.019999999966682, -0.11673790041048168 
20.02999999996666, -0.11661347435821412 
20.039999999966636, -0.11646207042508303 
20.049999999966612, -0.11630353097337509 
20.05999999996659, -0.11616276229758513 
20.069999999966566, -0.116071239382648 
20.079999999966542, -0.1160661394946672 
20.08999999996652, -0.1161867185694428 
20.099999999966496, -0.11646779441380684 
20.109999999966472, -0.11693021104316943 
20.11999999996645, -0.11756908050120121 
20.129999999966426, -0.11834407044119358 
20.139999999966403, -0.11918022615053825 
20.14999999996638, -0.11998552880694821 
20.159999999966356, -0.12067892211270921 
20.169999999966333, -0.12121171835074014 
20.17999999996631, -0.12157082329719646 
20.189999999966286, -0.12176751601748304 
20.199999999966263, -0.12182290890787872 
20.20999999996624, -0.12175752896734426 
20.219999999966216, -0.12158644358857207 
20.229999999966193, -0.12131853532709122 
20.23999999996617, -0.1209584956600177 
20.249999999966146, -0.12051083061373265 
20.259999999966123, -0.11998531241006385 
20.2699999999661, -0.1194024077801364 
20.279999999966076, -0.11879588229932365 
20.289999999966053, -0.11820984087037079 
20.29999999996603, -0.11769023955455071 
20.309999999966006, -0.1172745443355259 
20.319999999965983, -0.11698397768001507 
20.32999999996596, -0.11682021165927121 
20.339999999965936, -0.11676593109761628 
20.349999999965913, -0.11678858884196364 
20.35999999996589, -0.11684720363665305 
20.369999999965867, -0.11690096941712687 
20.379999999965843, -0.11691661817708562 
20.38999999996582, -0.11687160098541205 
20.399999999965797, -0.11675259393012627 
20.409999999965773, -0.1165511508637461 
20.41999999996575, -0.1162587553541082 
20.429999999965727, -0.1158626790926077 
20.439999999965703, -0.11534336576377177 
20.44999999996568, -0.1146742802597596 
20.459999999965657, -0.11382612828793319 
20.469999999965633, -0.11277783050005967 
20.47999999996561, -0.11153404588377394 
20.489999999965587, -0.1101415923898631 
20.499999999965564, -0.10869016514935433 
20.50999999996554, -0.10728904681103887 
20.519999999965517, -0.10603169968828763 
20.529999999965494, -0.10497128159143143 
20.53999999996547, -0.10411790968857766 
20.549999999965447, -0.10345055889084472 
20.559999999965424, -0.10293183509757867 
20.5699999999654, -0.10251940850914623 
20.579999999965377, -0.10217319971723209 
20.589999999965354, -0.10185909004201692 
20.59999999996533, -0.10154981683832676 
20.609999999965307, -0.10122359510684946 
20.619999999965284, -0.10086108314506148 
20.62999999996526, -0.1004411923515958 
20.639999999965237, -0.0999358738731613 
20.649999999965214, -0.09930378366317408 
20.65999999996519, -0.09848337139267027 
20.669999999965167, -0.09738866284477904 
20.679999999965144, -0.0959168038900918 
20.68999999996512, -0.09398183095339416 
20.699999999965097, -0.09157905198487185 
20.709999999965074, -0.08884388588149991 
20.71999999996505, -0.08603535444967415 
20.729999999965028, -0.08342878775842821 
20.739999999965004, -0.08120436608631586 
20.74999999996498, -0.07941496517915789 
20.759999999964958, -0.07802310954393814 
20.769999999964934, -0.07695237214575305 
20.77999999996491, -0.07612189370700015 
20.789999999964888, -0.07546182989394509 
20.799999999964864, -0.0749173241974285 
20.80999999996484, -0.07444730575030586 
20.819999999964818, -0.07402133106174501 
20.829999999964794, -0.07361569792519373 
20.83999999996477, -0.0732089803582804 
20.849999999964748, -0.0727763445864764 
20.859999999964725, -0.07228116923324955 
20.8699999999647, -0.07166174650706374 
20.879999999964678, -0.07081158615114796 
20.889999999964655, -0.06955864528016202 
20.89999999996463, -0.06766922510064581 
20.909999999964608, -0.06492919667670102 
20.919999999964585, -0.061324228532535295 
20.92999999996456, -0.057183873652914566 
20.939999999964538, -0.053069215445147755 
20.949999999964515, -0.04946190042552116 
20.95999999996449, -0.04657173733002956 
20.969999999964468, -0.044375220839845124 
20.979999999964445, -0.042742020427526596 
20.98999999996442, -0.04152682458768096 
20.9999999999644, -0.04060788398502434 
21.009999999964375, -0.03989456695966477 
21.01999999996435, -0.03932323412315711 
21.02999999996433, -0.03885057598458694 
21.039999999964305, -0.03844740791585317 
21.04999999996428, -0.03809324946484056 
21.05999999996426, -0.03777078401314059 
21.069999999964235, -0.03745817730376895 
21.079999999964212, -0.03711552829458189 
21.08999999996419, -0.03665970904031031 
21.099999999964165, -0.035923551021180375 
21.109999999964142, -0.03461480193922682 
21.11999999996412, -0.0323462876589052 
21.129999999964095, -0.028851091870720012 
21.139999999964072, -0.024320750347134244 
21.14999999996405, -0.01945464772439256 
21.159999999964025, -0.015024628528620762 
21.169999999964002, -0.011447679234891053 
21.17999999996398, -0.008757945201888943 
21.189999999963955, -0.006797845780833908 
21.199999999963932, -0.005374733795148974 
21.20999999996391, -0.0043271366812178795 
21.219999999963886, -0.003537373648255568 
21.229999999963862, -0.002925038416743285 
21.23999999996384, -0.0024370791485902018 
21.249999999963816, -0.0020392293042718348 
21.259999999963792, -0.0017092084117130402 
21.26999999996377, -0.0014304894687270043 
21.279999999963746, -0.0011842165336646516 
21.289999999963722, -0.0009348963580835165 
21.2999999999637, -0.0006027751838090515 
21.309999999963676, -0.000016602896578694243 
21.319999999963652, 0.0007117851217654155 
21.32999999996363, 0.0024322011351324262 
21.339999999963606, 0.005463015202535224 
21.349999999963583, 0.009598971749236879 
21.35999999996356, 0.014073091227997405 
21.369999999963536, 0.018063816473037526 
21.379999999963513, 0.02115623665463281 
21.38999999996349, 0.02334145938135799 
21.399999999963466, 0.024797278471041267 
21.409999999963443, 0.025725688328835462 
21.41999999996342, 0.026290581159165965 
21.429999999963396, 0.02660924879177059 
21.439999999963373, 0.026761208387020972 
21.44999999996335, 0.02679921501871977 
21.459999999963326, 0.026758475810668675 
21.469999999963303, 0.026664178706343727 
21.47999999996328, 0.02653895268535066 
21.489999999963256, 0.026413067952182172 
21.499999999963233, 0.026341861392555666 
21.50999999996321, 0.026435843301477923 
21.519999999963186, 0.026902180568738797 
21.529999999963163, 0.028064265590602416 
21.53999999996314, 0.030265849664200532 
21.549999999963116, 0.033590483213760014 
21.559999999963093, 0.037612316111155245 
21.56999999996307, 0.04157831328632109 
21.579999999963047, 0.04489261244661228 
21.589999999963023, 0.047353407856197335 
21.599999999963, 0.04904248339142281 
21.609999999962977, 0.05014015308602619 
21.619999999962953, 0.05081980091659505 
21.62999999996293, 0.05121554298157137 
21.639999999962907, 0.05142265494279472 
21.649999999962883, 0.051506881192882235 
21.65999999996286, 0.051514034874380624 
21.669999999962837, 0.0514782150515122 
21.679999999962813, 0.05142937689286901 
21.68999999996279, 0.05140193651833175 
21.699999999962767, 0.051446734612635284 
21.709999999962744, 0.05164853644301104 
21.71999999996272, 0.052147124208798315 
21.729999999962697, 0.05314493895571385 
21.739999999962674, 0.05485712962792415 
21.74999999996265, 0.057363959973635706 
21.759999999962627, 0.06044586179093327 
21.769999999962604, 0.06361857336279306 
21.77999999996258, 0.06640535725336597 
21.789999999962557, 0.06856367113134884 
21.799999999962534, 0.07008644115799809 
21.80999999996251, 0.07108600278194033 
21.819999999962487, 0.07169861186182694 
21.829999999962464, 0.07204215718248845 
21.83999999996244, 0.07220697359895523 
21.849999999962417, 0.0722593083211239 
21.859999999962394, 0.07224771805500636 
21.86999999996237, 0.07220945793812128 
21.879999999962347, 0.07217661221761987 
21.889999999962324, 0.0721825105076462 
21.8999999999623, 0.07226906195680746 
21.909999999962277, 0.07249499124690567 
21.919999999962254, 0.0729424500030486 
21.92999999996223, 0.07371357318661277 
21.939999999962208, 0.07490148188955797 
21.949999999962184, 0.07652697679873975 
21.95999999996216, 0.07847321391498313 
21.969999999962138, 0.08049393146060085 
21.979999999962114, 0.08232081472899457 
21.98999999996209, 0.08378008402735417 
21.999999999962068, 0.0848251711648067 
22.009999999962044, 0.08549685129691208 
22.01999999996202, 0.08587120748413145 
22.029999999961998, 0.08602738706831389 
22.039999999961974, 0.0860347980848861 
22.04999999996195, 0.08595034675453965 
22.059999999961928, 0.08581928989736551 
22.069999999961905, 0.08567732467564365 
22.07999999996188, 0.08555349071765601 
22.089999999961858, 0.08547378701366268 
22.099999999961835, 0.08546513750925895 
22.10999999996181, 0.08555889682769945 
22.119999999961788, 0.08579226788647162 
22.129999999961765, 0.08620464934243247 
22.13999999996174, 0.0868251762436791 
22.149999999961718, 0.08765110850029982 
22.159999999961695, 0.08862727816368124 
22.16999999996167, 0.089646751186759 
22.179999999961648, 0.09058283175030622 
22.189999999961625, 0.09133332773357826 
22.1999999999616, 0.0918460254729803 
22.20999999996158, 0.09211599240511881 
22.219999999961555, 0.09216884993778832 
22.22999999996153, 0.09204548816991609 
22.23999999996151, 0.09179309158006754 
22.249999999961485, 0.09146007209082314 
22.25999999996146, 0.09109185688951874 
22.26999999996144, 0.09072701282789686 
22.279999999961415, 0.09039504981294243 
22.289999999961392, 0.09011688034069329 
22.29999999996137, 0.08990737930825907 
22.309999999961345, 0.08977846563388663 
22.319999999961322, 0.0897410536991118 
22.3299999999613, 0.08980456226998047 
22.339999999961275, 0.08997315219592346 
22.349999999961252, 0.09023901564088711 
22.35999999996123, 0.09057543096271888 
22.369999999961205, 0.0909347370466058 
22.379999999961182, 0.09125533336840877 
22.38999999996116, 0.09147569447485938 
22.399999999961135, 0.09154763401530144 
22.409999999961112, 0.09144264612663125 
22.41999999996109, 0.09115207683355782 
22.429999999961066, 0.09068595504620915 
22.439999999961042, 0.09007316284471767 
22.44999999996102, 0.08936070219467164 
22.459999999960996, 0.08860763669724267 
22.469999999960972, 0.08787292796241505 
22.47999999996095, 0.08720263120243128 
22.489999999960926, 0.08662341623252551 
22.499999999960902, 0.08614430568325152 
22.50999999996088, 0.0857630027150983 
22.519999999960856, 0.0854721095526215 
22.529999999960832, 0.08526264501219537 
22.53999999996081, 0.08512443348110689 
22.549999999960786, 0.08504405406162316 
22.559999999960763, 0.08500160820081018 
22.56999999996074, 0.08496804620352122 
22.579999999960716, 0.08490482977468 
22.589999999960693, 0.08476662798193335 
22.59999999996067, 0.08450594977337336 
22.609999999960646, 0.08407796483076588 
22.619999999960623, 0.08344549730184825 
22.6299999999606, 0.08258671904614032 
22.639999999960576, 0.08150769253166633 
22.649999999960553, 0.080255807288063 
22.65999999996053, 0.07892151069330298 
22.669999999960506, 0.07761692459949462 
22.679999999960483, 0.07643873253770919 
22.68999999996046, 0.07544031275277928 
22.699999999960436, 0.07462944251937562 
22.709999999960413, 0.07398456349586514 
22.71999999996039, 0.07347325014797644 
22.729999999960366, 0.07306361953239043 
22.739999999960343, 0.07272817589245768 
22.74999999996032, 0.07244291975039129 
22.759999999960296, 0.07218429429207153 
22.769999999960273, 0.0719255752201923 
22.77999999996025, 0.0716336975402163 
22.789999999960227, 0.07126712885467583 
22.799999999960203, 0.07077499787254223 
22.80999999996018, 0.0700976161133593 
22.819999999960157, 0.06916971903493699 
22.829999999960133, 0.0679305685514042 
22.83999999996011, 0.06634709441308743 
22.849999999960087, 0.06445031677347651 
22.859999999960063, 0.062364720718295574 
22.86999999996004, 0.06029110796210827 
22.879999999960017, 0.05842993617794747 
22.889999999959993, 0.056899004263906316 
22.89999999995997, 0.05571144476467704 
22.909999999959947, 0.0548123946189973 
22.919999999959924, 0.05412658715802482 
22.9299999999599, 0.05358645468212271 
22.939999999959877, 0.05314017115021896 
22.949999999959854, 0.05274929874538163 
22.95999999995983, 0.05238319052107038 
22.969999999959807, 0.05201318023649533 
22.979999999959784, 0.051607339793305486 
22.98999999995976, 0.05112582417785638 
22.999999999959737, 0.05051671950478694 
23.009999999959714, 0.049712607794429646 
23.01999999995969, 0.04862931705755182 
23.029999999959667, 0.047171661215348756 
23.039999999959644, 0.045256298543780944 
23.04999999995962, 0.042862642838232004 
23.059999999959597, 0.040101431674379545 
23.069999999959574, 0.037240822717191424 
23.07999999995955, 0.03461781720952025 
23.089999999959527, 0.032474250397623854 
23.099999999959504, 0.030866777121917367 
23.10999999995948, 0.029711503479263823 
23.119999999959457, 0.02887837799839455 
23.129999999959434, 0.028252249516992865 
23.13999999995941, 0.027750193202984514 
23.149999999959388, 0.0273167096539804 
23.159999999959364, 0.02691352828407862 
23.16999999995934, 0.02651038532245953 
23.179999999959318, 0.026077742340638775 
23.189999999959294, 0.025580798450650994 
23.19999999995927, 0.024974052176340366 
23.209999999959248, 0.024196053822869816 
23.219999999959224, 0.02316489814753315 
23.2299999999592, 0.02177739778751741 
23.239999999959178, 0.019920134163794546 
23.249999999959154, 0.01750739952204076 
23.25999999995913, 0.014556857548883875 
23.269999999959108, 0.011272209296182976 
23.279999999959085, 0.008034571710353898 
23.28999999995906, 0.0052363965836818935 
23.299999999959038, 0.003081872066450762 
23.309999999959015, 0.0015449354832307665 
23.31999999995899, 0.0004756916927659459 
23.329999999958968, -0.00010738870653568294 
23.339999999958945, -0.00024972242608037434 
23.34999999995892, -0.00028836569080465735 
23.359999999958898, -0.0002744226890651871 
23.369999999958875, -0.0002424974344275513 
23.37999999995885, -0.00022047965263955328 
23.389999999958828, -0.00023671055849388713 
23.399999999958805, -0.0003257520937967382 
23.40999999995878, -0.0005336444691550953 
23.41999999995876, -0.0009229356675481042 
23.429999999958735, -0.0015766694525788758 
23.43999999995871, -0.00259791479638518 
23.44999999995869, -0.004096145721497977 
23.459999999958665, -0.006145984229240572 
23.46999999995864, -0.008711182174460328 
23.47999999995862, -0.0115709159195236 
23.489999999958595, -0.014344611553912173 
23.499999999958572, -0.016661956083732294 
23.50999999995855, -0.018344098950727274 
23.519999999958525, -0.019427787964881888 
23.529999999958502, -0.02005972520252704 
23.53999999995848, -0.020393270670986743 
23.549999999958455, -0.020544611430021578 
23.559999999958432, -0.02059051785627262 
23.56999999995841, -0.020579988727567503 
23.579999999958385, -0.02054626505223523 
23.589999999958362, -0.020515957342262105 
23.59999999995834, -0.020515741329643216 
23.609999999958315, -0.020577662023819273 
23.619999999958292, -0.0207437365990076 
23.62999999995827, -0.021069981358890943 
23.639999999958246, -0.02162908116565531 
23.649999999958222, -0.02250893785062897 
23.6599999999582, -0.023800529803947444 
23.669999999958176, -0.02556477971384629 
23.679999999958152, -0.02777433667720139 
23.68999999995813, -0.03025767367970857 
23.699999999958106, -0.03271359417154275 
23.709999999958082, -0.03483278722870712 
23.71999999995806, -0.036439911612306655 
23.729999999958036, -0.03753105676604919 
23.739999999958012, -0.03820639792080586 
23.74999999995799, -0.03858830066153858 
23.759999999957966, -0.03877804285644525 
23.769999999957943, -0.03884698119678878 
23.77999999995792, -0.0388426555611977 
23.789999999957896, -0.038797749485220016 
23.799999999957873, -0.03873781679264807 
23.80999999995785, -0.038687314183100854 
23.819999999957826, -0.03867437228101441 
23.829999999957803, -0.03873459667016099 
23.83999999995778, -0.03891380457924259 
23.849999999957756, -0.039269100690565426 
23.859999999957733, -0.03986668996524599 
23.86999999995771, -0.04077284994200415 
23.879999999957686, -0.04203262551485329 
23.889999999957663, -0.043634315596351475 
23.89999999995764, -0.04547425828658648 
23.909999999957616, -0.04735844997151854 
23.919999999957593, -0.04906664620478348 
23.92999999995757, -0.05044303179774875 
23.939999999957546, -0.051440876805041114 
23.949999999957523, -0.05209936931863809 
23.9599999999575, -0.052493464882081384 
23.969999999957476, -0.05269705479212751 
23.979999999957453, -0.052768274498344016 
23.98999999995743, -0.05274869168861633 
23.999999999957407, -0.05266779870994914 
24.009999999957383, -0.05254848815446106 
24.01999999995736, -0.05241210024801183 
24.029999999957337, -0.05228268357411085 
24.039999999957313, -0.05219016689450197 
24.04999999995729, -0.05217196377398079 
24.059999999957267, -0.052272510018102646 
24.069999999957243, -0.052540198236150845 
24.07999999995722, -0.05302060739441424 
24.089999999957197, -0.053744113182677536 
24.099999999957173, -0.05470735202661856 
24.10999999995715, -0.055854938457080075 
24.119999999957127, -0.057077523171578395 
24.129999999957104, -0.05823981532920752 
24.13999999995708, -0.05922779272531022 
24.149999999957057, -0.05998253823744272 
24.159999999957034, -0.060500878216461405 
24.16999999995701, -0.06081338752084266 
24.179999999956987, -0.060960949702619914 
24.189999999956964, -0.06098078696842195 
24.19999999995694, -0.06090175153503774 
24.209999999956917, -0.06074505243553988 
24.219999999956894, -0.06052742841406672 
24.22999999995687, -0.0602652227874134 
24.239999999956847, -0.05997844483585246 
24.249999999956824, -0.059693791930070364 
24.2599999999568, -0.05944544497382155 
24.269999999956777, -0.05927293718631645 
24.279999999956754, -0.059216447486935817 
24.28999999995673, -0.05931043039743057 
24.299999999956707, -0.05957595872145234 
24.309999999956684, -0.06001188667315176 
24.31999999995666, -0.06058712127373979 
24.329999999956637, -0.06124012076188412 
24.339999999956614, -0.06189143888697991 
24.34999999995659, -0.062466329182806014 
24.359999999956568, -0.06291453757178557 
24.369999999956544, -0.06321623083389893 
24.37999999995652, -0.06337474805979448 
24.389999999956498, -0.0634046700461437 
24.399999999956474, -0.06332227867570986 
24.40999999995645, -0.06314065820627678 
24.419999999956428, -0.06286879518244867 
24.429999999956404, -0.06251352355497401 
24.43999999995638, -0.0620834579362874 
24.449999999956358, -0.061593915466677515 
24.459999999956334, -0.061070965643438814 
24.46999999995631, -0.06055204854881171 
24.479999999956288, -0.060081588001874374 
24.489999999956265, -0.05970285047980384 
24.49999999995624, -0.059449487720300134 
24.509999999956218, -0.05933941595052426 
24.519999999956195, -0.05937129947497867 
24.52999999995617, -0.05952324151147803 
24.539999999956148, -0.059754871640224194 
24.549999999956125, -0.06001469793388261 
24.5599999999561, -0.06025171935539499 
24.569999999956078, -0.06042622079583545 
24.579999999956055, -0.060514531244943805 
24.58999999995603, -0.06050686538381108 
24.599999999956008, -0.060401408459239136 
24.609999999955985, -0.06019835571977857 
24.61999999995596, -0.05989598037357495 
24.62999999995594, -0.05948938593770638 
24.639999999955915, -0.05897220793828776 
24.64999999995589, -0.058341527895418466 
24.65999999995587, -0.05760548124494628 
24.669999999955845, -0.056790764106522604 
24.67999999995582, -0.05594478937088974 
24.6899999999558, -0.055128315137899564 
24.699999999955775, -0.05440058896975741 
24.709999999955752, -0.05380496204496168 
24.71999999995573, -0.05336166488440983 
24.729999999955705, -0.053068040732532476 
24.739999999955682, -0.052902659807370724 
24.74999999995566, -0.05283079094385734 
24.759999999955635, -0.05281091941648495 
24.769999999955612, -0.0528020153739643 
24.77999999995559, -0.05276971664547318 
24.789999999955565, -0.052689193950963206 
24.799999999955542, -0.052544092751672045 
24.80999999995552, -0.05232286921653241 
24.819999999955495, -0.05201445180931413 
24.829999999955472, -0.051604699211001595 
24.83999999995545, -0.051074700173989226 
24.849999999955426, -0.050402184449684063 
24.859999999955402, -0.04956778753527501 
24.86999999995538, -0.048567072899768075 
24.879999999955356, -0.04742505811133889 
24.889999999955332, -0.04620362554000227 
24.89999999995531, -0.04499148600576376 
24.909999999955286, -0.04387815998712937 
24.919999999955262, -0.04292784808918978 
24.92999999995524, -0.04216807418135814 
24.939999999955216, -0.04159377892506896 
24.949999999955192, -0.04117809261009063 
24.95999999995517, -0.04088262414802028 
24.969999999955146, -0.04066529201854316 
24.979999999955123, -0.04048613745474831 
24.9899999999551, -0.04031119132735043 
24.999999999955076, -0.04011385390383098 
