t, s[1].omega / s[0].omega 
0, -1.5299972039401417 
0.009999999999999995, -1.5296192053880509 
0.019999999999999934, -1.529049561679669 
0.029999999999999874, -1.5283005648029304 
0.04000000000000012, -1.5274021084318188 
0.050000000000000405, -1.5264143988944225 
0.06000000000000069, -1.525437378792582 
0.07000000000000098, -1.5245988425391102 
0.08000000000000126, -1.5240035034110935 
0.09000000000000155, -1.523666809789646 
0.10000000000000184, -1.523504303345794 
0.11000000000000212, -1.523393648392347 
0.12000000000000241, -1.5232358916028743 
0.130000000000002, -1.5229661029557253 
0.1400000000000009, -1.5225314333093134 
0.1499999999999998, -1.521866060553871 
0.1599999999999987, -1.5208785960561384 
0.1699999999999976, -1.5194719946311324 
0.1799999999999965, -1.517639297681582 
0.1899999999999954, -1.5156611316680273 
0.1999999999999943, -1.5142310851501093 
0.2099999999999932, -1.514084404311281 
0.2199999999999921, -1.515256278301885 
0.229999999999991, -1.5170217324700803 
0.2399999999999899, -1.5186250668605124 
0.2499999999999888, -1.519733988201523 
0.2599999999999877, -1.5203467753168367 
0.2699999999999866, -1.5205768153514319 
0.2799999999999855, -1.5205364540928692 
0.2899999999999844, -1.5203075727128081 
0.2999999999999833, -1.519950296876266 
0.3099999999999822, -1.519524849343727 
0.3199999999999811, -1.519112783721007 
0.32999999999998, -1.518816659554552 
0.3399999999999789, -1.5187202904342891 
0.3499999999999778, -1.5188361228682137 
0.35999999999997667, -1.519097825866531 
0.36999999999997557, -1.5194034284600648 
0.37999999999997447, -1.5196602311737646 
0.38999999999997337, -1.5198030686578945 
0.39999999999997227, -1.5197921370979315 
0.40999999999997117, -1.5196040005825662 
0.41999999999997006, -1.5192240403443988 
0.42999999999996896, -1.5186434991425988 
0.43999999999996786, -1.5178619965129032 
0.44999999999996676, -1.516896193713952 
0.45999999999996566, -1.5157946910027251 
0.46999999999996456, -1.5146541929699482 
0.47999999999996346, -1.5136189600366758 
0.48999999999996235, -1.5128355103190936 
0.49999999999996125, -1.5123679802390755 
0.5099999999999602, -1.512152986534498 
0.519999999999959, -1.5120532231969783 
0.529999999999958, -1.5119437211156201 
0.5399999999999568, -1.5117452539728429 
0.5499999999999557, -1.511407354022509 
0.5599999999999546, -1.5108796957035937 
0.5699999999999535, -1.5100932663177866 
0.5799999999999524, -1.5089647420566188 
0.5899999999999513, -1.5074541359093878 
0.5999999999999502, -1.5057149694395042 
0.6099999999999491, -1.5042687143551556 
0.619999999999948, -1.5038652836094493 
0.6299999999999469, -1.5048338276538302 
0.6399999999999458, -1.506679785641231 
0.6499999999999447, -1.5085844021525956 
0.6599999999999436, -1.5100409742832643 
0.6699999999999425, -1.5109437652357987 
0.6799999999999414, -1.5113843744171547 
0.6899999999999403, -1.5114900517050585 
0.6999999999999392, -1.511362829522875 
0.7099999999999381, -1.5110747137316316 
0.719999999999937, -1.5106840057020166 
0.7299999999999359, -1.510256971732703 
0.7399999999999348, -1.5098805311686223 
0.7499999999999337, -1.5096462875725192 
0.7599999999999326, -1.5096057737816833 
0.7699999999999315, -1.5097385452214116 
0.7799999999999304, -1.5099679813169715 
0.7899999999999293, -1.5102028962707932 
0.7999999999999282, -1.5103672056711097 
0.8099999999999271, -1.5104080747545197 
0.819999999999926, -1.5102913273273806 
0.8299999999999249, -1.5099938271266742 
0.8399999999999238, -1.5094984987583462 
0.8499999999999227, -1.5087942488454757 
0.8599999999999216, -1.5078817674647182 
0.8699999999999205, -1.506786186416445 
0.8799999999999194, -1.5055756693663853 
0.8899999999999183, -1.504376044052968 
0.8999999999999172, -1.5033547567579233 
0.9099999999999161, -1.5026488800456952 
0.919999999999915, -1.5022756166923448 
0.9299999999999139, -1.5021246577041187 
0.9399999999999128, -1.5020451923466687 
0.9499999999999117, -1.5019236796836373 
0.9599999999999106, -1.5016944667666765 
0.9699999999999095, -1.5013129959846192 
0.9799999999999084, -1.5007285342412744 
0.9899999999999073, -1.4998715846783754 
0.9999999999999062, -1.498671112845313 
1.0099999999999052, -1.497135960032782 
1.019999999999904, -1.4955219148408845 
1.029999999999903, -1.4944435832931575 
1.039999999999902, -1.494570143108406 
1.0499999999999008, -1.4959658128674063 
1.0599999999998997, -1.4979687935896204 
1.0699999999998986, -1.4998243525154962 
1.0799999999998975, -1.5011609498965413 
1.0899999999998964, -1.5019515981446325 
1.0999999999998953, -1.5023091830266053 
1.1099999999998942, -1.502357768587438 
1.119999999999893, -1.5021917605911335 
1.129999999999892, -1.5018783249291945 
1.1399999999998909, -1.5014753652568 
1.1499999999998898, -1.5010519022061986 
1.1599999999998887, -1.5006959171717136 
1.1699999999998876, -1.5004922939508114 
1.1799999999998865, -1.500478887368179 
1.1899999999998854, -1.5006239973123063 
1.1999999999998843, -1.5008485499423203 
1.2099999999998832, -1.5010652973151462 
1.219999999999882, -1.501203483056988 
1.229999999999881, -1.5012142157800228 
1.2399999999998799, -1.5010653415255821 
1.2499999999998788, -1.5007344259639963 
1.2599999999998777, -1.5002047395357971 
1.2699999999998766, -1.4994661547686903 
1.2799999999998755, -1.498521877092092 
1.2899999999998744, -1.4974018628839951 
1.2999999999998733, -1.496181257735872 
1.3099999999998722, -1.4949922435799343 
1.319999999999871, -1.4940016676343655 
1.32999999999987, -1.4933345092675003 
1.3399999999998689, -1.492991238204501 
1.3499999999998678, -1.4928535062863892 
1.3599999999998666, -1.4927736736034656 
1.3699999999998655, -1.4926445958129044 
1.3799999999998644, -1.4924043738908 
1.3899999999998633, -1.492008939929811 
1.3999999999998622, -1.4914060567752205 
1.4099999999998611, -1.4905240771290842 
1.41999999999986, -1.489290886403262 
1.429999999999859, -1.487717691341511 
1.4399999999998578, -1.4860666143354293 
1.4499999999998567, -1.4849565201018553 
1.4599999999998556, -1.4850520746957065 
1.4699999999998545, -1.4864124205046052 
1.4799999999998534, -1.4883803554135742 
1.4899999999998523, -1.4902084919306389 
1.4999999999998512, -1.4915274787952881 
1.5099999999998501, -1.4923085363534152 
1.519999999999849, -1.4926619289075964 
1.529999999999848, -1.4927095953682619 
1.5399999999998468, -1.4925444047931502 
1.5499999999998457, -1.4922323047872053 
1.5599999999998446, -1.491830124931597 
1.5699999999998435, -1.4914063330296945 
1.5799999999998424, -1.4910501273083159 
1.5899999999998413, -1.4908503777557178 
1.5999999999998402, -1.4908498922614375 
1.6099999999998391, -1.491018951888257 
1.619999999999838, -1.4912762222075506 
1.629999999999837, -1.4915304170154378 
1.6399999999998358, -1.4917076075623443 
1.6499999999998347, -1.4917576176152343 
1.6599999999998336, -1.4916489280787366 
1.6699999999998325, -1.491361352789114 
1.6799999999998314, -1.4908814787108629 
1.6899999999998303, -1.4902026243705961 
1.6999999999998292, -1.4893299461155203 
1.709999999999828, -1.4882912394398018 
1.719999999999827, -1.4871521478265082 
1.729999999999826, -1.486027082254279 
1.7399999999998248, -1.485064285426676 
1.7499999999998237, -1.4843853677023489 
1.7599999999998226, -1.4840095742423756 
1.7699999999998215, -1.4838432145352967 
1.7799999999998204, -1.4837505048509954 
1.7899999999998193, -1.4836232692887477 
1.7999999999998182, -1.483394819135408 
1.809999999999817, -1.4830178475210831 
1.819999999999816, -1.482438495452168 
1.8299999999998149, -1.4815812364459116 
1.8399999999998138, -1.4803576447429438 
1.8499999999998127, -1.4787303656816078 
1.8599999999998116, -1.4768667498409396 
1.8699999999998105, -1.475300568407117 
1.8799999999998094, -1.4747717142171204 
1.8899999999998083, -1.475595425328081 
1.8999999999998072, -1.4772959555430951 
1.909999999999806, -1.479086170110481 
1.919999999999805, -1.4804698866285173 
1.9299999999998039, -1.4813334317429177 
1.9399999999998028, -1.481756562176529 
1.9499999999998017, -1.4818573403445368 
1.9599999999998006, -1.4817316611998794 
1.9699999999997995, -1.4814470724197966 
1.9799999999997984, -1.4810579404929063 
1.9899999999997973, -1.4806275977608168 
1.9999999999997962, -1.4802447561565277 
2.0099999999998173, -1.4800125921382001 
2.0199999999998384, -1.4800013215640493 
2.0299999999998595, -1.4802025101707021 
2.0399999999998806, -1.4805354435454705 
2.0499999999999017, -1.4808946221963872 
2.059999999999923, -1.4811903406807432 
2.069999999999944, -1.4813623980266837 
2.079999999999965, -1.4813761223627187 
2.089999999999986, -1.4812135113923985 
2.100000000000007, -1.480866351725417 
2.1100000000000283, -1.4803334623133 
2.1200000000000494, -1.4796223752363293 
2.1300000000000705, -1.4787555755320978 
2.1400000000000916, -1.4777806572218597 
2.1500000000001127, -1.4767800176943178 
2.160000000000134, -1.475867989532315 
2.170000000000155, -1.475158510144872 
2.180000000000176, -1.4747065226747267 
2.190000000000197, -1.4744715263045713 
2.2000000000002182, -1.47434766914398 
2.2100000000002393, -1.474226769225817 
2.2200000000002604, -1.4740313153291966 
2.2300000000002815, -1.4737069582753572 
2.2400000000003026, -1.4731993580333023 
2.2500000000003237, -1.4724339094280645 
2.260000000000345, -1.4713089401997108 
2.270000000000366, -1.469723429900517 
2.280000000000387, -1.46767982779683 
2.290000000000408, -1.4654717119841083 
2.3000000000004293, -1.4637762205701308 
2.3100000000004504, -1.463292696282192 
2.3200000000004715, -1.4640859116311733 
2.3300000000004926, -1.465525452693047 
2.3400000000005137, -1.4669119966755622 
2.3500000000005348, -1.467902928272521 
2.360000000000556, -1.4684619870877822 
2.370000000000577, -1.4686737148507694 
2.380000000000598, -1.4686324010941099 
2.390000000000619, -1.4684086878877403 
2.4000000000006403, -1.4680537408576269 
2.4100000000006614, -1.4676189434372158 
2.4200000000006825, -1.4671809808107237 
2.4300000000007036, -1.4668541056192832 
2.4400000000007247, -1.4667598758525071 
2.450000000000746, -1.4669561215012492 
2.460000000000767, -1.4673923674223115 
2.470000000000788, -1.4679430975173875 
2.480000000000809, -1.4684767711743891 
2.49000000000083, -1.4688981739365592 
2.5000000000008513, -1.4691541502451362 
2.5100000000008724, -1.469222484341604 
2.5200000000008935, -1.4690994488449927 
2.5300000000009146, -1.4687915507030922 
2.5400000000009357, -1.468312103100725 
2.550000000000957, -1.467682216236763 
2.560000000000978, -1.4669356360495953 
2.570000000000999, -1.466125410540744 
2.58000000000102, -1.4653270499358448 
2.5900000000010412, -1.464629297115048 
2.6000000000010624, -1.4641054591403437 
2.6100000000010835, -1.4637753778410594 
2.6200000000011046, -1.4635913560957778 
2.6300000000011257, -1.4634666225749846 
2.6400000000011468, -1.4633166958117916 
2.650000000001168, -1.4630764632391677 
2.660000000001189, -1.4626907608535789 
2.67000000000121, -1.4620951506045423 
2.680000000001231, -1.4611995249534242 
2.6900000000012523, -1.4598853648543721 
2.7000000000012734, -1.4580391117069995 
2.7100000000012945, -1.4556580858084291 
2.7200000000013156, -1.453027416870801 
2.7300000000013367, -1.4507965351217407 
2.740000000001358, -1.449651261582438 
2.750000000001379, -1.4497282168799865 
2.7600000000014, -1.4505275459792881 
2.770000000001421, -1.4514331964573735 
2.780000000001442, -1.452104878911104 
2.7900000000014633, -1.4524667422015491 
2.8000000000014844, -1.452559365158798 
2.8100000000015055, -1.452442688002504 
2.8200000000015266, -1.4521632447878432 
2.8300000000015477, -1.4517561096474518 
2.840000000001569, -1.4512653761447791 
2.85000000000159, -1.4507762653074852 
2.860000000001611, -1.4504374200741352 
2.870000000001632, -1.4504257643682883 
2.8800000000016532, -1.4508386816330605 
2.8900000000016743, -1.4516092143465575 
2.9000000000016954, -1.4525468680581066 
2.9100000000017165, -1.45345139199627 
2.9200000000017377, -1.454186706984081 
2.9300000000017588, -1.4546894950508742 
2.94000000000178, -1.4549474541901362 
2.950000000001801, -1.4549759235277286 
2.960000000001822, -1.454802149618639 
2.970000000001843, -1.4544574791271445 
2.9800000000018643, -1.453976034215944 
2.9900000000018854, -1.4533980869602074 
3.0000000000019065, -1.4527747593425944 
3.0100000000019276, -1.4521684586424741 
3.0200000000019487, -1.4516438236008349 
3.03000000000197, -1.4512488644362411 
3.040000000001991, -1.4509940498852865 
3.050000000002012, -1.4508446409776468 
3.060000000002033, -1.4507359475844432 
3.070000000002054, -1.4505988571987756 
3.0800000000020753, -1.4503736406353103 
3.0900000000020964, -1.4500060951412617 
3.1000000000021175, -1.4494349383089224 
3.1100000000021386, -1.4485806184466763 
3.1200000000021597, -1.447344429843969 
3.130000000002181, -1.4456310662053806 
3.140000000002202, -1.4434130593376577 
3.150000000002223, -1.4408401694679964 
3.160000000002244, -1.4383235294317867 
3.1700000000022652, -1.4364246985499904 
3.1800000000022863, -1.435492854644405 
3.1900000000023074, -1.4353992183528481 
3.2000000000023285, -1.4357148257226429 
3.2100000000023496, -1.4360658625374434 
3.2200000000023707, -1.4362735871544219 
3.230000000002392, -1.436296998272494 
3.240000000002413, -1.4361470644278111 
3.250000000002434, -1.4358399530760837 
3.260000000002455, -1.4353849510393173 
3.2700000000024763, -1.4347966282635585 
3.2800000000024974, -1.4341318366866123 
3.2900000000025185, -1.4335457940422733 
3.3000000000025396, -1.433312840325884 
3.3100000000025607, -1.4337127558482645 
3.3200000000025818, -1.4348073176445577 
3.330000000002603, -1.4363525319318693 
3.340000000002624, -1.4379679905621292 
3.350000000002645, -1.4393547588225357 
3.360000000002666, -1.4403738793127798 
3.3700000000026873, -1.4410107342541434 
3.3800000000027084, -1.441313317063923 
3.3900000000027295, -1.4413477404742276 
3.4000000000027506, -1.441176461965541 
3.4100000000027717, -1.440852983033539 
3.420000000002793, -1.4404262960362275 
3.430000000002814, -1.4399488938884277 
3.440000000002835, -1.439480789033571 
3.450000000002856, -1.4390823128620824 
3.460000000002877, -1.4387966086710886 
3.4700000000028983, -1.4386336161900501 
3.4800000000029194, -1.438566855914799 
3.4900000000029405, -1.4385441722571644 
3.5000000000029616, -1.4385051229972317 
3.5100000000029827, -1.4383942764155206 
3.520000000003004, -1.4381641675139138 
3.530000000003025, -1.437770594430657 
3.540000000003046, -1.437167138154254 
3.550000000003067, -1.4363046288158858 
3.5600000000030882, -1.4351395946938275 
3.5700000000031094, -1.433655278834701 
3.5800000000031305, -1.431896915211483 
3.5900000000031516, -1.4300120729001982 
3.6000000000031727, -1.4282591029352958 
3.6100000000031938, -1.426925290985991 
3.620000000003215, -1.4261618853892215 
3.630000000003236, -1.4258861745408302 
3.640000000003257, -1.425870502527237 
3.650000000003278, -1.4259043735735581 
3.6600000000032993, -1.42586721681763 
3.6700000000033204, -1.4257085325850016 
3.6800000000033415, -1.425405457305375 
3.6900000000033626, -1.4249341910399371 
3.7000000000033837, -1.4242605895445535 
3.710000000003405, -1.4233545531833902 
3.720000000003426, -1.4222453992754929 
3.730000000003447, -1.4211276179510146 
3.740000000003468, -1.420438115251935 
3.750000000003489, -1.4206947826411196 
3.7600000000035103, -1.4220630019282212 
3.7700000000035314, -1.4241347283910202 
3.7800000000035525, -1.4262572964480675 
3.7900000000035736, -1.4279738719139006 
3.8000000000035947, -1.4291405022382198 
3.810000000003616, -1.4298088806975968 
3.820000000003637, -1.4300935598526194 
3.830000000003658, -1.430102224265725 
3.840000000003679, -1.4299162364384255 
3.8500000000037002, -1.4295958075268274 
3.8600000000037213, -1.4291947636138846 
3.8700000000037424, -1.428776216872781 
3.8800000000037635, -1.4284179762749591 
3.8900000000037847, -1.428195577222414 
3.9000000000038058, -1.4281484032778344 
3.910000000003827, -1.4282587406799432 
3.920000000003848, -1.4284637271230658 
3.930000000003869, -1.4286853637800594 
3.94000000000389, -1.428854354607348 
3.9500000000039113, -1.4289193446533737 
3.9600000000039324, -1.4288456634709301 
3.9700000000039535, -1.4286103716264842 
3.9800000000039746, -1.4281983993781977 
3.9900000000039957, -1.4276018078052808 
4.000000000004016, -1.426822680826775 
4.010000000003993, -1.4258798609641246 
4.02000000000397, -1.4248190626535486 
4.030000000003946, -1.4237225280419412 
4.040000000003923, -1.4227071598941368 
4.0500000000039, -1.421895009255341 
4.0600000000038765, -1.4213563659262838 
4.070000000003853, -1.4210671301277789 
4.08000000000383, -1.4209278776637893 
4.090000000003807, -1.4208251031615418 
4.100000000003783, -1.42067321558301 
4.11000000000376, -1.4204156363064786 
4.120000000003737, -1.4200048327587098 
4.130000000003713, -1.41938123668662 
4.14000000000369, -1.4184598767074914 
4.150000000003667, -1.4171350208411462 
4.1600000000036434, -1.4153280457604391 
4.17000000000362, -1.4131112503617365 
4.180000000003597, -1.4108730782647183 
4.1900000000035735, -1.4093013640147058 
4.20000000000355, -1.408946400064133 
4.210000000003527, -1.4097158551105056 
4.220000000003504, -1.4109920409353296 
4.23000000000348, -1.4121860915452729 
4.240000000003457, -1.4130276145754226 
4.250000000003434, -1.413492773732353 
4.26000000000341, -1.4136523363798297 
4.270000000003387, -1.413583953730667 
4.280000000003364, -1.4133454196841648 
4.2900000000033405, -1.4129782032481297 
4.300000000003317, -1.4125253475574335 
4.310000000003294, -1.4120576896363821 
4.320000000003271, -1.4116944589347136 
4.330000000003247, -1.4115854696927594 
4.340000000003224, -1.4118358177561592 
4.350000000003201, -1.4124279356483287 
4.360000000003177, -1.4132266756373597 
4.370000000003154, -1.414058987335719 
4.380000000003131, -1.414786017651332 
4.390000000003107, -1.415326914779587 
4.400000000003084, -1.415649855375328 
4.410000000003061, -1.415754502364281 
4.4200000000030375, -1.4156574922277476 
4.430000000003014, -1.415383470145796 
4.440000000002991, -1.4149613770640843 
4.450000000002968, -1.4144252592404616 
4.460000000002944, -1.4138179425045414 
4.470000000002921, -1.413193796788893 
4.480000000002898, -1.4126153107579291 
4.490000000002874, -1.412140245811397 
4.500000000002851, -1.411802141251977 
4.510000000002828, -1.4115944651975316 
4.520000000002804, -1.4114716478653297 
4.530000000002781, -1.4113684850657993 
4.540000000002758, -1.411221450201759 
4.5500000000027345, -1.4109761839473203 
4.560000000002711, -1.4105812746570723 
4.570000000002688, -1.409977308581078 
4.580000000002665, -1.4090894166416634 
4.590000000002641, -1.4078307182811236 
4.600000000002618, -1.4061267899044325 
4.610000000002595, -1.4039722964120198 
4.620000000002571, -1.401514970351172 
4.630000000002548, -1.39910948913773 
4.640000000002525, -1.3972243368337018 
4.6500000000025015, -1.3961688988026095 
4.660000000002478, -1.3958788584433928 
4.670000000002455, -1.3960196479437674 
4.6800000000024315, -1.3962598330157325 
4.690000000002408, -1.3964135162724893 
4.700000000002385, -1.3964179702213113 
4.710000000002362, -1.3962662284539442 
4.720000000002338, -1.395961930437629 
4.730000000002315, -1.3955021604797293 
4.740000000002292, -1.394881571392146 
4.750000000002268, -1.3941204383300703 
4.760000000002245, -1.3933235909014283 
4.770000000002222, -1.392745802820036 
4.7800000000021985, -1.392761099859544 
4.790000000002175, -1.3936386787372228 
4.800000000002152, -1.3952849819617288 
4.810000000002129, -1.39727550312611 
4.820000000002105, -1.3991470041865925 
4.830000000002082, -1.400620106712379 
4.840000000002059, -1.401619330174157 
4.850000000002035, -1.4021908338051372 
4.860000000002012, -1.4024228205621232 
4.870000000001989, -1.4024014477187314 
4.880000000001965, -1.402196266747564 
4.890000000001942, -1.4018625820573996 
4.900000000001919, -1.4014516183775654 
4.9100000000018955, -1.401021278245119 
4.920000000001872, -1.4006384708252466 
4.930000000001849, -1.4003654507943308 
4.940000000001826, -1.4002358445622793 
4.950000000001802, -1.4002400196936728 
4.960000000001779, -1.4003317598991794 
4.970000000001756, -1.4004481007822736 
4.980000000001732, -1.4005278203362705 
4.990000000001709, -1.4005209674683612 
5.000000000001686, -1.4003896864360434 
5.0100000000016625, -1.4001048645143004 
5.020000000001639, -1.399643275678772 
5.030000000001616, -1.3989877797313244 
5.0400000000015925, -1.3981313826825033 
5.050000000001569, -1.3970854123261354 
5.060000000001546, -1.3958915146100037 
5.070000000001523, -1.3946340659041077 
5.080000000001499, -1.3934417707746691 
5.090000000001476, -1.3924597153960083 
5.100000000001453, -1.3917867105761597 
5.110000000001429, -1.3914183153373183 
5.120000000001406, -1.3912549085741712 
5.130000000001383, -1.3911680086973635 
5.1400000000013595, -1.3910565657434213 
5.150000000001336, -1.3908573025867879 
5.160000000001313, -1.3905263061182667 
5.17000000000129, -1.390016362404848 
5.180000000001266, -1.3892605645766258 
5.190000000001243, -1.388168132043728 
5.20000000000122, -1.3866480662663156 
5.210000000001196, -1.3846903277860612 
5.220000000001173, -1.382513350321093 
5.23000000000115, -1.3806612723118974 
5.240000000001126, -1.379789345227114 
5.250000000001103, -1.3801431356903024 
5.26000000000108, -1.3813284485991528 
5.2700000000010565, -1.3826979024950208 
5.280000000001033, -1.3838118480212522 
5.29000000000101, -1.3845325287516996 
5.300000000000987, -1.3848940095893478 
5.310000000000963, -1.3849778138006958 
5.32000000000094, -1.384856008907781 
5.330000000000917, -1.3845793190951197 
5.340000000000893, -1.3841859287981433 
5.35000000000087, -1.3837212371946894 
5.360000000000847, -1.3832637275184503 
5.3700000000008234, -1.3829406998842937 
5.3800000000008, -1.3829013242303734 
5.390000000000777, -1.3832373209316597 
5.4000000000007535, -1.3839138158663142 
5.41000000000073, -1.3847855062640835 
5.420000000000707, -1.3856774225843633 
5.430000000000684, -1.3864523154034407 
5.44000000000066, -1.387031519628083 
5.450000000000637, -1.3873855721028208 
5.460000000000614, -1.3875168945229202 
5.47000000000059, -1.3874451821179667 
5.480000000000567, -1.3871980137501245 
5.490000000000544, -1.3868066347471022 
5.5000000000005205, -1.386306309611034 
5.510000000000497, -1.3857395829420553 
5.520000000000474, -1.3851587025026924 
5.5300000000004506, -1.3846221576531685 
5.540000000000427, -1.3841827747513915 
5.550000000000404, -1.383870886831644 
5.560000000000381, -1.3836815069082493 
5.570000000000357, -1.3835750130330164 
5.580000000000334, -1.3834925165257226 
5.590000000000311, -1.3833742807539888 
5.600000000000287, -1.3831682415363975 
5.610000000000264, -1.382826940513175 
5.620000000000241, -1.382299638832968 
5.6300000000002175, -1.3815268181029723 
5.640000000000194, -1.3804426372954288 
5.650000000000171, -1.3789908506675894 
5.660000000000148, -1.3771593306925012 
5.670000000000124, -1.3750315648706763 
5.680000000000101, -1.3728309041629585 
5.690000000000078, -1.3708975288826784 
5.700000000000054, -1.3695449197531813 
5.710000000000031, -1.36886891353875 
5.720000000000008, -1.368704027120355 
5.729999999999984, -1.3687763002257218 
5.739999999999961, -1.3688699066587704 
5.749999999999938, -1.3688745483006615 
5.7599999999999145, -1.3687505816141052 
5.769999999999891, -1.3684842697496111 
5.779999999999868, -1.3680607461732621 
5.789999999999845, -1.3674548972759089 
5.799999999999821, -1.3666406658806163 
5.809999999999798, -1.3656300290586827 
5.819999999999775, -1.364553211729081 
5.829999999999751, -1.3637420805415552 
5.839999999999728, -1.363672459740951 
5.849999999999705, -1.3646528018349786 
5.8599999999996815, -1.3665107382724557 
5.869999999999658, -1.368691081825094 
5.879999999999635, -1.3706539959712651 
5.8899999999996115, -1.3721238772201239 
5.899999999999588, -1.3730679841797762 
5.909999999999565, -1.3735725734394337 
5.919999999999542, -1.3737481106376177 
5.929999999999518, -1.373687670949981 
5.939999999999495, -1.3734596164744972 
5.949999999999472, -1.3731161780465118 
5.959999999999448, -1.3727083807033615 
5.969999999999425, -1.3723006686550936 
5.979999999999402, -1.3719744081936835 
5.9899999999993785, -1.3718085093136625 
5.999999999999355, -1.3718432704723196 
6.009999999999332, -1.3720578677419486 
6.019999999999309, -1.3723826697383947 
6.029999999999285, -1.3727318946232079 
6.039999999999262, -1.3730302966997807 
6.049999999999239, -1.3732238759323345 
6.059999999999215, -1.373279101635942 
6.069999999999192, -1.3731779484991546 
6.079999999999169, -1.3729133542119736 
6.089999999999145, -1.3724867861368537 
6.099999999999122, -1.3719081736760106 
6.109999999999099, -1.3711981858328275 
6.1199999999990755, -1.370392466720904 
6.129999999999052, -1.3695458726978131 
6.139999999999029, -1.3687320039165631 
6.149999999999006, -1.3680314283724677 
6.159999999998982, -1.3675057627728529 
6.169999999998959, -1.3671685823397475 
6.179999999998936, -1.3669771049645383 
6.189999999998912, -1.366855055274398 
6.199999999998889, -1.3667254989050326 
6.209999999998866, -1.3665270668675085 
6.2199999999988425, -1.3662095977501951 
6.229999999998819, -1.3657202572318894 
6.239999999998796, -1.3649899639811134 
6.2499999999987725, -1.3639265778825538 
6.259999999998749, -1.3624242220472176 
6.269999999998726, -1.3604052591504716 
6.279999999998703, -1.3579093280232049 
6.289999999998679, -1.3552030182900283 
6.299999999998656, -1.3527924387865669 
6.309999999998633, -1.351197777451764 
6.319999999998609, -1.3505974194345065 
6.329999999998586, -1.3507287900761984 
6.339999999998563, -1.3511566410938662 
6.3499999999985395, -1.3515599423190987 
6.359999999998516, -1.3517998564102918 
6.369999999998493, -1.3518518473987562 
6.37999999999847, -1.3517320171075307 
6.389999999998446, -1.3514583341233348 
6.399999999998423, -1.3510393023530503 
6.4099999999984, -1.350480381593243 
6.419999999998376, -1.349808562348294 
6.429999999998353, -1.3491185605647726 
6.43999999999833, -1.3486213236871794 
6.449999999998306, -1.3486229537887497 
6.459999999998283, -1.349363875527688 
6.46999999999826, -1.3508146672483237 
6.4799999999982365, -1.3526593083082226 
6.489999999998213, -1.3544947293921354 
6.49999999999819, -1.3560298376000466 
6.509999999998167, -1.3571437510547193 
6.519999999998143, -1.357841428822584 
6.52999999999812, -1.3581878018655276 
6.539999999998097, -1.3582610732196463 
6.549999999998073, -1.35813064584989 
6.55999999999805, -1.3578526670079245 
6.569999999998027, -1.3574756237452714 
6.5799999999980034, -1.3570500304046653 
6.58999999999798, -1.3566355104624308 
6.599999999997957, -1.3562969659801598 
6.6099999999979335, -1.3560866247070473 
6.61999999999791, -1.356022756170289 
6.629999999997887, -1.3560825414031759 
6.639999999997864, -1.3562136883745195 
6.64999999999784, -1.35635393064038 
6.659999999997817, -1.3564464242021683 
6.669999999997794, -1.3564464214530756 
6.67999999999777, -1.3563210192024038 
6.689999999997747, -1.3560463264855578 
6.699999999997724, -1.3556055521935026 
6.7099999999977005, -1.3549894920091912 
6.719999999997677, -1.3541996205481415 
6.729999999997654, -1.3532536995782727 
6.7399999999976306, -1.3521933630177219 
6.749999999997607, -1.3510909266679778 
6.759999999997584, -1.3500480359339 
6.769999999997561, -1.3491752367700867 
6.779999999997537, -1.3485499870345554 
6.789999999997514, -1.3481766106565791 
6.799999999997491, -1.3479856834120225 
6.809999999997467, -1.3478757965772554 
6.819999999997444, -1.347757304508033 
6.829999999997421, -1.3475669960119045 
6.8399999999973975, -1.3472580499778934 
6.849999999997374, -1.3467821317523945 
6.859999999997351, -1.3460736538806246 
6.869999999997328, -1.3450412474330984 
6.879999999997304, -1.3435758736701442 
6.889999999997281, -1.3415955906511194 
6.899999999997258, -1.3391473334095438 
6.909999999997234, -1.3365355819894993 
6.919999999997211, -1.334329151025893 
6.929999999997188, -1.3330779774266817 
6.939999999997164, -1.3329056502630627 
6.949999999997141, -1.3334488112100422 
6.959999999997118, -1.3342037550746904 
6.9699999999970945, -1.334836750955333 
6.979999999997071, -1.335228145498113 
6.989999999997048, -1.3353797126806426 
6.999999999997025, -1.335330440434994 
7.009999999997001, -1.3351163272317939 
7.019999999996978, -1.334760431940775 
7.029999999996955, -1.334279602938277 
7.039999999996931, -1.3337050125753762 
7.049999999996908, -1.3331173827054454 
7.059999999996885, -1.3326827463743163 
7.0699999999968615, -1.3326397715444969 
7.079999999996838, -1.3331890943732818 
7.089999999996815, -1.3343416956849663 
7.0999999999967915, -1.335883374851283 
7.109999999996768, -1.3374995958155895 
7.119999999996745, -1.3389284761360387 
7.129999999996722, -1.3400286581011405 
7.139999999996698, -1.3407663924149893 
7.149999999996675, -1.3411727774197093 
7.159999999996652, -1.3413051891830903 
7.169999999996628, -1.3412235926027527 
7.179999999996605, -1.3409809384543898 
7.189999999996582, -1.3406236419954167 
7.1999999999965585, -1.3401977944712495 
7.209999999996535, -1.339755929341063 
7.219999999996512, -1.33935746593686 
7.229999999996489, -1.3390576450652785 
7.239999999996465, -1.3388890220188558 
7.249999999996442, -1.3388488193454133 
7.259999999996419, -1.3389014518689863 
7.269999999996395, -1.338992762533072 
7.279999999996372, -1.3390660256680431 
7.289999999996349, -1.3390722152306862 
7.299999999996325, -1.3389728081279884 
7.309999999996302, -1.3387380354390641 
7.319999999996279, -1.3383446478955632 
7.3299999999962555, -1.3377757259633718 
7.339999999996232, -1.3370232468524998 
7.349999999996209, -1.3360933040248884 
7.359999999996186, -1.3350136624118059 
7.369999999996162, -1.333842252933546 
7.379999999996139, -1.3326716862616292 
7.389999999996116, -1.3316196003956684 
7.399999999996092, -1.330795121895271 
7.409999999996069, -1.33025020772526 
7.419999999996046, -1.3299522872195872 
7.4299999999960225, -1.3298069735378506 
7.439999999995999, -1.3297092656164242 
7.449999999995976, -1.3295781113106966 
7.4599999999959525, -1.3293589811873594 
7.469999999995929, -1.3290085332521318 
7.479999999995906, -1.3284767203373673 
7.489999999995883, -1.327693071319135 
7.499999999995859, -1.326561805682809 
7.509999999995836, -1.3249772238845234 
7.519999999995813, -1.3228806346692945 
7.529999999995789, -1.3203717707813039 
7.539999999995766, -1.317820505374798 
7.549999999995743, -1.3158128859564973 
7.5599999999957195, -1.3148190808750395 
7.569999999995696, -1.314842579334964 
7.579999999995673, -1.315467400394589 
7.58999999999565, -1.316219678042702 
7.599999999995626, -1.3168163107826802 
7.609999999995603, -1.3171687736833062 
7.61999999999558, -1.3172892691067615 
7.629999999995556, -1.3172169908332614 
7.639999999995533, -1.3169851480848445 
7.64999999999551, -1.3166139947650408 
7.659999999995486, -1.3161185160974322 
7.669999999995463, -1.3155293886603432 
7.67999999999544, -1.3149286243968716 
7.6899999999954165, -1.3144858247368076 
7.699999999995393, -1.314446131629588 
7.70999999999537, -1.315019297560601 
7.719999999995347, -1.316223715629315 
7.729999999995323, -1.3178433485727301 
7.7399999999953, -1.3195508672510186 
7.749999999995277, -1.3210682398029687 
7.759999999995253, -1.3222431576861802 
7.76999999999523, -1.3230387077378793 
7.779999999995207, -1.3234882652357407 
7.789999999995183, -1.3236534745860944 
7.79999999999516, -1.3235982013926684 
7.809999999995137, -1.3233778952961701 
7.8199999999951135, -1.3230398460979687 
7.82999999999509, -1.3226296811466907 
7.839999999995067, -1.3221991162159843 
7.849999999995044, -1.321808214130832 
7.85999999999502, -1.321515880833617 
7.869999999994997, -1.3213606460591447 
7.879999999994974, -1.3213450539585132 
7.88999999999495, -1.3214358480624004 
7.899999999994927, -1.321578220087201 
7.909999999994904, -1.3217131907316186 
7.9199999999948805, -1.321789442467575 
7.929999999994857, -1.3217674434475046 
7.939999999994834, -1.3216184537795868 
7.9499999999948106, -1.321322243372334 
7.959999999994787, -1.3208660241489252 
7.969999999994764, -1.3202453630911948 
7.979999999994741, -1.3194670100338812 
7.989999999994717, -1.3185534537449226 
7.999999999994694, -1.317548510763991 
8.00999999999467, -1.3165212512890008 
8.019999999994647, -1.315562195890426 
8.029999999994624, -1.3147642977349965 
8.0399999999946, -1.3141890412981039 
8.049999999994577, -1.3138365756898973 
8.059999999994554, -1.3136466195119259 
8.06999999999453, -1.313531283450692 
8.079999999994508, -1.3134100958016763 
8.089999999994484, -1.3132231678895756 
8.099999999994461, -1.3129241421900575 
8.109999999994438, -1.3124655371601137 
8.119999999994414, -1.3117851703812695 
8.129999999994391, -1.3107983884064616 
8.139999999994368, -1.3094031917556612 
8.149999999994344, -1.307511984731509 
8.159999999994321, -1.305124671288721 
8.169999999994298, -1.3024307335442615 
8.179999999994275, -1.2998564928890892 
8.189999999994251, -1.2979259009362534 
8.199999999994228, -1.2969476464851801 
8.209999999994205, -1.2968165015278612 
8.219999999994181, -1.2971526368752622 
8.229999999994158, -1.297589210065551 
8.239999999994135, -1.2979190585831373 
8.249999999994111, -1.298074088722505 
8.259999999994088, -1.2980543020552582 
8.269999999994065, -1.2978767845790287 
8.279999999994041, -1.2975528632346272 
8.289999999994018, -1.2970835322226493 
8.299999999993995, -1.296468207496285 
8.309999999993972, -1.2957304787912696 
8.319999999993948, -1.2949656236166969 
8.329999999993925, -1.2943917560555778 
8.339999999993902, -1.2943347799659963 
8.349999999993878, -1.2950715447253653 
8.359999999993855, -1.2966082871557436 
8.369999999993832, -1.2986287867881443 
8.379999999993808, -1.300686723592691 
8.389999999993785, -1.3024378330783015 
8.399999999993762, -1.303729634597669 
8.409999999993738, -1.3045614713380471 
8.419999999993715, -1.30500702146703 
8.429999999993692, -1.3051561854092406 
8.439999999993669, -1.3050871881324886 
8.449999999993645, -1.3048603154940452 
8.459999999993622, -1.3045234441660036 
8.469999999993599, -1.3041231143782555 
8.479999999993575, -1.3037160941562154 
8.489999999993552, -1.3033735925994503 
8.499999999993529, -1.3031689830125996 
8.509999999993505, -1.3031502436702485 
8.519999999993482, -1.3033164827455734 
8.529999999993459, -1.3036187303597289 
8.539999999993436, -1.303982439129036 
8.549999999993412, -1.3043328229301259 
8.559999999993389, -1.3046099226288543 
8.569999999993366, -1.3047726052248718 
8.579999999993342, -1.3047964319773566 
8.589999999993319, -1.3046699667865507 
8.599999999993296, -1.3043918306970692 
8.609999999993272, -1.3039691332583099 
8.619999999993249, -1.3034173673131393 
8.629999999993226, -1.3027617954212791 
8.639999999993202, -1.3020398133163316 
8.64999999999318, -1.3013023097392715 
8.659999999993156, -1.3006104561837528 
8.669999999993133, -1.300024629812129 
8.67999999999311, -1.2995862129583706 
8.689999999993086, -1.299300463821478 
8.699999999993063, -1.2991331015348586 
8.70999999999304, -1.299024986832857 
8.719999999993016, -1.2989133443771534 
8.729999999992993, -1.2987441673737552 
8.73999999999297, -1.2984716532733176 
8.749999999992946, -1.2980504497125276 
8.759999999992923, -1.2974277740857636 
8.7699999999929, -1.2965404802354565 
8.779999999992876, -1.2953215930767719 
8.789999999992853, -1.2937211971430562 
8.79999999999283, -1.2917441977130857 
8.809999999992806, -1.2894973424963259 
8.819999999992783, -1.2872168161564475 
8.82999999999276, -1.2852275467562997 
8.839999999992736, -1.2838099054803407 
8.849999999992713, -1.2830482742488662 
8.85999999999269, -1.2828021651877968 
8.869999999992666, -1.2828271701980678 
8.879999999992643, -1.282914624620764 
8.88999999999262, -1.2829444668527787 
8.899999999992596, -1.2828656721797422 
8.909999999992573, -1.2826588136112482 
8.91999999999255, -1.2823085762091841 
8.929999999992527, -1.2817892758193727 
8.939999999992503, -1.2810611653771138 
8.94999999999248, -1.2800812620552084 
8.959999999992457, -1.278841545862916 
8.969999999992433, -1.2774462199458163 
8.97999999999241, -1.2761975105521723 
8.989999999992387, -1.2755688465660713 
8.999999999992363, -1.2759467713167472 
9.00999999999234, -1.2773023672223824 
9.019999999992317, -1.2791775025148848 
9.029999999992294, -1.281020240149293 
9.03999999999227, -1.2824844525271184 
9.049999999992247, -1.2834745471112943 
9.059999999992224, -1.2840419646693673 
9.0699999999922, -1.2842825563644213 
9.079999999992177, -1.2842836019650024 
9.089999999992154, -1.2841088266727296 
9.09999999999213, -1.2838020992896426 
9.109999999992107, -1.2833996478326044 
9.119999999992084, -1.2829477917839964 
9.12999999999206, -1.2825227040851739 
9.139999999992037, -1.2822393092216229 
9.149999999992014, -1.2822277881881665 
9.15999999999199, -1.28257373182293 
9.169999999991967, -1.2832629084663396 
9.179999999991944, -1.2841824109034623 
9.18999999999192, -1.2851750881027852 
9.199999999991897, -1.2860985317379179 
9.209999999991874, -1.2868554516431234 
9.21999999999185, -1.2873966401768264 
9.229999999991827, -1.2877106805870153 
9.239999999991804, -1.287810800435646 
9.24999999999178, -1.2877235062441863 
9.259999999991757, -1.287480798416836 
9.269999999991734, -1.2871167058034918 
9.27999999999171, -1.2866679104942302 
9.289999999991688, -1.286176652749989 
9.299999999991664, -1.2856921419298861 
9.309999999991641, -1.2852660702456888 
9.319999999991618, -1.2849411219029045 
9.329999999991594, -1.2847376365911214 
9.339999999991571, -1.2846465694981863 
9.349999999991548, -1.2846330321386712 
9.359999999991524, -1.2846479137791782 
9.369999999991501, -1.2846406459842452 
9.379999999991478, -1.2845669141583897 
9.389999999991455, -1.2843900467463616 
9.399999999991431, -1.2840791322384315 
9.409999999991408, -1.283607622486567 
9.419999999991385, -1.2829545343487359 
9.429999999991361, -1.2821086077843722 
9.439999999991338, -1.2810748856985195 
9.449999999991315, -1.2798828727321987 
9.459999999991291, -1.278594501821177 
9.469999999991268, -1.2773071731988146 
9.479999999991245, -1.276142881942025 
9.489999999991221, -1.27521550327768 
9.499999999991198, -1.2745844339295425 
9.509999999991175, -1.2742263929302717 
9.519999999991152, -1.2740526102303196 
9.529999999991128, -1.2739565188903152 
9.539999999991105, -1.2738514145499558 
9.549999999991082, -1.2736787823319211 
9.559999999991058, -1.273396743138055 
9.569999999991035, -1.2729635092401308 
9.579999999991012, -1.2723233246480894 
9.589999999990988, -1.271397877059958 
9.599999999990965, -1.2700886555332638 
9.609999999990942, -1.2683028576618287 
9.619999999990918, -1.2660189698204058 
9.629999999990895, -1.263387348979235 
9.639999999990872, -1.2607955135741966 
9.649999999990849, -1.2587675957712212 
9.659999999990825, -1.2576721722616497 
9.669999999990802, -1.2574818696103633 
9.679999999990779, -1.2578474843969643 
9.689999999990755, -1.258376697789006 
9.699999999990732, -1.258820754685981 
9.709999999990709, -1.2590845518566498 
9.719999999990685, -1.2591598439088698 
9.729999999990662, -1.2590668819121833 
9.739999999990639, -1.2588244671023656 
9.749999999990616, -1.2584402178178595 
9.759999999990592, -1.2579129249432703 
9.769999999990569, -1.2572465774664234 
9.779999999990546, -1.2564815666937048 
9.789999999990522, -1.2557436806077857 
9.799999999990499, -1.255281574432382 
9.809999999990476, -1.2554192903972987 
9.819999999990452, -1.2563790722308852 
9.829999999990429, -1.2580916818832688 
9.839999999990406, -1.2602008619932286 
9.849999999990382, -1.2622708207442304 
9.85999999999036, -1.2639912243552318 
9.869999999990336, -1.265239808606609 
9.879999999990313, -1.2660332040156317 
9.88999999999029, -1.2664514723611802 
9.899999999990266, -1.2665846901001745 
9.909999999990243, -1.2665086765272413 
9.91999999999022, -1.266280630511785 
9.929999999990196, -1.2659453328899155 
9.939999999990173, -1.265546516583462 
9.94999999999015, -1.2651394363446302 
9.959999999990126, -1.2647976823917504 
9.969999999990103, -1.2646039891999874 
9.97999999999008, -1.2646219156845668 
9.989999999990056, -1.2648649394366984 
9.999999999990033, -1.2652884696900621 
10.00999999999001, -1.265810400745433 
10.019999999989986, -1.2663416427066143 
10.029999999989963, -1.2668077339595891 
10.03999999998994, -1.2671568746362976 
10.049999999989916, -1.2673590688852154 
10.059999999989893, -1.2674019551473834 
10.06999999998987, -1.2672864320353505 
10.079999999989846, -1.26702314205003 
10.089999999989823, -1.2666301788188274 
10.0999999999898, -1.2661323812237177 
10.109999999989776, -1.2655622372538802 
10.119999999989753, -1.264961193318857 
10.12999999998973, -1.2643786047924424 
10.139999999989707, -1.2638654102331843 
10.149999999989683, -1.2634623394680389 
10.15999999998966, -1.2631869666117896 
10.169999999989637, -1.2630267594016769 
10.179999999989613, -1.2629432130192888 
10.18999999998959, -1.2628848869509897 
10.199999999989567, -1.262800673716351 
10.209999999989543, -1.262646087881015 
10.21999999998952, -1.2623823336891353 
10.229999999989497, -1.2619725492024532 
10.239999999989474, -1.2613797121784684 
10.24999999998945, -1.2605688921229319 
10.259999999989427, -1.259514808046984 
10.269999999989404, -1.258214215686367 
10.27999999998938, -1.256701153645419 
10.289999999989357, -1.2550606437259644 
10.299999999989334, -1.2534317569905526 
10.30999999998931, -1.2519860793355655 
10.319999999989287, -1.250873804538604 
10.329999999989264, -1.2501584189032031 
10.33999999998924, -1.249789706376158 
10.349999999989217, -1.2496419016112186 
10.359999999989194, -1.249581371018505 
10.36999999998917, -1.249509703486323 
10.379999999989147, -1.2493676159526648 
10.389999999989124, -1.2491180598584772 
10.3999999999891, -1.2487268795096798 
10.409999999989077, -1.2481478742754544 
10.419999999989054, -1.2473135142836096 
10.42999999998903, -1.2461348776405996 
10.439999999989007, -1.244521869237334 
10.449999999988984, -1.2424409586153016 
10.45999999998896, -1.240013383919448 
10.469999999988937, -1.2375954599750285 
10.479999999988914, -1.2357076422885753 
10.48999999998889, -1.2347526751007716 
10.499999999988868, -1.2347406313723248 
10.509999999988844, -1.235322420141936 
10.519999999988821, -1.2360730741693249 
10.529999999988798, -1.236711405637165 
10.539999999988774, -1.2371289563528447 
10.549999999988751, -1.2373208993666416 
10.559999999988728, -1.2373188126347412 
10.569999999988704, -1.2371545743424348 
10.579999999988681, -1.2368478823608793 
10.589999999988658, -1.2364066700394107 
10.599999999988635, -1.2358367660872154 
10.609999999988611, -1.2351637023819884 
10.619999999988588, -1.2344699112904232 
10.629999999988565, -1.2339349577959826 
10.639999999988541, -1.2338317427019985 
10.649999999988518, -1.234420776242452 
10.659999999988495, -1.2357736124653642 
10.669999999988471, -1.2376834454234833 
10.679999999988448, -1.239768395616833 
10.689999999988425, -1.2416682811858957 
10.699999999988401, -1.2431706232800899 
10.709999999988378, -1.2442184639944187 
10.719999999988355, -1.2448538654491381 
10.729999999988332, -1.245157485852247 
10.739999999988308, -1.2452104271564886 
10.749999999988285, -1.2450787754296988 
10.759999999988262, -1.2448129001906596 
10.769999999988238, -1.244454727321152 
10.779999999988215, -1.244048913259038 
10.789999999988192, -1.243653789327119 
10.799999999988168, -1.2433445346129133 
10.809999999988145, -1.2431996831932763 
10.819999999988122, -1.2432720280615275 
10.829999999988098, -1.2435627427933462 
10.839999999988075, -1.2440198062566685 
10.849999999988052, -1.2445604578333394 
10.859999999988029, -1.2450991422489812 
10.869999999988005, -1.2455658290916645 
10.879999999987982, -1.24591230662409 
10.889999999987959, -1.246111066638783 
10.899999999987935, -1.2461515114295338 
10.909999999987912, -1.2460359581488663 
10.919999999987889, -1.245776276450803 
10.929999999987865, -1.2453915627302303 
10.939999999987842, -1.2449073141047264 
10.949999999987819, -1.2443561643836911 
10.959999999987796, -1.243778975638291 
10.969999999987772, -1.2432235905188902 
10.979999999987749, -1.2427385502699784 
10.989999999987726, -1.2423618910410268 
10.999999999987702, -1.2421093718858531 
11.009999999987679, -1.2419686085228132 
11.019999999987656, -1.2419031396341351 
11.029999999987632, -1.241864201975958 
11.039999999987609, -1.241802852200107 
11.049999999987586, -1.2416762658205671 
11.059999999987562, -1.2414477660123109 
11.06999999998754, -1.2410842161161961 
11.079999999987516, -1.240554625741095 
11.089999999987493, -1.23983210109257 
11.09999999998747, -1.2388994970746738 
11.109999999987446, -1.2377579118314268 
11.119999999987423, -1.236436464424653 
11.1299999999874, -1.2350008902474976 
11.139999999987376, -1.2335560958643712 
11.149999999987353, -1.232234338195379 
11.15999999998733, -1.231161886010807 
11.169999999987306, -1.2304116586835125 
11.179999999987283, -1.2299714958372776 
11.18999999998726, -1.2297562658989538 
11.199999999987236, -1.2296543609846717 
11.209999999987213, -1.2295700542532875 
11.21999999998719, -1.2294379422917054 
11.229999999987166, -1.2292148678848318 
11.239999999987143, -1.228864236363003 
11.24999999998712, -1.2283415913645606 
11.259999999987096, -1.2275842744357726 
11.269999999987073, -1.226507760782162 
11.27999999998705, -1.2250158706646617 
11.289999999987026, -1.2230375684464208 
11.299999999987003, -1.2205991146678064 
11.30999999998698, -1.2179091438542036 
11.319999999986956, -1.215376260531585 
11.329999999986933, -1.2134663792771818 
11.33999999998691, -1.212444054862446 
11.349999999986887, -1.2122247154709942 
11.359999999986863, -1.2124852608322878 
11.36999999998684, -1.2128925312269951 
11.379999999986817, -1.2132369973885349 
11.389999999986793, -1.2134335716983302 
11.39999999998677, -1.2134682311050669 
11.409999999986747, -1.213351423191537 
11.419999999986723, -1.2130927041518182 
11.4299999999867, -1.2126908617894778 
11.439999999986677, -1.2121334980750693 
11.449999999986654, -1.2114060372631754 
11.45999999998663, -1.2105163292438146 
11.469999999986607, -1.2095415097311475 
11.479999999986584, -1.2086847194602572 
11.48999999998656, -1.2082818974748741 
11.499999999986537, -1.2086744942259593 
11.509999999986514, -1.2099745471462187 
11.51999999998649, -1.2119354272952765 
11.529999999986467, -1.2140891702576793 
11.539999999986444, -1.2160132216051696 
11.54999999998642, -1.2174859504464082 
11.559999999986397, -1.2184741073134986 
11.569999999986374, -1.2190463224660484 
11.57999999998635, -1.219298356991968 
11.589999999986327, -1.2193147376810103 
11.599999999986304, -1.2191578587489642 
11.60999999998628, -1.2188712684354837 
11.619999999986257, -1.2184896731532542 
11.629999999986234, -1.2180532789695104 
11.63999999998621, -1.2176245137656152 
11.649999999986187, -1.2172994295570638 
11.659999999986164, -1.2171981802655072 
11.66999999998614, -1.2174241264566792 
11.679999999986117, -1.218009884365825 
11.689999999986094, -1.2188927324106835 
11.69999999998607, -1.2199402956934597 
11.709999999986048, -1.2210027122946245 
11.719999999986024, -1.221955343366181 
11.729999999986001, -1.2227174716336444 
11.739999999985978, -1.223252128196385 
11.749999999985954, -1.2235566406205811 
11.759999999985931, -1.223650537911864 
11.769999999985908, -1.2235645709424765 
11.779999999985884, -1.2233331075348153 
11.789999999985861, -1.2229909944149004 
11.799999999985838, -1.222574603754558 
11.809999999985815, -1.222125160257829 
11.819999999985791, -1.2216906914626111 
11.829999999985768, -1.2213222573708298 
11.839999999985745, -1.22106294781041 
11.849999999985721, -1.220934400982171 
11.859999999985698, -1.2209293611802847 
11.869999999985675, -1.221014928143639 
11.879999999985651, -1.2211436505560553 
11.889999999985628, -1.2212658073332103 
11.899999999985605, -1.221337744249761 
11.909999999985581, -1.2213250614011493 
11.919999999985558, -1.2212024810706308 
11.929999999985535, -1.2209528676976904 
11.939999999985512, -1.220566844298231 
11.949999999985488, -1.2200432835991928 
11.959999999985465, -1.219390477395686 
11.969999999985442, -1.218627842358083 
11.979999999985418, -1.217787933625895 
11.989999999985395, -1.2169177550364028 
11.999999999985372, -1.2160770040525555 
12.009999999985348, -1.2153301540232004 
12.019999999985325, -1.2147311679900976 
12.029999999985302, -1.214305313441481 
12.039999999985278, -1.2140386669365788 
12.049999999985255, -1.2138840080206297 
12.059999999985232, -1.2137794747227653 
12.069999999985209, -1.213666416278202 
12.079999999985185, -1.2134966268558247 
12.089999999985162, -1.2132294931733762 
12.099999999985139, -1.2128249270401663 
12.109999999985115, -1.2122373751984432 
12.119999999985092, -1.2114144458373286 
12.129999999985069, -1.2103030023113805 
12.139999999985045, -1.208864920292172 
12.149999999985022, -1.2071021038445569 
12.159999999984999, -1.2050846838217342 
12.169999999984976, -1.2029681342282925 
12.179999999984952, -1.2009781424942443 
12.189999999984929, -1.199347774297586 
12.199999999984906, -1.1982240269253643 
12.209999999984882, -1.1976044201848128 
12.219999999984859, -1.1973576001374966 
12.229999999984836, -1.197307453327058 
12.239999999984812, -1.1973083408882519 
12.249999999984789, -1.1972703364072674 
12.259999999984766, -1.1971467376688838 
12.269999999984742, -1.196910943991474 
12.27999999998472, -1.196537208012002 
12.289999999984696, -1.1959876829508655 
12.299999999984673, -1.1952049083196876 
12.30999999998465, -1.1941119407945577 
12.319999999984626, -1.1926289144388973 
12.329999999984603, -1.1907203288626185 
12.33999999998458, -1.1884776462546114 
12.349999999984556, -1.1861954144643543 
12.359999999984533, -1.1843345846466482 
12.36999999998451, -1.1833024364968332 
12.379999999984486, -1.1831898634399214 
12.389999999984463, -1.1837331060997323 
12.39999999998444, -1.1845305324290867 
12.409999999984416, -1.1852713661469718 
12.419999999984393, -1.1858082698727825 
12.42999999998437, -1.1861129184828774 
12.439999999984346, -1.1862099369451264 
12.449999999984323, -1.1861337816680522 
12.4599999999843, -1.1859098818348588 
12.469999999984276, -1.185550036115266 
12.479999999984253, -1.1850556540932307 
12.48999999998423, -1.184428597578927 
12.499999999984206, -1.183693954692599 
12.509999999984183, -1.1829377823902678 
12.51999999998416, -1.1823466314893643 
12.529999999984136, -1.182202698540895 
12.539999999984113, -1.1827788860989505 
12.54999999998409, -1.1841607306964599 
12.559999999984067, -1.1861461147869734 
12.569999999984043, -1.188338632788621 
12.57999999998402, -1.1903520595668675 
12.589999999983997, -1.1919535773127319 
12.599999999983973, -1.1930794854250957 
12.60999999998395, -1.1937748179531298 
12.619999999983927, -1.1941261034447137 
12.629999999983903, -1.1942190832943071 
12.63999999998388, -1.1941218427655902 
12.649999999983857, -1.1938837012832146 
12.659999999983834, -1.193542099943795 
12.66999999998381, -1.1931339273785846 
12.679999999983787, -1.1927094579739044 
12.689999999983764, -1.1923443232142652 
12.69999999998374, -1.1921389377963643 
12.709999999983717, -1.1921942581871228 
12.719999999983694, -1.1925688998734727 
12.72999999998367, -1.1932459641410609 
12.739999999983647, -1.194136270508374 
12.749999999983624, -1.1951135144327591 
12.7599999999836, -1.1960544913723192 
12.769999999983577, -1.1968645979842851 
12.779999999983554, -1.1974861718499472 
12.78999999998353, -1.197895782981477 
12.799999999983507, -1.1980963897425483 
12.809999999983484, -1.1981080062280203 
12.81999999998346, -1.1979593178587957 
12.829999999983437, -1.1976821068851344 
12.839999999983414, -1.197309459207538 
12.84999999998339, -1.1968773501146202 
12.859999999983367, -1.196427527290362 
12.869999999983344, -1.1960080299805074 
12.87999999998332, -1.195667691003548 
12.889999999983297, -1.195444525035422 
12.899999999983274, -1.1953536255492092 
12.90999999998325, -1.1953821793929005 
12.919999999983228, -1.1954944476886082 
12.929999999983204, -1.1956429790736685 
12.939999999983181, -1.1957798444619292 
12.949999999983158, -1.1958637680678166 
12.959999999983134, -1.1958626654127658 
12.969999999983111, -1.195753467428939 
12.979999999983088, -1.1955213211646023 
12.989999999983064, -1.1951592437535612 
12.999999999983041, -1.1946683747049889 
13.009999999983018, -1.1940586787210528 
13.019999999982995, -1.1933500435689468 
13.029999999982971, -1.1925736128828617 
13.039999999982948, -1.191772490995088 
13.049999999982925, -1.1909998668788255 
13.059999999982901, -1.1903121718877707 
13.069999999982878, -1.189756560418199 
13.079999999982855, -1.1893562505580728 
13.089999999982831, -1.1891015776540672 
13.099999999982808, -1.1889535170974443 
13.109999999982785, -1.1888579296824902 
13.119999999982761, -1.188760777490223 
13.129999999982738, -1.1886158593159164 
13.139999999982715, -1.1883841693668888 
13.149999999982692, -1.1880291407738723 
13.159999999982668, -1.1875124356742353 
13.169999999982645, -1.18679344948177 
13.179999999982622, -1.185834343703661 
13.189999999982598, -1.1846110446147287 
13.199999999982575, -1.1831286439006778 
13.209999999982552, -1.1814371713137137 
13.219999999982528, -1.1796411482985811 
13.229999999982505, -1.1778938104495895 
13.239999999982482, -1.1763669590658858 
13.249999999982458, -1.1751975271859796 
13.259999999982435, -1.1744346384716429 
13.269999999982412, -1.1740248195992722 
13.279999999982389, -1.173848798991223 
13.289999999982365, -1.1737792740108917 
13.299999999982342, -1.1737188993518068 
13.309999999982319, -1.1736064642353896 
13.319999999982295, -1.173404248725655 
13.329999999982272, -1.17308150627835 
13.339999999982249, -1.1726007639068867 
13.349999999982225, -1.1719081489637542 
13.359999999982202, -1.1709288970640814 
13.369999999982179, -1.1695730025933264 
13.379999999982156, -1.1677609611006357 
13.389999999982132, -1.1654790493149396 
13.399999999982109, -1.1628547640235412 
13.409999999982086, -1.1602004165821849 
13.419999999982062, -1.1579443923947406 
13.429999999982039, -1.1564353205839708 
13.439999999982016, -1.1557540252611518 
13.449999999981992, -1.155704871396407 
13.459999999981969, -1.1559779750358798 
13.469999999981946, -1.1563152567248962 
13.479999999981922, -1.1565715587612388 
13.4899999999819, -1.1566924712605862 
13.499999999981876, -1.156670247272602 
13.509999999981853, -1.1565106967026693 
13.51999999998183, -1.1562154059952532 
13.529999999981806, -1.1557740757803387 
13.539999999981783, -1.155163077993246 
13.54999999998176, -1.1543510076629298 
13.559999999981736, -1.1533172852598985 
13.569999999981713, -1.1520922776288327 
13.57999999998169, -1.1508164328190822 
13.589999999981666, -1.1497785138057777 
13.599999999981643, -1.149351437472801 
13.60999999998162, -1.1497915588154515 
13.619999999981596, -1.151039555667364 
13.629999999981573, -1.152735172213156 
13.63999999998155, -1.1544419437484907 
13.649999999981526, -1.1558587946119123 
13.659999999981503, -1.1568742407619472 
13.66999999998148, -1.1575066956436937 
13.679999999981456, -1.1578268950366712 
13.689999999981433, -1.1579087831458041 
13.69999999998141, -1.157809705642212 
13.709999999981386, -1.1575675109526453 
13.719999999981363, -1.1572054611478757 
13.72999999998134, -1.1567419213769048 
13.739999999981316, -1.1562059097279829 
13.749999999981293, -1.1556597774411945 
13.75999999998127, -1.1552231850096624 
13.769999999981247, -1.15507716521819 
13.779999999981223, -1.1554184555866596 
13.7899999999812, -1.1563634217058627 
13.799999999981177, -1.1578623886252815 
13.809999999981153, -1.1597008942769589 
13.81999999998113, -1.1615915382598019 
13.829999999981107, -1.1632847251499994 
13.839999999981083, -1.1646319920288866 
13.84999999998106, -1.1655892622274862 
13.859999999981037, -1.166184585503299 
13.869999999981014, -1.1664794331203177 
13.87999999998099, -1.1665403383840145 
13.889999999980967, -1.1664247386345936 
13.899999999980944, -1.1661780649108495 
13.90999999998092, -1.1658379607282843 
13.919999999980897, -1.165442650808768 
13.929999999980874, -1.165040795078422 
13.93999999998085, -1.1646980991258797 
13.949999999980827, -1.1644932030471167 
13.959999999980804, -1.164497982694258 
13.96999999998078, -1.1647493692788713 
13.979999999980757, -1.165231246075563 
13.989999999980734, -1.1658795335609795 
13.99999999998071, -1.166605046897943 
14.009999999980687, -1.167318383191254 
14.019999999980664, -1.1679462046020448 
14.02999999998064, -1.1684377485144415 
14.039999999980617, -1.1687649917228904 
14.049999999980594, -1.1689196770248338 
14.05999999998057, -1.168908885638529 
14.069999999980547, -1.1687501460048924 
14.079999999980524, -1.1684672278741102 
14.0899999999805, -1.168087824432087 
14.099999999980477, -1.1676436253599833 
14.109999999980454, -1.1671718734697336 
14.11999999998043, -1.166715912081682 
14.129999999980408, -1.1663216294757475 
14.139999999980384, -1.1660286426030595 
14.149999999980361, -1.16585932786276 
14.159999999980338, -1.1658117480283412 
14.169999999980314, -1.165860631406751 
14.179999999980291, -1.1659654293032122 
14.189999999980268, -1.1660807581224466 
14.199999999980244, -1.1661645891869545 
14.209999999980221, -1.1661822937984254 
14.219999999980198, -1.166107461138149 
14.229999999980175, -1.1659214614331943 
14.239999999980151, -1.1656131467557806 
14.249999999980128, -1.16517907110919 
14.259999999980105, -1.1646240693766763 
14.269999999980081, -1.1639620490215632 
14.279999999980058, -1.1632169715103053 
14.289999999980035, -1.1624237356471105 
14.299999999980011, -1.1616278753313707 
14.309999999979988, -1.160882135328529 
14.319999999979965, -1.1602382042511594 
14.329999999979941, -1.1597342080588813 
14.339999999979918, -1.1593825472281416 
14.349999999979895, -1.1591651337960982 
14.359999999979872, -1.1590399206156876 
14.369999999979848, -1.1589547579469126 
14.379999999979825, -1.1588598050446257 
14.389999999979802, -1.1587127672569584 
14.399999999979778, -1.1584775535629808 
14.409999999979755, -1.1581203576337926 
14.419999999979732, -1.1576069825862043 
14.429999999979708, -1.156903779863206 
14.439999999979685, -1.1559831083813679 
14.449999999979662, -1.1548326745737931 
14.459999999979638, -1.153466539750216 
14.469999999979615, -1.1519344998610441 
14.479999999979592, -1.1503259391480651 
14.489999999979569, -1.1487634318200826 
14.499999999979545, -1.147381289646118 
14.509999999979522, -1.1462893869630573 
14.519999999979499, -1.1455355316285214 
14.529999999979475, -1.145090040449864 
14.539999999979452, -1.144865589516346 
14.549999999979429, -1.1447577160083395 
14.559999999979405, -1.1446777784288185 
14.569999999979382, -1.1445639224303217 
14.579999999979359, -1.1443749044908749 
14.589999999979335, -1.1440776553770813 
14.599999999979312, -1.143635474033377 
14.609999999979289, -1.142999308390621 
14.619999999979266, -1.1421036309388715 
14.629999999979242, -1.1408704077258127 
14.639999999979219, -1.1392273014205776 
14.649999999979196, -1.1371452908256279 
14.659999999979172, -1.134690366086381 
14.669999999979149, -1.132062417490784 
14.679999999979126, -1.1295768338163987 
14.689999999979102, -1.127562834667717 
14.69999999997908, -1.126220578064134 
14.709999999979056, -1.1255389812731056 
14.719999999979033, -1.1253381788515437 
14.72999999997901, -1.1253881958209109 
14.739999999978986, -1.1255051960967466 
14.749999999978963, -1.1255808501924796 
14.75999999997894, -1.1255655766877424 
14.769999999978916, -1.1254401544764194 
14.779999999978893, -1.125193324658572 
14.78999999997887, -1.1248078516636097 
14.799999999978846, -1.124252371785825 
14.809999999978823, -1.123477409606338 
14.8199999999788, -1.122417772677249 
14.829999999978776, -1.121008726451242 
14.839999999978753, -1.1192265916413615 
14.84999999997873, -1.117155273614438 
14.859999999978706, -1.1150451149916905 
14.869999999978683, -1.1132854740022493 
14.87999999997866, -1.1122380482717644 
14.889999999978636, -1.1120241734394467 
14.899999999978613, -1.1124626013552845 
14.90999999997859, -1.1132143081213104 
14.919999999978566, -1.113977673033337 
14.929999999978543, -1.1145815336967542 
14.93999999997852, -1.1149709238399352 
14.949999999978496, -1.1151545038098816 
14.959999999978473, -1.1151613749726854 
14.96999999997845, -1.1150178451245778 
14.979999999978427, -1.1147383479721298 
14.989999999978403, -1.1143237475967116 
14.99999999997838, -1.1137641207016977 
15.009999999978357, -1.1130473956975464 
15.019999999978333, -1.1121787200970812 
15.02999999997831, -1.111215237665116 
15.039999999978287, -1.1103094484734657 
15.049999999978263, -1.1097257433066272 
15.05999999997824, -1.1097719342629961 
15.069999999978217, -1.1106339573480006 
15.079999999978194, -1.112225237002251 
15.08999999997817, -1.1142049773926332 
15.099999999978147, -1.1161631230071254 
15.109999999978124, -1.11780527085742 
15.1199999999781, -1.1190131839726813 
15.129999999978077, -1.119800082796146 
15.139999999978054, -1.120238846721532 
15.14999999997803, -1.120410900831662 
15.159999999978007, -1.1203828041678687 
15.169999999977984, -1.1202008668334336 
15.17999999997796, -1.1198944246057425 
15.189999999977937, -1.119483397140947 
15.199999999977914, -1.1189899484159318 
15.20999999997789, -1.1184557986809311 
15.219999999977867, -1.117964064217966 
15.229999999977844, -1.1176549842148666 
15.23999999997782, -1.1177125194784843 
15.249999999977797, -1.1183028102111705 
15.259999999977774, -1.1194840200685492 
15.26999999997775, -1.1211513176333807 
15.279999999977727, -1.123066890184492 
15.289999999977704, -1.1249549324195212 
15.29999999997768, -1.1265957033746297 
15.309999999977657, -1.1278710547079935 
15.319999999977634, -1.1287582963638934 
15.32999999997761, -1.1292963459137793 
15.339999999977588, -1.1295495380880447 
15.349999999977564, -1.129582771450629 
15.359999999977541, -1.129450116935112 
15.369999999977518, -1.1291934565980186 
15.379999999977494, -1.1288473067480167 
15.389999999977471, -1.128447408609253 
15.399999999977448, -1.1280411125038263 
15.409999999977424, -1.127695540365673 
15.419999999977401, -1.1274960735834072 
15.429999999977378, -1.127528314500743 
15.439999999977355, -1.1278470850036872 
15.449999999977331, -1.1284502714101827 
15.459999999977308, -1.1292757705494267 
15.469999999977285, -1.1302223569692558 
15.479999999977261, -1.131179401934526 
15.489999999977238, -1.1320506884159047 
15.499999999977215, -1.1327671529959906 
15.509999999977191, -1.1332902717210922 
15.519999999977168, -1.1336092347472382 
15.529999999977145, -1.1337343682047885 
15.539999999977121, -1.133689051435344 
15.549999999977098, -1.133502547933229 
15.559999999977075, -1.1332057235520032 
15.569999999977052, -1.132830416744604 
15.579999999977028, -1.1324117541751755 
15.589999999977005, -1.131991220230855 
15.599999999976982, -1.1316170128703535 
15.609999999976958, -1.1313383919840974 
15.619999999976935, -1.1311940578563653 
15.629999999976912, -1.1311999186619492 
15.639999999976888, -1.1313436689340595 
15.649999999976865, -1.13158925441035 
15.659999999976842, -1.131887779782224 
15.669999999976818, -1.1321888167359355 
15.679999999976795, -1.132448102250706 
15.689999999976772, -1.1326309918590807 
15.699999999976749, -1.1327130859251264 
15.709999999976725, -1.1326796974802265 
15.719999999976702, -1.132525114644971 
15.729999999976679, -1.1322518900483032 
15.739999999976655, -1.1318701390830643 
15.749999999976632, -1.131396986277124 
15.759999999976609, -1.1308564373377539 
15.769999999976585, -1.1302796062302973 
15.779999999976562, -1.129704339817003 
15.789999999976539, -1.129172521524558 
15.799999999976515, -1.1287238100009074 
15.809999999976492, -1.1283867384259334 
15.819999999976469, -1.1281706828615883 
15.829999999976446, -1.1280628744969916 
15.839999999976422, -1.1280322720170406 
15.849999999976399, -1.1280381717838457 
15.859999999976376, -1.128039006140588 
15.869999999976352, -1.1279977884615273 
15.879999999976329, -1.1278837523264333 
15.889999999976306, -1.1276720160565499 
15.899999999976282, -1.1273433303614309 
15.90999999997626, -1.1268848849940463 
15.919999999976236, -1.1262919830734668 
15.929999999976213, -1.1255698806792847 
15.93999999997619, -1.1247352900212433 
15.949999999976166, -1.1238174188518135 
15.959999999976143, -1.1228582998865546 
15.96999999997612, -1.1219113804577086 
15.979999999976096, -1.121036519978781 
15.989999999976073, -1.1202899356638163 
15.99999999997605, -1.1197103408334286 
16.009999999976028, -1.1193067799418286 
16.019999999976005, -1.1190555705835987 
16.02999999997598, -1.1189092448970934 
16.039999999975958, -1.1188119924624416 
16.049999999975935, -1.1187123236383087 
16.05999999997591, -1.1185678041886635 
16.069999999975888, -1.1183430630617655 
16.079999999975865, -1.1180051985552575 
16.08999999997584, -1.1175202747492736 
16.099999999975818, -1.1168532624056313 
16.109999999975795, -1.1159726062553903 
16.11999999997577, -1.114859215559501 
16.129999999975748, -1.1135178312880272 
16.139999999975725, -1.1119871558102503 
16.1499999999757, -1.1103446798994856 
16.15999999997568, -1.1087024648577717 
16.169999999975655, -1.107190702453283 
16.17999999997563, -1.1059285381492514 
16.18999999997561, -1.1049894280986328 
16.199999999975585, -1.104377979374755 
16.20999999997556, -1.1040342496689566 
16.21999999997554, -1.1038635838296975 
16.229999999975515, -1.1037715587915222 
16.239999999975492, -1.1036845968605242 
16.24999999997547, -1.1035523643539111 
16.259999999975445, -1.1033394099164593 
16.269999999975422, -1.1030141871421129 
16.2799999999754, -1.1025397116687112 
16.289999999975375, -1.1018674974719833 
16.299999999975352, -1.1009364789930376 
16.30999999997533, -1.0996801887044618 
16.319999999975305, -1.098046162063724 
16.329999999975282, -1.0960281358759192 
16.33999999997526, -1.093702033976259 
16.349999999975235, -1.0912445763607093 
16.359999999975212, -1.0889097476362495 
16.36999999997519, -1.0869554433697526 
16.379999999975166, -1.0855489658878161 
16.389999999975142, -1.0847083173971002 
16.39999999997512, -1.0843188538579922 
16.409999999975096, -1.0842067905626556 
16.419999999975072, -1.0842127793059557 
16.42999999997505, -1.0842269983127082 
16.439999999975026, -1.0841875244382995 
16.449999999975002, -1.0840624954403881 
16.45999999997498, -1.0838316743590248 
16.469999999974956, -1.0834727218012925 
16.479999999974932, -1.0829518222829582 
16.48999999997491, -1.082217582778215 
16.499999999974886, -1.0811992837459807 
16.509999999974863, -1.0798143229516737 
16.51999999997484, -1.0779931588810219 
16.529999999974816, -1.075727729009532 
16.539999999974793, -1.0731323362538778 
16.54999999997477, -1.0704748050191728 
16.559999999974746, -1.0681215623768685 
16.569999999974723, -1.0663908651129776 
16.5799999999747, -1.0654050006251194 
16.589999999974676, -1.0650582458635698 
16.599999999974653, -1.0651142786087369 
16.60999999997463, -1.0653363679232108 
16.619999999974606, -1.0655610808198541 
16.629999999974583, -1.0657044396504958 
16.63999999997456, -1.065735420804012 
16.649999999974536, -1.065647269747291 
16.659999999974513, -1.0654377691649255 
16.66999999997449, -1.065097885532388 
16.679999999974466, -1.0646053692711728 
16.689999999974443, -1.06392124439304 
16.69999999997442, -1.0629900234495948 
16.709999999974396, -1.0617482723623264 
16.719999999974373, -1.0601496171159972 
16.72999999997435, -1.0582121806491487 
16.739999999974327, -1.0560767418294106 
16.749999999974303, -1.0540293222344248 
16.75999999997428, -1.0524269396540682 
16.769999999974257, -1.05153044641323 
16.779999999974233, -1.0513634895864077 
16.78999999997421, -1.0517232828416017 
16.799999999974187, -1.0523212531234525 
16.809999999974163, -1.0529212246951016 
16.81999999997414, -1.053391911095656 
16.829999999974117, -1.053688922159804 
16.839999999974093, -1.053815159862673 
16.84999999997407, -1.0537891159223214 
16.859999999974047, -1.053626999124615 
16.869999999974024, -1.0533346127966632 
16.879999999974, -1.0529042382729044 
16.889999999973977, -1.0523142170952384 
16.899999999973954, -1.0515319190949595 
16.90999999997393, -1.0505239315878871 
16.919999999973907, -1.0492796161162699 
16.929999999973884, -1.047851264064008 
16.93999999997386, -1.0463979931947542 
16.949999999973837, -1.0451916080895942 
16.959999999973814, -1.0445340478889025 
16.96999999997379, -1.0445999238207857 
16.979999999973767, -1.0453214738124292 
16.989999999973744, -1.0464281131216666 
16.99999999997372, -1.0476030173699433 
17.009999999973697, -1.0486182684155059 
17.019999999973674, -1.0493722290752312 
17.02999999997365, -1.049855959342874 
17.039999999973627, -1.050104184655135 
17.049999999973604, -1.050160512233708 
17.05999999997358, -1.0500602841334696 
17.069999999973557, -1.0498247354598809 
17.079999999973534, -1.0494605490700686 
17.08999999997351, -1.0489620735232885 
17.099999999973488, -1.0483166024583885 
17.109999999973464, -1.0475158032491056 
17.11999999997344, -1.0465777917213273 
17.129999999973418, -1.0455809000668133 
17.139999999973394, -1.044695925141158 
17.14999999997337, -1.0441803024489171 
17.159999999973348, -1.044293698862084 
17.169999999973324, -1.0451522813803904 
17.1799999999733, -1.0466294870604806 
17.189999999973278, -1.0484058953363513 
17.199999999973254, -1.0501324974104187 
17.20999999997323, -1.0515708259807914 
17.219999999973208, -1.0526292630936434 
17.229999999973185, -1.0533215893759833 
17.23999999997316, -1.0537086972555822 
17.249999999973138, -1.0538578566255339 
17.259999999973115, -1.0538236568845187 
17.26999999997309, -1.0536428727907277 
17.279999999973068, -1.0533358831888053 
17.289999999973045, -1.052911053760511 
17.29999999997302, -1.052371954993538 
17.309999999972998, -1.051729734220188 
17.319999999972975, -1.0510236153101309 
17.32999999997295, -1.050348530331887 
17.339999999972928, -1.049876482015477 
17.349999999972905, -1.0498412363560248 
17.35999999997288, -1.05045813840054 
17.36999999997286, -1.0518002670224178 
17.379999999972835, -1.053719675457377 
17.38999999997281, -1.0558940763416236 
17.39999999997279, -1.0579721605283128 
17.409999999972765, -1.059706658820827 
17.41999999997274, -1.0609982312376758 
17.42999999997272, -1.0618616000953267 
17.439999999972695, -1.0623671458213033 
17.449999999972672, -1.0625957388491307 
17.45999999997265, -1.062615839167761 
17.469999999972625, -1.0624768290576254 
17.479999999972602, -1.06221075243919 
17.48999999997258, -1.06183795672615 
17.499999999972555, -1.061375669518609 
17.509999999972532, -1.0608507199234283 
17.51999999997251, -1.0603174157046211 
17.529999999972485, -1.0598770434554647 
17.539999999972462, -1.0596856567474844 
17.54999999997244, -1.059928689264601 
17.559999999972415, -1.0607521201812165 
17.569999999972392, -1.0621780831291021 
17.57999999997237, -1.0640648663686476 
17.589999999972346, -1.066149516530949 
17.599999999972322, -1.0681476525181242 
17.6099999999723, -1.069846175561929 
17.619999999972276, -1.07114306191647 
17.629999999972252, -1.0720334345094567 
17.63999999997223, -1.0725697252540793 
17.649999999972206, -1.0728235178307077 
17.659999999972182, -1.0728617440332093 
17.66999999997216, -1.0727371142640032 
17.679999999972136, -1.0724878973937753 
17.689999999972112, -1.0721429246629073 
17.69999999997209, -1.0717300120955056 
17.709999999972066, -1.0712873812651178 
17.719999999972043, -1.0708766199432782 
17.72999999997202, -1.0705915305294604 
17.739999999971996, -1.0705521466268013 
17.749999999971973, -1.0708749684373735 
17.75999999997195, -1.0716258988597416 
17.769999999971926, -1.0727819623075894 
17.779999999971903, -1.0742282759911193 
17.78999999997188, -1.0757927972928918 
17.799999999971856, -1.0772976265191252 
17.809999999971833, -1.0786022063913907 
17.81999999997181, -1.0796250851834894 
17.829999999971786, -1.0803434138202603 
17.839999999971763, -1.0807773650055894 
17.84999999997174, -1.08096962576413 
17.859999999971716, -1.0809683075493421 
17.869999999971693, -1.0808171048340982 
17.87999999997167, -1.0805525881628413 
17.889999999971646, -1.0802068584400357 
17.899999999971623, -1.0798137517582846 
17.9099999999716, -1.0794166712644622 
17.919999999971576, -1.0790747111389207 
17.929999999971553, -1.0788616344531936 
17.93999999997153, -1.0788528307614267 
17.949999999971507, -1.079102113722421 
17.959999999971483, -1.0796198547766893 
17.96999999997146, -1.080365930579219 
17.979999999971437, -1.081261032707428 
17.989999999971413, -1.0822081702677457 
17.99999999997139, -1.08311353764748 
18.009999999971367, -1.0839009559475954 
18.019999999971343, -1.0845192870723521 
18.02999999997132, -1.0849440293363133 
18.039999999971297, -1.0851742055649616 
18.049999999971273, -1.0852259131395696 
18.05999999997125, -1.085124781838148 
18.069999999971227, -1.0848999001233166 
18.079999999971204, -1.0845809301870077 
18.08999999997118, -1.0841987115874439 
18.099999999971157, -1.0837883021040169 
18.109999999971134, -1.0833921513064186 
18.11999999997111, -1.0830600601179523 
18.129999999971087, -1.0828429573006324 
18.139999999971064, -1.0827808389865496 
18.14999999997104, -1.0828902256655282 
18.159999999971017, -1.083158360972064 
18.169999999970994, -1.0835472518495721 
18.17999999997097, -1.0840043672534727 
18.189999999970947, -1.084474149044182 
18.199999999970924, -1.0849063446568252 
18.2099999999709, -1.0852604071222574 
18.219999999970877, -1.0855071582685039 
18.229999999970854, -1.08562909463942 
18.23999999997083, -1.085619970584916 
18.249999999970807, -1.0854836530558443 
18.259999999970784, -1.0852322772975103 
18.26999999997076, -1.0848842594376147 
18.279999999970737, -1.0844630480745976 
18.289999999970714, -1.083997094778309 
18.29999999997069, -1.0835204555921618 
18.309999999970668, -1.0830722848832122 
18.319999999970644, -1.0826931993033466 
18.32999999997062, -1.0824179668532976 
18.339999999970598, -1.082266835018658 
18.349999999970574, -1.0822397481541306 
18.35999999997055, -1.0823165547613527 
18.369999999970528, -1.0824628400401868 
18.379999999970504, -1.0826381809670083 
18.38999999997048, -1.0828033182851375 
18.399999999970458, -1.0829244717866262 
18.409999999970434, -1.082975023925195 
18.41999999997041, -1.0829357560913626 
18.429999999970388, -1.0827946695854767 
18.439999999970365, -1.0825468397458908 
18.44999999997034, -1.0821943280881225 
18.459999999970318, -1.081746078348377 
18.469999999970295, -1.0812178275773823 
18.47999999997027, -1.0806321346559253 
18.489999999970248, -1.0800184013934588 
18.499999999970225, -1.0794121752851966 
18.5099999999702, -1.0788525018905517 
18.519999999970178, -1.0783764274604126 
18.529999999970155, -1.078011335962441 
18.53999999997013, -1.0777678277765836 
18.549999999970108, -1.077636583682271 
18.559999999970085, -1.0775910170944059 
18.56999999997006, -1.0775943625759528 
18.57999999997004, -1.07760759257379 
18.589999999970015, -1.0775949571455326 
18.59999999996999, -1.0775262763387088 
18.60999999996997, -1.0773771740122122 
18.619999999969945, -1.0771289423419985 
18.62999999996992, -1.0767689948356842 
18.6399999999699, -1.0762918761471132 
18.649999999969875, -1.0757002892473533 
18.659999999969852, -1.0750057427063724 
18.66999999996983, -1.0742288262563695 
18.679999999969805, -1.073399239311891 
18.689999999969782, -1.0725552950370811 
18.69999999996976, -1.0717419566592334 
18.709999999969735, -1.0710061537537054 
18.719999999969712, -1.070388890515183 
18.72999999996969, -1.0699157126870578 
18.739999999969665, -1.0695893970497246 
18.749999999969642, -1.0693890262479793 
18.75999999996962, -1.0692764863353783 
18.769999999969595, -1.0692068339476284 
18.779999999969572, -1.0691370915896496 
18.78999999996955, -1.0690303068148272 
18.799999999969526, -1.0688553894452497 
18.809999999969502, -1.0685852688142055 
18.81999999996948, -1.068195837374184 
18.829999999969456, -1.0676670152116068 
18.839999999969432, -1.0669859060613098 
18.84999999996941, -1.0661508719757484 
18.859999999969386, -1.0651749237404249 
18.869999999969362, -1.0640873368955517 
18.87999999996934, -1.06293325886442 
18.889999999969316, -1.0617712736898361 
18.899999999969292, -1.060668238417561 
18.90999999996927, -1.0596902560865682 
18.919999999969246, -1.0588898931607829 
18.929999999969223, -1.058293011862975 
18.9399999999692, -1.0578915567239564 
18.949999999969176, -1.0576472980476515 
18.959999999969153, -1.0575050717319747 
18.96999999996913, -1.0574079461828032 
18.979999999969106, -1.0573069128583463 
18.989999999969083, -1.0571629415179251 
18.99999999996906, -1.056943885642256 
19.009999999969036, -1.0566199816704904 
19.019999999969013, -1.0561608270239402 
19.02999999996899, -1.055535594267014 
19.039999999968966, -1.0547172625935688 
19.049999999968943, -1.0536903375645719 
19.05999999996892, -1.0524598311045628 
19.069999999968896, -1.051058166670614 
19.079999999968873, -1.0495471456320693 
19.08999999996885, -1.0480136178951753 
19.099999999968826, -1.0465585534647632 
19.109999999968803, -1.0452797969347656 
19.11999999996878, -1.0442508483022022 
19.129999999968756, -1.0435022928866629 
19.139999999968733, -1.043015235941965 
19.14999999996871, -1.0427316786792695 
19.159999999968687, -1.0425763326830721 
19.169999999968663, -1.0424775777193747 
19.17999999996864, -1.0423785184603538 
19.189999999968617, -1.0422374256797262 
19.199999999968593, -1.0420220817490513 
19.20999999996857, -1.0417027739324574 
19.219999999968547, -1.041246867245912 
19.229999999968523, -1.0406166464256603 
19.2399999999685, -1.0397718391994797 
19.249999999968477, -1.038677880796772 
19.259999999968453, -1.0373193064299415 
19.26999999996843, -1.0357145877587899 
19.279999999968407, -1.0339261638133104 
19.289999999968384, -1.0320597212811637 
19.29999999996836, -1.030249988853443 
19.309999999968337, -1.0286344908148437 
19.319999999968314, -1.027321192550546 
19.32999999996829, -1.0263609428911777 
19.339999999968267, -1.0257375786589453 
19.349999999968244, -1.025381638737846 
19.35999999996822, -1.0251997275968103 
19.369999999968197, -1.0251029202012423 
19.379999999968174, -1.025022133717439 
19.38999999996815, -1.0249094751483123 
19.399999999968127, -1.0247314689052505 
19.409999999968104, -1.0244602162090466 
19.41999999996808, -1.0240658609715898 
19.429999999968057, -1.0235118086509565 
19.439999999968034, -1.0227538598280324 
19.44999999996801, -1.0217449653173423 
19.459999999967987, -1.0204471343367465 
19.469999999967964, -1.018849599201974 
19.47999999996794, -1.0169877213503438 
19.489999999967917, -1.0149533069444938 
19.499999999967894, -1.0128879170602922 
19.50999999996787, -1.0109569426514835 
19.519999999967848, -1.0093104765349248 
19.529999999967824, -1.008044218560536 
19.5399999999678, -1.0071768598645723 
19.549999999967778, -1.006654966376686 
19.559999999967754, -1.006381753863107 
19.56999999996773, -1.0062526570836579 
19.579999999967708, -1.0061803000360996 
19.589999999967684, -1.0061026762626335 
19.59999999996766, -1.005978947969756 
19.609999999967638, -1.0057802577712152 
19.619999999967614, -1.005480603333829 
19.62999999996759, -1.0050498798335101 
19.639999999967568, -1.0044499092822936 
19.649999999967545, -1.003634570147009 
19.65999999996752, -1.0025559094908083 
19.669999999967498, -1.0011777507888837 
19.679999999967475, -0.9994953063948244 
19.68999999996745, -0.9975541122312789 
19.699999999967428, -0.9954579739938818 
19.709999999967405, -0.9933578610662748 
19.71999999996738, -0.9914215891255236 
19.729999999967358, -0.9897930890810077 
19.739999999967335, -0.9885560124754539 
19.74999999996731, -0.9877168018052049 
19.759999999967288, -0.9872145897786332 
19.769999999967265, -0.9869513065533241 
19.77999999996724, -0.9868251187615196 
19.78999999996722, -0.9867523789479117 
19.799999999967195, -0.9866739616360686 
19.80999999996717, -0.9865506969654338 
19.81999999996715, -0.9863546270342172 
19.829999999967125, -0.986060526453619 
19.8399999999671, -0.9856395570032346 
19.84999999996708, -0.9850558540407978 
19.859999999967055, -0.9842670970795486 
19.869999999967032, -0.9832306391681511 
19.87999999996701, -0.9819161040354573 
19.889999999966985, -0.9803224150258423 
19.899999999966962, -0.9784929379773517 
19.90999999996694, -0.9765203656214929 
19.919999999966915, -0.9745360917675105 
19.929999999966892, -0.9726854602906491 
19.93999999996687, -0.9710960232342991 
19.949999999966845, -0.9698487841858643 
19.959999999966822, -0.9689624879505774 
19.9699999999668, -0.9683971610125992 
19.979999999966775, -0.9680746598701745 
19.989999999966752, -0.9679055585799498 
19.99999999996673, -0.9678102359159297 
20.009999999966706, -0.9677281947252793 
20.019999999966682, -0.9676171462724195 
20.02999999996666, -0.9674468136350803 
20.039999999966636, -0.9671917647196141 
20.049999999966612, -0.9668256683664787 
20.05999999996659, -0.9663181513836084 
20.069999999966566, -0.9656352088627045 
20.079999999966542, -0.9647441201585677 
20.08999999996652, -0.9636229439853867 
20.099999999966496, -0.9622723786744694 
20.109999999966472, -0.9607252415428421 
20.11999999996645, -0.9590485531499147 
20.129999999966426, -0.957336222163837 
20.139999999966403, -0.9556942708975529 
20.14999999996638, -0.9542224946947414 
20.159999999966356, -0.9529965049713779 
20.169999999966333, -0.9520541929960213 
20.17999999996631, -0.9513908343228386 
20.189999999966286, -0.9509651961927471 
20.199999999966263, -0.9507143963746388 
20.20999999996624, -0.9505709569890533 
20.219999999966216, -0.9504753077908654 
20.229999999966193, -0.9503808036753265 
20.23999999996617, -0.9502525272423915 
20.249999999966146, -0.9500630167073589 
20.259999999966123, -0.9497877512043094 
20.2699999999661, -0.9494022324291823 
20.279999999966076, -0.9488817538797024 
20.289999999966053, -0.9482043626162208 
20.29999999996603, -0.9473565522439602 
20.309999999966006, -0.9463397810555507 
20.319999999965983, -0.9451749145784897 
20.32999999996596, -0.9439023804949962 
20.339999999965936, -0.9425779933846824 
20.349999999965913, -0.9412661726251598 
20.35999999996589, -0.9400322714841411 
20.369999999965867, -0.9389346915227235 
20.379999999965843, -0.9380170407135191 
20.38999999996582, -0.9373014341751175 
20.399999999965797, -0.936785159223539 
20.409999999965773, -0.9364427085404886 
20.41999999996575, -0.936233027775781 
20.429999999965727, -0.9361091392450867 
20.439999999965703, -0.9360263324957325 
20.44999999996568, -0.9359465389248438 
20.459999999965657, -0.9358388943738356 
20.469999999965633, -0.9356780984971899 
20.47999999996561, -0.9354424982702811 
20.489999999965587, -0.9351133269192596 
20.499999999965564, -0.9346757092880695 
20.50999999996554, -0.9341210849481095 
20.519999999965517, -0.933449837172742 
20.529999999965494, -0.932672683123218 
20.53999999996547, -0.9318101208196131 
20.549999999965447, -0.930890411606043 
20.559999999965424, -0.929947156582864 
20.5699999999654, -0.9290171000699861 
20.579999999965377, -0.9281379473767496 
20.589999999965354, -0.9273455196577449 
20.59999999996533, -0.9266698414240956 
20.609999999965307, -0.9261306249976607 
20.619999999965284, -0.9257335620414018 
20.62999999996526, -0.9254691253968721 
20.639999999965237, -0.92531475400877 
20.649999999965214, -0.9252397026611124 
20.65999999996519, -0.9252106025221402 
20.669999999965167, -0.9251957946232989 
20.679999999965144, -0.9251675956959765 
20.68999999996512, -0.9251028890610613 
20.699999999965097, -0.9249830312587927 
20.709999999965074, -0.924793900940711 
20.71999999996505, -0.9245263200420075 
20.729999999965028, -0.9241765251341952 
20.739999999965004, -0.923746246256844 
20.74999999996498, -0.92324228932806 
20.759999999964958, -0.9226759203385593 
20.769999999964934, -0.9220624118804501 
20.77999999996491, -0.9214208541284826 
20.789999999964888, -0.9207740329669594 
20.799999999964864, -0.9201479777810138 
20.80999999996484, -0.9195706801261053 
20.819999999964818, -0.9190695790309615 
20.829999999964794, -0.9186678653071694 
20.83999999996477, -0.9183804087247729 
20.849999999964748, -0.9182107021736338 
20.859999999964725, -0.918150098517138 
20.8699999999647, -0.9181796934401015 
20.879999999964678, -0.9182740410367867 
20.889999999964655, -0.9184052556033547 
20.89999999996463, -0.9185462792871737 
20.909999999964608, -0.9186728418559766 
20.919999999964585, -0.918764310032463 
20.92999999996456, -0.9188038977752134 
20.939999999964538, -0.9187786717071408 
20.949999999964515, -0.9186796571068359 
20.95999999996449, -0.9185021884204341 
20.969999999964468, -0.91824640329551 
20.979999999964445, -0.9179175680904399 
20.98999999996442, -0.9175260003834651 
20.9999999999644, -0.9170867082830647 
21.009999999964375, -0.9166191128067155 
21.01999999996435, -0.9161470342285698 
21.02999999996433, -0.9156985940651658 
21.039999999964305, -0.9153052111077791 
21.04999999996428, -0.9149988905061983 
21.05999999996426, -0.9148077349052791 
21.069999999964235, -0.9147507631786483 
21.079999999964212, -0.9148339068989955 
21.08999999996419, -0.9150487447768413 
21.099999999964165, -0.9153742469004623 
21.109999999964142, -0.9157804640588523 
21.11999999996412, -0.9162325916931333 
21.129999999964095, -0.9166942954886826 
21.139999999964072, -0.9171300997172853 
21.14999999996405, -0.9175073760472949 
21.159999999964025, -0.9177985954311024 
21.169999999964002, -0.9179839183779961 
21.17999999996398, -0.9180533109601432 
21.189999999963955, -0.9180070372524884 
21.199999999963932, -0.9178541130540919 
21.20999999996391, -0.917609556639731 
21.219999999963886, -0.9172919473459705 
21.229999999963862, -0.9169224804580443 
21.23999999996384, -0.916525833431866 
21.249999999963816, -0.9161322651092068 
21.259999999963792, -0.9157796203057833 
21.26999999996377, -0.9155133956468152 
21.279999999963746, -0.9153831464276552 
21.289999999963722, -0.9154347984859947 
21.2999999999637, -0.9157006533327234 
21.309999999963676, -0.9161906120325927 
21.319999999963652, -0.9168878537160676 
21.32999999996363, -0.9177500300113257 
21.339999999963606, -0.9187148463793726 
21.349999999963583, -0.9197082738769543 
21.35999999996356, -0.9206542901582362 
21.369999999963536, -0.9214854079176911 
21.379999999963513, -0.9221523198883406 
21.38999999996349, -0.922629747004096 
21.399999999963466, -0.9229161303321142 
21.409999999963443, -0.9230276204963328 
21.41999999996342, -0.922989608434861 
21.429999999963396, -0.9228294918530618 
21.439999999963373, -0.9225727649819282 
21.44999999996335, -0.922242723243396 
21.459999999963326, -0.9218632026894442 
21.469999999963303, -0.9214635918756814 
21.47999999996328, -0.9210850590885397 
21.489999999963256, -0.9207859496627344 
21.499999999963233, -0.9206428287675072 
21.50999999996321, -0.9207430451508192 
21.519999999963186, -0.921166933938356 
21.529999999963163, -0.9219632149268119 
21.53999999996314, -0.9231266730343559 
21.549999999963116, -0.9245883466497288 
21.559999999963093, -0.9262240233796595 
21.56999999996307, -0.9278797921763242 
21.579999999963047, -0.9294068580041195 
21.589999999963023, -0.930693485575196 
21.599999999963, -0.9316822814542217 
21.609999999962977, -0.9323680293377847 
21.619999999962953, -0.9327813006545782 
21.62999999996293, -0.9329684022945995 
21.639999999962907, -0.9329759684069797 
21.649999999962883, -0.9328428902689285 
21.65999999996286, -0.9325983603299516 
21.669999999962837, -0.9322639056061645 
21.679999999962813, -0.9318581270568427 
21.68999999996279, -0.9314039537003872 
21.699999999962767, -0.9309385790322764 
21.709999999962744, -0.9305250808183873 
21.71999999996272, -0.9302614864073415 
21.729999999962697, -0.930278686279584 
21.739999999962674, -0.930717280508685 
21.74999999996265, -0.9316812133758517 
21.759999999962627, -0.9331835301484303 
21.769999999962604, -0.9351149527624804 
21.77999999996258, -0.9372616113671335 
21.789999999962557, -0.9393701927486644 
21.799999999962534, -0.9412267390384607 
21.80999999996251, -0.9427074370730775 
21.819999999962487, -0.9437830696593743 
21.829999999962464, -0.9444900933794094 
21.83999999996244, -0.9448939077018151 
21.849999999962417, -0.9450616791989047 
21.859999999962394, -0.9450486234616708 
21.86999999996237, -0.9448941327308429 
21.879999999962347, -0.9446231049936976 
21.889999999962324, -0.9442496539016652 
21.8999999999623, -0.943782507456226 
21.909999999962277, -0.9432329799473935 
21.919999999962254, -0.9426270743765828 
21.92999999996223, -0.9420221359910966 
21.939999999962208, -0.9415239223514524 
21.949999999962184, -0.9412916341629682 
21.95999999996216, -0.9415119734537318 
21.969999999962138, -0.9423322648361167 
21.979999999962114, -0.9437755228486351 
21.98999999996209, -0.9456949406395647 
21.999999999962068, -0.947814567463193 
22.009999999962044, -0.9498377348914507 
22.01999999996202, -0.9515497058592093 
22.029999999961998, -0.9528568945297264 
22.039999999961974, -0.9537645221708881 
22.04999999996195, -0.9543303168988837 
22.059999999961928, -0.954625468528112 
22.069999999961905, -0.9547127689878965 
22.07999999996188, -0.9546385006736395 
22.089999999961858, -0.954431716855559 
22.099999999961835, -0.9541064540049164 
22.10999999996181, -0.9536650169342893 
22.119999999961788, -0.9531025386745702 
22.129999999961765, -0.9524145627464531 
22.13999999996174, -0.9516102836159279 
22.149999999961718, -0.9507330066644586 
22.159999999961695, -0.9498836655790909 
22.16999999996167, -0.9492315322705979 
22.179999999961648, -0.9489862712655265 
22.189999999961625, -0.9493180668802408 
22.1999999999616, -0.9502592419194185 
22.20999999996158, -0.9516625027231218 
22.219999999961555, -0.9532609721258595 
22.22999999996153, -0.9547867521073139 
22.23999999996151, -0.9560611983844239 
22.249999999961485, -0.9570146135508409 
22.25999999996146, -0.9576558835612138 
22.26999999996144, -0.958030964593575 
22.279999999961415, -0.9581926004531034 
22.289999999961392, -0.9581847558340899 
22.29999999996137, -0.9580370416203394 
22.309999999961345, -0.9577639391358408 
22.319999999961322, -0.9573656918703568 
22.3299999999613, -0.9568298429163148 
22.339999999961275, -0.9561341589795674 
22.349999999961252, -0.9552533276517335 
22.35999999996123, -0.9541730797515416 
22.369999999961205, -0.9529144561661612 
22.379999999961182, -0.9515641257470966 
22.38999999996116, -0.9502921266575843 
22.399999999961135, -0.9493262946547982 
22.409999999961112, -0.9488686516597877 
22.41999999996109, -0.9489926335367189 
22.429999999961066, -0.9495998941573001 
22.439999999961042, -0.9504753162836324 
22.44999999996102, -0.9513922928051717 
22.459999999960996, -0.9521904145580808 
22.469999999960972, -0.95279384533385 
22.47999999996095, -0.9531896896428972 
22.489999999960926, -0.9533970439948686 
22.499999999960902, -0.9534435752531364 
22.50999999996088, -0.9533524191983714 
22.519999999960856, -0.9531362134976769 
22.529999999960832, -0.9527946012446069 
22.53999999996081, -0.9523129375487155 
22.549999999960786, -0.951661572943389 
22.559999999960763, -0.9507968063550765 
22.56999999996074, -0.9496666362309935 
22.579999999960716, -0.94822636547503 
22.589999999960693, -0.9464684685233182 
22.59999999996067, -0.9444629225474387 
22.609999999960646, -0.9423859500165896 
22.619999999960623, -0.940499850331286 
22.6299999999606, -0.9390652009014699 
22.639999999960576, -0.9382268178358917 
22.649999999960553, -0.9379561513517626 
22.65999999996053, -0.9380907261839383 
22.669999999960506, -0.938427878922582 
22.679999999960483, -0.9388017804074507 
22.68999999996046, -0.9391115308711043 
22.699999999960436, -0.9393120807708559 
22.709999999960413, -0.9393921946539198 
22.71999999996039, -0.93935476453865 
22.729999999960366, -0.9392037946061121 
22.739999999960343, -0.9389367974648405 
22.74999999996032, -0.9385401557339572 
22.759999999960296, -0.9379857468767387 
22.769999999960273, -0.9372285417456879 
22.77999999996025, -0.9362067932050998 
22.789999999960227, -0.9348488543439666 
22.799999999960203, -0.9330925340683119 
22.80999999996018, -0.9309206165890833 
22.819999999960157, -0.9284047317473737 
22.829999999960133, -0.9257309582667933 
22.83999999996011, -0.9231731769668057 
22.849999999960087, -0.9210076154927618 
22.859999999960063, -0.9194121046408276 
22.86999999996004, -0.9184136230824258 
22.879999999960017, -0.9179104060107848 
22.889999999959993, -0.9177398954310132 
22.89999999995997, -0.9177442124220481 
22.909999999959947, -0.9178051893221874 
22.919999999959924, -0.9178494775588246 
22.9299999999599, -0.9178376181243296 
22.939999999959877, -0.9177494890693179 
22.949999999959854, -0.9175721318179662 
22.95999999995983, -0.9172911331722083 
22.969999999959807, -0.9168847995071909 
22.979999999959784, -0.9163203976105398 
22.98999999995976, -0.9155528220722597 
22.999999999959737, -0.9145275946233969 
23.009999999959714, -0.9131912278500526 
23.01999999995969, -0.9115108633092079 
23.029999999959667, -0.9094997935867177 
23.039999999959644, -0.9072374554612189 
23.04999999995962, -0.904869021494249 
23.059999999959597, -0.9025778715273844 
23.069999999959574, -0.9005400729771054 
23.07999999995955, -0.8988805682504435 
23.089999999959527, -0.8976486701295145 
23.099999999959504, -0.8968195864930438 
23.10999999995948, -0.8963167258899729 
23.119999999959457, -0.8960421281218455 
23.129999999959434, -0.8959022384203011 
23.13999999995941, -0.8958221256078416 
23.149999999959388, -0.8957483548536354 
23.159999999959364, -0.8956447753747796 
23.16999999995934, -0.8954857568963727 
23.179999999959318, -0.8952497981427989 
23.189999999959294, -0.8949148821596051 
23.19999999995927, -0.89445625244591 
23.209999999959248, -0.8938472356963295 
23.219999999959224, -0.8930636372287063 
23.2299999999592, -0.8920912970875579 
23.239999999959178, -0.8909344865787345 
23.249999999959154, -0.889621246738888 
23.25999999995913, -0.8882025176305192 
23.269999999959108, -0.886745106484015 
23.279999999959085, -0.885321521006406 
23.28999999995906, -0.8840000171050754 
23.299999999959038, -0.8828365101420916 
23.309999999959015, -0.8818685883392898 
23.31999999995899, -0.8811118431628548 
23.329999999958968, -0.8805593256975607 
23.339999999958945, -0.8801848370605908 
23.34999999995892, -0.8799495305770959 
23.359999999958898, -0.8798098002289857 
23.369999999958875, -0.8797239324150883 
23.37999999995885, -0.8796559066890236 
23.389999999958828, -0.8795762734886118 
23.399999999958805, -0.87946118402889 
23.40999999995878, -0.879290985687678 
23.41999999995876, -0.8790495065026483 
23.429999999958735, -0.8787245280820727 
23.43999999995871, -0.8783091789507249 
23.44999999995869, -0.8778033362663065 
23.459999999958665, -0.8772140345523406 
23.46999999995864, -0.8765545379994906 
23.47999999995862, -0.8758426399843537 
23.489999999958595, -0.8750991050751837 
23.499999999958572, -0.8743467542901827 
23.50999999995855, -0.873610026861703 
23.519999999958525, -0.8729144567759726 
23.529999999958502, -0.8722854920070091 
23.53999999995848, -0.8717463620095472 
23.549999999958455, -0.8713151824427603 
23.559999999958432, -0.8710020315871212 
23.56999999995841, -0.8708070410724151 
23.579999999958385, -0.870720324564928 
23.589999999958362, -0.8707238468291904 
23.59999999995834, -0.8707945315605791 
23.609999999958315, -0.8709075248341838 
23.619999999958292, -0.87103874391523 
23.62999999995827, -0.8711663857856685 
23.639999999958246, -0.8712715395357808 
23.649999999958222, -0.871338241743026 
23.6599999999582, -0.8713533221556858 
23.669999999958176, -0.8713063699562429 
23.679999999958152, -0.8711900887269663 
23.68999999995813, -0.8710010504449821 
23.699999999958106, -0.8707404775869911 
23.709999999958082, -0.8704145629589478 
23.71999999995806, -0.8700341946634973 
23.729999999958036, -0.869614460252544 
23.739999999958012, -0.8691744499514014 
23.74999999995799, -0.8687375298768595 
23.759999999957966, -0.8683316799167121 
23.769999999957943, -0.867989051705125 
23.77999999995792, -0.8677438937727823 
23.789999999957896, -0.8676285654475219 
23.799999999957873, -0.8676683513756783 
23.80999999995785, -0.8678766133901255 
23.819999999957826, -0.8682518302694312 
23.829999999957803, -0.8687771932842601 
23.83999999995778, -0.8694222991232321 
23.849999999957756, -0.8701459436881265 
23.859999999957733, -0.8708993813980564 
23.86999999995771, -0.8716302542721778 
23.879999999957686, -0.8722878368586789 
23.889999999957663, -0.8728295476445431 
23.89999999995764, -0.8732270773057828 
23.909999999957616, -0.8734695006613246 
23.919999999957593, -0.8735618196609096 
23.92999999995757, -0.8735199139351282 
23.939999999957546, -0.8733646227887988 
23.949999999957523, -0.87311745173402 
23.9599999999575, -0.8727990384051351 
23.969999999957476, -0.8724303749613048 
23.979999999957453, -0.872036302897685 
23.98999999995743, -0.871650569451538 
23.999999999957407, -0.8713211987372654 
24.009999999957383, -0.871113882966525 
24.01999999995736, -0.8711100464077436 
24.029999999957337, -0.8713964214333133 
24.039999999957313, -0.8720455808096395 
24.04999999995729, -0.8730915354391156 
24.059999999957267, -0.8745088444476565 
24.069999999957243, -0.8762049430383199 
24.07999999995722, -0.8780323673215753 
24.089999999957197, -0.8798204469794904 
24.099999999957173, -0.8814164254199335 
24.10999999995715, -0.8827190134348809 
24.119999999957127, -0.883690315556861 
24.129999999957104, -0.8843449643658072 
24.13999999995708, -0.8847274596870575 
24.149999999957057, -0.8848906412385782 
24.159999999957034, -0.8848819782672269 
24.16999999995701, -0.8847377864721698 
24.179999999956987, -0.8844826836057903 
24.189999999956964, -0.8841318541707285 
24.19999999995694, -0.8836950504390224 
24.209999999956917, -0.88318254471116 
24.219999999956894, -0.882613983905592 
24.22999999995687, -0.8820307578074951 
24.239999999956847, -0.8815101230180623 
24.249999999956824, -0.8811741836331732 
24.2599999999568, -0.8811807433795724 
24.269999999956777, -0.8816832280747547 
24.279999999956754, -0.8827630823013625 
24.28999999995673, -0.8843678977227303 
24.299999999956707, -0.8863041065738496 
24.309999999956684, -0.8883030355816496 
24.31999999995666, -0.890120613464551 
24.329999999956637, -0.8916066981685274 
24.339999999956614, -0.8927147951797461 
24.34999999995659, -0.8934705474598857 
24.359999999956568, -0.893932006907858 
24.369999999956544, -0.8941610733773058 
24.37999999995652, -0.8942090586310233 
24.389999999956498, -0.8941118578080072 
24.399999999956474, -0.8938896954532856 
24.40999999995645, -0.8935482608024025 
24.419999999956428, -0.8930798804224308 
24.429999999956404, -0.892464738383471 
24.43999999995638, -0.891673314215517 
24.449999999956358, -0.8906724020075518 
24.459999999956334, -0.8894379317907017 
24.46999999995631, -0.8879767384192601 
24.479999999956288, -0.8863536615018397 
24.489999999956265, -0.8847090862503508 
24.49999999995624, -0.8832431932241956 
24.509999999956218, -0.8821544950615179 
24.519999999956195, -0.8815576114173795 
24.52999999995617, -0.881435533839435 
24.539999999956148, -0.8816609467398164 
24.549999999956125, -0.8820646422741818 
24.5599999999561, -0.8824998721253688 
24.569999999956078, -0.8828718469143503 
24.579999999956055, -0.8831353399599591 
24.58999999995603, -0.8832779821344661 
24.599999999956008, -0.8833030588825446 
24.609999999955985, -0.8832171696591702 
24.61999999995596, -0.8830227056695978 
24.62999999995594, -0.8827133284839002 
24.639999999955915, -0.8822708050003023 
24.64999999995589, -0.8816624578277482 
24.65999999995587, -0.880839778286877 
24.669999999955845, -0.87974048313885 
24.67999999995582, -0.8782981591573831 
24.6899999999558, -0.8764638692545 
24.699999999955775, -0.8742392069949718 
24.709999999955752, -0.871708572792922 
24.71999999995573, -0.8690473284018898 
24.729999999955705, -0.8664879445150374 
24.739999999955682, -0.864252933404028 
24.74999999995566, -0.8624891482309083 
24.759999999955635, -0.8612369679560027 
24.769999999955612, -0.8604427484568454 
24.77999999995559, -0.8599981429060348 
24.789999999955565, -0.8597822210170939 
24.799999999955542, -0.859690121596562 
24.80999999995552, -0.859644441338158 
24.819999999955495, -0.8595939500261647 
24.829999999955472, -0.8595063289205156 
24.83999999995545, -0.8593598612899707 
24.849999999955426, -0.8591364617388233 
24.859999999955402, -0.8588167745900701 
24.86999999995538, -0.8583775594814063 
24.879999999955356, -0.8577918063550859 
24.889999999955332, -0.8570323143619643 
24.89999999995531, -0.8560790028234049 
24.909999999955286, -0.8549284353842912 
24.919999999955262, -0.8536016667553218 
24.92999999995524, -0.8521459111815896 
24.939999999955216, -0.8506283486093947 
24.949999999955192, -0.8491247428862513 
24.95999999995517, -0.8477075741519382 
24.969999999955146, -0.8464369260230157 
24.979999999955123, -0.8453548127546077 
24.9899999999551, -0.8444823940675766 
24.999999999955076, -0.8438197524970704 
