t, s[1].omega / s[0].omega 
0, -0.5399977451731643 
0.009999999999999995, -0.5397788896308113 
0.019999999999999934, -0.5395684649152923 
0.029999999999999874, -0.5393544504807412 
0.04000000000000012, -0.5391222977647345 
0.050000000000000405, -0.5388598913379947 
0.06000000000000069, -0.5385604702911894 
0.07000000000000098, -0.5382230486256325 
0.08000000000000126, -0.5378514057631429 
0.09000000000000155, -0.5374531212596451 
0.10000000000000184, -0.5370397053952164 
0.11000000000000212, -0.5366283580211357 
0.12000000000000241, -0.5362456274818974 
0.130000000000002, -0.5359331280449273 
0.1400000000000009, -0.5357551070824977 
0.1499999999999998, -0.535806365546321 
0.1599999999999987, -0.5362158469661864 
0.1699999999999976, -0.5371354328670792 
0.1799999999999965, -0.5386977115581357 
0.1899999999999954, -0.5409330535970098 
0.1999999999999943, -0.543676615106082 
0.2099999999999932, -0.5465592634806493 
0.2199999999999921, -0.5491591728276929 
0.229999999999991, -0.5512185823983118 
0.2399999999999899, -0.5527202159214841 
0.2499999999999888, -0.5537872520565381 
0.2599999999999877, -0.5545556814867156 
0.2699999999999866, -0.5551190404245447 
0.2799999999999855, -0.5555304044032635 
0.2899999999999844, -0.5558192775208037 
0.2999999999999833, -0.5560036930018507 
0.3099999999999822, -0.556095587361688 
0.3199999999999811, -0.5561023217269137 
0.32999999999998, -0.5560267174791739 
0.3399999999999789, -0.5558668652523332 
0.3499999999999778, -0.5556164349253989 
0.35999999999997667, -0.5552661515526762 
0.36999999999997557, -0.5548070792719719 
0.37999999999997447, -0.5542358053451901 
0.38999999999997337, -0.55356015211961 
0.39999999999997227, -0.5528023068287364 
0.40999999999997117, -0.5519962724458807 
0.41999999999997006, -0.5511796787369841 
0.42999999999996896, -0.550384089655355 
0.43999999999996786, -0.549628920840974 
0.44999999999996676, -0.5489211409831679 
0.45999999999996566, -0.5482592735690616 
0.46999999999996456, -0.5476387006725876 
0.47999999999996346, -0.5470560041815362 
0.48999999999996235, -0.546511642274096 
0.49999999999996125, -0.5460114248675746 
0.5099999999999602, -0.5455676327615386 
0.519999999999959, -0.5452004670409895 
0.529999999999958, -0.5449402028760779 
0.5399999999999568, -0.5448301563168567 
0.5499999999999557, -0.5449303351102983 
0.5599999999999546, -0.545321269331003 
0.5699999999999535, -0.5461067242886345 
0.5799999999999524, -0.5474124042322775 
0.5899999999999513, -0.5493750987651536 
0.5999999999999502, -0.552113825815209 
0.6099999999999491, -0.5556755544197343 
0.619999999999948, -0.5599622826922996 
0.6299999999999469, -0.5646794791116276 
0.6399999999999458, -0.5693726875836245 
0.6499999999999447, -0.5735765706407475 
0.6599999999999436, -0.5769883177085857 
0.6699999999999425, -0.5795358357825083 
0.6799999999999414, -0.5813178315791927 
0.6899999999999403, -0.5825001371164978 
0.6999999999999392, -0.5832424519976647 
0.7099999999999381, -0.5836689778596619 
0.719999999999937, -0.5838654419573525 
0.7299999999999359, -0.5838853957468546 
0.7399999999999348, -0.5837571582668405 
0.7499999999999337, -0.5834886207596434 
0.7599999999999326, -0.5830697691952017 
0.7699999999999315, -0.5824739854891686 
0.7799999999999304, -0.5816602496381356 
0.7899999999999293, -0.5805796159369957 
0.7999999999999282, -0.5791896519059565 
0.8099999999999271, -0.5774770929389749 
0.819999999999926, -0.5754801866128746 
0.8299999999999249, -0.5732944073308242 
0.8399999999999238, -0.5710514020119815 
0.8499999999999227, -0.5688813270226675 
0.8599999999999216, -0.5668815764899254 
0.8699999999999205, -0.5651060712632285 
0.8799999999999194, -0.5635721631937421 
0.8899999999999183, -0.5622744166327036 
0.8999999999999172, -0.5611970709825486 
0.9099999999999161, -0.5603222215584928 
0.919999999999915, -0.5596340591309221 
0.9299999999999139, -0.5591205534021256 
0.9399999999999128, -0.5587738453720101 
0.9499999999999117, -0.5585901798921024 
0.9599999999999106, -0.5585698216692034 
0.9699999999999095, -0.5587171195594417 
0.9799999999999084, -0.5590406657584109 
0.9899999999999073, -0.5595532609905451 
0.9999999999999062, -0.5602710735039975 
1.0099999999999052, -0.5612109572195753 
1.019999999999904, -0.5623845506887619 
1.029999999999903, -0.5637880908859781 
1.039999999999902, -0.5653888844457762 
1.0499999999999008, -0.5671137772147136 
1.0599999999998997, -0.5688496525548973 
1.0699999999998986, -0.5704642640745619 
1.0799999999998975, -0.5718424368390019 
1.0899999999998964, -0.5729173073834353 
1.0999999999998953, -0.573677969966876 
1.1099999999998942, -0.5741540090361885 
1.119999999999893, -0.5743919509920585 
1.129999999999892, -0.5744366885138075 
1.1399999999998909, -0.5743214954422434 
1.1499999999998898, -0.5740641226134545 
1.1599999999998887, -0.5736652817381026 
1.1699999999998876, -0.5731068127370075 
1.1799999999998865, -0.5723479989395989 
1.1899999999998854, -0.5713195583766436 
1.1999999999998843, -0.5699166787262185 
1.2099999999998832, -0.5679967323579793 
1.219999999999882, -0.5653949802852891 
1.229999999999881, -0.5619772945034837 
1.2399999999998799, -0.557733722514185 
1.2499999999998788, -0.5528650031699465 
1.2599999999998777, -0.5477719515728788 
1.2699999999998766, -0.5429178912012101 
1.2799999999998755, -0.538660449696301 
1.2899999999998744, -0.5351703677479099 
1.2999999999998733, -0.532454255819839 
1.3099999999998722, -0.5304225641802599 
1.319999999999871, -0.5289505020577486 
1.32999999999987, -0.5279146502842058 
1.3399999999998689, -0.5272090826731306 
1.3499999999998678, -0.5267495233577102 
1.3599999999998666, -0.5264720177129427 
1.3699999999998655, -0.5263297386785731 
1.3799999999998644, -0.5262896213824424 
1.3899999999998633, -0.5263295015310013 
1.3999999999998622, -0.5264359530258299 
1.4099999999998611, -0.526602762479374 
1.41999999999986, -0.5268297410607851 
1.429999999999859, -0.5271212781053508 
1.4399999999998578, -0.5274837859916405 
1.4499999999998567, -0.5279212922597093 
1.4599999999998556, -0.528429304423071 
1.4699999999998545, -0.5289887728419554 
1.4799999999998534, -0.5295636859945673 
1.4899999999998523, -0.5301056756576439 
1.4999999999998512, -0.5305654436228415 
1.5099999999998501, -0.5309056121906844 
1.519999999999849, -0.5311079064724178 
1.529999999999848, -0.5311717888844064 
1.5399999999998468, -0.5311073982371057 
1.5499999999998457, -0.5309275725465985 
1.5599999999998446, -0.5306418392281975 
1.5699999999998435, -0.530252694785826 
1.5799999999998424, -0.529753130033519 
1.5899999999998413, -0.5291240518473324 
1.5999999999998402, -0.5283302902451694 
1.6099999999998391, -0.5273139038089619 
1.619999999999838, -0.5259839137800952 
1.629999999999837, -0.5242042573669222 
1.6399999999998358, -0.5217905677193845 
1.6499999999998347, -0.5185430943799284 
1.6599999999998336, -0.5143491387583901 
1.6699999999998325, -0.5093338828108543 
1.6799999999998314, -0.503927370233367 
1.6899999999998303, -0.4987214596574442 
1.6999999999998292, -0.4942073355478797 
1.709999999999828, -0.4906163963157743 
1.719999999999827, -0.4879407400115219 
1.729999999999826, -0.4860402367965583 
1.7399999999998248, -0.48473775636524064 
1.7499999999998237, -0.483871204594683 
1.7599999999998226, -0.48331170421171715 
1.7699999999998215, -0.48296429836662247 
1.7799999999998204, -0.4827622284652384 
1.7899999999998193, -0.48266016508022513 
1.7999999999998182, -0.4826284381491611 
1.809999999999817, -0.4826487899165981 
1.819999999999816, -0.4827115847641655 
1.8299999999998149, -0.4828141696579145 
1.8399999999998138, -0.48295987194960277 
1.8499999999998127, -0.48315684230847067 
1.8599999999998116, -0.4834157269000987 
1.8699999999998105, -0.48374533492930494 
1.8799999999998094, -0.4841464169335944 
1.8899999999998083, -0.48460535979723973 
1.8999999999998072, -0.4850912371513771 
1.909999999999806, -0.4855595676953016 
1.919999999999805, -0.4859628911151665 
1.9299999999998039, -0.4862633008322062 
1.9399999999998028, -0.4864401073545913 
1.9499999999998017, -0.48648943602711503 
1.9599999999998006, -0.486418030958367 
1.9699999999997995, -0.48623568757740304 
1.9799999999997984, -0.48594917086719525 
1.9899999999997973, -0.4855580420889698 
1.9999999999997962, -0.485051385422388 
2.0099999999998173, -0.48440399879475393 
2.0199999999998384, -0.48357060625276393 
2.0299999999998595, -0.4824769317554507 
2.0399999999998806, -0.4810079768403373 
2.0499999999999017, -0.4789991757861416 
2.059999999999923, -0.476248397003037 
2.069999999999944, -0.4725801565455262 
2.079999999999965, -0.467975158913022 
2.089999999999986, -0.4626931873072088 
2.100000000000007, -0.4572454176845917 
2.1100000000000283, -0.45218424155095044 
2.1200000000000494, -0.44788260366598687 
2.1300000000000705, -0.4444655919683019 
2.1400000000000916, -0.44187685373342456 
2.1500000000001127, -0.43997735244359004 
2.160000000000134, -0.4386148572575599 
2.170000000000155, -0.4376567558708045 
2.180000000000176, -0.43699941964288 
2.190000000000197, -0.4365668251834867 
2.2000000000002182, -0.4363057677833025 
2.2100000000002393, -0.436180939227867 
2.2200000000002604, -0.4361710069800274 
2.2300000000002815, -0.43626590180187186 
2.2400000000003026, -0.4364651418363123 
2.2500000000003237, -0.43677679680843584 
2.260000000000345, -0.43721641535975697 
2.270000000000366, -0.43780483859637964 
2.280000000000387, -0.4385634419008205 
2.290000000000408, -0.4395054431830281 
2.3000000000004293, -0.44062334032321526 
2.3100000000004504, -0.4418761126586106 
2.3200000000004715, -0.44318451074161896 
2.3300000000004926, -0.4444433471495827 
2.3400000000005137, -0.4455501597730316 
2.3500000000005348, -0.4464349493233894 
2.360000000000556, -0.44707286147575376 
2.370000000000577, -0.4474759879182873 
2.380000000000598, -0.44767504182208206 
2.390000000000619, -0.44770282414292106 
2.4000000000006403, -0.4475841549911387 
2.4100000000006614, -0.4473310958426585 
2.4200000000006825, -0.4469406217562836 
2.4300000000007036, -0.4463925982263178 
2.4400000000007247, -0.44564731697382004 
2.450000000000746, -0.44464372968384247 
2.460000000000767, -0.4433023921970273 
2.470000000000788, -0.44154051593349697 
2.480000000000809, -0.4393060493652965 
2.49000000000083, -0.4366249196166615 
2.5000000000008513, -0.4336313279214844 
2.5100000000008724, -0.4305444782088486 
2.5200000000008935, -0.4275947329434426 
2.5300000000009146, -0.4249504211177884 
2.5400000000009357, -0.4226899010752906 
2.550000000000957, -0.4208174297458046 
2.560000000000978, -0.41929538907852903 
2.570000000000999, -0.41807176794674905 
2.58000000000102, -0.41709662268064324 
2.5900000000010412, -0.41632954772260194 
2.6000000000010624, -0.41574198092593234 
2.6100000000010835, -0.41531729787471017 
2.6200000000011046, -0.41505043002345865 
2.6300000000011257, -0.4149478809946959 
2.6400000000011468, -0.41502852759734166 
2.650000000001168, -0.4153253000431273 
2.660000000001189, -0.4158875182164746 
2.67000000000121, -0.4167830407899459 
2.680000000001231, -0.4180980903761643 
2.6900000000012523, -0.4199303047816379 
2.7000000000012734, -0.4223676505054234 
2.7100000000012945, -0.4254455691594029 
2.7200000000013156, -0.4290855106994401 
2.7300000000013367, -0.43304726073158184 
2.740000000001358, -0.4369550438175403 
2.750000000001379, -0.4404236119940091 
2.7600000000014, -0.4432081025268456 
2.770000000001421, -0.44526090616345837 
2.780000000001442, -0.4466761912845686 
2.7900000000014633, -0.44759916924043397 
2.8000000000014844, -0.4481647663829806 
2.8100000000015055, -0.44847503513297166 
2.8200000000015266, -0.4485986032229727 
2.8300000000015477, -0.4485772235507223 
2.840000000001569, -0.4484324582742455 
2.85000000000159, -0.4481707030169675 
2.860000000001611, -0.447787031944074 
2.870000000001632, -0.44726925861704964 
2.8800000000016532, -0.44660386909783245 
2.8900000000016743, -0.44578475264391687 
2.9000000000016954, -0.44482320352698324 
2.9100000000017165, -0.44375419296559315 
2.9200000000017377, -0.44263305293961064 
2.9300000000017588, -0.44152187740230203 
2.94000000000178, -0.4404727212103142 
2.950000000001801, -0.4395167947170817 
2.960000000001822, -0.4386634191449896 
2.970000000001843, -0.4379060582259685 
2.9800000000018643, -0.4372305200887124 
2.9900000000018854, -0.4366218112183688 
3.0000000000019065, -0.4360684114019627 
3.0100000000019276, -0.43556436549335764 
3.0200000000019487, -0.43511026056565133 
3.03000000000197, -0.4347141536266991 
3.040000000001991, -0.4343932448201353 
3.050000000002012, -0.434176837253245 
3.060000000002033, -0.4341109398195515 
3.070000000002054, -0.43426457180380823 
3.0800000000020753, -0.43473695775093874 
3.0900000000020964, -0.43566247684247167 
3.1000000000021175, -0.4372051977879404 
3.1100000000021386, -0.43952698383891436 
3.1200000000021597, -0.4427093878560694 
3.130000000002181, -0.44663293974435814 
3.140000000002202, -0.4508921037526359 
3.150000000002223, -0.4548883762103775 
3.160000000002244, -0.45812000631964817 
3.1700000000022652, -0.460421394635022 
3.1800000000022863, -0.46193055745563516 
3.1900000000023074, -0.4628920659078739 
3.2000000000023285, -0.4635119260522309 
3.2100000000023496, -0.4639206560839975 
3.2200000000023707, -0.46419062737816585 
3.230000000002392, -0.4643604004304861 
3.240000000002413, -0.4644508401209658 
3.250000000002434, -0.4644733728140693 
3.260000000002455, -0.4644337460219301 
3.2700000000024763, -0.464333819787484 
3.2800000000024974, -0.4641728763640399 
3.2900000000025185, -0.46394932584297016 
3.3000000000025396, -0.46366325407011544 
3.3100000000025607, -0.4633196176336781 
3.3200000000025818, -0.46293091867377045 
3.330000000002603, -0.4625174443276774 
3.340000000002624, -0.4621037071407231 
3.350000000002645, -0.4617118738210693 
3.360000000002666, -0.46135518559806865 
3.3700000000026873, -0.46103463542792406 
3.3800000000027084, -0.4607402830056859 
3.3900000000027295, -0.46045610728221964 
3.4000000000027506, -0.46016577205840636 
3.4100000000027717, -0.45985680666672135 
3.420000000002793, -0.4595221565463511 
3.430000000002814, -0.4591596722848176 
3.440000000002835, -0.4587708470179958 
3.450000000002856, -0.45835991842889623 
3.460000000002877, -0.45793390971492515 
3.4700000000028983, -0.457503747052034 
3.4800000000029194, -0.45708626877962544 
3.4900000000029405, -0.4567063887572099 
3.5000000000029616, -0.4563972859635407 
3.5100000000029827, -0.4561935780890817 
3.520000000003004, -0.45610850272801534 
3.530000000003025, -0.4560871655807427 
3.540000000003046, -0.45595069223710727 
3.550000000003067, -0.45540079582953386 
3.5600000000030882, -0.4541728840423529 
3.5700000000031094, -0.4522722178797359 
3.5800000000031305, -0.4500301588971686 
3.5900000000031516, -0.44788279342737314 
3.6000000000031727, -0.44612192423755 
3.6100000000031938, -0.44483049072070635 
3.620000000003215, -0.44395520531019744 
3.630000000003236, -0.4433946051878988 
3.640000000003257, -0.4430504135956923 
3.650000000003278, -0.4428458296521538 
3.6600000000032993, -0.44272684024586245 
3.6700000000033204, -0.4426577029108361 
3.6800000000033415, -0.44261576524970503 
3.6900000000033626, -0.4425874078673366 
3.7000000000033837, -0.44256547914379424 
3.710000000003405, -0.4425480894007565 
3.720000000003426, -0.44253838954198255 
3.730000000003447, -0.44254466376457513 
3.740000000003468, -0.4425797188997813 
3.750000000003489, -0.4426584691215159 
3.7600000000035103, -0.44279321308669317 
3.7700000000035314, -0.44298744642832766 
3.7800000000035525, -0.44323059114638197 
3.7900000000035736, -0.4434967600881322 
3.8000000000035947, -0.4437495329836745 
3.810000000003616, -0.44395144761143446 
3.820000000003637, -0.4440735295920092 
3.830000000003658, -0.44410003292680333 
3.840000000003679, -0.4440270805803609 
3.8500000000037002, -0.4438575345124768 
3.8600000000037213, -0.44359522516632605 
3.8700000000037424, -0.44324020563412364 
3.8800000000037635, -0.4427849867845001 
3.8900000000037847, -0.44221073769145136 
3.9000000000038058, -0.4414820630726496 
3.910000000003827, -0.4405389267599139 
3.920000000003848, -0.4392850238543039 
3.930000000003869, -0.43757539689259717 
3.94000000000389, -0.4352159992703313 
3.9500000000039113, -0.4320039724776403 
3.9600000000039324, -0.42783736831143326 
3.9700000000039535, -0.4228600778076844 
3.9800000000039746, -0.4175053827045055 
3.9900000000039957, -0.41233702583925275 
4.000000000004016, -0.40780321486119125 
4.010000000003993, -0.4041083315681247 
4.02000000000397, -0.40124650787763433 
4.030000000003946, -0.3991007540204166 
4.040000000003923, -0.39752436406827696 
4.0500000000039, -0.3963835125007092 
4.0600000000038765, -0.3955717872238137 
4.070000000003853, -0.3950109091894719 
4.08000000000383, -0.39464661828695574 
4.090000000003807, -0.3944439359613571 
4.100000000003783, -0.3943833612405769 
4.11000000000376, -0.3944583715668445 
4.120000000003737, -0.3946741246485243 
4.130000000003713, -0.39504700815558913 
4.14000000000369, -0.3956043729023393 
4.150000000003667, -0.3963832326934354 
4.1600000000036434, -0.3974258734980458 
4.17000000000362, -0.3987695073611961 
4.180000000003597, -0.4004275648014792 
4.1900000000035735, -0.40236448032430694 
4.20000000000355, -0.4044756450281173 
4.210000000003527, -0.4065934087642324 
4.220000000003504, -0.40853130986925146 
4.23000000000348, -0.41014644574066284 
4.240000000003457, -0.4113777520491692 
4.250000000003434, -0.4122394690471333 
4.26000000000341, -0.4127874585687302 
4.270000000003387, -0.4130864394275003 
4.280000000003364, -0.41319103436800503 
4.2900000000033405, -0.41313894829972025 
4.300000000003317, -0.41295037368786014 
4.310000000003294, -0.41262933481370745 
4.320000000003271, -0.41216525729752973 
4.330000000003247, -0.4115350754635668 
4.340000000003224, -0.41070774724936443 
4.350000000003201, -0.4096538940765283 
4.360000000003177, -0.4083618562662048 
4.370000000003154, -0.406855861597029 
4.380000000003131, -0.40520464924481614 
4.390000000003107, -0.4035094253790946 
4.400000000003084, -0.4018742754211764 
4.410000000003061, -0.400377080604028 
4.4200000000030375, -0.39905681736513604 
4.430000000003014, -0.3979182568460446 
4.440000000002991, -0.3969450470926247 
4.450000000002968, -0.3961126037160267 
4.460000000002944, -0.39539702082183037 
4.470000000002921, -0.3947798878022233 
4.480000000002898, -0.39425039416696744 
4.490000000002874, -0.393806257786236 
4.500000000002851, -0.39345466436643395 
4.510000000002828, -0.3932140205043506 
4.520000000002804, -0.3931170596567685 
4.530000000002781, -0.3932156452744619 
4.540000000002758, -0.39358723384794864 
4.5500000000027345, -0.39434183610157547 
4.560000000002711, -0.39562539564991595 
4.570000000002688, -0.3976094041190973 
4.580000000002665, -0.40044784121518084 
4.590000000002641, -0.40418148157689887 
4.600000000002618, -0.4086056953195748 
4.610000000002595, -0.4132095721531382 
4.620000000002571, -0.4173373834958517 
4.630000000002548, -0.42052506734814366 
4.640000000002525, -0.42269892293509237 
4.6500000000025015, -0.4240696587717429 
4.660000000002478, -0.4249114909505553 
4.670000000002455, -0.4254344455015239 
4.6800000000024315, -0.4257657648526091 
4.690000000002408, -0.42597442689082615 
4.700000000002385, -0.42609656812135716 
4.710000000002362, -0.42615129193084933 
4.720000000002338, -0.4261487516504405 
4.730000000002315, -0.42609402140477426 
4.740000000002292, -0.4259891819727161 
4.750000000002268, -0.425835015036611 
4.760000000002245, -0.4256330428813307 
4.770000000002222, -0.4253880708571005 
4.7800000000021985, -0.425110628106294 
4.790000000002175, -0.4248179213794526 
4.800000000002152, -0.42453183085445667 
4.810000000002129, -0.42427371515313794 
4.820000000002105, -0.4240578160103444 
4.830000000002082, -0.4238862774755564 
4.840000000002059, -0.4237482235007972 
4.850000000002035, -0.42362338934147725 
4.860000000002012, -0.42348856332916096 
4.870000000001989, -0.42332376963263174 
4.880000000001965, -0.4231156364286604 
4.890000000001942, -0.42285736273897045 
4.900000000001919, -0.42254647089863706 
4.9100000000018955, -0.4221819496846875 
4.920000000001872, -0.4217617364700218 
4.930000000001849, -0.42128060943368395 
4.940000000001826, -0.4207278833671566 
4.950000000001802, -0.420083699453279 
4.960000000001779, -0.41931187415442733 
4.970000000001756, -0.41834633026144913 
4.980000000001732, -0.41706891624811354 
4.990000000001709, -0.4152850558605783 
5.000000000001686, -0.4127292402857739 
5.0100000000016625, -0.409162206933859 
5.020000000001639, -0.4045770603245565 
5.030000000001616, -0.39935629260377425 
5.0400000000015925, -0.3941506770694163 
5.050000000001569, -0.389545198972683 
5.060000000001546, -0.3858325587858694 
5.070000000001523, -0.3830267506070094 
5.080000000001499, -0.3809919204637666 
5.090000000001476, -0.379553414679998 
5.100000000001453, -0.3785543342431973 
5.110000000001429, -0.377873006871314 
5.120000000001406, -0.37742225336095303 
5.130000000001383, -0.37714297077575976 
5.1400000000013595, -0.37699746222059904 
5.150000000001336, -0.37696426906136865 
5.160000000001313, -0.37703476367101574 
5.17000000000129, -0.3772112409863102 
5.180000000001266, -0.3775060285869056 
5.190000000001243, -0.37794088163414635 
5.20000000000122, -0.3785454946593639 
5.210000000001196, -0.3793533776803779 
5.220000000001173, -0.3803929583768446 
5.23000000000115, -0.38167255800113264 
5.240000000001126, -0.3831615209762209 
5.250000000001103, -0.3847768599806679 
5.26000000000108, -0.38639008972639516 
5.2700000000010565, -0.38786094173781394 
5.280000000001033, -0.38908211257526304 
5.29000000000101, -0.3900059459215643 
5.300000000000987, -0.3906397533238794 
5.310000000000963, -0.39102200950752997 
5.32000000000094, -0.3911985255144597 
5.330000000000917, -0.3912078156873486 
5.340000000000893, -0.3910749774306398 
5.35000000000087, -0.39081017788138694 
5.360000000000847, -0.3904087581229042 
5.3700000000008234, -0.3898518875247993 
5.3800000000008, -0.3891085590633516 
5.390000000000777, -0.3881413869299849 
5.4000000000007535, -0.38691933435464615 
5.41000000000073, -0.38543775221396537 
5.420000000000707, -0.383738134395906 
5.430000000000684, -0.3819121664392651 
5.44000000000066, -0.38008001004154085 
5.450000000000637, -0.3783530732938606 
5.460000000000614, -0.3768048784929391 
5.47000000000059, -0.37546394078725165 
5.480000000000567, -0.3743242024527616 
5.490000000000544, -0.3733610702342776 
5.5000000000005205, -0.37254477579363343 
5.510000000000497, -0.37184861174368466 
5.520000000000474, -0.3712529084116383 
5.5300000000004506, -0.3707465431803384 
5.540000000000427, -0.37032758571275953 
5.550000000000404, -0.370004215098268 
5.560000000000381, -0.36979665608962536 
5.570000000000357, -0.3697406403306127 
5.580000000000334, -0.36989267616769517 
5.590000000000311, -0.37033684948735246 
5.600000000000287, -0.3711912166760581 
5.610000000000264, -0.37260771728070324 
5.620000000000241, -0.3747515534071598 
5.6300000000002175, -0.3777370971663772 
5.640000000000194, -0.3815065307699987 
5.650000000000171, -0.38570304709546105 
5.660000000000148, -0.3896975562168994 
5.670000000000124, -0.39288075736045963 
5.680000000000101, -0.39500610585876267 
5.690000000000078, -0.3962292135066 
5.700000000000054, -0.3968704372148544 
5.710000000000031, -0.3972012253201985 
5.720000000000008, -0.3973824664098611 
5.729999999999984, -0.3974905981438545 
5.739999999999961, -0.39755651502029765 
5.749999999999938, -0.3975910520704378 
5.7599999999999145, -0.39759742718705504 
5.769999999999891, -0.3975763337754928 
5.779999999999868, -0.3975278495523783 
5.789999999999845, -0.3974523702732163 
5.799999999999821, -0.3973516001606092 
5.809999999999798, -0.3972299609250827 
5.819999999999775, -0.3970962163965478 
5.829999999999751, -0.3969644980520012 
5.839999999999728, -0.3968535136559953 
5.849999999999705, -0.3967830500640003 
5.8599999999996815, -0.39676813134075056 
5.869999999999658, -0.3968127509343951 
5.879999999999635, -0.3969059850048498 
5.8899999999996115, -0.3970228810399124 
5.899999999999588, -0.3971305730986644 
5.909999999999565, -0.39719715119250454 
5.919999999999542, -0.3971989491916606 
5.929999999999518, -0.397123075527133 
5.939999999999495, -0.3969652236693909 
5.949999999999472, -0.3967250553098366 
5.959999999999448, -0.3964013627697034 
5.969999999999425, -0.3959878388864809 
5.979999999999402, -0.395469012705806 
5.9899999999993785, -0.39481520343903237 
5.999999999999355, -0.3939750976357604 
6.009999999999332, -0.3928650024830009 
6.019999999999309, -0.3913564643739905 
6.029999999999285, -0.3892719837411657 
6.039999999999262, -0.386413303665962 
6.049999999999239, -0.38265264115252595 
6.059999999999215, -0.3780712947933844 
6.069999999999192, -0.3730306768250206 
6.079999999999169, -0.36805622800388116 
6.089999999999145, -0.3636038228313615 
6.099999999999122, -0.35990919649199343 
6.109999999999099, -0.3569974844172371 
6.1199999999990755, -0.3547734156635582 
6.129999999999052, -0.35310370721688494 
6.139999999999029, -0.35186289848921753 
6.149999999999006, -0.35095036282158143 
6.159999999998982, -0.35029250480226964 
6.169999999998959, -0.34983954046652954 
6.179999999998936, -0.34956143169199116 
6.189999999998912, -0.34944475798314484 
6.199999999998889, -0.3494910488012575 
6.209999999998866, -0.34971660278898586 
6.2199999999988425, -0.350153565386119 
6.229999999998819, -0.35085166172454646 
6.239999999998796, -0.3518791356046655 
6.2499999999987725, -0.35331973977388503 
6.259999999998749, -0.3552599692968262 
6.269999999998726, -0.35775871331734377 
6.279999999998703, -0.3607960169505255 
6.289999999998679, -0.36421812603754733 
6.299999999998656, -0.36772780966269064 
6.309999999998633, -0.370966554237284 
6.319999999998609, -0.37365615165899746 
6.329999999998586, -0.3756904547102086 
6.339999999998563, -0.3771170885844307 
6.3499999999985395, -0.37805782295282025 
6.359999999998516, -0.37864035025662257 
6.369999999998493, -0.37896673441426587 
6.37999999999847, -0.37910785813264053 
6.389999999998446, -0.3791082993506074 
6.399999999998423, -0.37899295908805264 
6.4099999999984, -0.37877263635172637 
6.419999999998376, -0.3784485801018955 
6.429999999998353, -0.3780170668290959 
6.43999999999833, -0.37747509265497126 
6.449999999998306, -0.3768273232632667 
6.459999999998283, -0.376092432074363 
6.46999999999826, -0.37530504697813816 
6.4799999999982365, -0.37451030519637013 
6.489999999998213, -0.3737524392669335 
6.49999999999819, -0.37306323829905697 
6.509999999998167, -0.37245604637765417 
6.519999999998143, -0.37192679908233167 
6.52999999999812, -0.37145981068386263 
6.539999999998097, -0.37103487451765405 
6.549999999998073, -0.370633003654961 
6.55999999999805, -0.3702395962565885 
6.569999999998027, -0.3698451991557915 
6.5799999999980034, -0.3694448461237862 
6.58999999999798, -0.36903700983400156 
6.599999999997957, -0.3686228046847773 
6.6099999999979335, -0.3682055595287435 
6.61999999999791, -0.367790321245241 
6.629999999997887, -0.3673819844740119 
6.639999999997864, -0.36697905487498966 
6.64999999999784, -0.3665572465473459 
6.659999999997817, -0.36603517947890707 
6.669999999997794, -0.36522311523475365 
6.67999999999777, -0.36379465323088445 
6.689999999997747, -0.36138190899339756 
6.699999999997724, -0.35784928524782766 
6.7099999999977005, -0.35353233426991204 
6.719999999997677, -0.3491064474669652 
6.729999999997654, -0.34518154458273076 
6.7399999999976306, -0.34204917954643427 
6.749999999997607, -0.3397158713834209 
6.759999999997584, -0.33804843802229717 
6.769999999997561, -0.33688534527156194 
6.779999999997537, -0.33608739558354844 
6.789999999997514, -0.335550473561717 
6.799999999997491, -0.33520263984340687 
6.809999999997467, -0.33499729996774386 
6.819999999997444, -0.334906977117921 
6.829999999997421, -0.33491891148833874 
6.8399999999973975, -0.3350324958340315 
6.849999999997374, -0.33525816340686887 
6.859999999997351, -0.33561712659237253 
6.869999999997328, -0.336141016284483 
6.879999999997304, -0.3368698645392118 
6.889999999997281, -0.3378460788508802 
6.899999999997258, -0.3391016414951325 
6.909999999997234, -0.3406373809415901 
6.919999999997211, -0.3423993895107228 
6.929999999997188, -0.3442680174129521 
6.939999999997164, -0.34607834657717845 
6.949999999997141, -0.34767197157065566 
6.959999999997118, -0.3489487635733667 
6.9699999999970945, -0.3498839809898705 
6.979999999997071, -0.3505086142507222 
6.989999999997048, -0.350877163282149 
6.999999999997025, -0.35104332019200096 
7.009999999997001, -0.3510483071881069 
7.019999999996978, -0.3509177939671793 
7.029999999996955, -0.3506626052758534 
7.039999999996931, -0.35028064550940946 
7.049999999996908, -0.3497596392545748 
7.059999999996885, -0.3490817750985697 
7.0699999999968615, -0.348231878025155 
7.079999999996838, -0.34720938493906217 
7.089999999996815, -0.34604037343725824 
7.0999999999967915, -0.34478152902805825 
7.109999999996768, -0.343509541995515 
7.119999999996745, -0.3422994478052916 
7.129999999996722, -0.3412045319308997 
7.139999999996698, -0.3402480836502159 
7.149999999996675, -0.3394273323943562 
7.159999999996652, -0.3387234093144949 
7.169999999996628, -0.33811138191204515 
7.179999999996605, -0.33756741231389553 
7.189999999996582, -0.33707257674737856 
7.1999999999965585, -0.3366141620916547 
7.209999999996535, -0.3361856400441078 
7.219999999996512, -0.3357863714748486 
7.229999999996489, -0.3354217189868807 
7.239999999996465, -0.3351038374035421 
7.249999999996442, -0.3348529328156168 
7.259999999996419, -0.3346978819028251 
7.269999999996395, -0.33467305477195197 
7.279999999996372, -0.3348040794467618 
7.289999999996349, -0.3350699781706545 
7.299999999996325, -0.33533221756156306 
7.309999999996302, -0.3352603651916434 
7.319999999996279, -0.33437305716512766 
7.3299999999962555, -0.3323208187170702 
7.339999999996232, -0.3292397791101336 
7.349999999996209, -0.32573239559084727 
7.359999999996186, -0.3224506185371461 
7.369999999996162, -0.3197634637459029 
7.379999999996139, -0.3177414145315359 
7.389999999996116, -0.3162938501380492 
7.399999999996092, -0.3152866050954281 
7.409999999996069, -0.3145986671513436 
7.419999999996046, -0.3141384631647225 
7.4299999999960225, -0.31384290748805943 
7.439999999995999, -0.3136717455139105 
7.449999999995976, -0.3136021185020971 
7.4599999999959525, -0.31362474748449315 
7.469999999995929, -0.3137418264766927 
7.479999999995906, -0.3139662744018002 
7.489999999995883, -0.3143217389837071 
7.499999999995859, -0.31484235740226285 
7.509999999995836, -0.315570628978435 
7.519999999995813, -0.3165509255977178 
7.529999999995789, -0.3178157775628674 
7.539999999995766, -0.31936395865099104 
7.549999999995743, -0.3211363295753663 
7.5599999999957195, -0.32300635676192624 
7.569999999995696, -0.3248044833026799 
7.579999999995673, -0.3263732918597396 
7.58999999999565, -0.3276185913593438 
7.599999999995626, -0.3285225503537377 
7.609999999995603, -0.32912075009705866 
7.61999999999558, -0.3294693317766292 
7.629999999995556, -0.3296217058936956 
7.639999999995533, -0.3296181039352564 
7.64999999999551, -0.32948332332395436 
7.659999999995486, -0.32922796126461135 
7.669999999995463, -0.328850820563342 
7.67999999999544, -0.32834226300191377 
7.6899999999954165, -0.3276895301032035 
7.699999999995393, -0.32688513213498444 
7.70999999999537, -0.32593756688104086 
7.719999999995347, -0.32487989930724026 
7.729999999995323, -0.32376926024873437 
7.7399999999953, -0.3226740647662786 
7.749999999995277, -0.32165479833868643 
7.759999999995253, -0.32074928088891425 
7.76999999999523, -0.319968795628926 
7.779999999995207, -0.3193034385566594 
7.789999999995183, -0.31873129078339646 
7.79999999999516, -0.31822697521864113 
7.809999999995137, -0.31776748934320864 
7.8199999999951135, -0.31733500455058034 
7.82999999999509, -0.31691734714645325 
7.839999999995067, -0.3165072308350938 
7.849999999995044, -0.3161011358052592 
7.85999999999502, -0.315698266612629 
7.869999999994997, -0.315299448046721 
7.879999999994974, -0.314905056095615 
7.88999999999495, -0.3145097558946407 
7.899999999994927, -0.3140894763567854 
7.909999999994904, -0.31357333692405687 
7.9199999999948805, -0.31279595861448806 
7.929999999994857, -0.31145104799853823 
7.939999999994834, -0.30912961435481584 
7.9499999999948106, -0.3055509942316607 
7.959999999994787, -0.30089096433447476 
7.969999999994764, -0.2958169668363917 
7.979999999994741, -0.2910927619014681 
7.989999999994717, -0.28718191085780365 
7.999999999994694, -0.28418480206835955 
8.00999999999467, -0.28198838366821277 
8.019999999994647, -0.2804153732222209 
8.029999999994624, -0.27930198262061395 
8.0399999999946, -0.278522236890981 
8.049999999994577, -0.2779881088611448 
8.059999999994554, -0.2776425653268667 
8.06999999999453, -0.2774525422591583 
8.079999999994508, -0.27740397061353017 
8.089999999994484, -0.27749914999054137 
8.099999999994461, -0.27775622555851387 
8.109999999994438, -0.2782103234244688 
8.119999999994414, -0.27891552846064244 
8.129999999994391, -0.27994591111260125 
8.139999999994368, -0.2813917474659926 
8.149999999994344, -0.2833438694072106 
8.159999999994321, -0.28585706760229457 
8.169999999994298, -0.2888908856742246 
8.179999999994275, -0.29225410530561924 
8.189999999994251, -0.295614257239024 
8.199999999994228, -0.29861133460845884 
8.209999999994205, -0.3010086403755402 
8.219999999994181, -0.30275681215617706 
8.229999999994158, -0.303942740337957 
8.239999999994135, -0.3047009897772621 
8.249999999994111, -0.30515480599457145 
8.259999999994088, -0.30539578641557524 
8.269999999994065, -0.30548481249801995 
8.279999999994041, -0.30545941004341354 
8.289999999994018, -0.3053410604777779 
8.299999999993995, -0.305141054251916 
8.309999999993972, -0.30486539391517703 
8.319999999993948, -0.30451955151838916 
8.329999999993925, -0.3041133043188604 
8.339999999993902, -0.3036647115139654 
8.349999999993878, -0.3032012389901768 
8.359999999993855, -0.30275634797527295 
8.369999999993832, -0.30236207180223723 
8.379999999993808, -0.3020406306857616 
8.389999999993785, -0.3017986842154787 
8.399999999993762, -0.3016262552258989 
8.409999999993738, -0.301500352069063 
8.419999999993715, -0.3013917636554925 
8.429999999993692, -0.30127237421956077 
8.439999999993669, -0.3011201877544022 
8.449999999993645, -0.30092061019317673 
8.459999999993622, -0.3006645000388454 
8.469999999993599, -0.30034451526284434 
8.479999999993575, -0.2999509405867037 
8.489999999993552, -0.2994671997831662 
8.499999999993529, -0.29886438988604724 
8.509999999993505, -0.2980937631860558 
8.519999999993482, -0.29707659687911375 
8.529999999993459, -0.2956938232607762 
8.539999999993436, -0.29378586287928055 
8.549999999993412, -0.29118583007653603 
8.559999999993389, -0.2878089131051585 
8.569999999993366, -0.2837700118510168 
8.579999999993342, -0.2794186734354596 
8.589999999993319, -0.2752084507203202 
8.599999999993296, -0.271495980823529 
8.609999999993272, -0.26843907866987377 
8.619999999993249, -0.2660279522435077 
8.629999999993226, -0.2641674709858135 
8.639999999993202, -0.2627424333367783 
8.64999999999318, -0.26165054139481336 
8.659999999993156, -0.26081311591518347 
8.669999999993133, -0.26017542426361906 
8.67999999999311, -0.2597038150279054 
8.689999999993086, -0.2593830174075721 
8.699999999993063, -0.25921497407932814 
8.70999999999304, -0.25921978325850464 
8.719999999993016, -0.25943907115728526 
8.729999999992993, -0.25994188118500033 
8.73999999999297, -0.26083227762685934 
8.749999999992946, -0.2622550139128978 
8.759999999992923, -0.2643885263111464 
8.7699999999929, -0.2674017321325707 
8.779999999992876, -0.2713423457293257 
8.789999999992853, -0.2759620691194949 
8.79999999999283, -0.28061925099954926 
8.809999999992806, -0.2844998950604102 
8.819999999992783, -0.28710383922830346 
8.82999999999276, -0.2884924080396484 
8.839999999992736, -0.2890630911352595 
8.849999999992713, -0.2892118441487198 
8.85999999999269, -0.2891891309532609 
8.869999999992666, -0.28911583998711765 
8.879999999992643, -0.2890388398608195 
8.88999999999262, -0.28897190161014524 
8.899999999992596, -0.28891694997586986 
8.909999999992573, -0.28887331074269984 
8.91999999999255, -0.2888414061709531 
8.929999999992527, -0.28882439551571243 
8.939999999992503, -0.2888293270851587 
8.94999999999248, -0.2888683146247603 
8.959999999992457, -0.2889595856438346 
8.969999999992433, -0.28912771566995515 
8.97999999999241, -0.2894019715179616 
8.989999999992387, -0.2898116051825269 
8.999999999992363, -0.29037739412246716 
9.00999999999234, -0.2911001427993402 
9.019999999992317, -0.2919498193915103 
9.029999999992294, -0.29286258661421993 
9.03999999999227, -0.2937525861797821 
9.049999999992247, -0.2945364304591084 
9.059999999992224, -0.2951568242493715 
9.0699999999922, -0.2955915010282078 
9.079999999992177, -0.2958460704105676 
9.089999999992154, -0.29593980101097805 
9.09999999999213, -0.29589311500158344 
9.109999999992107, -0.29571993557777876 
9.119999999992084, -0.2954240333326034 
9.12999999999206, -0.2949976967942528 
9.139999999992037, -0.2944220229617271 
9.149999999992014, -0.29366967513214337 
9.15999999999199, -0.2927123053836254 
9.169999999991967, -0.2915345423821728 
9.179999999991944, -0.2901522267731954 
9.18999999999192, -0.2886248174454336 
9.199999999991897, -0.28704878521913746 
9.209999999991874, -0.28553010822828395 
9.21999999999185, -0.2841520091505315 
9.229999999991827, -0.2829573321787017 
9.239999999991804, -0.2819504776241084 
9.24999999999178, -0.28111043572874916 
9.259999999991757, -0.28040497286904675 
9.269999999991734, -0.27980096866272064 
9.27999999999171, -0.2792701399383482 
9.289999999991688, -0.278791211181041 
9.299999999991664, -0.27834996929540756 
9.309999999991641, -0.2779384307196471 
9.319999999991618, -0.27755391399742996 
9.329999999991594, -0.27719829925414935 
9.339999999991571, -0.2768771514094913 
9.349999999991548, -0.27659741770777535 
9.359999999991524, -0.27636051179360244 
9.369999999991501, -0.2761442010966894 
9.379999999991478, -0.27586328058889953 
9.389999999991455, -0.2753056599867143 
9.399999999991431, -0.27408330712593976 
9.409999999991408, -0.27172203371294673 
9.419999999991385, -0.26799282365721006 
9.429999999991361, -0.26324789660503123 
9.439999999991338, -0.25829165228931716 
9.449999999991315, -0.25386462014919026 
9.459999999991291, -0.250316351663381 
9.469999999991268, -0.24765333614005444 
9.479999999991245, -0.24572285344905645 
9.489999999991221, -0.24434538621222726 
9.499999999991198, -0.24337041633939918 
9.509999999991175, -0.2426883287060057 
9.519999999991152, -0.24222592904442952 
9.529999999991128, -0.24193875867609566 
9.539999999991105, -0.24180486165706508 
9.549999999991082, -0.24182113410230027 
9.559999999991058, -0.24200226300787037 
9.569999999991035, -0.24238198444729978 
9.579999999991012, -0.2430161703820764 
9.589999999990988, -0.24398651275522557 
9.599999999990965, -0.24540155943330744 
9.609999999990942, -0.24738765716713731 
9.619999999990918, -0.2500564706798513 
9.629999999990895, -0.25343544500524895 
9.639999999990872, -0.25737279719477957 
9.649999999990849, -0.2614905525556773 
9.659999999990825, -0.26528805298112174 
9.669999999990802, -0.2683717396771951 
9.679999999990779, -0.2706134201761691 
9.689999999990755, -0.2721128875887863 
9.699999999990732, -0.2730602920813194 
9.709999999990709, -0.273633164195871 
9.719999999990685, -0.27396072691696555 
9.729999999990662, -0.27412652739887233 
9.739999999990639, -0.2741815855345062 
9.749999999990616, -0.27415630985949335 
9.759999999990592, -0.2740689199165241 
9.769999999990569, -0.2739312430409599 
9.779999999990546, -0.2737531296847703 
9.789999999990522, -0.273546221900765 
9.799999999990499, -0.27332699683995726 
9.809999999990476, -0.27311820086803407 
9.819999999990452, -0.2729475132432474 
9.829999999990429, -0.27284298459077017 
9.839999999990406, -0.2728261783216437 
9.849999999990382, -0.2729050671528314 
9.85999999999036, -0.2730691727474646 
9.869999999990336, -0.2732893991168238 
9.879999999990313, -0.2735239990111511 
9.88999999999029, -0.27372921004425377 
9.899999999990266, -0.2738697395149768 
9.909999999990243, -0.2739240569288621 
9.91999999999022, -0.2738831092455704 
9.929999999990196, -0.2737448809464196 
9.939999999990173, -0.27350804262369416 
9.94999999999015, -0.27316643766436755 
9.959999999990126, -0.2727045370610836 
9.969999999990103, -0.2720934181492465 
9.97999999999008, -0.2712874883377391 
9.989999999990056, -0.27022419618415733 
9.999999999990033, -0.26883221799113716 
10.00999999999001, -0.26705554459826997 
10.019999999989986, -0.26489412500402293 
10.029999999989963, -0.26244070296650657 
10.03999999998994, -0.2598761818793775 
10.049999999989916, -0.257409643095735 
10.059999999989893, -0.2552029554847618 
10.06999999998987, -0.25333291240437744 
10.079999999989846, -0.2518010813236372 
10.089999999989823, -0.2505654234628086 
10.0999999999898, -0.24956901674434637 
10.109999999989776, -0.24875740366823754 
10.119999999989753, -0.24808624512393793 
10.12999999998973, -0.24752332177541292 
10.139999999989707, -0.247048065981671 
10.149999999989683, -0.24665054727046995 
10.15999999998966, -0.2463309338921847 
10.169999999989637, -0.24609988541796435 
10.179999999989613, -0.24597986059681762 
10.18999999998959, -0.24600652670959255 
10.199999999989567, -0.2462275050138066 
10.209999999989543, -0.24669117821622297 
10.21999999998952, -0.24741037050373754 
10.229999999989497, -0.2482809772447038 
10.239999999989474, -0.24896536624004342 
10.24999999998945, -0.24886278437646867 
10.259999999989427, -0.24738880211163208 
10.269999999989404, -0.2444942756519705 
10.27999999998938, -0.2408136723757726 
10.289999999989357, -0.23717987830622267 
10.299999999989334, -0.23411940301637263 
10.30999999998931, -0.231773621590444 
10.319999999989287, -0.23006486412939936 
10.329999999989264, -0.2288508349105228 
10.33999999998924, -0.22799968984467642 
10.349999999989217, -0.22741197179788894 
10.359999999989194, -0.22702046303395657 
10.36999999998917, -0.22678425832702281 
10.379999999989147, -0.22668323146498248 
10.389999999989124, -0.22671462050613012 
10.3999999999891, -0.2268919350175577 
10.409999999989077, -0.22724595012263943 
10.419999999989054, -0.22782727718097712 
10.42999999998903, -0.22870930476141452 
10.439999999989007, -0.22998853512060036 
10.449999999988984, -0.23177579928526063 
10.45999999998896, -0.2341671455385502 
10.469999999988937, -0.23718373272823304 
10.479999999988914, -0.24069202648741012 
10.48999999998889, -0.24436613027639326 
10.499999999988868, -0.24777490519172587 
10.509999999988844, -0.2505728524795934 
10.519999999988821, -0.25263519501364506 
10.529999999988798, -0.25403393273251085 
10.539999999988774, -0.25492648050162403 
10.549999999988751, -0.2554668265558568 
10.559999999988728, -0.25577095914730197 
10.569999999988704, -0.2559159508743894 
10.579999999988681, -0.25594984861777303 
10.589999999988658, -0.2559017039479326 
10.599999999988635, -0.25578917256665784 
10.609999999988611, -0.25562410833920557 
10.619999999988588, -0.255417080311356 
10.629999999988565, -0.25518128852748817 
10.639999999988541, -0.25493553285337445 
10.649999999988518, -0.25470515168856556 
10.659999999988495, -0.2545198321582609 
10.669999999988471, -0.2544082208065731 
10.679999999988448, -0.2543907026333181 
10.689999999988425, -0.25447256525424977 
10.699999999988401, -0.25463992373994654 
10.709999999988378, -0.2548606383366249 
10.719999999988355, -0.2550912963629827 
10.729999999988332, -0.25528825224415896 
10.739999999988308, -0.2554176145649654 
10.749999999988285, -0.25545951218270274 
10.759999999988262, -0.2554059501810594 
10.769999999988238, -0.25525503207414896 
10.779999999988215, -0.25500467158687395 
10.789999999988192, -0.25464728872459913 
10.799999999988168, -0.2541655283347386 
10.809999999988145, -0.2535287341432325 
10.819999999988122, -0.2526908774945674 
10.829999999988098, -0.25159286635259526 
10.839999999988075, -0.2501748914219521 
10.849999999988052, -0.2484039660087775 
10.859999999988029, -0.24631115510631513 
10.869999999988005, -0.24401317669716546 
10.879999999987982, -0.24168888578794334 
10.889999999987959, -0.23951596200963615 
10.899999999987935, -0.23761283776123202 
10.909999999987912, -0.23602144491137503 
10.919999999987889, -0.23472543584282163 
10.929999999987865, -0.2336788463916757 
10.939999999987842, -0.23282843175933793 
10.949999999987819, -0.23212603630252387 
10.959999999987796, -0.23153353028547943 
10.969999999987772, -0.23102362721977515 
10.979999999987749, -0.23057896051191787 
10.989999999987726, -0.2301908134798072 
10.999999999987702, -0.22985817071328762 
11.009999999987679, -0.22958717844322013 
11.019999999987656, -0.22939039255509747 
11.029999999987632, -0.22928382949039877 
11.039999999987609, -0.22927693226473736 
11.049999999987586, -0.22934546488351396 
11.059999999987562, -0.22937350067388382 
11.06999999998754, -0.2290670236358166 
11.079999999987516, -0.2279170991356001 
11.089999999987493, -0.2253944611517867 
11.09999999998747, -0.22141096130998736 
11.109999999987446, -0.21657498912270384 
11.119999999987423, -0.21180593976852108 
11.1299999999874, -0.20775227421835812 
11.139999999987376, -0.20461458598453555 
11.149999999987353, -0.20230700785960737 
11.15999999998733, -0.20064904496267633 
11.169999999987306, -0.19946808587568235 
11.179999999987283, -0.19863178112236288 
11.18999999998726, -0.19804926513026838 
11.199999999987236, -0.1976636460782105 
11.209999999987213, -0.1974445910951413 
11.21999999998719, -0.19738357409608423 
11.229999999987166, -0.1974922137643325 
11.239999999987143, -0.1978036212180872 
11.24999999998712, -0.19837655222989567 
11.259999999987096, -0.1993016335652781 
11.269999999987073, -0.2007069741927284 
11.27999999998705, -0.20275531849994458 
11.289999999987026, -0.20561500234452956 
11.299999999987003, -0.20937773584711353 
11.30999999998698, -0.21391615839084968 
11.319999999986956, -0.21876759159787657 
11.329999999986933, -0.22323390254659609 
11.33999999998691, -0.22673835490720656 
11.349999999986887, -0.22911591323705421 
11.359999999986863, -0.23055791271363116 
11.36999999998684, -0.23136987501781622 
11.379999999986817, -0.23180580736016587 
11.389999999986793, -0.23202914139335823 
11.39999999998677, -0.23213288338341762 
11.409999999986747, -0.2321675600772231 
11.419999999986723, -0.23216099826891531 
11.4299999999867, -0.23212990724850444 
11.439999999986677, -0.23208645028934577 
11.449999999986654, -0.23204233048516665 
11.45999999998663, -0.23201177540768506 
11.469999999986607, -0.2320138664850266 
11.479999999986584, -0.23207392121673937 
11.48999999998656, -0.23222312250307642 
11.499999999986537, -0.23249540508158847 
11.509999999986514, -0.23292079515803693 
11.51999999998649, -0.233515085063933 
11.529999999986467, -0.23426760240961703 
11.539999999986444, -0.2351324903149697 
11.54999999998642, -0.23603186486455274 
11.559999999986397, -0.23687512222469187 
11.569999999986374, -0.2375862461115633 
11.57999999998635, -0.2381225592717246 
11.589999999986327, -0.23847557062709468 
11.599999999986304, -0.23865886368911404 
11.60999999998628, -0.23869366528781763 
11.619999999986257, -0.23859858772562834 
11.629999999986234, -0.23838442413965472 
11.63999999998621, -0.2380524791880624 
11.649999999986187, -0.2375951988410935 
11.659999999986164, -0.2369990955909768 
11.66999999998614, -0.23625094840566527 
11.679999999986117, -0.2353478789843507 
11.689999999986094, -0.2343090600355855 
11.69999999998607, -0.2331823930849395 
11.709999999986048, -0.23203858908866204 
11.719999999986024, -0.23095248390313308 
11.729999999986001, -0.22998183030934513 
11.739999999985978, -0.22915533925454845 
11.749999999985954, -0.2284732158655997 
11.759999999985931, -0.22791545826824294 
11.769999999985908, -0.22745192936999822 
11.779999999985884, -0.227050703849559 
11.789999999985861, -0.22668341887384186 
11.799999999985838, -0.22632751415383684 
11.809999999985815, -0.22596591196716562 
11.819999999985791, -0.22558500679091922 
11.829999999985768, -0.22517166541771028 
11.839999999985745, -0.2247093521491553 
11.849999999985721, -0.22417270306214312 
11.859999999985698, -0.22351904620765314 
11.869999999985675, -0.2226748984077346 
11.879999999985651, -0.22151706705505853 
11.889999999985628, -0.2198563631861862 
11.899999999985605, -0.21745284672963322 
11.909999999985581, -0.21411173796317465 
11.919999999985558, -0.20986380469243504 
11.929999999985535, -0.20508446809114958 
11.939999999985512, -0.20036126495856696 
11.949999999985488, -0.19619188289470155 
11.959999999985465, -0.19280284702237108 
11.969999999985442, -0.19018364957792108 
11.979999999985418, -0.1882077399184377 
11.989999999985395, -0.18672603473131139 
11.999999999985372, -0.185610264712893 
12.009999999985348, -0.18476438616169139 
12.019999999985325, -0.1841226733948518 
12.029999999985302, -0.18364452916592125 
12.039999999985278, -0.18331008718072217 
12.049999999985255, -0.18311795714727605 
12.059999999985232, -0.18308550705363735 
12.069999999985209, -0.18325177143602805 
12.079999999985185, -0.1836826131583589 
12.089999999985162, -0.18447604848501709 
12.099999999985139, -0.18576048621679764 
12.109999999985115, -0.18766672994952557 
12.119999999985092, -0.19023764613803507 
12.129999999985069, -0.19324956806527216 
12.139999999985045, -0.19604530711110274 
12.149999999985022, -0.19770280714929933 
12.159999999984999, -0.1976822309837513 
12.169999999984976, -0.19628456064916208 
12.179999999984952, -0.19429602361640638 
12.189999999984929, -0.192364520018371 
12.199999999984906, -0.1907807904811945 
12.209999999984882, -0.18958660666971655 
12.219999999984859, -0.18872274871849168 
12.229999999984836, -0.18811241527256797 
12.239999999984812, -0.18769217316968495 
12.249999999984789, -0.18741852931015954 
12.259999999984766, -0.18726656005325565 
12.269999999984742, -0.18722741934818593 
12.27999999998472, -0.18730701090818883 
12.289999999984696, -0.18752640902130985 
12.299999999984673, -0.18792399791869596 
12.30999999998465, -0.18855881975577013 
12.319999999984626, -0.18951358903646226 
12.329999999984603, -0.19089343268794595 
12.33999999998458, -0.19281196254920258 
12.349999999984556, -0.19535162142768242 
12.359999999984533, -0.19849076652997227 
12.36999999998451, -0.20202513337121233 
12.379999999984486, -0.20556716062158156 
12.389999999984463, -0.20868889507268262 
12.39999999998444, -0.21112115555371927 
12.409999999984416, -0.212831132393908 
12.419999999984393, -0.21394440917588478 
12.42999999998437, -0.21462840751085172 
12.439999999984346, -0.21502471992968078 
12.449999999984323, -0.21523241724551453 
12.4599999999843, -0.2153147888601777 
12.469999999984276, -0.21531078771165668 
12.479999999984253, -0.21524457150182083 
12.48999999998423, -0.21513238956408487 
12.499999999984206, -0.2149876777934714 
12.509999999984183, -0.21482512733226936 
12.51999999998416, -0.2146638369471007 
12.529999999984136, -0.21452894347967 
12.539999999984113, -0.21445079593360067 
12.54999999998409, -0.21446111731457695 
12.559999999984067, -0.2145864669001123 
12.569999999984043, -0.21484013356355308 
12.57999999998402, -0.21521442884141945 
12.589999999983997, -0.21567671407057903 
12.599999999983973, -0.21617326783065902 
12.60999999998395, -0.21664223178351608 
12.619999999983927, -0.21703033240722883 
12.629999999983903, -0.21730427015444662 
12.63999999998388, -0.21745175126836097 
12.649999999983857, -0.21747462423455355 
12.659999999983834, -0.21737985740745774 
12.66999999998381, -0.21717227395272715 
12.679999999983787, -0.2168500180047499 
12.689999999983764, -0.2164023317817819 
12.69999999998374, -0.2158095067025691 
12.709999999983717, -0.21504603604799355 
12.719999999983694, -0.2140889816798417 
12.72999999998367, -0.21293253616117305 
12.739999999983647, -0.2116046798889768 
12.749999999983624, -0.21017468418712312 
12.7599999999836, -0.20874045977024563 
12.769999999983577, -0.20739891326385199 
12.779999999983554, -0.2062176655261061 
12.78999999998353, -0.20522386979551693 
12.799999999983507, -0.20441019361817764 
12.809999999983484, -0.20374829869832906 
12.81999999998346, -0.20320158806279554 
12.829999999983437, -0.2027340068950577 
12.839999999983414, -0.2023147455593523 
12.84999999998339, -0.20191966781182327 
12.859999999983367, -0.201530467003992 
12.869999999983344, -0.20113244811966674 
12.87999999998332, -0.20071144181608816 
12.889999999983297, -0.20024970280504323 
12.899999999983274, -0.19971980403642225 
12.90999999998325, -0.19907459290173754 
12.919999999983228, -0.19823077080826618 
12.929999999983204, -0.19704607184837064 
12.939999999983181, -0.19530189403651274 
12.949999999983158, -0.19273079707334956 
12.959999999983134, -0.18914654883582155 
12.969999999983111, -0.1846542791007221 
12.979999999983088, -0.17973469570865086 
12.989999999983064, -0.17502547369966176 
12.999999999983041, -0.17098970292337118 
13.009999999983018, -0.16778478777128514 
13.019999999982995, -0.16534734404167686 
13.029999999982971, -0.16352633527745405 
13.039999999982948, -0.1621674945890948 
13.049999999982925, -0.16114609884625808 
13.059999999982901, -0.16037219454987792 
13.069999999982878, -0.15978609163822238 
13.079999999982855, -0.15935245933811354 
13.089999999982831, -0.15905601922639578 
13.099999999982808, -0.15889966848996842 
13.109999999982785, -0.15890516415668743 
13.119999999982761, -0.15911614017785444 
13.129999999982738, -0.15960225891066782 
13.139999999982715, -0.16046013260798958 
13.149999999982692, -0.1617983929246007 
13.159999999982668, -0.1636788026238193 
13.169999999982645, -0.16597643630576847 
13.179999999982622, -0.16818664003943304 
13.189999999982598, -0.16942377512766638 
13.199999999982575, -0.16894237654282468 
13.209999999982552, -0.16682888253802217 
13.219999999982528, -0.16392242954127295 
13.229999999982505, -0.16107915275288398 
13.239999999982482, -0.15873362859494458 
13.249999999982458, -0.1569608559133624 
13.259999999982435, -0.15567582729934043 
13.269999999982412, -0.15476208582586407 
13.279999999982389, -0.15412168416282282 
13.289999999982365, -0.15368586041030205 
13.299999999982342, -0.15341257276158224 
13.309999999982319, -0.15328199068108814 
13.319999999982295, -0.1532936061443661 
13.329999999982272, -0.15346591976641788 
13.339999999982249, -0.1538388786619921 
13.349999999982225, -0.15447892116923082 
13.359999999982202, -0.15548564076118845 
13.369999999982179, -0.15699639954770406 
13.379999999982156, -0.15917862365928548 
13.389999999982132, -0.16218817291864868 
13.399999999982109, -0.1660667505157869 
13.409999999982086, -0.17059111912282648 
13.419999999982062, -0.17520457970948186 
13.429999999982039, -0.17921579561306006 
13.439999999982016, -0.1821812724786886 
13.449999999981992, -0.18408538037373115 
13.459999999981969, -0.18518444496352332 
13.469999999981946, -0.18577263112590597 
13.479999999981922, -0.1860675548840459 
13.4899999999819, -0.18620146241068908 
13.499999999981876, -0.18624782573771764 
13.509999999981853, -0.18624676436593016 
13.51999999998183, -0.18622150015533737 
13.529999999981806, -0.18618785884531064 
13.539999999981783, -0.18615989111855066 
13.54999999998176, -0.18615365444866602 
13.559999999981736, -0.18619011095037483 
13.569999999981713, -0.186297249677265 
13.57999999998169, -0.1865108883288323 
13.589999999981666, -0.18687310462019263 
13.599999999981643, -0.18742682860560775 
13.60999999998162, -0.18820494108724498 
13.619999999981596, -0.18921342734446403 
13.629999999981573, -0.19041298469024723 
13.63999999998155, -0.19171151385493607 
13.649999999981526, -0.1929817016445399 
13.659999999981503, -0.19410173407434517 
13.66999999998148, -0.1949939942539888 
13.679999999981456, -0.19563680497177477 
13.689999999981433, -0.1960494757584072 
13.69999999998141, -0.1962688335251715 
13.709999999981386, -0.19633166660425866 
13.719999999981363, -0.19626632903082736 
13.72999999998134, -0.19609079405895546 
13.739999999981316, -0.19581407385402144 
13.749999999981293, -0.19543946567150233 
13.75999999998127, -0.19496931396208597 
13.769999999981247, -0.19441110892751304 
13.779999999981223, -0.19378360483317786 
13.7899999999812, -0.19311996036020374 
13.799999999981177, -0.19246473777859244 
13.809999999981153, -0.19186461105046956 
13.81999999998113, -0.19135691262161586 
13.829999999981107, -0.19096134582280105 
13.839999999981083, -0.1906773857853931 
13.84999999998106, -0.19048670433890852 
13.859999999981037, -0.19035893292810022 
13.869999999981014, -0.19025910905544569 
13.87999999998099, -0.19015475424826406 
13.889999999980967, -0.1900203454786922 
13.899999999980944, -0.1898380339050545 
13.90999999998092, -0.18959518894735863 
13.919999999980897, -0.18928023524517287 
13.929999999980874, -0.1888779235720907 
13.93999999998085, -0.1883643969586316 
13.949999999980827, -0.18770207275123965 
13.959999999980804, -0.1868351317525127 
13.96999999998078, -0.1856889529471778 
13.979999999980757, -0.18418111153931474 
13.989999999980734, -0.1822535058155041 
13.99999999998071, -0.17992366878394672 
14.009999999980687, -0.17732317734248232 
14.019999999980664, -0.174675133986202 
14.02999999998064, -0.1722086664225934 
14.039999999980617, -0.17007536720804436 
14.049999999980594, -0.16832459489342316 
14.05999999998057, -0.1669302709616563 
14.069999999980547, -0.16583075620507945 
14.079999999980524, -0.1649578126047729 
14.0899999999805, -0.16425113404220631 
14.099999999980477, -0.16366318489398302 
14.109999999980454, -0.16315915906972123 
14.11999999998043, -0.16271498427777115 
14.129999999980408, -0.16231479402236856 
14.139999999980384, -0.1619483264393758 
14.149999999980361, -0.1616079328927868 
14.159999999980338, -0.16128389209399216 
14.169999999980314, -0.16095505225571644 
14.179999999980291, -0.16056915657931972 
14.189999999980268, -0.16000521956405198 
14.199999999980244, -0.15901850672487305 
14.209999999980221, -0.15721048528951947 
14.219999999980198, -0.1541437137497702 
14.229999999980175, -0.14968677334914926 
14.239999999980151, -0.14432094257401556 
14.249999999980128, -0.13893500673003864 
14.259999999980105, -0.13426175233338283 
14.269999999980081, -0.13058492682641676 
14.279999999980058, -0.12784524470779826 
14.289999999980035, -0.12584949124430161 
14.299999999980011, -0.1244001241034653 
14.309999999979988, -0.12334135183620568 
14.319999999979965, -0.12256400115937571 
14.329999999979941, -0.1219976173509018 
14.339999999979918, -0.12160169581475291 
14.349999999979895, -0.12135967288064128 
14.359999999979872, -0.12127636541896103 
14.369999999979848, -0.12137879627804952 
14.379999999979825, -0.121720066011443 
14.389999999979802, -0.12238487963269185 
14.399999999979778, -0.12349148641299498 
14.409999999979755, -0.125174333044541 
14.419999999979732, -0.12751187687603122 
14.429999999979708, -0.13035422751991438 
14.439999999979685, -0.13309654388217207 
14.449999999979662, -0.13472174909083592 
14.459999999979638, -0.13446531044771443 
14.469999999979615, -0.1325349260371196 
14.479999999979592, -0.1298609218331593 
14.489999999979569, -0.12728089532170367 
14.499999999979545, -0.12517646472831886 
14.509999999979522, -0.12359470431455377 
14.519999999979499, -0.12244937222916294 
14.529999999979475, -0.12163459165485682 
14.539999999979452, -0.12106506433180404 
14.549999999979429, -0.12068326549296957 
14.559999999979405, -0.12045668702609469 
14.569999999979382, -0.12037424234266765 
14.579999999979359, -0.12044474064739767 
14.589999999979335, -0.1206982539229765 
14.599999999979312, -0.12119063409060386 
14.609999999979289, -0.12201097746239578 
14.619999999979266, -0.12329015768075473 
14.629999999979242, -0.12520336644222324 
14.639999999979219, -0.12794763670135895 
14.649999999979196, -0.1316586823483809 
14.659999999979172, -0.13624090581103188 
14.669999999979149, -0.1411937650555262 
14.679999999979126, -0.14569351513919168 
14.689999999979102, -0.14904941949592457 
14.69999999997908, -0.15110534014318355 
14.709999999979056, -0.15215387621262294 
14.719999999979033, -0.15259504421933895 
14.72999999997901, -0.15272804248782584 
14.739999999978986, -0.1527241070800252 
14.749999999978963, -0.15266821771118994 
14.75999999997894, -0.15260007684367485 
14.769999999978916, -0.15253915271229937 
14.779999999978893, -0.15249773544464218 
14.78999999997887, -0.15248767072772978 
14.799999999978846, -0.1525243682618374 
14.809999999978823, -0.15262987914214493 
14.8199999999788, -0.15283569559057117 
14.829999999978776, -0.1531851144998197 
14.839999999978753, -0.1537341574317264 
14.84999999997873, -0.15454878341764938 
14.859999999978706, -0.15569431368953515 
14.869999999978683, -0.15721193347560075 
14.87999999997866, -0.1590817780875548 
14.889999999978636, -0.16118871669401105 
14.899999999978613, -0.16332690441250242 
14.90999999997859, -0.1652661243773838 
14.919999999978566, -0.16684308593504765 
14.929999999978543, -0.1680066531694419 
14.93999999997852, -0.16879524356278658 
14.949999999978496, -0.16928596400200316 
14.959999999978473, -0.1695559751130368 
14.96999999997845, -0.16966601372845874 
14.979999999978427, -0.1696583587283311 
14.989999999978403, -0.1695605971612054 
14.99999999997838, -0.16939070809473417 
15.009999999978357, -0.1691620738617794 
15.019999999978333, -0.16888822496518807 
15.02999999997831, -0.168587046070663 
15.039999999978287, -0.16828351807051217 
15.049999999978263, -0.16800966947270118 
15.05999999997824, -0.1678010082174969 
15.069999999978217, -0.16769013673548577 
15.079999999978194, -0.16769930473333922 
15.08999999997817, -0.16783365236755882 
15.099999999978147, -0.16807682534067575 
15.109999999978124, -0.16839132400578255 
15.1199999999781, -0.16872571415746965 
15.129999999978077, -0.16902741841955274 
15.139999999978054, -0.16925520924427326 
15.14999999997803, -0.16938513993787183 
15.159999999978007, -0.16940849312552175 
15.169999999977984, -0.1693251293157167 
15.17999999997796, -0.16913640243510727 
15.189999999977937, -0.1688398601178519 
15.199999999977914, -0.1684261699271305 
15.20999999997789, -0.16787833766163468 
15.219999999977867, -0.16717401772637264 
15.229999999977844, -0.16629259103956742 
15.23999999997782, -0.16522800974646523 
15.249999999977797, -0.16400420105517355 
15.259999999977774, -0.1626832619756321 
15.26999999997775, -0.16135575605192695 
15.279999999977727, -0.16011421676303708 
15.289999999977704, -0.15902579899432573 
15.29999999997768, -0.1581197271864278 
15.309999999977657, -0.15739120958168798 
15.319999999977634, -0.1568133680779646 
15.32999999997761, -0.15634928977898518 
15.339999999977588, -0.15596093812136982 
15.349999999977564, -0.15561451819792077 
15.359999999977541, -0.1552826614729613 
15.369999999977518, -0.15494398823071925 
15.379999999977494, -0.15458077209138782 
15.389999999977471, -0.1541753370074314 
15.399999999977448, -0.15370534967637822 
15.409999999977424, -0.1531375516553986 
15.419999999977401, -0.15241914444825272 
15.429999999977378, -0.15146692188285474 
15.439999999977355, -0.15015843687523203 
15.449999999977331, -0.14833958801423341 
15.459999999977308, -0.14587437071653056 
15.469999999977285, -0.14274756343019748 
15.479999999977261, -0.13915897546893613 
15.489999999977238, -0.13548966452857392 
15.499999999977215, -0.13212619499062678 
15.509999999977191, -0.12929911288000487 
15.519999999977168, -0.12705601725364263 
15.529999999977145, -0.12532938435510535 
15.539999999977121, -0.12401132936572641 
15.549999999977098, -0.12299740145015947 
15.559999999977075, -0.12220308593488234 
15.569999999977052, -0.12156605866255014 
15.579999999977028, -0.12104316809978644 
15.589999999977005, -0.12060635319493584 
15.599999999976982, -0.12023899280109751 
15.609999999976958, -0.11993286709787865 
15.619999999976935, -0.11968504231991481 
15.629999999976912, -0.11949279182392528 
15.639999999976888, -0.11934232623999277 
15.649999999976865, -0.11918305815691348 
15.659999999976842, -0.1188759963009884 
15.669999999976818, -0.1181182359578837 
15.679999999976795, -0.11641197451060023 
15.689999999976772, -0.11325266943395991 
15.699999999976749, -0.10859590057669351 
15.709999999976725, -0.10313280007270882 
15.719999999976702, -0.09786937651910615 
15.729999999976679, -0.09347941707643995 
15.739999999976655, -0.09012882111405399 
15.749999999976632, -0.08768150673240663 
15.759999999976609, -0.0859187121885622 
15.769999999976585, -0.08464527862668574 
15.779999999976562, -0.08371712819459573 
15.789999999976539, -0.08303759406145993 
15.799999999976515, -0.08254692506344366 
15.809999999976492, -0.08221340251345427 
15.819999999976469, -0.08202802127799202 
15.829999999976446, -0.08200272638989609 
15.839999999976422, -0.0821716576879279 
15.849999999976399, -0.08259402462179152 
15.859999999976376, -0.08335425958027035 
15.869999999976352, -0.0845466756040341 
15.879999999976329, -0.08621451041947527 
15.889999999976306, -0.08819926303328093 
15.899999999976282, -0.08992244175542813 
15.90999999997626, -0.09038571745616668 
15.919999999976236, -0.08881287331920441 
15.929999999976213, -0.0854800500421891 
15.93999999997619, -0.08150841106560422 
15.949999999976166, -0.07789117802711673 
15.959999999976143, -0.07503550490560972 
15.96999999997612, -0.07293314712682315 
15.979999999976096, -0.07142832137617287 
15.989999999976073, -0.07035991039696583 
15.99999999997605, -0.06960521292074745 
16.009999999976028, -0.06908301644825383 
16.019999999976005, -0.06874637698924081 
16.02999999997598, -0.06857597133583931 
16.039999999975958, -0.06857696227475066 
16.049999999975935, -0.06877998856081392 
16.05999999997591, -0.06924642176755043 
16.069999999975888, -0.0700774465453659 
16.079999999975865, -0.07142363602060238 
16.08999999997584, -0.07348210232421117 
16.099999999975818, -0.07644547832410839 
16.109999999975795, -0.0803386797985584 
16.11999999997577, -0.08472832085055002 
16.129999999975748, -0.08857663634309429 
16.139999999975725, -0.09076154758111651 
16.1499999999757, -0.09099999323953181 
16.15999999997568, -0.08995517226206096 
16.169999999975655, -0.0884808543280762 
16.17999999997563, -0.08709466464596191 
16.18999999997561, -0.08597615567354559 
16.199999999975585, -0.0851332207523996 
16.20999999997556, -0.08452003085055451 
16.21999999997554, -0.08408848343583544 
16.229999999975515, -0.08380432737313892 
16.239999999975492, -0.0836502300057398 
16.24999999997547, -0.08362585581687165 
16.259999999975445, -0.0837487860146971 
16.269999999975422, -0.08405772903428423 
16.2799999999754, -0.08461863350439788 
16.289999999975375, -0.08553349450683695 
16.299999999975352, -0.08694912719416464 
16.30999999997533, -0.08905593597634599 
16.319999999975305, -0.09205122165202285 
16.329999999975282, -0.09602520667741675 
16.33999999997526, -0.10076088136595751 
16.349999999975235, -0.10560059813744593 
16.359999999975212, -0.1096763531711376 
16.36999999997519, -0.11245076245043144 
16.379999999975166, -0.11397742806884847 
16.389999999975142, -0.11464889586862034 
16.39999999997512, -0.11485514507993815 
16.409999999975096, -0.11484935746120431 
16.419999999975072, -0.11476406092193062 
16.42999999997505, -0.11466110987448723 
16.439999999975026, -0.11456872844125843 
16.449999999975002, -0.11450198604633491 
16.45999999997498, -0.11447316451650424 
16.469999999974956, -0.11449738886464238 
16.479999999974932, -0.11459652708097663 
16.48999999997491, -0.11480276555534825 
16.499999999974886, -0.11516226752764816 
16.509999999974863, -0.11573840292580759 
16.51999999997484, -0.11661256028648925 
16.529999999974816, -0.11787777530765609 
16.539999999974793, -0.11961655993824223 
16.54999999997477, -0.12185423147218473 
16.559999999974746, -0.12449569953543597 
16.569999999974723, -0.12729334187503666 
16.5799999999747, -0.129911254366193 
16.589999999974676, -0.1320724384708182 
16.599999999974653, -0.13366744204247566 
16.60999999997463, -0.13474196627564208 
16.619999999974606, -0.13541375723266705 
16.629999999974583, -0.1358027522688126 
16.63999999997456, -0.1360018039714414 
16.649999999974536, -0.1360742892112614 
16.659999999974513, -0.13606134105416884 
16.66999999997449, -0.13599005161353325 
16.679999999974466, -0.135880229685355 
16.689999999974443, -0.1357497088092744 
16.69999999997442, -0.13561855682512014 
16.709999999974396, -0.13551212524513984 
16.719999999974373, -0.1354623901189813 
16.72999999997435, -0.13550688633746227 
16.739999999974327, -0.13568475309075703 
16.749999999974303, -0.1360296069157785 
16.75999999997428, -0.13655912976133505 
16.769999999974257, -0.13726269697915788 
16.779999999974233, -0.13809239508792476 
16.78999999997421, -0.13896654721184562 
16.799999999974187, -0.13979056733303447 
16.809999999974163, -0.1404860440338684 
16.81999999997414, -0.14100998007345128 
16.829999999974117, -0.14135478505080024 
16.839999999974093, -0.1415351839510073 
16.84999999997407, -0.14157352619700903 
16.859999999974047, -0.1414899957753528 
16.869999999974024, -0.1412983592279376 
16.879999999974, -0.1410056317015735 
16.889999999973977, -0.14061434423141067 
16.899999999973954, -0.14012691221296084 
16.90999999997393, -0.1395516758652434 
16.919999999973907, -0.1389090392450585 
16.929999999973884, -0.1382344688160287 
16.93999999997386, -0.13757510031338951 
16.949999999973837, -0.13697999893917778 
16.959999999973814, -0.13648850544898755 
16.96999999997379, -0.13612199551995535 
16.979999999973767, -0.13588117627480417 
16.989999999973744, -0.1357479115998711 
16.99999999997372, -0.13569013444903594 
17.009999999973697, -0.13566898003480218 
17.019999999973674, -0.13564666612076232 
17.02999999997365, -0.13559255300688938 
17.039999999973627, -0.13548528406163335 
17.049999999973604, -0.1353109532779167 
17.05999999997358, -0.1350589142867921 
17.069999999973557, -0.1347169879415048 
17.079999999973534, -0.13426708828849396 
17.08999999997351, -0.1336818476633711 
17.099999999973488, -0.13292338239522292 
17.109999999973464, -0.13194695579511118 
17.11999999997344, -0.13071379694076707 
17.129999999973418, -0.12921504869381756 
17.139999999973394, -0.12749833318685744 
17.14999999997337, -0.12567500403827964 
17.159999999973348, -0.12389100959702723 
17.169999999973324, -0.1222754331734323 
17.1799999999733, -0.12090285719512701 
17.189999999973278, -0.11978873420620528 
17.199999999973254, -0.11890729079982891 
17.20999999997323, -0.11821315340817044 
17.219999999973208, -0.11765687347059092 
17.229999999973185, -0.11719338629439598 
17.23999999997316, -0.11678543314804021 
17.249999999973138, -0.1164037799937629 
17.259999999973115, -0.11602539487046779 
17.26999999997309, -0.11563028798193484 
17.279999999973068, -0.1151972643436969 
17.289999999973045, -0.11469824939360625 
17.29999999997302, -0.11409026881098032 
17.309999999972998, -0.11330416379264603 
17.319999999972975, -0.11223135337233847 
17.32999999997295, -0.11071783364596614 
17.339999999972928, -0.10858977813587649 
17.349999999972905, -0.105741028556215 
17.35999999997288, -0.10226257464366588 
17.36999999997286, -0.09849150495452962 
17.379999999972835, -0.09487349627346106 
17.38999999997281, -0.091744892247095 
17.39999999997279, -0.08923238673058599 
17.409999999972765, -0.08729949824798723 
17.41999999997274, -0.08583740559237356 
17.42999999997272, -0.08472828008762547 
17.439999999972695, -0.0838725570092681 
17.449999999972672, -0.08319493941099208 
17.45999999997265, -0.08264183474498266 
17.469999999972625, -0.0821765547841403 
17.479999999972602, -0.08177457241101814 
17.48999999997258, -0.08141921616581413 
17.499999999972555, -0.08109714028024512 
17.509999999972532, -0.08079181091251934 
17.51999999997251, -0.08047145075723307 
17.529999999972485, -0.08006531009274385 
17.539999999972462, -0.07942173387898654 
17.54999999997244, -0.07825609395191549 
17.559999999972415, -0.07615063876853 
17.569999999972392, -0.07273725031268623 
17.57999999997237, -0.06807449276114658 
17.589999999972346, -0.06282454013084307 
17.599999999972322, -0.05786752265204457 
17.6099999999723, -0.05376757638403501 
17.619999999972276, -0.05064419833587923 
17.629999999972252, -0.04835794567904828 
17.63999999997223, -0.046701675246470904 
17.649999999972206, -0.04549248845527805 
17.659999999972182, -0.04459482348599698 
17.66999999997216, -0.043916303940203835 
17.679999999972136, -0.04339756461348941 
17.689999999972112, -0.043003297044873816 
17.69999999997209, -0.04271594522091669 
17.709999999972066, -0.04253150805690817 
17.719999999972043, -0.04245590652326563 
17.72999999997202, -0.042498656007274385 
17.739999999971996, -0.042656565441690275 
17.749999999971973, -0.04287285839089026 
17.75999999997195, -0.04295281418837017 
17.769999999971926, -0.0424507275999673 
17.779999999971903, -0.040679316250120424 
17.78999999997188, -0.03711758322329821 
17.799999999971856, -0.032057233026640576 
17.809999999971833, -0.02658325697462486 
17.81999999997181, -0.021738653231612996 
17.829999999971786, -0.0179631551574778 
17.839999999971763, -0.015209140200611107 
17.84999999997174, -0.01324801775557003 
17.859999999971716, -0.01185035444021484 
17.869999999971693, -0.01084153837115072 
17.87999999997167, -0.010102982787429679 
17.889999999971646, -0.009559509451783615 
17.899999999971623, -0.009167294908807855 
17.9099999999716, -0.008905555211904281 
17.919999999971576, -0.008771612753608122 
17.929999999971553, -0.008777798302949516 
17.93999999997153, -0.008947066985463657 
17.949999999971507, -0.00930004444889313 
17.959999999971483, -0.009817133534699542 
17.96999999997146, -0.010348551704161069 
17.979999999971437, -0.010467064991031439 
17.989999999971413, -0.009404746344328913 
17.99999999997139, -0.006434086854156527 
18.009999999971367, -0.0016714659885814411 
18.019999999971343, 0.003462505009660233 
18.02999999997132, 0.007936944932918286 
18.039999999971297, 0.011341454184241038 
18.049999999971273, 0.013695501476642145 
18.05999999997125, 0.015233058005434744 
18.069999999971227, 0.016193901375583426 
18.079999999971204, 0.01675989313200163 
18.08999999997118, 0.017053608522609398 
18.099999999971157, 0.01715223654160638 
18.109999999971134, 0.017100690388981953 
18.11999999997111, 0.01692066112264973 
18.129999999971087, 0.016616250548189788 
18.139999999971064, 0.016178180985613314 
18.14999999997104, 0.015590516916359886 
18.159999999971017, 0.01484869821734697 
18.169999999970994, 0.014007144369786987 
18.17999999997097, 0.01328101185687933 
18.189999999970947, 0.013183103476067807 
18.199999999970924, 0.014497542608075212 
18.2099999999709, 0.01775412076709172 
18.219999999970877, 0.022500486407590812 
18.229999999970854, 0.02749176605464416 
18.23999999997083, 0.031695815893821686 
18.249999999970807, 0.03477592452487987 
18.259999999970784, 0.036856187233015675 
18.26999999997076, 0.038192666558464976 
18.279999999970737, 0.03901494296096696 
18.289999999970714, 0.03948914777197634 
18.29999999997069, 0.03972525276786167 
18.309999999970668, 0.03979244224693518 
18.319999999970644, 0.039731938935474095 
18.32999999997062, 0.03956603626842536 
18.339999999970598, 0.039304879764094094 
18.349999999970574, 0.03895397851913994 
18.35999999997055, 0.03852802372479495 
18.369999999970528, 0.03808165594393779 
18.379999999970504, 0.03777239290269651 
18.38999999997048, 0.03795357954009523 
18.399999999970458, 0.03920237703022366 
18.409999999970434, 0.042046934310888864 
18.41999999997041, 0.046377885807453764 
18.429999999970388, 0.05126709802639855 
18.439999999970365, 0.055653644040616825 
18.44999999997034, 0.05901145982040153 
18.459999999970318, 0.061340401033923755 
18.469999999970295, 0.06286213767999427 
18.47999999997027, 0.06381448621535094 
18.489999999970248, 0.06438247496552858 
18.499999999970225, 0.06469424444213892 
18.5099999999702, 0.06483453474376219 
18.519999999970178, 0.06485868501449844 
18.529999999970155, 0.06480363439514347 
18.53999999997013, 0.06469680577221555 
18.549999999970108, 0.06456523996977084 
18.559999999970085, 0.06444862701291723 
18.56999999997006, 0.06442145815822313 
18.57999999997004, 0.0646285859529586 
18.589999999970015, 0.06532386821891362 
18.59999999996999, 0.06685494110041629 
18.60999999996997, 0.06948867639856225 
18.619999999969945, 0.07309811760351616 
18.62999999996992, 0.07706781352781225 
18.6399999999699, 0.08066872820043239 
18.649999999969875, 0.08348671608785516 
18.659999999969852, 0.08547809815037918 
18.66999999996983, 0.08679072280669511 
18.679999999969805, 0.08760908638569491 
18.689999999969782, 0.08808871626803678 
18.69999999996976, 0.08834426381674752 
18.709999999969735, 0.08845637012346245 
18.719999999969712, 0.08848175763482481 
18.72999999996969, 0.08846226904346086 
18.739999999969665, 0.08843275739949008 
18.749999999969642, 0.08842893597450648 
18.75999999996962, 0.08849655371800234 
18.769999999969595, 0.0887027248516569 
18.779999999969572, 0.08914733435485109 
18.78999999996955, 0.08996413958732145 
18.799999999969526, 0.09128830727231292 
18.809999999969502, 0.09317062165078982 
18.81999999996948, 0.09547770214041894 
18.829999999969456, 0.09789409704016531 
18.839999999969432, 0.10007331881407766 
18.84999999996941, 0.10180090974794673 
18.859999999969386, 0.10303141368705974 
18.869999999969362, 0.10382631446937121 
18.87999999996934, 0.10428349325923907 
18.889999999969316, 0.10449802528459981 
18.899999999969292, 0.10454912864656651 
18.90999999996927, 0.1044992036996604 
18.919999999969246, 0.10439655104793918 
18.929999999969223, 0.10427886614869655 
18.9399999999692, 0.10417706696912579 
18.949999999969176, 0.10411949335212134 
18.959999999969153, 0.10413625565662099 
18.96999999996913, 0.10426292991147249 
18.979999999969106, 0.10454167557591376 
18.989999999969083, 0.105016138947857 
18.99999999996906, 0.1057158776305021 
19.009999999969036, 0.10663106779150547 
19.019999999969013, 0.10769159289760624 
19.02999999996899, 0.10877399952650395 
19.039999999968966, 0.1097426644140265 
19.049999999968943, 0.11049748384719209 
19.05999999996892, 0.11099496555710173 
19.069999999968896, 0.11123935341678744 
19.079999999968873, 0.11126283205529826 
19.08999999996885, 0.11111021669781321 
19.099999999968826, 0.11083099282846683 
19.109999999968803, 0.11047500411745803 
19.11999999996878, 0.11008849329276141 
19.129999999968756, 0.10971025480871976 
19.139999999968733, 0.10936951407953632 
19.14999999996871, 0.1090865422793205 
19.159999999968687, 0.10887531114320873 
19.169999999968663, 0.10874646656215026 
19.17999999996864, 0.10870891709944239 
19.189999999968617, 0.10876881487649306 
19.199999999968593, 0.10892542728843564 
19.20999999996857, 0.10916482686522637 
19.219999999968547, 0.10945462111325466 
19.229999999968523, 0.10974438862944794 
19.2399999999685, 0.10997409319377796 
19.249999999968477, 0.11008687101229783 
19.259999999968453, 0.11003920300134348 
19.26999999996843, 0.10980490602365797 
19.279999999968407, 0.10937551412033397 
19.289999999968384, 0.10876163361606972 
19.29999999996836, 0.10799617769921407 
19.309999999968337, 0.10713481900328245 
19.319999999968314, 0.10624761798948328 
19.32999999996829, 0.10540217539844696 
19.339999999968267, 0.10464729613239268 
19.349999999968244, 0.10400648488893216 
19.35999999996822, 0.10348217454507305 
19.369999999968197, 0.10306462691058231 
19.379999999968174, 0.10273948163812838 
19.38999999996815, 0.10249148720354337 
19.399999999968127, 0.10230466858870461 
19.409999999968104, 0.10216019722309591 
19.41999999996808, 0.10203344851853739 
19.429999999968057, 0.10189174751803243 
19.439999999968034, 0.10169392001240204 
19.44999999996801, 0.1013917566192281 
19.459999999967987, 0.10093256441731731 
19.469999999967964, 0.10026256126583996 
19.47999999996794, 0.09933341903904926 
19.489999999967917, 0.09811662534481246 
19.499999999967894, 0.09662747404977307 
19.50999999996787, 0.0949478272387159 
19.519999999967848, 0.09322212289502466 
19.529999999967824, 0.09161117423481144 
19.5399999999678, 0.09023001844491685 
19.549999999967778, 0.08911745849422138 
19.559999999967754, 0.0882507295187657 
19.56999999996773, 0.08757891569848326 
19.579999999967708, 0.08704856212515721 
19.589999999967684, 0.08661459160471913 
19.59999999996766, 0.0862411848740937 
19.609999999967638, 0.08589824186093593 
19.619999999967614, 0.08555660118569818 
19.62999999996759, 0.08518327809414095 
19.639999999967568, 0.0847370857612218 
19.649999999967545, 0.08416466188990963 
19.65999999996752, 0.08339699557491397 
19.669999999967498, 0.08234771696527747 
19.679999999967475, 0.08091798443599793 
19.68999999996745, 0.07901889514331431 
19.699999999967428, 0.07662427647092855 
19.709999999967405, 0.07384488669698915 
19.71999999996738, 0.07095979382141863 
19.729999999967358, 0.06832326516415214 
19.739999999967335, 0.06618735633417695 
19.74999999996731, 0.06460560387933124 
19.759999999967288, 0.0634840433304516 
19.769999999967265, 0.06268369220444353 
19.77999999996724, 0.062084275307575265 
19.78999999996722, 0.06160052617478683 
19.799999999967195, 0.06117569955735126 
19.80999999996717, 0.060770147947143825 
19.81999999996715, 0.060351296904267326 
19.829999999967125, 0.05988567521093217 
19.8399999999671, 0.05933203635576358 
19.84999999996708, 0.05863451311085273 
19.859999999967055, 0.05771520438084353 
19.869999999967032, 0.05646701384533169 
19.87999999996701, 0.05475176285490783 
19.889999999966985, 0.052418189202372845 
19.899999999966962, 0.049366629755879424 
19.90999999996694, 0.04567516098236577 
19.919999999966915, 0.041713744643910165 
19.929999999966892, 0.03806169336206949 
19.93999999996687, 0.0351866774651063 
19.949999999966845, 0.03319895496336382 
19.959999999966822, 0.03192092841782375 
19.9699999999668, 0.03109844615400393 
19.979999999966775, 0.03052914477976381 
19.989999999966752, 0.030085227086111936 
19.99999999996673, 0.029692998030013906 
20.009999999966706, 0.029308873304417886 
20.019999999966682, 0.028902375699960743 
20.02999999996666, 0.028445146942711948 
20.039999999966636, 0.027903039435428767 
20.049999999966612, 0.0272289521297706 
20.05999999996659, 0.0263549355326289 
20.069999999966566, 0.025183200875889166 
20.079999999966542, 0.023578391996788975 
20.08999999996652, 0.021370758522546975 
20.099999999966496, 0.018394375915874058 
20.109999999966472, 0.014595676019485146 
20.11999999996645, 0.010203650829173263 
20.129999999966426, 0.00580244582441436 
20.139999999966403, 0.0020827660135378573 
20.14999999996638, -0.00047428691592146685 
20.159999999966356, -0.001731480720553896 
20.169999999966333, -0.002319441091943168 
20.17999999996631, -0.0025285264737819296 
20.189999999966286, -0.002551263539655985 
20.199999999966263, -0.002495662021720582 
20.20999999996624, -0.00241922980142789 
20.219999999966216, -0.0023549893276120126 
20.229999999966193, -0.0023272331009988032 
20.23999999996617, -0.0023610376064376313 
20.249999999966146, -0.002489132389601352 
20.259999999966123, -0.002758398575658465 
20.2699999999661, -0.0032372237469592245 
20.279999999966076, -0.00402370488967017 
20.289999999966053, -0.005251778472929002 
20.29999999996603, -0.0070850527903239275 
20.309999999966006, -0.00967484718375381 
20.319999999965983, -0.013052316788865356 
20.32999999996596, -0.016973320813599924 
20.339999999965936, -0.020871631704399103 
20.349999999965913, -0.024105775194413988 
20.35999999996589, -0.026339830730710917 
20.369999999965867, -0.027647146286499114 
20.379999999965843, -0.02830521332639216 
20.38999999996582, -0.02858259988927469 
20.399999999965797, -0.028661720563597327 
20.409999999965773, -0.028648084591439065 
20.41999999996575, -0.02859968552444872 
20.429999999965727, -0.028550420809071393 
20.439999999965703, -0.028524688908423045 
20.44999999996568, -0.028546321065155544 
20.459999999965657, -0.028644889420855867 
20.469999999965633, -0.028861304879690353 
20.47999999996561, -0.029253649649583702 
20.489999999965587, -0.029903140532314944 
20.499999999965564, -0.03091801371512041 
20.50999999996554, -0.03242828850529163 
20.519999999965517, -0.034556081158309875 
20.529999999965494, -0.037342184117967366 
20.53999999996547, -0.040637936159968614 
20.549999999965447, -0.04405326539278441 
20.559999999965424, -0.04708870763922083 
20.5699999999654, -0.049399199768077204 
20.579999999965377, -0.05093321909622338 
20.589999999965354, -0.05184529839633769 
20.59999999996533, -0.05233920036488423 
20.609999999965307, -0.052579399861060895 
20.619999999965284, -0.05267461213924092 
20.62999999996526, -0.05269116320908794 
20.639999999965237, -0.05266989989421132 
20.649999999965214, -0.05263891588794517 
20.65999999996519, -0.05262212761263565 
20.669999999965167, -0.05264532774731433 
20.679999999965144, -0.05274099700693805 
20.68999999996512, -0.052952474995602836 
20.699999999965097, -0.053337372568051225 
20.709999999965074, -0.053969033874717756 
20.71999999996505, -0.05493270395755716 
20.729999999965028, -0.05630953354357687 
20.739999999965004, -0.05813978168144538 
20.74999999996498, -0.060367145243930484 
20.759999999964958, -0.0627988231224422 
20.769999999964934, -0.06514210589357797 
20.77999999996491, -0.06712702168417099 
20.789999999964888, -0.06862001888637274 
20.799999999964864, -0.06963581692971213 
20.80999999996484, -0.07027050583434306 
20.819999999964818, -0.07063337654348349 
20.829999999964794, -0.07081349131043427 
20.83999999996477, -0.07087372717082571 
20.849999999964748, -0.07085628706690436 
20.859999999964725, -0.07079037775686876 
20.8699999999647, -0.0706989547118725 
20.879999999964678, -0.07060414477767533 
20.889999999964655, -0.07053153838914525 
20.89999999996463, -0.0705133161313243 
20.909999999964608, -0.07058983981502465 
20.919999999964585, -0.07080911157362971 
20.92999999996456, -0.07122312142393694 
20.939999999964538, -0.07187920430591206 
20.949999999964515, -0.07280397370324955 
20.95999999996449, -0.073980525380579 
20.969999999964468, -0.07532957833481163 
20.979999999964445, -0.0767152831056144 
20.98999999996442, -0.07798655467118755 
20.9999999999644, -0.07903161680981814 
21.009999999964375, -0.07980657835718938 
21.01999999996435, -0.08032522362113294 
21.02999999996433, -0.08063022296777997 
21.039999999964305, -0.08076879654073273 
21.04999999996428, -0.08078058866543994 
21.05999999996426, -0.08069491099943432 
21.069999999964235, -0.08053271841429366 
21.079999999964212, -0.08031043627731974 
21.08999999996419, -0.08004434848031833 
21.099999999964165, -0.07975476464635681 
21.109999999964142, -0.07946895145129908 
21.11999999996412, -0.07922162201730439 
21.129999999964095, -0.07905233219428347 
21.139999999964072, -0.07900025783908328 
21.14999999996405, -0.07909739865500984 
21.159999999964025, -0.07936077170965332 
21.169999999964002, -0.0797841074133613 
21.17999999996398, -0.08033181382183849 
21.189999999963955, -0.08094102097416432 
21.199999999963932, -0.08153574271786544 
21.20999999996391, -0.08204828309001241 
21.219999999963886, -0.08243558643830053 
21.229999999963862, -0.08268220505736687 
21.23999999996384, -0.08279230512587361 
21.249999999963816, -0.08277864567941554 
21.259999999963792, -0.08265425915170485 
21.26999999996377, -0.08242837070166148 
21.279999999963746, -0.08210592997235479 
21.289999999963722, -0.08168993166201677 
21.2999999999637, -0.08118598024528109 
21.309999999963676, -0.0806081476869847 
21.319999999963652, -0.07998383466941432 
21.32999999996363, -0.07935427294751632 
21.339999999963606, -0.07876863189661673 
21.349999999963583, -0.07827362324637444 
21.35999999996356, -0.0779034828663338 
21.369999999963536, -0.07767399640231247 
21.379999999963513, -0.0775807578475588 
21.38999999996349, -0.07760038012753687 
21.399999999963466, -0.0776945375770089 
21.409999999963443, -0.07781738697275978 
21.41999999996342, -0.07792502285126576 
21.429999999963396, -0.07798322413488915 
21.439999999963373, -0.07797022539113538 
21.44999999996335, -0.07787439361116824 
21.459999999963326, -0.07768923574106305 
21.469999999963303, -0.07740835334242235 
21.47999999996328, -0.07702187918864527 
21.489999999963256, -0.07651519181033738 
21.499999999963233, -0.07587082399193457 
21.50999999996321, -0.07507482178672907 
21.519999999963186, -0.07412784160956964 
21.529999999963163, -0.07305748775566102 
21.53999999996314, -0.07192335839237193 
21.549999999963116, -0.07080677241848753 
21.559999999963093, -0.06978768542214303 
21.56999999996307, -0.06892252700893328 
21.579999999963047, -0.06823480643270488 
21.589999999963023, -0.06771857539381723 
21.599999999963, -0.06734757701910984 
21.609999999962977, -0.06708442530771691 
21.619999999962953, -0.06688818524429406 
21.62999999996293, -0.06672033587011673 
21.639999999962907, -0.06654865605722671 
21.649999999962883, -0.06634832670986482 
21.65999999996286, -0.06610027982292063 
21.669999999962837, -0.0657876841091787 
21.679999999962813, -0.06539166029436522 
21.68999999996279, -0.06488708860777717 
21.699999999962767, -0.06423946997651808 
21.709999999962744, -0.06340485886973254 
21.71999999996272, -0.06233678035901028 
21.729999999962697, -0.061004602694887736 
21.739999999962674, -0.05942191785393943 
21.74999999996265, -0.057668762574275015 
21.759999999962627, -0.05588234784615816 
21.769999999962604, -0.0542109992305909 
21.77999999996258, -0.05276224150165744 
21.789999999962557, -0.05158016612922145 
21.799999999962534, -0.05065540756071844 
21.80999999996251, -0.04994798130535524 
21.819999999962487, -0.04940667845102902 
21.829999999962464, -0.04898066516410843 
21.83999999996244, -0.04862512925837705 
21.849999999962417, -0.04830328062401161 
21.859999999962394, -0.04798590440027411 
21.86999999996237, -0.04764906349787659 
21.879999999962347, -0.04727042739542735 
21.889999999962324, -0.046824572510868745 
21.8999999999623, -0.04627741814186689 
21.909999999962277, -0.045580229877561884 
21.919999999962254, -0.04466525615384603 
21.92999999996223, -0.04344898496352382 
21.939999999962208, -0.041853749938600776 
21.949999999962184, -0.03985484219897052 
21.95999999996216, -0.03753442766983716 
21.969999999962138, -0.03508955606119784 
21.979999999962114, -0.032761270675469883 
21.98999999996209, -0.030733871527030988 
21.999999999962068, -0.02908476941295974 
22.009999999962044, -0.027801153549176894 
22.01999999996202, -0.02682294864500246 
22.029999999961998, -0.02607729466132867 
22.039999999961974, -0.02549640157869416 
22.04999999996195, -0.025023862880159557 
22.059999999961928, -0.024615246512991663 
22.069999999961905, -0.02423611492863297 
22.07999999996188, -0.023858708915397396 
22.089999999961858, -0.02345767350407585 
22.099999999961835, -0.02300477363096084 
22.10999999996181, -0.02246225698699092 
22.119999999961788, -0.02177470640373168 
22.129999999961765, -0.020860992702098576 
22.13999999996174, -0.01961313009349073 
22.149999999961718, -0.017917348869271994 
22.159999999961695, -0.01571346704307409 
22.16999999996167, -0.013076184695861309 
22.179999999961648, -0.010243069020157905 
22.189999999961625, -0.007525833947361803 
22.1999999999616, -0.00516688227769948 
22.20999999996158, -0.0032656475002892254 
22.219999999961555, -0.001802854072094726 
22.22999999996153, -0.0007010655849628849 
22.23999999996151, 0.00005451999954712085 
22.249999999961485, 0.0002577994687549174 
22.25999999996146, 0.00033452118178297653 
22.26999999996144, 0.00033429473259975414 
22.279999999961415, 0.0002949178083383073 
22.289999999961392, 0.00024650653135247077 
22.29999999996137, 0.0002162879002348068 
22.309999999961345, 0.00023429119332553098 
22.319999999961322, 0.000340437751899136 
22.3299999999613, 0.00059323870824271 
22.339999999961275, 0.001078254839681351 
22.349999999961252, 0.0019086385328153277 
22.35999999996123, 0.0032009149911500084 
22.369999999961205, 0.0050098550895111 
22.379999999961182, 0.007244448929468406 
22.38999999996116, 0.009648378182245985 
22.399999999961135, 0.011903297239953557 
22.409999999961112, 0.013775850391012465 
22.41999999996109, 0.015181561241959792 
22.429999999961066, 0.016151020993823078 
22.439999999961042, 0.01676699032051868 
22.44999999996102, 0.01712035143894566 
22.459999999960996, 0.017290730615404294 
22.469999999960972, 0.017341717066550934 
22.47999999996095, 0.017322142044270707 
22.489999999960926, 0.017269438646915054 
22.499999999960902, 0.017213831352868848 
22.50999999996088, 0.01718317264697545 
22.519999999960856, 0.01720862627003462 
22.529999999960832, 0.017331482172811004 
22.53999999996081, 0.01761077937164038 
22.549999999960786, 0.018128911048690476 
22.559999999960763, 0.018986665181343905 
22.56999999996074, 0.020272860356141988 
22.579999999960716, 0.022001587134063583 
22.589999999960693, 0.02405018025888009 
22.59999999996067, 0.02617021351862327 
22.609999999960646, 0.02809339158543206 
22.619999999960623, 0.029645188597672494 
22.6299999999606, 0.0307774069001486 
22.639999999960576, 0.03152991798134505 
22.649999999960553, 0.03197924568248524 
22.65999999996053, 0.0322056286024228 
22.669999999960506, 0.03227922594706237 
22.679999999960483, 0.03225684466787459 
22.68999999996046, 0.032182942510509106 
22.699999999960436, 0.03209230556203272 
22.709999999960413, 0.03201368071073797 
22.71999999996039, 0.031974201209861434 
22.729999999960366, 0.032004524555173844 
22.739999999960343, 0.03214441740551484 
22.74999999996032, 0.03244758820362136 
22.759999999960296, 0.032982051503364536 
22.769999999960273, 0.03381837515343265 
22.77999999996025, 0.034997608462030066 
22.789999999960227, 0.03648472861985062 
22.799999999960203, 0.03814281257530854 
22.80999999996018, 0.03976886327927011 
22.819999999960157, 0.041177492601134895 
22.829999999960133, 0.04226516411091327 
22.83999999996011, 0.043015789762841705 
22.849999999960087, 0.04346896323788581 
22.859999999960063, 0.04368654691163122 
22.86999999996004, 0.04373261808361338 
22.879999999960017, 0.043664860165916794 
22.889999999959993, 0.04353180502220187 
22.89999999995997, 0.04337261776819293 
22.909999999959947, 0.04321842991070584 
22.919999999959924, 0.043095017273027586 
22.9299999999599, 0.04302650136468893 
22.939999999959877, 0.04303949092406834 
22.949999999959854, 0.043166749605803266 
22.95999999995983, 0.04344863347829756 
22.969999999959807, 0.043928959399345734 
22.979999999959784, 0.04464095362933377 
22.98999999995976, 0.04558267392954747 
22.999999999959737, 0.046693513349014615 
23.009999999959714, 0.04785505269956507 
23.01999999995969, 0.048927742666987004 
23.029999999959667, 0.049800932138605404 
23.039999999959644, 0.05042070053184037 
23.04999999995962, 0.05078564311863536 
23.059999999959597, 0.05092716840769921 
23.069999999959574, 0.050891568855275696 
23.07999999995955, 0.0507292387859554 
23.089999999959527, 0.050488853799133634 
23.099999999959504, 0.05021369548722574 
23.10999999995948, 0.049939383108884086 
23.119999999959457, 0.049693539743138594 
23.129999999959434, 0.04949758050994087 
23.13999999995941, 0.04936989941488501 
23.149999999959388, 0.04932921971270432 
23.159999999959364, 0.04939673768828085 
23.16999999995934, 0.049595449520914124 
23.179999999959318, 0.04994475311049243 
23.189999999959294, 0.05044931119659378 
23.19999999995927, 0.05108516339562989 
23.209999999959248, 0.05179231017070698 
23.219999999959224, 0.05248399234041155 
23.2299999999592, 0.05307164426606674 
23.239999999959178, 0.05349020630443999 
23.249999999959154, 0.05370918468670575 
23.25999999995913, 0.05372902815998824 
23.269999999959108, 0.05357192045202301 
23.279999999959085, 0.05327399099148204 
23.28999999995906, 0.05287973386778849 
23.299999999959038, 0.05243647321431903 
23.309999999959015, 0.05198808341193738 
23.31999999995899, 0.05156974630649436 
23.329999999958968, 0.05120599180502429 
23.339999999958945, 0.05091237105919566 
23.34999999995892, 0.050699132096491004 
23.359999999958898, 0.050574752889763 
23.369999999958875, 0.05054770125595527 
23.37999999995885, 0.05062536891115747 
23.389999999958828, 0.050809646260683315 
23.399999999958805, 0.05108982213564047 
23.40999999995878, 0.051435930580783176 
23.41999999995876, 0.05179779539630912 
23.429999999958735, 0.05211325517199713 
23.43999999995871, 0.0523226148903746 
23.44999999995869, 0.05238139139620074 
23.459999999958665, 0.052265962048510695 
23.46999999995864, 0.05197344030972514 
23.47999999995862, 0.05152013922332823 
23.489999999958595, 0.05094034294009795 
23.499999999958572, 0.05028307512277137 
23.50999999995855, 0.049604109150101494 
23.519999999958525, 0.048954585547133785 
23.529999999958502, 0.048371702460748546 
23.53999999995848, 0.0478759451051026 
23.549999999958455, 0.047474491155336 
23.559999999958432, 0.04716708715646468 
23.56999999995841, 0.046950910703976854 
23.579999999958385, 0.04682274792442572 
23.589999999958362, 0.04677820529780356 
23.59999999995834, 0.04680841296056613 
23.609999999958315, 0.04689546520720299 
23.619999999958292, 0.047008943688511856 
23.62999999995827, 0.0471063089126945 
23.639999999958246, 0.04713827974592738 
23.649999999958222, 0.04705708202322114 
23.6599999999582, 0.04682385561228812 
23.669999999958176, 0.04641358253783847 
23.679999999958152, 0.04581913314544938 
23.68999999995813, 0.04505621180064574 
23.699999999958106, 0.04416711163945315 
23.709999999958082, 0.043217236744425944 
23.71999999995806, 0.042280688385752094 
23.729999999958036, 0.04142043139905704 
23.739999999958012, 0.04067466673217157 
23.74999999995799, 0.040055843868366144 
23.759999999957966, 0.03955879331527172 
23.769999999957943, 0.039170495589102336 
23.77999999995792, 0.038876688153105146 
23.789999999957896, 0.03866429811911099 
23.799999999957873, 0.03852055342804848 
23.80999999995785, 0.03843002533834445 
23.819999999957826, 0.03837100519905055 
23.829999999957803, 0.038312917974239594 
23.83999999995778, 0.03821637178058902 
23.849999999957756, 0.03803629139761654 
23.859999999957733, 0.037726969889785036 
23.86999999995771, 0.03724757680219044 
23.879999999957686, 0.03656838588875785 
23.889999999957663, 0.03567960758110926 
23.89999999995764, 0.034602760806195225 
23.909999999957616, 0.033398181560258644 
23.919999999957593, 0.03215770761482743 
23.92999999995757, 0.0309790417248254 
23.939999999957546, 0.029935404607935534 
23.949999999957523, 0.02906016619179567 
23.9599999999575, 0.0283519932739423 
23.969999999957476, 0.02779026416389755 
23.979999999957453, 0.02734889870889126 
23.98999999995743, 0.02700381758788607 
23.999999999957407, 0.02673474279698395 
24.009999999957383, 0.02652354261299471 
24.01999999995736, 0.026350934860043456 
24.029999999957337, 0.02619291485187462 
24.039999999957313, 0.026018169521696083 
24.04999999995729, 0.02578751833018107 
24.059999999957267, 0.025455674663100412 
24.069999999957243, 0.024974833531858743 
24.07999999995722, 0.024299930015260915 
24.089999999957197, 0.023397051029126377 
24.099999999957173, 0.022257127558456706 
24.10999999995715, 0.020912872956596325 
24.119999999957127, 0.019447641611056575 
24.129999999957104, 0.017980709383628106 
24.13999999995708, 0.016628635260859777 
24.149999999957057, 0.015467027332040275 
24.159999999957034, 0.01451826956258935 
24.16999999995701, 0.013765403847479377 
24.179999999956987, 0.013174133675055499 
24.189999999956964, 0.012708785095038136 
24.19999999995694, 0.012339192832047477 
24.209999999956917, 0.012041253195096937 
24.219999999956894, 0.011794310194632826 
24.22999999995687, 0.011577369959468646 
24.239999999956847, 0.011365350404364946 
24.249999999956824, 0.01112634886546451 
24.2599999999568, 0.010820724650721926 
24.269999999956777, 0.010402287526401176 
24.279999999956754, 0.009821481930458923 
24.28999999995673, 0.009031081879399543 
24.299999999956707, 0.007996460977690996 
24.309999999956684, 0.0067123860095325075 
24.31999999995666, 0.005222428427009895 
24.329999999956637, 0.0036262481991070675 
24.339999999956614, 0.0020578621513353177 
24.34999999995659, 0.0006393630823707013 
24.359999999956568, -0.0003442264924311565 
24.369999999956544, -0.0008734684835733369 
24.37999999995652, -0.001196543488500275 
24.389999999956498, -0.001354147262607744 
24.399999999956474, -0.0013853912843818335 
24.40999999995645, -0.0013220176178551945 
24.419999999956428, -0.001188778527945709 
24.429999999956404, -0.0010065943901278172 
24.43999999995638, -0.0007965894235667884 
24.449999999956358, -0.0005839281281535193 
24.459999999956334, -0.0004005612535370244 
24.46999999995631, -0.00028613002745583426 
24.479999999956288, -0.00028672809732089135 
24.489999999956265, -0.00045156054057882524 
24.49999999995624, -0.0008268973312865946 
24.509999999956218, -0.0014452975045345072 
24.519999999956195, -0.002308550594261865 
24.52999999995617, -0.0033690111709047212 
24.539999999956148, -0.004524429983744164 
24.549999999956125, -0.005641824517082827 
24.5599999999561, -0.006603565057274297 
24.569999999956078, -0.0073441981156834564 
24.579999999956055, -0.007854909059668302 
24.58999999995603, -0.008163219885992046 
24.599999999956008, -0.008309262336848694 
24.609999999955985, -0.008330990832155213 
24.61999999995596, -0.008258959665064385 
24.62999999995594, -0.008116917976147168 
24.639999999955915, -0.007925017520214694 
24.64999999995589, -0.007703848594086557 
24.65999999995587, -0.007478247326161341 
24.669999999955845, -0.007279938859724 
24.67999999995582, -0.0071482123684071435 
24.6899999999558, -0.007128332397462217 
24.699999999955775, -0.007267828722170683 
24.709999999955752, -0.007610272393686987 
24.71999999995573, -0.008184858408079657 
24.729999999955705, -0.008990672285753811 
24.739999999955682, -0.009980332607163375 
24.74999999995566, -0.011056761045375242 
24.759999999955635, -0.012096183738832868 
24.769999999955612, -0.012990038791968616 
24.77999999995559, -0.013677621039362495 
24.789999999955565, -0.014149725612058628 
24.799999999955542, -0.014430390631163187 
24.80999999995552, -0.014555530363519625 
24.819999999955495, -0.014559424096672999 
24.829999999955472, -0.014469792046820829 
24.83999999995545, -0.014308263766154258 
24.849999999955426, -0.014093413401419097 
24.859999999955402, -0.013844709077875841 
24.86999999995538, -0.013586278373722251 
24.879999999955356, -0.013349413129324337 
24.889999999955332, -0.013172872472754463 
24.89999999995531, -0.013100702006542356 
24.909999999955286, -0.013177968046009047 
24.919999999955262, -0.013444479383740882 
24.92999999995524, -0.013925376523970578 
24.939999999955216, -0.014617839010270079 
24.949999999955192, -0.015477984615002799 
24.95999999995517, -0.016419239155988464 
24.969999999955146, -0.017332393862857152 
24.979999999955123, -0.018120910541160204 
24.9899999999551, -0.018728604770072863 
24.999999999955076, -0.019143547131393397 
