t, s[1].omega / s[0].omega 
0, -0.7399976760843189 
0.009999999999999995, -0.7397440945245297 
0.019999999999999934, -0.7394473611322205 
0.029999999999999874, -0.7391050788092881 
0.04000000000000012, -0.7387163994468318 
0.050000000000000405, -0.7382846276057028 
0.06000000000000069, -0.7378186119797626 
0.07000000000000098, -0.7373331711810145 
0.08000000000000126, -0.736849455823348 
0.09000000000000155, -0.7363958662520024 
0.10000000000000184, -0.7360094252855609 
0.11000000000000212, -0.7357368774442301 
0.12000000000000241, -0.7356345051742695 
0.130000000000002, -0.7357658015633686 
0.1400000000000009, -0.7361966641376888 
0.1499999999999998, -0.7369883919376827 
0.1599999999999987, -0.7381890264184523 
0.1699999999999976, -0.7398232414820226 
0.1799999999999965, -0.7418805370139172 
0.1899999999999954, -0.7443022562677092 
0.1999999999999943, -0.7469713666634402 
0.2099999999999932, -0.7497142924401847 
0.2199999999999921, -0.7523255630715071 
0.229999999999991, -0.754615217268253 
0.2399999999999899, -0.7564584092937732 
0.2499999999999888, -0.7578181839671119 
0.2599999999999877, -0.758731092646497 
0.2699999999999866, -0.7592720091489525 
0.2799999999999855, -0.7595213357865741 
0.2899999999999844, -0.7595458422375911 
0.2999999999999833, -0.7593919013302802 
0.3099999999999822, -0.7590855491721575 
0.3199999999999811, -0.7586349699642401 
0.32999999999998, -0.7580334570570219 
0.3399999999999789, -0.7572628765682489 
0.3499999999999778, -0.7562990429418617 
0.35999999999997667, -0.7551212543586505 
0.36999999999997557, -0.7537278347240328 
0.37999999999997447, -0.7521562682636069 
0.38999999999997337, -0.7504996022629826 
0.39999999999997227, -0.7489049958070912 
0.40999999999997117, -0.7475467193370221 
0.41999999999997006, -0.7465841977287104 
0.42999999999996896, -0.7461205087865671 
0.43999999999996786, -0.7461661995425104 
0.44999999999996676, -0.7466252168328156 
0.45999999999996566, -0.7473283677097127 
0.46999999999996456, -0.7480992633616286 
0.47999999999996346, -0.7488063551583279 
0.48999999999996235, -0.749377623829145 
0.49999999999996125, -0.7497881907052892 
0.5099999999999602, -0.7500399257209024 
0.519999999999959, -0.7501442927031732 
0.529999999999958, -0.7501111072416401 
0.5399999999999568, -0.749941831214975 
0.5499999999999557, -0.7496253294836996 
0.5599999999999546, -0.7491348095498422 
0.5699999999999535, -0.748426113634097 
0.5799999999999524, -0.7474394635166888 
0.5899999999999513, -0.7461086210278827 
0.5999999999999502, -0.7443810421392099 
0.6099999999999491, -0.7422465860025989 
0.619999999999948, -0.7397614101922855 
0.6299999999999469, -0.7370487206075811 
0.6399999999999458, -0.7342707362483326 
0.6499999999999447, -0.7315876699682878 
0.6599999999999436, -0.7291263541486914 
0.6699999999999425, -0.7269685799584563 
0.6799999999999414, -0.7251544949884925 
0.6899999999999403, -0.7236918452079991 
0.6999999999999392, -0.722565033885399 
0.7099999999999381, -0.7217422632228837 
0.719999999999937, -0.7211812692191027 
0.7299999999999359, -0.7208344329456664 
0.7399999999999348, -0.7206534468668001 
0.7499999999999337, -0.7205931599695473 
0.7599999999999326, -0.7206141429564312 
0.7699999999999315, -0.7206838492031696 
0.7799999999999304, -0.7207766838729628 
0.7899999999999293, -0.7208735210925054 
0.7999999999999282, -0.7209610742037541 
0.8099999999999271, -0.7210310868817209 
0.819999999999926, -0.7210788939378507 
0.8299999999999249, -0.7211010069904854 
0.8399999999999238, -0.7210922465013211 
0.8499999999999227, -0.7210439518197055 
0.8599999999999216, -0.7209447543916594 
0.8699999999999205, -0.7207838568412124 
0.8799999999999194, -0.7205549465054536 
0.8899999999999183, -0.7202585812800764 
0.8999999999999172, -0.7199023819177894 
0.9099999999999161, -0.7195000960469063 
0.919999999999915, -0.719071154880069 
0.9299999999999139, -0.7186417786350177 
0.9399999999999128, -0.7182478070693145 
0.9499999999999117, -0.7179387090197303 
0.9599999999999106, -0.7177816513811585 
0.9699999999999095, -0.7178639907930139 
0.9799999999999084, -0.7182921592764123 
0.9899999999999073, -0.7191847993570586 
0.9999999999999062, -0.7206581937373285 
1.0099999999999052, -0.7228025188438902 
1.019999999999904, -0.7256488874049529 
1.029999999999903, -0.729131677403277 
1.039999999999902, -0.7330605567268245 
1.0499999999999008, -0.7371278725443793 
1.0599999999998997, -0.7409725490717717 
1.0699999999998986, -0.7442853378670865 
1.0799999999998975, -0.7468963838928813 
1.0899999999998964, -0.748791792919047 
1.0999999999998953, -0.7500644196281924 
1.1099999999998942, -0.7508466277316388 
1.119999999999893, -0.7512626717103983 
1.129999999999892, -0.7514079121937388 
1.1399999999998909, -0.7513453104732154 
1.1499999999998898, -0.7511086175591616 
1.1599999999998887, -0.7507060197537917 
1.1699999999998876, -0.7501216343491028 
1.1799999999998865, -0.7493141628010885 
1.1899999999998854, -0.7482130525594111 
1.1999999999998843, -0.7467138243436872 
1.2099999999998832, -0.7446770352092404 
1.219999999999882, -0.741940842867151 
1.229999999999881, -0.7383640816841799 
1.2399999999998799, -0.7339145135916785 
1.2499999999998788, -0.7287818791185645 
1.2599999999998777, -0.723426683658531 
1.2699999999998766, -0.7184626490382889 
1.2799999999998755, -0.7144082433878606 
1.2899999999998744, -0.711493809079166 
1.2999999999998733, -0.7096523951810665 
1.3099999999998722, -0.7086432723763757 
1.319999999999871, -0.7081875615178613 
1.32999999999987, -0.7080494478094571 
1.3399999999998689, -0.7080616235807483 
1.3499999999998678, -0.7081186600211307 
1.3599999999998666, -0.7081593023426251 
1.3699999999998655, -0.7081489464285845 
1.3799999999998644, -0.708066201031522 
1.3899999999998633, -0.707893856411249 
1.3999999999998622, -0.7076135834515034 
1.4099999999998611, -0.7072039907935405 
1.41999999999986, -0.7066423152680896 
1.429999999999859, -0.7059100927950641 
1.4399999999998578, -0.7050017470659802 
1.4499999999998567, -0.7039322922861324 
1.4599999999998556, -0.7027388011674013 
1.4699999999998545, -0.7014731376701404 
1.4799999999998534, -0.7001895394922462 
1.4899999999998523, -0.6989340312055042 
1.4999999999998512, -0.6977401444540835 
1.5099999999998501, -0.6966304703957076 
1.519999999999849, -0.6956208370756796 
1.529999999999848, -0.694724222786409 
1.5399999999998468, -0.6939530670841066 
1.5499999999998457, -0.6933198788970583 
1.5599999999998446, -0.6928366063890561 
1.5699999999998435, -0.6925133835959005 
1.5799999999998424, -0.6923572560135774 
1.5899999999998413, -0.6923713768359976 
1.5999999999998402, -0.6925549385473717 
1.6099999999998391, -0.6929037805683161 
1.619999999999838, -0.6934112723623188 
1.629999999999837, -0.694068799395063 
1.6399999999998358, -0.6948650433885242 
1.6499999999998347, -0.6957833692200288 
1.6599999999998336, -0.6967972882757408 
1.6699999999998325, -0.69786546675712 
1.6799999999998314, -0.6989297529914053 
1.6899999999998303, -0.6999204051611148 
1.6999999999998292, -0.700769592640838 
1.709999999999828, -0.701427809247122 
1.719999999999827, -0.7018739800914116 
1.729999999999826, -0.7021140295084322 
1.7399999999998248, -0.7021708488196182 
1.7499999999998237, -0.7020727095784477 
1.7599999999998226, -0.7018451547576106 
1.7699999999998215, -0.7015075671070838 
1.7799999999998204, -0.7010735455691272 
1.7899999999998193, -0.700554193670491 
1.7999999999998182, -0.699964305188759 
1.809999999999817, -0.699332258298673 
1.819999999999816, -0.6987144271364426 
1.8299999999998149, -0.6982129359215901 
1.8399999999998138, -0.6979899478721551 
1.8499999999998127, -0.6982619778692873 
1.8599999999998116, -0.6992503849844336 
1.8699999999998105, -0.7010788038501776 
1.8799999999998094, -0.7036628900134692 
1.8899999999998083, -0.7066930106849388 
1.8999999999998072, -0.7097610155633328 
1.909999999999806, -0.7125349111289432 
1.919999999999805, -0.7148428980084668 
1.9299999999998039, -0.7166495426655002 
1.9399999999998028, -0.7179958521150385 
1.9499999999998017, -0.7189527014460162 
1.9599999999998006, -0.7195945546492589 
1.9699999999997995, -0.7199865331430508 
1.9799999999997984, -0.7201789135750423 
1.9899999999997973, -0.7202054235419062 
1.9999999999997962, -0.7200829801452147 
2.0099999999998173, -0.7198113870559733 
2.0199999999998384, -0.7193723146745239 
2.0299999999998595, -0.7187278655197678 
2.0399999999998806, -0.7178205097449758 
2.0499999999999017, -0.7165782559071233 
2.059999999999923, -0.7149303621152857 
2.069999999999944, -0.7128360556743133 
2.079999999999965, -0.7103181583344452 
2.089999999999986, -0.7074808244867704 
2.100000000000007, -0.7044930192697854 
2.1100000000000283, -0.7015433031070484 
2.1200000000000494, -0.6987932325797797 
2.1300000000000705, -0.6963522251883214 
2.1400000000000916, -0.6942761400756325 
2.1500000000001127, -0.6925786768708546 
2.160000000000134, -0.6912449719401916 
2.170000000000155, -0.6902424797353638 
2.180000000000176, -0.6895286002465308 
2.190000000000197, -0.6890561079482495 
2.2000000000002182, -0.6887773256515979 
2.2100000000002393, -0.6886473907411677 
2.2200000000002604, -0.6886265607747724 
2.2300000000002815, -0.6886814738744442 
2.2400000000003026, -0.6887854818203896 
2.2500000000003237, -0.6889183710395741 
2.260000000000345, -0.6890657851902342 
2.270000000000366, -0.6892184009659464 
2.280000000000387, -0.6893705313812487 
2.290000000000408, -0.6895177276937768 
2.3000000000004293, -0.6896535320450856 
2.3100000000004504, -0.6897666604611448 
2.3200000000004715, -0.6898405668436168 
2.3300000000004926, -0.6898564304803124 
2.3400000000005137, -0.6897983431491002 
2.3500000000005348, -0.6896577918025885 
2.360000000000556, -0.689435195535475 
2.370000000000577, -0.6891386156052128 
2.380000000000598, -0.688781553789291 
2.390000000000619, -0.6883818499263583 
2.4000000000006403, -0.6879627976344843 
2.4100000000006614, -0.6875567727170717 
2.4200000000006825, -0.6872112117257896 
2.4300000000007036, -0.6869963820316024 
2.4400000000007247, -0.6870136268849346 
2.450000000000746, -0.6874013666562278 
2.460000000000767, -0.6883340345246868 
2.470000000000788, -0.6900066662058628 
2.480000000000809, -0.6925964557259878 
2.49000000000083, -0.6961961980890221 
2.5000000000008513, -0.7007303692238107 
2.5100000000008724, -0.7058956972858337 
2.5200000000008935, -0.7111918424738218 
2.5300000000009146, -0.7160712004080894 
2.5400000000009357, -0.7201324190885676 
2.550000000000957, -0.723224487820834 
2.560000000000978, -0.725410973299529 
2.570000000000999, -0.7268626903452051 
2.58000000000102, -0.7277651370865621 
2.5900000000010412, -0.7282718566734319 
2.6000000000010624, -0.7284925647538039 
2.6100000000010835, -0.7284968578600045 
2.6200000000011046, -0.7283212197978723 
2.6300000000011257, -0.7279740035665261 
2.6400000000011468, -0.7274366988801988 
2.650000000001168, -0.7266612545480358 
2.660000000001189, -0.7255642202934387 
2.67000000000121, -0.7240206365122986 
2.680000000001231, -0.7218655220696143 
2.6900000000012523, -0.7189182558651954 
2.7000000000012734, -0.7150474219881152 
2.7100000000012945, -0.710272180517578 
2.7200000000013156, -0.7048442387917075 
2.7300000000013367, -0.6992244424381737 
2.740000000001358, -0.6939350339869761 
2.750000000001379, -0.6893831836750726 
2.7600000000014, -0.6857681114100159 
2.770000000001421, -0.6830945336967558 
2.780000000001442, -0.6812420265394831 
2.7900000000014633, -0.6800370702586209 
2.8000000000014844, -0.6793034305698055 
2.8100000000015055, -0.6788887757408055 
2.8200000000015266, -0.6786739049354145 
2.8300000000015477, -0.6785717278435274 
2.840000000001569, -0.678521437838012 
2.85000000000159, -0.6784813899058987 
2.860000000001611, -0.6784226804409064 
2.870000000001632, -0.6783244392181094 
2.8800000000016532, -0.6781712743910634 
2.8900000000016743, -0.6779528837410108 
2.9000000000016954, -0.6776652335088806 
2.9100000000017165, -0.6773118722704601 
2.9200000000017377, -0.6769035110899886 
2.9300000000017588, -0.6764548804740806 
2.94000000000178, -0.675979950419072 
2.950000000001801, -0.6754881407728753 
2.960000000001822, -0.6749835744569579 
2.970000000001843, -0.6744672918292605 
2.9800000000018643, -0.6739406623079349 
2.9900000000018854, -0.6734082221461608 
3.0000000000019065, -0.6728793256106191 
3.0100000000019276, -0.672369049969078 
3.0200000000019487, -0.6718990526302797 
3.03000000000197, -0.6714987247406873 
3.040000000001991, -0.6712064968511589 
3.050000000002012, -0.6710708196583373 
3.060000000002033, -0.6711502255759958 
3.070000000002054, -0.6715119100273154 
3.0800000000020753, -0.6722283059375502 
3.0900000000020964, -0.6733709503903109 
3.1000000000021175, -0.6750004376882909 
3.1100000000021386, -0.6771507548288256 
3.1200000000021597, -0.6798071031222452 
3.130000000002181, -0.6828807237340935 
3.140000000002202, -0.6861933880213342 
3.150000000002223, -0.6894922161407663 
3.160000000002244, -0.69250687448435 
3.1700000000022652, -0.6950288004615088 
3.1800000000022863, -0.6969646309475945 
3.1900000000023074, -0.6983330321708815 
3.2000000000023285, -0.6992201378018212 
3.2100000000023496, -0.6997305202811168 
3.2200000000023707, -0.6999560776287432 
3.230000000002392, -0.6999638103822468 
3.240000000002413, -0.6997943831051872 
3.250000000002434, -0.6994641250324434 
3.260000000002455, -0.6989663594411862 
3.2700000000024763, -0.6982702729374874 
3.2800000000024974, -0.697316736828362 
3.2900000000025185, -0.696011475995326 
3.3000000000025396, -0.694218128796793 
3.3100000000025607, -0.6917589796034809 
3.3200000000025818, -0.6884404631498255 
3.330000000002603, -0.6841269427538859 
3.340000000002624, -0.6788648227327817 
3.350000000002645, -0.672988547487348 
3.360000000002666, -0.6670839440548911 
3.3700000000026873, -0.6617748001417245 
3.3800000000027084, -0.6574820415270107 
3.3900000000027295, -0.6543283098081882 
3.4000000000027506, -0.6522015095348681 
3.4100000000027717, -0.650877155562166 
3.420000000002793, -0.6501166404826433 
3.430000000002814, -0.6497182565847214 
3.440000000002835, -0.6495319140539098 
3.450000000002856, -0.6494547258613658 
3.460000000002877, -0.6494197408445321 
3.4700000000028983, -0.6493842658169582 
3.4800000000029194, -0.6493203643802232 
3.4900000000029405, -0.6492082058279939 
3.5000000000029616, -0.649032257134968 
3.5100000000029827, -0.6487801834678351 
3.520000000003004, -0.6484441521923308 
3.530000000003025, -0.6480235837980843 
3.540000000003046, -0.6475273737758018 
3.550000000003067, -0.646973250605684 
3.5600000000030882, -0.6463834039052678 
3.5700000000031094, -0.6457782568503773 
3.5800000000031305, -0.6451718098704718 
3.5900000000031516, -0.6445707945069338 
3.6000000000031727, -0.6439772356061526 
3.6100000000031938, -0.6433923201421001 
3.620000000003215, -0.6428196634488706 
3.630000000003236, -0.6422673210392352 
3.640000000003257, -0.6417489410948315 
3.650000000003278, -0.6412847228109237 
3.6600000000032993, -0.6409025595806187 
3.6700000000033204, -0.6406393393922625 
3.6800000000033415, -0.6405420921786569 
3.6900000000033626, -0.6406685406055088 
3.7000000000033837, -0.6410865341015218 
3.710000000003405, -0.6418716668562502 
3.720000000003426, -0.6431019132948631 
3.730000000003447, -0.6448473038853906 
3.740000000003468, -0.647151993975592 
3.750000000003489, -0.6500072223379029 
3.7600000000035103, -0.6533195985893424 
3.7700000000035314, -0.6568912413648861 
3.7800000000035525, -0.6604381913507242 
3.7900000000035736, -0.6636605702191024 
3.8000000000035947, -0.6663355415173053 
3.810000000003616, -0.6683737735095143 
3.820000000003637, -0.6698081345803334 
3.830000000003658, -0.6707393451308669 
3.840000000003679, -0.6712822243109755 
3.8500000000037002, -0.6715344351322924 
3.8600000000037213, -0.6715657339613712 
3.8700000000037424, -0.6714178035771552 
3.8800000000037635, -0.6711068590479343 
3.8900000000037847, -0.6706249779254427 
3.9000000000038058, -0.6699384849308017 
3.910000000003827, -0.6689829508686046 
3.920000000003848, -0.6676556937024858 
3.930000000003869, -0.6658098248626441 
3.94000000000389, -0.6632606609684948 
3.9500000000039113, -0.6598242014387342 
3.9600000000039324, -0.6554050822794926 
3.9700000000039535, -0.6501131394501793 
3.9800000000039746, -0.6443216231475438 
3.9900000000039957, -0.6385780787188858 
4.000000000004016, -0.6334029332661152 
4.010000000003993, -0.6291223302717931 
4.02000000000397, -0.625829786145077 
4.030000000003946, -0.6234478194417548 
4.040000000003923, -0.6218146668142323 
4.0500000000039, -0.6207501745627166 
4.0600000000038765, -0.6200917944632212 
4.070000000003853, -0.6197083042558074 
4.08000000000383, -0.6195009277330701 
4.090000000003807, -0.6193987458796852 
4.100000000003783, -0.6193523700153635 
4.11000000000376, -0.6193279045315715 
4.120000000003737, -0.6193021389802185 
4.130000000003713, -0.6192593467815617 
4.14000000000369, -0.6191897224937619 
4.150000000003667, -0.6190890986016723 
4.1600000000036434, -0.6189590413031347 
4.17000000000362, -0.6188060082418307 
4.180000000003597, -0.6186385864207233 
4.1900000000035735, -0.6184632076614012 
4.20000000000355, -0.6182803345492754 
4.210000000003527, -0.6180834285282553 
4.220000000003504, -0.6178614725675279 
4.23000000000348, -0.6176035620880659 
4.240000000003457, -0.6173029867220197 
4.250000000003434, -0.6169591247469348 
4.26000000000341, -0.6165773376012507 
4.270000000003387, -0.616168264557752 
4.280000000003364, -0.615747940868596 
4.2900000000033405, -0.6153395860868953 
4.300000000003317, -0.614977396092731 
4.310000000003294, -0.6147123783956709 
4.320000000003271, -0.6146199648438808 
4.330000000003247, -0.6148084376227544 
4.340000000003224, -0.6154256445270547 
4.350000000003201, -0.6166585363128452 
4.360000000003177, -0.6187156431376349 
4.370000000003154, -0.6217789187883253 
4.380000000003131, -0.6259165908529079 
4.390000000003107, -0.6309771745408201 
4.400000000003084, -0.6365366991622596 
4.410000000003061, -0.6419895838799258 
4.4200000000030375, -0.6467750623791901 
4.430000000003014, -0.6505809231553055 
4.440000000002991, -0.6533784942065892 
4.450000000002968, -0.6553165889137931 
4.460000000002944, -0.6565967346676672 
4.470000000002921, -0.6573997452073275 
4.480000000002898, -0.657861789452041 
4.490000000002874, -0.6580754062572438 
4.500000000002851, -0.6580976835607678 
4.510000000002828, -0.6579577884712214 
4.520000000002804, -0.6576615737611238 
4.530000000002781, -0.6571932029894348 
4.540000000002758, -0.6565147548761922 
4.5500000000027345, -0.6555660034665696 
4.560000000002711, -0.6542686840884845 
4.570000000002688, -0.6525417106691173 
4.580000000002665, -0.650332114395523 
4.590000000002641, -0.6476553761875248 
4.600000000002618, -0.6446214674497208 
4.610000000002595, -0.6414202046505625 
4.620000000002571, -0.6382671719451507 
4.630000000002548, -0.6353440832988061 
4.640000000002525, -0.6327665359942347 
4.6500000000025015, -0.6305842960166563 
4.660000000002478, -0.6287991212955725 
4.670000000002455, -0.6273846899831093 
4.6800000000024315, -0.626301407241612 
4.690000000002408, -0.6255053285755503 
4.700000000002385, -0.6249529377352986 
4.710000000002362, -0.6246036241503481 
4.720000000002338, -0.6244210450251954 
4.730000000002315, -0.624373932575589 
4.740000000002292, -0.6244365437239106 
4.750000000002268, -0.6245888118381105 
4.760000000002245, -0.6248162200566203 
4.770000000002222, -0.625109338029607 
4.7800000000021985, -0.6254627731396124 
4.790000000002175, -0.625873058861394 
4.800000000002152, -0.6263350364994705 
4.810000000002129, -0.6268369911549303 
4.820000000002105, -0.6273562371054653 
4.830000000002082, -0.6278581367456146 
4.840000000002059, -0.6283009659026334 
4.850000000002035, -0.6286456949381843 
4.860000000002012, -0.6288657722218042 
4.870000000001989, -0.6289515133821176 
4.880000000001965, -0.6289076782813934 
4.890000000001942, -0.6287472007453911 
4.900000000001919, -0.6284850711818222 
4.9100000000018955, -0.6281346551892152 
4.920000000001872, -0.6277068515060804 
4.930000000001849, -0.6272117539060329 
4.940000000001826, -0.6266626528765039 
4.950000000001802, -0.626082599720679 
4.960000000001779, -0.6255136669663389 
4.970000000001756, -0.6250275971245574 
4.980000000001732, -0.6247325655034776 
4.990000000001709, -0.624764075155283 
5.000000000001686, -0.6252438011771451 
5.0100000000016625, -0.626204787540354 
5.020000000001639, -0.6275286248558636 
5.030000000001616, -0.6289772184695147 
5.0400000000015925, -0.6303285232235313 
5.050000000001569, -0.6314865989898018 
5.060000000001546, -0.6324629034969498 
5.070000000001523, -0.6332938901040784 
5.080000000001499, -0.6339961635309572 
5.090000000001476, -0.6345694165349592 
5.100000000001453, -0.6350114213552822 
5.110000000001429, -0.6353252664094493 
5.120000000001406, -0.6355186611883338 
5.130000000001383, -0.6356001923476996 
5.1400000000013595, -0.6355756053696364 
5.150000000001336, -0.6354450563709674 
5.160000000001313, -0.6352014043481161 
5.17000000000129, -0.6348297042969813 
5.180000000001266, -0.6343086341983886 
5.190000000001243, -0.6336151099548916 
5.20000000000122, -0.6327329094652868 
5.210000000001196, -0.6316637373176444 
5.220000000001173, -0.6304354359330662 
5.23000000000115, -0.629100811342638 
5.240000000001126, -0.6277255202266133 
5.250000000001103, -0.6263714756578899 
5.26000000000108, -0.6250849573064619 
5.2700000000010565, -0.6238937309363234 
5.280000000001033, -0.6228111097510317 
5.29000000000101, -0.6218424361429535 
5.300000000000987, -0.6209906670445429 
5.310000000000963, -0.6202598811918342 
5.32000000000094, -0.6196569054618719 
5.330000000000917, -0.619191697278024 
5.340000000000893, -0.6188770599514286 
5.35000000000087, -0.6187280939082085 
5.360000000000847, -0.6187616460018308 
5.3700000000008234, -0.6189958930388886 
5.3800000000008, -0.619450012587427 
5.390000000000777, -0.6201435947936742 
5.4000000000007535, -0.6210950185525821 
5.41000000000073, -0.6223175429847407 
5.420000000000707, -0.6238116948480981 
5.430000000000684, -0.6255534642317652 
5.44000000000066, -0.6274809455001379 
5.450000000000637, -0.62948728210473 
5.460000000000614, -0.6314309279616618 
5.47000000000059, -0.6331674956435288 
5.480000000000567, -0.6345901286481598 
5.490000000000544, -0.6356541178128334 
5.5000000000005205, -0.6363727381464825 
5.510000000000497, -0.6367934321589718 
5.520000000000474, -0.6369723091364451 
5.5300000000004506, -0.6369574534324834 
5.540000000000427, -0.636781481694763 
5.550000000000404, -0.6364594002051402 
5.560000000000381, -0.6359879533399849 
5.570000000000357, -0.6353440542532267 
5.580000000000334, -0.6344809728914794 
5.590000000000311, -0.633321700050662 
5.600000000000287, -0.6317502023859655 
5.610000000000264, -0.6296050223720147 
5.620000000000241, -0.6266884470688152 
5.6300000000002175, -0.6228165797565169 
5.640000000000194, -0.6179312873190657 
5.650000000000171, -0.6122370457076722 
5.660000000000148, -0.6062366075215789 
5.670000000000124, -0.600568298660695 
5.680000000000101, -0.5957443964074873 
5.690000000000078, -0.5919961796331845 
5.700000000000054, -0.5892959083349245 
5.710000000000031, -0.5874691857002419 
5.720000000000008, -0.5862995752190269 
5.729999999999984, -0.5855890909087471 
5.739999999999961, -0.5851808627430475 
5.749999999999938, -0.5849605581218242 
5.7599999999999145, -0.5848491214838208 
5.769999999999891, -0.5847936081372092 
5.779999999999868, -0.5847590319211594 
5.789999999999845, -0.5847221906479949 
5.799999999999821, -0.5846676233200714 
5.809999999999798, -0.5845855581016377 
5.819999999999775, -0.5844714875936543 
5.829999999999751, -0.5843265980824423 
5.839999999999728, -0.584157759678282 
5.849999999999705, -0.5839757041098514 
5.8599999999996815, -0.5837909935906513 
5.869999999999658, -0.5836091607115923 
5.879999999999635, -0.5834275947118599 
5.8899999999996115, -0.5832361175187761 
5.899999999999588, -0.5830210057880602 
5.909999999999565, -0.582770145419383 
5.919999999999542, -0.5824766933645642 
5.929999999999518, -0.5821401555354097 
5.939999999999495, -0.5817656646542209 
5.949999999999472, -0.581363058157672 
5.959999999999448, -0.5809470753727575 
5.969999999999425, -0.5805393964605825 
5.979999999999402, -0.580172877837015 
5.9899999999993785, -0.5798981986007831 
5.999999999999355, -0.5797928784652323 
6.009999999999332, -0.5799717092766233 
6.019999999999309, -0.580595239817944 
6.029999999999285, -0.5818680915159351 
6.039999999999262, -0.58401175011718 
6.049999999999239, -0.5871927732516405 
6.059999999999215, -0.5914044289934379 
6.069999999999192, -0.5963569672697998 
6.079999999999169, -0.6014947631191235 
6.089999999999145, -0.6062039313447253 
6.099999999999122, -0.6100748486509316 
6.109999999999099, -0.6130027413284906 
6.1199999999990755, -0.6150971954330123 
6.129999999999052, -0.616542179954358 
6.139999999999029, -0.6175096710895859 
6.149999999999006, -0.6181316763993465 
6.159999999998982, -0.6185008023168252 
6.169999999998959, -0.618678338289347 
6.179999999998936, -0.6187017277264208 
6.189999999998912, -0.6185896158794226 
6.199999999998889, -0.6183446977375406 
6.209999999998866, -0.6179551845426804 
6.2199999999988425, -0.6173962031899289 
6.229999999998819, -0.6166332165356099 
6.239999999998796, -0.6156301665928944 
6.2499999999987725, -0.6143639601225819 
6.259999999998749, -0.6128423192443664 
6.269999999998726, -0.6111154239761183 
6.279999999998703, -0.6092707146832002 
6.289999999998679, -0.6074105054731068 
6.299999999998656, -0.6056253763415248 
6.309999999998633, -0.6039779188435701 
6.319999999998609, -0.6025011135281763 
6.329999999998586, -0.6012060188897914 
6.339999999998563, -0.6000915575371021 
6.3499999999985395, -0.5991521639560144 
6.359999999998516, -0.5983822800376454 
6.369999999998493, -0.597778343211935 
6.37999999999847, -0.5973392870615225 
6.389999999998446, -0.5970663859533821 
6.399999999998423, -0.596962977409159 
6.4099999999984, -0.597034340928987 
6.419999999998376, -0.5972877973058259 
6.429999999998353, -0.5977328704919593 
6.43999999999833, -0.5983810756446075 
6.449999999998306, -0.5992445372225845 
6.459999999998283, -0.6003322739854562 
6.46999999999826, -0.6016429491756463 
6.4799999999982365, -0.6031539289999935 
6.489999999998213, -0.6048095140469837 
6.49999999999819, -0.6065157421856636 
6.509999999998167, -0.608151039850189 
6.519999999998143, -0.6095947863414014 
6.52999999999812, -0.6107608927084192 
6.539999999998097, -0.6116161227019108 
6.549999999998073, -0.6121743730699706 
6.55999999999805, -0.6124760288075358 
6.569999999998027, -0.6125670347223506 
6.5799999999980034, -0.6124854440447871 
6.58999999999798, -0.6122552880022758 
6.599999999997957, -0.6118844118556904 
6.6099999999979335, -0.6113631366153528 
6.61999999999791, -0.6106616824419644 
6.629999999997887, -0.6097251129472093 
6.639999999997864, -0.6084653040509275 
6.64999999999784, -0.6067512838383244 
6.659999999997817, -0.604404633102213 
6.669999999997794, -0.6012178523540246 
6.67999999999777, -0.5970245669783071 
6.689999999997747, -0.5918314262097786 
6.699999999997724, -0.5859411084404886 
6.7099999999977005, -0.5799250501753769 
6.719999999997677, -0.5744050690596717 
6.729999999997654, -0.5698088862110363 
6.7399999999976306, -0.5662792619341228 
6.749999999997607, -0.5637385882630113 
6.759999999997584, -0.5620029563665463 
6.769999999997561, -0.5608694055409116 
6.779999999997537, -0.5601602417684928 
6.789999999997514, -0.5597368779547087 
6.799999999997491, -0.5594983276845962 
6.809999999997467, -0.5593741136262425 
6.819999999997444, -0.5593164060195198 
6.829999999997421, -0.5592933221963342 
6.8399999999973975, -0.5592839651575033 
6.849999999997374, -0.5592752345115447 
6.859999999997351, -0.5592601959688153 
6.869999999997328, -0.5592375267701889 
6.879999999997304, -0.5592111539949329 
6.889999999997281, -0.559188893660528 
6.899999999997258, -0.5591792033359874 
6.909999999997234, -0.5591863900031437 
6.919999999997211, -0.5592062097612578 
6.929999999997188, -0.5592244675645971 
6.939999999997164, -0.559220029877658 
6.949999999997141, -0.5591710503735888 
6.959999999997118, -0.5590611091935797 
6.9699999999970945, -0.5588822754348584 
6.979999999997071, -0.5586345113514442 
6.989999999997048, -0.5583230567949827 
6.999999999997025, -0.5579559125165161 
7.009999999997001, -0.5575427585622836 
7.019999999996978, -0.5570957947260048 
7.029999999996955, -0.5566326344368736 
7.039999999996931, -0.55618136459839 
7.049999999996908, -0.5557877097965296 
7.059999999996885, -0.5555231825086474 
7.0699999999968615, -0.5554901017380064 
7.079999999996838, -0.5558135758305559 
7.089999999996815, -0.5566044787063643 
7.0999999999967915, -0.5578840051980221 
7.109999999996768, -0.5595020621338047 
7.119999999996745, -0.5611446710110448 
7.129999999996722, -0.5624953999547923 
7.139999999996698, -0.5634285088426347 
7.149999999996675, -0.5640289571066417 
7.159999999996652, -0.5644521551323368 
7.169999999996628, -0.5648044279110861 
7.179999999996605, -0.5651221644097103 
7.189999999996582, -0.5654020983494857 
7.1999999999965585, -0.5656303965182798 
7.209999999996535, -0.5657960081412645 
7.219999999996512, -0.5658930300262462 
7.229999999996489, -0.5659186725262784 
7.239999999996465, -0.5658704783832164 
7.249999999996442, -0.5657441930210172 
7.259999999996419, -0.5655327762248842 
7.269999999996395, -0.5652269316658454 
7.279999999996372, -0.5648175948506581 
7.289999999996349, -0.5643004531982376 
7.299999999996325, -0.5636813296265475 
7.309999999996302, -0.5629795815141411 
7.319999999996279, -0.5622263652529791 
7.3299999999962555, -0.5614572744796121 
7.339999999996232, -0.5607029106893744 
7.349999999996209, -0.5599824493231249 
7.359999999996186, -0.5593028161240158 
7.369999999996162, -0.5586624069574248 
7.379999999996139, -0.5580564210812351 
7.389999999996116, -0.5574813602453648 
7.399999999996092, -0.5569378120653484 
7.409999999996069, -0.5564319399050459 
7.419999999996046, -0.5559765862548012 
7.4299999999960225, -0.5555927530026409 
7.439999999995999, -0.5553118759233067 
7.449999999995976, -0.5551790137686174 
7.4599999999959525, -0.5552568269888905 
7.469999999995929, -0.5556298644245012 
7.479999999995906, -0.5564079241812793 
7.489999999995883, -0.5577256999072923 
7.499999999995859, -0.5597331985082938 
7.509999999995836, -0.5625680538268704 
7.519999999995813, -0.5663005930339178 
7.529999999995789, -0.5708548406680877 
7.539999999995766, -0.575942669433702 
7.549999999995743, -0.5810840771025892 
7.5599999999957195, -0.585756011152454 
7.569999999995696, -0.5895911717587649 
7.579999999995673, -0.5924768466108268 
7.58999999999565, -0.5945042586119562 
7.599999999995626, -0.5958533290219352 
7.609999999995603, -0.596704292025831 
7.61999999999558, -0.5971996015705675 
7.629999999995556, -0.597438353656951 
7.639999999995533, -0.5974828976476837 
7.64999999999551, -0.5973667997086316 
7.659999999995486, -0.5971004434647028 
7.669999999995463, -0.5966738265615981 
7.67999999999544, -0.5960575214608561 
7.6899999999954165, -0.5952039567383467 
7.699999999995393, -0.5940528146467687 
7.70999999999537, -0.5925455514638184 
7.719999999995347, -0.5906515258373922 
7.729999999995323, -0.5883983724638109 
7.7399999999953, -0.5858868187682451 
7.749999999995277, -0.5832721765080396 
7.759999999995253, -0.5807189329943835 
7.76999999999523, -0.578357057916306 
7.779999999995207, -0.5762627720077544 
7.789999999995183, -0.5744638210273987 
7.79999999999516, -0.5729559736112726 
7.809999999995137, -0.5717191271201619 
7.8199999999951135, -0.5707282754823544 
7.82999999999509, -0.5699593680747616 
7.839999999995067, -0.5693917500494594 
7.849999999995044, -0.5690088287391728 
7.85999999999502, -0.5687980653245923 
7.869999999994997, -0.5687508795447506 
7.879999999994974, -0.5688626987181272 
7.88999999999495, -0.5691331423661439 
7.899999999994927, -0.5695661302889808 
7.909999999994904, -0.5701694542069856 
7.9199999999948805, -0.5709530214153109 
7.929999999994857, -0.5719246653178954 
7.939999999994834, -0.5730825259771981 
7.9499999999948106, -0.5744043068183129 
7.959999999994787, -0.5758368695681055 
7.969999999994764, -0.5772935685006733 
7.979999999994741, -0.5786669320906533 
7.989999999994717, -0.5798558229292663 
7.999999999994694, -0.5807932573647757 
8.00999999999467, -0.5814581675469677 
8.019999999994647, -0.5818670359584263 
8.029999999994624, -0.582055295199918 
8.0399999999946, -0.5820602779641274 
8.049999999994577, -0.5819107572323732 
8.059999999994554, -0.581622094338919 
8.06999999999453, -0.5811940023620221 
8.079999999994508, -0.5806083042269672 
8.089999999994484, -0.5798248977560577 
8.099999999994461, -0.5787748303632618 
8.109999999994438, -0.5773505223604629 
8.119999999994414, -0.5753965780521971 
8.129999999994391, -0.5727131558566609 
8.139999999994368, -0.5690970639047905 
8.149999999994344, -0.5644460033190224 
8.159999999994321, -0.5589000701045694 
8.169999999994298, -0.5529017582091392 
8.179999999994275, -0.547063325609682 
8.189999999994251, -0.5419157173614567 
8.199999999994228, -0.5377397177464778 
8.209999999994205, -0.5345659368877045 
8.219999999994181, -0.5322711328376601 
8.229999999994158, -0.5306757579932968 
8.239999999994135, -0.5296038056827759 
8.249999999994111, -0.5289081404428246 
8.259999999994088, -0.5284757081604117 
8.269999999994065, -0.5282239530731645 
8.279999999994041, -0.5280946483048559 
8.289999999994018, -0.5280478890455848 
8.299999999993995, -0.5280572339485524 
8.309999999993972, -0.5281062151015798 
8.319999999993948, -0.5281861113926231 
8.329999999993925, -0.5282946509109749 
8.339999999993902, -0.5284350089093789 
8.349999999993878, -0.5286141510338775 
8.359999999993855, -0.5288395592747634 
8.369999999993832, -0.5291140935468459 
8.379999999993808, -0.5294302415242742 
8.389999999993785, -0.5297665681046297 
8.399999999993762, -0.5300893830737158 
8.409999999993738, -0.5303603322164422 
8.419999999993715, -0.5305466319912606 
8.429999999993692, -0.5306284459079278 
8.439999999993669, -0.5306000157161801 
8.449999999993645, -0.5304655433465084 
8.459999999993622, -0.530233265594827 
8.469999999993599, -0.5299104870676337 
8.479999999993575, -0.5295004571277011 
8.489999999993552, -0.529000671880001 
8.499999999993529, -0.5284017247024166 
8.509999999993505, -0.5276856925549759 
8.519999999993482, -0.5268226855431498 
8.529999999993459, -0.5257633755265695 
8.539999999993436, -0.5244248147840133 
8.549999999993412, -0.5226704083034136 
8.559999999993389, -0.5203008956099706 
8.569999999993366, -0.517102980066565 
8.579999999993342, -0.5129999787223845 
8.589999999993319, -0.5082314565429149 
8.599999999993296, -0.5033484084444417 
8.609999999993272, -0.498951172652092 
8.619999999993249, -0.49541096324900247 
8.629999999993226, -0.49280179956609693 
8.639999999993202, -0.49100229801939077 
8.64999999999318, -0.4898218838092522 
8.659999999993156, -0.4890783349113281 
8.669999999993133, -0.48862711315371854 
8.67999999999311, -0.48836409300411254 
8.689999999993086, -0.4882183281922554 
8.699999999993063, -0.48814314570989864 
8.70999999999304, -0.4881086448390314 
8.719999999993016, -0.4880963234851949 
8.729999999992993, -0.48809571695757237 
8.73999999999297, -0.48810268281579505 
8.749999999992946, -0.48811879510391626 
8.759999999992923, -0.4881510170845801 
8.7699999999929, -0.48821050688301265 
8.779999999992876, -0.48830948780794287 
8.789999999992853, -0.48845600390323485 
8.79999999999283, -0.48864796451765 
8.809999999992806, -0.4888692981897573 
8.819999999992783, -0.4890910681573346 
8.82999999999276, -0.48927823359301437 
8.839999999992736, -0.48939916714946835 
8.849999999992713, -0.4894329471211282 
8.85999999999269, -0.48937112578533126 
8.869999999992666, -0.48921453403600096 
8.879999999992643, -0.4889680461561509 
8.88999999999262, -0.4886358258587739 
8.899999999992596, -0.48821793206987385 
8.909999999992573, -0.4877078788067558 
8.91999999999255, -0.48709014190892963 
8.929999999992527, -0.4863362593275431 
8.939999999992503, -0.4853976653217951 
8.94999999999248, -0.4841928996906672 
8.959999999992457, -0.48258825170453196 
8.969999999992433, -0.4803799744874181 
8.97999999999241, -0.4773102780073565 
8.989999999992387, -0.4731732934461431 
8.999999999992363, -0.4680167971143961 
9.00999999999234, -0.46227941438591574 
9.019999999992317, -0.4566512284518877 
9.029999999992294, -0.4517351319668378 
9.03999999999227, -0.4478230506532821 
9.049999999992247, -0.44491404940747065 
9.059999999992224, -0.44284959394581 
9.0699999999922, -0.44143105740769484 
9.079999999992177, -0.4404804171587511 
9.089999999992154, -0.43985920272806905 
9.09999999999213, -0.43946750293770603 
9.109999999992107, -0.43923652261450014 
9.119999999992084, -0.43912069610432686 
9.12999999999206, -0.4390913631818079 
9.139999999992037, -0.4391323434182408 
9.149999999992014, -0.4392371675992887 
9.15999999999199, -0.4394075143579522 
9.169999999991967, -0.43965220342712835 
9.179999999991944, -0.4399858017560613 
9.18999999999192, -0.4404256215246093 
9.199999999991897, -0.44098598036625647 
9.209999999991874, -0.44166954370588424 
9.21999999999185, -0.4424577321304664 
9.229999999991827, -0.4433050711253871 
9.239999999991804, -0.44414353177446964 
9.24999999999178, -0.444898694365364 
9.259999999991757, -0.445510643379579 
9.269999999991734, -0.44594749733193495 
9.27999999999171, -0.44620516191398235 
9.289999999991688, -0.4462970877862934 
9.299999999991664, -0.44624198435920637 
9.309999999991641, -0.44605448095772904 
9.319999999991618, -0.4457393243858455 
9.329999999991594, -0.4452874323372666 
9.339999999991571, -0.4446718500653385 
9.349999999991548, -0.4438423390718155 
9.359999999991524, -0.44271882020456516 
9.369999999991501, -0.44118724413750127 
9.379999999991478, -0.43910790800092625 
9.389999999991455, -0.4363529214288874 
9.399999999991431, -0.4328818873401675 
9.409999999991408, -0.4288243235311743 
9.419999999991385, -0.4244907626135572 
9.429999999991361, -0.42026869456210225 
9.439999999991338, -0.41647389456961903 
9.449999999991315, -0.41326866212163527 
9.459999999991291, -0.410674686979622 
9.469999999991268, -0.40863072032500247 
9.479999999991245, -0.4070456715728475 
9.489999999991221, -0.4058301962063764 
9.499999999991198, -0.40491018872677265 
9.509999999991175, -0.40423008468242994 
9.519999999991152, -0.40375187243514166 
9.529999999991128, -0.40345303033945373 
9.539999999991105, -0.40332484092840487 
9.549999999991082, -0.4033716269302007 
9.559999999991058, -0.40361102750506994 
9.569999999991035, -0.40407515923195403 
9.579999999991012, -0.40481210844180743 
9.589999999990988, -0.40588638656176884 
9.599999999990965, -0.40737544693197336 
9.609999999990942, -0.4093571301953237 
9.619999999990918, -0.411881464432074 
9.629999999990895, -0.4149245565868006 
9.639999999990872, -0.41833984368435145 
9.649999999990849, -0.42184861967301124 
9.659999999990825, -0.4251107390702303 
9.669999999990802, -0.4278515496584266 
9.679999999990779, -0.4299520304054634 
9.689999999990755, -0.4314420179058593 
9.699999999990732, -0.43243097622182625 
9.709999999990709, -0.4330418615087462 
9.719999999990685, -0.4333766789649448 
9.729999999990662, -0.4335075888430017 
9.739999999990639, -0.4334795856404668 
9.749999999990616, -0.43331584541034046 
9.759999999990592, -0.4330223780734112 
9.769999999990569, -0.43259174258796945 
9.779999999990546, -0.43200712042670286 
9.789999999990522, -0.4312487691612552 
9.799999999990499, -0.43030442972117616 
9.809999999990476, -0.4291824727503532 
9.819999999990452, -0.427921691881584 
9.829999999990429, -0.42658924312795127 
9.839999999990406, -0.42526413622281567 
9.849999999990382, -0.4240148497842909 
9.85999999999036, -0.42288398440625014 
9.869999999990336, -0.42188589143611166 
9.879999999990313, -0.42101394385384117 
9.88999999999029, -0.42025083276556935 
9.899999999990266, -0.4195772340158571 
9.909999999990243, -0.4189772665389625 
9.91999999999022, -0.4184411918007559 
9.929999999990196, -0.41796659089889665 
9.939999999990173, -0.4175592577080696 
9.94999999999015, -0.41723474739384825 
9.959999999990126, -0.41702123727852536 
9.969999999990103, -0.4169641752024152 
9.97999999999008, -0.41713295643101517 
9.989999999990056, -0.41762914283063457 
9.999999999990033, -0.4185935957329865 
10.00999999999001, -0.4202047856672088 
10.019999999989986, -0.42265136424568217 
10.029999999989963, -0.4260539165137085 
10.03999999998994, -0.43032764200015416 
10.049999999989916, -0.4350578500004806 
10.059999999989893, -0.4395622940914432 
10.06999999998987, -0.4432180857250022 
10.079999999989846, -0.4457884737447243 
10.089999999989823, -0.44742486895640254 
10.0999999999898, -0.4484274466237803 
10.109999999989776, -0.44905159691258084 
10.119999999989753, -0.4494555998377403 
10.12999999998973, -0.44972313672775865 
10.139999999989707, -0.4498958344016392 
10.149999999989683, -0.44999458818931315 
10.15999999998966, -0.45003021528028003 
10.169999999989637, -0.45000809270876935 
10.179999999989613, -0.44993017637876287 
10.18999999998959, -0.449796286116621 
10.199999999989567, -0.4496056722825406 
10.209999999989543, -0.44935934721272863 
10.21999999998952, -0.44906302526594316 
10.229999999989497, -0.4487295954533511 
10.239999999989474, -0.44837931392594194 
10.24999999998945, -0.4480363399456877 
10.259999999989427, -0.44772221315909233 
10.269999999989404, -0.44744906942270524 
10.27999999998938, -0.4472159076338049 
10.289999999989357, -0.4470096496654584 
10.299999999989334, -0.4468102723060821 
10.30999999998931, -0.4465973690121783 
10.319999999989287, -0.4463551575362995 
10.329999999989264, -0.44607434911880917 
10.33999999998924, -0.4457512857909799 
10.349999999989217, -0.4453858554536593 
10.359999999989194, -0.44497954564627207 
10.36999999998917, -0.4445342692186064 
10.379999999989147, -0.4440519417955812 
10.389999999989124, -0.44353430703748903 
10.3999999999891, -0.44298184356289994 
10.409999999989077, -0.44238919144407374 
10.419999999989054, -0.44173205638103596 
10.42999999998903, -0.44093858515244594 
10.439999999989007, -0.4398450461783089 
10.449999999988984, -0.43816873819181107 
10.45999999998896, -0.43558579508895046 
10.469999999988937, -0.4319716556993569 
10.479999999988914, -0.42763114455746465 
10.48999999998889, -0.4232052817163169 
10.499999999988868, -0.4192979262827444 
10.509999999988844, -0.41621118295639414 
10.519999999988821, -0.41395609670809463 
10.529999999988798, -0.41239232303520523 
10.539999999988774, -0.4113451428347541 
10.549999999988751, -0.410662018165244 
10.559999999988728, -0.41022791912106726 
10.569999999988704, -0.4099625590968145 
10.579999999988681, -0.409812634762873 
10.589999999988658, -0.4097443976801543 
10.599999999988635, -0.40973809333705546 
10.609999999988611, -0.40978435975246547 
10.619999999988588, -0.40988222178926553 
10.629999999988565, -0.41003812834983233 
10.639999999988541, -0.4102652468592732 
10.649999999988518, -0.4105819165082648 
10.659999999988495, -0.4110079783938387 
10.669999999988471, -0.41155804319466727 
10.679999999988448, -0.4122320612348401 
10.689999999988425, -0.4130060208379689 
10.699999999988401, -0.4138283529607481 
10.709999999988378, -0.41462764317976397 
10.719999999988355, -0.41533127843264517 
10.729999999988332, -0.4158856375365249 
10.739999999988308, -0.41626615715578474 
10.749999999988285, -0.41647373578954205 
10.759999999988262, -0.41652328630019675 
10.769999999988238, -0.41643205208018663 
10.779999999988215, -0.41621134349474237 
10.789999999988192, -0.4158614192180109 
10.799999999988168, -0.41536769064062307 
10.809999999988145, -0.4146966209191061 
10.819999999988122, -0.4137908145669466 
10.829999999988098, -0.4125650907954327 
10.839999999988075, -0.4109097133655165 
10.849999999988052, -0.4087125757352673 
10.859999999988029, -0.4059110860178266 
10.869999999988005, -0.40256160598176727 
10.879999999987982, -0.39887423513836306 
10.889999999987959, -0.39515988978994343 
10.899999999987935, -0.39171291455870294 
10.909999999987912, -0.3887181205458978 
10.919999999987889, -0.3862346138744114 
10.929999999987865, -0.3842339094793215 
10.939999999987842, -0.38264746645523917 
10.949999999987819, -0.3813998811511592 
10.959999999987796, -0.3804255091820342 
10.969999999987772, -0.3796742641166654 
10.979999999987749, -0.3791122254818545 
10.989999999987726, -0.37872057091224076 
10.999999999987702, -0.3784946254499141 
11.009999999987679, -0.3784438445025546 
11.019999999987656, -0.3785930796073279 
11.029999999987632, -0.37898521731314977 
11.039999999987609, -0.37968492564196266 
11.049999999987586, -0.3807823813950821 
11.059999999987562, -0.3823938602148468 
11.06999999998754, -0.38465226624938886 
11.079999999987516, -0.3876756629223647 
11.089999999987493, -0.3915016117692659 
11.09999999998747, -0.3959954369933919 
11.109999999987446, -0.4007925848517718 
11.119999999987423, -0.4053711160389274 
11.1299999999874, -0.4092629331593319 
11.139999999987376, -0.41224395814689724 
11.149999999987353, -0.41434912012304015 
11.15999999998733, -0.4157528899584486 
11.169999999987306, -0.4166496048803371 
11.179999999987283, -0.41719562036404223 
11.18999999998726, -0.41749916372333545 
11.199999999987236, -0.41762906722113674 
11.209999999987213, -0.4176260966804962 
11.21999999998719, -0.41751174265491314 
11.229999999987166, -0.4172942731318418 
11.239999999987143, -0.41697332824696665 
11.24999999998712, -0.41654457034072 
11.259999999987096, -0.41600551777520545 
11.269999999987073, -0.4153624435542042 
11.27999999998705, -0.41463608313508227 
11.289999999987026, -0.413862318250591 
11.299999999987003, -0.4130855034893884 
11.30999999998698, -0.4123468184550013 
11.319999999986956, -0.4116737407837424 
11.329999999986933, -0.4110756152463999 
11.33999999998691, -0.4105459671197293 
11.349999999986887, -0.41006884876923805 
11.359999999986863, -0.409625766740218 
11.36999999998684, -0.40920077079156664 
11.379999999986817, -0.4087829164735264 
11.389999999986793, -0.4083666760484058 
11.39999999998677, -0.40795146984282643 
11.409999999986747, -0.4075413735106544 
11.419999999986723, -0.40714564277649445 
11.4299999999867, -0.40678030579694885 
11.439999999986677, -0.4064706786094126 
11.449999999986654, -0.4062538634476847 
11.45999999998663, -0.40617829022843177 
11.469999999986607, -0.40629310572986865 
11.479999999986584, -0.4066141935712914 
11.48999999998656, -0.40705460147636463 
11.499999999986537, -0.407341752253265 
11.509999999986514, -0.40702948310002524 
11.51999999998649, -0.40573723949974944 
11.529999999986467, -0.4034937067144867 
11.539999999986444, -0.40077798435375633 
11.54999999998642, -0.3981723562955347 
11.559999999986397, -0.3960365623896039 
11.569999999986374, -0.3944592042623097 
11.57999999998635, -0.3933701705944298 
11.589999999986327, -0.3926505483884634 
11.599999999986304, -0.392189591399808 
11.60999999998628, -0.39190251512505225 
11.619999999986257, -0.3917304178232757 
11.629999999986234, -0.3916348514057474 
11.63999999998621, -0.3915922464077558 
11.649999999986187, -0.3915897740878317 
11.659999999986164, -0.3916228321207909 
11.66999999998614, -0.3916938640144707 
11.679999999986117, -0.3918119729865374 
11.689999999986094, -0.39199249360241173 
11.69999999998607, -0.39225536865465066 
11.709999999986048, -0.39262112015523076 
11.719999999986024, -0.39310377887708337 
11.729999999986001, -0.3937016345058724 
11.739999999985978, -0.3943890557861859 
11.749999999985954, -0.3951148072296477 
11.759999999985931, -0.39581130920059526 
11.769999999985908, -0.3964128809169092 
11.779999999985884, -0.3968733313508603 
11.789999999985861, -0.39717307729059514 
11.799999999985838, -0.397314276652341 
11.809999999985815, -0.3973099919928419 
11.819999999985791, -0.3971738330453837 
11.829999999985768, -0.3969126973846796 
11.839999999985745, -0.39652201129874914 
11.849999999985721, -0.39598179737113826 
11.859999999985698, -0.39525229426984443 
11.869999999985675, -0.3942692451524427 
11.879999999985651, -0.39294184232488977 
11.889999999985628, -0.3911612607724428 
11.899999999985605, -0.38883202421917723 
11.909999999985581, -0.38593112172413374 
11.919999999985558, -0.3825688792977232 
11.929999999985535, -0.3789934524157341 
11.939999999985512, -0.37550921239012536 
11.949999999985488, -0.3723633165536332 
11.959999999985465, -0.36968337767613474 
11.969999999985442, -0.3674870651394208 
11.979999999985418, -0.3657265665504275 
11.989999999985395, -0.3643302635275779 
11.999999999985372, -0.3632280867178459 
12.009999999985348, -0.3623627573583666 
12.019999999985325, -0.36169293342135883 
12.029999999985302, -0.36119295597267875 
12.039999999985278, -0.3608518923148884 
12.049999999985255, -0.3606732161414685 
12.059999999985232, -0.36067576586296596 
12.069999999985209, -0.36089630514707516 
12.079999999985185, -0.36139377355334756 
12.089999999985162, -0.3622547840858597 
12.099999999985139, -0.3635984743220729 
12.109999999985115, -0.36557543162197514 
12.119999999985092, -0.3683491923333186 
12.129999999985069, -0.37204208487962637 
12.139999999985045, -0.3766333563901834 
12.149999999985022, -0.3818435123655244 
12.159999999984999, -0.3871194581028918 
12.169999999984976, -0.3918269692426628 
12.179999999984952, -0.395546997259188 
12.189999999984929, -0.39821043190009975 
12.199999999984906, -0.39999311868273424 
12.209999999984882, -0.4011393469799012 
12.219999999984859, -0.4018564692002841 
12.229999999984836, -0.4022887920242746 
12.239999999984812, -0.40252766730931916 
12.249999999984789, -0.40262810310426334 
12.259999999984766, -0.40262175462448824 
12.269999999984742, -0.4025253590230446 
12.27999999998472, -0.40234617034367515 
12.289999999984696, -0.4020861094223644 
12.299999999984673, -0.4017459308704277 
12.30999999998465, -0.40132996240126173 
12.319999999984626, -0.4008507211085153 
12.329999999984603, -0.4003313052543098 
12.33999999998458, -0.3998032148357557 
12.349999999984556, -0.39929931371720817 
12.359999999984533, -0.39884486422643584 
12.36999999998451, -0.39845098618828956 
12.379999999984486, -0.3981132977800485 
12.389999999984463, -0.3978156157106725 
12.39999999998444, -0.3975364562061282 
12.409999999984416, -0.3972553736449156 
12.419999999984393, -0.3969568905909104 
12.42999999998437, -0.39663141737503904 
12.439999999984346, -0.3962740393254932 
12.449999999984323, -0.3958825235385949 
12.4599999999843, -0.39545547633060285 
12.469999999984276, -0.39499087102548086 
12.479999999984253, -0.39448450408764246 
12.48999999998423, -0.3939271918067689 
12.499999999984206, -0.39329826942252144 
12.509999999984183, -0.3925509439470686 
12.51999999998416, -0.391583712597299 
12.529999999984136, -0.39019865981690194 
12.539999999984113, -0.3880782280110751 
12.54999999998409, -0.38486676020497373 
12.559999999984067, -0.380424548500712 
12.569999999984043, -0.37509090100927817 
12.57999999998402, -0.36960567196082905 
12.589999999983997, -0.3646909302243973 
12.599999999983973, -0.3607274506161257 
12.60999999998395, -0.3577510138294243 
12.619999999983927, -0.3556118786914749 
12.629999999983903, -0.3541136102488753 
12.63999999998388, -0.353081575570145 
12.649999999983857, -0.3523825766214541 
12.659999999983834, -0.3519228959807825 
12.66999999998381, -0.3516402393301104 
12.679999999983787, -0.3514958655808119 
12.689999999983764, -0.3514687375013448 
12.69999999998374, -0.3515518394492573 
12.709999999983717, -0.35175028807382863 
12.719999999983694, -0.3520806708836177 
12.72999999998367, -0.3525707917070987 
12.739999999983647, -0.3532584943307159 
12.749999999983624, -0.35418745102846744 
12.7599999999836, -0.35539705944911804 
12.769999999983577, -0.35690407200904223 
12.779999999983554, -0.3586777925751405 
12.78999999998353, -0.3606204034526077 
12.799999999983507, -0.36257298796879167 
12.809999999983484, -0.3643587453726838 
12.81999999998346, -0.36584293408602453 
12.829999999983437, -0.36696854460298245 
12.839999999983414, -0.36774902076759475 
12.84999999998339, -0.36823601065415923 
12.859999999983367, -0.3684887053071317 
12.869999999983344, -0.3685563376574016 
12.87999999998332, -0.3684719315947106 
12.889999999983297, -0.3682517835277054 
12.899999999983274, -0.36789686454158277 
12.90999999998325, -0.3673948677570687 
12.919999999983228, -0.36672362977964335 
12.929999999983204, -0.36585797695708955 
12.939999999983181, -0.3647819258766971 
12.949999999983158, -0.3635049046371978 
12.959999999983134, -0.36207422858213184 
12.969999999983111, -0.3605724504393507 
12.979999999983088, -0.359095919206549 
12.989999999983064, -0.35772612047858676 
12.999999999983041, -0.3565109688732152 
13.009999999983018, -0.35546310031214723 
13.019999999982995, -0.35456982615827337 
13.029999999982971, -0.353805979631173 
13.039999999982948, -0.3531441820242118 
13.049999999982925, -0.35256101905938764 
13.059999999982901, -0.352039822759591 
13.069999999982878, -0.3515714756262674 
13.079999999982855, -0.3511545968164335 
13.089999999982831, -0.3507961203447033 
13.099999999982808, -0.35051291716105426 
13.109999999982785, -0.3503348209304797 
13.119999999982761, -0.3503090041305594 
13.129999999982738, -0.35050455238797046 
13.139999999982715, -0.3510131283360933 
13.149999999982692, -0.3519350944748332 
13.159999999982668, -0.3533307858059896 
13.169999999982645, -0.355117030145493 
13.179999999982622, -0.3569408438862578 
13.189999999982598, -0.35818919888525713 
13.199999999982575, -0.35831389661313123 
13.209999999982552, -0.35726991184822066 
13.219999999982528, -0.3555389740843119 
13.229999999982505, -0.35371478610082036 
13.239999999982482, -0.35216542374062687 
13.249999999982458, -0.3510010061701478 
13.259999999982435, -0.3501864277643751 
13.269999999982412, -0.34964061861343926 
13.279999999982389, -0.34928545060121907 
13.289999999982365, -0.34906096948218635 
13.299999999982342, -0.3489260409255702 
13.309999999982319, -0.3488547611377328 
13.319999999982295, -0.34883276533043717 
13.329999999982272, -0.3488546714157753 
13.339999999982249, -0.34892278503508833 
13.349999999982225, -0.34904674807858094 
13.359999999982202, -0.3492434901498149 
13.369999999982179, -0.34953647090855755 
13.379999999982156, -0.34995287786808554 
13.389999999982132, -0.35051745787330413 
13.399999999982109, -0.3512424528872277 
13.409999999982086, -0.352115289708066 
13.419999999982062, -0.3530894034189155 
13.429999999982039, -0.3540864552120914 
13.439999999982016, -0.35501458590421625 
13.449999999981992, -0.3557955797711239 
13.459999999981969, -0.35638474263535225 
13.469999999981946, -0.35677301799035505 
13.479999999981922, -0.3569750776736053 
13.4899999999819, -0.3570140310343571 
13.499999999981876, -0.3569099024143795 
13.509999999981853, -0.35667307309808727 
13.51999999998183, -0.3563009014772006 
13.529999999981806, -0.3557756737576645 
13.539999999981783, -0.35506336868520255 
13.54999999998176, -0.3541147616007801 
13.559999999981736, -0.3528728833853617 
13.569999999981713, -0.35129206880787833 
13.57999999998169, -0.349369028771369 
13.589999999981666, -0.3471720973864704 
13.599999999981643, -0.3448421347148701 
13.60999999998162, -0.34255197049742153 
13.619999999981596, -0.340448084542652 
13.629999999981573, -0.3386138454667812 
13.63999999998155, -0.3370689422250522 
13.649999999981526, -0.3357906634832287 
13.659999999981503, -0.33473763681790614 
13.66999999998148, -0.3338664820812755 
13.679999999981456, -0.3331405813957983 
13.689999999981433, -0.33253351331950565 
13.69999999998141, -0.33202986155674086 
13.709999999981386, -0.3316253490841644 
13.719999999981363, -0.33132752698621004 
13.72999999998134, -0.331157794439148 
13.739999999981316, -0.33115528944980027 
13.749999999981293, -0.3313829423577988 
13.75999999998127, -0.3319352132327475 
13.769999999981247, -0.33294462155935933 
13.779999999981223, -0.3345780662551163 
13.7899999999812, -0.3370023300320264 
13.799999999981177, -0.3402875472018274 
13.809999999981153, -0.3442424371630105 
13.81999999998113, -0.3482921007179388 
13.829999999981107, -0.3516396059250012 
13.839999999981083, -0.3537441260951609 
13.84999999998106, -0.3546454048378536 
13.859999999981037, -0.35477605701615383 
13.869999999981014, -0.35457720688381106 
13.87999999998099, -0.3543135497491897 
13.889999999980967, -0.3540915013258584 
13.899999999980944, -0.3539325970310253 
13.90999999998092, -0.3538265537859299 
13.919999999980897, -0.353756646013667 
13.929999999980874, -0.3537087614793 
13.93999999998085, -0.3536734748884469 
13.949999999980827, -0.35364593213753326 
13.959999999980804, -0.35362554323039863 
13.96999999998078, -0.35361615780383243 
13.979999999980757, -0.35362673449498294 
13.989999999980734, -0.35367201616048033 
13.99999999998071, -0.35377226491311686 
14.009999999980687, -0.3539508957702794 
14.019999999980664, -0.3542291978813662 
14.02999999998064, -0.3546183981447939 
14.039999999980617, -0.35511102650394405 
14.049999999980594, -0.3556755256016644 
14.05999999998057, -0.35625886005937457 
14.069999999980547, -0.3567989049932694 
14.079999999980524, -0.3572416211078423 
14.0899999999805, -0.35755352192005424 
14.099999999980477, -0.3577234622561477 
14.109999999980454, -0.3577556534362309 
14.11999999998043, -0.3576598647442502 
14.129999999980408, -0.35744314415410516 
14.139999999980384, -0.35710402906227057 
14.149999999980361, -0.3566282368387191 
14.159999999980338, -0.3559845876837625 
14.169999999980314, -0.35512091118794514 
14.179999999980291, -0.35396199850526255 
14.189999999980268, -0.3524156785740206 
14.199999999980244, -0.3503970373842944 
14.209999999980221, -0.3478764916224423 
14.219999999980198, -0.3449340154679381 
14.229999999980175, -0.34177225777663667 
14.239999999980151, -0.3386556806345053 
14.249999999980128, -0.33581174841669476 
14.259999999980105, -0.3333672860794315 
14.269999999980081, -0.33134854760715426 
14.279999999980058, -0.329717881182565 
14.289999999980035, -0.3284120139289218 
14.299999999980011, -0.32736682444262866 
14.309999999979988, -0.3265290286161357 
14.319999999979965, -0.3258599069827797 
14.329999999979941, -0.3253355087692348 
14.339999999979918, -0.3249460532266869 
14.349999999979895, -0.32469599316364267 
14.359999999979872, -0.32460554410368003 
14.369999999979848, -0.3247142040076293 
14.379999999979825, -0.3250866023161906 
14.389999999979802, -0.3258204689985016 
14.399999999979778, -0.3270546923366576 
14.409999999979755, -0.3289705856460411 
14.419999999979732, -0.33176949312186943 
14.429999999979708, -0.33559736675981 
14.439999999979685, -0.3403950818544415 
14.449999999979662, -0.3457344639530245 
14.459999999979638, -0.35084260231568204 
14.469999999979615, -0.35496338657085225 
14.479999999979592, -0.3577830751679546 
14.489999999979569, -0.3594756298848797 
14.499999999979545, -0.3604157640769362 
14.509999999979522, -0.3609279584483146 
14.519999999979499, -0.36121371124123797 
14.529999999979475, -0.36137796664472643 
14.539999999979452, -0.3614706775822462 
14.549999999979429, -0.3615149466784587 
14.559999999979405, -0.36152170346608975 
14.569999999979382, -0.36149654489986494 
14.579999999979359, -0.3614429742387405 
14.589999999979335, -0.3613643641140693 
14.599999999979312, -0.3612657460987717 
14.609999999979289, -0.36115573359086023 
14.619999999979266, -0.36104817984594323 
14.629999999979242, -0.36096254843174164 
14.639999999979219, -0.36092181215187824 
14.649999999979196, -0.3609474076943696 
14.659999999979172, -0.36105219551993983 
14.669999999979149, -0.36123378495436453 
14.679999999979126, -0.3614713309214307 
14.689999999979102, -0.3617284021294267 
14.69999999997908, -0.3619619973903722 
14.709999999979056, -0.3621338972209209 
14.719999999979033, -0.36221859570703296 
14.72999999997901, -0.3622045172208868 
14.739999999978986, -0.36208969380882067 
14.749999999978963, -0.3618753175226241 
14.75999999997894, -0.36155968826249596 
14.769999999978916, -0.3611330971197857 
14.779999999978893, -0.3605728262436522 
14.78999999997887, -0.3598370536861371 
14.799999999978846, -0.35885702334531155 
14.809999999978823, -0.35752914062330166 
14.8199999999788, -0.3557144524135508 
14.829999999978776, -0.35326237867859367 
14.839999999978753, -0.3500780542383009 
14.84999999997873, -0.34622181659341833 
14.859999999978706, -0.3419640697984827 
14.869999999978683, -0.33771006895476474 
14.87999999997866, -0.333830487850507 
14.889999999978636, -0.33053695701537883 
14.899999999978613, -0.3278738684728423 
14.90999999997859, -0.3257807329919285 
14.919999999978566, -0.3241575273766946 
14.929999999978543, -0.3229048239451513 
14.93999999997852, -0.3219408818752796 
14.949999999978496, -0.32120572899081384 
14.959999999978473, -0.3206599590394458 
14.96999999997845, -0.3202824214020648 
14.979999999978427, -0.3200686959223935 
14.989999999978403, -0.32003115181358227 
14.99999999997838, -0.32020096727339686 
15.009999999978357, -0.3206322965047342 
15.019999999978333, -0.321408389799152 
15.02999999997831, -0.32264824365174405 
15.039999999978287, -0.32450909027492936 
15.049999999978263, -0.3271731566758899 
15.05999999997824, -0.33079739863554736 
15.069999999978217, -0.3354048417983336 
15.079999999978194, -0.340740175172335 
15.08999999997817, -0.34621618093837286 
15.099999999978147, -0.3511094114120666 
15.109999999978124, -0.35492369091617915 
15.1199999999781, -0.35758057287730083 
15.129999999978077, -0.35929739505762576 
15.139999999978054, -0.3603643511353918 
15.14999999997803, -0.3610161082051806 
15.159999999978007, -0.36140701409558235 
15.169999999977984, -0.3616294205565564 
15.17999999997796, -0.36173652453437544 
15.189999999977937, -0.3617585152331016 
15.199999999977914, -0.3617122506934466 
15.20999999997789, -0.36160698935279434 
15.219999999977867, -0.3614482904938262 
15.229999999977844, -0.36124140120479564 
15.23999999997782, -0.36099462537026106 
15.249999999977797, -0.36072221894485856 
15.259999999977774, -0.36044547040169816 
15.26999999997775, -0.3601905179969454 
15.279999999977727, -0.35998269943531613 
15.289999999977704, -0.35983921338656844 
15.29999999997768, -0.359763087863124 
15.309999999977657, -0.35974113095596344 
15.319999999977634, -0.3597470627715925 
15.32999999997761, -0.3597488487384656 
15.339999999977588, -0.35971706184166935 
15.349999999977564, -0.35963050567776234 
15.359999999977541, -0.3594772085384018 
15.369999999977518, -0.35925163590127146 
15.379999999977494, -0.3589502484786825 
15.389999999977471, -0.35856694630065966 
15.399999999977448, -0.35808863781027966 
15.409999999977424, -0.35749011371740524 
15.419999999977401, -0.3567267996580248 
15.429999999977378, -0.3557239271654274 
15.439999999977355, -0.35436228312884094 
15.449999999977331, -0.3524671007685197 
15.459999999977308, -0.34982158805848085 
15.469999999977285, -0.34624198577365367 
15.479999999977261, -0.3417248148066264 
15.489999999977238, -0.3365710246005812 
15.499999999977215, -0.331323497022499 
15.509999999977191, -0.32651926129541653 
15.519999999977168, -0.3224767220476855 
15.529999999977145, -0.31926625258209934 
15.539999999977121, -0.3168024613034496 
15.549999999977098, -0.3149438894578633 
15.559999999977075, -0.31355217368045823 
15.569999999977052, -0.31251521369785173 
15.579999999977028, -0.31175112961975604 
15.589999999977005, -0.3112050311994944 
15.599999999976982, -0.3108445482419354 
15.609999999976958, -0.31065648000829077 
15.619999999976935, -0.3106453285001207 
15.629999999976912, -0.3108339141249675 
15.639999999976888, -0.3112660711216751 
15.649999999976865, -0.3120111182059235 
15.659999999976842, -0.31316885142107054 
15.669999999976818, -0.3148713228006571 
15.679999999976795, -0.31727251341014145 
15.689999999976772, -0.32050967352553383 
15.699999999976749, -0.3246191716965415 
15.709999999976725, -0.3294195342727594 
15.719999999976702, -0.33445063110523493 
15.729999999976679, -0.3390977720024754 
15.739999999976655, -0.3428760879995344 
15.749999999976632, -0.34562898562318184 
15.759999999976609, -0.34748129144720863 
15.769999999976585, -0.3486668167149437 
15.779999999976562, -0.34940122988092737 
15.789999999976539, -0.3498397941655018 
15.799999999976515, -0.3500819531718381 
15.809999999976492, -0.3501878140641883 
15.819999999976469, -0.3501923982311987 
15.829999999976446, -0.3501152600465173 
15.839999999976422, -0.34996674240091635 
15.849999999976399, -0.3497525710930574 
15.859999999976376, -0.3494780226706852 
15.869999999976352, -0.3491520835690866 
15.879999999976329, -0.34879090111949884 
15.889999999976306, -0.3484188334027363 
15.899999999976282, -0.34806552836149374 
15.90999999997626, -0.34775924971809424 
15.919999999976236, -0.3475189759416971 
15.929999999976213, -0.34734867303674577 
15.93999999997619, -0.34723610210492806 
15.949999999976166, -0.34715661480135 
15.959999999976143, -0.3470804046246685 
15.96999999997612, -0.3469801256365622 
15.979999999976096, -0.3468357189635791 
15.989999999976073, -0.34663510423399185 
15.99999999997605, -0.3463716371288938 
16.009999999976028, -0.3460401427801863 
16.019999999976005, -0.34563273660399724 
16.02999999997598, -0.3451344990790969 
16.039999999975958, -0.34451810472545596 
16.049999999975935, -0.34373587167547054 
16.05999999997591, -0.34270761450658543 
16.069999999975888, -0.3413045487576546 
16.079999999975865, -0.33933714122806136 
16.08999999997584, -0.336572473681242 
16.099999999975818, -0.33282308042071695 
16.109999999975795, -0.3281123098234285 
16.11999999997577, -0.32279574459627713 
16.129999999975748, -0.3174627838997418 
16.139999999975725, -0.3126568942924372 
16.1499999999757, -0.30866986623142467 
16.15999999997568, -0.3055392825761438 
16.169999999975655, -0.3031571004080276 
16.17999999997563, -0.3013710458180775 
16.18999999997561, -0.30003969606969216 
16.199999999975585, -0.29905171566415006 
16.20999999997556, -0.29832748710667856 
16.21999999997554, -0.2978148356503808 
16.229999999975515, -0.2974842570429227 
16.239999999975492, -0.29732565735024324 
16.24999999997547, -0.29734720845138135 
16.259999999975445, -0.2975764677632337 
16.269999999975422, -0.29806374652853485 
16.2799999999754, -0.298887346970813 
16.289999999975375, -0.3001590760236614 
16.299999999975352, -0.3020252784549667 
16.30999999997533, -0.3046521980802769 
16.319999999975305, -0.3081760543106042 
16.329999999975282, -0.31260049454801353 
16.33999999997526, -0.3176682753401914 
16.349999999975235, -0.3228267311074372 
16.359999999975212, -0.3274187824351578 
16.36999999997519, -0.33100574492259827 
16.379999999975166, -0.33352243957558825 
16.389999999975142, -0.33516339064781314 
16.39999999997512, -0.3361889066871099 
16.409999999975096, -0.33681317969061814 
16.419999999975072, -0.3371805184445331 
16.42999999997505, -0.33737945022308674 
16.439999999975026, -0.3374620328842393 
16.449999999975002, -0.3374582064656677 
16.45999999997498, -0.33738486271255463 
16.469999999974956, -0.337251597737311 
16.479999999974932, -0.33706493926345904 
16.48999999997491, -0.3368321373599007 
16.499999999974886, -0.3365647203259854 
16.509999999974863, -0.33628100125151883 
16.51999999997484, -0.33600602927648154 
16.529999999974816, -0.33576789929431905 
16.539999999974793, -0.33559101815942816 
16.54999999997477, -0.3354887271267747 
16.559999999974746, -0.3354582606131822 
16.569999999974723, -0.3354802765767989 
16.5799999999747, -0.3355236246587192 
16.589999999974676, -0.335553765755605 
16.599999999974653, -0.33554116245504034 
16.60999999997463, -0.33546593623341653 
16.619999999974606, -0.3353175645409193 
16.629999999974583, -0.3350911034728359 
16.63999999997456, -0.33478220051157337 
16.649999999974536, -0.3343821803244693 
16.659999999974513, -0.3338731213533018 
16.66999999997449, -0.333221942712686 
16.679999999974466, -0.33237229931474094 
16.689999999974443, -0.33123401728202617 
16.69999999997442, -0.3296736148234103 
16.709999999974396, -0.32751884305226675 
16.719999999974373, -0.3246027818826491 
16.72999999997435, -0.32086624365326916 
16.739999999974327, -0.3164747625649332 
16.749999999974303, -0.3118282120741883 
16.75999999997428, -0.3074013873593206 
16.769999999974257, -0.3035412927428832 
16.779999999974233, -0.3003844292421765 
16.78999999997421, -0.2979033376351131 
16.799999999974187, -0.2959925702349853 
16.809999999974163, -0.29453195171063873 
16.81999999997414, -0.2934170671375304 
16.829999999974117, -0.2925684891842131 
16.839999999974093, -0.29193144538508214 
16.84999999997407, -0.2914727334457661 
16.859999999974047, -0.29117799885297846 
16.869999999974024, -0.2910506237646846 
16.879999999974, -0.29111274719795366 
16.889999999973977, -0.2914087134772465 
16.899999999973954, -0.2920110497410079 
16.90999999997393, -0.2930283098122446 
16.919999999973907, -0.2946116718362285 
16.929999999973884, -0.2969510765134228 
16.93999999997386, -0.3002404153244461 
16.949999999973837, -0.30458150073804824 
16.959999999973814, -0.30982077987228474 
16.96999999997379, -0.31541946635247264 
16.979999999973767, -0.32057262648662604 
16.989999999973744, -0.32462068028608015 
16.99999999997372, -0.32738133385270185 
17.009999999973697, -0.3290810099293059 
17.019999999973674, -0.33007147185234104 
17.02999999997365, -0.33063941139354985 
17.039999999973627, -0.33096519900999993 
17.049999999973604, -0.3311490146414784 
17.05999999997358, -0.3312438287278262 
17.069999999973557, -0.33127760871175466 
17.079999999973534, -0.3312655991987195 
17.08999999997351, -0.3312167832039136 
17.099999999973488, -0.3311376016472889 
17.109999999973464, -0.33103467285251115 
17.11999999997344, -0.33091726356266565 
17.129999999973418, -0.33079943995274913 
17.139999999973394, -0.33070109228885275 
17.14999999997337, -0.3306466667328049 
17.159999999973348, -0.33066087570853614 
17.169999999973324, -0.33076187423119163 
17.1799999999733, -0.3309537846658241 
17.189999999973278, -0.3312214794569598 
17.199999999973254, -0.33153079241860384 
17.20999999997323, -0.3318358131085315 
17.219999999973208, -0.33209101861487633 
17.229999999973185, -0.33226226037466794 
17.23999999997316, -0.33233122039447144 
17.249999999973138, -0.3322926733812256 
17.259999999973115, -0.3321478650984778 
17.26999999997309, -0.33189755555169803 
17.279999999973068, -0.3315362372431029 
17.289999999973045, -0.33104720486377065 
17.29999999997302, -0.3303974943124321 
17.309999999972998, -0.3295322333336001 
17.319999999972975, -0.3283699681558266 
17.32999999997295, -0.32680491705538406 
17.339999999972928, -0.32472812370725 
17.349999999972905, -0.3220790504433856 
17.35999999997288, -0.3189157690832087 
17.36999999997286, -0.31544930841554997 
17.379999999972835, -0.3119867011939199 
17.38999999997281, -0.3088096159934438 
17.39999999997279, -0.30608355536153814 
17.409999999972765, -0.3038485589652629 
17.41999999997274, -0.3020625913186515 
17.42999999997272, -0.3006501167346739 
17.439999999972695, -0.29953371698636555 
17.449999999972672, -0.29864868346727574 
17.45999999997265, -0.2979473409944193 
17.469999999972625, -0.2973988896617486 
17.479999999972602, -0.29698817759400686 
17.48999999997258, -0.29671514149070694 
17.499999999972555, -0.29659580254191076 
17.509999999972532, -0.2966653698297613 
17.51999999997251, -0.2969838309387373 
17.529999999972485, -0.2976439202563368 
17.539999999972462, -0.2987795954934212 
17.54999999997244, -0.30056819487133335 
17.559999999972415, -0.30320865618934023 
17.569999999972392, -0.30684345722416223 
17.57999999997237, -0.31139811283126634 
17.589999999972346, -0.31640189796281215 
17.599999999972322, -0.3210228204997694 
17.6099999999723, -0.3244907382028839 
17.619999999972276, -0.3265704013275054 
17.629999999972252, -0.3275591133143412 
17.63999999997223, -0.3279172067875918 
17.649999999972206, -0.32799203669050775 
17.659999999972182, -0.32796875679147897 
17.66999999997216, -0.32792402025009026 
17.679999999972136, -0.32788175125456154 
17.689999999972112, -0.32784553146554796 
17.69999999997209, -0.3278132090069016 
17.709999999972066, -0.3277824987511415 
17.719999999972043, -0.3277529667921394 
17.72999999997202, -0.3277269729570445 
17.739999999971996, -0.32771061069133894 
17.749999999971973, -0.32771485194623734 
17.75999999997195, -0.32775650062378825 
17.769999999971926, -0.3278580505626947 
17.779999999971903, -0.3280453132388046 
17.78999999997188, -0.3283420003992564 
17.799999999971856, -0.3287614338893899 
17.809999999971833, -0.32929722002699646 
17.81999999997181, -0.3299169226634644 
17.829999999971786, -0.33056407273319965 
17.839999999971763, -0.3311710949933438 
17.84999999997174, -0.3316782367936066 
17.859999999971716, -0.33204792864950344 
17.869999999971693, -0.33226740018504025 
17.87999999997167, -0.332341305295399 
17.889999999971646, -0.33228103625166094 
17.899999999971623, -0.3320957528492628 
17.9099999999716, -0.3317863741477678 
17.919999999971576, -0.3313415667276884 
17.929999999971553, -0.33073456916498345 
17.93999999997153, -0.3299208460026891 
17.949999999971507, -0.3288388312481872 
17.959999999971483, -0.327419146704982 
17.96999999997146, -0.32560909158625595 
17.979999999971437, -0.32341203519423023 
17.989999999971413, -0.3209214996374362 
17.99999999997139, -0.3183151034869883 
18.009999999971367, -0.31579713480511695 
18.019999999971343, -0.3135274559963582 
18.02999999997132, -0.3115852276488985 
18.039999999971297, -0.3099770755324502 
18.049999999971273, -0.3086663829208115 
18.05999999997125, -0.3076008025277147 
18.069999999971227, -0.3067294902650286 
18.079999999971204, -0.3060111501020579 
18.08999999997118, -0.30541656942860096 
18.099999999971157, -0.3049287589635103 
18.109999999971134, -0.30454269605965933 
18.11999999997111, -0.3042658427844311 
18.129999999971087, -0.30412015010288773 
18.139999999971064, -0.3041460144778853 
18.14999999997104, -0.3044083070270556 
18.159999999971017, -0.30500347508048 
18.169999999970994, -0.30606337965183494 
18.17999999997097, -0.30774355585929514 
18.189999999970947, -0.3101701315972518 
18.199999999970924, -0.31331430102078905 
18.2099999999709, -0.31681733814570123 
18.219999999970877, -0.3199486162308382 
18.229999999970854, -0.321944472724349 
18.23999999997083, -0.32254869132268255 
18.249999999970807, -0.32212927881291026 
18.259999999970784, -0.32127094621892116 
18.26999999997076, -0.3203938560540481 
18.279999999970737, -0.3196789902898719 
18.289999999970714, -0.3191565880815421 
18.29999999997069, -0.31879653190312146 
18.309999999970668, -0.31855700960990874 
18.319999999970644, -0.3184027383899837 
18.32999999997062, -0.31830901804597 
18.339999999970598, -0.31826096514553565 
18.349999999970574, -0.31825192039771494 
18.35999999997055, -0.318282399712989 
18.369999999970528, -0.3183598589695131 
18.379999999970504, -0.3184990117792967 
18.38999999997048, -0.31872201590885846 
18.399999999970458, -0.3190574149566307 
18.409999999970434, -0.31953641244325554 
18.41999999997041, -0.32018515347183574 
18.429999999970388, -0.3210127265021601 
18.439999999970365, -0.32199743259228103 
18.44999999997034, -0.3230784908801275 
18.459999999970318, -0.32416281862436575 
18.469999999970295, -0.3251497366404936 
18.47999999997027, -0.3259615663403892 
18.489999999970248, -0.3265611542885652 
18.499999999970225, -0.3269486321657211 
18.5099999999702, -0.3271455974014637 
18.519999999970178, -0.32717883551732696 
18.529999999970155, -0.3270695930261402 
18.53999999997013, -0.3268282539971755 
18.549999999970108, -0.3264521576624322 
18.559999999970085, -0.32592495041526665 
18.56999999997006, -0.3252175357071797 
18.57999999997004, -0.3242925983910833 
18.589999999970015, -0.3231159808834645 
18.59999999996999, -0.3216765017588329 
18.60999999996997, -0.3200083056386169 
18.619999999969945, -0.3181999024841204 
18.62999999996992, -0.31637570041902074 
18.6399999999699, -0.3146565427348039 
18.649999999969875, -0.3131248247702349 
18.659999999969852, -0.31181316841624895 
18.66999999996983, -0.3107142745185315 
18.679999999969805, -0.3097985777258148 
18.689999999969782, -0.30902954238469726 
18.69999999996976, -0.30837326102023405 
18.709999999969735, -0.30780302763460504 
18.719999999969712, -0.30730073587098733 
18.72999999996969, -0.3068568464099993 
18.739999999969665, -0.3064701982968307 
18.749999999969642, -0.3061484599085734 
18.75999999996962, -0.3059096184019153 
18.769999999969595, -0.3057844676220011 
18.779999999969572, -0.3058191341775948 
18.78999999996955, -0.30607431247236944 
18.799999999969526, -0.30661249075804164 
18.809999999969502, -0.30745561976237307 
18.81999999996948, -0.30849292294014413 
18.829999999969456, -0.30935920955692925 
18.839999999969432, -0.3094294085283812 
18.84999999996941, -0.30814275795559054 
18.859999999969386, -0.30550844655386883 
18.869999999969362, -0.30217422631727453 
18.87999999996934, -0.2989219914838563 
18.889999999969316, -0.29622013034984074 
18.899999999969292, -0.2941815409914631 
18.90999999996927, -0.292725001792339 
18.919999999969246, -0.2917148982025989 
18.929999999969223, -0.29102750053557486 
18.9399999999692, -0.2905696957360037 
18.949999999969176, -0.29027811365623857 
18.959999999969153, -0.29011314415558836 
18.96999999996913, -0.290053311141514 
18.979999999969106, -0.2900914770144682 
18.989999999969083, -0.29023294272240346 
18.99999999996906, -0.29049505998409647 
19.009999999969036, -0.29090770400364774 
19.019999999969013, -0.2915134993415536 
19.02999999996899, -0.29236585177935914 
19.039999999968966, -0.2935216127568637 
19.049999999968943, -0.29502429440961947 
19.05999999996892, -0.2968757474032526 
19.069999999968896, -0.2990035910978591 
19.079999999968873, -0.30124782715983606 
19.08999999996885, -0.3033941520590716 
19.099999999968826, -0.30524890529314797 
19.109999999968803, -0.306704894517469 
19.11999999996878, -0.30775281315489245 
19.129999999968756, -0.308446380484649 
19.139999999968733, -0.30885934562557427 
19.14999999996871, -0.30905820029021874 
19.159999999968687, -0.3090918759284886 
19.169999999968663, -0.30899102915599586 
19.17999999996864, -0.308770860809179 
19.189999999968617, -0.3084348321967786 
19.199999999968593, -0.3079790401993695 
19.20999999996857, -0.30739809328016804 
19.219999999968547, -0.3066930444269108 
19.229999999968523, -0.30587999420540085 
19.2399999999685, -0.3049951217386 
19.249999999968477, -0.30409120901253367 
19.259999999968453, -0.3032251175629962 
19.26999999996843, -0.30244239415472884 
19.279999999968407, -0.30176712722224674 
19.289999999968384, -0.3012005717058663 
19.29999999996836, -0.3007265437576201 
19.309999999968337, -0.3003195810169515 
19.319999999968314, -0.2999525841185068 
19.32999999996829, -0.29960201599010605 
19.339999999968267, -0.2992500489278553 
19.349999999968244, -0.2988841638352124 
19.35999999996822, -0.298495250016421 
19.369999999968197, -0.29807506653441196 
19.379999999968174, -0.2976132682449876 
19.38999999996815, -0.2970933613332617 
19.399999999968127, -0.29648594562774894 
19.409999999968104, -0.29573632511102654 
19.41999999996808, -0.29474269298308137 
19.429999999968057, -0.29332443908559586 
19.439999999968034, -0.29119802898890124 
19.44999999996801, -0.2880190744429359 
19.459999999967987, -0.28356956345544665 
19.469999999967964, -0.2780351809046183 
19.47999999996794, -0.27207048207734236 
19.489999999967917, -0.26646849629203706 
19.499999999967894, -0.2617542918799831 
19.50999999996787, -0.25807169128162294 
19.519999999967848, -0.2553156418213194 
19.529999999967824, -0.2532940968761309 
19.5399999999678, -0.25182140003361125 
19.549999999967778, -0.2507512071886117 
19.559999999967754, -0.24997955868635618 
19.56999999996773, -0.24943824709840628 
19.579999999967708, -0.24908736462449488 
19.589999999967684, -0.24891000705664754 
19.59999999996766, -0.24890983093211722 
19.609999999967638, -0.24911152562083766 
19.619999999967614, -0.24956416350810723 
19.62999999996759, -0.2503471739044072 
19.639999999967568, -0.25157760207862734 
19.649999999967545, -0.2534140012938594 
19.65999999996752, -0.2560446997734961 
19.669999999967498, -0.25963630241350055 
19.679999999967475, -0.2642156466887088 
19.68999999996745, -0.26950747018545673 
19.699999999967428, -0.27487570030093317 
19.709999999967405, -0.27955570312119316 
19.71999999996738, -0.2830660374013889 
19.729999999967358, -0.2853904131006416 
19.739999999967335, -0.2868051076953265 
19.74999999996731, -0.2876283382376651 
19.759999999967288, -0.28809759510638144 
19.769999999967265, -0.2883591089868614 
19.77999999996724, -0.2884953284530188 
19.78999999996722, -0.28855147678019755 
19.799999999967195, -0.28855270486999235 
19.80999999996717, -0.2885138590271373 
19.81999999996715, -0.2884451101412142 
19.829999999967125, -0.28835568532339034 
19.8399999999671, -0.28825684941631924 
19.84999999996708, -0.2881643629877652 
19.859999999967055, -0.28809985581200465 
19.869999999967032, -0.2880900877344975 
19.87999999996701, -0.2881632533551577 
19.889999999966985, -0.2883423573967272 
19.899999999966962, -0.2886368784650855 
19.90999999996694, -0.28903524386883855 
19.919999999966915, -0.2895019459918512 
19.929999999966892, -0.2899830224382574 
19.93999999996687, -0.290419790509945 
19.949999999966845, -0.29076452078804105 
19.959999999966822, -0.29098956033600587 
19.9699999999668, -0.29108647083760686 
19.979999999966775, -0.2910584850470519 
19.989999999966752, -0.2909116392272458 
19.99999999996673, -0.29064768181177114 
20.009999999966706, -0.29025911271778043 
20.019999999966682, -0.28972555759019775 
20.02999999996666, -0.2890111428806223 
20.039999999966636, -0.2880642548298278 
20.049999999966612, -0.28682375790272563 
20.05999999996659, -0.28523771008147614 
20.069999999966566, -0.2832965386792345 
20.079999999966542, -0.2810671452776582 
20.08999999996652, -0.27869770124264176 
20.099999999966496, -0.2763746775407572 
20.109999999966472, -0.2742567211265229 
20.11999999996645, -0.2724319453339121 
20.129999999966426, -0.2709172892884108 
20.139999999966403, -0.26968313501083835 
20.14999999996638, -0.26868015630249253 
20.159999999966356, -0.26785755740208006 
20.169999999966333, -0.2671722347048394 
20.17999999996631, -0.2665919576686284 
20.189999999966286, -0.26609556718010874 
20.199999999966263, -0.2656722278955928 
20.20999999996624, -0.2653209358496421 
20.219999999966216, -0.2650509086226573 
20.229999999966193, -0.26488304520937545 
20.23999999996617, -0.26485201475226716 
20.249999999966146, -0.2650070152681973 
20.259999999966123, -0.265405467442028 
20.2699999999661, -0.26608620998236143 
20.279999999966076, -0.26699969361930687 
20.289999999966053, -0.26788500841408286 
20.29999999996603, -0.26817421501894917 
20.309999999966006, -0.26715955452032386 
20.319999999965983, -0.26453211088040324 
20.32999999996596, -0.26076924232438203 
20.339999999965936, -0.25678898744918677 
20.349999999965913, -0.25330546416873756 
20.35999999996589, -0.2505882898791491 
20.369999999965867, -0.24860130870916244 
20.379999999965843, -0.2471954061194483 
20.38999999996582, -0.24621711654286443 
20.399999999965797, -0.24554573929813225 
20.409999999965773, -0.2450972877886402 
20.41999999996575, -0.24481832007617674 
20.429999999965727, -0.2446789980993756 
20.439999999965703, -0.24466817856123008 
20.44999999996568, -0.24479097341749306 
20.459999999965657, -0.24506853928152963 
20.469999999965633, -0.24553962306218374 
20.47999999996561, -0.24626298262075852 
20.489999999965587, -0.24731871335795189 
20.499999999965564, -0.24880417382296427 
20.50999999996554, -0.2508165115281749 
20.519999999965517, -0.25341156109862256 
20.529999999965494, -0.2565381390622975 
20.53999999996547, -0.2599801797347857 
20.549999999965447, -0.26337711642590766 
20.559999999965424, -0.266357754151045 
20.5699999999654, -0.2686988917648536 
20.579999999965377, -0.27037582177402986 
20.589999999965354, -0.2714944569794585 
20.59999999996533, -0.2721976078715759 
20.609999999965307, -0.27260935485642285 
20.619999999965284, -0.272819115807868 
20.62999999996526, -0.27288515532512175 
20.639999999965237, -0.27284301981991066 
20.649999999965214, -0.27271327648079946 
20.65999999996519, -0.2725076696920693 
20.669999999965167, -0.27223435644997473 
20.679999999965144, -0.27190286985260315 
20.68999999996512, -0.27152863264955324 
20.699999999965097, -0.2711356994733035 
20.709999999965074, -0.2707558841320622 
20.71999999996505, -0.27042351699003303 
20.729999999965028, -0.2701673899522167 
20.739999999965004, -0.2700030343470534 
20.74999999996498, -0.2699281481630967 
20.759999999964958, -0.2699226757055146 
20.769999999964934, -0.26995377044182356 
20.77999999996491, -0.26998424627864587 
20.789999999964888, -0.269981222400808 
20.799999999964864, -0.269921302605845 
20.80999999996484, -0.26979075758188603 
20.819999999964818, -0.2695819167733298 
20.829999999964794, -0.2692880036940006 
20.83999999996477, -0.2688978476306457 
20.849999999964748, -0.2683906224735065 
20.859999999964725, -0.2677300480783329 
20.8699999999647, -0.2668578302263448 
20.879999999964678, -0.26568820118626196 
20.889999999964655, -0.26411036184638126 
20.89999999996463, -0.26201244407071084 
20.909999999964608, -0.25933931198158633 
20.919999999964585, -0.2561677792160685 
20.92999999996456, -0.2527349506328251 
20.939999999964538, -0.24936363153996538 
20.949999999964515, -0.2463289599025797 
20.95999999996449, -0.24377359734969678 
20.969999999964468, -0.2417128575135899 
20.979999999964445, -0.24008714009201584 
20.98999999996442, -0.2388116598582264 
20.9999999999644, -0.2378055044813666 
21.009999999964375, -0.2370034087242535 
21.01999999996435, -0.2363581452229188 
21.02999999996433, -0.2358392488971217 
21.039999999964305, -0.2354311477863122 
21.04999999996428, -0.23513215847411 
21.05999999996426, -0.2349550245967816 
21.069999999964235, -0.23492929260486908 
21.079999999964212, -0.23510534627582874 
21.08999999996419, -0.2355585489300845 
21.099999999964165, -0.23638800341541097 
21.109999999964142, -0.23769524171670278 
21.11999999996412, -0.23951374794092245 
21.129999999964095, -0.24166142310528146 
21.139999999964072, -0.24357522049123154 
21.14999999996405, -0.24439318234354182 
21.159999999964025, -0.24351688664734353 
21.169999999964002, -0.24117816536550918 
21.17999999996398, -0.23822759843187025 
21.189999999963955, -0.23544483779693232 
21.199999999963932, -0.23319650315885815 
21.20999999996391, -0.23152472051454645 
21.219999999963886, -0.23033326254532321 
21.229999999963862, -0.2295026124754572 
21.23999999996384, -0.22893375512668063 
21.249999999963816, -0.2285566952263344 
21.259999999963792, -0.22832715251052985 
21.26999999996377, -0.22822140663557083 
21.279999999963746, -0.22823252678817743 
21.289999999963722, -0.22836868186330128 
21.2999999999637, -0.2286534291093723 
21.309999999963676, -0.2291275564655646 
21.319999999963652, -0.22985155664600745 
21.32999999996363, -0.23090661245801894 
21.339999999963606, -0.23238950212373805 
21.349999999963583, -0.23439314473053718 
21.35999999996356, -0.23696303280389658 
21.369999999963536, -0.24003141669278377 
21.379999999963513, -0.2433667697898744 
21.38999999996349, -0.24660860792214856 
21.399999999963466, -0.2494086120424408 
21.409999999963443, -0.2515765498099843 
21.41999999996342, -0.2531107456050296 
21.429999999963396, -0.2541231484654098 
21.439999999963373, -0.25475154443170966 
21.44999999996335, -0.2551117472686748 
21.459999999963326, -0.25528586609282605 
21.469999999963303, -0.25532695870911565 
21.47999999996328, -0.25526734455822697 
21.489999999963256, -0.25512600601633806 
21.499999999963233, -0.25491454381385886 
21.50999999996321, -0.25464233629999794 
21.519999999963186, -0.25432134685390895 
21.529999999963163, -0.25397012108167955 
21.53999999996314, -0.2536155255082958 
21.549999999963116, -0.25329067489762347 
21.559999999963093, -0.25302891404104566 
21.56999999996307, -0.252855791825068 
21.579999999963047, -0.25278193038244234 
21.589999999963023, -0.2527991552511737 
21.599999999963, -0.2528813404896541 
21.609999999962977, -0.2529904006847794 
21.619999999962953, -0.2530858308835974 
21.62999999996293, -0.2531338402014004 
21.639999999962907, -0.2531120514841102 
21.649999999962883, -0.25300860136988 
21.65999999996286, -0.25281750539002157 
21.669999999962837, -0.2525328833003132 
21.679999999962813, -0.2521434814518506 
21.68999999996279, -0.25162759231747633 
21.699999999962767, -0.2509480208890237 
21.709999999962744, -0.2500476034091297 
21.71999999996272, -0.24884842325223255 
21.729999999962697, -0.2472623187943169 
21.739999999962674, -0.24522284941495456 
21.74999999996265, -0.24273856279523934 
21.759999999962627, -0.23993711429539846 
21.769999999962604, -0.2370493910501242 
21.77999999996258, -0.23432425162361442 
21.789999999962557, -0.23193672458385972 
21.799999999962534, -0.22995404612686773 
21.80999999996251, -0.22835904005982782 
21.819999999962487, -0.22709193035585193 
21.829999999962464, -0.2260828205120919 
21.83999999996244, -0.22526895136528075 
21.849999999962417, -0.2246010715659917 
21.859999999962394, -0.22404420471292416 
21.86999999996237, -0.22357631243475473 
21.879999999962347, -0.22318673692365767 
21.889999999962324, -0.22287531509641995 
21.8999999999623, -0.22265245207057566 
21.909999999962277, -0.2225398557405039 
21.919999999962254, -0.22257048246203343 
21.92999999996223, -0.22278341992103207 
21.939999999962208, -0.22320326880633515 
21.949999999962184, -0.22378437202921603 
21.95999999996216, -0.22430220359548608 
21.969999999962138, -0.22423733096539963 
21.979999999962114, -0.2228582187321388 
21.98999999996209, -0.21971845329364353 
21.999999999962068, -0.21519903178489352 
22.009999999962044, -0.21031368232041275 
22.01999999996202, -0.20596145095964866 
22.029999999961998, -0.20252660196025746 
22.039999999961974, -0.19999258147217697 
22.04999999996195, -0.19818248764082516 
22.059999999961928, -0.19690610937723946 
22.069999999961905, -0.19601231523881402 
22.07999999996188, -0.19539573495707188 
22.089999999961858, -0.19498929021279798 
22.099999999961835, -0.19475550006727987 
22.10999999996181, -0.1946804389271941 
22.119999999961788, -0.1947710388814099 
22.129999999961765, -0.19505563598727033 
22.13999999996174, -0.1955875518075605 
22.149999999961718, -0.19645119372301706 
22.159999999961695, -0.19776872642919727 
22.16999999996167, -0.19970120820613704 
22.179999999961648, -0.20242917021538626 
22.189999999961625, -0.20608612040649912 
22.1999999999616, -0.21062551391112755 
22.20999999996158, -0.21567505068182363 
22.219999999961555, -0.22055723553921985 
22.22999999996153, -0.22459913722053676 
22.23999999996151, -0.22749172459412872 
22.249999999961485, -0.2293371632307437 
22.25999999996146, -0.2304281643104101 
22.26999999996144, -0.23104462122358488 
22.279999999961415, -0.23138100771949482 
22.289999999961392, -0.23155391099531958 
22.29999999996137, -0.23162902814383973 
22.309999999961345, -0.231643191649444 
22.319999999961322, -0.23161813351285127 
22.3299999999613, -0.2315685479137522 
22.339999999961275, -0.23150711981958488 
22.349999999961252, -0.23144814147006826 
22.35999999996123, -0.23141032704480374 
22.369999999961205, -0.23141860230010408 
22.379999999961182, -0.2315040746434208 
22.38999999996116, -0.23170124138801226 
22.399999999961135, -0.23204178527847036 
22.409999999961112, -0.232544959007892 
22.41999999996109, -0.23320600873578906 
22.429999999961066, -0.23398708991532305 
22.439999999961042, -0.23481817477671263 
22.44999999996102, -0.23561303025048352 
22.459999999960996, -0.23629468661209452 
22.469999999960972, -0.23681542662824726 
22.47999999996095, -0.23716057754375292 
22.489999999960926, -0.237338628927591 
22.499999999960902, -0.2373673955297379 
22.50999999996088, -0.23726327278688114 
22.519999999960856, -0.23703522813789762 
22.529999999960832, -0.23668237869275294 
22.53999999996081, -0.23619400448971967 
22.549999999960786, -0.23555209043880554 
22.559999999960763, -0.2347377146784945 
22.56999999996074, -0.2337424697308363 
22.579999999960716, -0.23258295470090712 
22.589999999960693, -0.23131057814766853 
22.59999999996067, -0.23000648633679915 
22.609999999960646, -0.2287597568031053 
22.619999999960623, -0.22764096455164032 
22.6299999999606, -0.22668664795073826 
22.639999999960576, -0.22589953838585292 
22.649999999960553, -0.22525856495391244 
22.65999999996053, -0.22473081584544766 
22.669999999960506, -0.22428113390563334 
22.679999999960483, -0.22387811904075772 
22.68999999996046, -0.22349669510389086 
22.699999999960436, -0.22311796656151622 
22.709999999960413, -0.2227273079324362 
22.71999999996039, -0.22231143148312849 
22.729999999960366, -0.22185458139735248 
22.739999999960343, -0.22133315267348458 
22.74999999996032, -0.22070701724090291 
22.759999999960296, -0.21990489158758292 
22.769999999960273, -0.2188016996340846 
22.77999999996025, -0.21719327794062654 
22.789999999960227, -0.21479731163995175 
22.799999999960203, -0.21134340511744604 
22.80999999996018, -0.20678711809021766 
22.819999999960157, -0.20150147301164595 
22.829999999960133, -0.19617238904066392 
22.83999999996011, -0.19142738264484943 
22.849999999960087, -0.18757277379720017 
22.859999999960063, -0.1846136027171188 
22.86999999996004, -0.1824035271002752 
22.879999999960017, -0.18076531291395098 
22.889999999959993, -0.1795464775778245 
22.89999999995997, -0.17863343208110954 
22.909999999959947, -0.1779486875416898 
22.919999999959924, -0.17744409205265754 
22.9299999999599, -0.1770951349568534 
22.939999999959877, -0.17689785622842197 
22.949999999959854, -0.1768687512663047 
22.95999999995983, -0.1770477988020126 
22.969999999959807, -0.177504444503625 
22.979999999959784, -0.17834492784304007 
22.98999999995976, -0.17971442649498318 
22.999999999959737, -0.18177492063569783 
23.009999999959714, -0.1846180548314213 
23.01999999995969, -0.1880694049821525 
23.029999999959667, -0.1914590797987738 
23.039999999959644, -0.1937197030683712 
23.04999999995962, -0.19409880676670427 
23.059999999959597, -0.19281247896556608 
23.069999999959574, -0.19073825287071983 
23.07999999995955, -0.18865603637623735 
23.089999999959527, -0.1869333715123194 
23.099999999959504, -0.1856350025575551 
23.10999999995948, -0.18469976463540388 
23.119999999959457, -0.184042499791307 
23.129999999959434, -0.18359198878889338 
23.13999999995941, -0.18329907435944887 
23.149999999959388, -0.1831351041069971 
23.159999999959364, -0.18308894438323273 
23.16999999995934, -0.18316527518176895 
23.179999999959318, -0.18338485186660264 
23.189999999959294, -0.18378674886218022 
23.19999999995927, -0.18443216155318692 
23.209999999959248, -0.1854083778889805 
23.219999999959224, -0.18682912021308962 
23.2299999999592, -0.18882258350684197 
23.239999999959178, -0.19149229893620945 
23.249999999959154, -0.1948386477601553 
23.25999999995913, -0.19866401741348477 
23.269999999959108, -0.2025528038763343 
23.279999999959085, -0.2060175677121626 
23.28999999995906, -0.20873297875576308 
23.299999999959038, -0.2106442526839177 
23.309999999959015, -0.2118868307095803 
23.31999999995899, -0.21264982273404912 
23.329999999958968, -0.2130941792985289 
23.339999999958945, -0.21333203029267253 
23.34999999995892, -0.21343442024242174 
23.359999999958898, -0.21344466189289085 
23.369999999958875, -0.2133893286312974 
23.37999999995885, -0.21328602254369736 
23.389999999958828, -0.2131489759224728 
23.399999999958805, -0.21299344213915608 
23.40999999995878, -0.21283911226670651 
23.41999999995876, -0.21271200720333053 
23.429999999958735, -0.21264389139400172 
23.43999999995871, -0.21266857217008228 
23.44999999995869, -0.21281528460646743 
23.459999999958665, -0.21310015272388796 
23.46999999995864, -0.2135175626462848 
23.47999999995862, -0.21403488772577245 
23.489999999958595, -0.21459536120109557 
23.499999999958572, -0.21513137940543495 
23.50999999995855, -0.21558318247345118 
23.519999999958525, -0.2159125708407112 
23.529999999958502, -0.2161050831885555 
23.53999999995848, -0.21616277594660302 
23.549999999958455, -0.21609413433662034 
23.559999999958432, -0.2159058459206337 
23.56999999995841, -0.2155977043080149 
23.579999999958385, -0.21516014537348171 
23.589999999958362, -0.21457411180576816 
23.59999999995834, -0.2138141674788303 
23.609999999958315, -0.21285688918161835 
23.619999999958292, -0.2116956687606592 
23.62999999995827, -0.21035799217012197 
23.639999999958246, -0.20891378329771926 
23.649999999958222, -0.2074631397282945 
23.6599999999582, -0.20610607137129255 
23.669999999958176, -0.20491299105748703 
23.679999999958152, -0.20391263305008858 
23.68999999995813, -0.2030978691121712 
23.699999999958106, -0.20243949444913567 
23.709999999958082, -0.201899407756281 
23.71999999995806, -0.2014398238550012 
23.729999999958036, -0.20102831106180105 
23.739999999958012, -0.20063941448887604 
23.74999999995799, -0.20025383076791808 
23.759999999957966, -0.19985605515971372 
23.769999999957943, -0.1994310614371923 
23.77999999995792, -0.19895989758100674 
23.789999999957896, -0.19841318362924207 
23.799999999957873, -0.1977404906290201 
23.80999999995785, -0.19685303477902158 
23.819999999957826, -0.195599639967636 
23.829999999957803, -0.19374848094126734 
23.83999999995778, -0.1910166281441042 
23.849999999957756, -0.18720954392145753 
23.859999999957733, -0.18244654887762762 
23.86999999995771, -0.17724847607333766 
23.879999999957686, -0.17229700387764385 
23.889999999957663, -0.16807758036105339 
23.89999999995764, -0.16474562523419473 
23.909999999957616, -0.16222426184938915 
23.919999999957593, -0.1603482946397363 
23.92999999995757, -0.15895269625835104 
23.939999999957546, -0.15790555594494643 
23.949999999957523, -0.15711236887130628 
23.9599999999575, -0.15651062169145666 
23.969999999957476, -0.15606325463658904 
23.979999999957453, -0.15575396832280136 
23.98999999995743, -0.1555851461223749 
23.999999999957407, -0.15557847986368423 
24.009999999957383, -0.15577803248030336 
24.01999999995736, -0.15625442432381273 
24.029999999957337, -0.15710532435428495 
24.039999999957313, -0.1584381178065441 
24.04999999995729, -0.1603028416803109 
24.059999999957267, -0.1625332013142398 
24.069999999957243, -0.1645310501538253 
24.07999999995722, -0.16529052227717567 
24.089999999957197, -0.16404200217751283 
24.099999999957173, -0.16103267010264052 
24.10999999995715, -0.15732299554089973 
24.119999999957127, -0.15388038870624438 
24.129999999957104, -0.15113140212327517 
24.13999999995708, -0.14909798460095516 
24.149999999957057, -0.14764519740434304 
24.159999999957034, -0.14662211275168152 
24.16999999995701, -0.14590963107963603 
24.179999999956987, -0.14542672667299592 
24.189999999956964, -0.1451246804436921 
24.19999999995694, -0.1449806593233945 
24.209999999956917, -0.14499396133166803 
24.219999999956894, -0.14518562345686808 
24.22999999995687, -0.14560150323700255 
24.239999999956847, -0.14631877253584516 
24.249999999956824, -0.14745489934753866 
24.2599999999568, -0.14917492842364047 
24.269999999956777, -0.15168413292867422 
24.279999999956754, -0.15517680986079563 
24.28999999995673, -0.15970178465491724 
24.299999999956707, -0.16495941615938742 
24.309999999956684, -0.17021810331708614 
24.31999999995666, -0.17461284944256433 
24.329999999956637, -0.17766675388160774 
24.339999999956614, -0.1794687311019728 
24.34999999995659, -0.1804012055684832 
24.359999999956568, -0.18083332944614133 
24.369999999956544, -0.18100855984308079 
24.37999999995652, -0.18106030835179276 
24.389999999956498, -0.18105557666147107 
24.399999999956474, -0.18102770091302609 
24.40999999995645, -0.18099497280747062 
24.419999999956428, -0.18097038472837573 
24.429999999956404, -0.1809670010011677 
24.43999999995638, -0.1810015034213485 
24.449999999956358, -0.18109703262615345 
24.459999999956334, -0.18128549715685224 
24.46999999995631, -0.1816087904123559 
24.479999999956288, -0.1821176433804634 
24.489999999956265, -0.1828659768823626 
24.49999999995624, -0.18389781632570995 
24.509999999956218, -0.1852248838726354 
24.519999999956195, -0.18679972499361922 
24.52999999995617, -0.18850218166770824 
24.539999999956148, -0.1901621408621308 
24.549999999956125, -0.19161780506750353 
24.5599999999561, -0.19277125227546804 
24.569999999956078, -0.19360295207047604 
24.579999999956055, -0.19414753969140047 
24.58999999995603, -0.19445987013663213 
24.599999999956008, -0.1945918862016841 
24.609999999955985, -0.1945830740948587 
24.61999999995596, -0.19445936942455566 
24.62999999995594, -0.19423577368757897 
24.639999999955915, -0.19392044725932434 
24.64999999995589, -0.1935197466938843 
24.65999999995587, -0.19304400981017872 
24.669999999955845, -0.19251300623300865 
24.67999999995582, -0.1919586392017034 
24.6899999999558, -0.191422390351446 
24.699999999955775, -0.1909473919451527 
24.709999999955752, -0.19056837038564173 
24.71999999995573, -0.19030372047022176 
24.729999999955705, -0.19015199801468363 
24.739999999955682, -0.19009294145761602 
24.74999999995566, -0.19009248779444382 
24.759999999955635, -0.19011080334937291 
24.769999999955612, -0.19011092304727215 
24.77999999995559, -0.19006465949897633 
24.789999999955565, -0.18995378188944573 
24.799999999955542, -0.18976707094822767 
24.80999999995552, -0.18949532749234568 
24.819999999955495, -0.18912605045360048 
24.829999999955472, -0.18863844091074017 
24.83999999995545, -0.1879988850717978 
24.849999999955426, -0.18715779928912205 
24.859999999955402, -0.18605102729431633 
24.86999999995538, -0.184612261610626 
24.879999999955356, -0.18280306042149902 
24.889999999955332, -0.18065527358317737 
24.89999999995531, -0.17829673196037343 
24.909999999955286, -0.17592446631703418 
24.919999999955262, -0.17373135432501588 
24.92999999995524, -0.1718405533327314 
24.939999999955216, -0.17028902124455886 
24.949999999955192, -0.1690510221030444 
24.95999999995517, -0.16807104219546115 
24.969999999955146, -0.16728775940695229 
24.979999999955123, -0.16664643886249747 
24.9899999999551, -0.16610335791259614 
24.999999999955076, -0.16562593618767513 
