t, s[1].omega / s[0].omega 
0, -1.6299971203774821 
0.009999999999999995, -1.6295932441307492 
0.019999999999999934, -1.6289613207358875 
0.029999999999999874, -1.6281103202719294 
0.04000000000000012, -1.6270712029989043 
0.050000000000000405, -1.6259207865649787 
0.06000000000000069, -1.6248021415234626 
0.07000000000000098, -1.623901392571224 
0.08000000000000126, -1.623345633267952 
0.09000000000000155, -1.6231002168588922 
0.10000000000000184, -1.6230053412562093 
0.11000000000000212, -1.6229020344249343 
0.12000000000000241, -1.6226921952008335 
0.130000000000002, -1.6223168554035106 
0.1400000000000009, -1.6217167926704892 
0.1499999999999998, -1.6208134922854547 
0.1599999999999987, -1.6195406327425883 
0.1699999999999976, -1.6179863531642276 
0.1799999999999965, -1.6166483194439434 
0.1899999999999954, -1.6164252825400607 
0.1999999999999943, -1.617828851152479 
0.2099999999999932, -1.6202759096816675 
0.2199999999999921, -1.6227128215204587 
0.229999999999991, -1.6245236784058217 
0.2399999999999899, -1.625621601710911 
0.2499999999999888, -1.6261505953005706 
0.2599999999999877, -1.6262799015034333 
0.2699999999999866, -1.626138324082908 
0.2799999999999855, -1.6258154690895068 
0.2899999999999844, -1.6253837721280848 
0.2999999999999833, -1.6249199988267577 
0.3099999999999822, -1.624508318046343 
0.3199999999999811, -1.62421588357276 
0.32999999999998, -1.6240627823460152 
0.3399999999999789, -1.624017027896516 
0.3499999999999778, -1.6240128047677131 
0.35999999999997667, -1.6239744012175845 
0.36999999999997557, -1.6238329833585108 
0.37999999999997447, -1.6235277612076509 
0.38999999999997337, -1.6229945143360425 
0.39999999999997227, -1.6221526219979894 
0.40999999999997117, -1.6209023046374889 
0.41999999999997006, -1.6191479534022544 
0.42999999999996896, -1.6168736672294735 
0.43999999999996786, -1.6142843307184158 
0.44999999999996676, -1.6119093324410056 
0.45999999999996566, -1.6103849212890804 
0.46999999999996456, -1.6099112767737211 
0.47999999999996346, -1.6100962354627903 
0.48999999999996235, -1.6104246237230488 
0.49999999999996125, -1.6106175136088183 
0.5099999999999602, -1.610605062475249 
0.519999999999959, -1.6103966872571416 
0.529999999999958, -1.610011250722603 
0.5399999999999568, -1.6094691140755817 
0.5499999999999557, -1.608830551939357 
0.5599999999999546, -1.6082669467398643 
0.5699999999999535, -1.608081726322037 
0.5799999999999524, -1.608536356176136 
0.5899999999999513, -1.6095839674706969 
0.5999999999999502, -1.610886655391179 
0.6099999999999491, -1.6120918210296407 
0.619999999999948, -1.61300321224841 
0.6299999999999469, -1.61356767291706 
0.6399999999999458, -1.6138061476150571 
0.6499999999999447, -1.6137638716666636 
0.6599999999999436, -1.613487371021229 
0.6699999999999425, -1.6130191095910935 
0.6799999999999414, -1.6124026988582127 
0.6899999999999403, -1.6116933137361236 
0.6999999999999392, -1.6109660617951047 
0.7099999999999381, -1.6103126311390992 
0.719999999999937, -1.6098163135915473 
0.7299999999999359, -1.6095074996448304 
0.7399999999999348, -1.6093373092891678 
0.7499999999999337, -1.6092072166147466 
0.7599999999999326, -1.609020897628179 
0.7699999999999315, -1.6087021239086687 
0.7799999999999304, -1.6081763387008645 
0.7899999999999293, -1.6073416145336576 
0.7999999999999282, -1.6060504067468446 
0.8099999999999271, -1.60413753243427 
0.819999999999926, -1.6015736011488362 
0.8299999999999249, -1.5987907716801857 
0.8399999999999238, -1.5968373704537613 
0.8499999999999227, -1.5966353712459864 
0.8599999999999216, -1.5979220215819245 
0.8699999999999205, -1.599622494337797 
0.8799999999999194, -1.6009664549354174 
0.8899999999999183, -1.6017627116110158 
0.8999999999999172, -1.60210081637461 
0.9099999999999161, -1.6021142714223804 
0.919999999999915, -1.6019046113034203 
0.9299999999999139, -1.6015435491122758 
0.9399999999999128, -1.6011010588598402 
0.9499999999999117, -1.6006753143021761 
0.9599999999999106, -1.6003919612040476 
0.9699999999999095, -1.6003453667417706 
0.9799999999999084, -1.6005295873504917 
0.9899999999999073, -1.600845797007461 
0.9999999999999062, -1.601170625888204 
1.0099999999999052, -1.6014065645147866 
1.019999999999904, -1.60149181235798 
1.029999999999903, -1.6013897814553957 
1.039999999999902, -1.6010758710089525 
1.0499999999999008, -1.6005291451350967 
1.0599999999998997, -1.599731517764258 
1.0699999999998986, -1.5986763393906227 
1.0799999999998975, -1.5973896749562082 
1.0899999999998964, -1.5959649032434138 
1.0999999999998953, -1.594590875476583 
1.1099999999998942, -1.593513088912756 
1.119999999999893, -1.5928871316715172 
1.129999999999892, -1.5926523706256166 
1.1399999999998909, -1.5926017536717731 
1.1499999999998898, -1.592547112044468 
1.1599999999998887, -1.592384750600089 
1.1699999999998876, -1.59206412282282 
1.1799999999998865, -1.5915429621167154 
1.1899999999998854, -1.590767391243846 
1.1999999999998843, -1.589697335003607 
1.2099999999998832, -1.5884183907300682 
1.219999999999882, -1.5873395123465588 
1.229999999999881, -1.5872032734872985 
1.2399999999998799, -1.58849812373973 
1.2499999999998788, -1.5908256786794028 
1.2599999999998777, -1.5932757974165468 
1.2699999999998766, -1.595212015559345 
1.2799999999998755, -1.5964694469485654 
1.2899999999998744, -1.5971414905989507 
1.2999999999998733, -1.5973816179802571 
1.3099999999998722, -1.5973202917189953 
1.319999999999871, -1.5970516664518102 
1.32999999999987, -1.5966474911029973 
1.3399999999998689, -1.5961770188862396 
1.3499999999998678, -1.5957178116897857 
1.3599999999998666, -1.5953444339752925 
1.3699999999998655, -1.5951010252180509 
1.3799999999998644, -1.5949837901603685 
1.3899999999998633, -1.594946013167573 
1.3999999999998622, -1.5949173655918745 
1.4099999999998611, -1.5948254640235513 
1.41999999999986, -1.594606442305037 
1.429999999999859, -1.5941995491043852 
1.4399999999998578, -1.5935338669077321 
1.4499999999998567, -1.5925187562793046 
1.4599999999998556, -1.5910501515818327 
1.4699999999998545, -1.589051895307951 
1.4799999999998534, -1.5865769671869967 
1.4899999999998523, -1.583951027493962 
1.4999999999998512, -1.5817851724882765 
1.5099999999998501, -1.5806109003660205 
1.519999999999849, -1.5804031037019093 
1.529999999999848, -1.5806776682153036 
1.5399999999998468, -1.5809857995886554 
1.5499999999998457, -1.5811274317000796 
1.5599999999998446, -1.5810663147415311 
1.5699999999998435, -1.5808169528607556 
1.5799999999998424, -1.5803953317293238 
1.5899999999998413, -1.5798216151228135 
1.5999999999998402, -1.5791649480519472 
1.6099999999998391, -1.578615956461318 
1.619999999999838, -1.578494577998375 
1.629999999999837, -1.5790554262509648 
1.6399999999998358, -1.5802252530997911 
1.6499999999998347, -1.5816432385991268 
1.6599999999998336, -1.582945583790186 
1.6699999999998325, -1.5839331314944487 
1.6799999999998314, -1.584555123347422 
1.6899999999998303, -1.5848379976978486 
1.6999999999998292, -1.5848335354764882 
1.709999999999828, -1.5845944065025368 
1.719999999999827, -1.5841679815144971 
1.729999999999826, -1.5836009002870859 
1.7399999999998248, -1.5829484711929107 
1.7499999999998237, -1.5822813024405176 
1.7599999999998226, -1.5816807835270104 
1.7699999999998215, -1.5812183131940432 
1.7799999999998204, -1.5809218200143895 
1.7899999999998193, -1.5807538633748994 
1.7999999999998182, -1.5806302358228195 
1.809999999999817, -1.5804615423897985 
1.819999999999816, -1.5801731549406133 
1.8299999999998149, -1.5796935145994522 
1.8399999999998138, -1.578929116815862 
1.8499999999998127, -1.5777440329964993 
1.8599999999998116, -1.5759673923478397 
1.8699999999998105, -1.57348266665048 
1.8799999999998094, -1.5704659360121354 
1.8899999999998083, -1.567656847459895 
1.8999999999998072, -1.5661107648264252 
1.909999999999806, -1.5662233929356195 
1.919999999999805, -1.5673274975145581 
1.9299999999998039, -1.5685214871100155 
1.9399999999998028, -1.56935597312546 
1.9499999999998017, -1.5697763032412289 
1.9599999999998006, -1.5698676563297378 
1.9699999999997995, -1.5697204000378542 
1.9799999999997984, -1.569399936775819 
1.9899999999997973, -1.5689620056847549 
1.9999999999997962, -1.5684864598594788 
2.0099999999998173, -1.568105352083915 
2.0199999999998384, -1.567976450704214 
2.0299999999998595, -1.5681834125133753 
2.0399999999998806, -1.5686623970426947 
2.0499999999999017, -1.569251946718774 
2.059999999999923, -1.5697950045587419 
2.069999999999944, -1.5701898877684235 
2.079999999999965, -1.5703870074287525 
2.089999999999986, -1.5703685238926737 
2.100000000000007, -1.5701315649858967 
2.1100000000000283, -1.5696795227050353 
2.1200000000000494, -1.5690208763798357 
2.1300000000000705, -1.5681750693643612 
2.1400000000000916, -1.5671853295733782 
2.1500000000001127, -1.566135184465105 
2.160000000000134, -1.5651548552035233 
2.170000000000155, -1.5643893182963093 
2.180000000000176, -1.563918107863101 
2.190000000000197, -1.5636946502245404 
2.2000000000002182, -1.5635857716682173 
2.2100000000002393, -1.5634614749139208 
2.2200000000002604, -1.5632350324129205 
2.2300000000002815, -1.5628456794495638 
2.2400000000003026, -1.562225835061843 
2.2500000000003237, -1.5612790567917265 
2.260000000000345, -1.5598908935428528 
2.270000000000366, -1.5580252741936786 
2.280000000000387, -1.5559638856185365 
2.290000000000408, -1.5545167621967255 
2.3000000000004293, -1.554612159185298 
2.3100000000004504, -1.5562981287833053 
2.3200000000004715, -1.5586302136242596 
2.3300000000004926, -1.5606659930186728 
2.3400000000005137, -1.5620395872711494 
2.3500000000005348, -1.5627931549655338 
2.360000000000556, -1.5630889768434528 
2.370000000000577, -1.563072421215177 
2.380000000000598, -1.5628449105225566 
2.390000000000619, -1.5624792201967381 
2.4000000000006403, -1.5620460415177173 
2.4100000000006614, -1.5616345537707057 
2.4200000000006825, -1.5613443177700992 
2.4300000000007036, -1.5612405685333548 
2.4400000000007247, -1.5613143856919716 
2.450000000000746, -1.561493610638806 
2.460000000000767, -1.5616857390259464 
2.470000000000788, -1.561810099904155 
2.480000000000809, -1.5618075492235914 
2.49000000000083, -1.5616358386243754 
2.5000000000008513, -1.561260576884023 
2.5100000000008724, -1.5606489246124975 
2.5200000000008935, -1.5597700153552938 
2.5300000000009146, -1.5586050907798175 
2.5400000000009357, -1.5571714487976527 
2.550000000000957, -1.5555616489039505 
2.560000000000978, -1.5539783522345687 
2.570000000000999, -1.552700745086067 
2.58000000000102, -1.551929677812814 
2.5900000000010412, -1.5516316333930935 
2.6000000000010624, -1.5515880608943475 
2.6100000000010835, -1.5515796641466304 
2.6200000000011046, -1.5514807557480137 
2.6300000000011257, -1.5512365056201511 
2.6400000000011468, -1.550813246587703 
2.650000000001168, -1.5501696131608091 
2.660000000001189, -1.5492616740686276 
2.67000000000121, -1.5481072231884236 
2.680000000001231, -1.5469373486560902 
2.6900000000012523, -1.5463262190645184 
2.7000000000012734, -1.5469314356006227 
2.7100000000012945, -1.5488215724026657 
2.7200000000013156, -1.5513072769670484 
2.7300000000013367, -1.553587326521493 
2.740000000001358, -1.5552588407469652 
2.750000000001379, -1.5562879132571503 
2.7600000000014, -1.5567984733823494 
2.770000000001421, -1.5569335041019505 
2.780000000001442, -1.5568063888480153 
2.7900000000014633, -1.5564992402025817 
2.8000000000014844, -1.556078743980173 
2.8100000000015055, -1.5556140549701873 
2.8200000000015266, -1.5551828010978699 
2.8300000000015477, -1.5548547279004137 
2.840000000001569, -1.5546637463128463 
2.85000000000159, -1.5545949496764546 
2.860000000001611, -1.5545949061598079 
2.870000000001632, -1.5545930492037594 
2.8800000000016532, -1.5545209744080954 
2.8900000000016743, -1.5543199625939796 
2.9000000000016954, -1.5539356411215033 
2.9100000000017165, -1.5533077669369248 
2.9200000000017377, -1.5523644544148145 
2.9300000000017588, -1.5510291978944881 
2.94000000000178, -1.54925176410471 
2.950000000001801, -1.5470758901739605 
2.960000000001822, -1.5447334785331392 
2.970000000001843, -1.5426698541907933 
2.9800000000018643, -1.5413375601149784 
2.9900000000018854, -1.5408413181814633 
3.0000000000019065, -1.5408802744061183 
3.0100000000019276, -1.5410665640907575 
3.0200000000019487, -1.5411691066888091 
3.03000000000197, -1.5411097566550134 
3.040000000001991, -1.5408764466867677 
3.050000000002012, -1.5404669895647054 
3.060000000002033, -1.5398761952385418 
3.070000000002054, -1.539123822192767 
3.0800000000020753, -1.538331916295473 
3.0900000000020964, -1.5378158449288992 
3.1000000000021175, -1.5380181740968915 
3.1100000000021386, -1.539158999938167 
3.1200000000021597, -1.5409645697993704 
3.130000000002181, -1.5428896192993817 
3.140000000002202, -1.5445108882529586 
3.150000000002223, -1.545659609969465 
3.160000000002244, -1.5463428112195359 
3.1700000000022652, -1.5466387066230014 
3.1800000000022863, -1.5466353664067838 
3.1900000000023074, -1.5464079287446761 
3.2000000000023285, -1.546017779635553 
3.2100000000023496, -1.5455220323999812 
3.2200000000023707, -1.544983935519476 
3.230000000002392, -1.5444739833537344 
3.240000000002413, -1.5440563900327995 
3.250000000002434, -1.5437681107258023 
3.260000000002455, -1.5436033921898944 
3.2700000000024763, -1.5435139430788132 
3.2800000000024974, -1.543427885413017 
3.2900000000025185, -1.5432732468313197 
3.3000000000025396, -1.5429860381381353 
3.3100000000025607, -1.5425007794076588 
3.3200000000025818, -1.541734927929184 
3.330000000002603, -1.5405793239001846 
3.340000000002624, -1.5389092319335897 
3.350000000002645, -1.5366413498329723 
3.360000000002666, -1.533863771502174 
3.3700000000026873, -1.5309957052837355 
3.3800000000027084, -1.5287468126047572 
3.3900000000027295, -1.5276509140130763 
3.4000000000027506, -1.5275934445608068 
3.4100000000027717, -1.5280134287993008 
3.420000000002793, -1.5284365523335848 
3.430000000002814, -1.5286644665760678 
3.440000000002835, -1.52867053763427 
3.450000000002856, -1.5284800570766663 
3.460000000002877, -1.5281177658702454 
3.4700000000028983, -1.5276045981626487 
3.4800000000029194, -1.5269888716311812 
3.4900000000029405, -1.5264054320117686 
3.5000000000029616, -1.526113241381795 
3.5100000000029827, -1.526395717841042 
3.520000000003004, -1.5273247781629513 
3.530000000003025, -1.5286643159692859 
3.540000000003046, -1.530054484118296 
3.550000000003067, -1.531227586956046 
3.5600000000030882, -1.5320659990333327 
3.5700000000031094, -1.5325572685047144 
3.5800000000031305, -1.5327382065740363 
3.5900000000031516, -1.5326597905691899 
3.6000000000031727, -1.5323717196411393 
3.6100000000031938, -1.5319200503376478 
3.620000000003215, -1.5313527327240446 
3.630000000003236, -1.5307274363953933 
3.640000000003257, -1.5301139871401195 
3.650000000003278, -1.5295849675271478 
3.6600000000032993, -1.5291942410608779 
3.6700000000033204, -1.5289516669541119 
3.6800000000033415, -1.5288133761642104 
3.6900000000033626, -1.5287020041344745 
3.7000000000033837, -1.5285384325909241 
3.710000000003405, -1.5282547139250524 
3.720000000003426, -1.527783686135397 
3.730000000003447, -1.5270392434713942 
3.740000000003468, -1.5259008340698033 
3.750000000003489, -1.524218566238386 
3.7600000000035103, -1.5218721238051995 
3.7700000000035314, -1.5189269652407895 
3.7800000000035525, -1.5158485638855557 
3.7900000000035736, -1.513481359518599 
3.8000000000035947, -1.5124748090941387 
3.810000000003616, -1.5126798588760229 
3.820000000003637, -1.51340320187592 
3.830000000003658, -1.5140762855748684 
3.840000000003679, -1.5144800950963277 
3.8500000000037002, -1.5146054337808514 
3.8600000000037213, -1.5145025781966983 
3.8700000000037424, -1.5142174613363033 
3.8800000000037635, -1.513784489354489 
3.8900000000037847, -1.5132500770332038 
3.9000000000038058, -1.5127168711226258 
3.910000000003827, -1.5123771652201465 
3.920000000003848, -1.51245823203101 
3.930000000003869, -1.5130592476819156 
3.94000000000389, -1.5140483653506616 
3.9500000000039113, -1.5151598078685236 
3.9600000000039324, -1.5161592729160775 
3.9700000000039535, -1.5169160844996414 
3.9800000000039746, -1.5173878351844574 
3.9900000000039957, -1.5175822297084844 
4.000000000004016, -1.5175282158387424 
4.010000000003993, -1.5172606516309315 
4.02000000000397, -1.5168153336895371 
4.030000000003946, -1.5162314316250185 
4.040000000003923, -1.515558234606677 
4.0500000000039, -1.5148608316132353 
4.0600000000038765, -1.5142173509108754 
4.070000000003853, -1.5137018357066445 
4.08000000000383, -1.513353954742354 
4.090000000003807, -1.5131538994360734 
4.100000000003783, -1.513030151865698 
4.11000000000376, -1.5128958129242154 
4.120000000003737, -1.5126757005696665 
4.130000000003713, -1.5123048640418857 
4.14000000000369, -1.5117095889434595 
4.150000000003667, -1.5107866753366652 
4.1600000000036434, -1.5093942001424465 
4.17000000000362, -1.507378474946971 
4.180000000003597, -1.504684156819904 
4.1900000000035735, -1.5015718706481778 
4.20000000000355, -1.4987747960362472 
4.210000000003527, -1.4971730252407343 
4.220000000003504, -1.4970272250756045 
4.23000000000348, -1.4977740155296528 
4.240000000003457, -1.498676174502794 
4.250000000003434, -1.4993353419126376 
4.26000000000341, -1.4996693567544868 
4.270000000003387, -1.4997248043093436 
4.280000000003364, -1.4995646135568863 
4.2900000000033405, -1.4992355634489687 
4.300000000003317, -1.498776422987184 
4.310000000003294, -1.4982489125636644 
4.320000000003271, -1.4977791918233272 
4.330000000003247, -1.4975660817967547 
4.340000000003224, -1.4977917492336166 
4.350000000003201, -1.498475981987873 
4.360000000003177, -1.4994453817361446 
4.370000000003154, -1.5004573002774335 
4.380000000003131, -1.501325105636002 
4.390000000003107, -1.5019530610048735 
4.400000000003084, -1.502313932803708 
4.410000000003061, -1.5024178263540509 
4.4200000000030375, -1.5022906540873961 
4.430000000003014, -1.5019632876347764 
4.440000000002991, -1.501468919304744 
4.450000000002968, -1.5008465317839637 
4.460000000002944, -1.5001475489235367 
4.470000000002921, -1.4994401276439482 
4.480000000002898, -1.4988038059102633 
4.490000000002874, -1.4983091520234812 
4.500000000002851, -1.497986133338146 
4.510000000002828, -1.4978035679701913 
4.520000000002804, -1.4976842630120266 
4.530000000002781, -1.4975425202510686 
4.540000000002758, -1.4973063610010982 
4.5500000000027345, -1.4969120687421156 
4.560000000002711, -1.4962845148410666 
4.570000000002688, -1.4953177928793098 
4.580000000002665, -1.493868999471292 
4.590000000002641, -1.491790647717102 
4.600000000002618, -1.4890467694420546 
4.610000000002595, -1.4859256907251104 
4.620000000002571, -1.4831667715753731 
4.630000000002548, -1.4816087389466701 
4.640000000002525, -1.4814645983594228 
4.6500000000025015, -1.4821742639156088 
4.660000000002478, -1.4830328747929242 
4.670000000002455, -1.4836608920968846 
4.6800000000024315, -1.4839775167840217 
4.690000000002408, -1.4840246769361816 
4.700000000002385, -1.4838607918409648 
4.710000000002362, -1.4835291836301923 
4.720000000002338, -1.48306525096895 
4.730000000002315, -1.4825264936832936 
4.740000000002292, -1.4820355495745294 
4.750000000002268, -1.4817956409591577 
4.760000000002245, -1.4820088929063362 
4.770000000002222, -1.482720888129803 
4.7800000000021985, -1.4837658183375795 
4.790000000002175, -1.484884547419214 
4.800000000002152, -1.485866606691619 
4.810000000002129, -1.4865997550625156 
4.820000000002105, -1.487050461920185 
4.830000000002082, -1.4872295916548421 
4.840000000002059, -1.48716713030865 
4.850000000002035, -1.4868986247103035 
4.860000000002012, -1.4864607762686537 
4.870000000001989, -1.4858937585179732 
4.880000000001965, -1.4852472321428383 
4.890000000001942, -1.484584655461386 
4.900000000001919, -1.4839791208616568 
4.9100000000018955, -1.4834967716829826 
4.920000000001872, -1.4831709835058293 
4.930000000001849, -1.4829825636879708 
4.940000000001826, -1.4828666197671396 
4.950000000001802, -1.4827428651439172 
4.960000000001779, -1.4825397085383554 
4.970000000001756, -1.4821948017163566 
4.980000000001732, -1.4816397227160714 
4.990000000001709, -1.4807823504692135 
5.000000000001686, -1.4794980672559634 
5.0100000000016625, -1.4776470061264129 
5.020000000001639, -1.4751489220454874 
5.030000000001616, -1.4721405805255452 
5.0400000000015925, -1.4691373493464082 
5.050000000001569, -1.466920817691585 
5.060000000001546, -1.465991214612351 
5.070000000001523, -1.466139908337808 
5.080000000001499, -1.4667452715613734 
5.090000000001476, -1.4673164284075242 
5.100000000001453, -1.4676574802924285 
5.110000000001429, -1.4677510355820185 
5.120000000001406, -1.467633771651869 
5.130000000001383, -1.4673404371122212 
5.1400000000013595, -1.4668951219079382 
5.150000000001336, -1.4663307383937334 
5.160000000001313, -1.4657328291624458 
5.17000000000129, -1.4652890017847213 
5.180000000001266, -1.4652701640583912 
5.190000000001243, -1.4658719799936448 
5.20000000000122, -1.4670342171484971 
5.210000000001196, -1.468467227260051 
5.220000000001173, -1.4698502204828308 
5.23000000000115, -1.4709748106437774 
5.240000000001126, -1.4717603296052437 
5.250000000001103, -1.4722092432130762 
5.26000000000108, -1.4723624137870421 
5.2700000000010565, -1.4722713749544807 
5.280000000001033, -1.4719859673078013 
5.29000000000101, -1.4715528177967347 
5.300000000000987, -1.4710204995656064 
5.310000000000963, -1.4704459425832064 
5.32000000000094, -1.4698947154630235 
5.330000000000917, -1.4694301846562756 
5.340000000000893, -1.4690945713606804 
5.35000000000087, -1.4688915457139788 
5.360000000000847, -1.4687821117504654 
5.3700000000008234, -1.4686999735063757 
5.3800000000008, -1.4685750163756182 
5.390000000000777, -1.468345346022796 
5.4000000000007535, -1.4679526053215655 
5.41000000000073, -1.467329374188561 
5.420000000000707, -1.4663890316633026 
5.430000000000684, -1.465027503892779 
5.44000000000066, -1.4631503036498819 
5.450000000000637, -1.460742524215873 
5.460000000000614, -1.4579820381929545 
5.47000000000059, -1.4553186768330924 
5.480000000000567, -1.4533401206789347 
5.490000000000544, -1.4523807564881819 
5.5000000000005205, -1.4522680132140484 
5.510000000000497, -1.4525459513668584 
5.520000000000474, -1.4528438097133702 
5.5300000000004506, -1.4529943480858698 
5.540000000000427, -1.4529610306243879 
5.550000000000404, -1.4527511397562332 
5.560000000000381, -1.4523725401027197 
5.570000000000357, -1.4518262064367735 
5.580000000000334, -1.4511279809818984 
5.590000000000311, -1.450365790717684 
5.600000000000287, -1.4497774139848674 
5.610000000000264, -1.4497466456766157 
5.620000000000241, -1.4505828721190017 
5.6300000000002175, -1.4522222981704302 
5.640000000000194, -1.4542363383583308 
5.650000000000171, -1.4561453101174875 
5.660000000000148, -1.4576582344883335 
5.670000000000124, -1.458691693636097 
5.680000000000101, -1.459285274685371 
5.690000000000078, -1.4595229307480304 
5.700000000000054, -1.4594896278981089 
5.710000000000031, -1.4592563146300335 
5.720000000000008, -1.4588815583624704 
5.729999999999984, -1.458421073818124 
5.739999999999961, -1.4579369613114328 
5.749999999999938, -1.4574970767253528 
5.7599999999999145, -1.4571597690525033 
5.769999999999891, -1.4569532044597504 
5.779999999999868, -1.4568651861527298 
5.789999999999845, -1.456849274912131 
5.799999999999821, -1.4568418230707685 
5.809999999999798, -1.4567795227650462 
5.819999999999775, -1.4566075667521932 
5.829999999999751, -1.4562769087022995 
5.839999999999728, -1.4557371323449098 
5.849999999999705, -1.4549323481582699 
5.8599999999996815, -1.453805458689153 
5.869999999999658, -1.4523155289185627 
5.879999999999635, -1.4504730315890577 
5.8899999999996115, -1.4483913699101791 
5.899999999999588, -1.4463261590078147 
5.909999999999565, -1.4446291692867648 
5.919999999999542, -1.4435671627501652 
5.929999999999518, -1.443136293623921 
5.939999999999495, -1.4430952194725895 
5.949999999999472, -1.4431703798140725 
5.959999999999448, -1.443190592023371 
5.969999999999425, -1.4430836411055221 
5.979999999999402, -1.4428228781122292 
5.9899999999993785, -1.4423866680668522 
5.999999999999355, -1.4417420047394118 
6.009999999999332, -1.4408546568578449 
6.019999999999309, -1.439743552380459 
6.029999999999285, -1.4385979613190578 
6.039999999999262, -1.4378869640438696 
6.049999999999239, -1.4382144141502011 
6.059999999999215, -1.4398164516133507 
6.069999999999192, -1.442250282825397 
6.079999999999169, -1.4447554502616407 
6.089999999999145, -1.446790716773895 
6.099999999999122, -1.4481852723564506 
6.109999999999099, -1.4490006539851792 
6.1199999999990755, -1.4493725230381835 
6.129999999999052, -1.4494280103660073 
6.139999999999029, -1.4492626620673899 
6.149999999999006, -1.4489460925392372 
6.159999999998982, -1.4485383648229095 
6.169999999998959, -1.4481069521682355 
6.179999999998936, -1.4477321841983462 
6.189999999998912, -1.4474893563352338 
6.199999999998889, -1.4474154033377387 
6.209999999998866, -1.4474909137122167 
6.2199999999988425, -1.447653820321813 
6.229999999998819, -1.4478278890634457 
6.239999999998796, -1.447944452799677 
6.2499999999987725, -1.4479507398106368 
6.259999999998749, -1.4478082180501723 
6.269999999998726, -1.4474873323866109 
6.279999999998703, -1.446963847912458 
6.289999999998679, -1.4462193460976958 
6.299999999998656, -1.4452468376373633 
6.309999999998633, -1.444062334295184 
6.319999999998609, -1.4427223677628753 
6.329999999998586, -1.441341484105258 
6.339999999998563, -1.440089393293743 
6.3499999999985395, -1.4391382356209477 
6.359999999998516, -1.4385680419020659 
6.369999999998493, -1.4383146850103394 
6.37999999999847, -1.438225027236183 
6.389999999998446, -1.4381537900463284 
6.399999999998423, -1.4380076971043583 
6.4099999999984, -1.4377319947848506 
6.419999999998376, -1.4372796174256652 
6.429999999998353, -1.4365864659679504 
6.43999999999833, -1.4355608236593 
6.449999999998306, -1.4341032537393763 
6.459999999998283, -1.4321964689257551 
6.46999999999826, -1.4300931385607893 
6.4799999999982365, -1.4284640425151165 
6.489999999998213, -1.4281190276546076 
6.49999999999819, -1.429278266725401 
6.509999999998167, -1.431306441018194 
6.519999999998143, -1.4333357206347488 
6.52999999999812, -1.434871298295118 
6.539999999998097, -1.4358267068136548 
6.549999999998073, -1.4363051797243471 
6.55999999999805, -1.436439412136868 
6.569999999998027, -1.4363330613250476 
6.5799999999980034, -1.436056798020387 
6.58999999999798, -1.435665110269944 
6.599999999997957, -1.4352210052723327 
6.6099999999979335, -1.4348184118083973 
6.61999999999791, -1.4345794471431315 
6.629999999997887, -1.4346058028647957 
6.639999999997864, -1.434913497871001 
6.64999999999784, -1.4354198540192165 
6.659999999997817, -1.435995019550774 
6.669999999997794, -1.4365208094034618 
6.67999999999777, -1.4369168844837112 
6.689999999997747, -1.4371394522823664 
6.699999999997724, -1.4371703206972843 
6.7099999999977005, -1.4370067778707951 
6.719999999997677, -1.436655421746901 
6.729999999997654, -1.436130060493673 
6.7399999999976306, -1.435453406398033 
6.749999999997607, -1.4346621077633306 
6.759999999997584, -1.433813007539059 
6.769999999997561, -1.4329852020260665 
6.779999999997537, -1.432269339241673 
6.789999999997514, -1.4317380744834702 
6.799999999997491, -1.4314087212134756 
6.809999999997467, -1.4312307226206604 
6.819999999997444, -1.4311147230290007 
6.829999999997421, -1.4309735929873502 
6.8399999999973975, -1.4307392983381002 
6.849999999997374, -1.4303533528053674 
6.859999999997351, -1.429746961552516 
6.869999999997328, -1.4288229652141853 
6.879999999997304, -1.4274492077255163 
6.889999999997281, -1.4254832466599774 
6.899999999997258, -1.4228644992870856 
6.909999999997234, -1.419791174804502 
6.919999999997211, -1.416864131297627 
6.929999999997188, -1.4148906767127187 
6.939999999997164, -1.4142857331937193 
6.949999999997141, -1.414731131740683 
6.959999999997118, -1.4155618538828176 
6.9699999999970945, -1.416293819665467 
6.979999999997071, -1.4167488391836902 
6.989999999997048, -1.4169253836715734 
6.999999999997025, -1.4168733356864633 
7.009999999997001, -1.4166379420746238 
7.019999999996978, -1.4162492360034957 
7.029999999996955, -1.415735539660684 
7.039999999996931, -1.4151562591341535 
7.049999999996908, -1.4146472603815539 
7.059999999996885, -1.4144368098489184 
7.0699999999968615, -1.414758956825336 
7.079999999996838, -1.4156817071261705 
7.089999999996815, -1.4170289451632452 
7.0999999999967915, -1.41849597333923 
7.109999999996768, -1.4198181657843043 
7.119999999996745, -1.4208470738885535 
7.129999999996722, -1.4215378208603413 
7.139999999996698, -1.421907976595527 
7.149999999996675, -1.4220025465579902 
7.159999999996652, -1.4218728875672995 
7.169999999996628, -1.4215677902915467 
7.179999999996605, -1.4211335379099852 
7.189999999996582, -1.4206192748422735 
7.1999999999965585, -1.4200821543113755 
7.209999999996535, -1.4195852032370333 
7.219999999996512, -1.4191845683476914 
7.229999999996489, -1.4189117584399176 
7.239999999996465, -1.4187614870022363 
7.249999999996442, -1.4186928857614554 
7.259999999996419, -1.4186444553838924 
7.269999999996395, -1.418552730568712 
7.279999999996372, -1.4183617468938097 
7.289999999996349, -1.4180204256612607 
7.299999999996325, -1.4174745778661397 
7.309999999996302, -1.4166614302185292 
7.319999999996279, -1.4155126658322188 
7.3299999999962555, -1.4139716011266796 
7.339999999996232, -1.4120301112896567 
7.349999999996209, -1.4097846737128683 
7.359999999996186, -1.4074855808838485 
7.369999999996162, -1.405508288569996 
7.379999999996139, -1.404182390156461 
7.389999999996116, -1.4035758041469346 
7.399999999996092, -1.4034727076173499 
7.409999999996069, -1.4035701907428884 
7.419999999996046, -1.4036535534955845 
7.4299999999960225, -1.403623932576564 
7.439999999995999, -1.4034482139056697 
7.449999999995976, -1.4031107673445633 
7.4599999999959525, -1.4025883861133985 
7.469999999995929, -1.4018468954395704 
7.479999999995906, -1.4008660413462706 
7.489999999995883, -1.3997131598795844 
7.499999999995859, -1.3986638391283523 
7.509999999995836, -1.3982474383141064 
7.519999999995813, -1.3989858219429714 
7.529999999995789, -1.4009102878591686 
7.539999999995766, -1.403452744781492 
7.549999999995743, -1.4058963607041521 
7.5599999999957195, -1.4078055475768048 
7.569999999995696, -1.4090803153409053 
7.579999999995673, -1.4098068747206407 
7.58999999999565, -1.4101208961164517 
7.599999999995626, -1.4101419605934413 
7.609999999995603, -1.409958128922449 
7.61999999999558, -1.4096338329154399 
7.629999999995556, -1.4092265199413518 
7.639999999995533, -1.4088035823482532 
7.64999999999551, -1.40844798361368 
7.659999999995486, -1.4082399236238836 
7.669999999995463, -1.4082207648402547 
7.67999999999544, -1.4083711388319409 
7.6899999999954165, -1.4086240615508334 
7.699999999995393, -1.4088968412324778 
7.70999999999537, -1.4091161554414575 
7.719999999995347, -1.4092277745053599 
7.729999999995323, -1.4091953988339814 
7.7399999999953, -1.408995593011251 
7.749999999995277, -1.4086136466432215 
7.759999999995253, -1.40804234246829 
7.76999999999523, -1.4072840219372187 
7.779999999995207, -1.4063560986054693 
7.789999999995183, -1.40529983861064 
7.79999999999516, -1.4041897723019792 
7.809999999995137, -1.4031351794214602 
7.8199999999951135, -1.4022589488704378 
7.82999999999509, -1.4016475805480573 
7.839999999995067, -1.4013014606363021 
7.849999999995044, -1.4011360790407172 
7.85999999999502, -1.4010358272142378 
7.869999999994997, -1.400904297393668 
7.879999999994974, -1.400675240800401 
7.88999999999495, -1.4002956901981454 
7.899999999994927, -1.3997028632363493 
7.909999999994904, -1.3988055391614587 
7.9199999999948805, -1.397477862253503 
7.929999999994857, -1.3955861959882758 
7.939999999994834, -1.3930881140753095 
7.9499999999948106, -1.3902192104433488 
7.959999999994787, -1.3876278898475598 
7.969999999994764, -1.3861274670079555 
7.979999999994741, -1.386057090074781 
7.989999999994717, -1.3869918913946337 
7.999999999994694, -1.388205395872343 
8.00999999999467, -1.3892080306609653 
8.019999999994647, -1.389844248868042 
8.029999999994624, -1.3901408992686717 
8.0399999999946, -1.39017248712914 
8.049999999994577, -1.3900030650364363 
8.059999999994554, -1.3896757070798051 
8.06999999999453, -1.389224125997076 
8.079999999994508, -1.388698714779673 
8.089999999994484, -1.388202697001337 
8.099999999994461, -1.3879130915275097 
8.109999999994438, -1.3880338557104976 
8.119999999994414, -1.3886709425863129 
8.129999999994391, -1.389739163571503 
8.139999999994368, -1.3910102818708396 
8.149999999994344, -1.3922432250075063 
8.159999999994321, -1.3932719748668287 
8.169999999994298, -1.3940191813997538 
8.179999999994275, -1.3944721608297068 
8.189999999994251, -1.3946543879469462 
8.199999999994228, -1.394604638751828 
8.209999999994205, -1.3943651994696231 
8.219999999994181, -1.3939779290418977 
8.229999999994158, -1.39348636031181 
8.239999999994135, -1.3929405649059716 
8.249999999994111, -1.3923991788038304 
8.259999999994088, -1.3919229136291609 
8.269999999994065, -1.3915594472021775 
8.279999999994041, -1.3913271343227205 
8.289999999994018, -1.3912071830568724 
8.299999999993995, -1.3911500975158002 
8.309999999993972, -1.3910931374073492 
8.319999999993948, -1.390976388172301 
8.329999999993925, -1.390747645314888 
8.339999999993902, -1.3903575010714777 
8.349999999993878, -1.3897521320107507 
8.359999999993855, -1.3888704908457061 
8.369999999993832, -1.3876507872125121 
8.379999999993808, -1.3860506756524313 
8.389999999993785, -1.3840843228948918 
8.399999999993762, -1.3818714526410552 
8.409999999993738, -1.379669194703894 
8.419999999993715, -1.3778245371232614 
8.429999999993692, -1.376610697310471 
8.439999999993669, -1.3760550106586726 
8.449999999993645, -1.3759472212768291 
8.459999999993622, -1.3760155730317996 
8.469999999993599, -1.3760693437428366 
8.479999999993575, -1.376017817367484 
8.489999999993552, -1.375826672766406 
8.499999999993529, -1.3754757508171216 
8.509999999993505, -1.374935637148464 
8.519999999993482, -1.374162216182416 
8.529999999993459, -1.3731157884246397 
8.539999999993436, -1.3718263280469636 
8.549999999993412, -1.3705160153379934 
8.559999999993389, -1.3696893821808147 
8.569999999993366, -1.3699535333631032 
8.579999999993342, -1.371522409652408 
8.589999999993319, -1.373942958281492 
8.599999999993296, -1.3764540420230842 
8.609999999993272, -1.37850752449688 
8.619999999993249, -1.3799247361750038 
8.629999999993226, -1.3807643770741589 
8.639999999993202, -1.3811624014560775 
8.64999999999318, -1.3812462396126466 
8.659999999993156, -1.3811102065369174 
8.669999999993133, -1.3808204020433177 
8.67999999999311, -1.3804309970226494 
8.689999999993086, -1.3800040464614862 
8.699999999993063, -1.3796237729686827 
8.70999999999304, -1.3793890878751607 
8.719999999993016, -1.3793758078032394 
8.729999999992993, -1.3795938570642834 
8.73999999999297, -1.3799813623170998 
8.749999999992946, -1.380439204377841 
8.759999999992923, -1.380871239572444 
8.7699999999929, -1.3812054102588194 
8.779999999992876, -1.381396452699383 
8.789999999992853, -1.3814202210336068 
8.79999999999283, -1.381267060028025 
8.809999999992806, -1.3809373003645415 
8.819999999992783, -1.380439459220811 
8.82999999999276, -1.3797911043422892 
8.839999999992736, -1.3790222724464436 
8.849999999992713, -1.3781803659780152 
8.85999999999269, -1.3773330235131795 
8.869999999992666, -1.3765626878455124 
8.879999999992643, -1.3759467631415516 
8.88999999999262, -1.3755261509516592 
8.899999999992596, -1.3752824598077926 
8.909999999992573, -1.3751470349917458 
8.91999999999255, -1.375035062952792 
8.929999999992527, -1.374873104167685 
8.939999999992503, -1.3746029058326346 
8.94999999999248, -1.3741687318752827 
8.959999999992457, -1.3735008272105245 
8.969999999992433, -1.3725031316507317 
8.97999999999241, -1.3710536665978452 
8.989999999992387, -1.3690338408902643 
8.999999999992363, -1.366409268416786 
9.00999999999234, -1.3633617026796 
9.019999999992317, -1.3603812335926606 
9.029999999992294, -1.3581261600725745 
9.03999999999227, -1.357008914642107 
9.049999999992247, -1.3568997125758195 
9.059999999992224, -1.3573138913114657 
9.0699999999922, -1.3578077322623545 
9.079999999992177, -1.3581548001634494 
9.089999999992154, -1.3582958953201885 
9.09999999999213, -1.358242134473167 
9.109999999992107, -1.3580158812153733 
9.119999999992084, -1.3576293725502888 
9.12999999999206, -1.3570862505127148 
9.139999999992037, -1.3564028839494455 
9.149999999992014, -1.355655678065854 
9.15999999999199, -1.3550455739069132 
9.169999999991967, -1.3549114171371508 
9.179999999991944, -1.355583549649984 
9.18999999999192, -1.3571213956229111 
9.199999999991897, -1.3592156379752625 
9.209999999991874, -1.361389115007945 
9.21999999999185, -1.3632628816529337 
9.229999999991827, -1.3646616072774527 
9.239999999991804, -1.3655733544295623 
9.24999999999178, -1.366068813114383 
9.259999999991757, -1.3662402459611762 
9.269999999991734, -1.3661710299548226 
9.27999999999171, -1.3659277329394581 
9.289999999991688, -1.3655651171484853 
9.299999999991664, -1.3651369389119186 
9.309999999991641, -1.3647054735427644 
9.319999999991618, -1.364340552317137 
9.329999999991594, -1.3641025110313496 
9.339999999991571, -1.3640182928145153 
9.349999999991548, -1.3640705025136455 
9.359999999991524, -1.3642074190194389 
9.369999999991501, -1.3643635060105797 
9.379999999991478, -1.3644769049904881 
9.389999999991455, -1.364497868469129 
9.399999999991431, -1.3643891687802987 
9.409999999991408, -1.3641229782941198 
9.419999999991385, -1.3636784008193286 
9.429999999991361, -1.3630416586719356 
9.439999999991338, -1.3622093148015177 
9.449999999991315, -1.3611945300775485 
9.459999999991291, -1.36003615005592 
9.469999999991268, -1.3588083862757183 
9.479999999991245, -1.3576233909338096 
9.489999999991221, -1.3566126795193667 
9.499999999991198, -1.3558792251665805 
9.509999999991175, -1.3554434660172594 
9.519999999991152, -1.355233098497218 
9.529999999991128, -1.3551304165643834 
9.539999999991105, -1.3550289364468875 
9.549999999991082, -1.3548549660155946 
9.559999999991058, -1.3545566957159518 
9.569999999991035, -1.3540824683811146 
9.579999999991012, -1.353361058757793 
9.589999999990988, -1.3522891892351516 
9.599999999990965, -1.350736286910718 
9.609999999990942, -1.3485913497517248 
9.619999999990918, -1.3458839185801041 
9.629999999990895, -1.3429556676180403 
9.639999999990872, -1.3404965050697009 
9.649999999990849, -1.3391964111156085 
9.659999999990825, -1.3392040360051252 
9.669999999990802, -1.3400437360478985 
9.679999999990779, -1.3410815792008945 
9.689999999990755, -1.3419227303148487 
9.699999999990732, -1.3424463286251145 
9.709999999990709, -1.3426747009678872 
9.719999999990685, -1.3426670723993774 
9.729999999990662, -1.3424735476720977 
9.739999999990639, -1.3421261318828797 
9.749999999990616, -1.341648223451153 
9.759999999990592, -1.3410785105007292 
9.769999999990569, -1.340509510081287 
9.779999999990546, -1.3401231010450894 
9.789999999990522, -1.3401681338673317 
9.799999999990499, -1.340834662177211 
9.809999999990476, -1.3421034790441282 
9.819999999990452, -1.3437342478804866 
9.829999999990429, -1.3454073821905985 
9.839999999990406, -1.3468705225514934 
9.849999999990382, -1.3479924553397775 
9.85999999999036, -1.348744064157307 
9.869999999990336, -1.3491568167827785 
9.879999999990313, -1.3492872199550612 
9.88999999999029, -1.3491949672337966 
9.899999999990266, -1.3489338652351524 
9.909999999990243, -1.3485523076412553 
9.91999999999022, -1.3480993375172716 
9.929999999990196, -1.3476308444667102 
9.939999999990173, -1.347208694772102 
9.94999999999015, -1.3468883542566519 
9.959999999990126, -1.346700559152788 
9.969999999990103, -1.3466401340448972 
9.97999999999008, -1.346669389721173 
9.989999999990056, -1.346732261502851 
9.999999999990033, -1.34677016920292 
10.00999999999001, -1.3467320334632378 
10.019999999989986, -1.3465763179637018 
10.029999999989963, -1.3462684105624008 
10.03999999998994, -1.3457781197561518 
10.049999999989916, -1.3450802521764367 
10.059999999989893, -1.3441591468399388 
10.06999999998987, -1.343017125544959 
10.079999999989846, -1.3416865311850334 
10.089999999989823, -1.3402432718280481 
10.0999999999898, -1.3388138606855586 
10.109999999989776, -1.3375590865055373 
10.119999999989753, -1.33662013481908 
10.12999999998973, -1.336047760018753 
10.139999999989707, -1.3357757394232999 
10.149999999989683, -1.3356694538616174 
10.15999999998966, -1.3355992079769872 
10.169999999989637, -1.3354762261053796 
10.179999999989613, -1.335245849470265 
10.18999999998959, -1.3348641629228895 
10.199999999989567, -1.3342759432671287 
10.209999999989543, -1.3333991889692107 
10.21999999998952, -1.3321214474458456 
10.229999999989497, -1.3303250888781828 
10.239999999989474, -1.3279730817699866 
10.24999999998945, -1.3252664771623273 
10.259999999989427, -1.3227642404103837 
10.269999999989404, -1.3212052224854465 
10.27999999998938, -1.320984476820188 
10.289999999989357, -1.3218239957283706 
10.299999999989334, -1.3230708625037138 
10.30999999998931, -1.3241982968569443 
10.319999999989287, -1.324985322304821 
10.329999999989264, -1.3254202051335393 
10.33999999998924, -1.325567332767364 
10.349999999989217, -1.3254942391043885 
10.359999999989194, -1.325248860307407 
10.36999999998917, -1.324861652467898 
10.379999999989147, -1.3243609894973958 
10.389999999989124, -1.3238011609967972 
10.3999999999891, -1.3232993921149534 
10.409999999989077, -1.3230540918927745 
10.419999999989054, -1.3232909776010804 
10.42999999998903, -1.3241291234339645 
10.439999999989007, -1.325477606784717 
10.449999999988984, -1.3270781230296658 
10.45999999998896, -1.3286452968351259 
10.469999999988937, -1.3299745372337042 
10.479999999988914, -1.3309686616393328 
10.48999999998889, -1.3316141276354667 
10.499999999988868, -1.331945355824701 
10.509999999988844, -1.3320158304418233 
10.519999999988821, -1.3318806912207632 
10.529999999988798, -1.3315900213023906 
10.539999999988774, -1.3311902791820405 
10.549999999988751, -1.330730260914974 
10.559999999988728, -1.3302661506779612 
10.569999999988704, -1.3298588181840727 
10.579999999988681, -1.329560262877536 
10.589999999988658, -1.3293960417620923 
10.599999999988635, -1.329356191448666 
10.609999999988611, -1.3294003304637807 
10.619999999988588, -1.3294721701950736 
10.629999999988565, -1.3295145777490134 
10.639999999988541, -1.329478466812986 
10.649999999988518, -1.3293242771347178 
10.659999999988495, -1.3290195473939057 
10.669999999988471, -1.328536915215057 
10.679999999988448, -1.327854965566725 
10.689999999988425, -1.3269624302376954 
10.699999999988401, -1.3258654937711634 
10.709999999988378, -1.3245977835182918 
10.719999999988355, -1.3232311599282425 
10.729999999988332, -1.3218806055015904 
10.739999999988308, -1.320689627699351 
10.749999999988285, -1.3197848743911424 
10.759999999988262, -1.3192158880616056 
10.769999999988238, -1.318929322930299 
10.779999999988215, -1.3188064416893055 
10.789999999988192, -1.3187266029315519 
10.799999999988168, -1.3186027212551497 
10.809999999988145, -1.3183786635743708 
10.819999999988122, -1.318009198625965 
10.829999999988098, -1.3174392434575573 
10.839999999988075, -1.3165881874819692 
10.849999999988052, -1.3153437608381142 
10.859999999988029, -1.3135791740479963 
10.869999999988005, -1.3112205240084012 
10.879999999987982, -1.3083827292173333 
10.889999999987959, -1.3055079530116078 
10.899999999987935, -1.3032968024559213 
10.909999999987912, -1.3022945499846084 
10.919999999987889, -1.3024717627925047 
10.929999999987865, -1.3033106624533202 
10.939999999987842, -1.3042545864169957 
10.949999999987819, -1.3049900164848778 
10.959999999987796, -1.3054319641726033 
10.969999999987772, -1.3056062555319807 
10.979999999987749, -1.305564235605661 
10.989999999987726, -1.3053470095036044 
10.999999999987702, -1.3049788626160423 
11.009999999987679, -1.304475975677286 
11.019999999987656, -1.3038688943723127 
11.029999999987632, -1.3032415771123627 
11.039999999987609, -1.3027745598320046 
11.049999999987586, -1.3027401727775774 
11.059999999987562, -1.3033866756385657 
11.06999999998754, -1.304757483437396 
11.079999999987516, -1.3066247056092064 
11.089999999987493, -1.3086181218387898 
11.09999999998747, -1.3104123601012918 
11.109999999987446, -1.3118234288609725 
11.119999999987423, -1.3128024092901796 
11.1299999999874, -1.3133848410032232 
11.139999999987376, -1.313641367279927 
11.149999999987353, -1.3136461616100177 
11.15999999998733, -1.3134632549936158 
11.169999999987306, -1.313145713721787 
11.179999999987283, -1.3127424128136236 
11.18999999998726, -1.3123072250666339 
11.199999999987236, -1.3119036647298206 
11.209999999987213, -1.3115973289096974 
11.21999999998719, -1.3114358541974604 
11.229999999987166, -1.3114295690635127 
11.239999999987143, -1.3115483463128845 
11.24999999998712, -1.3117355270439286 
11.259999999987096, -1.3119272300943021 
11.269999999987073, -1.3120665331860633 
11.27999999998705, -1.312109269568541 
11.289999999987026, -1.3120236764684434 
11.299999999987003, -1.311787913246339 
11.30999999998698, -1.3113883572987137 
11.319999999986956, -1.310819704271292 
11.329999999986933, -1.310086864592135 
11.33999999998691, -1.309208540600322 
11.349999999986887, -1.308222186998855 
11.359999999986863, -1.3071886527663614 
11.36999999998684, -1.3061918632202911 
11.379999999986817, -1.30532628997414 
11.389999999986793, -1.3046682761462587 
11.39999999998677, -1.3042421210633122 
11.409999999986747, -1.304007217272879 
11.419999999986723, -1.303880528635423 
11.4299999999867, -1.303774282308027 
11.439999999986677, -1.3036184031606628 
11.449999999986654, -1.3033596390334912 
11.45999999998663, -1.3029480105887496 
11.469999999986607, -1.3023215299982802 
11.479999999986584, -1.3013950634018552 
11.48999999998656, -1.30005921157906 
11.499999999986537, -1.2982007320742828 
11.509999999986514, -1.2957608640118945 
11.51999999998649, -1.2928353492578404 
11.529999999986467, -1.289766986232888 
11.539999999986444, -1.2871062197621708 
11.54999999998642, -1.285350481210489 
11.559999999986397, -1.284627661572499 
11.569999999986374, -1.2846564412889576 
11.57999999998635, -1.2850111839829141 
11.589999999986327, -1.28537587758401 
11.599999999986304, -1.2856037775505826 
11.60999999998628, -1.285658158414291 
11.619999999986257, -1.285544649412652 
11.629999999986234, -1.2852724044664472 
11.63999999998621, -1.2848391629177704 
11.649999999986187, -1.2842313923219122 
11.659999999986164, -1.2834401113464002 
11.66999999998614, -1.2825023330387895 
11.679999999986117, -1.281573036763684 
11.689999999986094, -1.2809862181170726 
11.69999999998607, -1.281186362334823 
11.709999999986048, -1.2824561039199498 
11.719999999986024, -1.2846446326382808 
11.729999999986001, -1.2872255766220881 
11.739999999985978, -1.2896353889106567 
11.749999999985954, -1.2915366863191182 
11.759999999985931, -1.2928464710657075 
11.769999999985908, -1.2936337917915801 
11.779999999985884, -1.2940168047797453 
11.789999999985861, -1.2941057461629 
11.799999999985838, -1.2939846049701207 
11.809999999985815, -1.2937137011814706 
11.819999999985791, -1.293341650404787 
11.829999999985768, -1.2929213271286442 
11.839999999985745, -1.2925243471916172 
11.849999999985721, -1.2922428758241586 
11.859999999985698, -1.2921667741198917 
11.869999999985675, -1.2923428432329298 
11.879999999985651, -1.292748232379378 
11.889999999985628, -1.2933020069538899 
11.899999999985605, -1.2939016397127365 
11.909999999985581, -1.2944553080135814 
11.919999999985558, -1.2948966009741383 
11.929999999985535, -1.2951853796597088 
11.939999999985512, -1.2953028005000051 
11.949999999985488, -1.2952456596220059 
11.959999999985465, -1.2950219425623317 
11.969999999985442, -1.294647958189215 
11.979999999985418, -1.2941472763220219 
11.989999999985395, -1.2935516169364303 
11.999999999985372, -1.2929028438162153 
12.009999999985348, -1.2922533914216006 
12.019999999985325, -1.291661445248679 
12.029999999985302, -1.2911790781181842 
12.039999999985278, -1.2908362952526642 
12.049999999985255, -1.2906289187641784 
12.059999999985232, -1.290519058418701 
12.069999999985209, -1.2904492129186176 
12.079999999985185, -1.2903598178521234 
12.089999999985162, -1.290198683912426 
12.099999999985139, -1.2899200172691088 
12.109999999985115, -1.2894783880101874 
12.119999999985092, -1.2888239185039183 
12.129999999985069, -1.2879030146839758 
12.139999999985045, -1.286667396430572 
12.149999999985022, -1.2850928173194247 
12.159999999984999, -1.283206309619279 
12.169999999984976, -1.2811151686194806 
12.179999999984952, -1.2790199145814307 
12.189999999984929, -1.2771816597439958 
12.199999999984906, -1.2758268928039216 
12.209999999984882, -1.2750345080553311 
12.219999999984859, -1.2747034292865114 
12.229999999984836, -1.274635261642906 
12.239999999984812, -1.2746461683143149 
12.249999999984789, -1.2746191456666276 
12.259999999984766, -1.2744947988874533 
12.269999999984742, -1.274240925688612 
12.27999999998472, -1.2738263102329972 
12.289999999984696, -1.2732036967870894 
12.299999999984673, -1.2723013854851122 
12.30999999998465, -1.2710289890026805 
12.319999999984626, -1.2693152199744304 
12.329999999984603, -1.2672014793818431 
12.33999999998458, -1.2649756823153602 
12.349999999984556, -1.2632112122029904 
12.359999999984533, -1.2625112165868868 
12.36999999998451, -1.2630531480002762 
12.379999999984486, -1.264435330306169 
12.389999999984463, -1.266025578577651 
12.39999999998444, -1.267370276209002 
12.409999999984416, -1.2683029768391845 
12.419999999984393, -1.2688408922245917 
12.42999999998437, -1.2690643624186981 
12.439999999984346, -1.2690517619140784 
12.449999999984323, -1.2688591108533775 
12.4599999999843, -1.2685215509996206 
12.469999999984276, -1.2680652390954728 
12.479999999984253, -1.267528386255969 
12.48999999998423, -1.2669920396767504 
12.499999999984206, -1.2666087640115684 
12.509999999984183, -1.2665923713074547 
12.51999999998416, -1.267132070978417 
12.529999999984136, -1.2682679854089594 
12.539999999984113, -1.2698422301102532 
12.54999999998409, -1.2715781937984243 
12.559999999984067, -1.2732086405611431 
12.569999999984043, -1.2745560751272187 
12.57999999998402, -1.2755453298097055 
12.589999999983997, -1.276177855803666 
12.599999999983973, -1.2764974937892195 
12.60999999998395, -1.2765629290969143 
12.619999999983927, -1.2764314349343058 
12.629999999983903, -1.276153271962343 
12.63999999998388, -1.2757740492286767 
12.649999999983857, -1.275341452887456 
12.659999999983834, -1.2749112574999468 
12.66999999998381, -1.27454585272134 
12.679999999983787, -1.2743010800335426 
12.689999999983764, -1.2742069444974742 
12.69999999998374, -1.2742559928575012 
12.709999999983717, -1.2744077054394785 
12.719999999983694, -1.2746040792312205 
12.72999999998367, -1.2747859169423807 
12.739999999983647, -1.2749030113943873 
12.749999999983624, -1.2749173319531115 
12.7599999999836, -1.2748020098935275 
12.769999999983577, -1.2745394302632453 
12.779999999983554, -1.2741202960029108 
12.78999999998353, -1.2735440618829563 
12.799999999983507, -1.272820594636031 
12.809999999983484, -1.2719729639483999 
12.81999999998346, -1.2710409597894934 
12.829999999983437, -1.2700835438630214 
12.839999999983414, -1.2691762571565985 
12.84999999998339, -1.2683985897487975 
12.859999999983367, -1.2678102391344708 
12.869999999983344, -1.2674260889440432 
12.87999999998332, -1.2672085903580488 
12.889999999983297, -1.2670860363783112 
12.899999999983274, -1.2669816600355757 
12.90999999998325, -1.2668316158212185 
12.919999999983228, -1.2665852578913488 
12.929999999983204, -1.2661950450397899 
12.939999999983181, -1.265604839696778 
12.949999999983158, -1.2647420976325996 
12.959999999983134, -1.2635187644214014 
12.969999999983111, -1.261847859419634 
12.979999999983088, -1.259683393577633 
12.989999999983064, -1.2570829736996232 
12.999999999983041, -1.2542676786423042 
13.009999999983018, -1.2516187564800831 
13.019999999982995, -1.2495507679788456 
13.029999999982971, -1.2482999838482902 
13.039999999982948, -1.2478019011603454 
13.049999999982925, -1.2477800054207724 
13.059999999982901, -1.2479392560024283 
13.069999999982878, -1.248084661389921 
13.079999999982855, -1.2481259779407377 
13.089999999982831, -1.2480333344375434 
13.099999999982808, -1.2477964873371437 
13.109999999982785, -1.2474008698630485 
13.119999999982761, -1.246816553119831 
13.129999999982738, -1.2459974657151964 
13.139999999982715, -1.244896856003397 
13.149999999982692, -1.243514620598538 
13.159999999982668, -1.2419873546444187 
13.169999999982645, -1.2406783458345625 
13.179999999982622, -1.2401251728024532 
13.189999999982598, -1.2407309022645945 
13.199999999982575, -1.242412825669263 
13.209999999982552, -1.2446268935534694 
13.219999999982528, -1.2467573406052226 
13.229999999982505, -1.2484355561293747 
13.239999999982482, -1.2495723141377941 
13.249999999982458, -1.2502358424234719 
13.259999999982435, -1.2505380980537855 
13.269999999982412, -1.2505779630043206 
13.279999999982389, -1.2504259640846231 
13.289999999982365, -1.2501285305167313 
13.299999999982342, -1.2497206801126663 
13.309999999982319, -1.2492447745915034 
13.319999999982295, -1.2487743172527437 
13.329999999982272, -1.2484328093582189 
13.339999999982249, -1.248382633478517 
13.349999999982225, -1.2487636972555836 
13.359999999982202, -1.2496102771524458 
13.369999999982179, -1.2508181063342074 
13.379999999982156, -1.2521930768865854 
13.389999999982132, -1.2535341444632973 
13.399999999982109, -1.2546911312051772 
13.409999999982086, -1.2555815936750223 
13.419999999982062, -1.2561814299478882 
13.429999999982039, -1.2565061045477923 
13.439999999982016, -1.2565921046598307 
13.449999999981992, -1.2564830082635816 
13.459999999981969, -1.256221902351291 
13.469999999981946, -1.2558501295691893 
13.479999999981922, -1.2554107346668197 
13.4899999999819, -1.2549531269844438 
13.499999999981876, -1.2545336150436452 
13.509999999981853, -1.2542071608180463 
13.51999999998183, -1.2540118818352415 
13.529999999981806, -1.2539556494890096 
13.539999999981783, -1.2540140015918761 
13.54999999998176, -1.2541398172388196 
13.559999999981736, -1.2542778153748277 
13.569999999981713, -1.2543764404655504 
13.57999999998169, -1.2543936471130572 
13.589999999981666, -1.254297540652985 
13.599999999981643, -1.2540649683005334 
13.60999999998162, -1.2536805724123512 
13.619999999981596, -1.253137202730889 
13.629999999981573, -1.2524375530870153 
13.63999999998155, -1.251596761848749 
13.649999999981526, -1.2506457907716346 
13.659999999981503, -1.2496347191778636 
13.66999999998148, -1.2486332620240383 
13.679999999981456, -1.2477237850187646 
13.689999999981433, -1.246982794288153 
13.69999999998141, -1.2464542146591344 
13.709999999981386, -1.2461296970686866 
13.719999999981363, -1.245952842986038 
13.72999999998134, -1.2458453404222696 
13.739999999981316, -1.2457337719875317 
13.749999999981293, -1.2455603398587345 
13.75999999998127, -1.245278068210665 
13.769999999981247, -1.2448394787604788 
13.779999999981223, -1.244185982134576 
13.7899999999812, -1.2432424109954963 
13.799999999981177, -1.241921532044585 
13.809999999981153, -1.2401453986973034 
13.81999999998113, -1.2378891145264832 
13.829999999981107, -1.2352412218629145 
13.839999999981083, -1.232449619146773 
13.84999999998106, -1.229895367988275 
13.859999999981037, -1.227954188905875 
13.869999999981014, -1.2268067876927427 
13.87999999998099, -1.226357037102752 
13.889999999980967, -1.2263353258316436 
13.899999999980944, -1.2264714748160384 
13.90999999998092, -1.2265902774990507 
13.919999999980897, -1.2266098596735397 
13.929999999980874, -1.2265011044048835 
13.93999999998085, -1.2262513492234197 
13.949999999980827, -1.2258425258938441 
13.959999999980804, -1.2252402097067436 
13.96999999998078, -1.2243913595809914 
13.979999999980757, -1.223236325339244 
13.989999999980734, -1.2217502201099655 
13.99999999998071, -1.2200276119036881 
14.009999999980687, -1.2183815136905047 
14.019999999980664, -1.217332834805255 
14.02999999998064, -1.217354478626834 
14.039999999980617, -1.2185035746948896 
14.049999999980594, -1.2203459843630022 
14.05999999998057, -1.2222800468621748 
14.069999999980547, -1.2238857956871216 
14.079999999980524, -1.2250155322156349 
14.0899999999805, -1.2256989991032623 
14.099999999980477, -1.2260291184012948 
14.109999999980454, -1.2260969175845227 
14.11999999998043, -1.2259695056132291 
14.129999999980408, -1.2256900098241015 
14.139999999980384, -1.2252870342840023 
14.149999999980361, -1.2247907659295718 
14.159999999980338, -1.2242570488014628 
14.169999999980314, -1.2237958738828107 
14.179999999980291, -1.2235836556176947 
14.189999999980268, -1.223823428519799 
14.199999999980244, -1.2246448217781083 
14.209999999980221, -1.2260104375832612 
14.219999999980198, -1.2277172703458183 
14.229999999980175, -1.2294922644092525 
14.239999999980151, -1.2310988838831225 
14.249999999980128, -1.2323922147843065 
14.259999999980105, -1.2333204545804555 
14.269999999980081, -1.2338984574736984 
14.279999999980058, -1.234176026128194 
14.289999999980035, -1.2342130967895402 
14.299999999980011, -1.2340657559281032 
14.309999999979988, -1.2337822959461653 
14.319999999979965, -1.2334065840283517 
14.329999999979941, -1.2329853289628878 
14.339999999979918, -1.2325745007556066 
14.349999999979895, -1.2322383355539968 
14.359999999979872, -1.2320362618736944 
14.369999999979848, -1.2320023954751764 
14.379999999979825, -1.2321316596325789 
14.389999999979802, -1.2323827992922523 
14.399999999979778, -1.2326945369376348 
14.409999999979755, -1.2330034281710602 
14.419999999979732, -1.2332555085180128 
14.429999999979708, -1.2334105706301586 
14.439999999979685, -1.233441768616936 
14.449999999979662, -1.2333336599319418 
14.459999999979638, -1.2330804912557305 
14.469999999979615, -1.2326852453694566 
14.479999999979592, -1.2321594579079582 
14.489999999979569, -1.2315238587640662 
14.499999999979545, -1.2308097824870712 
14.509999999979522, -1.230060451206626 
14.519999999979499, -1.2293298668053654 
14.529999999979475, -1.2286764386927769 
14.539999999979452, -1.2281502247649723 
14.549999999979429, -1.2277771492886378 
14.559999999979405, -1.2275484672067045 
14.569999999979382, -1.2274234757284073 
14.579999999979359, -1.2273445397721179 
14.589999999979335, -1.2272537216990873 
14.599999999979312, -1.2271010806984877 
14.609999999979289, -1.2268435321414919 
14.619999999979266, -1.2264393378718936 
14.629999999979242, -1.2258437001505258 
14.639999999979219, -1.2250091084567925 
14.649999999979196, -1.223892480833554 
14.659999999979172, -1.2224695309459082 
14.669999999979149, -1.2207545174843069 
14.679999999979126, -1.2188204431383833 
14.689999999979102, -1.2168103191546722 
14.69999999997908, -1.2149245557654513 
14.709999999979056, -1.2133704972037815 
14.719999999979033, -1.2122830730289467 
14.72999999997901, -1.211665116929611 
14.739999999978986, -1.21139945035357 
14.749999999978963, -1.2113224605544375 
14.75999999997894, -1.2112947906526519 
14.769999999978916, -1.2112270365027666 
14.779999999978893, -1.2110688355614472 
14.78999999997887, -1.2107864259393113 
14.799999999978846, -1.2103428534575649 
14.809999999978823, -1.209683576987681 
14.8199999999788, -1.2087275367452261 
14.829999999978776, -1.2073681463714578 
14.839999999978753, -1.2054973638456963 
14.84999999997873, -1.2030719820902704 
14.859999999978706, -1.2002234831765504 
14.869999999978683, -1.197345312464181 
14.87999999997866, -1.1950157397156276 
14.889999999978636, -1.1936975097764306 
14.899999999978613, -1.193440063474693 
14.90999999997859, -1.1938969068456131 
14.919999999978566, -1.1946133593761366 
14.929999999978543, -1.195268399964514 
14.93999999997852, -1.195722519249028 
14.949999999978496, -1.1959534975414479 
14.959999999978473, -1.1959853466152142 
14.96999999997845, -1.1958468986750455 
14.979999999978427, -1.1955551185426425 
14.989999999978403, -1.1951118279630544 
14.99999999997838, -1.1945087629965352 
15.009999999978357, -1.1937435064627306 
15.019999999978333, -1.1928540033618236 
15.02999999997831, -1.1919740967482246 
15.039999999978287, -1.191381384122574 
15.049999999978263, -1.1914581872634291 
15.05999999997824, -1.1925017586008935 
15.069999999978217, -1.1944867588790868 
15.079999999978194, -1.1970230436589449 
15.08999999997817, -1.1995777392287585 
15.099999999978147, -1.2017438925892638 
15.109999999978124, -1.203348227016739 
15.1199999999781, -1.204401869632989 
15.129999999978077, -1.2050028292476578 
15.139999999978054, -1.2052635378309076 
15.14999999997803, -1.205277358616954 
15.159999999978007, -1.2051114916257597 
15.169999999977984, -1.2048128212743303 
15.17999999997796, -1.2044198398368735 
15.189999999977937, -1.2039785559454246 
15.199999999977914, -1.2035598411361654 
15.20999999997789, -1.203268987281359 
15.219999999977867, -1.20323116523404 
15.229999999977844, -1.2035455979888117 
15.23999999997782, -1.204232583076374 
15.249999999977797, -1.2052160518402473 
15.259999999977774, -1.2063554915271582 
15.26999999997775, -1.2074985927148938 
15.279999999977727, -1.2085209107788741 
15.289999999977704, -1.2093419911364598 
15.29999999997768, -1.2099245205502598 
15.309999999977657, -1.2102654120545302 
15.319999999977634, -1.210384378574592 
15.32999999997761, -1.210313166805345 
15.339999999977588, -1.2100877242751138 
15.349999999977564, -1.209744713150079 
15.359999999977541, -1.2093223804763573 
15.369999999977518, -1.2088639823986265 
15.379999999977494, -1.2084199953586165 
15.389999999977471, -1.2080444753848671 
15.399999999977448, -1.2077837310308017 
15.409999999977424, -1.2076620554190887 
15.419999999977401, -1.2076734774534637 
15.429999999977378, -1.2077846717944287 
15.439999999977355, -1.207946299891355 
15.449999999977331, -1.2081059349990464 
15.459999999977308, -1.2082171293041912 
15.469999999977285, -1.2082431303350605 
15.479999999977261, -1.2081569581124296 
15.489999999977238, -1.2079403799335657 
15.499999999977215, -1.2075833401521918 
15.509999999977191, -1.2070841846520226 
15.519999999977168, -1.206450503550706 
15.529999999977145, -1.2057004947165118 
15.539999999977121, -1.2048647612228587 
15.549999999977098, -1.2039878117728064 
15.559999999977075, -1.2031272458629796 
15.569999999977052, -1.2023476333934813 
15.579999999977028, -1.2017071953606142 
15.589999999977005, -1.2012399472639101 
15.599999999976982, -1.2009422715270353 
15.609999999976958, -1.2007739517059626 
15.619999999976935, -1.2006740890088499 
15.629999999976912, -1.2005803592848079 
15.639999999976888, -1.2004396616796842 
15.649999999976865, -1.2002078005671974 
15.659999999976842, -1.1998432407248347 
15.669999999976818, -1.1993008215626264 
15.679999999976795, -1.1985294969380613 
15.689999999976772, -1.1974768413129624 
15.699999999976749, -1.1961019821599097 
15.709999999976725, -1.1943963778295001 
15.719999999976702, -1.1924080074012016 
15.729999999976679, -1.1902595979035966 
15.739999999976655, -1.1881462966935992 
15.749999999976632, -1.1862969902376426 
15.759999999976609, -1.1848984214122809 
15.769999999976585, -1.1840175774093513 
15.779999999976562, -1.1835807848178637 
15.789999999976539, -1.1834288031815505 
15.799999999976515, -1.1833986834026722 
15.809999999976492, -1.183372789906652 
15.819999999976469, -1.1832826207193206 
15.829999999976446, -1.1830895110658117 
15.839999999976422, -1.1827628837872395 
15.849999999976399, -1.1822634300596386 
15.859999999976376, -1.1815313047331464 
15.869999999976352, -1.1804798124031979 
15.879999999976329, -1.1790005911653711 
15.889999999976306, -1.1769942660253896 
15.899999999976282, -1.174442422377982 
15.90999999997626, -1.1715116829210912 
15.919999999976236, -1.1686142133433897 
15.929999999976213, -1.1663006673182978 
15.93999999997619, -1.1649726435162457 
15.949999999976166, -1.164642284973377 
15.959999999976143, -1.164980355212824 
15.96999999997612, -1.1655747260512275 
15.979999999976096, -1.166133536763684 
15.989999999976073, -1.1665239022212535 
15.99999999997605, -1.1667174833294998 
16.009999999976028, -1.1667292111462837 
16.019999999976005, -1.1665800614119797 
16.02999999997598, -1.1662806892898643 
16.039999999975958, -1.1658266275443476 
16.049999999975935, -1.1652004840560335 
16.05999999997591, -1.1643831944510676 
16.069999999975888, -1.1633822305166273 
16.079999999975865, -1.16228417145367 
16.08999999997584, -1.1613174245659013 
16.099999999975818, -1.1608595906113932 
16.109999999975795, -1.1612980109337612 
16.11999999997577, -1.1627692541749148 
16.129999999975748, -1.1650069706547823 
16.139999999975725, -1.1674845607836224 
16.1499999999757, -1.1697157986379954 
16.15999999997568, -1.1714405126897112 
16.169999999975655, -1.1726167633597113 
16.17999999997563, -1.173322254605478 
16.18999999997561, -1.1736668468877292 
16.199999999975585, -1.1737472119795922 
16.20999999997556, -1.1736334860749307 
16.21999999997554, -1.1733718931741313 
16.229999999975515, -1.1729942486975022 
16.239999999975492, -1.1725321060347302 
16.24999999997547, -1.1720362332170666 
16.259999999975445, -1.1715988351707975 
16.269999999975422, -1.1713648076499437 
16.2799999999754, -1.1715075398579642 
16.289999999975375, -1.1721588849255578 
16.299999999975352, -1.17333019507005 
16.30999999997533, -1.174888992124556 
16.319999999975305, -1.1766120749386624 
16.329999999975282, -1.1782707221977942 
16.33999999997526, -1.1796941104164702 
16.349999999975235, -1.1807918372827149 
16.359999999975212, -1.1815449514677372 
16.36999999997519, -1.18198220860593 
16.379999999975166, -1.1821549751523244 
16.389999999975142, -1.182118623775767 
16.39999999997512, -1.1819230535193486 
16.409999999975096, -1.181611438052768 
16.419999999975072, -1.181224821634569 
16.42999999997505, -1.1808095221687087 
16.439999999975026, -1.1804228556266865 
16.449999999975002, -1.1801309920720413 
16.45999999997498, -1.1799948931671582 
16.469999999974956, -1.180049270210167 
16.479999999974932, -1.1802882852068866 
16.48999999997491, -1.1806681763606337 
16.499999999974886, -1.1811235162003488 
16.509999999974863, -1.1815857706853579 
16.51999999997484, -1.1819959008222503 
16.529999999974816, -1.1823095742423142 
16.539999999974793, -1.1824975111315128 
16.54999999997477, -1.182543875328872 
16.559999999974746, -1.1824443607705402 
16.569999999974723, -1.1822044384490014 
16.5799999999747, -1.1818378461153225 
16.589999999974676, -1.18136562443653 
16.599999999974653, -1.1808161022670427 
16.60999999997463, -1.1802255721487949 
16.619999999974606, -1.1796380650895704 
16.629999999974583, -1.1791017500040477 
16.63999999997456, -1.1786605984473484 
16.649999999974536, -1.1783432369018827 
16.659999999974513, -1.178154009230705 
16.66999999997449, -1.1780712876585013 
16.679999999974466, -1.178054315931706 
16.689999999974443, -1.1780546620406422 
16.69999999997442, -1.1780260025655982 
16.709999999974396, -1.1779285695641208 
16.719999999974373, -1.1777291106582046 
16.72999999997435, -1.177399529035373 
16.739999999974327, -1.1769168129043002 
16.749999999974303, -1.1762651097424748 
16.75999999997428, -1.1754393458416912 
16.769999999974257, -1.1744492918255953 
16.779999999974233, -1.1733232805936635 
16.78999999997421, -1.1721109877120355 
16.799999999974187, -1.170883805554736 
16.809999999974163, -1.1697295247418555 
16.81999999997414, -1.1687374049531891 
16.829999999974117, -1.1679738305129566 
16.839999999974093, -1.1674583521722637 
16.84999999997407, -1.167156427643952 
16.859999999974047, -1.166996133247716 
16.869999999974024, -1.166896703648743 
16.879999999974, -1.1667894073467195 
16.889999999973977, -1.1666223774916733 
16.899999999973954, -1.166353969335184 
16.90999999997393, -1.1659425283183884 
16.919999999973907, -1.1653377984380013 
16.929999999973884, -1.1644770623834635 
16.93999999997386, -1.1632892896734695 
16.949999999973837, -1.1617112517706871 
16.959999999973814, -1.1597175298671891 
16.96999999997379, -1.1573590549695627 
16.979999999973767, -1.1547931403691822 
16.989999999973744, -1.1522782141908814 
16.99999999997372, -1.1501111680308909 
17.009999999973697, -1.1485181838236302 
17.019999999973674, -1.147560485160461 
17.02999999997365, -1.1471269995530178 
17.039999999973627, -1.1470170474921724 
17.049999999973604, -1.147039732767843 
17.05999999997358, -1.1470649442525251 
17.069999999973557, -1.1470221653745039 
17.079999999973534, -1.1468765066808513 
17.08999999997351, -1.1466046701003005 
17.099999999973488, -1.1461776880083148 
17.109999999973464, -1.1455493375058274 
17.11999999997344, -1.1446489669725213 
17.129999999973418, -1.1433817787176392 
17.139999999973394, -1.1416465879664357 
17.14999999997337, -1.139386398257223 
17.159999999973348, -1.136676671133358 
17.169999999973324, -1.1338102540389148 
17.1799999999733, -1.1312753564298679 
17.189999999973278, -1.1295504752235834 
17.199999999973254, -1.128829750820902 
17.20999999997323, -1.1289326144295022 
17.219999999973208, -1.1294751244934647 
17.229999999973185, -1.1301066830776096 
17.23999999997316, -1.1306226982315886 
17.249999999973138, -1.1309492066574858 
17.259999999973115, -1.1310835917697273 
17.26999999997309, -1.1310465999116048 
17.279999999973068, -1.1308566047474293 
17.289999999973045, -1.1305190603297726 
17.29999999997302, -1.1300237468600935 
17.309999999972998, -1.129347292656854 
17.319999999972975, -1.1284640280664093 
17.32999999997295, -1.1273731563908542 
17.339999999972928, -1.1261494098214742 
17.349999999972905, -1.125004440799338 
17.35999999997288, -1.1242995147707935 
17.36999999997286, -1.1244237343474217 
17.379999999972835, -1.1255507047963411 
17.38999999997281, -1.1274748871330575 
17.39999999997279, -1.129717021181823 
17.409999999972765, -1.131801839376381 
17.41999999997274, -1.133452343730644 
17.42999999997272, -1.134601807023706 
17.439999999972695, -1.1353074032667791 
17.449999999972672, -1.135665580785479 
17.45999999997265, -1.1357651274810867 
17.469999999972625, -1.135671230012004 
17.479999999972602, -1.1354255378359324 
17.48999999997258, -1.1350529668389966 
17.499999999972555, -1.1345727458369113 
17.509999999972532, -1.1340154667011795 
17.51999999997251, -1.1334481037336226 
17.529999999972485, -1.1330014769044707 
17.539999999972462, -1.1328776224913835 
17.54999999997244, -1.133302926145779 
17.559999999972415, -1.1344213544138841 
17.569999999972392, -1.1361911713298196 
17.57999999997237, -1.1383752408677155 
17.589999999972346, -1.1406400463902897 
17.599999999972322, -1.1426867604671458 
17.6099999999723, -1.14433274072329 
17.619999999972276, -1.1455210252083923 
17.629999999972252, -1.14628361532367 
17.63999999997223, -1.1466942999518508 
17.649999999972206, -1.1468332485039734 
17.659999999972182, -1.1467690188078452 
17.66999999997216, -1.1465543475264108 
17.679999999972136, -1.146230398322258 
17.689999999972112, -1.1458359125724924 
17.69999999997209, -1.1454189849450014 
17.709999999972066, -1.1450476141673804 
17.719999999972043, -1.1448111202367584 
17.72999999997202, -1.1448035617929206 
17.739999999971996, -1.1450905341706756 
17.749999999971973, -1.1456782229594589 
17.75999999997195, -1.1465071886261595 
17.769999999971926, -1.1474739975604324 
17.779999999971903, -1.1484636779008373 
17.78999999997188, -1.1493754236219553 
17.799999999971856, -1.1501356832043732 
17.809999999971833, -1.1507013296409832 
17.81999999997181, -1.1510570480576408 
17.829999999971786, -1.1512095122675854 
17.839999999971763, -1.1511800244428865 
17.84999999997174, -1.1509975210491357 
17.859999999971716, -1.1506939330229378 
17.869999999971693, -1.150303037783535 
17.87999999997167, -1.149862384781791 
17.889999999971646, -1.149416062811301 
17.899999999971623, -1.1490145716583666 
17.9099999999716, -1.1487084003076828 
17.919999999971576, -1.1485357776646905 
17.929999999971553, -1.1485106090751669 
17.93999999997153, -1.1486180430051078 
17.949999999971507, -1.1488200222653542 
17.959999999971483, -1.1490667630177538 
17.96999999997146, -1.1493080483413238 
17.979999999971437, -1.1495005162011327 
17.989999999971413, -1.1496105448089136 
17.99999999997139, -1.149614399802823 
18.009999999971367, -1.1494974760905956 
18.019999999971343, -1.1492536259346677 
18.02999999997132, -1.1488847826621225 
18.039999999971297, -1.148400819957224 
18.049999999971273, -1.1478196846156872 
18.05999999997125, -1.1471678808292647 
18.069999999971227, -1.1464809558140028 
18.079999999971204, -1.145802732819929 
18.08999999997118, -1.1451814006038046 
18.099999999971157, -1.1446613613267376 
18.109999999971134, -1.1442723227741982 
18.11999999997111, -1.144020084969584 
18.129999999971087, -1.1438842097816502 
18.139999999971064, -1.1438244788814502 
18.14999999997104, -1.143792433261764 
18.159999999971017, -1.1437414226291325 
18.169999999970994, -1.1436311517759603 
18.17999999997097, -1.1434274259992134 
18.189999999970947, -1.1431003339318715 
18.199999999970924, -1.1426237539616397 
18.2099999999709, -1.1419773996386835 
18.219999999970877, -1.141150952038963 
18.229999999970854, -1.1401488685369878 
18.23999999997083, -1.1389945052320072 
18.249999999970807, -1.137732770032585 
18.259999999970784, -1.1364304960565217 
18.26999999997076, -1.1351725113762687 
18.279999999970737, -1.1340502010426299 
18.289999999970714, -1.1331411512625214 
18.29999999997069, -1.132485289814209 
18.309999999970668, -1.132070695552948 
18.319999999970644, -1.1318403043398035 
18.32999999997062, -1.131715876316378 
18.339999999970598, -1.1316227094637037 
18.349999999970574, -1.1315018081253638 
18.35999999997055, -1.1313086285132612 
18.369999999970528, -1.1310049078353561 
18.379999999970504, -1.1305497772266635 
18.38999999997048, -1.1298937878777602 
18.399999999970458, -1.128978379890013 
18.409999999970434, -1.1277435373753835 
18.41999999997041, -1.126145734965357 
18.429999999970388, -1.1241846768173787 
18.439999999970365, -1.1219308021840748 
18.44999999997034, -1.11953916490949 
18.459999999970318, -1.117233559420085 
18.469999999970295, -1.115252477296584 
18.47999999997027, -1.1137699830870083 
18.489999999970248, -1.1128323035480994 
18.499999999970225, -1.1123540511259802 
18.5099999999702, -1.1121760303019885 
18.519999999970178, -1.1121384352844057 
18.529999999970155, -1.1121237534871313 
18.53999999997013, -1.112061340202283 
18.549999999970108, -1.1119114616443795 
18.559999999970085, -1.1116460871476987 
18.56999999997006, -1.1112334885122066 
18.57999999997004, -1.1106271173733924 
18.589999999970015, -1.1097582933378507 
18.59999999996999, -1.108535085782031 
18.60999999996997, -1.1068546862816528 
18.619999999969945, -1.104640184597784 
18.62999999996992, -1.1019064206728533 
18.6399999999699, -1.0988328278139279 
18.649999999969875, -1.0957818017622403 
18.659999999969852, -1.093198656060154 
18.66999999996983, -1.091415211357999 
18.679999999969805, -1.0904951837055905 
18.689999999969782, -1.0902476250846167 
18.69999999996976, -1.0903763270189293 
18.709999999969735, -1.0906260707042459 
18.719999999969712, -1.090841067258849 
18.72999999996969, -1.0909511521846949 
18.739999999969665, -1.0909346377200557 
18.749999999969642, -1.0907871584973439 
18.75999999996962, -1.090502601383914 
18.769999999969595, -1.0900625296838693 
18.779999999969572, -1.08943007756476 
18.78999999996955, -1.0885473697336827 
18.799999999969526, -1.0873401638239546 
18.809999999969502, -1.0857390040393435 
18.81999999996948, -1.0837285295018257 
18.829999999969456, -1.0814230320511549 
18.839999999969432, -1.0791237920283119 
18.84999999996941, -1.0772692428105113 
18.859999999969386, -1.0762360969148967 
18.869999999969362, -1.0761171051335192 
18.87999999996934, -1.0766832439310299 
18.889999999969316, -1.077558334072829 
18.899999999969292, -1.0784239178588535 
18.90999999996927, -1.0791061857508033 
18.919999999969246, -1.0795534698826212 
18.929999999969223, -1.0797789058123723 
18.9399999999692, -1.0798153411994886 
18.949999999969176, -1.079691450611797 
18.959999999969153, -1.0794222495269832 
18.96999999996913, -1.0790066282067132 
18.979999999969106, -1.0784284331687606 
18.989999999969083, -1.077661883516274 
18.99999999996906, -1.0766861947210324 
19.009999999969036, -1.075516818877477 
19.019999999969013, -1.0742553640165902 
19.02999999996899, -1.0731362163012075 
19.039999999968966, -1.0725095020663855 
19.049999999968943, -1.072702035933704 
19.05999999996892, -1.073807592497803 
19.069999999968896, -1.0755893360224358 
19.079999999968873, -1.0776088686766103 
19.08999999996885, -1.0794621934761628 
19.099999999968826, -1.080923552247362 
19.109999999968803, -1.081942410564719 
19.11999999996878, -1.082568983650648 
19.129999999968756, -1.0828850111443065 
19.139999999968733, -1.0829653838289577 
19.14999999996871, -1.0828645036370177 
19.159999999968687, -1.0826153854961282 
19.169999999968663, -1.0822339919339001 
19.17999999996864, -1.081726686988619 
19.189999999968617, -1.0811027086600138 
19.199999999968593, -1.0803956930629082 
19.20999999996857, -1.079695869759615 
19.219999999968547, -1.0791819657148634 
19.229999999968523, -1.0791189092849638 
19.2399999999685, -1.0797787383105766 
19.249999999968477, -1.081291717189892 
19.259999999968453, -1.0835277235185172 
19.26999999996843, -1.0861242259623671 
19.279999999968407, -1.0886531963523767 
19.289999999968384, -1.090795061598347 
19.29999999996836, -1.0924097305656022 
19.309999999968337, -1.0935046285348806 
19.319999999968314, -1.0941633808946523 
19.32999999996829, -1.0944868870354272 
19.339999999968267, -1.094562267793301 
19.349999999968244, -1.094453467068631 
19.35999999996822, -1.0942033959310882 
19.369999999968197, -1.093841368654266 
19.379999999968174, -1.093394077325654 
19.38999999996815, -1.0929008272859597 
19.399999999968127, -1.0924326808740674 
19.409999999968104, -1.0921087190850671 
19.41999999996808, -1.0920925590861594 
19.429999999968057, -1.0925509054979887 
19.439999999968034, -1.09357967499463 
19.44999999996801, -1.0951409616044168 
19.459999999967987, -1.097059714897546 
19.469999999967964, -1.0990849654303274 
19.47999999996794, -1.1009743889102412 
19.489999999967917, -1.1025568365690714 
19.499999999967894, -1.1037535260780162 
19.50999999996787, -1.104564185821661 
19.519999999967848, -1.1050363566916475 
19.529999999967824, -1.1052352459407202 
19.5399999999678, -1.1052236625696694 
19.549999999967778, -1.1050534448332339 
19.559999999967754, -1.1047656292649783 
19.56999999996773, -1.1043962581521205 
19.579999999967708, -1.103985645720777 
19.589999999967684, -1.1035886287881318 
19.59999999996766, -1.1032807438569023 
19.609999999967638, -1.1031525117496312 
19.619999999967614, -1.103287088113514 
19.62999999996759, -1.1037288056701047 
19.639999999967568, -1.1044617126586342 
19.649999999967545, -1.1054124587192553 
19.65999999996752, -1.1064737023912836 
19.669999999967498, -1.1075325638043858 
19.679999999967475, -1.10849206668153 
19.68999999996745, -1.1092825568464957 
19.699999999967428, -1.1098651065401728 
19.709999999967405, -1.1102292503396387 
19.71999999996738, -1.1103866911191527 
19.729999999967358, -1.110362957415731 
19.739999999967335, -1.1101896829683913 
19.74999999996731, -1.1098998707373045 
19.759999999967288, -1.1095271384256182 
19.769999999967265, -1.1091082957296672 
19.77999999996724, -1.1086870220233034 
19.78999999996722, -1.108314987825056 
19.799999999967195, -1.1080466316855144 
19.80999999996717, -1.1079269593702539 
19.81999999996715, -1.107977568729338 
19.829999999967125, -1.1081892140400422 
19.8399999999671, -1.1085252523235822 
19.84999999996708, -1.1089329643317767 
19.859999999967055, -1.1093561481543956 
19.869999999967032, -1.1097441873356284 
19.87999999996701, -1.1100565058618013 
19.889999999966985, -1.1102637609814292 
19.899999999966962, -1.1103475786562471 
19.90999999996694, -1.1102999086815313 
19.919999999966915, -1.110122216564077 
19.929999999966892, -1.1098243994013726 
19.93999999996687, -1.1094235849801222 
19.949999999966845, -1.1089433542693867 
19.959999999966822, -1.1084137566649728 
19.9699999999668, -1.1078715450415457 
19.979999999966775, -1.1073588997416786 
19.989999999966752, -1.1069187229219786 
19.99999999996673, -1.1065863339583135 
20.009999999966706, -1.1063803721980396 
20.019999999966682, -1.1062973650247456 
20.02999999996666, -1.1063128908974753 
20.039999999966636, -1.1063886003546992 
20.049999999966612, -1.1064813779036613 
20.05999999996659, -1.106550683720077 
20.069999999966566, -1.1065623211922677 
20.079999999966542, -1.1064893772924413 
20.08999999996652, -1.106312077100521 
20.099999999966496, -1.1060177682051486 
20.109999999966472, -1.1056012872318832 
20.11999999996645, -1.105065448915958 
20.129999999966426, -1.1044214755245567 
20.139999999966403, -1.1036894353333313 
20.14999999996638, -1.1028987198561917 
20.159999999966356, -1.102088086776695 
20.169999999966333, -1.1013040452122729 
20.17999999996631, -1.100596015153251 
20.189999999966286, -1.1000076125071634 
20.199999999966263, -1.099565857006756 
20.20999999996624, -1.099272830227633 
20.219999999966216, -1.099104687413183 
20.229999999966193, -1.0990191905084763 
20.23999999996617, -1.0989674270820617 
20.249999999966146, -1.0989033013896825 
20.259999999966123, -1.0987874086234748 
20.2699999999661, -1.0985863324282308 
20.279999999966076, -1.0982705380917237 
20.289999999966053, -1.0978136285523008 
20.29999999996603, -1.0971942142766717 
20.309999999966006, -1.0964000199986903 
20.319999999965983, -1.0954326886373553 
20.32999999996596, -1.0943115745789922 
20.339999999965936, -1.093075588947928 
20.349999999965913, -1.0917828442409412 
20.35999999996589, -1.0905074383262836 
20.369999999965867, -1.08933161557072 
20.379999999965843, -1.0883316791834319 
20.38999999996582, -1.0875593805242514 
20.399999999965797, -1.0870262197797336 
20.409999999965773, -1.086700502391813 
20.41999999996575, -1.0865204657206184 
20.429999999965727, -1.086415430011113 
20.439999999965703, -1.0863224803034135 
20.44999999996568, -1.086192284902221 
20.459999999965657, -1.0859859988765543 
20.469999999965633, -1.0856685570575606 
20.47999999996561, -1.0852027175358532 
20.489999999965587, -1.0845465510183288 
20.499999999965564, -1.0836562056025456 
20.50999999996554, -1.0824949560392045 
20.519999999965517, -1.0810475544275955 
20.529999999965494, -1.0793358778380076 
20.53999999996547, -1.0774297254151253 
20.549999999965447, -1.07544693263095 
20.559999999965424, -1.0735390283811486 
20.5699999999654, -1.0718616128387604 
20.579999999965377, -1.0705345182763004 
20.589999999965354, -1.0696064947130026 
20.59999999996533, -1.0690442852594162 
20.609999999965307, -1.0687545006386112 
20.619999999965284, -1.0686239885815323 
20.62999999996526, -1.0685537583298088 
20.639999999965237, -1.0684726195127057 
20.649999999965214, -1.0683335144387274 
20.65999999996519, -1.068102284078109 
20.669999999965167, -1.0677460557304115 
20.679999999965144, -1.067224208433735 
20.68999999996512, -1.0664830887622077 
20.699999999965097, -1.0654563846089433 
20.709999999965074, -1.0640746622739514 
20.71999999996505, -1.0622874018092119 
20.729999999965028, -1.0600959853141052 
20.739999999965004, -1.0575862854101405 
20.74999999996498, -1.054940680984313 
20.759999999964958, -1.052411028012964 
20.769999999964934, -1.0502511269242387 
20.77999999996491, -1.0486338249823963 
20.789999999964888, -1.0475966427703187 
20.799999999964864, -1.0470485894835124 
20.80999999996484, -1.0468293809239664 
20.819999999964818, -1.0467779088818483 
20.829999999964794, -1.0467727198054297 
20.83999999996477, -1.0467383554721346 
20.849999999964748, -1.0466322778250128 
20.859999999964725, -1.046427564761705 
20.8699999999647, -1.0460984893672491 
20.879999999964678, -1.0456100422991237 
20.889999999964655, -1.0449107483249267 
20.89999999996463, -1.0439294768267058 
20.909999999964608, -1.0425799421426305 
20.919999999964585, -1.0407794168622022 
20.92999999996456, -1.0384868218075987 
20.939999999964538, -1.0357542906852284 
20.949999999964515, -1.0327660924550315 
20.95999999996449, -1.029825869182337 
20.969999999964468, -1.027272269091981 
20.979999999964445, -1.0253551107765435 
20.98999999996442, -1.0241464249599932 
20.9999999999644, -1.0235427720721448 
21.009999999964375, -1.0233454634622405 
21.01999999996435, -1.0233538570068732 
21.02999999996433, -1.0234194383169362 
21.039999999964305, -1.0234539671375384 
21.04999999996428, -1.0234126832480672 
21.05999999996426, -1.0232729023195024 
21.069999999964235, -1.0230170451863665 
21.079999999964212, -1.0226209951184004 
21.08999999996419, -1.0220460357727563 
21.099999999964165, -1.0212334151355 
21.109999999964142, -1.0201032006154458 
21.11999999996412, -1.0185627414500122 
21.129999999964095, -1.016532740041601 
21.139999999964072, -1.0139952422233844 
21.14999999996405, -1.0110511909607072 
21.159999999964025, -1.0079498787438212 
21.169999999964002, -1.0050456926926352 
21.17999999996398, -1.002678123543316 
21.189999999963955, -1.0010391834329686 
21.199999999963932, -1.0001162807715367 
21.20999999996391, -0.9997407364102834 
21.219999999963886, -0.9996908883935918 
21.229999999963862, -0.9997766172620872 
21.23999999996384, -0.9998724437355291 
21.249999999963816, -0.9999107868817003 
21.259999999963792, -0.9998602304307432 
21.26999999996377, -0.9997048984795451 
21.279999999963746, -0.9994297541934918 
21.289999999963722, -0.9990108480112114 
21.2999999999637, -0.9984084973351202 
21.309999999963676, -0.9975627737187829 
21.319999999963652, -0.9963933921192785 
21.32999999996363, -0.9948095566535843 
21.339999999963606, -0.9927373725253261 
21.349999999963583, -0.9901676207211312 
21.35999999996356, -0.9872094762007511 
21.369999999963536, -0.9841128337835109 
21.379999999963513, -0.9812203365278306 
21.38999999996349, -0.9788523515798188 
21.399999999963466, -0.9771875899497336 
21.409999999963443, -0.9762154047965124 
21.41999999996342, -0.9757811637926691 
21.429999999963396, -0.9756785624193279 
21.439999999963373, -0.9757263404849141 
21.44999999996335, -0.9758005919199804 
21.459999999963326, -0.9758311842994148 
21.469999999963303, -0.9757832492118041 
21.47999999996328, -0.975638372456379 
21.489999999963256, -0.9753805777133815 
21.499999999963233, -0.9749868058282463 
21.50999999996321, -0.9744203176939539 
21.519999999963186, -0.9736264866012595 
21.529999999963163, -0.9725327128574419 
21.53999999996314, -0.9710569652589379 
21.549999999963116, -0.9691307737906829 
21.559999999963093, -0.9667381891603986 
21.56999999996307, -0.9639590561062503 
21.579999999963047, -0.9609891962377931 
21.589999999963023, -0.9581101076538949 
21.599999999963, -0.9556083223946802 
21.609999999962977, -0.9536821925192145 
21.619999999962953, -0.9523870732335412 
21.62999999996293, -0.9516446805896116 
21.639999999962907, -0.9513005168090862 
21.649999999962883, -0.9511894984398559 
21.65999999996286, -0.9511783740004572 
21.669999999962837, -0.9511780164560311 
21.679999999962813, -0.9511359317913304 
21.68999999996279, -0.9510219563884288 
21.699999999962767, -0.950814872663836 
21.709999999962744, -0.9504923285826674 
21.71999999996272, -0.9500238946524224 
21.729999999962697, -0.9493669791412869 
21.739999999962674, -0.9484666052261421 
21.74999999996265, -0.9472616805536308 
21.759999999962627, -0.9457007107462353 
21.769999999962604, -0.9437666105306626 
21.77999999996258, -0.9415027999062131 
21.789999999962557, -0.9390260304915754 
21.799999999962534, -0.9365136102305509 
21.80999999996251, -0.9341653852075747 
21.819999999962487, -0.9321546112024814 
21.829999999962464, -0.9305870348727303 
21.83999999996244, -0.9294830813735576 
21.849999999962417, -0.9287877041001021 
21.859999999962394, -0.9284003600483567 
21.86999999996237, -0.9282096786622555 
21.879999999962347, -0.9281187346104718 
21.889999999962324, -0.9280554325096801 
21.8999999999623, -0.9279709022080729 
21.909999999962277, -0.9278320137710399 
21.919999999962254, -0.9276129342129911 
21.92999999996223, -0.9272882673807574 
21.939999999962208, -0.9268288309518175 
21.949999999962184, -0.9262008455459027 
21.95999999996216, -0.9253695096527125 
21.969999999962138, -0.9243074454812339 
21.979999999962114, -0.9230064456424703 
21.98999999996209, -0.9214880333852244 
21.999999999962068, -0.9198072909716952 
22.009999999962044, -0.9180472728328896 
22.01999999996202, -0.9163061222132456 
22.029999999961998, -0.9146815185163073 
22.039999999961974, -0.9132561189525228 
22.04999999996195, -0.9120858713507463 
22.059999999961928, -0.9111927413689006 
22.069999999961905, -0.9105638165772 
22.07999999996188, -0.9101577992407023 
22.089999999961858, -0.9099170563960906 
22.099999999961835, -0.9097807349214648 
22.10999999996181, -0.9096943860557589 
22.119999999961788, -0.909614051689706 
22.129999999961765, -0.9095056529071387 
22.13999999996174, -0.9093419926171622 
22.149999999961718, -0.9090996619166987 
22.159999999961695, -0.9087574535122878 
22.16999999996167, -0.9082970813954606 
22.179999999961648, -0.9077060661709705 
22.189999999961625, -0.9069815277597423 
22.1999999999616, -0.9061328717371262 
22.20999999996158, -0.9051818128511193 
22.219999999961555, -0.9041598046379139 
22.22999999996153, -0.9031043707988289 
22.23999999996151, -0.9020558339313546 
22.249999999961485, -0.9010548116235624 
22.25999999996146, -0.90013982129359 
22.26999999996144, -0.8993441846347473 
22.279999999961415, -0.8986921130491503 
22.289999999961392, -0.8981948794097852 
22.29999999996137, -0.8978486499916905 
22.309999999961345, -0.8976352729081436 
22.319999999961322, -0.8975260722250837 
22.3299999999613, -0.8974872583425253 
22.339999999961275, -0.8974849721527498 
22.349999999961252, -0.8974885846606723 
22.35999999996123, -0.8974720734238811 
22.369999999961205, -0.8974142089553985 
22.379999999961182, -0.8972984680170185 
22.38999999996116, -0.8971131675537738 
22.399999999961135, -0.8968517160711226 
22.409999999961112, -0.8965125874350364 
22.41999999996109, -0.8960988450700347 
22.429999999961066, -0.8956174871740501 
22.439999999961042, -0.8950790308760478 
22.44999999996102, -0.894497490562417 
22.459999999960996, -0.8938905863548928 
22.469999999960972, -0.893279897684159 
22.47999999996095, -0.8926906398473594 
22.489999999960926, -0.8921506500337696 
22.499999999960902, -0.8916881674231913 
22.50999999996088, -0.891328344636446 
22.519999999960856, -0.8910891389933739 
22.529999999960832, -0.8909778798097273 
22.53999999996081, -0.8909898301281846 
22.549999999960786, -0.8911092911675699 
22.559999999960763, -0.8913126952058471 
22.56999999996074, -0.8915724121665708 
22.579999999960716, -0.8918600269972792 
22.589999999960693, -0.892148433649431 
22.59999999996067, -0.8924127765737214 
22.609999999960646, -0.8926307418800198 
22.619999999960623, -0.8927828867239617 
22.6299999999606, -0.8928535559977103 
22.639999999960576, -0.8928324066571115 
22.649999999960553, -0.8927158703942288 
22.65999999996053, -0.8925076560834541 
22.669999999960506, -0.8922179918947497 
22.679999999960483, -0.8918622419867214 
22.68999999996046, -0.8914599501522471 
22.699999999960436, -0.8910349755677395 
22.709999999960413, -0.8906165533812965 
22.71999999996039, -0.8902402939660188 
22.729999999960366, -0.8899476568179402 
22.739999999960343, -0.8897826306753535 
22.74999999996032, -0.8897854567962138 
22.759999999960296, -0.8899848978277756 
22.769999999960273, -0.8903916825481717 
22.77999999996025, -0.8909953478928525 
22.789999999960227, -0.8917649913258909 
22.799999999960203, -0.8926528265519 
22.80999999996018, -0.893599098917419 
22.819999999960157, -0.8945378132014028 
22.829999999960133, -0.8954036947025843 
22.83999999996011, -0.8961405236980948 
22.849999999960087, -0.8967092378883452 
22.859999999960063, -0.8970926346552922 
22.86999999996004, -0.8972943203754419 
22.879999999960017, -0.8973326393873965 
22.889999999959993, -0.8972329194306943 
22.89999999995997, -0.8970214364750543 
22.909999999959947, -0.8967227903862615 
22.919999999959924, -0.8963607789242968 
22.9299999999599, -0.8959621682643973 
22.939999999959877, -0.895562537086904 
22.949999999959854, -0.8952128221290397 
22.95999999995983, -0.894983931902051 
22.969999999959807, -0.8949653842507672 
22.979999999959784, -0.8952540202441815 
22.98999999995976, -0.8959321210273187 
22.999999999959737, -0.8970401226525704 
23.009999999959714, -0.8985539828747475 
23.01999999995969, -0.9003774918155981 
23.029999999959667, -0.9023552795190619 
23.039999999959644, -0.9043051504831464 
23.04999999995962, -0.9060602972866268 
23.059999999959597, -0.9075055689345713 
23.069999999959574, -0.9085930912258874 
23.07999999995955, -0.9093336798631044 
23.089999999959527, -0.9097736495813002 
23.099999999959504, -0.9099709091721284 
23.10999999995948, -0.9099788680393749 
23.119999999959457, -0.909839318835434 
23.129999999959434, -0.909581695685896 
23.13999999995941, -0.9092260169431817 
23.149999999959388, -0.9087882847911034 
23.159999999959364, -0.9082885630612045 
23.16999999995934, -0.9077625651462082 
23.179999999959318, -0.907276518762456 
23.189999999959294, -0.9069412894592717 
23.19999999995927, -0.9069153757039004 
23.209999999959248, -0.9073817126713047 
23.219999999959224, -0.9084895703608622 
23.2299999999592, -0.9102765762302869 
23.239999999959178, -0.9126150286399012 
23.249999999959154, -0.9152294433751356 
23.25999999995913, -0.9177893798635626 
23.269999999959108, -0.9200235563500401 
23.279999999959085, -0.9217873892818143 
23.28999999995906, -0.923060252169121 
23.299999999959038, -0.9238996583942356 
23.309999999959015, -0.9243917503820246 
23.31999999995899, -0.9246189199472387 
23.329999999958968, -0.9246456312907341 
23.339999999958945, -0.9245155649043324 
23.34999999995892, -0.9242536877332164 
23.359999999958898, -0.9238697983743516 
23.369999999958875, -0.9233626913475825 
23.37999999995885, -0.9227259504462442 
23.389999999958828, -0.9219577383090609 
23.399999999958805, -0.9210773755404078 
23.40999999995878, -0.9201491191378359 
23.41999999995876, -0.9193054394522286 
23.429999999958735, -0.9187487025990542 
23.43999999995871, -0.9187040085177056 
23.44999999995869, -0.9193204521774995 
23.459999999958665, -0.9205738548235158 
23.46999999995864, -0.9222527582347931 
23.47999999995862, -0.9240513515673756 
23.489999999958595, -0.9256987455750251 
23.499999999958572, -0.9270360063095511 
23.50999999995855, -0.9280172500578023 
23.519999999958525, -0.9286689350454191 
23.529999999958502, -0.9290466953327181 
23.53999999995848, -0.929207185879829 
23.549999999958455, -0.9291948592223989 
23.559999999958432, -0.929037748375416 
23.56999999995841, -0.9287470303210709 
23.579999999958385, -0.9283174250244143 
23.589999999958362, -0.9277274671067726 
23.59999999995834, -0.9269403302803173 
23.609999999958315, -0.9259076666505919 
23.619999999958292, -0.9245809435400197 
23.62999999995827, -0.9229356352986855 
23.639999999958246, -0.9210093186724743 
23.649999999958222, -0.9189403002289847 
23.6599999999582, -0.9169730112517065 
23.669999999958176, -0.915395427074983 
23.679999999958152, -0.914420240415829 
23.68999999995813, -0.9140868008004797 
23.699999999958106, -0.9142600859666384 
23.709999999958082, -0.9147188862344153 
23.71999999995806, -0.9152567981507392 
23.729999999958036, -0.9157359911751742 
23.739999999958012, -0.9160896168030808 
23.74999999995799, -0.9162990669233361 
23.759999999957966, -0.9163690938035964 
23.769999999957943, -0.9163101213853603 
23.77999999995792, -0.9161279133160679 
23.789999999957896, -0.9158177594404144 
23.799999999957873, -0.9153605606006673 
23.80999999995785, -0.9147194430326039 
23.819999999957826, -0.9138371857862376 
23.829999999957803, -0.9126370118668474 
23.83999999995778, -0.9110321980015288 
23.849999999957756, -0.9089517342633332 
23.859999999957733, -0.9063848525231599 
23.86999999995771, -0.9034311726486921 
23.879999999957686, -0.9003216484011061 
23.889999999957663, -0.8973747658748289 
23.89999999995764, -0.8948930632379151 
23.909999999957616, -0.8930576796823001 
23.919999999957593, -0.8918848289595847 
23.92999999995757, -0.891258998370178 
23.939999999957546, -0.8910060512130487 
23.949999999957523, -0.8909588016504264 
23.9599999999575, -0.8909910350636874 
23.969999999957476, -0.8910223165947485 
23.979999999957453, -0.8910072452262152 
23.98999999995743, -0.890920997799047 
23.999999999957407, -0.8907469996179909 
24.009999999957383, -0.8904680385639325 
24.01999999995736, -0.8900602912158716 
24.029999999957337, -0.8894897853971433 
24.039999999957313, -0.8887118910748312 
24.04999999995729, -0.8876757503693717 
24.059999999957267, -0.8863359409328728 
24.069999999957243, -0.8846713550751316 
24.07999999995722, -0.8827056940813589 
24.089999999957197, -0.8805187328527022 
24.099999999957173, -0.878239151265843 
24.10999999995715, -0.876019499920413 
24.119999999957127, -0.8740036495726938 
24.129999999957104, -0.8722988885234196 
24.13999999995708, -0.8709600260548767 
24.149999999957057, -0.8699873860793156 
24.159999999957034, -0.8693368862540194 
24.16999999995701, -0.868937678535627 
24.179999999956987, -0.8687110888140712 
24.189999999956964, -0.8685851378202823 
24.19999999995694, -0.8685018501714848 
24.209999999956917, -0.8684179760906616 
24.219999999956894, -0.8683017119249712 
24.22999999995687, -0.8681281594330956 
24.239999999956847, -0.8678754990291523 
24.249999999956824, -0.8675230674143999 
24.2599999999568, -0.8670519635539649 
24.269999999956777, -0.8664481415806312 
24.279999999956754, -0.8657068810576508 
24.28999999995673, -0.8648364468368888 
24.299999999956707, -0.8638587681531303 
24.309999999956684, -0.8628066231978135 
24.31999999995666, -0.8617189022947388 
24.329999999956637, -0.8606361752190146 
24.339999999956614, -0.8595976990784931 
24.34999999995659, -0.8586395215064785 
24.359999999956568, -0.8577926909100431 
24.369999999956544, -0.857080936580825 
24.37999999995652, -0.8565180214074728 
24.389999999956498, -0.8561057045805086 
24.399999999956474, -0.855833417668007 
24.40999999995645, -0.8556801872644056 
24.419999999956428, -0.8556183380057634 
24.429999999956404, -0.8556177386107009 
24.43999999995638, -0.8556493147943076 
24.449999999956358, -0.8556871795390014 
24.459999999956334, -0.8557095045096629 
24.46999999995631, -0.8556986815766736 
24.479999999956288, -0.8556412580745334 
24.489999999956265, -0.8555277874494788 
24.49999999995624, -0.855352498067386 
24.509999999956218, -0.855112787585045 
24.519999999956195, -0.8548088289827271 
24.52999999995617, -0.8544436000555834 
24.539999999956148, -0.8540233072288549 
24.549999999956125, -0.8535578682730769 
24.5599999999561, -0.8530611996844908 
24.569999999956078, -0.8525513388538905 
24.579999999956055, -0.852050496136469 
24.58999999995603, -0.8515848644228701 
24.599999999956008, -0.8511836862185147 
24.609999999955985, -0.8508770556509854 
24.61999999995596, -0.850692389683567 
24.62999999995594, -0.8506502611395422 
24.639999999955915, -0.8507608498881887 
24.64999999995589, -0.8510221640958076 
24.65999999995587, -0.8514203997145602 
24.669999999955845, -0.8519318594716309 
24.67999999995582, -0.8525253623951361 
24.6899999999558, -0.8531643069577 
24.699999999955775, -0.8538083227909465 
24.709999999955752, -0.8544152799847378 
24.71999999995573, -0.8549446843754082 
24.729999999955705, -0.855362653326806 
24.739999999955682, -0.8556470213305281 
24.74999999995566, -0.8557901057532777 
24.759999999955635, -0.8557976151596403 
24.769999999955612, -0.855684501886064 
24.77999999995559, -0.8554701675636359 
24.789999999955565, -0.8551752457501491 
24.799999999955542, -0.8548209884204063 
24.80999999995552, -0.8544312461886634 
24.819999999955495, -0.8540364838346626 
24.829999999955472, -0.8536788299841438 
24.83999999995545, -0.853416411641455 
24.849999999955426, -0.8533242596370432 
24.859999999955402, -0.8534886788310638 
24.86999999995538, -0.853993250823831 
24.879999999955356, -0.8548978819227241 
24.889999999955332, -0.8562162142744603 
24.89999999995531, -0.8578991860132066 
24.909999999955286, -0.8598324497991479 
24.919999999955262, -0.8618526479147564 
24.92999999995524, -0.8637815309631132 
24.939999999955216, -0.8654676521331043 
24.949999999955192, -0.8668182257186118 
24.95999999995517, -0.8678073762688359 
24.969999999955146, -0.8684612700053002 
24.979999999955123, -0.8688329447251988 
24.9899999999551, -0.8689802475540525 
24.999999999955076, -0.8689528169818266 
