t, s[1].omega / s[0].omega 
0, -0.6199977201607085 
0.009999999999999995, -0.6197665722118171 
0.019999999999999934, -0.6195253738450904 
0.029999999999999874, -0.619264716319393 
0.04000000000000012, -0.6189740740862464 
0.050000000000000405, -0.6186462839346998 
0.06000000000000069, -0.618280030066825 
0.07000000000000098, -0.6178802275074753 
0.08000000000000126, -0.6174575874644944 
0.09000000000000155, -0.6170288361093887 
0.10000000000000184, -0.6166185219334979 
0.11000000000000212, -0.6162627864168846 
0.12000000000000241, -0.6160151195509298 
0.130000000000002, -0.6159537939574502 
0.1400000000000009, -0.616190023745186 
0.1499999999999998, -0.6168745033980239 
0.1599999999999987, -0.6181973493305553 
0.1699999999999976, -0.6203723505321779 
0.1799999999999965, -0.6235923737778224 
0.1899999999999954, -0.6279455993146094 
0.1999999999999943, -0.633306139358644 
0.2099999999999932, -0.6392637006971464 
0.2199999999999921, -0.6451900311936931 
0.229999999999991, -0.6504621093622049 
0.2399999999999899, -0.6546977267688636 
0.2499999999999888, -0.6578273638309308 
0.2599999999999877, -0.6599965318172771 
0.2699999999999866, -0.6614256225649797 
0.2799999999999855, -0.6623192421452513 
0.2899999999999844, -0.662833374261038 
0.2999999999999833, -0.6630743141289355 
0.3099999999999822, -0.6631076651809189 
0.3199999999999811, -0.6629671966882904 
0.32999999999998, -0.6626603690799882 
0.3399999999999789, -0.6621702057257806 
0.3499999999999778, -0.6614543760211075 
0.35999999999997667, -0.6604436625427431 
0.36999999999997557, -0.6590444820355499 
0.37999999999997447, -0.6571534320461252 
0.38999999999997337, -0.654691835981976 
0.39999999999997227, -0.6516568923485859 
0.40999999999997117, -0.6481626149228747 
0.41999999999997006, -0.6444324727816297 
0.42999999999996896, -0.6407356148063578 
0.43999999999996786, -0.6373066950350225 
0.44999999999996676, -0.6342974644577214 
0.45999999999996566, -0.6317728552106463 
0.46999999999996456, -0.6297332274301636 
0.47999999999996346, -0.6281410932423664 
0.48999999999996235, -0.6269414878047018 
0.49999999999996125, -0.6260744328817596 
0.5099999999999602, -0.6254816559670883 
0.519999999999959, -0.6251099880058143 
0.529999999999958, -0.6249130222102037 
0.5399999999999568, -0.6248518260587174 
0.5499999999999557, -0.6248950593077786 
0.5599999999999546, -0.6250186965306521 
0.5699999999999535, -0.6252055126696406 
0.5799999999999524, -0.6254444013552883 
0.5899999999999513, -0.6257293645501257 
0.5999999999999502, -0.6260576957905712 
0.6099999999999491, -0.6264267725711608 
0.619999999999948, -0.6268294211811377 
0.6299999999999469, -0.6272491684598483 
0.6399999999999458, -0.6276581150841625 
0.6499999999999447, -0.6280200584248303 
0.6599999999999436, -0.6282987625573828 
0.6699999999999425, -0.628467398629964 
0.6799999999999414, -0.6285139164376655 
0.6899999999999403, -0.6284401526100516 
0.6999999999999392, -0.6282567618527563 
0.7099999999999381, -0.62797769829304 
0.719999999999937, -0.6276167816993722 
0.7299999999999359, -0.6271871234442711 
0.7399999999999348, -0.626703356124184 
0.7499999999999337, -0.6261866957335004 
0.7599999999999326, -0.6256732250032978 
0.7699999999999315, -0.6252256771712071 
0.7799999999999304, -0.6249474198211098 
0.7899999999999293, -0.6249928168090094 
0.7999999999999282, -0.6255597256496901 
0.8099999999999271, -0.6268417112085274 
0.819999999999926, -0.6289272794646841 
0.8299999999999249, -0.6316866667383617 
0.8399999999999238, -0.6347582793178028 
0.8499999999999227, -0.6377077511674535 
0.8599999999999216, -0.6402402891542263 
0.8699999999999205, -0.6422707783193687 
0.8799999999999194, -0.643843855177317 
0.8899999999999183, -0.6450380541260261 
0.8999999999999172, -0.6459235396274877 
0.9099999999999161, -0.6465564146236021 
0.919999999999915, -0.6469817644842295 
0.9299999999999139, -0.6472352636896923 
0.9399999999999128, -0.647343033510609 
0.9499999999999117, -0.6473209653726912 
0.9599999999999106, -0.6471740225037383 
0.9699999999999095, -0.6468956387493447 
0.9799999999999084, -0.6464675859034607 
0.9899999999999073, -0.6458614262858131 
0.9999999999999062, -0.6450435358383231 
1.0099999999999052, -0.6439856491305342 
1.019999999999904, -0.6426802444573668 
1.029999999999903, -0.6411545766829845 
1.039999999999902, -0.6394733512570765 
1.0499999999999008, -0.6377249344612618 
1.0599999999998997, -0.6359980222731924 
1.0699999999998986, -0.6343623857753293 
1.0799999999998975, -0.632861892197651 
1.0899999999998964, -0.6315182257613505 
1.0999999999998953, -0.6303390594180588 
1.1099999999998942, -0.6293256135257537 
1.119999999999893, -0.6284775559505906 
1.129999999999892, -0.6277953065024888 
1.1399999999998909, -0.6272805955556545 
1.1499999999998898, -0.6269361503390448 
1.1599999999998887, -0.62676515918567 
1.1699999999998876, -0.6267709197222648 
1.1799999999998865, -0.6269568476965227 
1.1899999999998854, -0.6273267871412069 
1.1999999999998843, -0.6278852985772156 
1.2099999999998832, -0.6286372982469218 
1.219999999999882, -0.629586106346295 
1.229999999999881, -0.630728815136836 
1.2399999999998799, -0.6320483960946544 
1.2499999999998788, -0.6335038683051917 
1.2599999999998777, -0.6350233183420126 
1.2699999999998766, -0.6365074128429834 
1.2799999999998755, -0.6378482681239837 
1.2899999999998744, -0.638957823612618 
1.2999999999998733, -0.6397897408691745 
1.3099999999998722, -0.6403422540547602 
1.319999999999871, -0.6406440872412815 
1.32999999999987, -0.6407353283908521 
1.3399999999998689, -0.6406528246683895 
1.3499999999998678, -0.6404224882210495 
1.3599999999998666, -0.6400564561337638 
1.3699999999998655, -0.639552295014087 
1.3799999999998644, -0.6388922810422569 
1.3899999999998633, -0.6380416694006897 
1.3999999999998622, -0.6369453440764354 
1.4099999999998611, -0.6355225042329877 
1.41999999999986, -0.633660029160324 
1.429999999999859, -0.6312095571226742 
1.4399999999998578, -0.6280053580307473 
1.4499999999998567, -0.62393504859881 
1.4599999999998556, -0.6190749901870956 
1.4699999999998545, -0.6138029678029585 
1.4799999999998534, -0.6087249464027632 
1.4899999999998523, -0.6044067295494918 
1.4999999999998512, -0.6011383923815157 
1.5099999999998501, -0.5989065906003191 
1.519999999999849, -0.5975164038506733 
1.529999999999848, -0.5967243661288751 
1.5399999999998468, -0.5963159917223985 
1.5499999999998457, -0.596131237781125 
1.5599999999998446, -0.5960618020842905 
1.5699999999998435, -0.5960386617773703 
1.5799999999998424, -0.596019035213775 
1.5899999999998413, -0.5959760187375249 
1.5999999999998402, -0.595891465468451 
1.6099999999998391, -0.5957518419881118 
1.619999999999838, -0.5955467376112173 
1.629999999999837, -0.5952696956443138 
1.6399999999998358, -0.5949206057300419 
1.6499999999998347, -0.5945079858003439 
1.6599999999998336, -0.5940488629380721 
1.6699999999998325, -0.5935648887070089 
1.6799999999998314, -0.5930758848943859 
1.6899999999998303, -0.5925941794898202 
1.6999999999998292, -0.592122728130274 
1.709999999999828, -0.5916574822491527 
1.719999999999827, -0.5911920367326046 
1.729999999999826, -0.5907219831293593 
1.7399999999998248, -0.5902475394457382 
1.7499999999998237, -0.5897746310702409 
1.7599999999998226, -0.5893154909428806 
1.7699999999998215, -0.5888898335517426 
1.7799999999998204, -0.5885272206060905 
1.7899999999998193, -0.5882708185351044 
1.7999999999998182, -0.5881824427651623 
1.809999999999817, -0.5883484333515215 
1.819999999999816, -0.5888852278347626 
1.8299999999998149, -0.5899420891149691 
1.8399999999998138, -0.5916958299117014 
1.8499999999998127, -0.594328537113914 
1.8599999999998116, -0.5979766168335825 
1.8699999999998105, -0.6026462186235285 
1.8799999999998094, -0.6081195870577274 
1.8899999999998083, -0.6139252504121773 
1.8999999999998072, -0.619451807163083 
1.909999999999806, -0.6241772266464471 
1.919999999999805, -0.627849285313707 
1.9299999999998039, -0.6304914592091537 
1.9399999999998028, -0.6322834362375536 
1.9499999999998017, -0.6334387784920762 
1.9599999999998006, -0.6341391335636023 
1.9699999999997995, -0.6345163798602808 
1.9799999999997984, -0.6346568957068845 
1.9899999999997973, -0.6346109704352323 
1.9999999999997962, -0.634400423304057 
2.0099999999998173, -0.6340227154719712 
2.0199999999998384, -0.6334518929346237 
2.0299999999998595, -0.6326378544911925 
2.0399999999998806, -0.6315071623033524 
2.0499999999999017, -0.6299713043019363 
2.059999999999923, -0.6279499421210429 
2.069999999999944, -0.6254112829816297 
2.079999999999965, -0.6224145147046422 
2.089999999999986, -0.6191220786415899 
2.100000000000007, -0.6157608682600798 
2.1100000000000283, -0.6125526485718895 
2.1200000000000494, -0.6096585298057396 
2.1300000000000705, -0.6071623138007951 
2.1400000000000916, -0.6050843564271687 
2.1500000000001127, -0.6034055019530198 
2.160000000000134, -0.6020874620131724 
2.170000000000155, -0.6010857344337542 
2.180000000000176, -0.6003563347714365 
2.190000000000197, -0.5998587939055953 
2.2000000000002182, -0.5995573440092471 
2.2100000000002393, -0.5994213885401534 
2.2200000000002604, -0.5994257377388889 
2.2300000000002815, -0.5995507526135455 
2.2400000000003026, -0.5997823855061938 
2.2500000000003237, -0.6001120040580561 
2.260000000000345, -0.6005357240605259 
2.270000000000366, -0.6010527272298873 
2.280000000000387, -0.6016618652495398 
2.290000000000408, -0.6023561622822107 
2.3000000000004293, -0.6031160847219226 
2.3100000000004504, -0.6039045343210054 
2.3200000000004715, -0.6046679538869619 
2.3300000000004926, -0.6053461331022796 
2.3400000000005137, -0.6058875548957291 
2.3500000000005348, -0.6062619309907991 
2.360000000000556, -0.6064630830174006 
2.370000000000577, -0.6065025270726313 
2.380000000000598, -0.6063994475330163 
2.390000000000619, -0.6061722966731933 
2.4000000000006403, -0.6058339197285532 
2.4100000000006614, -0.6053896502661709 
2.4200000000006825, -0.604837166791225 
2.4300000000007036, -0.6041672085690719 
2.4400000000007247, -0.6033646105306261 
2.450000000000746, -0.6024089665087745 
2.460000000000767, -0.6012731862922757 
2.470000000000788, -0.5999165599534957 
2.480000000000809, -0.5982699410794143 
2.49000000000083, -0.5962233014367547 
2.5000000000008513, -0.5936544318289028 
2.5100000000008724, -0.590540688818996 
2.5200000000008935, -0.5870949887659807 
2.5300000000009146, -0.5837484533196916 
2.5400000000009357, -0.5809312363047685 
2.550000000000957, -0.5788617265648203 
2.560000000000978, -0.5775191027256545 
2.570000000000999, -0.5767463341840556 
2.58000000000102, -0.5763580230428806 
2.5900000000010412, -0.5761983142642106 
2.6000000000010624, -0.5761561484541092 
2.6100000000010835, -0.5761596942058209 
2.6200000000011046, -0.5761649529423858 
2.6300000000011257, -0.5761451998242484 
2.6400000000011468, -0.5760831989477861 
2.650000000001168, -0.5759662905101166 
2.660000000001189, -0.5757840590261203 
2.67000000000121, -0.5755283671211953 
2.680000000001231, -0.5751954307968538 
2.6900000000012523, -0.5747889285080692 
2.7000000000012734, -0.5743220839117237 
2.7100000000012945, -0.5738163729935637 
2.7200000000013156, -0.5732961699453161 
2.7300000000013367, -0.5727815775579338 
2.740000000001358, -0.5722832729871995 
2.750000000001379, -0.5718018668761939 
2.7600000000014, -0.5713313564713285 
2.770000000001421, -0.570864199584703 
2.780000000001442, -0.5703955191730516 
2.7900000000014633, -0.5699253946877668 
2.8000000000014844, -0.5694597268764265 
2.8100000000015055, -0.5690108403961116 
2.8200000000015266, -0.5685988479484482 
2.8300000000015477, -0.5682543709263255 
2.840000000001569, -0.5680228626217568 
2.85000000000159, -0.5679705246822038 
2.860000000001611, -0.5681914218220294 
2.870000000001632, -0.5688144990636885 
2.8800000000016532, -0.5700072088268319 
2.8900000000016743, -0.5719686860133737 
2.9000000000016954, -0.574900076531961 
2.9100000000017165, -0.5789370126405539 
2.9200000000017377, -0.5840425501181313 
2.9300000000017588, -0.5899048322965204 
2.94000000000178, -0.5959418388314548 
2.950000000001801, -0.6014869519557663 
2.960000000001822, -0.6060588792483278 
2.970000000001843, -0.609503022097978 
2.9800000000018643, -0.6119276256075102 
2.9900000000018854, -0.6135524599718385 
3.0000000000019065, -0.6145958640009316 
3.0100000000019276, -0.6152288310256466 
3.0200000000019487, -0.6155700953638017 
3.03000000000197, -0.6156954527706653 
3.040000000001991, -0.6156481109554669 
3.050000000002012, -0.6154459710875678 
3.060000000002033, -0.6150855077180624 
3.070000000002054, -0.6145432544833489 
3.0800000000020753, -0.6137768520539606 
3.0900000000020964, -0.6127290494033922 
3.1000000000021175, -0.6113394926947453 
3.1100000000021386, -0.6095678840187327 
3.1200000000021597, -0.6074241946305772 
3.130000000002181, -0.6049889597455347 
3.140000000002202, -0.6024038463623924 
3.150000000002223, -0.5998320349750884 
3.160000000002244, -0.5974128679985183 
3.1700000000022652, -0.5952364638906181 
3.1800000000022863, -0.5933436068184886 
3.1900000000023074, -0.5917398664991425 
3.2000000000023285, -0.5904115962669234 
3.2100000000023496, -0.5893376525081677 
3.2200000000023707, -0.5884960021646116 
3.230000000002392, -0.5878666403700943 
3.240000000002413, -0.5874324937634563 
3.250000000002434, -0.5871795188849132 
3.260000000002455, -0.587096676835899 
3.2700000000024763, -0.5871760701622253 
3.2800000000024974, -0.5874132626220652 
3.2900000000025185, -0.5878076037975977 
3.3000000000025396, -0.588362170933499 
3.3100000000025607, -0.5890826620682535 
3.3200000000025818, -0.5899742734594607 
3.330000000002603, -0.5910355670794366 
3.340000000002624, -0.5922492232729539 
3.350000000002645, -0.5935720640270697 
3.360000000002666, -0.5949303402339771 
3.3700000000026873, -0.5962276636903735 
3.3800000000027084, -0.5973672504943646 
3.3900000000027295, -0.5982785075902913 
3.4000000000027506, -0.598932132020578 
3.4100000000027717, -0.5993364463301174 
3.420000000002793, -0.5995215200093253 
3.430000000002814, -0.5995223824784319 
3.440000000002835, -0.599367713267314 
3.450000000002856, -0.5990742272565094 
3.460000000002877, -0.5986442349264764 
3.4700000000028983, -0.5980638145722308 
3.4800000000029194, -0.5972997471887919 
3.4900000000029405, -0.5962938829192341 
3.5000000000029616, -0.5949540353002949 
3.5100000000029827, -0.5931420360440174 
3.520000000003004, -0.5906652770865632 
3.530000000003025, -0.587292125171657 
3.540000000003046, -0.5828287640481307 
3.550000000003067, -0.5772764679205907 
3.5600000000030882, -0.5709842146003499 
3.5700000000031094, -0.564612635403712 
3.5800000000031305, -0.5588601403670349 
3.5900000000031516, -0.5541736861218705 
3.6000000000031727, -0.5506642963677664 
3.6100000000031938, -0.5482052078808817 
3.620000000003215, -0.5465712259962853 
3.630000000003236, -0.5455339889825919 
3.640000000003257, -0.5449040987617411 
3.650000000003278, -0.544539989061031 
3.6600000000032993, -0.5443421414524698 
3.6700000000033204, -0.5442432236669021 
3.6800000000033415, -0.5441987449471332 
3.6900000000033626, -0.5441797364826302 
3.7000000000033837, -0.5441676894938821 
3.710000000003405, -0.5441515536565265 
3.720000000003426, -0.5441264157964071 
3.730000000003447, -0.5440932068832635 
3.740000000003468, -0.5440583609780016 
3.750000000003489, -0.5440321010408163 
3.7600000000035103, -0.5440245428639817 
3.7700000000035314, -0.5440402895300401 
3.7800000000035525, -0.5440738454585323 
3.7900000000035736, -0.544108634127822 
3.8000000000035947, -0.5441208554028154 
3.810000000003616, -0.5440865400711641 
3.820000000003637, -0.5439880797606733 
3.830000000003658, -0.5438171436067198 
3.840000000003679, -0.543573640357923 
3.8500000000037002, -0.5432626635022136 
3.8600000000037213, -0.5428916671577012 
3.8700000000037424, -0.5424691711451046 
3.8800000000037635, -0.5420053836741854 
3.8900000000037847, -0.5415147742320171 
3.9000000000038058, -0.5410205917835631 
3.910000000003827, -0.5405610367760634 
3.920000000003848, -0.5401954280652439 
3.930000000003869, -0.5400051123199573 
3.94000000000389, -0.5400776250138939 
3.9500000000039113, -0.5404587229891253 
3.9600000000039324, -0.5410739316167428 
3.9700000000039535, -0.5416803631865491 
3.9800000000039746, -0.5419598237330004 
3.9900000000039957, -0.5417494482432474 
4.000000000004016, -0.541174988756639 
4.010000000003993, -0.5405203075414223 
4.02000000000397, -0.540007781825561 
4.030000000003946, -0.5397116716802803 
4.040000000003923, -0.5396008380819898 
4.0500000000039, -0.5396074157330404 
4.0600000000038765, -0.5396680357175807 
4.070000000003853, -0.5397370928024837 
4.08000000000383, -0.5397857694802644 
4.090000000003807, -0.5397967379281855 
4.100000000003783, -0.539758980904114 
4.11000000000376, -0.5396641189210682 
4.120000000003737, -0.5395045226348028 
4.130000000003713, -0.5392732851931732 
4.14000000000369, -0.5389660603547402 
4.150000000003667, -0.5385842977298368 
4.1600000000036434, -0.5381383695385504 
4.17000000000362, -0.5376481791310532 
4.180000000003597, -0.5371394758280887 
4.1900000000035735, -0.5366367240047184 
4.20000000000355, -0.5361560448582098 
4.210000000003527, -0.5357018999175687 
4.220000000003504, -0.5352687251969718 
4.23000000000348, -0.5348458843780853 
4.240000000003457, -0.5344230648833278 
4.250000000003434, -0.533993957979086 
4.26000000000341, -0.5335577732142809 
4.270000000003387, -0.5331195068007282 
4.280000000003364, -0.532690277683705 
4.2900000000033405, -0.5322887561692611 
4.300000000003317, -0.531944312123518 
4.310000000003294, -0.531702278949753 
4.320000000003271, -0.5316315644053804 
4.330000000003247, -0.5318343636615899 
4.340000000003224, -0.5324562567549089 
4.350000000003201, -0.5336913715949633 
4.360000000003177, -0.5357703778094629 
4.370000000003154, -0.5389103419256188 
4.380000000003131, -0.5432067400663336 
4.390000000003107, -0.5484873100995347 
4.400000000003084, -0.5542359537863945 
4.410000000003061, -0.5597323629418688 
4.4200000000030375, -0.5643766006869766 
4.430000000003014, -0.5679255676615459 
4.440000000002991, -0.5704595268320035 
4.450000000002968, -0.5722005675230493 
4.460000000002944, -0.5733708767745407 
4.470000000002921, -0.5741402533117401 
4.480000000002898, -0.5746249265104307 
4.490000000002874, -0.5749006475076391 
4.500000000002851, -0.5750147574857877 
4.510000000002828, -0.5749941986524023 
4.520000000002804, -0.5748501899978296 
4.530000000002781, -0.5745808855889571 
4.540000000002758, -0.5741734051310092 
4.5500000000027345, -0.5736069037808258 
4.560000000002711, -0.5728586073943209 
4.570000000002688, -0.5719139883493914 
4.580000000002665, -0.5707792833551664 
4.590000000002641, -0.5694901094140803 
4.600000000002618, -0.5681086877853289 
4.610000000002595, -0.5667085171007605 
4.620000000002571, -0.5653548777317543 
4.630000000002548, -0.5640920501997619 
4.640000000002525, -0.562941570682514 
4.6500000000025015, -0.561908317962136 
4.660000000002478, -0.5609888694966882 
4.670000000002455, -0.5601783973644866 
4.6800000000024315, -0.5594749985644571 
4.690000000002408, -0.5588819371257622 
4.700000000002385, -0.558408708362836 
4.710000000002362, -0.5580716555332625 
4.720000000002338, -0.5578945520004133 
4.730000000002315, -0.5579093173128815 
4.740000000002292, -0.5581568619771933 
4.750000000002268, -0.5586878424549635 
4.760000000002245, -0.5595626923451342 
4.770000000002222, -0.560849497529527 
4.7800000000021985, -0.56261702095101 
4.790000000002175, -0.5649188722975982 
4.800000000002152, -0.5677652445921103 
4.810000000002129, -0.5710846929710965 
4.820000000002105, -0.5746933696956462 
4.830000000002082, -0.578304820098088 
4.840000000002059, -0.5816026058298853 
4.850000000002035, -0.5843461346266141 
4.860000000002012, -0.5864379034001956 
4.870000000001989, -0.58791234057914 
4.880000000001965, -0.5888754547577237 
4.890000000001942, -0.5894464689736034 
4.900000000001919, -0.5897253374139024 
4.9100000000018955, -0.5897825134548964 
4.920000000001872, -0.5896595139009654 
4.930000000001849, -0.5893719658242678 
4.940000000001826, -0.5889111961907527 
4.950000000001802, -0.5882431349464795 
4.960000000001779, -0.5873050305200145 
4.970000000001756, -0.5860027579685922 
4.980000000001732, -0.5842155963776523 
4.990000000001709, -0.5818201795876818 
5.000000000001686, -0.5787432519540772 
5.0100000000016625, -0.5750311078578263 
5.020000000001639, -0.5708879120705592 
5.030000000001616, -0.5666333810408797 
5.0400000000015925, -0.5625944403990604 
5.050000000001569, -0.5590068876042457 
5.060000000001546, -0.5559820980742164 
5.070000000001523, -0.5535301984824317 
5.080000000001499, -0.5516022731325801 
5.090000000001476, -0.5501256045997963 
5.100000000001453, -0.5490249067270002 
5.110000000001429, -0.5482323188085163 
5.120000000001406, -0.5476908133921167 
5.130000000001383, -0.5473544905533909 
5.1400000000013595, -0.5471877208896853 
5.150000000001336, -0.5471640614947985 
5.160000000001313, -0.5472653048107852 
5.17000000000129, -0.5474807376539318 
5.180000000001266, -0.5478064997354625 
5.190000000001243, -0.5482446994012455 
5.20000000000122, -0.5488016182933813 
5.210000000001196, -0.5494840412539677 
5.220000000001173, -0.550292879632743 
5.23000000000115, -0.551214418745358 
5.240000000001126, -0.5522120274216712 
5.250000000001103, -0.553223935674873 
5.26000000000108, -0.5541724101880986 
5.2700000000010565, -0.5549833047661294 
5.280000000001033, -0.5556060279064121 
5.29000000000101, -0.556022278355252 
5.300000000000987, -0.5562406279230323 
5.310000000000963, -0.5562835498149765 
5.32000000000094, -0.556174994028323 
5.330000000000917, -0.5559322092875121 
5.340000000000893, -0.5555613246824979 
5.35000000000087, -0.5550545904722031 
5.360000000000847, -0.5543871947695244 
5.3700000000008234, -0.5535119302769662 
5.3800000000008, -0.5523502742959804 
5.390000000000777, -0.5507793930903795 
5.4000000000007535, -0.5486187108834086 
5.41000000000073, -0.5456316123949214 
5.420000000000707, -0.5415776741181002 
5.430000000000684, -0.536351081568812 
5.44000000000066, -0.5301614915339938 
5.450000000000637, -0.5235829722591904 
5.460000000000614, -0.5173429940123462 
5.47000000000059, -0.5120035212390064 
5.480000000000567, -0.507799819773595 
5.490000000000544, -0.5046913160756652 
5.5000000000005205, -0.5024961308051641 
5.510000000000497, -0.5009997044914621 
5.520000000000474, -0.5000105012350342 
5.5300000000004506, -0.4993777765467202 
5.540000000000427, -0.4989907773682062 
5.550000000000404, -0.49877151121710817 
5.560000000000381, -0.4986667385556066 
5.570000000000357, -0.4986412523366869 
5.580000000000334, -0.49867293022174086 
5.590000000000311, -0.498749457797597 
5.600000000000287, -0.49886638933166705 
5.610000000000264, -0.49902599849901214 
5.620000000000241, -0.49923606021343464 
5.6300000000002175, -0.4995074378968723 
5.640000000000194, -0.4998495249725317 
5.650000000000171, -0.5002636123593944 
5.660000000000148, -0.5007360886393936 
5.670000000000124, -0.5012351519033622 
5.680000000000101, -0.5017146494437095 
5.690000000000078, -0.502125214333957 
5.700000000000054, -0.5024275264968673 
5.710000000000031, -0.5026003871645236 
5.720000000000008, -0.5026402040224348 
5.729999999999984, -0.5025543715937707 
5.739999999999961, -0.5023533018249056 
5.749999999999938, -0.5020441293347722 
5.7599999999999145, -0.5016265007085867 
5.769999999999891, -0.5010893456497574 
5.779999999999868, -0.5004070510697333 
5.789999999999845, -0.49953329314159467 
5.799999999999821, -0.49839062073300855 
5.809999999999798, -0.4968545352775874 
5.819999999999775, -0.4947354794741095 
5.829999999999751, -0.4917771582992926 
5.839999999999728, -0.4877153377808062 
5.849999999999705, -0.4824401053727313 
5.8599999999996815, -0.4761991009588182 
5.869999999999658, -0.46962587577717685 
5.879999999999635, -0.46347370621884537 
5.8899999999996115, -0.4582756306385535 
5.899999999999588, -0.4542152334863732 
5.909999999999565, -0.4512142360660446 
5.919999999999542, -0.4490780277027463 
5.929999999999518, -0.4475973575733453 
5.939999999999495, -0.4465939915470562 
5.949999999999472, -0.4459317630869908 
5.959999999999448, -0.4455127416226379 
5.969999999999425, -0.44526929442454 
5.979999999999402, -0.44515650066648993 
5.9899999999993785, -0.4451462739953988 
5.999999999999355, -0.4452233173631523 
6.009999999999332, -0.4453826140260554 
6.019999999999309, -0.44562797217505645 
6.029999999999285, -0.4459709091270284 
6.039999999999262, -0.4464288120046465 
6.049999999999239, -0.44702099735794565 
6.059999999999215, -0.44776142853486434 
6.069999999999192, -0.4486480721203394 
6.079999999999169, -0.44965170808119337 
6.089999999999145, -0.45071071340472624 
6.099999999999122, -0.4517392238732354 
6.109999999999099, -0.4526493550091847 
6.1199999999990755, -0.4533764390856135 
6.129999999999052, -0.45389215100360236 
6.139999999999029, -0.4542002671606995 
6.149999999999006, -0.45432228355587545 
6.159999999998982, -0.4542828682261173 
6.169999999998959, -0.45409997104055344 
6.179999999998936, -0.453779209188114 
6.189999999998912, -0.4533101299649881 
6.199999999998889, -0.4526621255548021 
6.209999999998866, -0.4517788142144644 
6.2199999999988425, -0.4505716266490111 
6.229999999998819, -0.44891740585229867 
6.239999999998796, -0.4466719461144904 
6.2499999999987725, -0.44371670262185586 
6.259999999998749, -0.4400418997572049 
6.269999999998726, -0.43582179009195665 
6.279999999998703, -0.43140080985293905 
6.289999999998679, -0.42716856172302337 
6.299999999998656, -0.42341590807881724 
6.309999999998633, -0.4202742451314572 
6.319999999998609, -0.41774349928064564 
6.329999999998586, -0.41575248285857214 
6.339999999998563, -0.4142083023598648 
6.3499999999985395, -0.4130237741481214 
6.359999999998516, -0.4121282782237955 
6.369999999998493, -0.41146983682350025 
6.37999999999847, -0.41101374402752366 
6.389999999998446, -0.4107405281107229 
6.399999999998423, -0.41064446501506185 
6.4099999999984, -0.4107330838285502 
6.419999999998376, -0.4110277370976691 
6.429999999998353, -0.4115650373620337 
6.43999999999833, -0.41239850781602827 
6.449999999998306, -0.41359884554456683 
6.459999999998283, -0.41524943326676206 
6.46999999999826, -0.41743127086430976 
6.4799999999982365, -0.4201902743423087 
6.489999999998213, -0.42348589424345756 
6.49999999999819, -0.4271411597429672 
6.509999999998167, -0.43084251264327794 
6.519999999998143, -0.4342284178948397 
6.52999999999812, -0.4370273246480029 
6.539999999998097, -0.439140683339412 
6.549999999998073, -0.4406204587711452 
6.55999999999805, -0.4415906448418811 
6.569999999998027, -0.44218076070878876 
6.5799999999980034, -0.4424944466321176 
6.58999999999798, -0.44260310996730884 
6.599999999997957, -0.44254984663492075 
6.6099999999979335, -0.4423551509045847 
6.61999999999791, -0.4420215386729871 
6.629999999997887, -0.44153720953640674 
6.639999999997864, -0.440880408738593 
6.64999999999784, -0.4400269283854429 
6.659999999997817, -0.4389625337531019 
6.669999999997794, -0.43769847676112983 
6.67999999999777, -0.43628223086694284 
6.689999999997747, -0.43479330609214034 
6.699999999997724, -0.4333223296133453 
6.7099999999977005, -0.43194504477235085 
6.719999999997677, -0.4307063052154512 
6.729999999997654, -0.429619375711041 
6.7399999999976306, -0.42867532529397795 
6.749999999997607, -0.42785472926512125 
6.759999999997584, -0.42713690770154217 
6.769999999997561, -0.4265054820336346 
6.779999999997537, -0.42595105487173957 
6.789999999997514, -0.4254724404807367 
6.799999999997491, -0.42507774105066093 
6.809999999997467, -0.42478621093128954 
6.819999999997444, -0.42463156949707975 
6.829999999997421, -0.42466725852760534 
6.8399999999973975, -0.4249739119080337 
6.849999999997374, -0.42566854790036013 
6.859999999997351, -0.4269127351427017 
6.869999999997328, -0.42891155533594033 
6.879999999997304, -0.43188526018914575 
6.889999999997281, -0.43598595735858325 
6.899999999997258, -0.4411471127166949 
6.909999999997234, -0.4469363553998228 
6.919999999997211, -0.45259729915539904 
6.929999999997188, -0.4573855247270873 
6.939999999997164, -0.46094444024099934 
6.949999999997141, -0.4633583812815799 
6.959999999997118, -0.46492350145712563 
6.9699999999970945, -0.4659298230547907 
6.979999999997071, -0.4665808372787404 
6.989999999997048, -0.4670001481953358 
6.999999999997025, -0.46725913593857243 
7.009999999997001, -0.46739877663950846 
7.019999999996978, -0.46744235978038196 
7.029999999996955, -0.4674021354416628 
7.039999999996931, -0.4672828759924412 
7.049999999996908, -0.46708433637846447 
7.059999999996885, -0.46680391667576604 
7.0699999999968615, -0.4664403100278829 
7.079999999996838, -0.4659980698262637 
7.089999999996815, -0.4654916449896616 
7.0999999999967915, -0.4649462661921494 
7.109999999996768, -0.4643937205070712 
7.119999999996745, -0.46386402796215576 
7.129999999996722, -0.46337704847050176 
7.139999999996698, -0.46293819260093044 
7.149999999996675, -0.4625397316094303 
7.159999999996652, -0.4621661758044125 
7.169999999996628, -0.4618006936533243 
7.179999999996605, -0.46142991166261355 
7.189999999996582, -0.46104602781961984 
7.1999999999965585, -0.46064682388719563 
7.209999999996535, -0.4602349368704079 
7.219999999996512, -0.45981761203327026 
7.229999999996489, -0.45940768142786903 
7.239999999996465, -0.45902614510660583 
7.249999999996442, -0.45870649255328166 
7.259999999996419, -0.45850040610275206 
7.269999999996395, -0.45848292845599603 
7.279999999996372, -0.4587512240741316 
7.289999999996349, -0.4594037229239233 
7.299999999996325, -0.4604799774352187 
7.309999999996302, -0.4618571921517911 
7.319999999996279, -0.4631721286415802 
7.3299999999962555, -0.46392603156102374 
7.339999999996232, -0.46381465079077966 
7.349999999996209, -0.46297254834871115 
7.359999999996186, -0.46182688143117234 
7.369999999996162, -0.4607641537722751 
7.379999999996139, -0.45996587123959853 
7.389999999996116, -0.45944570906106874 
7.399999999996092, -0.4591423243505076 
7.409999999996069, -0.4589821855061332 
7.419999999996046, -0.458905066585792 
7.4299999999960225, -0.4588686503113104 
7.439999999995999, -0.4588453915860706 
7.449999999995976, -0.4588179980312481 
7.4599999999959525, -0.45877581688920543 
7.469999999995929, -0.4587127092533659 
7.479999999995906, -0.45862641340206195 
7.489999999995883, -0.45851911733743905 
7.499999999995859, -0.4583985530508251 
7.509999999995836, -0.45827838037584334 
7.519999999995813, -0.45817641596495823 
7.529999999995789, -0.4581100163681673 
7.539999999995766, -0.458089628543771 
7.549999999995743, -0.4581131583922463 
7.5599999999957195, -0.4581641652667757 
7.569999999995696, -0.4582154550595089 
7.579999999995673, -0.45823683183018094 
7.58999999999565, -0.4582032085903033 
7.599999999995626, -0.45809917953786056 
7.609999999995603, -0.4579187811837094 
7.61999999999558, -0.4576620330486233 
7.629999999995556, -0.4573306964011564 
7.639999999995533, -0.4569247400022844 
7.64999999999551, -0.4564396926275749 
7.659999999995486, -0.455864183683392 
7.669999999995463, -0.4551763942248499 
7.67999999999544, -0.4543373950894284 
7.6899999999954165, -0.4532782424180378 
7.699999999995393, -0.4518774320627673 
7.70999999999537, -0.44993126483388224 
7.719999999995347, -0.44714338933262826 
7.729999999995323, -0.443201390055785 
7.7399999999953, -0.4379978453442052 
7.749999999995277, -0.431874076134528 
7.759999999995253, -0.4255799399158232 
7.76999999999523, -0.4198917303196798 
7.779999999995207, -0.41526008718310975 
7.789999999995183, -0.4117609527892621 
7.79999999999516, -0.4092450975059534 
7.809999999995137, -0.4074925728544508 
7.8199999999951135, -0.4062981329615115 
7.82999999999509, -0.40550020602268655 
7.839999999995067, -0.40498200481634106 
7.849999999995044, -0.40466334914140417 
7.85999999999502, -0.40449151318620336 
7.869999999994997, -0.40443385721371683 
7.879999999994974, -0.4044727153911074 
7.88999999999495, -0.40460225266577865 
7.899999999994927, -0.40482677583773236 
7.909999999994904, -0.4051598121551335 
7.9199999999948805, -0.4056229578602034 
7.929999999994857, -0.406243058350377 
7.939999999994834, -0.407045965916054 
7.9499999999948106, -0.40804553894311946 
7.959999999994787, -0.4092287256070895 
7.969999999994764, -0.41054227238734403 
7.979999999994741, -0.41189162627838777 
7.989999999994717, -0.4131605899979722 
7.999999999994694, -0.41424604672299337 
8.00999999999467, -0.4150869777763056 
8.019999999994647, -0.41567063986539826 
8.029999999994624, -0.41601812738751054 
8.0399999999946, -0.4161637654942442 
8.049999999994577, -0.4161393313118304 
8.059999999994554, -0.4159654400676501 
8.06999999999453, -0.41564761079513096 
8.079999999994508, -0.415174012296221 
8.089999999994484, -0.41451322598983975 
8.099999999994461, -0.41361232447196705 
8.109999999994438, -0.41239833422599376 
8.119999999994414, -0.41078970419219685 
8.129999999994391, -0.4087256087083497 
8.139999999994368, -0.40621168944747954 
8.149999999994344, -0.40335757723359206 
8.159999999994321, -0.400366954811044 
8.169999999994298, -0.39747095734100163 
8.179999999994275, -0.3948497068700162 
8.189999999994251, -0.39259419301265586 
8.199999999994228, -0.3907163249736974 
8.209999999994205, -0.3891809411299049 
8.219999999994181, -0.3879354522284558 
8.229999999994158, -0.3869283746692875 
8.239999999994135, -0.3861180627619779 
8.249999999994111, -0.38547561910668493 
8.259999999994088, -0.3849852944432897 
8.269999999994065, -0.3846444305860194 
8.279999999994041, -0.38446407372723207 
8.289999999994018, -0.38447087886971926 
8.299999999993995, -0.3847106783736488 
8.309999999993972, -0.38525384851633887 
8.319999999993948, -0.38620198065957523 
8.329999999993925, -0.38769361878597214 
8.339999999993902, -0.38990275003426317 
8.349999999993878, -0.3930163094624408 
8.359999999993855, -0.3971692776321164 
8.369999999993832, -0.4023248067967226 
8.379999999993808, -0.4081441329986387 
8.389999999993785, -0.41398447222655943 
8.399999999993762, -0.4191378062076853 
8.409999999993738, -0.42316587370334846 
8.419999999993715, -0.4260263603923491 
8.429999999993692, -0.4279335731743797 
8.439999999993669, -0.4291606851471171 
8.449999999993645, -0.42993183560168 
8.459999999993622, -0.4304002684679902 
8.469999999993599, -0.4306621244515725 
8.479999999993575, -0.43077498138942494 
8.489999999993552, -0.43077164171178384 
8.499999999993529, -0.43066883084725066 
8.509999999993505, -0.43047268572469966 
8.519999999993482, -0.4301829483396321 
8.529999999993459, -0.4297973746293232 
8.539999999993436, -0.42931714098478346 
8.549999999993412, -0.42875263165284405 
8.559999999993389, -0.4281271571047629 
8.569999999993366, -0.42747546885959614 
8.579999999993342, -0.4268361680653571 
8.589999999993319, -0.4262412300037443 
8.599999999993296, -0.42570800240055523 
8.609999999993272, -0.42523715020094877 
8.619999999993249, -0.42481632759074694 
8.629999999993226, -0.42442685274252023 
8.639999999993202, -0.42405019831575974 
8.64999999999318, -0.4236721620561493 
8.659999999993156, -0.42328427983123496 
8.669999999993133, -0.42288339648099826 
8.67999999999311, -0.42247073064732116 
8.689999999993086, -0.42205145245292564 
8.699999999993063, -0.4216352799126371 
8.70999999999304, -0.4212381815940992 
8.719999999993016, -0.42088479953997826 
8.729999999992993, -0.42061011527392606 
8.73999999999297, -0.42045618708977983 
8.749999999992946, -0.4204545415716449 
8.759999999992923, -0.4205793004103458 
8.7699999999929, -0.4206654039176069 
8.779999999992876, -0.4203433749738411 
8.789999999992853, -0.4191360238685321 
8.79999999999283, -0.41679930452873826 
8.809999999992806, -0.413619677747832 
8.819999999992783, -0.4102581400652675 
8.82999999999276, -0.40730216371588374 
8.839999999992736, -0.4050161613262732 
8.849999999992713, -0.40339316902567024 
8.85999999999269, -0.4023034565408515 
8.869999999992666, -0.4015989654982614 
8.879999999992643, -0.4011568880817006 
8.88999999999262, -0.4008882165936424 
8.899999999992596, -0.40073298168598337 
8.909999999992573, -0.40065280404531467 
8.91999999999255, -0.4006245627095688 
8.929999999992527, -0.4006360472321324 
8.939999999992503, -0.40068345726117627 
8.94999999999248, -0.400770296488077 
8.959999999992457, -0.40090698806677744 
8.969999999992433, -0.4011102262464572 
8.97999999999241, -0.4014007912632415 
8.989999999992387, -0.40179863858676124 
8.999999999992363, -0.4023149142217039 
9.00999999999234, -0.4029423622930282 
9.019999999992317, -0.4036481402047681 
9.029999999992294, -0.40437475562706177 
9.03999999999227, -0.405052431919198 
9.049999999992247, -0.4056185969278623 
9.059999999992224, -0.4060336151761314 
9.0699999999922, -0.40628445943219915 
9.079999999992177, -0.4063773493868729 
9.089999999992154, -0.40632632033923305 
9.09999999999213, -0.40614340164710533 
9.109999999992107, -0.40583195056667104 
9.119999999992084, -0.4053819608209633 
9.12999999999206, -0.4047655150026025 
9.139999999992037, -0.4039311600240277 
9.149999999992014, -0.40279769352542943 
9.15999999999199, -0.4012516453055559 
9.169999999991967, -0.399159448404777 
9.179999999991944, -0.3964105368866956 
9.18999999999192, -0.3929950202606356 
9.199999999991897, -0.38907500514659243 
9.209999999991874, -0.38497236722920203 
9.21999999999185, -0.38105066368848345 
9.229999999991827, -0.37757877421783975 
9.239999999991804, -0.3746743263272207 
9.24999999999178, -0.3723318363735614 
9.259999999991757, -0.3704808576072171 
9.269999999991734, -0.36903276565539234 
9.27999999999171, -0.3679062258548013 
9.289999999991688, -0.36703698781966454 
9.299999999991664, -0.3663796051507375 
9.309999999991641, -0.3659061849608865 
9.319999999991618, -0.3656048312563783 
9.329999999991594, -0.36547899532067507 
9.339999999991571, -0.36554826113981365 
9.349999999991548, -0.36585079905275614 
9.359999999991524, -0.36644747769596175 
9.369999999991501, -0.3674270380873321 
9.379999999991478, -0.36891016945974464 
9.389999999991455, -0.37104680345311725 
9.399999999991431, -0.37399479111287465 
9.409999999991408, -0.3778623550533085 
9.419999999991385, -0.3826056113511737 
9.429999999991361, -0.3879211323536888 
9.439999999991338, -0.393248211144991 
9.449999999991315, -0.39797023900192796 
9.459999999991291, -0.401695544839855 
9.469999999991268, -0.4043696754415166 
9.479999999991245, -0.406166915110164 
9.489999999991221, -0.407324318187633 
9.499999999991198, -0.40804415505842373 
9.509999999991175, -0.40846896904760943 
9.519999999991152, -0.40869003197933784 
9.529999999991128, -0.4087623820750064 
9.539999999991105, -0.4087169693808722 
9.549999999991082, -0.40856880881096974 
9.559999999991058, -0.40832252918675327 
9.569999999991035, -0.4079770491102246 
9.579999999991012, -0.4075307808755227 
9.589999999990988, -0.4069878264753111 
9.599999999990965, -0.40636387448330585 
9.609999999990942, -0.4056886730296503 
9.619999999990918, -0.4050021383479646 
9.629999999990895, -0.40434460730731087 
9.639999999990872, -0.4037459416656627 
9.649999999990849, -0.4032189332650945 
9.659999999990825, -0.40275929982882097 
9.669999999990802, -0.40235086759122457 
9.679999999990779, -0.4019727682702678 
9.689999999990755, -0.40160563852484465 
9.699999999990732, -0.40123512720055343 
9.709999999990709, -0.40085267431564164 
9.719999999990685, -0.4004546528132534 
9.729999999990662, -0.40004115311141925 
9.739999999990639, -0.39961524853443325 
9.749999999990616, -0.39918301041361526 
9.759999999990592, -0.3987540158132036 
9.769999999990569, -0.3983413307945769 
9.779999999990546, -0.39795828843450204 
9.789999999990522, -0.39760596137159643 
9.799999999990499, -0.3972405386251804 
9.809999999990476, -0.3967115463158864 
9.819999999990452, -0.395694372412031 
9.829999999990429, -0.3937237336459867 
9.839999999990406, -0.3904646201864908 
9.849999999990382, -0.38609215071596786 
9.85999999999036, -0.3813142202158867 
9.869999999990336, -0.3769204013143696 
9.879999999990313, -0.3733666498847584 
9.88999999999029, -0.37073062641692456 
9.899999999990266, -0.3688785674111814 
9.909999999990243, -0.36761968606939227 
9.91999999999022, -0.3667828596348545 
9.929999999990196, -0.3662385009664614 
9.939999999990173, -0.3658965083971938 
9.94999999999015, -0.365697636354316 
9.959999999990126, -0.36560514970379093 
9.969999999990103, -0.3655986638888652 
9.97999999999008, -0.3656702586152697 
9.989999999990056, -0.365822419864722 
9.999999999990033, -0.3660671802774247 
10.00999999999001, -0.3664255939590944 
10.019999999989986, -0.3669262859264093 
10.029999999989963, -0.3676013654178121 
10.03999999998994, -0.3684778596629388 
10.049999999989916, -0.36956382413232525 
10.059999999989893, -0.37083169495415136 
10.06999999998987, -0.3722074668055483 
10.079999999989846, -0.3735780840694772 
10.089999999989823, -0.37482155428911706 
10.0999999999898, -0.37584513369118694 
10.109999999989776, -0.3766071633033341 
10.119999999989753, -0.3771124138057168 
10.12999999998973, -0.37739168138564255 
10.139999999989707, -0.37748140627108995 
10.149999999989683, -0.3774107888505023 
10.15999999998966, -0.3771958024824652 
10.169999999989637, -0.3768368666712272 
10.179999999989613, -0.3763177633302466 
10.18999999998959, -0.37560527539347677 
10.199999999989567, -0.3746512893276859 
10.209999999989543, -0.3734015017603537 
10.21999999998952, -0.37181553735552875 
10.229999999989497, -0.3698975869047866 
10.239999999989474, -0.36772246588669816 
10.24999999998945, -0.36543199180345376 
10.259999999989427, -0.3631928616000094 
10.269999999989404, -0.36114175917058045 
10.27999999998938, -0.35935367857248696 
10.289999999989357, -0.35784399478118994 
10.299999999989334, -0.35658943957501366 
10.30999999998931, -0.35555035509847727 
10.319999999989287, -0.35468605355885596 
10.329999999989264, -0.35396286091373275 
10.33999999998924, -0.3533572870703319 
10.349999999989217, -0.35285686841118713 
10.359999999989194, -0.3524605324515337 
10.36999999998917, -0.3521796762357373 
10.379999999989147, -0.3520407477547704 
10.389999999989124, -0.3520899295276768 
10.3999999999891, -0.35240032152964085 
10.409999999989077, -0.353081283120872 
10.419999999989054, -0.35428715142730344 
10.42999999998903, -0.3562161824237034 
10.439999999989007, -0.359077995435521 
10.449999999988984, -0.36299458325714673 
10.45999999998896, -0.36782045385311607 
10.469999999988937, -0.3729845074087929 
10.479999999988914, -0.3776096877661653 
10.48999999998889, -0.38099661804651197 
10.499999999988868, -0.38302616514844445 
10.509999999988844, -0.38404906514254844 
10.519999999988821, -0.384507027845711 
10.529999999988798, -0.3847072152766376 
10.539999999988774, -0.38480517816117576 
10.549999999988751, -0.38486307048390306 
10.559999999988728, -0.3849000090284849 
10.569999999988704, -0.38491917000701126 
10.579999999988681, -0.3849192383067102 
10.589999999988658, -0.38489842941994945 
10.599999999988635, -0.3848557621201359 
10.609999999988611, -0.3847917500152648 
10.619999999988588, -0.3847093990011644 
10.629999999988565, -0.384615680799256 
10.639999999988541, -0.3845230216826913 
10.649999999988518, -0.38444972996134413 
10.659999999988495, -0.38441806184944893 
10.669999999988471, -0.3844492789932673 
10.679999999988448, -0.38455652623875836 
10.689999999988425, -0.384737918954403 
10.699999999988401, -0.38497308357701887 
10.709999999988378, -0.38522587540277076 
10.719999999988355, -0.3854533953315409 
10.729999999988332, -0.38561745484414084 
10.739999999988308, -0.3856926374028467 
10.749999999988285, -0.38566757283517966 
10.759999999988262, -0.3855405891538539 
10.769999999988238, -0.38531320701148974 
10.779999999988215, -0.38498403941313974 
10.789999999988192, -0.3845436172613378 
10.799999999988168, -0.38396920344861907 
10.809999999988145, -0.38321807665538005 
10.819999999988122, -0.38221794829585864 
10.829999999988098, -0.38085486620973147 
10.839999999988075, -0.37896460896429446 
10.849999999988052, -0.37634601771926846 
10.859999999988029, -0.3728273686403162 
10.869999999988005, -0.36839625926321085 
10.879999999987982, -0.3633162754343356 
10.889999999987959, -0.3580872105466089 
10.899999999987935, -0.35323028897313047 
10.909999999987912, -0.3490806392710068 
10.919999999987889, -0.3457379314738388 
10.929999999987865, -0.3431407377463752 
10.939999999987842, -0.3411609910475499 
10.949999999987819, -0.3396653681631325 
10.959999999987796, -0.33854206108701157 
10.969999999987772, -0.3377073315367905 
10.979999999987749, -0.3371036672945785 
10.989999999987726, -0.3366958747096141 
10.999999999987702, -0.3364678158202771 
11.009999999987679, -0.33642075756317796 
11.019999999987656, -0.33657362425947424 
11.029999999987632, -0.3369652020620359 
11.039999999987609, -0.33765809690169346 
11.049999999987586, -0.33874353375116006 
11.059999999987562, -0.3403441839759984 
11.06999999998754, -0.34260810195437813 
11.079999999987516, -0.3456803287210342 
11.089999999987493, -0.3496348964524301 
11.09999999998747, -0.35436710831156704 
11.109999999987446, -0.35950621026808754 
11.119999999987423, -0.36447069546209876 
11.1299999999874, -0.3687083256446136 
11.139999999987376, -0.3719409576750648 
11.149999999987353, -0.3742009081353467 
11.15999999998733, -0.37568996300728996 
11.169999999987306, -0.37663246264733735 
11.179999999987283, -0.3772057825218278 
11.18999999998726, -0.37753016523117566 
11.199999999987236, -0.37768081965211475 
11.209999999987213, -0.37770219879823363 
11.21999999998719, -0.3776186795593352 
11.229999999987166, -0.3774417475452311 
11.239999999987143, -0.37717526134747537 
11.24999999998712, -0.3768203410725794 
11.259999999987096, -0.3763807767765166 
11.269999999987073, -0.37586855616095954 
11.27999999998705, -0.3753074211210962 
11.289999999987026, -0.3747316388623242 
11.299999999987003, -0.3741790180531154 
11.30999999998698, -0.3736808843498546 
11.319999999986956, -0.3732538891821695 
11.329999999986933, -0.37289717003581346 
11.33999999998691, -0.37259524051879134 
11.349999999986887, -0.3723245707838446 
11.359999999986863, -0.3720608386771193 
11.36999999998684, -0.37178415778669244 
11.379999999986817, -0.37148102845750797 
11.389999999986793, -0.3711434836070873 
11.39999999998677, -0.37076680335015655 
11.409999999986747, -0.3703469623951583 
11.419999999986723, -0.3698781920326073 
11.4299999999867, -0.36935019822057547 
11.439999999986677, -0.36874369569630144 
11.449999999986654, -0.36802166096439703 
11.45999999998663, -0.3671119605446357 
11.469999999986607, -0.3658765513245731 
11.479999999986584, -0.3640711090910382 
11.48999999998656, -0.3613329605382934 
11.499999999986537, -0.3572903365221217 
11.509999999986514, -0.3518527200271234 
11.51999999998649, -0.3454794638452213 
11.529999999986467, -0.339044638956432 
11.539999999986444, -0.33334788900611534 
11.54999999998642, -0.3287769107331917 
11.559999999986397, -0.3253368147711581 
11.569999999986374, -0.32284155098008105 
11.57999999998635, -0.32106605121033044 
11.589999999986327, -0.3198162385631694 
11.599999999986304, -0.3189465782642074 
11.60999999998628, -0.3183560023915052 
11.619999999986257, -0.317978498720731 
11.629999999986234, -0.31777459799936625 
11.63999999998621, -0.31772542378703555 
11.649999999986187, -0.31782935636812326 
11.659999999986164, -0.31810092884860913 
11.66999999998614, -0.3185714347565305 
11.679999999986117, -0.3192904209844098 
11.689999999986094, -0.3203264015261146 
11.69999999998607, -0.3217633770677043 
11.709999999986048, -0.32368704121347425 
11.719999999986024, -0.32615271715052485 
11.729999999986001, -0.32913262554807965 
11.739999999985978, -0.33246266743040553 
11.749999999985954, -0.3358406374032032 
11.759999999985931, -0.3389177723940283 
11.769999999985908, -0.3414390125489641 
11.779999999985884, -0.34332117115364014 
11.789999999985861, -0.3446232692858626 
11.799999999985838, -0.3454667017825233 
11.809999999985815, -0.34597278975138734 
11.819999999985791, -0.3462360042615454 
11.829999999985768, -0.3463204027862461 
11.839999999985745, -0.34626479202028226 
11.849999999985721, -0.3460891502125719 
11.859999999985698, -0.34580020616293083 
11.869999999985675, -0.3453965917814001 
11.879999999985651, -0.3448747759942231 
11.889999999985628, -0.3442365312926554 
11.899999999985605, -0.34349684821289794 
11.909999999985581, -0.3426886381155704 
11.919999999985558, -0.3418598663519518 
11.929999999985535, -0.3410624777886681 
11.939999999985512, -0.34033838863937527 
11.949999999985488, -0.33970984448874986 
11.959999999985465, -0.33917771740033903 
11.969999999985442, -0.33872637145301254 
11.979999999985418, -0.3383315190283761 
11.989999999985395, -0.3379677514172671 
11.999999999985372, -0.3376136226547981 
12.009999999985348, -0.3372536261566778 
12.019999999985325, -0.3368776887611062 
12.029999999985302, -0.33647937652813303 
12.039999999985278, -0.3360537643509699 
12.049999999985255, -0.33559524303134614 
12.059999999985232, -0.33509473452513705 
12.069999999985209, -0.3345347753304629 
12.079999999985185, -0.3338793305200015 
12.089999999985162, -0.33305296214922114 
12.099999999985139, -0.3319035768323741 
12.109999999985115, -0.33015491325083723 
12.119999999985092, -0.3273992882840744 
12.129999999985069, -0.323244065171347 
12.139999999985045, -0.317655444949447 
12.149999999985022, -0.31121050140587714 
12.159999999984999, -0.3048549285295024 
12.169999999984976, -0.2993565068327947 
12.179999999984952, -0.2950225413629278 
12.189999999984929, -0.29179664100146563 
12.199999999984906, -0.28946764642137585 
12.209999999984882, -0.2878097124234901 
12.219999999984859, -0.28663813971917596 
12.229999999984836, -0.28581892922852464 
12.239999999984812, -0.2852616829963923 
12.249999999984789, -0.2849097036731766 
12.259999999984766, -0.28473204171861166 
12.269999999984742, -0.2847185222886836 
12.27999999998472, -0.28487762761316 
12.289999999984696, -0.2852368709855726 
12.299999999984673, -0.2858451851551177 
12.30999999998465, -0.28677635978173016 
12.319999999984626, -0.2881311061107468 
12.329999999984603, -0.29003209968287547 
12.33999999998458, -0.29260115418250165 
12.349999999984556, -0.2959044511172122 
12.359999999984533, -0.29986483587610147 
12.36999999998451, -0.3041876372711441 
12.379999999984486, -0.308397943052446 
12.389999999984463, -0.3120295545366294 
12.39999999998444, -0.3148296983236301 
12.409999999984416, -0.31680323179528413 
12.419999999984393, -0.318106635388836 
12.42999999998437, -0.3189259812592561 
12.439999999984346, -0.3194136497763192 
12.449999999984323, -0.3196752974926378 
12.4599999999843, -0.31977790582625754 
12.469999999984276, -0.3197613693599545 
12.479999999984253, -0.3196478867886109 
12.48999999998423, -0.3194488070737726 
12.499999999984206, -0.31917010973388654 
12.509999999984183, -0.3188176395766992 
12.51999999998416, -0.3184023596746735 
12.529999999984136, -0.31794449825081156 
12.539999999984113, -0.3174743421731555 
12.54999999998409, -0.3170279806965869 
12.559999999984067, -0.3166389146876708 
12.569999999984043, -0.3163290956310505 
12.57999999998402, -0.3161032202536125 
12.589999999983997, -0.31594821942356033 
12.599999999983973, -0.31583775797274705 
12.60999999998395, -0.31573993225692576 
12.619999999983927, -0.31562514029124467 
12.629999999983903, -0.3154710795602557 
12.63999999998388, -0.31526353750151315 
12.649999999983857, -0.31499381860930387 
12.659999999983834, -0.3146545707441199 
12.66999999998381, -0.31423518744719653 
12.679999999983787, -0.3137167883488535 
12.689999999983764, -0.31306576688330046 
12.69999999998374, -0.31222430565777093 
12.709999999983717, -0.31109661791621274 
12.719999999983694, -0.3095330681443478 
12.72999999998367, -0.3073252360024514 
12.739999999983647, -0.3042448647174101 
12.749999999983624, -0.30016452947652084 
12.7599999999836, -0.2952268421418292 
12.769999999983577, -0.2898984137213495 
12.779999999983554, -0.28478169151981436 
12.78999999998353, -0.28033211168317096 
12.799999999983507, -0.27672990427805266 
12.809999999983484, -0.27393875842766313 
12.81999999998346, -0.27182267268423155 
12.829999999983437, -0.27022996524553716 
12.839999999983414, -0.2690314658762984 
12.84999999998339, -0.2681304591800079 
12.859999999983367, -0.2674608016403721 
12.869999999983344, -0.2669821087552777 
12.87999999998332, -0.26667575041069375 
12.889999999983297, -0.2665429908063818 
12.899999999983274, -0.26660577108599687 
12.90999999998325, -0.2669104606609156 
12.919999999983228, -0.26753481032665516 
12.929999999983204, -0.26859764897581534 
12.939999999983181, -0.2702682225611447 
12.949999999983158, -0.27276482079825076 
12.959999999983134, -0.27631757156323944 
12.969999999983111, -0.28105449957419454 
12.979999999983088, -0.2867955659245145 
12.989999999983064, -0.2928815506014214 
12.999999999983041, -0.2983336692300511 
13.009999999983018, -0.30240129732461524 
13.019999999982995, -0.3049654101240345 
13.029999999982971, -0.3063864740097246 
13.039999999982948, -0.3071159181018662 
13.049999999982925, -0.3074803719577207 
13.059999999982901, -0.3076631367731059 
13.069999999982878, -0.30775398027778156 
13.079999999982855, -0.3077941063938405 
13.089999999982831, -0.30780235052375216 
13.099999999982808, -0.3077880568293875 
13.109999999982785, -0.3077571194296555 
13.119999999982761, -0.3077151301987569 
13.129999999982738, -0.30766958170561154 
13.139999999982715, -0.30763186726359726 
13.149999999982692, -0.30761898307798696 
13.159999999982668, -0.3076541654991417 
13.169999999982645, -0.30776533491761826 
13.179999999982622, -0.30798044540703257 
13.189999999982598, -0.30831970704868755 
13.199999999982575, -0.30878602676813477 
13.209999999982552, -0.3093569338875343 
13.219999999982528, -0.3099831273001247 
13.229999999982505, -0.3105978710457069 
13.239999999982482, -0.3111352300212797 
13.249999999982458, -0.3115475835515099 
13.259999999982435, -0.31181278012032754 
13.269999999982412, -0.3119295511132319 
13.279999999982389, -0.31190708190263167 
13.289999999982365, -0.311754950279467 
13.299999999982342, -0.31147595355814306 
13.309999999982319, -0.31106138663727434 
13.319999999982295, -0.31048757466606947 
13.329999999982272, -0.30971337693194345 
13.339999999982249, -0.3086805311181117 
13.349999999982225, -0.30732180146647925 
13.359999999982202, -0.3055836825009682 
13.369999999982179, -0.3034644232059899 
13.379999999982156, -0.3010493388197109 
13.389999999982132, -0.29850900559736476 
13.399999999982109, -0.29604552103917625 
13.409999999982086, -0.2938209683049407 
13.419999999982062, -0.29191792174857395 
13.429999999982039, -0.2903451380928347 
13.439999999982016, -0.2890662932428001 
13.449999999981992, -0.28802800081588775 
13.459999999981969, -0.28717770447559476 
13.469999999981946, -0.2864721624977659 
13.479999999981922, -0.2858801348507173 
13.4899999999819, -0.2853824178679255 
13.499999999981876, -0.2849712849006313 
13.509999999981853, -0.2846505505628226 
13.51999999998183, -0.2844369671757966 
13.529999999981806, -0.2843633390756411 
13.539999999981783, -0.2844832642077998 
13.54999999998176, -0.28487601312895505 
13.559999999981736, -0.2856460709204478 
13.569999999981713, -0.28690263609497113 
13.57999999998169, -0.2886900293370491 
13.589999999981666, -0.2908410171179635 
13.599999999981643, -0.29280960018012026 
13.60999999998162, -0.2937404603073089 
13.619999999981596, -0.293011178396157 
13.629999999981573, -0.290807201416562 
13.63999999998155, -0.287952491150329 
13.649999999981526, -0.28523483211488265 
13.659999999981503, -0.2830401651679056 
13.66999999998148, -0.2814219837610892 
13.679999999981456, -0.2802859652015995 
13.689999999981433, -0.27950979550688 
13.69999999998141, -0.2789904561874779 
13.709999999981386, -0.27865402708568493 
13.719999999981363, -0.2784523942067376 
13.72999999998134, -0.2783575761036458 
13.739999999981316, -0.2783572124378078 
13.749999999981293, -0.2784519625206923 
13.75999999998127, -0.27865464984826493 
13.769999999981247, -0.27899064947359886 
13.779999999981223, -0.27949865841934607 
13.7899999999812, -0.2802303250491843 
13.799999999981177, -0.28124609000348955 
13.809999999981153, -0.2826032126136905 
13.81999999998113, -0.2843318583374411 
13.829999999981107, -0.2864004931382119 
13.839999999981083, -0.28868676893846196 
13.84999999998106, -0.29098544943630744 
13.859999999981037, -0.2930710009394462 
13.869999999981014, -0.29478125388902987 
13.87999999998099, -0.29606027080962466 
13.889999999980967, -0.29693984928837547 
13.899999999980944, -0.2974927293374707 
13.90999999998092, -0.29779445519400394 
13.919999999980897, -0.29790508996431553 
13.929999999980874, -0.2978650145186218 
13.93999999998085, -0.2976969282120311 
13.949999999980827, -0.29740964591324226 
13.959999999980804, -0.2970024976861342 
13.96999999998078, -0.29647086473195083 
13.979999999980757, -0.2958136644476493 
13.989999999980734, -0.2950422129499495 
13.99999999998071, -0.29418708646193603 
14.009999999980687, -0.2932977462928213 
14.019999999980664, -0.2924324081521617 
14.02999999998064, -0.2916424100327807 
14.039999999980617, -0.29095948427446156 
14.049999999980594, -0.29039140963818366 
14.05999999998057, -0.2899255553582602 
14.069999999980547, -0.28953663199532903 
14.079999999980524, -0.28919506483302204 
14.0899999999805, -0.2888735438138307 
14.099999999980477, -0.28855048981879816 
14.109999999980454, -0.2882104255635245 
14.11999999998043, -0.287842180149361 
14.129999999980408, -0.28743600645722683 
14.139999999980384, -0.28698011917951705 
14.149999999980361, -0.2864562629346827 
14.159999999980338, -0.28583289642714016 
14.169999999980314, -0.2850534220388984 
14.179999999980291, -0.2840161232511565 
14.189999999980268, -0.28254516101801347 
14.199999999980244, -0.2803668802576725 
14.209999999980221, -0.27714227602626 
14.219999999980198, -0.2726334056421104 
14.229999999980175, -0.2669775509437299 
14.239999999980151, -0.2607962930930234 
14.249999999980128, -0.2549066513046304 
14.259999999980105, -0.24989201665594848 
14.269999999980081, -0.2459417277676891 
14.279999999980058, -0.24296731309951172 
14.289999999980035, -0.24077391779983653 
14.299999999980011, -0.2391660003537625 
14.309999999979988, -0.23798699992301958 
14.319999999979965, -0.2371247156634518 
14.329999999979941, -0.23650495681758793 
14.339999999979918, -0.2360837584788323 
14.349999999979895, -0.23584173775322675 
14.359999999979872, -0.2357815233723357 
14.369999999979848, -0.23592846728785158 
14.379999999979825, -0.2363348029351755 
14.389999999979802, -0.2370873361698432 
14.399999999979778, -0.23831779707119635 
14.409999999979755, -0.2402114026916688 
14.419999999979732, -0.24299970784134084 
14.429999999979708, -0.24690597806069162 
14.439999999979685, -0.2519984466431578 
14.449999999979662, -0.25796015062520744 
14.459999999979638, -0.2639730349305656 
14.469999999979615, -0.26902900501317384 
14.479999999979592, -0.2725415637965463 
14.489999999979569, -0.27459774231685957 
14.499999999979545, -0.2756521287975925 
14.509999999979522, -0.27614614401381044 
14.519999999979499, -0.2763639198777707 
14.529999999979475, -0.27645349056478685 
14.539999999979452, -0.2764834534734603 
14.549999999979429, -0.27648392960737367 
14.559999999979405, -0.27646846079650816 
14.569999999979382, -0.2764443791450172 
14.579999999979359, -0.2764177169028858 
14.589999999979335, -0.27639596903603025 
14.599999999979312, -0.27639020786427965 
14.609999999979289, -0.2764169637121433 
14.619999999979266, -0.2764995181919482 
14.629999999979242, -0.2766676870321033 
14.639999999979219, -0.27695492170982344 
14.649999999979196, -0.2773917698991983 
14.659999999979172, -0.2779955246708635 
14.669999999979149, -0.2787577664518962 
14.679999999979126, -0.27963499378820755 
14.689999999979102, -0.2805505926740176 
14.69999999997908, -0.28141303135235063 
14.709999999979056, -0.28214323424030424 
14.719999999979033, -0.2826947354226936 
14.72999999997901, -0.28305603716645605 
14.739999999978986, -0.28323898662614005 
14.749999999978963, -0.28326380849039695 
14.75999999997894, -0.28314785965865835 
14.769999999978916, -0.2828993331521862 
14.779999999978893, -0.2825143669697394 
14.78999999997887, -0.28197618692412396 
14.799999999978846, -0.281256453651284 
14.809999999978823, -0.28032085474924234 
14.8199999999788, -0.2791419223470778 
14.829999999978776, -0.27771940561488473 
14.839999999978753, -0.27610019343220443 
14.84999999997873, -0.2743813877761495 
14.859999999978706, -0.2726860720596948 
14.869999999978683, -0.27112363697115394 
14.87999999997866, -0.26976046862081887 
14.889999999978636, -0.26861483821697457 
14.899999999978613, -0.267669613982521 
14.90999999997859, -0.26688959723988326 
14.919999999978566, -0.2662353141117409 
14.929999999978543, -0.26567124785325746 
14.93999999997852, -0.2651694420568526 
14.949999999978496, -0.26471010005847667 
14.959999999978473, -0.2642806662759284 
14.96999999997845, -0.2638744512959993 
14.979999999978427, -0.26348930779242735 
14.989999999978403, -0.2631262073897327 
14.99999999997838, -0.262786618610019 
15.009999999978357, -0.2624657962401794 
15.019999999978333, -0.2621356638319533 
15.02999999997831, -0.26170628031755083 
15.039999999978287, -0.2609566248155787 
15.049999999978263, -0.2594611091639041 
15.05999999997824, -0.2566388300331802 
15.069999999978217, -0.2521043485521227 
15.079999999978194, -0.24616158744193362 
15.08999999997817, -0.23979882314371057 
15.099999999978147, -0.2340403551085073 
15.109999999978124, -0.22941322845153528 
15.1199999999781, -0.2259536848045715 
15.129999999978077, -0.22346044103936663 
15.139999999978054, -0.22168977424776132 
15.14999999997803, -0.220437776494657 
15.159999999978007, -0.21955702820057232 
15.169999999977984, -0.21894948671295483 
15.17999999997796, -0.21855516222255306 
15.189999999977937, -0.2183431267633929 
15.199999999977914, -0.21830627241960782 
15.20999999997789, -0.21845977491659552 
15.219999999977867, -0.21884304542729427 
15.229999999977844, -0.21952497919980365 
15.23999999997782, -0.2206117895295451 
15.249999999977797, -0.22225448075702045 
15.259999999977774, -0.22464688720123474 
15.26999999997775, -0.2279930000415789 
15.279999999977727, -0.23240997655053747 
15.289999999977704, -0.23775573562760483 
15.29999999997768, -0.24348497579297557 
15.309999999977657, -0.2487684124794281 
15.319999999977634, -0.2529248931709852 
15.32999999997761, -0.2557652793871972 
15.339999999977588, -0.2575165696935391 
15.349999999977564, -0.25853279605116536 
15.359999999977541, -0.2591051578346159 
15.369999999977518, -0.2594204935112763 
15.379999999977494, -0.2595856130506241 
15.389999999977471, -0.25965902699440424 
15.399999999977448, -0.2596730094684236 
15.409999999977424, -0.25964643466898385 
15.419999999977401, -0.2595920724757568 
15.429999999977378, -0.25952117939661307 
15.439999999977355, -0.2594469305438807 
15.449999999977331, -0.2593871663956309 
15.459999999977308, -0.25936605997031287 
15.469999999977285, -0.2594137551776692 
15.479999999977261, -0.25956303012458176 
15.489999999977238, -0.25984262276941067 
15.499999999977215, -0.26026779966634883 
15.509999999977191, -0.260830215083755 
15.519999999977168, -0.2614914809884149 
15.529999999977145, -0.2621865152248708 
15.539999999977121, -0.2628393272028138 
15.549999999977098, -0.2633847665908946 
15.559999999977075, -0.26378371386339705 
15.569999999977052, -0.2640244071622705 
15.579999999977028, -0.2641131918069182 
15.589999999977005, -0.26406264695995085 
15.599999999976982, -0.2638823299405485 
15.609999999976958, -0.2635731338234677 
15.619999999976935, -0.263124260827853 
15.629999999976912, -0.26251210714079437 
15.639999999976888, -0.26170191128106135 
15.649999999976865, -0.2606549348676718 
15.659999999976842, -0.25934446827909113 
15.669999999976818, -0.25777960303684255 
15.679999999976795, -0.256025002558306 
15.689999999976772, -0.2541973439509296 
15.699999999976749, -0.25243145957547003 
15.709999999976725, -0.25083612661515536 
15.719999999976702, -0.2494682430435391 
15.729999999976679, -0.24833437536615038 
15.739999999976655, -0.2474079920888661 
15.749999999976632, -0.24664806374833512 
15.759999999976609, -0.2460122386012257 
15.769999999976585, -0.24546394945070266 
15.779999999976562, -0.2449750349331083 
15.789999999976539, -0.24452566057055267 
15.799999999976515, -0.2441029577183112 
15.809999999976492, -0.24369927604755004 
15.819999999976469, -0.24331032557832807 
15.829999999976446, -0.24293271297228528 
15.839999999976422, -0.24255917112076547 
15.849999999976399, -0.24216755299112966 
15.859999999976376, -0.24169598177285892 
15.869999999976352, -0.24099390826942546 
15.879999999976329, -0.23975118991620645 
15.889999999976306, -0.23746727921769056 
15.899999999976282, -0.23362278960236935 
15.90999999997626, -0.22813287696192813 
15.919999999976236, -0.22167598322712148 
15.929999999976213, -0.21534690456536368 
15.93999999997619, -0.20996674488099046 
15.949999999976166, -0.20580383876466968 
15.959999999976143, -0.20274666026986607 
15.96999999997612, -0.20055238299103045 
15.979999999976096, -0.19898702953880848 
15.989999999976073, -0.19787058051413164 
15.99999999997605, -0.19707857209862792 
16.009999999976028, -0.19653138962711117 
16.019999999976005, -0.19618359344794872 
16.02999999997598, -0.19601677248455537 
16.039999999975958, -0.19603644587375285 
16.049999999975935, -0.19627293062638304 
16.05999999997591, -0.19678618730180447 
16.069999999975888, -0.19767455938595913 
16.079999999975865, -0.1990859371221922 
16.08999999997584, -0.20122486642706394 
16.099999999975818, -0.20433637536455737 
16.109999999975795, -0.20862571575601474 
16.11999999997577, -0.21406862076384484 
16.129999999975748, -0.22016625137139134 
16.139999999975725, -0.22593614417115665 
16.1499999999757, -0.2304101850295675 
16.15999999997568, -0.23324228608358402 
16.169999999975655, -0.23473435088612407 
16.17999999997563, -0.23540305589615967 
16.18999999997561, -0.23565475507618988 
16.199999999975585, -0.23572181488424598 
16.20999999997556, -0.23571541298476334 
16.21999999997554, -0.23568344013974568 
16.229999999975515, -0.23564571151354413 
16.239999999975492, -0.23561136586422723 
16.24999999997547, -0.23558687221269334 
16.259999999975445, -0.23557997302210004 
16.269999999975422, -0.2356021896344834 
16.2799999999754, -0.23567093313141094 
16.289999999975375, -0.23581131306007225 
16.299999999975352, -0.23605704163309324 
16.30999999997533, -0.2364492672288431 
16.319999999975305, -0.23703172926690627 
16.329999999975282, -0.23784044724888292 
16.33999999997526, -0.23888713861421054 
16.349999999975235, -0.2401397836875078 
16.359999999975212, -0.24151168623659727 
16.36999999997519, -0.24287435083767397 
16.379999999975166, -0.24409649956560928 
16.389999999975142, -0.24508686784481265 
16.39999999997512, -0.2458124371523763 
16.409999999975096, -0.24628688691518774 
16.419999999975072, -0.2465462742450854 
16.42999999997505, -0.24662878856708131 
16.439999999975026, -0.24656394554582067 
16.449999999975002, -0.24636903706249386 
16.45999999997498, -0.2460494771420984 
16.469999999974956, -0.24560129694274888 
16.479999999974932, -0.24501580251103894 
16.48999999997491, -0.24428718336334104 
16.499999999974886, -0.24342279505670966 
16.509999999974863, -0.24245259576932554 
16.51999999997484, -0.24143106668738218 
16.529999999974816, -0.2404269305144659 
16.539999999974793, -0.23950437632117585 
16.54999999997477, -0.23870633599666138 
16.559999999974746, -0.23804777830831608 
16.569999999974723, -0.23751894317143388 
16.5799999999747, -0.23709375524444037 
16.589999999974676, -0.23673906218363125 
16.599999999974653, -0.23642221384163098 
16.60999999997463, -0.23611572565092676 
16.619999999974606, -0.2357986802722917 
16.629999999974583, -0.23545542403051414 
16.63999999997456, -0.23507256172189495 
16.649999999974536, -0.23463494940979568 
16.659999999974513, -0.23412057211678378 
16.66999999997449, -0.23349324276272582 
16.679999999974466, -0.23269127834039396 
16.689999999974443, -0.2316105758649465 
16.69999999997442, -0.23008485405649665 
16.709999999974396, -0.22788050909545374 
16.719999999974373, -0.22474943928295416 
16.72999999997435, -0.22058275814320286 
16.739999999974327, -0.21560078653354045 
16.749999999974303, -0.21036233717353517 
16.75999999997428, -0.20549599831212317 
16.769999999974257, -0.20140187145536906 
16.779999999974233, -0.19817891881690788 
16.78999999997421, -0.1957323872460702 
16.799999999974187, -0.19390046933940724 
16.809999999974163, -0.19252762074062732 
16.81999999997414, -0.1914908248300394 
16.829999999974117, -0.1907023379158999 
16.839999999974093, -0.19010463851335313 
16.84999999997407, -0.18966469803253233 
16.859999999974047, -0.18937012950913493 
16.869999999974024, -0.18922800209169208 
16.879999999974, -0.18926660817496344 
16.889999999973977, -0.1895402843287956 
16.899999999973954, -0.19013663755544527 
16.90999999997393, -0.1911825464564596 
16.919999999973907, -0.1928365336065589 
16.929999999973884, -0.19523590799961466 
16.93999999997386, -0.1983458145127241 
16.949999999973837, -0.20170302427790848 
16.959999999973814, -0.20429321403127684 
16.96999999997379, -0.20503965828339674 
16.979999999973767, -0.2037279616764493 
16.989999999973744, -0.2011756729042305 
16.99999999997372, -0.19841782283371373 
17.009999999973697, -0.1960597932291925 
17.019999999973674, -0.19426300355738924 
17.02999999997365, -0.19296878876492551 
17.039999999973627, -0.1920616145367891 
17.049999999973604, -0.19143741100359196 
17.05999999997358, -0.19102074319847434 
17.069999999973557, -0.19076367804307878 
17.079999999973534, -0.19064085943874043 
17.08999999997351, -0.19064567252168557 
17.099999999973488, -0.1907887259066082 
17.109999999973464, -0.1910987688901985 
17.11999999997344, -0.19162580751442213 
17.129999999973418, -0.19244568700881493 
17.139999999973394, -0.19366396123511292 
17.14999999997337, -0.1954133185740579 
17.159999999973348, -0.19783229321680723 
17.169999999973324, -0.2010070853323632 
17.1799999999733, -0.2048706801791847 
17.189999999973278, -0.20911133699700607 
17.199999999973254, -0.21321301556234612 
17.20999999997323, -0.21668010383992634 
17.219999999973208, -0.21927115553371426 
17.229999999973185, -0.2210289603075366 
17.23999999997316, -0.2221432789953394 
17.249999999973138, -0.222815550870107 
17.259999999973115, -0.22319980898609354 
17.26999999997309, -0.2233976316098826 
17.279999999973068, -0.22347153236093992 
17.289999999973045, -0.22345909430715247 
17.29999999997302, -0.22338340996361702 
17.309999999972998, -0.22326031460917117 
17.319999999972975, -0.22310374910298797 
17.32999999997295, -0.22293007286471042 
17.339999999972928, -0.22276125833151722 
17.349999999972905, -0.2226261151630034 
17.35999999997288, -0.22255852820569483 
17.36999999997286, -0.222592378930179 
17.379999999972835, -0.2227538559105287 
17.38999999997281, -0.22305262478336166 
17.39999999997279, -0.22347420300482285 
17.409999999972765, -0.22397740843529967 
17.41999999997274, -0.22450104308074148 
17.42999999997272, -0.22497967343890318 
17.439999999972695, -0.22536110261705966 
17.449999999972672, -0.2256159112145264 
17.45999999997265, -0.22573572258864072 
17.469999999972625, -0.22572447307382215 
17.479999999972602, -0.2255887957319659 
17.48999999997258, -0.2253308067874419 
17.499999999972555, -0.22494366319354783 
17.509999999972532, -0.22440933861097861 
17.51999999997251, -0.22369887325847393 
17.529999999972485, -0.22277702505082347 
17.539999999972462, -0.22161440893154224 
17.54999999997244, -0.22020799814239847 
17.559999999972415, -0.2186025198152421 
17.569999999972392, -0.216895626052364 
17.57999999997237, -0.21521421349198203 
17.589999999972346, -0.21367270252920417 
17.599999999972322, -0.21234094768640369 
17.6099999999723, -0.21123789231800544 
17.619999999972276, -0.21034466364501694 
17.629999999972252, -0.2096227516211436 
17.63999999997223, -0.20902845511299165 
17.649999999972206, -0.20852157691912687 
17.659999999972182, -0.20806933043212772 
17.66999999997216, -0.20764692629303533 
17.679999999972136, -0.20723612999355662 
17.689999999972112, -0.20682272608959945 
17.69999999997209, -0.2063932555874683 
17.709999999972066, -0.2059305821475319 
17.719999999972043, -0.2054067254265441 
17.72999999997202, -0.20476985012175059 
17.739999999971996, -0.2039207994754849 
17.749999999971973, -0.20267669076121178 
17.75999999997195, -0.20073635770059384 
17.769999999971926, -0.19770990423113974 
17.779999999971903, -0.19331480403920426 
17.78999999997188, -0.18770744022417446 
17.799999999971856, -0.18159599498475354 
17.809999999971833, -0.17586564477322197 
17.81999999997181, -0.171090351599614 
17.829999999971786, -0.16740534936565887 
17.839999999971763, -0.16467488833518248 
17.84999999997174, -0.16268111684109338 
17.859999999971716, -0.16122391936130503 
17.869999999971693, -0.16015102079221427 
17.87999999997167, -0.1593572286293087 
17.889999999971646, -0.15877535293513112 
17.899999999971623, -0.15836767332677615 
17.9099999999716, -0.15812053171155 
17.919999999971576, -0.15804253844190708 
17.929999999971553, -0.15816645818086378 
17.93999999997153, -0.15855476130141238 
17.949999999971507, -0.15930799722657907 
17.959999999971483, -0.16057150058359426 
17.96999999997146, -0.16252501640679068 
17.979999999971437, -0.16531615473065842 
17.989999999971413, -0.16887552100030093 
17.99999999997139, -0.1726231241841782 
18.009999999971367, -0.1753919775698657 
18.019999999971343, -0.17609158137632847 
18.02999999997132, -0.1746879846578586 
18.039999999971297, -0.1721540840120706 
18.049999999971273, -0.1695201241147222 
18.05999999997125, -0.1673175307984074 
18.069999999971227, -0.1656569772908995 
18.079999999971204, -0.1644646127877055 
18.08999999997118, -0.16362840172986587 
18.099999999971157, -0.16305335247347402 
18.109999999971134, -0.16267323287560823 
18.11999999997111, -0.16244821123317937 
18.129999999971087, -0.16236037673442782 
18.139999999971064, -0.16241093884095034 
18.14999999997104, -0.16262004521862666 
18.159999999971017, -0.16302936140846053 
18.169999999970994, -0.16370723905777823 
18.17999999997097, -0.16475548894389982 
18.189999999970947, -0.16631420625371512 
18.199999999970924, -0.16855477142027459 
18.2099999999709, -0.17164020973086325 
18.219999999970877, -0.17562641751622993 
18.229999999970854, -0.18031420057360897 
18.23999999997083, -0.18517277269648363 
18.249999999970807, -0.18951398405918068 
18.259999999970784, -0.19285688654124483 
18.26999999997076, -0.1951265747234345 
18.279999999970737, -0.1965343873438007 
18.289999999970714, -0.19735848350344617 
18.29999999997069, -0.19782110100068334 
18.309999999970668, -0.19806687825331895 
18.319999999970644, -0.19818164601626162 
18.32999999997062, -0.198214989324299 
18.339999999970598, -0.1981963810170387 
18.349999999970574, -0.19814527845451538 
18.35999999997055, -0.1980775551698137 
18.369999999970528, -0.19801005288691062 
18.379999999970504, -0.19796404437647003 
18.38999999997048, -0.19796750080445333 
18.399999999970458, -0.19805544289947116 
18.409999999970434, -0.19826746629281067 
18.41999999997041, -0.1986416774058498 
18.429999999970388, -0.1992045923446527 
18.439999999970365, -0.19995768565955893 
18.44999999997034, -0.2008647439679651 
18.459999999970318, -0.20184914129123874 
18.469999999970295, -0.20280967574048386 
18.47999999997027, -0.20365128225414475 
18.489999999970248, -0.20431234177856542 
18.499999999970225, -0.204772417884507 
18.5099999999702, -0.20504139712313982 
18.519999999970178, -0.2051424042238327 
18.529999999970155, -0.20509837338189624 
18.53999999997013, -0.2049248712949176 
18.549999999970108, -0.2046277195649803 
18.559999999970085, -0.20420368847797418 
18.56999999997006, -0.20364379334057756 
18.57999999997004, -0.20293978104988347 
18.589999999970015, -0.2020939963746921 
18.59999999996999, -0.20113007068543037 
18.60999999996997, -0.20009801913100805 
18.619999999969945, -0.1990672599991526 
18.62999999996992, -0.19810847520343802 
18.6399999999699, -0.1972742701889585 
18.649999999969875, -0.19658885672031362 
18.659999999969852, -0.19604887268720037 
18.66999999996983, -0.1956308949199977 
18.679999999969805, -0.19530075173352573 
18.689999999969782, -0.19502191377521086 
18.69999999996976, -0.19476158139728122 
18.709999999969735, -0.19449363913620496 
18.719999999969712, -0.19419841753745956 
18.72999999996969, -0.19386003113840694 
18.739999999969665, -0.19346225041228504 
18.749999999969642, -0.1929833158574323 
18.75999999996962, -0.1923892859579068 
18.769999999969595, -0.19162501703313478 
18.779999999969572, -0.1906026118378779 
18.78999999996955, -0.18919123248209696 
18.799999999969526, -0.18722256949836052 
18.809999999969502, -0.1845397490862588 
18.81999999996948, -0.18110679472648594 
18.829999999969456, -0.17712169746899925 
18.839999999969432, -0.17299896982424118 
18.84999999996941, -0.16918283515329205 
18.859999999969386, -0.1659541643452732 
18.869999999969362, -0.16338420707316115 
18.87999999996934, -0.16140558570653446 
18.889999999969316, -0.1598990211364925 
18.899999999969292, -0.1587463343969569 
18.90999999996927, -0.15785126772868072 
18.919999999969246, -0.15714299582292812 
18.929999999969223, -0.156573133650094 
18.9399999999692, -0.15611147940555176 
18.949999999969176, -0.155742507191838 
18.959999999969153, -0.15546315869664903 
18.96999999996913, -0.15528173249470234 
18.979999999969106, -0.1552167981664198 
18.989999999969083, -0.15529306052672173 
18.99999999996906, -0.15552629438662655 
19.009999999969036, -0.15588023313278945 
19.019999999969013, -0.15617040122376818 
19.02999999996899, -0.15592135078099914 
19.039999999968966, -0.15433499361231504 
19.049999999968943, -0.15070467871804277 
19.05999999996892, -0.14519153219385295 
19.069999999968896, -0.13895546141738363 
19.079999999968873, -0.13326318202475523 
19.08999999996885, -0.12874145358703598 
19.099999999968826, -0.12541512821674275 
19.109999999968803, -0.12304962963143733 
19.11999999996878, -0.12138215144849245 
19.129999999968756, -0.12020449828124116 
19.139999999968733, -0.11937290001251115 
19.14999999996871, -0.11879619009894729 
19.159999999968687, -0.11842265239125489 
19.169999999968663, -0.11823112138417158 
19.17999999996864, -0.11822713679410668 
19.189999999968617, -0.11844403416871771 
19.199999999968593, -0.11894900319923411 
19.20999999996857, -0.11985394222926511 
19.219999999968547, -0.1213284567060908 
19.229999999968523, -0.12360311714751115 
19.2399999999685, -0.1269271980939568 
19.249999999968477, -0.1314085116849106 
19.259999999968453, -0.13668763676357074 
19.26999999996843, -0.14167941724786398 
19.279999999968407, -0.14500102112172586 
19.289999999968384, -0.14605891675838437 
19.29999999996836, -0.14543188705459076 
19.309999999968337, -0.14410261244969608 
19.319999999968314, -0.14274176574377478 
19.32999999996829, -0.141616484799213 
19.339999999968267, -0.1407673018836078 
19.349999999968244, -0.1401546859332744 
19.35999999996822, -0.13972756299619296 
19.369999999968197, -0.1394461872590163 
19.379999999968174, -0.13928692793531636 
19.38999999996815, -0.13924203957069137 
19.399999999968127, -0.13931936751473867 
19.409999999968104, -0.1395436651572151 
19.41999999996808, -0.13996005818299134 
19.429999999968057, -0.1406396210245459 
19.439999999968034, -0.14168597282250395 
19.44999999996801, -0.14323887485341885 
19.459999999967987, -0.14546402471065192 
19.469999999967964, -0.14850757411472185 
19.47999999996794, -0.15239220422920788 
19.489999999967917, -0.1568778452463958 
19.499999999967894, -0.1614206440268316 
19.50999999996787, -0.1653817664920177 
19.519999999967848, -0.16836740170364523 
19.529999999967824, -0.17036259655462344 
19.5399999999678, -0.17158628667652207 
19.549999999967778, -0.1722948571468874 
19.559999999967754, -0.17268564827609129 
19.56999999996773, -0.17288556115877718 
19.579999999967708, -0.17297006485371533 
19.589999999967684, -0.17298342957296958 
19.59999999996766, -0.17295295734002308 
19.609999999967638, -0.1728980406491813 
19.619999999967614, -0.17283615418815262 
19.62999999996759, -0.17278722558896162 
19.639999999967568, -0.1727768931647633 
19.649999999967545, -0.1728383635973702 
19.65999999996752, -0.17301209526786382 
19.669999999967498, -0.17334235554676183 
19.679999999967475, -0.17386960564701143 
19.68999999996745, -0.17461780805498175 
19.699999999967428, -0.1755777095009124 
19.709999999967405, -0.1766928587778534 
19.71999999996738, -0.1778613936415833 
19.729999999967358, -0.178962231074482 
19.739999999967335, -0.1798946088171992 
19.74999999996731, -0.1806051266953536 
19.759999999967288, -0.18108780954072462 
19.769999999967265, -0.18136579799364166 
19.77999999996724, -0.18147125712452147 
19.78999999996722, -0.18143247564296938 
19.799999999967195, -0.181268506894718 
19.80999999996717, -0.18098866336536495 
19.81999999996715, -0.18059485037842304 
19.829999999967125, -0.1800861503608794 
19.8399999999671, -0.17946565446557738 
19.84999999996708, -0.17874854288467357 
19.859999999967055, -0.17796807042128082 
19.869999999967032, -0.1771746876831303 
19.87999999996701, -0.176426246347183 
19.889999999966985, -0.175773390049858 
19.899999999966962, -0.17524766605080297 
19.90999999996694, -0.17485690279046098 
19.919999999966915, -0.17458720341928613 
19.929999999966892, -0.17440882685759754 
19.93999999996687, -0.1742839150844095 
19.949999999966845, -0.1741744403085665 
19.959999999966822, -0.17404829708629066 
19.9699999999668, -0.17388176798370175 
19.979999999966775, -0.1736581585589137 
19.989999999966752, -0.1733638462053663 
19.99999999996673, -0.1729831786922576 
20.009999999966706, -0.1724929254511219 
20.019999999966682, -0.17185634724533547 
20.02999999996666, -0.17101731185833455 
20.039999999966636, -0.1698971306631713 
20.049999999966612, -0.1684015367875878 
20.05999999996659, -0.16644979394997958 
20.069999999966566, -0.16403082335886762 
20.079999999966542, -0.16125927457722344 
20.08999999996652, -0.1583719709691049 
20.099999999966496, -0.1556397573169635 
20.109999999966472, -0.15325929191662183 
20.11999999996645, -0.15130725814765764 
20.129999999966426, -0.14976424905272578 
20.139999999966403, -0.14856254065184007 
20.14999999996638, -0.1476231044408291 
20.159999999966356, -0.14687466534956856 
20.169999999966333, -0.14626028010974063 
20.17999999996631, -0.14573761515494393 
20.189999999966286, -0.14527664068117913 
20.199999999966263, -0.14485649613316437 
20.20999999996624, -0.14446211726552713 
20.219999999966216, -0.1440803471725002 
20.229999999966193, -0.14369420831665422 
20.23999999996617, -0.143272319148601 
20.249999999966146, -0.14274781436510922 
20.259999999966123, -0.1419792436098148 
20.2699999999661, -0.14069436391190054 
20.279999999966076, -0.13846122785820866 
20.289999999966053, -0.13481521950696368 
20.29999999996603, -0.12963987497653046 
20.309999999966006, -0.12350822158579267 
20.319999999965983, -0.11744006308096462 
20.32999999996596, -0.11224949918667892 
20.339999999965936, -0.10822193442770056 
20.349999999965913, -0.10525736108187052 
20.35999999996589, -0.10311820044599736 
20.369999999965867, -0.10157374379099264 
20.379999999965843, -0.10044659831487504 
20.38999999996582, -0.09961404448219884 
20.399999999965797, -0.09899690307388456 
20.409999999965773, -0.09854852103675597 
20.41999999996575, -0.09824723739425413 
20.429999999965727, -0.09809262889664726 
20.439999999965703, -0.0981050710626965 
20.44999999996568, -0.09832768014849144 
20.459999999965657, -0.0988279713031242 
20.469999999965633, -0.09969093406462166 
20.47999999996561, -0.10098113143129359 
20.489999999965587, -0.10262883368064331 
20.499999999965564, -0.10420527277012157 
20.50999999996554, -0.10473747458884572 
20.519999999965517, -0.10308099100847437 
20.529999999965494, -0.09900685415727574 
20.53999999996547, -0.09365647191280448 
20.549999999965447, -0.0885073931721311 
20.559999999965424, -0.08435579116961796 
20.5699999999654, -0.08130205191831086 
20.579999999965377, -0.07914204118310283 
20.589999999965354, -0.07763025353890746 
20.59999999996533, -0.0765718912214749 
20.609999999965307, -0.07583426521657857 
20.619999999965284, -0.0753354289723082 
20.62999999996526, -0.07503171094405316 
20.639999999965237, -0.07490981075453398 
20.649999999965214, -0.07498426066068094 
20.65999999996519, -0.07530022880508666 
20.669999999965167, -0.07594172753563051 
20.679999999965144, -0.07704441379169914 
20.68999999996512, -0.07880709977521533 
20.699999999965097, -0.08147947639257698 
20.709999999965074, -0.08526617085894969 
20.71999999996505, -0.09005528509414437 
20.729999999965028, -0.09502280314638371 
20.739999999965004, -0.09866942234450388 
20.74999999996498, -0.09987318169039662 
20.759999999964958, -0.09890287498697958 
20.769999999964934, -0.09691418312225439 
20.77999999996491, -0.0948658561168586 
20.789999999964888, -0.0931727961404812 
20.799999999964864, -0.09189942950709983 
20.80999999996484, -0.09098128727329878 
20.819999999964818, -0.09033530434246459 
20.829999999964794, -0.08989609780594605 
20.83999999996477, -0.08962248548256267 
20.849999999964748, -0.08949592275455717 
20.859999999964725, -0.089518851016147 
20.8699999999647, -0.08971555840376734 
20.879999999964678, -0.09013653208021874 
20.889999999964655, -0.09086683999696799 
20.89999999996463, -0.09203820251555678 
20.909999999964608, -0.09384079687334675 
20.919999999964585, -0.09651988809937953 
20.92999999996456, -0.1003190296127773 
20.939999999964538, -0.10531046864577091 
20.949999999964515, -0.111120306245338 
20.95999999996449, -0.11681404206264542 
20.969999999964468, -0.12133043952044582 
20.979999999964445, -0.12418998779753294 
20.98999999996442, -0.1256409736665967 
20.9999999999644, -0.12621789931415534 
21.009999999964375, -0.12635974316298207 
21.01999999996435, -0.12632092873820266 
21.02999999996433, -0.12622375684490442 
21.039999999964305, -0.126121382378989 
21.04999999996428, -0.1260368730655085 
21.05999999996426, -0.12598290051056987 
21.069999999964235, -0.12597123276287764 
21.079999999964212, -0.12601791252555167 
21.08999999996419, -0.1261470745015331 
21.099999999964165, -0.12639467150408862 
21.109999999964142, -0.12681236959163353 
21.11999999996412, -0.12747089311554918 
21.129999999964095, -0.12846041611682785 
21.139999999964072, -0.12988237458663382 
21.14999999996405, -0.13182280418452716 
21.159999999964025, -0.13429829071983407 
21.169999999964002, -0.13718713920298595 
21.17999999996398, -0.1402036695058237 
21.189999999963955, -0.14298340942096513 
21.199999999963932, -0.145246507477252 
21.20999999996391, -0.1468999516081405 
21.219999999963886, -0.1480078336231629 
21.229999999963862, -0.14869916932124977 
21.23999999996384, -0.1490986279414946 
21.249999999963816, -0.1493003962240118 
21.259999999963792, -0.14936784686134283 
21.26999999996377, -0.149341631051744 
21.279999999963746, -0.14924822826500925 
21.289999999963722, -0.14910698494198066 
21.2999999999637, -0.14893578641001137 
21.309999999963676, -0.14875563574662123 
21.319999999963652, -0.1485938267359824 
21.32999999996363, -0.14848488021960357 
21.339999999963606, -0.14846849959688863 
21.349999999963583, -0.14858443094967116 
21.35999999996356, -0.1488645800707657 
21.369999999963536, -0.14932286184604696 
21.379999999963513, -0.1499444453620504 
21.38999999996349, -0.1506795051398317 
21.399999999963466, -0.15144914851128136 
21.409999999963443, -0.15216606769536759 
21.41999999996342, -0.1527602062730357 
21.429999999963396, -0.15319392157128547 
21.439999999963373, -0.15346023394284639 
21.44999999996335, -0.15357057758851567 
21.459999999963326, -0.15354179229882334 
21.469999999963303, -0.1533874787363811 
21.47999999996328, -0.15311412694706159 
21.489999999963256, -0.1527208534834094 
21.499999999963233, -0.15220210569919795 
21.50999999996321, -0.15155349959972061 
21.519999999963186, -0.1507806119595704 
21.529999999963163, -0.14990821634497498 
21.53999999996314, -0.1489843180857024 
21.549999999963116, -0.14807358107668697 
21.559999999963093, -0.1472412135075366 
21.56999999996307, -0.1465359279176845 
21.579999999963047, -0.1459805800111929 
21.589999999963023, -0.14557215844938992 
21.599999999963, -0.1452874729873288 
21.609999999962977, -0.14509088931001662 
21.619999999962953, -0.144942353193476 
21.62999999996293, -0.14480445481436663 
21.639999999962907, -0.14464692515341762 
21.649999999962883, -0.14444749787539446 
21.65999999996286, -0.1441894934777909 
21.669999999962837, -0.14385742376173813 
21.679999999962813, -0.14343175076111842 
21.68999999996279, -0.1428832754913032 
21.699999999962767, -0.1421674620097589 
21.709999999962744, -0.141220221032408 
21.71999999996272, -0.13996004377173793 
21.729999999962697, -0.13830600705578064 
21.739999999962674, -0.13622011856501975 
21.74999999996265, -0.13376248772160745 
21.759999999962627, -0.13111360393550445 
21.769999999962604, -0.1285210158222092 
21.77999999996258, -0.12619860020465787 
21.789999999962557, -0.12425843511376873 
21.799999999962534, -0.12271144322326928 
21.80999999996251, -0.12150704732508208 
21.819999999962487, -0.12057239785113831 
21.829999999962464, -0.11983590131807434 
21.83999999996244, -0.11923716197475728 
21.849999999962417, -0.11872920641186539 
21.859999999962394, -0.11827707365715394 
21.86999999996237, -0.11785481391914335 
21.879999999962347, -0.11744170758628196 
21.889999999962324, -0.11701767663985829 
21.8999999999623, -0.11655696783216962 
21.909999999962277, -0.11601800366424228 
21.919999999962254, -0.11532598133997211 
21.92999999996223, -0.11434517713519192 
21.939999999962208, -0.11284683956996903 
21.949999999962184, -0.11050922220553465 
21.95999999996216, -0.10703145173352475 
21.969999999962138, -0.10239926336705393 
21.979999999962114, -0.09709068034539517 
21.98999999996209, -0.09188620279392211 
21.999999999962068, -0.08741129177660781 
22.009999999962044, -0.08389785112147381 
22.01999999996202, -0.0812759468896834 
22.029999999961998, -0.07935703688171386 
22.039999999961974, -0.07794997378796854 
22.04999999996195, -0.07690278069396438 
22.059999999961928, -0.07610685338904202 
22.069999999961905, -0.07548916182978287 
22.07999999996188, -0.07500321791358508 
22.089999999961858, -0.07462194522753327 
22.099999999961835, -0.0743326962039407 
22.10999999996181, -0.07413354870763675 
22.119999999961788, -0.07402892378310348 
22.129999999961765, -0.0740201226593793 
22.13999999996174, -0.07408097334810354 
22.149999999961718, -0.07410041076961263 
22.159999999961695, -0.0737755735240697 
22.16999999996167, -0.07250397489285867 
22.179999999961648, -0.06950784127123295 
22.189999999961625, -0.06445152283121665 
22.1999999999616, -0.05806120504707492 
22.20999999996158, -0.05171694423136743 
22.219999999961555, -0.04642680855161978 
22.22999999996153, -0.04245626806023181 
22.23999999996151, -0.03962212040573357 
22.249999999961485, -0.037627434441010923 
22.25999999996146, -0.03621504773464369 
22.26999999996144, -0.03520071042246444 
22.279999999961415, -0.0344634256812754 
22.289999999961392, -0.033928685539762284 
22.29999999996137, -0.03355522191998965 
22.309999999961345, -0.03332681380172074 
22.319999999961322, -0.0332483024251675 
22.3299999999613, -0.033344274144216604 
22.339999999961275, -0.03365737601982112 
22.349999999961252, -0.03423831517427449 
22.35999999996123, -0.03510717833290626 
22.369999999961205, -0.03614560204141885 
22.379999999961182, -0.03688899017920048 
22.38999999996116, -0.036365758513198225 
22.399999999961135, -0.03350129563471137 
22.409999999961112, -0.02824120162185032 
22.41999999996109, -0.021947269503590515 
22.429999999961066, -0.016194297749726035 
22.439999999961042, -0.011716149241258984 
22.44999999996102, -0.008500935079264369 
22.459999999960996, -0.00625952853911473 
22.469999999960972, -0.004698737950573003 
22.47999999996095, -0.003600149857530148 
22.489999999960926, -0.0028194582232582742 
22.499999999960902, -0.0022681123626754262 
22.50999999996088, -0.0018971768986782874 
22.519999999960856, -0.0016871477459551182 
22.529999999960832, -0.0016431152563386644 
22.53999999996081, -0.0017937157052880005 
22.549999999960786, -0.0021910150137749544 
22.559999999960763, -0.002903679084601829 
22.56999999996074, -0.003982393722736273 
22.579999999960716, -0.005351238469671782 
22.589999999960693, -0.006575584128919206 
22.59999999996067, -0.0066347520540075075 
22.609999999960646, -0.004284799769408533 
22.619999999960623, 0.000633230445963222 
22.6299999999606, 0.0063866734785606935 
22.639999999960576, 0.011664930763045249 
22.649999999960553, 0.015669200300033936 
22.65999999996053, 0.01840429900888335 
22.669999999960506, 0.02016699449349966 
22.679999999960483, 0.021255465637662705 
22.68999999996046, 0.021889323679493485 
22.699999999960436, 0.02221225219071239 
22.709999999960413, 0.022311735527229738 
22.71999999996039, 0.022235855861258872 
22.729999999960366, 0.02200385039797822 
22.739999999960343, 0.021611462104407703 
22.74999999996032, 0.021033223536165276 
22.759999999960296, 0.0202257610718197 
22.769999999960273, 0.019142545176694798 
22.77999999996025, 0.01778607680797104 
22.789999999960227, 0.016345196312067458 
22.799999999960203, 0.015432262334222475 
22.80999999996018, 0.01616941713841119 
22.819999999960157, 0.01950588214963122 
22.829999999960133, 0.025002443408578982 
22.83999999996011, 0.030961771204852447 
22.849999999960087, 0.03595732137226486 
22.859999999960063, 0.039556325322791346 
22.86999999996004, 0.04194372635597305 
22.879999999960017, 0.043454446711172975 
22.889999999959993, 0.04437275901247147 
22.89999999995997, 0.0448961429769609 
22.909999999959947, 0.045150806628974666 
22.919999999959924, 0.04521312867524822 
22.9299999999599, 0.04512569953237906 
22.939999999959877, 0.04490754699822132 
22.949999999959854, 0.04456078737835681 
22.95999999995983, 0.04407732667098837 
22.969999999959807, 0.04345271427348874 
22.979999999959784, 0.04272261148552882 
22.98999999995976, 0.04204934369053666 
22.999999999959737, 0.04187287244242831 
23.009999999959714, 0.04300365514965683 
23.01999999995969, 0.04626074876839022 
23.029999999959667, 0.051546724869378224 
23.039999999959644, 0.057548124208996534 
23.04999999995962, 0.06282294187401785 
23.059999999959597, 0.06674783057602315 
23.069999999959574, 0.0693995656581697 
23.07999999995955, 0.07109689288198195 
23.089999999959527, 0.07214343317398164 
23.099999999959504, 0.07276081531821157 
23.10999999995948, 0.07309588503182571 
23.119999999959457, 0.07324235050865426 
23.129999999959434, 0.07325928339281916 
23.13999999995941, 0.07318442282627091 
23.149999999959388, 0.07304439689954148 
23.159999999959364, 0.07286531938303445 
23.16999999995934, 0.07268899283801396 
23.179999999959318, 0.07260282793916437 
23.189999999959294, 0.07279153881320087 
23.19999999995927, 0.07359730289763437 
23.209999999959248, 0.07549866710219813 
23.219999999959224, 0.07883871009624352 
23.2299999999592, 0.08336485271831741 
23.239999999959178, 0.08817946466371107 
23.249999999959154, 0.09236364270890668 
23.25999999995913, 0.09550538944156539 
23.269999999959108, 0.0976508573440336 
23.279999999959085, 0.09902841043446972 
23.28999999995906, 0.09987033383992597 
23.299999999959038, 0.1003559955915528 
23.309999999959015, 0.10061109572974718 
23.31999999995899, 0.1007213794215521 
23.329999999958968, 0.10074626986684454 
23.339999999958945, 0.10072982476677601 
23.34999999995892, 0.10071002030457574 
23.359999999958898, 0.10072816640479124 
23.369999999958875, 0.10084029027282027 
23.37999999995885, 0.1011312601296462 
23.389999999958828, 0.10172763022160744 
23.399999999958805, 0.10279259952750439 
23.40999999995878, 0.10447076027194427 
23.41999999995876, 0.10676871637447449 
23.429999999958735, 0.1094536433187598 
23.43999999995871, 0.11211816512761744 
23.44999999995869, 0.11439620867120455 
23.459999999958665, 0.116116474324744 
23.46999999995864, 0.11728825516876928 
23.47999999995862, 0.11800971036499919 
23.489999999958595, 0.1183961949023635 
23.499999999958572, 0.11854925447805928 
23.50999999995855, 0.11855005380991993 
23.519999999958525, 0.11846155822424964 
23.529999999958502, 0.11833239412588184 
23.53999999995848, 0.11820075061669115 
23.549999999958455, 0.1180984897475286 
23.559999999958432, 0.11805560649340419 
23.56999999995841, 0.11810460497537392 
23.579999999958385, 0.11828351766248117 
23.589999999958362, 0.11863493579090538 
23.59999999995834, 0.11919695734515919 
23.609999999958315, 0.11998319143319099 
23.619999999958292, 0.12095755347481038 
23.62999999995827, 0.12202331328005289 
23.639999999958246, 0.1230457217981693 
23.649999999958222, 0.12389968579549934 
23.6599999999582, 0.12450786416270417 
23.669999999958176, 0.12484722131342581 
23.679999999958152, 0.12493336830416868 
23.68999999995813, 0.12480264155799843 
23.699999999958106, 0.12450168722939199 
23.709999999958082, 0.12408298349012085 
23.71999999995806, 0.12360110582770194 
23.729999999958036, 0.12310711030933703 
23.739999999958012, 0.12264261404789725 
23.74999999995799, 0.12223673867441039 
23.759999999957966, 0.12190714553658262 
23.769999999957943, 0.12166363665106512 
23.77999999995792, 0.12151172978265692 
23.789999999957896, 0.12145419072293888 
23.799999999957873, 0.12148957116535922 
23.80999999995785, 0.12160796360539383 
23.819999999957826, 0.12178576268627528 
23.829999999957803, 0.12198287339587385 
23.83999999995778, 0.12214565962440302 
23.849999999957756, 0.12221548171998972 
23.859999999957733, 0.12213834725792679 
23.86999999995771, 0.12187099452662964 
23.879999999957686, 0.12138343078668075 
23.889999999957663, 0.12066248026689816 
23.89999999995764, 0.11972022409699493 
23.909999999957616, 0.11860443245114169 
23.919999999957593, 0.11739980105708145 
23.92999999995757, 0.11620978551133099 
23.939999999957546, 0.11512483921183472 
23.949999999957523, 0.11419788375354475 
23.9599999999575, 0.11344120569758602 
23.969999999957476, 0.11283966542752055 
23.979999999957453, 0.11236658792135581 
23.98999999995743, 0.1119939659304628 
23.999999999957407, 0.1116959684583813 
24.009999999957383, 0.11144795445397901 
24.01999999995736, 0.11122333534995052 
24.029999999957337, 0.11098999237934334 
24.039999999957313, 0.11070736618231161 
24.04999999995729, 0.11032465724970106 
24.059999999957267, 0.1097798577916755 
24.069999999957243, 0.10899951922812963 
24.07999999995722, 0.10790163221212587 
24.089999999957197, 0.10640891927678316 
24.099999999957173, 0.10448301448771269 
24.10999999995715, 0.10217907115988518 
24.119999999957127, 0.09968451324196649 
24.129999999957104, 0.09727858704974274 
24.13999999995708, 0.09520844944130202 
24.149999999957057, 0.0935843128148718 
24.159999999957034, 0.09237906947701817 
24.16999999995701, 0.09149714523941518 
24.179999999956987, 0.09083649567075604 
24.189999999956964, 0.090315502657194 
24.19999999995694, 0.08987529296809463 
24.209999999956917, 0.08947270166236695 
24.219999999956894, 0.08907176566650753 
24.22999999995687, 0.08863600217742652 
24.239999999956847, 0.08812138089049412 
24.249999999956824, 0.08746923968770456 
24.2599999999568, 0.08659842045906631 
24.269999999956777, 0.08539692127777113 
24.279999999956754, 0.08371733049403339 
24.28999999995673, 0.08139056513609885 
24.299999999956707, 0.07828801615955008 
24.309999999956684, 0.07445688346211328 
24.31999999995666, 0.07026328390112405 
24.329999999956637, 0.06633417125974315 
24.339999999956614, 0.06321022760371564 
24.34999999995659, 0.061044986470051146 
24.359999999956568, 0.059659608020272294 
24.369999999956544, 0.058778430061137865 
24.37999999995652, 0.05817849254571224 
24.389999999956498, 0.05771825486743678 
24.399999999956474, 0.05731572625454101 
24.40999999995645, 0.056921923773182836 
24.419999999956428, 0.05650188866354163 
24.429999999956404, 0.05602220883725897 
24.43999999995638, 0.055441675183997674 
24.449999999956358, 0.05470225634046144 
24.459999999956334, 0.05371838276552508 
24.46999999995631, 0.05236372789717471 
24.479999999956288, 0.050458462175435516 
24.489999999956265, 0.04777155319351815 
24.49999999995624, 0.04407788740388975 
24.509999999956218, 0.039330593856946774 
24.519999999956195, 0.03392507624564839 
24.52999999995617, 0.028754846387557736 
24.539999999956148, 0.024724162695719455 
24.549999999956125, 0.022134736364669512 
24.5599999999561, 0.020687717026351686 
24.569999999956078, 0.019915327369512285 
24.579999999956055, 0.01946540472330934 
24.58999999995603, 0.01914007920829222 
24.599999999956008, 0.01884273100208409 
24.609999999955985, 0.018527137947233745 
24.61999999995596, 0.018166962137257207 
24.62999999995594, 0.017739418271657176 
24.639999999955915, 0.017215587479637532 
24.64999999995589, 0.016552548547376703 
24.65999999995587, 0.0156844645538398 
24.669999999955845, 0.014510952111643638 
24.67999999995582, 0.01288292928668609 
24.6899999999558, 0.010592056780811968 
24.699999999955775, 0.007386279751462369 
24.709999999955752, 0.0030636042827524466 
24.71999999995573, -0.0021212343492598516 
24.729999999955705, -0.0074787248383006415 
24.739999999955682, -0.012223950590785435 
24.74999999995566, -0.0155465725885186 
24.759999999955635, -0.017372421265852162 
24.769999999955612, -0.01814115217584985 
24.77999999995559, -0.018338178662324026 
24.789999999955565, -0.018284159807907336 
24.799999999955542, -0.018145529279782788 
24.80999999995552, -0.01799893808257118 
24.819999999955495, -0.01787963243878371 
24.829999999955472, -0.017807997065007814 
24.83999999995545, -0.017803159966155502 
24.849999999955426, -0.017890992144909086 
24.859999999955402, -0.018110710957479535 
24.86999999995538, -0.018522391415906347 
24.879999999955356, -0.01921655372077093 
24.889999999955332, -0.020325309389737874 
24.89999999995531, -0.022029719896724996 
24.909999999955286, -0.02454560578103901 
24.919999999955262, -0.028049112365499 
24.92999999995524, -0.032502635482485775 
24.939999999955216, -0.03744910566886932 
24.949999999955192, -0.04205492541802749 
24.95999999995517, -0.045574541237003226 
24.969999999955146, -0.04779739998817407 
24.979999999955123, -0.04898518025471621 
24.9899999999551, -0.049527473912133864 
24.999999999955076, -0.04972590869373755 
